category1,category2,category3,goodsKey,ASIN,goodsName,brand,originalPrice,discountedPrice,ratingAvg,ratingCount,goodsInfo,goodsDesc,KeyWords
사무용품,라벨 및 스티커,다목적 라벨,,B000GOWKOE,"MACO 화이트 사각형 다목적 라벨, 3/8 x 5/8 인치, 박스 당 1000 (MS-610)",Maco,8185,8185,4.3,30.0,"3/8 x 5/8 인치 라벨, 박스 당 1000 라벨 다양한 용도로 완벽한 라벨. 주소 지정, 업데이트, 정리 및 표시 등에 적합합니다. 탈착식 접착제는 단단히 고정되지만 쉽게 벗겨집니다. 가정, 학교 또는 사무실에서 사용하기에 이상적입니다.","MACO White Rectangular Multi-Purpose Labels are perfect for a variety of uses including updating, organizing, marking, and more. The removable adhesive holds firmly, yet peels off easily. Proudly made in the USA. Label size: 3/8 x 5/8 inches. 1000 labels per box. MACO has been providing quality products to the business community since 1916. Their office products truly offer a blank canvas for creative business solutions.","['라벨', '박스', '화이트', '학교', '고정', '단단하다', '다목적', '사각형', '사무실', '업데이트']"
사무용품,라벨 및 스티커,다목적 라벨,,B0083FX8EE,"Avery 다용도 라벨, 제거 가능, 다양한 네온, 2.625인치, 360팩 (6479)",AVERY,27104,18960,4.6,157.0,밝은 네온 색상으로 필요한 것을 빠르게 찾을 수 있습니다 라벨은 붙어서 그대로 유지되지만 필요한 경우 깨끗하게 제거됩니다 네온 마젠타 옐로우 그린과 블루 라벨 포함 레이저 및 잉크젯 프린터와 호환 가능,"필요한 것을 순식간에 찾을 수 있도록 도와주는 탈착식 네온 라벨로 색상 코딩과 구성을 완전히 새로운 차원으로 끌어올리세요. 이 라벨은 작업이 완료되면 붙어 있고 깨끗하게 제거되므로 정보를 쉽게 업데이트할 수 있습니다. 종이, 판지, 플라스틱, 목재, 유리 및 금속을 포함한 거의 모든 매끄러운 표면에 부착됩니다. 오래된 라벨을 제거하기 위해 더 이상 문지르거나 긁지 않아도 되므로 끊임없이 변화하는 요구 사항이 있는 프로젝트에 적합합니다. Avery 사이트에서 무료 소프트웨어와 미리 디자인된 템플릿으로 자신만의 독특한 라벨을 만드세요. 조직 요구 사항과 함께 선물, 패키지, 제안 등에 맞게 맞춤 설정할 수도 있습니다. 이 탈착식 라벨은 확실히 밝은 아이디어입니다.","['라벨', '네온', '제거', '깨끗하다', '탈착', '요구']"
사무용품,라벨 및 스티커,다목적 라벨,,B07CQFBHD9,"DYMO Authentic LabelWriter LabelWriter 라벨 프린터용 다목적 라벨, 화이트, 2.5 x 5.4cm(1 x 2-1/8인치) (30336), 500개 6롤",DYMO,83086,83086,4.7,1312.0,500개의 라벨 6롤 포함(각 2.5cm x 5.7cm(1인치 x 2 1/8인치)) DYMO LabelWriter 라벨 프린터로 완벽한 다목적 라벨을 빠르게 만들 수 있습니다 직접 열 인쇄 기술은 값비싼 잉크나 토너를 사용하지 않습니다 강력한 자체 접착 뒷면 롤에 포장되어 라벨 하나나 수백 개를 쉽게 인쇄할 수 있습니다. 라벨 낭비가 없습니다,DY LW 2.5cm X 5.4cm 화이트 멀티 500CT 6팩,"['라벨', '롤', '화이트', '다목적', '인쇄', '프린터', '수백', '낭비', '멀티', '비싸다']"
사무용품,라벨 및 스티커,다목적 라벨,,B008OTCWWI,"Avery 다용도 라벨, 탈착식, 다양한 네온, 5.1 x 10.2cm(2 x 4인치), 120개 팩 (6481)",AVERY,26190,17644,4.6,227.0,밝은 네온 색상으로 필요한 것을 순식간에 찾을 수 있습니다 라벨은 붙어 있고 그대로 유지되지만 필요할 때 깨끗하게 제거하십시오 마젠타 옐로우 및 그린 라벨 포함 레이저 및 잉크젯 프린터와 호환됩니다,"이제 필요한 것을 순식간에 찾을 수 있도록 도와주는 탈착식 네온 라벨로 색상 코딩과 구성을 완전히 새로운 차원으로 끌어올릴 수 있습니다. 이 라벨은 작업이 완료되면 붙어 있고 깨끗하게 제거되므로 정보를 쉽게 업데이트할 수 있습니다. 종이, 판지, 플라스틱, 목재, 유리 및 금속을 포함한 거의 모든 매끄러운 표면에 부착됩니다. 오래된 라벨을 제거하기 위해 더 이상 문지르거나 긁지 않아도 되므로 끊임없이 변화하는 요구 사항이 있는 프로젝트에 적합합니다. Avery 사이트에서 무료 소프트웨어와 미리 디자인된 템플릿으로 자신만의 독특한 라벨을 만드세요. 조직 요구 사항과 함께 선물, 패키지, 제안 등에 맞게 맞춤 설정할 수도 있습니다. 이 탈착식 라벨은 확실히 밝은 아이디어입니다.","['라벨', '네온', '탈착', '제거', '순식간', '깨끗하다', '요구']"
사무용품,라벨 및 스티커,다목적 라벨,,B0CKLGSJKF,"정품 P21 라벨 메이커 테이프, 적응 라벨 인쇄 용지, 14x40mm(0.55x1.57인치), 표준 라미네이트 사무실 라벨링 테이프 교체품, P21 다용도, 테이프/롤 180개, 3롤, 화이트",Nelko,22146,22146,4.7,173.0,"【P21 라벨 메이커 테이프】이 열 라벨 테이프는 Nelko P21 프린터에 특별히 적합합니다. 총 3롤 라벨 용지가 있으며, 크기는 14x40mm(0.55x1.57인치), 라벨/롤 180개, 롤 3개가 있습니다. 녹색 스티커를 찢거나 파손하지 마십시오. 그렇지 않으면 인쇄 효과에 영향을 줄 수 있습니다. 【공지】녹색 라벨 스트립에는 스마트 칩이 포함되어 있으므로 라벨 스트립 뒷면의 녹색 라벨을 찢지 마십시오. 스마트 칩은 라벨 제조업체가 테이프의 크기를 자동으로 인식하고 올바른 정렬을 보장하는 데 도움이 됩니다. 녹색 스티커를 찢거나 파손하지 마십시오. 그렇지 않으면 인쇄 효과에 영향을 줄 수 있습니다. 【호환】라벨링을 위해 Nelko P21 휴대용 라벨 메이커와 호환됩니다. 라벨 인쇄 소모품을 구입할 때 기계 판매자가 적절하거나 권장하는 소모품을 선택하여 훌륭한 인쇄 효과를 얻으십시오. 【비용 절약 및 BPA 프리】롤에 포장하여 필요에 따라 원하는 수의 라벨을 인쇄할 수 있습니다. 폐기물 라벨 없음. 열 인쇄 기술로 잉크 비용을 절감하십시오. 이 라벨 용지는 환경 친화적인 소재로 만들어졌으며 무독성, BPA 프리, 방수, 내유성, 찢어짐 방지 및 긁힘 방지 기능이 있습니다. 인쇄된 내용물은 상온과 빛으로부터 환경에서 오랫동안 보관할 수 있습니다. 【다양한 용도】이 프린터 라벨은 일상 생활, 가정 용품 정리, 화장품 품목 분류, 비즈니스 디스플레이, 가격 이름 주얼리 태그, 병 스티커, 학교 및 사무실 파일 분류, 보관, 마킹 등에 널리 사용됩니다. 종이, 봉투, 플라스틱, 패키지, 유리 및 금속에 단단히 부착할 수 있습니다. 크리스마스, 어린이, 친구, 남자친구, 여자친구, 아버지, 어머니를 위한 크리스마스 선물.",,"['라벨', '인쇄', '테이프', '롤', '녹색', '효과', '용지', '스티커', '메이커']"
사무용품,라벨 및 스티커,다목적 라벨,,B00007M5KV,"Avery 다용도 탈착식 라벨, 1cm(3/8인치) x 1.6cm(5/8인치), 화이트, 인쇄 불가능, 총 1,008개의 빈 라벨(5414)",AVERY,8780,8780,4.8,243.0,"라벨 스티커는 단단히 붙일 수 있도록 설계된 탈착식 접착제로 튼튼하게 고정되지만 필요할 때 깨끗하고 쉽게 벗겨집니다 자체 접착 라벨은 종이, 판지, 플라스틱, 목재, 유리 및 금속을 포함한 다양한 매끄러운 표면에 잘 부착됩니다 내용물 또는 목적 변경에 따라 품목에 라벨을 다시 지정하여 즉시 변경, 수정 및 업데이트할 수 있습니다 빠르고 쉽게 개인화할 수 있도록 1cm(3/8인치) x 1.6cm(5/8인치) 스티커 라벨에 직접 손으로 쓸 수 있습니다. 라벨 시트는 프린터와 호환되지 않습니다 제품에는 가격 라벨, 미니 빈 라벨, 작은 병 라벨, 열쇠 라벨, 바인더 클립 라벨 등에 이상적인 1,008개의 작은 흰색 라벨이 함께 제공됩니다","작은 프로젝트조차도 큰 정리가 필요합니다. Avery 5414 다목적 탈착식 라벨로 물건을 주문하십시오. 이 1008개의 0.9cm x 1.6cm(3/8인치 x 5/8인치) 직사각형 스티커 팩은 모든 작은 라벨링 요구 사항에 적합합니다. 미니 통이나 용기에 라벨을 붙여 내용물을 식별하거나, 작은 가정이나 사무실 물체에 이름을 표시하거나, 신중한 가격표로 사용하세요. 이 다목적 라벨의 작은 크기로 다양한 상황에서 사용할 수 있습니다. 필기구(라벨은 프린터와 호환되지 않음)로 직접 필기하여 빈 라벨 스티커를 빠르고 쉽게 개인화할 수 있으며, 흰색 배경은 필기 메모를 선명하게 만듭니다. 튼튼한 고정력을 유지하면서도 깨끗하게 제거할 수 있는 탈착식 접착제가 뒷받침되어 있어 쉽게 업데이트할 수 있습니다. 이 라벨은 종이, 플라스틱, 금속, 유리 및 나무와 같은 대부분의 매끄러운 표면에 말리거나 떨어지지 않고 단단히 부착됩니다. 다재다능하고 편리함이 큰 이 작은 라벨 스티커로 정리하세요.","['라벨', '작다', '스티커', '탈착', '다목적']"
사무용품,라벨 및 스티커,다목적 라벨,,B0CWNPPRZQ,"PM220 라벨 메이커용 열 라벨, 40x30mm(1.57인치 x 1.18인치) 열 스티커 라벨, 방수, 다목적 라벨 테이프, 230장 자체 접착 감열지 1롤 (투명)",Nelko,17991,16606,4.8,57.0,"【사양】라벨 크기: 1.57""x1.18"" (40x30mm). 수량: 1 롤, 230 라벨. 색상: 투명. Nelko PM220 라벨 메이커와 호환되는 정품 테마 라벨 테이프는 다른 라벨 메이커에서는 작동하지 않을 수 있습니다. 【공지】롤 측면의 라벨 메이커 테이프는 RFID 식별을 위한 인쇄 센서 칩이 포함되어 있어 Nelko PM220 라벨 메이커와 호환됩니다. 인쇄 품질에 영향을 줄 수 있으므로 스티커가 찢어지거나 손상되지 않도록 하십시오. 【BPA/BPS 프리】Nelko 제품은 이 열 라벨에 BPA 및 BPS가 없음을 하면서 인쇄 요구 사항을 충족하는 제품을 제공하는 것을 목표로 합니다. 잉크 토너나 리본이 필요하지 않아 비용을 절약하고 걱정할 필요가 없습니다. 【고품질】이 열 라벨은 최고 품질의 소재, 접착제 및 탑 코트를 사용하여 최고의 품질을 달성합니다. 라벨에는 거의 모든 표면에 부착할 수 있는 고성능 접착층이 포함되어 있습니다. 강한 접착력, 내마모성, 온도 저항, 방수, 내유성 및 찢어짐 방지 기능으로 비즈니스와 가정에 자신 있게 부착할 수 있습니다. 【다양한 사용】Nelko 열 라벨은 고객의 다양한 인쇄 요구 사항을 충족하기 위해 최선을 다하고 있습니다. 의류, 공예품, 소매점, 보석 등 중소기업 어디에서나 라벨을 즐기세요. 라벨 주소, 바코드, 운송, 가격, 날짜, 재료 및 제품 라벨링. 크리스마스, 할로윈, 추수감사절, 아버지의 날, 어머니의 날과 같은 다양한 행사에 적합하며 직장과 일상 생활에 매우 편리합니다.",,"['라벨', '열', '메이커', '인쇄', '롤', '접착', '테이프']"
사무용품,라벨 및 스티커,다목적 라벨,,B00007M5GI,"Avery 자체 접착 탈착식 라벨, 1.3 x 4.4cm(0.5 x 1.75인치), 화이트, 팩당 840개 (05422)",AVERY,10512,10512,4.6,2392.0,라벨은 잔여물을 남기지 않고 깨끗하게 붙이고 제거됩니다! 서랍 용기 상자 선반 및 기타 매끄러운 표면에 이상적입니다. 라벨 840개 팩,"이 탈착식 인쇄 또는 쓰기 라벨로 개성을 표현하세요. 1.3 x 4.4cm(1/2 x 1-3/4인치) 크기로 상자, 봉투, 패키지 등에 편리하게 라벨을 붙일 수 있으며 나중에 쉽게 제거할 수 있습니다. Avery 사이트에서 무료 템플릿을 사용할 수 있으므로 레이저 또는 잉크젯 프린터에 인쇄할 라벨을 간단하게 사용자 지정할 수 있습니다. 최대한의 편의를 위해 이 라벨을 능가하는 것은 어렵습니다.","['라벨', '상자', '인쇄', '탈착', '제거', '화이트', '매끄럽다', '사이트', '붙이', '봉투']"
사무용품,라벨 및 스티커,다목적 라벨,,B01GJF0QE4,"Aegis - DYMO 30336 (2.5 x 5.4cm(1 x 2-1/8인치)) 주소 및 바코드 호환 다용도 라벨 교체품 - Labelwriter 450, 450 터보, 4XL 데스크탑 프린터 (12롤)와 함께 사용",Aegis Adhesives,27672,27672,4.6,839.0,"2.5 x 5.4cm(1 x 2 1/8인치) 직접 감열 라벨 - DYMO 30336 다용도 라벨용 비 OEM 교체 - Labelwriter 프린터와 호환 - 2.5cm(1인치) 코어, 12롤 / 케이스 및 500개 라벨 / 롤. 품질 - 우리의 우선 순위: 얼룩 방지 및 변색 방지 라벨. 거의 모든 표면에 영구적으로 부착되는 더 어둡고 선명한 바코드 UPC 라벨을 인쇄하십시오. FBA 및 반품 주소 라벨로 적합 - 우편물이 목적지에 안전하게 도착할 수 있습니다. 걸림 방지, 두통 없음: 라벨 걸림 및 공급 오류와 같은 시간이 많이 소요되는 프린터 문제를 피하십시오. Aegis 접착 라벨은 100% 호환되며 매우 엄격한 QC 지침을 따릅니다. 400/300 시리즈 DYMO 라벨라이터 기계에만 호환됩니다: DYMO Labelwriter 450, 450 Turbo , 450 Twin Turbo , 450 Duo, DYMO 4XL, Wireless, 400, 330. *안내: Aegis Adhesives 브랜드 라벨은 판매하지 않으며 DYMO Corporation은 제작하거나 판매하는 제품을 후원하거나 하지 않습니다. Aegis Adhesives.",,"['라벨', '호환', '방지', '롤', '프린터', '다용', '판매', '주소', '바코드']"
사무용품,라벨 및 스티커,다목적 라벨,,B008ORRO3M,"Avery 05436 다용도 탈착식 라벨, 인쇄 또는 쓰기 ID 라벨, 2.5cm x 7.6cm(1인치 x 3인치), 화이트, 라벨 총 250개",AVERY,9127,9127,4.7,1161.0,"다용도 디자인의 Avery 탈착식 라벨은 보관함, 폴더, 서랍, 식품 용기 등을 위한 훌륭한 ID 라벨입니다 안전하고 탈착식 접착제를 사용하여 단단히 부착되지만 다양한 표면에서 깨끗하게 제거됩니다 마커나 펜으로 각 라벨을 손으로 쉽게 개인화하거나 레이저 또는 잉크젯 프린터를 사용하여 맞춤형 디자인을 인쇄할 수 있습니다 Avery 사이트를 방문하여 자신만의 라벨 레이아웃을 만들 수 있는 무료 템플릿과 디자인 도구를 찾아보세요 각 10.2cm x 15.2cm(4인치 x 6인치) 시트에 2.5cm x 7.6cm(1인치 x 3인치) 라벨 5개가 포함되어 있습니다","Avery 5436 다용도 탈착식 라벨로 보관 용기, 개인 물품 및 서랍을 쉽게 정리할 수 있습니다. 정리에 필요한 다목적 솔루션으로, 보관함, 메이슨 병 라벨, 폴더 라벨, 학교용 어린이 라벨 등을 위한 라벨이 필요할 때 편리하게 팩을 준비하고 싶을 것입니다. 빠르고 임시적인 라벨링 솔루션이 필요할 때마다 이 다용도 라벨은 작업을 완료하는 데 완벽한 도구입니다. 다양한 표면에 강하게 부착되는 안전한 탈착식 접착제를 사용하는 이 라벨은 잔여물을 남기지 않고 깨끗하게 벗겨집니다. 각 라벨은 영구 마커 또는 펜으로 손으로 맞춤 제작하거나 10.2cm x 15.2cm(4인치 x 6인치) 시트를 지지할 수 있는 레이저 또는 잉크젯 프린터로 인쇄할 수도 있습니다. 각 시트에는 2.5cm x 7.6cm(1인치 x 3인치) 라벨 5개가 포함되어 있습니다. Avery 사이트를 방문하여 무료 템플릿과 디자인 도구를 확인하여 나만의 맞춤형 디자인을 만들고 인쇄하세요.","['라벨', '탈착', '디자인', '인쇄', '시트', '맞춤', '도구', '다용', '보관']"
사무용품,라벨 및 스티커,다목적 라벨,,B0894DVCSD,"COLORWING 다목적 라벨 호환 Dymo 30336(2.5cm x 5.3cm(1인치 x 2-1/8인치)) LW 주소 및 바코드, Dymo Label Writer 450 Turbo, 450, 4XL 데스크탑 프린터와 호환, 25mm x 54mm, 4롤 - 라벨/롤 500개",COLORWING,22146,22146,4.5,121.0,"사양: Dymo 30336 LW 다목적 라벨용 1"" x 2-1/8"" 교체품. 소형 라벨 4롤(롤당 라벨 500개, 총 2000개의 라벨) 모든 Dymo 프린터와 호환됩니다: Dymo 450 Turbo, Dymo 450, Dymo 450 Twin Turbo, Dymo 4XL, Dymo 400, Dymo 400 Twin Turbo...(자세한 프린터 모델은 아래의 세부 설명을 참조하십시오) Colorwing 2.5 x 5.4cm(1 x 2-1/8인치) 소형 라벨은 강력한 접착제로 끈적거리고 오래 지속됩니다. 프리미엄 열 라벨로 어떤 표면에도 단단히 붙일 수 있습니다. Dymo 30336 다목적 라벨의 교체품은 탁월한 성능, 선명한 인쇄, 강한 접착력, 걸림 방지, 쉽게 벗겨낼 수 있습니다. 열 인쇄 기술로 값비싼 잉크나 토너 카트리지를 절약할 수 있습니다. 변색 없이 3년 이상 보관할 수 있습니다. COLORWING 30336 dymo 라벨의 교체품은 바코드 라벨, UPC 라벨, 주소 라벨, 반품 주소 라벨, 우편 라벨, 파일 폴더 및 제품 식별에 사용됩니다. 2.5 x 5.4cm(1 x 2-1/8인치) 다목적 라벨과 호환되는 제품을 기존 프린터에 쉽게 넣고 인쇄를 시작할 수 있습니다.","패키지 구성: Dymo 30336 LW 다목적 라벨용 4롤 교체품, 소형 2.5cm(1인치) x 5.4cm(2 1/8인치) (롤 당 라벨 500개, 총 2000개의 라벨). 크기: 작은 라벨마다 1"" x 2-1/8"" (25mm x 54mm) 색상: 화이트 (블랭크)/Dymo Label Writer 프린터와 호환 가능: Dymo 450, 450 터보, 450 DUO, 450 트윈 터보, Dymo 400, 400 터보, 400 DUO, 400 트윈 터보, Dymo 4XL, Dymo 300, 310, 315, 320, 330, Dymo EL40, EL60, Dymo SE450, SE300 CoStar : XL, XL+, BC, BC+, TURBO, SE200, SE250, ACII 200 / ASCII 250./2.5 x 5.4cm(1 x 2 1/8인치) 소형 라벨의 장점: *직접 열전사 인쇄 기술: 지저분하고 값비싼 잉크나 토너 카트리지로 귀찮게 할 필요가 없습니다. *가정, 비즈니스 및 창고에 가장 적합한 사이즈. *비용 절약: 경쟁력 있는 가격과 OEM 라벨과 동일한 품질의 제품.","['라벨', '프린터', '다목적', '호환', '터보', '소형', '롤', '인쇄', '주소']"
사무용품,라벨 및 스티커,다목적 라벨,,B0C7SM7MLD,"DYMO 30334 호환 가능 5.7 x 3.2cm(2-1/4 x 1-1/4인치) 다용도 바코드/FNSKU 라벨, DYMO Labelwriter 450, 4XL, Rollo 및 Zebra 데스크탑 프린터와 호환, 천공, 2롤/2,000 라벨",LINE42,15733,16024,4.2,10.0,"사양: 57mm x 32mm 다용도 바코드/FNSKU/FBA 라벨 - DYMO LW 30334 S0722540 11354 교체 - 종이 튜브 직경: 1in (25.4mm) - 2롤 / 2,000 라벨 (1,000 라벨/라벨/롤) 호환 가능: DYMO LabelWriter 프린터에 적합한 다목적 라벨: DYMO 450, 450 Turbo, 450 Twin Turbo, 450 Duo, DYMO 4XL & DYMO Wireless Printer, 400, 332, Zebra, Rollo, MUNBYN 등. 다목적 라벨: DYMO 30334 S0722540 11354용 2¼ in x 1¼ in (57mm x 32mm) 라벨은 다목적 라벨입니다. 바코드, FBA 및 FNSKU 라벨의 경우 효율성을 위해 감열식 프린터와 함께 사용하십시오. 비즈니스에 적합: 라벨 사이에 구멍이 있는 이 호환 가능한 Dymo 라벨은 쉽게 찢을 수 있습니다. FNSKU FBA 라벨의 라벨 걸림 및 공급 오류와 같은 프린터 기계 문제를 피하십시오 호환되지 않음: RFID 칩을 요청하는 DYMO 550 및 5XL 프린터와 호환됩니다.","DYMO Labelwriter 450, Rollo, Zebra 데스크탑 프린터와 호환되는 고품질 바코드 및 FNSKU 라벨을 찾고 계십니까? LINE42 5.4 x 3.2cm(2-1/4 x 1-1/4인치) 다목적 라벨 30334 라벨 외에는 더 이상 찾으실 필요가 없습니다. 당사의 대량 라벨을 사용하면 비즈니스 요구 사항을 충족하는 많은 라벨을 갖게 됩니다. 이 라벨은 구멍이 뚫려 있으며 5.4 x 3.2cm(2-1/4 x 1-1/4인치)로 다양한 용도에 적합합니다. 제품에 라벨을 붙이거나 사무실을 정리하거나 바코드를 인쇄할 때 이 다용도 라벨은 작업에 달려 있습니다. DYMO 30334 라벨과 호환되는 이 라벨은 비용을 들이지 않는 고품질의 신뢰할 수 있는 라벨을 찾는 모든 사람에게 훌륭한 선택입니다. 그렇다면 왜 기다려야 할까요? 오늘 LINE42 FBA FNSKU 30334 라벨을 주문하고 차이를 직접 경험하세요!","['라벨', '호환', '프린터', '바코드', '다목적', '다용', '롤']"
사무용품,라벨 및 스티커,다목적 라벨,,B07QY5CFDK,"Aegis - DYMO 30336 (2.5cm x 5.4cm(1인치 x 2-1/8인치)) 주소 및 바코드 호환 다용도 라벨 교체 - Labelwriter 450, 450 터보, 4XL 프린터 (24롤)와 함께 사용",Aegis Adhesives,55372,55372,4.7,462.0,"2.5 x 5.4cm(1 x 2 1/8인치) 직접 열 라벨 - DYMO 30336 다용도 라벨용 비 OEM 교체 - Labelwriter 프린터와 호환 - 2.5cm(1인치) 코어, 24롤 / 케이스 및 500개 라벨 / 롤. 품질 - 우리의 우선 순위: 얼룩 방지 및 변색 방지 라벨. 거의 모든 표면에 영구적으로 부착되는 더 어둡고 선명한 바코드 UPC 라벨을 인쇄하십시오. FBA 및 반품 주소 라벨로 적합 - 우편물이 목적지에 안전하게 도착할 수 있습니다. 걸림 방지, 두통 없음: 라벨 걸림 및 공급 오류와 같은 시간이 많이 소요되는 프린터 문제를 피하십시오. Aegis 접착 라벨은 매우 엄격한 QC 지침을 따릅니다. 400/300 시리즈 DYMO 라벨라이터 기계와 호환됩니다: DYMO Labelwriter 450, 450 Turbo , 450 Twin Turbo , 450 Duo, DYMO 4XL, Wireless , 400, 330 등! *안내: Aegis Adhesives 브랜드 라벨은 판매하지 않으며 DYMO Corporation은 제작하거나 판매하는 제품을 후원하거나 하지 않습니다. Aegis Adhesives.",,"['라벨', '호환', '방지', '롤', '프린터', '주소', '바코드', '다용', '판매']"
사무용품,라벨 및 스티커,다목적 라벨,,B0CWNMN3ZL,"PM220 라벨 메이커용 열 라벨, 50x80mm(2인치 x 3.15인치) 열 스티커 라벨, 방수, 다목적 라벨 테이프, 자체 접착 감열지 1롤 (화이트)",Nelko,24916,20761,4.8,6.0,"【사양】라벨 크기: 50x80mm(2인치) x 3.15인치. 수량: 1 롤, 100 라벨. 색상: 화이트. Nelko PM220 라벨 메이커와 호환되는 정품 테마 라벨 테이프는 다른 라벨 메이커에서는 작동하지 않을 수 있습니다. 【공지】롤 측면의 라벨 메이커 테이프는 RFID 식별을 위한 인쇄 센서 칩이 포함되어 있어 Nelko PM220 라벨 메이커와 호환됩니다. 인쇄 품질에 영향을 줄 수 있으므로 스티커가 찢어지거나 손상되지 않도록 하십시오. 【BPA/BPS 프리】Nelko 제품은 이 열 라벨에 BPA 및 BPS가 없음을 하면서 인쇄 요구 사항을 충족하는 제품을 제공하는 것을 목표로 합니다. 잉크 토너나 리본이 필요하지 않아 비용을 절약하고 걱정할 필요가 없습니다. 【고품질】이 열 라벨은 최고 품질의 소재, 접착제 및 탑 코트를 사용하여 최고의 품질을 달성합니다. 라벨에는 거의 모든 표면에 부착할 수 있는 고성능 접착층이 포함되어 있습니다. 강한 접착력, 내마모성, 온도 저항, 방수, 내유성 및 찢어짐 방지 기능으로 비즈니스와 가정에 자신 있게 부착할 수 있습니다. 【다양한 사용】Nelko 열 라벨은 고객의 다양한 인쇄 요구 사항을 충족하기 위해 최선을 다하고 있습니다. 의류, 공예품, 소매점, 보석 등 중소기업 어디에서나 라벨을 즐기세요. 라벨 주소, 바코드, 운송, 가격, 날짜, 재료 및 제품 라벨링. 크리스마스, 할로윈, 추수감사절, 아버지의 날, 어머니의 날과 같은 다양한 행사에 적합하며 직장과 일상 생활에 매우 편리합니다.",,"['라벨', '메이커', '열', '인쇄', '접착', '테이프', '롤']"
사무용품,라벨 및 스티커,다목적 라벨,,B007TD9P16,"Avery 탈착식 다용도 라벨, 다양한 네온, 8.9 x 10.2cm(3 1/3",AVERY,27104,17201,4.6,154.0,밝은 네온 색상으로 필요한 것을 빠르게 찾을 수 있습니다 라벨은 접착력이 유지되지만 필요할 때 깨끗하게 제거됩니다 마젠타 옐로우와 그린 라벨 포함 레이저 및 잉크젯 프린터와 호환 가능,"탈착식 네온 라벨을 사용하면 색상 코딩과 정리를 완전히 새로운 차원으로 끌어 올릴 수 있습니다. 이 밝은 라벨은 작업이 완료되면 붙어 있고 깨끗하게 제거되므로 정보를 쉽게 업데이트할 수 있습니다. 종이, 판지, 플라스틱, 목재, 유리 및 금속을 포함한 거의 모든 매끄러운 표면에 부착됩니다. 오래된 라벨을 제거하기 위해 더 이상 문지르거나 긁지 않아도 되므로 끊임없이 변화하는 요구 사항이 있는 프로젝트에 적합합니다. Avery 사이트에서 무료 소프트웨어와 미리 디자인된 템플릿으로 자신만의 독특한 라벨을 만드세요. 선물, 패키지, 제안 등에 맞게 맞춤 설정할 수도 있습니다. 이 탈착식 라벨은 필요한 것을 순식간에 찾을 수 있도록 도와주는 밝은 아이디어입니다.","['라벨', '제거', '네온', '탈착', '깨끗하다']"
사무용품,라벨 및 스티커,다목적 라벨,,B0CWNHQ5FX,"PM220 라벨 메이커용 열 라벨, 50x30mm(2인치 x 1.18인치) 열 스티커 라벨, 방수, 다목적 라벨 테이프, 230장 자체 접착 감열지 1롤(화이트)",Nelko,24916,17991,4.6,9.0,"【사양】라벨 크기: 50x30mm(2x1.18인치). 수량: 1 롤, 230 라벨. 색상: 화이트. Nelko PM220 라벨 메이커와 호환되는 정품 테마 라벨 테이프는 다른 라벨 메이커에서는 작동하지 않을 수 있습니다. 【공지】롤 측면의 라벨 메이커 테이프는 RFID 식별을 위한 인쇄 센서 칩이 포함되어 있어 Nelko PM220 라벨 메이커와 호환됩니다. 인쇄 품질에 영향을 줄 수 있으므로 스티커가 찢어지거나 손상되지 않도록 하십시오. 【BPA/BPS 프리】Nelko 제품은 이 열 라벨에 BPA 및 BPS가 없음을 하면서 인쇄 요구 사항을 충족하는 제품을 제공하는 것을 목표로 합니다. 잉크 토너나 리본이 필요하지 않아 비용을 절약하고 걱정할 필요가 없습니다. 【고품질】이 열 라벨은 최고 품질의 소재, 접착제 및 탑 코트를 사용하여 최고의 품질을 달성합니다. 라벨에는 거의 모든 표면에 부착할 수 있는 고성능 접착층이 포함되어 있습니다. 강한 접착력, 내마모성, 온도 저항, 방수, 내유성 및 찢어짐 방지 기능으로 비즈니스와 가정에 자신 있게 부착할 수 있습니다. 【다양한 사용】Nelko 열 라벨은 고객의 다양한 인쇄 요구 사항을 충족하기 위해 최선을 다하고 있습니다. 의류, 공예품, 소매점, 보석 등 중소기업 어디에서나 라벨을 즐기세요. 라벨 주소, 바코드, 운송, 가격, 날짜, 재료 및 제품 라벨링. 크리스마스, 할로윈, 추수감사절, 아버지의 날, 어머니의 날과 같은 다양한 행사에 적합하며 직장과 일상 생활에 매우 편리합니다.",,"['라벨', '메이커', '열', '인쇄', '접착', '테이프', '롤']"
사무용품,라벨 및 스티커,다목적 라벨,,B072DWDM7S,"BETCKEY - 102mm x 76mm(4인치 x 3인치) Zebra & Rollo 라벨 프린터와 호환되는 배송 및 다용도 라벨, 프리미엄 접착제 및 천공 [1롤, 500개 라벨]",BETCKEY,11066,11066,4.5,233.0,"[ 사양 ]: 102mm x 76mm(4인치 x 3인치) (500라벨/롤, 1롤), 종이 튜브 직경: 25.4mm(1인치). 잉크 토너나 리본이 필요하지 않습니다! 돈과 노력을 절약하세요. [ 우수한 호환성 ]: Zebra, Rollo, Eltron, Intermec, Datamax, Fargo, Sato, NEX 및 인쇄 너비를 10.2cm(4인치)까지 조절할 수 있는 대부분의 열 라벨 프린터에 적합합니다. [유용한 팁]: DYMO 및 Brother 라벨 프린터를 지원하지 않습니다. 주의 : 코팅은 직접 열 라벨을 위해 설계되었습니다. 라벨에 접착 테이프가 없습니다. 손글씨는 권장하지 않습니다. 잉크는 쉽게 건조되지 않습니다. [ 천공 ]: 저희는 온라인에서 판매되는 표준 라벨을 능가합니다. 당사의 프리미엄 라벨은 라벨을 쉽게 분리할 수 있도록 구멍이 뚫려 있습니다. 인쇄된 라벨을 천공과 함께 접어 정리할 수 있습니다. 더 이상 라벨이 지저분하지 않습니다! [ 상단 접착제]: 극한의 온도(10°C~70°C)에서도 여전히 신뢰할 수 있습니다. 특허받은 상단 접착제는 오래 지속되는 강력한 접착력을 제공합니다. 라벨이 벗겨져 배송이 더 이상 손실되지 않습니다. 비즈니스의 추가 마진을 즐기세요. [ 변색 및 얼룩 방지 ]: 선명한 이미지와 읽기 쉬운 바코드를 인쇄합니다. 색이 바래거나 번지지 않도록 하세요. 배송업체가 배송될 때까지 바코드를 쉽게 스캔할 수 있습니다. 우리는 읽을 수 없는 바코드 때문에 '발신자에게 반환'을 싫어합니다. [ 기술 지원 ]: 저희는 브랜드를 지지합니다. BETCKEY 는 아마존 메시지 이메일 전화 통화 및 원격 데스크톱 작동을 통해 평생 무료 고객 지원을 제공합니다. 도움이 필요하면 즉시 저희에게 연락하십시오.",,"['라벨', '바코드', '천공', '프린터', '인쇄', '접착제', '롤', '잉크', '접착', '열']"
사무용품,라벨 및 스티커,다목적 라벨,,B01H1M95MS,"BETCKEY - DYMO 30334 호환 (5.7 x 3.2cm(2-1/4 x 1-1/4인치)) 중형 다용도 바코드/FNSKU/UPC/FBA 라벨 - Rollo, DYMO Labelwriter 450, 4XL 및 Zebra 데스크탑 프린터와 호환 [10 R롤/1 롤/0000 라벨]",BETCKEY,48336,48336,4.6,1379.0,"[사양]: 5.7cm x 3.2cm 열 라벨 - Dymo 30334 교체 - 잉크 토너나 리본이 필요하지 않습니다! 돈과 노력을 절약하세요 - 1000 라벨/롤. 10롤 [우수한 호환성]: 모든 Dymo Labelwriter 프린터에 적합합니다: Dymo 450, Dymo 450 터보, Dymo 450 트윈 터보, Dymo 450 듀오, Dymo 4XL & Dymo 무선 프린터, 400, 330, Rollo 및 Zebra 및 기타 열 라벨 프린터는 지원하지 않습니다. Brother QL 라벨 프린터는 지원하지 않습니다. [유용한 팁]: DYMO 550 & 5XL RFID 칩을 요청합니다. 따라서 BETCKEY는 DYMO 550 및 5XL과 호환되지 않습니다. [강력한 접착제 및 크리스탈 클리어 인쇄]: 프리미엄 등급 소재만을 사용하므로 사용 중에 라벨이 떨어지는지 또는 주소가 이러한 사소한 것을 인식할 수 있는지 걱정할 필요가 없습니다. [멀티퍼스 라벨]: 바코드 라벨, 주소 라벨, 반품 주소 라벨, upc/SKU 라벨, 우편 라벨, 파일 폴더 및 제품 식별 및 기타 기능용. [천공]: 저희는 온라인으로 판매되는 표준 라벨보다 뛰어납니다. 프리미엄 라벨은 라벨 사이를 쉽게 분리할 수 있도록 구멍이 뚫려 있습니다.",,"['라벨', '프린터', '롤', '호환', '주소', '프리미엄', '열', '바코드', '터보']"
사무용품,라벨 및 스티커,다목적 라벨,,B0722JD7SW,"BETCKEY - 5.7 x 3.2cm(2.25 x 1.25인치) UPC 바코드 및 다용도 라벨, Zebra 및 Rollo 라벨 프린터와 호환, 프리미엄 접착 및 천공[10롤, 1000 라벨]",BETCKEY,48336,48336,4.7,273.0,"[사양]: 2.25"" X 1.25"" (57.15mm X 31.75mm) (1,000 라벨/롤, 10 롤), 종이 튜브 직경: 1""(25.4mm). 잉크 토너나 리본이 필요하지 않습니다! 돈과 노력을 절약하세요. [우수한 호환성]: Zebra, Rollo, Eltron, Intermec, Datamax, Fargo, Sato, NEX 및 기타 열 라벨 프린터와 인쇄 너비를 2.25인치까지 조절할 수 있는 대부분의 열 라벨 프린터에 적합합니다. 프린터 사용을 극대화하십시오. [유용한 팁]: DYMO & Brother 라벨 프린터는 지원하지 않습니다. [강력한 접착제 및 크리스탈 클리어 인쇄]: 프리미엄 등급 소재만 사용하므로 사용 중에 라벨이 떨어질지 또는 주소가 이러한 사소한 것을 인식할 수 있는지 걱정할 필요가 없습니다. [천공 처리] 온라인으로 판매되는 표준 라벨보다 뛰어납니다. 당사의 프리미엄 라벨은 라벨 사이를 쉽게 분리할 수 있도록 구멍이 뚫려 있습니다.",,"['라벨', '프린터', '롤', '프리미엄', '열', '인쇄']"
사무용품,라벨 및 스티커,다목적 라벨,,B071RM44GB,"BETCKEY - 102mm x 51mm(4인치 x 2인치) 바코드 배송 및 다목적 라벨, Zebra & Rollo 라벨 프린터와 호환, 프리미엄 접착제 및 천공 [10롤, 7500 라벨]",BETCKEY,74776,74776,4.5,234.0,"[ 사양 ]: 102mm x 51mm(4인치 x 2인치) (750 라벨/롤, 10롤), 종이 튜브 직경: 25.4mm(1인치). 잉크 토너나 리본이 필요하지 않습니다! 돈과 노력을 절약하세요. [ 우수한 호환성 ]: Zebra, Rollo, Eltron, Intermec, Datamax, Fargo, Sato, NEX 및 인쇄 너비를 10.2cm(4인치)까지 조절할 수 있는 대부분의 열 라벨 프린터에 적합합니다. [유용한 팁]: DYMO 및 Brother 라벨 프린터를 지원하지 않습니다. 주의 : 코팅은 직접 열 라벨을 위해 설계되었습니다. 라벨에 접착 테이프가 없습니다. 손글씨는 권장하지 않습니다. 잉크는 쉽게 건조되지 않습니다. [ 천공 ]: 저희는 온라인에서 판매되는 표준 라벨을 능가합니다. 당사의 프리미엄 라벨은 라벨을 쉽게 분리할 수 있도록 구멍이 뚫려 있습니다. 인쇄된 라벨을 천공과 함께 접어 정리할 수 있습니다. 더 이상 라벨이 지저분하지 않습니다! [ 상단 접착제]: 극한의 온도(10°C~70°C)에서도 여전히 신뢰할 수 있습니다. 특허받은 상단 접착제는 오래 지속되는 강력한 접착력을 제공합니다. 라벨이 벗겨져 배송이 더 이상 손실되지 않습니다. 비즈니스의 추가 마진을 즐기세요. [ 변색 및 얼룩 방지 ]: 선명한 이미지와 읽기 쉬운 바코드를 인쇄합니다. 색이 바래거나 번지지 않도록 하세요. 배송업체가 배송될 때까지 바코드를 쉽게 스캔할 수 있습니다. 우리는 읽을 수 없는 바코드 때문에 '발신자에게 반환'을 싫어합니다. [ 기술 지원 ]: 저희는 브랜드를 지지합니다. BETCKEY 는 아마존 메시지 이메일 전화 통화 및 원격 데스크톱 작동을 통해 평생 무료 고객 지원을 제공합니다. 도움이 필요하면 즉시 저희에게 연락하십시오.",,"['라벨', '바코드', '프린터', '인쇄', '접착제', '롤', '천공', '잉크', '접착', '열']"
사무용품,라벨 및 스티커,다목적 라벨,,B0CZK7V4FR,"자체 접착 사각 열 라벨, 화이트 바탕에 블랙 스티커 감열지, 저렴한 가격의 다목적 열 라벨 용지, 12 x 40mm (0.47 x 1.57인치) 125 라벨/롤, D30용 라벨 메이커 테이프",NelkoGlobal,22146,20761,4.3,12.0,"【색상 및 사이즈】d30 라벨 메이커용 사각형 열 스티커 라벨은 흰색입니다. 화이트 바탕에 블랙. 총 3개의 자체 접착 라벨이 있으며, 크기는 12mm*40mm(0.47""*1.57""), 125개의 라벨/롤입니다. 【호환】이 열 라벨은 D30/D10 라벨 메이커에 특히 적합합니다. 라벨 롤은 라벨 메이커에 쉽게 넣을 수 있으며 교체가 간단합니다. 그리고 인쇄된 라벨은 뒷면 중앙이 분리되어 쉽게 떼어낼 수 있습니다. 【비용 절약】감열지 롤은 매우 비용 효율적이며 라벨 인쇄 비용은 평균 $0.10 미만입니다. 라벨 메이커는 열 기술을 사용하여 잉크나 토너가 필요하지 않으므로 잉크 비용도 절감됩니다. 스티커 용지는 제거 후 잔여물을 남기지 않으므로 페이스트 표면에 대해 걱정할 필요가 없습니다. 【특징】열 라벨 용지는 방수, 내유성 및 긁힘 방지 기능이 있습니다. 주방을 위한 완벽한 도구가 될 수 있으며, 유효 기간이나 비타민, 조미료, 향신료 및 소스의 이름 라벨로 사용할 수 있습니다. 또한 노트북, 폴더 및 기타 사무용품에 라벨을 붙일 수 있어 작업을 재미있게 만들 수 있습니다. 【BPA 프리】이 라벨 용지는 환경 친화적인 소재로 만들어졌으며 무독성, BPA 프리 제품입니다. 아이들의 학교 용품, 개인 물품 식별 및 이름표와 같은 아이들을 위한 학용품 라벨을 붙이는 데 적합합니다. 또한 옷과 장난감을 버리는 서랍에 라벨을 붙이는 것이 좋습니다.",,"['라벨', '열', '메이커', '용지', '롤', '스티커']"
사무용품,라벨 및 스티커,다목적 라벨,,B09T2F4QXS,"MUNBYN 7.6cm(3인치) 화이트 서클 열 스티커 라벨, 자체 접착 원형 재고 라벨, 비즈니스용 다목적 롤 열 스티커 - 라벨 500개/롤 1개",MUNBYN,19930,19930,4.6,183.0,"[사양] 정품 Munbyn 라벨--원형 열 스티커 사이즈: 7.6cm(3인치) 원 (500 라벨/롤, 1롤, 화이트), 종이 튜브 직경: 25mm(0.99인치) 용지 롤 직경: 30mm(1.18인치). [용지 특성] 열전사 프린터 인쇄 사용, 필기 가능. 잉크 토너나 리본이 필요하지 않습니다! [강력한 호환성] 프린터 라벨은 Munbyn, Rollo, Idrpt, Polono, Jiose, K Comer, Labelrange, Offnova, Jadens, Phomemo, Neflaca, Zebra, Mflabel, Arkscan, Besteasy 및 기타 직접 감열식 프린터와 완벽하게 호환됩니다. (Dymo 및 Brother와 호환되지 않음). [어드밴티지 컬렉션 사용] 투명 인쇄, 강력한 자체 접착, 방수 및 내유성, 쓰기 가능한 열 라벨 용지. 비즈니스와 삶에 좋은 도우미. [BPA 및 Bps 없음] Bpa(비스페놀 A)는 산업용 화학 물질입니다. 내분비 장애를 일으킬 수 있으며 사람들의 건강에 특정 영향을 미칠 수 있습니다. 이 종이는 Bpa 및 Bps와 같은 발암 물질을 함유하지 않도록 테스트되었습니다. [생활 속 광범위한 적용] 열 라벨은 재고, 알림 태그, 분류 라벨, 크기 라벨, 실험실 번호 라벨, 신발, 가방 및 옷 분류 등에 사용할 수 있습니다.",,"['라벨', '열', '롤', '스티커', '용지', '프린터', '직경', '화이트', '비즈니스', '원형']"
사무용품,라벨 및 스티커,다목적 라벨,,B07FTCQWWC,"BETCKEY - DYMO 30332 (2.5cm x 2.5cm(1인치 x 1인치)) 스퀘어 다용도 라벨 - DYMO Labelwriter 450, 4XL 및 Zebra 데스크탑 프린터와 호환 [10롤/7500 라벨]",BETCKEY,27838,27838,4.5,201.0,"[ 사양 ]: 25mm x 25mm 정사각형 다용도 라벨 - DYMO LW 30332 S0929120 교체 - 종이 튜브 직경: 1""(25.4mm) - 10롤 및 7500 라벨(750 라벨/롤) [ 호환 ]: DYMO LabelWriter 프린터에 적합: DYMO 450, 450 Turbo, 450 Twin Turbo, 450 Duo, DYMO 4XL & DYMO 무선 프린터, 400, 332, Zebra 및 인쇄 너비를 2.5cm(1인치)까지 조절할 수 있는 대부분의 열 라벨 프린터 유용한 팁 : RFID 칩을 요청하는 DYMO 550 및 5XL 프린터와 호환되지 않습니다. 또한 프린터 외부에 라벨을 고정하고 최소 4cm(1.57인치) 너비가 필요한 Rollo 및 Munbyn 프린터는 지원하지 않습니다. [ 정사각형 다목적 라벨]: DYMO LW 30332 S0929120 교체용 25mm x 25mm(1 x 1인치) 라벨은 정사각형 다목적 라벨입니다. 바코드 라벨과 QR 코드 라벨도 사용할 수 있습니다. 패키지, 봉투, 우편물, 편지, 소포, 표지판 및 임시 이름표에 널리 사용됩니다. 이름을 지정하세요. [ 상단 접착제]: 극한의 온도(10°C~70°C)에서도 여전히 신뢰할 수 있습니다. 특허받은 상단 접착제는 오래 지속되는 강력한 접착력을 제공합니다. 라벨이 벗겨져 배송이 더 이상 손실되지 않습니다. 비즈니스의 추가 마진을 즐기세요. [ 변색 및 얼룩 방지 ]: 선명한 이미지와 읽기 쉬운 바코드를 인쇄합니다. 색이 바래거나 번지지 않도록 하세요. 배송업체가 배송될 때까지 바코드를 쉽게 스캔할 수 있습니다. 우리는 읽을 수 없는 바코드 때문에 '발신자에게 반환'을 싫어합니다. [ 기술 지원 ]: 저희는 브랜드를 지지합니다. BETCKEY 는 아마존 메시지 이메일 전화 통화 및 원격 데스크톱 작동을 통해 평생 무료 고객 지원을 제공합니다. 도움이 필요하면 즉시 저희에게 연락하십시오.",,"['라벨', '프린터', '바코드', '호환', '롤', '정사각형', '인쇄', '다용', '접착제', '이름']"
사무용품,라벨 및 스티커,다목적 라벨,,B0716C8FZG,"BETCKEY - 76mm x 51mm(3인치 x 2인치) Zebra 및 Rollo 라벨 프린터와 호환되는 다용도 및 배송 라벨, 프리미엄 접착 및 천공 [10롤, 7500 라벨]",BETCKEY,60926,60926,4.6,260.0,"[ 사양 ]: 76mm x 51mm(3인치 x 2인치) (750 라벨/롤, 10롤), 종이 튜브 직경: 25.4mm(1인치). 잉크 토너나 리본이 필요하지 않습니다! 돈과 노력을 절약하세요. [ 우수한 호환성 ]: Zebra, Rollo, Eltron, Intermec, Datamax, Fargo, Sato, NEX 및 인쇄 너비를 7.6cm(3인치)까지 조절할 수 있는 대부분의 열 라벨 프린터에 적합합니다. [유용한 팁]: DYMO 및 Brother 라벨 프린터를 지원하지 않습니다. [ 천공 ]: 저희는 온라인에서 판매되는 표준 라벨을 능가합니다. 라벨은 라벨을 쉽게 분리할 수 있도록 구멍이 뚫려 있습니다. 인쇄된 라벨을 천공과 함께 접어 정리할 수 있습니다. 더 이상 라벨이 지저분하지 않습니다! [ 접착제]: 극한의 온도(10°C~70°C)에서도 여전히 신뢰할 수 있습니다. 특허받은 접착제는 오래 지속되는 강력한 접착력을 제공합니다. 라벨이 벗겨져 배송이 더 이상 손실되지 않습니다. 비즈니스의 추가 마진을 즐기세요. [ 변색 및 얼룩 방지 ]: 선명한 이미지와 읽기 쉬운 바코드를 인쇄합니다. 색이 바래거나 번지지 않도록 하세요. 배송업체가 배송될 때까지 바코드를 쉽게 스캔할 수 있습니다. 우리는 읽을 수 없는 바코드 때문에 '발신자에게 반환'을 싫어합니다. [ 기술 지원 ]: 저희는 브랜드를 지지합니다. BETCKEY 는 아마존 메시지 이메일 전화 통화 및 원격 데스크톱 작동을 통해 평생 무료 고객 지원을 제공합니다. 도움이 필요하면 즉시 저희에게 연락하십시오.",,"['라벨', '천공', '프린터', '바코드', '인쇄', '롤', '접착제', '접착']"
사무용품,라벨 및 스티커,다목적 라벨,,B0CQNTFX6V,"정품 P21 라벨 메이커 테이프, 적응 라벨 인쇄 용지, 14x50mm (0.55 x 1.97인치), 표준 라미네이트 라벨링 교체품, P21 라벨 메이커 다용도, 테이프/롤 180개, 롤 1개, 투명",Nelko,15221,15221,4.7,60.0,"【P21 라벨 메이커 테이프】이 열 라벨 테이프는 Nelko P21 프린터에 특별히 적합합니다. 총 1롤 라벨 용지가 있으며, 크기는 14x50mm(0.55x1.97인치), 라벨/롤 180개, 롤 1개, 투명합니다. 녹색 스티커를 찢거나 파손하지 마십시오. 그렇지 않으면 인쇄 효과에 영향을 줄 수 있습니다. 【공지】녹색 라벨 스트립에는 스마트 칩이 포함되어 있으므로 라벨 스트립 뒷면의 녹색 라벨을 찢지 마십시오. 스마트 칩은 라벨 제조업체가 테이프의 크기를 자동으로 인식하고 올바른 정렬을 보장하는 데 도움이 됩니다. 녹색 스티커를 찢거나 파손하지 마십시오. 그렇지 않으면 인쇄 효과에 영향을 줄 수 있습니다. 【호환】라벨링을 위해 Nelko P21 휴대용 라벨 메이커와 호환됩니다. 라벨 인쇄 소모품을 구입할 때 기계 판매자가 적절하거나 권장하는 소모품을 선택하여 훌륭한 인쇄 효과를 얻으십시오. 【비용 절약 및 BPA 프리】롤에 포장하여 필요에 따라 원하는 수의 라벨을 인쇄할 수 있습니다. 폐기물 라벨 없음. 열 인쇄 기술로 잉크 비용을 절감하십시오. 이 라벨 용지는 환경 친화적인 소재로 만들어졌으며 무독성, BPA 프리, 방수, 내유성, 찢어짐 방지 및 긁힘 방지 기능이 있습니다. 인쇄된 내용물은 상온과 빛으로부터 환경에서 오랫동안 보관할 수 있습니다. 【다양한 용도】이 프린터 라벨은 일상 생활, 가정 용품 정리, 화장품 품목 분류, 비즈니스 디스플레이, 가격 이름 주얼리 태그, 병 스티커, 학교 및 사무실 파일 분류, 보관, 마킹 등에 널리 사용됩니다. 종이, 봉투, 플라스틱, 패키지, 유리 및 금속에 단단히 부착할 수 있습니다. 크리스마스, 어린이, 친구, 남자친구, 여자친구, 아버지, 어머니를 위한 크리스마스 선물.",,"['라벨', '인쇄', '롤', '테이프', '녹색', '메이커', '효과', '스티커', '용지']"
사무용품,라벨 및 스티커,다목적 라벨,,B0038PB6Z2,"Charles Leonard 다목적 라벨, 자가 접착제, 3 x 2.54cm, 화이트, 250개 상자 (45310)",Charles Leonard,10747,10747,5.0,2.0,자체 접착 라벨 착탈식 접착제 파일 및 마킹에 적합합니다.,"Removable self-sticking labels are easy to peel off. Great for addressing, organizing and marking.","['접착제', '라벨', '화이트', '파일', '착탈', '접착', '자체', '자가', '상자', '다목적']"
사무용품,라벨 및 스티커,다목적 라벨,,B004INFQNG,"Avery 화이트 탈착식 다용도 라벨, 21.6 x 27.9cm(8.5 x 11인치), 화이트, 10개 팩 (06470)",AVERY,22090,19667,4.6,140.0,"서랍 용기, 상자 선반 등에 이상적입니다. 인쇄 투 엣지 기능으로 원하는 것을 디자인할 수 있습니다 인쇄 및 포맷이 쉽습니다","라벨은 붙어서 유지되지만 깨끗하게 제거되어 잔여물이 남지 않습니다! 종이, 판지, 플라스틱, 목재, 유리 및 금속을 포함한 매끄러운 표면에 부착됩니다. 에이버리만이 라벨을 위한 사용하기 쉬운 디자인 및 인쇄 솔루션을 많이 제공합니다. 자세한 내용은 제품 패키지를 참조하십시오. 인기 있는 레이저 및 잉크젯 프린터에서 프린터 성능을 보장합니다. 21.6 x 27.9cm(8.5 x 11인치)","['라벨', '인쇄', '화이트', '프린터', '디자인', '보장', '성능', '선반', '서랍', '상자']"
사무용품,라벨 및 스티커,다목적 라벨,,B09T2Q6M2W,"MUNBYN 7.6cm(3인치) 핑크 원형 열 스티커 라벨, 자체 접착 원형 직접 열 라벨, 비즈니스용 다목적 롤 열 스티커 - 라벨 500개/롤 1개",MUNBYN,24916,24916,4.5,91.0,"[사양]: 정품 Munbyn 라벨--원형 열 스티커 사이즈: 7.6cm(3인치) 원 (500 라벨/롤, 1롤, 핑크), 종이 튜브 직경: 0.99""(25mm) 용지 롤 직경: 1.18""(30mm). [용지 특성]: 열전사 프린터 인쇄 사용, 필기 가능. 잉크 토너나 리본이 필요하지 않습니다! [강력한 호환성] 프린터 라벨은 Munbyn, Rollo, Idrpt, Polono, Jiose, K Comer, Labelrange, Offnova, Jadens, Phomemo, Neflaca, Zebra, Mflabel, Arkscan, Besteasy 및 기타 직접 감열식 프린터와 완벽하게 호환됩니다. (Dymo 및 Brother와 호환되지 않음). 프린터의 인쇄 너비는 7.6cm(3인치)까지 조절할 수 있습니다. [Advantage Collection 사용]: 투명 인쇄가 가능한 열 라벨 용지, 강력한 자체 접착, 방수 및 내유성, 쓰기 가능. 비즈니스와 삶에 좋은 도우미. [BPA 및 Bps 없음] Bpa(비스페놀 A)는 산업용 화학 물질입니다. 내분비 장애를 일으킬 수 있으며 사람들의 건강에 특정 영향을 미칠 수 있습니다. 이 종이는 bpa 및 bps와 같은 발암 물질을 함유하지 않도록 테스트되었습니다. [생활 속 넓은 적용]: 열 라벨은 재고, 알림 태그, 분류 라벨, 사이즈 라벨, 실험실 번호 라벨, 신발, 가방 및 옷 분류 등에 사용할 수 있습니다. [비즈니스에서의 광범위한 적용]: 열 라벨 스티커는 감사 스티커, 브랜드 디자인, DIY 디자인, QR 코드 프린터 라벨 등에 사용할 수 있습니다.",,"['라벨', '열', '프린터', '스티커', '롤', '비즈니스', '용지', '원형', '인쇄']"
사무용품,라벨 및 스티커,다목적 라벨,,B0CQNVDJTT,"정품 P21 라벨 메이커 테이프, 적응 라벨 인쇄 용지, 14x75mm (0.55 x 2.95인치), 표준 라미네이트 라벨링 교체품, P21 라벨 메이커 다용도, 테이프/롤 180개, 롤 1개, 투명",Nelko,16606,16606,4.7,15.0,"【P21 라벨 메이커 테이프】이 열 라벨 테이프는 Nelko P21 프린터에 특별히 적합합니다. 총 1롤 라벨 용지가 있으며, 크기는 14x75mm(0.55x2.95인치), 라벨/롤 180개, 롤 1개, 투명합니다. 녹색 스티커를 찢거나 파손하지 마십시오. 그렇지 않으면 인쇄 효과에 영향을 줄 수 있습니다. 【공지】녹색 라벨 스트립에는 스마트 칩이 포함되어 있으므로 라벨 스트립 뒷면의 녹색 라벨을 찢지 마십시오. 스마트 칩은 라벨 제조업체가 테이프의 크기를 자동으로 인식하고 올바른 정렬을 보장하는 데 도움이 됩니다. 녹색 스티커를 찢거나 파손하지 마십시오. 그렇지 않으면 인쇄 효과에 영향을 줄 수 있습니다. 【호환】라벨링을 위해 Nelko P21 휴대용 라벨 메이커와 호환됩니다. 라벨 인쇄 소모품을 구입할 때 기계 판매자가 적절하거나 권장하는 소모품을 선택하여 훌륭한 인쇄 효과를 얻으십시오. 【비용 절약 및 BPA 프리】롤에 포장하여 필요에 따라 원하는 수의 라벨을 인쇄할 수 있습니다. 폐기물 라벨 없음. 열 인쇄 기술로 잉크 비용을 절감하십시오. 이 라벨 용지는 환경 친화적인 소재로 만들어졌으며 무독성, BPA 프리, 방수, 내유성, 찢어짐 방지 및 긁힘 방지 기능이 있습니다. 인쇄된 내용물은 상온과 빛으로부터 환경에서 오랫동안 보관할 수 있습니다. 【다양한 용도】이 프린터 라벨은 일상 생활, 가정 용품 정리, 화장품 품목 분류, 비즈니스 디스플레이, 가격 이름 주얼리 태그, 병 스티커, 학교 및 사무실 파일 분류, 보관, 마킹 등에 널리 사용됩니다. 종이, 봉투, 플라스틱, 패키지, 유리 및 금속에 단단히 부착할 수 있습니다. 크리스마스, 어린이, 친구, 남자친구, 여자친구, 아버지, 어머니를 위한 크리스마스 선물.",,"['라벨', '인쇄', '롤', '테이프', '녹색', '메이커', '효과', '스티커', '용지']"
사무용품,라벨 및 스티커,다목적 라벨,,B07FSG7V98,"BETCKEY - DYMO 30334 호환 (5.3 x 3.2cm(2-1/4 x 1-1/4인치)) 다용도 바코드/FNSKU 라벨, 천공, DYMO Labelwriter 450, 4XL, Rollo 및 Zebra 데스크탑 프린터와 호환 [16롤/16000 라벨]",BETCKEY,77421,77421,4.7,540.0,"[ 사양 ]: 57mm x 32mm(2.25인치 x 1.25인치) 다용도 바코드/FNSKU/FBA 라벨 - DYMO LW 30334 S0722540 11354 교체 - 종이 튜브 직경: 1""(25.4mm) - 16롤 및 16000 라벨(10. 0000 라벨/롤) [ 호환 ]: DYMO LabelWriter 프린터에 적합: DYMO 450, 450 Turbo, 450 Twin Turbo, 450 Duo, DYMO 4XL & DYMO 무선 프린터, 400, 332, Zebra, Rollo, MUNBYN 및 대부분의 열 라벨 프린터. 유용한 팁 : RFID 칩을 요청하는 DYMO 550 및 5XL 프린터와 호환되지 않습니다. [ 다목적 라벨 ]: DYMO LW 30334 S0722540 11354 교체용 57mm x 32mm 라벨은 다목적 라벨입니다. 바코드, FBA 및 FNSKU 라벨도 적용됩니다. 패키지, 봉투, 우편물, 편지, 소포, 표지판 및 임시 이름표에 널리 사용됩니다. 이름을 지정하세요. [ 천공 ]: 저희는 온라인에서 판매되는 표준 라벨을 능가합니다. 상단 라벨은 라벨을 쉽게 분리할 수 있도록 구멍이 뚫려 있습니다. 인쇄된 라벨을 천공과 함께 접어 정리할 수 있습니다. 더 이상 라벨이 지저분하지 않습니다! [ 접착제]: 극한의 온도(10°C~70°C)에서도 여전히 신뢰할 수 있습니다. 특허받은 접착제는 오래 지속되는 강력한 접착력을 제공합니다. 라벨이 벗겨져 배송이 더 이상 손실되지 않습니다. 비즈니스의 추가 마진을 즐기세요. [ 변색 및 얼룩 방지 ]: 선명한 이미지와 읽기 쉬운 바코드/FNSKU/FBA를 인쇄합니다. 색이 바래거나 번지지 않도록 하세요. 배송업체가 배송될 때까지 바코드/FNSKU/FBA를 쉽게 스캔할 수 있습니다. 바코드/FNSKU/FBA를 읽을 수 없기 때문에 저희는 모두 '발송인에게 반환'을 싫어합니다. [ 기술 지원 ]: 저희는 브랜드를 지지합니다. BETCKEY 는 아마존 메시지 이메일 전화 통화 및 원격 데스크톱 운영을 통해 평생 무료 고객 지원을 제공합니다. 도움이 필요하면 즉시 저희에게 연락하십시오.",,"['라벨', '바코드', '프린터', '호환', '천공', '롤']"
사무용품,라벨 및 스티커,다목적 라벨,,B00007M5L6,"Avery 자가 접착 제거 가능한 라벨, 0.625 x 0.87 인치, 화이트, 팩당 1050개 (05424)",AVERY,10899,10816,4.7,177.0,"라벨은 잔여물을 남기지 않고 깨끗하게 붙이고 유지되고 제거됩니다! 서랍, 용기, 상자, 선반 및 기타 매끄러운 표면에 이상적입니다. 라벨 1,050개 팩","라벨은 잔여물을 남기지 않고 깨끗하게 붙이고 유지하며 제거할 수 있습니다! 서랍, 용기, 상자, 선반 및 기타 매끄러운 표면에 이상적입니다. 글로벌 제품 유형: 라벨; 라벨 유형: 다용도; 라벨 크기 - 텍스트: 5/8 x 7/8; 디자인: 해당 없음.","['라벨', '제거', '서랍', '깨끗하다', '유지', '용기', '선반', '표면', '상자', '붙이']"
사무용품,라벨 및 스티커,다목적 라벨,,B09MFLNQZM,"MUNBYN 5.1cm(2인치) 그린 서클 열 스티커 라벨, 자체 접착 원형 직접 열 라벨, DIY 로고 디자인, QR 코드, 이름표, 재고용 다목적 롤 스티커 라벨, 750 라벨/1롤",MUNBYN,17991,17991,4.7,2836.0,"[사양] 정품 Munbyn 라벨. 원형 열 스티커 사이즈: 5.1cm(2인치) 원 (750 라벨/롤, 1롤, 그린), 종이 튜브 직경: 1.19""(30mm) 용지 롤 직경: 3.35""(85mm). 잉크 토너나 리본이 필요하지 않습니다! [고품질 인쇄] 당사의 열 라벨 용지는 선명하고 선명한 인쇄를 생성하여 읽고 스캔하기 쉽습니다. [ 강력한 호환성 ] 프린터 라벨은 MUNBYN, Rollo, iDRPT, Polono, Jiose, K Comer, LabelRange, OFFNOVA, JADENS, Phomemo, NefLaca, Zebra, MFLABEL, Arkscan, BESTEASY 및 기타 직접 감열식 프린터와 완벽하게 호환됩니다. (DYMO 및 Brother와 호환되지 않음). [강력한 접착제] 당사의 라벨은 강한 자체 접착력을 가지고 있어 혹독한 환경에서도 제자리에 고정됩니다. [방수 및 내유성] 당사의 라벨은 물과 기름에 강하여 다양한 환경에서 사용하기에 이상적입니다. [BPA 및 Bps 없음] Bpa(비스페놀 A)는 산업용 화학 물질입니다. 내분비 장애를 일으킬 수 있으며 사람들의 건강에 특정 영향을 미칠 수 있습니다. 이 종이는 bpa 및 bps와 같은 발암 물질을 함유하지 않도록 테스트되었습니다.",,"['라벨', '롤', '열', '스티커', '환경', '접착', '강하다', '그린', '물질', '선명하다']"
사무용품,라벨 및 스티커,다목적 라벨,,B01M653N9F,"BETCKEY - DYMO 30330 호환 (1.9cm x 5.1cm(3/4인치 x 2인치)) 다용도 라벨 - DYMO Labelwriter 450, 4XL 및 Zebra 데스크탑 프린터와 호환 [10롤/5000 라벨]",BETCKEY,27838,27838,4.6,3580.0,"[ 사양 ]: 19mm x 51mm(3/4인치) x 51mm(2인치) 다용도 라벨 - DYMO LW 30330 S0722550 11355 교체 - 종이 튜브 직경: 1""(25.4mm) - 10롤 및 5000 라벨 (500 라벨/롤) [ 호환 ]: DYMO LabelWriter 프린터에 적합: DYMO 450, 450 Turbo, 450 Twin Turbo, 450 Duo, DYMO 4XL & DYMO 무선 프린터, 400, 332, Zebra 및 인쇄 너비를 2cm(0.76인치)까지 조절할 수 있는 대부분의 열 라벨 프린터 유용한 팁 : RFID 칩을 요청하는 DYMO 550 및 5XL 프린터와 호환되지 않습니다. 또한 프린터 외부에 라벨을 고정하고 최소 4cm(1.57인치) 너비가 필요한 Rollo 및 Munbyn 프린터는 지원하지 않습니다. [ 다용도 라벨 ]: DYMO LW 30330 S072255011355 교체용 0.75 인치 x 2 인치 (19mm x 51mm) 라벨은 다목적 라벨입니다. 바코드 라벨 및 FNSKU 라벨도 적용됩니다. 패키지, 봉투, 우편물, 편지, 소포, 표지판 및 임시 이름표에 널리 사용됩니다. 이름을 지정하세요. [인쇄 가능 영역] : 3/4"" x 2"" (19mm x 51mm). 모든 콘텐츠는 ""인쇄 가능 영역""에 인쇄됩니다. 주로 가격표, 구별 태그 및 반품 주소 라벨로 사용됩니다. 종이, 봉투, 편지, 패키지, 병, 스크랩북, 플라스틱, 찬장 및 기타 품목에 널리 사용됩니다. [인쇄할 수 없는 영역] : 중간 선으로 분할, 0.35인치(9mm) 너비 ""인쇄할 수 없는 영역""은 프린터의 최소 너비 요구 사항에 맞게 전체 라벨의 너비를 넓히도록 설계되었습니다. [ 접착제]: 극한의 온도(10°C~70°C)에서도 여전히 신뢰할 수 있습니다. 특허받은 접착제는 오래 지속되는 강력한 접착력을 제공합니다. 라벨이 벗겨져 배송이 더 이상 손실되지 않습니다. 비즈니스의 추가 마진을 즐기세요. [ 변색 및 얼룩 방지 ]: 선명한 이미지와 읽기 쉬운 바코드를 인쇄합니다. 색이 바래거나 번지지 않도록 하세요. 배송업체가 배송될 때까지 바코드를 쉽게 스캔할 수 있습니다. 우리는 읽을 수 없는 바코드 때문에 '발신자에게 반환'을 싫어합니다.",,"['라벨', '프린터', '인쇄', '호환', '바코드', '영역', '롤', '다용']"
사무용품,라벨 및 스티커,다목적 라벨,,B00CBAPJ30,"Houselabels HL-30334-R Dymo-Compatible 다용도 라벨, 탈착식 접착제, 롤당 1000개의 라벨, 화이트",HouseLabels,17838,19570,4.3,343.0,"5.7 x 3.2cm(2-1/4 x 1-1/4인치), 직사각형, 화이트, 직접 열, BPA 프리, 탈착식 접착제, 롤 당 1,000개의 라벨. 영구 접착제가 있는 라벨과 달리, 이 라벨은 끈적한 잔여물을 남기지 않고 제거할 수 있도록 설계되었습니다. Microsoft Word, Outlook, QuickBooks 및 Act!와 같은 인기 프로그램과 완벽하게 호환됩니다. 이 라벨은 Dymo Label Writer 시리즈 프린터와 100% 호환됩니다. 이 라벨은 소매 라벨 가격 인쇄와 파일 라벨링 등 다양한 사무실 및 가정용 라벨링 응용 분야에 사용할 수 있습니다. 특히 아마존 FBA 품목 라벨 인쇄에 적합한 바코드 라벨 DYMO 프린터: 300, 310, 315, 320, 330, 400, 400 듀오, 400 트윈 터보, 450, 450 듀오, 450 터보, 450 트윈 터보, 4XL, EL40, EL60, SE300, SE450. CoStar 라벨 작: XL, XL+, BC, BC+, TURBO, SE200, SE250, ACII 200 / ASCII 250 DYMO Label Writers에 사용하도록 HouseLabels에서 판매하는 모든 라벨은 DYMO 사양에 맞는지 확인하기 위해 테스트됩니다. 라벨은 매끄럽고 밝은 흰색으로 전문적인 결과를 제공합니다. 라벨은 얼룩 방지 및 방수 및 내유성이 있습니다. 각 롤은 보호용 블랙 폴리백에 개별적으로 포장된 다음 미니 상자에 넣어 먼지, 햇빛 및 흠집으로부터 보호합니다","저희는 다음과 같은 우수한 원료로 시작합니다: (a) 고품질 직접 감열지 (80G/M2), (b) 탈착식 아크릴 접착제, (c) 흰색 유리 방출 용지 (60G/M2), (d) 탁월한 백색도, (e) 물, 기름 및 마찰 방지 용지. 라벨은 최신 기술을 사용하여 생산되며 수많은 품질 관리 검사를 거칩니다. 당사의 인증에는 ISO 9000/9001/9004/19011: 2000 등이 포함됩니다. HouseLabels는 OEM 제조업체 사양을 충족하거나 초과합니다. 저희 라벨은 Dymo 프린트 헤드를 손상시키지 않습니다. 저희는 엄격한 기준을 준수하는 최첨단 접착제 기술을 사용합니다. 저희 라벨은 깨끗한 환경에서 생산되며 먼저 보호용 폴리백에 즉시 포장한 다음 개별 미니 박스에 포장하여 먼지, 햇빛 및 흠집으로부터 보호합니다. 모든 HouseLabels 제품은 BPA 프리 제품입니다. BPA(비스페놀 A)는 1960년대부터 사용되어 온 산업용 화학 물질입니다. 특정 감열지에는 BPA가 포함될 수 있습니다. 보건 및 복지 부서의 국립 독물학 프로그램에 따르면 태아, 영아 및 어린이의 뇌, 행동 및 전립선에 BPA가 미칠 수 있는 건강 영향에 대한 ""우려""가 있다고 합니다. 안내: HouseLabels는 DYMO 브랜드 라벨을 판매하지 않습니다. ""DYMO"", ""Label Writer"" 및 기타 모든 DYMO 브랜드 제품 이름 및 SKU 상표는 DYMO Corporation의 상표입니다. DYMO Corporation은 HouseLabels에서 제작 또는 판매하는 제품을 후원하거나 보증하지 않습니다.","['라벨', '접착제', '보호', '롤', '판매', '포장', '터보', '탈착']"
사무용품,라벨 및 스티커,다목적 라벨,,B01MAXO688,"BETCKEY - DYMO 30330 호환 (1.9cm x 5.1cm(3/4인치 x 2인치)) 다용도 라벨 - DYMO Labelwriter 450, 4XL 및 Zebra 데스크탑 프린터와 호환 [2롤/1000 라벨]",BETCKEY,11066,11066,4.2,38.0,"[ 사양 ]: 3/4 인치 x 2 인치 (19mm x 51mm) 다용도 라벨 - DYMO LW 30330 S0722550 11355 교체 - 종이 튜브 직경: 1""(25.4mm) - 2 롤 및 1000 라벨 (500 라벨/롤) [ 호환 ]: DYMO LabelWriter 프린터에 적합: DYMO 450, 450 Turbo, 450 Twin Turbo, 450 Duo, DYMO 4XL & DYMO 무선 프린터, 400, 332, Zebra 및 인쇄 너비를 2cm(0.76인치)까지 조절할 수 있는 대부분의 열 라벨 프린터 유용한 팁 : RFID 칩을 요청하는 DYMO 550 및 5XL 프린터와 호환되지 않습니다. 또한 프린터 외부에 라벨을 고정하고 최소 4cm(1.57인치) 너비가 필요한 Rollo 및 Munbyn 프린터는 지원하지 않습니다. [ 다용도 라벨 ]: DYMO LW 30330 S072255011355 교체용 0.75 인치 x 2 인치 (19mm x 51mm) 라벨은 다목적 라벨입니다. 바코드 라벨 및 FNSKU 라벨도 적용됩니다. 패키지, 봉투, 우편물, 편지, 소포, 표지판 및 임시 이름표에 널리 사용됩니다. 이름을 지정하세요. [인쇄 가능 영역] : 3/4"" x 2"" (19mm x 51mm). 모든 콘텐츠는 ""인쇄 가능 영역""에 인쇄됩니다. 주로 가격표, 구별 태그 및 반품 주소 라벨로 사용됩니다. 종이, 봉투, 편지, 패키지, 병, 스크랩북, 플라스틱, 찬장 및 기타 품목에 널리 사용됩니다. [인쇄할 수 없는 영역] : 중간 선으로 분할, 0.35인치(9mm) 너비 ""인쇄할 수 없는 영역""은 프린터의 최소 너비 요구 사항에 맞게 전체 라벨의 너비를 넓히도록 설계되었습니다. [ 접착제]: 극한의 온도(10°C~70°C)에서도 여전히 신뢰할 수 있습니다. 특허받은 접착제는 오래 지속되는 강력한 접착력을 제공합니다. 라벨이 벗겨져 배송이 더 이상 손실되지 않습니다. 비즈니스의 추가 마진을 즐기세요. [ 변색 및 얼룩 방지 ]: 선명한 이미지와 읽기 쉬운 바코드를 인쇄합니다. 색이 바래거나 번지지 않도록 하세요. 배송업체가 배송될 때까지 바코드를 쉽게 스캔할 수 있습니다. 우리는 읽을 수 없는 바코드 때문에 '발신자에게 반환'을 싫어합니다.",,"['라벨', '프린터', '인쇄', '호환', '바코드', '영역', '롤', '다용']"
사무용품,라벨 및 스티커,다목적 라벨,,B01M6XW30U,"BETCKEY - DYMO 30324 호환 (5.4cm x 7.9cm(2-1/8인치 x 2-3/4인치)) 수의학 디스켓 미디어 천공 라벨, Rollo, DYMO 4XL 및 Zebra 데스크탑 프린터와 호환[10롤/4000 라벨]",BETCKEY,40026,40026,4.6,102.0,"[사양]: 5.4cm x 7cm(2-1/8인치 x 2-3/4인치) 열 라벨 - Dymo 30324 교체 - 잉크 토너나 리본이 필요하지 않습니다! 돈과 노력을 절약하세요 - 400개의 라벨/롤. 10롤 [우수한 호환성]: 모든 Dymo Labelwriter 프린터에 적합합니다: Dymo 450, Dymo 450 Turb, Dymo 450 Twin Turb, Dymo 450 Duo, Dymo 4XL 및 Dymo 무선 프린터, 400, 330, Rollo 및 Zebra 및 기타 열 라벨 프린터, Brother Q를 지원하지 않습니다. L 라벨 프린터. [유용한 팁]: DYMO 550 및 5XL RFID 칩 요청. 따라서 베케키는 다이모 550 및 5XL과 호환되지 않습니다. [강력한 접착 및 크리스탈 클리어 인쇄]: 프리미엄 등급의 소재만을 사용하므로 사용 중에 라벨이 떨어질 것인지, 주소가 이러한 사소한 것을 인식할 수 있는지 여부에 대해 걱정할 필요가 없습니다. [멀티업 라벨]: 바코드 라벨, 주소 라벨, 반품 주소 라벨, upc/SKU 라벨, 우편 라벨, 파일 폴더 및 제품 식별 및 기타 기능. [천공]: 저희는 온라인으로 판매되는 표준 라벨을 뛰어넘습니다. 프리미엄 라벨은 라벨 사이를 쉽게 분리할 수 있도록 구멍이 뚫려 있습니다.",,"['라벨', '프린터', '주소', '열', '호환', '프리미엄', '천공', '롤']"
사무용품,라벨 및 스티커,다목적 라벨,,B07PFRR2CN,"Aegis Adhesives - DYMO 30333 호환 열 라벨 교체품(1.3cm X 2.5cm (1/2인치 x 1인치)) 소형 다용도 2--Up - Labelwriter 450, 450 터보, 4XL 프린터와 함께 사용 (12롤)",Aegis Adhesives,27672,27672,4.6,648.0,"1.3 x 2.5cm(1/2 x 1인치) 직접 감열 라벨 - DYMO 30333 엑스트라 스몰 다용도 라벨용 비 OEM 교체 - Labelwriter 프린터와 호환 - 2.5cm(1인치) 코어, 12롤 / 케이스 및 1,000개의 라벨/롤. 품질 - 우리의 우선 순위: 얼룩 방지 및 변색 방지 라벨. 거의 모든 표면에 영구적으로 부착되는 더 어둡고 선명한 바코드 라벨을 인쇄하십시오. 가격표 및 기타 작은 식별 라벨에 적합합니다. 걸림 방지, 두통 없음: 라벨 걸림 및 공급 오류와 같은 시간이 많이 소요되는 프린터 문제를 피하십시오. Aegis 접착 라벨은 매우 엄격한 QC 지침을 따릅니다. 400/300 시리즈 DYMO 라벨라이터 기계와 호환됩니다: DYMO Labelwriter 450, 450 Turbo, 450 Twin Turbo, 450 Duo, DYMO 4XL, Wireless, 400, 330! 500 시리즈 프린터와 호환되지 않습니다. *안내: Aegis Adhesives 브랜드 라벨은 판매하지 않으며 DYMO Corporation은 제작하거나 판매하는 제품을 후원하거나 하지 않습니다. Aegis Adhesives.",,"['라벨', '호환', '프린터', '롤', '방지', '다용', '시리즈', '판매']"
사무용품,라벨 및 스티커,다목적 라벨,,B0CJ2NH6DS,"7.6cm(3인치) 원형 열 라벨 스티커, 자체 접착 원형 직접 열 라벨, DIY 디자인용 다목적 빈 스티커 라벨, 라벨 500개 롤, 핑크",TuSamper,20761,20761,4.5,47.0,"강한 접착력: 열 라벨은 다양한 종류의 재료의 표면에 단단히 부착될 수 있으며 쉽게 떨어지지 않습니다. 인쇄 가능 및 쓰기 가능: 열전사 프린터를 사용하여 라벨에 좋아하는 패턴을 만들 수 있습니다. 열전사 프린터가 없더라도 영구 마커를 사용하여 스티커에 좋아하는 패턴이나 텍스트를 디자인할 수 있습니다. 방수 및 내유성: 라벨 표면에 물이나 기름이 묻는 것에 대해 걱정할 필요가 없습니다. 쉽게 닦아낼 수 있습니다. 욕실, 주방 및 사무실에서 사용하기에 적합합니다. 고온 저항: 라벨 스티커는 고온 환경에서도 변형되지 않습니다. 라벨에 좋아하는 패턴을 만들어 컵이나 도시락에 붙일 수 있습니다. 광범위한 호환성: TuSamper 열전사 프린터 라벨은 MUNBYN, Rollo, Beeprt, iDRPT, Polono, Jiose, OFFNOVA, JADENS, Phomemo, NefLaca, Zebra 및 기타 열 프린터와 완벽하게 호환됩니다. (DDYMO 및 Brother와 호환되지 않음).",,"['라벨', '스티커', '열', '프린터', '전사', '패턴', '접착', '디자인', '원형', '표면']"
사무용품,라벨 및 스티커,다목적 라벨,,B085C14J7W,"Phomemo Phomemo M110/M110S/M120/M200/M220 라벨 메이커용 다목적 자체 접착 원형 라벨, 바코드 라벨, DIY L용 열 라벨 Bogo 디자인, Bogo 화이트 바탕에 블랙",Phomemo,12451,12451,4.6,1250.0,"제품 사이즈- 20 x 20mm (0.78""x0.78""); 색상: 화이트; 롤당 라벨: 300. 화이트 바탕에 블랙. 원형 라벨 20x20mm 템플릿을 사용하여 라벨을 인쇄하십시오. 다용도 라벨 - 다양한 라벨 크기로 다양한 용도로 사용할 수 있습니다. 이 사이즈 라벨을 사용하여 가격 라벨, 바코드 라벨, DIY 로고 라벨 등을 만들 수 있습니다. 열 라벨 특징 - Phomemo 자체 접착 다목적 라벨은 방수, 내유성, 내마모성, 강한 접착력 및 BPA 프리 제품입니다. 투명 인쇄 - 직접 열전사 인쇄 기술은 지저분하고 값비싼 잉크나 토너 없이 선명한 글자를 제공합니다. 호환 가능 - Phomemo-M110/M110S/M120/M200/M220 열 라벨 프린터.",,"['라벨', '화이트', '접착', '인쇄', '열', '자체', '원형', '다목적', '바코드', '바탕']"
사무용품,라벨 및 스티커,다목적 라벨,,B000HEZD74,"Dymo 13mm x 25mm LW 소형 다목적 라벨, 1000개의 이지 필 라벨 롤, 자체 접착, LabelWriter 라벨 메이커용, 정품",DYMO,19390,19390,4.6,676.0,정품 DYMO 라벨은 선명하고 읽기 쉬운 텍스트를 제공합니다. 다양한 용도에 적합합니다 직접 열 인쇄로 지저분하고 값비싼 잉크나 토너를 제거합니다 벗겨지기 쉬운 라벨은 빠르고 정확한 라벨링을 위해 사용하기 쉽습니다 롤로 포장되어 낭비 없이 LW 라벨 1개 또는 수백 개의 라벨을 빠르게 인쇄할 수 있습니다 DYMO LabelWriter 450 시리즈 및 4XL 라벨 메이커와 호환됩니다. 벨기에에서 제작,다양한 라벨링 요구 사항에 이상적인 솔루션인 DYMO LW 다목적 라벨은 사무실을 쉽게 정리할 수 있습니다. 이 라벨은 번지거나 번지지 않는 열 전사 과정을 통해 생생한 흑백 레터링을 인쇄합니다. DYMO 라벨로 모든 것을 명확하게 식별하고 정리하세요.,"['라벨', '링', '인쇄', '열', '메이커', '다목적', '쉽다', '빠르다', '정리']"
사무용품,라벨 및 스티커,다목적 라벨,,B01LZJMT19,"BETCKEY - Brother DK-1204 (1.7cm x 5.3cm/0.68인치 x 2.1인치)용 호환 다목적 주소 라벨 교체품, Brother QL 라벨 프린터와 함께 사용 [10롤/4000 라벨]",BETCKEY,33226,33226,4.5,55.0,"[사양 ]: 0.66"" x 2.1"" (17mm x 54mm) - 10롤 & 4000 라벨 (400 라벨/롤) - Brother DK-1204 다이컷 다목적 주소 라벨 교체 [ 호환]: Brother QL 라벨 프린터 범위와 100% 호환 가능 범위: QL-500 QL-550 QL-570 QL-580N QL-650TD QL-700 QL-710W QL-720NW QL-800 QL-810N QL-820NWB QL-1050 QL-10 QL-10 QL-10 QL-10 QL-10 QL-1050 QL-10600 N QL-1100 QL-1110NWB [사전 설치된 리필 가능한 카트리지 ]: 전문적이고 사용자 친화적인 솔루션을 제공합니다. 오프린트, 주름 및 정렬 불량 위험을 줄여줍니다. 적은 노력으로 모든 롤을 쉽게 로드하고 업로드할 수 있습니다. 비즈니스 붐을 때 더 이상 번거롭지 않습니다. [다목적 라벨 ]: 브라더 DK-1204를 위한 0.66 x 2.1 인치 (17mm x 54mm) 다목적 라벨은 다용도 라벨입니다. 반품 주소 라벨 및 바코드 라벨도 적용됩니다. 패키지, 봉투, 우편, 편지, 소포, 표지판 및 임시 이름표에 널리 사용됩니다. 이름을 붙였습니다. [상단 접착제]: 극한의 온도(10°C~158°F)에서도 여전히 신뢰할 수 있습니다. 특허받은 상단 접착제는 오래 지속되는 강력한 접착력을 제공합니다. 라벨이 벗겨져 배송이 분실되지 않습니다. 비즈니스의 추가 마진을 즐기세요. [ 변색 및 얼룩 방지 ]: 수정처럼 선명한 이미지와 읽기 쉬운 바코드를 인쇄합니다. 색이 바래거나 번지지 않습니다. 배송업체가 배송될 때까지 쉽게 스캔하고 읽을 수 있습니다. 읽을 수 없는 바코드와 정보 때문에 우리 모두는 '발신자에게 반품'을 싫어합니다. [ 기술 지원 ]: 저희는 저희 브랜드를 지원합니다. BETCKEY는 아마존 메시지 이메일 전화 통화 및 원격 데스크톱 작동을 통해 평생 무료 고객 지원을 제공합니다. 도움이 필요하면 즉시 문의하십시오.",,"['라벨', '다목적', '롤', '호환', '주소', '바코드', '범위', '이름', '프린터', '접착제']"
사무용품,라벨 및 스티커,다목적 라벨,,B001BO0BQC,BAZIC 1.3cm X 1.9cm 화이트 다용도 라벨 (510/팩),Bazic,8988,10789,4.3,8.0,라벨/시트 30개 라벨 510개 화이트 다목적,,"['화이트', '라벨', '시트', '다목적', '다용']"
사무용품,라벨 및 스티커,다목적 라벨,,B0CRR59WKW,"데이케어 라벨 128개, 재사용 가능한 방수 아기 젖병 라벨, 다용도 학교 이름 라벨, 아동용 물병 도시락 상자 (128)",Nawcoy,9681,9681,4.6,11.0,"【어린이집 라벨 128개】어린이 용품을 위한 128개의 라벨을 받게 됩니다. 패키지에는 충분한 수의 이름 라벨이 포함되어 있습니다. 철자가 틀리거나 아이들을 위한 맞춤형 라벨 몇 개를 잘못 배치한 경우에도 충분한 수의 라벨을 사용하면 어린이집 병 라벨을 더 자유롭게 쓰고 사용할 수 있습니다. 【두 가지 사이즈의 병 라벨 어린이집】학교 방수용 두 가지 크기의 아동용 라벨을 받게 됩니다. 큰 라벨은 길이 6cm(2.37인치), 너비 1.6cm(0.65인치)입니다. 학교 방수 기능을 위해 어린이 라벨에 자녀의 전체 이름을 쓸 수 있습니다. 아기 젖병 어린이집의 작은 라벨은 길이 4cm(1.57인치), 너비 1.6cm(0.6인치)입니다. 제품을 개봉한 날짜나 짧은 이름을 쓸 수 있습니다. 병 병 라벨 라벨 병 병 라벨 재사용 가능. 【아동용 방수 이름 라벨】다른 일반 이름 라벨과 달리. 이 병 라벨은 내구성이 뛰어나고 착용하기 쉬우며 투명 필름 디자인은 물, 기름, 알코올 등의 부식을 효과적으로 방지합니다. 식기 세척기에서 어린이집 라벨을 세척해도 정상적으로 사용할 수 있습니다. 탁아용 젖병 라벨을 제거한 후 잔여물이 거의 없어 보기 흉한 젤 자국이 남지 않습니다. 【쉬운 사용】커버를 들어 올려 어린이 물건을 위한 라벨에 무언가를 먼저 쓴 다음 반투명 커버에 반투명 종이를 벗겨내고 텍스트 위에 투명 커버를 눌러 방수 밀봉을 만들 수 있습니다. 마지막으로 학교 방수용 아동용 라벨을 깨끗하고 건조한 물체에 부착할 수 있습니다. 아이들을 위한 이름 라벨을 사용하면 몇 가지 간단한 단계로 삶을 더 편리하게 만들 수 있습니다 【다양한 용도】이 탁아소용 이름 라벨은 유리 및 플라스틱과 같은 대부분의 매끄러운 표면에 단단히 붙일 수 있습니다. 어린이집 라벨은 스낵 그릇, 도시락 액세서리, 작은 장난감, 아기 병 등을 정리하는 데 사용할 수 있습니다. 유치원이든 부엌이든 물건을 깔끔하고 질서 있게 분류할 수 있으므로 사용할 때 필요한 것을 빠르게 찾을 수 있습니다.",,"['라벨', '이름', '어린이집', '방수', '아동', '학교']"
사무용품,라벨 및 스티커,다목적 라벨,,B0B4QXWSDD,"Phomemo 40x30mm(1.57x1.18인치) 라벨, 6롤 M110/M110S/M120/M200/M220 감열지 - 다목적 사각 자체 접착 라벨, 230 라벨/롤, B. 화이트 바탕에 부족함",Phomemo,44306,44306,4.8,101.0,"√ 6롤 감열지 - 40x30mm(1.57x1.18인치), 라벨/롤 230개, 화이트 바탕에 블랙. 가격 라벨, 바코드 라벨, 제품 태그 등에 적합합니다. √ Phomemo M110/M110S/M120/M200/M220 열 라벨 프린터와 호환됩니다. √ 열 라벨 특징 - Phomemo 자체 접착 다목적 라벨은 방수, 내유성 및 강한 접착력을 제공합니다. √ 투명 인쇄 - 직접 열전사 인쇄 기술로 지저분함, 잉크 또는 토너 없이 선명한 글자를 제공합니다. 원클릭 인쇄로 시간과 노력을 절약할 수 있습니다. 스마트 앱은 다양한 글꼴, 필터 효과 및 테마를 제공합니다. 다용도 - 다양한 라벨 크기로 다양한 용도로 사용할 수 있습니다. 이 작은 사이즈를 사용하여 유효 날짜 알림, 가격 라벨 등을 만들 수 있습니다.",,"['라벨', '롤', '접착', '인쇄', '열', '화이트', '자체', '바탕', '다목적', '감열지']"
사무용품,라벨 및 스티커,다목적 라벨,,B0CNDD6TR1,MESS 용기용 식품 라벨 - 주방용 탈착식 라벨(96팩) 정리용 지울 수 있는 라벨 - 용기용 식품 라벨 - 냉동고 및 냉장고 화이트 드라이 지우개 라벨 - 병용 라벨,MESS,13836,13836,4.5,125.0,"붙어 있음 - MESS Erasable 라벨로 번거롭지 않은 라벨 제작 경험을 즐기세요. 더 이상 라벨이 용기에서 떨어지거나 잔여물이 남을 염려가 없습니다. 저희 라벨은 원하는 때까지 붙어 있어 청소 시간과 노력을 절약할 수 있습니다. 음식물 쓰레기의 끝 - 내부에 무엇이 들어 있고 얼마나 오래되었는지 확인하세요. 이 식품 용기 라벨은 점심이나 남은 음식에 적합합니다. 음식이 보관된 요일을 쉽게 알 수 있습니다. 파이처럼 쉬움 - 영구 마커로 메시지를 간단히 적어보세요. 용기의 내용물이 끝나면 지우개로 지우십시오. 깨끗하게 닦아서 재사용하십시오. 병 라벨로도 사용할 수 있습니다. 반복해서 라벨을 붙일 필요가 없습니다 - 식기세척기, 전자레인지 및 냉동고 사용 가능 - 100% 방수. 식기 세척기(상단 랙)에서 반복적으로 세척하고 재사용하십시오. 주방이나 식료품 저장실에 라벨을 완벽하게 정리할 수 있습니다. 다용도 - 지울 수 있는 탈착식 빈 스티커는 식사 준비 용기, 통조림 라벨, 메이슨 병 라벨 또는 냉장고 정리에 적합합니다. 냉동고 테이프보다 훨씬 좋습니다! 지우개와 마커는 포함되지 않습니다.",,"['라벨', '용기', '냉동고', '정리', '식품', '지우개', '음식', '재사용', '반복', '냉장고']"
사무용품,라벨 및 스티커,다목적 라벨,,B00V5H9AGW,"5.7 x 1.9cm(2.25 x 0.75인치) 직접 열 라벨 - Rollo 라벨 프린터 및 Zebra 데스크탑 프린터와 호환 - 2.5cm(1인치) 코어, 다용도 UPC 바코드 주소 라벨, 접착 및 천공 - 2롤, 1700/롤",OfficeSmartLabels,43835,43835,4.6,24.0,"[사양]: 2.25""x0.75"" (57.15mm x 19.05mm) - [4롤, 총 6800] - 1"" 코어 (25.4mm) - 손쉬운 라벨 작업 향상을 위한 천공 - 잉크, 토너 또는 리본이 필요하지 않습니다! [주요 특징]: 습기 및 오일 배리어 열 스티커 라벨로 탑 코팅되어 방수 기능이 오래 지속됩니다. 번짐, 번짐, 긁힘 방지 - 강력한 영구 접착제. 거의 모든 표면에 붙이고 안전하게 유지됩니다 [넓은 호환성]: ROLLO & ZEBRA 데스크탑 프린터와 호환 | Eltron | Fargo | Sato | Datamax | Intermec | Arkscan | TSC | WASP 및 너비 조절 기능이 있는 대부분의 열 프린터와 호환 가능 - *DYMO 및 Brother 프린터와 호환되지 않습니다 [프리미엄 상업용 등급]: 매끄럽고 선명한 인쇄 경험 - 밝은 흰색 둥근 모서리 라벨 스티커 - 바코드 스티커, FBA 라벨, 우편 라벨, QR 코드 라벨, 재고 스티커 바코드, UPC 라벨, 우편물, 명표 라벨, 보관함에 적합합니다. [호환 프린터] LP2824, LP2824Z, TLP2824, TLP2824Z, LP2844, LP2844Z, LP3844Z, TLP2844, TLP2844Z, TLP3842, TLP3844Z, GX420D, GX430D, ZD620, ZD620, ZD620, ZD620, D420. GT800, GC420D, ZD410, OS-214ODZ, OS-214PLUS, TSC TA200, TA300, TDP-244, TDP-345, TTP-225, TTP-243 PRO, TTP-243E PRO, TTP-244 PLUS, TTP-24CE, TTP-24444CE, TTP-244CE, TTP-244CE, TTP-24CE, TTP-244CE, TTP-244CE, TTP-45C, TTP-247, TTP-323, TTP-342 PRO, TTP-343C, TTP-345, DA402, GC420T, GK420D, GK420T, GX430T, LP 2844, LP 2844-Z, S4M, TLP 2844, 2844-Z, 3844-Z, 384-Z, ZT220. , ZT230 등.",,"['라벨', '프린터', '호환', '스티커', '롤', '열', '바코드', '데스크탑', '코어', '천공']"
사무용품,라벨 및 스티커,다목적 라벨,,B0C1XH1Y33,"식품 용기, 냉동고, 냉장고용 재사용 가능한 다용도 빈 라벨 - 정리용 라벨 120개 - 지울 수 있는 주방 라벨 - 탈착식 라벨 - 병, 보관, 식료품 저장실용 라벨 (빈 라벨)",RichCat Design,16606,16606,4.5,164.0,"주방 정리: 이 빈 라벨은 모든 종류의 용기, 병 또는 상자에 식품, 향신료, 조미료 등을 정리하는 데 적합합니다. 주방을 쉽게 깔끔하게 유지하세요. 쓰기 및 지우기: 펜이나 마커로 라벨을 쓰고 다시 쓰고, 젖은 천이나 스폰지로 쉽게 지울 수 있습니다. 이 라벨은 반복해서 사용할 수 있어 라벨 제작 요구 사항에 맞는 비용 효율적이고 실용적인 솔루션입니다. 내구성 및 재사용 가능: 이 라벨은 고품질 소재로 만들어져 반복적인 사용, 청소 및 취급을 견딜 수 있도록 설계되었습니다. 집안의 모든 공간을 정리할 수 있는 오래 지속되는 친환경 솔루션입니다. 방수 및 식기세척기 사용 가능: 이 라벨은 물, 습기 및 식기 세척기 사이클을 색이 바래거나 벗겨지지 않도록 설계되어 주방, 욕실 또는 사무실의 용기에 라벨을 붙이기에 적합합니다. 편리한 사이즈 및 디자인: 6.4 x 6.4cm(2.5 x 2.5인치)의 이 라벨은 대부분의 용기와 병에 맞으며 세련되고 미니멀한 디자인이 특징입니다. 끈적이는 잔여물을 남기지 않고 쉽게 붙이고 제거할 수 있습니다.",,"['라벨', '정리', '용기', '주방', '반복', '솔루션', '식품', '실용', '재사용', '디자인']"
사무용품,라벨 및 스티커,다목적 라벨,,B09S9P7BH9,"BETCKEY - 57mm x 32mm(2.25인치 x 1.25인치) UPC 바코드 및 다용도 라벨, Zebra & Rollo 라벨 프린터와 호환, 프리미엄 접착제 및 천공 [16롤, 16000개 라벨]",BETCKEY,67851,67851,4.5,142.0,"[ 사양 ]: 2.25 in x 1.25 in (57 mm x 32 mm) (1,000 라벨/롤, 16 롤), 종이 튜브 직경: 1""(25.4mm). 잉크 토너나 리본이 필요하지 않습니다! 돈과 노력을 절약하세요. [ 우수한 호환성 ]: Zebra, Rollo, Eltron, Intermec, Datamax, Fargo, Sato, NEX 및 인쇄 너비를 5.7cm(2.25인치)까지 조절할 수 있는 대부분의 열 라벨 프린터에 적합합니다. [유용한 팁]: DYMO 및 Brother 라벨 프린터를 지원하지 않습니다. [ 천공 ]: 저희는 온라인에서 판매되는 표준 라벨을 능가합니다. 라벨은 라벨을 쉽게 분리할 수 있도록 구멍이 뚫려 있습니다. 인쇄된 라벨을 천공과 함께 접어 정리할 수 있습니다. 더 이상 라벨이 지저분하지 않습니다! [ 접착제]: 극한의 온도(10°C~70°C)에서도 여전히 신뢰할 수 있습니다. 특허받은 접착제는 오래 지속되는 강력한 접착력을 제공합니다. 라벨이 벗겨져 배송이 더 이상 손실되지 않습니다. 비즈니스의 추가 마진을 즐기세요. [ 변색 및 얼룩 방지 ]: 선명한 이미지와 읽기 쉬운 바코드를 인쇄합니다. 색이 바래거나 번지지 않도록 하세요. 배송업체가 배송될 때까지 바코드를 쉽게 스캔할 수 있습니다. 우리는 읽을 수 없는 바코드 때문에 '발신자에게 반환'을 싫어합니다. [ 기술 지원 ]: 저희는 브랜드를 지지합니다. BETCKEY 는 아마존 메시지 이메일 전화 통화 및 원격 데스크톱 작동을 통해 평생 무료 고객 지원을 제공합니다. 도움이 필요하면 즉시 저희에게 연락하십시오.",,"['라벨', '바코드', '프린터', '인쇄', '롤', '천공', '접착제']"
사무용품,라벨 및 스티커,다목적 라벨,,B0CWNHX51X,"PM220 라벨 메이커용 열 라벨, 50mm(2인치) 원형 열 라벨, 방수, 다목적 라벨 테이프, 150장 자체 접착 감열지 1롤 (투명)",Nelko,24916,16606,4.4,49.0,"【사양】라벨 크기: 50mm(2인치). 수량: 1 롤, 150 라벨. 색상: 투명. Nelko PM220 라벨 메이커와 호환되는 정품 테마 라벨 테이프는 다른 라벨 메이커에서는 작동하지 않을 수 있습니다. 【공지】롤 측면의 라벨 메이커 테이프는 RFID 식별을 위한 인쇄 센서 칩이 포함되어 있어 Nelko PM220 라벨 메이커와 호환됩니다. 인쇄 품질에 영향을 줄 수 있으므로 스티커가 찢어지거나 손상되지 않도록 하십시오. 【BPA/BPS 프리】Nelko 제품은 이 열 라벨에 BPA 및 BPS가 없음을 하면서 인쇄 요구 사항을 충족하는 제품을 제공하는 것을 목표로 합니다. 잉크 토너나 리본이 필요하지 않아 비용을 절약하고 걱정할 필요가 없습니다. 【고품질】이 열 라벨은 최고 품질의 소재, 접착제 및 탑 코트를 사용하여 최고의 품질을 달성합니다. 라벨에는 거의 모든 표면에 부착할 수 있는 고성능 접착층이 포함되어 있습니다. 강한 접착력, 내마모성, 온도 저항, 방수, 내유성 및 찢어짐 방지 기능으로 비즈니스와 가정에 자신 있게 부착할 수 있습니다. 【다양한 사용】Nelko 열 라벨은 고객의 다양한 인쇄 요구 사항을 충족하기 위해 최선을 다하고 있습니다. 의류, 공예품, 소매점, 보석 등 중소기업 어디에서나 라벨을 즐기세요. 라벨 주소, 바코드, 운송, 가격, 날짜, 재료 및 제품 라벨링. 크리스마스, 할로윈, 추수감사절, 아버지의 날, 어머니의 날과 같은 다양한 행사에 적합하며 직장과 일상 생활에 매우 편리합니다.",,"['라벨', '열', '메이커', '인쇄', '롤', '접착', '테이프']"
사무용품,라벨 및 스티커,다목적 라벨,,B0CQP9QKPM,"5.1cm(2인치) 핑크 원형 열 라벨, 컬러 열 라벨, MUNBYN, Nelko, Rollo, JADENS 및 기타 열 프린터와 호환되는 다목적 스티커 라벨 롤 - (50mm x 50mm) 750 라벨/1롤",Memoking,17991,17991,4.5,14.0,"【 강력한 호환성】- MUNBYN 감열식 프린터, Nelko 감열식 프린터, JADENS 감열식 프린터, ROLLO 감열식 프린터 및 OMEZIZY, PHEMEMO, ITARI, IDRPT, POLONO, JIOSE, KCOMER, LABELRANGE, OFFNOVA, PHOMEMOMOMO와 같은 기타 브랜드의 감열식 라벨 프린터와 호환되는 열 라벨/스티커 라벨. ,, 네플라카에 BEEPRT, NefLaca (Dymo 또는 Brother와 호환되지 않음) 【상업용 등급 스티커】5.1 x 5.1cm(2 x 2인치) 색상의 핑크 열 라벨, 롤당 750개의 라벨. 잉크나 토너가 필요하지 않습니다. 직접 열 라벨은 투명하고 자체 접착력이 있으며 쓰기 가능한 인쇄로 비즈니스와 생활에 적합합니다. 【친환경】BPA 및 Bps 없음: Bpa (비스페놀 A)는 산업용 화학 물질로 내분비 장애를 일으키고 사람들의 건강에 특정 영향을 미칠 수 있습니다. 이 종이는 BPA 및 Bps와 같은 발암 물질을 함유하지 않도록 테스트되었습니다. 【좋은 품질】 당사의 스티커 라벨은 방수 및 내유성이 있어 다양한 환경에서 사용하기에 이상적이며 라벨은 자체 접착력이 뛰어나 혹독한 환경에서도 라벨이 벗겨지지 않습니다. 【생활과 비즈니스에서 널리 사용】 스티커 라벨로 브랜드와 제품을 돋보이게 하세요! 평범한 스티커 그 이상입니다. 풍부하고 생생하며 생생한 색상으로 포장을 밝게 하고 모든 사람의 관심을 끌 것입니다. 이 열 스티커는 선물 포장, 인사말 카드 스티커, 감사 카드 봉투, 부케, 가방, 캔디 백, 결혼 선물, 향기 나는 목욕 비누, 와인 병 및 병 등에 널리 사용할 수 있습니다.",,"['라벨', '스티커', '열', '프린터', '식', '롤', '호환']"
사무용품,라벨 및 스티커,다목적 라벨,,B08NBGQ641,"Phomemo M110 라벨 프린터 용지 40x30mm(1.57x1.18인치) 690 라벨, 다목적 사각형 자체 접착 라벨 M110/M110S/M120/M200 라벨 프린터, 화이트 바탕에 블랙",Phomemo,23531,23531,4.8,191.0,"[ 세부 사항] 사이즈: 너비 1.57""(40mm) x 길이: 1.18인치(30mm), 수량: 3롤, 색상: 화이트 바탕에 블랙. 팁: 용지의 화살표에 표시된 방향으로 용지를 약 1-2개의 원으로 늘린 다음 홀더를 조이거나 걸리십시오. [ 100% 호환 ] 흰색 스티커 용지에 검은색 스티커 용지를 사용하는 열 라벨 메이커와 함께 작동: Phomemo M110 M120 M200 M220 휴대용 라벨 프린터. [잉크나 토너 필요 없음] Phomemo 라벨 메이커는 감열식 프린터이므로 잉크가 필요하지 않으며 비용을 절약할 수 있습니다. 가정이나 사무실 정리에 적합합니다. 돈을 절약하세요. [ 강력한 실용성 및 쉬운 벗겨짐] 감열지는 주방과 문서를 분류하고 물건을 표시하는 등 실외 또는 실내 공간에서 사용할 수 있습니다. 게다가, 특별히 설계된 커팅 라인은 릴리즈 페이퍼를 더 쉽게 벗겨내는 것입니다. [ 광범위한 사용] 플라스틱, 종이, 금속, 목재 및 유리에 부착되는 라벨 프린터 용지는 사무용품, 전자 액세서리, 도구, 주방 용품, 차고 장비, 용기, 공급 캐비닛, 보관 상자, 개인 용품, 공예품, 선물, 파일 등을 라벨링하여 물건을 식별하고 빠르게 정리할 수 있습니다.",,"['라벨', '용지', '프린터', '스티커', '잉크', '절약', '정리', '주방', '물건', '바탕']"
사무용품,라벨 및 스티커,다목적 라벨,,B07576GZVK,"Daycare Labels 밸류 팩 - 병 라벨(다목적 화이트) 및 의류 라벨(브라이트 화이트), 방수 라벨, 다용도 라벨",Lil' Labels,17991,17991,4.4,203.0,"다목적 화이트 방수 라벨 밸류 팩. 쉽게 쓸 수 있는 이름 라벨. 아기 젖병 라벨 1팩 및 의류 라벨 1팩. 병 라벨: 식기 세척기와 전자레인지 사용 가능. 셀프 라미네이팅. 1.) 아기의 이름을 적어보세요. 2.) 오버레이 플랩에서 뒷면을 떼어내고 필기 위로 눌러 밀봉합니다. 3.) 깨끗하고 건조한 상태에서 병에 붙이세요. 의류 라벨: 다림질, 세탁기 및 건조기 사용 가능. 1.) 자녀의 이름을 적고 말리십시오. 2.) 벗겨서 의류 라벨이나 관리 태그에 붙이세요. 3.) 최대한의 접촉을 보장하기 위해 부드럽게 내립니다. 의류 라벨과 병 라벨 모두에 볼펜이나 끝이 뾰족한 영구 마커를 사용하십시오. 당사의 모든 제품은 귀하와 가족을 위해 신뢰할 수 있는 소재로 고품질 표준에 따라 미국에서 완전히 제작, 제조 및 디자인되었다고 자랑스럽게 생각합니다.",,"['라벨', '의류', '이름', '화이트', '방수', '아기', '다목적']"
사무용품,라벨 및 스티커,다목적 라벨,,B009FTMFGO,"Avery 인쇄 가능한 다목적 탈착식 라벨, 5.1 x 10.2cm(2 x 4인치), 화이트 라벨, 쓰기 또는 인쇄, 정리 프로젝트에 적합, 맞춤형 빈 라벨 100개(5444)",AVERY,8226,8226,4.7,2401.0,"배송 라벨, 제품 라벨, 포장 라벨, 보관함 라벨, 재고 라벨 등으로 적합한 다용도 스티커 라벨로 라벨 제작 작업을 간소화하세요 대부분의 매끄러운 표면에서 강하게 유지하면서도 깨끗하고 쉽게 제거할 수 있도록 설계된 강력하고 탈착식 자체 접착제로 필요에 따라 Avery 라벨을 쉽게 제거할 수 있습니다 빠르고 쉽게 개인화할 수 있도록 라벨에 손으로 쓰거나 레이저 및 잉크젯 프린터 모두에 최적화된 10.2 x 15.2cm(4 x 6인치) 라벨 시트로 선명한 텍스트와 선명한 그래픽을 인쇄하십시오 Avery Design & Print Online을 사용하여 맞춤형 라벨을 만드세요. 템플릿, 디자인 및 사용하기 쉬운 도구를 제공하여 전문가 품질의 라벨을 만들 수 있습니다 가정, 직장 또는 이동 중에도 정리하기에 완벽한 라벨은 휴대가 쉽고 재사용이 용이하도록 설계된 편리한 소형 포장으로 제공됩니다. 이 제품에는 100개의 흰색 5.1 x 10.2cm(2 x 4인치) 라벨이 함께 제공됩니다","Avery 5444 탈착식 다용도 라벨 100팩으로 작업 흐름을 단순화하고 정리하세요. 이 5.1 x 10.2cm(2 x 4인치) 흰색 라벨은 상자, 봉투, 패키지 등에 편리하게 라벨을 붙일 수 있도록 쉽게 찾을 수 있습니다. 빠른 라벨 변경 또는 업데이트에 완벽한 이 스티커 라벨은 대부분의 매끄러운 표면에 단단히 부착되지만 필요할 때 깨끗하게 벗겨지는 탈착식 접착제로 뒷받침됩니다. 손으로 라벨을 맞춤 설정하거나 Avery Design & Print Online과 사용 가능한 라벨 템플릿을 사용하여 맞춤형 라벨을 디자인하고 필요에 따라 레이저 또는 잉크젯 프린터에 인쇄하십시오. 정리, 배송 라벨, 라벨 이동, 포장 라벨 등을 위한 나만의 라벨을 만드세요. 각 10.2 x 15.2cm(4 x 6인치) 시트에는 빠르게 부착할 수 있는 두 개의 라벨이 포함되어 있어 제품 라벨과 박스 라벨 이동부터 끊임없이 변화하는 재고 우편 및 관리에 이르기까지 모든 것에 이상적입니다. 또한 편리하고 컴팩트한 포장은 쉽게 운반하고 재사용할 수 있도록 설계되어 필요한 곳 어디에나 라벨을 휴대할 수 있습니다. 라벨링의 번거로움을 없애고 Avery 라벨이 만들 수 있는 차이를 발견하세요. 이 제품에는 100개의 라벨이 포함되어 있습니다.","['라벨', '탈착', '인쇄', '정리', '포장', '맞춤']"
사무용품,라벨 및 스티커,다목적 라벨,,B071YN85Y9,"BETCKEY - 57mm x 32mm(2.25인치 x 1.25인치) UPC 바코드 및 Zebra 및 Rollo 라벨 프린터와 호환되는 다용도 라벨, 프리미엄 접착 및 천공 [6롤, 6000 라벨]",BETCKEY,33226,33226,4.5,60.0,"[ 사양 ]: 2.25 in x 1.25 in (57 mm x 32 mm) (1,000 라벨/롤, 6 롤), 종이 튜브 직경: 1""(25.4mm). 잉크 토너나 리본이 필요하지 않습니다! 돈과 노력을 절약하세요. [ 우수한 호환성 ]: Zebra, Rollo, Eltron, Intermec, Datamax, Fargo, Sato, NEX 및 인쇄 너비를 5.7cm(2.25인치)까지 조절할 수 있는 대부분의 열 라벨 프린터에 적합합니다. [유용한 팁]: DYMO 및 Brother 라벨 프린터를 지원하지 않습니다. [ 천공 ]: 저희는 온라인에서 판매되는 표준 라벨을 능가합니다. 라벨은 라벨을 쉽게 분리할 수 있도록 구멍이 뚫려 있습니다. 인쇄된 라벨을 천공과 함께 접어 정리할 수 있습니다. 더 이상 라벨이 지저분하지 않습니다! [ 접착제]: 극한의 온도(10°C~70°C)에서도 여전히 신뢰할 수 있습니다. 특허받은 접착제는 오래 지속되는 강력한 접착력을 제공합니다. 라벨이 벗겨져 배송이 더 이상 손실되지 않습니다. 비즈니스의 추가 마진을 즐기세요. [ 변색 및 얼룩 방지 ]: 선명한 이미지와 읽기 쉬운 바코드를 인쇄합니다. 색이 바래거나 번지지 않도록 하세요. 배송업체가 배송될 때까지 바코드를 쉽게 스캔할 수 있습니다. 우리는 읽을 수 없는 바코드 때문에 '발신자에게 반환'을 싫어합니다. [ 기술 지원 ]: 저희는 브랜드를 지지합니다. BETCKEY 는 아마존 메시지 이메일 전화 통화 및 원격 데스크톱 작동을 통해 평생 무료 고객 지원을 제공합니다. 도움이 필요하면 즉시 저희에게 연락하십시오.",,"['라벨', '바코드', '천공', '프린터', '인쇄', '롤', '접착제', '접착']"
사무용품,라벨 및 스티커,다목적 라벨,,B07C2GZLZP,Spartan Industrial - DYMO 773004-2.5 X 5.4cm(1 X 2-1/8인치) 다용도 UPC 바코드 리턴 주소 라벨용 호환 라벨 (10팩),SPARTAN INDUSTRIAL,27672,27672,4.6,929.0,"사양: 호환 가능한 30336 다용도 교체 라벨 - 2-1/8인치 라벨. 라벨 500개 / 롤. 10롤 / 케이스. 당사의 1 X 2-1/8 라벨 리필은 DYMO 30336 라벨을 반품 라벨, 주소 라벨, FBA 및 UPC 라벨로 대체합니다. 100% 호환: 호환 가능한 소형 다목적 라벨은 저렴한 가격으로 오리지널 제품과 잘 작동합니다! 종종 라벨 메이커 및 기타 열 라벨 프린터 기계는 다른 일반 라벨 롤을 사용할 때 끔찍하고 시간이 많이 걸리는 걸림 및 기타 문제를 경험합니다. 저희는 최고 등급의 버진 종이만을 사용하기 때문에 Spartan 산업용 라벨은 이러한 골칫거리를 없애고 100% 호환됩니다. 변색 방지 및 신뢰성: Spartan 산업용 라벨은 햇빛 아래서 또는 테이프로 덮었을 때 색이 바래지 않고 선명한 이미지를 인쇄하는 새롭고 독특한 소재를 사용합니다. 또한, 호환되는 30336 교체 라벨은 모든 표면에 안전하고 영구적으로 부착되는 프리미엄 등급 접착제를 사용합니다. 이 라벨은 FBA 및 기타 포장 목적으로 바코드 및 UPC 라벨로 적합합니다. 이 30336 교체용 반품 라벨은 봉투, 우편 및 편지에 안전하게 라벨을 붙이는 데에도 적합합니다 호환 프린터: DYMO Label Writer 400, DYMO 400 Turbo , DYMO 400 Duo , DYMO 450 , DYMO 450 Turbo , DYMO 450 Twin Turbo , DYMO 4XL. 안내: Spartan Industrial은 DYMO 브랜드 라벨을 판매하지 않습니다. DYMO "","" Label Writer "" 및 기타 모든 DYMO 브랜드 제품 이름 및 SKU 상표는 DYMO Corporation의 상표입니다. DYMO Corporation은 에서 제작하거나 판매하는 제품을 후원하거나 하지 않습니다. Spartan Industrial.",,"['라벨', '호환', '롤']"
사무용품,라벨 및 스티커,다목적 라벨,,B0722H95XG,"BETCKEY - 102mm x 25mm(4인치 x 1인치) Zebra 및 Rollo 라벨 프린터와 호환되는 다용도 라벨, 프리미엄 접착 및 천공 [10롤, 13750 라벨]",BETCKEY,72006,72006,4.8,88.0,"[ 사양 ]: 102mm x 25mm(4인치 x 1인치) (1375 라벨/롤, 10롤), 종이 튜브 직경: 25.4mm(1인치). 잉크 토너나 리본이 필요하지 않습니다! 돈과 노력을 절약하세요. [ 우수한 호환성 ]: Zebra, Rollo, Eltron, Intermec, Datamax, Fargo, Sato, NEX 및 인쇄 너비를 10.2cm(4인치)까지 조절할 수 있는 대부분의 열 라벨 프린터에 적합합니다. [유용한 팁]: DYMO 및 Brother 라벨 프린터를 지원하지 않습니다. [ 천공 ]: 저희는 온라인에서 판매되는 표준 라벨을 능가합니다. 라벨은 라벨을 쉽게 분리할 수 있도록 구멍이 뚫려 있습니다. 인쇄된 라벨을 천공과 함께 접어 정리할 수 있습니다. 더 이상 라벨이 지저분하지 않습니다! [ 접착제]: 극한의 온도(10°C~70°C)에서도 여전히 신뢰할 수 있습니다. 특허받은 접착제는 오래 지속되는 강력한 접착력을 제공합니다. 라벨이 벗겨져 배송이 더 이상 손실되지 않습니다. 비즈니스의 추가 마진을 즐기세요. [ 변색 및 얼룩 방지 ]: 선명한 이미지와 읽기 쉬운 바코드를 인쇄합니다. 색이 바래거나 번지지 않도록 하세요. 배송업체가 배송될 때까지 바코드를 쉽게 스캔할 수 있습니다. 우리는 읽을 수 없는 바코드 때문에 '발신자에게 반환'을 싫어합니다. [ 기술 지원 ]: 저희는 브랜드를 지지합니다. BETCKEY 는 아마존 메시지 이메일 전화 통화 및 원격 데스크톱 작동을 통해 평생 무료 고객 지원을 제공합니다. 도움이 필요하면 즉시 저희에게 연락하십시오.",,"['라벨', '천공', '프린터', '바코드', '인쇄', '롤', '접착제', '접착']"
사무용품,라벨 및 스티커,다목적 라벨,,B0758T69CJ,"자가 접착 다용도 라벨 PUQU Q 시리즈 라벨 프린터와 호환 가능 - 500 라벨 롤 20x10mm (0.8""x0.4"")",PUQULABEL,10622,10622,3.6,23.0,"블루투스 연결성을 갖춘 PUQU Q 시리즈 휴대용 라벨 프린터와 호환됩니다. PUQU 자가 접착 다목적 라벨은 방수, 기름 방지, 찢어짐 방지, 강한 점도와 긁힘 방지 기능이 있습니다. 다양한 용도로 사용할 수 있는 다양한 라벨 사이즈가 있습니다. 직접 열 인쇄 기술로 지저분하고 값비싼 잉크나 토너 없이 선명한 글자를 제공합니다.","블루투스 연결이 가능한 PUQU Q 시리즈 라벨 프린터와 호환되는 자가 접착 다목적 라벨. PUQU 모든 라벨은 방수, 기름 방지, 찢어짐 방지, 강한 점도 및 긁힘 방지 기능이 있습니다.","['라벨', '방지', '시리즈', '호환', '프린터', '접착', '자가', '연결', '강하다', '기름']"
사무용품,라벨 및 스티커,다목적 라벨,,B08FHPZBS9,"Phomemo Phomemo M200/M110/M220/M120/M221 라벨 메이커용 다목적 화이트 자체 접착 라벨, 3.8cm X 1.9cm(1 1/2인치 X 3/4인치)(40x20mm), 320개의 라벨/롤, 화이트 바탕에 블랙",Phomemo,12451,12451,4.5,374.0,"√ 제품 구성: 1 1/2"" X 3/4""(40x20mm), 320 라벨/롤. 흑백 인쇄물. 방수, 내마모성 및 BPA 프리 제품입니다. 다용도 - 다양한 라벨 크기로 다양한 용도로 사용할 수 있습니다. 이 사이즈 라벨을 사용하여 우편 주소 라벨, 가격표, 배송 주소 라벨 등을 만들 수 있습니다. √열 인쇄: Phomemo M110/M200 라벨 메이커는 블루투스 무선 연결이며 잉크나 토너가 필요하지 않은 열 인쇄 기술을 사용합니다. 안드로이드 4.0 및 IOS 8.0 이상용 시스템. √ 간편한 사용 - 원클릭 인쇄로 시간과 노력을 절약할 수 있습니다. 스마트 앱은 다양한 글꼴, 필터 효과 및 테마를 제공합니다. 앱 사용: 애플 스토어 및 구글 플레이에서 프린트 마스터 앱 설치 >M200 프린터를 켜고 블루투스 연결을 엽니다. 앱에서 프린터 모델 M200 선택->인쇄를 즐기십시오. √ 열 라벨 특징 - Phomemo 자체 접착 다목적 라벨은 방수, 내유성, 내마모성, 강한 접착력 및 BPA 프리 제품입니다.",,"['라벨', '앱', '인쇄', '열', '접착', '자체', '방수', '연결', '다목적', '모성']"
사무용품,라벨 및 스티커,다목적 라벨,,B08F9WWT3J,"Phomemo M110 라벨, Phomemo M110/M221/M220/M200 라벨 프린터와 호환, 다목적 라벨 테이프 자체 접착 감열지, 화이트 바탕에 블랙, 40x30mm(1.57x1.18인치) 690개 라벨/3롤",Phomemo,24916,24916,4.7,152.0,"제품 크기- 40x30mm(1.57""x1.18""), 롤당 라벨: 230. 화이트 바탕에 블랙. Phomemo-M220/M110/M110S/M120/M200 블루투스 열 라벨 프린터 라벨 메이커와 호환됩니다. 잉크 없이 & 화이트 바탕에 블랙만 인쇄 - 키보드를 타이핑하고 필기 인쇄 수명의 문제를 완화하는 가장 중요한 것입니다. 휴대폰으로 더 재미있게 만드세요. 잉크 없이 인쇄하여 리본을 사용할 필요가 없으며 소모품 수요를 줄입니다. 다용도 - 다양한 라벨 크기를 다양한 용도로 사용할 수 있습니다. 이 작은 사이즈를 사용하여 유효 날짜 알림, 가격 라벨 및 텍스트를 더 많이 만들 수 있습니다. 명확한 인쇄 - Phomemo 자체 접착 다목적 라벨은 방수, 내유성, 내마모성 및 강한 접착력을 가지고 있습니다. 감열지 기능 - 무잉크(Inkless, Direct Thermal Print) 기술은 지저분하고 값비싼 잉크나 토너 없이 선명한 글자를 제공합니다. 게다가 변색, 얼룩, 누출 또는 결함이 없습니다.",,"['라벨', '인쇄', '잉크', '블랙', '화이트', '접착', '바탕', '감열지', '롤', '다목적']"
사무용품,라벨 및 스티커,다목적 라벨,,B0722JD2MH,"BETCKEY - 102mm x 165mm(4인치 x 6.5인치) 대형 배송 라벨 및 다용도 Zebra & Rollo 라벨 프린터와 호환, 프리미엄 접착제 및 천공 [2롤, 500개 라벨]",BETCKEY,24916,24916,4.3,6.0,"[ 사양 ]: 102mm x 165mm(4인치 x 6.5인치) (250라벨/롤, 2롤), 종이 튜브 직경: 25.4mm(1인치). 잉크 토너나 리본이 필요하지 않습니다! 돈과 노력을 절약하세요. [ 우수한 호환성 ]: Zebra, Rollo, Eltron, Intermec, Datamax, Fargo, Sato, NEX 및 인쇄 너비를 10.2cm(4인치)까지 조절할 수 있는 대부분의 열 라벨 프린터에 적합합니다. [유용한 팁]: DYMO 및 Brother 라벨 프린터를 지원하지 않습니다. 주의 : 코팅은 직접 열 라벨을 위해 설계되었습니다. 라벨에 접착 테이프가 없습니다. 손글씨는 권장하지 않습니다. 잉크는 쉽게 건조되지 않습니다. [ 천공 ]: 저희는 온라인에서 판매되는 표준 라벨을 능가합니다. 당사의 프리미엄 라벨은 라벨을 쉽게 분리할 수 있도록 구멍이 뚫려 있습니다. 인쇄된 라벨을 천공과 함께 접어 정리할 수 있습니다. 더 이상 라벨이 지저분하지 않습니다! [ 상단 접착제]: 극한의 온도(10°C~70°C)에서도 여전히 신뢰할 수 있습니다. 특허받은 상단 접착제는 오래 지속되는 강력한 접착력을 제공합니다. 라벨이 벗겨져 배송이 더 이상 손실되지 않습니다. 비즈니스의 추가 마진을 즐기세요. [ 변색 및 얼룩 방지 ]: 선명한 이미지와 읽기 쉬운 바코드를 인쇄합니다. 색이 바래거나 번지지 않도록 하세요. 배송업체가 배송될 때까지 바코드를 쉽게 스캔할 수 있습니다. 우리는 읽을 수 없는 바코드 때문에 '발신자에게 반환'을 싫어합니다. [ 기술 지원 ]: 저희는 브랜드를 지지합니다. BETCKEY 는 아마존 메시지 이메일 전화 통화 및 원격 데스크톱 작동을 통해 평생 무료 고객 지원을 제공합니다. 도움이 필요하면 즉시 저희에게 연락하십시오.",,"['라벨', '접착제', '프린터', '바코드', '롤', '인쇄', '천공', '열', '잉크', '접착']"
사무용품,라벨 및 스티커,다목적 라벨,,B0BMPL468X,"Marklife P50 라벨 프린터용 4 x 3cm(1.57 x 1.2인치) 감열 라벨, 비즈니스, 가정, 사무실용, 220개 라벨/롤용 다목적 자체 접착 직접 감열 라벨",MARKLIFE,16606,16606,4.5,141.0,"√감열지 - 3.8 x 3.5cm(1.57 x 1.18인치), 라벨/롤 220개. 다양한 라벨 크기를 다양한 용도로 사용할 수 있습니다. 이 사이즈 라벨을 사용하여 가격 라벨, 바코드 라벨, DIY 로고 라벨 등을 만들 수 있습니다. √ 열 라벨 특징 - Marklife 자체 접착 다목적 라벨은 방수, 내유성, 내마모성, 강한 접착력 및 BPA 프리 제품입니다. √ 투명 인쇄 - 직접 열전사 인쇄 기술로 지저분함, 잉크 또는 토너 없이 선명한 글자를 제공합니다. 원클릭 인쇄로 시간과 노력을 절약할 수 있습니다. 스마트 앱은 다양한 글꼴, 필터 효과 및 테마를 제공합니다. √강력한 접착제 라벨 테이프 - 고품질 열 라벨 용지와 강력한 접착제를 사용하는 Marklife 열 라벨 테이프는 비즈니스, 사무실 및 가정용으로 적합합니다. 사용 중에 라벨이 떨어지거나 색이 바래는지 걱정할 필요가 없으므로 작업과 정리에 도움이 됩니다. 다용도 - 주소 라벨 프린터, 바코드 라벨 프린터, 스티커 메이커 기계, 라벨링용 열 라벨 프린터, 병용 라벨 프린터, 보관함용 라벨 등에 적합합니다.",,"['라벨', '프린터', '열', '인쇄', '접착']"
사무용품,라벨 및 스티커,다목적 라벨,,B0758XXQMY,"자가 접착 다용도 라벨 PUQU Q 시리즈 라벨 프린터와 호환 가능 - 300 라벨 롤 35x25mm (1.4""x1.0"")",PUQULABEL,11038,11038,4.1,19.0,"블루투스 연결성을 갖춘 PUQU Q 시리즈 휴대용 라벨 프린터와 호환됩니다. PUQU 자가 접착 다목적 라벨은 방수, 기름 방지, 찢어짐 방지, 강한 점도와 긁힘 방지 기능이 있습니다. 다양한 용도로 사용할 수 있는 다양한 라벨 사이즈가 있습니다. 직접 열 인쇄 기술로 지저분하고 값비싼 잉크나 토너 없이 선명한 글자를 제공합니다.","블루투스 연결이 가능한 PUQU Q 시리즈 라벨 프린터와 호환되는 자가 접착 다목적 라벨. PUQU 모든 라벨은 방수, 기름 방지, 찢어짐 방지, 강한 점도 및 긁힘 방지 기능이 있습니다.","['라벨', '방지', '시리즈', '호환', '프린터', '접착', '자가', '연결', '강하다', '기름']"
사무용품,라벨 및 스티커,다목적 라벨,,B00004Z65P,Avery 탈착식 2.5 x 6.6cm(1 x 2 5/8인치) 화이트 ID 라벨 750개 (6460),AVERY,42976,22644,4.8,794.0,"Avery 라벨만이 독점적인 Sure Feed 기술을 사용하여 프린터를 통해 보다 안정적인 피드를 제공하여 정렬 불량과 걸림을 방지합니다 탈착식 접착 스티커 라벨은 종이, 판지, 플라스틱, 목재, 유리 및 금속을 포함한 다양한 표면에 부착되며 깨끗하게 제거할 수 있습니다 레이저 및 잉크젯 프린터와 호환 가능 다용도 라벨은 용기, 부동산, 장비, 교실 및 개인 소지품 라벨을 위한 다용도 식별 라벨을 만들고, 선물 스티커 라벨로 선물 및 파티 선물을 개인화하고, 가격 라벨 및 포장 스티커를 만들 수 있습니다","쉽게 식별할 수 있도록 품목에 라벨을 붙여 집, 사무실 또는 교실을 정리하세요. 다용도 탈착식 라벨은 필요한 만큼 오래 붙이고 유지됩니다. 탈착식 접착제는 종이, 판지, 플라스틱, 목재, 유리 및 금속을 포함한 다양한 표면에 부착되며 깨끗하게 제거됩니다. 더 이상 라벨 낭비가 필요 없습니다. 라벨 시트는 Sure Feed 기술을 사용하여 프린터를 통해 안정적인 피드를 제공하여 정렬 불량과 걸림을 방지합니다. 다용도 라벨은 avery.com/templates에서 무료 템플릿과 디자인으로 쉽게 사용자 지정할 수 있습니다. 식별 라벨은 레이저 및 잉크젯 프린터로 인쇄할 수 있습니다. 이 다목적 라벨은 정리 및 식별에 도움이 되는 다양한 프로젝트에 사용할 수 있습니다. 가정 정리의 경우 빈 라벨, 장난감 통 라벨, 보관 상자 라벨 및 기타 컨테이너 라벨을 만들어 내부에 무엇이 있는지 표시하고 어린이 ID 라벨을 만들어 소지품을 태그합니다. 사무실이나 창고의 스티커 라벨을 사용하여 선반에 라벨을 붙이고, 전자 제품, 사무실 장비, 사무용품 및 쓰레기통과 같은 부동산을 표시하여 소유권을 보여줍니다. 교실 라벨을 만들어 교실 재산을 표시하고, 교실 용품 및 장비의 라벨을 표시하고, 학생 프로젝트를 위한 이름 라벨 스티커를 만듭니다. 이 맞춤형 라벨링 스티커로 선물 및 파티 선물을 개인화하세요. 이 라벨 스티커는 제품 및 포장용 병 스티커, 가격 스티커 및 식품 라벨 스티커로 사용할 수 있습니다./ID labels stick, stay and remove cleanly to make changes and revisions. The rectangular shape makes them ideal for binders, diskettes, file folders, cassettes, drawers, containers, boxes, shelves and more. Labels adhere to smooth surfaces, including paper, cardboard, plastic, wood, glass and metal. Labels are compatible with laser and inkjet printers. Avery offers many easy-to-use templates for Microsoft and many other popular software programs.","['라벨', '스티커', '선물', '교실', '탈착', '식별', '프린터', '표시', '다용']"
사무용품,라벨 및 스티커,다목적 라벨,,B08TWWP1XP,"LotFancy DYMO 30332, (12롤, 750 라벨/롤), 2.5cm(1인치) x 2.5cm(1인치) 직접 열 라벨 교체품, 라벨라이터 4XL, 450, 450 터보, 450 듀오 등과 호환되는 사각 다목적 라벨",LotFancy,29071,29071,4.5,128.0,"【사양】2.5cm x 2.5cm 직접 열 라벨. 화이트 라벨 12롤, 롤 당 라벨 750개, 총 9000개의 라벨. 2.5cm(1인치) 코어. DYMO 30332 다목적 라벨 교체품 【호환성】2.5cm x 2.5cm(1인치 x 1인치) 라벨은 Dymo 라벨라이터 450, Dymo 450 터보, Dymo 450 트윈 터보, Dymo 450 듀오, Dymo 4XL 및 Dymo 무선 프린터, 400, 330 등을 포함한 대부분의 DYMO 라벨 프린터와 호환됩니다 【고품질】얼룩 방지 및 변색 방지 라벨; 긁힘, 물, 먼지, 기름에 강합니다. 날카롭고 투명하며 읽기 쉬운 바코드를 인쇄하는 업그레이드된 용지 스톡 【강한 접착제】골판지 상자와 봉투를 포함한 거의 모든 상자 또는 우편봉투에 영구적으로 접착되어 배송 중에 분리되지 않습니다. 벗겨서 붙이기만 하면 됩니다. 테이프가 필요하지 않습니다 【다양한 사용】열 라벨은 프린터에 걸리지 않습니다. 부드럽고 깔끔한 롤로 인쇄를 유창하게 만듭니다. 쉽게 벗겨낼 수 있습니다. 가정이나 사무실에서 가격 태그, UPC 바코드, QR 코드 라벨 및 라벨링을 인쇄하기에 완벽한 크기입니다",,"['라벨', '롤', '열', '인쇄', '터보', '프린터', '교체품', '상자', '봉투', '듀오']"
사무용품,라벨 및 스티커,다목적 라벨,,B0CM8W9N8L,"7.6x7.6cm(3x3인치) 원형 열 스티커 라벨, 자체 접착 7.6cm(3인치) 원형 열 라벨, DIY 로고 디자인, 이름표, QR 코드, 500개 라벨/1롤, 판타지 퍼플",Joatuxul,23101,23101,4.3,67.0,"[사양]: 원형 열 라벨 사이즈: 7.6cm(3인치) 원 (500 라벨/롤, 1롤, 그라데이션 그린), 종이 튜브 직경: 0.98""(25mm) [비용 절감 및 효율성]: 열 스티커 라벨은 인쇄를 완료하는 데 잉크나 리본이 필요하지 않으므로 최적의 선택입니다. 상당한 비용을 절약할 수 있을 뿐만 아니라 더 빠르게 인쇄를 완료할 수 있습니다. 또한 일반 라벨에 비해 열 라벨은 내구성이 뛰어나고 신뢰할 수 있어 운송 및 보관 중에 제품이 손상되거나 분실되지 않습니다. 열 스티커 라벨을 보다 비용 효율적이고 효율적인 선택으로 만드세요. [넓은 프린터 호환성]: 당사의 열 라벨은 대부분의 열 라벨 프린터와 호환되며 MUNBYN, ZEBRA, ROLLO, Phomemo, PLONO 등에 적합합니다. 인쇄 너비를 7.6cm(3인치)까지 조정할 수 있는 프린터에 적합합니다. 그러나 DYMO 프린터와 호환되지 않습니다. [열 소재]: 당사의 열 라벨 용지는 고품질 소재로 만들어져 선명한 인쇄, 강한 접착력 및 물과 기름에 대한 저항성을 제공합니다. 이는 비즈니스 및 개인 생활에서 신뢰할 수 있는 도우미입니다. [안전 우선]: 당사의 열 라벨은 BPA 및 BPS 프리로 모든 연령대의 사람들에게 안전합니다. 당사의 열 라벨 용지를 선택하면 자신과 환경을 위한 건강하고 책임감 있는 선택을 할 수 있습니다. [다용도]: 이 열 라벨은 이름표, 감사 스티커, 브랜드 디자인, DIY 디자인, QR 코드 프린터 라벨, 분류 라벨, 실험실 번호 라벨, 신발, 가방 및 옷 분류 등과 같은 다양한 용도로 사용할 수 있습니다.",,"['라벨', '열', '프린터', '선택', '인쇄', '스티커', '효율', '롤', '디자인', '원형']"
사무용품,라벨 및 스티커,다목적 라벨,,B0BZYFKQGD,2 x 2.5cm(1인치) 라벨,CLABEL,40151,40151,4.8,57.0,"2*1인치 라벨 - 1"" x 1"" (50.8mm x 25.4mm) 크기. 스택당 라벨 1000개. ▶주의: 열 프린터에만 적합하며 레이저 또는 잉크젯 프린터에는 적합하지 않습니다. 고품질 - 고품질 소재로 만들어졌으며 얼룩과 긁힘에 대한 탁월한 저항성을 가지고 있습니다. 바코드 리더기로 쉽게 읽을 수 있는 고화질 텍스트, 이미지 및 바코드를 인쇄할 수 있습니다. Go Green - CLABEL 라벨에는 BPA 또는 BPS와 같은 발암 물질이 포함되어 있지 않으며 신체 및 환경에 해를 끼치지 않으며 안전하고 신뢰할 수 있습니다. 호환성 - CLABEL 428S 프린터뿐만 아니라 대부분의 10.2cm(4인치) 열 라벨 배송 프린터에도 사용할 수 있습니다. 다양한 적용 가능 - 이 열 라벨은 UPS, Fedex, DHL, USPS와 함께 작동하며 바코드 라벨, 아마존 배송 라벨, ebay 배송 라벨 등에도 이상적입니다.","고품질 소재로 만들어졌으며 얼룩과 긁힘에 대한 탁월한 저항성을 가지고 있습니다. 바코드 리더기가 쉽게 읽을 수 있는 고화질 텍스트, 이미지 및 바코드를 인쇄할 수 있습니다.","['라벨', '바코드', '프린터', '열', '힘', '인쇄', '리더', '이미지', '얼룩', '고화질']"
사무용품,라벨 및 스티커,다목적 라벨,,B09M7JGWR7,61cm(2피트) 원형 열 스티커 라벨 자체 접착 원형 직접 열 프린터 용지 다목적 롤 열 스티커 DIY 로고 디자인 QR 코드 이름 태그 재고 소규모 비즈니스 그린,JUMPUPPY,11066,11066,4.3,137.0,"지름 5.1cm(2인치) 원형 직접 열 라벨, 롤 당 400개의 라벨, 1롤, 그린. 인쇄 너비를 5.1cm(2인치)까지 조절할 수 있는 대부분의 열 프린터에 적합합니다. 라벨 스티커는 인쇄 및 필기에 사용할 수 있습니다. 방수, 내유성, 긁힘 방지, BPA 및 BPS 없음. 사무실 및 가정 도우미. 이름표, 감사 스티커, 브랜드 디자인, DIY 디자인, QR 코드, 분류 라벨, 사이즈 라벨, 실험실 번호 라벨링, 신발 분류 및 종이 가방 및 의류 등을 라벨 스티커로 할 수 있습니다. 저희 제품에 관해 궁금한 점이 있으시면 언제든지 연락 주시기 바랍니다.","1. 제품명: 열 프린터용 열 스티커 라벨 2. 모양: 원형 3. 사이즈: 지름 5.1cm(2인치) 4. 패키지: 라벨 400개, 롤, 1롤 5. 다양한 색상 선택 가능: 그린, 레드, 브라운, 오렌지, 핑크, 퍼플, 실버, 블루, 화이트, 옐로우 6. 적용 대상: DIY 로고 디자인, QR 코드, 이름표, 재고, 병 뚜껑, 소규모 비즈니스. 7.서비스: 저희 제품에 대해 궁금한 점이 있으시면 언제든지 연락주세요","['라벨', '열', '스티커', '롤', '원형', '디자인', '프린터', '그린', '이름', '인쇄']"
사무용품,라벨 및 스티커,다목적 라벨,,B08DQZ7Y4D,"L LIKED DYMO 30332 정사각형 라벨과 호환되는 10롤 2.5cm x 2.5cm(1인치 x 1인치) 다목적 교체 라벨, LW 450, 450 터보, 4XL(750 라벨/롤)(10롤)",L LIKED,26301,27547,4.2,70.0,"사양: 2.5cm x 2.5cm - Dymo 30332 다용도 라벨과 호환 - 10롤/케이스 및 750 라벨/롤. 직접 열전사 인쇄 기술로 지저분하고 값비싼 잉크나 토너 없이 선명한 글자를 제공합니다 Dymo LW 프린터의 다양한 프로젝트를 위한 라벨 인쇄에 완벽한 크기입니다 Rollo & Zebra 데스크탑 프린터와 호환 가능: LP2824, LP2844, TLP2824, TLP2844, ZD410, ZD500, ZD620, ZP450, ZP500, ZP505, GC420D, GC420D , GC420D T 0D, GK420T, GX420D, GX420T, GX430T. 모든 DYMO LW 머신과 호환됩니다: 450 터보, 450 트윈 터보, 450 듀오, 4XL, 무선, 400, 330 등! (RFID 칩을 요청하는 DYMO 550 및 5XL 프린터와 호환되지 않음)",,"['라벨', '호환', '터보', '롤', '프린터', '인쇄']"
사무용품,라벨 및 스티커,다목적 라벨,,B00V7CWJY0,"8.9 x 2.5cm(3.5 x 1인치) 직접 열 라벨 - Rollo 라벨 프린터 및 Zebra 데스크탑 프린터와 호환 - 2.5cm(1인치) 코어, 다목적 주소 우표 바코드 라벨, 접착 및 천공 - 4롤, 1380/롤",OfficeSmartLabels,60552,60552,4.7,12.0,"[사양]: 88.9mm x 25.4mm(3.5x1인치) - [4롤, 총 5520] - 2.5cm(1인치) 코어 (25.4mm) - 손쉬운 라벨 작업 향상을 위한 천공 - 잉크, 토너 또는 리본이 필요하지 않습니다! [주요 특징]: 습기 및 오일 배리어 열 스티커 라벨로 탑 코팅되어 방수 기능이 오래 지속됩니다. 번짐, 번짐, 긁힘 방지 - 강력한 영구 접착제. 거의 모든 표면에 붙이고 안전하게 유지됩니다 [넓은 호환성]: ROLLO & ZEBRA 데스크탑 프린터와 호환 | Eltron | Fargo | Sato | Datamax | Intermec | Arkscan | TSC | WASP 및 너비 조절 기능이 있는 대부분의 열 프린터와 호환 가능 - *DYMO 및 Brother 프린터와 호환되지 않습니다 [프리미엄 상업용 등급]: 매끄럽고 선명한 인쇄 경험 - 밝은 흰색 둥근 모서리 라벨 스티커 - 바코드 스티커, FBA 라벨, 우편 라벨, QR 코드 라벨, 재고 스티커 바코드, UPC 라벨, 우편물, 명표 라벨, 보관함에 적합합니다. [호환 프린터] LP2824, LP2824Z, TLP2824, TLP2824Z, LP2844, LP2844Z, LP3844Z, TLP2844, TLP2844Z, TLP3842, TLP3844Z, GX420D, GX430D, ZD620, ZD620, ZD620, ZD620, D420. GT800, GC420D, ZD410, OS-214ODZ, OS-214PLUS, TSC TA200, TA300, TDP-244, TDP-345, TTP-225, TTP-243 PRO, TTP-243E PRO, TTP-244 PLUS, TTP-24CE, TTP-24444CE, TTP-244CE, TTP-244CE, TTP-24CE, TTP-244CE, TTP-244CE, TTP-45C, TTP-247, TTP-323, TTP-342 PRO, TTP-343C, TTP-345, DA402, GC420T, GK420D, GK420T, GX430T, LP 2844, LP 2844-Z, S4M, TLP 2844, 2844-Z, 3844-Z, 384-Z, ZT220. , ZT230 등.",,"['라벨', '프린터', '호환', '스티커', '롤', '바코드', '열', '천공', '데스크탑', '코어']"
사무용품,라벨 및 스티커,다목적 라벨,,B0C7BP372F,750 커스텀 서클/스퀘어 BOPP 롤 라벨 화이트,CLASSY,11066,11066,4.6,468.0,"SIZE - 2"" Diameter color thermal labels, 1"" Core 750 Labels on a Roll. GOOD COMPATIBILITY- Our thermal labels round suitable for MUNBYN, ZEBRA, ROLLO, PLONO and most of thermal label printers. This circle thermal labels DO NOT SUPPORT DYMO! No Ink Toner or Ribbons are Needed! STRONG Adhesive-Our color thermal labels have good stickiness and long storage time, making them more durable for use. And BPA and BPS-free, environmentally friendly, and everyone can use it. Waterproof and Oil-Proof. Our round thermal labels have undergone extensive testing, and their water and oil resistance far exceeds other thermal labels round on the market. You can use them with confidence. WIDE APPLICATION- Our labels can be used for a wide range of applications, custom stickers for business logos, product labels, thank you labels, business logo design, DIY, making your small business life more exciting.",,"['화이트', '스텀', '스퀘어', '서클', '롤', '라벨']"
사무용품,라벨 및 스티커,다목적 라벨,,B0CT5D74LH,"Phomemo M110/M120/M200/M220/M221 라벨 메이커 프린터와 호환되는 M110 라벨, 화이트 바탕에 블랙, 40x40mm(1.57인치 x 1.57인치) 원형 라벨, 다목적 자체 접착 열 라벨, 180개",Phomemo,13836,13836,5.0,1.0,"제품 크기- 40x40mm(1.575x1.57인치), 롤당 라벨: 180개. 화이트 바탕에 블랙. Phomemo-M110/M120/M200/M220/M221 블루투스 열 라벨 프린터 라벨 메이커와 호환됩니다. 잉크 없이 & 화이트 바탕에 블랙만 인쇄 - 키보드를 타이핑하고 필기 인쇄 수명의 문제를 완화하는 가장 중요한 것입니다. 휴대폰으로 더 재미있게 만드세요. 잉크 없이 인쇄하여 리본을 사용할 필요가 없으며 소모품 수요를 줄입니다. 다용도 - 다양한 라벨 크기를 다양한 용도로 사용할 수 있습니다. 이 작은 사이즈를 사용하여 유효 날짜 알림, 가격 라벨 및 텍스트를 더 많이 만들 수 있습니다. 명확한 인쇄 - Phomemo 자체 접착 다목적 라벨은 방수, 내유성, 내마모성 및 강한 접착력을 가지고 있습니다.",,"['라벨', '인쇄', '블랙', '화이트', '접착', '바탕', '열', '다목적', '호환', '프린터']"
사무용품,라벨 및 스티커,다목적 라벨,,B0BX7ZZNC4,"NELKO P110 라벨 메이커와 호환되는 정품 열 라벨, 40x30mm(1.57x1.18인치), 다목적 라벨 테이프 자체 접착 감열지, 화이트, 230개 라벨/1롤",Nelko,13836,13836,4.3,37.0,"【사양】라벨 크기: 1.57""x1.18"" (40x30mm). 수량: 1 롤, 230 라벨. 색상: 화이트. 쉽게 벗겨낼 수 있으며 영구 접착제. 이름 라벨, 주소 라벨, 의류 라벨, 패키지 스티커 등에 적합합니다! 【호환 제품】여러 라벨 메이커 기계와 호환됩니다. NELKO P110 라벨 메이커 등과 호환됩니다. 참고: 이 감열지는 대부분의 Niimbot 라벨 기계를 지원하지 않으며 일부 라벨 프린터에는 칩이 포함된 오리지널 감열지가 필요합니다. 【고품질】이 열 라벨은 최고 품질의 소재, 접착제 및 탑 코트를 사용하여 최고의 품질을 달성합니다. 라벨에는 거의 모든 표면에 부착할 수 있는 고성능 접착층이 포함되어 있습니다. 강한 접착력, 내마모성, 온도 저항, 방수, 내유성 및 찢어짐 방지 기능으로 비즈니스와 가정에 자신 있게 부착할 수 있습니다. 【BPA/BPS 프리】이 라벨은 BPA 및 BPS 프리로 걱정할 필요가 없습니다. NELKO 인쇄 요구 사항을 충족하는 만족스러운 제품을 제공하기 위해 노력합니다. 잉크 토너나 리본이 필요하지 않습니다! 돈을 절약하세요. 【다용도】NELKO 열 라벨은 다양한 인쇄 요구 사항을 충족하는 것을 목표로 합니다. 의류, 공예품, 소매점, 보석 등 중소기업 어디에서나 라벨을 즐기세요. 라벨 주소, 바코드, 운송, 가격, 날짜, 재료 및 제품 라벨링. 크리스마스, 할로윈, 추수감사절, 아버지의 날, 어머니의 날을 포함한 다양한 라벨링 요구 사항에 이상적인 이 스티커 라벨은 일과 생활에 큰 편리함을 제공합니다.",,"['라벨', '호환', '열', '감열지', '요구', '메이커', '접착']"
사무용품,라벨 및 스티커,다목적 라벨,,B00007M5L8,"Avery 5450 탈착식 인쇄 또는 쓰기 라벨, 7.6cm x 12.7cm(3인치 x 5인치) - 화이트 (40개 팩)",AVERY,6800,6800,4.6,1150.0,탈착식 라벨은 원하는 만큼만 유지됩니다 avery 웹사이트에서 무료 템플릿으로 맞춤 설정 레이저 및 잉크젯 프린터와 호환 가능 컬러 레이저 프린터와 함께 사용하지 않는 것이 좋습니다,"이 탈착식 인쇄 또는 쓰기 라벨로 큰 개성을 표현하세요. 7.6 x 12.7cm(3 x 5인치) 크기로 상자, 봉투, 패키지 등에 편리하게 라벨을 붙일 수 있으며 나중에 쉽게 제거할 수 있습니다. avery 웹사이트에서 무료 템플릿을 사용할 수 있으므로 레이저 또는 잉크젯 프린터에 인쇄할 라벨을 간단하게 사용자 지정할 수 있습니다. 큰 편의를 위해 이 라벨을 능가하기 어렵습니다.","['라벨', '인쇄', '프린터', '레이저', '웹사이트', '템플릿', '탈착', '잉크젯', '개성', '나중']"
사무용품,라벨 및 스티커,다목적 라벨,,B083J456NJ,"BETCKEY - DYMO 30332 호환 (2.5cm x 2.5cm(1인치 x 1인치)) 다용도 사각 QR 코드 라벨 - Rollo, DYMO Labelwriter 450, 4XL 및 Zebra 데스크탑 프린터와 호환[6롤/4500 라벨]",BETCKEY,20636,20636,4.5,105.0,"[사양]: 2.5cm x 2.5cm 정사각형 열 라벨 - Dymo 30332 교체 - 잉크 토너나 리본이 필요하지 않습니다! 돈과 노력을 절약하세요 - 750개의 라벨/롤. 6롤 [우수한 호환성]: 모든 Dymo Labelwriter 프린터에 적합합니다: Dymo 450, Dymo 450 Turb, Dymo 450 Twin Turb, Dymo 450 Duo, Dymo 4XL 및 Dymo 무선 프린터, 400, 335, Rollo 및 Zebra 및 기타 열 라벨 프린터, Brother Q를 지원하지 않습니다. L 라벨 프린터. [유용한 팁]: DYMO 550 및 5XL RFID 칩 요청. 따라서 베케키는 다이모 550 및 5XL과 호환되지 않습니다. [강력한 접착 및 크리스탈 클리어 인쇄]: 프리미엄 등급의 소재만을 사용하므로 사용 중에 라벨이 떨어질 것인지, 주소가 이러한 사소한 것을 인식할 수 있는지 여부에 대해 걱정할 필요가 없습니다. [멀티업 라벨]: 바코드 라벨, QR 코드 라벨, 파일 폴더 및 제품 식별 및 기타 기능. [다양한 용도]: 산업, 배송, 선반 마킹, 제조 및 기타 소규모 비즈니스를 위한 바코드, QR 코드, 재고, 제품 추적, 제품 식별 및 박스 내용물과 같은 가변 데이터를 인쇄하는 데 이상적입니다.",,"['라벨', '프린터', '열', '인쇄', '바코드', '롤', '식별', '호환']"
사무용품,라벨 및 스티커,다목적 라벨,,B08HLNSMHK,"6000 라벨 호환 DYMO 30336 2.5 x 5.3cm(1 x 2-1/8인치) 주소 및 바코드 라벨, LabelChoice 12롤 직접 열 라벨 교체, 롤로, DYMO Labelwriter 450, 450 터보와 함께 사용 , 4XL & Zebra 프린터",LabelChoice,30456,27686,4.1,279.0,"【사양】: 1 X 2 ¼ 인치 호환 다용도 라벨. DYMO 30336용 비 OEM 교체품. 라벨 500개/롤. 12롤 / 케이스. 크리스마스 선물 【신뢰할 수 있는 호환성】: 얼룩 방지 및 변색 방지 라벨. 거의 모든 표면에 영구적으로 부착되는 더 어둡고 선명한 바코드 UPC 라벨을 인쇄하십시오. FBA에 적합하며 반품 주소 라벨로 우편물이 목적지에 안전하게 도착할 수 있습니다. 【쉬운 사용】: 걸림 방지, 두통 없음: 라벨 걸림 및 잘못된 공급과 같은 시간이 많이 걸리는 프린터 문제를 피하십시오. LabelChoice 라벨은 100% 호환되며 매우 엄격한 품질 관리 지침을 준수합니다. 【호환 프린터】: 모든 DYMO 라벨라이터 머신과 호환: DYMO 라벨라이터 450, 450 터보, 450 트윈 터보, 450 듀오, DYMO 4XL, 무선, 400, 330. 롤로, 지브라, 엘트론, Neatoscan, Intermec, 데이터맥스, 프린트로닉스 및 대부분의 데스크탑 써멀에 적합합니다. 프린터. 【공지사항】: LabelChoice는 DYMO 브랜드 라벨을 판매하지 않으며 DYMO Corporation은 LabelChoice에서 제작 또는 판매하는 제품을 후원하거나 하지 않습니다.",,"['라벨', '호환', '프린터', '방지', '터보', '라이터', '롤', '주소', '바코드', '판매']"
사무용품,라벨 및 스티커,다목적 라벨,,B00V5H5ZNO,"2.5cm x 2.5cm(1인치 x 1인치) 정사각형 직접 열 라벨 - Rollo 라벨 프린터 및 Zebra 데스크탑 프린터와 호환 - 2.5cm(1인치) 코어, 다용도 QR 바코드 우편 라벨 접착 천공 - 20롤, 1380/롤",OfficeSmartLabels,127710,127710,5.0,1.0,"[사양]: 25.4mm x 12.7mm(1x0.5인치) - [20롤, 총 48600] - 1인치 코어 (25.4mm) - 손쉬운 라벨링 작업을 향상시키기 위한 천공 - 잉크, 토너 또는 리본이 필요하지 않습니다! [주요 특징]: 습기 및 오일 차단 열 스티커 라벨로 상단 코팅되어 더 오래 지속되는 내후성 용량 - 얼룩, 번짐, 긁힘 방지 - 강력한 영구 접착제. 거의 모든 표면에 붙이고 안전하게 유지합니다 [광범위한 호환성]: ROLLO 및 ZEBRA 데스크탑 프린터와 호환 | Eltron | Fargo | Sato | Datamax | Intermec | Arkscan | TSC | WASP 및 너비 조절 기능이 있는 대부분의 열 프린터와 호환 가능 - *DYMO 및 Brother 프린터와 호환되지 않습니다 [밝은 흰색]: 매끄럽고 선명한 인쇄 경험 - 밝은 흰색 둥근 모서리 라벨 스티커 - 바코드, UPC 라벨, 반품 주소 라벨, 배송 라벨, 우표, 이름표 라벨, 보관함용 [호환 프린터] LP2824, LP2824Z, TLP2824, TLP2824Z, LP2844, LP2844Z, LP3844Z, TLP2844, TLP2844Z, TLP3842, TLP3844Z, GX420D, GX430D, ZD620, ZD420 , GT800, GC420D, ZD410, OS-214ODZ, OS-214PLUS, TSC TA200, TA300, TDP-244, TDP-345, TTP-225, TTP-243 PRO, TTP-243E PRO, TTP-244 PLUS, TTP-244CE, TTP-244CE, TTP-2. 45C, TTP - 247, TTP-323, TTP-342 PRO, TTP-343C, TTP-345, DA402, GC420T, GK420D, GK420T, GX430T, LP 2844, LP 2844-Z, S4M, TLP 2844, 2844-Z, 3842, 3844-. ZT222 0, ZT230 등.",,"['라벨', '프린터', '호환', '롤', '열', '흰색', '데스크탑', '스티커', '코어', '천공']"
사무용품,라벨 및 스티커,다목적 라벨,,B0BLMLB1X1,"드라이 이레이즈 자석, 빈 마그네틱 드라이 지우개 라벨, 48팩, 화이트보드용 지울 수 있는 자석, 교실, 가정, 교육, 사무실, 10.2 x 5.1cm(4 x 2인치)",IMAGAME,30456,30456,4.6,217.0,"밸류 팩: 이 팩에는 5.1cm x 10.2cm(2인치 x 4인치) 화이트보드 자석 48개가 포함되어 있으며, 마그네틱 라벨 또는 즉시 쓸 수 있는 안내판을 만드는 완벽한 솔루션입니다. 신뢰할 수 있는 소재: 마그네틱 드라이 지우개 라벨은 라미네이트 아트 페이퍼로 만든 흰색 필기 가능, 드라이 지우개 가능, 다양한 표면에 강력한 접착력을 위한 0.04cm 두께의 유연한 자석 뒷면이 있습니다. 안전한 접착: 각 스티커는 강한 자석 뒷면이 있어 냉장고, 화이트보드 또는 선반과 같이 약간 둥글거나 평평하든 금속 및 자석 표면에 즉각적이고 안정적으로 붙일 수 있습니다. 표면에 잔여물을 남기지 않고 쉽게 부착하고 분리할 수 있습니다. 다용도: 이 빈 자석은 보드 또는 자석 화이트보드의 표지판을 계획하는 데 적합하며 냉장고에 표시하여 선반에 라벨을 붙일 수 있습니다. 쓰기 및 건조 지울 수 있음: 라미네이트 표면으로 디자인되어 편리하게 쓰고 지울 수 있습니다. 재사용 가능한 자석 라벨은 정리에 도움이 됩니다. 보드 마커로 스트립에 쓰고 쉽게 눈에 띄는 곳에 붙이기만 하면 됩니다. 마른 지우개나 젖은 수건이나 물티슈로 쉽게 닦아낼 수 있습니다. 세탁하지 마십시오.","밸류 팩: 이 팩에는 5.1 x 10.2cm(2 x 4인치) 화이트보드 자석 48개가 포함되어 있으며, 자석 라벨이나 즉시 쓸 수 있는 안내판을 만드는 완벽한 솔루션입니다. 신뢰할 수 있는 소재: 마그네틱 드라이 지우개 라벨은 흰색 글씨를 쓸 수 있는 앞면이 있으며, 라미네이트 아트지로 만들어졌으며 드라이 지울 수 있으며 다양한 표면에 강력한 접착력을 위한 0.1cm(0.05인치) 두께의 유연한 자석 뒷면이 있습니다. 안전한 접착력: 각 스티커에는 강한 자석 뒷면이 있어 냉장고, 화이트보드 또는 선반과 같이 약간 둥글거나 평평한 금속 및 자석 표면에 즉각적이고 안정적으로 접착할 수 있습니다. 표면에 잔여물을 남기지 않고 쉽게 부착하고 분리할 수 있습니다. 다용도: 이 빈 자석은 보드 또는 자석 화이트보드의 표지판을 계획하는 데 적합하며 냉장고에 표시하여 선반에 라벨을 붙이는 데 적합합니다. 쓰기 및 드라이 지우기: 편리하게 쓰고 지울 수 있도록 라미네이트 표면으로 설계된 재사용 가능한 자석 라벨은 정리에 도움이 됩니다. 보드 마커로 스트립에 쓰고 쉽게 보이는 곳에 붙이기만 하면 됩니다. 마른 지우개나 젖은 수건이나 물티슈로 쉽게 닦아낼 수 있습니다. 세탁하지 마십시오.","['자석', '라벨', '표면', '화이트보드', '드라이', '지우개', '접착', '보드', '라미', '선반']"
사무용품,라벨 및 스티커,다목적 라벨,,B08XLKRFNB,"BETCKEY Dymo 30332 (2.5 x 2.5cm(1 x 1인치)) 정사각형 QR 코드의 다목적 라벨과 호환되는 컬러 라벨, Dymo LabelWriter 450, 4XL 및 Zebra 데스크탑 프린터와 호환 [2롤 1500 라벨. Light, els, 블루]",BETCKEY,12451,12451,4.5,753.0,"사양: 2.54cm x 2.54cm DYMO 30332 스퀘어 다목적 라벨, 라이트 블루 - 2롤 & 750 라벨/롤 100% Dymo 호환 라벨 및 모든 Dymo Labelwriter 프린터 및 라벨 메이커에 적합합니다. Dymo Labelwriter 450, Dymo 450 Turbo ,Dymo 450 Twin Turbo ,Dymo 450 Duo ,Dymo 4XL & Dymo 무선 프린터, 400, 330, Rollo 및 Zebra 라벨 프린터. 품질 우선: Dymo 30332 라벨과 호환되는 라벨은 라이트 블루이며 어둡게 인쇄할 수도 있습니다. 부드럽고 깔끔한 롤로 프린터를 부드럽게 만듭니다. 특허받은 디자인으로 쉽고 빠르게 벗겨낼 수 있으며 BPA 프리 제품입니다. 신뢰성: Dymo 30332와 호환되는 저희 라벨은 끈적거리고 오래 지속되는 강력한 접착제입니다. 고품질 원료로 각 라벨을 모든 표면에 단단히 붙일 수 있습니다. 다용도: 이 라벨은 사각형 다목적 라벨입니다. 또한 반품 주소 라벨, 바코드 라벨, FNSKU 라벨 및 UPC 라벨로도 적합합니다. 봉투, 우편, 편지 및 소포에 사용할 수 있습니다. 임시 및 실내 간판. 포장 및 기타 소매용.",,"['라벨', '호환', '프린터', '롤', '블루', '다목적']"
사무용품,라벨 및 스티커,다목적 라벨,,B0C6SPQCXJ,"정품 P21 라벨 메이커 테이프, 적응 라벨 인쇄 용지, 12x40mm(0.47x1.57인치), 표준 라미네이트 사무실 라벨링 테이프 교체품, P21 다용도, 테이프/롤 180개, 3롤, 블루/옐로우/핑크",Nelko,22146,22146,4.6,170.0,"【P21 라벨 메이커 테이프】이 열 라벨 테이프는 Nelko P21 프린터에 특별히 적합합니다. 사이즈 12x40mm(0.47x1.57인치), 라벨/롤 180개, 블루/옐로우/핑크의 다양한 컬러 라벨 용지 3롤이 있습니다. 이 칩을 제거하거나 손상시키지 마십시오. 인쇄 효과와 품질에 영향을 줄 수 있습니다. 【호환】라벨링을 위해 Nelko P21 휴대용 라벨 메이커와 호환됩니다. 라벨 인쇄 소모품을 구입할 때 최상의 인쇄 효과를 얻으려면 기계 판매자가 적절하거나 권장하는 소모품을 선택하십시오. 【비용 절약 및 BPA 프리】롤에 포장하여 필요에 따라 원하는 수의 라벨을 인쇄할 수 있습니다. 폐기물 라벨 없음. 열 인쇄 기술로 잉크 비용을 절감하십시오. 이 라벨 용지는 환경 친화적인 소재로 만들어졌으며 무독성, BPA 프리, 방수, 내유성, 변색 없음, 찢어짐 방지 및 긁힘 방지 기능이 있습니다. 【다양한 용도】이 프린터 라벨은 일상 생활, 가정 용품 정리, 화장품 품목 분류, 비즈니스 디스플레이, 가격 이름 주얼리 태그, 병 스티커, 학교 및 사무실 파일 분류, 보관, 마킹 등에 널리 사용됩니다. 종이, 봉투, 플라스틱, 패키지, 유리 및 금속에 단단히 부착할 수 있습니다. 아버지의 날 선물, 어린이, 친구, 남자친구, 여자친구, 아버지, 어머니를 위한 크리스마스 선물. 【공지】녹색 라벨 스트립에는 스마트 칩이 포함되어 있으므로 라벨 스트립 뒷면의 녹색 라벨을 찢지 마십시오. 스마트 칩은 라벨 제조업체가 테이프의 크기를 자동으로 인식하고 올바른 정렬을 보장하는 데 도움이 됩니다. 녹색 스티커를 찢거나 파손하지 마십시오. 그렇지 않으면 인쇄 효과에 영향을 줄 수 있습니다.",,"['라벨', '인쇄', '테이프', '롤', '효과', '메이커', '용지', '녹색']"
사무용품,라벨 및 스티커,다목적 라벨,,B08PCQ2VM2,"Phomemo Phomemo M200/M110S/M220 라벨 메이커용 3롤 투명 3.8cm X 30mm(1 1/2인치 X 1 1/8인치) 다목적 자체 접착 라벨, 230개의 라벨/롤, 투명 바탕에 블랙",Phomemo,30456,30456,4.6,347.0,"제품 구성: 40mm x 30mm(1 1/2인치 X 1 1/8인치), 각 롤당 230개의 라벨. 투명 바탕에 블랙. 방수, 내마모성 및 BPA 프리 제품입니다. 다용도 - 다양한 라벨 크기로 다양한 용도로 사용할 수 있습니다. 이 사이즈 라벨을 사용하여 우편 주소 라벨, 가격표, 배송 주소 라벨 등을 만들 수 있습니다. √열 인쇄: Phomemo M200 라벨 메이커는 블루투스 무선 연결이며 잉크나 토너가 필요하지 않은 열 인쇄 기술을 사용합니다. 안드로이드 4.0 및 IOS 8.0 이상용 시스템. √ 간편한 사용 - 원클릭 인쇄로 시간과 노력을 절약할 수 있습니다. 스마트 앱은 다양한 글꼴, 필터 효과 및 테마를 제공합니다. 앱 사용: 애플 스토어 및 구글 플레이에서 프린트 마스터 앱 설치 >M200 프린터를 켜고 블루투스 연결을 엽니다. 앱에서 프린터 모델 M200 선택->인쇄를 즐기십시오. √ 평생 기술 지원 - 모든 문제를 해결할 수 있도록 기꺼이 도와드립니다. 문의 방법: 1->아마존 계정 로그인 2->내 계정 클릭 3->주문을 찾아 '판매자에게 연락하기'를 클릭하십시오.",,"['라벨', '앱', '인쇄', '롤', '투명', '열', '연결', '주소', '클릭', '메이커']"
사무용품,라벨 및 스티커,다목적 라벨,,B07VJGFNR5,NETUM NEUM G5 라벨 프린터와 호환되는 자가 접착 다용도 라벨 용지 - 300 라벨 50x25mm,NETUM,9681,9681,4.4,105.0,"용지 크기: 2.0""X1.00""(50*25)*300 라벨 블루투스 연결이 가능한 NETUM NT-G5 휴대용 라벨 프린터와 호환 가능 NETUM 자가 접착 다용도 라벨은 방수, 기름 방지, 찢어짐 방지, 강한 점도 및 긁힘 방지 기능이 있습니다 다양한 라벨 사이즈로 다양한 용도로 사용할 수 있습니다. 직접 열 인쇄 기술로 지저분하고 비싼 잉크나 토너 없이 깨끗한 글자를 제공합니다","블루투스 연결성을 갖춘 NETUM G5 라벨 프린터와 호환되는 자가 접착 다목적 라벨. NETUM 모든 라벨은 방수, 기름 방지, 찢어짐 방지, 강한 점도와 긁힘 방지 기능이 있습니다.","['라벨', '방지', '접착', '자가', '프린터', '호환', '강하다', '기름', '점도', '방수']"
사무용품,라벨 및 스티커,다목적 라벨,,B089GT8FLK,"Phomemo 오리지널 라벨, M110/M220/M221용, 30 x 20mm(1.18 x 0.79인치), 정사각형, 화이트, 320 라벨/롤, 다목적 자체 접착 열 실험실 또한 els, Phomemo M120/M200 라벨 메이커용",Phomemo,13836,13836,4.8,669.0,"호환성 이 라벨은 흑백 인쇄용 M110/M120/M200/M220 라벨 메이커에만 사용할 수 있습니다. 실용적인 라벨 사이즈 라벨 크기 30mm x 20mm(1.18인치 x 0.79인치), 한 롤에 320개의 라벨. 가격 라벨, 이름표, 카테고리 라벨, 패키지 스티커 등에 이상적입니다! 강력한 접착력 - Phomemo 프린터 라벨은 종이, 금속, 플라스틱, 유리 등과 같은 다양한 표면에 부착됩니다. 안전한 모서리는 장시간 사용에도 불구하고 라벨이 말리지 않도록 합니다. 고품질 접착제는 보관 중에 건조하고 끈적거리지 않아 라벨 메이커 기계가 걸리거나 잘못 인쇄되는 것을 방지합니다. 긴 보존 - 프린터 라벨은 방수, 내유성, 찢어짐 방지 및 긁힘 방지 기능이 있어 비즈니스 및 가정에서 걱정 없이 사용할 수 있습니다. 표면의 코팅 레이어는 내용물이 바래거나 파괴되는 것을 방지합니다. 쉽게 벗겨지는 디자인 - 틈이 있어 라벨을 뒷면 용지에서 쉽게 벗겨낼 수 있습니다. 패키지 라벨링을 일괄적으로 하면 시간을 절약할 수 있습니다. 라벨은 제거로 잔여물을 남기지 않으며 깨끗한 표면에서 여러 번 재사용할 수 있습니다.",,"['라벨', '방지', '메이커', '표면', '패키지', '접착', '인쇄', '롤', '프린터']"
사무용품,라벨 및 스티커,다목적 라벨,,B08BNM1BYM,"L LIKED Dymo 30333과 호환되는 10롤 (1.3cm x 2.5cm(1/2인치 x 1인치)) 직접 열 라벨 다용도 2업 Dymo 450, 4XL 프린터용 사용, BPA 프리",L LIKED,27686,27686,4.4,21.0,"라벨 사이즈 1.3cm x 2.5cm(1/2인치 x 1인치) 감열 라벨 - Dymo , Rollo, Zebra 데스크탑 프린터와 호환 - Dymo 30333 엑스트라 스몰 다용도 라벨 교체 - 2.5cm(1인치) 코어, 10롤 / 케이스 및 1,000개 라벨 / 롤 화이트, 직접 열, BPA 프리, 영구 접착, 롤 당 라벨 1000개 Dymo 프리미엄 라벨 교체 화이트 다용도 자체 접착 주얼리/가격표 2-업 라벨 바벨 스타일 Dymo Machines: 450 Turbo , 450 Twin Turbo , 450 Duo , 4XL, Wireless , 400, 330 등과 호환됩니다(Dymo 550, 5XL 라벨 프린터와 호환되지 않음) 라벨은 뒷면에 블랙 마크가 있으며 미국 버전 및 유럽 버전의 Dymo 프린터와 호환됩니다",,"['라벨', '호환', '프린터', '롤', '다용', '접착', '열', '화이트', '직접', '프리']"
사무용품,라벨 및 스티커,다목적 라벨,,B00CBAPJ08,"Houselabels 1.9 x 5.1 cm Dymo-호환 30330 다용도 라벨, 1 롤, 롤 당 500 라벨",HouseLabels,9944,12326,4.3,16.0,"이 정품 HouseLabel의 제품을 자신 있게 구입하십시오 - 100% 만족 보장이 제공됩니다. 이 제품은 HouseLabel의 로고가 각 라벨의 릴리즈 라이너 뒤에 있고 각 롤은 개별 미니 상자에 포장되어 각 롤을 햇빛과 흠집으로부터 보호합니다. 각 흰색 라벨은 비어 있으며 인쇄 준비가 되어 있습니다 1.9cm x 5.1cm, 직사각형, 화이트, 직접 열, 영구 접착, BPA 프리, 롤 당 라벨 500개 이 라벨은 주소 라벨, 반품 주소 라벨, 제품 식별, 바코드 등에 사용할 수 있습니다. DYMO 프린터: 300, 310, 315, 320, 330, 400, 400 듀오, 400 트윈 터보, 450, 450 듀오, 450 터보, 450 트윈 터보, 4XL, EL40, EL60, SE300, SE450. CoStar 라벨 작성자: XL, XL+, BC, BC+, TURBO, SE200, SE250, ACII 200 / ASCII 250 DYMO 라벨 작에서 사용하도록 HouseLabels에서 판매하는 모든 라벨은 DYMO 사양에 맞는지 확인하기 위해 테스트되었습니다. 라벨은 부드럽고 밝은 흰색이며 전문적인 결과를 얻을 수 있습니다. 라벨은 얼룩 방지 및 방수 및 기름 방지 기능이 있습니다. 모든 온도, 강한 영구 접착제는 모든 범용 라벨링 응용 분야에 적합합니다. 각 롤은 보호용 블랙 폴리백에 개별적으로 포장 한 다음 먼지, 햇빛, 흠집으로부터 보호하기 위해 미니 상자에 넣습니다","저희는 다음과 같은 우수한 원재료로 시작합니다: (a) 고품질 직접 감열지 (80G/M2), (b) 영구 아크릴 접착제, (c) 화이트 글라신지 이형지 (60G/M2), (d) 탁월한 백색도, (e) 물, 기름 및 마찰 방지 용지로 구성되어 있습니다. 라벨은 최신 기술을 사용하여 생산되며 수많은 품질 관리 검사를 거칩니다. 당사의 인증에는 ISO 9000/9001/9004/19011:2000 등이 포함됩니다. HouseLabels는 OEM 제조업체 사양을 충족하거나 초과합니다. 저희 라벨은 Dymo 프린트 헤드를 손상시키지 않습니다. 저희는 엄격한 표준을 준수하는 최첨단 접착제 기술을 사용합니다. 저희 라벨은 깨끗한 환경에서 생산되며 먼저 보호용 폴리백에 포장되어 먼지, 햇빛, 흠집으로부터 보호하기 위해 개별 미니 상자에 포장됩니다. 모든 HouseLabels 제품은 BPA 프리입니다. BPA (비스페놀 A)는 1960년대부터 사용되어온 산업 화학 물질입니다. 특정 감열지에는 BPA가 포함될 수 있습니다. 보건 복무부의 National Toxicology Program은 BPA가 태아, 유아 및 어린이의 뇌, 행동 및 전립선에 미치는 건강에 미치는 영향에 대해 ""약간의 우려""라고 말합니다. 안내: HouseLabels는 DYMO 브랜드 라벨을 판매하지 않습니다. ""DYMO"", ""Label Writer"" 및 기타 DYMO-브랜드 제품 이름 및 SKU 상표는 DYMO Corporation의 상표입니다. DYMO Corporation은 HouseLabels에서 제작하거나 판매하는 제품을 후원하거나 보증하지 않습니다.","['라벨', '롤', '보호', '포장', '접착제', '터보', '영구', '미니', '햇빛', '흠집']"
사무용품,라벨 및 스티커,다목적 라벨,,B00007LVEW,Avery 탈착식 8.9 x 10.2 cm 화이트 ID 라벨 150팩 (6464),AVERY,42976,29791,4.6,332.0,잉크젯 및 레이저 프린터용 흰색 탈착식 ID 라벨 자신만의 라벨을 만들고 인쇄하세요 라벨은 쉽게 붙이고 유지하고 제거할 수 있습니다.,"자신만의 라벨을 만들고 인쇄하세요. 라벨은 쉽게 붙이고 유지하고 제거할 수 있습니다. 다양한 모양, 크기 및 소재로 제공됩니다. 고품질 Avery 라벨은 프린터를 걸림 없이 인쇄할 수 있으며, 뒷면 라이너에서 쉽게 벗겨낼 수 있으며 들러붙지 않으며 전문적인 룩을 위해 쉽게 맞춤 설정할 수 있습니다.","['라벨', '인쇄', '프린터', '탈착', '제거', '유지', '붙이', '흰색', '화이트', '전문']"
사무용품,라벨 및 스티커,다목적 라벨,,B0C2PZD5HP,"MUNBYN 정사각형 열 라벨 스티커, 52mm x 52mm 수채화 열 라벨, 포장, 선물, 비즈니스, 로고 디자인, 라벨 500개/롤 1개",MUNBYN,27686,27686,4.7,469.0,"강력한 호환성: 열 스티커 라벨은 Munbyn, Jadens, Rollo, Idprt, Beeprt, Asprink, Nelko, Phomemo, Polono, LabelRange, Offnove, Joise, Itari, K Comer 및 기타 감열식 프린터와 호환됩니다. (Dymo 및 Brother와 호환되지 않음). 어드밴티지 컬렉션 사용: 투명 인쇄, 자체 접착 솔리드, 방수 및 내유성, 쓰기 가능, 비즈니스 및 생활에서 좋은 보조 기능이 있는 열 라벨. BPA 및 Bps 없음: Bpa (비스페놀 A)는 내분비 장애를 일으키고 사람들의 건강에 특정 영향을 미칠 수 있는 산업용 화학 물질입니다. 사각형 열 라벨은 Bpa 및 Bps와 같은 발암 물질을 포함하지 않도록 테스트되었습니다. 생활 속 폭넓은 적용성: 열 라벨은 알림 태그, 분류 라벨, 재고, 크기 라벨, 실험실 번호 라벨, 신발, 가방, 옷 등을 분류하는 데 사용할 수 있습니다. 비즈니스에 폭넓은 적용: 수채화 라벨은 감사 스티커, 브랜드 디자인, 로고 디자인, 양초 열 라벨 등에 사용할 수 있습니다.",,"['라벨', '열', '스티커', '비즈니스', '디자인', '생활', '폭넓다', '로고', '물질', '적용']"
사무용품,라벨 및 스티커,다목적 라벨,,B07PSFDMJ2,Avery Permanent All-Purpose Labels (AVE06113) 2400개 자가 접착 라벨,AVERY,13836,13836,4.6,49.0,"Permanent adhesive keeps the label securely in place White label offers easy customization Suitable for a variety of purposes and can be used on documents, for mailings, tracking items and more Color: White. Set of 6.","All-purpose labels are easily customizable and suitable for a variety of purposes. Apply them as identification markers on any number of different objects. Permanent adhesive keeps the label securely in place. White label offers easy customization. They can be used on documents, for mailings, tracking items and more. Set of 6.","['접착', '자가', '라벨']"
사무용품,라벨 및 스티커,다목적 라벨,,B01MCUOQZJ,"BETCKEY - DYMO 30330 호환 (1.9cm x 5.1cm(3/4인치 x 2인치)) 다용도 라벨 - DYMO Labelwriter 450, 4XL 및 Zebra 데스크탑 프린터와 호환 [6롤/3000 라벨]",BETCKEY,20761,20761,4.2,35.0,"[ 사양 ]: 19mm x 51mm(3/4인치) x 51mm(2인치) 다용도 라벨 - DYMO LW 30330 S0722550 11355 교체 - 종이 튜브 직경: 1""(25.4mm) - 6롤 & 3000 라벨 (500 라벨/롤) [ 호환 ]: DYMO LabelWriter 프린터에 적합: DYMO 450, 450 Turbo, 450 Twin Turbo, 450 Duo, DYMO 4XL & DYMO 무선 프린터, 400, 332, Zebra 및 인쇄 너비를 2cm(0.76인치)까지 조절할 수 있는 대부분의 열 라벨 프린터 유용한 팁 : RFID 칩을 요청하는 DYMO 550 및 5XL 프린터와 호환되지 않습니다. 또한 프린터 외부에 라벨을 고정하고 최소 4cm(1.57인치) 너비가 필요한 Rollo 및 Munbyn 프린터는 지원하지 않습니다. [ 다용도 라벨 ]: DYMO LW 30330 S072255011355 교체용 0.75 인치 x 2 인치 (19mm x 51mm) 라벨은 다목적 라벨입니다. 바코드 라벨 및 FNSKU 라벨도 적용됩니다. 패키지, 봉투, 우편물, 편지, 소포, 표지판 및 임시 이름표에 널리 사용됩니다. 이름을 지정하세요. [인쇄 가능 영역] : 3/4"" x 2"" (19mm x 51mm). 모든 콘텐츠는 ""인쇄 가능 영역""에 인쇄됩니다. 주로 가격표, 구별 태그 및 반품 주소 라벨로 사용됩니다. 종이, 봉투, 편지, 패키지, 병, 스크랩북, 플라스틱, 찬장 및 기타 품목에 널리 사용됩니다. [인쇄할 수 없는 영역] : 중간 선으로 분할, 0.35인치(9mm) 너비 ""인쇄할 수 없는 영역""은 프린터의 최소 너비 요구 사항에 맞게 전체 라벨의 너비를 넓히도록 설계되었습니다. [ 상단 접착제]: 극한의 온도(10°C~70°C)에서도 여전히 신뢰할 수 있습니다. 특허받은 상단 접착제는 오래 지속되는 강력한 접착력을 제공합니다. 라벨이 벗겨져 배송이 더 이상 손실되지 않습니다. 비즈니스의 추가 마진을 즐기세요. [ 변색 및 얼룩 방지 ]: 선명한 이미지와 읽기 쉬운 바코드를 인쇄합니다. 색이 바래거나 번지지 않도록 하세요. 배송업체가 배송될 때까지 바코드를 쉽게 스캔할 수 있습니다. 우리는 읽을 수 없는 바코드 때문에 '발신자에게 반환'을 싫어합니다.",,"['라벨', '프린터', '인쇄', '호환', '바코드', '영역', '롤', '다용']"
사무용품,라벨 및 스티커,다목적 라벨,,B09PR55KL3,라벨 메이커 테이프 SUPVAN E10 적응 라벨 프린트 용지 리필 고정 사이즈 1.4 x 3.5cm(0.55 x 1.18인치) 220 라벨/롤 열 라미네이트 방수 자체 접착 다용도 라벨링 테이프 교체,SUPVAN,15221,15221,4.6,319.0,"【SUPVAN E10 적응 라벨】사이즈: 0.55인치 x 1.18인치(14x30mm). 수량: 롤 당 220개. 【다층 및 강력한 내구성】다른 단일 레이어 라벨과 달리, SUPVAN 라벨은 다층 디자인과 합성 소재를 사용하여 5년 이상의 수명을 보장합니다. 강력한 방수, 내유성, 접착제 및 고온 방지 효과를 제공합니다. 【BPA 프리】SUPVAN 라벨 메이커 테이프는 아기 제품 표준에 맞는 'BPA 프리'로 제작되었습니다. 다양한 라벨링 목적, 특히 식품, 화장품, 소모품 등에 대해 높은 수준의 안전성을 보장합니다. 【열 라벨 메이커 테이프】열 기술을 사용하여 E10 라벨 메이커는 인쇄에 잉크나 토너가 필요하지 않습니다. 비용 효율성을 보장하는 동시에 변색 없이 높은 인쇄 품질을 보장합니다. 【참고】스마트 칩이 포함되어 있으므로 라벨 테이프 뒷면의 스티커를 제거하지 마십시오. 스마트 칩은 라벨 메이커가 테이프의 크기를 자동으로 인식하고 올바른 정렬을 보장하는 데 도움이 됩니다. 스마트 칩이 손상되면 라벨 테이프에 결함이 있을 수 있습니다.",,"['라벨', '테이프', '보장', '메이커', '스마트', '열', '강력하다', '방수', '링', '인쇄']"
사무용품,라벨 및 스티커,다목적 라벨,,B0759BRBMN,PUQU Q 시리즈 라벨 프린터와 호환되는 자체 접착 다목적 라벨 - 320 라벨 롤 30x20mm (1.2인치 x 0.8인치),PUQULABEL,10913,10913,4.2,39.0,"블루투스 연결이 가능한 PUQU Q 시리즈 휴대용 라벨 프린터와 호환됩니다 PUQU 자체 접착 다목적 라벨은 방수, 내유성, 찢어짐 방지, 강한 점성 및 긁힘 방지 기능이 있습니다 다양한 용도에 사용할 수 있도록 다양한 라벨 크기를 사용할 수 있습니다. 직접 열 인쇄 기술로 지저분하고 값비싼 잉크나 토너 없이 선명한 글자를 제공합니다","블루투스 연결이 가능한 PUQU Q 시리즈 라벨 프린터와 호환되는 자체 접착 다목적 라벨. PUQU 모든 라벨은 방수, 내유성, 찢어짐 방지, 강한 점도 및 긁힘 방지 기능이 있습니다.","['라벨', '방지', '호환', '프린터', '다목적', '접착', '자체', '시리즈', '힘', '연결']"
사무용품,라벨 및 스티커,다목적 라벨,,B0B9WRLD2G,"Phomemo 오리지널 라벨, M110/M120/M200/M220용, 40 x 30mm(1.57 x 1.18인치), 6롤, 230 라벨/롤, 사각형, 화이트, 멀티 Sel 목적 f-Adhesive 열 라벨, 바코드, 이름, 주소용",Phomemo,45691,45691,4.6,77.0,"호환성 이 라벨은 흑백 인쇄용 M110/M120/M200/M220 라벨 메이커에만 사용할 수 있습니다. 사이즈 및 다양한 사용 3.8cm x 3.8cm(1-1/2인치 x 1-1/8인치) 라벨(길이 x 너비), 230개의 라벨/롤. 이 스티커 라벨의 크기는 비즈니스부터 가정까지 대부분의 경우에 적합합니다. 가격 및 바코드 라벨, 이름표, 파일 폴더 또는 메모리 카드 표시, 시즈닝 캔, 알약 정리함 알림 등. 강력한 접착력 및 내구성 - Phomemo 라벨은 접착력이 강하고 오래 지속됩니다. 고품질 소재로 각 라벨을 모든 표면에 단단히 붙일 수 있으며 종이, 목재, 플라스틱, 금속, 유리 등 등 말리지 않고 매우 오래 유지됩니다. 상당한 시간 안에 떨어질 염려가 없습니다. 라벨은 벗겨질 때 잔여물을 남기지 않으며, 여러 번 재사용할 수도 있습니다. 매우 견고함 라벨은 방수 및 내유성이 있어 라벨을 직접 헹구더라도 잘 다룰 수 있습니다. 튼튼한 소재로 라벨은 찢어짐 방지 및 긁힘 방지 기능이 있으며 다양한 수준의 마모를 쉽게 처리할 수 있습니다. 안전한 무독성 - Phomemo 라벨은 호환되며 매우 엄격한 QC 지침을 준수합니다. 라벨은 BPA 프리이며 잉크나 토너가 없도록 열 직접 설계되었습니다. 매일 사용하기에 안전합니다.",,"['라벨', '롤', '이름', '방지', '접착', '직접', '열', '안전하다', '바코드']"
사무용품,라벨 및 스티커,다목적 라벨,,B08P72KJPR,"NetumScan 호환 가능한 다용도 라벨 용지, NetumScan, 주소 및 바코드용 직접 열 라벨 교체 - 라벨라이터와 함께 사용 (5롤) (2.5cm x 5.1cm(1 x 2인치))",NetumScan,24916,24916,4.4,104.0,"사양 - 직접 열 라벨, NetumScan 주소 및 바코드 라벨 교체품, Labelwriter 프린터와 호환 - 5롤 / 케이스. 고품질 - NetumScan 자체 접착 다목적 라벨은 방수, 내유성, 내마모성이 있어 어떤 표면에도 단단히 부착됩니다. 다용도 용지 - 다양한 라벨 크기로 다양한 용도로 사용할 수 있습니다. 이 사이즈 라벨을 사용하여 우편 주소 라벨, 배송 주소 라벨 등을 만들 수 있습니다. 투명 인쇄 - 직접 열전사 인쇄 기술은 지저분하고 값비싼 잉크나 토너 없이 선명한 글자를 제공합니다. NetumScan G5 열 라벨 프린터와 호환되며 대부분의 다른 프린터와 호환됩니다(열 라벨 프린터에만 해당).",,"['라벨', '호환', '열', '프린터', '주소', '직접', '인쇄', '다용', '롤', '바코드']"
사무용품,라벨 및 스티커,다목적 라벨,,B0CT5LKNKF,"Phomemo M110/M120/M200/M220/M221 라벨 메이커 프린터와 호환되는 M110 라벨, 투명 바탕에 블랙, 40x40mm(1.57인치 x 1.57인치) 원형 다목적 자체 접착 열 라벨, 180개",Phomemo,17991,17991,4.0,2.0,"제품 크기- 40x40mm(1.575x1.57인치), 롤당 라벨: 180개. 투명 바탕에 블랙. Phomemo-M110/M120/M200/M220/M221 블루투스 열 라벨 프린터 라벨 메이커와 호환됩니다. 잉크 없이 & 투명에 블랙만 인쇄 - 키보드를 타이핑하고 필기 인쇄 수명의 문제를 완화하는 가장 중요한 것입니다. 휴대폰으로 더 재미있게 만드세요. 잉크 없이 인쇄하여 리본을 사용할 필요가 없으며 소모품 수요를 줄입니다. 다용도 - 다양한 라벨 크기를 다양한 용도로 사용할 수 있습니다. 이 작은 사이즈를 사용하여 유효 날짜 알림, 가격 라벨 및 텍스트를 더 많이 만들 수 있습니다. 명확한 인쇄 - Phomemo 자체 접착 다목적 라벨은 방수, 내유성, 내마모성 및 강한 접착력을 가지고 있습니다.",,"['라벨', '인쇄', '블랙', '투명', '접착', '열', '다목적', '프린터', '호환', '메이커']"
사무용품,라벨 및 스티커,다목적 라벨,,B0CT5D65TX,"M110 라벨, Phomemo M110/M120/M200/M220/M221 라벨 메이커, 비즈니스, 주소, 우편용, 60x80mm(2.36인치 x 3.14인치), 화이트 바탕에 블랙, 100개",Phomemo,16606,16606,4.6,47.0,"제품 크기- 60x80mm(2.375x3.15인치), 롤당 라벨: 100개. 화이트 바탕에 블랙. Phomemo-M110/M120/M200/M220/M221 블루투스 열 라벨 프린터 라벨 메이커와 호환됩니다. 잉크 없이 & 화이트 바탕에 블랙만 인쇄 - 키보드를 타이핑하고 필기 인쇄 수명의 문제를 완화하는 가장 중요한 것입니다. 휴대폰으로 더 재미있게 만드세요. 잉크 없이 인쇄하여 리본을 사용할 필요가 없으며 소모품 수요를 줄입니다. 다용도 - 다양한 라벨 크기를 다양한 용도로 사용할 수 있습니다. 이 작은 사이즈를 사용하여 유효 날짜 알림, 가격 라벨 및 텍스트를 더 많이 만들 수 있습니다. 명확한 인쇄 - Phomemo 자체 접착 다목적 라벨은 방수, 내유성, 내마모성 및 강한 접착력을 가지고 있습니다.",,"['라벨', '인쇄', '바탕', '화이트', '블랙', '접착', '메이커', '잉크']"
사무용품,라벨 및 스티커,다목적 라벨,,B07CVHKHVK,ETIKIDS 40 탁아와 학교를 위한 다목적 맞춤형 라미네이트 접착 라벨.,Haberdashery Online,11066,11066,3.9,801.0,"🏷️ Personalize and Organize: ETIKids 40 multipurpose customizable laminated adhesive labels by Haberdashery Online make it easy to label your child's belongings for daycare and school, ensuring nothing gets lost or mixed up 🎒 Versatile Labeling Solutions: These adhesive labels come in various sizes to suit your needs – 10 labels of 2.2 x 0.7 in, 10 labels of 1.4 x 0.7 in, 13 labels of 2 x 0.5 in, and 7 round labels of 1 x 1 in. Perfect for marking school supplies, baby bottles, lunch boxes, and more ✍️ Easy to Use: Write on these waterproof stickers with any pen and stick them onto various surfaces such as plastic, wood, glass, and ceramics. Just remember to wait 24 hours after sticking before placing them in the dishwasher, fridge, or freezer 💦 Durable and Resistant: ETIKids labels are designed to withstand everyday use, being resistant to water, scratches, microwaves, dishwashers, refrigerators, and freezers. Keep your belongings labeled and organized without worrying about the labels wearing off 🌟 Essential for Kids' Activities: These stickers are perfect for labeling your child's belongings during daycare, school, sports activities, and summer camps. Help your child keep track of their items while also adding a personal touch",,"['학교', '탁아', '접착', '다목적', '맞춤', '라벨', '라미네이트']"
사무용품,라벨 및 스티커,다목적 라벨,,B071NG7T11,"BETCKEY - 76mm x 76mm(3인치 x 3인치) Zebra 및 Rollo 라벨 프린터와 호환되는 다용도 및 대형 정사각형 라벨, 프리미엄 접착 및 천공 [1롤, 라벨 500개]",BETCKEY,11066,11066,4.5,115.0,"[ 사양 ]: 76mm x 76mm(3인치 x 3인치) (500라벨/롤, 1롤), 종이 튜브 직경: 25.4mm(1인치). 잉크 토너나 리본이 필요하지 않습니다! 돈과 노력을 절약하세요. [ 우수한 호환성 ]: Zebra, Rollo, Eltron, Intermec, Datamax, Fargo, Sato, NEX 및 인쇄 너비를 7.6cm(3인치)까지 조절할 수 있는 대부분의 열 라벨 프린터에 적합합니다. [유용한 팁]: DYMO 및 Brother 라벨 프린터를 지원하지 않습니다. [ 천공 ]: 저희는 온라인에서 판매되는 표준 라벨을 능가합니다. 라벨은 라벨을 쉽게 분리할 수 있도록 구멍이 뚫려 있습니다. 인쇄된 라벨을 천공과 함께 접어 정리할 수 있습니다. 더 이상 라벨이 지저분하지 않습니다! [ 접착제]: 극한의 온도(10°C~70°C)에서도 여전히 신뢰할 수 있습니다. 특허받은 접착제는 오래 지속되는 강력한 접착력을 제공합니다. 라벨이 벗겨져 배송이 더 이상 손실되지 않습니다. 비즈니스의 추가 마진을 즐기세요. [ 변색 및 얼룩 방지 ]: 선명한 이미지와 읽기 쉬운 바코드를 인쇄합니다. 색이 바래거나 번지지 않도록 하세요. 배송업체가 배송될 때까지 바코드를 쉽게 스캔할 수 있습니다. 우리는 읽을 수 없는 바코드 때문에 '발신자에게 반환'을 싫어합니다. [ 기술 지원 ]: 저희는 브랜드를 지지합니다. BETCKEY 는 아마존 메시지 이메일 전화 통화 및 원격 데스크톱 작동을 통해 평생 무료 고객 지원을 제공합니다. 도움이 필요하면 즉시 저희에게 연락하십시오.",,"['라벨', '바코드', '프린터', '인쇄', '롤', '천공', '접착제', '접착']"
사무용품,라벨 및 스티커,다목적 라벨,,B07597KZYB,PUQU Q 시리즈 라벨 프린터와 호환되는 자체 접착 다목적 라벨 - 70x30mm 100개 라벨 1롤 (2.8x1.2인치),PUQULABEL,11453,11453,3.8,14.0,"블루투스 연결이 가능한 PUQU Q 시리즈 휴대용 라벨 프린터와 호환됩니다 PUQU 자체 접착 다목적 라벨은 방수, 내유성 및 찢어짐 방지, 강한 점도 및 긁힘 방지 기능이 있습니다 다양한 라벨 크기를 다양한 용도로 사용할 수 있습니다. 직접 열전사 인쇄 기술로 지저분하고 값비싼 잉크나 토너 없이 선명한 글자를 제공합니다","블루투스 연결이 가능한 PUQU Q 시리즈 라벨 프린터와 호환되는 자체 접착 다목적 라벨. PUQU 모든 라벨은 방수, 내유성, 찢어짐 방지, 강한 점도 및 긁힘 방지 기능이 있습니다.","['라벨', '방지', '호환', '프린터', '다목적', '접착', '자체', '시리즈', '힘', '연결']"
사무용품,라벨 및 스티커,다목적 라벨,,B098ZCMYKX,"Aegis Adhesives - 3.2 x 2.5cm(1 ¼ x 1인치) 직접 열 다용도 라벨, QR 코드, 가격 태그용, 천공 및 Zebra 데스크탑 프린터와 호환 가능 (12롤, 1300/롤)",Aegis Adhesives,41522,41522,4.5,13.0,"3.2 x 2.5cm(1.25 x 1인치) - 브라이트 화이트 - 직접 열 빈 라벨 용지 - 2.5cm(1인치) 코어, 12롤 / 케이스, 라벨 1300개/롤. 직접 열 및 열 전달 데스크탑 프린터와 호환됩니다. 품질 - 저희의 우선 순위: 얼룩 방지 및 변색 방지 라벨. 거의 모든 표면에 영구적으로 부착되는 어둡고 선명한 UPC 바코드 및 사각형 QR 코드 라벨 스티커를 인쇄하십시오. 가격표 및 식별 라벨을 위한 완벽한 인쇄. 비즈니스에 적합: 라벨 사이에 구멍이 있는 인쇄 가능한 라벨로 쉽게 찢고 배포할 수 있습니다. 라벨 걸림 및 오피드와 같은 시간이 많이 걸리는 프린터 기계 문제를 피하십시오. Zebra 데스크톱 프린터와 호환됩니다: GC420d, GC420t, GK420d, GK420t, GX420d, GX420t, GX430t, LP2824, LP2844, ZD220, ZD410, ZD420, ZD420, ZD421, ZD5 00, Z. D620d, ZP450, ZP505. DYMO 및 Brother 열 라벨 프린터와 호환되지 않습니다.",,"['라벨', '프린터', '열', '호환', '직접', '인쇄', '롤', '방지', '데스크탑']"
사무용품,라벨 및 스티커,다목적 라벨,,B0CW5Y6RXG,"NIIMBOT 라벨, 40x15mm x 2cm(1.57인치 x 0.6인치x2인치) 라벨 리필 라벨 메이커 B1/B21/B3S, 병/향신료/선물용 열 프린터 라벨 스티커(투명 라벨)",NIIMBOT,16606,16606,4.8,20.0,"【특별 참고】라벨 용지 중간에 접선이 있으며, 찢어낸 후 동일한 작은 라벨 2개가 제공됩니다. 사진 설명을 확인하십시오. 【열 라벨】460개의 라벨/롤, NIIMBOT 리필 라벨 40x15mm x 2(1.57인치 x 0.6x2). 【호환】NIIMBOT B1/B21/B3S 휴대용 열 라벨 메이커와 호환되는 라벨 메이커 테이프. 【고품질】 NIIMBOT 라벨은 방수, 내유성, 내마모성 및 강한 접착력이 있으며 흔적이 남지 않으며 BPA 프리 및 분해성이 있습니다. 【다용도】NIIMBOT 라벨 테이프는 사무실/비즈니스/홈 메일, 로고, 파일 라벨, 향신료 병 라벨, 선물 스티커 라벨 등에 이상적입니다.",,"['라벨', '열', '메이커', '스티커', '리필', '테이프', '향신료', '호환', '선물']"
사무용품,라벨 및 스티커,다목적 라벨,,B072L2Y8BC,"BETCKEY - 10.2 x 7.6cm(4 x 3인치) 배송 및 다용도 라벨, 얼룩말 및 롤로 라벨 프린터와 호환, 프리미엄 접착 및 천공[2롤, 라벨 1000개]",BETCKEY,24916,24916,4.5,74.0,"[사양]: 4"" X 3"" (101.6mm X 76.20mm) (500 라벨/롤, 2 롤), 종이 튜브 직경: 1""(25.4mm). 잉크 토너나 리본이 필요하지 않습니다! 돈과 노력을 절약하세요. [우수한 호환성]: Zebra, Rollo, Eltron, Intermec, Datamax, Fargo, Sato, NEX 및 기타 열 라벨 프린터와 인쇄 너비를 10.2cm(4인치)까지 조절할 수 있는 대부분의 열 라벨 프린터에 적합합니다. 프린터 사용을 극대화합니다. [유용한 팁]: DYMO 및 Brother 라벨 프린터를 지원하지 않습니다. [강력한 접착 및 크리스탈 클리어 인쇄]: 프리미엄 등급의 소재만을 사용하므로 사용 중에 라벨이 떨어질 것인지, 주소가 이러한 사소한 것을 인식할 수 있는지 여부에 대해 걱정할 필요가 없습니다. [천공]: 저희는 온라인으로 판매되는 표준 라벨을 뛰어넘습니다. 프리미엄 라벨은 라벨 사이를 쉽게 분리할 수 있도록 구멍이 뚫려 있습니다.",,"['라벨', '프린터', '롤', '프리미엄', '인쇄', '열', '접착']"
사무용품,라벨 및 스티커,다목적 라벨,,B01LWKQC4A,"BETCKEY - DYMO 30333 호환 (1.3cm x 2.5cm) 엑스트라 스몰 2업 라벨 - DYMO Labelwriter 450, 4XL 및 Zebra 데스크탑 프린터와 호환 [10롤/10000 라벨]",BETCKEY,27977,27977,4.5,228.0,"[ 사양 ]: 1/2 인치 x 1 인치 (13mm x 25mm) 엑스트라 스몰 라벨 2up - DYMO LW 30333 S0722530 11353 교체 - 종이 튜브 직경: 1""(25.4mm) - 10 롤 & 10000 라벨 (1000 라벨/롤) [ 호환 ]: DYMO LabelWriter 프린터에 적합: DYMO 450, 450 Turbo, 450 Twin Turbo, 450 Duo, DYMO 4XL & DYMO 무선 프린터, 400, 332, Zebra 및 인쇄 너비를 1인치로 조절할 수 있는 대부분의 열 라벨 프린터. 유용한 팁 : RFID 칩을 요청하는 DYMO 550 및 5XL 프린터와 호환되지 않습니다. 또한 프린터 외부에 라벨을 고정하고 최소 4cm(1.57인치) 너비가 필요한 Rollo 및 Munbyn 프린터는 지원하지 않습니다. [ 다목적 라벨 2업 ]: DYMO LW 30333 S0722530 11353 교체용 13mm x 25mm(½ x 1인치) 라벨은 다목적 라벨(2개)입니다. 바코드 라벨 및 FNSKU 라벨도 적용됩니다. 패키지, 봉투, 우편물, 편지, 소포, 표지판 및 임시 이름표에 널리 사용됩니다. 이름을 지정하세요. [투업 디자인] - 한 지점에 2개의 라벨을 만들 수 있도록 설계되었습니다. 한 번에 2개의 개별 라벨을 인쇄하십시오. 작은 사이즈 라벨 인쇄의 필요성 충족. 가격표, 파일 태그 등과 같은 종이, 봉투, 편지, 소포, 병, 스크랩북, 플라스틱, 찬장 및 기타 용도와 같은 작은 품목에 널리 사용됩니다. [ 상단 접착제]: 극한의 온도(10°C~70°C)에서도 여전히 신뢰할 수 있습니다. 특허받은 상단 접착제는 오래 지속되는 강력한 접착력을 제공합니다. 라벨이 벗겨져 배송이 더 이상 손실되지 않습니다. 비즈니스의 추가 마진을 즐기세요. [ 변색 및 얼룩 방지 ]: 선명한 이미지와 읽기 쉬운 바코드를 인쇄합니다. 색이 바래거나 번지지 않도록 하세요. 배송업체가 배송될 때까지 바코드를 쉽게 스캔할 수 있습니다. 우리는 읽을 수 없는 바코드 때문에 '발신자에게 반환'을 싫어합니다. [ 기술 지원 ]: 저희는 브랜드를 지지합니다. BETCKEY 는 아마존 메시지 이메일 전화 통화 및 원격 데스크톱 작동을 통해 평생 무료 고객 지원을 제공합니다. 도움이 필요하면 즉시 저희에게 연락하십시오.",,"['라벨', '프린터', '호환', '바코드', '인쇄', '롤']"
사무용품,라벨 및 스티커,다목적 라벨,,B0CM9H2J5C,Yeaqee 9롤 5.1cm(2인치) 원형 열 라벨 스티커 750 라벨 밝은 색상 열 그라데이션 라벨 다목적 열 스티커 디자인 DIY 로고 QR 코드 이름 태그 감사 라벨 (캔디 색상),Yeaqee,58156,58156,2.9,2.0,"패키지 구성: 5.1cm(2인치) 원형 열 라벨 스티커 750피스 9롤 세트로 작업을 수행하기에 충분합니다. 각 롤은 번잡한 개인 및 비즈니스 요구 사항에 잘 맞습니다 탁월한 색상 옵션: 5.1cm(2인치) 열 라벨 스티커는 다양한 캔디 색상 옵션으로 제공되어 라벨링 프로젝트에 재미와 다양성을 더합니다. 작업 공간을 정리하거나 제품에 라벨을 붙이거나 제작할 때 이 다채로운 스티커는 작업을 더 매력적이고 효율적으로 만들기에 충분합니다. 라벨 롤 용지의 측면은 약간의 색상을 가지고 있어 정상이며 라벨 사용에 영향을 주지 않습니다 고품질 소재: 종이는 인쇄 가능한 5.1cm(2인치) 원형 스티커를 만드는 데 사용되어 내구성이 뛰어나고 신뢰할 수 있는 사용을 제공합니다. 당사의 소재 선택은 최고의 성능을 발휘하여 가장 혹독한 조건에서도 견딜 수 있는 방수 및 기름 방지 기능을 제공합니다. 스티커는 어디에 사용하든 좋은 상태로 유지되며 모든 표면에 견고하고 신뢰할 수 있는 부착을 제공합니다 쓰기 가능 및 찢어짐 방지: 이 열전사 프린터 라벨은 찢어짐 방지 뿐만 아니라 글씨도 가능합니다. 마커, 펜 또는 연필을 사용하여 라벨을 붙이면서 쉽게 찢어지지 않습니다. 이 기능은 다양한 라벨링 요구 사항에 이상적인 솔루션입니다 인쇄 가능한 디자인: 컬러 열 라벨은 대부분의 열전사 프린터를 위해 설계되어 인쇄 작업에 편리함과 유연성을 더합니다. 빠르고 선명한 선명도로 쉽게 인쇄할 수 있어 콘텐츠를 읽기 쉽고 전문적으로 만듭니다","특징: 가정, 학교, 사무실, 비즈니스 또는 이벤트에 필요한 경우 이 원형 프린터 라벨 스티커는 다양한 용도에 적용할 수 있습니다. 파일, 봉투, 상자 등을 분류하고 정리하는 데 이상적이며 물건을 개인화하고 분류하는 무한한 방법을 제공합니다. 인쇄 가능한 5.1cm(2인치) 원형 라벨은 환상적인 선택입니다. 받는 사람에게 깊은 인상을 주고 기쁨을 가져다 줄 생생하고 다채로운 형식으로 정리 선물을 주세요. 생일, 집들이, 기업 등 다양한 행사에 적합한 스티커입니다. 사양: 소재: 종이. 색상: 그림과 같음. 사이즈: 약 5cm 패키지 구성: 9롤 라벨 스티커 인쇄 가능 참고: 수동 측정, 사이즈에 약간의 오차가 있을 수 있습니다. 화면 디스플레이의 차이로 인해 색상이 약간 다를 수 있습니다.","['라벨', '스티커', '열', '인쇄', '롤', '원형', '작업', '가능하다', '프린터', '방지']"
사무용품,라벨 및 스티커,다목적 라벨,,B0CQNRN18M,"정품 P21 라벨 메이커 테이프, 적응 라벨 인쇄 용지, 14x40mm (0.55 x 1.57인치), 표준 라미네이트 라벨링 교체품, P21 라벨 메이커 다용도, 테이프/롤 180개, 1롤, 라이트 퍼플",Nelko,13836,13836,5.0,4.0,"【P21 라벨 메이커 테이프】이 열 라벨 테이프는 Nelko P21 프린터에 특별히 적합합니다. 총 1롤 라벨 용지가 있으며, 크기는 14x40mm(0.55x1.57인치), 라벨/롤 180개, 롤 1개, 라이트 퍼플입니다. 녹색 스티커를 찢거나 파손하지 마십시오. 그렇지 않으면 인쇄 효과에 영향을 줄 수 있습니다. 【공지】녹색 라벨 스트립에는 스마트 칩이 포함되어 있으므로 라벨 스트립 뒷면의 녹색 라벨을 찢지 마십시오. 스마트 칩은 라벨 제조업체가 테이프의 크기를 자동으로 인식하고 올바른 정렬을 보장하는 데 도움이 됩니다. 녹색 스티커를 찢거나 파손하지 마십시오. 그렇지 않으면 인쇄 효과에 영향을 줄 수 있습니다. 【호환】라벨링을 위해 Nelko P21 휴대용 라벨 메이커와 호환됩니다. 라벨 인쇄 소모품을 구입할 때 기계 판매자가 적절하거나 권장하는 소모품을 선택하여 훌륭한 인쇄 효과를 얻으십시오. 【비용 절약 및 BPA 프리】롤에 포장하여 필요에 따라 원하는 수의 라벨을 인쇄할 수 있습니다. 폐기물 라벨 없음. 열 인쇄 기술로 잉크 비용을 절감하십시오. 이 라벨 용지는 환경 친화적인 소재로 만들어졌으며 무독성, BPA 프리, 방수, 내유성, 찢어짐 방지 및 긁힘 방지 기능이 있습니다. 인쇄된 내용물은 상온과 빛으로부터 환경에서 오랫동안 보관할 수 있습니다. 【다양한 용도】이 프린터 라벨은 일상 생활, 가정 용품 정리, 화장품 품목 분류, 비즈니스 디스플레이, 가격 이름 주얼리 태그, 병 스티커, 학교 및 사무실 파일 분류, 보관, 마킹 등에 널리 사용됩니다. 종이, 봉투, 플라스틱, 패키지, 유리 및 금속에 단단히 부착할 수 있습니다. 크리스마스, 어린이, 친구, 남자친구, 여자친구, 아버지, 어머니를 위한 크리스마스 선물.",,"['라벨', '인쇄', '롤', '테이프', '녹색', '메이커', '스티커', '용지', '효과']"
사무용품,라벨 및 스티커,다목적 라벨,,B0B2VYQMN1,"BETCKEY - DYMO 30332 호환 (2.5cm x 2.54cm) 정사각형 다용도 라벨 - DYMO Labelwriter 450, 4XL 및 Zebra 데스크탑 프린터와 호환 [28롤/21000 라벨]",BETCKEY,60926,60926,5.0,5.0,"[ 사양 ]: 25mm x 25mm 정사각형 다용도 라벨 - DYMO LW 30332 S0929120 교체 - 종이 튜브 직경: 1""(25.4mm) - 28롤 및 21000 라벨(750 라벨/롤) [ 호환 ]: DYMO LabelWriter 프린터에 적합: DYMO 450, 450 Turbo, 450 Twin Turbo, 450 Duo, DYMO 4XL & DYMO 무선 프린터, 400, 332, Zebra 및 인쇄 너비를 2.5cm(1인치)까지 조절할 수 있는 대부분의 열 라벨 프린터 유용한 팁 : RFID 칩을 요청하는 DYMO 550 및 5XL 프린터와 호환되지 않습니다. 또한 프린터 외부에 라벨을 고정하고 최소 4cm(1.57인치) 너비가 필요한 Rollo 및 Munbyn 프린터는 지원하지 않습니다. [ 정사각형 다목적 라벨]: DYMO LW 30332 S0929120 교체용 25mm x 25mm(1 x 1인치) 라벨은 정사각형 다목적 라벨입니다. 바코드 라벨과 QR 코드 라벨도 사용할 수 있습니다. 패키지, 봉투, 우편물, 편지, 소포, 표지판 및 임시 이름표에 널리 사용됩니다. 이름을 지정하세요. [ 상단 접착제]: 극한의 온도(10°C~70°C)에서도 여전히 신뢰할 수 있습니다. 특허받은 상단 접착제는 오래 지속되는 강력한 접착력을 제공합니다. 라벨이 벗겨져 배송이 더 이상 손실되지 않습니다. 비즈니스의 추가 마진을 즐기세요. [ 변색 및 얼룩 방지 ]: 선명한 이미지와 읽기 쉬운 바코드를 인쇄합니다. 색이 바래거나 번지지 않도록 하세요. 배송업체가 배송될 때까지 바코드를 쉽게 스캔할 수 있습니다. 우리는 읽을 수 없는 바코드 때문에 '발신자에게 반환'을 싫어합니다. [ 기술 지원 ]: 저희는 브랜드를 지지합니다. BETCKEY 는 아마존 메시지 이메일 전화 통화 및 원격 데스크톱 작동을 통해 평생 무료 고객 지원을 제공합니다. 도움이 필요하면 즉시 저희에게 연락하십시오.",,"['라벨', '프린터', '호환', '바코드', '정사각형', '롤', '다용', '접착제', '이름', '다목적']"
사무용품,라벨 및 스티커,다목적 라벨,,B0B4WQX5W5,Label Maker Tap SUPVAN LP5120M 적응 라벨 프린트 용지 6팩 사이즈 연속 1.2cm x 4m(0.47인치 x 13피트) 열 라미네이트 방수 자체 접착 다용도 라벨링 테이프 교체,SUPVAN,34611,34611,4.4,300.0,"【SUPVAN LP5120M 적응 라벨】사이즈: 12mm x 4m(0.47인치 x 13.12피트). 【다층 및 강력한 내구성】다른 단일 레이어 라벨과 달리, SUPVAN 라벨은 다층 디자인과 합성 소재를 사용하여 5년 이상의 수명을 보장합니다. 강력한 방수, 내유성, 접착제 및 고온 방지 효과를 제공합니다. 【BPA 프리】SUPVAN 라벨 메이커 테이프는 아기 제품 표준에 맞는 'BPA 프리'로 제작되었습니다. 다양한 라벨링 목적, 특히 식품, 화장품, 소모품 등에 대해 높은 수준의 안전성을 보장합니다. 【열 라벨 메이커 테이프】열 기술을 사용하여 LP5120M 라벨 메이커는 인쇄에 잉크나 토너가 필요하지 않습니다. 비용 효율성을 보장하는 동시에 변색 없이 높은 인쇄 품질을 보장합니다. 【SUPVAN을 선택해야 하는 이유】인쇄 업계에서 17년 이상 발전한 SUPVAN 제품은 현재 전 세계에 20개 이상의 서비스 센터를 보유하고 있습니다. 당사는 산업 기술을 최대한 활용하고 가정용으로 사용합니다. 높은 제품 품질과 강력한 고객 지원을 보장합니다.",,"['라벨', '보장', '테이프', '메이커', '열', '인쇄', '높다', '강력하다', '프리', '층']"
사무용품,라벨 및 스티커,다목적 라벨,,B0BXXFCGWH,"ASprink 5.1cm(2인치) 원형 열 스티커 라벨, 자체 접착 원형 직접 열 라벨, DIY 로고 디자인용 다목적 롤 스티커 라벨, QR 코드, 이름표, 750개 라벨/1롤",ASprink,17991,17991,4.4,8.0,"【사이즈】: 2"" 원형 직접 열 라벨, (750 라벨/롤), 종이 튜브 직경: 1.19""(30mm) 용지 롤 직경: 85mm(3.35인치). 토너나 리본이 필요하지 않습니다! 【다양한 사용】: 열 라벨 스티커는 선물 포장, 인사말 카드, 씰 스티커, 주소 스티커, 색상 코드, 식품 라벨, 보관 상자, 보관 병, 칠판 라벨, 사무용품 라벨, DIY 디자인, 번호 스티커, 배송 라벨에 적합합니다. 또는 결혼식, 생일 파티, 성 패트릭의 날, 졸업 파티 및 기타 축하 행사에 사용할 수 있습니다. 일상적인 요구를 충족시키고 삶과 일에 기쁨을 가져다 줍니다! 【사용 장점 세트】: 열 라벨 스티커, 더 깊고 선명한 바코드 인쇄, 강력한 자체 접착, 모든 표면에 영구적으로 부착할 수 있습니다. 방수 및 내유성, 다양한 감열식 프린터 라벨 스티커, 브랜드 DIY 디자인, QR 코드 열전사 인쇄 등에 사용됩니다. BPA 및 BPS 프리, 쉽게 벗겨낼 수 있습니다. [독특한 품질] -- 고해상도와 내구성을 보장하기 위해 고품질 소재로 제작되었습니다. 저희 라벨 스티커는 방수, 기름/알코올 방지 및 긁힘 방지 기능이 있습니다. 또한, 라벨 스티커는 손상될 걱정 없이 쉽게 떼어낼 수 있습니다 [높은 호환성] -- 직접 감열 라벨은 MUNBYN, Rollo, iDRPT, Polono, Jiose, K Comer, LabelRange, OFFNOVA, JADENS, Phomemo, NefLaca, Zebra, MFLABEL, Arkscan, BESTEASY 및 기타 감열식 프린터와 완벽하게 호환됩니다. (DDYMO 및 Brother와 호환되지 않음)",,"['라벨', '스티커', '열', '롤', '디자인', '직접', '원형']"
사무용품,라벨 및 스티커,다목적 라벨,,B0CML44TWF,"열 스티커 라벨, 5.1cm(2인치) 자체 접착 원형 직접 열 라벨, DIY 로고 디자인, QR 코드, 이름표용 다목적 롤 스티커 라벨, 라벨 600개, 롤 1개(그린) (화이트)",AMZDOG,15221,15221,4.4,48.0,"열 스티커 라벨, 자체 접착 원형 직접 열 라벨, DIY 로고 디자인을 위한 다목적 롤 스티커 라벨","열 스티커 라벨, 자체 접착 원형 직접 열 라벨, DIY 로고 디자인을 위한 다목적 롤 스티커 라벨","['라벨', '열', '스티커', '롤', '직접', '접착', '자체', '원형', '다목적', '로고']"
사무용품,라벨 및 스티커,다목적 라벨,,B072NZF5CC,"BETCKEY - 57mm x 25mm(2.25인치 x 1인치) 파일 폴더 및 다목적 라벨, Zebre/Rollo 라벨 프린터와 호환, 프리미엄 접착제 및 천공 [10롤, 15000 라벨]",BETCKEY,52616,52616,4.2,40.0,"[ 사양 ]: 2.25 in x 1 in (57 mm x 25 mm) (1,500 라벨/롤, 10 롤), 종이 튜브 직경: 1""(25.4mm). 잉크 토너나 리본이 필요하지 않습니다! 돈과 노력을 절약하세요. [ 우수한 호환성 ]: Zebra, Rollo, Eltron, Intermec, Datamax, Fargo, Sato, NEX 및 인쇄 너비를 5.7cm(2.25인치)까지 조절할 수 있는 대부분의 열 라벨 프린터에 적합합니다. [유용한 팁]: DYMO 및 Brother 라벨 프린터를 지원하지 않습니다. [ 천공 ]: 저희는 온라인에서 판매되는 표준 라벨을 능가합니다. 라벨은 라벨을 쉽게 분리할 수 있도록 구멍이 뚫려 있습니다. 인쇄된 라벨을 천공과 함께 접어 정리할 수 있습니다. 더 이상 라벨이 지저분하지 않습니다! [ 접착제]: 극한의 온도(10°C~70°C)에서도 여전히 신뢰할 수 있습니다. 특허받은 접착제는 오래 지속되는 강력한 접착력을 제공합니다. 라벨이 벗겨져 배송이 더 이상 손실되지 않습니다. 비즈니스의 추가 마진을 즐기세요. [ 변색 및 얼룩 방지 ]: 선명한 이미지와 읽기 쉬운 바코드를 인쇄합니다. 색이 바래거나 번지지 않도록 하세요. 배송업체가 배송될 때까지 바코드를 쉽게 스캔할 수 있습니다. 우리는 읽을 수 없는 바코드 때문에 '발신자에게 반환'을 싫어합니다. [ 기술 지원 ]: 저희는 브랜드를 지지합니다. BETCKEY 는 아마존 메시지 이메일 전화 통화 및 원격 데스크톱 작동을 통해 평생 무료 고객 지원을 제공합니다. 도움이 필요하면 즉시 저희에게 연락하십시오.",,"['라벨', '롤', '바코드', '천공', '인쇄', '접착제', '프린터']"
사무용품,라벨 및 스티커,다목적 라벨,,B0BZCTN9TW,"Phomemo M110 컬러 서클 열 라벨, 다목적 사각형 자체 접착 라벨 M110/M110S/M120/M200 라벨 프린터, 로고, 주소, 이름표, 감사 카드용 자체 접착 라벨, 50x50mm 140 라벨",Phomemo,12451,12451,4.6,476.0,"[세부 사항] 둥근 라벨 사이즈: 1.96"" x 1.96"" (50mm x 50mm) 수량: 1롤, 140 스티커, 색상: 패턴 색상 바탕에 블랙. 팁: 용지의 화살표에 표시된 방향으로 용지를 약 1-2개의 원으로 늘린 다음 홀더를 조이거나 걸리십시오. [ 100% 호환 ] 흰색 스티커 용지에 검은색 스티커 용지를 사용하는 열 라벨 메이커와 함께 작동: Phomemo M110 M221 M120 M200 M220 휴대용 라벨 프린터. [잉크나 토너 필요 없음] 열 인쇄 기술은 지저분하고 값비싼 잉크나 토너 없이 선명한 인쇄를 제공하여 비용을 절감합니다. 온도와 환경이 적합하다면 텍스트의 수명을 연장할 수 있습니다. [ 강력한 실용성 및 쉬운 벗겨짐] 감열지는 주방과 문서를 분류하고 물건을 표시하는 등 실외 또는 실내 공간에서 사용할 수 있습니다. 게다가, 특별히 설계된 커팅 라인은 릴리즈 페이퍼를 더 쉽게 벗겨내는 것입니다. [ 광범위한 사용] 플라스틱, 종이, 금속, 목재 및 유리에 부착되는 라벨 프린터 용지는 사무용품, 전자 액세서리, 도구, 주방 용품, 차고 장비, 용기, 공급 캐비닛, 보관 상자, 개인 용품, 공예품, 선물, 파일 등을 라벨링하여 물건을 식별하고 빠르게 정리할 수 있습니다.",,"['라벨', '용지', '열', '스티커', '프린터', '주방', '물건', '자체', '잉크', '인쇄']"
사무용품,라벨 및 스티커,다목적 라벨,,B075292R7V,"BETCKEY - DYMO 30330 호환 (1.9cm x 5.1cm(3/4인치 x 2인치)) 다용도 라벨 - DYMO Labelwriter 450, 4XL 및 Zebra 데스크탑 프린터와 호환 [16롤/8000 라벨]",BETCKEY,35996,35996,4.6,732.0,"[ 사양 ]: 19mm x 51mm(3/4인치) x 51mm(2인치) 다용도 라벨 - DYMO LW 30330 S0722550 11355 교체 - 종이 튜브 직경: 1""(25.4mm) - 16롤 & 8000 라벨(500 라벨/롤) [ 호환 ]: DYMO LabelWriter 프린터에 적합: DYMO 450, 450 Turbo, 450 Twin Turbo, 450 Duo, DYMO 4XL & DYMO 무선 프린터, 400, 332, Zebra 및 인쇄 너비를 2cm(0.76인치)까지 조절할 수 있는 대부분의 열 라벨 프린터 유용한 팁 : RFID 칩을 요청하는 DYMO 550 및 5XL 프린터와 호환되지 않습니다. 또한 프린터 외부에 라벨을 고정하고 최소 4cm(1.57인치) 너비가 필요한 Rollo 및 Munbyn 프린터는 지원하지 않습니다. [ 다용도 라벨 ]: DYMO LW 30330 S072255011355 교체용 0.75 인치 x 2 인치 (19mm x 51mm) 라벨은 다목적 라벨입니다. 바코드 라벨 및 FNSKU 라벨도 적용됩니다. 패키지, 봉투, 우편물, 편지, 소포, 표지판 및 임시 이름표에 널리 사용됩니다. 이름을 지정하세요. [인쇄 가능 영역] : 3/4"" x 2"" (19mm x 51mm). 모든 콘텐츠는 ""인쇄 가능 영역""에 인쇄됩니다. 주로 가격표, 구별 태그 및 반품 주소 라벨로 사용됩니다. 종이, 봉투, 편지, 패키지, 병, 스크랩북, 플라스틱, 찬장 및 기타 품목에 널리 사용됩니다. [인쇄할 수 없는 영역] : 중간 선으로 분할, 0.35인치(9mm) 너비 ""인쇄할 수 없는 영역""은 프린터의 최소 너비 요구 사항에 맞게 전체 라벨의 너비를 넓히도록 설계되었습니다. [ 접착제]: 극한의 온도(10°C~70°C)에서도 여전히 신뢰할 수 있습니다. 특허받은 접착제는 오래 지속되는 강력한 접착력을 제공합니다. 라벨이 벗겨져 배송이 더 이상 손실되지 않습니다. 비즈니스의 추가 마진을 즐기세요. [ 변색 및 얼룩 방지 ]: 선명한 이미지와 읽기 쉬운 바코드를 인쇄합니다. 색이 바래거나 번지지 않도록 하세요. 배송업체가 배송될 때까지 바코드를 쉽게 스캔할 수 있습니다. 우리는 읽을 수 없는 바코드 때문에 '발신자에게 반환'을 싫어합니다.",,"['라벨', '프린터', '인쇄', '호환', '바코드', '영역', '롤', '다용']"
사무용품,라벨 및 스티커,다목적 라벨,,B0BX7YHZVQ,"Nelko P110 라벨 프린터와 호환되는 열 라벨, 50 x 30mm(1.97 x 1.18인치), 다목적 라벨 테이프 자체 접착 감열지, 화이트, 230개 라벨/1롤",Nelko,20761,13836,4.2,30.0,"【사양】라벨 크기: 50 x 30mm(1.97 x 1.18인치). 수량: 1 롤, 230 라벨. 색상: 화이트. 쉽게 벗겨낼 수 있으며 영구 접착제. 이름 라벨, 주소 라벨, 의류 라벨, 패키지 스티커 등에 적합합니다! 【호환 제품】여러 블루투스 라벨 메이커 기계와 호환됩니다. Nelko P110 라벨 메이커 등과 호환됩니다. 참고: 이 감열지는 대부분의 Niimbot 라벨 기계를 지원하지 않으며 일부 라벨 프린터에는 칩이 포함된 오리지널 감열지가 필요합니다. 【고품질】이 열 라벨은 최고 품질의 소재, 접착제 및 탑 코트를 사용하여 최고의 품질을 달성합니다. 라벨에는 거의 모든 표면에 부착할 수 있는 고성능 접착층이 포함되어 있습니다. 강한 접착력, 내마모성, 온도 저항, 방수, 내유성 및 찢어짐 방지 기능으로 비즈니스와 가정에 자신 있게 부착할 수 있습니다. 【BPA/BPS 프리】이 라벨은 BPA 및 BPS 프리로 걱정할 필요가 없습니다. Nelko 인쇄 요구 사항을 충족하는 만족스러운 제품을 제공하기 위해 노력합니다. 잉크 토너나 리본이 필요하지 않습니다! 돈을 절약하세요. 【다용도】Nelko 열 라벨은 다양한 인쇄 요구 사항을 충족하는 것을 목표로 합니다. 의류, 공예품, 소매점, 보석 등 중소기업 어디에서나 라벨을 즐기세요. 라벨 주소, 바코드, 운송, 가격, 날짜, 재료 및 제품 라벨링. 크리스마스, 할로윈, 추수감사절, 아버지의 날, 어머니의 날을 포함한 다양한 라벨링 요구 사항에 이상적인 이 스티커 라벨은 일과 생활에 큰 편리함을 제공합니다.",,"['라벨', '호환', '요구', '열', '감열지', '접착']"
사무용품,라벨 및 스티커,다목적 라벨,,B0CLNLBP8K,"정품 P21 라벨 메이커 테이프, 적응 라벨 인쇄 용지, 14x40mm(0.55x1.57인치), 표준 라미네이트 라벨링 교체품, P21 다목적, 테이프/롤 180개, 3롤, 크리스마스 테마",Nelko,33226,22146,4.8,14.0,"【P21 라벨 메이커 테이프】 이 열 라벨 테이프는 Nelko P21 프린터에 특별히 적합합니다. 사이즈 14x40mm(0.55x1.57인치), 라벨/롤 180개, 크리스마스 테마의 총 3롤 라벨 용지가 있습니다. 녹색 스티커를 찢거나 파손하지 마십시오. 그렇지 않으면 인쇄 효과에 영향을 줄 수 있습니다. 【주의사항】녹색 라벨 스트립에는 스마트 칩이 포함되어 있으므로 라벨 스트립 뒷면의 녹색 라벨을 찢지 마십시오. 스마트 칩은 라벨 제조업체가 테이프의 크기를 자동으로 인식하고 올바른 정렬을 보장하는 데 도움이 됩니다. 녹색 스티커를 찢거나 파손하지 마십시오. 그렇지 않으면 인쇄 효과에 영향을 줄 수 있습니다. 【호환】 Nelko P21 휴대용 라벨 메이커와 호환되어 라벨을 붙일 수 있습니다. 라벨 인쇄 소모품을 구입할 때 기계 판매자가 적절하거나 권장하는 소모품을 선택하여 훌륭한 인쇄 효과를 얻으십시오. 【비용 절약 및 BPA 프리】️롤에 포장하여 필요에 따라 원하는 수의 라벨을 인쇄할 수 있습니다. 폐기물 라벨 없음. 열 인쇄 기술로 잉크 비용을 절감하십시오. 이 라벨 용지는 환경 친화적인 소재로 만들어졌으며 무독성, BPA 프리, 방수, 내유성, 찢어짐 방지 및 긁힘 방지 기능이 있습니다. 인쇄된 내용물은 상온과 빛으로부터 환경에서 오랫동안 보관할 수 있습니다. 【다양한 용도】이 프린터 라벨은 일상 생활, 가정 용품 정리, 화장품 품목 분류, 비즈니스 디스플레이, 가격 이름 주얼리 태그, 병 스티커, 학교 및 사무실 파일 분류, 보관, 마킹 등에 널리 사용됩니다. 종이, 봉투, 플라스틱, 패키지, 유리 및 금속에 단단히 부착할 수 있습니다.",,"['라벨', '인쇄', '테이프', '롤', '녹색', '메이커', '스티커', '용지', '효과']"
사무용품,라벨 및 스티커,다목적 라벨,,B0BNDMWKSM,"Direct Thermal Label 스티커 원형 수채화 라운드 소규모 비즈니스 열 스티커 5.1cm(2인치) 다목적 열 스티커 라벨 인벤토리, 색상 코드, 주소, 이름표 500개/롤 (원형)",wootile,12035,12035,4.4,209.0,"열 라벨 스티커 사이즈는 지름 5.1cm(2인치)입니다. 직접 열 라벨은 봉투 밀봉에 완벽한 크기이며 재고를 위해 색상으로 구분되어 있습니다. 각 롤 500피스 원형 열 스티커 라벨, 투명 인쇄, 강한 자체 접착, 쓰기 가능한 표면. 열용 컬러 코드 도트 라벨은 주로 맞춤형 스티커를 맞춤 제작하는 데 사용됩니다. 제품 포장, 맞춤형 선물, 식품 라벨, 병 라벨, ID 라벨, 손글씨 등. 고품질 소재: 레인보우 컬러 열 라벨 맞춤형 스티커는 고품질 열에 민감한 소재로 만들어졌으며 벗겨서 붙이기 쉬운 맞춤형 스티커는 주소 및 기타 정보를 효과적으로 식별할 수 있으며 안전하고 신뢰할 수 있으며 패턴, 표지판, 문자 또는 인쇄 준비가 된 기타 문서를 인쇄할 수 있으므로 집에서 쉽게 작업할 수 있습니다. 장식 요구 사항을 충족하는 바코드 열전사 프린터 라벨은 모든 제품 및 패키지의 디자인을 상업, 공예, 베이커리, 웨딩 스티커 또는 봉투 씰용 DIY 인쇄 스티커에 적합한 맞춤형 라벨에 쉽게 맞출 수 있습니다. 컬러 코드 도트 스티커는 감열식 프린터 라벨, 알림 라벨, 감사 스티커, 브랜드 디자인, DIY 프로젝트, QR 코드 프린터 라벨, 분류 라벨, 재고 라벨, 크기 라벨 및 실험실 번호 라벨, 신발, 가방 및 의류의 분류 라벨을 포함한 다양한 용도로 사용할 수 있습니다.",,"['라벨', '스티커', '열', '맞춤', '인쇄', '원형', '컬러', '프린터']"
사무용품,라벨 및 스티커,다목적 라벨,,B08YYLNRHP,"Phomemo M200/M110S 투명 원형 라벨 40x40mm(1.57x1.57인치), 180 라벨/롤 다목적 자체 접착 라벨 Phomemo M110S/M200/M220/M120 실험실용 el Maker, el 투명 바탕에 블랙",Phomemo,8296,8296,4.6,141.0,"√ 제품 구성: 1롤 40x40mm 투명 라운드 라벨 (1.57""x1.57""), 각 롤마다 180개의 라벨. 투명 바탕에 블랙. 방수, 내마모성 및 BPA 프리 제품입니다. √ 열 인쇄: Phomemo M200 라벨 메이커는 블루투스 무선, 연결 및 잉크나 토너가 필요 없는 열 인쇄 기술을 사용합니다. 안드로이드 4.0 및 IOS 8.0 이상용 시스템. √ 다용도 - 다양한 라벨 크기로 다양한 용도로 사용할 수 있습니다. 이 사이즈 라벨을 사용하여 우편 주소 라벨, 가격표, 배송 주소 라벨 등을 만들 수 있습니다. √ 간편한 사용 - 원클릭 인쇄로 시간과 노력을 절약할 수 있습니다. 스마트 앱은 다양한 글꼴, 필터 효과 및 테마를 제공합니다. 앱 사용: 애플 스토어 및 구글 플레이에서 프린트 마스터 앱 설치>M200 프린터를 켜고 블루투스 연결을 엽니다. 앱에서 프린터 모델 M200 선택->인쇄를 즐기세요. √ 열 라벨 기능 - 직접 열 인쇄 기술로 지저분함, 잉크 또는 토너 없이 선명한 레터링을 제공합니다. 원클릭 인쇄로 시간과 노력을 절약할 수 있습니다. 스마트 앱은 다양한 글꼴, 필터 효과 및 테마를 제공합니다.",,"['라벨', '인쇄', '앱', '투명', '열', '롤', '효과', '스마트', '바탕', '필터']"
사무용품,라벨 및 스티커,다목적 라벨,,B081BSVJC2,"Avery Direct Thermal 다용도 라벨, 3.2 x 5.4cm(1-1/4 x 2-1/4인치), 화이트, DYMO 30334와 비교 가능, 라벨 롤 1개, 인쇄 가능한 라벨 총 1,000개(4186)",AVERY,58170,53336,4.6,141.0,"인쇄 가능한 다목적 라벨 롤은 DYMO, Zebra 및 Seiko를 포함한 다양한 감열 라벨 프린터와 호환됩니다 얼룩, 긁힘 및 기름기를 방지하도록 설계된 방수 라벨 소재로 만든 내구성 있는 인쇄 가능한 라벨을 즐기세요 열 라벨 스티커의 각 롤은 열에 민감한 열 라벨 소재를 보존하기 위해 맞춤형 디자인 백에 개별적으로 고정됩니다 BPA 프리 Avery 라벨은 강력한 영구 접착제로 봉투, 판지, 금속 및 플라스틱을 포함한 다양한 표면에 붙어 있습니다 대용량 라벨을 인쇄하거나 한 번에 하나만 인쇄하여 바코드 라벨, 우편 및 주소 라벨, 우편 라벨, 재고 라벨, ID 라벨 등을 즉시 만들 수 있습니다","가정이나 사무실에 이상적인 BPA 프리 Avery 4186 감열식 프린터 라벨은 모든 작업에 적합한 라벨입니다. 이 다용도 라벨은 얼룩, 긁힘, 물 및 기름에 강하여 다양한 라벨링 프로젝트에 적합합니다. 라벨 롤은 DYMO 프린터, Zebra 프린터 및 세이코 프린터를 포함한 다양한 감열식 프린터와도 호환됩니다. 각 열 라벨 롤은 민감한 라벨 소재를 빛과 열로부터 보호하기 위해 보호 백에 안전하게 밀봉됩니다. 최상의 결과를 보장하기 위해 사용 기한도 포함되어 있습니다. 밝은 흰색 라벨 소재는 인쇄물을 돋보이게 하여 텍스트를 선명하고 읽기 쉽게 만듭니다. 감열 라벨은 잉크나 토너가 필요하지 않으며 주문형 라벨이 필요한 사무실이나 기업에 이상적입니다. Avery 열 라벨은 모든 라벨에 맞게 다양한 크기로 제공됩니다. 비즈니스 라벨, 파일 라벨, 우편 라벨, 배송 라벨, 랙 라벨 등이 필요하든 문제를 해결할 수 있는 Avery 라벨이 있습니다.","['라벨', '프린터', '인쇄', '롤', '열']"
사무용품,라벨 및 스티커,다목적 라벨,,B0C7QMSBGK,"Phomemo M110/M221/M220/M120/M200/M110S 라벨 프린터용 3롤 자체 접착 원형 원형 열 라벨, 50mm(1.96인치), 다목적 열 스티커, 화이트 바탕에 블랙, 140라벨/롤",Memoqueen,27686,27686,4.5,60.0,"👍[Memoqueen 열 스티커 특성]: Memoqueen 다목적 감열지는 방수, 내유성 및 긁힘 방지, 강한 접착력 및 BPA 프리 제품입니다. 투명하고 깨끗한 라벨을 인쇄할 수 있습니다 [원형 열 라벨 파라미터] 사이즈: 50mm(1.96인치), 색상: 화이트, (140개 라벨/롤)*3, 화이트 바탕에 블랙 [다목적 열 라벨]: Memoquuen 비즈니스/선물/홈 태그/학교/사무실/바코드/QR 코드/DiY 로고와 같은 다양한 크기의 라벨에 적합합니다 ✨[100% 완벽한 호환성]: Memoqueen 열 라벨 용지는 Phomemo-M110/M110S/M120/M200/M220/M221 라벨 메이커 및 MUNBYN/JADENS/ASPRINK/Nelko/OMEZIZY/IDRPT/ITARI/JIOSE/POLONOONO와 완벽하게 호환됩니다. /K 코너///OFFNOVA/LABELRANGE/Memoqueen/BEEPRT/NEFLACA 라벨 프린터(DYMO 및 Brother 프린터와 호환되지 않음) 😊[보온 팁]: 감열지를 건조하고 시원한 환경에 보관하고 고온 및 장시간 햇빛을 피하십시오",,"['라벨', '열', '화이트', '롤', '다목적', '프린터', '원형', '접착', '바탕', '블랙']"
사무용품,라벨 및 스티커,다목적 라벨,,B07597428K,"자가 접착 다목적 라벨 PUQU Q 시리즈 라벨 프린터 1 롤 180 라벨 50x80mm (2.0""x3.2"")",PUQULABEL,12007,12007,4.1,25.0,"블루투스 연결성을 갖춘 PUQU Q 시리즈 휴대용 라벨 프린터와 호환됩니다. PUQU 자가 접착 다목적 라벨은 방수, 기름 방지, 찢어짐 방지, 강한 점도와 긁힘 방지 기능이 있습니다. 다양한 라벨의 크기를 다양한 용도로 사용할 수 있습니다. 직접 열 인쇄 기술로 지저분하고 값비싼 잉크나 토너 없이 선명한 글자를 제공합니다.","블루투스 연결이 가능한 PUQU Q 시리즈 라벨 프린터와 호환되는 자체 접착 다목적 라벨. PUQU 모든 라벨은 방수, 내유성, 찢어짐 방지, 강한 점성과 긁힘 방지 기능이 있습니다.","['라벨', '방지', '시리즈', '다목적', '프린터', '접착', '연결', '블루투스', '방수', '자가']"
사무용품,라벨 및 스티커,다목적 라벨,,B0CJ28PW7L,"5.1cm(2인치) 원형 열 스티커 라벨, 자체 접착 원형 직접 열 라벨, DIY 로고 디자인용 다목적 롤 스티커 라벨, QR 코드, 이름표, 500개 라벨 롤, 화이트",TuSamper,13836,13836,4.6,49.0,"강한 접착력: 열 라벨은 다양한 종류의 재료의 표면에 단단히 부착될 수 있으며 쉽게 떨어지지 않습니다. 인쇄 가능 및 쓰기 가능: 열전사 프린터를 사용하여 라벨에 좋아하는 패턴을 만들 수 있습니다. 열전사 프린터가 없더라도 영구 마커를 사용하여 스티커에 좋아하는 패턴이나 텍스트를 디자인할 수 있습니다. 방수 및 내유성: 라벨 표면에 물이나 기름이 묻는 것에 대해 걱정할 필요가 없습니다. 쉽게 닦아낼 수 있습니다. 욕실, 주방 및 사무실에서 사용하기에 적합합니다. 고온 저항: 라벨 스티커는 고온 환경에서도 변형되지 않습니다. 라벨에 좋아하는 패턴을 만들어 컵이나 도시락에 붙일 수 있습니다. 광범위한 호환성: TuSamper 열전사 프린터 라벨은 MUNBYN, Rollo, Beeprt, iDRPT, Polono, Jiose, OFFNOVA, JADENS, Phomemo, NefLaca, Zebra 및 기타 열 프린터와 완벽하게 호환됩니다. (DDYMO 및 Brother와 호환되지 않음).",,"['라벨', '열', '스티커', '프린터', '패턴', '전사', '롤', '접착', '원형', '표면']"
사무용품,라벨 및 스티커,다목적 라벨,,B072NZW58R,5.72cm x 10.16cm 직접 열 얼룩/엘트론 호환 라벨,BETCKEY,49846,49846,4.5,32.0,"[ Specifications ]: 2.25 in x 4 in (57 mm x 102 mm) (350 Labels/Roll, 10 Rolls)，Paper tube diameter：1""(25.4mm). No Ink Toner or Ribbons Needed! Save your money and effort. [ Good Compability ]: Suitable for Zebra, Rollo, Eltron, Intermec, Datamax, Fargo, Sato, NEX and most of the thermal label printers that the print width can be adjusted to 2.25 inches. [Warm Tips]: DO NOT SUPPORT DYMO & Brother Label Printer. [ Perforated ]: We go above and beyond the standard labels sold online. Our labels are perforated to allow easier separation between labels. Fold the printed labels together with the perforation to keep them organized. No more label messy! [ Adhesive ]: Still reliable on extreme temperature (14℉~158℉). The patented Adhesive provides long-lasting powerful stickness. No more shipping lost caused by labels peel-off. Enjoy the extra margin of your business. [ Fade & Smear Resistant ]: Prints crystal clear image and easy-to-read barcodes. Avoid fade and smear. Let your carriers easily scan barcode until delivery. We all hate 'return to sender' because of unreadable barcode. [ Technical Support ]: We stand behind our brand. BETCKEY offers lifetime free customer support via Amazon message email phone call and remote desktop operation. Contact us immediately if you need any assistance.",,"['호환', '트론', '직접', '열', '얼룩', '라벨']"
사무용품,라벨 및 스티커,다목적 라벨,,B07597VZ6X,PUQU Q 시리즈 라벨 프린터와 호환되는 자체 접착 다목적 라벨 - 70개의 라벨 1롤 90x30mm (3.5 x 1.2인치),PUQULABEL,12007,12007,3.3,10.0,"블루투스 연결이 가능한 PUQU Q 시리즈 휴대용 라벨 프린터와 호환됩니다 PUQU 자체 접착 다목적 라벨은 방수, 내유성, 찢어짐 방지, 강한 점도 및 긁힘 방지 기능이 있습니다 다양한 라벨 크기를 다양한 용도로 사용할 수 있습니다. 직접 열 인쇄 기술로 지저분하고 값비싼 잉크나 토너 없이 선명한 레터링을 제공합니다","블루투스 연결이 가능한 PUQU Q 시리즈 라벨 프린터와 호환되는 자체 접착 다목적 라벨. PUQU 모든 라벨은 방수, 내유성, 찢어짐 방지, 강한 점도 및 긁힘 방지 기능이 있습니다.","['라벨', '방지', '호환', '프린터', '다목적', '접착', '자체', '시리즈', '힘', '연결']"
사무용품,라벨 및 스티커,다목적 라벨,,B0716C8K8R,"BETCKEY - 10.2 x 7.6cm(4 x 3인치) 배송 및 다용도 라벨, 얼룩말 및 롤로 라벨 프린터와 호환, 프리미엄 접착 및 천공[6롤, 3000 라벨]",BETCKEY,48336,48336,4.3,67.0,"[사양]: 4"" X 3"" (101.6mm X 76.20mm) (500 라벨/롤, 6 롤), 종이 튜브 직경: 1""(25.4mm). 잉크 토너나 리본이 필요하지 않습니다! 돈과 노력을 절약하세요. [우수한 호환성]: Zebra, Rollo, Eltron, Intermec, Datamax, Fargo, Sato, NEX 및 기타 열 라벨 프린터와 인쇄 너비를 10.2cm(4인치)까지 조절할 수 있는 대부분의 열 라벨 프린터에 적합합니다. 프린터 사용을 극대화합니다. [유용한 팁]: DYMO 및 Brother 라벨 프린터를 지원하지 않습니다. [강력한 접착 및 크리스탈 클리어 인쇄]: 프리미엄 등급의 소재만을 사용하므로 사용 중에 라벨이 떨어질 것인지, 주소가 이러한 사소한 것을 인식할 수 있는지 여부에 대해 걱정할 필요가 없습니다. [천공]: 저희는 온라인으로 판매되는 표준 라벨을 뛰어넘습니다. 프리미엄 라벨은 라벨 사이를 쉽게 분리할 수 있도록 구멍이 뚫려 있습니다.",,"['라벨', '프린터', '롤', '프리미엄', '열', '접착', '인쇄']"
사무용품,라벨 및 스티커,다목적 라벨,,B008SXC89C,"HOUSELABELS DYMO 30336 호환 다용도 라벨(2.5cm x 5.4cm(1인치 x 2-1/8인치)) Rollo, 일부 DYMO LW 프린터와 호환, 12롤/6000 라벨",HouseLabels,30470,30470,4.4,79.0,"CoStar, 400/450/4XL DYMO LabelWriter 및 Rollo 프린터와 100% 호환됩니다. 참고 사항: 저희 라벨은 각 롤에 RFID 칩이 필요한 550/5XL DYMO LabelWriter 프린터에는 작동하지 않습니다. 30336 다목적 라벨(HL-30336)은 바코드(FBA 품목 라벨에 적합), 반품 주소 라벨, 파일 폴더 등을 포함한 다양한 사무실 및 가정 라벨링 응용 분야에 사용할 수 있습니다. 밝은 흰색, 프리미엄 직접 열 라벨, 모든 평평한 표면에 강하고 오래 지속되는 접착제 수정처럼 투명한 인쇄, 변색 방지, 방수 얼룩, 긁힘 및 그리스 방지, BPA 프리 햇빛과 먼지로부터 보호하기 위해 폴리 백과 미니 상자에 롤을 넣습니다",,"['라벨', '호환', '프린터', '롤', '방지']"
사무용품,라벨 및 스티커,다목적 라벨,,B0BX848HJ3,"Nelko P110 라벨 프린터와 호환되는 열 라벨, 50x80mm(1.97인치x3.15인치), 다목적 라벨 테이프 자체 접착 감열지, 화이트, 라벨 100개/1롤",Nelko,20761,13836,4.3,28.0,"【사양】라벨 크기: 50x80mm(1.97인치x3.15인치). 수량: 1 롤, 100 라벨. 색상: 화이트. 쉽게 벗겨낼 수 있으며 영구 접착제. 이름 라벨, 주소 라벨, 의류 라벨, 패키지 스티커 등에 적합합니다! 【호환 제품】여러 블루투스 라벨 메이커 기계와 호환됩니다. Nelko P110 라벨 메이커 등과 호환됩니다. 참고: 이 감열지는 대부분의 Niimbot 라벨 기계를 지원하지 않으며 일부 라벨 프린터에는 칩이 포함된 오리지널 감열지가 필요합니다. 【고품질】이 열 라벨은 최고 품질의 소재, 접착제 및 탑 코트를 사용하여 최고의 품질을 달성합니다. 라벨에는 거의 모든 표면에 부착할 수 있는 고성능 접착층이 포함되어 있습니다. 강한 접착력, 내마모성, 온도 저항, 방수, 내유성 및 찢어짐 방지 기능으로 비즈니스와 가정에 자신 있게 부착할 수 있습니다. 【BPA/BPS 프리】이 라벨은 BPA 및 BPS 프리로 걱정할 필요가 없습니다. Nelko 인쇄 요구 사항을 충족하는 만족스러운 제품을 제공하기 위해 노력합니다. 잉크 토너나 리본이 필요하지 않습니다! 돈을 절약하세요. 【다용도】Nelko 열 라벨은 다양한 인쇄 요구 사항을 충족하는 것을 목표로 합니다. 의류, 공예품, 소매점, 보석 등 중소기업 어디에서나 라벨을 즐기세요. 라벨 주소, 바코드, 운송, 가격, 날짜, 재료 및 제품 라벨링. 크리스마스, 할로윈, 추수감사절, 아버지의 날, 어머니의 날을 포함한 다양한 라벨링 요구 사항에 이상적인 이 스티커 라벨은 일과 생활에 큰 편리함을 제공합니다.",,"['라벨', '호환', '감열지', '열', '요구', '접착']"
사무용품,라벨 및 스티커,다목적 라벨,,B0BZTW99T9,"5.1cm(2인치) 그린 원형 열 스티커 라벨, 자체 접착 원형 직접 열 라벨, DIY 로고 디자인, QR 코드, 이름표용 다목적 롤 스티커 라벨(라벨 600개, 1롤)",Yeachlaing,10789,11066,4.5,345.0,"5.1cm(2인치) 원형 직접 열 라벨 - 리본이 필요하지 않습니다! 롤 당 라벨 600개 프린터 라벨은 대부분의 감열식 프린터와 완벽하게 호환됩니다 쓰기 쉽고, 잉크 토너나 리본이 필요하지 않습니다! 그라데이션 색상으로 제품을 더욱 매력적으로 만듭니다 결함이 있는 품목을 수령한 후 100% 교체/환불을 제공합니다.","Yeachlaing 바코드 우편 주소 배송용 직접 열 라벨 교체품, Rollo & Zebra 데스크탑 프린터와 호환 가능 접착 및 천공","['라벨', '열', '롤', '프린터', '직접', '원형', '접착', '리본', '스티커', '호환']"
사무용품,라벨 및 스티커,다목적 라벨,,B0CXXDSB81,"Phomemo M110 M220 M221 라벨 프린터와 호환, 50 x 30mm(1.97 x 1.18인치) 열 라벨 용지, 비즈니스, 주소, 바코드, 병, 이름, 번호, 가격표, 다목적 접착 라벨 용지용",Goknu,13836,13836,4.6,5.0,"제품 사이즈- 50x30mm(1.97""x1.18""), 라벨 용지 1롤/230개. 화이트 바탕에 블랙. 바코드/QR 코드 라벨, 주소/우편 라벨, 제품/식품 성분 라벨, 사진/로고 스티커, 의류 라벨, 축복/감사 태그에 이상적입니다. Phomemo- M110/M221/M220/M200/M120 라벨 메이커와 완벽하게 호환됩니다. 검정색에만 인쇄되며 컬러 글꼴은 아닙니다. 열 기술 - 잉크리스 열 라벨은 변색, 얼룩, 누출 또는 결함 없이 깨끗하고 깔끔하여 인쇄 비용을 1000달러에 절약할 수 있습니다. 게다가 언제 어디서나 라벨을 인쇄하여 비즈니스, 사무실, 가정 정리, 여행 등에 사용할 수 있습니다. 새로운 인쇄 방법을 만들어 여러분의 삶과 일을 재미있게 만들어주기를 기대합니다. 다용도 - 다양한 라벨 크기를 다양한 용도로 사용할 수 있습니다. 이 작은 사이즈로 더 재미있는 라벨을 만들 수 있습니다. 특징 - 자체 접착 다목적 라벨은 방수, 내유성, 내마모성 및 강한 접착력을 가지고 있습니다. BPA 없음, 친숙한 사용.",,"['라벨', '인쇄', '접착', '열', '호환', '바코드', '다목적', '용지', '재미있다', '비즈니스']"
사무용품,라벨 및 스티커,다목적 라벨,,B004MA8AK6,"Houselabels 1 x 2-1/8 인치 다이모 호환 30336 다용도 라벨, 1 롤, 롤 당 500 라벨, 화이트 - HL-30336",HouseLabels,10983,12672,3.8,18.0,"2.5cm x 5.3cm, 직사각형, 흰색, 직접 열, BPA 프리, 영구 접착제, 롤 당 라벨 500개 이 라벨은 다양한 사무실 및 가정용 라벨링 응용 분야에 사용할 수 있습니다 DYMO 프린터: 300, 310, 315, 320, 330, 400, 400 듀오, 400 트윈 터보, 450, 450 듀오, 450 터보, 450 트윈 터보, 4XL, EL40, EL60, SE300, SE450. CoStar 라벨 작성자: XL, XL+, BC, BC+, TURBO, SE200, SE250, ACII 200 / ASCII 250 DYMO 라벨 작에서 사용하도록 HouseLabels에서 판매하는 모든 라벨은 DYMO 사양에 맞는지 확인하기 위해 테스트되었습니다. 라벨은 부드럽고 밝은 흰색이며 전문적인 결과를 얻을 수 있습니다. 라벨은 얼룩 방지 및 방수 및 기름 방지 기능이 있습니다. 모든 온도, 강한 영구 접착제는 모든 범용 라벨링 응용 분야에 적합합니다. 각 롤은 보호용 블랙 폴리백에 개별적으로 포장 한 다음 먼지, 햇빛, 흠집으로부터 보호하기 위해 미니 상자에 넣습니다","저희는 다음과 같은 우수한 원재료로 시작합니다: (a) 고품질 직접 감열지 (80G/M2), (b) 영구 아크릴 접착제, (c) 화이트 글라신지 이형지 (60G/M2), (d) 탁월한 백색도, (e) 물, 기름 및 마찰 방지 용지로 구성되어 있습니다. 라벨은 최신 기술을 사용하여 생산되며 수많은 품질 관리 검사를 거칩니다. 당사의 인증에는 ISO 9000/9001/9004/19011:2000 등이 포함됩니다. HouseLabels는 OEM 제조업체 사양을 충족하거나 초과합니다. 저희 라벨은 Dymo 프린트 헤드를 손상시키지 않습니다. 저희는 엄격한 표준을 준수하는 최첨단 접착제 기술을 사용합니다. 저희 라벨은 깨끗한 환경에서 생산되며 먼저 보호용 폴리백에 포장되어 먼지, 햇빛, 흠집으로부터 보호하기 위해 개별 미니 상자에 포장됩니다. 모든 HouseLabels 제품은 BPA 프리입니다. BPA (비스페놀 A)는 1960년대부터 사용되어온 산업 화학 물질입니다. 특정 감열지에는 BPA가 포함될 수 있습니다. 보건 복무부의 National Toxicology Program은 BPA가 태아, 유아 및 어린이의 뇌, 행동 및 전립선에 미치는 건강에 미치는 영향에 대해 ""약간의 우려""라고 말합니다. 안내: HouseLabels는 DYMO 브랜드 라벨을 판매하지 않습니다. ""DYMO"", ""Label Writer"" 및 기타 DYMO-브랜드 제품 이름 및 SKU 상표는 DYMO Corporation의 상표입니다. DYMO Corporation은 HouseLabels에서 제작하거나 판매하는 제품을 후원하거나 보증하지 않습니다.","['라벨', '접착제', '보호', '롤', '터보', '판매', '포장', '영구', '방지']"
사무용품,라벨 및 스티커,다목적 라벨,,B06X9RQY96,"BETCKEY - 호환 DYMO 30334 (5.4cm x 3.8cm(2-1/4인치 x 1-1/4인치) 제거 가능) 중형 다목적 라벨 - Rollo, DYMO Labelwriter 450, 4XL 및 Zebra 데스크탑 프린터와 호환[1롤/1000 라벨]",BETCKEY,11066,11066,4.4,50.0,"대체품: Dymo 30334, 크기: 57mm x 32mm(2-1/4"" x 1-1/4""), 색상: 화이트, 접착제: 제거 가능, 직접 열, BPA 프리, 롤당 라벨: 1000 호환 가능한 Dymo 라벨 라이터 프린터: 300, 310, 315, 320, 330, 400, 400 Duo, 400 Twin Turbo, 450 Duo, 450 Turbo, 450 Twin Turbo, 4XL, EL40, EL60, SE300, SE450, CoStar LabelWriter 제품: XL, XL+, BC, BC+, TURBO, SE200, SE250, ACII 200 / ASCII 250 탈착식 접착제와 날카로운 프린트가 있는 품질 등급 A 용지 (흰색 뒷면) 표준화 ISO 9001 및 ISO 140001로 제조된 새롭고 고품질의 호환 화이트 표준 주소 라벨 시장에서 찾을 수 있는 최고의 품질 보장: 저희 용지는 우수한 품질을 자랑하며 합리적인 가격으로 시장에서 최고의 선택입니다. 노란색으로 변하지 않고 번지지 않으며 스캔 문제가 없습니다!","BETCKEY - DYMO 30334 호환 (5.7cm x 3.2cm (2-1/4인치 x 1-1/4인치) 제거 가능) 중형 다용도 라벨 - Rollo, DYMO Labelwriter 450, 4XL 및 Zebra 데스크탑 프린터와 호환 [1롤/1000 라벨]","['라벨', '호환', '프린터', '제거', '최고', '롤', '용지', '화이트', '접착제', '중형']"
사무용품,라벨 및 스티커,다목적 라벨,,B0BNH4759P,"JADENS 다목적 사각 자체 접착 라벨 40x70mm(1.57인치 x 2.75인치), 110 라벨/롤",JADENS,16606,16606,4.4,54.0,"사양: 4cm x 7cm 열 스티커 라벨. 수량: 1 롤, 110 라벨. 색상: 화이트 바탕에 블랙. 주요 특징: 방수, 내유성 및 찢어짐 방지.","사양: 4cm x 7cm 열 스티커 라벨. 수량: 1 롤, 110 라벨. 색상: 화이트 바탕에 블랙.","['라벨', '롤', '열', '바탕', '블랙', '스티커', '화이트', '사양', '유성', '특징']"
사무용품,라벨 및 스티커,다목적 라벨,,B01LXAMPOE,"BETCKEY - Brother DK-1240 (10.2cm x 5.1cm), Brother QL 라벨 프린터와 함께 사용 [6롤/3600 라벨]",BETCKEY,59541,59541,5.0,6.0,"사양: 4"" x 2""(102mm x 51mm) - Brother DK-1240 호환 배송/바코드 라벨 - 6 롤 & 6 리필 가능한 카트리지 프레임 100% 호환 - Brother 열전사 라벨 프린터: QL-1050, QL-1050N, QL-1060N, QL-1100, QL-110NWB 품질 우선: Brother DK-1240 호환 라벨은 흰색이며 더 어둡게 인쇄할 수도 있습니다. 부드럽고 깔끔한 롤로 프린터를 유창하게 만듭니다. 특허받은 디자인으로 쉽고 빠르게 벗겨낼 수 있으며 BPA 프리 제품입니다. 신뢰도: 라벨은 접착력이 좋고 오래 사용할 수 있는 강력한 접착제입니다. 고품질 원료로 각 라벨을 어떤 표면에도 단단히 붙일 수 있습니다. Brother QL 라벨 메이커 기계와 호환되는 카트리지 프레임 및 **쉬운 설치**. 다용도: Brother DK-1240은 배송/바코드 라벨입니다. 또한 반송 주소 라벨, 바코드 라벨, FNSKU 라벨 및 UPC 라벨로도 완벽합니다. 봉투, 우편, 편지, 소포, 임시 및 실내 간판에 사용할 수 있습니다. 포장 및 기타 소매 용도.",,"['라벨', '호환', '프린터', '바코드', '롤', '프레임', '카트리지']"
사무용품,라벨 및 스티커,다목적 라벨,,B0BJPJVHT6,"1롤 Phomemo M110 오리지널 라벨 40x30mm(1.57 x 1.18인치), 골드 바탕에 블랙, Phomemo M110/M120/M220/M200 라벨 프린터와 호환, 다목적 자체 추가 접착 열 L abel, 320개/롤",Phomemo,20761,20761,4.3,15.0,"제품 크기- 40x30mm(1.57x1.2인치), 롤당 라벨: 230개. 골드 바탕에 블랙 Phomemo-M220/M110/M110S/M120/M200 Blurtooth 열 라벨 프린터 메이커와 호환됩니다. 정기 배송 할인 프로그램 - Phomemo M220/M110/M110S/M120/M200 열 라벨. 1), 한 주소로 5개 이상의 제품을 하나의 자동 배송으로 받으면 15% 할인을 받을 수 있습니다. 2), 배송 빈도를 선택하세요. 2주에 한 번부터 6개월마다 한 번까지 가능합니다. 3), 언제든지 건너뛰거나 취소하면 각 배송 전에 알림을 보내드립니다. 다용도 - 다양한 라벨 크기로 다양한 용도로 사용할 수 있습니다. 이 작은 사이즈를 사용하여 유효 날짜 알림, 가격 라벨 및 문자를 더 많이 만들 수 있습니다. 명확한 인쇄 - Phomemo 자체 접착 다목적 라벨은 방수, 내유성, 내마모성 및 강한 접착력이 있습니다.",,"['라벨', '열', '접착', '자체', '다목적', '블랙', '할인', '알림', '롤', '호환']"
사무용품,라벨 및 스티커,다목적 라벨,,B083JVVWX7,"Phomemo M110/M221/M220/M120/M200/M110S 라벨 프린터용 열 스티커 라벨, 50x30mm(1.97x1.18인치), 230 라벨/롤, 화이트 바탕에 블랙",Phomemo,13836,13836,4.6,2770.0,"제품 사이즈- 50x30mm(1.97x1.18인치), 색상: 화이트, 롤당 라벨: 230. 화이트 바탕에 블랙. 다용도 - 다양한 라벨 크기를 다양한 용도로 사용할 수 있습니다. 이 사이즈 라벨을 사용하여 우편 주소 라벨, 배송 주소 라벨 등을 만들 수 있습니다. 열 라벨 특징 - Phomemo 자체 접착 다목적 라벨은 방수, 내유성, 내마모성 및 강한 접착력을 가지고 있습니다. 투명 인쇄 - 직접 열전사 인쇄 기술은 지저분하고 값비싼 잉크나 토너 없이 선명한 글자를 제공합니다. Phomemo M110/M221/M220/M120/M200/M110S 미니 열 라벨 프린터와 호환됩니다.",,"['라벨', '화이트', '열', '주소', '블랙', '인쇄', '바탕', '접착', '롤', '프린터']"
사무용품,라벨 및 스티커,다목적 라벨,,B0BTPBL5ST,"BETCKEY Dymo 30330과 호환되는 컬러 라벨(1.9cm x 5.1cm(3/4인치 x 2인치)) 소형 다용도 라벨, Dymo LabelWriter Thermal 450, 4XL 및 Zebra 데스크탑 프린터와 호환 [6롤, 3000개 라벨, 핑크]",BETCKEY,26772,26772,4.3,18.0,"[ 사양 ]: 3/4 인치 x 2 인치 (19mm x 51mm) 다용도 라벨 - DYMO LW 30330 S0722550 11355 용 핑크 바탕에 블랙 - 종이 튜브 직경: 1""(25.4mm) - 6 롤 & 3000 라벨 (500 라벨/롤) [ 가시성 향상]: 핑크 색상 라벨에 검은색을 사용하면 텍스트나 이미지를 눈에 띄게 만들고 더 잘 볼 수 있으므로 제품, 패키지 또는 빠르게 식별하거나 찾아야 하는 품목에 라벨을 붙이는 데 도움이 됩니다. [ 호환 ]: DYMO LabelWriter 프린터에 적합: DYMO 450, 450 Turbo, 450 Twin Turbo, 450 Duo, DYMO 4XL & DYMO 무선 프린터, 400, 332, Zebra 및 인쇄 너비를 2cm(0.76인치)까지 조절할 수 있는 대부분의 열 라벨 프린터 유용한 팁 : RFID 칩을 요청하는 DYMO 550 및 5XL 프린터와 호환되지 않습니다. 또한 프린터 외부에 라벨을 고정하고 최소 4cm(1.57인치) 너비가 필요한 Rollo 및 Munbyn 프린터는 지원하지 않습니다. [ 다용도 라벨 ]: DYMO LW 30330 S072255011355 교체용 0.75 인치 x 2 인치 (19mm x 51mm) 라벨은 다목적 라벨입니다. 주로 가격표, 구별 태그 및 반품 주소 라벨로 사용됩니다. 바코드 라벨 및 FNSKU 라벨도 적용됩니다. 패키지, 봉투, 우편물, 편지, 소포, 표지판 및 임시 이름표에 널리 사용됩니다. 이름을 지정하세요. [ 프리미엄 접착제]: 극한의 온도(10°C~70°C)에서도 여전히 신뢰할 수 있습니다. 특허받은 프리미엄 접착제는 오래 지속되는 강력한 접착력을 제공합니다. 라벨이 벗겨져 배송이 더 이상 손실되지 않습니다. 비즈니스의 추가 마진을 즐기세요.",,"['라벨', '프린터', '호환', '다용', '롤', '핑크']"
사무용품,라벨 및 스티커,다목적 라벨,,B0BJNNHV1R,"3롤 Phomemo M110 오리지널 라운드 라벨 50x50mm(1.96x1.96인치), 투명 바탕에 블랙, Phomemo M110/M120/M220/M221/M220 라벨 프린터와 호환, 다목적 자체 접착 열 라벨, 140개/롤",Phomemo,31841,31841,4.3,16.0,"제품 크기- 50x50mm(1.96""x1.96""), 롤당 라벨: 140개. 투명 바탕에 블랙 Phomemo-M110/M120/M200/M220/M221 블루투스 열 라벨 프린터 라벨 메이커와 호환됩니다. 잉크 없이 & 화이트 바탕에 블랙만 인쇄 - 키보드를 타이핑하고 필기 인쇄 수명의 문제를 완화하는 가장 중요한 것입니다. 휴대폰으로 더 재미있게 만드세요. 잉크 없이 인쇄하여 리본을 사용할 필요가 없으며 소모품 수요를 줄입니다. 다용도 - 다양한 라벨 크기를 다양한 용도로 사용할 수 있습니다. 이 작은 사이즈를 사용하여 유효 날짜 알림, 가격 라벨 및 텍스트를 더 많이 만들 수 있습니다. 명확한 인쇄 - Phomemo 자체 접착 다목적 라벨은 방수, 내유성, 내마모성 및 강한 접착력을 가지고 있습니다.",,"['라벨', '인쇄', '바탕', '접착', '블랙', '호환', '프린터', '투명', '열', '롤']"
사무용품,라벨 및 스티커,다목적 라벨,,B0CFV7JNXW,"Qilery 4롤 5.1cm(2인치) 열 라벨 스티커 2000 라벨 무지개 색상 열 라벨 그라데이션 라벨 다용도 열 스티커 DIY 로고 디자인 비즈니스 QR 코드 이름 태그 (스위트 컬러, 스퀘어)",Qilery,26301,26301,3.5,5.0,"풍부한 수량: 5.1cm(2인치) 열 라벨 스티커 4롤, 각 롤 500개, 총 2000개, 각 치수는 약 5cm/2인치, 필요와 교체품을 충족할 수 있는 충분한 수량과 적절한 사이즈 실용적인 디자인: 무지개 열 라벨은 투명 인쇄, 방수 및 기름 방지, 쓰기 및 찢어짐 방지 기능으로 디자인되어 가정, 사무실 등에 매우 편리합니다 신뢰할 수 있는 소재: 직접 열 라벨은 고품질 종이 소재로 만들어져 신뢰할 수 있고 견고하며 매끄럽고 가벼우며 강한 접착력으로 벗겨내고 부착하기 쉬워 대부분의 매끄러운 표면에 붙일 수 있으며 많은 그룹의 사람들에게 적합합니다 다양한 용도: 사각형 스티커 라벨은 우아하고 실용적이며 감사 스티커, 브랜드 디자인, 이름표, DIY 디자인, QR 코드, 봉투 밀봉, 보관, 정리 등으로 사용할 수 있습니다 인쇄 가능한 디자인: 열 라벨 프린터 용지는 인쇄 가능하며 숫자, 글자, 패턴 또는 원하는 다른 것을 인쇄할 수 있습니다. 대부분의 열전사 프린터에 적합하며 사용하기 쉽고 많은 편리함을 제공합니다","특징: 자체 접착 라벨은 무지개 색상의 외관을 채택하여 밝고 섬세하게 보이며 조명 아래에서 더 매력적이고 아름답게 만듭니다. 이 비즈니스 스티커는 친구, 동료, 친척, 이웃, 가족 및 당신이 아끼고 사랑하는 다른 사람들에게 보내기에 적합합니다. 이 선물을 기꺼이 받을 것입니다. 사양: 소재: 종이. 색상: 사진과 같음. 사이즈: 약 5cm/2인치 패키지 구성: 열 라벨 스티커 4롤. 참고: 수동 측정, 사이즈에 약간의 오차가 있을 수 있습니다. 화면 디스플레이의 차이로 인해 색상이 약간 다를 수 있습니다.","['라벨', '열', '스티커', '디자인', '인쇄', '롤', '무지개']"
사무용품,라벨 및 스티커,다목적 라벨,,B004BNDD0G,"MACO 화이트 라운드 다목적 라벨, 직경 1.3cm(1/2인치), 박스당 1000개 (MR-808)",Maco,8005,8005,5.0,5.0,"1.3cm(1/2인치) 원형 라벨, 박스 당 1000개의 라벨 다양한 용도로 사용할 수 있는 완벽한 라벨 주소, 업데이트, 정리, 표시 등에 적합합니다 탈착식 접착제는 단단히 고정되지만 쉽게 벗겨집니다 가정, 학교 또는 사무실에서 사용하기에 이상적입니다","MACO 화이트 라운드 다목적 라벨은 업데이트, 정리, 마킹 등 다양한 용도에 적합합니다. 탈착식 접착제는 단단히 고정되면서도 쉽게 벗겨집니다. 라벨 크기: 지름 1.27cm. 박스 당 1000개의 라벨. 자랑스러운 미국산. MACO는 1916년부터 비즈니스 커뮤니티에 고품질 제품을 제공하고 있습니다. 사무용품은 창의적인 비즈니스 솔루션을 위한 빈 캔버스를 제공합니다.","['라벨', '박스', '화이트', '접착제', '고정', '단단하다', '라운드', '다목적', '비즈니스', '업데이트']"
사무용품,라벨 및 스티커,다목적 라벨,,B09RZW1QM7,"라벨 메이커 용지, Phomemo 다목적 30x20mm 정사각형 자체 접착 라벨, Phomemo M110/M120/M200/M220/M221 라벨 프린터, 30x20mm(1.18x0.79인치), 320라벨/롤, 비즈니스 홈",Phomemo,13836,13836,4.5,24.0,"제품 크기- 30x20mm(1.18""x0.79""), 롤당 라벨: 230개. 화이트 바탕에 블랙. Phomemo-M110/M120/M200/M220/M221 Blurtooth 열 라벨 메이커 프린터와 호환됩니다. 다용도 - 다양한 라벨 크기를 다양한 용도로 사용할 수 있습니다. 이 작은 사이즈를 사용하여 유효 날짜 알림, 가격 라벨 및 텍스트를 더 많이 만들 수 있습니다. 명확한 인쇄 - Phomemo 자체 접착 다목적 라벨은 방수, 내유성, 내마모성 및 강한 접착력을 가지고 있습니다. 감열지 기능 - 무잉크(Inkless, Direct Thermal Print) 기술은 지저분하고 값비싼 잉크나 토너 없이 선명한 글자를 제공합니다. 게다가 변색, 얼룩, 누출 또는 결함이 없습니다.",,"['라벨', '접착', '자체', '메이커', '프린터', '다목적', '잉크', '롤']"
사무용품,라벨 및 스티커,다목적 라벨,,B00U0TI4VS,"DYMO-호환 30334-R 제거 가능한 다용도 라벨 (2-1/4"" x 1-1/4"" "") - BPA 프리!",HouseLabels,64070,64070,4.0,5.0,"안심하고 이 정품 HouseLabels의 제품을 구입하십시오. 100% 만족을 보장합니다. 이 제품은 HouseLabels의 로고가 각 라벨의 릴리스 라이너 뒤에 있고 각 롤은 개별 미니 상자에 포장되어 있으며, HouseLabels의 로고가 있어 각 롤을 햇빛과 흠집으로부터 보호합니다. 각 흰색 라벨은 비어 있으며 인쇄 준비가 되어 있습니다. 2-1/4- x 1-1/4- 직사각 âœ” 흰색 âœ” 직사각 BPA 프리 â 떼어낼 수 있는 접착 â˜ 롤당 1,000 라벨 영구 접착제가 있는 라벨과는 달리, 이 라벨은 끈적이는 잔여물을 남기지 않고 제거하도록 설계되었습니다. Microsoft Wordd, Outlook, QuickBooks 및 Act와 같은 인기 있는 프로그램과 완벽하게 호환됩니다. 이 라벨은 Dymo LabelWriter 시리즈 프린터와 100% 호환됩니다. 이 라벨은 나중에 제거해야 하는 라벨뿐만 아니라 다양한 가정 및 사무실 프로젝트 뿐만 아니라 나중에 제거해야 하는 라벨을 인쇄하기 위한 완벽한 크기입니다. 특히 아마존 FBA 품목 라벨 인쇄에 적합한 바코드 라벨. 프린터: 300, 310, 315, 320, 330, 400, 400 Duo 400 Twin Turbo, 450, 450 Duo 450 Turbo, 450 Twin Turbo, 4XL, EL40, EL60, SE300, SE450 CoStar LabelWriters: XL, XL+, BC, BC+, TURBO, SE200, SE250, ACII 200 / ASCII 250 DYMO LabelWriter에서 사용하기 위해 HouseLabelWriters에서 판매하는 모든 라벨은 엄격한 사양에 맞는지 테스트를 거쳤습니다. 라벨은 매끄럽고 밝은 화이트입니다. 라벨은 얼룩 방지 및 방수 및 기름 방지 각 롤은 개별적으로 보호 블랙 폴리백에 포장되어 먼지, 햇빛, 긁힘으로부터 보호합니다.",,"['라벨', '제거', '롤', '보호', '호환', '인쇄', '포장', '방지', '흰색', '완벽하다']"
사무용품,라벨 및 스티커,다목적 라벨,,B08F9PSDZ4,"Phomemo M110/M110S/M120/M220/M200 라벨 프린터와 호환되는 원형 라벨, 스티커 다목적 라벨 테이프 자체 접착 열 라벨, 화이트 바탕에 블랙, 50.3cm x 5.9cm(1.96인치 x 1.96인치) x50mm) 140 라벨/롤, 3롤",Phomemo,27686,27686,4.6,36.0,"제품 사이즈- 50x50mm(1.96x1.96인치), 롤당 라벨: 140, 화이트 바탕에 블랙. Phomemo-M110/M110S/M120/M220/M200 Blurtooth 열 라벨 메이커 기계와 호환됩니다. 다용도 - 다양한 라벨 크기로 다양한 용도로 사용할 수 있습니다. 이 작은 사이즈를 사용하여 효과적인 제품 재료, 사진 로고, 가격 라벨 및 텍스트를 만들 수 있습니다. 명확한 인쇄 - Phomemo 자체 접착 다목적 라벨은 방수, 내유성, 내마모성 및 강한 접착력이 있습니다. 감열지 특징 - 잉크가 없는 직접 열 인쇄 기술로 지저분하고 값비싼 잉크나 토너 없이 명확하게 레터링을 제공합니다. 게다가 변색, 얼룩, 누출 또는 결함이 없습니다.",,"['라벨', '열', '롤', '접착', '블랙', '인쇄', '호환', '바탕', '화이트', '다목적']"
사무용품,라벨 및 스티커,다목적 라벨,,B019CYNH5Y,"Dymo 호환 30334 제거 가능 접착제 - 2-1/4"" x 1-1/4"" 다용도 라벨 (1 롤 - 롤 당 1000 라벨)",OfficeSmartLabels,60316,60316,4.7,153.0,"2-1/4"" x 1-1/4"" Multipurpose Labels - REMOVABLE Adhesive. Plain, BLANK labels (they do not come with print). Excellent removability from a variety of surfaces and for most general purpose applications. 4 Rolls - 1000 Labels Per Roll Bright White / BPA Free - NOT Compatible with the DYMO LabelWriter 5 Series printers, 5XL, 550, or 550 Turbo",,"['롤', '라벨', '호환', '제거', '접착제', '다용']"
사무용품,라벨 및 스티커,다목적 라벨,,B00QSESUQ8,"Dymo 호환 30335 LabelWriter 자체 접착 화이트 4장 다용도 라벨, 1/2"" x 1/2"" (롤 당 300 라벨)",OfficeSmartLabels,13988,13988,4.6,11.0,"일반, 빈 라벨(프린트가 포함되어 있지 않습니다) DYMO LabelWriter 프린터용 롤당 3000개의 라벨 매우 강한 접착제 밝은 화이트/BPA 프리",,"['라벨', '화이트', '롤', '호환', '프린트', '프린터', '프리', '접착제', '접착', '자체']"
사무용품,라벨 및 스티커,다목적 라벨,,B0CMT6Y9TG,"Qilery 4롤 5.1cm(2인치) 열 라벨 스티커 2000 라벨 무지개 색상 열 라벨 그라데이션 라벨 다용도 열 스티커 DIY 로고 디자인 비즈니스 QR 코드 이름 태그용 (프레시 컬러, 라운드)",Qilery,13836,12451,,,"풍부한 수량: 5.1cm(2인치) 열 라벨 스티커 4롤, 각 롤 500개, 총 2000개, 각 치수는 약 5cm/2인치, 필요와 교체품을 충족할 수 있는 충분한 수량과 적절한 사이즈 실용적인 디자인: 무지개 열 라벨은 투명 인쇄, 방수 및 기름 방지, 쓰기 및 찢어짐 방지 기능으로 디자인되어 가정, 사무실 등에 매우 편리합니다 신뢰할 수 있는 소재: 직접 열 라벨은 고품질 종이 소재로 만들어져 신뢰할 수 있고 견고하며 매끄럽고 가벼우며 강한 접착력으로 벗겨내고 부착하기 쉬워 대부분의 매끄러운 표면에 붙일 수 있으며 많은 그룹의 사람들에게 적합합니다 다양한 용도: 원형 스티커 라벨은 우아하고 실용적이며 감사 스티커, 브랜드 디자인, 이름표, DIY 디자인, QR 코드, 봉투 밀봉, 보관, 정리 등으로 사용할 수 있습니다 인쇄 가능한 디자인: 열 라벨 프린터 용지는 인쇄 가능하며 숫자, 글자, 패턴 또는 원하는 다른 것을 인쇄할 수 있습니다. 대부분의 열전사 프린터에 적합하며 사용하기 쉽고 많은 편리함을 제공합니다","특징: 자체 접착 라벨은 무지개 색상의 외관을 채택하여 밝고 섬세하게 보이며 조명 아래에서 더 매력적이고 아름답게 만듭니다. 이 비즈니스 스티커는 친구, 동료, 친척, 이웃, 가족 및 당신이 아끼고 사랑하는 다른 사람들에게 보내기에 적합합니다. 이 선물을 기꺼이 받을 것입니다. 사양: 소재: 종이. 색상: 사진과 같음. 사이즈: 약 5cm/2인치 패키지 구성: 열 라벨 스티커 4롤. 참고: 수동 측정, 사이즈에 약간의 오차가 있을 수 있습니다. 화면 디스플레이의 차이로 인해 색상이 약간 다를 수 있습니다.","['라벨', '열', '스티커', '디자인', '롤', '인쇄', '무지개']"
사무용품,라벨 및 스티커,다목적 라벨,,B073P7DQWZ,"COLORWING DYMO 30334 호환 가능 (3.2cm x 5.3cm(1-1/4인치 x 2-1/4인치)) 다목적 라벨, 바코드/FNSKU/FBA, Dymo Label writer 450, 4XL 프린터, 450 터보, 롤로 및 얼룩말 프린터와 함께 사용, 8롤/1000 라벨",COLORWING,47076,47076,4.8,76.0,"패키지 - DYMO 30334 열 라벨용 8롤 교체품(롤당 라벨 1000개, 총 8000개 라벨). 사양: 2.25"" x 1.25"" (32mm x 57mm), 밝은 흰색 블랭크, 다이 컷, 영구적, 열, 자체 접착 라벨. 2-1/4 x 1-1/4 라벨은 많은 DYMO 라벨 라이터와 호환 가능 -- 450, 450 터보, 450 트윈 터보, 450 듀오, 320, 400, 400 Duo, 400 Twin Turbo, 4XL, SE300, SE450. CoStar Label Writers: XL, XL+, BC, BC+, TURBO, SE200, SE250, ACII 200 / ASCII 250. Rollo, Zebra 및 기타 열 라벨 프린터. 품질--이 라벨은 크리스탈처럼 투명하게 인쇄되며 강한 접착력, 긁힘 및 얼룩으로 인해 벗겨지지 않으며 주요 브랜드 라벨보다 15% 더 하얗습니다. 노란색으로 변하지 않습니다. 모든 롤 라벨은 보호 및 보관을 위해 블랙 폴리 백에 담겨 있습니다. 직접 열 라벨 사용--바코드/UPC/반품 주소/배송 라벨, 레버 아치 라벨, CD/디스크/디스켓 라벨, 바코드 SKU 라벨, 파일 라벨, 캐비닛/박스/랙 라벨, 내부 제품 추적 및 부품","패키지 구성: DYMO 30334 배송 라벨용 8롤 교체품 (롤당 라벨: 1000 라벨, 총 8000 라벨), 크기: 32mm x 57mm (2-1/4 x 1-1/4 인치). DYMO 라벨 라이터 메이커와 호환 가능: 450, 450 Duo, 450 Turbo, 450 Twin Turbo, 4XL, 400, 400 Duo, 400 Twin Turbo, 300, 310, 315, 320, 330, EL40, EL60, SE300, SE450, CoStar 라벨 작: XL, XL+, BC, bbbb+bbSE200, SE250, ACII 200 / ASCII 250. 라벨: *직접 열 인쇄 기술 사용. *개별 라벨 인쇄: 한 번에 하나의 라벨 또는 수백 개의 라벨을 쉽게 인쇄할 수 있습니다. 시트 라벨의 번거로움이나 낭비가 없습니다. *가정, 비즈니스 및 창고에 가장 적합한 사이즈.","['라벨', '롤', '열', '인쇄']"
사무용품,라벨 및 스티커,다목적 라벨,,B08XM5RTXB,"BETCKEY - Dymo 30324 (5.4cm x 6.4cm(2-1/8인치 x 2-3/4인치), 제거 가능) 대형 다목적 라벨, Dymo LabelWriter Thermal 450, 4XL 및 Zebra 데스크탑 프린터와 호환 가능 [1롤, 320개 라벨, 제거 가능]",BETCKEY,11066,11066,5.0,4.0,"사양: 2-1/8"" x 2-3/4"" DYMO 30324 대형 다용도 라벨과 호환 가능, 접착제: 제거 가능 - 롤 1개 & 라벨 320개 / 롤** 100% Dymo 호환 라벨이며 모든 Dymo 라벨라이터 프린터 및 라벨 메이커에 적합합니다. Dymo 라벨라이터 450, Dymo 450 Turbo, Dymo 450 Twin Turbo, Dymo 450 Duo, Dymo 4XL & Dymo 무선 프린터, 400, 330, Rollo 및 Zebra 라벨 프린터. 완벽함. 품질 우선: Dymo 30324 라벨과 호환 가능, 흰색이며 더 어둡게 인쇄할 수도 있습니다. 부드럽고 깔끔한 롤로 프린터를 유창하게 만듭니다. 특허받은 디자인으로 쉽고 빠르게 벗겨낼 수 있으며 BPA 프리 제품입니다. 신뢰성: 라벨은 접착성이 있습니다: 제거 가능. 다용도: 이 라벨은 대형 다용도 라벨입니다. 또한 바코드, FNSKU 및 UPC 라벨로도 적합합니다. 임시 및 실내 간판, 종이, 봉투, 편지, 소포, 병, 스크랩북, 플라스틱, 포찬장, 폴더 및 기타 소매 용도.",,"['라벨', '프린터', '호환', '제거', '다용', '대형', '롤', '라이터']"
사무용품,라벨 및 스티커,다목적 라벨,,B00V5H5X0E,"6.4 x 2.5cm(2.5 x 1인치) 직접 열 라벨 - Rollo 라벨 프린터 및 Zebra 데스크탑 프린터와 호환 - 2.5cm(1인치) 코어, 다용도 UPC 바코드 배송 라벨, 접착 및 천공 - 4롤, 1380/롤",OfficeSmartLabels,47990,47990,4.7,15.0,"[사양]: 63.5mm x 25.4mm(2.5x1인치) - [4롤, 총 5520] - 2.5cm(1인치) 코어 (25.4mm) - 손쉬운 라벨링 작업을 향상시키기 위한 천공 - 잉크, 토너 또는 리본이 필요하지 않습니다! [주요 특징]: 습기 및 오일 차단 열 스티커 라벨로 상단 코팅되어 더 오래 지속되는 내후성 용량 - 얼룩, 번짐, 긁힘 방지 - 강력한 영구 접착제. 거의 모든 표면에 붙이고 안전하게 유지합니다 [광범위한 호환성]: ROLLO 및 ZEBRA 데스크탑 프린터와 호환 | Eltron | Fargo | Sato | Datamax | Intermec | Arkscan | TSC | WASP 및 너비 조절 기능이 있는 대부분의 열 프린터와 호환 가능 - *DYMO 및 Brother 프린터와 호환되지 않습니다 [내구성]: 매끄럽고 선명한 인쇄 경험 - 밝은 흰색 둥근 모서리 라벨 스티커 - 바코드, UPC 라벨, 반품 주소 라벨, 배송 라벨, 우표, 이름표 라벨, 보관함 [호환 프린터] LP2824, LP2824Z, TLP2824, TLP2824Z, LP2844, LP2844Z, LP3844Z, TLP2844, TLP2844Z, TLP3842, TLP3844Z, GX420D, GX430D, ZD620, ZD420 , GT800, GC420D, ZD410, OS-214ODZ, OS-214PLUS, TSC TA200, TA300, TDP-244, TDP-345, TTP-225, TTP-243 PRO, TTP-243E PRO, TTP-244 PLUS, TTP-244CE, TTP-244CE, TTP-2. 45C, TTP - 247, TTP-323, TTP-342 PRO, TTP-343C, TTP-345, DA402, GC420T, GK420D, GK420T, GX430T, LP 2844, LP 2844-Z, S4M, TLP 2844, 2844-Z, 3842, 3844-. ZT222 0, ZT230",,"['라벨', '프린터', '호환', '열', '롤', '천공', '스티커', '데스크탑', '바코드', '코어']"
사무용품,라벨 및 스티커,다목적 라벨,,B0CT5FKB2P,"M110 라벨, Phomemo M110/M120/M200/M220/M221 라벨 메이커 프린터와 호환, DIY 로고 디자인을 위한 다목적 자체 접착 열 라벨, 그린 바탕에 블랙, 50x50mm(1.96인치 x 1.96인치), 140개",Phomemo,16606,16606,3.9,6.0,"제품 크기- 50x50mm(1.975x1.975인치), 롤당 라벨: 140개. 그린 바탕에 블랙. Phomemo-M110/M120/M200/M220/M221 블루투스 열 라벨 프린터 라벨 메이커와 호환됩니다. 잉크 없이 & 화이트 바탕에 블랙만 인쇄 - 키보드를 타이핑하고 필기 인쇄 수명의 문제를 완화하는 가장 중요한 것입니다. 휴대폰으로 더 재미있게 만드세요. 잉크 없이 인쇄하여 리본을 사용할 필요가 없으며 소모품 수요를 줄입니다. 다용도 - 다양한 라벨 크기를 다양한 용도로 사용할 수 있습니다. 이 작은 사이즈를 사용하여 유효 날짜 알림, 가격 라벨 및 텍스트를 더 많이 만들 수 있습니다. 명확한 인쇄 - Phomemo 자체 접착 다목적 라벨은 방수, 내유성, 내마모성 및 강한 접착력을 가지고 있습니다.",라벨 사이즈: 50x50mm(1.96x1.96인치) 패키지: 총 롤 라벨 1팩 Phomemo M110/M120/M200/M220/M221 라벨 핀터와 호환 가능 색상: 그린 바탕에 블랙,"['라벨', '블랙', '바탕', '인쇄', '접착', '호환', '그린', '열', '다목적', '잉크']"
사무용품,라벨 및 스티커,다목적 라벨,,B0CB8C7GY8,"5.1cm(2인치) 원형 열 라벨, 열 프린터 라벨 자체 접착 다목적 열 프린터 스티커 라벨, 중소기업 로고 디자인, QR 코드, 이름표 600개/롤 (그라데이션 그린)",LERMITY,17991,13836,4.7,42.0,"1.5x5.1cm(2x2인치) 원형 감열식 프린터 라벨, 롤당 라벨 600개. 잉크나 토너가 필요하지 않습니다. 선명한 색: 그라데이션 색상은 제품을 더욱 매력적이고 독특하게 만듭니다. 분류, 보관, 크기 라벨 및 이름표를 쉽게 만들고, 제품 가격을 인쇄하고, 감사 스티커, QR 코드 및 바코드 정보를 인쇄하고, 회사 로고를 디자인할 수 있습니다. 선명한 인쇄가 가능한 열 라벨 용지, 뛰어난 자체 접착 및 내유성. BPA 및 BPS 프리. 이 원형 라벨은 비즈니스와 삶에 좋은 도움이 될 것입니다. 최대 속도: ROLLO, ZEBRA, MUNBYN, POLONO 및 기타 감열 라벨 프린터와 같은 대부분의 감열 프린터와 호환됩니다. 참고: 모니터마다 약간의 색상 차이가 있을 수 있습니다. 수령한 상품의 실제 색상은 화면에 보이는 것과 약간 다를 수 있습니다.",,"['라벨', '프린터', '열', '원형', '인쇄', '표', '그라데이션', '선명하다', '로고', '접착']"
사무용품,라벨 및 스티커,다목적 라벨,,B06X99NHX8,"BETCKEY - 호환 DYMO 30334 (5.4cm x 3.8cm(2-1/4인치 x 1-1/4인치) 제거 가능) 중형 다목적 라벨 - Rollo, DYMO Labelwriter 450, 4XL 및 Zebra 데스크탑 프린터와 호환[6롤/6000 라벨]",BETCKEY,47076,47076,4.5,19.0,"대체품: Dymo 30334, 크기: 57mm x 32mm(2-1/4"" x 1-1/4""), 색상: 화이트, 접착제: 제거 가능, 직접 열, BPA 프리, 롤당 라벨: 1000 호환 가능한 Dymo 라벨 라이터 프린터: 300, 310, 315, 320, 330, 400, 400 Duo, 400 Twin Turbo, 450 Duo, 450 Turbo, 450 Twin Turbo, 4XL, EL40, EL60, SE300, SE450, CoStar LabelWriter 제품: XL, XL+, BC, BC+, TURBO, SE200, SE250, ACII 200 / ASCII 250 탈착식 접착제와 날카로운 프린트가 있는 품질 등급 A 용지 (흰색 뒷면) 표준화 ISO 9001 및 ISO 140001로 제조된 새롭고 고품질의 호환 화이트 표준 주소 라벨 시장에서 찾을 수 있는 최고의 품질 보장: 저희 용지는 우수한 품질을 자랑하며 합리적인 가격으로 시장에서 최고의 선택입니다. 노란색으로 변하지 않고 번지지 않으며 스캔 문제가 없습니다!","대체품: DYMO 30334, 크기: 57mm x 32mm(2-1/4"" x 1-1/4""), 색상: 화이트, 접착제: 제거 가능, 롤당 라벨: 1000/Dymo 프린터를 위한 최고의 라벨만 사용하세요!/모든 Dymo 프린터 (300, 310, 315, 320, 330, 400, 400 Duo, 400 Twin Turbo, 450, 450 Duo, 450 Turbo, 450 Twin Turbo, 4XL, EL40, EL6와 함께 사용할 수 있습니다. 0, SE30. 0, SE450, CoStar 라벨라이터: XL, XL+, BC, BC+, TURBO, SE200, SE250, ACII 200 / ASCII 250). 100% 호환되며 최고 품질을 보장합니다./지속적인 테스트를 통해, 저희는 당신이 얻을 수 있는 최고의 종이임을 확인했습니다! 대부분의 다른 용지는 더 얇고 저렴하게 만들어져 접착력이 더 악화되며 인쇄 결과는 끔찍합니다./모든 BETCKEY 제품은 BPA 프리입니다./BPA(비스페놀 A)는 1960년대부터 사용되어 온 산업용 화학 물질입니다. 특정 열지에는 BPA가 포함될 수 있습니다. 보건 복무부의 국가 독물학 프로그램은 태아, 영아 및 어린이의 뇌, 행동 및 전립선에 대한 BPA가 건강에 미치는 영향에 대해 ""약간의 우려""라고 말합니다. 안내: Dymo 브랜드 라벨은 판매하지 않습니다. ""Dymo? "", ""LabelWriter?"" 기타 모든 Dymo 브랜드 제품 이름 및 SKU 상표는 Dymo International Corporation의 상표입니다. Dymo International Corporation은 BETCKEY에서 제작하거나 판매하는 제품을 후원하거나 보증하지 않습니다.","['라벨', '최고', '호환', '프린터', '제거', '화이트', '접착제', '용지', '대체', '보장']"
사무용품,라벨 및 스티커,다목적 라벨,,B09BB58MLD,"POLONO 정품 5.7 x 3.2cm(2.25 x 1.25인치) 직접 열 라벨, 주소용 천공 스티커, UPC 바코드, POLONO PL60, PL70E 및 PL420 라벨 프린터와 호환되는 다용도 접착 (1000 라벨, 그린)",POLONO,22146,13836,4.5,135.0,"【POLONO 정품】POLONO PL60, PL70E 및 PL420 열 라벨 프린터와 호환됩니다. POLONO PL60 라벨 프린터를 사용하면 효율적이고 명확한 라벨을 인쇄할 수 있습니다. 고효율, 저렴한 비용, 더 나은 삶! 【사양】 POLONO 직접 열 라벨, 57.15mm(2.25인치) X 31.75mm(1.25인치) 열 라벨. 라벨/롤 1000개. 색상: 녹색. 종이 튜브 직경: 1""(25.4mm), 용지 롤 직경: 2.81""(71mm). BPA 프리. 영구 접착제. 【다용도】POLONO 열 라벨은 다양한 인쇄 요구 사항을 충족하는 것을 목표로 합니다. 위탁, 의료, 정부 업무 또는 일반적인 비즈니스 요구 사항에 사용할 수 있도록 주소, 바코드, 텍스트 또는 그래픽을 인쇄하는 데 사용하십시오. 크리스마스 색상 구성, 완벽한 크리스마스 선물 태그! 【고품질】6.4 x 3.2cm(2.25 x 1.25인치) 직접 열 라벨에는 거의 모든 표면에 부착할 수 있는 고성능 접착층이 포함되어 있습니다. 라벨에는 거의 모든 표면에 붙일 수 있는 고성능 접착층이 포함되어 있습니다. 또한 방수, 내유성 및 마모 방지 기능이 있습니다. 【환경 친화적】이 라벨은 BPA 및 BPS 프리로 걱정할 필요가 없습니다. POLONO 인쇄 요구 사항을 충족하는 만족스러운 제품을 제공하기 위해 노력합니다. 잉크 토너나 리본이 필요하지 않습니다!",,"['라벨', '열', '인쇄', '요구', '프린터', '접착', '직접', '충족', '바코드', '롤']"
사무용품,라벨 및 스티커,다목적 라벨,,B0CN34HRWT,"Qilery 4롤 5.1cm(2인치) 열 라벨 스티커 2000 라벨 무지개 색상 열 라벨 그라데이션 라벨 다용도 열 스티커 DIY 로고 디자인 비즈니스 QR 코드 이름 태그 (생생한 색상, 사각형)",Qilery,16606,17991,,,"풍부한 수량: 5.1cm(2인치) 열 라벨 스티커 4롤, 각 롤 500개, 총 2000개, 각 치수는 약 5cm/2인치, 필요와 교체품을 충족할 수 있는 충분한 수량과 적절한 사이즈 실용적인 디자인: 무지개 열 라벨은 투명 인쇄, 방수 및 기름 방지, 쓰기 및 찢어짐 방지 기능으로 디자인되어 가정, 사무실 등에 매우 편리합니다 신뢰할 수 있는 소재: 직접 열 라벨은 고품질 종이 소재로 만들어져 신뢰할 수 있고 견고하며 매끄럽고 가벼우며 강한 접착력으로 벗겨내고 부착하기 쉬워 대부분의 매끄러운 표면에 붙일 수 있으며 많은 그룹의 사람들에게 적합합니다 다양한 용도: 사각형 스티커 라벨은 우아하고 실용적이며 감사 스티커, 브랜드 디자인, 이름표, DIY 디자인, QR 코드, 봉투 밀봉, 보관, 정리 등으로 사용할 수 있습니다 인쇄 가능한 디자인: 열 라벨 프린터 용지는 인쇄 가능하며 숫자, 글자, 패턴 또는 원하는 다른 것을 인쇄할 수 있습니다. 대부분의 열전사 프린터에 적합하며 사용하기 쉽고 많은 편리함을 제공합니다","특징: 자체 접착 라벨은 무지개 색상의 외관을 채택하여 밝고 섬세하게 보이며 조명 아래에서 더 매력적이고 아름답게 만듭니다. 이 비즈니스 스티커는 친구, 동료, 친척, 이웃, 가족 및 당신이 아끼고 사랑하는 다른 사람들에게 보내기에 적합합니다. 이 선물을 기꺼이 받을 것입니다. 사양: 소재: 종이. 색상: 사진과 같음. 사이즈: 약 5cm/2인치 패키지 구성: 열 라벨 스티커 4롤. 참고: 수동 측정, 사이즈에 약간의 오차가 있을 수 있습니다. 화면 디스플레이의 차이로 인해 색상이 약간 다를 수 있습니다.","['라벨', '열', '스티커', '디자인', '롤', '인쇄', '무지개']"
사무용품,라벨 및 스티커,다목적 라벨,,B092VFY44H,"열 스티커 라벨 용지, Phomemo M02/M02S/M02Pro/M03/M04S 포켓 프린터와 호환, 6롤 53mm 라벨, 다목적 자체 접착 라벨",Memoqueen,44306,44306,4.7,60.0,"【포장】라이트 블루 열 스티커 용지 1롤, 라이트 퍼플 열 스티커 용지 1롤, 오렌지 열 스티커 용지 1롤, 핑크 열 스티커 용지 1롤, 그린 열 스티커 용지 1롤, 퍼플 열 스티커 용지 1롤이 포함되어 있습니다. 【호환성】이 열 인쇄 용지의 조합은 M02/M02S/M02Pro/M03/M03AS/M04S/M04AS 포켓 프린터를 포함한 Phomemo M02 시리즈 프린터에 적합합니다. 【보관 방법】 사용된 인쇄 용지 롤과 인쇄된 감열지를 백라이트가 있는 건조한 곳에 두십시오. 일반적으로 영원히 보관할 수 있습니다. 【특징】Phomemo의 열 인쇄 용지는 견고하고 내구성이 뛰어나며 BPA 프리, 방수, 내유성, 긁힘 방지 기능이 있으며 보관하기 쉽고 비용을 절감합니다. 【용도】이 조합은 선물, 가족 메모, 작업 기록, 할 일 목록 및 사진 인쇄에 더 적합합니다. 아이디어를 더 만족시키기 위한 다양한 스타일.",,"['용지', '열', '롤', '스티커', '인쇄', '프린터', '라벨', '포켓', '조합', '보관']"
사무용품,라벨 및 스티커,다목적 라벨,,B0BJ728CF6,"Phomemo M110 원형 라벨, 다목적 사각형 자체 접착 라벨, 퍼플 라벨에 블랙, Phomemo M110 M220 M200 M120 라벨 프린터와 호환, 50x50mm(1.96x1.96인치), 140개 라벨/롤",Phomemo,16606,16606,4.6,158.0,"[ 세부 사항] 사이즈: 너비 1.96""(50mm) x 길이: 1.96인치(50mm), 수량: 1롤, 색상: 퍼플 바탕에 블랙. 팁: 용지의 화살표에 표시된 방향으로 용지를 약 1-2개의 원으로 늘린 다음 홀더를 조이거나 걸리십시오. [ 100% 호환 ] 화이트 스티커 용지에 블랙 스티커를 사용하는 Phomemo 라벨 프린터와 함께 작동: Phmemo-M110/Phomemo M120/ Phomemo M200/Phomemo M220 블루투스 라벨 메이커. [ 선명한 인쇄 ] 직접 열 인쇄 기술은 지저분하고 값비싼 잉크나 토너 없이 선명한 글자를 제공합니다. 라벨 메이커는 감열식 프린터이므로 잉크가 필요하지 않으며 비용을 절약할 수 있습니다. [직접 열 라벨 용지] 강한 접착력, 내마모성, 내열성. 방수, 내유성 및 찢어짐 방지. 이 라벨은 실내 및 실외 사용에 적합합니다. 매끄럽고 평평한 표면에 가장 적합하며 일상적인 사용에 적합합니다. [ 광범위한 사용] 플라스틱, 종이, 금속, 목재 및 유리에 부착되는 라벨 프린터 용지는 사무용품, 전자 액세서리, 도구, 주방 용품, 차고 장비, 용기, 공급 캐비닛, 보관 상자, 개인 용품, 공예품, 선물, 파일 등을 라벨링하여 물건을 식별하고 빠르게 정리할 수 있습니다.",,"['라벨', '용지', '프린터', '블랙', '선명하다', '인쇄', '잉크', '접착', '메이커', '롤']"
사무용품,라벨 및 스티커,다목적 라벨,,B08Q7ZBM9K,"BETCKEY Brother DK-1240 (10.2 x 5.1cm(4 x 2인치)) 배송/바코드 라벨과 호환되는 컬러 라벨, Brother 데스크탑 라벨 프린터와 호환 [1롤, 600개의 라벨, 옐로우]",BETCKEY,19376,19376,4.6,480.0,"사양: 4"" x 2"" Brother DK-1240 배송 / 바코드 라벨, 옐로우 - 1 롤 및 600 라벨/롤과 호환됩니다. **재사용 가능한 홀더 프레임 1개 포함** Brother 라벨 프린터 (P-touch 에디터)와 100% 호환 가능: QL050, QL050N, QL060N, QL100, QL110NWB 품질 우선: Brother DK-1240과 호환되는 라벨은 노란색이며 더 어둡게 인쇄할 수도 있습니다. 매끄럽고 깔끔한 롤로 프린터를 부드럽게 만듭니다. 특허받은 디자인으로 쉽고 빠르게 벗겨낼 수 있으며 BPA 프리 제품입니다. 신뢰성: 라벨은 끈적이고 오래 지속되는 강력한 접착제입니다. 고품질 원료로 각 라벨을 모든 표면에 단단히 붙일 수 있습니다. 재사용 가능한 홀더 프레임은 Brother 데스크탑 라벨, 영수증 및 손목 밴드 프린터와 호환되며 **쉬운 설치**와 호환됩니다. 다용도: 이 라벨은 배송 / 바코드 라벨입니다. 또한 반품 주소 라벨, 바코드 라벨, FNSKU 라벨 및 UPC 라벨로도 적합합니다. 봉투, 우편, 편지, 소포에 사용할 수 있습니다. 임시 및 실내 간판. 포장 및 기타 소매 용도.",,"['라벨', '호환', '프린터', '바코드', '롤']"
사무용품,라벨 및 스티커,다목적 라벨,,B0BX2HNN23,"Phomemo M110/M110S/M120/M200/M220용 원형 라벨, 50x50mm(1.97 x 1.975인치), 바코드/로고/선물 라벨/감사 라벨/중소기업/가정용의 열 원형 그라데이션 컬러 라벨",Phomemo,17991,17991,4.8,84.0,"√ 열 라벨 사양 - 50x50mm(1.96x1.96인치) 열 그라데이션 컬러 원형 스티커 라벨, 140개의 라벨/롤. 독특한 그라데이션 컬러 라벨 - 맞춤형 패턴이 있는 둥근 그라데이션 색상 라벨은 제품을 더욱 독특하게 만듭니다. Phomemo 열 라벨은 맞춤형 스티커/주소/바코드/우편물/로고/파일/스티커 라벨/선물/감사 라벨에 이상적입니다. √ 호환 가능 - Phomemo M110/M221/M220/M120/M200/M110S 휴대용 열 라벨 메이커와 호환되는 스티커 라벨. √ 감열지 기능 - 직접 열전사 인쇄 기술은 지저분하고 값비싼 잉크나 토너 없이 선명한 글자를 제공합니다. Phomemo 자체 접착 다목적 라벨은 방수, 내유성, 내마모성 및 강한 접착력을 가지고 있습니다. √ 강력한 접착 스티커 라벨 - 찢어짐 방지 합성 종이, 프리미엄 등급 접착제가 추가되어 각 라벨이 모든 패키지 표면에 단단히 붙일 수 있습니다. 스티커가 떨어질 염려가 없습니다. √ 특수 공정으로 찢어진 후 잔여물이 남지 않아 잔여 접착제를 청소하는 번거로움을 줄여줍니다.",,"['라벨', '스티커', '열', '그라데이션', '원형', '접착', '컬러']"
사무용품,라벨 및 스티커,다목적 라벨,,B00C4RCRLM,"Houselabels HL-30334 Dymo-호환 30334 미디엄 다용도 라벨, 롤당 1000 라벨, 화이트",HouseLabels,21481,21481,4.2,24.0,"5.4 x 3.2 cm, 직사각형, 흰색, 직접 열, 영구 접착 롤을 폴리 백에 넣은 다음 햇빛으로부터 보호하기 위해 밀봉된 미니 상자에 넣습니다 라벨은 얼룩 방지 및 방수 및 내유성이 있습니다 라벨은 밝은 흰색이며 전문적인 결과를 얻을 수 있습니다 BPA 프리","중형 다목적 라벨 5.4 cm x 3.4 cm, 직사각형, 흰색, 직접 열, BPA 프리, 영구 접착 롤 당 1000 라벨. 30334 라벨은 다양한 사무실 및 홈 라벨링 응용 분야에 사용할 수 있습니다. 라벨은 전문적인 결과를 위해 밝은 흰색입니다. 대부분의 응용 분야에 적합한 강력한 접착력 라벨은 얼룩 방지 및 방수 기능이 있습니다. 내유성 모든 라벨. Dymo/CoStar 라벨 작가에 사용하기 위해 HouseLabels에서 판매하며 이러한 라벨이 모두 Dymo 소재 사양에 맞는지 테스트했습니다. 호환되는 Dymo/CoStar 프린터: Dymo 라벨 라이터 프린터: EL60, SE300, 330, 330 Turbo, 400, 400 Turbo, Twin Turbo, DUO, 450, 450 Turbo, 450 Twin Turbo 및 450 DUO CoStar 프린터: XL, XL+, BC, BC+, SE 시리즈, ASCII 시리즈","['라벨', '흰색', '접착', '롤', '프린터', '방수', '방지', '시리즈', '얼룩', '영구']"
사무용품,라벨 및 스티커,다목적 라벨,,B0CLXV5VKK,"2.25x1.25인치 6롤 6000 라벨 직사각형 블루 직접 열 스티커 라벨 롤, Zebra, Rollo, MUNBYN, 자체 접착 직접 열 라벨과 호환",Misofuki,26301,26301,4.5,16.0,"제품 구성: 6개의 롤 5.7x3.2cm(2.25x1.25인치) 6000 라벨 Misofuki 직사각형 자체 접착 열 라벨 스티커를 받게 됩니다. 토너나 리본이 필요하지 않아 시간과 비용을 절약하세요! 다양한 호환성: Zebra, Rollo, Munbyn, Polono, Eltron, Neatoscan, Intermec, Datamax, Printronix 및 기타 데스크탑 열 프린터와 호환됩니다. 참고: 직사각형 열 라벨은 Dymo, Brother 및 Phomemo 프린터와 호환되지 않습니다. 다용도: 5.7cm x 3.2cm 열 라벨은 이름표, 감사 스티커, 브랜드 로고 디자인, qr 코드 프린터 라벨, 분류 라벨, 크기 라벨, 실험실 번호 라벨, 신발, 가방 및 옷 분류, 재고 관리 창고, 소매, 가정 조직, 교실 및 사무실에 사용할 수 있습니다. 장점: 2.25*1.25인치 감열식 프린터 라벨은 인쇄하고 손으로 쓸 수 있습니다. 강력한 자체 접착, 방수 및 내유성, BPA 프리, 벗겨지기 쉽고 빠르고 선명한 인쇄. 일과 삶에 완벽한 조력자가 있습니다. 만족 보장: Misofuki 5.7cm x 3.2cm 바코드 주소 교체 라벨을 믿고 어떤 이유로든 만족하지 못하셨다면 즉시 환불이 이루어지며 걱정할 필요가 없습니다",1,"['라벨', '열', '프린터', '직사각형', '롤', '자체', '스티커', '호환', '접착', '인쇄']"
사무용품,라벨 및 스티커,다목적 라벨,,B01M0R9IHI,"Royal Green 원형 5.1cm(2인치) 네온 핑크 스티커 - 다용도 50mm 도트 라벨, 병 및 보관 식별에 적합 - 영구 접착 원형 라벨 - 180팩",Royal Green,13836,13836,4.6,1025.0,"네온 컬러 도트 스티커는 가정, 사무실 및 학교 프로젝트에 사용하기 적합합니다. 50mm(2인치) 원형 스티커는 종이, 폴더, 노트북, 폼 보드, 통, 선반, 상자 등에 단단히 부착됩니다. 정리 및 라벨링 요구 사항에 이상적입니다. 상자에 표시하거나 병, 양초, 병 등에 사용하기에 좋습니다. 자신만의 메시지를 작성할 수 있는 감사 선물 태그로 완벽합니다. 영구 접착제. 고품질. 이 스티커는 종이에 단단히 부착됩니다. 이 패키지에는 180개의 컬러 스티커가 제공됩니다. 시트 당 6개의 원형 스티커. 총 30장. 사용 가능한 네온 색상: 그린, 옐로우, 레드, 핑크, 오렌지. GREAT DEAL 슈퍼 사이즈 밸류 팩 다양한 색상의 원형 스티커.",,"['스티커', '원형', '네온', '라벨', '핑크', '상자', '영구', '단단하다', '컬러', '종이']"
사무용품,라벨 및 스티커,다목적 라벨,,B072P21QJ9,"BETCKEY - 64mm x 25mm(2.5인치 x 1인치) 다목적 및 바코드 라벨, Zebra & Rollo 라벨 프린터와 호환, 프리미엄 접착제 및 천공 [2롤, 2760 라벨]",BETCKEY,19251,19251,4.6,45.0,"[ 사양 ]: 64mm x 25mm(2.5인치 x 1인치) (1380 라벨/롤, 2롤), 종이 튜브 직경: 25.4mm(1인치). 잉크 토너나 리본이 필요하지 않습니다! 돈과 노력을 절약하세요. [ 우수한 호환성 ]: Zebra, Rollo, Eltron, Intermec, Datamax, Fargo, Sato, NEX 및 인쇄 너비를 6.4cm(2.5인치)까지 조절할 수 있는 대부분의 열 라벨 프린터에 적합합니다. [유용한 팁]: DYMO 및 Brother 라벨 프린터를 지원하지 않습니다. 주의 : 코팅은 직접 열 라벨을 위해 설계되었습니다. 라벨에 접착 테이프가 없습니다. 손글씨는 권장하지 않습니다. 잉크는 쉽게 건조되지 않습니다. [ 천공 ]: 저희는 온라인에서 판매되는 표준 라벨을 능가합니다. 당사의 프리미엄 라벨은 라벨을 쉽게 분리할 수 있도록 구멍이 뚫려 있습니다. 인쇄된 라벨을 천공과 함께 접어 정리할 수 있습니다. 더 이상 라벨이 지저분하지 않습니다! [ 상단 접착제]: 극한의 온도(10°C~70°C)에서도 여전히 신뢰할 수 있습니다. 특허받은 상단 접착제는 오래 지속되는 강력한 접착력을 제공합니다. 라벨이 벗겨져 배송이 더 이상 손실되지 않습니다. 비즈니스의 추가 마진을 즐기세요. [ 변색 및 얼룩 방지 ]: 선명한 이미지와 읽기 쉬운 바코드를 인쇄합니다. 색이 바래거나 번지지 않도록 하세요. 배송업체가 배송될 때까지 바코드를 쉽게 스캔할 수 있습니다. 우리는 읽을 수 없는 바코드 때문에 '발신자에게 반환'을 싫어합니다. [ 기술 지원 ]: 저희는 브랜드를 지지합니다. BETCKEY 는 아마존 메시지 이메일 전화 통화 및 원격 데스크톱 작동을 통해 평생 무료 고객 지원을 제공합니다. 도움이 필요하면 즉시 저희에게 연락하십시오.",,"['라벨', '바코드', '프린터', '인쇄', '접착제', '롤', '천공', '잉크', '접착', '열']"
사무용품,라벨 및 스티커,다목적 라벨,,B0B8D5GNK8,"라벨 메이커 교체용 테이프 Jiose B1 라벨 방수 열 라벨 14mm x 30mm, 라벨/롤 210개, 접착 라벨링 테이프 다용도 프린트 용지",Jiose,9681,9681,4.3,481.0,"【쉬운 사용】열 라벨은 Jiose B1 라벨 메이커와 호환되며 원하는 곳 어디에나 벗겨서 붙일 수 있습니다! 내부 피드 슬롯에 라벨 용지를 삽입할 때 라벨이 위로 향하도록 하십시오. 【라벨 메이커 테이프 210개】다양한 라벨링 요구 사항을 위한 롤. 작은 라벨 사이즈: 1.4 x 3cm(0.55 x 1.2인치), 각 롤 210개의 라벨, 더 큰 크기와 충분한 수량. 라벨 테이프는 이미 둥근 직사각형 모양이며 작은 공간 생활에 적합한 크기입니다 【프리미엄 품질 라벨】 B1 라벨은 방수 및 내마모성이 있는 포뮬러로 특별히 제작되었습니다. 투명하게 인쇄되며 쉽게 바래지 않습니다. 자체 접착 라벨 테이프는 접착력이 좋으며 크래프트 종이, PVC, 목재, 유리, 골판지 상자, 금속 및 봉투와 같은 대부분의 표면에 단단히 부착할 수 있습니다. 스티커 라벨은 제거해야 하는 경우 잔여물 없이 쉽게 벗겨집니다. 【열 라벨, 얼룩 방지】잉크나 토너가 필요 없는 직접 열 인쇄 기술을 사용한 Jiose 라벨 메이커 테이프 인쇄, 깨끗하게 인쇄하고 번지지 않습니다. 【다목적 라벨, 다양한 사용】스티커 라벨은 가정과 사무실에서 사용하기에 적합하며 가정 보관, 사무실 업무, 학용품, 가격표, 이름 라벨, 주소 라벨, 식품 라벨, 만료 날짜 알림에 적합합니다.",,"['라벨', '테이프', '인쇄', '열', '메이커', '접착', '롤']"
사무용품,라벨 및 스티커,다목적 라벨,,B00JPQP25S,"Dymo 호환 30336-1"" x 2-1/8"" 다목적 라벨 (롤당 500개의 라벨)",OfficeSmartLabels,17686,17686,4.3,100.0,"일반, 빈 라벨(프린트가 포함되어 있지 않습니다) DYMO LabelWriter 프린터용 롤당 라벨 500개. 매우 강한 접착제 밝은 화이트/BPA 프리",,"['라벨', '롤', '화이트', '호환', '프린트', '프린터', '프리', '접착제', '일반', '다목적']"
사무용품,라벨 및 스티커,다목적 라벨,,B004Q748WO,"OfficeSmartLabels 2-1/4"" x 1-1/4"" 다용도 라벨, Dymo 30334 호환 (부모)",OfficeSmartLabels,16301,16301,4.4,76.0,"DYMO 30334와 호환 가능 다목적 라벨 / 치수 2-1/4- x 1-1/4- 1 롤 / 롤 당 1000 라벨 / 1 인치 코어 고품질, 밝은 화이트 열전사 용지 강한 접착제/방수 / 색상: 흰색",,"['라벨', '호환', '롤', '흰색', '화이트', '코어', '접착제', '전사', '용지', '부모']"
사무용품,라벨 및 스티커,다목적 라벨,,B08C9MJXSW,"Phomemo M110/M110S/M120/M200/M220용 감열지, 40x30mm(1.57 x 1.18인치) - 다목적 사각형 자체 접착 라벨, 230 라벨/롤, 화이트 바탕에 블랙",Memoqueen,13836,13836,4.5,136.0,"【프린터 라벨】Phomemo 정사각형 라벨 40mm x 30mm, 1롤, 230개의 라벨/롤, 화이트 바탕에 블랙. 【호환 제품】Phomemo M110/M110S/M120/M200/M220 라벨 메이커 기계용. 잉크나 토너 없이 선명하고 매끄러운 인쇄를 위한 열 인쇄 기술. 【내구성 및 투명】Phomemo 직사각형 라벨은 열 합성 종이로 만들어져 방수 및 기름 방지 뿐만 아니라 긁힘 방지 기능이 있으며 쉽게 떨어지지 않으며 뒤틀리지 않으며 흔적을 남기지 않고 쉽게 벗겨낼 수 있으며 품목 표면을 손상시키지 않습니다. 【BPA 프리】프린터 라벨은 녹색 소재로 만들어졌으며 BPA 프리로 환경 친화적이고 안전합니다. 성인과 어린이가 안전하게 사용할 수 있습니다. 【다양한 용도】Phomemo 라벨은 캔디 백, 선물 상자, 병, 봉투, 책, 사진 앨범, 스크랩북 등에 적합합니다. 가정뿐만 아니라 사무실, 학교, 슈퍼마켓, 소매점, 보석 상점, 도서관, 약국 등에서도 널리 사용할 수 있습니다.",,"['라벨', '롤', '바탕', '인쇄', '화이트', '열', '블랙', '프린터', '프리', '방지']"
사무용품,라벨 및 스티커,다목적 라벨,,B0B1LW1SCG,"다목적 다채로운 원형 주소 웨딩 방수 라벨 스티커, B1/B21/B3S 라벨 프린터, 병 메이슨 자 향신료 식품 용기 주방 정리 및 보관 41x41mm, 175개 라벨/롤",LMASBLTER,16606,16606,4.5,122.0,"【라벨 사이즈】1.5""*1.5""(40*40mm) 롤당 라벨: 175. 열 라벨 용지 - 잉크나 토너 없음. 제거 시 끈적이는 잔여물이 없습니다. 쉽게 벗겨낼 수 있는 스플릿 백킹으로 간단하게 부착할 원클릭 인쇄로 시간과 노력을 절약할 수 있습니다. 스마트 앱은 다양한 글꼴, 필터 효과 및 테마를 제공합니다. 【 호환성】이 라벨은 B1/B21/B3S 라벨 메이커 새 버전(별도 판매)에 적합하며 NIIMBOT B1/B21/B3S 라벨 메이커 프린터와 호환됩니다. 프린터는 블루투스를 통해 휴대폰(IOS, 안드로이드 스마트폰) 또는 USB를 통해 컴퓨터(윈도우 7/10 시스템만 지원)와 함께 사용할 수 있습니다. 앱을 다운로드하기만 하면 됩니다. 【강력한 앱】- 앱은 앱 스토어 또는 구글 플레이에서 다운로드되며 바코드, QR 코드, 사진, 스캔 코드, 여러 줄 텍스트, 엑셀 가져오기, 스마트 OCR 스캐너, 거대한 생생한 아이콘을 지원하여 자신만의 맞춤형 라벨을 쉽게 만들고 레코드를 미리 보고 저장하여 효율성을 향상시킵니다. 대용량 연속 인쇄가 가능하여 50-230개 이상의 연속 반복 인쇄를 완료할 수 있습니다. 【다양한 사용】방수, 찢어짐 방지, 내유성, 유연성, 자체 접착 및 BPA 프리 제품입니다. B21/B3S 파일 폴더 주소 다목적 방수 라벨 스티커, 어린이집, 어린이, 아기 젖병, 옷, 캠프 통, 식품 용기, 보관함, 서랍 봉투, 메이슨 병, 향신료 주방 식료품 저장실 정리 사무실 라벨링 테이프, 요양원, 결혼식 초대장, 생일 파티, 캔디 박스, 비즈니스 로고, 학교 용품 라벨 스티커. 【신뢰할 수 있는 고객 서비스】수령 시 구매에 대한 불만이나 의심이 있으시면 주저 없이 문의하십시오. 기술 지원을 제공하고 모든 질문에 적시에 답변해 드리겠습니다. 인쇄할 때 인쇄된 내용물이 빨간색 인쇄 상자 안에 있는지 확인하십시오. 그렇지 않으면 전체 내용물이 인쇄되지 않습니다.",,"['라벨', '인쇄', '앱', '방수', '프린터', '스티커']"
사무용품,라벨 및 스티커,다목적 라벨,,B06X9W856S,"BETCKEY - 호환 DYMO 30334 (5.7cm x 3.2cm(2.25인치 x 1.25인치) 중형 다목적 라벨 - Rollo, DYMO Labelwriter 450, 4XL 및 Zebra 데스크탑 프린터와 호환[2롤/2000 라벨]",BETCKEY,23531,23531,4.1,35.0,"대체품: Dymo 30334, 크기: 57mm x 32mm(2-1/4"" x 1-1/4""), 색상: 화이트, 접착제: 제거 가능, 직접 열, BPA 프리, 롤당 라벨: 1000 호환 가능한 Dymo 라벨 라이터 프린터: 300, 310, 315, 320, 330, 400, 400 Duo, 400 Twin Turbo, 450 Duo, 450 Turbo, 450 Twin Turbo, 4XL, EL40, EL60, SE300, SE450, CoStar LabelWriter 제품: XL, XL+, BC, BC+, TURBO, SE200, SE250, ACII 200 / ASCII 250 탈착식 접착제와 날카로운 프린트가 있는 품질 등급 A 용지 (흰색 뒷면) 표준화 ISO 9001 및 ISO 140001로 제조된 새롭고 고품질의 호환 화이트 표준 주소 라벨 시장에서 찾을 수 있는 최고의 품질 보장: 저희 용지는 우수한 품질을 자랑하며 합리적인 가격으로 시장에서 최고의 선택입니다. 노란색으로 변하지 않고 번지지 않으며 스캔 문제가 없습니다!","BETCKEY - DYMO 30334 호환 가능 (5.7cm x 3.2cm (2.25인치 x 1.25인치) 제거 가능) 중형 다용도 라벨 - Rollo, DYMO Labelwriter 450, 4XL 및 Zebra 데스크탑 프린터와 호환 [2롤/2000 라벨]","['라벨', '호환', '프린터', '최고', '롤', '용지', '화이트', '접착제', '제거', '중형']"
사무용품,라벨 및 스티커,다목적 라벨,,B0CM61D8ZD,"NIIMBOT B1 B21 B3S용 라벨 2롤, 열 프린터 라벨 50x80mm(2인치 x 3.15인치), 로고/병 라벨/바코드/주소 라벨/스티커용 열 라벨",NIIMBOT,27686,27686,4.5,97.0,"열 라벨: 95 labels/roll, 2 roll refill NIIMBOT Label 2'' x 3.15'' (50x80mm). 호환 가능: NIIMBOT B1/B21/B3S 휴대용 열 라벨 메이커와 호환되는 라벨 메이커 테이프. 더 강한 접착력: 열 인쇄 기술로 인쇄, 선명한 인쇄, 잉크나 토너가 필요하지 않습니다. 고품질: NIIMBOT 라벨은 방수, 내유성, 내마모성 및 강한 접착력을 가지고 있으며 흔적이 남지 않으며 BPA 프리 및 분해성이 있습니다. 다용도: NIIMBOT 라벨은 사무실/비즈니스/가정 여행 병, 우편물, 로고, 파일, 음식 병 등에 이상적입니다.",,"['라벨', '열', '인쇄', '접착', '호환', '강하다', '로고', '메이커']"
사무용품,라벨 및 스티커,다목적 라벨,,B0CNQ2621F,"[140개] Phomemo 라벨 라운드 시리즈, 1.57인치(지름 50mm) M110/ M220/ M221/ M120/ M200 라벨, 화이트, 라벨/롤 140개, 1롤, 다목적 접착 Thermal Phomemo 오리지널 라벨",Phomemo,13836,13836,4.5,93.0,"주의 이 원형 라벨은 사각형 라벨 프레임으로 액자에 넣도록 설계되었으며 일반적인 사용에는 영향을 주지 않습니다. 껍질을 벗기면 둥근 것을 얻을 수 있습니다. 호환성 이 라벨은 흑백 인쇄용 M110/M120/M200/M220/M221 라벨 메이커에만 제작되었습니다. 사이즈 및 다양한 사용 투명, 50mm(1.97인치), 라벨/롤 140개, 롤 3개. 이 스티커 라벨의 크기는 로고 라벨, 날짜 라벨, 가격 라벨, 이름표, 파일 폴더 또는 시즈닝 캔 표시, 알약 정리함에 대한 알림 등 비즈니스에서 가정까지 대부분의 경우에 적합합니다. 강력한 접착력 및 내구성 Phomemo 라벨은 강하게 접착되고 오래 지속됩니다. 고품질 소재로 각 라벨을 모든 표면에 단단히 붙일 수 있으며 종이, 목재, 플라스틱, 금속, 유리 등 말리지 않고 매우 오랫동안 유지됩니다. 상당한 시간 안에 떨어질 염려가 없습니다. 라벨은 벗겨질 때 잔여물을 남기지 않으며 여러 번 재사용할 수도 있습니다. 매우 튼튼함 - 라벨은 방수 및 내유성이 있어 라벨을 직접 헹구더라도 잘 다룰 수 있습니다. 튼튼한 소재로 라벨은 찢어짐 방지 및 긁힘 방지 기능이 있어 다양한 정도의 마모를 쉽게 처리할 수 있습니다. 안전한 무독성 - Phomemo 라벨은 호환되며 매우 엄격한 QC 지침을 따릅니다. 라벨은 BPA 프리이며 잉크나 토너가 없도록 열 직접 설계되었습니다. 매일 사용하기에 안전합니다.",,"['라벨', '롤', '접착']"
사무용품,라벨 및 스티커,다목적 라벨,,B0CZ88Y2K2,P10 Label 투명,PeriPage,8296,8296,3.8,11.0,"【Continuous and Self-Adhesive】Label maker tape 1 roll with size 14mm x 4.2m (0.55""x13.7ft, Φ36mm). Adapted Niimbot labels can be designed freely without waste of paper. Tips: Sticky tape is more suitable for label maker with built-in cutter. 【Compatible and No Paper Jam】L1/E10/D110 Niimbot labels are compatible with Makeid L1, Nelko P21, Polono P31S label maker for labeling, to-do reminders, DIY scrapbooking, notes, etc. Smooth printing design makes printing process without paper jams. 【High Quality and BPA-Free】Sticker labels with inkless printing technology prints clear letters without ink or toner. Thermal label tape is BPA-free, water-proof, oil-proof, safe and environmentally friendly. 【Various Color to Choose 】Label maker machine tape with multiple colour for multi-purposes: freshness period, file classification, reminders, Festival day. After editing, paste self-adhesive labels anywhere you need. 【Multiple Usage】The label stickers are widely used in the daily life. Perfect for labeling, marking, storing and classifications, enhancing the design process with convenience and enjoyment.",,['투명']
사무용품,라벨 및 스티커,다목적 라벨,,B0CLNHLTY7,아기 젖병 라벨(Dino),Tagrified,6911,6911,4.3,78.0,아기 젖병 라벨 공룡 테마,,"['젖병', '아기', '라벨', '테마', '공룡']"
사무용품,라벨 및 스티커,다목적 라벨,,B071YN7Z1W,"BETCKEY - 57mm x 25mm(2.25인치 x 1인치) 파일 폴더 및 다용도 라벨, Zebra & Rollo 라벨 프린터와 호환, 프리미엄 접착제 및 천공 [2롤, 3000개 라벨]",BETCKEY,19251,19251,3.6,12.0,"[ 사양 ]: 2.25 in x 1 in (57 mm x 25 mm) (1,500 라벨/롤, 2 롤), 종이 튜브 직경: 1""(25.4mm). 잉크 토너나 리본이 필요하지 않습니다! 돈과 노력을 절약하세요. [ 우수한 호환성 ]: Zebra, Rollo, Eltron, Intermec, Datamax, Fargo, Sato, NEX 및 인쇄 너비를 5.7cm(2.25인치)까지 조절할 수 있는 대부분의 열 라벨 프린터에 적합합니다. [유용한 팁]: DYMO 및 Brother 라벨 프린터를 지원하지 않습니다. 주의 : 코팅은 직접 열 라벨을 위해 설계되었습니다. 라벨에 접착 테이프가 없습니다. 손글씨는 권장하지 않습니다. 잉크는 쉽게 건조되지 않습니다. [ 천공 ]: 저희는 온라인에서 판매되는 표준 라벨을 능가합니다. 당사의 프리미엄 라벨은 라벨을 쉽게 분리할 수 있도록 구멍이 뚫려 있습니다. 인쇄된 라벨을 천공과 함께 접어 정리할 수 있습니다. 더 이상 라벨이 지저분하지 않습니다! [ 상단 접착제]: 극한의 온도(10°C~70°C)에서도 여전히 신뢰할 수 있습니다. 특허받은 상단 접착제는 오래 지속되는 강력한 접착력을 제공합니다. 라벨이 벗겨져 배송이 더 이상 손실되지 않습니다. 비즈니스의 추가 마진을 즐기세요. [ 변색 및 얼룩 방지 ]: 선명한 이미지와 읽기 쉬운 바코드를 인쇄합니다. 색이 바래거나 번지지 않도록 하세요. 배송업체가 배송될 때까지 바코드를 쉽게 스캔할 수 있습니다. 우리는 읽을 수 없는 바코드 때문에 '발신자에게 반환'을 싫어합니다. [ 기술 지원 ]: 저희는 브랜드를 지지합니다. BETCKEY 는 아마존 메시지 이메일 전화 통화 및 원격 데스크톱 작동을 통해 평생 무료 고객 지원을 제공합니다. 도움이 필요하면 즉시 저희에게 연락하십시오.",,"['라벨', '프린터', '접착제', '바코드', '천공', '롤', '인쇄', '프리미엄', '열', '접착']"
사무용품,라벨 및 스티커,다목적 라벨,,B0C1BHJL1K,마그네틱 드라이 지우개 라벨 48개 - 실제 방수/재사용 가능한 스트립 교실 홈 오피스 차고 냉장고용 빈 쓰기 가능한 지울 수 있는 카드 컬러 테두리 이름 태그 학생 사물함 선반,HongyiTime,9487,9487,4.5,102.0,"패키지 포함: 이 드라이 지우개 라벨 세트는 48개의 다목적 조각으로 제공되며 집, 교실, 사무실 또는 상점 주변의 다양한 품목을 식별하고 라벨링 및 분류하는 데 적합합니다 고품질 소재: 마그네틱 드라이 지우개 라벨은 화이트 글씨가 있는 전면과 컬러 엣지, 라미네이트 아트지, 드라이 지울 수 있는 0.1cm(0.05인치) 두께의 스트론튬 자석이 있어 다양한 표면에 강력하게 접착됩니다. 각 라벨의 크기는 8.1 x 3cm(3.2 x 1.2인치)입니다 쓰기 가능한 라벨: 편리하게 쓰고 지울 수 있도록 코팅된 표면으로 디자인된 이 빈 재사용 가능한 태그는 정리하고 스타일을 표현할 수 있도록 도와줍니다. 펠트 펜이나 보드 마커로 스트립에 쓰고 쉽게 눈에 띄는 곳에 붙이기만 하면 됩니다. 유연하고 휴대가 간편하며 쉽게 씻어낼 수 있습니다 안전한 접착: 각 스티커는 강한 자석 뒷면이 있어 화이트보드, 냉장고 또는 선반과 같이 약간 둥글거나 평평한 금속 및 자석 표면에 즉각적이고 안정적으로 접착할 수 있습니다. 표면에 잔여물을 남기지 않고 쉽게 부착하고 분리할 수 있습니다 다양한 용도: 이 실용적이고 크기에 맞게 재단된 접착 라벨은 보드 또는 자석 화이트보드에 표지판을 계획하는 데 적합하며 냉장고에 알리는 알림으로, 선반, 옷장, 서랍, 학생 사물함, 교사 학용품, 일정 수립, 정리 및 교실 관리 또는 명판, 공예 차트로 사용할 수 있습니다. 가능성은 무한합니다!","패키지 포함: 이 드라이 지우개 라벨 세트는 48개의 다목적 조각으로 제공되며 집, 교실, 사무실 또는 상점 주변의 다양한 품목을 식별하고 라벨링 및 분류하는 데 적합합니다. 드라이 지우개 마그네틱 라벨","['라벨', '드라이', '지우개', '가능하다', '접착', '자석', '표면', '교실', '선반', '그네']"
사무용품,라벨 및 스티커,다목적 라벨,,B01H1AWHPM,"BETCKEY - Brother DK-1204 (1.7 x 5.3cm/0.68 x 2.1인치)용 호환되는 다목적 주소 라벨 교체품, Brother QL 라벨 프린터와 함께 사용 [6롤 + 1개의 재사용 가능한 카트리지]",BETCKEY,20761,20761,4.7,47.0,"[ 사양 ]: 0.66"" x 2.1"" (17mm x 54mm) - 6롤 & 2400 라벨 (400 라벨/롤) - Brother DK-1204 다이 컷 다목적 주소 라벨 교체 [ 호환 ]: Brother QL 라벨 프린터 범위와 100% 호환 가능: QL-500 QL-550 QL-570 QL-580N QL-650TD QL-700 QL-710W QL-720NW QL-800 QL-810N QL-820NWB QL-1050 QL-106 0N QL-1100 QL-1110NWB [ 사전 설치된 리필 카트리지 1개]: 전문적이고 사용자 친화적인 솔루션을 제공합니다. 오인쇄, 주름 및 정렬 불량의 위험을 줄입니다. 러시아워에 전체 롤을 쉽게 로드하고 업로드할 수 있습니다. 필요에 따라 새 롤을 무료로 리필할 수 있습니다. 리필 가능한 카트리지 1개로 비용 효율적이고 시간을 절약할 수 있습니다. [ 다목적 라벨]: 17mm x 54mm(0.66 x 2.1인치) Brother DK-1204용 다목적 라벨은 다용도 라벨입니다. 반품 주소 라벨과 바코드 라벨도 적용됩니다. 패키지, 봉투, 우편물, 편지, 소포, 표지판 및 임시 이름표에 널리 사용됩니다. 이름을 지정하세요. [ 접착제]: 극한의 온도(10°C~70°C)에서도 여전히 신뢰할 수 있습니다. 특허받은 접착제는 오래 지속되는 강력한 접착력을 제공합니다. 라벨이 벗겨져 배송이 더 이상 손실되지 않습니다. 비즈니스의 추가 마진을 즐기세요. [ 변색 및 얼룩 방지 ]: 선명한 이미지와 읽기 쉬운 바코드를 인쇄합니다. 색이 바래거나 번지지 않도록 하세요. 배송업체가 배송될 때까지 쉽게 스캔하고 읽을 수 있습니다. 우리는 읽을 수 없는 바코드와 정보 때문에 '발신자에게 반환'을 싫어합니다. [ 기술 지원 ]: 저희는 브랜드를 지지합니다. BETCKEY 는 아마존 메시지 이메일 전화 통화 및 원격 데스크톱 작동을 통해 평생 무료 고객 지원을 제공합니다. 도움이 필요하면 즉시 저희에게 연락하십시오.",,"['라벨', '롤', '다목적', '카트리지', '바코드', '호환', '주소', '리필', '인쇄', '접착제']"
사무용품,라벨 및 스티커,다목적 라벨,,B0CT5845B6,"Phomemo M110/M120/M200/M220/M221 라벨 메이커 프린터와 호환되는 M110 라벨, 비즈니스용 3롤 라벨, DIY, 다목적 자체 접착 열 라벨 용지, 40x30mm(1.57인치 x 1.18인치)",Phomemo,26301,26301,4.0,1.0,"제품 크기- 40x30mm(1.57""x1.18""), 롤당 라벨: 140개. 핑크, 블루, 카키 바탕에 블랙. Phomemo-M110/M120/M200/M220/M221 블루투스 열 라벨 프린터 라벨 메이커와 호환됩니다. 잉크 없이 & 화이트 바탕에 블랙만 인쇄 - 키보드를 타이핑하고 필기 인쇄 수명의 문제를 완화하는 가장 중요한 것입니다. 휴대폰으로 더 재미있게 만드세요. 잉크 없이 인쇄하여 리본을 사용할 필요가 없으며 소모품 수요를 줄입니다. 다용도 - 다양한 라벨 크기를 다양한 용도로 사용할 수 있습니다. 이 작은 사이즈를 사용하여 유효 날짜 알림, 가격 라벨 및 텍스트를 더 많이 만들 수 있습니다. 명확한 인쇄 - Phomemo 자체 접착 다목적 라벨은 방수, 내유성, 내마모성 및 강한 접착력을 가지고 있습니다.",,"['라벨', '인쇄', '접착', '메이커', '블랙', '바탕', '잉크', '자체', '다목적', '열']"
사무용품,라벨 및 스티커,다목적 라벨,,B06X9QZVRB,"BETCKEY - DYMO 30336 호환 (2.5cm x 5.4cm(1인치 x 2-1/8인치) 제거 가능) 다용도 및 바코드 라벨 - Rollo, DYMO Labelwriter 450, 4XL 및 Zebra 데스크탑 프린터와 호환 가능 [1롤/500 라벨]",BETCKEY,10526,10526,3.9,11.0,"대체품: Dymo 30336, 크기: 25mm x 54mm(1"" x 2-1/8""), 색상: 화이트, 접착제: 탈착식, 직접 열, BPA 프리, 롤당 라벨: 500 호환 가능한 Dymo 라벨 라이터 프린터: 300, 310, 315, 320, 330, 400, 400 Duo, 400 Twin Turbo, 450 Duo, 450 Turbo, 450 Twin Turbo, 4XL, EL40, EL60, SE300, SE450, CoStar LabelWriter 제품: XL, XL+, BC, BC+, TURBO, SE200, SE250, ACII 200 / ASCII 250 탈착식 접착제와 날카로운 프린트가 있는 품질 등급 A 용지 (흰색 뒷면) 표준화 ISO 9001 및 ISO 140001로 제조된 새롭고 고품질의 호환 화이트 표준 주소 라벨 시장에서 찾을 수 있는 최고의 품질 보장: 저희 용지는 우수한 품질을 자랑하며 합리적인 가격으로 시장에서 최고의 선택입니다. 노란색으로 변하지 않고 번지지 않으며 스캔 문제가 없습니다!","대체품: DYMO 30336, 치수: 25mm x 54mm(1인치 x 2-1/8인치), 색상: 화이트, 접착제: 제거 가능, 롤당 라벨: 500/Dymo 프린터를 위한 최고의 라벨만 사용하세요!/모든 Dymo 프린터 (300, 310, 315, 320, 330, 400, 400 Duo, 400 Twin Turbo, 450, 450 Duo, 450 Turbo, 450 Twin Turbo, 4XL, EL40, EL6와 함께 사용할 수 있습니다. 0, SE30. 0, SE450, CoStar 라벨라이터: XL, XL+, BC, BC+, TURBO, SE200, SE250, ACII 200 / ASCII 250). 100% 호환되며 최고 품질을 보장합니다./지속적인 테스트를 통해, 저희는 당신이 얻을 수 있는 최고의 종이임을 확인했습니다! 대부분의 다른 용지는 더 얇고 저렴하게 만들어져 접착력이 더 악화되며 인쇄 결과는 끔찍합니다./모든 BETCKEY 제품은 BPA 프리입니다./BPA(비스페놀 A)는 1960년대부터 사용되어 온 산업용 화학 물질입니다. 특정 열지에는 BPA가 포함될 수 있습니다. 보건 복무부의 국가 독물학 프로그램은 태아, 영아 및 어린이의 뇌, 행동 및 전립선에 대한 BPA가 건강에 미치는 영향에 대해 ""약간의 우려""라고 말합니다. 안내: Dymo 브랜드 라벨은 판매하지 않습니다. ""Dymo? "", ""LabelWriter?"" 기타 모든 Dymo 브랜드 제품 이름 및 SKU 상표는 Dymo International Corporation의 상표입니다. Dymo International Corporation은 BETCKEY에서 제작하거나 판매하는 제품을 후원하거나 보증하지 않습니다.","['라벨', '호환', '최고', '프린터', '접착제', '롤', '용지', '화이트', '탈착', '품질']"
사무용품,라벨 및 스티커,다목적 라벨,,B0BTPCKN34,"BETCKEY - Brother DK-1240용 대형 다목적 라벨 교체용(10.2cm x 5.1cm(4인치 x 2인치)), Brother QL 라벨 프린터와 호환 [6롤/3600 라벨, 그린]",BETCKEY,64097,64097,4.6,12.0,"[ 사양 ]: 102mm x 51mm(4인치 x 2인치) - 6롤 - 3600 라벨(블랙 바탕에 그린) - Brother DK-1240 대형 다목적 라벨 교체품. [ 호환 ]: Brother QL 라벨 프린터 범위와 100% 호환 가능: QL-500 QL-550 QL-570 QL-580N QL-650TD QL-700 QL-710W QL-720NW QL-800 QL-810N QL-820NWB QL-1050 QL-106 0N QL-1100 QL-1110NWB [ 가시성 향상]: 녹색 라벨에 검은색을 사용하면 텍스트나 이미지가 눈에 띄고 더 잘 보일 수 있으므로 빠르게 식별하거나 찾아야 하는 제품, 패키지 또는 품목에 라벨을 붙이는 데 도움이 됩니다. [ 다목적 라벨]: 102mm x 51mm(4 x 2인치) 대형 다목적 라벨은 Brother DK-1240을 대체합니다. 반품 라벨, 바코드 라벨 및 FNSKU 라벨도 적용됩니다. 패키지, 봉투, 우편, 편지, 소포, 임시 및 실내 간판에 널리 사용됩니다. 이름을 지정하세요. [ 상단 접착제]: 극한의 온도(10°C~131.7°C)에서도 여전히 신뢰할 수 있습니다. 특허받은 상단 접착제는 오래 지속되는 강력한 접착력을 제공합니다. 라벨이 벗겨져 배송이 더 이상 손실되지 않습니다. 비즈니스의 추가 마진을 즐기세요. [ 기술 지원 ]: 저희는 브랜드를 지지합니다. BETCKEY 는 아마존 메시지 이메일 전화 통화 및 원격 데스크톱 작동을 통해 평생 무료 고객 지원을 제공합니다. 도움이 필요하면 즉시 저희에게 연락하십시오.",,"['라벨', '다목적', '호환', '대형', '패키지', '롤', '도움', '접착제', '프린터', '그린']"
사무용품,라벨 및 스티커,다목적 라벨,,B06X9SLQ6D,"BETCKEY - DYMO 30336 호환 (2.5cm x 5.4cm(1인치 x 2-1/8인치) 제거 가능) 다용도 및 바코드 라벨 - Rollo, DYMO Labelwriter 450, 4XL 및 Zebra 데스크탑 프린터와 호환[2롤/1000 라벨]",BETCKEY,11066,11066,4.1,20.0,"대체품: Dymo 30336, 크기: 25mm x 54mm(1"" x 2-1/8""), 색상: 화이트, 접착제: 탈착식, 직접 열, BPA 프리, 롤당 라벨: 500 호환 가능한 Dymo 라벨 라이터 프린터: 300, 310, 315, 320, 330, 400, 400 Duo, 400 Twin Turbo, 450 Duo, 450 Turbo, 450 Twin Turbo, 4XL, EL40, EL60, SE300, SE450, CoStar LabelWriter 제품: XL, XL+, BC, BC+, TURBO, SE200, SE250, ACII 200 / ASCII 250 탈착식 접착제와 날카로운 프린트가 있는 품질 등급 A 용지 (흰색 뒷면) 표준화 ISO 9001 및 ISO 140001로 제조된 새롭고 고품질의 호환 화이트 표준 주소 라벨 시장에서 찾을 수 있는 최고의 품질 보장: 저희 용지는 우수한 품질을 자랑하며 합리적인 가격으로 시장에서 최고의 선택입니다. 노란색으로 변하지 않고 번지지 않으며 스캔 문제가 없습니다!","대체품: DYMO 30336, 치수: 25mm x 54mm(1인치 x 2-1/8인치), 색상: 화이트, 접착제: 제거 가능, 롤당 라벨: 500/Dymo 프린터를 위한 최고의 라벨만 사용하세요!/모든 Dymo 프린터 (300, 310, 315, 320, 330, 400, 400 Duo, 400 Twin Turbo, 450, 450 Duo, 450 Turbo, 450 Twin Turbo, 4XL, EL40, EL6와 함께 사용할 수 있습니다. 0, SE30. 0, SE450, CoStar 라벨라이터: XL, XL+, BC, BC+, TURBO, SE200, SE250, ACII 200 / ASCII 250). 100% 호환되며 최고 품질을 보장합니다./지속적인 테스트를 통해, 저희는 당신이 얻을 수 있는 최고의 종이임을 확인했습니다! 대부분의 다른 용지는 더 얇고 저렴하게 만들어져 접착력이 더 악화되며 인쇄 결과는 끔찍합니다./모든 BETCKEY 제품은 BPA 프리입니다./BPA(비스페놀 A)는 1960년대부터 사용되어 온 산업용 화학 물질입니다. 특정 열지에는 BPA가 포함될 수 있습니다. 보건 복무부의 국가 독물학 프로그램은 태아, 영아 및 어린이의 뇌, 행동 및 전립선에 대한 BPA가 건강에 미치는 영향에 대해 ""약간의 우려""라고 말합니다. 안내: Dymo 브랜드 라벨은 판매하지 않습니다. ""Dymo? "", ""LabelWriter?"" 기타 모든 Dymo 브랜드 제품 이름 및 SKU 상표는 Dymo International Corporation의 상표입니다. Dymo International Corporation은 BETCKEY에서 제작하거나 판매하는 제품을 후원하거나 보증하지 않습니다.","['라벨', '최고', '호환', '프린터', '접착제', '화이트', '용지', '라이터', '롤', '보장']"
사무용품,라벨 및 스티커,다목적 라벨,,B0BCK8XPZN,"JADENS L12 라벨 메이커 테이프, 연속 1.5cm x 45.7m(0.59인치 x 1800피트) 열 라미네이트 방수 자체 접착 다용도 라벨링 테이프 교체, 3팩(패턴), D110과 호환되지 않음",JADENS,16606,16606,3.4,6.0,,라벨 메이커 테이프,"['테이프', '라벨', '메이커', '호환', '패턴', '접착', '자체', '열', '연속', '방수']"
사무용품,라벨 및 스티커,다목적 라벨,,B09RDXBM98,"3750피스 열 스티커 라벨 5.1cm(2인치) 열 프린터 스티커 직접 열 라벨 원형 컬러 원형 스티커 다목적 접착 용지 소규모 비즈니스 DIY 이름표 바코드용, 5롤",Epakh,37381,37381,4.3,91.0,"풍부한 수량: 패키지에는 둥근 일반 스티커 5롤, 각 롤당 750개, 총 3750개, DIY 요구 사항을 충족하기에 충분한 수량이 포함되어 있습니다 적절한 인쇄 공간: 직경 약 50mm/2인치의 원형 열 라벨은 단어와 축복을 인쇄할 수 있는 충분한 공간이 있어 봉투, 병, 선물 상자 등과 같은 다양한 크기의 품목에 쉽게 매치할 수 있습니다 고품질 소재: 원형 라벨 스티커는 감열지, 방수, 내유성 및 찢어짐 방지 기능이 있습니다. 뒷면에 잘 접착되어 스티커 라벨이 쉽게 떨어지지 않으므로 가정과 사무실에서 자신 있게 사용할 수 있습니다 인쇄 가능 및 다채로움: 5가지 색상의 블루, 그린, 옐로우, 핑크 및 화이트가 포함되어 있으며, 빈 원형 스티커는 인쇄 또는 필기에 사용할 수 있습니다. 숫자, 글자, 패턴, 주소, 바코드 또는 기타 정보를 인쇄하거나 메시지와 메모를 작성할 수 있습니다. 대부분의 열 프린터에 적합합니다 다양한 용도: 원형 스티커 라벨은 바코드, 주소 라벨, 사이즈 라벨, 정보, 색상 코딩, 재고 관리 라벨, DIY 등에 적합합니다. 창고, 상점, 중소기업, 사무실 및 기타 작업 행사에 실용적인 도우미입니다","특징: 파티 선물 장식: 작은 원형 라벨 스티커는 감사 라벨, 선물 상자 스티커, 선물 가방 스티커 등과 같은 파티 선물을 위한 DIY 독특한 스티커에 부착할 수 있으며, 특별한 테마와 단어를 디자인하여 다른 사람들과 차별화되는 선물을 만들 수 있습니다. 다양한 상황에 적합한 실용적인 액세서리: 감열지 스티커는 상점, 소매점, 부티크, 서점 및 기타 중소기업에 적합할 뿐만 아니라 웨딩 파티, 생일 파티, 졸업식, 행사 및 기타 행사와 같은 일부 파티 및 행사에도 적합합니다. 사양: 소재: 감열지 색상: 블루, 그린, 옐로우, 핑크, 화이트 사이즈: 지름 50 mm/2 인치 수량: 5롤 패키지 구성: 원형 열 스티커 라벨 3750개. 참고: 수동 측정이므로 사이즈에 약간의 오차가 있을 수 있습니다. 화면 디스플레이에 따라 색상이 약간 다를 수 있습니다.","['스티커', '라벨', '원형', '선물', '열', '인쇄', '파티', '행사', '롤', '감열지']"
사무용품,라벨 및 스티커,다목적 라벨,,B0B1MCSLWJ,240피스 이름표 맞춤형 장식 이름표 스티커 자체 접착 이름 라벨 선물 태그 교실 사무실 홈 우편물 8.9 x 7.1cm(3.5 x 2.8인치) (레트로 스타일),Containlol,13282,13282,4.6,204.0,"제품 구성: 12가지 디자인, 각 디자인 20개, 충분한 수량과 학교, 사무실 및 가정에서 일상적인 사용과 요구 사항을 충족시킬 수 있는 다양한 스타일의 농가 스타일 이름표 총 240개를 받게 되니 모두 사용해 보세요! 신뢰할 수 있고 튼튼한 소재: 이 이름표 스티커는 고품질 종이 소재로 만들어졌으며 붙이고 떼어내기 쉽습니다. 유리, 플라스틱, 아크릴, 목재, 종이 등과 같은 매끄럽고 깨끗한 표면에 적합하며 수명이 깁니다. 탈착식 크리스마스 이름표는 흔적을 남기지 않으며 선물을 쉽게 장식하는 동안 선물 포장에 영향을 주지 않습니다 눈길을 사로잡는 우아한 디자인: 이 이름표는 정교한 인쇄 과정을 채택하고 다양한 용도와 교체를 충족하는 다양한 스타일로 디자인되어 매우 우아하고 관대하게 보이며 사람들의 관심을 쉽게 사로잡을 수 있습니다. 클래식 크리스마스 테마 태그는 축제 분위기를 더하는 데 도움이 됩니다. 사랑하는 사람과 친구를 위해 준비된 선물을 장식하기에 충분합니다 다양한 용도: 우아하고 섬세한 외관을 채택한 이 크리스마스 맞춤형 이름 스티커는 크리스마스 선물, 크리스마스 상자, 선물 가방, 크리스마스 카드 봉투, 스낵 백, 생일, 졸업식, 휴일, 배송 라벨, 제품 포장, 비즈니스 봉투, 결혼식 초대장, 감사 카드, 휴일 카드, 옷, 결혼식 선물로 적합하며 개인 및 교실 도서관을 위한 책판으로 간주될 수 있어 제품을 우아하게 보이게 합니다 크리스마스 선물 태그: 각 크리스마스 선물 이름표는 8.9 x 7.9cm(3.5 x 2.75인치)이며 수평 또는 수직으로 사용할 수 있습니다. 자체 접착 라벨을 선물 태그 스티커로 사용하여 선물을 우아하게 보이게 하세요. 크리스마스, 생일, 졸업식, 휴일 및 멋진 행사 선물로 적합합니다. 이 선물 태그로 올해 크리스마스 선물을 눈길을 사로잡으세요","특징: 이름표 라벨은 학교, 사무실, 가정, 물품 보관, 선물 라벨 등에 적합하며 멋진 사용 경험을 제공합니다. 12가지 스타일로 디자인된 이 접착 이름표는 정교하고 생생하며 나무 색상의 조합으로 물건을 더 아름답게 만듭니다. 사양: 소재: 고품질 접착제가 있는 코팅지. 색상: 사진과 같음. 사이즈: 3.5 x 2.75 인치/8.9 x 7 cm 패키지 구성: 맞춤형 이름 스티커 240개. 참고: 수동 측정, 사이즈에 약간의 오차가 있을 수 있습니다. 화면 디스플레이의 차이로 인해 색상이 약간 다를 수 있습니다.","['선물', '이름', '크리스마스', '표', '태그', '스타일', '스티커', '우아하다', '라벨', '디자인']"
사무용품,라벨 및 스티커,다목적 라벨,,B0CFVFFMTP,"Whaline 보헤미안 이름표 48개, 6가지 디자인, 신학기 명판, 자체 접착 스티커, 다목적 장식 이름 라벨, 학교, 교실, 학생, 책상, 벽 교육 용품, 7.6 x 24.9cm(3 x 9.8인치)",Whaline,19376,19376,5.0,1.0,"패키지 구성 - 6가지 디자인의 보헤미안 테마 이름 라벨 스티커 48개, 각 디자인 8개를 받게 되며, 일상적인 사용 및 교체 요구 사항에 충분하며 친구들과 공유할 수도 있습니다. 보헤미안 디자인 - 6가지 색상의 보헤미안 스타일 디자인을 사용하여 정교하고 눈길을 끕니다. 이름표는 충분한 쓰기 공간을 가지고 있을 뿐만 아니라 글자와 숫자로 인쇄되어 학생들이 유용한 교육 도구로 지식을 더 잘 배울 수 있도록 도와줍니다. 프리미엄 소재 - 저희 라벨은 고품질 종이로 만들어져 견고하고 신뢰할 수 있으며 쉽게 변색되거나 깨지지 않으며 아이들이 사용하기에 안전합니다. 고품질 자체 접착 접착제로 선택되어 원하는 대로 벗겨서 붙일 수 있으며 사용하기 쉽고 오랫동안 사용할 수 있습니다. 충분한 필기 공간 - 각 이름표 스티커는 약 7.5 x 25cm/3 x 9.8인치이며 중간에 마커, 펜 또는 연필로 이름을 쓸 수 있는 충분한 필기 공간이 있습니다. 다양한 용도 - 개학 프레젠테이션, 학부모-교사 회의, 학업 회의, 학부모 방문, 환영 파티 등과 같은 많은 경우에 적합합니다. 또한 책상, 사물함, 게시판, 파일 등과 같은 평평한 표면에 부착하여 쉽게 구별하고 분류할 수 있습니다.","특징 및 장점: 이 보헤미안 테마 이름표는 밝은 색상으로 매우 귀엽고 실용적이며 충분한 필기 공간으로 삶을 더 좋고 깔끔하게 만들 수 있습니다. 학교, 교실, 학생 책상 및 기타 행사를 위한 책상 장식으로 적합하며 보관 상자, 메이슨 병, 폴더 및 기타 장소에 부착할 수 있을 뿐만 아니라 책의 개인 책갈피로도 사용할 수 있습니다. 사양: 사이즈: 7.5 x 25cm/3 x 9.8인치 소재: 종이, 접착제 패키지 구성: 보헤미안 이름표 48개","['이름', '보헤미안', '충분하다', '디자인', '표', '책상', '공간', '학생', '필기', '라벨']"
사무용품,라벨 및 스티커,다목적 라벨,,B0B2P9TRKY,"BETCKEY - 76mm x 51mm(3인치 x 2인치) 다목적 및 배송 라벨, Zebra & Rollo 라벨 프린터와 호환, 프리미엄 접착제 및 천공 [20롤, 15000 라벨]",BETCKEY,106631,106631,4.8,41.0,"[ 사양 ]: 76mm x 51mm(3인치 x 2인치) (750 라벨/롤, 20롤) 종이 튜브 지름 25.4mm(1인치). 잉크 토너나 리본이 필요하지 않습니다! 돈과 노력을 절약하세요. [ 우수한 호환성 ]: Zebra, Rollo, Eltron, Intermec, Datamax, Fargo, Sato, NEX 및 인쇄 너비를 7.6cm(3인치)까지 조절할 수 있는 대부분의 열 라벨 프린터에 적합합니다. [유용한 팁]: DYMO 및 Brother 라벨 프린터를 지원하지 않습니다. [ 천공 ]: 저희는 온라인에서 판매되는 표준 라벨을 능가합니다. 라벨은 라벨을 쉽게 분리할 수 있도록 구멍이 뚫려 있습니다. 인쇄된 라벨을 천공과 함께 접어 정리할 수 있습니다. 더 이상 라벨이 지저분하지 않습니다! [ 접착제]: 극한의 온도(10°C~70°C)에서도 여전히 신뢰할 수 있습니다. 특허받은 접착제는 오래 지속되는 강력한 접착력을 제공합니다. 라벨이 벗겨져 배송이 더 이상 손실되지 않습니다. 비즈니스의 추가 마진을 즐기세요. [ 변색 및 얼룩 방지 ]: 선명한 이미지와 읽기 쉬운 바코드를 인쇄합니다. 색이 바래거나 번지지 않도록 하세요. 배송업체가 배송될 때까지 바코드를 쉽게 스캔할 수 있습니다. 우리는 읽을 수 없는 바코드 때문에 '발신자에게 반환'을 싫어합니다. [ 기술 지원 ]: 저희는 브랜드를 지지합니다. BETCKEY 는 아마존 메시지 이메일 전화 통화 및 원격 데스크톱 작동을 통해 평생 무료 고객 지원을 제공합니다. 도움이 필요하면 즉시 저희에게 연락하십시오.",,"['라벨', '롤', '인쇄', '천공', '바코드', '프린터', '접착제']"
사무용품,라벨 및 스티커,다목적 라벨,,B07L382J3D,Buhbo DYMO LabelWriter 호환 LW 다목적 라벨,Buhbo,27686,27686,4.5,37.0,"개별 LW 다목적 라벨 소형 30336 2.5cm x 5.4cm(1인치 x 2 1/8인치)로 비즈니스 또는 가정에 완벽한 크기입니다 DYMO LabelWriter 프린터와 100% 호환(인덱스 구멍이 있는 이미지 참조): 450, 450 Twin Turbo, 4XL, 450 Duo, 400, 330, 330 Turbo, 320, 315, 310, 300 / 550 시리즈 프린터와 호환되지 않음 각 롤에는 연속 롤에 500개의 개별 흰색 열 라벨이 포함되어 있으므로 한 번에 원하는 만큼 라벨을 인쇄할 수 있습니다. 각 라벨에 프리미엄 접착제로 파일 및 바인더 라벨링, 우편물, 우편 요금, 주소 라벨, 바코드 및 기타 여러 특수 용도에 가장 적합합니다. 포함: [4,000개의 라벨] 8개의 개별 롤 (롤 당 500개의 라벨)","Buhbo 품질 보증 호환성: DYMO LabelWriter 450, 450 Twin Turbo, 4XL, 450 Turbo, 450 Duo, 400, 400 Duo, 330, 320, 315, 315, 310, 300 라벨을 인쇄하는 열전사 방식으로 시간과 돈을 절약할 수 있습니다. 잉크와 토너를 구입하고 교체하지 않아도 개별 라벨이 빠르게 인쇄되며 벗겨서 붙이기 쉽습니다. 강력한 자체 접착제가 있는 고품질의 밝은 흰색 라벨은 우편, 배송, 주소, 파일 링 및 바코드 라벨링 요구에 적합합니다. Buhbo 열 라벨은 빛과 열에 노출되는 것을 제한하기 위해 개별적으로 포장됩니다. 확장된 노출은 색이 바래고 텍스트와 바코드를 읽을 수 없습니다. 고품질 접착제는 대부분의 재료 유형의 상자와 봉투에 잘 붙습니다.","['라벨', '롤', '접착제', '인쇄', '바코드', '링', '열', '호환', '주소', '우편']"
사무용품,라벨 및 스티커,다목적 라벨,,B0D3GJYRYX,"Boho 프린트 이름표 라벨 스티커 - 다목적 자체 접착 명판 - 76.2 x 22.9cm(30-3 x 9인치) 세트 - 책상 라벨, 학교, 교실, 사무용품용 사물함 스티커 - A1",,12451,12451,,,"수량: 패키지에는 3가지 색상의 이름표 30개가 포함되어 있습니다. 적절한 사이즈: 모든 이름표는 7.6 x 22.9 cm 크기로 이름을 쓰기에 적합합니다. 품질: 고광택 종이와 고품질 접착제로 제작되어 잔여물을 남기지 않고 쉽게 떼어낼 수 있어 신뢰할 수 있고 재사용이 가능합니다. 용도: 저희 이름표는 의류 장식용이나 책 및 보관 태그로 사용할 수 있습니다. 책상, 학교, 교실, 그룹 활동, 얼음 깨기 게임 등에 적합합니다.","수량: 패키지에는 3가지 색상의 이름표 30개가 포함되어 있습니다. 적절한 사이즈: 모든 이름표는 7.6 x 22.9 cm 크기로 이름을 쓰기에 적합합니다. 품질: 고광택 종이와 고품질 접착제로 제작되어 잔여물을 남기지 않고 쉽게 떼어낼 수 있어 신뢰할 수 있고 재사용이 가능합니다. 용도: 저희 이름표는 의류 장식용이나 책 및 보관 태그로 사용할 수 있습니다. 책상, 학교, 교실, 그룹 활동, 얼음 깨기 게임 등에 적합합니다.","['이름', '표', '학교', '교실', '책상', '게임', '고광택', '그룹', '라벨', '보관']"
사무용품,라벨 및 스티커,다목적 라벨,,B0CMTPZQKR,"NIIMBOT B1 B21 B3S용 라벨, 열 프린터 라벨 5.1cm x 2.5cm(2인치 x 1인치), 병 라벨, 주소 라벨, 파일 폴더 라벨용 라벨 메이커 테이프",NIIMBOT,16606,16606,4.7,229.0,"【열 라벨】260개의 라벨/롤, 리필 niimbot 라벨 50.1 x 25mm(2 x 1인치). 【호환】NIIMBOT B1/B21/B3S 휴대용 열 라벨 메이커와 호환되는 라벨 메이커 테이프. 【더 강한 접착력】열 인쇄 기술로 인쇄, 선명한 인쇄, 잉크나 토너가 필요하지 않습니다. 【고품질】NIIMBOT 라벨은 방수, 내유성, 내마모성 및 강한 접착력을 가지고 있으며 흔적이 남지 않으며 BPA 프리 및 분해성이 있습니다. 【다용도】NIIMBOT 라벨은 사무실/비즈니스/홈 메일, 로고, 파일 라벨, 음식 병, 여행용 병 등에 이상적입니다.",,"['라벨', '열', '메이커', '인쇄', '파일', '접착', '테이프', '강하다', '호환']"
사무용품,라벨 및 스티커,다목적 라벨,,B00007M5L2,"Avery 다용도 탈착식 라벨, 0.8cm x 1.3cm(5/16인치 x 1/2인치), 화이트, 인쇄 불가능, 총 1,100개의 빈 라벨(5412)",AVERY,7825,7825,4.6,2636.0,"라벨 스티커는 단단히 붙일 수 있도록 설계된 탈착식 접착제로 튼튼하게 고정되지만 필요할 때 깨끗하고 쉽게 벗겨집니다 자체 접착 라벨은 종이, 판지, 플라스틱, 목재, 유리 및 금속을 포함한 다양한 매끄러운 표면에 잘 부착됩니다 내용물 또는 목적 변경에 따라 품목에 라벨을 다시 지정하여 즉시 변경, 수정 및 업데이트할 수 있습니다 빠르고 쉽게 개인화할 수 있도록 0.8cm(5/16인치) x 1.3cm(1/2인치) 스티커 라벨에 직접 손으로 쓸 수 있습니다. 라벨 시트는 프린터와 호환되지 않습니다 제품에는 가격 라벨, 미니 빈 라벨, 작은 병 라벨, 열쇠 라벨, 바인더 클립 라벨 등에 이상적인 1,100개의 작은 흰색 라벨이 함께 제공됩니다","작은 프로젝트조차도 큰 정리가 필요합니다. Avery 5412 다목적 탈착식 라벨로 물건을 주문하십시오. 1,100개의 0.8cm x 1.3cm(5/16인치 x 1/2인치) 직사각형 스티커 팩은 모든 작은 라벨링 요구 사항에 적합합니다. 미니 통이나 용기에 라벨을 붙여 내용물을 식별하거나, 작은 가정이나 사무실 물체에 이름을 표시하거나, 신중한 가격표로 사용하세요. 이 다목적 라벨의 작은 크기로 다양한 상황에서 사용할 수 있습니다. 필기구(라벨은 프린터와 호환되지 않음)로 직접 필기하여 빈 라벨 스티커를 빠르고 쉽게 개인화할 수 있으며, 흰색 배경은 필기 메모를 선명하게 만듭니다. 튼튼한 고정력을 유지하면서도 깨끗하게 제거할 수 있는 탈착식 접착제가 뒷받침되어 있어 쉽게 업데이트할 수 있습니다. 이 라벨은 종이, 플라스틱, 금속, 유리 및 나무와 같은 대부분의 매끄러운 표면에 말리거나 떨어지지 않고 단단히 부착됩니다. 다재다능하고 편리함이 큰 이 작은 라벨 스티커로 정리하세요.","['라벨', '작다', '스티커', '탈착', '다목적']"
사무용품,라벨 및 스티커,다목적 라벨,,B00JPOX3KQ,"Dymo 호환 30332 - 1"" x 1"" 다목적 라벨 (롤 당 750 라벨)",OfficeSmartLabels,44250,44250,4.2,45.0,"일반, 빈 라벨(프린트가 포함되어 있지 않습니다) DYMO LabelWriter 프린터용 롤당 750개의 라벨. 매우 강한 접착제 밝은 화이트/BPA 프리",,"['라벨', '롤', '화이트', '호환', '프린트', '프린터', '프리', '접착제', '일반', '다목적']"
사무용품,라벨 및 스티커,다목적 라벨,,B0CMXBLYBJ,"Phomemo 홀로그램 마감 레이저 실버 라벨, 중소기업용 5.1cm(2인치) 원형 라벨 용지 스티커, 로고 디자인, 사진 로고, 가격표, DIY 라벨링, Phomemo M110 M220 M221 라벨 메이커용 라벨",Phomemo,22146,22146,4.8,19.0,"제품 사이즈- 50x50mm(1.96""x1.96""), Phomemo 홀로그램 마감 라벨 용지 1롤/140개. 레이저 실버 바탕에 블랙. 바코드/QR 코드 라벨, 주소/우편 라벨, 제품/식품 성분 라벨, 사진/로고 스티커, 의류 라벨, 축복/감사 태그에 이상적입니다. Phomemo- M110/M221/M220/M200/M120 라벨 메이커와 완벽하게 호환됩니다. 열 기술 - 잉크리스 열 라벨은 변색, 얼룩, 누출 또는 결함 없이 깨끗하고 깔끔하여 인쇄 비용을 1000달러에 절약할 수 있습니다. 게다가 언제 어디서나 라벨을 인쇄하여 비즈니스, 사무실, 가정 정리, 여행 등에 사용할 수 있습니다. 새로운 인쇄 방법을 만들어 여러분의 삶과 일을 재미있게 만들어주기를 기대합니다. 다용도 - 다양한 라벨 크기를 다양한 용도로 사용할 수 있습니다. 이 작은 사이즈로 더 재미있는 라벨을 만들 수 있습니다. 특징 - Phomemo 자체 접착 다목적 라벨은 방수, 내유성, 내마모성 및 강한 접착력을 가지고 있습니다. BPA 없음, 친숙한 사용.",,"['라벨', '인쇄', '홀로그램', '재미있다', '스티커', '실버', '메이커', '열', '마감', '용지']"
사무용품,라벨 및 스티커,다목적 라벨,,B004E0ZWCI,AVERY L 다용도 LBL 65TV 100 SHT WHT,AVERY,56743,56743,4.4,15.0,"38.1 x 21.2 mm, 영구적, 시트 당 65개의 라벨, 팩당 6500개의 라벨 다기능 장치 및 복사기를 포함한 모든 레이저 및 잉크젯 프린터에 사용하도록 설계되었습니다 신뢰할 수 있는 결과 - 날카로운 인쇄 및 라벨 접착 직장이나 가정에서 다양한 용도로 사용할 수 있는 포괄적인 라벨 선택 Avery 프리와 사용하기 쉬운 템플릿 소프트웨어로 시간을 절약하세요. Avery 디자인 및 프린트","These white permanent adhesive multipurpose labels in the format 38.1 x 21.2 mm with 65 labels on a sheet are suitable for numbering of items, labelling files or for return address labels. They are compatible with popular laser, inkjet and multifunctional printers including copiers so all you need is one type of label that gives professional results with sharp printing and label adhesion every time./Work in an office with different types of printers and copiers? You can now buy one type of label to suite all if you choose these multi-function labels. They work with all-in-one printers whether they are Laser, Colour Laser, Inkjet or photocopiers. So it’s just one solution for a number of labelling needs and you’re always guaranteed to have the right label for the job in-hand. It takes no time to design and print your labels using the free Avery templates and software at www.avery.eu","['라벨', '프린트', '쉽다', '날카롭다', '능', '다기', '다용', '디자인', '레이저', '복사기']"
사무용품,라벨 및 스티커,다목적 라벨,,B07S8F4XBC,Royal Green 스티커 영구 라벨 도트 다용도 화이트 30mm(1.25인치) - 225팩,Royal Green,9681,9681,4.5,272.0,"편리한 원형 라벨: 각 색깔의 원형 스티커는 1.25"", 30mm 또는 3cm입니다. 다목적 사용을 위한 원형 스티커. 재고 및 라벨링을 위한 도트 스티커는 가정, 사무실 및 학교 프로젝트에서 사용하기에 적합합니다 사이즈 및 수량: 이 패키지에는 225개의 스티커 도트가 제공됩니다. 시트 당 스티커 15개. 총 15장. 세미 글로스 마감. 영구 접착제. 원형 컬러 코딩 스티커 라벨은 고급 품질의 종이로 제작되었습니다. 내구성이 뛰어난 코팅과 반 광택 마감으로 제작되었습니다. 쉬운 적용: 컬러 코딩, 마킹, 인벤토리, 라벨링 박스 및 기타 많은 표면, 가격, 서류, 문서, 통, 서랍, 병, 페이지 등을 정리할 수 있는 멋진 원형 라벨 스티커. 저희 스티커 도트는 쓸 수 있는 표면으로 만들어져 원하는 대로 공간을 정리할 수 있습니다. 창고와 사무실 공간을 깨끗하게 정리할 수 있는 훌륭한 종이 라벨. 미국에서 제작: 저희 라벨은 미국에서 제작됩니다. 저희 라벨은 경쟁력 있는 가격으로 다양한 색상, 크기 및 모양으로 제공됩니다. 당일 배송이 가능합니다. 부착하기 쉬운 스티커. 벗겨서 붙이기만 하면 손가락이 편안한 매트 표면을 즐길 수 있습니다. 쓸 수 있는 표면 ROYAL GREEN에 관하여: 저희는 스티커를 구매하는 고객들에게 성장할 만한 가치가 있습니다. Royal Green은 Ability First Organization 또는 LTC의 비즈니스 서비스 프로그램에 의해 포장됩니다. 모든 구매는 차이를 만드는 데 도움이 됩니다.",,"['스티커', '라벨', '원형', '제작', '표면', '도트', '정리', '컬러', '미국', '쉽다']"
사무용품,라벨 및 스티커,다목적 라벨,,B00QSESJ7I,"Dymo 호환 30333 LabelWriter 자가 접착 화이트 엑스트라 스몰 2-Up 다용도 라벨, 1/2"" x 1"" (롤당 1000 라벨)",OfficeSmartLabels,28794,28794,4.1,13.0,"일반, 빈 라벨(프린트가 포함되어 있지 않습니다) DYMO LabelWriter 프린터용 롤 당 1000 라벨 매우 강한 접착제 밝은 화이트/BPA 프리",,"['라벨', '화이트', '롤', '호환', '프린트', '프린터', '프리', '접착제', '접착', '자가']"
사무용품,라벨 및 스티커,다목적 라벨,,B0B9XYQLM1,"Phomemo D30 라벨 메이커 연속 라벨 테이프, 민트 그린 바탕에 블랙, 라이트 오렌지, 라벤더 퍼플 롱 스티커 감열지 자체 접착 라벨 테이프, 15 x 6m (19/32 x 2367/32) 롱 테이프, 3롤",Phomemo,19376,19376,4.5,181.0,"색상: 민트 그린 바탕에 블랙, 라이트 오렌지, 라벤더 퍼플 연속 스티커 감열지 자체 접착 라벨 테이프, 15 x 6m (19/32 x 2367/32) 롱 테이프, 3롤 라벨링, 메모, DIY 스크랩북, 목록, 영수증 등을 위한 Phomemo D30 휴대용 라벨 메이커와 호환됩니다. 훌륭한 인쇄: 백지 롤, 보푸라기가 없는 종이는 용지 걸림을 줄여줍니다. 당사의 종이 롤은 100% BPA 프리 제품으로 고품질의 선명하고 어두운 이미징과 부드러운 인쇄 효과를 제공합니다. 다목적: 방수, 내유성, 마찰방지. 평생 지속됩니다. 다목적 스무스 다이렉트 감열지 라벨, 어떤 경우에도 자신만의 스티커를 만들 수 있습니다 탁월한 인쇄 선명도를 제공하여 번거롭지 않은 인쇄가 가능합니다. 인쇄 시 라벨 테이프에 맞는 사이즈를 선택하십시오: 12x40cm",,"['라벨', '테이프', '인쇄', '롤', '감열지', '스티커', '자체', '연속', '다목적', '오렌지']"
사무용품,라벨 및 스티커,다목적 라벨,,B08C9K8YS4,"Phomemo Phomemo M110/M110S/M120/M200/M220 라벨 프린터용 다목적 사각 자체 접착 라벨, 3.0 x 2.0cm(1.2 x 0.8인치), 라벨 320개/1롤, 화이트 바탕에 블랙, 비즈니스, 주방, 사무실, 공부용",Memoqueen,13836,13836,4.3,25.0,"【인쇄 용지】Phomemo 정사각형 라벨 30mm x 20mm, 1롤, 320 라벨/롤, 흰색 바탕에 블랙. 【호환 제품】Phomemo M110/M110S/M120/M200/M220 라벨 메이커 기계용. 잉크나 토너 없이 선명하고 매끄러운 인쇄를 위한 열 인쇄 기술. 【내구성 및 투명】 Phomemo는 방수 및 기름 방지 뿐만 아니라 긁힘 방지 기능이 있으며 쉽게 떨어지지 않고 뒤틀리지 않으며 흔적을 남기지 않고 쉽게 벗겨낼 수 있으며 품목 표면을 손상시키지 않습니다. 【BPA 프리】프린터 라벨은 녹색 소재로 만들어졌으며 BPA 프리로 환경 친화적이고 안전합니다. 성인과 어린이가 안전하게 사용할 수 있습니다. 【다양한 용도】Phomemo 라벨은 캔디 백, 선물 상자, 병, 봉투, 책, 사진 앨범, 스크랩북 등에 적합합니다. 가정뿐만 아니라 사무실, 학교, 슈퍼마켓, 소매점, 보석 상점, 도서관, 약국 등에서도 널리 사용할 수 있습니다.",,"['라벨', '인쇄', '프린터', '바탕', '롤', '방지', '프리', '안전하다', '블랙', '사무실']"
사무용품,라벨 및 스티커,다목적 라벨,,B0B1GX18LV,"240피스 이름표 자체 접착 태그 스티커 이름 라벨 이름 태그 다목적 이름 스티커 라벨 이름 배지 테마 파티 학교 사무실 가정용, 7.6 x 7.6cm(3 x 3인치) (프레시 스타일)",Pajean,16606,16606,4.8,223.0,"제품 구성: 총 240개의 골드 네임 라벨을 6가지 디자인, 각 디자인 40개, 충분한 수량과 다양한 색상으로 구성되어 학교, 사무실 및 가정에서 다양한 요구 사항을 충족시킬 수 있습니다 쉬운 사용: 이 골드 라벨 스티커는 부착과 벗겨내기 쉬우며, 유리, 플라스틱, 아크릴, 목재, 종이 등과 같은 대부분의 매끄럽고 깨끗한 표면에 적합합니다. 또한, 장식 기능을 위해 옷에 부착할 수 있으며 개인 책에서 책갈피로 사용할 수 있습니다 장기간 사용: 접착 품질의 코팅 종이로 제작된 이 장식용 이름표는 사용하기 편리하고, 쓰기 및 인쇄가 가능하며 쉽게 떨어지거나 바래지 않으며 오랫동안 사용할 수 있습니다 눈길을 사로잡는 넉넉한 디자인: 이 이름표 접착 라벨은 정교한 핫 스탬핑 공정을 채택하고 블랙과 골드로 디자인되어 매우 우아하고 넉넉해 보이며 사람들의 관심을 쉽게 끌 수 있습니다 다양한 용도: 우아하고 섬세한 외관의 접착 이름표는 생일 파티, 결혼식, 졸업식, 크리스마스 등에 적합하며 선물을 더 고급스럽게 만듭니다","특징: 글을 쓸 수 있는 충분한 공간: 선물 이름표 스티커의 크기는 약 8.5 x 6.5 cm/3 x 3 인치, 이름을 쓰고 단어를 축복할 수 있는 많은 공간을 제공합니다. 다용도 용도: 이 인쇄 가능한 이름표 스티커는 선물 상자와 장식용 선물 가방 표면에 붙이거나 봉투에 밀봉 스티커로 붙이거나 품목을 분류하기 위해 일일 라벨로 부착하는 등 다양한 용도로 사용할 수 있습니다. 사양: 소재: 접착 코팅지. 주요 색상: 블랙과 골드. 사이즈: 8.5 x 6.5 cm/3 x 3 인치 패키지 구성: 골드 이름표 240개. 참고: 수동 측정, 사이즈에 약간의 오차가 있을 수 있습니다. 화면 디스플레이의 차이로 인해 색상이 약간 다를 수 있습니다.","['이름', '표', '스티커', '접착', '라벨', '골드', '디자인', '선물', '부착', '장식']"
사무용품,라벨 및 스티커,다목적 라벨,,B0888DMQ3Q,"Essential 10.2 x 5.1cm(4 x 2인치) 직접 열 바코드 라벨, 배송 라벨, 롤 라벨 750개, Zebra 프린터와 호환 (1롤-750 라벨)",Y essential,13836,13836,4.6,188.0,"★라벨 크기: 자체 접착, 4"" x 2"", 1"" 코어, 롤 당 750 라벨, BPA 프리. ★Zebra, Eltron, Intermec, Datamax, Fargo, Sato, NEX와 호환됩니다. (DDYMO를 지원하지 않음) ★부드럽고 깔끔한 롤은 프린터를 유창하게 통과합니다. ★강한 접착제로 끈적거리고 오래 지속됩니다. ★표시, 분류, 봉투, 편지, 태그, 모든 종류의 컨테이너, FBA SKU 바코드 라벨, 배송 라벨용.","필수 - 10.2 x 5.1cm(4 x 2인치) 바코드 운송 및 다목적 라벨, 열 라벨, Zebra 프린터, 고급 접착제 및 천공과 호환, 750개 라벨 1롤/다용도: 다목적 라벨로 완벽하며 라벨에 쉽게 쓸 수 있습니다. 봉투, 우편, 편지, 소포, 임시 및 실내 간판, 포장 및 기타 소매용으로 사용할 수 있습니다./탁월한 설계: 필수 10.2cm x 5.1cm(4인치 x 2인치) 직접 열 라벨, 각 롤은 750개의 라벨, 2.5cm(1인치) 코어입니다. 화이트, 직접 열, BPA 프리, 영구 접착./➤100% 신뢰성 및 호환성: Zebra / Eltron, Intermec, Datamax, Fargo, Sato, NEX 및 기타 다이렉트 써멀 데스크탑 프린터와 호환되는 직접 열 라벨(리본, 토너, 잉크가 필요하지 않음). (DDYMO를 지원하지 않음)/➤고품질 및 높은 요구 사항: 라벨은 끈적거리고 내구성이 뛰어난 강력한 접착제입니다. 고품질 소재로 각 라벨을 어떤 표면에도 단단히 부착할 수 있습니다. 각 라벨 롤은 운송 중 손상을 방지하기 위해 개별적으로 포장됩니다.","['라벨', '롤', '열', '호환', '직접', '프린터', '바코드', '접착제']"
사무용품,라벨 및 스티커,다목적 라벨,,B0D265TP7L,"M220 라벨, M110 열 라벨 메이커 테이프 리필, Phomemo M220 M200 M120 M221 M110 라벨 메이커, SUPVAN T50m Pro 50x30mm 50x30mm 220개/롤 화이트, 2롤",KOL.KIM,13822,13822,4.7,4.0,"440 라벨, 제품 크기: 50x30mm(1.97""x1.18""); 색상: 화이트; 롤당 라벨: 220. 화이트 바탕에 블랙. Phomemo M110/M220 NIIMBOT B3S, SUPVAN T50M 미니 열 라벨 프린터에만 호환됩니다. 다른 모델에는 적합하지 않습니다. 물, 기름 및 긁힘 방지 및 내마모성, BPA 프리 이 크기의 태그로 맞춤형 라벨을 쉽게 만들 수 있습니다 종이 튜브 내부 원형 직경: 1"" (25mm) 및 외부 원 직경: 1.19"" (30mm), Rollo X1040, Polono PL60 BY-482BT, Jadens 007 468BT, Nelko PL70E, MUNBYN 130B RealWriter 941, ASprink 241BT, Z와 호환 RHI Z1 LabelRange BT320 LP320, Phomemo 241BT B246D, Mvgges, VEVOR 및 기타 감열식 프린터",,"['라벨', '화이트', '직경', '메이커', '호환', '프린터', '롤', '열']"
사무용품,라벨 및 스티커,다목적 라벨,,B0CH36K5BX,"Phomemo D30 라벨 메이커 테이프, 고양이 패턴 수직 라벨 테이프, 특수 모양 프리컷 자체 접착 스티커 감열지 라벨 태그, 12 x 40mm (0.47 x 1.57"") 3롤",Phomemo,19570,19570,4.6,293.0,"색상: 블랙 온 캣 패턴 스티커 감열지, 미리 재단된 자체 접착 라벨 테이프, 12 x 40mm (0.47 x 1.57 인치) 3롤 라벨링, 메모, DIY 스크랩북, 목록, 이름표 등을 위한 Phomemo D30 휴대용 라벨 메이커와 호환됩니다. 훌륭한 인쇄: 백지 롤, 보푸라기가 없는 종이는 용지 걸림을 줄여줍니다. 당사의 종이 롤은 100% BPA 프리 제품으로 고품질의 선명하고 어두운 이미징과 부드러운 인쇄 효과를 제공합니다. 다목적: 방수, 내유성, 마찰방지. 평생 지속됩니다. 다목적 스무스 다이렉트 감열지 라벨, 어떤 경우에도 자신만의 스티커를 만들 수 있습니다 탁월한 인쇄 선명도를 제공하여 번거롭지 않은 인쇄가 가능합니다. 인쇄 시 라벨 테이프에 맞는 사이즈를 선택하십시오: 12x40cm",,"['라벨', '인쇄', '롤', '테이프', '감열지', '스티커', '자체', '프리', '다목적', '패턴']"
사무용품,라벨 및 스티커,다목적 라벨,,B0CM64D2LB,"NIIMBOT B1 B21 B3S용 라벨 2롤, 열전사 프린터 라벨 50x50mm(2인치 x 2인치), DIY 로고 디자인용 원형 라벨, 병 라벨, 이름표",NIIMBOT,27686,27686,4.8,53.0,"열 라벨/롤 150개, 리필 niimbot 원형 라벨 2개 50x50mm(2인치 x 2인치). 호환 가능 NIIMBOT B1/B21/B3S 휴대용 열 라벨 메이커와 호환되는 라벨 메이커 테이프. 더 강한 접착력 - 열 인쇄 기술로 인쇄, 투명 인쇄, 잉크나 토너가 필요하지 않습니다. 고품질 NIIMBOT 라벨은 방수, 내유성, 내마모성 및 강한 접착력을 가지고 있으며 흔적이 남지 않으며 BPA 프리 및 분해성이 있습니다. 다용도 NIIMBOT 라벨은 사무실/비즈니스/가정 여행 병, 우편물, 로고, 파일, 음식 병 등에 이상적입니다.",,"['라벨', '인쇄', '접착', '원형', '메이커', '롤', '로고', '열', '강하다', '호환']"
사무용품,라벨 및 스티커,다목적 라벨,,B09S94TFR3,"BETCKEY - 76mm x 51mm(3인치 x 2인치) 다목적 및 배송 라벨, Zebra & Rollo 라벨 프린터와 호환, 프리미엄 접착제 및 천공 [16롤, 12000 라벨]",BETCKEY,92781,92781,4.6,108.0,"[ 사양 ]: 76mm x 51mm(3인치 x 2인치) (750 라벨/롤, 16롤), 종이 튜브 직경: 25.4mm(1인치). 잉크 토너나 리본이 필요하지 않습니다! 돈과 노력을 절약하세요. [ 우수한 호환성 ]: Zebra, Rollo, Eltron, Intermec, Datamax, Fargo, Sato, NEX 및 인쇄 너비를 7.6cm(3인치)까지 조절할 수 있는 대부분의 열 라벨 프린터에 적합합니다. [유용한 팁]: DYMO 및 Brother 라벨 프린터를 지원하지 않습니다. 주의 : 코팅은 직접 열 라벨을 위해 설계되었습니다. 라벨에 접착 테이프가 없습니다. 손글씨는 권장하지 않습니다. 잉크는 쉽게 건조되지 않습니다. [ 천공 ]: 저희는 온라인에서 판매되는 표준 라벨을 능가합니다. 당사의 프리미엄 라벨은 라벨을 쉽게 분리할 수 있도록 구멍이 뚫려 있습니다. 인쇄된 라벨을 천공과 함께 접어 정리할 수 있습니다. 더 이상 라벨이 지저분하지 않습니다! [ 상단 접착제]: 극한의 온도(10°C~70°C)에서도 여전히 신뢰할 수 있습니다. 특허받은 상단 접착제는 오래 지속되는 강력한 접착력을 제공합니다. 라벨이 벗겨져 배송이 더 이상 손실되지 않습니다. 비즈니스의 추가 마진을 즐기세요. [ 변색 및 얼룩 방지 ]: 선명한 이미지와 읽기 쉬운 바코드를 인쇄합니다. 색이 바래거나 번지지 않도록 하세요. 배송업체가 배송될 때까지 바코드를 쉽게 스캔할 수 있습니다. 우리는 읽을 수 없는 바코드 때문에 '발신자에게 반환'을 싫어합니다. [ 기술 지원 ]: 저희는 브랜드를 지지합니다. BETCKEY 는 아마존 메시지 이메일 전화 통화 및 원격 데스크톱 작동을 통해 평생 무료 고객 지원을 제공합니다. 도움이 필요하면 즉시 저희에게 연락하십시오.",,"['라벨', '바코드', '프린터', '인쇄', '접착제', '롤', '천공', '잉크', '접착', '열']"
사무용품,라벨 및 스티커,다목적 라벨,,B0C2JD8FTT,"Zebra ZSB 시리즈 프린터 라벨 - 감자 전분 기반, 재활용 가능한 라벨 카트리지 - 프린터용 다용도 클라우드 기반 접착 라벨 - 5.1x5.1cm(2x2인치)",ZEBRA,34611,34611,4.5,309.0,"신뢰할 수 있는 프린터 라벨: Zebra ZSB의 고품질 라벨 스티커로 불편함 없는 인쇄를 경험하십시오 라벨용 다용도 프린터: 이 라벨 스티커는 패키지 배송, 파일 폴더 라벨링 및 편지 주소 지정에 적합합니다 걸림 없는 라벨 카트리지: 라벨 걸림과 작별 인사를 하고 부드럽고 효율적인 인쇄를 위해 인사하세요 친환경 라벨: 감자 전분으로 제작된 재활용 가능한 라벨 카트리지는 탄소 발자국을 줄여줍니다 클라우드 기반 카트리지 모니터링: 클라우드 기반 카트리지 모니터링 시스템으로 라벨이 부족하지 않습니다",,"['라벨', '카트리지', '기반', '프린터', '클라우드', '인쇄', '전분', '감자', '다용', '모니터링']"
사무용품,라벨 및 스티커,다목적 라벨,,B0C6P1TL9J,"MakeID 라벨 메이커 테이프 - Makeid L1 라벨 기계와 호환되는 12mm 자체 접착 스티커 라벨 테이프 리필 - 방수 6중 레이어 라미네이트 필름, 스플릿 백 디자인, 12mm x 4m(0.47 x 13피트)",Makeid,13836,13836,4.7,23.0,"오래 지속되는 라벨 테이프 - 오랫동안 선명하고 생생한 라벨을 인쇄하십시오. Makeid 라벨 테이프는 습기나 마모를 방지하는 여러 겹의 라미네이트 필름이 특징입니다. 더 많은 라벨 인쇄 - 이 라벨 테이프 리필은 Makeid L1 Q1 라벨 메이커와 호환됩니다. 각 롤의 길이는 3m(13피트)로, 필수품을 라벨링하는 데 사용할 수 있는 충분한 종이를 제공합니다. 어디에나 붙일 수 있습니다 - 라벨이 벗겨질 걱정 없이 평평한 표면에 라벨을 부착하세요. 이 라벨 테이프 리필은 목재, 유리, 금속, PVC 또는 봉투에 잘 부착됩니다. 다목적 라벨 프린트 - 스티커 리필을 사용하여 집이나 사무실을 정리하세요. 이 라벨 메이커 용지를 보관함, 향신료 병, 식료품 저장실 품목, 화장품 또는 사무용품에 사용하십시오. 컬러 및 투명 라벨 사용 가능 - 이 라벨 용지는 흰색 라벨과 컬러 라벨 테이프 옵션에서 다양한 색상으로 제공됩니다. 화이트 갭 및 업그레이드된 화이트 변형도 있습니다!",,"['라벨', '테이프', '리필', '메이커']"
사무용품,라벨 및 스티커,다목적 라벨,,B0CSCXVCVG,"2롤 다목적 다채로운 사각형 방수 라벨 스티커, B1/B21/B3S 라벨 프린터용, 할 일 목록 플래너 스티커 메모, 식료품 목록, 알림, 업무에 적합, 학업 플래너 50x50mm",LMASBLTER,27686,27686,,,"【라벨 사이즈】2""*2""(50*50mm) 롤당 라벨: 150. 열 라벨 용지 - 잉크나 토너 없음. 제거 시 끈적이는 잔여물이 없습니다. 쉽게 벗겨낼 수 있는 스플릿 백킹으로 간단하게 부착할 원클릭 인쇄로 시간과 노력을 절약할 수 있습니다. 스마트 앱은 다양한 글꼴, 필터 효과 및 테마를 제공합니다. 【 호환성】이 라벨은 B1/B21/B3S 라벨 메이커 새 버전(별도 판매)에 적합하며 NIIMBOT B1/B21/B3S 라벨 메이커 프린터와 호환됩니다. 프린터는 블루투스를 통해 휴대폰(IOS, 안드로이드 스마트폰) 또는 USB를 통해 컴퓨터(윈도우 7/10 시스템만 지원)와 함께 사용할 수 있습니다. 앱을 다운로드하기만 하면 됩니다. 【강력한 앱】- 앱은 앱 스토어 또는 구글 플레이에서 다운로드되며 바코드, QR 코드, 사진, 스캔 코드, 여러 줄 텍스트, 엑셀 가져오기, 스마트 OCR 스캐너, 거대한 생생한 아이콘을 지원하여 자신만의 맞춤형 라벨을 쉽게 만들고 레코드를 미리 보고 저장하여 효율성을 향상시킵니다. 대용량 연속 인쇄가 가능하여 50-230개 이상의 연속 반복 인쇄를 완료할 수 있습니다. 【다양한 사용】방수, 찢어짐 방지, 내유성, 유연성, 자체 접착 및 BPA 프리 제품입니다. B21/B3S 파일 폴더 주소 다목적 방수 라벨 스티커, 어린이집, 어린이, 아기 젖병, 옷, 캠프 통, 식품 용기, 보관함, 서랍 봉투, 메이슨 병, 향신료 주방 식료품 저장실 정리 사무실 라벨링 테이프, 요양원, 결혼식 초대장, 생일 파티, 캔디 박스, 비즈니스 로고, 학교 용품 라벨 스티커. 【신뢰할 수 있는 고객 서비스】수령 시 구매에 대한 불만이나 의심이 있으시면 주저 없이 문의하십시오. 기술 지원을 제공하고 모든 질문에 적시에 답변해 드리겠습니다. 인쇄할 때 인쇄된 내용물이 빨간색 인쇄 상자 안에 있는지 확인하십시오. 그렇지 않으면 전체 내용물이 인쇄되지 않습니다.",,"['라벨', '인쇄', '앱', '스티커', '방수', '프린터', '식료품', '스마트', '다목적', '목록']"
사무용품,라벨 및 스티커,다목적 라벨,,B0CY259H54,"24피스 케이블 라벨, 멀티 컬러 코드 라벨 쓰기 라벨 재사용 가능한 고정 케이블 코드 타이 다목적 케이블 관리 스트랩 전자 제품 및 코드 오거나이저용",Meilala,9681,9681,4.0,3.0,케이블 라벨,,"['케이블', '라벨', '피스', '타이', '컬러', '재사용', '스트랩', '다목적', '멀티', '관리']"
사무용품,라벨 및 스티커,다목적 라벨,,B00QSESK9A,"OfficeSmartLabels - 1.27cm x 2.54cm 자체 접착 화이트 엑스트라 스몰 2업 다용도 라벨, 30333 호환 (10롤, 롤 당 1000 라벨)",OfficeSmartLabels,63834,63834,4.1,28.0,"플레인 블랭크 라벨 (프린트가 포함되어 있지 않습니다) LabelWriter 프린터용 롤 10개, 롤 당 라벨 1000개 초강력 접착제 밝은 흰색 / BPA 프리",,"['라벨', '롤', '흰색', '자체', '다용', '블랭크', '스몰', '엑스트라', '접착', '화이트']"
사무용품,라벨 및 스티커,다목적 라벨,,B0C9F6R345,Availey 32피스 (7.6 x 12.7cm(3 x 5인치)) - 컬러 테두리 자석 드라이 지우개 라벨 - 교실 홈 오피스 차고 냉장고용 재사용 가능한 스트립 빈 쓰기 가능한 지울 수 있는 카드 이름표 학생 사물함 선반,Availey.,33226,33226,4.6,1154.0,"벌크 팩: 마그네틱 라벨이나 즉시 쓸 수 있는 게시판을 만드는 완벽한 솔루션인 당사의 드라이 지우개 라벨 세트는 32개의 다목적 조각으로 제공되며 집, 사무실 또는 상점 주변의 다양한 품목을 식별하고 라벨링 및 분류하는 데 적합합니다 안전한 접착: 각 스티커는 냉장고, 타일, 화이트보드 또는 선반과 같이 약간 둥글거나 평평한 금속 및 자석 표면에 즉각적이고 안정적으로 접착할 수 있는 강력한 자석 뒷면이 특징입니다. 표면에 잔여물을 남기지 않고 쉽게 부착하고 분리할 수 있습니다. 약간 둥근 표면에도 고정됩니다 고품질 소재: 마그네틱 드라이 지우개 라벨은 화이트 글씨가 있는 앞면에 컬러 엣지가 있으며, 라미네이트 아트지로 만들어졌으며 드라이 지울 수 있는 0.1cm(0.05인치) 두께의 스트론튬 자석이 있어 다양한 표면에 강력하게 접착됩니다. 각 라벨의 크기는 12.7 x 7.6cm(5 x 3인치)입니다 쓰기 가능한 라벨: 편리하게 쓰고 지울 수 있도록 코팅된 표면으로 디자인된 이 빈 재사용 가능한 태그는 정리하고 스타일을 표현할 수 있도록 도와줍니다. 펠트 펜이나 보드 마커로 스트립에 쓰고 쉽게 눈에 띄는 곳에 붙이기만 하면 됩니다. 유연하고 휴대가 간편하며 쉽게 씻어낼 수 있습니다 다양한 용도: 이 실용적이고 크기에 맞게 재단된 접착 라벨은 보드 또는 자석 화이트보드에 표지판을 계획하는 데 적합하며 냉장고에 알리는 알림으로, 선반, 옷장, 서랍, 학생 사물함, 교사 학용품, 일정 수립, 정리 및 교실 관리 또는 명판, 공예 차트로 사용할 수 있습니다. 가능성은 무한합니다!",,"['라벨', '자석', '표면', '접착', '드라이', '가능하다', '선반', '지우개', '학생', '그네']"
사무용품,라벨 및 스티커,다목적 라벨,,B00QSESI0G,"OfficeSmartLabels - 1.27cm x 2.54cm 자체 접착 화이트 엑스트라 스몰 2업 다용도 라벨, 30333 호환 (2롤, 롤 당 1000 라벨)",OfficeSmartLabels,17520,17520,3.9,33.0,"플레인 블랭크 라벨 (프린트가 포함되어 있지 않습니다) LabelWriter 프린터용 롤 2개, 롤 당 라벨 1000개 초강력 접착제 밝은 흰색 / BPA 프리",,"['라벨', '롤', '흰색', '자체', '다용', '블랭크', '스몰', '엑스트라', '접착', '화이트']"
사무용품,라벨 및 스티커,다목적 라벨,,B00RYCX6W6,"Barker Creek 이름 배지 및 자체 접착 라벨, 골드, 멀티 디자인, 다목적 이름표, 선물 태그 등! 8.9cm x 7cm(3.5인치 x 2.75인치), 패키지당 45개, 가정, 학교 및 사무용품 (1532)",BARKER CREEK,13836,13836,4.6,897.0,"골드 네임 태그: Barker Creek의 이름표/자체 접착 라벨은 다재다능하고 아름답습니다. 이름표로 사용하거나 모든 것에 라벨을 붙일 수 있습니다! 각 패키지에는 45개의 자체 접착 이름표가 포함되어 있으므로 모두 사용해 보세요! 골드 자체 접착 라벨: 이 정교한 자체 접착 라벨은 개인 및 교실 도서관의 책판으로 사용할 수 있습니다. 큐비와 용품에 라벨을 붙입니다. 주소 라벨로 사용하세요. 상자에 부착하고 내용물을 적어 두십시오. 선물 태그: 이 골드 자체 접착 라벨을 선물 태그 스티커로 사용하여 선물을 더욱 우아하게 보이게 하세요! 생일, 졸업식, 휴일 및 특별한 날 선물로 완벽합니다! 골드 엠보싱 태그: 이 이름표는 금박으로 양각되어 있습니다! 태그는 Barker Creek의 골드 컬렉션과 조화를 이루므로 전체 세트를 구입하십시오. 사이즈 및 기타 세부 정보: 이 태그는 광택 마감 처리되어 최상의 결과를 얻으려면 글을 쓸 때 영구 마커를 사용하십시오. 각 골드 이름표는 8.9cm x 7cm(3.5인치 x 2.75인치)이며 가로 또는 세로로 사용할 수 있습니다. 모든 패키지에는 45개의 태그가 포함되어 있습니다 - 세 가지 디자인 각각 15개.","Barker Creek 의 골드 이름표/자체 접착 라벨은 다재다능하고 아름답습니다. 이름표로 사용하거나 모든 것에 라벨을 붙일 수 있습니다! 각 패키지에는 45개의 자체 접착 태그가 포함되어 있으므로 모두 사용해 보세요! 이 정교한 자체 접착 라벨은 개인, 비즈니스 및 교실 도서관의 북플레이트로 사용할 수 있습니다. 큐비와 용품에 라벨을 붙입니다. 주소 라벨로 사용하세요. 상자에 부착하고 내용물을 적어 두십시오. 파일 폴더 전면에 놓고 자세한 메모를 추가하세요. 이 골드 자체 접착 라벨을 선물 태그 스티커로 사용하여 선물을 더욱 우아하게 보이게 하세요. 생일, 졸업식, 휴일 및 특별한 날 선물로 완벽한 터치입니다! 이 태그는 금박으로 엠보싱 처리되어 있습니다. 이 태그는 광택 마감 처리되어 있으므로 최상의 결과를 얻으려면 태그에 쓸 때 영구 마커를 사용하십시오. 각 골드 이름표는 8.9cm x 7cm(3.5인치 x 2.75인치)이며 수평 또는 수직으로 사용할 수 있습니다. 모든 패키지에는 45개의 선물 태그가 포함되어 있습니다. 각각 15개의 아름다운 디자인으로 구성되어 있습니다. Barker Creek의 코디네이팅 골드 제품을 구매하실 수 있습니다. 검색: Barker Creek Gold","['태그', '라벨', '골드', '자체', '이름', '접착', '표', '선물', '패키지']"
사무용품,라벨 및 스티커,다목적 라벨,,B0BZR4GST1,"Phomemo Phomemo M200/M110S/M220/M221 라벨 메이커용 3롤 화이트 3.8cm X 30mm(1 1/2인치 X 1 1/8인치) 다목적 자체 접착 라벨, 230개의 라벨/롤, 투명 바탕에 블랙",Phomemo,15511,15511,4.7,41.0,"제품 구성: 40mm x 30mm(3 1/2인치 X 1 1/8인치), 각 롤당 230개의 라벨. 화이트 바탕에 블랙. 방수, 내마모성 및 BPA 프리 제품입니다. 다용도 - 다양한 라벨 크기로 다양한 용도로 사용할 수 있습니다. 이 사이즈 라벨을 사용하여 우편 주소 라벨, 가격표, 배송 주소 라벨 등을 만들 수 있습니다. √열 인쇄: Phomemo M200 라벨 메이커는 블루투스 무선 연결이며 잉크나 토너가 필요하지 않은 열 인쇄 기술을 사용합니다. 안드로이드 4.0 및 IOS 8.0 이상용 시스템. √ 간편한 사용 - 원클릭 인쇄로 시간과 노력을 절약할 수 있습니다. 스마트 앱은 다양한 글꼴, 필터 효과 및 테마를 제공합니다. 앱 사용: 애플 스토어 및 구글 플레이에서 프린트 마스터 앱 설치 >M200 프린터를 켜고 블루투스 연결을 엽니다. 앱에서 프린터 모델 M200 선택->인쇄를 즐기십시오. √ 평생 기술 지원 - 모든 문제를 해결할 수 있도록 기꺼이 도와드립니다. 문의 방법: 1->아마존 계정 로그인 2->내 계정 클릭 3->주문을 찾아 '판매자에게 연락하기'를 클릭하십시오.",,"['라벨', '인쇄', '앱', '롤', '메이커', '바탕', '주소', '클릭', '열', '연결']"
사무용품,라벨 및 스티커,다목적 라벨,,B078HTQD95,"OfficeSmartLabels (2-1/4"" x 1-1/4"") 다용도 산업용 플라스틱 라벨, 1933084와 호환 (1 롤 - 롤 당 800 라벨)",OfficeSmartLabels,29306,29306,3.8,13.0,라벨 사이즈: 2.25 x 1.25 인치 롤 당 800 라벨 색상: 화이트 / 소재: 플라스틱 폴리 / 광택 프리미엄 품질 블랭크 영구 접착 라벨,,"['라벨', '롤', '플라스틱', '화이트', '호환', '프리미엄', '폴리', '접착', '영구', '산업']"
사무용품,라벨 및 스티커,다목적 라벨,,B00BX9OY9U,"Brother 도매 케이스 15개 - Brother DK1204 다용도 라벨-다용도 라벨, 스몰, 5.4x0.6cm(2-1/8x2/3인치), 라벨 400개/RL, WE",Brother,16412,16412,2.8,7.0,원산지: 중국 모델 번호: DK1204 제품 패키지 크기: 길이 4.3cm x 너비 11.4cm x 높이 12.7cm 제품 포장 무게: 0.1 kg,"Labelmaker 다이컷 다용도 라벨, 6.4 x 6.9cm(2-1/8 x 2/3인치), 화이트 페이퍼","['라벨', '다용', '화이트', '포장', '페이퍼', '패키지', '케이스', '중국', '스몰', '도매']"
사무용품,라벨 및 스티커,다목적 라벨,,B00FJEAJG2,"Barker Creek 이름 배지 및 자체 접착 라벨, 항해 쉐브론, 멀티 디자인, 다목적 이름표, 선물 태그 등! 8.9cm x 7cm(3.5인치 x 2.75인치), 패키지 당 45개, 가정, 학교 및 사무용품 (1524)",BARKER CREEK,15221,16218,4.8,50.0,"쉐브론 이름표: Barker Creek의 아름다운 쉐브론 이름표/자체 접착 라벨은 매우 다재다능합니다! 이름표로 사용하거나 모든 것에 라벨을 붙일 수 있습니다! 각 패키지에는 45개의 자체 접착 이름표가 포함되어 있습니다 - 3가지 아름다운 디자인 각각 15개씩! 쉐브론 자체 접착 라벨: 이 아름다운 자체 접착 라벨은 개인 및 교실 도서관의 책판으로 사용할 수 있습니다. 칸막이 및 용품에 라벨을 붙이세요. 주소 라벨로 사용하세요. 상자에 붙이고 내용물을 적어주세요. 선물 태그: 이 아름다운 쉐브론 자체 접착 라벨을 다목적 태그 스티커로 사용하여 선물을 개성있게 만드세요! 생일, 졸업 축하, 휴일 및 특별한 행사 선물로 완벽합니다! 아름다운 태그: 이 세련된 이름표는 지루하고 올드 스쿨 이름 배지의 현대적인 대안을 제공합니다. 색상과 쉐브론 디자인은 트렌디하며 다양한 연령대에 매력적입니다. 이 이름표는 모든 행사나 큰 모임에 적합합니다! 사이즈 및 기타 세부 정보: 각 태그는 8.9cm x 7cm 크기이며 수평 또는 수직으로 사용할 수 있습니다. 각 패키지에는 45개의 라벨이 있습니다 - 3가지 아름다운 디자인 각각 15개. 어울리는 제품을 사용할 수 있습니다. 검색: Barker Creek Chevron.","Barker Creek의 아름다운 쉐브론 이름표/자체 접착 라벨은 매우 다재다능합니다! 이름표로 사용하거나 모든 것에 라벨을 붙일 수 있습니다! 각 패키지에는 45개의 자체 접착 이름표가 포함되어 있습니다 - 3가지 아름다운 디자인 각각 15개! 이 아름다운 자체 접착 라벨은 개인 및 교실 도서관을 위한 책판으로 사용할 수 있습니다. 칸막이 및 소모품에 라벨을 붙이세요. 주소 라벨로 사용하세요. 상자에 부착하고 내용물을 적어 보세요. 이 아름다운 쉐브론 자체 접착 라벨을 다목적 태그 스티커로 사용하여 선물을 개성있게 꾸며보세요! 생일, 졸업 축하, 휴일 및 특별한 날 선물로 완벽합니다! 이 세련된 이름표는 지루하고 올드 스쿨 이름 배지의 현대적인 대안을 제공합니다. 색상과 쉐브론 디자인은 트렌디하며 다양한 연령대에 매력적입니다. 이 이름표는 모든 행사나 큰 모임에 적합합니다! 각 쉐브론 이름표는 8.9cm x 7cm(3.5인치 x 2.75인치)이며 수평 또는 수직으로 사용할 수 있습니다. 각 패키지에는 45개의 자체 접착 라벨이 있습니다 - 3개의 아름다운 디자인 각각 15개. 어울리는 제품을 사용할 수 있습니다. 검색: Barker Creek Chevron.","['이름', '라벨', '표', '자체', '접착', '아름답다', '쉐브론', '디자인', '선물', '태그']"
사무용품,라벨 및 스티커,다목적 라벨,,B0BG744149,"NIIMBOT B1/B21/B3S 라벨 프린터용 라벨, 열 라벨, 50x50mm(2인치 x 2인치), 방수, 내유성 스티커 라벨, 150개 스티커 라벨 1롤(상서식)",NIIMBOT,16606,16606,4.7,91.0,"【150개의 라벨/롤】롤 용지 교체 열 라벨 50mm x 50mm(2인치 x 2인치) 1개. 【고품질】더 나은 품질, 방수, 내유성, 찢어짐 방지 및 흔적이 남지 않는 벗겨서 붙이는 열 라벨, BPA 프리 및 분해성이 있습니다. 【라벨 메이커 테이프】B21/B3S 라벨 메이커용 교체 스티커 라벨은 비즈니스, 사무실, 슈쿨, 가정 등에 적합합니다. 【더 강한 접착력】직접 열전사 인쇄 기술로 인쇄, 선명한 인쇄, 잉크나 토너가 필요하지 않습니다. 【호환성】B21/B3S 휴대용 라벨 메이커용 NIIMBOT 프린터 라벨. 적합한 모델의 라벨 용지와 라벨 기계를 선택하여 최상의 인쇄 결과를 얻으십시오.",,"['라벨', '인쇄', '스티커', '열', '메이커', '방수', '프린터', '용지', '유성']"
사무용품,라벨 및 스티커,다목적 라벨,,B00CBAPIZE,"Houselabels HL-30332 2.5 x 2.5 cm 다이모 호환 다목적 라벨, 롤 1개, 롤 당 750개, 화이트",HouseLabels,17146,17146,4.3,8.0,"이 정품 HouseLabel의 제품을 자신 있게 구매하세요. 100% 만족을 보장합니다. 이 제품은 HouseLabel의 로고가 각 라벨의 릴리즈 라이너 뒤에 있고 각 롤을 HouseLabel의 로고가 있는 개별 미니 상자에 포장되어 햇빛과 흠집으로부터 보호합니다. 각 흰색 라벨은 비어 있으며 인쇄할 준비가 되어 있습니다 2.5cm x 2.5cm(1인치 x 1인치), 직사각형, 흰색, 직접 열, BPA 프리, 영구 접착제, 롤 당 750개 라벨 이 라벨은 소매 가격표, 폴더 및/또는 책 라벨링 및 실험실 샘플과 같은 다양한 사무실 및 가정 라벨링 응용 분야에 사용할 수 있습니다. DYMO 프린터: 300, 310, 315, 320, 330, 400, 400 Duo, 400 Twin Turbo, 450, 450 Duo, 450 Turbo, 450 Twin Turbo, 4XL, EL40, EL60, SE300, SE450. CoStar 라벨 작: XL, XL+, BC, BC+, TURBO, SE200, SE250, ACII 200 / ASCII 250 DYMO 라벨 라이터에 사용할 수 있도록 HouseLabels에서 판매하는 모든 라벨은 DYMO 사양에 맞는지 확인하기 위해 테스트를 거쳤습니다. 라벨은 전문적인 결과를 위해 부드럽고 밝은 흰색입니다. 라벨은 얼룩 방지 및 방수 및 기름 방지 기능이 있습니다. 모든 온도의 강력한 영구 접착제는 모든 범용 라벨링 작업에 적합합니다. 각 롤은 보호용 블랙 폴리백에 개별적으로 포장되어 흙, 햇빛 및 흠집으로부터 보호하기 위해 미니 상자에 넣습니다","저희는 다음과 같은 우수한 원료로 시작합니다: (a) 고품질 직접 감열지 (80G/M2), (b) 영구 아크릴 접착제, (c) 화이트 글래신 이형지 (60G/M2), (d) 탁월한 백색도, (e) 물, 기름 및 마찰 방지 용지. 라벨은 최신 기술을 사용하여 생산되며 수많은 품질 관리 검사를 거칩니다. 당사의 인증에는 ISO 9000/9001/9004/19011:2000 등이 포함됩니다. HouseLabel은 OEM 제조업체 사양을 충족하거나 초과합니다. 저희 라벨은 Dymo 프린트 헤드를 손상시키지 않습니다. 저희는 엄격한 기준을 준수하는 최첨단 접착제 기술을 사용합니다. 저희 라벨은 깨끗한 환경에서 생산되며 먼저 보호용 폴리백에 넣은 다음 개별 미니 상자에 포장하여 먼지, 햇빛, 흠집으로부터 보호합니다. 모든 HouseLabels 제품은 BPA 프리입니다. BPA (비스페놀 A)는 1960년대부터 사용되어 온 산업 화학 물질입니다. 특정 감열지에는 BPA가 포함될 수 있습니다. 보건 복지부의 National Toxicology Program은 BPA가 태아, 영아, 어린이의 뇌, 행동 및 전립선에 미치는 건강에 미치는 영향에 대해 ""몇 가지 우려""라고 말합니다. 안내: HouseLabels는 DYMO 브랜드 라벨을 판매하지 않습니다. ""DYMO"", ""Label Writer"" 및 기타 모든 DYMO 브랜드 제품 이름 및 SKU 상표는 DYMO Corporation의 상표입니다. DYMO Corporation은 HouseLabels에서 제작하거나 판매하는 제품을 후원하거나 보증하지 않습니다.","['라벨', '보호', '롤', '접착제', '흰색', '판매', '방지', '링', '미니', '흠집']"
사무용품,라벨 및 스티커,다목적 라벨,,B0B754B7KG,"Phomemo D30 라벨 메이커 테이프 블랙 온 머메이드 믹스 컬러 스티커 감열 용지 자체 접착 라벨 테이프, 12 x 40mm (3/8인치 x 11/2인치) 160 테이프/롤, 3롤 D30 써멀 Label",Phomemo,17991,17991,4.6,1643.0,"색상: 머메이드 믹스 컬러에 블랙. 사이즈: 12mm x 40mm 수량: 3롤, 자가 접착 스티커 열전사 용지 잉크 없음 라벨링, 메모, DIY 스크랩북, 목록, 영수증 등을 위한 Phomemo D30 휴대용 라벨 메이커와 호환됩니다. 훌륭한 인쇄: 화이트 페이퍼 롤, 보푸라기가 없는 종이는 종이 걸림을 줄여줍니다. 저희 페이퍼 롤은 100% BPA 프리로 고품질의 선명하고 어두운 이미징과 매끄러운 인쇄 효과를 제공합니다. 다용도: 방수, 내유성, 마찰 방지. 평생 지속. 다목적 스무스 다이렉트 감열지 라벨, 어떤 경우에도 나만의 스티커를 만들 수 있습니다 탁월한 인쇄 선명도를 제공하여 번거롭지 않은 인쇄를 제공합니다. 인쇄할 때 라벨 테이프에 맞는 사이즈를 선택하십시오: 12x40 cm",,"['라벨', '롤', '인쇄', '테이프', '스티커', '접착', '종이', '믹스', '용지', '메이커']"
사무용품,라벨 및 스티커,다목적 라벨,,B0BYMLKLGM,"드라이 지우개 자석 라벨 60개: 7.6cm x 3cm(3인치 x 1.2인치) 빈 명판, 이름표, 스트립 자석 - 가정, 사무실, 학교 정리에 적합",ZazzyKid,11897,11897,4.5,81.0,"풀 백 자석: 화이트보드, 사물함, 냉장고, 다리미 선반 등과 같은 자석 친화적인 표면에 부착됩니다. 재사용 및 재기록: PET 필기 필름의 라미네이션으로 드라이 지우개 마커를 사용하여 쉽게 쓰고 지울 수 있습니다. 다목적 라벨 - 학생 사물함, 선반, 파일 캐비닛, 서랍 및 옷장에 라벨을 붙이기 위해 자석 이름표 또는 명판으로 사용할 수 있습니다. 또한 일상적인 정리, 계획, 일정 및 교실 관리 등에 사용할 수 있습니다. 사무실, 학교, 교실, 가정 학교 및 가정용으로 특히 적합합니다. 내구성: 각 이름 자석의 크기는 7.6 x 3.0 cm입니다. 쉽게 찢어지지 않는 둥근 모서리로 디자인되었습니다. 다채로운 자석 라벨: 60개 팩. 10개의 컬러 프레임 빈 드라이 지우개 라벨 포함.",,"['자석', '라벨', '가정', '지우개', '학교', '드라이', '이름', '교실', '명판', '사무실']"
사무용품,라벨 및 스티커,다목적 라벨,,B08RRWBHBT,"Phomemo M02/M02 Pro/M02S/M03/M0SAS/M04 포켓 프린터용 열 스티커 라벨 용지, 3롤 50mm 투명/블루 온 화이트 스티커/반투명 라벨 용지, 다목적 자체 접착 라벨",Memoqueen,26301,26301,4.5,152.0,"【포장】 투명 스티커 감열지 1롤, 반투명 스티커 감열지 1롤, 흰색 스티커 감열지 1롤이 포함되어 있습니다. 【호환성】이 열 인쇄 용지의 조합은 M02/M02 Pro/M02S/M03/M03/M03AS/M04AS/M04S 열전사 프린터를 포함한 Phomemo M02 M03 M04 시리즈 프린터에 적합합니다. 【보관 방법】 사용한 인쇄 용지 롤과 인쇄된 감열지를 백라이트가 있는 건조한 곳에 두십시오. 일반적으로 영원히 보관할 수 있습니다. 【특징:】Phomemo의 열 인쇄 용지는 견고하고 내구성이 뛰어나며 BPA 프리, 방수, 내유성, 긁힘 방지, 보관이 쉽고 비용을 절약합니다. 【용도】이 조합은 선물, 가족 메모, 작업 기록, 할 일 목록 및 사진 인쇄에 더 적합합니다. 아이디어를 더 만족시키기 위한 다양한 스타일.",,"['스티커', '용지', '롤', '인쇄', '감열지', '라벨', '프린터', '열', '조합', '반투명']"
사무용품,라벨 및 스티커,다목적 라벨,,B06X9R4FTH,"BETCKEY - 호환 DYMO 30334 (5.7cm x 3.2cm(2.25인치 x 1.25인치) 중형 다목적 라벨 - Rollo, DYMO Labelwriter 450, 4XL 및 Zebra 데스크탑 프린터와 호환 가능 [10롤/10000 라벨]",BETCKEY,69236,69236,4.1,20.0,"대체품: Dymo 30334, 크기: 57mm x 32mm(2-1/4"" x 1-1/4""), 색상: 화이트, 접착제: 제거 가능, 직접 열, BPA 프리, 롤당 라벨: 1000 호환 가능한 Dymo 라벨 라이터 프린터: 300, 310, 315, 320, 330, 400, 400 Duo, 400 Twin Turbo, 450 Duo, 450 Turbo, 450 Twin Turbo, 4XL, EL40, EL60, SE300, SE450, CoStar LabelWriter 제품: XL, XL+, BC, BC+, TURBO, SE200, SE250, ACII 200 / ASCII 250 탈착식 접착제와 날카로운 프린트가 있는 품질 등급 A 용지 (흰색 뒷면) 표준화 ISO 9001 및 ISO 140001로 제조된 새롭고 고품질의 호환 화이트 표준 주소 라벨 시장에서 찾을 수 있는 최고의 품질 보장: 저희 용지는 우수한 품질을 자랑하며 합리적인 가격으로 시장에서 최고의 선택입니다. 노란색으로 변하지 않고 번지지 않으며 스캔 문제가 없습니다!","BETCKEY - DYMO 30334 호환 가능 (5.7cm x 3.2cm (2.25인치 x 1.25인치) 제거 가능) 중형 다용도 라벨 - Rollo, DYMO Labelwriter 450, 4XL 및 Zebra 데스크탑 프린터와 호환 [10롤/10000 라벨]","['라벨', '호환', '롤', '프린터', '최고', '용지', '화이트', '접착제', '제거', '중형']"
사무용품,라벨 및 스티커,라벨 홀더,,B0BV5BS3SG,"라벨 홀더 롤 및 팬폴드 라벨용 열 라벨 홀더 배송 라벨 스탠드 데스크탑 프린터 액세서리 용품 가정, 사무실용 (블랙)",,13836,13836,4.7,1151.0,"다양한 호환성: PONNOR 라벨 홀더는 다양한 라벨 프린터와 호환되므로 중소기업 및 다양한 작업 환경에 이상적인 선택입니다. MUNBYN, Rollo, Jiose, iDPRT, Polono 등과 같은 인기 브랜드와 함께 작동합니다. 편리한 디자인: 롤 및 팬 폴드 라벨을 모두 담을 수 있어 공간을 절약하고 데스크톱에 깔끔한 외관을 제공합니다. 롤 라벨의 경우 최대 외부 직경은 17.8cm(7인치), 팬 폴드 라벨의 경우 최대 길이 19.1cm(7.5인치), 최대 너비 11.4cm(4.5인치)입니다. 쉬운 조립: 4개의 부품으로 조립과 분해가 믿을 수 없을 정도로 쉽고, 단 1분밖에 걸리지 않습니다. 이 기능은 시간과 노력을 절약하고 비즈니스 활동에 집중할 수 있습니다. 공간 절약: PONNOR 홀더의 컴팩트한 크기는 20.3 x 14 x 15.2cm(8 x 5.5 x 6인치)이며 가벼운 디자인으로 데스크톱 공간을 절약할 수 있습니다. 전원 케이블은 스탠드 아래를 통과할 수 있어 깨끗하고 깔끔한 작업 공간을 보장하여 모든 작업 공간에서 시각적으로 매력적입니다. 미학적인 즐거움: 홀더의 블랙 색상은 모든 작업 공간을 보완하고 전반적인 미적 매력을 향상시킵니다. 사무실 환경에 전문적인 외관을 제공하여 사무용품에 큰 도움이 됩니다.",,"['라벨', '공간', '홀더', '작업', '절약', '롤', '디자인', '사무', '환경', '블랙']"
사무용품,라벨 및 스티커,라벨 홀더,,B08Y8FGMFY,"MUNBYN 롤 및 팬 폴드 라벨용 라벨 홀더, 데스크톱 라벨 프린터 배송 용품 산업용 라벨용 배송 라벨 롤 홀더, 블랙",,13836,13836,4.8,1547.0,"[광범위한 호환성] 라벨 홀더는 MUNBYN, Rollo, Jiose, iDPRT, Polono 열 배송 라벨 프린터 등과 호환됩니다. 롤 및 팬 폴드 감열 라벨 용지를 지원합니다. [열 라벨에 적합한 직경] MUNBYN 종이 홀더는 최대 라벨 너비 12.1cm(4.75인치)를 지원합니다. 최대 외부 라벨 직경: 15.2cm(6인치), 최소 내부 코어 크기: 1.9cm(0.75인치)(롤 라벨용) [빠른 설치] MUNBYN 라벨 홀더는 5개의 부품으로 조립 및 분해가 쉽습니다. 이 라벨 홀더는 열 라벨 용지를 보관하고 보관하는 데 이상적이며 사무실 책상을 정리하는 데 적합합니다. [제품 사양] 라벨 홀더 사이즈: 19.4cm x 14.9cm x 14.4cm, 색상: 블랙 [독특한 디자인] MUNBYN 라벨 트레이는 프린터의 코드가 스탠드 아래로 통과할 수 있도록 더 높은 베이스로 설계되어 엉키거나 엉키지 않습니다. 창고, 사무실, 슈퍼마켓, 소매점, 공장, 배송, 약국 등에 적합합니다.",,"['라벨', '홀더', '롤', '프린터', '열']"
사무용품,라벨 및 스티커,라벨 홀더,,B0C8D7Q4PM,"HBlife 롤 및 팬 폴드 라벨용 라벨 홀더 열 라벨 홀더 배송 라벨 스탠드 데스크탑 프린터 용품, 핑크",,16606,10927,4.7,209.0,"다양한 라벨 프린터와 호환 가능: 당사의 라벨 홀더는 다양한 라벨 프린터와 호환되도록 설계되어 다양한 소규모 비즈니스에 완벽한 선택입니다. 팬 폴드 및 롤 라벨에 적합: 당사의 라벨 홀더는 롤 라벨에 적합할 뿐만 아니라 팬 폴드 라벨에도 쉽게 사용할 수 있습니다. 다양한 라벨 유형을 사용할 수 있는 유연성을 제공하여 특정 요구 사항을 충족합니다. 적용 가능한 라벨 사이즈: 당사의 라벨 홀더는 대부분의 라벨을 지지하며, 최대 외부 직경 17.8cm(7인치)의 롤 라벨과 최대 18.5 x 10.9cm(7.3 x 4.3인치)의 팬 폴드 라벨을 수용합니다. 다양한 라벨 크기와의 호환성을 보장하여 편리함과 다양성을 제공합니다. 제품 크기와 독특한 디자인: 책상 공간을 절약하도록 설계된 라벨 홀더는 20.3 x 14 x 15.2cm(8 x 5.5 x 6인치)입니다. 컴팩트하고 가벼운 디자인으로 시각적으로 매력적인 작업 공간을 유지하면서 쉽게 배치할 수 있습니다. 홀더는 또한 전원 코드가 아래로 통과할 수 있는 스마트한 디자인으로 깨끗하고 체계적인 작업 공간을 보장합니다. 간편한 조립: 조립 및 분해가 가능한 5개의 간단한 부품으로 라벨 트레이는 설치가 매우 쉽습니다. 시간과 노력을 절약할 수 있어 불필요한 번거로움 없이 비즈니스에 집중할 수 있습니다.",,"['라벨', '홀더', '폴드', '팬', '롤', '공간', '디자인', '프린터']"
사무용품,라벨 및 스티커,라벨 홀더,,B0CBTWN4D9,Qilery 조절 가능한 라벨 디스펜서 아크릴 스티커 디스펜서 스티커 롤 홀더 라벨 홀더 스티커 홀더 정리함 라벨 스탠드 스티커 라벨 사무실 및 가정용 (디스크 9개),Qilery,47076,47076,4.6,35.0,"장시간 사용: 스티커 디스펜서는 고품질 아크릴 소재로 만들어져 강하고 견고하며 쉽게 깨지거나 변형되지 않아 악천후를 견딜 수 있으며 오랫동안 사용할 수 있습니다 라벨 정리: 라벨 디스펜서는 약 35.6 x 8.9 x 17.8cm(14 x 3.5 x 7인치)로 라벨을 정리할 수 있는 충분한 공간으로, 라벨을 잃어버릴 염려가 없으므로 많은 편리함을 제공합니다 투명한 투명도: 높은 투명도가 특징인 스티커 롤 디스펜서는 명확하게 볼 수 있어 홀더를 잘 볼 수 있으며 빠르고 정확하게 물건을 찾을 수 있습니다 쉬운 조립: 분리기를 아크릴 기둥에 넣고 기둥을 홈에 놓으면 롤 라벨 디스펜서에 라벨을 넣을 수 있어 작동이 간단하고 사용하기 편리합니다 다양한 용도: 롤용 라벨 디스펜서는 가정, 학교, 사무실 및 기타 장소에 적합합니다. 라벨, 스티커, 테이프 등을 고정하는 데 부착할 수 있어 책상을 깔끔하게 유지하고 공간을 절약할 수 있습니다",,"['라벨', '스티커', '스펜서', '홀더', '정리', '롤', '아크릴', '가정', '편리하다', '사무실']"
사무용품,라벨 및 스티커,라벨 홀더,,B08PSHP3SM,JIOSE 10.2x15.2cm(4x6인치) 라벨 홀더 - 롤 및 팬 폴드 라벨용 열 라벨 홀더 - 데스크탑 라벨 프린터와,Jiose,11066,11066,4.6,807.0,열 프린터와 호환: 라벨 홀더는 데스크탑 열 라벨 프린터와 완벽하게 작동합니다. 라벨 용지가 잘못 배치되거나 떨어질 염려가 없습니다. 라벨 용지를 홀더에 넣기만 하면 됩니다. 팬 폴드 및 롤 라벨에 적합: 라벨 스탠드는 롤 라벨뿐만 아니라 팬 폴드 라벨과 함께 사용할 수 있으므로 라벨 홀더로 제품 라벨이나 배송 주소 라벨 등을 더 편리하게 인쇄할 수 있습니다. 최대 라벨 지원: 롤 라벨의 최대 롤 직경은 17.8cm(7인치)입니다. 팬 폴드 라벨의 최대 크기는 17.8 x 10.4cm(7 x 4.1인치)입니다. 휴대용 사이즈: 종이 홀더의 크기는 22.4x13.7x16.3cm입니다. 다른 라벨 홀더보다 가볍고 작아서 원하는 곳에 놓을 수 있으며 너무 많은 공간을 차지하지 않습니다. 간편한 설치: 라벨 트레이는 설치가 매우 쉽습니다. 조립 가이드를 참조할 수 있습니다. 지침을 따르기만 하면 1분 안에 완벽하게 설치할 수 있습니다.,,"['라벨', '홀더', '롤', '폴드', '팬', '열', '프린터', '설치']"
사무용품,라벨 및 스티커,라벨 홀더,,B0BCHRNGP2,자체 접착 라벨 홀더 선반 태그 7.6 x 2.5cm(3 x 1인치) 셀프 스틱 인덱스 카드 포켓 투명 플라스틱 선반 태그 슈퍼마켓 책장 우편함 비즈니스 도서관 학생용 롱 사이드 오픈 가격 태그 (100개),Meanplan,13836,13836,4.5,98.0,"다양한 필요에 맞는 충분한 수량: 패키지에는 학생 책상을 위한 100장의 이름표 포켓이 포함되어 있으며, 각 치수는 약 2.5 x 7.5cm(1 x 3인치), 충분한 수량과 매일 사용하기에 적합한 크기로 친구 및 가족과 공유할 수도 있습니다 투명한 디자인: 당사의 라벨 포켓은 투명한 디자인으로 내부의 라벨의 내용물을 명확하게 식별할 수 있어 원하는 물건을 쉽게 찾을 수 있으며 먼지, 먼지 및 물이 라벨에 들어가지 않도록 합니다 간편한 사용: 플라스틱 라벨 용지를 접착식 뒷면이 있는 라벨 홀더에 넣기만 하면 됩니다. 부착하고 싶은 모든 선반 영역에 라벨 홀더를 단단히 붙일 수 있습니다. 접착 뒷면은 강하고 쉽게 떨어지지 않습니다. 물건을 분류하고 잘 정리할 수 있어 삶을 더욱 편리하게 만듭니다 신뢰할 수 있는 PVC 소재: 자체 접착 포켓은 고품질 PVC 소재로 만들어져 강하고 오래 지속되며 방수 및 신뢰할 수 있으며 쉽게 깨지거나 변형되지 않아 오랫동안 사용할 수 있습니다 다양한 용도: 투명 라벨 홀더는 농가, 식료품점, 도서관, 상점, 가정, 창고, 주방과 같은 많은 장소에 사용할 수 있으며 파일 서랍, 보고서 커버, 책장, 사물함, 식료품 선반 또는 캐비닛과 같은 다양한 매끄러운 표면에 붙일 수 있어 물건을 빠르게 찾을 수 있습니다",,"['라벨', '포켓', '접착', '홀더', '선반', '물건', '태그', '도서관', '신뢰', '자체']"
사무용품,라벨 및 스티커,라벨 홀더,,B071NGQC57,롤 및 팬 폴드 라벨용 ROLLO 라벨 홀더,Rollo,29071,27686,4.7,4244.0,Rollo 프린터와 호환 가능 롤 및 팬 폴드 (스택) 라벨과 호환 가능 쉬운 조립: 모던하고 매끄러운 로우 프로파일 디자인 최소 내부 코어 사이즈: 2.54cm(1인치) - 최대 외부 지름 15.24cm(6인치) - 최대 라벨 너비 12.7cm(5인치),,"['라벨', '폴드', '팬', '롤', '호환', '홀더', '쉽다', '디자인', '매끄럽다', '모던']"
사무용품,라벨 및 스티커,라벨 홀더,,B09S5RPS7S,"와이어 선반 라벨 홀더 100개, 와이어 라벨 홀더, 플라스틱 선반 태그, 와이어 선반, 메트로 선반 클립, 라벨 용지 인서트 포함, 3.2cm(1-1/4인치) 선반과 호환",,31841,31841,4.4,106.0,"사이즈 정보: 선반 라벨 클립의 길이는 약 7.5cm(3인치)/7.5cm(3인치), 높이는 약 3.2cm(1.25인치)이며 지하철 및 기타 3.2cm(1-1/4인치) 와이어 선반과 호환되는 적절한 크기입니다. 주문하기 전에 와이어 선반을 측정하고 사이즈 세부 정보를 확인하십시오 설치 시간 절약: 메트로 선반 라벨은 태그에 쉽게 끼울 수 있습니다. 종이 인서트에 필요한 것을 적은 다음 종이 라벨을 플라스틱 홀더에 넣고 전시하려는 제품 앞에 클립으로 고정할 수 있습니다. 언제든지 제거할 수도 있습니다 투명하고 신뢰할 수 있는 소재: 이 선반용 라벨 클립은 투명 PVC 플라스틱으로 만들어져 견고하고 품질이 좋으며 쉽게 깨지거나 변형되지 않으며 서비스 및 재사용이 가능하여 오랫동안 사용할 수 있으며 투명한 디자인으로 라벨을 간단하게 볼 수 있습니다 다양한 용도: 메트로 선반 라벨은 책장, 지하철 선반, 주방 선반을 정리하는 데 널리 사용할 수 있으며 슈퍼마켓, 상점, 레스토랑, 쇼핑몰 및 기타 행사에도 사용할 수 있습니다 많은 양: 와이어 선반용 투명 라벨 홀더 100개와 라벨 용지 인서트 100개를 받게 됩니다. 일상적인 사용에 맞는 멋진 조합 세트로 모든 것이 제자리에 있는지 확인하세요",,"['선반', '라벨', '와이어', '홀더', '클립', '메트로', '인서트', '플라스틱']"
사무용품,라벨 및 스티커,라벨 홀더,,B0BJ6WXDNH,라벨 홀더 접착 라벨 포켓 우편함 라벨 선반 라벨 플라스틱 필 스틱 태그 투명 롱 사이드 오픈 가격 태그 슈퍼마켓 책장 도서관 비즈니스 학생용 100개 (5.1 x 2.5cm(2 x 1인치)),Jeyiour,16606,16606,4.5,86.0,"제품 구성: 보관함용 라벨 100개가 제공됩니다. 각 라벨 홀더 크기는 약 5.3 x 2.5cm(2 x 1인치) / 5.3 x 2.5cm(2 x 1인치), 일상적인 사용 및 교체 요구 사항을 충족하는 적절한 수량과 적절한 사이즈 오래 지속되는 소재: 투명 라벨 프로텍터는 충격에 강한 PVC 소재로 만들어져 쉽게 깨지거나 변형되지 않아 매일 사용할 수 있습니다 편리한 사용: 플라스틱 라벨 홀더는 뒷면이 자체 접착된 투명한 색상으로 디자인되어 라벨 홀더를 원하는 곳에 붙이고 적절한 라벨 용지를 플라스틱 라벨 홀더에 넣으면 물건을 쉽게 분류할 수 있습니다 투명한 외관: 플라스틱 라벨은 투명하여 파우치를 통해 내부 라벨을 명확하게 식별할 수 있으며 먼지와 물이 내부 라벨을 손상시키는 것을 방지하여 삶을 더욱 편리하게 만듭니다 다양한 용도: 선반 라벨 홀더는 농가, 학교, 우편함, 식료품점, 도서관, 상점, 집, 창고 선반, 파일 서랍, 주방 및 기타 장소에 적합하며 파일, 책, 종이 등을 쉽게 찾을 수 있습니다",,"['라벨', '홀더', '플라스틱', '선반', '적절하다', '투명하다', '도서관', '편리하다', '파일', '투명']"
사무용품,라벨 및 스티커,라벨 홀더,,B07W1YSWH9,롤 및 팬폴드 라벨용 라벨 홀더 - 데스크탑 라벨 프린터 액세서리,LabelRange,22146,17991,4.7,1388.0,"LabelRange LP620/LP320 라벨 프린터 및 기타 많은 데스크탑 라벨 프린터와 호환됩니다. 블랙, 제품 크기: 24.1cmx14.5cmx14.5cm. 롤 및 팬폴드(스택) 라벨 모두와 호환됩니다. 4단계로 쉽게 조립할 수 있으며, 각 패키지에는 하나의 조립 도면이 있습니다. 최대 라벨 너비 10.2cm(4인치), 최소 내부 코어 크기 2.5cm(1인치), 최대 외부 지름 15.2cm(6인치).",,"['라벨', '프린터', '팬폴드', '데스크탑', '조립', '호환', '롤', '홀더', '블랙', '단계']"
사무용품,라벨 및 스티커,라벨 홀더,,B07XDX7NN4,"MUNBYN 외부 롤 라벨 홀더, 데스크톱 열 라벨 프린터용 2 in 1 팬 폴드 스택 용지 홀더",MUNBYN,33226,33226,4.5,886.0,"2-in-1 라벨 홀더: MUNBYN 라벨 홀더의 바닥은 전원 코드를 보관하도록 설계되었습니다. 롤러는 라벨 정리를 위해 설계되었으며 롤링, 접힘 및 스택 라벨과 호환됩니다. 라벨 오거나이저: 스탠드 핸들이 있는 롤 라벨 홀더는 작동이 쉬워 라벨을 쉽게 접고 보관할 수 있습니다. 이 롤 라벨 홀더로 라벨을 정리하고 꺼낼 수 있습니다. 창의적인 디자인: 롤 홀더는 다양한 프린터 및 라벨 크기에 적합한 높이 조절이 가능합니다. 양쪽에 롤러 잼 리미터가 장착되어 있어 라벨이 움직이지 않습니다. 견고한 구조: 강력한 하중 지지 용량. 최소 내부 코어 사이즈: 3.8cm - 최대 외부 지름 20.3cm - 팬 폴드 홀더: 최대 라벨 너비 15.2cm. 쉬운 조립: 이 라벨 홀더는 조립이 쉽습니다. 라벨 롤 홀더의 6개의 주요 부품을 간단한 4단계로 조립할 수 있습니다. 다양한 용도: MUNBYN 열 라벨 홀더는 롤 크기를 제한하거나 3.8cm(1.5인치) 코어가 필요한 프린터에 이상적입니다. 데스크탑 도구로 사용할 수 있으며 창고, 사무실, 슈퍼마켓, 소매, 공장, 배송, 약국 등에 적합합니다.",,"['라벨', '홀더', '롤', '조립', '프린터']"
사무용품,라벨 및 스티커,라벨 홀더,,B09MFPNB3K,"라벨 홀더 열 라벨 홀더 롤 및 팬폴드 라벨용 직접 배송 라벨 스탠드 데스크탑 프린터 액세서리 가정, 사무실용 (블랙)",LERMITY,11066,11066,4.7,705.0,"☑다기능 라벨 홀더: 대부분의 열 프린터 및 대부분의 데스크탑 라벨 프린터의 롤 및 팬 폴드(스택) 라벨과 호환됩니다. 배송업체 및 전자 상거래 회사에 적합합니다. ☑대부분의 라벨 지원: 롤 라벨-최대 외부 지름 17.8cm(7인치), 팬폴드 라벨-최대 라벨 너비 10.2cm(4인치), 최대 길이 17.8cm(7인치). (7.6cm(3인치) 코어가 있는 롤 라벨은 이 홀더에 적합하지 않을 수 있습니다.) ☑공간 절약: 라벨 홀더의 크기는 19.8 x 13.5 x 15.5 cm로 가볍고 작으며 책상 위 공간을 많이 차지하지 않습니다. 케이블은 홀더 아래에 쉽게 맞습니다. 작은 책상 공간에 적합합니다. ☑쉬운 조립: 플러그를 꽂고 플레이하기만 하면 됩니다. 홀더는 오래된 롤업을 들어 올리고 새 롤업을 홀더에 놓기만 하면 다시 장착할 수 있습니다. 조립하기 전에 사용 안내 비디오를 참조하는 것이 좋습니다. ☑프린터를 위한 이상적인 액세서리: 패키지에는 라벨 홀더 x 1, 프린터용 청소 도구 x 1이 포함되어 있습니다. (라벨은 포함되어 있지 않습니다) 이 라벨 스탠드를 사용하면 여러 개의 일반 라벨을 인쇄하거나 라벨 시트를 쉽고 부드럽게 굴릴 수 있습니다.",,"['라벨', '홀더', '프린터', '롤', '공간']"
사무용품,라벨 및 스티커,라벨 홀더,,B0CJF8TPHQ,"롤 및 팬 폴드 라벨용 라벨 홀더, 데스크탑 라벨 프린터용 열 배송 라벨 홀더, 사무실, 가정용 비즈니스 용품 액세서리(업그레이드 핑크)",PONNOR,12451,12451,4.6,155.0,"업그레이드된 라벨 홀더 - PONNOR 배송 라벨 홀더는 고품질 소재로 만들어져 견고하고 내구성이 뛰어납니다. MUNBYn, Roll0, Ji0se, iDPRT, Polon0 및 기타 열 프린터와 호환됩니다. 더 큰 사이즈 - 열 스티커 라벨 홀더는 최대 라벨 너비 11.4cm(4.4인치)를 지원합니다. 최대 외부 라벨 직경: 19.4cm(7.4인치), 최소 내부 코어 사이즈: 1.9cm(0.78인치) (롤 라벨용라벨 홀더 크기: 8''×5.4''×6.1''.Color: Pink. 롤 및 팬 폴드 라벨 홀더 - 롤 및 팬 폴드 라벨 모두에 적합합니다. 사무실 공간을 절약하며, 데이터 케이블은 배송 라벨 홀더의 하단 부분을 통과할 수 있어 깔끔하고 아름답습니다. 쉬운 빠른 설치 - 열 프린터용 라벨 홀더는 조립 및 분해가 쉽습니다. 성공적인 조립을 위해 도구가 필요하지 않습니다. 패키지 구성: 5개의 부품, 설명서(한글이 아닐 수 있음). 다양한 용도 - 유용하고 편리합니다. 창고, 사무실, 슈퍼마켓, 소매점, 공장, 배송 등에 적합합니다. 문제가 있으시면 언제든지 이메일을 통해 저에게 연락하십시오.",,"['라벨', '홀더', '롤', '열', '폴드', '팬', '프린터', '사무실']"
사무용품,라벨 및 스티커,라벨 홀더,,B09DFGH6YB,32피스 블랙 메탈 라벨 홀더 사무실 라이브러리 파일 서랍 캐비닛 카드 태그 라벨 홀더 금속 프레임 70mm x 33mm,,16606,16606,4.6,686.0,"제품 이름: 금속 라벨 홀더, 소재: 철 전체 사이즈: 70 x 33mm/2.75"" x 1.3""(L*W); 할로우 사이즈: 46mm/1.8"" 길이 x 21mm/0.83"" 너비 장착 구멍 중심 거리: 61mm/2.4"" 라벨 홀더는 파일 서랍, 선반, 책장 등에 널리 사용됩니다. 패키지 포함: 32pcs x 블랙 라벨 홀더",,"['홀더', '라벨', '금속', '파일', '블랙', '서랍', '이름', '구멍', '널리', '라이브러리']"
사무용품,라벨 및 스티커,라벨 홀더,,B0816B4J1Y,"Lenink 와이어 선반 라벨 홀더 30개, 플라스틱 와이어 랙 라벨 홀더, 메트로 3.2cm(1-1/4인치) 선반과 호환, 라벨 영역 길이 7.6cm(3인치) x 높이 4.5cm(1.25인치) (라벨 용지 인서트 포함)",,13836,13836,4.4,910.0,"호환성: Metro 및 기타 3.2cm(1-1/4인치) 와이어 선반과 호환되는 와이어 선반 라벨 홀더는 모든 것이 제자리에 있는지 확인하여 효율성을 향상시킵니다. 간편한 사용: 라벨 용지를 홀더에 넣고 언제든지 쉽게 끼우거나 제거하여 시간을 절약할 수 있습니다. 편리하고 내구성: 내구성이 뛰어난 플라스틱으로 제작되어 쉽게 손상되지 않습니다. 가격, UPC 라벨 및 기타 정보를 표시하는 간단하고 효과적인 방법을 제공합니다. 크기: 라벨 길이: 7.6cm(3인치), 라벨 영역 높이: 3.2cm(1.25인치), 30개 포함. 라벨 용지 포함. 포장은 다음을 포함합니다: 와이어 선반 라벨 홀더 30개. 구입하기 전에 선반의 크기를 측정하십시오. 6개월의 매우 긴 기간.",,"['라벨', '선반', '홀더', '와이어', '용지', '호환', '구성', '플라스틱', '영역']"
사무용품,라벨 및 스티커,라벨 홀더,,B0CB5QGP7G,"플라스틱 와이어 선반 라벨 홀더 100개, 잠금 장치가 있는 재사용 가능한 가격 라벨 홀더, 소매 슈퍼마켓 백화점용 라벨 디스플레이 홀더(7.6 x 3.6cm(3 x 1.4인치))",Fansunta,22146,22146,4.1,30.0,100,,"['홀더', '라벨', '플라스틱', '재사용', '와이어', '슈퍼마켓', '소매', '선반', '백화점', '디스플레이']"
사무용품,라벨 및 스티커,라벨 홀더,,B0CJ5232ZR,"라벨 홀더 롤 및 팬폴드 라벨용 열 라벨 홀더, 배송 라벨 스탠드 데스크탑 프린터 액세서리 용품, 가정, 사무실용 (블랙)",,13836,13836,4.5,70.0,"제품 사양: 라벨 홀더 사이즈: 7.9""×6.0""×5.3"". 최대 외부 지름은 18.5cm(7.3인치), 최대 라벨 너비는 10.9cm(4.3인치)입니다. 넓은 호환성: 라벨 홀더는 MUNBYN, Rollo, OFFNOVA, Jiose, iDPRT, Polono 열 배송 라벨 프린터 등과 호환됩니다. 롤 및 팬 폴드 감열 라벨 용지에 적합합니다. 쉬운 설치: 열 라벨 홀더는 5개의 부품으로 구성되어 있으며 단 1분 만에 조립 및 분해가 매우 쉽습니다. 공간 절약: iEager 라벨 홀더는 크기가 작고 가벼운 디자인으로 책상 공간을 절약합니다. 전원 케이블은 스탠드 아래에 연결할 수 있어 모든 작업 공간에서 시각적으로 매력적인 깨끗하고 깔끔한 작업 공간을 보장합니다. 훌륭한 서비스: 저희는 제품의 품질과 다양성을 지지합니다. 고객 만족이 저희의 마지막 목표입니다. 열 라벨 테이프에 문제가 있으시면 언제든지 저희에게 연락하십시오. 만족스러운 해결책을 제공해 드리겠습니다.",,"['라벨', '홀더', '공간', '열', '롤', '작업', '프린터', '스탠드', '절약']"
사무용품,라벨 및 스티커,라벨 홀더,,B098QM5BZ7,"50개 금속 도서관 라벨 홀더, 나사 포함 파일 캐비닛 라벨 프레임, 사무실 서랍 선반용 카드 태그 라벨 홀더 (앤티크 브론즈, 60x17mm)",,10512,10512,4.6,175.0,"✿앤티크 브론즈 라벨 프레임: 패키지에는 장착 나사가 있는 라이브러리 라벨 홀더 50개가 포함되어 있습니다. 전체 크기: 2.36"" x 0.67"" / 60 x 17mm (길이*너비), 적합 라벨 사이즈: 1.73"" x 0.39"" / 44 x 10mm (길이* 너비), 장착 구멍 중심 거리: 2"" / 52mm. ✿고품질 소재: 금속 라벨 홀더는 고품질 철로 만들어졌으며 내구성이 뛰어납니다. 금속 라벨 프레임의 표면은 녹과 부식 방지 기능이 있는 레드 브론즈 도금으로 덮여 있습니다. ✿넓은 적용 범위: 이 파일 라벨 홀더는 보석 상자, 선물 상자, 캐비닛, 파일 상자 등과 함께 사용할 수 있어 아름다움을 더할 뿐만 아니라 서랍의 내용물을 쉽게 식별할 수 있습니다. ✿쉬운 설치: 일치하는 장착 나사 2개를 나사로 조이기만 하면 라이브러리 라벨 홀더 설치를 완료할 수 있습니다. DIY 캐비닛 요구 사항을 편리하고 빠르게 충족시킬 수 있습니다. ✿서비스 정보: 저희는 고객에게 고품질 제품을 제공하기 위해 최선을 다하고 있습니다. 30일 이내에 제품에 100% 만족하지 못하셨다면 언제든지 저희에게 연락 주십시오. 24시간 이내에 만족스러운 해결책을 제공해 드리겠습니다.","회사 소개: Qjaiune은 소비자에게 만족스러운 고품질 제품을 제공하는 것을 자랑스럽게 생각합니다. 당사의 모든 제품은 포장 전에 엄격한 품질 검사를 거쳤으므로 안심하고 구매할 수 있습니다. 고객의 요구를 만족시키는 것은 Qjaiune의 최고 우선 순위이며, 저희 제품을 통해 더 쉽게 작업을 할 수 있도록 최선을 다하고 있습니다. Qjaiune의 제품의 품질을 완전히 신뢰할 수 있습니다. 제품의 장점: 금속 라벨 홀더는 고품질 철로 만들어졌으며 내구성이 뛰어납니다. 금속 라벨 프레임의 표면은 녹과 부식 방지 기능이 있는 레드 브론즈 도금으로 덮여 있습니다. 파일 라벨 홀더는 보석 상자, 선물 상자, 캐비닛, 파일 상자 등과 함께 사용할 수 있어 아름다움을 더할 뿐만 아니라 서랍의 내용물을 쉽게 식별할 수 있습니다. 제품 사양: 소재: 철 색상: 앤티크 브론즈 전체 사이즈: 2.36"" x 0.67"" / 60 x 17mm (길이*너비). 라벨 사이즈: 1.73"" x 0.39"" / 44 x 10mm (L*W) 장착 구멍 중심 거리: 2"" / 52mm 제품 구성: 장착 나사가 있는 라이브러리 라벨 홀더 50개. 서비스 정보: Qjaiune은 고객에게 고품질 제품을 제공하기 위해 최선을 다하고 있습니다. 30일 이내에 제품에 100% 만족하지 못하셨다면 언제든지 저희에게 연락 주십시오. 24시간 이내에 만족스러운 해결책을 제공해 드리겠습니다.","['라벨', '홀더', '상자', '브론즈', '장착', '파일', '금속', '나사', '프레임', '캐비닛']"
사무용품,라벨 및 스티커,라벨 홀더,,B0CT5XRR5G,"MUNBYN 롤 및 팬폴드 라벨용 라벨 홀더, 데스크탑 라벨 프린터용 열 라벨 홀더, 가정, 사무실, 소규모 비즈니스용 액세서리 용품",MUNBYN,55386,48461,4.6,74.0,"3-in-1 라벨 홀더: MUNBYN 라벨 홀더는 프린터와 라벨을 보관할 수 있습니다. 상단 레이어는 양쪽에 구멍이 있어 전원 코드를 숨기고 롤러를 배치하여 정리된 작업 공간을 보장합니다. 창의적인 공간 활용: MUNBYN 열 라벨 홀더 크기는 24 x 16 x 16.9 cm입니다. 혁신적인 이중 레이어 구조 디자인을 채택하여 프린터를 영리하게 배치하고 데스크탑 공간의 최대 65%까지 직접 방출합니다. 2단계 조립: 복잡한 조립과 작별 인사를 하세요. 라벨 롤 홀더는 간단한 두 단계로 네 개의 주요 부품을 함께 배치하여 기술 수준에 관계없이 쉽게 마스터할 수 있습니다. 견고한 구조: 배송 라벨 홀더는 최대 4kg의 압력을 견딜 수 있으며 하단 플라스틱 발 패드는 배송 라벨 홀더가 테이블에 안전하게 고정됩니다. 다양한 용도: MUNBYN 스티커 홀더는 롤 및 팬 열 라벨을 지원하며 다양한 브랜드의 열 라벨 프린터와 호환됩니다. 데스크탑 도구, 수동 테이프, 공예 도구 등으로 사용할 수 있습니다.",,"['라벨', '홀더', '프린터', '열', '데스크탑', '배치', '롤', '공간', '레이어', '조립']"
사무용품,라벨 및 스티커,라벨 홀더,,B0BH8V2HR2,"롤 및 팬 폴드 라벨용 대형 라벨 홀더, 라벨 바구니, 라벨, 스탠드 데스크탑 라벨 프린터 액세서리 가정, 사무실용 (블랙, 라지)",Ctemnpho,13836,13836,4.6,135.0,"[광범위한 호환성] 라벨 홀더는 OBZ, iDPRT, Jiose, MUNBYN, Rollo, Polono, JADENS 열 배송 라벨 프린터 및 기타 여러 데스크탑 라벨 프린터와 호환되며 쉽고 매끄럽게 효율적으로 인쇄할 수 있어 배송업체 및 전자 상거래 회사에 적합합니다. (라벨 용지는 포함되어 있지 않습니다) [대부분의 라벨에 적합] 롤 및 팬 폴드(스택) 라벨 용지를 지원합니다. 롤 라벨-최대 외부 지름 19.8cm(7.8인치), 최대 라벨 너비 10.9cm(4.3인치), 최소 내부 코어 크기: 2.5cm(1인치). 팬폴드 라벨-최대 라벨 너비 10.7cm(4.2인치), 최대 길이 18.3cm(7.25인치). 배송 라벨, 창고 라벨, 바코드 및 ID 라벨, 제품 라벨 등을 지원합니다. [효율적인 관리 라벨] 이 홀더는 직장에서 책상을 정리하고 깔끔하게 유지합니다. 하단에 USB 케이블과 전원 케이블을 통과할 수 있는 전용 공간으로 엉키거나 엉키지 않습니다. [1분 빠른 설치] 5개의 부품(베이스, 측면, 클립, 크랭크 및 스핀들)과 4단계로 조립과 분해가 쉽습니다. 창고, 사무실, 슈퍼마켓, 소매점, 공장, 배송, 약국 상점 등에 적합합니다. [원하는 곳에 놓으세요] 라벨 홀더의 크기는 19.8 x 13.5 x 15.5cm(7.8 x 5.3 x 6.1인치)입니다. 가볍고 작아 원하는 곳에 놓을 수 있으며 라벨을 효율적으로 배치하고 인쇄할 수 있습니다",,"['라벨', '홀더', '효율', '롤', '프린터']"
사무용품,라벨 및 스티커,라벨 홀더,,B00R3GIAG0,"C-Line -70443 자체 접착 라벨링 포켓, 25개 팩, 8.9 x 6.4cm(3-1/2 x 2-3/4인치)",C-Line,11537,11537,4.6,1343.0,"스틱을 벗겨서 깨끗하고 평평한 표면에 붙이기만 하면 됩니다 파일 통, 선반, 서랍 캐비닛 등에 라벨을 부착하세요 손으로 쓰거나 라벨 메이커를 사용하여 포함된 카드용지 인서트를 맞춤 설정할 수 있습니다 최대 8.9 x 6.4cm(3-1/2 x 2-3/4인치)의 인서트를 담을 수 있습니다","이 자체 접착 라벨 포켓으로 통, 선반, 캐비닛 또는 기타 평평한 표면을 쉽게 식별할 수 있습니다. 투명한 상단 로드 폴리 포켓은 벗겨서 붙이는 접착제가 있어 거의 모든 곳에 쉽게 부착할 수 있습니다. 각 팩에는 25개의 포켓과 25개의 빈 맞춤형 인서트가 포함되어 있어 나만의 라벨을 만들 수 있습니다. 8.9 x 9.5cm(3.5 x 3.75인치)의 포켓은 빠르고 쉽게 식별할 수 있는 완벽한 크기입니다. 자체 접착 라벨링 포켓은 재미있고 사용하기 쉬운 방법으로 정리함을 개선합니다! Constructive Playthings는 전 세계적으로 안전하고 규정을 준수하는 제품과 건강하고 안전한 작업 환경을 제공하기 위해 최선을 다하고 있습니다. Constructive Playthings는 CPSIA를 완벽하게 준수하며 공급업체 및 제3자 CPSC 승인 실험실과 긴밀히 협력하여 규제 요구 사항을 충족합니다. 당사는 모든 제품이 적용 가능한 모든 연방 규정을 충족해야 하며, 이를 지속적으로 검토합니다","['포켓', '라벨', '자체', '인서트', '접착', '맞춤', '링', '부착', '완벽하다', '준수']"
사무용품,라벨 및 스티커,라벨 홀더,,B0CG3H8C4F,"자체 접착 라벨 홀더, 104팩 접착 선반 태그 선반 라벨 홀더, 투명 포켓 홀더, 슈퍼마켓, 책장, 주방용 종이 포함 (5.1 x 2.5cm(2 x 1인치))",,16606,16606,4.4,10.0,"자체 접착 디자인: 투명 라벨 홀더는 자체 접착제로 설계되어 선반에 단단히 고정되고 쉽게 떨어지지 않도록 하여 품목 분류에 많은 편리함을 제공합니다. 프리미엄 소재: 접착 카드 홀더는 고품질 비닐로 만들어져 견고하고 오래 지속되며 투명한 디자인으로 물건을 한눈에 선명하게 만듭니다. 다양한 용도: 선반 라벨 홀더는 매끄러운 표면에 단단히 붙일 수 있어 도서관, 주방, 슈퍼마켓, 창고, 상점 등의 품목 세부 정보나 가격을 보여주기에 완벽합니다. 쉬운 작동: 라벨 홀더를 원하는 곳에 붙인 후 용지를 쉽게 삽입할 수 있으며, 포켓 디자인으로 용지 교체 및 먼지 보호가 쉽습니다. 포장 목록: 패키지에는 자체 접착 라벨 홀더 104개(5.3 x 2.5 cm / 2 x 1인치) 및 백지 104개가 포함되어 있습니다.","ELEMGULY 자체 접착 라벨 홀더, 104팩 접착 선반 태그 선반 라벨 홀더, 투명 포켓 홀더, 슈퍼마켓, 책장, 주방용 종이 포함 (5.1 x 2.5cm(2 x 1인치)) 제품 구성: 자체 접착 라벨 홀더 104개. 백서 104개","['홀더', '라벨', '접착', '자체', '선반', '디자인', '주방', '슈퍼마켓', '투명', '포켓']"
사무용품,라벨 및 스티커,라벨 홀더,,B0869JVFXD,Outus 플라스틱 라벨 홀더 와이어 선반 라벨 홀더 7.6 x 1.2cm(3 x 0.875인치) 클립 온 태그 홀더 티켓 홀더 (50피스),,22700,22700,4.5,287.0,"패키지 포함: 30개의 투명 플라스틱 라벨 홀더가 포함되어 있으며, 선반을 정리하고 재고를 보관할 수 있는 훌륭한 수량이며 가격, 라벨 및 기타 정보를 간단하고 효과적으로 보호할 수 있습니다(종이는 포함되지 않음) 소재: 이 플라스틱 라벨 홀더는 투명하고 내구성이 뛰어난 PVC 플라스틱으로 만들어져 견고하고 쉽게 깨지지 않습니다. 태그 홀더는 모든 온도나 환경에 이상적이며 최대의 오래 지속되는 내구성을 제공합니다. 이 홀더는 와이어 선반에 쉽게 고정되어 라벨을 삽입하기만 하면 됩니다 사이즈: 라벨의 크기는 약 길이 7.6 x 높이 2.2cm(3 x 0.85인치), 1.9cm(3/4인치) 두께의 선반과 같은 대부분의 선반 크기에 적합하며 1.6cm(5/8인치)에서 2.2cm(7/8인치) 사이의 선반에서도 사용할 수 있습니다. 이 제품은 7.6 x 2.2cm(3 x 0.8인치) 라벨 용지에 사용할 수 있습니다. 올바른 장착을 위해 구매 전에 선반을 측정하십시오 내구성 및 재사용 가능: 이 내구성이 뛰어난 투명 PVC 플라스틱 와이어 선반 라벨 홀더는 오래 지속되는 내구성을 제공하며, 내구성이 뛰어나고 견고합니다. 표지판을 손상으로부터 보호하고 보안을 위해 표지판을 단단히 고정하고, 선반에 라벨을 추가하거나 이 투명 라벨 홀더의 도움으로 재고방이나 보관 공간을 깔끔하게 정리할 수 있습니다 다양한 용도: 슈퍼마켓, 소매점 및 쇼핑몰에서 디스플레이 및 라벨링을 위해 널리 사용되며 슈퍼마켓과 레스토랑에도 이상적입니다","플라스틱 라벨 홀더 와이어 선반 라벨 홀더 7.6 x 2.2cm(3 x 0.875인치) 클립 온 태그 홀더 티켓 홀더 충분한 수량: 플라스틱 홀더 50개, 상점이나 시장에서 사용할 수 있는 충분한 수량으로 이 홀더는 훨씬 더 아늑한 착용감을 제공합니다. 치수: 라벨의 크기는 약 7.6 x 2.2cm(3 x 0.85 인치)(길이 x 높이)이며, 1.9cm(3/4 인치) 두께의 선반과 같은 대부분의 선반 크기에 적합하며 1.6cm(5/8 인치)에서 2.2cm(7/8 인치) 두께의 선반에도 사용할 수 있습니다. 이 제품은 7.6 x 2.2cm(3 x 0.8인치) 라벨 용지에 사용할 수 있습니다. 쉬운 설치: 선반에 끼우기만 하면 됩니다. 다른 도구를 사용하지 않고 간단히 조작한 다음 제품 앞에 라벨을 걸어 제품을 전시할 수 있습니다. 사양: 소재: PVC 플라스틱 색상: 투명 수량: 50개 패키지 구성: 투명 플라스틱 선반 라벨 홀더 50개 참고: 손 측정으로 인해 1 - 2 mm 오차가 있을 수 있습니다.","['라벨', '홀더', '선반', '플라스틱', '구성', '투명', '와이어']"
사무용품,라벨 및 스티커,라벨 홀더,,B0CQFT38DN,"Guermok 롤 및 팬 접기용 열 배송 라벨 홀더, 배송용 깨지기 쉬운 스티커, 라벨 스탠드 데스크탑 프린터 홀더-홈 오피스 액세서리 스티커 디스펜서 홀로그램용 (핑크)",Guermok,12451,12451,4.6,305.0,"【다목적 및 다용도】 Guermok 라벨 홀더는 창고, 사무실, 슈퍼마켓, 소매점, 공장, 택배, 약국, 비즈니스 및 홈 오피스와 같은 다양한 환경에 완벽하게 설계되었습니다 【다양한 라벨 유형 지원】 이 홀더는 배송용 깨지기 쉬운 스티커부터 홀로그램 스티커 용지 및 라벨 테이프에 이르기까지 다양한 라벨 유형을 지원합니다. 가장 인기 있는 감열식 프린터 라벨을 포함한 다양한 브랜드의 라벨과 호환되므로 모든 라벨링 요구 사항을 충족할 수 있습니다 【사용자 친화적인 설치】 복잡한 조립과 작별 인사를 하세요. 몇 분 안에 바로 준비할 수 있어 라벨 인쇄 루틴을 크게 단순화합니다. 롤 라벨의 최대 외부 직경은 17.8cm(7인치)이며 팬 폴드 라벨의 최대 길이는 18.5cm(7.3인치), 너비는 10.9cm(4.3인치)입니다 【현대적이고 미적인 디자인】 라벨 홀더 크기는 20.3 x 14 x 15.2cm(8 x 5.5 x 6인치)입니다. 홈 오피스 액세서리에 세련된 추가 기능으로 작업 공간을 매력적으로 유지합니다 【공간 효율성】 기능을 염두에 두고 설계되었습니다. 스티커, 열 라벨 및 d30 라벨 테이프를 깔끔하게 정리하고 쉽게 꺼낼 수 있도록 하면서 공간을 절약하세요",,"['라벨', '스티커', '홀더', '공간', '오피스', '팬', '액세서리', '쉽다', '롤', '테이프']"
사무용품,라벨 및 스티커,라벨 홀더,,B0D12YC3LD,"24팩 자체 접착 인덱스 카드 포켓 7.6 x 12.7cm(3 x 5인치) 투명 플라스틱 라벨 홀더 상단 오픈 적재, 보관함, 도서관 및 사물함용",,9681,9681,4.8,21.0,"패키지 구성: 상단에서 열리는 24개의 인덱스 카드 홀더가 제공되며, 자체 접착 뒷면으로 매끄러운 표면에 쉽게 붙일 수 있습니다. 7.6x12.7cm(3x5인치) 인덱스 카드용으로 설계되었습니다. 이 인덱스 포켓은 9.5 x 13.5cm(3.75 x 5.3인치) 크기입니다. 중요한 정보를 쉽게 분류, 저장 및 액세스할 수 있어 정리하고 생산성을 유지할 수 있습니다 신뢰할 수 있는 소재: 자체 접착 카드 포켓은 PVC 소재로 만들어져 쉽게 변형되거나 부서지지 않으며 사용하기 쉽고 매끄럽고 편안하며 오랫동안 사용할 수 있습니다 간편한 사용: 라벨 홀더에는 뒷면에 끈적한 종이가 장착되어 있어 티켓 홀더를 모든 장소에 부착할 수 있어 쉽고 편리하게 정리하고 보관할 수 있습니다 정리 유지: 자체 접착 명함 홀더는 카드를 PVC 슬리브에 넣고 부착하기로 선택한 곳에 부착하여 사무실, 학교 및 가정에서 깔끔하게 유지할 수 있습니다",,"['홀더', '카드', '인덱스', '자체', '접착', '부착', '정리', '유지', '포켓', '라벨']"
사무용품,라벨 및 스티커,라벨 홀더,,B0CKPKCVQS,"롤 및 팬 폴드 라벨용 열 라벨 홀더, 열 프린터용 배송 라벨 롤 홀더, 라벨 프린터 용품, 블랙",,11066,11066,4.9,69.0,"다양한 라벨 프린터와 호환 가능: 당사의 라벨 홀더는 다양한 라벨 프린터와 호환되도록 설계되어 다양한 소규모 비즈니스에 완벽한 선택입니다. 사용하는 라벨 프린터 유형에 관계없이 당사의 라벨 홀더는 원활하게 통합되어 효율적이고 편리한 라벨 인쇄 솔루션을 제공합니다. 팬 폴드 및 롤 라벨에 적합: 당사의 라벨 홀더는 롤 라벨에만 이상적일 뿐만 아니라 팬폴드 라벨의 인쇄 요구 사항을 쉽게 처리할 수 있습니다. 어떤 라벨 유형이 필요하든 당사의 홀더는 요구 사항에 맞게 쉽게 조정할 수 있어 유연성과 다양성을 제공합니다. 적용 가능한 라벨 사이즈: 당사의 라벨 홀더는 최대 외부 직경 17.8cm(7인치)의 롤 라벨과 최대 18.5 x 10.9cm(7.3 x 4.3인치)의 팬 폴드 라벨을 지원하는 다양한 라벨 크기를 수용합니다. 다양한 라벨 크기와 완벽한 호환성을 보장하여 편리하고 다기능 라벨 인쇄 경험을 제공합니다. 제품 크기와 독특한 디자인: 컴팩트한 크기의 라벨 홀더는 20.3 x 13.7 x 15.5cm(8 x 5.4 x 6.1인치)로 데스크톱 공간을 절약하도록 설계되었습니다. 가볍고 편리한 디자인으로 모든 작업 환경에 쉽게 배치할 수 있습니다. 또한 독특한 디자인으로 아래에서 케이블 관리가 용이하여 깨끗하고 체계적인 작업 공간을 보장합니다. 간편한 조립: 단 5개의 간단한 부품을 조립할 수 있으며, 라벨 홀더는 단 1분만에 설치할 수 있습니다. 귀중한 시간과 노력을 절약하여 불필요한 번거로움 없이 비즈니스에 집중할 수 있습니다.",,"['라벨', '홀더', '프린터', '롤', '인쇄', '폴드', '편리하다', '디자인', '팬']"
사무용품,라벨 및 스티커,라벨 홀더,,B09D3389XD,"POLONO 라벨 홀더, 팬 폴드 및 롤 라벨용 열 라벨 홀더, 배송 라벨 홀더, 배송 라벨 프린터 및 열 라벨과 함께 작동",,24362,16606,4.6,194.0,"제품 사양: 라벨 홀더 사이즈: 5.8""*9.3""*4.5"" 색상: 블랙. 이 라벨 홀더는 할로윈 및 크리스마스 선물 준비를 위해 감열지를 잘 배치하는 데 사용할 수 있습니다. 광범위한 호환성: 데스크탑 프린터와 호환되는 POLONO 라벨 홀더는 팬 폴드 및 롤 라벨 모두에 적합합니다. 작은 책상 공간에 적합합니다. 쉬운 조립: 라벨 홀더는 설치가 간편하여 라벨을 안정적으로 만들고 작업을 정리할 수 있습니다. 라벨에 적합한 사이즈: POLONO 라벨 홀더 지원 최대 라벨 너비 12.7cm(5인치), 최대 외부 라벨 지름 15.2cm(6인치). 미니 내부 코어 사이즈: 롤 라벨용 2.5cm(1인치). Rollo, MUNBYN, iDPRT, Jiose, POLONO 및 기타 열전사 프린터 및 라벨과 잘 작동합니다. 강한 소재: 홀더는 강한 소재를 사용하여 낙하에 강하고 쉽게 손상되지 않으며 더 잘 작동합니다. 다양한 크리스마스 라벨을 잘 붙일 수 있습니다.",,"['라벨', '홀더', '강하다', '프린터', '롤']"
사무용품,라벨 및 스티커,라벨 홀더,,B07FZZVBNL,"Meetory 와이어 선반 소매 가격 라벨용 투명 플라스틱 라벨 홀더 50개, 바구니 통 라벨 클립 온, 보관용 라벨, 슈퍼마켓용 상품 사인 디스플레이 홀더",Meetory,20761,13836,4.4,1669.0,"【효율적인 정리】- Meetory 100팩 바스켓 라벨 홀더는 와이어 선반에 맞게 설계되어 와이어 선반 유닛을 정리할 수 있는 완벽한 솔루션을 제공합니다. 중요한 정보를 명확하고 간단한 방법으로 쉽게 표시할 수 있습니다. (라벨 용지 100개 포함) 【내구성 및 신뢰성】- 당사의 플라스틱 선반 태그 홀더는 고품질의 균열 방지 플라스틱으로 제작되었습니다. 오래 사용할 수 있도록 제작되었으며 어떤 온도에도 견딜 수 있어 오래 지속되는 내구성을 보장합니다. 【안전한 스냅 잠금 장치】- 이중 타이트 스냅 잠금 클로저가 있는 라벨 홀더는 떨어질 걱정 없이 선반에 안전하게 걸 수 있습니다. 스냅을 열고 원하는 위치로 조정하기만 하면 쉽게 이동하고 재배치할 수 있습니다. 【번거롭지 않은 사용】- 이 라벨 홀더는 바가 있는 모든 선반에 맞도록 특별히 설계되어 사용과 부착이 쉽습니다. 카드나 라벨을 삽입하고 더블 스냅 클로저를 닫은 다음 원하는 영역, 선반 또는 섹션에 부착하기만 하면 됩니다. 【다양한 용도】- 당사의 다목적 라벨 홀더는 슈퍼마켓, 식료품점, 쇼핑몰, 식료품 저장실, 창고 및 와이어 선반을 사용하는 모든 곳에 적합합니다. 가격, 코드 및 제품 정보를 표시하는 데 이상적이며 효율적이고 체계적인 운영을 보장합니다.",,"['라벨', '선반', '홀더', '스냅', '와이어', '플라스틱', '효율', '안전하다', '부착', '보장']"
사무용품,라벨 및 스티커,라벨 홀더,,B09SH53519,라벨 홀더 접착 선반 태그 3.1 x 10.9cm(1.2 x 4.3인치) 투명 선반 태그 인덱스 카드 포켓 플라스틱 서랍 파일 캐비닛 보관 상자 라벨 홀더 슈퍼마켓 책장 우편함 비즈니스 주방용 (50팩),,13780,13780,4.5,225.0,"고품질 소재: 고품질 비닐로 제작된 접착 라벨 홀더는 투명하여 내부 라벨(포함되지 않음)을 식별할 수 있습니다. 이 투명 라벨 홀더는 장기간 사용할 수 있습니다 다양한 용도: 이 접착 선반 라벨 홀더는 창고 선반, 파일 서랍, 보고서 커버, 캐비닛 등에 사용하기에 적합하며 파일, 책, 종이 및 문서를 쉽게 찾을 수 있습니다 라벨 및 정리가 쉬움: 라벨을 삽입하고 교체할 수 있습니다. 선반 라벨 홀더는 물건을 분류하고 깔끔하게 정리할 수 있는 편리함을 제공합니다 접착 라벨 홀더: 라벨 홀더의 접착 뒷면은 라벨을 붙이고 싶은 곳 어디에나 붙일 수 있어 선반에 안정적으로 붙이고 쉽게 떨어지지 않습니다 패키지 구성: 농가, 식료품, 도서관, 상점, 가정, 창고, 주방 등과 같은 일상 생활에 사용할 수 있는 50개의 선반 라벨 홀더가 제공됩니다",,"['라벨', '홀더', '선반', '접착', '파일']"
사무용품,라벨 및 스티커,라벨 홀더,,B0D2Q6T317,38팩 와이어 선반 라벨 홀더 와이어 선반 클립 7.6cm(3인치) 플라스틱 와이어 랙 선반 라벨 선반 태그 와이어 선반용 (종이 인서트 미포함),SBYURE,13836,13836,,,"38개: SBYURE 플라스틱 와이어 랙 선반 라벨은 38개 세트로 제공되어 와이어 랙 선반에 정보를 정리하고 표시하는 데 적합합니다. 3.2cm(1.25인치) 와이어 선반과 호환되는 이 투명 PVC 라벨은 쉽게 쓰고 안전하게 부착할 수 있습니다. 사이즈: 길이 7.6cm(3인치), 높이 3cm(1.2인치)의 이 와이어 선반 라벨은 내구성이 뛰어나고 재사용이 가능하며 라벨 용지는 포함되어 있지 않습니다. 사용하기 전에 선반을 측정하여 라벨이 완벽하게 맞도록 하십시오. 편리함: 종이 라벨에 쓰고 와이어 선반 라벨에 삽입하기만 하면 제품을 쉽게 분류하고 전시할 수 있습니다. 이 편리한 라벨 클립은 물건을 정리하는 데 꼭 필요한 제품입니다. 소재: SBYURE 플라스틱 메트로 랙 라벨 클립은 투명하고 변형 및 파손에 강한 고품질 PVC로 만들어졌습니다. 투명한 디자인으로 라벨 내용물을 쉽게 식별할 수 있어 빠르고 효율적인 제품 분류에 이상적입니다. 적용 대상: 침실 선반, 금속 선반, 주방 선반, 슈퍼마켓, 창고, 쇼핑몰 및 소매점을 포함한 다양한 작고 넓은 공간에 적합합니다. SBYURE 플라스틱 와이어 선반 라벨 홀더는 제품을 정리하고 명확하게 라벨을 부착하는 데 도움이 됩니다.",,"['선반', '라벨', '와이어', '플라스틱', '클립', '정리']"
사무용품,라벨 및 스티커,라벨 홀더,,B0B2LJ95HX,"Hedume 플라스틱 라벨 홀더 100개, 라벨 인서트 100개, 길이 7.6cm(3인치) x 높이 2.5cm(1인치) 투명 플라스틱 선반 라벨 홀더, 선반 표지판 및 티켓 홀더, 1.6cm(5/8인치)에서 1.9cm(3/4인치) 선반에 클립 hick",,26301,26301,4.6,58.0,"패키지 포함 - 100개의 투명 플라스틱 라벨 홀더와 100개의 비접착 종이 라벨 인서트가 포함되어 있어 선반을 정리하고 재고를 보관할 수 있어 물건을 잘 정리하고 좋은 시각적 효과를 제공합니다. 이 홀더는 독서 라벨을 쉽게 할 수 있습니다 - 1.6cm(5/8인치)에서 1.9cm(3/4인치) 두께의 선반에 맞게 제작되었습니다. 사이즈 - 라벨은 약 길이 7.6 x 높이 2.5cm(3 x 1인치), 인기 있는 선반 크기에 적합합니다. 내구성 및 재사용 가능 - 내구성이 뛰어난 투명 PVC 플라스틱 선반 라벨 홀더는 오래 지속되는 내구성을 제공하며, 내구성이 뛰어나고 견고하며 표지판을 손상으로부터 보호하고 보안을 위해 표지판을 단단히 고정하고, 선반에 라벨을 추가하거나 이 투명 라벨 홀더의 도움으로 재고 공간이나 보관 공간을 깔끔하게 정리할 수 있습니다. 다양한 용도 - 슈퍼마켓, 소매점 및 쇼핑몰에서 디스플레이 및 라벨링을 위해 널리 사용되며 슈퍼마켓과 레스토랑에도 이상적입니다.",,"['라벨', '선반', '홀더', '플라스틱', '투명', '구성', '표지판', '정리', '공간', '슈퍼마켓']"
사무용품,라벨 및 스티커,라벨 홀더,,B0D41WQ1LF,"바구니 라벨 클립 온, 100팩 6.9 x 4.9cm(2.76 x 1.57인치) 플라스틱 바구니 라벨 홀더 보관 상자 라벨 클립 와이어 선반 디스플레이 라벨 클립, 종이 포함, 가정용 슈퍼마켓용",,20761,20761,,,"간편한 클립 디자인: 바스켓 라벨 홀더는 간단한 클립으로 디자인되어 바구니와 와이어 선반에 단단히 끼울 수 있으며 쉽게 떨어지지 않습니다. 종이 클립 디자인은 라벨 용지의 먼지를 효과적으로 방지하여 품목 분류를 보다 편리하고 깔끔하게 만듭니다. 프리미엄 소재: 바스켓 라벨 클립온은 고품질 플라스틱으로 만들어져 견고하고 오래 지속되며 쉽게 변형되지 않으면서 재사용할 수 있습니다. 다양한 용도: 플라스틱 바구니 디스플레이 라벨 홀더는 바구니, 와이어 선반 등에 클립으로 고정할 수 있으며 주방, 슈퍼마켓, 창고, 상점 등의 품목 세부 정보나 가격을 보여주기에 적합합니다. 쉬운 작동: 종이를 넣은 후 와이어 선반이나 바구니에 바구니 라벨 클립을 고정하기만 하면 쉽게 제거하고 세부 사항을 변경할 수 있으며 가정, 슈퍼마켓, 소매점 등을 보관할 때 더 편리하게 정보를 표시할 수 있습니다. 패키지 목록: 패키지에는 와이어 선반 라벨 클립 100개(7 x 4.2cm/2.76 x 1.57인치) 및 100개의 인서트 용지가 포함되어 있습니다. 간단한 라벨 클립은 물건을 보관하는 데 많은 편리함과 재미를 더합니다.","바구니 라벨 클립 온, ELEMGULY 100팩 6.9 x 3.8cm(2.76 x 1.57인치) 플라스틱 바구니 라벨 홀더 보관 상자 라벨 클립 와이어 선반 디스플레이 라벨 클립 가정용 슈퍼마켓용 종이 포함 세부 정보: 사이즈: 7 x 4.2cm/2.76 x 1.57 인치 소재: 프리미엄 플라스틱 색상: 투명 제품 구성: 바구니 라벨 클립 100개. 인서트 용지 100개","['라벨', '클립', '바구니', '선반', '와이어', '플라스틱', '종이', '홀더', '슈퍼마켓', '디스플레이']"
사무용품,라벨 및 스티커,라벨 홀더,,B0BZLPKSMV,"Availey 60팩 마그네틱 'C' 채널 라벨 홀더, 금속 랙 및 선반용, 보호 필름 및 교체 스트립 포함, 7.6 x 2.5cm(3 x 1인치)",Availey.,27686,27686,4.6,97.0,"용도: 고객, 동료 및 친구에게 중요한 정보를 명확하고 눈길을 끄는 방식으로 제시하십시오! 이 스틸 선반 세트용 자석 라벨은 7.6 x 2.5cm(3 x 1인치) 60개로 제공되어 비즈니스에 장식에 가장 잘 어울리는 선택을 제공합니다 모든 부품 포함: 60개의 자석 라벨 홀더 한 팩으로 자신과 다른 사람들을 정리하는 데 필요한 모든 것! 이 서류 캐비넷 라벨 세트에는 자석 파일 캐비닛 라벨 홀더 60개, 화이트 라벨 카드 60개, 투명 PVC 커버 60개가 포함되어 있습니다. 화이트 카드나 추가 종이 인서트를 슬롯에 밀어 넣어 라벨을 만들고 업데이트하세요. 각 라벨을 쉽게 맞춤 설정할 수 있습니다! 강력한 자석: 자석 선반 라벨은 강철 선반, 파일 캐비닛, 사물함, 냉장고 문 및 자석 화이트보드에 단단히 부착됩니다. 각 팔레트 랙 라벨은 금속 및 자석 표면에 즉각적이고 안정적으로 접착할 수 있는 강력한 자석 뒷면이 특징입니다. 표면에 잔여물을 남기지 않고 자석 태그를 쉽게 부착하고 분리할 수 있습니다 빠른 변경: 각 라벨 홀더에는 종이 또는 인쇄 용지 라벨과 종이 인서트를 삽입할 수 있는 유연한 C자형 채널이 있습니다. 라벨을 인쇄하거나 손으로 쓰고 C 채널 마그네틱 라벨 홀더에 밀어 넣습니다. 상황이 바뀔 때마다 카드를 지우거나 다시 실행할 필요가 없습니다. 자석을 움직이고 재정렬하기만 하면 프로젝트, 새로운 팀, 점수 또는 좌석 배치에 대한 업데이트된 정보를 표시할 수 있습니다! 적용 가능: 스포츠 및 게임 리그, 점수판, PERT 차트, 조직도, 회의 일정 및 방 할당 등 빠르게 변경될 수 있는 정보를 제시해야 하는 모든 곳에서 이 유연한 이름 라벨 자석 홀더를 사용하십시오. 도구 상자 라벨, 펠릿 호퍼 자석 라벨, 창고 랙 라벨, 서랍 라벨, 자석 달력 라벨, 마그네틱 데이터 카드, 마그네틱 이름표 홀더, 자석 태그, 라이브러리 선반 라벨, 사물함으로 사용하세요. 이름 태그 이름 태그 이름 태그 및;",,"['라벨', '자석', '홀더', '선반', '태그', '이름', '카드', '마그네틱']"
사무용품,라벨 및 스티커,라벨 홀더,,B09LYB55VD,36피스 나무 선반 라벨 홀더 플라스틱 가격 태그 홀더 슈퍼마켓 소매 사인 PVC 투명 선반 라벨 홀더 (라벨 인서트 50개 포함) 18mm 나무 선반에 적합,YWFAFO,23531,23531,4.6,44.0,"완벽한 핏: 18mm 목재 선반을 위해 특별히 설계되었으며, 시각적으로 크게 개선되었습니다. 선반에 태그가 있는 경우. 이 제품을 사용하면 훨씬 더 멋지게 보입니다. 간편한 설치 및 제거 가능: 쉽게 끼우거나 떼어낼 수 있으며 종이 라벨을 단단히 삽입할 수 있습니다. 다양한 용도: 나무 선반의 라벨 홀더 클립은 소매점, 스낵 샵, 슈퍼마켓 및 쇼핑몰에서 널리 사용됩니다. 목재 디스플레이 스탠드 또는 가정용 가전제품의 나무 책장에도 적합합니다. 좋은 소재: 내구성이 뛰어나고 유연한 PVC 소재, 선명한 색상, 높은 가시성으로 시선을 사로잡기에 완벽합니다. 쉽게 깨지지 않습니다. 내부 사인 용지는 투명 플라스틱 보호 필름으로 잘 보관됩니다. 충분한 수량 패키지: 투명 플라스틱 라벨 홀더 36개, 빈 종이 라벨 50개. 올바른 설치를 위해 구입하기 전에 선반을 측정하십시오",내구성이 뛰어나고 유연한 PVC 소재로 제작된 플라스틱 라벨 홀더는 투명한 색상의 높은 가시성으로 시선을 사로잡기에 완벽합니다. 쉽게 깨지지 않습니다. 내부 사인 용지는 투명 플라스틱 보호 필름으로 잘 보관됩니다.,"['라벨', '선반', '홀더', '플라스틱', '투명', '나무', '사인', '완벽하다', '높다', '용지']"
사무용품,라벨 및 스티커,라벨 홀더,,B0B1LBLY5R,"Elsjoy 100팩 플라스틱 와이어 선반 라벨 홀더, 9.9 x 6.6cm(3.9 x 2.6인치) 투명 가격 태그 홀더 사인 및 티켓 홀더, 더블 스냅 잠금 클로저, 시장, 소매점, 식료품 저장실용 재사용 가능한 바구니 라벨 홀더",Elsjoy,27686,27686,4.8,40.0,"Elsjoy 100팩 바스켓 라벨 홀더는 길이 10.2 x 너비 5.8cm(4 x 2.3인치)이며 가격 라벨에 맞습니다. 길이 10.2 x 너비 4.8cm(4 x 1.7인치)입니다. 당사의 플라스틱 선반 태그 홀더는 와이어 선반 유닛을 정리하고 원하는 정보를 명확하고 간단한 방법으로 표시할 수 있는 완벽한 방법입니다. 내구성 있는 소재: 가격 태그 홀더는 안전한 고품질 플라스틱으로 만들어져 견고하며 갈라지거나 부서지지 않습니다. 재사용 가능하며 내구성이 뛰어나 뜨겁거나 차가운 온도와 상관없이 모든 온도에서 사용할 수 있으며 오랫동안 사용할 수 있습니다. 실용적: 이 플라스틱 라벨 홀더에는 두 개의 타이트한 안전한 스냅 잠금 장치가 있어 떨어지지 않고 선반에 단단히 걸 수 있습니다. 스냅을 열고 원하는 위치에 부착하여 선반 홀더를 쉽게 옮길 수 있습니다. 쉬운 사용: 와이어 선반에 맞게 설계된 이 라벨 홀더는 바가 있는 모든 선반에 맞습니다. 카드나 라벨을 홀더에 삽입하고 상단의 이중 스냅 클로저를 닫아 원하는 위치, 공간, 선반 등에 부착하십시오. 다용도: 라벨 홀더는 슈퍼마켓, 식료품점, 쇼핑몰, 식료품 저장실, 창고 및 기타 와이어 선반을 사용하는 모든 곳에 적합합니다. 가격, 코드 및 재고가 있는 제품을 표시할 수 있습니다.",,"['홀더', '선반', '라벨', '스냅', '플라스틱', '와이어', '태그']"
사무용품,라벨 및 스티커,라벨 홀더,,B09BZB8ZPX,"롤 및 팬 폴드 라벨용 라벨 홀더, 10.2 x 15.2cm(4 x 6인치) 열 라벨 프린터용 블랙 스탠드",,11066,11066,4.5,182.0,"롤 및 팬 폴드 라벨용 라벨 홀더 UHRP420 라벨 프린터 및 대부분의 열 라벨 프린터 및 배송 라벨 프린터와 호환됩니다 조립이 매우 쉽습니다 높은 기계적 강도, 인성, 순수함의 특성을 가진 PPR 소재 너비 3.8cm(1.5인치)에서 10.2cm(4.09인치)까지 라벨 고정, 10.2cm(4인치) x 10.2cm(4인치), 10.2cm(4인치) x 5.1cm(4인치), 10.2cm(4인치) x 2.5cm(2인치), 10.2cm(4인치) x 2.5cm(2인치)",,"['라벨', '프린터', '홀더', '롤', '열', '팬', '폴드']"
사무용품,라벨 및 스티커,라벨 홀더,,B0B9WS35XH,7.6 x 2.5cm(3 x 1인치) 자체 접착 라벨 홀더 종이 라벨 인서트 투명 선반 태그 라벨 홀더 플라스틱 가격 태그 홀더 슈퍼마켓 학교 도서관 책장 우편함 보관통용 (150개),,24916,24916,4.3,31.0,"제품 구성: 약 7.6 x 2.5cm(3 x 1인치) 크기의 자체 접착 라벨 홀더 150개가 제공되며, 교체용 화이트 카드 스트립 150개가 제공됩니다. 충분한 수량으로 일상적인 사용 및 교체를 충족할 수 있습니다 얻을 수 있는 고품질 소재: 이 투명 라벨은 PVC를 주요 소재로 채택하여 방수 및 신뢰할 수 있으며 쉽게 깨지거나 변형되지 않으며 라벨과 태그를 깨끗하고 깔끔하게 유지할 수 있으며 플라스틱 라벨 홀더 뒷면에 PET 투명 접착 테이프가 있어 끈적거리며 사용하기 쉽습니다 적절한 크기: 선반 라벨은 약 2.5 x 7.6cm(1 x 3인치)이며 흰색 카드 스트립은 약 2.5 x 7.6cm(1 x 3인치)입니다 (1 x 3인치)). 크기는 가격, 이름, 정보 등을 포함한 다양한 요구 사항에 적합합니다 편리하고 쉬운 사용: 플라스틱 라벨 홀더는 사용하기 쉽습니다. 흰색 카드에 중요한 메시지를 쓰고 라벨 홀더에 카드를 삽입할 수 있습니다. 그런 다음 라벨 홀더를 선반에 붙이면 제품을 쉽게 소개할 수 있습니다 다양한 용도: 책상 이름표 홀더는 자격을 갖추고 있으며 유용하며 서랍, 책장, 사물함, 캐비닛, 책상, 선반 및 기타 장소와 같이 널리 사용할 수 있습니다. 교실, 사무실, 레스토랑, 서점, 도서관 등에 사용할 수 있습니다","특징: 실용적이고 유용함: 상자 라벨 홀더는 자격을 갖추고 유용하며, 제품, 가격, 품목 이름, 사람 이름 등에 대한 중요한 정보를 설명하는 데 사용할 수 있습니다. 오랜 시간 사용 가능: 고품질 PVC로 제작된 자체 접착 홀더는 자격을 갖추고 신뢰할 수 있으며 쉽게 깨지거나 변형되지 않으며 150개의 선반 라벨을 제공하여 오랫동안 부착할 수 있습니다. 사양: 소재: PVC 및 PET 색상: 사진과 같음 사이즈: 선반 라벨: 1 x 3 cm/ 1 x 3 인치 화이트 카드 스트립: 1 x 3 cm/ 1 x 3 인치 패키지 구성: 라벨 홀더 150개. 종이 라벨 인서트 150개. 참고: 수동 측정이므로 사이즈에 약간의 오차가 있을 수 있습니다. 화면 디스플레이의 차이로 인해 색상이 약간 다를 수 있습니다. 라벨은 제외됩니다.","['라벨', '홀더', '선반', '카드', '이름', '접착', '투명', '태그', '유용하다', '자체']"
사무용품,라벨 및 스티커,라벨 홀더,,B0BKSDRHZL,"라벨 홀더, 롤 및 팬 폴드 라벨용 열 라벨 홀더, 데스크톱 라벨 프린터 배송 용품 산업용 라벨 롤 홀더, 가정, 사무실용 (블랙)",Nelko,25747,19029,4.2,64.0,"【제품 사양】 라벨 홀더 사이즈: 14.9cm x 23.5cm x 11.6cm 색상: 블랙. 라벨 홀더는 가볍고 작으며 책상에 많은 공간을 차지하지 않습니다. 작은 책상 공간에 적합합니다. 【광범위한 호환성】라벨 홀더는 MUNBYN, Rollo, Jiose, iDPRT, Polono 등의 열 배송 라벨 프린터와 호환됩니다. 롤 및 팬 폴드 열 라벨 지원. 【대부분의 라벨 지원】롤 및 팬 폴드(스택) 라벨과 호환되는 라벨 홀더. Nelko 라벨 홀더는 최대 라벨 너비 12.7cm(5인치), 최대 외부 라벨 지름 15.2cm(6인치)를 지원합니다. 미니 내부 코어 사이즈: 롤 라벨용 2.5cm(1인치). 【쉬운 조립】 플러그를 꽂고 플레이하기만 하면 됩니다. 홀더는 기존 롤업을 들어 올리고 홀더에 새 것을 놓기만 하면 다시 장착할 수 있습니다. 조립하기 전에 설명서 비디오를 보는 것이 좋습니다. 배송 라벨 홀더는 사용 시 충분히 안정적입니다. 라벨 용지 홀더는 흔들리거나 느슨해지지 않아 부드러운 라벨 인쇄 경험을 제공합니다. 【독특한 디자인】 MUNBYN 라벨 트레이의 더 높은 베이스는 프린터의 코드가 엉키거나 엉키지 않고 스탠드 아래로 통과할 수 있도록 합니다. 창고, 사무실, 슈퍼마켓, 소매점, 공장, 배송 서비스 및 약국 등에 적합합니다.",,"['라벨', '홀더', '롤', '프린터', '폴드', '팬', '열']"
사무용품,라벨 및 스티커,라벨 홀더,,B0D4Z65VGF,"데스크탑 라벨 프린터용 열 라벨 홀더, 롤 및 팬폴드 라벨용 라벨 홀더, 데스크탑 라벨 프린터용 열 프린터 라벨 홀더",,35996,35996,,,"【다용도 라벨 홀더】: GEOCCI 라벨 홀더는 롤과 팬폴드 라벨 모두를 위해 설계되었으며 다양한 데스크탑 열 프린터와 호환되어 다양한 인쇄 요구 사항을 충족합니다. 홈 오피스 또는 비즈니스용으로 이 홀더는 탁월한 지지력과 성능을 제공합니다 【넓은 호환성】: 사용하는 열 프린터 브랜드에 관계없이 GEOCCI 라벨 홀더는 완벽한 호환성을 제공합니다. 다양한 인쇄 장치에 적합하며 매끄럽고 번거롭지 않은 라벨링 과정을 보장합니다. 【쉬운 설치 및 사용】: 심플한 디자인으로 설치와 사용이 쉽고 복잡한 작동이 필요하지 않습니다. 인체 공학적 디자인으로 라벨을 편리하게 배치하고 검색할 수 있어 작업 흐름 효율성을 향상시킵니다. 【고품질 대나무 소재】: 프리미엄 대나무로 제작되었습니다. 대나무 구조는 안정성과 수명을 보장하여 인쇄 작업에 신선함을 더합니다. 【보관 상자 장착】: 이 라벨 홀더는 보관 상자가 함께 제공되어 가위, 펜 및 기타 문구 및 사무용품을 쉽게 보관할 수 있어 작업 공간을 깔끔하게 정리할 수 있습니다.",【3개월 걱정 없는 반품 및 교환 보장】: 제품 사용 중에 문제가 발생하면 언제든지 저희에게 연락하십시오. 당사는 탁월한 고객 서비스를 제공하기 위해 최선을 다하고 있으며 귀하가 직면할 수 있는 모든 문제를 해결하기 위해 최선을 다할 것입니다.,"['라벨', '홀더', '프린터', '열', '보장', '인쇄', '작업', '데스크탑', '대나무']"
사무용품,라벨 및 스티커,라벨 홀더,,B091DZYWL9,책 카드용 자체 접착 금속 북플레이트 10개 수평 클립 라벨 홀더 - 금속 서랍 태그 라벨 홀더 실버 북플레이트 금속 프레임 사무실 도서관 책 파일 캐비닛 카드 태그 라벨 플레이트,,14113,14113,4.4,51.0,"자체 접착 금속 북플레이트는 접착제, 뒷면이 있는 내구성 있는 금속으로 만들어져 메시지를 쓰거나 판지에 넣을 수 있습니다. 라벨 포켓 자체 접착 10개의 대형 실버 북 플레이트 세트를 사용하여 스크랩북, 사진 앨범 및 아기 책에 라벨을 붙일 수 있습니다. 북플레이트 스티커 라벨 홀더는 7.9 x 3.6cm(3.1 x 1.4인치) 크기의 다용도 금속 북플레이트 10팩, 스크랩북, 사진 앨범 및 아기 책에 라벨을 붙일 수 있는 금속 클립 홀더 10팩. 금속 서랍 태그 라벨 홀더는 자체 접착 뒷면이 있으며, 금속 라벨 홀더 니켈 스티커는 간단히 벗겨서 붙이기만 하면 됩니다. 실버 메탈 서랍 태그 라벨 홀더는 스크랩북, 사진 앨범 및 아기 책, 사진 상자, 신발 상자 등에 라벨을 붙일 수 있습니다. 책 태그용 자체 접착 금속 북플레이트는 사무실 도서관 파일 서랍, 캐비닛, 선반을 정리하는 데 사용할 수 있으며 가정, 사무실, 도서관 및 교실에서도 널리 사용할 수 있습니다.",,"['라벨', '북', '금속', '홀더', '책', '태그', '접착', '자체', '사진', '서랍']"
사무용품,라벨 및 스티커,라벨 홀더,,B081MWMPB3,삽입물이 있는 유리 선반 라벨 홀더 0.6cm(1/4인치)에서 0.9cm(3/8인치) 유리 선반에 적합 - 30팩,,23517,23517,4.6,124.0,완벽한 핏 - 0.6cm(1/4인치)에서 1.9cm(3/8인치) 두께의 유리 선반을 위해 특별히 설계되었습니다 딱 맞는 홀드 - 합성 고무를 사용하여 이 홀더는 유리 선반에 꼭 맞습니다 내구성 - 이 홀더는 내구성을 염두에 두고 설계되었으며 다양한 온도와 환경에서 경쟁자를 능가합니다 간편한 클립 디자인 - 언제든지 쉽게 끼우고 제거할 수 있습니다 3.2 x 7.6cm(1.25 x 3인치) 라벨 인서트를 담을 수 있습니다(30개 포함),,"['선반', '유리', '홀더', '구성', '라벨', '환경', '경쟁자', '고무', '능가', '디자인']"
사무용품,라벨 및 스티커,라벨 홀더,,B0BDG5H5H3,"자체 접착 라벨 홀더, 52개 접착 선반 태그 선반 라벨 홀더 투명 포켓 홀더 종이 포함 슈퍼마켓, 책장, 주방용 (10.9 x 3.2cm(4.3 x 1.2인치))",ELEMGULY,16606,16606,4.6,64.0,"자체 접착 디자인: 투명 라벨 홀더는 자체 접착제로 디자인되어 선반에 단단히 고정할 수 있으며 쉽게 떨어지지 않습니다. 품목 분류에 많은 편리함을 제공합니다. 프리미엄 소재: 접착 카드 홀더는 고품질 비닐로 만들어져 견고하고 오래 지속되며 투명한 디자인으로 아이템을 한눈에 선명하게 만듭니다. 다양한 용도: 선반 라벨 홀더는 매끄러운 표면에 단단히 붙일 수 있으며 도서관, 주방, 슈퍼마켓, 창고, 상점 등의 품목 세부 사항이나 가격을 보여주기에 완벽합니다. 쉬운 작동: 라벨 홀더를 원하는 곳 어디에나 붙인 후 종이를 쉽게 삽입할 수 있으며, 포켓 디자인으로 용지 교체 및 먼지 보호를 쉽게 할 수 있습니다. 포장 목록: 패키지에는 52개의 자체 접착 라벨 홀더 (11 x 3 cm / 4.3 x 1.2 인치) 및 52개의 백지가 포함되어 있습니다.","ELEMGULY 자체 접착 라벨 홀더, 접착 선반 태그 선반 라벨 홀더, 투명 포켓 홀더, 종이 포함, 슈퍼마켓, 책장, 주방용 (52팩, 10.9 x 3.5cm(4.3 x 1.2인치)) 제품 구성: 자체 접착 라벨 홀더 52개. 백지 52장","['홀더', '라벨', '접착', '자체', '선반', '디자인', '포켓', '투명', '슈퍼마켓', '종이']"
사무용품,라벨 및 스티커,라벨 홀더,,B0CXXXQLK6,"빈 카드가 있는 플라스틱 와이어 선반 라벨 홀더 100개, 재사용 가능한 플라스틱 선반 태그 가격 라벨 홀더, 스냅 잠금 장치, 식료품 저장실 소매 슈퍼마켓용 UPC 라벨 가격 디스플레이 홀더 (7.6 x 3.6cm(3 x 1.4인치))",,23531,23531,4.2,3.0,"【효율적인 정리】100피스 플라스틱 와이어 선반 라벨 홀더와 빈 카드 세트로 선반 시스템을 간소화하세요. 각 패키지에는 재사용 가능한 투명 플라스틱 라벨 홀더 100개와 흰색 빈 카드 100장이 포함되어 있으며 7.6 x 3.6cm(3 x 1.4인치) 크기입니다. 와이어 스타일 선반에 맞게 설계된 이 선반 태그는 라벨 홀더를 고정할 수 있는 바가 장착된 모든 선반 디자인에 사용할 수 있을 만큼 다재다능합니다. 【내구성 있는 구조】프리미엄 품질의 플라스틱으로 제작된 와이어 선반 라벨 홀더는 바쁜 소매 환경에서 일상적인 사용을 견딜 수 있도록 제작되었습니다. 이 튼튼한 홀더는 여러 번 재사용할 수 있어 오래 지속되는 내구성을 보장합니다. 높이 3.6cm(1.4인치) x 너비 7.6cm(3인치) 와이어 랙 라벨은 가격과 UPC 정보를 명확하게 표시할 수 있는 충분한 공간을 제공하여 선반을 정리하고 제품을 쉽게 식별할 수 있습니다. 【안전한 배치】당사의 라벨 홀더는 타이트하고 안전한 스냅 잠금 클로저가 있는 쉬운 클립 디자인으로 최대 1cm(0.39인치)의 와이어 직경을 수용할 수 있습니다. 선반에 고정되면 이 홀더는 제자리에 단단히 고정되어 우발적인 변위를 방지합니다. 클립을 열어 의도적으로 제거할 때까지 라벨은 안전하게 부착된 상태로 유지됩니다. 【간단한 설치】와이어 랙 라벨을 사용하면 설치가 간편합니다. 포함된 빈 카드에 라벨 정보를 적은 다음 라벨 홀더에 삽입하십시오. 필요한 곳 어디에나 홀더를 와이어 선반에 고정하면 모든 준비가 완료됩니다. 라벨 정보를 변경하거나 홀더를 다른 위치로 옮겨야 합니까? 문제 없습니다 - 저희 시스템은 사용자의 편의를 위해 쉽게 조절할 수 있습니다. 【다용도 용도】식료품 저장실, 창고, 편의점, 식료품, 소매점, 쇼핑몰 또는 슈퍼마켓을 정리할 때 당사의 와이어 선반 라벨 홀더는 작업에 달려 있습니다. 가격, UPC 라벨, 재고 상품 식별 또는 선반 공간 표시에 사용하세요. 효율적인 라벨 홀더 시스템으로 정리 과정을 단순화하고 선반을 깔끔하게 유지하세요.",,"['라벨', '홀더', '선반', '와이어', '플라스틱', '정리', '고정', '카드']"
사무용품,라벨 및 스티커,라벨 홀더,,B09MTF4SZX,15피스 이동식 선반 라벨 홀더 투명 선반 태그 이동식 도서관 선반 마커 투명 선반 라벨 디스플레이 홀더 교실 사무실 도서관 책장용 (23.1 x 7.6 x 4.4cm(9.06 x 3.03 x 1.57인치)),,18683,18683,4.4,267.0,"쉬운 설치: 이동식 선반 라벨 홀더는 도서관, 공부방, 교실 및 사무실 등의 책장에 쉽게 놓을 수 있어 편리하고 빠릅니다. 라벨을 측면에서 홀더에 당겨 마킹을 완료할 수 있습니다 투명한 디자인 및 필름 보호: 책 선반 라벨 홀더는 가시성이 높은 투명 소재로 만들어져 라벨의 내용물을 명확하게 볼 수 있습니다. 참고: 이 라벨 홀더는 표면에 보호 필름이 있어 사용하기 전에 떼어내십시오 유연한 디자인: 움직일 수 있는 선반 라벨은 구부릴 수 있으며 쉽게 부서지지 않아 사용하기 유연하고 오랫동안 사용할 수 있습니다 패키지 구성: 라벨이 포함되지 않은 15개의 책장 라벨 칸막이를 받게 됩니다. 매일 사용하고 교체할 수 있는 충분한 수량입니다. 가족 및 친구들과 공유할 수도 있습니다 탈착식 디자인: 투명한 선반 태그를 원하는 대로 놓을 수 있어 책을 정리하고 표시할 수 있어 시간과 노력을 절약할 수 있습니다",,"['라벨', '선반', '홀더', '도서관', '이동식', '투명', '책장', '디자인', '보호', '필름']"
사무용품,라벨 및 스티커,라벨 홀더,,B08XYGQMWV,"7슬롯 요일 커버 라벨 디스펜서 (1.9cm(3/4인치) 또는 2.5cm(1인치) 라벨용) - 재고 관리 및 식사 준비를 위한 식품 스티커 홀더, 내부 라벨 보호",QSRProducts,51231,51231,4.5,89.0,"최대 7개의 2.5cm(1인치) 또는 1.9cm(3/4인치) 라벨 롤로 재고를 쉽게 정리하고 관리할 수 있습니다 빠른 롤 교체를 위한 번거롭지 않은 라벨 교체 디스펜서는 미끄럼 방지 및 방수 기능이 있어 모든 환경에 적합합니다 음식 FIFO 관리 및 식사 준비에 적합하며, 명확한 요일 라벨로 먼저 어떤 재료를 사용해야 하는지 정확히 알 수 있습니다 당사의 디스펜서는 벽 장착 또는 조리대 사용에 다용도로 사용할 수 있습니다","QSRProducts 7 슬롯 라벨 디스펜서를 소개합니다. 바쁜 주방에서 요일 라벨을 정리할 수 있는 완벽한 도구입니다. 견고한 디자인과 라벨 커버가 있는 이 디스펜서는 미끄럼 방지 및 방수 기능이 있어 레스토랑, QSR, 병원, 약국 및 실험실에서 사용하기에 이상적입니다. 이 제품의 주요 특징과 장점은 다음과 같습니다. 2.5cm(1인치) 또는 1.9cm(3/4인치) 라벨 롤 7개를 담을 수 있어 식품 FIFO 관리에 적합합니다. 라벨 커버가 있는 견고한 디자인은 라벨을 정리하고 흘리지 않도록 보호하여 쉽게 교체할 수 있으며 음식물 쓰레기를 줄입니다. 디스펜서는 미끄럼 방지 및 방수 기능이 있어 바쁜 주방 환경에서 사용하기에 적합합니다. 디스펜서는 벽에 걸거나 탁상용 랙으로 사용할 수 있어 작업 공간에 유연성을 제공합니다. 포함된 칸막이는 라벨을 정리하는 데 도움이 되지만 일부 라벨은 라벨이 없으면 더 잘 맞습니다. 다른 기능으로는 바 스타일 라벨, 리본 및 읽기 쉬운 도트 라벨과의 호환성이 있습니다. 당사의 스티커 디스펜서는 식품 서비스 시설, 실험실, 약국 또는 병원에서 정리와 효율성을 개선하려는 모든 사람을 위한 최고의 라벨링 솔루션입니다. 견고한 디자인, 미끄럼 방지 안정성 및 쉬운 디스펜싱 메커니즘을 갖춘 이 제품은 재고를 관리하고 폐기물을 방지하는 데 도움이 되는 완벽한 도구입니다.","['라벨', '스펜서', '관리', '방지', '정리', '미끄럼', '요일', '재고', '디자인', '식품']"
사무용품,라벨 및 스티커,라벨 홀더,,B0BVM6QFVB,"조절 가능한 라벨 디스펜서 1개, 디스크 3개, 스티커 롤 홀더, 스티커 디스펜서, 투명 라벨 롤 홀더, 아크릴 테이프 디스펜서, 스티커 홀더, 오거나이저 라벨 스탠드, 사무실, 홈 데스크탑용",Geosar,23531,23531,4.6,40.0,"투명 및 조절 가능: 라벨 롤 홀더는 투명한 외관과 3개의 조절 가능한 디스크 디자인을 채택하여 내부의 스티커나 라벨을 명확하게 보고 원하는 대로 조정할 수 있으며 필요한 것을 빠르게 찾을 수 있어 보기 쉽고 작업 효율성을 향상시킬 수 있습니다 장시간 사용: 투명 테이프 디스펜서는 고품질 아크릴로 만들어져 견고하고 신뢰할 수 있으며 쉽게 깨지거나 변형되지 않으며 오랫동안 자신 있게 부착할 수 있습니다 쉬운 조립: 스티커 롤 디스펜서를 아크릴 포스트에 넣고 기둥을 홈에 넣으면 라벨을 안에 넣을 수 있으며 조립과 사용이 편리합니다. 양면의 보호 용지를 손으로 부드럽게 벗겨냅니다 상세 사이즈: 스티커 롤 홀더의 크기는 약 너비, 깊이 및 높이 13.4 x 19.1cm(5-1/4 x 4-1/2 x 7-1/8인치), 라벨을 잃어버릴 걱정 없이 정리할 수 있는 충분한 공간 다양한 용도: 아크릴 테이프 디스펜서는 가정, 학교, 사무실, 도서관, 레스토랑 등과 같은 다양한 상황과 목적으로 사용할 수 있습니다. 라벨, 스티커, 테이프 등을 보관하는 데 사용할 수 있어 책상을 정리하고 공간을 절약할 수 있습니다",,"['라벨', '스티커', '스펜서', '홀더', '롤', '아크릴', '테이프', '조절', '투명', '디스크']"
사무용품,라벨 및 스티커,라벨 홀더,,B0BVQMDTWR,"선반 라벨 7.6 x 2.5cm(3 x 1인치) 서랍 라벨 60개, 백서 선반 태그 60개, 플라스틱 라벨 홀더, 투명 접착 선반 라벨, 보관함, 책장 우편함용",WSICSE,16606,13822,4.3,93.0,"패키지 포함: 선반 라벨 60개와 백지 라벨 60장을 받게 되며, 라벨 홀더의 크기는 약 7.6 x 2.5cm(3 x 1인치)이며 일상적인 사용 및 교체 요구 사항을 충족하기에 충분한 수량과 적절한 크기입니다 고품질 소재: 프리미엄 PVC 소재로 만든 보관함용 라벨은 강하고 오래 지속되며 쉽게 깨지거나 변형되지 않으며 방수 소재, 뒷면의 PET 투명 테이프는 강한 점도를 가지고 있으며 오랫동안 사용할 수 있습니다 간편한 사용: 플라스틱 라벨 홀더는 사용하기 쉽고, 라벨 용지에 정보를 적은 다음 카드를 라벨 홀더에 삽입하고, 접착 뒷면을 떼어내고, 라벨 홀더를 원하는 곳에 붙이면 강하고 쉽게 떨어지지 않습니다 투명한 디자인: 서랍 라벨은 투명한 디자인이 특징이며, 내부의 라벨 내용을 명확하게 식별할 수 있으며, 원하는 것을 쉽게 찾을 수 있습니다. 방수 소재로 제품 정보가 손상되지 않도록 하여 삶을 더욱 편리하게 만듭니다 다양한 용도: 투명 라벨 홀더는 상점, 슈퍼마켓, 서점에 부착할 수 있으며, 고객이 제품 가격을 빠르게 알 수 있도록 도와주며, 도서관, 파일 서랍, 보관함, 사무실에도 적용하여 물건을 빠르고 쉽게 찾을 수 있습니다",,"['라벨', '홀더', '선반', '서랍', '투명', '강하다', '보관', '디자인', '투명하다', '플라스틱']"
사무용품,라벨 및 스티커,라벨 홀더,,B00895V3TK,SmartSign 마그네틱 'C' 채널 라벨 홀더 25개 팩 | 1.3cm x 5.1cm(0.5인치 x 2인치),,13780,13780,4.6,932.0,"디자인. 100% 자석 소재는 어떤 용도에서도 완전한 접착력을 보장하며, 독특한 C-채널 디자인으로 라벨을 쉽게 밀어 넣을 수 있습니다. 사이즈: 마그네틱 라벨 홀더는 1.3cm x 5.1cm(0.5인치 x 2인치)이며 두께는 0.1cm(1/16인치)입니다. 팩 구성. 팩에는 25개의 자석 라벨 홀더와 종이 인서트가 포함되어 있습니다. 용도: C-채널 마그네틱 라벨 홀더는 금속 랙, 서랍 및 선반에 최고의 선택입니다. 라벨 홀더. 이 C-채널 마그네틱 라벨 홀더로 쉽게 라벨링하고 라벨을 다시 붙일 수 있습니다.",,"['라벨', '홀더', '채널', '마그네틱', '자석', '디자인']"
사무용품,라벨 및 스티커,라벨 홀더,,B000J07EJQ,"C-Line 자체 접착 라벨 홀더, 상단 하중, 1.3 x 7.6cm(0.5 x 3인치), 투명, 50개/팩",C-Line,17229,17229,4.1,243.0,"선반, 서랍, 파일, 통 등을 쉽게 라벨링할 수 있는 최고의 가성비 투명 플라스틱 홀더는 거의 모든 깨끗하고 평평한 표면에 부착됩니다 사용하기 쉬운 오픈 엣지, 상단 로딩 디자인 제거 및 재배치 가능 교체하기 쉬운 인서트 포함","플라스틱 홀더를 사용하여 선반 라벨을 보관하면 물건이 어디에 보관되어 있는지 즉시 알 수 있습니다. 경제적인 홀더를 사용하면 선반, 서랍, 파일, 통 등에 빠르게 라벨을 붙일 수 있습니다. 탈착식 투명 플라스틱 홀더는 거의 모든 깨끗하고 평평한 표면에 부착됩니다. 원하는 크기로 자릅니다. 사용하기 쉬운 오픈 엣지, 상단 로딩 디자인으로 인서트를 빠르게 교체할 수 있습니다. 빈 인서트가 포함되어 있습니다.","['홀더', '라벨', '플라스틱', '투명', '선반', '쉽다', '인서트', '오픈', '깨끗하다', '디자인']"
사무용품,라벨 및 스티커,라벨 홀더,,B08R91QYCP,"라벨 홀더, 롤 및 팬 폴드 라벨과 호환, 열 라벨 용지 홀더, 데스크탑 라벨 프린터 액세서리",AOBIO,13836,12451,4.5,293.0,"[광범위한 호환] - Aobio 배송 라벨 홀더는 대부분의 열 라벨 프린터에 적합합니다. 배송 라벨, 세탁 마크, 의류 태그, 롤 스티커 등에 사용하세요. [적용 가능한 라벨 사이즈] - 최대 내부 너비 사이즈: 4.3인치; 최대 내부 길이: 7인치. 라벨 사이즈가 이 범위 안에 있는지 확인하십시오. [2 in 1] - 열 라벨 용지 스탠드는 롤 및 팬폴드 라벨과 호환되므로 매우 편리합니다. [쉬운 조립] - 4단계 이내에 쉽게 조립할 수 있으며 1분 이상 걸리지 않습니다. [공간 절약] - 이 열 라벨 트레이는 다른 라벨 홀더보다 작으며 분리 및 휴대가 가능합니다.",,"['라벨', '열', '호환', '롤', '홀더', '조립', '내부', '용지', '가능하다', '프린터']"
사무용품,라벨 및 스티커,라벨 홀더,,B0BWDZ7GJG,Fainne 30피스 C 채널 마그네틱 라벨 홀더 10.2 x 5.1cm(4 x 2인치) 화이트 카드 인서트 투명 플라스틱 보호 선반 라벨 자석 이름 태그 자석 공구 상자 라벨 금속 화이트보드 랙용,,33226,33226,4.3,11.0,"멋진 조합: 블랙 마그네틱 라벨 홀더 30개, 투명 보호 필름 30개, 흰색 교체 용지 60장, 일상적인 사용 요구 사항을 충족하고 동료와 공유할 수 있도록 적절한 수량을 받게 됩니다 주목할만한 사이즈 정보: 자석 명판의 크기는 약 101.6 x 50.8 mm (4 x 2 인치), 책과 선반을 깔끔하게 맞추고 관리할 수 있는 적절한 크기로 편안하고 아늑한 느낌을 줍니다 클래식한 흑백 색상 디자인: 자석 이름표는 클래식한 흑백 색상 디자인을 적용하며, 간단하고 다용도로 사용할 수 있으며 다양한 상황에 적합하며 다른 용품과 어울리는 적절한 크기입니다 간편한 사용: 마그네틱 데이터 카드 홀더를 사용하면 작업 공간을 빠르게 정리할 수 있습니다. 홀더가 제공하는 교체 용지에 메모를 작성한 다음 용지를 보호 필름 안에 넣고 라벨 홀더를 평평한 표면에 연결할 수 있습니다 실용적이고 효과적: 자석이 달린 선반 라벨 홀더는 집이나 직장을 정리하는 데 유용합니다. 라벨에 이름을 표시하고 여러 범주의 상품 앞에 놓을 수 있습니다. 분류하고 검색할 때 라벨에 따라 품목을 쉽게 찾을 수 있어 실용적이고 효과적입니다",,"['라벨', '홀더', '자석', '이름', '마그네틱', '용지', '보호', '적절하다', '선반', '카드']"
사무용품,라벨 및 스티커,라벨 홀더,,B09FJF273H,"플라스틱 라벨 홀더, 투명 바스켓 라벨 홀더, 투명 라벨 홀더, 와이어 선반 라벨 홀더, 가격표, 티켓 행거 클립, 쉬운 버튼 디자인 잠금 클로저, 바구니 시장용(60개)",,21592,21592,4.1,60.0,"패키지 수량: 많은 양의 플라스틱 라벨 홀더를 받게 되며, 각 플라스틱 라벨 홀더에 2개의 플라스틱 잠금 클로저가 포함되어 있습니다. 이는 삶과 직장에서 기본적인 요구 사항을 충족하기에 적절한 수량이며, 주변 사람들과 공유하거나 라벨 홀더가 급하게 필요한 사람들에게 빌려줄 수도 있습니다 적절한 사이즈: 이 와이어 선반 라벨 홀더는 각각 약 10 x 5.5 cm/4 x 2.2 인치, 10 x 1.5 인치/3.9 x 1.5 인치 이하 크기의 라벨에 적합한 크기입니다. 주문 전에 라벨 크기를 확인하십시오 간편한 사용: 이 바구니 라벨 홀더를 부착하려면 라벨을 투명 홀더에 밀어 넣은 다음 2개의 작은 플라스틱 잠금 클로저(포함)로 홀더를 버클로 잠그고 라벨 홀더를 고정하고 싶은 위치에 고정하기만 하면 됩니다. 전체 과정은 간단하므로 어린이와 노인도 다룰 수 있습니다 적합한 용도: 쉬운 버튼 디자인 잠금 클로저가 있는 가격표 티켓 행거 클립은 슈퍼마켓, 상점, 식료품점, 베이커리, 약국, 창고, 액세서리 상점, 서점, 주방 등 많은 경우에 널리 사용할 수 있으며 대나무 바구니, 스테인리스 스틸 바구니 등에 고정할 수 있습니다 고품질 소재: 이 플라스틱 라벨 홀더는 고품질 PVC 플라스틱 소재로 만들어져 튼튼하고 유용하며 오래 사용할 수 있어 라벨 홀더가 떨어지거나 찢어지는 것을 방지합니다. 추가 버튼 디자인 잠금 클로저가 제공되어 보다 쉽고 편리하게 사용할 수 있습니다","특징: 적합한 대상: 이 투명 라벨 홀더는 상점 소유자, 상점 근로자, 요리사, 레스토랑 근로자, 창고 소유자, 약국 직원, 베이커리 보조원, 슈퍼마켓 보조원 및 많은 것을 관리할 수 있는 많은 사람들이 소모품으로 사용할 수 있습니다. 가시성: 이 가격표 행거 클립은 투명하여 중요한 정보를 차단하지 않고 양쪽에서 전체 라벨을 볼 수 있으며 사용하기 편리하며 몸 전체의 실용성, 단순성 및 신뢰성을 제공합니다. 사양: 소재: PVC 플라스틱 색상: 그림과 같음 사이즈: 약 10 x 5.5cm/3.9 x 2.2인치. 패키지 구성: 플라스틱 라벨 홀더 60개 참고: 수동 측정이므로 사이즈에 약간의 오차가 있을 수 있습니다. 화면 디스플레이에 따라 색상이 약간 다를 수 있습니다. 주문 전에 라벨 사이즈를 확인하십시오.","['라벨', '홀더', '플라스틱', '클로저', '바구니', '투명', '상점']"
사무용품,라벨 및 스티커,라벨 홀더,,B08CR2SJF9,롤 및 팬폴드 라벨용 열 라벨 홀더 데스크탑 라벨 프린터와 함께 작동 (블랙),trohestar,19223,19223,4.7,1022.0,"롤 및 스택 라벨과 호환되며 열 프린터 및 기타 많은 데스크탑 라벨 프린터와 함께 사용할 수 있으며 배송업체 및 전자 상거래 회사에 적합합니다. 최대 17.8cm(7인치) 롤 직경과 17.8cm(7인치) x 9.9cm(3.9인치)의 팬 폴드 라벨 덕분에 UPC 코드, 배송 라벨 및 FBA 라벨을 포함하여 다양한 크기의 라벨을 쉽게 교체할 수 있습니다. 조립 및 분해가 쉽습니다. 조립 가이드를 참조하십시오. 중앙 스핀들은 회전할 수 없습니다. 라벨 홀더의 크기는 19.8*13.5*15.5cm입니다. 저희 제품은 사무실 공간을 너무 많이 차지하지 않습니다. Trohestar 의 목표는 고객에게 고품질의 제품과 서비스를 제공하는 것입니다. 제품에 문제가 있으시면 저희에게 연락하십시오.",,"['라벨', '프린터', '롤', '홀더', '데스크탑', '조립', '열']"
사무용품,라벨 및 스티커,라벨 홀더,,B09CYNKRGR,"ELEMGULY 와이어 선반 라벨 홀더, 메트로 3.2cm(1-1/4인치) 선반과 호환, 30팩 길이 7.6cm(3인치) x 높이 2.4cm(1.4인치) 플라스틱 와이어 선반 라벨 클립, 라벨 용지 탈착식 와이어 랙 라벨 홀더 디스플레이 클립 포함",,20761,20761,4.3,43.0,"프리미엄 소재: 와이어 선반 라벨 홀더는 고품질의 투명 PVC 플라스틱으로 만들어져 쉽게 깨지지 않으며 내구성이 뛰어나고 재사용이 가능하여 제품의 세부 사항을 보여줍니다. 호환성 지정: 각 라벨 홀더의 사양은 길이 7.6cm(3인치) x 높이 3.4cm(1.4인치)입니다. Metro 및 기타 3.2cm(1-1/4인치) 와이어 선반에만 호환되므로 구매 전에 와이어 선반을 측정하십시오. 쉬운 작동: 종이를 삽입한 후 와이어 선반에 라벨 홀더를 쉽게 고정할 수 있으며, 제거 및 이동이 쉽고, 가정, 슈퍼마켓, 소매점 등을 보관할 때 더 편리하게 정보를 보여줄 수 있습니다. 효율적인 식별: 와이어 선반 라벨 클립은 제품을 빠르게 식별하고 효율성을 개선하며 시간을 절약하는 데 도움이 됩니다. 포장 목록: 패키지에는 길이 7.6cm(3인치) x 높이 3.4cm(1.4인치) 와이어 선반 라벨 홀더 30개와 백지 30장이 함께 제공됩니다.","와이어 선반 라벨 홀더, LEMGU 30팩 길이 7.6cm(3인치) x 높이 3.4cm(1.4인치) 플라스틱 와이어 선반 라벨 클립, 라벨 용지 포함, 탈착식 와이어 랙 라벨 홀더 디스플레이 클립 메트로 3.2cm(1-1/4인치) 선반 세부 정보: 사이즈: 7.6cm(3인치) 길이 x 3.2cm(1.4인치) 높이 소재: 프리미엄 PVC 플라스틱 색상: 투명 포장 목록: 30와이어 선반 라벨 홀더 30개 참고: 만 호환 호환 만 호환 Metro 및 기타 3.8cm(1-1/4인치) 와이어 선반의 경우 구입하기 전에 와이어 선반을 측정하십시오.","['와이어', '선반', '라벨', '홀더', '호환', '클립', '플라스틱']"
사무용품,라벨 및 스티커,라벨 홀더,,B08VWMM5CW,"롤 및 팬 폴드 라벨용 라벨 홀더, 10.2 x 15.2cm(4 x 6인치) 열 라벨 프린터용 스탠드, 데스크탑 프린터 및 배송 라벨 프린터용 액세서리",Ü Heartray,11066,11066,4.6,380.0,"롤 및 팬 폴드 라벨용 라벨 홀더 조립이 매우 쉽습니다. UHRP420 라벨 프린터 및 대부분의 열 라벨 프린터 및 배송 라벨 프린터와 호환됩니다 화이트 또는 블랙 프린터에 맞는 화이트(아이보리 화이트) 디자인. 높은 기계적 강도, 인성, 순수함의 특성을 가진 PPR 소재 너비 3.8cm(1.5인치)에서 10.2cm(4.09인치)까지 라벨 고정, 10.2cm(4인치) x 10.2cm(4인치), 10.2cm(4인치) x 5.1cm(4인치), 10.2cm(4인치) x 2.5cm(2인치), 10.2cm(4인치) x 2.5cm(2인치)",,"['라벨', '프린터', '화이트', '폴드', '팬', '열', '홀더', '롤']"
사무용품,라벨 및 스티커,라벨 홀더,,B09XTVDQTF,"150피스 와이어 선반 라벨 홀더 와이어 라벨 홀더 플라스틱 선반 태그 와이어 선반 메트로 선반 클립 선반 라벨 클립, 라벨 용지 인서트 포함, 3.2cm(1-1/4인치) 선반과 호환",,37381,35996,4.0,37.0,"사이즈 정보: 선반 라벨 클립의 길이는 약 7.5cm(3인치)/7.5cm(3인치), 높이는 약 3.2cm(1.25인치)이며 지하철 및 기타 3.2cm(1-1/4인치) 와이어 선반과 호환되는 적절한 크기입니다. 주문하기 전에 와이어 선반을 측정하고 사이즈 세부 정보를 확인하십시오 설치 시간 절약: 메트로 선반 라벨은 태그에 쉽게 끼울 수 있습니다. 종이 인서트에 필요한 것을 적은 다음 종이 라벨을 플라스틱 홀더에 넣고 전시하려는 제품 앞에 클립으로 고정할 수 있습니다. 언제든지 제거할 수도 있습니다 투명하고 신뢰할 수 있는 소재: 이 선반용 라벨 클립은 투명 PVC 플라스틱으로 만들어져 견고하고 품질이 좋으며 쉽게 깨지거나 변형되지 않으며 서비스 및 재사용이 가능하여 오랫동안 사용할 수 있으며 투명한 디자인으로 라벨을 간단하게 볼 수 있습니다 다양한 용도: 메트로 선반 라벨은 책장, 지하철 선반, 주방 선반을 정리하는 데 널리 사용할 수 있으며 슈퍼마켓, 상점, 레스토랑, 쇼핑몰 및 기타 행사에도 사용할 수 있습니다 많은 양: 와이어 선반용 투명 라벨 홀더 150개와 라벨 용지 인서트 150개를 받게 되며, 일상적인 사용에 맞는 멋진 조합 세트로 모든 것이 제자리에 있는지 확인할 수 있습니다",,"['선반', '라벨', '와이어', '클립', '홀더', '플라스틱', '인서트', '메트로']"
사무용품,라벨 및 스티커,라벨 홀더,,B0CRQVNC54,"60팩 투명 자체 접착 라벨 포켓, 10.2 x 5.1cm(4 x 2인치) 라벨 홀더 인덱스 카드 포켓 카드 홀더 선반 라벨 홀더 정리용",IheDovb,11066,11066,4.7,12.0,"자체 접착: 당사의 접착 라벨 포켓은 뒷면에 점도가 높기 때문에 필요한 곳 어디에나 붙일 수 있습니다. 선명한 시각적 디자인: 이 투명 접착 포켓은 정보를 보고 물건을 더 잘 분류하는 데 편리합니다. 정리 유지: 당사의 접착 포켓은 물건을 분류하고 정리할 수 있습니다. PVC 소재는 방수 기능이 있으며 먼지, 지문 또는 먼지를 방지합니다. 사이즈: 다양한 사이즈 (8.9cm, 9.4cm x 13.5cm, 12.2*9.1cm) 선택하실 수 있습니다. 실제 필요에 따라 올바른 사이즈를 선택할 수 있습니다. 다양한 용도: 집, 사무실, 학교, 도서관 등에서 이 카드 라벨 홀더 포켓을 사용할 수 있으며 창고 선반, 파일 서랍, 캐비닛, 보관함을 분류하는 데 도움이 됩니다.",,"['포켓', '라벨', '접착', '홀더', '분류', '카드', '정리', '자체', '선반', '선택']"
사무용품,라벨 및 스티커,라벨 홀더,,B07YP2QMWT,롤 및 팬 폴드 라벨용 열 라벨 홀더 데스크탑 열 프린터 라벨 홀더 블랙,,13822,13822,4.4,270.0,"Zebra, Rollo, Brother, Godex, Sato 등과 같은 대부분의 브랜드와 호환됩니다. 조립이 쉽고, 5개만 있습니다. (베이스, 양면, 뒷면, 스핀들) 롤 및 팬 폴드 (스택) 라벨과 호환 가능. 최소. 내부 코어 사이즈: 1 인치 - 최대 외부 지름 9 인치 - 최대 라벨 너비 5 인치","Zebra, Rollo, Brother, Godex, Sato 등과 같은 대부분의 브랜드와 호환됩니다. 롤 및 팬 폴드 (스택) 라벨과 호환되며 조립이 쉽고, 5 개만 가능합니다. (베이스, 양면, 후면 및 스핀들) 모던하고 매끄러운 로우 프로파일 디자인 미니. 내부 코어 사이즈: 1인치 - 최대 외부 직경 6인치 - 최대 라벨 너비 4인치","['라벨', '호환', '폴드', '팬', '롤', '홀더', '열', '내부', '베이스', '스택']"
사무용품,라벨 및 스티커,라벨 홀더,,B0C55J4BKB,"라벨 홀더, 열 라벨 홀더, 배송 라벨 롤 홀더, 팬 폴드 및 롤 라벨과 호환, 데스크탑 라벨 프린터/열 라벨 프린터와 함께 작동, 사무실 및 가정용 - 화이트",ALAHUGYEF,8296,8296,4.4,21.0,"정교한 소재: 열전사 프린터 라벨 홀더는 고품질 플라스틱 소재로 만들어졌으며 정교한 솜씨, 거친 부분이 없는 매끄러운 가장자리, 쉽게 깨지지 않음, 안정적이고 신뢰할 수 있으며 강하고 내구성이 뛰어나며 가벼운 크기로 자유롭게 놓을 수 있으며 공간을 차지하지 않으며 효율적으로 인쇄할 수 있습니다. 실용적인 기능: 이 라벨 롤 홀더를 사용하여 라벨을 항상 정렬할 수 있습니다. 라벨 용지가 잘못 놓이거나 미끄러질 염려가 없습니다. 라벨 용지를 롤 용 라벨 홀더에 넣으면 여러 라벨을 쉽게 인쇄 할 수 있습니다. 모든 정리 유지: 당사의 프린터 용지 라벨 홀더는 조립 및 분해가 쉽고, 프린터의 와이어가 라벨 홀더 아래로 통과할 수 있도록 더 높은 베이스로 설계되어 와이어 엉킴을 방지하고 작업 공간을 깔끔하게 정리할 수 있습니다. 다양한 용도: 사무실, 슈퍼마켓, 소매점, 창고, 공장, 특급 매장 및 기타 장소에서 사용하기에 적합합니다. 감열지 라벨, 창고 라벨, 배송 라벨, 바코드, ID 라벨, 제품 라벨, 슈퍼마켓 라벨 등을 지원합니다. 강력한 호환성: 다양한 열 라벨 프린터와 호환되며 접이식 및 롤 라벨과 호환되며 최대 크기가 180x100mm/7x4인치인 스택 열 라벨 시트를 지원합니다. 라벨 홀더를 사용하여 제품 라벨/배송 주소 라벨/창고 라벨을 보다 쉽고 효율적으로 인쇄할 수 있습니다.","열 라벨 홀더의 장점은 무엇입니까? 1. 라벨 홀더는 롤 및 접힌(스택) 라벨과 호환되며 최대 크기가 180x100mm/7x4인치인 스택 열 라벨 시트를 지원합니다. 2. 롤용 라벨 디스펜서는 고품질 플라스틱 소재로 만들어졌으며 가장자리가 매끄럽고 거친 부분이 없으며 내구성이 뛰어나 장시간 사용할 수 있습니다. 3. 사무실, 슈퍼마켓, 소매점, 창고, 공장, 특급 매장 및 기타 장소에서 사용하기에 적합합니다. 4. 이 라벨 홀더를 사용하여 라벨을 항상 정렬하여 여러 라벨을 쉽고 부드럽게 인쇄할 수 있습니다. 5. 당사의 프린터 용지 라벨 홀더는 더 높은 베이스로 설계되어 프린터의 와이어가 라벨 홀더 아래로 통과할 수 있어 엉킴과 지저분함을 방지합니다. 속성: 재료: 플라스틱 색상: 화이트 사이즈: 그림과 같음. 패키지 구성: 라벨 홀더 1개. 판매 후 : 열전사 프린터용 라벨 홀더에 대해 궁금한 점이 있으시면 제때 저희에게 연락해 주십시오. 가능한 한 빨리 질문을 해결해 드리겠습니다. 유용한 팁: 치수는 수동으로 측정되므로 약간의 오차가 있을 수 있습니다. 모니터의 색상 설정으로 인해 온라인 이미지와 색상이 약간 다를 수 있습니다. 실제 제품을 참조하십시오. 이해해 주셔서 감사합니다.","['라벨', '홀더', '프린터', '열', '롤']"
사무용품,라벨 및 스티커,라벨 홀더,,B0CWK7L8S8,"롤 및 팬 폴드용 열 배송 라벨 홀더, 데스크탑 프린터 스탠드 및 깨지기 쉬운 스티커 디스펜서 정리함 - 홀로그램 비닐 스티커 메이커용 홈 오피스 액세서리 (핑크)",Bizggco,11066,11066,4.6,97.0,"【다용도】 Bizggco 라벨 홀더는 창고, 사무실, 슈퍼마켓, 소매점, 공장, 택배사, 약국 및 홈 오피스 등 다양한 환경을 위해 전문적으로 설계되었습니다. 다양한 설정에서 정리를 간소화하는 다용도 액세서리입니다 【넓은 호환성】저희 홀더는 깨지기 쉬운 배송 스티커부터 홀로그램 스티커 용지 및 라벨 테이프에 이르기까지 광범위한 라벨 유형을 지원합니다. 대부분의 주요 감열식 프린터 라벨 브랜드와 보편적으로 호환되므로 모든 라벨링 요구 사항을 포괄적으로 커버합니다 【간편한 설치】복잡한 조립품에 작별을 고하세요. 당사의 라벨 홀더는 라벨 인쇄 루틴을 단순화하고 간단한 순간에 설치할 수 있습니다. 최대 외부 직경 17.8cm(7인치)의 롤 라벨과 최대 길이 18.5cm(7.3인치), 너비 10.9cm(4.3인치)의 팬 폴드 라벨을 수용할 수 있습니다 【매끄러운 디자인】20.3 x 14 x 15.2cm(8 x 5.5 x 6인치) 크기의 라벨 홀더는 홈 오피스 액세서리에 세련된 추가 아이템으로 미학적으로 만족스러운 작업 공간을 보장합니다. Bizggco 라벨 홀더로 라벨 제작 과정을 최적화하세요. 효율성을 높이고 작업을 정리하며 작업 공간을 깔끔하게 유지하는 데 좋습니다 【공간 절약】 기능은 디자인의 최전선에 있습니다. 스티커, 열 라벨 및 d30 라벨 테이프를 깔끔하게 정리하고 쉽게 꺼낼 수 있도록 유지하면서 소중한 공간을 절약하세요",,"['라벨', '홀더', '스티커', '정리', '공간', '액세서리', '홈', '작업', '오피스']"
사무용품,라벨 및 스티커,라벨 홀더,,B0BNL5QLQP,투명 접착 포켓 8.9 x 8.9cm(3.5 x 3.5인치) 라벨 홀더 플라스틱 사진 슬리브 사각형 라벨 포켓 홀더 학교 도서관 사무실 홈 비즈니스 인덱스 카드 라벨 보관 상자 캐비닛 용품 50개,,22146,16606,4.6,62.0,"자체 접착 특성: 이 투명 접착 포켓은 자체 접착 뒷면이 있어 금속, 목재, 유리, 종이, 판지, 석회 벽, 타일 등을 포함한 모든 매끄러운 표면에 잘 붙일 수 있으며 자체 접착 라벨 포켓에서 인덱스 카드를 쉽게 삽입하거나 제거할 수 있습니다 신뢰할 수 있는 고품질 소재: 당사의 라벨 홀더는 주로 고품질 비닐 플라스틱 소재로 만들어져 견고하고 견고하며 방수, 방진 및 긁힘 방지 기능이 있으며 가볍고 재사용이 가능하며 신뢰할 수 있는 소재로 오랫동안 사용할 수 있습니다 정리 유지: 인덱스 카드 홀더에 인덱스 카드를 삽입한 다음 투명 자체 접착 포켓을 케이스, 상자, 사진 앨범, 용기, 책, 책상, 사물함, 캐비닛, 선반에 부착하여 지저분할 뿐만 아니라 중요한 정보와 물건의 손실을 방지합니다 적합한 사이즈: 자체 접착 사진 슬리브는 약 8.9 x 8.9cm(3.5 x 3.5인치)이며 적당한 크기로 사무실, 교실, 학교, 가정, 창고 표시 및 정리에 적합하며 많은 공간을 차지하지 않으며 휴대와 보관이 쉽습니다 충분한 사용 및 공유: 하나의 패키지에 50개의 접착 플라스틱 포켓이 제공됩니다. 충분한 수량으로 일상적인 사용 및 교체 요구 사항을 충족할 수 있습니다. 동시에 다른 사람들과 공유할 수 있습니다",,"['접착', '포켓', '자체', '라벨', '홀더', '인덱스', '카드', '사진', '플라스틱', '투명']"
사무용품,라벨 및 스티커,라벨 홀더,,B09KQBW2HB,"ELEMGULY 바스켓 라벨 홀더, 30피스 플라스틱 바스켓 라벨 클립, 쉬운 버튼 잠금 디자인, 와이어 선반 라벨 홀더 와이어 랙 디스플레이 홀더 가격 표지판 홈 마켓용 (라벨 용지 60개 포함)",,17991,17991,4.4,94.0,"버튼 잠금 디자인: 바스켓 라벨 홀더는 쉬운 버튼 잠금으로 설계되어 바구니에 단단히 고정할 수 있으며 쉽게 떨어지지 않도록 하여 품목 분류에 많은 편리함을 제공합니다. 프리미엄 소재: 라벨 홀더 클립은 고품질 PVC 플라스틱으로 만들어져 견고하고 오래 지속되며 투명한 디자인으로 제품을 한눈에 선명하게 만듭니다. 다양한 용도: 플라스틱 바구니 라벨 홀더는 바구니, 와이어 선반 등에 걸 수 있으며 주방, 슈퍼마켓, 창고, 상점 등의 품목 세부 사항이나 가격을 보여주기에 완벽합니다. 쉬운 작동: 쉬운 잠금 버튼으로 선반에 라벨 홀더를 잠근 후 종이를 쉽게 삽입할 수 있으며 분해와 교체가 쉽습니다. 패키지 목록: 패키지에는 30개의 바구니 라벨 홀더 (10 x 5.5cm/4 x 2.2인치) 및 30개의 흰색 종이와 30개의 검은색 용지가 포함되어 있습니다.","바구니 라벨 홀더, LEMGU 쉬운 버튼 잠금 디자인의 플라스틱 바구니 라벨 클립 30개, 와이어 선반 라벨 홀더 와이어 랙 디스플레이 홀더 홈 마켓용 가격 사인 (60개 라벨 용지 포함) 세부 정보: 사이즈: 10 x 5.5cm/4 x 2.2인치 소재: 프리미엄 PVC 플라스틱 색상: 투명 포장 목록: 30 * 바스켓 라벨 홀더 60 * 빈 용지 참고: 수동 측정으로 인해 약간의 오차가 있을 수 있습니다.","['라벨', '홀더', '바구니', '와이어', '쉽다', '플라스틱', '버튼', '디자인', '용지', '바스']"
사무용품,라벨 및 스티커,라벨 홀더,,B0C3DD6P4S,"라벨 홀더 선반 라벨 30개, 라벨 용지 인서트가 있는 와이어 선반 라벨 홀더, 와이어 선반용 선반 라벨, 메트로 선반 클립 플라스틱 라벨 홀더 3.2cm(1-1/4인치) 선반과 호환",,13836,13836,4.4,15.0,"완벽한 크기와 수량: 당사의 와이어 선반 세트에는 30개의 랙 라벨과 30개의 빈 종이 인서트가 포함되어 있어 편리함을 위한 완벽한 조합을 제공합니다. 정확한 치수(약 길이 7.6cm(3인치), 높이 3.2cm(1.25인치)), 당사의 라벨 홀더는 지하철 및 기타 3.2cm(1-1/4인치) 와이어 선반에 완벽하게 맞습니다. 완벽한 핏을 위해 주문하기 전에 와이어 선반을 측정하십시오. 고품질 소재: 내구성이 뛰어난 투명 PVC 플라스틱으로 제작된 선반 라벨 홀더는 라벨을 눈에 띄고 읽기 쉽게 유지하면서 장기적인 서비스 가능성을 보장합니다. 신뢰할 수 있는 소재와 아름다운 디자인을 갖춘 홀더는 오랜 시간 동안 견딜 수 있으며 자주 교체할 필요가 없습니다. 다양한 용도: 혼란스러운 주방 선반, 어수선한 지하철 선반 및 지저분한 창고와 작별 인사를 하세요. 당사의 선반 태그는 기능성과 스타일을 결합하여 효율적인 정리를 위한 최고의 솔루션을 제공합니다. 다양한 요구 사항에 적응하며 슈퍼마켓, 상점, 레스토랑, 쇼핑몰 등에 이상적입니다. 간편한 사용: 당사의 투명 플라스틱 선반 라벨 홀더는 삶을 단순화합니다. 빈 라벨에 세부 사항을 적고 홀더에 밀어 넣고 원하는 제품 선반에 고정하십시오. 언제든지 라벨 클립을 제거하고 재배치할 수 있어 유연성과 적응성을 보장합니다. 고객 서비스: 고객 만족을 최우선으로 생각합니다. 당사의 전담 지원 팀은 모든 패키지, 품질 또는 수량 문제를 해결하기 위해 연중무휴 24시간 상주합니다. 완전히 만족하지 못하셨다면 번거롭지 않은 교체 또는 전액 환불을 제공합니다. 오늘 저희 제품이 제공하는 효율성과 정리를 경험하세요!",,"['선반', '라벨', '홀더', '와이어', '완벽하다', '플라스틱']"
사무용품,라벨 및 스티커,라벨 홀더,,B0BS8Y4FQX,"사무실 도서관 파일 서랍 캐비닛 카드 태그 라벨 홀더 금속 프레임, 앤티크 브론즈 금속 라벨 홀더 이름 카드 프레임 나무 서랍 선반 패브릭 통용, 3가지 사이즈",,13836,13836,4.7,30.0,"【최고의 가성비 세트】: 패키지에는 장착 나사가 있는 60개의 앤티크 브론즈 라벨 프레임이 포함되어 있어 복고풍의 세련된 방식으로 물건을 표시할 수 있으며 서랍이나 파일 캐비닛의 내용물을 빠르게 식별할 수 있습니다. 【다양한 사이즈】: 앤티크 황동 라벨 홀더 세트는 3가지 사이즈로 제공되며, 전체 크기는 7 x 3.3cm(2.75 x 1.35인치), 3 x 8.3cm(1.2 x 3.25인치), 1.8 x 6cm(0.75 x 2.375인치), 이름 라벨 크기는 2 x 4.6cm(0.8 x 1.8인치), 2.1 x 5.8cm(0.8 x 2.3인치), 1 x 4.2cm(0.75 x 1.자세한 사이즈는 사진을 참조하십시오. 【브론즈 컬러 태그 라벨 홀더】: 라이브러리 라벨 홀더 명함 프레임은 고품질 철로 만들어져 내구성이 뛰어나고 신뢰할 수 있습니다. 금속 라벨 홀더 프레임의 표면은 앤티크 브론즈 도금으로 덮여 녹을 방지하고 오랫동안 사용할 수 있습니다. 【쉬운 설치】: 금속 사무실 파일 캐비닛 선반 서랍 명함 라벨 홀더 프레임을 매우 편리하고 빠르게 설치할 수 있습니다. 일치하는 나사 2개를 나사로 고정하기만 하면 앤티크 라벨 홀더 설치를 완료합니다. 핸드 드릴 대신 전기 드릴을 사용하여 금속 라벨 프레임을 설치하여 시간과 노력을 절약하는 것이 좋습니다. 【황동 금속 명함 프레임】: 금속 서랍 라벨 명함 라벨 홀더 프레임은 복고풍 디자인을 채택하여 더욱 정교해 보이며 선반에 개성을 더합니다. 레트로 라벨 홀더 금속 명함 프레임은 캐비닛, 서랍, 찬장, 선반, 책장, 보석 상자, 선물 상자 사물함, 나무 상자, 파일 케이스, 약 캐비닛, 와인 셀러 등에 널리 사용됩니다.","사양: 제품 이름: 도서관 캐비닛 선반용 앤티크 금속 라벨 홀더 소재: 철 색상: 앤티크 브론즈 패키지 포함: 파일 서랍 캐비닛 카드 태그 라벨 홀더 금속 프레임 나사 포함 전체 사이즈: 7 x 3.3 cm, 3 x 8.3 cm, 1.8 x 6 cm. 라벨 크기에 적합: 0.78 x 1.8"", 0.8 x 2.3"", 0.39 x 1.65"" 패키지 목록: 파일 이름 카드 태그 라벨 홀더 프레임 60개, 3가지 사이즈 나사 60개. 특징: ✅ 일치하는 나사가 있는 60개의 브론즈 금속 라이브러리 라벨 홀더 프레임이 제공되며, 충분한 수량으로 다양한 공예 요구 사항을 충족할 수 있습니다. 현대적인 라벨 홀더 앤티크 브론즈 톤 메탈 아트는 나무 서랍, 책장에 이상적입니다. 앤티크 컬러 라벨 홀더는 매력적이며 사무실, 도서관, 파일 캐비닛, 서랍 태그, 선반, 교사 학교 교실 및 기타 수제 품목에 적합하며 멋지고 우아한 외관을 제공합니다. 앤티크 서랍 카드 프레임 금속 라벨 홀더는 설치가 쉽습니다. 자세한 단계는 다음 설명을 참조하십시오. 설치 팁: 1) 금속 라벨 홀더 프레임만 있으며, 용지 인서트는 함께 제공되지 않습니다. 2) 일하는 동안 아이들을 멀리하십시오. 3) 작은 나사가 바닥에 떨어질 때 수건 안에서 찾을 수 있도록 작업하는 곳에 수건을 놓으십시오. 4) 나사는 매우 작기 때문에 나사를 조이려면 작은 드릴 비트 또는 날카롭고 좁은 송곳이 필요합니다. 5) 질문이 있으시면 언제든지 저희에게 연락해 주시면 최대한 빨리 문제를 해결해 드리겠습니다.","['라벨', '홀더', '프레임', '금속', '서랍', '앤티크', '나사', '캐비닛', '브론즈', '파일']"
사무용품,라벨 및 스티커,라벨 홀더,,B0BMLFPRBP,"책 카드용 자체 접착 금속 북플레이트 12개, 수평 클립 라벨 홀더, 금속 서랍 태그, 실버 라벨 플레이트, 사무실 도서관 책 파일 캐비닛 서랍 태그, 교사, 학교 교실용",Cindeer,16606,16606,4.5,45.0,"제품 구성: 자체 접착 금속 북플레이트 12개를 받게 됩니다. 필요와 교체 요구 사항을 충족할 수 있는 충분한 수량으로 동료 및 가족과 공유할 수도 있습니다 적합한 사이즈: 책용 자체 접착 금속 북플레이트는 일상적인 용도에 적합한 크기입니다. 금속 북플레이트의 크기는 약 5.65 x 2.7cm(2.22 x 1.06인치)/ 5.65 x 2.7cm(1.06인치)로 공간을 많이 차지하지 않습니다 신뢰할 수 있는 소재: 카드 수평 클립 라벨 홀더는 신뢰할 수 있는 금속 소재로 만들어졌으며 뒷면에 멋진 접착 부분이 있어 견고하고 쉽게 변형되거나 변색되지 않습니다. 장시간 사용할 수 있습니다 쉬운 부착: 금속 이름표는 자체 접착 뒷면이 있어 쉽게 부착할 수 있으며 원하는 평평한 표면에 놓을 수 있습니다. 물건을 쓰고 책상, 서랍 등 원하는 사람에게 붙일 수 있습니다 다양한 용도: 금속 서랍 태그는 가정, 교실, 사무실 또는 도서관에 사용할 수 있으며 캐비닛, 선반, 서랍, 책, 신발 상자, 앨범 등을 정리하는 데 사용할 수 있어 삶을 더 깔끔하고 깨끗하게 정리할 수 있습니다","특징: 좋은 습관 만들기: 이름표 홀더는 물건을 청소하고 정리하는 좋은 습관을 키울 수 있어 삶을 더 깔끔하게 만들 수 있습니다. 또한 좋은 사용 경험과 좋은 분위기를 줄 수 있습니다. 작은 선물: 상자 라벨은 친구, 선생님, 어린이, 직원, 동료, 가족 등을 위한 작은 선물이 될 수 있습니다. 이 실용적인 선물을 받으면 기뻐할 것입니다. 사양: 소재: 금속. 색상: 실버 사이즈: 약 5.65 x 2.7cm(2.22 x 1.06인치) 패키지 구성: 자체 접착 소책자 12개. 참고: 수동 측정, 사이즈에 약간의 오차가 있을 수 있습니다. 화면 디스플레이의 차이로 인해 색상이 약간 다를 수 있습니다.","['금속', '접착', '서랍', '자체', '라벨', '북', '책', '정리', '선물', '홀더']"
사무용품,라벨 및 스티커,라벨 홀더,,B0CT9VCKTV,"TAKE-A-LABEL, 라벨 롤 홀더",Take-a-Label,27686,27686,4.6,3.0,강철 구조 자랑스러운 미국산,,"['홀더', '자랑스럽다', '산', '미국', '롤', '라벨', '구조', '강철']"
사무용품,라벨 및 스티커,라벨 홀더,,B088N8TYHS,"Eeoyu 자석이 있는 마그네틱 라벨 홀더, 금속 선반, 화이트보드용 투명 플라스틱 프로텍터 포함, 50개 세트 (2.5 x 5.1cm(1 x 2인치))",,17991,17991,4.5,322.0,"다양한 용도: 자석 홀더는 심플한 흑백 색상으로 사무실, 작업장 및 일상 사용에 적합합니다. 보호 필름은 투명하고 깨끗하여 라벨의 텍스트를 오랫동안 밝고 깨끗하게 유지합니다 간편한 사용: 포함된 종이 스트립에 쓰고, 종이 인서트와 투명 보호 필름을 밀어 넣고, 마그네틱 라벨 홀더를 깨끗하고 평평한 표면에 붙이면 시간을 절약하고 기존 접착 라벨에 비해 위치를 쉽게 바꿀 수 있습니다 다양한 사이즈: 1 x 2 인치 / 2.5 x 5cm, 1 x 3 인치 / 2.5 x 7.62cm, 0.8 x 3 인치 / 2 x 7.62cm, 2 x 5.5 인치 / 5 x 14cm, 작업이나 공부에 매우 편리하며 많은 경우에 적용할 수 있습니다. 귀하의 작업에서 귀하의 작업에서 편리life 소재: 이 자석 라벨은 전체 고무 자석 뒷면이 있는 유연한 C 채널 자석으로 구성되어 있으며, 라벨 용지 및 플라스틱 필름은 마그네틱 카드 홀더에 쉽게 삽입할 수 있으며 모든 금속 표면에 부착하고 라벨을 쉽게 변경할 수 있습니다 제품 구성: 자석 라벨 홀더 50개, 보호 필름 30개, 교체 종이 스트립 100개가 1개 주문에 포함되어 있어 직장 또는 일상용으로 매우 좋은 패키지입니다","자석이 있는 마그네틱 라벨 홀더, 금속 선반, 화이트보드용 투명 플라스틱 프로텍터 포함, 30개 세트 특징: 이 마그네틱 라벨은 인쇄되거나 손으로 쓴 재고 라벨과 중요한 제품 정보가 포함된 데이터 카드를 보관할 수 있으며 모든 라벨이 있는 금속 또는 강철 표면에 적합합니다. 사양: 소재: C-채널 자석, 고무 자석 뒷면, 화이트 라벨 용지, 보호 필름 색상: 블랙. 수량: 총 50팩 패키지 구성: 자석 라벨 50개. 인서트 100개(화이트 라벨 용지) 참고: 손 측정으로 인해 1 - 2mm 오차가 있을 수 있습니다.","['라벨', '자석', '홀더', '마그네틱', '필름', '금속', '보호', '표면', '작업', '플라스틱']"
사무용품,라벨 및 스티커,라벨 홀더,,B0D141KR4C,C 채널 마그네틱 라벨 홀더 50개 2.5 x 20.3cm(1 x 8인치) 백지 인서트 100개 투명 플라스틱 프로텍터 선반 라벨 홀더 자석 포함 금속 선반용 자석 이름 태그,,35996,35996,,,"패키지 구성: 패키지에는 블랙 마그네틱 라벨 홀더 50개, 투명 보호 필름 50개, 흰색 교체 용지 100장이 포함되어 있어 일상적인 사용 요구 사항과 교체 요구 사항을 충족하기에 충분한 수량입니다 적합한 사이즈: 자석 라벨 홀더의 크기는 약 25 x 203 mm / 1 x 8인치, 책과 선반을 깔끔하게 맞추고 관리할 수 있는 적절한 크기로 편안하고 아늑합니다. 적절한 크기로 특정 요구 사항에 적합한 옵션을 선택할 수 있습니다 간단한 색상 구성: 자석 이름표는 클래식한 흑백 색상을 적용하며, 간단하고 다용도로 사용할 수 있습니다. 보호 필름은 투명하고 깨끗하여 라벨의 텍스트를 오랫동안 밝고 깨끗하게 유지합니다. 가정이나 사무실에서 매일 사용하기에 적합합니다. 매일 사용하기에 매우 좋은 색상 조합입니다 C 채널 마그네틱 라벨 홀더: 이 자석 라벨은 고품질의 부드러운 고무 자석 뒷면이 있는 유연한 C자형 채널 자석으로 설계되었으며, 라벨 용지와 플라스틱 필름을 라벨 홀더에 쉽게 삽입할 수 있으며 라벨을 쉽게 밀어 넣을 수 있습니다 실용적이고 효과적: 자석이 달린 선반 라벨 홀더는 물건을 제자리에 순서대로 보관할 수 있도록 도와주며, 필요할 때 쉽게 찾을 수 있습니다. 라벨에 이름을 표시하고 여러 범주의 상품 앞에 놓을 수 있습니다. 필요할 때 라벨에 따라 필요한 품목을 쉽게 찾을 수 있어 편리하고 시간을 절약할 수 있습니다","특징: 신뢰할 수 있는 소재: 이 라벨 홀더는 고품질의 부드러운 고무 자석으로 만들어져 강하고 신뢰할 수 있으며 라벨은 떨어지거나 움직이지 않고 붙일 수 있을 만큼 튼튼하여 오랫동안 부착할 수 있습니다. 쉬운 사용: 자석 라벨 홀더를 사용하면 집이나 사무실 공간을 빠르게 정리할 수 있습니다. 이 홀더가 제공하는 교체 용지에 메모를 작성한 다음 슬립을 투명 보호 필름에 삽입하고 자석 라벨 홀더를 깨끗하고 평평한 표면에 부착할 수 있습니다. 사양: 소재: 부드러운 고무 자석, PVC 및 종이 색상: 블랙, 화이트, 투명. 사이즈: 약 1 x 8인치/25 x 203mm 패키지 구성: 자석 라벨 홀더 50개. 보호 필름 50개. 교체용 용지 100개. 참고: 수동 측정, 사이즈에 약간의 오차가 있을 수 있습니다. 화면 디스플레이의 차이로 인해 색상이 약간 다를 수 있습니다. 뾰족한 부품이 포함되어 있어 어린 아이들의 손이 닿지 않는 곳에 보관하세요.","['라벨', '자석', '홀더', '필름', '용지', '보호', '선반', '투명']"
사무용품,라벨 및 스티커,라벨 홀더,,B09YD9R66J,"선반용 라벨 홀더 100개, 스틱 선반 라벨 홀더, 투명 자체 접착 가격, 선반 라벨 태그 홀더, 선반 슈퍼마켓 학교 도서관용, 12.9 x 3.8cm(4.72 x 1.18인치) (라벨 용지 인서트 미포함 ) )",Junkin,17991,17991,4.5,46.0,"선반 정리: 패키지에는 뒷면에 접착제가 있는 투명 라벨 홀더 100개가 포함되어 있어 선반을 정리하고 물건을 정리하고 좋은 시각적 효과를 낼 수 있습니다 크기 측정: 선반 라벨 홀더는 길이와 높이가 약 12 x 3 cm/4.72 x 1.18 인치이며 대부분의 선반 크기에 적합합니다. 적절한 설치와 더 나은 효과를 위해 주문 전에 선반을 측정하십시오 지속 및 견고함: 와이어 선반용 라벨 홀더는 투명한 PVC 소재로 만들어져 오래 지속되고 견고하며 수명이 길고 쉽게 깨지거나 떨어지지 않으며 대부분의 온도와 환경에 적합합니다. 종이 라벨을 삽입하고 선반에 붙이기만 하면 됩니다 더 많은 적용 장소: 와이어 선반용 투명 라벨 홀더는 자체 접착 디자인이 특징이며, 방수 필름을 벗긴 다음 필요한 선반 영역에 직접 부착합니다. 파일 서랍, 보고서 커버 또는 캐비닛에 부착하여 파일, 책, 종이 및 문서를 쉽게 찾을 수 있습니다 합리적인 투명 외관: 플라스틱 와이어 선반 라벨 홀더는 합리적인 외관으로 설계되어 무엇이 쓰여져 있는지 한눈에 명확하게 볼 수 있으며 편리하고 빠르게 확인할 수 있습니다","특징: 우수한 접착력으로 신뢰할 수 있는 뒷면: 뒷면에 자체 접착 디자인으로 가격표 홀더를 선반에 쉽게 붙일 수 있습니다. 접착력이 우수하여 선반에서 쉽게 떨어지지 않습니다. 편리하게 제거할 수도 있습니다. 창의성과 함께 사용: 필 스틱 선반 태그 라벨 홀더는 선반에 부착할 수 있을 뿐만 아니라 파일 서랍, 보고서 커버 또는 캐비닛에 부착하여 파일, 책, 종이 및 문서를 찾을 수 있습니다. 창의성으로 더 많은 가능성과 목적으로 사용할 수도 있습니다. 사양: 소재: PVC 색상: 투명 사이즈: 길이 및 높이 약 12 x 3 cm/4.72 x 1.18 인치. 수량: 100개 패키지 구성: 선반 라벨 홀더 100개 참고: 수동 측정이므로 사이즈에 약간의 오차가 있을 수 있습니다. 화면 디스플레이에 따라 색상이 약간 다를 수 있습니다.","['선반', '라벨', '홀더', '접착', '투명', '부착', '파일', '종이', '와이어', '정리']"
사무용품,라벨 및 스티커,라벨 홀더,,B09B3J3Z4D,"앤티크 라벨 홀더 30개, 8.3cm 길이의 금속 사무실 파일 캐비닛 선반 서랍 이름 카드 라벨 홀더 프레임 나사 포함 (브론즈)",,13836,13836,4.6,44.0,"[ 레트로 디자인 ] 이 제품은 복고풍 명함 상자, 라벨 홀더로 보석 상자, 서랍 또는 의약품 캐비닛 등을 표시하는 데 사용됩니다. 서랍 또는 파일 캐비닛의 내용을 식별합니다. [ 소재 ] 고품질 철로 제작되었으며 표면은 앤티크 브론즈 도금, 부식 방지 및 녹 방지 처리가 되어 있습니다. 다른 느낌을 선사합니다. 이 라벨 풀에 고정하면 더 복고풍이고 멋지게 보입니다. [ 앤티크 라벨 홀더] 외부 크기: 3.27*1.28 인치 / 82.9*32.6 mm; 내부 사이즈: 2.3*0.76 인치 / 58.4*19.3 mm. 색상: 브론즈, 골드, 실버, 레드 코퍼. [ 넓은 적용 ] 캐비닛, 서랍, 찬장, 보석 상자, 선물 상자 사물함, 나무 상자, 파일 케이스, 와인 셀러 등에 널리 사용되는 태그 카드 프레임. [ Rierdge 약속] 패키지에는 태그 라벨 홀더 30개, 나사 60개가 포함되어 있어 수량에 따라 필요한 것을 충족합니다. 어떤 시점에서든 구매에 만족하지 못하셨다면 언제든지 저희에게 연락해 주십시오. 24시간 이내에 신속하게 답변해 드립니다! 30일 이내에 100% 만족하지 못하셨다면 환불해 드립니다! Rierdge의 약속입니다.","Rierdge 제품을 선택해야 하는 이유 Rierdge는 소매 및 도매 하드웨어 품목 및 기타 액세서리에 중점을 둡니다. 모든 제품의 디자인과 최적화는 고객의 의견과 제안을 기반으로 합니다. 저희는 고객에게 돌려줄 더 나은 제품을 만들기 위해 고객과 소통하는 것을 열중합니다. 따라서 제품을 구입 후 적극적으로 소통하고 제안을 드릴 수 있어 매우 기쁩니다. 우리의 신념: 고객에게 필요한 것, 우리는 무엇을 제공합니다! 특징 1. 이 태그 라벨 홀더 또는 프레임은 사무실, 도서관, 우체국 등에서 사용할 수 있습니다. 라벨 홀더로 가구를 멋지게 꾸밀 수 있습니다. 2. 나사로 쉽게 설치할 수 있습니다. 장착 나사가 여기에 포함되어 있습니다. 3. 보석 상자, 선물 상자, 캐비닛, 서류 정리 캐비닛 등에 적합합니다. 사양 소재: 철 색상: 브론즈; 골드; 실버; 레드 코퍼 외부 크기: 3.27*1.28 인치 / 82.9*32.6 mm 내부 사이즈: 2.3*0.76 인치 / 58.4*19.3 mm 패키지 구성 라벨 홀더 프레임 30개. 나사 60개. 참고 사항 1. 디스플레이 설정에 따라 색상이 다를 수 있으니 양해 부탁드립니다. 2. 수동 측정으로 인해 1-2mm 오차가 있을 수 있습니다. 구매 전 신중히 확인해주세요. 보증 서비스 저희는 가장 비용 효율적이고 품질이 뛰어나며 신뢰할 수 있는 제품을 제공하기 위해 최선을 다하고 있습니다. 이것이 최우선 순위이며 만족스러운 구매에 기여한다고 믿습니다. 궁금한 사항이 있으시면 언제든지 Rierdge에 문의하십시오. 가능한 한 빨리 문제를 해결해 드리겠습니다.","['라벨', '홀더', '상자', '캐비닛', '나사', '서랍', '프레임', '브론즈', '태그', '앤티크']"
사무용품,라벨 및 스티커,라벨 홀더,,B0CY1PHY3K,30피스 자석 라벨 홀더 투명 명함 포켓 홀더 파일 캐비닛 라벨 자석 라벨 벌크 세트 금속 선반 빈 화이트보드용 (10.2 x 6.1cm(4 x 2.4인치)),,24916,24916,5.0,2.0,"제품 구성: 30개의 자석 라벨 홀더가 있으며, 직장이나 일상용으로 매우 좋은 패키지입니다 견고한 소재: 이 명함 홀더 인서트는 비닐로 만들어졌으며 전체 고무 자석 뒷면이 있습니다. 라벨 용지와 플라스틱 필름을 마그네틱 카드 홀더에 쉽게 삽입할 수 있으며 모든 금속 표면에 부착하고 라벨을 쉽게 변경할 수 있습니다 적용 가능한 사이즈: 자석 라벨은 각각 10 x 6cm(4 x 2.4인치) 크기이며 편리한 적재를 위해 입구가 있으며 작업이나 공부에 매우 편리하며 다양한 상황에 적용할 수 있어 직장이나 생활에서 많은 편리함을 제공합니다 재사용 가능한 라벨 홀더: 이 자석 라벨 홀더는 금속 표면에 쉽게 부착하거나 이동할 수 있으며 자석 뒷면 덕분에 반복적으로 부착할 수 있습니다. 전통적인 접착 라벨에 비해 시간을 절약하고 재배치가 쉽습니다 다용도: 선반용 표지판 홀더는 이름, SKU 번호, 바코드, 가격, 설명, 문 라벨 등과 같은 다양한 유형의 제품에 태그를 지정하고 정리하는 데 적합합니다","특징: 이 자석 홀더는 심플한 흑백 색상으로 사무실, 작업장 및 일상 사용에 적합합니다. 보호 필름은 투명하고 깨끗하여 라벨의 텍스트를 오랫동안 밝고 깨끗하게 유지합니다. 마그네틱 라벨 홀더는 창고 선반, 기계, 사물함 및 문에 이상적이며 많은 사람들이 작업 공간에서 같은 페이지에 보관하고 통신 장벽을 피합니다. 사양: 소재: 비닐, 고무, 자석 색상: 블랙, 화이트 사이즈: 약 4 x 2.4인치/10 x 6cm 패키지 구성: 자석 라벨 홀더 30개. 참고: 수동 측정, 사이즈에 약간의 오차가 있을 수 있습니다. 화면 디스플레이의 차이로 인해 색상이 약간 다를 수 있습니다.","['라벨', '홀더', '자석', '금속', '편리하다', '부착', '선반']"
사무용품,라벨 및 스티커,라벨 홀더,,B0BDD5C4M2,"Phomeo 라벨 홀더, 롤 및 팬 폴드 라벨용 열 라벨 홀더, 데스크탑 라벨 프린터용 배송 라벨 홀더(핑크)",Phomemo,18822,18822,4.5,79.0,"【광범위한 호환성】Phomemo 라벨 홀더 서포트 롤 라벨의 최대 롤 직경은 17.8cm(7인치)입니다. 팬 폴드 라벨의 최대 크기는 17.8 x 10.9cm(7 x 4.3인치)이며 Phomemo, MUNBYN, Rollo, Jiose, iDPRT, Polono 열 배송 라벨 프린터 등과 호환됩니다. 롤 및 팬 폴드 감열 라벨 용지를 지원합니다. 【쉬운 설치】종이 홀더는 5개의 부품으로 조립 및 분해가 쉽습니다. 조립 가이드를 참조할 수 있습니다. 지침을 따르기만 하면 1분 안에 완벽하게 설치할 수 있습니다. 【공간 절약】 Phomemo 열 라벨 홀더는 하단에 라벨 프린터의 케이블을 숨길 수 있는 여분의 특별한 공간이 있어 잘 정리되고 깔끔한 데스크탑을 제공합니다. 창고, 사무실, 슈퍼마켓, 소매, 공장, 배송, 약국점 등에 적합합니다. 【라벨 프린터를 위한 좋은 도우미】: 라벨 롤 홀더를 사용하면 라벨 용지의 걸림을 줄이기 위해 라벨이 프린터에 바로 들어갈 수 있어 인쇄 과정을 더 매끄럽게 하고 시간을 절약할 수 있습니다. 【제품 사양】 라벨 홀더 사이즈: 19.1x13.9x8.9cm(7.6x5.2x3.5인치), 색상:",,"['라벨', '홀더', '롤', '프린터', '폴드', '팬', '열']"
사무용품,라벨 및 스티커,라벨 홀더,,B000J0AT7K,"C-Line 자가 접착 라벨 홀더, 상단 하중, 1 x 6인치, 투명, 50개 팩 (87627)",C-Line,53308,38295,4.8,34.0,"선반, 서랍, 파일, 상자 등을 쉽게 라벨링할 수 있는 최고의 가치. 투명한 플라스틱 홀더는 거의 모든 깨끗하고 평평한 표면에 부착됩니다. 사용하기 쉬운 오픈 엣지, 상단 로딩 디자인. 제거 및 재배치 가능. 쉽게 교체할 수 있는 인서트 포함.","Using plastic holders to store shelf labels allows you to instantly know where things are stored. Economical holders let you quickly label shelves, drawers, files, bins and more. Removable, clear plastic holder attaches to almost any clean, flat surface. Cut to desired size. Easy-to-use open-edge, top loading design lets you change inserts quickly. Includes blank inserts.","['홀더', '라벨', '하중', '깨끗하다', '디자인', '링', '배치', '부착', '상자', '서랍']"
사무용품,라벨 및 스티커,라벨 홀더,,B0CYZHCQKN,"자석 라벨 홀더 50개, 10.2 x 3.8cm(4 x 1.5인치) C 채널 자석 라벨 홀더, 종이 인서트 및 투명 플라스틱 프로텍터 포함, 금속 랙 선반용 마그네틱 데이터 카드 홀더 파일 캐비닛 라벨",,34625,34625,,,"【용도】- 마그네틱 라벨 홀더로 중요한 정보를 명확하고 눈길을 끄는 방식으로 보여주세요! 비즈니스, 사무실 및 가정에서도 사용하기에 적합합니다. 이 50개 세트 - 10.2 x 3.8cm(4 x 1-1/2인치) 자석 라벨 홀더 세트는 강철 선반과 원활하게 작동하도록 설계되었습니다. 【50팩 자석 라벨 홀더】- 각 파일 캐비닛 라벨 홀더 세트에는 마그네틱 파일 캐비닛 라벨 홀더 50개, 화이트 라벨 카드 50개, 투명 PVC 커버 50개가 포함되어 있습니다. 화이트 카드나 추가 용지 인서트를 라벨 홀더의 슬롯에 밀어 넣기만 하면 라벨을 만들거나 업데이트할 수 있습니다. 【강력한 자석】- 당사의 자석 선반 라벨은 강철 선반, 파일 캐비닛, 사물함, 냉장고 문 및 자석 화이트보드에 즉각적이고 안정적인 접착력을 제공하는 강력한 자석 뒷면이 특징입니다. 자석은 표면에 잔여물을 남기지 않고 안전하게 부착되어 라벨 홀더를 쉽게 부착하고 분리할 수 있습니다. 【빠른 변경】- 각 라벨 홀더는 종이 또는 인쇄 용지 라벨을 쉽게 삽입할 수 있도록 유연한 C자형 채널로 설계되었습니다. 라벨을 인쇄하거나 손으로 쓰고 C-채널 마그네틱 라벨 홀더에 밀어 넣습니다. 자석을 움직이고 재배치하기만 하면 프로젝트, 팀, 점수 또는 좌석 배치에 대한 업데이트된 정보를 표시할 수 있습니다. 【적응성】- 당사의 다용도 마그네틱 라벨 홀더는 정보를 빠르게 표시하고 업데이트해야 하는 다양한 설정에서 사용할 수 있습니다. 스포츠 및 게임 리그, 점수판, PERT 차트, 조직도, 회의 일정 및 회의실 과제에 적합합니다. 도구 상자 라벨, 창고 랙 라벨, 서랍 라벨, 자석 달력 라벨, 자석 이름표 홀더 등으로 사용할 수 있습니다.","CYEAH 50팩 마그네틱 'C' 채널 라벨 홀더, 금속 랙 및 선반용, 보호 필름 및 교체 스트립 포함, 10.2 x 3.8cm(4 x 1.5인치), 금속 랙 선반용 마그네틱 데이터 카드 홀더 파일 캐비닛 라벨 - 자석 홀더는 심플한 흑백 색상으로 사무실, 작업장 및 일상 사용에 적합합니다. - 보호 필름은 투명하고 깨끗하여 라벨의 텍스트를 오랫동안 밝고 깨끗하게 유지합니다. - 간편한 사용: 포함된 종이 스트립에 쓰고, 종이 인서트와 투명 보호 필름을 밀어 넣고 자석 라벨 홀더를 깨끗하고 평평한 표면에 붙입니다. - 기존 접착 라벨에 비해 시간을 절약하고 재배치가 쉽습니다. - 이 마그네틱 라벨은 인쇄되거나 손으로 쓴 재고 라벨과 중요한 제품 정보가 포함된 데이터 카드를 보관할 수 있으며 모든 라벨이 있는 금속 또는 강철 표면에 적합합니다. 사양: - 소재: C-채널 자석, 고무 자석 뒷면, 화이트 라벨 용지, 보호 필름 - 색상: 블랙 - 수량: 총 50팩 - 사이즈: 4x1-1/2인치/당 패키지 구성: 자석 라벨 50개. 인서트 50개(화이트 라벨 용지)","['라벨', '홀더', '자석', '마그네틱', '선반', '카드', '캐비닛', '파일', '채널']"
사무용품,라벨 및 스티커,라벨 홀더,,B08MPWN9CX,"플라스틱 와이어 선반 라벨 홀더 140개 - 선반 라벨 홀더 7.9cm x 4.1cm(3.15 x 1.6인치), 후크 및 라벨 인서트 포함 와이어 바스켓 라벨 홀더 140개",,38766,38766,4.1,54.0,"【제품 정보】(L x W): 7.9 cm x 5.7 cm. 가격 라벨 적합 (L x W): 7.9 cm x 4.1 cm, 라벨 플라스틱: 140개. 후크: 140쌍. 라벨 인서트: 140개. 【고품질 소재】프리미엄 플라스틱 폴리프로필렌으로 만들어져 내구성이 뛰어나고 튼튼하며 쉽게 부서지지 않습니다. 재사용 가능한 선반 라벨 홀더는 온도가 다른 모든 환경에서 사용할 수 있을 만큼 강력하여 차갑거나 덥고 오랫동안 지속됩니다. 【쉬운 설치 및 제거】투명한 라벨 홀더는 개별 부품과 함께 도착합니다. 선반에 끼우기만 하면 됩니다. 다른 도구를 사용하지 않고도 조작할 수 있습니다. 【다양한 용도】당사의 플라스틱 선반 태그 홀더는 와이어 선반 유닛을 정리하고 원하는 정보를 명확하고 간단하게 표시할 수 있는 완벽한 방법입니다. 저희 와이어 바구니 라벨 홀더는 슈퍼마켓, 시장, 상점, 식료품점, 도서관, 서점, 창고, 상점, 베이커리 샵, 약국 및 가정에서도 사용할 수 있습니다. 【내구성 및 재사용 가능】 투명 플라스틱 라벨 홀더는 장기간 사용할 수 있도록 설계되었으며 실수로 떨어지지 않으며 기상 조건에 의한 손상으로부터 라벨을 보호하도록 설계되었습니다.",,"['라벨', '홀더', '선반', '플라스틱', '와이어', '재사용', '상점', '인서트', '후크', '구성']"
사무용품,라벨 및 스티커,라벨 홀더,,B08S2PDYP4,"50팩 ""C"" 채널 마그네틱 라벨 홀더 2.5x7.6cm(1x3인치), 화이트 카드 인서트 100개, 투명 플라스틱 프로텍터 50개 및 보너스 20개의 다채로운 인쇄 용지 인서트, 블루, 그린, 옐로우, 레드 - 양면 카드",labphant,20705,20705,4.6,389.0,"50개의 강력한 자석 뒷면 라벨에 필요한 모든 것: 지정하고 정리하세요! 서랍 및 선반 라벨 홀더, 책장 및 파일 캐비닛 라벨 등으로 사용하세요! 투명 라벨 프로텍터는 라벨을 선명하고 깨끗하게 유지합니다. 우수한 품질의 종이 인쇄 용지 인서트: 다양한 용도로 제작되었으며, 각 인서트는 번짐 없이 양면에 쓸 수 있는 튼튼한 인쇄 용지입니다. 100장의 화이트 카드와 단색 레드, 블루, 그린, 옐로우 카드용지 인서트 각각 5장의 보너스가 포함되어 있어 특별한 아이템을 쉽게 표시할 수 있습니다. 사무실, 학교 및 소매 비즈니스 라벨링에 가장 적합: 가격 라벨 및 태그 홀더, 사물함 이름 및 번호 태그, 서류 캐비넷 서랍 라벨을 포함하여 작업 공간이나 상점의 모든 것에 공백과 이름을 할당합니다. 산업 및 가정용으로 적합합니다. 상점, 창고, 가정 또는 차고의 모든 것을 명명하고 지정하십시오! 공구 상자 및 브레이커 박스 라벨, 우편함 라벨, 금속 선반 라벨 및 부품 통 라벨로 사용하세요. 우수한 고정력을 위한 튼튼한 자석: 각 고무 ""C"" 채널 홀더는 강력한 자석으로 뒷받침되므로 제자리에 안전하게 고정되어 정리 노력을 극대화합니다. 치수는 길이 7.6cm(3인치) x 높이 2.5cm(1인치) x 두께 0.2cm(0.08인치)입니다.",,"['라벨', '홀더', '인서트', '카드', '용지', '자석', '인쇄', '양면', '이름', '우수하다']"
사무용품,라벨 및 스티커,라벨 홀더,,B07GH8MR76,"3.2x6.4cm(1.2x2.5인치) 투명 플라스틱 태그, 선반 라벨 홀더 - 1000팩",STORE FIXTURES DIRECT,33517,33517,4.7,343.0,사이즈: 3.2cm x 6.4cm 투명 플라스틱 총 1000개의 태그를 위한 250개의 태그 4묶음. 선반 채널링에서 종이 라벨을 고정하고 보호합니다. 선반 채널에서 접착 라벨을 쉽게 이동할 수 있습니다.,,"['태그', '선반', '라벨', '플라스틱', '투명', '홀더', '채널링', '채널', '종이', '접착']"
사무용품,라벨 및 스티커,라벨 홀더,,B09WYMXMCT,"200피스 메트로 선반 라벨 홀더, 와이어 랙 라벨 홀더, 투명 플라스틱 선반 태그, 와이어 선반 클립용, 라벨 종이 인서트 포함, 3.2cm(1-1/4인치) 선반과 호환",,42921,42921,3.9,53.0,"사이즈 정보: 와이어 선반 라벨 홀더의 길이는 약 7.5cm(3인치)/7.5cm(3인치), 높이는 약 3.2cm(1.25인치)이며 메트로 및 기타 3.2cm(1-1/4인치) 와이어 선반과 호환되는 적절한 크기입니다. 주문하기 전에 와이어 선반을 측정하고 사이즈 세부 정보를 확인하십시오 쉬운 설치: 메트로 선반 라벨 클립은 태그에 쉽게 끼울 수 있으며, 종이 인서트에 필요한 것을 적어 놓은 다음 종이 라벨을 플라스틱 홀더에 넣고 전시하려는 제품 앞에 클립으로 고정할 수 있습니다. 언제든지 제거할 수 있습니다 견고하고 신뢰할 수 있는 소재: 와이어 선반용 선반 태그는 투명 PVC 플라스틱으로 만들어져 견고하고 품질이 좋으며 쉽게 파손되거나 변형되지 않으며 서비스 및 재사용이 가능하여 오랫동안 사용할 수 있으며 투명한 디자인으로 라벨을 간단하게 볼 수 있습니다 다양한 용도: 메트로 선반 태그는 책장, 지하철 선반, 주방 선반을 정리하는 데 널리 사용할 수 있으며 슈퍼마켓, 상점, 레스토랑, 쇼핑몰 및 기타 행사에도 사용할 수 있습니다 충분한 양: 투명 메트로 랙 라벨 200개와 라벨 용지 인서트 200개를 받게 됩니다. 일상적인 사용에 맞는 대량의 멋진 조합 세트로 모든 것이 제자리에 있는지 확인하세요","특징: 모든 것을 순서대로 만드세요: 이 메트로 라벨 클립은 다양한 제품에 태그를 지정하고 정리하는 데 이상적이며 이름, 숫자, 바코드, 가격, 설명 등을 표시할 수 있습니다. 사용 방법: 라벨 용지에 비고를 작성한 다음 선반 클립 라벨 홀더에 라벨 용지를 삽입하고 선반에 끼울 수 있습니다. 사양: 소재: PVC 플라스틱 색상: 투명 사이즈: 길이: 약 3인치/7.5cm. 높이: 약 3.2cm(1.25인치). 패키지 구성: 플라스틱 와이어 선반 라벨 홀더 200개. 종이 라벨 200개. 참고: 수동 측정이므로 사이즈에 약간의 오차가 있을 수 있습니다. 화면 디스플레이의 차이로 인해 색상이 약간 다를 수 있습니다.","['선반', '라벨', '와이어', '메트로', '홀더', '클립', '태그', '플라스틱', '투명', '종이']"
사무용품,라벨 및 스티커,라벨 홀더,,B0CY4J7G5G,100피스 3.2 x 7.6cm(1.25 x 3인치) 선반 라벨 홀더 플라스틱 와이어 선반 라벨 홀더 선반 사인 및 티켓 홀더 와이어 선반 가격 태그 클립 온 선반 1.6cm(5/8인치)에서 1.9cm(3/4인치) 두께,Retainbre,24916,24916,3.5,4.0,"【가성비 조합】0.9cm(3/16인치)-1cm(3/8인치) 두께의 선반 또는 유리 바를 클램핑할 수 있는 선반 라벨 홀더 100개가 제공됩니다. 일상 생활 사용 및 교체를 충족할 수 있는 충분한 수량으로 가족 및 친구들과 공유할 수도 있습니다. 【고품질 소재】와이어 선반용 선반 태그는 고품질 PVC 소재로 만들어져 견고하고 쉽게 손상되지 않습니다. 선명한 색상, 우수한 투명도, 높은 가시성, 내부 라벨의 단어를 명확하게 볼 수 있습니다. 【쉬운 사용】당사의 선반 라벨 홀더는 간단한 클립 디자인으로 물건을 정리하고 분류할 수 있습니다. 필요에 따라 라벨을 빠르게 부착하고 제거하여 선반 정보를 쉽게 업데이트할 수 있습니다. 【다양한 사용】다양한 용도에 적합한 이 가격표 홀더에는 소매점, 창고, 사무실 등을 위한 와이어 선반 라벨, 도서관 선반 라벨 및 가격표 홀더가 포함되어 있습니다. 상점에서 선반을 정리하거나 도서관에서 라벨링 시스템을 만들 때 이 선반 라벨 홀더는 프로세스를 간소화하고 모든 것을 깔끔하고 깔끔하게 유지할 수 있는 완벽한 도구입니다. 【휴대용 및 경량】각 와이어 선반 라벨 홀더는 약 3.17 x 7.62cm(1.25 x 3인치) 크기이며 컴팩트하고 가벼우며 보관하기 쉽습니다. 품목 정보를 명확하게 보는 동안 너무 많은 공간을 차지하지 않습니다.",Retainbre 3.2 x 7.6cm(1.25 x 3인치) 선반 라벨 홀더 플라스틱 와이어 선반 라벨 홀더 선반 사인 및 티켓 홀더 와이어 선반용 가격 태그 클립 온 선반 1.6cm(5/8인치)에서 1.9cm(3/4인치) 두께,"['선반', '라벨', '홀더', '와이어']"
사무용품,라벨 및 스티커,라벨 홀더,,B0BMZCQN6Z,"자체 접착 인덱스 라벨 포켓 25개, 투명 플라스틱 필 앤 스틱 카드 홀더, 로딩을 위한 상단 오픈 포함(7.6 x 5.1cm(3 x 2인치))",,11066,11066,4.4,79.0,"【패키지 구성】이 팩에는 25개의 자체 접착 라벨 홀더가 포함되어 있으며 상단이 열려 있어 적재할 수 있습니다. 최대 7.6 x 5.1cm(3 x 2인치)의 인서트를 담을 수 있으며, 보관함, 선반, 서랍, 캐비닛 등에 라벨을 부착하는 데 이상적입니다. 【높은 매치 사이즈 측정】각 접착 인덱스 카드 포켓은 7.9 x 5.4cm(3.1 x 2.1인치)로 7.6 x 5.1cm(3 x 2인치) 카드 또는 라벨을 삽입하기에 적합합니다. 손으로 정확하게 측정하므로 사이즈 정확성에 대해 안심하십시오. 【고품질 비닐 소재】Origin-Joy의 접착 인덱스 라벨 포켓 슬리브는 고객의 일반적인 크기에 맞게 특별히 맞춤 제작되었으며, 자체 접착 뒷면이 있는 고품질 비닐로 제작되었습니다. 두께는 40개의 실크로 가볍고 매끄럽게 유지되며 쉽게 변형되지 않으며 오랫동안 사용할 수 있습니다. 【쉬운 사용】0.6cm(0.25인치) 립으로 짧은 면을 따라 열기만 하면 됩니다. 스티커를 벗겨내고 깨끗하고 평평한 표면에 붙이세요. 그리고 주머니를 제거한 후 접착된 물체의 표면에 접착제가 남지 않습니다. 【다양한 용도】인덱스 카드, 명함, 파일 태그 등을 정리하고 보관하는 데 이상적입니다. 파일, 교실 좌석, 엽서 등을 분류하고 식별할 수 있도록 도와줍니다. 중요한 것은 지문, 먼지, 물 또는 먼지로부터 태그를 보호합니다.",,"['접착', '라벨', '인덱스', '카드', '포켓', '자체', '홀더', '비닐', '보관', '먼지']"
사무용품,라벨 및 스티커,라벨 홀더,,B09B2XYZMP,"접착 라벨용 화이트 플라스틱 와이어 선반 라벨 홀더 25개, 전문 디스플레이 소매 태그 티켓 행거 클립, 와이어 선반 및 바구니용 스냅 온 식료품 저장실 사인 라벨 홀더, 너비 7.6cm(3인치) x 높이 3.2cm(1.25인치)",Gluposti,20705,20705,4.5,36.0,"각 세트에는 소매 가격표 접착 라벨을 위한 25개의 흰색 플라스틱 와이어 선반 라벨 홀더가 포함되어 있습니다. 라벨 홀더는 너비 7.6cm(3인치), 높이 3.2cm(1.25인치), 최대 직경 1cm(0.375인치)의 와이어에 맞습니다. 당사의 라벨 홀더는 내구성이 뛰어난 폴리프로필렌으로 만들어져 모든 소매 또는 보관 공간에 적합합니다. 소매 디스플레이, 냉장 쿨러 보관함, 식료품 저장실 와이어 선반 등을 쉽게 정리할 수 있습니다! 빠른 설치: 와이어 선반이나 랙에 클립으로 고정하기만 하면 됩니다. 접착제가 필요 없으며 쉽게 제거할 수 있습니다.",,"['라벨', '와이어', '홀더', '선반', '소매', '클립', '접착', '보관', '저장', '디스플레이']"
사무용품,라벨 및 스티커,라벨 홀더,,B0CT2PV9J1,"마그네틱 라벨 홀더 60개, 7.6 x 2.5cm(3 x 1인치) C 채널 라벨 홀더, 금속 랙 및 선반용, 보호 필름이 있는 자석 명판, 학교 사무용품용 백서 인서트 120개",,20581,20581,4.4,93.0,"제품 구성: 각 패키지에는 60개의 내구성 있는 라벨 홀더가 포함되어 있으며 60개의 투명 보호 필름과 120개의 교체 용지 인서트가 흰색으로 되어 있어 효율적인 라벨링에 필요한 모든 것을 갖추고 있습니다. 모던 미니멀리스트: 작고 매끄러운 이 라벨 홀더는 약 7.6 x 2.5cm(3 x 1인치)로 휴대가 간편하고 스타일리시합니다. 클래식한 디자인은 사무실, 가정 또는 학교 등 모든 작업 공간에 완벽하게 어울립니다. 강한 자석: 고품질의 부드러운 고무 자석 소재로 제작된 자석 이름표 홀더는 오래 사용할 수 있도록 제작되었습니다. 강력한 자석은 화이트보드나 캐비닛과 같은 모든 자석 표면을 떨어뜨릴 걱정 없이 안전하게 고정할 수 있습니다. 또한 재사용 가능한 디자인으로 필요할 때마다 쉽게 위치를 바꿀 수 있습니다. 실용적인 C 채널: 포함된 종이 인서트에 원하는 텍스트를 쓰고 투명 보호 필름과 함께 라벨 홀더에 밀어 넣은 다음 깨끗하고 매끄러운 자석 표면에 붙이기만 하면 됩니다. 독특한 C-채널 디자인으로 라벨링과 라벨 재지정이 간편하여 귀중한 시간과 노력을 절약할 수 있습니다. 다양한 용도: 창고 선반, 금속 우편함, 가격표, 사물함, 파일 캐비닛 또는 기타 자석 표면에 라벨을 붙일 때 당사의 라벨 홀더가 여러분을 보호해 드립니다. 마그네틱 라벨 홀더로 어수선함과 작별 인사를 하고 편리함을 누리세요!",,"['라벨', '홀더', '자석', '보호', '필름', '표면', '디자인', '채널', '인서트']"
사무용품,라벨 및 스티커,라벨 홀더,,B07MGZN6DC,"25개 팩 - 투명 플라스틱 선반 라벨 홀더, 나무 선반 표지판 및 티켓 홀더, 선반에 클립 1.3cm(1/2인치)에서 1.6cm(5/8인치) 두께 - 라벨 영역 길이, 7.6cm(3인치) X 라벨 영역 높이, 2.2cm(7/8인치) ""라벨 삽입 포함""",GlossyEnd,27686,16606,4.6,534.0,"25개 팩 - 플라스틱 선반 라벨 홀더, 나무 선반 표지판 및 티켓 홀더. ""라벨 삽입 포함"" 이 홀더는 라벨을 쉽게 읽을 수 있습니다 - 1.3cm(1/2인치)에서 1.6cm(5/8인치) 두께의 선반에 맞게 제작되었습니다 이 선반용 라벨 홀더는 모든 유형의 제품에 태그를 지정하고 정리하는 데 적합합니다. 소재: 모든 온도와 환경에서 장기간 사용할 수 있는 내구성 있는 플라스틱 색상: 내추럴 - 치수: 라벨 영역 길이, 7.6cm X 라벨 영역 높이, 2.2cm",,"['라벨', '선반', '홀더', '영역', '플라스틱', '표지판', '티켓', '나무', '삽입']"
사무용품,라벨 및 스티커,라벨 홀더,,B008OTG102,C-Line 자체 접착 바인더 라벨 홀더 1.5-인치 바인더용,C-Line,6384,6384,4.5,350.0,자가 접착 라벨로 바인더를 쉽게 식별할 수 있습니다. 모든 사무실을 정리할 수 있도록 도와줍니다. 카드 스톡 삽입 포함 수작업으로 작성하거나 라벨 메이커를 사용하여 빠른 맞춤 제작 1-1/2 인치 바인더용,Self-adhesive labels easily identify ring binders while on shelf. Peel off backing and apply labels to binder. Blank white inserts included.,"['바인더', '라벨', '접착', '삽입', '라벨로', '맞춤', '메이커', '빠르다', '사무실', '홀더']"
사무용품,라벨 및 스티커,라벨 홀더,,B0BK4P3LKD,"도서관 선반 라벨 홀더 50개, 19.9 x 10.2cm(7.6 x 4인치) 이동식 선반 마커, 교실 사무실 도서관 책꽂이용, 라벨 인서트 50개 포함",,33226,30456,4.2,13.0,"패키지: 선반 라벨 홀더 50개와 빈 라벨 용지 인서트 50개, 라벨 홀더는 15.2 x 10.2 x 4.1cm(6 x 4 x 1.6인치), 용지 인서트는 9.4 x 3.6cm(3.75 x 1.4인치)입니다 투명: 라이브러리 선반 라벨 홀더는 고품질 PVC 소재로 만들어져 눈에 잘 띄고 투명하며 책을 정리하고 표시할 수 있습니다 간편한 사용: 탈착식 선반 라벨 홀더는 도서관, 공부방, 교실, 사무실 등의 선반에 쉽고 편리하게 놓을 수 있습니다. 유연성: 움직일 수 있는 선반 라벨 홀더는 구부러질 수 있고, 쉽게 깨지지 않으며, 유연하게 사용할 수 있습니다 참고: 이 라벨 홀더 표면에 보호 필름이 있습니다. 사용하기 전에 떼어내십시오",,"['라벨', '홀더', '선반', '도서관', '용지', '교실', '사무실', '인서트']"
사무용품,라벨 및 스티커,라벨 홀더,,B09W4KMC3P,"자석 라벨 홀더 100개, 자석 데이터 카드 홀더, 금속 선반용 투명 플라스틱 프로텍터 포함, 화이트보드용 (2.5 x 5.1cm(1 x 2인치))",,47076,47076,4.2,43.0,"다양한 용도: 마그네틱 홀더는 심플한 흑백 색상으로 사무실, 작업장 및 일상 사용에 적합합니다. 보호 필름은 투명하고 깨끗하여 라벨의 텍스트를 밝고 깨끗하게 유지합니다 간편한 사용: 포함된 종이 스트립에 쓰고, 종이 인서트 및 투명 보호 필름을 밀어 넣고, 자석 라벨 홀더를 깨끗하고 평평한 표면에 붙여 시간을 절약하고 기존 접착 라벨에 비해 재배치가 쉽습니다 다양한 사이즈: 자석 데이터 카드 홀더에는 1 x 2 인치 / 2.5 x 5 cm, 1 x 3 인치 / 2.5 x 7.62 cm, 2 x 5.5 인치 / 5 x 14 cm, 작업 또는 공부에 매우 편리하며 많은 상황에 적용할 수 있어 업무나 생활에 매우 편리합니다 소재: 이 마그네틱 라벨은 전체 고무 자석 뒷면이 있는 유연한 C 채널 자석으로 구성되어 있으며, 라벨 용지 및 플라스틱 필름을 자석 카드 홀더에 쉽게 삽입할 수 있으며 모든 금속 표면에 부착하고 라벨을 쉽게 변경할 수 있습니다 제품 구성: 자석 라벨 홀더 100개와 교체 종이 스트립 200개가 1개 주문에 포함되어 있습니다. 직장이나 일상용으로 매우 좋은 패키지입니다","자석 라벨 홀더 100개, 자석 데이터 카드 홀더, 금속 선반, 화이트보드용 투명 플라스틱 프로텍터 포함 특징: 이 자석 라벨은 인쇄 또는 손으로 쓴 재고 라벨과 중요한 제품 정보가 있는 데이터 카드를 보관할 수 있으며 모든 라벨이 있는 금속 또는 강철 표면에 적합합니다. 사양: 소재: C-채널 자석, 고무 자석 뒷면, 흰색 라벨 종이, 필름 보호 색상: 블랙 수량: 총 100팩 제품 구성: 자석 라벨 100개. 인서트 200개(흰색 라벨 용지) 참고: 손으로 측정하기 때문에 1 - 2 mm 오차가 있을 수 있습니다.","['라벨', '자석', '홀더', '카드', '데이터', '종이', '금속', '필름', '플라스틱', '표면']"
사무용품,라벨 및 스티커,라벨 홀더,,B08XWY899F,"투명 플라스틱 소매 가격 라벨 홀더 50개, 보관함, 바구니용 클립 온 상품 사인 디스플레이 홀더, 라벨 용지 50장 포함 (6x4cm)",ILEBYGO,11066,11066,4.4,209.0,"【패키지 구성】50개의 투명 플라스틱 라벨 홀더가 함께 제공되며, 50개의 라벨 용지가 포함되어 있습니다. 즉, 라벨 용지에 원하는 모든 것을 적어 사용할 수 있습니다. 그런 다음 제품 앞에 걸어 제품을 완벽하게 전시할 수 있습니다. 【내구성 및 재사용 가능한 디자인】50개의 라벨 홀더는 고품질 PVC 플라스틱으로 만들어졌으며 투명한 색상으로 약간 부드러워 쉽게 깨지지 않으며 가격표를 삽입하기에 편리합니다. 쉽게 손상되지 않으며 오랫동안 재사용할 수 있습니다. ✅【제품 치수】길이 x 너비: 6x4cm(2.4x1.6인치), 이 가격 라벨은 두께가 0.6cm(0.24인치) 미만인 보관 상자 및 바구니 또는 서랍에 적합합니다. 구매 전에 사이즈가 필요에 맞는지 확인하십시오. 【다양한 사용】보관함/바구니에 적합하며 어떤 제품을 보관하는지 표시하고 인식하는 데 도움이 됩니다. 소매점/슈퍼마켓에서 가격 라벨 홀더 투명 플라스틱 와이어 선반으로 사용되며 창고 선반, 상점 선반, 통 등에 적합합니다. 【유용한 팁 및 고객 서비스】구매 전에 사이즈가 요구 사항을 충족하는지 확인하십시오. 제품에 문제가 있는 경우 먼저 메시지를 보내주십시오. 구매에 대해 마음의 평화를 주고 훌륭한 팀이 모든 단계를 도울 준비가 되었음을 확인하세요.",,"['라벨', '홀더', '플라스틱', '보관', '선반', '바구니', '투명', '용지', '구성', '재사용']"
사무용품,라벨 및 스티커,라벨 홀더,,B0CTZM1S86,"와이어 선반 라벨 홀더 25개, 재사용 가능한 플라스틱 선반 태그, 식료품 저장실 소매 쇼핑몰 상점, 슈퍼마켓 와이어 선반, UPC 가격 디스플레이, 쉬운 클립 디자인, 타이트한 스냅 잠금 클로저, 높이 3.2cm(1-1/4인치) x 너비 7.6cm(3인치)",Tecreddy,13836,13836,4.3,10.0,"【패키지 구성】패키지에는 재사용 가능한 투명 플라스틱 와이어 선반 라벨 홀더 25개와 일치하는 흰색 빈 카드 25장이 포함되어 있습니다. 선반 태그는 와이어 스타일 선반에 잘 맞도록 설계되었으며 라벨 홀더를 고정할 수 있는 바가 있는 모든 선반 디자인에 적합합니다. 【프리미엄 품질】와이어 선반용 선반 라벨 홀더는 내구성이 뛰어나고 튼튼한 플라스틱 소재로 제작되었습니다. 선반 라벨 홀더는 재사용이 가능하며 오래 사용할 수 있습니다. 높이 3.2cm(1-1/4인치) X 너비 7.6cm(3인치) 와이어 랙 라벨은 가격 UPC 정보를 명확하게 표시할 수 있습니다. 【잘 고정됨】쉬운 클립 디자인의 타이트하고 안전한 스냅 잠금 클로저는 최대 1cm(3/8인치) 와이어 직경에 맞습니다. 강력한 클립으로 라벨을 선반에 고정할 수 있습니다. 클립을 직접 열어 제거하지 않으면 떨어지지 않습니다. 【쉬운 사용】와이어 랙 라벨은 설치하고 싶은 곳 어디에나 고정할 수 있습니다. 빈 라벨에 라벨 정보를 적은 다음 라벨 홀더에 삽입하고 와이어 랙에 고정하여 설치를 완료합니다. 빈 라벨은 언제든지 정보를 변경할 수 있으며 설치 위치도 쉽게 변경할 수 있습니다. 【다양한 행사】와이어 선반 라벨 홀더는 식료품 창고, 편리한 상점, 식료품, 소매점, 쇼핑몰, 슈퍼마켓 및 와이어 선반을 사용하는 모든 곳에서 널리 사용할 수 있습니다. 선반 태그를 사용하여 가격 UPC에 라벨을 붙이고, 재고가 있는 제품을 식별하거나 선반 공간을 표시할 수 있습니다.","와이어 선반 라벨 홀더, 25팩 재사용 가능한 플라스틱 선반 태그, 식료품 저장실 소매 쇼핑몰 상점, 슈퍼마켓 와이어 선반, UPC 가격 사인 티켓 디스플레이, 쉬운 클립 디자인, 타이트한 스냅 잠금 클로저, 높이 3.2cm(1-1/4인치) x 너비 7.6cm(3인치)","['선반', '라벨', '와이어', '홀더', '클립', '고정', '디자인', '태그', '가능하다', '재사용']"
사무용품,라벨 및 스티커,라벨 홀더,,B0B3J8NLDP,72피스 선반 태그 라벨 홀더 접착 와이어 셀프 라벨 홀더 투명 플라스틱 선반 태그 홀더 가격 태그 홀더 슈퍼마켓 학교 도서관 책장 우편함 보관 통(10.2 x 2.5cm(4 x 1인치)),,22146,22146,4.2,52.0,"충분히 적절한 사이즈: 72개의 자체 접착 라벨 홀더가 있어 다양한 요구 사항을 충족할 수 있습니다. 각 라벨 홀더의 크기는 약 10.2 x 2.5cm(4 x 1인치)이며 라벨을 전시하기에 이상적입니다 부드럽고 안정적: 이 와이어 선반 라벨 홀더는 PVC 소재로 만들어져 방수 성능이 뛰어나고 쉽게 변형되거나 부서지지 않으며 오랫동안 사용할 수 있습니다 편리함 제공: 이 플라스틱 라벨 홀더를 매끄러운 표면에 부착하여 파일, 통, 용기를 순서대로 보관할 수 있습니다. 이 라벨 홀더를 사용하면 깔끔하게 정리하고 개인 물체를 식별할 수 있을 뿐만 아니라 지문, 먼지, 물 또는 먼지로 인한 라벨을 피할 수 있습니다 간편한 사용: 라벨 용지에 무언가를 쓰고 선반 태그 라벨 홀더에 라벨을 넣은 다음 뒷면의 접착 스트립을 벗겨내고 붙이고 싶은 모든 장소에 붙여 무언가를 명확하게 식별할 수 있습니다 다양한 용도: 선반 태그 라벨 홀더는 대부분의 매끄러운 표면에 붙일 수 있으며 서랍, 책장, 사물함, 캐비닛, 책상, 식료품 선반 등에 부착할 수 있어 여러분과 다른 사람들이 알아볼 수 있습니다",,"['라벨', '홀더', '선반', '태그', '접착']"
사무용품,라벨 및 스티커,라벨 홀더,,B09CFSWBNP,120피스 투명 바인더 라벨 홀더 자체 접착 라벨 홀더 투명 접착 포켓 홀더 명함 보관 상자 장난감 상자 스크랩북 바인더 노트북 상자 빈 척추 라벨 인서트,,10512,10512,4.1,189.0,"제품 구성: 패키지에는 120개의 상단 장착 플라스틱 바인더 라벨 홀더가 있어 사용하기 쉽고 다양한 용도로 사용할 수 있습니다. 각 바인더 라벨의 크기는 약 2.5 x 7.6cm(1 x 3인치)로 표준 바인더에 이상적인 크기입니다. 이 라벨 홀더를 사용하면 바인더, 폴더, 팔레트 또는 패브릭 보관 상자와 같은 사무실 자료를 깔끔하게 정리하고 식별할 수 있습니다 다양한 장점: 이 투명 바인더 라벨 홀더를 플라스틱 슬리브에 삽입하고 사무실, 학교 및 가정에서 질서를 유지해야 하는 곳 어디에나 붙일 수 있습니다. 이 라벨 홀더를 사용하면 중요한 물건이 분실되는 것을 방지할 뿐만 아니라 지문, 먼지, 물 또는 먼지로부터 보호합니다 간편한 사용: 바인더 라벨에 무언가를 쓰고 투명 홀더에 삽입한 다음 바인더 라벨을 사용할 수 있도록 홀더 뒷면을 떼어내기만 하면 됩니다. 바인더, 노트북, 다이어리, 벽 및 기타 장소에 이 라벨을 사용하여 자신을 상기시킬 수 있습니다 고품질 소재: 이 자체 접착 바인더 라벨 홀더는 PVC 소재로 만들어져 방수 기능이 뛰어나고 부식 방지 기능이 있습니다. 쉽게 변형되지 않으며 쉽게 깨지지 않으므로 오랫동안 사용할 수 있습니다 다양한 용도: 이 투명 플라스틱 라벨 홀더는 책, 노트북, 쓰레기통, 핸드백, 사진 앨범, 상자, 서랍, 용기, 책, 책상, 사물함 등을 바인딩하는 데 적합하며 좋은 알림으로 사용할 수 있습니다",,"['라벨', '홀더', '바인더', '상자', '투명', '노트북', '플라스틱', '접착']"
사무용품,라벨 및 스티커,라벨 홀더,,B08HHVDW5H,20피스 앤티크 라벨 홀더 7.9 x 5.1cm(3.1 x 2인치) 금속 명함 프레임 사무실 라이브러리 파일 서랍 태그 캐비닛 선반 서랍용 (블랙),,13836,13836,4.7,173.0,"패키지 구성: 20pcs 태그 라벨 홀더 나사 포함. 외부 크기: 80*51mm/3.14*2인치. 내부 크기: 53*31mm/2.1*1.22인치. 앤티크 라벨 홀더: 서랍이나 파일 캐비닛의 내용물을 식별합니다. 용도: 태그 카드 프레임은 캐비닛, 서랍, 찬장, 보석 상자, 선물 상자 사물함, 나무 상자, 와인 셀러 등에 널리 사용됩니다. 100% 만족 보장: 저희 제품은 고객 만족을 보장하기 위해 고품질 고객 서비스를 지원합니다. 어떤 이유로든 저희 제품이 마음에 들지 않으면 90일 이내에 무조건 반품하고 전액 환불받을 수 있습니다.",사양: 소재: 철 색상: 블랙 외부 크기: 80*51mm/3.14*2인치 내부 크기: 53*31mm/2.1*1.22인치 참고: 조명 촬영 및 디스플레이 차이로 인해 사진의 품목 색상이 실제 물체와 약간 다를 수 있습니다. 수동 측정으로 인해 1-3mm의 +/- 오차가 있을 수 있습니다. 100% 만족 보장: Kyuionty의 제품에 대해 만족하지 못하거나 궁금한 점이 있으시면 언제든지 이메일로 문의하여 만족스러운 솔루션을 얻으세요. 저희는 고객이 100% 만족스러운 쇼핑 경험을 즐기기를 바랍니다.,"['서랍', '홀더', '캐비닛', '보장', '만족', '라벨', '상자', '태그', '파일', '프레임']"
사무용품,라벨 및 스티커,라벨 홀더,,B0B6CMWVCF,"라벨 홀더, 롤 및 팬 폴드 라벨용 열 라벨 홀더, 배송 라벨 롤 홀더, 사무실 및 가정용 데스크탑 라벨 프린터와 함께 작동(블랙)",Millaass,13836,13836,4.6,181.0,"【광범위한 호환성】 이 라벨 스탠드는 롤 및 팬 폴드 라벨과 호환됩니다. 열 프린터 및 기타 많은 데스크탑 라벨 프린터와 함께 사용할 수 있습니다. 라벨 용지를 홀더에 넣기만 하면 됩니다. 【열 라벨에 적합한 직경】 롤 라벨-최대 외부 라벨 지름 17.8cm(7인치), 팬폴드 라벨-17.8x9.9cm(7x3.9인치), 다양한 크기의 라벨을 쉽게 교체할 수 있습니다. 【빠른 설치】라벨 홀더는 설치가 매우 쉽습니다. 조립 가이드를 참조하여 5개의 부품으로 1분 안에 완벽하게 설치할 수 있습니다. 【독특한 디자인】 라벨 홀더는 더 높은 베이스로 설계되어 프린터의 코드가 스탠드 아래로 통과할 수 있어 엉키거나 엉망이 되는 것을 방지합니다. 【심플한 외관】창고, 사무실, 슈퍼마켓, 소매점, 공장, 배송, 약국 상점 등에 적합합니다.",,"['라벨', '홀더', '프린터', '롤', '열', '설치', '데스크탑', '사무실', '스탠드', '팬']"
사무용품,라벨 및 스티커,라벨 홀더,,B0CZRPNYML,"플라스틱 와이어 선반 라벨 홀더 20개, 더블 후크 와이어 선반, 소매 가격 태그 라벨 홀더, 재사용 가능한 플라스틱 바구니 클립 온 라벨 홀더, 시장, 소매점 및 식료품 저장실용",,5526,5526,,,"내구성 있는 구조: 고품질 PVC 플라스틱으로 제작된 플라스틱 와이어 선반 라벨 홀더는 탁월한 내구성을 자랑하며 쉽게 깨지지 않고 일상적인 마모와 찢어짐을 견딜 수 있습니다. 견고한 디자인은 오래 지속되는 성능을 보장하므로 다양한 설정을 위한 신뢰할 수 있는 선택입니다. 간편한 설치: 플라스틱 와이어 선반 라벨 홀더로 번거롭지 않은 설치를 경험하십시오. 추가 도구가 필요 없으며 선반이나 바구니에 끼우기만 하면 즉시 정리할 수 있습니다. 사용자 친화적인 디자인으로 라벨 제작 과정을 간소화하여 전문적인 외관을 유지하면서 시간과 노력을 절약할 수 있습니다. 안전한 부착: 안전한 스냅 잠금 클로저가 특징인 보관 용기 플라스틱 라벨 클립용 라벨은 제자리에 단단히 고정되어 라벨이 예기치 않게 떨어지지 않도록 안심할 수 있습니다. 이중 타이트 클로저는 꼭 맞는 착용감을 보장하므로 변위나 손상에 대한 걱정 없이 중요한 정보를 자신 있게 표시할 수 있습니다. 다용도 사용: 슈퍼마켓부터 전문점에 이르기까지, 당사의 바구니 라벨 클립은 와이어 선반 가격 라벨 홀더는 다양한 용도로 사용할 수 있습니다. 가격, 제품 정보 또는 광고를 표시해야 할 때 이 다용도 홀더는 명확하고 시각적으로 매력적인 솔루션을 제공합니다. 적응성으로 다양한 환경에 적합하며 조직과 의사 소통을 향상시킵니다. 최적의 사이즈 및 호환성: 4.2 x 10 cm (1.65 x 3.94 인치) 크기의 라벨 홀더는 와이어 선반에 완벽하게 맞도록 설계되었습니다. 식료품 저장실, 소매점 또는 창고를 정리할 때 이 홀더는 공간이나 기능을 손상시키지 않으면서 효율적인 정리를 제공합니다.",설명: 제품 이름: 플라스틱 와이어 선반 라벨 홀더 20개 소재: 플라스틱 제품 크기: 10*4.2*0.7CM/제품 구성: 플라스틱 와이어 선반 라벨 홀더 20개,"['라벨', '홀더', '선반', '플라스틱', '와이어', '정리', '클립', '구성', '바구니']"
사무용품,라벨 및 스티커,라벨 홀더,,B097NRJ12H,"C-Line Slap-Stick 마그네틱 라벨 홀더, 측면 하중, 10.8 x 6.4cm(4.25 x 2.5인치), 블랙, 10/팩",C-Line,17547,17547,4.4,35.0,"깨끗하고 평평한 금속 표면에 부착됩니다. 자석 포켓은 부착, 재배치 또는 제거가 쉽습니다. 수직 또는 수평 디스플레이용. 폴리 포켓은 최대 10.8cm x 6.4cm(4.25인치 x 2.5인치) 크기의 인서트에 맞습니다. 손으로 쓰거나 라벨 메이커를 사용하여 포함된 인쇄 용지 인서트를 맞춤 설정할 수 있습니다.","Slap 'N Go 자석 홀더로 선반 유닛, 랙, 자석 보드, 서류 정리 캐비닛 등을 더 쉽게 식별할 수 있습니다. 투명한 폴리 포켓에는 뒷면에 색상이 있어 자석 표면에 라벨을 눈에 띄게 붙일 수 있습니다. 깨끗하고 평평한 금속 표면에 부착됩니다. 자석 포켓은 부착, 재배치 또는 제거가 쉽습니다. 수직 또는 수평 디스플레이용. 폴리 포켓은 최대 10.8 x 6.4cm(4.25 x 2.5인치) 크기의 인서트에 맞습니다. 손으로 쓰거나 라벨 메이커를 사용하여 포함된 인쇄 용지 인서트를 맞춤 설정할 수 있습니다. 각 팩에는 10개의 포켓과 10개의 빈 인서트가 포함되어 있습니다.","['포켓', '자석', '인서트', '라벨', '부착', '표면', '폴리', '맞춤', '배치', '손']"
사무용품,라벨 및 스티커,라벨 홀더,,B0C7QLJX29,"Fulmoon 마그네틱 라벨 홀더 10.2 x 5.1cm(4 x 2인치) C 채널 라벨 홀더 마그네틱 명판, 투명 플라스틱 프로텍터 및 백지 인서트 포함, 파일 캐비닛 선반 도구 상자 서랍용(50세트)",,31841,31841,4.4,7.0,"제품 구성: 투명 보호 필름 50개와 화이트 색상의 교체 용지 인서트 100개를 포함한 자석 라벨 홀더 50개를 받게 됩니다. 이상적인 조합과 정리 및 라벨링 요구 사항을 충족할 수 있는 충분한 수량입니다 사용 가능한 휴대용 사이즈: 이 라벨 홀더는 약 101.6 x 50.8mm(4 x 2인치)이며 가볍고 휴대가 간편하여 공간을 많이 차지하지 않으며 세련되고 클래식하며 작업이나 공부에 매우 편리합니다 자석 디자인: 이 자석 이름표 홀더는 고품질의 부드러운 고무 자석 소재로 만들어져 충분히 견고하고 재사용이 가능하며 오래 사용할 수 있습니다. 화이트보드, 캐비닛 및 기타 자석 표면에 붙여 떨어지지 않고 쉽게 이동하고 재배치할 수 있습니다 간단한 설치: 포함된 종이 인서트에 단어를 쓰고 종이 스트립과 투명 보호 필름을 밀어 넣은 다음 마그네틱 C 채널 라벨 홀더를 깨끗하고 매끄러운 자석 표면에 붙이면 C 채널 디자인으로 라벨을 쉽게 붙이고 다시 라벨을 붙일 수 있어 시간을 절약할 수 있습니다 다양한 용도: 이 자석 표지판 홀더는 사무실, 가정, 학교 및 소매점에 적합하며 창고 선반 라벨, 금속 우편함 라벨, 가격 라벨, 사물함 이름표, 파일 캐비닛 라벨 등으로 부착할 수 있어 많은 편리함을 제공합니다",,"['라벨', '홀더', '자석', '캐비닛', '마그네틱', '인서트', '투명', '채널', '휴대', '디자인']"
사무용품,라벨 및 스티커,라벨 홀더,,B0CZ12LYBF,"바구니 라벨 홀더 50개, 플라스틱 와이어 선반 라벨 홀더, 투명 가격 태그 홀더, 사인 및 티켓 홀더, 잠금 디자인 라벨 디스플레이 홀더, 홈 마켓 소매점용 (10x5.5cm)",,22146,22146,,,"사이즈: 홀더의 길이는 10cm(3.97인치), 높이는 약 5.6cm(2.2인치)입니다. 높이 4cm(1.575인치), 이상적으로는 최대 10cm(3.97인치) 길이의 라벨이나 카드를 보관할 수 있으며, 라벨 인서트 구매 시 발생하는 번거로움을 줄여줍니다. 쉬운 설치: 바스켓 라벨 홀더에는 이중 타이트 보안 스냅 잠금 장치가 있어 떨어지지 않고 선반에 단단히 걸 수 있습니다. 라벨 용지를 홀더에 넣은 다음 선반에 고정하기만 하면 됩니다. 다양한 용도: 슈퍼마켓, 상점, 창고, 주방, 도매 시장, 창고, 창고, 보관실, 쇼핑몰, 식료품점, 도서관, 식료품 저장실, 선반 및 라벨을 부착해야 하는 기타 장소에 이상적입니다. 소재: 와이어 선반 라벨 홀더는 투명 PVC 플라스틱으로 만들어져 견고하고 재사용이 가능하며 쉽게 깨지거나 변형되지 않아 오랫동안 사용할 수 있으며 투명한 디자인으로 라벨을 간단하게 볼 수 있습니다. 제품 구성: 바구니 라벨 홀더 50개, 라벨 용지 인서트 50개, 라벨 후크 50쌍, 친절한 고객 서비스. 문제가 있으면 언제든지 저희에게 알려주십시오. 고객님을 만족시키기 위해 최선을 다하겠습니다.","특징 1. 프리미엄 소재: 고품질의 투명 PVC 플라스틱으로 제작되어 쉽게 깨지거나 변형되지 않으며 견고하고 재사용이 가능하여 제품의 세부 사항을 보여줍니다. 2. 버튼 잠금 디자인: 바구니 라벨 홀더는 쉬운 버튼 잠금 장치로 설계되어 바구니에 단단히 고정되고 쉽게 떨어지지 않습니다. 3. 간편한 사용: 라벨 용지나 카드를 홀더에 삽입하고 쉬운 잠금 버튼으로 라벨 홀더를 선반에 잠그고 분해와 교체가 쉽습니다. 4. 다양한 용도: 이 플라스틱 라벨 홀더는 바구니, 와이어 선반 등에 걸 수 있으며 슈퍼마켓, 상점, 창고, 상점, 도서관, 보관실, 주방, 쇼핑몰 및 라벨이나 가격을 표시해야 하는 기타 장소에 적합합니다. 사양 수량: 50개 사이즈: 홀더: 10cm x 5.6cm. 라벨 영역: 3.97"" x1.4"" 색상: 투명 패키지 구성 플라스틱 라벨 홀더: 50개 후크: 50쌍 라벨 용지 삽입물: 50개 100% 만족 보장 제품에 문제가 있는 경우 언제든지 저희에게 알려주시면 최선을 다해 만족시켜 드리겠습니다.","['라벨', '홀더', '선반', '플라스틱', '바구니', '용지', '창고', '투명']"
사무용품,라벨 및 스티커,라벨 홀더,,B07T4NCTBV,"보관 통용 클립 온 빈 라벨 120개, 바구니 라벨, 클립 온 최고의 가성비 식료품 저장실 라벨, 와이어 선반 라벨 홀더 카드, 가정 및 사무실 사용",New Home Innovations,27686,27686,4.1,575.0,"미국에서 배송 - 당사의 걸이용 라벨은 미국의 창고에서 빠르게 배송됩니다 대용량 팩 - 플라스틱 와이어 선반 라벨 홀더 120개. 이 라벨 태그는 직경 0.6cm(0.25인치)의 모든 와이어 선반과 최대 7.6cm(3인치) x 3.2cm(1.25인치)의 라벨 인서트에 맞습니다 매우 쉬운 스냅 잠금 디자인 - 안전한 스냅 잠금 클로저가 있는 ""C"" 채널 디자인. 일단 클립으로 고정되면 이 선반 라벨 홀더는 그대로 유지됩니다 라벨 인서트 포함 - 각 팩에는 120개의 비접착 라벨 인서트가 포함되어 있으며 바로 인쇄할 수 있습니다 강하고 내구성 - 모든 온도와 환경에서 장기간 사용할 수 있는 프리미엄 플라스틱 폴리프로필렌",,"['라벨', '선반', '와이어', '홀더', '인서트', '클립', '플라스틱', '스냅', '디자인', '미국']"
사무용품,라벨 및 스티커,라벨 홀더,,B0CGZT49YV,"Glenmal 30피스 C 채널 마그네틱 라벨 홀더 세트, 7.6 x 12.7cm(3 x 5인치) 자석 선반 라벨 홀더, 보호 필름 30개 및 교체 스트립 60개, 금속 랙 화이트보드 이름 교실 태그용",,45691,45691,5.0,3.0,"종합 패키지: 팩에는 C 채널 마그네틱 라벨 홀더 30개가 포함되어 있습니다. 또한 30개의 보호 필름과 60개의 교체 스트립을 제공하여 라벨링 요구 사항에 맞는 충분한 용품을 제공합니다. 하나의 패키지만으로 여러 라벨링 작업에 충분합니다 이상적인 치수: 7.6 x 12.7cm(3 x 5인치) 크기의 이 자석 선반 라벨 홀더는 쉽게 식별할 수 있도록 필수 데이터를 보관하기에 적합합니다. 창고 선반, 소매, 도서관 또는 사무실 설정에 실용적입니다. 이 홀더는 모호한 범위를 남기지 않아 정리 능력을 향상시킵니다 내구성이 뛰어나고 우수한 소재: 고품질 자석과 고무를 사용하여 제작된 C 채널 마그네틱 라벨 홀더는 내구성을 제공합니다. 종이로 만든 라벨은 매끄럽고 주름이 생기지 않아 내용물을 명확하게 볼 수 있습니다. 보호 필름으로 포장되어 라벨은 깔끔하고 손상 없이 신선하게 유지됩니다 혁신적인 C 채널 디자인: 혁신적인 C 채널 디자인이 특징인 이 냉장고용 자석 홀더는 라벨을 쉽게 교체할 수 있습니다. 번거로움 없이 필요할 때마다 콘텐츠를 업데이트할 수 있어 작업 효율성이 향상됩니다 간편한 사용: 책상용 자석 이름표 홀더는 쉽게 사용할 수 있도록 설계되었습니다. 포함된 종이에 무언가를 쓰고 종이 슬리브와 투명 보호 필름을 밀어 넣고 자석 라벨 홀더를 깨끗하고 평평한 금속 표면에 부착하기만 하면 됩니다. 기존의 자체 접착 라벨에 비해 시간을 절약하고 위치를 쉽게 바꿀 수 있습니다","특징: 화이트보드용 자석 홀더의 흑백 색상 구성은 매끄럽고 현대적인 외관을 제공하여 어떤 장식과도 쉽게 조화를 이룹니다. 단순함과 우아함을 구현한 이 라벨은 스토리지 시스템의 미학을 향상시켜 보다 체계적으로 만듭니다. 유연하고 변경 가능한 자석 종이 홀더는 다양한 장소와 상황에 널리 적용할 수 있습니다. 금속 랙, 서랍, 통, 파일 캐비닛 또는 더 나은 정리를 위해 자석 라벨을 부착할 수 있는 모든 곳에 부착할 수 있습니다. 일상 업무 생활의 편리함을 향상시킵니다. 사양: 소재: 자석과 고무. 색상: 화이트, 블랙, 투명. 사이즈: 마그네틱 라벨 홀더: 3 x 5"" 패키지 구성: 화이트보드용 자석 종이 홀더 30개. 보호 필름 30개. 교체 라벨 60개. 참고: 수동 측정, 사이즈에 약간의 오차가 있을 수 있습니다. 화면 디스플레이의 차이로 인해 색상이 약간 다를 수 있습니다.","['라벨', '홀더', '자석', '보호', '종이', '채널', '필름', '향상', '마그네틱', '구성']"
사무용품,라벨 및 스티커,라벨 홀더,,B0CYBL99DY,"플라스틱 와이어 선반 라벨 홀더 100개 10 x 5.6cm(3.9 x 2.2인치) 바구니 라벨 클립, 더블 스냅 잠금 잠금, 투명 와이어 랙 라벨 홀더 가격 태그 홀더 시장, 소매점, 식료품 저장실용",,24916,24916,,,"【우수한 품질】와이어 선반 라벨 홀더는 고품질 PVC 플라스틱으로 만들어져 유연하고 강하며 갈라지거나 부서지지 않으며 오랫동안 재사용이 가능합니다. 투명한 디자인으로 물건을 한 눈에 볼 수 있습니다. 【패키지 포함】바구니 라벨 홀더 100개, 버튼 스트랩 200개, 라벨 용지 인서트 100개, 각 라벨 홀더는 10 x 5.5cm(3.94 x 2.2인치) 크기로 와이어 선반을 효율적으로 정리하고 간단하고 명확하게 표시하고 싶은 정보를 표시할 수 있도록 도와줍니다. 【버튼 잠금 디자인】 2개의 버튼 스트랩으로 각 라벨 홀더를 떨어지지 않고 선반에 안전하게 걸 수 있으므로 선반을 옮길 때에도 라벨 혼란에 대해 걱정할 필요가 없습니다. 간단한 버튼으로 물건을 분류하는 데 매우 편리합니다. 【쉬운 사용】당사의 플라스틱 라벨 홀더는 와이어 선반용으로 설계되었습니다. 카드나 라벨을 라벨 홀더에 삽입하고 푸시 버튼 스트랩을 사용하여 라벨 홀더를 선반 크로스바에 고정하기만 하면 됩니다. 라벨을 제거하고 교체하는 것도 쉽습니다. 【다양한 용도】 와이어 선반 클립은 와이어 바구니, 와이어 선반에 이름, 가격, 재고 및 기타 정보를 표시할 수 있도록 도와줍니다. 슈퍼마켓, 식료품점, 쇼핑몰, 상점, 식료품 저장실, 창고 및 와이어 선반을 사용하는 기타 장소에 적합합니다.",,"['라벨', '홀더', '선반', '와이어', '버튼', '스트랩', '바구니', '표시', '플라스틱']"
사무용품,라벨 및 스티커,라벨 홀더,,B0713T75YD,WEICHUAN 16피스 아연 합금 4.6cm x 8.9cm(1-5/8인치 x 3-1/4인치) 앤티크 브론즈 약종상 서랍 손잡이 카드 카탈로그 서랍 손잡이 카드 홀더 서랍 손잡이 서랍 손잡이 라벨 홀더 포함,WEICHUAN,17991,17991,4.7,772.0,"재료: 아연 합금. 사이즈: 그림과 같음. 패키지 포함: 16개의 당김과 일치하는 나사. 이 라벨 손잡이는 사무실, 도서관, 캐비닛, 선반, 서랍 명판, 보관함, 파일 서랍, 보석 상자, 선물 상자, 찬장, 파일 케이스, 약국 등과 잘 어울립니다. 도매 가격, 부담없이 구매하세요!",아연 합금 앤티크 브론즈 라벨 프레임 서랍 손잡이 16개.,"['서랍', '손잡이', '라벨', '합금', '아연', '카드', '브론즈', '상자', '앤티크', '홀더']"
사무용품,라벨 및 스티커,라벨 홀더,,B0CRV3MDR7,"Realth C 채널 자석 라벨 홀더 30팩 5.1 x 10.2cm(2 x 4인치), 종이 인서트 및 투명 플라스틱 프로텍터, 금속 랙 및 선반용 마그네틱 데이터 카드 홀더 파일 캐비닛 라벨",,24916,24916,4.8,31.0,"패키지 포함: 자석 라벨 홀더 30개(보호 필름 30개와 교체 종이 스트립 60개). 각 사이즈: 5.1cm x 10.2cm, 두께 0.3cm. 다양한 용도: 사무실, 가정, 직장, 학교, 교실, 화이트보드, 창고, 차고, 소매점 등과 같은 다양한 환경에 적합합니다. 파일 캐비닛, 선반, 직원 사물함, 좌석 배정, 서랍을 식별하거나 제품 정보를 표시하는 데 사용할 수 있는 실용적이고 편리한 도구입니다. 쉬운 설치 및 제거: 자석 뒷면으로 설치와 제거가 간단합니다. 접착제나 기타 고정 도구가 필요하지 않으므로 라벨 홀더를 번거롭지 않게 설치하고 교체할 수 있습니다. 유연한 라벨 맞춤화: 이 마그네틱 라벨 홀더는 견고한 마그네틱 접착력을 특징으로 하여 금속 표면에 쉽고 안전하게 부착할 수 있습니다. 필요에 따라 라벨을 쉽게 변경할 수 있어 라벨 정보를 유연하게 업데이트할 수 있습니다. 내구성 및 신뢰성: 고품질 소재를 사용하여 제조되어 내구성과 신뢰성을 보장합니다. 자주 사용하는 환경에서도 성능과 외관을 유지합니다.",,"['라벨', '홀더', '마그네틱', '설치', '자석', '환경', '캐비닛', '금속', '도구', '선반']"
사무용품,라벨 및 스티커,라벨 홀더,,B0C37VKQQ7,"보관 상자 라벨 클립 온, 투명 플라스틱 빈 라벨 클립 60개, 추가 80개의 라벨 용지 포함, 와이어 선반, 바구니, 패브릭 보관 큐브, 보관 옷장, 천 통, 식품 식료품 저장실에 적합 (6X4.2cm)",PAJDG,12451,12451,4.6,179.0,"★【내구성 있는 소재 및 투명 디자인】플라스틱 라벨 홀더는 고품질 PVC 소재로 만들어져 견고하고 여러 번 재사용할 수 있습니다. 클립의 투명하고 투명한 디자인으로 내부의 라벨 용지를 쉽게 볼 수 있어 시각적 효과가 좋습니다 ★【재사용 가능 및 맞춤형 라벨】보관함, 패브릭 통 라벨, 바구니 라벨, 빈 라벨 클립온 라벨은 재사용이 가능합니다. 라벨 용지는 변경하거나 맞춤화하기 쉽고 유연한 라벨 옵션이 가능합니다. 종이에 쓰거나 라벨을 인쇄하거나 미리 인쇄된 라벨을 사용하여 필요에 맞게 정리하고 정리할 수 있습니다 ★【다양한 용도】PAJDG 라벨 홀더는 바구니, 패브릭 보관 큐브, 보관 옷장, 천 통, 식료품 저장실, 와이어 선반, 상점 및 슈퍼마켓의 가격표, 창고 선반, 상점 선반, 사무실 서류 정리 시스템, 침실, 주방, 교실, 책장, 아이들 방, 도서관, 장난감 통 등과 같은 다양한 시나리오에서 널리 사용됩니다 ★【쉬운 사용】다른 도구를 사용하지 않고도 바구니 라벨 클립을 보관함이나 선반에 쉽게 끼울 수 있습니다. 탈착식 라벨에 필요한 정보를 적고 홀더에 삽입한 다음 클립에 라벨을 걸어 물건을 표시하거나 분류할 수 있습니다 ★【패키지 포함】이 패키지에는 60개의 투명 플라스틱 라벨 홀더와 홀더와 일치하는 80개의 비접착식 빈 탈착식 종이 라벨이 포함되어 있습니다. 각 홀더의 크기는 6.1cm(2.4인치)/6cmx1.6인치/4cm이며 클립 입구는 0.6cm(0.24인치)입니다. 구입하기 전에 라벨 홀더를 측정하여 통, 바구니 또는 선반에 맞는지 확인하십시오 ★【고객 서비스】느슨해지지 않도록 클립을 자주 삽입하고 제거하지 않는 것이 좋습니다. 저희는 항상 고객에게 서비스를 제공하기 위해 최선을 다하고 있으므로, 제품에 대한 질문이나 우려 사항이 있으시면 언제든지 저희에게 연락해 주십시오. 당사는 귀하가 겪을 수 있는 모든 문제를 해결하고 최고의 만족을 보장합니다",,"['라벨', '클립', '보관', '홀더', '선반', '바구니', '통', '투명', '정리', '재사용']"
사무용품,라벨 및 스티커,라벨 홀더,,B0CPVR67TJ,"와이어 선반 라벨 홀더 200개, 흰색 카드 200개가 있는 플라스틱 라벨 선반 클립, 3.2cm(1-1/4인치) 선반과 호환, 슈퍼마켓, 과일 가게, 약국 선반용, 7.5 x 3cm(2.9 x 1.2인치)",,41536,41536,4.2,3.0,"선반 라벨 200개: 이 선반 라벨에는 총 200개의 와이어 선반 라벨 홀더와 200개의 흰색 빈 카드가 포함되어 있습니다. 200개의 수량은 슈퍼마켓이나 기타 쇼핑몰의 요구 사항뿐만 아니라 일상적인 사용을 충족할 수 있습니다. 투명한 PVC 소재로 제작되어 견고하고 내구성이 뛰어난 이 제품은 길이가 7.5cm(2.95인치)이며 높이는 3cm(1.18인치)이며 3.2cm(1-1/4인치) 선반에 적합합니다. 간편한 설치: 첫째, 펜을 사용하여 제품 가격이나 기타 필요한 정보를 화이트 카드에 적어야 합니다. 그런 다음 흰색 카드를 플라스틱 와이어 선반 라벨 홀더에 삽입하고 선반에 걸어 놓습니다. 작동이 매우 간단하고 설치가 편리합니다. 소재 안전: 와이어 선반용 PVC 선반 라벨은 투명하고 내구성이 뛰어나며 쉽게 손상되지 않습니다. 부착된 흰색 빈 카드는 경도가 좋으며 일반 백지보다 내구성이 뛰어납니다. 다양한 용도: 과일 가게, 스낵 가게, 약국, 뷰티 소매점 등과 같은 다양한 상점에서 와이어 선반에 이 선반 태그를 사용할 수 있습니다. 제품 가격과 이름을 표시하려면 제품 디스플레이 선반에 200개의 와이어 선반 라벨 홀더가 필요합니다. 만족스러운 애프터 서비스: 1년 서비스를 제공하여 모든 고객에게 고품질 제품과 종합적인 애프터 서비스를 제공합니다. 구매 과정에서 제품 문제가 발생하면 아마존에 문의하시면 최대한 빨리 문제를 해결해 드리겠습니다.","와이어 선반 라벨 홀더 200개./사용 방법:/라벨 용지에 필요한 정보를 적은 다음 라벨 용지를 선반 클램프 라벨 홀더에 삽입하고 선반의 올바른 위치에 고정할 수 있습니다.//사양:/소재: PVC 플라스틱/길이: 3인치/7.5cm/높이: 약 3cm(1.2인치)./색상: 투명//패키지 구성:/플라스틱 케이블 랙 라벨 브래킷 200개, 종이 라벨 200개.","['선반', '라벨', '와이어', '홀더', '카드', '흰색', '구성', '플라스틱', '서비스', '가게']"
사무용품,라벨 및 스티커,라벨 홀더,,B0C9GLB918,"바구니 라벨 홀더, 쉬운 버튼 잠금 디자인의 플라스틱 바구니 라벨 클립 40개, 와이어 선반 라벨 홀더 와이어 랙 디스플레이 홀더 가격 사인 홈 마켓용 (라벨 용지 40개 포함)",,19376,19376,4.4,11.0,"버튼 잠금 디자인: 바스켓 라벨 홀더는 쉬운 버튼 잠금 장치로 설계되어 바구니에 단단히 고정되고 쉽게 떨어지지 않도록 하여 품목 분류에 많은 편리함을 제공합니다. 프리미엄 소재: 라벨 홀더 클립은 고품질 PVC 플라스틱으로 만들어져 견고하고 오래 지속되며 투명한 디자인으로 물건을 한눈에 선명하게 만듭니다. 다양한 용도: 플라스틱 바구니 라벨 홀더는 바구니, 와이어 선반 등에 걸 수 있으며 주방, 슈퍼마켓, 창고, 상점 등의 품목 세부 정보나 가격을 보여주기에 완벽합니다. 쉬운 작동: 쉬운 잠금 버튼으로 라벨 홀더를 선반에 잠근 후 용지를 쉽게 삽입할 수 있으며 분해와 교체가 쉽습니다. 패키지 목록: 패키지에는 바구니 라벨 홀더 40개(12 x 5.5cm/4.72 x 2.2인치) 및 백지 40장이 포함되어 있습니다.","ELEMGULY 바구니 라벨 홀더, 쉬운 버튼 잠금 디자인의 플라스틱 바구니 라벨 클립 40개, 와이어 선반 라벨 홀더 와이어 랙 디스플레이 홀더 가격 사인 홈 마켓용 (라벨 용지 40개 포함) 제품 구성: 바구니 라벨 홀더 40개. 백서 40장","['라벨', '홀더', '바구니', '쉽다', '와이어', '버튼', '플라스틱', '선반', '디자인', '용지']"
사무용품,라벨 및 스티커,라벨 홀더,,B0925RQK4H,"자석 라벨 홀더 라벨 랙, 자석 포함, 100개, 자석 데이터 카드 홀더, 보호 필름 및 교체 스트립 포함, 선반 통용 (2.5 x 7.6cm(1 x 3인치))",,41536,41536,4.3,150.0,"제품 구성: 자석 라벨 홀더 100개, 보호 필름 100개, 교체 스트립 200개가 포함된 2.5 x 7.6cm(1 x 3인치) 자석 라벨 랙 100세트를 받게 됩니다. 일상적인 사용 요구 사항을 충족하는 적절한 수량 빠른 라벨링: 저희 제품에는 부착된 슬립에 단어를 쓸 수 있도록 충분한 교체 슬립이 있는 완벽한 도구 세트가 함께 제공됩니다. 그런 다음 슬립을 투명 보호 필름에 삽입하고 자석 라벨 홀더를 깨끗하고 평평한 표면에 부착할 수 있습니다. 라벨은 시간을 절약하고 기존 스티커 라벨보다 쉽게 재배치할 수 있습니다 심플한 색상 구성: 이 라벨 홀더의 심플한 디자인은 가장 단순하고 세련된 흑백 디자인으로 가정이나 사무실에서 매일 사용하기에 적합합니다. 심플하고 투명하며 오래되지 않습니다 재사용 가능한 라벨: 이 마그네틱 데이터 카드 홀더는 고품질의 부드러운 고무 자석으로 만들어져 내구성이 뛰어나고 신뢰할 수 있습니다. 이 디자인은 반복해서 부착할 수 있으며 반복적으로 사용할 수 있도록 금속 표면을 가로질러 쉽게 앞뒤로 이동할 수 있습니다 정리할 수 있는 공간: 이 재사용 가능한 태그 랙은 집이나 사무실 공간을 정리하는 데 도움이 됩니다. 다양한 범주의 품목 앞에 라벨을 붙이고 라벨에 카테고리를 표시할 수 있습니다. 필요할 때 라벨에 따라 필요한 품목을 쉽게 찾을 수 있어 편리하고 시간을 절약할 수 있습니다",,"['라벨', '자석', '홀더', '필름', '부착', '보호', '슬립', '구성', '심플', '디자인']"
사무용품,라벨 및 스티커,라벨 홀더,,B005UJLB7M,"Akro-Mils 29302 투명 보호 플라스틱 라벨 홀더 및 라벨 대형 AkroBins 및 30348, 30358용, (25팩)",Akro-Mils,59845,59845,4.3,35.0,"편리함- 패키지에는 라벨 카드(포함)를 안전하게 보관할 수 있는 25개의 투명 카드 홀더가 포함되어 있습니다 FIT- 투명 플라스틱 카드 홀더는 쓰레기통의 기존 카드 홀더 슬롯에 맞아 가정의 내용물과 직장 재고를 쉽게 식별할 수 있습니다 인쇄 가능 - 레이저 또는 잉크젯 인쇄가 가능한 36개의 라벨 카드가 포함되어 있으며 홀더에 맞습니다 호환성 - 30230, 30234, 30235, 30239, 30240, 30250, 30255, 30348, 30358 Akro-Mils AkroBins의 카드 슬롯 내부에 맞도록 설계되었습니다 자부심을 가지고 미국에서 제작","쓰레기통에 라벨을 붙이는 것은 쉽게 정리할 수 있는 방법입니다. Akro-Mils 투명 보호 플라스틱 라벨 홀더는 AkroBins, 선반 상자 및 ShelfMax 통에 몰딩된 카드 슬롯 홀더에 맞습니다. 프린터를 통해 라벨 시트를 실행하거나 설명을 손으로 작성하십시오. 라벨을 분리하고 플라스틱 라벨 홀더에 삽입하십시오. 홀더를 통 앞면의 슬롯에 밀어 넣습니다. 집에서 내용물을 식별하거나 이름, 품목 번호 및 바코드를 포함하여 직장에서 상업용 물건을 정리하는 데 적합합니다. 미국에서 제작.","['홀더', '라벨', '카드', '플라스틱', '슬롯', '투명', '식별', '쓰레기통', '보호', '인쇄']"
사무용품,라벨 및 스티커,라벨 홀더,,B09RGMDKT1,라벨 홀더 2.5x7.6cm(1x3인치) 종이 인서트 리필 (100개),MINOMAG,9681,9681,4.4,575.0,완벽한 사이즈 | 이 종이 리필은 2.5cm x 7.6cm(1인치 x 3인치) Minomag C 채널 마그네틱 데이터 카드 홀더(별도 판매)에 정확히 맞습니다 다이 컷 | 각 데이터 카드는 다이 컷이며 보기 흉한 가장자리를 남길 구멍이 없습니다 선명한 흰색 카드지 | 먼지가 많은 창고나 햇볕이 잘 드는 상점 앞면은 오래된 선반 라벨이 거무스름하거나 색이 바래거나 읽기 어려울 수 있습니다. 라벨을 새로 고쳐 빠르게 읽고 스캔할 수 있습니다 쉬운 필기 표면 | 펜이나 연필을 선택하여 카드에 직접 쓰거나 인쇄된 접착 라벨을 선택하세요,,"['라벨', '카드', '선택', '홀더', '데이터', '리필', '종이', '빠르다', '선반', '선명하다']"
사무용품,라벨 및 스티커,라벨 홀더,,B09H5PTHPW,"선반 라벨, 재사용 가능한 플라스틱 와이어 선반 라벨 홀더 50개, 쇼핑몰, 상점, 슈퍼마켓용 와이어 선반용 선반 태그, 소매 가격 태그 홀더 티켓 사인 홀더 (인서트 포함)",,23531,23531,3.2,13.0,"훌륭한 품질: 투명하고 내구성이 뛰어난 PVC 플라스틱은 가볍고 실용적이며 날씨에 쉽게 영향을 받지 않으며 오랫동안 사용할 수 있습니다. 언제든지 쉽게 끼우거나 제거할 수 있습니다. 일단 클립으로 고정하면 선반 라벨 홀더가 그대로 유지됩니다. 클립 디자인은 라벨 인서트를 제자리에 안전하게 유지하면서 쉽게 제거하거나 재배치가 가능합니다. 패키지 포함: 플라스틱 와이어 선반 라벨 홀더 50개와 흰색 비접착 라벨 인서트 50개, 바로 인쇄할 수 있는 충분한 수량으로 매일 사용하고 교체할 수 있습니다. 빈 라벨 클립온의 크기는 7.6 x 2.3cm(3 x 1인치)이며 라벨은 최대 7.6 x 2.3cm(3 x 0.9금속, 플라스틱 또는 나무 선반에 관계없이 1.9cm(3/4인치) 두께의 선반과 같은 대부분의 선반 크기에 적합합니다. 구입하기 전에 와이어 선반 크기를 측정하십시오. 재사용 및 이동성: 이 라벨 홀더는 표지판을 손상으로부터 보호하고 표지판을 단단히 고정합니다. 라벨 내부에 두 개의 가장자리가 있어 라벨을 밀어 넣고 제자리에 보관할 수 있습니다. 홀더의 카드는 항상 쉽게 제거하거나 교체할 수 있습니다. 홀더를 완전히 제거하지 않고도 간단히 앞으로 당길 수 있으며 라벨을 쉽게 삽입/변경할 수 있지만 홀더를 교체해야 하는 경우 클립을 쉽게 풀 수 있습니다. 다용도: 이 선반 홀더는 슈퍼마켓, 편의점, 식료품, 쇼핑몰, 식료품 저장실, 창고, 도서관 용품 및 기타 와이어 선반을 사용하는 모든 곳에 적합합니다. 가격, 특별 또는 재고 있는 상품과 재고 위치 식별자를 식별하는 데 사용할 수 있습니다. 눈길을 사로잡으며 쉽게 눈에 띕니다. 쉬운 표시: 좋아하는 글꼴과 사용자 지정 라벨을 사용하여 자신의 라벨을 손으로 쓸 수 있습니다. 또는 인쇄 후 적절한 크기의 카드 인서트를 사용하십시오.",매장용 재사용 가능한 플라스틱 와이어 선반 라벨 홀더 - 플라스틱 와이어 선반 라벨 홀더 50개와 흰색 비접착 라벨 인서트 50개. - 재사용 및 이동식. - 라벨 내부에 두 개의 모서리가 있어 필요에 따라 종이 라벨을 밀어 넣을 수 있습니다. 라벨 홀더 사양: 색상: 투명. 소재: PVC 플라스틱. 빈 라벨 클립의 크기는 7.6 x 2.5cm(3 x 1인치)입니다. 라벨은 최대 7.6cm x 2.3cm(3인치 x 0.9인치) 크기를 삽입합니다. 1.9cm(3/4인치) 두께의 선반과 같은 대부분의 선반 크기에 적합합니다. 구입하기 전에 와이어 선반의 크기를 측정하십시오. 사용 방법: - 좋아하는 글꼴과 사용자 지정 라벨을 사용하여 라벨을 손으로 작성하십시오. - 인쇄 후 적절한 크기의 카드 인서트를 사용하십시오. 라벨 내부에 가장자리가 있어 라벨을 밀어 넣고 제자리에 고정할 수 있습니다. 패키지 구성: 선반 라벨 50개 + 흰색 비접착 라벨 인서트 50개.,"['라벨', '선반', '홀더', '와이어', '플라스틱', '인서트', '클립']"
사무용품,라벨 및 스티커,라벨 홀더,,B08DR83K3Q,"접착 라벨용 투명 플라스틱 와이어 선반 라벨 홀더 25개, 전문 디스플레이 소매 가격 태그 티켓 행거 클립, 와이어 선반 및 바구니용 스냅 온 식료품 저장실 표지판 라벨 홀더 (너비 7.6cm x 높이 3.2cm(3 x 1.25인치)",,20705,20705,4.5,139.0,"각 세트에는 소매 태그 접착 라벨을 위한 25개의 투명 플라스틱 와이어 선반 라벨 홀더가 포함되어 있습니다. 라벨 홀더는 너비 7.6cm(3인치), 높이 3.2cm(1.25인치)이며 최대 직경 1cm(0.39인치) 와이어에 맞습니다. 당사의 라벨 홀더는 단단한 플라스틱으로 만들어져 모든 소매 또는 보관 공간에 적합합니다. 소매 디스플레이, 냉장 쿨러 보관실 및 식료품 저장실 와이어 선반을 쉽게 정리할 수 있습니다! 빠른 설치: 와이어 선반이나 랙에 간단히 고정하면 접착제가 필요 없으며 쉽게 제거할 수 있습니다.",,"['라벨', '와이어', '홀더', '선반', '소매', '플라스틱', '접착', '디스플레이', '보관', '식료품']"
사무용품,라벨 및 스티커,라벨 홀더,,B0BCDC4Y8T,"7.6x10.2cm(3x4인치) 접착 플라스틱 포켓 슬리브 50개, 화이트 인서트 카드 50개, 자체 접착 투명 라벨 홀더, 인덱스 카드 포켓 슬리브, 투명 플라스틱 스티커 라벨 홀더",wexpw,16606,16606,4.8,27.0,"제품 구성 - 7.6 x 10.2cm(3 x 4인치) 접착 플라스틱 포켓 슬리브 50개와 일치하는 흰색 인서트 카드 50개가 제공됩니다. 접착 라벨 포켓이 완벽하게 결합되어 추가 인서트 카드지를 구입할 필요가 없으며 많은 편리함을 제공합니다! 사이즈 - 각 접착 인덱스 카드 포켓 maesure 3x4인치/7.7x10.2cm, 흰색 인서트 용지는 2.8x3.7인치/7x9.4cm로 제공되며 적절한 크기의 접착 포켓 슬리브는 카드를 깔끔하게 정리하고 보호하는 데 적합합니다. 소재 - 이 접착 인덱스 카드 슬리브는 고품질 플라스틱과 접착식 뒷면 접착제로 만들어졌으며 내구성이 뛰어나고 쉽게 변형되거나 깨지지 않습니다. 투명한 품질의 플라스틱 접착 포켓은 주름, 찢어짐 또는 뒤틀림 없이 더 나은 선명도를 제공하며 오랫동안 사용할 수 있습니다. 간편한 사용 - 라벨용 투명 포켓 슬리브는 양면 투명, 정보를 볼 수 있는 투명한 전면으로, 접착식 접착 뒷면은 뒷면 용지에서 깨끗하게 벗겨낼 수 있습니다. 이 자체 접착 인덱스 카드 홀더는 필요한 매끄러운 표면에 쉽게 부착할 수 있습니다. 다양한 사용 - 투명 접착 플라스틱 슬리브는 알림, 학습, 표시, 라벨링, 색인 카드 또는 이름표 삽입, 포장 및 배송에 이상적입니다. 인덱스 카드용 투명 플라스틱 포켓 라벨은 가정, 교실, 사무실 및 기타 매끄럽고 평평한 표면에 적합합니다",,"['접착', '카드', '포켓', '플라스틱', '슬리브', '투명', '라벨', '인덱스', '인서트', '홀더']"
사무용품,라벨 및 스티커,라벨 홀더,,B0D2Z6RMTH,"흰색 빈 라벨이 있는 와이어 선반 라벨 홀더, 와이어 선반용 플라스틱 선반 태그(7.6 x 3.6cm(3 x 1.4인치)) (50)",,15221,15221,5.0,1.0,"패키지에는 와이어 선반용 투명 라벨 홀더 50개와 라벨 용지 인서트 50개가 포함되어 있습니다. 선반 라벨 클립의 길이는 약 7.5cm(3인치)이며 높이는 약 3.7cm(1.46인치)입니다. 일치하는 라벨 용지는 7.2cm(2.9인치) x 3.2cm(1.26인치)입니다. 선반 라벨에는 투명 PVC 플라스틱을 사용하고 라벨 용지에는 고품질 종이를 사용합니다. 이 와이어 라벨 홀더는 견고하고 품질이 좋으며 쉽게 파손되거나 변형되지 않으며 서비스 및 재사용이 가능하여 오랫동안 사용할 수 있으며 투명한 디자인으로 라벨을 간단하게 볼 수 있습니다. 메트로 선반 라벨은 다양한 용도로 사용할 수 있으며 책장, 지하철 선반을 정리하는 데 널리 사용할 수 있으며 슈퍼마켓, 상점, 레스토랑, 쇼핑몰 및 기타 행사에도 사용할 수 있습니다.","Fansunta 흰색 빈 라벨이 있는 와이어 선반 라벨 홀더, 와이어 선반용 플라스틱 선반 태그(7.6 x 3.6cm(3 x 1.4인치)) (50) 소재: 투명 PVC 플라스틱 및 고품질 종이. 색상: 투명. 사이즈: 선반 라벨 클립의 길이는 약 7.5cm(3인치)이며 높이는 약 3.7cm(1.46인치)입니다. 일치하는 라벨 용지는 7.2cm(2.9인치) x 3.2cm(1.26인치)입니다. 패키지 구성: 와이어 선반용 투명 라벨 홀더 50개와 라벨 용지 인서트 50개 품질 : 제품에 대한 질문이 있으시면 저희에게 연락하여 도움을 받으십시오","['라벨', '선반', '와이어', '용지', '홀더', '투명', '플라스틱']"
사무용품,라벨 및 스티커,라벨 홀더,,B09TZ184CV,"플라스틱 바구니 라벨 홀더 40개, 가격 표지판 와이어 선반 라벨 홀더, 쉬운 클립 디자인 스냅 잠금 클로저 (라벨 용지 인서트 40개 포함), 라벨 영역 길이 10cm(3.94인치) x 너비 3.8cm(1.57인치)",,22146,22146,4.3,112.0,"독특한 잠금 디자인: 플라스틱 라벨 클립에는 단단히 고정되는 스냅 잠금 장치가 있어 클립이 떨어질 걱정 없이 선반에 단단히 걸 수 있습니다. 사이즈: 홀더: 길이 10cm x 너비 3.8cm. 라벨 영역: 길이 10cm x 너비 3.8cm. 슈퍼마켓, 상점, 선반 및 라벨이나 가격을 표시해야 하는 기타 장소에서 널리 사용됩니다. 쉬운 설치: 추가 도구가 필요하지 않습니다. 라벨 용지를 홀더에 넣은 다음 선반에 고정하기만 하면 됩니다. 40개의 라벨 인서트로 라벨 인서트를 구입하는 번거로움을 덜어줍니다. 고품질: 내구성이 뛰어난 PVC 플라스틱으로 제작되어 쉽게 손상되지 않습니다. 가격, 라벨 및 기타 정보를 간단하고 효과적으로 표시할 수 있는 방법을 제공합니다. 제품 구성: 플라스틱 바구니 라벨 홀더 40개와 라벨 용지 40개. 180일의 매우 긴 기간.",,"['라벨', '홀더', '플라스틱', '선반', '용지', '클립', '인서트', '영역', '디자인', '쉽다']"
사무용품,라벨 및 스티커,라벨 홀더,,B0D583CS7M,"와이어 선반 라벨 홀더 200개, 10.2 x 5.8cm(4 x 2.3인치) 투명 가격 태그 홀더, 이중 스냅 잠금 잠금, 소매 시장 및 가정용 재사용 가능한 바구니 라벨 홀더",,41120,41120,,,"제품 구성: 선반용 플라스틱 라벨 홀더 200개를 받게 되며, 일상적인 사용 및 교체 요구 사항을 충족할 수 있는 충분한 품질을 제공합니다. 이 와이어 선반 라벨 홀더는 와이어 선반 품목 정보를 정리하고 명확하고 간단한 방법으로 표시할 수 있습니다. 범용 사이즈: 가격표 홀더는 길이 10.2cm(4인치) x 너비 5.8cm(2.3인치)이며 가격 라벨에 적합합니다. 길이 10.2cm(4인치) x 너비 4.3cm(1.7인치). 이 사이즈는 대부분의 선반에 맞으며 명함, 제품 라벨 등을 전시하는 데 사용할 수 있습니다. 주문 전에 와이어 랙을 측정하고 크기를 확인하십시오. 고품질 소재: 와이어 선반용 선반 태그는 고품질 플라스틱으로 만들어져 견고하고 내구성이 뛰어나며 쉽게 부러지거나 변형되지 않아 오랫동안 사용할 수 있습니다. 투명한 외관으로 라벨의 텍스트를 쉽게 읽고 잘 보호할 수 있습니다. 간편한 사용: 다른 도구를 사용하지 않고 이 와이어 선반 라벨 홀더는 이중 타이트 보안 스냅 잠금 장치가 있어 떨어지지 않고 선반에 단단히 걸 수 있습니다. 카드나 라벨을 홀더에 삽입하고 상단의 이중 프리 클로저를 닫기만 하면 됩니다. 다양한 용도: 이 플라스틱 와이어 선반 라벨 홀더는 슈퍼마켓, 식료품점, 도서관, 보관실, 쇼핑몰, 식료품 저장실, 창고 및 와이어 선반을 사용하는 모든 곳에 사용할 수 있습니다. 기본 정보, 가격, 코드, 일련 번호 또는 상품 등을 표시할 수 있습니다.","특징: 와이어 선반용 투명 플라스틱 라벨은 다양한 제품에 태그를 지정하고 정리하는 데 적합하며 이름, 숫자, 바코드, 가격, 설명 등을 표시할 수 있습니다. 사용 방법: 라벨 용지에 메모를 적은 다음 선반 클립 라벨 홀더에 라벨 용지를 삽입하고 선반의 올바른 위치에 끼울 수 있습니다. 사양: 소재: PVC 플라스틱 색상: 투명 사이즈: 길이: 약 4인치/10.16cm 높이: 약 1.6인치/4cm 패키지 구성: 플라스틱 와이어 선반 라벨 홀더 200개. 라벨 후크 200개. 참고: 수동 측정, 사이즈에 약간의 오차가 있을 수 있습니다. 화면 디스플레이의 차이로 인해 색상이 약간 다를 수 있습니다.","['라벨', '선반', '홀더', '와이어', '플라스틱', '표시', '투명', '구성', '태그', '이중']"
사무용품,라벨 및 스티커,라벨 홀더,,B09N1H1VST,"이동식 선반 라벨 홀더 1.9cm x 12.7cm(0.75인치 x 5인치), 10개 팩",,22146,22146,4.6,15.0,선반 손상 없이 라벨 홀더를 다른 위치로 쉽게 옮길 수 있습니다. 크리스탈처럼 투명하며 모든 종류의 선반과 잘 어울립니다. 하단 로딩 디자인이 있어 라벨을 쉽게 교체할 수 있습니다. 가치 - 이동식 라벨 홀더 10개와 하드 페이퍼 2개가 함께 제공됩니다. 언제든지 편리한 고객 서비스를 이용할 수 있습니다.,,"['라벨', '홀더', '선반', '이동식', '하드', '하단', '편리하다', '페이퍼', '투명하다', '크리스탈']"
사무용품,라벨 및 스티커,라벨 홀더,,B0BLC6MC5V,조절 가능한 라벨 디스펜서 아크릴 스티커 디스펜서 스티커 롤 홀더 라벨 홀더 스티커 홀더 정리함 라벨 스탠드 스티커 라벨 사무실 및 가정용 (디스크 6개),Kathfly,42921,42921,4.0,42.0,"장시간 사용: 라벨 디스펜서는 고품질 아크릴 소재로 만들어져 강하고 견고하며 쉽게 깨지거나 변형되지 않아 악천후를 견딜 수 있으며 오랫동안 사용할 수 있습니다 라벨 정리: 스티커 디스펜서는 약 22.9 x 11.4 x 17.8cm(9 x 4.5 x 7인치)로 라벨을 정리할 수 있는 충분한 공간으로 더 이상 라벨을 잃어버릴 염려가 없습니다 투명한 시스루: 높은 투명도가 특징인 스티커 롤 홀더는 명확하게 볼 수 있어 홀더를 잘 볼 수 있고 물건을 빠르게 찾을 수 있습니다 쉬운 조립: 분리기를 아크릴 기둥에 넣고 기둥을 홈에 놓으면 스티커 홀더에 라벨을 넣을 수 있어 작동이 간단하고 사용하기 편리합니다 다양한 용도: 당사의 스티커 롤 디스펜서는 가정, 학교, 사무실 및 기타 장소에 적합합니다. 라벨, 스티커, 테이프 등을 고정하는 데 부착할 수 있어 책상을 깔끔하게 유지하고 공간을 절약할 수 있습니다",,"['라벨', '스티커', '홀더', '스펜서', '롤', '정리', '아크릴', '가정', '사무실', '공간']"
사무용품,라벨 및 스티커,라벨 홀더,,B01KHJTGKI,BLUECELL 10피스 83 x 30mm 브론즈 색상 금속 사무실 파일 캐비닛 선반 서랍 명함 라벨 홀더 프레임 나사 포함,,6911,6911,4.7,400.0,"패키지 포함: 10개 라벨 크기에 적합: 2-5/16 x 13/16"", 제품 전체 크기 (L x W): 3-1/4 x 1-3/16"" 소재: 금속 색상: 브론즈 태그 라벨 홀더",10피스 83 x 30mm 브론즈 컬러 메탈 사무실 파일 캐비닛 선반 서랍 이름 카드 라벨 홀더 프레임 나사 포함,"['라벨', '홀더', '브론즈', '피스', '나사', '사무실', '서랍', '선반', '금속', '캐비닛']"
사무용품,라벨 및 스티커,라벨 홀더,,B0BV6WFD5L,투명 접착 포켓 라벨 홀더 8.9 x 7.9cm(3.5 x 2.75인치) 플라스틱 사진 슬리브 사각형 라벨 포켓 홀더 학교 도서관 사무실 홈 비즈니스 인덱스 카드 라벨 보관 상자 캐비닛 용품 50개,,19376,12451,4.2,17.0,"자체 접착 특성: 이 투명 접착 포켓에는 자체 접착 뒷면이 있어 금속, 목재, 유리, 종이, 판지, 석회 벽, 타일 등을 포함한 모든 매끄러운 표면에 잘 붙일 수 있으며 자체 접착 라벨 포켓에서 인덱스 카드를 쉽게 삽입하거나 제거할 수 있습니다 신뢰할 수 있는 고품질 소재: 당사의 라벨 홀더는 주로 고품질 비닐 플라스틱 소재로 만들어져 견고하고 견고하며 방수, 방진 및 긁힘 방지 기능이 있으며 가볍고 재사용이 가능하며 신뢰할 수 있는 소재로 오랫동안 사용할 수 있습니다 정리 유지: 인덱스 카드를 인덱스 카드 홀더에 삽입한 다음 투명한 자체 접착 포켓을 케이스, 상자, 사진 앨범, 용기, 책, 책상, 사물함, 캐비닛, 선반에 붙이세요. 지저분할 뿐만 아니라 중요한 정보와 물건의 손실을 방지합니다 적합한 사이즈: 자체 접착 사진 슬리브는 약 8.9 x 7cm(3.5 x 2.75인치)로 적당한 크기로 사무실, 교실, 학교, 가정, 창고 마킹 및 정리에 적합하며 많은 공간을 차지하지 않으며 휴대와 보관이 쉽습니다 사용 및 공유하기에 충분합니다: 한 패키지에 50개의 접착 플라스틱 포켓이 제공됩니다. 충분한 수량으로 일상적인 사용 및 교체에 대한 요구를 충족시킬 수 있습니다. 동시에 다른 사람들과 공유할 수 있습니다","특징: 투명한 디자인: 당사의 접착 라벨 포켓은 투명한 디자인을 사용하여 카드의 정보를 명확하게 볼 수 있으므로 알고 싶은 것을 쉽게 이해할 수 있어 다양한 장소에서 사용하기 편리하고 오래 사용할 수 있습니다. 공유하기 좋음: 투명한 책 포켓은 유용하고 실용적입니다. 가족, 친구, 학생에게 선물로 사용할 수 있어 카드, 사진, 이름표 및 기타 중요한 메시지를 보관할 수 있습니다. 사양: 소재: 비닐 플라스틱 색상: 투명 사이즈: 약 8.9 x 7 cm 패키지 구성: 투명 접착 포켓 50개. 참고: 수동 측정이므로 사이즈에 약간의 오차가 있을 수 있습니다. 화면 디스플레이의 차이로 인해 색상이 약간 다를 수 있습니다.","['접착', '포켓', '라벨', '카드', '자체', '사진', '홀더', '투명', '플라스틱', '투명하다']"
사무용품,라벨 및 스티커,라벨 홀더,,B09LY1V65Q,80피스 플라스틱 라벨 홀더 소매 사인 PVC 투명 선반 라벨 홀더 후크 (라벨 인서트 100개 포함) (높이 1.65 x 길이 3.15 인치 / 4 x 8 cm),YWFAFO,19722,19722,4.2,38.0,"완벽한 핏: 와이어 선반, 후크, 폴을 위해 특별히 설계되었습니다. 시각적으로 크게 개선되었습니다. 태그가 있을 때 선반에 놓기만 하면 됩니다. 이 제품을 사용하면 훨씬 더 멋지게 보입니다. 사이즈: 4.2H*8Lcm/ 1.65H*3.15L inch 및 4.2H*6Lcm / 1.65H*2.35L inch 구매 가능. 쉬운 설치 및 제거 가능: 힘들이지 않고 쉽게 클립을 끼우거나 제거할 수 있으며 종이 라벨을 단단히 삽입할 수 있습니다. 다양한 용도: 후크 또는 와이어 선반의 라벨 홀더 클립은 소매점, 스낵 샵, 슈퍼마크 및 쇼핑몰에서 널리 사용됩니다. 집이나 창고 가전제품의 보관통 및 바구니 또는 서랍에도 적합합니다. 좋은 소재: 내구성이 뛰어나고 유연한 PVC 소재, 선명한 색상, 높은 가시성으로 시선을 사로잡습니다. 쉽게 부서지지 않습니다. 내부 사인 용지는 투명한 플라스틱 보호 필름으로 양호한 상태로 유지됩니다. 충분한 수량 패키지: 투명 플라스틱 라벨 홀더 80개, 빈 종이 라벨 100개.",,"['라벨', '홀더', '선반', '플라스틱', '후크', '와이어', '투명', '사인', '클립', '종이']"
사무용품,라벨 및 스티커,라벨 홀더,,B0BVW8KG8R,"라벨 홀더, 롤 및 팬 폴드 라벨용 열 라벨 홀더, 열 프린터, 데스크탑 라벨 프린터와 호환, 블랙 및 Withe (블랙)",Riznpo,9958,9958,4.5,25.0,"투인원 디자인: 당사의 라벨 홀더는 롤 라벨(최대 롤 라벨 직경은 17.8cm, 10.2cm(너비)과 팬 폴드 라벨(최대 17.8cm(7인치), 길이 10.2cm(4인치))를 모두 담을 수 있습니다. 프린터의 다양한 요구 사항을 충족하는 것이 가장 좋습니다. 다른 라벨 간에 변환할 때 시간을 효율적으로 절약하세요 프리미엄 품질 라벨 홀더: 열 라벨 홀더는 단단한 플라스틱으로 만들어져 무독성이며 냄새가 나지 않으며 무해합니다. 매우 견고하고 내구성이 뛰어나며 내마모성, 낙하 방지, 멋진 외관, 가정, 사무실 또는 상업용으로 적합합니다 빠르고 쉬운 조립: 도구가 필요 없으며 맨손으로 작업을 완료할 수 있습니다. 5개의 부품을 조립하는 데 1분밖에 걸리지 않습니다. (조립하기 전에 설치 단계를 확인하십시오) 제거는 설치만큼 쉽습니다 다양한 용도: 블랙/화이트 라벨 홀더는 시중의 대부분의 열전사 프린터 및 데스크탑 라벨 프린터의 롤 및 팬 폴드(스택) 라벨과 호환됩니다. 프린터 작업을 위한 훌륭한 동반자 공간 절약: 라벨 홀더의 크기는 19.8cm x 16cm x 15.5cm(7.8x6.3x6.1인치)로 작고 가벼우며 책상 공간을 많이 차지하지 않습니다 : 제품이 기대를 충족하지 못하면 수령 후 30일 이내에 전액 환불 또는 빠른 교체가 무료로 제공됩니다",,"['라벨', '홀더', '프린터', '롤', '열', '블랙', '폴드', '팬', '조립']"
사무용품,라벨 및 스티커,라벨 홀더,,B0C778SGRV,"마그네틱 라벨 홀더 100개, 1x2 C 채널 카드 홀더, 마그네틱 명판 태그, 파일 캐비닛 라벨, 선반용 자석 라벨, 투명 플라스틱 프로텍터 100개, 다채로운 종이 인서트 200개 포함",,27686,27686,5.0,2.0,"패키지 구성: 자석 라벨 홀더 100개, 투명 보호 필름 100개, 흰색, 파란색, 빨간색, 녹색 및 노란색의 5가지 색상의 교체 용지 인서트 200개, 각 색상당 40개, 이상적인 조합 및 정리 및 라벨링 요구 사항을 충족시킬 수 있는 충분한 수량을 받게 됩니다 자석 디자인: 당사의 선반 라벨 홀더는 고품질의 부드러운 고무 자석 소재로 만들어져 충분히 견고하고 재사용이 가능하며 오래 사용할 수 있습니다. 화이트보드, 캐비닛 및 기타 자석 표면에 떨어지지 않고 쉽게 이동하고 재배치할 수 있습니다 간편한 사용: 포함된 종이 인서트에 단어를 쓰고 종이 스트립과 투명 보호 필름을 밀어 넣은 다음 파일 캐비닛 라벨을 깨끗하고 매끄러운 자석 표면에 붙이면 C 채널 디자인으로 라벨을 쉽게 붙이고 라벨을 다시 붙일 수 있어 시간을 절약할 수 있습니다 휴대성 및 세련됨: c 채널 라벨 홀더는 약 2.5 x 5cm(1 x 2인치) 크기로 가볍고 휴대가 간편하여 공간을 많이 차지하지 않으며 다채로운 인쇄 용지와 함께 제공되며 눈에 띄는 세련되고 눈길을 사로잡으며 작업이나 공부에 매우 편리합니다 다양한 용도: 화이트보드용 마그네틱 라벨은 사무실, 가정, 학교 및 소매점에 적합하며 창고 선반 라벨, 금속 우편함 라벨, 가격 라벨, 사물함 이름표, 파일 캐비닛 라벨 등으로 부착할 수 있어 많은 편리함을 제공합니다","특징: 사물함 이름표는 클래식한 블랙 색상으로 디자인되었으며 다채로운 종이 인서트와 짝을 이루어 심플하고 스타일리시하며 가정, 학교 및 사무실에서 매일 사용하기에 적합하며 효율적인 환경을 조성합니다. 선반용 자석 라벨은 가족, 친구, 동료, 학생, 교사 등을 위한 실용적인 선물이 될 수 있으며 기뻐할 것입니다. 사양: 소재: 라벨 홀더: 부드러운 고무 자석 소재. 플라스틱 프로텍터: 플라스틱. 다채로운 인쇄 용지: 인쇄 용지 색상: 라벨 홀더: black 플라스틱 프로텍터: 투명. 다채로운 인쇄 용지: 흰색, 파란색, 빨간색, 녹색 및 노란색. 라벨 홀더 크기: 약 2.5 x 5.1cm(1 x 2인치) 패키지 구성: 자석 라벨 홀더 100개. 투명 플라스틱 프로텍터 100개. 다채로운 종이 인서트 200개. 참고: 수동 측정, 사이즈에 약간의 오차가 있을 수 있습니다. 화면 디스플레이의 차이로 인해 색상이 약간 다를 수 있습니다.","['라벨', '자석', '홀더', '플라스틱', '인서트', '투명', '종이', '용지', '프로텍터', '캐비닛']"
사무용품,라벨 및 스티커,라벨 홀더,,B0BX63Y1QF,"60피스 금속 라벨 홀더, 블랙 메탈 라이브러리 태그, 파일 서랍 라벨 프레임 홀더, 나사 캐비닛, 선반 태그 이름 카드 라벨 홀더 (60mm x 17mm)",,11066,11066,4.3,15.0,"패키지 포함: 60 x 파일 서랍 라벨 홀더, 설치된 나사 포함. 외부 사이즈: 2.36"" x 0.67""/60mm x 17mm, 내부 사이즈: 1.65"" x 0.4""/42mm x 10mm, 장착 구멍 간격: 2""/50mm. 빈티지 라벨 홀더: 철로 제작되었으며 블랙 도금 마감으로 제작된 금속 서랍 라벨 홀더는 앤티크 스타일과 미니멀리즘 스타일이 풍부합니다. 수평 및 수직: 직사각형 모양이 특징인 선반 라벨 홀더는 필요에 따라 수평 및 수직으로 설치할 수 있습니다. 쉬운 설치: 나사가 포함된 금속 파일 라벨은 나사식 설치로 쉽게 설치할 수 있습니다. 도서관, 책장, 파일 서랍, 캐비닛 이름표 홀더에 적합합니다. 만족 지향: 마음에 들지 않으시면 저희에게 알려주시면 쇼핑 경험을 개선하기 위해 노력하겠습니다! 저희는 여러분이 저희 제품을 사랑하게 될 것이라고 확신합니다.","금속 라벨 프레임은 녹 방지 및 부식 방지 기능이 있으며 도금 마감 처리가 되어 있습니다. 도서관, 캐비닛, 선반, 파일 서랍 등을 위한 실용적인 라벨 및 명함 홀더. 사양: 외부 크기: 2.36"" x 0.67""/60mm x 17mm (L*H) 내부 사이즈: 1.65"" x 0.4""/42mm x 10mm (L*H) 장착 구멍 간격: 2인치/50mm 소재: 철 색상: 블랙 수량: 60개 참고: 수동 측정으로 인해 1 - 2mm의 편차를 허용하십시오. 불쾌한 쇼핑 경험을 피하기 위해 구매 전에 제품 사이즈를 주의 깊게 확인하고 제품 사이즈 설명을 읽으십시오.","['라벨', '홀더', '파일', '설치', '서랍', '금속', '나사', '캐비닛', '블랙', '선반']"
사무용품,라벨 및 스티커,라벨 홀더,,B0CR46PV4W,"이동식 선반 라벨 홀더 30개, 투명 선반 태그 선반 라벨, 라이브러리용, 라벨 인서트 카드 30개, 플라스틱 라이브러리 선반 디바이더, 디스플레이 선반 마커, 교실용 (16.5 x 7.6 x 3.8cm(6.5 x 3 x 1.57인치))",,33226,31841,4.4,23.0,"충분한 수량: 패키지에는 30개의 투명 플라스틱 라벨 홀더가 포함되어 있으며 카드 용지 30장이 함께 제공됩니다. 이 조합은 사용하기 편리하여 다양한 요구 사항을 쉽게 충족할 수 있습니다. 이웃, 친구, 교사 등과 공유할 수도 있습니다 적합한 사이즈: 각 책장 라벨은 약 16.5 x 7.7 x 4cm(6.5 x 3 x 1.57인치)입니다. 카드 용지는 약 7.6 x 3.9cm(3.0 x 1.5인치)입니다. 두 제품 모두 부착 시 많은 공간을 차지하지 않습니다 신뢰할 수 있는 투명 플라스틱 소재: 고품질 플라스틱 소재로 제작된 이 책장 라벨 홀더는 가볍고 견고하며 쉽게 부러지거나 변형되지 않아 오랫동안 사용할 수 있습니다. 가시성이 높아 라벨의 단어를 볼 수 있습니다. 표면의 보호 필름은 긁힘으로부터 보호할 수 있습니다. 사용하기 전에 필름을 제거하십시오 움직일 수 있는 디자인: 라이브러리 선반 마커를 사용하면 마음대로 배치하고 교체할 수 있으며, 라벨을 마커에 간단히 넣을 수 있어 더 쉽게 정리하고 표시할 수 있어 일상 생활이나 직장에서 좋은 도우미가 될 것입니다 다양한 사용: 이 플라스틱 선반 마커는 더 많은 물건을 자주 사용하는 대부분의 선반에 적합하며 도서관, 사무실, 상점, 학교, 서점, 공부방 등에 적용할 수 있습니다. 시간과 에너지를 절약할 수 있을 뿐만 아니라 물건을 정리하는 데 도움이 됩니다","특징: 선반 장식: 클래식한 투명 디자인의 라벨이 달린 책장 칸막이는 아름다움에 영향을 주지 않고 선반을 장식할 수 있어 더욱 현대적이고 우아하게 만듭니다. 간편한 세척: 선반용 라벨을 사용하면 젖은 천이나 마른 천으로 닦거나 물로 헹굴 수 있어 더욱 편리합니다. 사양: 책장 라벨: 소재: 플라스틱 색상: 투명. 사이즈: 약 6.5 x 3 x 1.57 인치/16.5 x 7.7 x 4 cm 카드 용지: 사이즈: 약 7.6 x 3.8 cm/ 3 x 1.5 인치. 색상: 화이트. 패키지 구성: 움직일 수 있는 선반 라벨 홀더 30개. 카드 용지 30장. 참고: 수동 측정, 사이즈에 약간의 오차가 있을 수 있습니다. 화면 디스플레이의 차이로 인해 색상이 약간 다를 수 있습니다.","['선반', '라벨', '플라스틱', '투명', '카드', '용지', '홀더', '책장', '라이브러리']"
사무용품,라벨 및 스티커,라벨 홀더,,B0BWF9669M,"100피스 2.5 x 7.6cm(1 x 3인치) 마그네틱 라벨 홀더 자석 데이터 카드 홀더 금속 선반, 화이트보드용 투명 플라스틱 프로텍터 포함",,33226,33226,5.0,1.0,"【자석 라벨 홀더 100개】- 2.5x7.6cm(1x3인치) 자석 라벨 홀더 100개, 투명 플라스틱 보호 필름 100개, 두꺼운 종이 카드 100장을 받게 되어 작업 요구 사항과 일상적인 사용을 충족할 수 있습니다. 【고품질 소재】- 자석 라벨은 고품질의 부드러운 고무 자석으로 만들어져 부드럽고 유연하며 쉽게 깨지지 않습니다. 투명 플라스틱 보호 필름은 PVC 소재로 만들어져 라벨을 선명하게 볼 수 있습니다. 각 백지는 튼튼한 판지이며 양면에 사용할 수 있습니다. 【강력한 자석】- 자석 선반 라벨은 최신 기술의 합성 고무 자석을 사용하여 모든 금속 표면에 강한 접착력을 유지하여 여러 번 사용할 수 있으며 떨어지지 않으며 움직이기 쉽고 깨지지 않고 자주 사용할 수 있습니다. 【빠른 라벨링】- 데이터 카드 홀더에 부착된 인쇄 용지에 텍스트를 작성한 다음 카드 용지와 투명 보호 필름을 C 채널에 밀어 넣고 자석 라벨 홀더를 깨끗하고 평평한 금속 표면에 부착하여 시간을 절약하고 기존 자체 접착 라벨보다 위치를 쉽게 변경할 수 있습니다. 【다양한 용도】- 마그네틱 데이터 카드 홀더는 창고 선반, 슈퍼마켓 선반, 자석 명판, 사무실 파일 캐비닛, 자석 화이트보드, 냉장고 문, 사물함, 도구 상자, 우편함 등과 같은 다양한 평평하거나 구부러진 금속 표면에 적합합니다.","WOPPLXY 자석 라벨 홀더 100개 -- 물건을 더 잘 정리할 수 있도록 도와주세요! -- 마그네틱 데이터 카드 홀더는 고품질의 부드러운 고무 자석으로 만들어져 부드럽고 구부러지며 쉽게 깨지지 않습니다. -- 투명 플라스틱 보호 필름은 PVC 소재로 만들어져 투명하고 쉽게 볼 수 있습니다. -- 각 흰색 시트는 튼튼한 인쇄 용지이며 양면에 사용할 수 있습니다. -- 자석 선반 라벨은 강한 접착력을 가지고 있으며 금속 표면에 달라붙어 떨어지지 않으며 움직이기 쉽고 깨지지 않고 여러 번 사용할 수 있습니다. -- 자석 라벨 홀더의 판지에 텍스트를 쓴 다음 판지와 투명 보호 필름을 C 채널에 밀어 넣고 자석 라벨 홀더를 깨끗하고 평평한 금속 표면에 부착하여 재사용이 가능합니다. -- 마그네틱 라벨은 창고 선반, 슈퍼마켓 선반, 자석 명판, 사무실 서류 캐비닛, 자석 화이트보드, 냉장고 문, 사물함, 도구 상자, 우편함 등에 적합합니다. -- 상품의 품목 번호, 파일 번호, 보관 캐비닛 이름 등을 쓸 수 있습니다. 자석 라벨에 부착. 【제품 사양】 자석 라벨 홀더: 부드러운 고무 자석 플라스틱 보호 필름: PVC 흰색 판지: 종이. 색상: 블랙 + 화이트+ 투명 사이즈: 3x1인치/76x25mm 【제품 구성】 자석 라벨 홀더 100개","['자석', '라벨', '홀더', '선반', '투명', '카드', '필름', '보호', '금속', '부드럽다']"
사무용품,라벨 및 스티커,라벨 홀더,,B0CKXY39FH,"와이어 선반 라벨 홀더 120개, 플라스틱 와이어 랙 라벨 홀더, 선반 태그, 와이어 선반, 메트로 선반 클립, 라벨 용지 인서트 포함, 3.2cm(1-1/4인치) 선반과 호환",,31841,31841,4.2,3.0,"【사이즈 세부 사항】선반 라벨 클립의 길이는 약 7.5cm(3인치)/7.5cm(3인치), 높이는 약 3.2cm(1.25인치)이며 Metro 및 기타 3.2cm(1-1/4인치) 와이어 선반과 호환되는 와이어 선반 라벨 홀더의 적절한 크기입니다. 주문하기 전에 와이어 선반을 측정하고 크기 세부 정보를 확인하십시오 【가성비 패키지】와이어 선반용 투명 라벨 홀더 120개를 받게 되며, 일상적인 사용을 충족할 수 있는 대량의 멋진 조합 세트로 모든 것이 제자리에 있는지 확인할 수 있습니다 【다양한 용도】메트로 선반 라벨은 책장, 지하철 선반, 주방 선반을 정리하는 데 널리 사용할 수 있으며 슈퍼마켓, 상점, 레스토랑, 쇼핑몰 및 기타 행사에도 사용할 수 있습니다 【쉬운 사용】라벨 용지를 홀더에 넣고 전시하고 싶은 제품 앞에 고정하기만 하면 언제든지 쉽게 끼우거나 제거할 수 있으며 태그를 쉽게 끼울 수 있습니다. 【고품질 소재】이 선반용 라벨 클립은 투명 PVC 플라스틱으로 만들어져 견고하고 품질이 좋으며 쉽게 깨지거나 변형되지 않으며 서비스 및 재사용이 가능하여 오랫동안 사용할 수 있으며 투명한 디자인으로 라벨을 간단하게 볼 수 있습니다",특징: 열과 추위를 견딜 수 있는 내구성 있는 PVC 소재로 제작된 와이어 선반용 선반 태그는 정보를 명확하게 표시하고 읽는 데 이상적입니다. 메트로 및 넥셀 3.2cm(1-1/4인치) 선반과 완벽하게 호환됩니다. 라벨 면적: 길이 15.2cm x 높이 4.6cm 높이. 쉽게 끼우거나 제거할 수 있어 사용이 편리합니다. 튼튼하고 쉽게 떨어지지 않는 적절한 사이즈. 사양: 주 색상: 투명 사이즈: 그림과 같음. 소재: PVC 패키지 구성: 와이어 선반 라벨 홀더 120개. 참고: 수동 측정으로 인해 약간의 오차가 있을 수 있습니다. 화면 디스플레이의 차이로 인해 색상이 약간 다를 수 있습니다.,"['선반', '라벨', '와이어', '홀더', '투명', '태그', '호환', '클립', '메트로']"
사무용품,라벨 및 스티커,라벨 홀더,,B0B14KJR4C,"C 채널 다채로운 자석 라벨 홀더 2.5 x 7.6cm(1 x 3인치), 컬러 용지 인서트 및 투명 플라스틱 프로텍터, 5가지 색상 마그네틱 데이터 카드 홀더 칸반 보드 자석, 100개 팩",MVISUAL,38987,38987,4.3,17.0,"패키지 포함: 멀티 컬러 마그네틱 라벨 홀더 100개, 투명 보호 필름 100개, 고품질 다채로운 종이 인서트 200개가 1세트에 포함되어 있습니다. 직장 또는 일상 사용에 이상적입니다. 빠른 라벨링: 포함된 컬러 종이 스트립에 쓰고, 종이 인서트 및 투명 보호 필름을 밀어 넣고, 마그네틱 라벨 홀더를 깨끗하고 평평한 자석 표면에 붙여 시간을 절약하고 기존 접착 라벨에 비해 재배치가 쉽습니다. 재사용 가능한 라벨 홀더: 데이터 카드 홀더는 부드러운 고무 자석으로 만들어져 여러 번 부착할 수 있으므로 성능이 뛰어납니다. 라벨은 떨어지거나 움직이지 않고 자석 표면에 붙일 수 있을 만큼 강하며 이동이 쉽고 필요에 따라 변경할 수 있습니다. 다양한 용도: 다양한 용도로 사용할 수 있는 5가지 색상의 종이 인서트, 사무실, 작업장, 학교, 교실 및 소매 비즈니스 라벨링에 적합하며 창고 선반 라벨, 금속 우편함 라벨, 가격 라벨 및 태그 홀더, 사물함 이름 및 숫자 태그, 서류 캐비닛 서랍 라벨 등을 포함합니다. 또한 Kanban 보드를 자석 프로젝트 또는 작업 계획 라벨로 사용하기에 적합합니다. 적용 사이즈: 마그네틱 데이터 카드 홀더는 길이 7.6cm(3인치), 너비 2.5cm(1인치)/2.5cm(1인치)로 작업이나 공부에 매우 편리하며 다양한 상황에 적용할 수 있어 작업이나 생활에 훨씬 편리합니다.",,"['라벨', '홀더', '자석', '마그네틱', '종이', '인서트', '작업', '데이터', '카드', '투명']"
사무용품,라벨 및 스티커,라벨 홀더,,B09YY7VNP6,"25팩 ""C"" 채널 마그네틱 라벨 홀더 12.7 x 3.8cm(5 x 1.5인치), 화이트 카드 인서트 50개, 투명 플라스틱 프로텍터 25개 및 보너스 20개의 다채로운 인쇄 용지 인서트, 블루, 그린, 옐로우, 레드 - 양면 카드",labphant,24791,24791,4.7,29.0,"25개의 강력한 자석 뒷면 라벨에 필요한 모든 것: 지정하고 정리하세요! 서랍 및 선반 라벨 홀더, 책장 및 파일 캐비닛 라벨 등으로 사용하세요! 투명 라벨 프로텍터는 라벨을 선명하고 깨끗하게 유지합니다. 우수한 품질의 종이 인쇄 용지 인서트: 다양한 용도로 제작되었으며, 각 인서트는 번짐 없이 양면에 쓸 수 있는 튼튼한 인쇄 용지입니다. 100장의 화이트 카드와 단색 레드, 블루, 그린, 옐로우 카드용지 인서트 각각 5장의 보너스가 포함되어 있어 특별한 아이템을 쉽게 표시할 수 있습니다. 사무실, 학교 및 소매 비즈니스 라벨링에 가장 적합: 가격 라벨 및 태그 홀더, 사물함 이름 및 번호 태그, 서류 캐비넷 서랍 라벨을 포함하여 작업 공간이나 상점의 모든 것에 공백과 이름을 할당합니다. 산업 및 가정용으로 적합합니다. 상점, 창고, 가정 또는 차고의 모든 것을 명명하고 지정하십시오! 공구 상자 및 브레이커 박스 라벨, 우편함 라벨, 금속 선반 라벨 및 부품 통 라벨로 사용하세요. 우수한 고정력을 위한 튼튼한 자석: 각 고무 ""C"" 채널 홀더는 강력한 자석으로 뒷받침되므로 제자리에 안전하게 고정되어 정리 노력을 극대화합니다. 치수는 길이 12.7cm(5인치) x 높이 3.8cm(1.5인치) x 두께 0.2cm(0.08인치)입니다.",,"['라벨', '홀더', '인서트', '카드', '용지', '자석', '인쇄', '양면', '이름', '우수하다']"
사무용품,라벨 및 스티커,라벨 홀더,,B0CH4M2ZQS,"라벨 홀더 롤 및 팬폴드 라벨용 열 라벨 홀더 배송 라벨 스탠드 데스크탑 프린터 DIY 액세서리 용품, 가정, 사무실용 (블랙)",LePvo,9681,9681,5.0,1.0,"[높은 호환성]: 이 라벨 스탠드는 롤 및 팬폴드 라벨과 호환됩니다. 열전사 프린터 및 기타 많은 데스크탑 라벨 프린터와 함께 사용할 수 있습니다. 라벨 용지를 홀더에 넣기만 하면 됩니다. [쉬운 설치]: 5개의 부품으로 조립 및 분해가 매우 쉽고 1분 밖에 걸리지 않습니다. 이 기능은 시간과 노력을 절약하고 비즈니스 활동에 집중할 수 있게 해줍니다. [빠른 설치]: 이 라벨 홀더는 설치가 매우 쉽습니다. 조립 가이드를 참조하여 5개의 부품으로 1분 안에 완벽하게 설치할 수 있습니다. [독특한 디자인]: 라벨 홀더는 프린터의 코드가 스탠드 아래로 통과할 수 있도록 더 높은 베이스로 설계되어 얽히거나 엉키지 않습니다. [튼튼한 소재]: 강한 소재를 사용한 라벨 홀더는 낙하에 강하고 쉽게 손상되지 않으며 더 잘 작동합니다. 창고, 사무실, 슈퍼마켓, 소매점, 공장, 배송, 약국 등에 적합합니다.","라벨 홀더, 팬 폴드 및 롤 라벨용 열 라벨 홀더, 배송 라벨 롤 홀더, 데스크탑 라벨 프린터 및 사무실 및 가정용","['라벨', '홀더', '프린터', '설치', '롤', '데스크탑', '스탠드']"
사무용품,라벨 및 스티커,라벨 홀더,,B08ZYV8759,"열 배송 라벨 홀더, 롤 및 팬폴드 라벨용 4x6 라벨 홀더, 데스크탑 라벨 프린터에 열 롤 홀더 (블랙)",FAVZCBVIN,10650,10650,4.6,71.0,【팬폴드 및 롤 라벨에 적합】: FAVZCBVIN 라벨 홀더는 롤 라벨뿐만 아니라 팬폴드 라벨에도 사용할 수 있어 라벨 홀더로 제품 라벨이나 배송 주소 라벨 등을 더 편리하게 인쇄할 수 있습니다. ✅【라벨 프린터를 위한 좋은 도우미】: FAVZCBVIN 라벨 홀더를 사용하면 라벨이 프린터에 똑바로 들어갈 수 있어 라벨 용지의 걸림을 줄여 인쇄 과정을 더 매끄럽게 만들고 시간을 절약할 수 있습니다. 【데스크탑 공간 절약】: FAVZCBVIN 열 라벨 홀더는 작고 공간을 절약합니다. 전원 코드를 위한 충분한 바닥 공간을 확보하여 전선의 어수선함을 걱정할 필요가 없습니다. 지저분한 데스크톱과 작별 인사를 하세요! 【최대 라벨 지원】: FAVZCBVIN 롤 라벨 홀더는 ABS 소재로 만들어져 조립이 쉽습니다. 롤 라벨의 최대 롤 직경은 17.8cm(7인치)입니다. Fanfold 라벨 최대 사이즈: 17.8x10.9cm(7x4.3인치). 4단계를 설치하면 길이 22.3cm(8.8인치) x 너비 13.6cm(5.3인치) x 높이 16.2cm(6.4인치) 라벨 용지 홀더가 제공됩니다. ✅【걱정 없는 구매】: 30일 반품 정책. 브래킷이 라벨 크기와 장비에 맞는지 확실하지 않은 경우 언제든지 저희에게 연락하십시오.,,"['라벨', '홀더', '롤', '절약', '공간', '프린터', '팬폴드', '열']"
사무용품,라벨 및 스티커,라벨 홀더,,B09TW44Q53,"300피스 마그네틱 라벨 홀더 채널 라벨 랙, 마그네틱 카드 홀더, 보호 필름 및 교체 스트립 포함, 금속 선반, 서류 캐비닛, 우편함, 화이트보드용 (2.5 x 7.6cm(1 x 3인치))",,60926,60926,4.1,19.0,"패키지 포함: 300개의 마그네틱 라벨 홀더, 300개의 라벨 프로텍터 및 600개의 교체 스트립, 충분한 수량, 일상적인 공부 및 작업 사용 및 교체 요구 사항에 충분하며 투명 라벨 프로텍터는 라벨을 신선하고 깨끗하게 유지합니다 재사용 가능한 소재: 당사의 자석 라벨은 고품질의 부드러운 고무 자석으로 만들어져 쉽게 마모되지 않고 신뢰할 수 있습니다. 자석 뒷면은 깨끗한 금속 표면에 쉽게 부착하고 이동할 수 있습니다. 이 특별한 디자인으로 재사용이 가능합니다 사용 가능한 사이즈: 마그네틱 채널 라벨 홀더는 길이 76.2mm(3인치), 너비 25mm, 두께 0.04인치/1mm이며, 서랍 및 선반 라벨 홀더, 책장 및 파일 캐비닛 라벨 등과 같은 많은 경우에 적합한 크기입니다 빠른 라벨링: 선반용 마그네틱 라벨 홀더에는 교체용 백지 스트립이 충분합니다. 종이 스트립에 텍스트를 쓴 다음 종이 스트립을 종이 클립과 투명 보호 필름에 삽입한 다음 마그네틱 라벨 홀더를 깨끗하고 평평한 금속 표면에 부착하여 더 빠르게 재배치가 가능합니다. 기존의 자체 접착 라벨과 비교했을 때, 당사의 마그네틱 라벨 홀더는 이동과 교체가 용이하여 시간을 절약할 수 있습니다 다양한 용도: 당사의 마그네틱 파일 라벨 홀더는 사무실, 학교, 작업장 및 일상 사용에 매우 적합하며 철 캐비닛, 철 선반, 자석 간판, 자석 화이트보드 등과 같은 강자성 패널에 직접 부착할 수 있습니다. 학생 또는 직원 이름 라벨, 파일 분류 라벨, 선반 재료 이름 번호 라벨 등과 같은 로고 라벨을 만드는 데 사용할 수 있습니다. 검색과 위치 지정에 편리하며 직장이나 생활에 많은 편리함을 가져다 줄 수 있습니다",,"['라벨', '홀더', '마그네틱', '선반', '스트립', '자석', '가능하다', '금속', '깨끗하다', '부착']"
사무용품,라벨 및 스티커,라벨 홀더,,B0BZZ1G2ZM,Kathfly 라벨 용지 인서트 라벨 영역이 있는 와이어 선반 라벨 홀더 7.6 x 3.2cm(3 x 1.25인치) 플라스틱 클립 온 티켓 홀더 바구니 라벨 0.5cm(3/16-3/8인치) 두께의 유리 클립 온 라벨 선반 태그 와이어 선반용 (100) 0세트) 0세트),,23531,23531,4.8,12.0,"풍부하고 사려 깊은 콤보: 플라스틱 선반 라벨 홀더 100개가 있으며, 길이 약 7.6cm(3인치), 너비 3.2cm(1.25인치), 같은 크기의 라벨 용지 인서트 100개가 있습니다. 일상적인 사용 요구 사항을 충족하고 동료와 공유할 수 있도록 적절한 수량입니다 투명하고 견고함: 고품질 플라스틱 소재로 제작된 선반용 선반 태그는 투명하고 투명하며 견고하고 유연하며 신뢰할 수 있으며 오래 지속되고 매끄럽고 스타일리시합니다. 0.5cm(3/16인치) - 0.9cm(3/8인치) 두께의 유리를 위해 설계되었으며, 선반에 단단히 부착할 수 있습니다 편리한 사용: 선반 라벨 홀더는 편리한 클립 온 디자인이 특징이며, 쉽게 조립하거나 분해할 수 있으며 내부의 라벨 용지를 쉽게 교체하여 유리 디스플레이를 정리할 수 있습니다 기능성 및 실용성: 와이어 선반 라벨 홀더는 간단하고 실용적이며 소매점, 스낵 바, 슈퍼마켓 및 쇼핑 센터에 널리 사용할 수 있습니다. 가정의 목재 디스플레이 스탠드 또는 책장에도 적합하며 선반과 텍스트 마킹을 쉽게 할 수 있습니다 효과적인 분류: 보관함용 라벨 홀더는 선반에 성가신 자국을 남기지 않으며, 라벨에 이름을 표시하고 여러 카테고리 앞에 놓을 수 있습니다. 분류하고 검색할 때 라벨에 따라 품목을 쉽게 찾을 수 있어 실용적이고 효과적입니다","특징: 다른 사람과 공유: 와이어 랙 라벨 클립은 친구, 가족, 동료, 이웃 등과 공유할 수 있어 훨씬 편리하게 사용할 수 있으며 관심과 사랑을 보여줄 수 있습니다. 쉬운 매치: 심플하고 세련된 디자인을 고려하여 클립온 라벨은 다양한 스타일의 상황에 쉽게 매치할 수 있습니다. 또한 하우스 스타일과 조화를 유지할 수 있습니다. 라벨 홀더 사양: 소재: 플라스틱 색상: 투명 사이즈: 길이 약 7.6cm(3인치), 너비 3.2cm(1.25인치). 패키지 구성: 플라스틱 선반 라벨 홀더 100개. 라벨 용지 인서트 100개. 참고: 수동 측정이므로 사이즈에 약간의 오차가 있을 수 있습니다. 화면 디스플레이의 차이로 인해 색상이 약간 다를 수 있습니다. 뾰족한 부품이 포함되어 있으므로 어린 아이들로부터 멀리 두십시오.","['라벨', '선반', '홀더', '플라스틱', '클립', '용지', '와이어', '유리', '편리하다', '공유']"
사무용품,라벨 및 스티커,라벨 홀더,,B0C16GFZV3,30피스 브론즈 컬러 앤티크 라벨 홀더 파일 서랍 라벨 홀더 금속 명함 캐비닛 선반 나사 포함 라이브러리 서랍 사무실 캐비닛 선반용 (60x17mm),,8296,8296,4.6,7.0,"♥라벨 홀더는 고품질 철로 만들어졌으며 내구성이 뛰어나고 가벼우며 얇고 견고하여 더 복고풍이고 정교해 보이며 색다른 느낌을 주며 장식에 매우 적합합니다. ♥당사의 금속 라벨 홀더는 설치가 매우 쉽습니다. 두 개의 일치하는 설치 나사를 조이기만 하면 라이브러리 라벨 브래킷을 설치할 수 있어 편리하고 빠르게 DIY 캐비닛 요구 사항을 충족합니다. ♥패키지 구성: 브론즈 컬러 라벨 홀더 30개와 나사 60개로 일상적인 필요에 충분합니다. ♥라벨 홀더는 레트로하고 패셔너블한 방식으로 라벨을 붙일 수 있도록 도와주며, 태그 서랍을 매력적이고 복고풍으로 만들어 보석 상자와 선물에 적합합니다. ♥앤티크 라벨 홀더는 캐비닛, 나무 케이스, 서류 정리 캐비닛, 선물 상자 사물함, 서랍, 캐비닛, 보석 상자, 와인 셀러 등에 널리 사용됩니다. 라벨링에 사용됩니다.","브론즈 컬러 앤티크 라벨 홀더, 파일 서랍 라벨 홀더, 금속 명함 캐비닛 선반 파일 라벨 홀더는 보석 상자, 선물 상자, 캐비닛, 캐비닛, 문서 상자 등과 함께 사용할 수 있어 미학을 향상시킬 뿐만 아니라 서랍에 있는 물건을 쉽게 식별할 수 있습니다. 이 라벨 브래킷 또는 프레임은 사무실, 우체국, 도서관 등에서 사용할 수 있습니다. 라벨 브래킷은 가구를 아름답게 보이게 합니다. 사양: 소재: 철 색상: 브론즈 전체 크기: 2.36"" x 0.67"" / 60 x 17mm (L*W) 맞춤 라벨 사이즈: 1.69"" x 0.4"" / 43 x 10mm (L*W) 패키지 구성: 장착 나사가 있는 라이브러리 라벨 홀더 30개. 참고 사항 라벨 프레임만 제공되며, 제품은 인서트 용지가 포함되어 있지 않습니다.","['라벨', '홀더', '캐비닛', '상자', '서랍', '나사', '브론즈', '앤티크', '구성', '금속']"
사무용품,라벨 및 스티커,라벨 홀더,,B0BYZ4YZPY,"바구니 통 라벨 클립 라벨 홀더 스테인리스 라벨 홀더 탈착식 금속 빈 클립, 라벨링, 분류, 인덕션용 교체 용지 포함 (18팩)",Zonon,49846,49846,4.7,84.0,"제품 구성: 총 18개의 실버 스테인리스 스틸 바스켓 노트 홀더와 36개의 흰색 판지를 받게 되며, 매일 바르고 교체하기에 충분한 양입니다 고품질 소재: 바스켓 노트 홀더는 스테인리스 스틸로 만들어져 사용 중에 쉽게 깨지지 않으며 분해하거나 설치할 때 많은 걱정을 덜 수 있으며 습한 곳에 두어도 쉽게 녹슬지 않습니다 편리한 보관: 이 작은 클립은 대나무 바구니와 보관 상자와 함께 부착할 수 있습니다. 어울리는 판지는 내용물을 유연하게 표시하고 좋은 물건을 완성할 수 있으며 간단하고 사용하기 쉽습니다 반복 적용: 걸린 용지는 완전히 붙이는 대신 라벨 홀더에 놓여 있습니다. 표시된 내용물을 변경해야 할 때 유연하게 취소할 수 있습니다. 동시에 표시된 용지를 교체하는 것이 매우 편리합니다 다양한 용도: 당사의 스티커 메모는 주방, 욕실 및 침실에 작은 물건을 보관하기에 적합합니다. 각 카테고리에는 라벨이 있어 쉽게 찾을 수 있으며 사무실과 학교에도 적합합니다","특징: 강력한 구조: 고품질 스테인리스 스틸 소재로 만들어져 플라스틱 소재보다 신뢰할 수 있는 경도를 가지고 있으며 쉽게 깨지지 않으며 녹 및 부식 방지 기능이 있으며 수명이 깁니다. 편리한 사용: 분류 라벨과 비교했을 때, 직접 작성한 분류 라벨은 우리의 기대에 부합하고 더 정확하여 삶을 더욱 편리하게 가져옵니다. 사양: 색상: 사진과 같음 소재: 주방 클립 라벨 홀더: 스테인리스 스틸 교체 용지: 종이 수량: 54개 사이즈: 주방 클립 라벨 홀더: 약. 6 x 9cm/2.36 x 3.54인치 교체 용지: 약 5.7 x 8.8 cm/2.24 x 3.46 인치 패키지 포함: 18 x 주방 클립 라벨 홀더 36 x 교체 용지 따뜻한 참고 사항: 수동 측정으로 인해 약간의 크기 오차가 있을 수 있습니다. 화면 차이로 인해 색상이 약간 다를 수 있습니다.","['라벨', '홀더', '클립', '용지', '스테인리스', '편리하다', '스틸', '주방', '표시', '분류']"
사무용품,라벨 및 스티커,라벨 홀더,,B0CW2GJ3D4,"투명 라벨 롤 홀더, 투명 아크릴 테이프 디스펜서, 사무실 및 가정용 조절 가능한 데스크탑 스티커 롤 홀더, 5개의 탈착식 칸막이 디스크가 있는 조절 가능한 스티커 롤 홀더",CDOKY,33226,33226,4.6,4.0,"【효율적인 라벨 정리】이 투명 라벨 롤 홀더는 6개의 스티커 롤을 동시에 수용할 수 있으며 5개의 탈착식 칸막이가 포함되어 있습니다. 필요에 따라 쉽게 조정할 수 있어 필요한 라벨이나 스티커를 빠르게 찾을 수 있습니다. 직관적인 정리 솔루션으로 작업 흐름 효율성을 향상시키세요 【내구성 있는 아크릴 구조】라벨 디스펜서는 쉽게 변형되거나 갈라지지 않는 고품질 아크릴 소재로 제작되어 수명과 견고함을 보장합니다. 이 튼튼한 소재로 라벨 홀더를 사용하는 동안 신뢰할 수 있습니다 【쉬운 조립 및 사용】아크릴 라벨 롤 홀더를 조립하고 사용하는 것은 쉽습니다. 아크릴 기둥을 홈에 놓고 라벨을 삽입하기만 하면 됩니다. 시간과 노력을 절약하도록 설계된 사용자 친화적인 솔루션입니다 【넓은 라벨 롤 홀더】너비 20cm(7.87인치), 깊이 11cm(4.3인치), 높이 18cm(7.1인치) 크기의 라벨 롤 홀더는 라벨을 잘못 놓을 걱정 없이 라벨을 정리할 수 있는 충분한 공간을 제공합니다. 작업 공간을 깔끔하고 효율적으로 유지하세요 【다용도 용도】아크릴 테이프 디스펜서는 가정과 학교에서 사무실, 도서관 및 레스토랑에 이르기까지 다양한 설정과 목적으로 유용성을 제공합니다. 라벨, 스티커, 테이프 등을 보관하는 데 사용하여 작업 공간을 잘 정리하고 공간 효율적으로 유지할 수 있습니다. 오늘 라벨 제작 및 정리 게임을 업그레이드하세요",,"['라벨', '홀더', '롤', '아크릴', '정리', '스티커', '효율', '공간', '투명', '테이프']"
사무용품,라벨 및 스티커,라벨 홀더,,B0BTY1P8VL,"와이어 선반용 투명 플라스틱 라벨 200개, 재사용 가능한 라벨 홀더, 와이어 선반용 투명 선반 태그, 상품 보관 상자 클립, 라벨 디스플레이, 가격 표지판, 가격 카드, 샵, 시장 바구니용",,31841,31841,4.8,8.0,"풍부한 수량: 200개의 플라스틱 라벨 홀더를 받게 되며 선명하고 견고하며 메시지를 쉽게 표시할 수 있습니다. 선반에 쉽게 넣고 가격 카드를 변경할 수 있습니다. 풍부한 수량으로 일상적인 사용 및 교체 요구 사항을 충족할 수 있습니다 품질 및 신뢰성: 와이어 선반용 선반 태그는 고품질 PVC 소재로 만들어져 믿을 수 있고 강하며 선반에 놓을 수 있으며 쉽게 떨어지지 않습니다. 한편, 이 빈 클립 라벨은 투명하여 가격을 명확하게 표시할 수 있습니다 휴대용 및 경량: 이 바구니 라벨 클립온은 약 6 x 4.2cm(2.36 x 1.65인치)로 휴대가 간편하고 가벼워 카드를 바구니 라벨에 쉽게 삽입할 수 있으며 사용 후 쉽게 수집할 수 있습니다. 인서트 카드는 포함되어 있지 않습니다 쉬운 설치: 홈 편집 라벨은 설치가 쉽고, 원하는 위치에 클립으로 고정하여 선반에 붙입니다. 카드를 홀더에 밀어 넣거나 라벨을 부착하십시오. 선반 홀더를 재배치하려면 홀더를 위로 밀어 제거하고 새 위치에 붙이기만 하면 됩니다 다양한 용도: 와이어 선반 라벨 홀더는 실용적이며 제품 가격을 보여줄 수 있을 뿐만 아니라 책, 제품, 음식, 장난감, 문서를 분류하는 데 편리하며 가정, 주방, 슈퍼마켓, 사무실, 도서관 및 기타 장소에서 사용할 수 있습니다",특징: 오랜 시간 사용 가능: 선반용 플라스틱 라벨 홀더는 인증된 PVC 소재를 채택하여 견고하고 신뢰할 수 있으며 쉽게 깨지지 않습니다. 걸레를 사용하여 표면을 청소할 수 있으며 200개의 라벨 표지판을 받게 되며 일상적인 사용 및 교체를 지원할 수 있습니다. 심플한 디자인: 라벨링용 플라스틱 태그는 투명한 외관으로 디자인되어 메시지를 쉽게 표시할 수 있으며 라벨 홀더를 꺼내지 않고도 카드를 꺼내서 넣을 수 있어 사용하기 편리합니다. 사양: 소재: PVC 색상: 투명 사이즈: 2.36 x 1.65 인치/6 x 4.2 cm 패키지 구성: 플라스틱 라벨 홀더 200개. 참고: 수동 측정이므로 사이즈에 약간의 오차가 있을 수 있습니다. 화면 디스플레이의 차이로 인해 색상이 약간 다를 수 있습니다.,"['라벨', '선반', '홀더', '카드', '플라스틱', '클립', '와이어', '표시', '바구니', '투명']"
사무용품,라벨 및 스티커,라벨 홀더,,B0CN127M58,"100팩 C 채널 마그네틱 라벨 홀더 10.2 x 2.5cm(4 x 1인치) 자석 라벨, 금속 선반용 보호 필름 및 교체 스트립 포함, 금속 랙 및 선반 화이트보드 파일 캐비닛용",ReliThick,37381,37381,5.0,2.0,"편리한 사이즈: 약 10.16 x 2.54cm(4 x 1인치) 크기의 이 자석 라벨 홀더는 이상적인 크기입니다. 과도한 공간을 차지하지 않고 필요한 정보를 효율적으로 표시할 수 있을 만큼 충분히 커서 정리에 적합합니다 종합 패키지: 각 패키지에는 100개의 자석 선반 라벨 홀더와 100개의 보호 필름, 200개의 교체 스트립이 포함되어 있습니다. 충분한 수량은 즉각적인 필요를 확실히 충족하고 향후 사용을 위한 예비 부품을 남길 것입니다 고품질 소재 및 내구성: 이 파일 캐비닛용 마그네틱 라벨은 부드러운 고무 자석으로 만들어져 내구성이 뛰어나고 유연합니다. 창고 선반부터 냉장고 문, 심지어 전기 패널까지 모든 금속 표면에 맞게 구부릴 수 있습니다 자석, 재사용 및 이동성: 자석 뒷면은 선반 라벨 홀더를 금속 표면에 단단히 고정할 수 있습니다. 또한 영구적이지 않으므로 재료를 손상시키거나 접착제 잔여물을 남기지 않고 다른 간격이나 표면으로 편리하게 재배치할 수 있습니다 유용성 및 다용도: 선반용 자석 라벨은 공구 상자, 창고, 냉장 장치 또는 교실 화이트보드를 정리하는 데 이상적입니다. 재료의 신뢰성과 사용 편의성이 결합되어 전문가, 교육 또는 가정 환경 등 다양한 환경에 이상적입니다","특징: 이 자석 라벨 홀더는 쓰거나 인쇄하기 매우 쉽습니다. 마커, 펜 또는 프린터를 사용하려는 경우 정확한 요구 사항에 맞게 라벨을 자유롭게 맞춤 설정할 수 있습니다. 흰색 시트에 검은색 라벨이 있는 선반용 라벨 홀더는 글이나 인쇄물을 명확하게 볼 수 있도록 대비를 제공합니다. 이 기능을 사용하면 조명이 어둡거나 바쁜 환경에서도 물건을 효율적으로 식별할 수 있습니다. 사양: 소재: 부드러운 고무 자석 라벨 색상: 검정 시트 색상: 화이트 사이즈: 약 4 x 1인치/10.16 x 2.54cm 패키지 구성: 자석 라벨 홀더 100개. 보호 필름 100개. 교체 시트 200장. 참고: 수동 측정, 사이즈에 약간의 오차가 있을 수 있습니다. 화면 디스플레이의 차이로 인해 색상이 약간 다를 수 있습니다.","['라벨', '자석', '선반', '홀더', '금속', '구성', '시트', '환경', '보호', '필름']"
사무용품,라벨 및 스티커,라벨 홀더,,B09W2132C5,1000팩 투명 플라스틱 태그 선반 라벨 홀더 플라스틱 선반 홀더 플라스틱 라벨 태그 선반 가격 태그 라이브러리 선반 칸막이 마커 보관함 교실 사무실 책용 (6.4 x 3.2cm(2.5 x 1.25인치)),,27686,27686,4.2,27.0,"요구 사항을 충족하기에 충분함: 일상적인 사용이나 다양한 보관 요구 사항을 충족할 수 있을 만큼 충분한 양의 플라스틱 라벨 태그 1000개를 받게 되며 가족과 공유할 수 있습니다 간편한 휴대를 위한 컴팩트함: 각 플라스틱 태그 홀더는 약 62 x 31 x 0.28mm/2.5 x 1.25 x 0.01인치, 적절한 크기와 가벼운 무게로 많은 공간을 차지하지 않고 휴대하거나 보관하기에 편리합니다 방수 및 견고함: 이 투명 플라스틱 라벨 홀더는 고품질 PVC 소재로 만들어져 견고하고 견고하며 사용하기 어렵고 깨지기 어렵고 정교한 장인 정신, 방수 및 신뢰할 수 있으며 장기적인 서비스를 제공합니다 편리한 사용: 이 라이브러리 선반 칸막이는 양쪽에 투명 보호 필름으로 설계되었으며 선반에 쉽게 고정할 수 있으므로 사용하기 전에 보호 필름을 제거한 다음 라벨을 삽입하기만 하면 됩니다 다양한 적용 범위: 이 투명 플라스틱 칸막이는 슈퍼마켓, 상점 및 쇼핑 센터에서 전시하고 라벨링하는 데 널리 사용할 수 있으며 도서관, 창고 또는 상점에 보관할 수도 있습니다","특징: 마커 라벨 홀더를 사용하여 노트북, 책, 가격표, 라벨 등을 보관할 수 있으며 좋은 시각적 효과를 내기 위해 물건을 보관할 수 있습니다. 이 라벨 홀더는 다양한 상황에 적용할 수 있으며 다재다능하고 실용적이며 작동 및 보관이 쉽고 일상 생활에서 많은 편리함을 제공합니다. 사양: 소재: PVC 색상: 투명 사이즈: 약. 62 x 31 x 0.28 mm/2.5 x 1.25 x 0.01 인치 수량: 1000 피스 패키지 포함: 1000 x 투명 플라스틱 태그 참고: 수동 측정, 크기에 약간의 오차가 있을 수 있습니다. 화면 디스플레이의 차이로 인해 색상이 약간 다를 수 있습니다.","['라벨', '플라스틱', '선반', '홀더', '태그', '투명', '보관', '칸막이', '견고하다', '편리하다']"
사무용품,라벨 및 스티커,라벨 홀더,,B0D3WNTNKN,스티커 롤 디스펜서 조절 가능한 라벨 롤 홀더 아크릴 스티커 홀더 오거나이저 라벨 디스펜서 스티커 라벨 라이브러리 사무실 가정용 (디스크 9개),,35996,35996,5.0,1.0,"【라벨 정리】당사의 라벨 홀더는 약 35.6 x 8.9 x 17.8cm(14 x 3.5 x 7인치)이며 총 9개의 슬롯 디스펜서로, 내부 공간을 자유롭게 조절할 수 있어 라벨을 정리할 수 있으며 원하는 대로 쉽게 분배할 수 있습니다. 라벨을 잃어버릴 염려가 없습니다 (이 제품에는 라벨이 포함되어 있지 않습니다) 【조절 가능한 수납 공간】이 스티커 롤 디스펜서는 일반 2.5cm(1인치) 또는 3.8cm(1.5인치) 스티커에 맞게 설계되었으며, 칸막이를 제거하고 더 넓은 스티커 또는 라벨 롤을 수용할 수 있는 더 큰 보관 공간을 만들 수 있습니다. 고품질 아크릴 소재로 제작된 스티커 디스펜서는 견고하고 쉽게 깨지거나 변형되지 않아 오랫동안 사용할 수 있습니다 【편리한 사용】아크릴 라벨 디스펜서 1개를 받게 되며 총 9개의 롤 스티커 또는 라벨을 담을 수 있습니다. ①분리기를 아크릴 기둥에 넣습니다. ②기둥을 홈에 놓습니다. ③롤 라벨 디스펜서에 라벨을 넣어 주방에서 쏟아지는 것을 방지합니다 【투명한 투명】당사의 스티커 롤 홀더는 투명도가 높아 선명하게 볼 수 있으며 상자나 서랍을 뒤적 거리지 않고도 원하는 것을 쉽게 잡을 수 있어 시간을 절약할 수 있습니다 【다양한 용도】이 롤용 라벨 디스펜서는 도서관, 가정, 학교, 사무실 및 기타 장소에 적합합니다. 라벨, 스티커, 테이프 등을 고정하는 데 사용할 수 있어 책상을 깔끔하게 유지하고 작업 효율성을 높입니다",,"['라벨', '스티커', '스펜서', '롤', '아크릴', '홀더', '공간', '조절']"
사무용품,라벨 및 스티커,라벨 홀더,,B09X2YSX3D,"2000피스 투명 플라스틱 태그 선반 라벨 홀더 가격 태그 종이 라벨 홀더, 보관함 및 선반용, 투명 바구니 통 라벨 디스플레이 라벨 홀더 교실 사무실 상점용",Leinuosen,47076,47076,4.0,23.0,"적합한 사이즈: 투명 라벨 홀더는 길이 63.5mm(2.5인치), 너비 31.75mm(1.25인치), 두께 0.01인치/0.25mm로 명함, 제품 라벨 등을 전시하는 데 사용할 수 있습니다. 양면에 보호 필름이 있으므로 사용하기 전에 제거하십시오. 구입하기 전에 사이즈를 확인하십시오 많은 수: 포장에는 라벨링을 위한 총 2000개의 플라스틱 태그가 있어 일상적인 사용 및 교체 요구 사항을 충족하기에 충분합니다. 가족, 친구 및 동료와 공유할 수도 있습니다 사용 장소: 플라스틱 라벨 홀더는 다양한 용도로 사용할 수 있으며 사무실, 도서관, 보관실, 창고, 슈퍼마켓, 상점 및 기타 장소에 적용하여 책이나 상품의 기본 정보, 가격 및 일련 번호를 표시할 수 있습니다. 종이 라벨을 고정하고 보호하여 원하는 품목을 쉽게 찾을 수 있습니다 재사용 가능 및 품질: 선반 라벨 홀더는 투명한 외관과 최대의 내구성을 위해 PVC로 만들어졌습니다. 라벨의 단어를 쉽게 읽을 수 있으며 보호 기능을 제공합니다 방수 디자인: 보관함용 라벨 홀더는 방수 및 깨지지 않아 책장과 선반을 오랫동안 정리할 수 있습니다",,"['라벨', '홀더', '선반', '플라스틱', '보호', '투명', '보관', '태그', '상점', '사무실']"
사무용품,라벨 및 스티커,라벨 홀더,,B0BJ7FH55T,"와이어 선반 라벨 홀더, 35피스 플라스틱 바스켓 라벨 홀더, 타이트 스냅 잠금 장치, 재사용 가능한 통 바구니 라벨 클립, 종이 라벨 인서트 포함, 홈 마켓 오피스용 (7.6 x 3.5cm(3 x 1.38인치))",,16495,16495,4.2,26.0,"스냅 잠금 디자인: 바스켓 라벨 홀더는 쉽고 타이트한 스냅 잠금으로 설계되어 바구니나 와이어 선반에 단단히 고정할 수 있으며 쉽게 떨어지지 않습니다. 개인 물건을 정리하고 식별할 수 있는 많은 편리함을 제공합니다. 프리미엄 소재: 플라스틱 와이어 선반 라벨 홀더는 고품질 플라스틱으로 만들어져 견고하고 오래 지속되며 가장자리의 홈이 있어 인서트 용지가 떨어지지 않고 쉽게 미끄러질 수 있습니다. 다양한 용도: 와이어 랙 라벨 홀더는 바구니, 와이어 선반 등에 걸 수 있으며 주방, 슈퍼마켓, 창고, 상점, 서점 등의 품목 세부 사항이나 가격을 보여주기에 완벽합니다 쉬운 작동: 스냅 잠금 장치로 선반에 라벨 홀더를 잠그고 종이를 쉽게 삽입할 수 있으며 버클을 열면 흔적을 남기지 않고 쉽게 제거할 수 있으며 제품 정보를 효과적으로 보관하고 전시할 수 있습니다. 포장 목록: 패키지에는 35개의 와이어 선반 라벨 홀더(7.6 x 3.5 cm) 및 35개의 종이 라벨 인서트가 포함되어 있어 매일 다양한 디스플레이 및 정리의 요구를 충족시킬 수 있습니다.","ELEMGULY 와이어 선반 라벨 홀더, 35피스 플라스틱 바구니 라벨 홀더, 타이트한 스냅 잠금 장치, 재사용 가능한 통 바구니 라벨 클립, 종이 라벨 인서트 포함, 홈 마켓 오피스용(7.6 x 3.5cm(3 x 1.38인치)) 제품 구성: 와이어 선반 라벨 홀더 35개 종이 라벨 인서트 35개","['라벨', '홀더', '와이어', '선반', '종이', '스냅', '바구니', '인서트', '플라스틱', '홈']"
사무용품,라벨 및 스티커,라벨 홀더,,B079YM49KP,접착식 사각 라벨 포켓 홀더 튼튼한 30개 세트 (8.9cm x 8.9cm) 통을 정리하고 플래너에 수납공간을 추가하세요.,,20761,20761,4.7,116.0,"폴더, 바인더, 쓰레기통, 선반, 캐비닛 및 파일에 라벨을 빠르게 붙일 수 있습니다. 6mm 두께의 튼튼한 접착 포켓 홀더. 미국에서 제작! 최대 인서트 크기 8.3cm(3.25인치) x 8.3cm(3.2","8.9 x 8.9cm(3.5 x 3.5인치) 정사각형 접착 라벨 파우강한 접착제가 있는 두꺼운 포켓 홀더. 일기장에 보관 공간 추가, 상자 라벨링, 교실 정리, 집 직장에서 사용하기에 좋습니다.","['라벨', '홀더', '포켓', '접착', '추가', '정리', '공간', '튼튼하다', '캐비닛', '선반']"
사무용품,라벨 및 스티커,라벨 홀더,,B09P8LDSFQ,"50팩 ""C"" 채널 마그네틱 라벨 홀더 1x2인치, 화이트 카드 인서트 100개, 투명 플라스틱 프로텍터 50개 및 보너스 블루, 그린, 옐로우 및 레드 색상의 다채로운 인쇄 용지 인서트 20개 포함 - 양면 카드",labphant,17935,17935,4.4,109.0,"50개의 강력한 자석 뒷면 라벨에 필요한 모든 것: 지정하고 정리하세요! 서랍 및 선반 라벨 홀더, 책장 및 파일 캐비닛 라벨 등으로 사용하십시오! 투명한 라벨 프로텍터는 라벨을 선명하고 깨끗하게 유지합니다. 우수한 품질의 종이 인쇄 용지 인서트: 다양한 용도로 제작되었으며, 각 인서트는 번지지 않고 양면에 쓸 수 있는 튼튼한 인쇄 용지입니다. 특수 아이템을 쉽게 표시할 수 있도록 단색 레드, 블루, 그린, 옐로우 인쇄 용지 인서트 각각 5개가 보너스로 100장의 화이트 카드가 포함되어 있습니다. 사무실, 학교 및 소매 비즈니스 라벨링: 가격 라벨 및 태그 홀더, 사물함 이름 및 번호 태그 및 파일 캐비닛 서랍 라벨을 포함하여 작업 공간이나 매장의 모든 공간에 공간과 이름을 지정하십시오. 산업 및 가정용으로 적합: 상점, 창고, 가정 또는 차고의 모든 것을 이름을 지정하고 지정하십시오! 공구 상자 및 브레이커 박스 라벨, 우편함 라벨, 금속 선반 라벨 및 부품 상자 라벨로 사용하세요. 우수한 고정력을 위한 튼튼한 자석: 각 고무 ""C"" 채널 홀더는 강력한 자석으로 뒷받침되어 있어 정리 노력을 극대화하기 위해 제자리에 안전하게 고정됩니다. 치수 길이 5.1cm(2인치) x 높이 2.5cm(1인치) x 두께 0.2cm(0.07인치).",,"['라벨', '인쇄', '지정', '인서트', '용지', '홀더', '자석', '공간', '이름', '카드']"
사무용품,라벨 및 스티커,라벨 홀더,,B0C24549HG,"Lenink 와이어 선반 라벨 홀더 100개, 라벨 용지 인서트 100개, Metro 및 Nexel 3.2cm(1-1/4인치) 선반과 호환되는 플라스틱 와이어 랙 라벨 홀더, 라벨 영역 길이 7.6cm(3인치) x 높이 4.5cm(1.25인치)",,33226,33226,4.2,175.0,"호환성: Metro, Nexel 및 기타 3.2cm(1-1/4인치) 와이어 선반과 호환되는 와이어 선반 라벨 홀더는 모든 것을 제자리에 고정시켜 효율성을 향상시킵니다 간편한 사용: 라벨 용지를 홀더에 넣고 선반에 끼우기만 하면 됩니다. 와이어 랙 라벨 홀더는 쉽게 끼우거나 제거할 수 있어 정보를 명확하게 표시하고 읽는 데 이상적이며 시간을 절약할 수 있습니다 투명 PET 소재: 메트로 랙 라벨 클립은 내구성이 뛰어난 PET 플라스틱으로 만들어져 환경 소재이며 쉽게 손상되지 않습니다. 가격, 품목 및 기타 정보를 제공하는 간단하고 효과적인 방법을 제공합니다 다양한 용도: 이 메트로 선반 라벨은 책장, 지하철 선반, 주방 선반을 정리하는 데 널리 사용되며 슈퍼마켓, 상점, 쇼핑몰 또는 기타 행사에 사용할 수 있습니다 포장은 다음을 포함합니다: 플라스틱 와이어 선반 라벨 홀더 100개와 라벨 용지 100개. 라벨 영역 길이: 7.6 센티미터, 라벨 면적의 높이: 3.2 센티미터. 구입하기 전에 선반의 크기를 측정하여 올바른 장착을 확인하십시오",,"['라벨', '선반', '와이어', '홀더', '플라스틱', '용지']"
사무용품,라벨 및 스티커,라벨 홀더,,B0CS5ZWFWN,"LLPT 마그네틱 라벨 홀더 10.2 x 5.1cm(4 x 2인치) 50팩 C 채널 300g 백서 카드 보호 필름, 강력한 탈착식 선반 화이트 보드 도구 상자 금속 벽 캐비닛 서랍(MH4250)",,42242,42242,4.7,278.0,"제품 특징: 혼합된 Nd-Fe-B 영구 자석 파우더와 ROHS 인증 NBR 고무로 만들어져 이 라벨 홀더를 유연하고 내후성이 있으며 컬링 방지, 부착하기 쉽고 재사용 및 지저분하지 않습니다. ""C"" 채널은 카드가 마그네틱 채널에 잘 미끄러지도록 합니다. 보호 필름은 파일 캐비닛이나 금속 선반에 설치 후 스프레이하여 카드에 인쇄하거나 쓰지 않도록 텍스트가 인쇄되거나 쓰지 않도록 보호합니다. 용도: LLPT 마그네틱 카드 홀더의 자석은 산업 및 상업용으로 충분히 강하고 안정적입니다. 창고 선반, 냉동고 문, 도구 상자 서랍, 사무실 이름, 학교 및 슈퍼마켓 제품 이름, 파일 캐비닛 설명, 금속 벽 프로젝트, 샘플 룸 부품 번호, 전기 패널 등에 정리하기에 이상적입니다. 금속 라벨을 붙이는 데 탁월한 솔루션입니다. 작업 공간을 정리하고 의사 소통 장벽을 피하십시오. 재사용 및 지저분함 없음: LLPT 마그네틱 카드 홀더는 접착 라벨보다 효과적이며 재사용이 가능하며 지저분해지지 않습니다. 이 자석 홀더는 설치가 쉽고 수년 동안 재사용이 가능하다는 점을 고려하면 큰 도움이 될 것입니다. 캐비닛, 화이트보드, 금속 벽 및 선반을 항상 깨끗하고 깔끔하게 유지하고 제거 후 잔여물이 남지 않으며 필요할 때마다 위치를 바꿀 수 있으며 자석 부품을 쉽게 제거할 수 있습니다. 사용 가능한 사이즈: 중간 사이즈부터 큰 사이즈까지 각 사이즈마다 26팩과 50팩이 제공됩니다. 50팩의 경우 자석 50개, 보호 필름 50개, 카드 100장, 카드 26개, 자석 26개, 보호 필름 52개, 카드 52개가 포함되어 있습니다. 모두 미리 재단되어 보호 필름으로 포장되어 있습니다. 및 카드 각 카드는 마그네틱 채널에 쉽게 넣을 수 있으며 추가 카드 리필을 위해 추가 리필 카드는 DIY로 사용하거나 0.1cm(0.04인치) 두께 미만의 온라인으로 구입할 수 있습니다. 쉬운 라벨링 솔루션: 마그네틱 라벨 홀더로 라벨링 과정을 단순화하십시오. 사용자 친화적인 디자인으로 라벨을 쉽게 삽입하고 제거할 수 있어 번거로움 없이 필요에 따라 정보를 업데이트할 수 있습니다. 선반, 랙 또는 쓰레기통에 표시하든 이 홀더는 최소한의 노력으로 깨끗하고 정리된 공간을 쉽게 유지할 수 있습니다.","특징: - 작업 공간, 창고, 상점, 사무실 및 학교를 정리하기에 적합합니다. - 탁월한 자외선 차단 기능으로 내후성. - -15 ~ 160F 범위의 온도. - 재사용 및 제거 가능. - 인쇄 또는 쓰기로 빠른 라벨링. - 금속 표면에만 사용하세요. - 지저분해지지 않는 설치 및 관리가 쉽습니다. - 환경 친화적, 무독성 소재 및 비접착성. - 최적의 두께로 말림 방지. - 사용 가능한 사이즈: 25mm x 50mm, 25mm x 75mm, 30mm x 100mm 및 40mm x 100mm. - 상자에 포장. Amazon의 LLPT 방문을 환영하며 원하는 제품을 얻을 수 있는 신뢰와 선택에 감사드립니다. 이에 따라 제품에 대한 의견을 공유해 주셔서 대단히 감사드립니다.","['카드', '라벨', '홀더', '보호', '마그네틱', '금속', '자석', '재사용', '필름', '선반']"
사무용품,라벨 및 스티커,라벨 홀더,,B0CJFGPLWW,마그네틱 라벨 홀더 10.2 x 5.1cm(4 x 2인치) C 채널 라벨 홀더 300개의 보호 필름 및 600개의 교체 종이 스트립 마그네틱 태그 홀더 금속 랙 선반 캐비닛 도구 상자용,,134331,134331,,,"패키지 수량: 300개의 블랙 마그네틱 라벨 홀더와 300개의 보호 필름과 600개의 교체 종이 스트립이 포함되어 있으며 다양한 시나리오에서 요구 사항을 충족할 수 있는 충분한 수량을 제공합니다 사용자 친화적인 사이즈: 약 10.2 x 5.1cm(4 x 2인치) 크기의 이 자석 라벨은 쉽게 쓰거나 인쇄할 수 있습니다. 종이 인서트와 보호 필름을 밀어 넣기만 하면 지저분함 없이 라벨을 부드럽게 교체할 수 있습니다 신뢰할 수 있는 소재: 고품질의 부드러운 고무 자석 소재로 제작된 이 자석 라벨 홀더는 오래 사용할 수 있도록 제작되었습니다. 견고하고 내구성이 뛰어나 다양한 환경에서 수명을 보장합니다 세척 및 재사용 가능: 끈적한 잔여물과 얼룩에 작별 인사를 하세요. 이 자석 라벨 홀더는 재사용이 가능하여 캐비닛, 화이트보드, 금속 벽 및 선반을 깨끗하고 깔끔하게 유지합니다. 또한 필요할 때마다 자석을 쉽게 이동하고 재배치할 수 있어 어수선한 환경을 유지합니다 다용도 용도: 이 자석 라벨 홀더는 창고 선반, 냉동고 문, 공구 상자 서랍, 금속 벽, 전기 패널 등에 널리 사용할 수 있습니다. 금속 표면을 표시하는 실용적인 솔루션입니다","특징: 효율성 향상: 이 마그네틱 라벨 홀더는 품목에 라벨을 붙이고 라벨을 다시 붙일 수 있는 원활한 방법을 제공하여 시간 낭비를 줄이고 작업 공간의 생산성을 향상시킵니다. 정리에 소요되는 시간을 줄이고 중요한 일에 더 많은 시간을 할애하세요. 범용 호환성: 당사의 마그네틱 라벨 홀더는 다양한 금속 표면에 부착되도록 설계되어 다양한 환경에서 잘 작동합니다. 바쁜 창고나 사무실 환경에서 이 라벨은 라벨링 요구 사항에 이상적인 제품입니다. 사양: 주요 소재: 부드러운 고무 자석 소재. 색상: 사진과 같음. 사이즈: 약 10.2 x 5.1cm(4 x 2인치) 패키지 구성: 블랙 자석 라벨 홀더 300개. 투명 보호 필름 300개. 교체용 종이 스트립 600개. 참고: 수동 측정, 사이즈에 약간의 오차가 있을 수 있습니다. 화면 디스플레이의 차이로 인해 색상이 약간 다를 수 있습니다.","['라벨', '홀더', '자석', '금속', '마그네틱', '환경', '필름', '보호', '종이', '부드럽다']"
사무용품,라벨 및 스티커,라벨 홀더,,B0C3B7KMHN,"100팩 자석 라벨 홀더, 2.5x7.6cm(1x3인치) C 채널 자석 라벨 홀더, 종이 인서트 및 투명 플라스틱 프로텍터 포함, 금속 랙 선반용 마그네틱 데이터 카드 홀더 파일 캐비닛 라벨",,33226,33226,5.0,3.0,"【용도】- 마그네틱 라벨 홀더로 중요한 정보를 명확하고 눈길을 끄는 방식으로 보여주세요! 비즈니스, 사무실 및 가정에서도 사용하기에 적합합니다. 이 100피스 - 7.6x2.5cm(3x1인치) 자석 라벨 홀더 세트는 강철 선반과 원활하게 작동하도록 설계되었습니다. 【100팩 자석 라벨 홀더】- 각 파일 캐비닛 라벨 홀더 세트에는 마그네틱 파일 캐비닛 라벨 홀더 100개, 화이트 라벨 카드 100개, 투명 PVC 커버 100개가 포함되어 있습니다. 화이트 카드나 추가 용지 인서트를 라벨 홀더의 슬롯에 밀어 넣기만 하면 라벨을 만들거나 업데이트할 수 있습니다. 【강력한 자석】- 당사의 자석 선반 라벨은 강철 선반, 파일 캐비닛, 사물함, 냉장고 문 및 자석 화이트보드에 즉각적이고 안정적인 접착력을 제공하는 강력한 자석 뒷면이 특징입니다. 자석은 표면에 잔여물을 남기지 않고 안전하게 부착되어 라벨 홀더를 쉽게 부착하고 분리할 수 있습니다. 【빠른 변경】- 각 라벨 홀더는 종이 또는 인쇄 용지 라벨을 쉽게 삽입할 수 있도록 유연한 C자형 채널로 설계되었습니다. 라벨을 인쇄하거나 손으로 쓰고 C-채널 마그네틱 라벨 홀더에 밀어 넣습니다. 자석을 움직이고 재배치하기만 하면 프로젝트, 팀, 점수 또는 좌석 배치에 대한 업데이트된 정보를 표시할 수 있습니다. 【적응성】- 당사의 다용도 마그네틱 라벨 홀더는 정보를 빠르게 표시하고 업데이트해야 하는 다양한 설정에서 사용할 수 있습니다. 스포츠 및 게임 리그, 점수판, PERT 차트, 조직도, 회의 일정 및 회의실 과제에 적합합니다. 도구 상자 라벨, 창고 랙 라벨, 서랍 라벨, 자석 달력 라벨, 자석 이름표 홀더 등으로 사용할 수 있습니다.","CYEAH 100팩 마그네틱 'C' 채널 라벨 홀더, 금속 랙 및 선반용, 보호 필름 및 교체 스트립 포함, 7.6 x 2.5cm(3 x 1인치), 금속 랙 선반용 마그네틱 데이터 카드 홀더 파일 캐비닛 라벨 - 자석 홀더는 심플한 흑백 색상으로 사무실, 작업장 및 일상 사용에 적합합니다. - 보호 필름은 투명하고 깨끗하여 라벨의 텍스트를 오랫동안 밝고 깨끗하게 유지합니다. - 간편한 사용: 포함된 종이 스트립에 쓰고, 종이 인서트와 투명 보호 필름을 밀어 넣고 자석 라벨 홀더를 깨끗하고 평평한 표면에 붙입니다. - 기존 접착 라벨에 비해 시간을 절약하고 재배치가 쉽습니다. - 이 마그네틱 라벨은 인쇄되거나 손으로 쓴 재고 라벨과 중요한 제품 정보가 포함된 데이터 카드를 보관할 수 있으며 모든 라벨이 있는 금속 또는 강철 표면에 적합합니다. 사양: - 소재: C-채널 자석, 고무 자석 뒷면, 화이트 라벨 용지, 보호 필름 - 색상: 블랙 - 수량: 총 100팩 - 사이즈: 1x3인치/당 패키지 구성: 자석 라벨 100개. 인서트 100개(화이트 라벨 용지)","['라벨', '홀더', '자석', '마그네틱', '선반', '채널', '카드', '캐비닛', '파일']"
사무용품,라벨 및 스티커,라벨 홀더,,B0C9ZPGF6S,"Mr-Label 30팩 2.5x7.6cm(1x3인치) 자석 라벨 홀더, 인쇄 가능한 라벨 인서트 및 투명 플라스틱 보호 필름, 금속 선반 캐비닛 사물함용 C 채널 자석 라벨(2.5x7.6cm(1x3인치), 30팩)",,16606,16606,3.7,20.0,"패키지 구성: 76 x 25mm(1 x 3인치) 자석 라벨 홀더 30개. 양면 쓰기 가능한 카드 스톡 인서트 60개. 투명 보호 필름 30개. 교체를 위한 인쇄 가능한 카드 스톡 라벨 총 81장, mr-label.com에서 코드 MR301을 검색하여 무료 인쇄 템플릿을 받으세요. 고품질 소재: 자석 라벨 홀더는 강하고 두껍고 유연한 고무 자석으로 만들어져 쉽게 떨어지거나 부서지지 않습니다. 인쇄 가능한 라벨은 매끄럽고 쓰기 쉬우며 두꺼운 카드 스톡 용지로 만들어졌으며 레이저와 잉크젯 프린터로 양면 인쇄를 제공합니다. 다양한 용도: 이 강력한 자석 라벨은 도서관 선반, 슈퍼마켓 선반, 창고 선반, 사무실 파일 캐비닛, 도구 상자, 우편함, 옷장, 서랍, 철 드럼 등과 같은 평평한 금속 표면에 적합합니다. 수많은 용도: 자석 화이트보드의 계획 표지판, 책상 위의 명판, 냉장고 알림, 사물함의 식별 태그 등으로 적합합니다.",,"['라벨', '자석', '인쇄', '가능하다', '선반', '카드', '스톡', '홀더', '금속', '두껍다']"
사무용품,라벨 및 스티커,라벨 홀더,,B09SG1FJ6H,"Containlol 이동식 선반 라벨 홀더 50개, 투명 책장 라벨 라이브러리 선반 마커, 책장 칸막이 태그 선반 라벨 홀더 도서관 사무실 교실 가정용 (16.5 x 7.6 x 1.6cm(6.5 x 3 x 0.63인치))",,31841,34611,4.0,1.0,"움직일 수 있는 디자인: 탈착식 디자인을 채택한 이 책장 라벨은 편리합니다. 선반을 손상시키지 않고 필요에 따라 라벨을 대상 위치로 이동하고 업데이트할 수 있어 시간과 에너지를 절약할 수 있습니다 투명 PVC 소재: 책장 라벨 홀더는 고품질 PVC 소재로 만들어져 가시성이 높아 라벨의 내용물을 명확하게 볼 수 있습니다. 신뢰할 수 있고 가벼우며 견고하고 마모에 강하며 오랫동안 부착할 수 있습니다 다양한 사용: 이 선반 라벨 디스플레이 스탠드는 이동이 필요한 대부분의 선반 유형에 이상적이며 도서관, 공부방, 사무실, 상점, 슈퍼마켓, 편의점, 식료품점 및 기타 소매점에 널리 적용할 수 있습니다 제품 구성: 패키지에는 라이브러리 선반 마커 50개가 포함되어 있으며, 충분한 양으로 다양한 용도와 교체품을 충족할 수 있습니다. 투명한 디자인은 아름다움에 영향을 주지 않습니다 적합한 사이즈: 각 선반 라벨은 16.5 x 7.7 x 1.6cm(6.5 x 3 x 0.63인치)로 책을 정리하고 표시하기 쉽습니다. 참고: 사용 시 표면에 긁힘을 방지하기 위해 각 책장 라벨 랙의 표면에 보호 필름이 있습니다. 사용하기 전에 보호 필름을 떼어내십시오","특징: 이동식 선반은 도서관, 공부방, 교실 및 사무실 등의 책장에 쉽게 놓을 수 있어 편리하고 빠릅니다. 라벨을 측면에서 홀더에 그려서 표시를 완료할 수 있습니다. 라이브러리용 라벨은 구부러지지 않고 쉽게 깨지지 않아 유연하게 사용할 수 있으며 오랫동안 사용할 수 있습니다. 사양: 소재: PVC 색상: 투명. 사이즈: 16.5 x 7.7 x 1.6 cm/6.6 x 3 x 0.63 인치 패키지 구성: 이동식 선반 라벨 홀더 50개. 참고: 수동 측정, 사이즈에 약간의 오차가 있을 수 있습니다. 화면 디스플레이의 차이로 인해 색상이 약간 다를 수 있습니다. 사용하기 전에 보호 필름을 떼어내십시오.","['라벨', '선반', '책장', '홀더', '투명', '라이브러리', '디자인', '도서관', '사무실', '보호']"
사무용품,라벨 및 스티커,라벨 홀더,,B07TXYCM1B,Antrader 5피스 107 x 61mm 대형 태그 라벨 홀더 사무실 파일 캐비닛 선반 서랍 핸들 명함 홀더 장착 나사 포함,,9681,9681,4.7,87.0,"패키지 구성: 태그 라벨 홀더 5개, 장착 나사 15개 소재: 철; 주 색상: 브론즈 톤; 무게: 106g 크기: 107 x 61 x 4mm/4.2"" x 2.4"" x 0.16""(길이*너비*높이); 내부 프레임 사이즈: 62 x 31mm/2.4"" x 1.2""(길이*너비) 마운트 홀 직경: 4mm/0.16""; 마운트 홀 거리: 91mm/3.6"" (중심에서 중심까지) 장식용 태그 라벨 홀더는 파일 서랍, 선반, 책장 등에 널리 사용됩니다.","시간과 돈을 절약하는 최고의 제품! 특징: 이 라벨 홀더는 보석 상자, 선물 상자, 캐비닛, 찬장, 파일 케이스, 약국과 잘 어울립니다. 나사가 포함되어 있습니다. 품질 : 제품 문제는 환불 또는 교환을 위해 주문 번호로 문의하십시오. 만족하실 때까지 24시간 이내에 답변을 드리며 문제를 해결해 드리겠습니다.","['홀더', '라벨', '나사', '파일', '태그', '서랍', '선반', '홀', '장착', '중심']"
사무용품,라벨 및 스티커,라벨 홀더,,B09PFLLGKH,"접착식 투명 포켓, 자체 접착 투명 라벨 포켓, 접착 카드 폴더 플라스틱 포켓 홀더 슬리브, 인덱스 카드 플래너, 캐비닛 선반 사진 Cd, 10피스(100x55mm)",,8296,8296,4.5,129.0,"【자체 접착】이 카드 홀더는 자체 접착 뒷면이 있는 자체 접착 투명 포켓입니다. 자체 접착 카드 홀더는 금속, 목재, 유리, 종이, 판지, 석회 벽, 세라믹 타일 등을 포함한 모든 표면에 잘 부착할 수 있습니다. 【투명】이 자체 접착 투명 포켓은 고품질 플라스틱 비닐로 만들어져 매우 투명하고 내구성이 뛰어나며 방수, 방진 방지, 긁힘 방지, 오래 지속됩니다. 【정리 유지】자체 접착식 투명 라벨 홀더는 사무실, 교실, 학교, 가정, 창고 등에서 사용할 수 있습니다. 일반적으로 라벨을 붙이고 정리하는 데 사용됩니다. 인덱스 카드를 플라스틱 자체 접착 투명 라벨 포켓에 삽입하거나 카드에 정보를 표시한 다음 쓰레기통, 상자, 앨범, 용기, 책, 책상, 사물함, 캐비닛, 선반에 붙입니다. 중요한 정보와 물건의 혼란이나 손실을 방지합니다. 【다양한 사이즈】사이즈: LXH. 높이는 오프닝 너비, H는 앞면의 높이입니다. 뒷면은 앞면보다 5mm 더 깁니다. 한 가지 크기의 자체 접착 카드 포켓을 선택하면 이 사이즈에 대해 10개가 제공됩니다. 【사이즈】자체 접착 라벨 포켓 슬리브 사이즈: 100x55mm. 자체 접착식 투명 카드 포켓에는 은행 카드, 명함, A8 및 95x53mm 이하의 카드를 보관할 수 있습니다.",,"['접착', '자체', '카드', '포켓', '투명', '라벨', '홀더', '플라스틱', '방지']"
사무용품,라벨 및 스티커,라벨 홀더,,B09F31NRQN,40개 앤티크 라벨 홀더 60mm x 17mm 금속 이름 카드 프레임 도서관 서랍 태그 사무실 캐비닛 선반 나사 포함 (구리),,7603,8296,4.4,50.0,"제품 구성 - 40개의 앤티크 라벨 홀더가 제공됩니다. 전체 크기는 60mm x 17mm/2.36인치 x 0.67인치 (LxW)이며, 장착 구멍 지름은 2mm/0.08인치입니다. 각 명함 프레임에 나사 2개를 장착하고 나사 높이는 8.3mm/0.33인치입니다. 고품질 라벨 홀더 - 금속 파일 서랍 태그는 고품질 철 소재로 만들어졌으며 표면은 도금으로 덮여 있으며 녹 방지 및 부식 방지 기능이 있어 오랫동안 사용할 수 있습니다. 우수한 생산 기술로 제조된 라벨 프레임 홀더는 표면이 매끄럽고 거친 부분이 없습니다. 다용도 - 이 금속 라벨 홀더는 가정, 사무실, 도서관 등에 적합합니다. 카드 라벨 프레임은 보석 상자, 선물 상자, 캐비닛, 파일 상자 등과 잘 어울립니다. 서류 정리 캐비닛, 서랍, 책장, 나무 보관 상자, 와인 셀러 및 도서관 선반과 같은 서랍의 물건을 식별하는 데에도 사용할 수 있습니다. 쉬운 설치 - 설치가 매우 간단하고 편리합니다. 가정용 작은 도구를 사용하여 서랍 태그 라벨을 설치하는 데 몇 분 밖에 걸리지 않습니다. 라벨 카드 홀더를 사용하면 가구가 더 복고풍이고 더 아름답습니다. 집의 아름다움을 향상시키는 데 탁월한 선택입니다. 품질 서비스 - 성원에 감사드립니다. Piutouyar는 30일 반품 및 교환 서비스를 제공합니다. 고객의 100% 만족이 저희의 최우선 순위입니다. 궁금한 사항이 있으시면 언제든지 저희에게 연락하십시오. 최선을 다해 도와드리겠습니다.","회사 소개: Piutouyar는 수년간 하드웨어 및 관련 제품에 종사해 왔습니다. 고객 100% 만족이 저희의 첫 번째 목표입니다. 저희는 고객에게 더 나은 서비스와 더 고품질의 저렴한 제품을 제공하기 위해 최선을 다하고 있습니다. Piutouyar 40개 앤티크 라벨 홀더 60mm x 17mm 금속 이름 카드 프레임 도서관 서랍 태그용 사무실 캐비닛 선반 나사 포함 (구리) 사양: 제품 이름: 앤티크 라벨 홀더 색상: 구리 소재: 철 전체 사이즈: 60mm x 17mm/2.36인치 x 0.67인치 (길이x폭). 마운트 홀 직경: 2mm/0.08인치 나사 사이즈: 8.3mm/0.33인치. 패키지 포함: 40개 x 앤티크 라벨 홀더, 80개 나사 참고: 1.) 모든 치수는 수동으로 측정되며 1 - 2mm 편차가 있을 수 있습니다. 2.) 조명 문제로 인해 약간의 색상 차이가 있을 수 있습니다. 양해 부탁드립니다. 100% 만족 보장: Piutouyar는 고객에게 고품질의 제품과 더 나은 서비스를 제공하기 위해 노력합니다. 저희는 고객이 100% 만족하기를 바랍니다. 우리의 힘을 믿으세요. 저희 제품이 마음에 들지 않거나 질문이 있으시면 언제든지 저희에게 연락해 주십시오. 문제를 해결하기 위해 최선을 다할 것입니다. 또는 아마존의 가이드라인에 따라 환불 또는 교환을 위해 반품할 수 있습니다.","['라벨', '홀더', '서랍', '나사', '앤티크', '프레임', '캐비닛', '서비스', '도서관', '상자']"
사무용품,라벨 및 스티커,라벨 홀더,,B09TKFC394,"50피스 투명 이동식 선반 라벨 홀더 플라스틱 선반 라벨 홀더 투명 도서관 선반 마커 책 선반 홀더 사무실 도서관 스토어용 13.5 x 20.9 x 1.9cm(5.1 x 7.9 x 0.75인치), 라벨 50개 포함 인서트",,41536,41536,4.7,17.0,"이동성: 선반 라벨 클립은 작고 얇고 가벼우며 움직일 수 있고 투명합니다. 실제 필요에 따라 라벨을 대상 위치로 이동하고 업데이트하여 다양한 요구 사항을 충족할 수 있습니다 고품질 PVC 소재: 이 도서관 선반 라벨은 고품질 PVC 소재로 만들어져 투명하고 투명하며 강하고 쉽게 깨지지 않으며 가볍고 컴팩트하며 휴대가 가능하며 방수 기능이 있어 라벨을 쉽게 읽을 수 있으며 라벨 마모와 찢어짐을 방지하기 위해 끈적한 메모를 보호층을 제공할 수 있습니다 하단 로딩 디자인: 이 탈착식 선반 라벨은 하단 로딩 디자인으로 양쪽에 제품 라벨, 책 라벨 및 선반 좌표를 삽입하고 제거할 수 있어 라벨을 쉽게 교체하거나 업데이트할 수 있으며 재고 관리 및 바코드 스캔을 쉽게 할 수 있습니다 패키지 구성: 약 33 x 20 x 1.9cm(13 x 20 x 0.75인치) 크기의 투명 책장 라벨 50개, 약 13 x 1.8cm(5.12 x 7.87 x 0.75인치) 크기의 흰색 라벨 50개, 매일 사용하고 교체할 수 있는 수량으로 제공됩니다. 필요하면 도움이 될 수 있습니다. you management 책 및 선반 다양한 용도: 이 선반 라벨 홀더 디스플레이는 투명하고 방수 기능이 있으며 견고하고 제거 가능하며 도서관, 사무실, 슈퍼마켓 등에 적합하며 책이나 제품의 라벨을 쉽게 변경할 수 있습니다","특징: 방수 및 투명: 투명한 라이브러리 선반 칸막이를 사용하면 라벨의 내용물을 쉽게 볼 수 있으므로 책이나 물건을 정리하고 명확하게 볼 수 있습니다. 동시에, 방수 기능이 있으며 어느 정도 라벨을 보호하는 역할을 할 수 있습니다. 쉬운 부착: 이동식 선반 라벨 홀더는 선반이나 랙에 직접 놓기만 하면 되며 필요에 따라 이동할 수 있으며 사용하기 쉽습니다. 사양: 소재: 색상: 투명 사이즈: 투명한 책장 라벨: 약 13 x 20 x 1.9 cm / 5.12 x 7.87 x 0.75 인치. 화이트 라벨: 약 13 x 1.8 cm / 5.12 x 0.71 인치. 패키지 구성: 투명 책장 라벨 50개. 화이트 라벨 50개. 참고: 수동 측정이므로 사이즈에 약간의 오차가 있을 수 있습니다. 화면 디스플레이의 차이로 인해 색상이 약간 다를 수 있습니다.","['라벨', '선반', '투명', '투명하다', '책', '홀더', '방수', '도서관']"
사무용품,라벨 및 스티커,라벨 홀더,,B0BGX5VN3X,"핑크 라벨 홀더, 팬 폴드 및 롤 라벨용 열 라벨 홀더, 배송 라벨 롤 홀더, 데스크탑 라벨 프린터 및 사무실 및 가정용 (핑크)",ASprink,17437,17437,4.6,85.0,"[높은 호환성] 이 라벨 스탠드는 롤 및 팬 폴드 라벨과 호환됩니다. 열 프린터 및 기타 많은 데스크탑 라벨 프린터와 함께 사용할 수 있습니다. 라벨 용지를 홀더에 넣기만 하면 됩니다. ASprink 라벨 홀더는 배송업체 및 전자 상거래 회사에 적합합니다. [대부분의 라벨 지원] ① 롤 라벨-최대 외부 지름 11.4cm(4.5인치), ②팬폴드 라벨-최대 라벨 너비 11.4cm(4.5인치), 최대 길이 18.5cm(7.3인치). [빠른 설치] 이 라벨 홀더는 설치가 매우 쉽습니다. 조립 가이드를 참조하여 5개의 부품으로 1분 안에 완벽하게 설치할 수 있습니다. (사진 및 비디오도 안내됩니다) [독특한 디자인] 라벨 홀더는 더 높은 베이스로 설계되어 프린터의 코드가 스탠드 아래로 통과할 수 있어 엉키거나 엉망이 되는 것을 방지합니다. 라벨을 안정적으로 만들고 작업을 잘 정리할 수 있도록 도와줍니다. [강한 소재] 라벨 홀더는 강한 소재를 사용하여 낙하에 강하고 쉽게 손상되지 않으며 더 잘 작동합니다. 창고, 사무실, 슈퍼마켓, 소매점, 공장, 배송, 약국 상점 등에 적합합니다.",,"['라벨', '홀더', '프린터', '롤', '설치', '강하다']"
사무용품,라벨 및 스티커,라벨 홀더,,B0BWF5YT98,"MaxGear 100팩 C 채널 자석 라벨 홀더, 2.5x7.6cm(1x3인치) 자석 라벨, 사물함 선반, 공구 상자, 가정, 사무실, 냉장고, 화이트보드용 Reusabel 자석 이름표",,34611,34611,4.3,50.0,"자석 라벨 홀더: 1 x 3인치 / 2.5 x 7.62cm 자석 라벨 홀더, 자석 라벨 100개, 투명 플라스틱 보호 필름 100개 및 두꺼운 종이 카드 250장을 포함한 라벨 자석의 수는 작업과 일상 사용에 충분합니다. 고품질 소재: 자석 라벨은 고품질의 부드러운 고무 자석으로 만들어져 구부릴 수 있으며 깨지지 않습니다. 투명 플라스틱 보호 필름은 PVC 소재로 만들어져 라벨을 눈에 잘 띄고 깨끗하게 유지합니다. 포함된 두꺼운 흰색 용지로 더 부드럽게 글씨를 쓸 수 있습니다. 쉬운 사용: 마그네틱 라벨과 함께 제공되는 백지 스트립에 적은 다음 종이 카드와 투명 보호 필름을 C 채널에 밀어 넣을 수 있습니다. 마지막으로 마그네틱 라벨 홀더를 깨끗하고 평평한 금속 표면에 붙일 수 있습니다. 강력한 자석: 마그네틱 라벨 홀더는 최신 기술의 합성 고무 자석을 채택하여 일반 마그네틱 라벨보다 흡입력이 강하고 쉽게 떨어지지 않으며 지속적으로 반복적으로 사용할 수 있으며 모든 금속 표면에서 쉽게 앞뒤로 움직일 수 있습니다. 다양한 용도: 선반 자석 라벨은 창고 선반, 슈퍼마켓 선반, 자석 명판, 사무실 서류 캐비닛, 자석 화이트보드, 냉장고, 사물함, 공구 상자, 우편함, 철 드럼 등과 같은 모든 종류의 평평하거나 구부러진 금속 표면에 적합합니다",,"['자석', '라벨', '홀더', '선반', '마그네틱', '투명', '금속', '보호', '표면', '필름']"
사무용품,라벨 및 스티커,라벨 홀더,,B08NFSS9DV,"와이어 선반 가격 카드 태그용 투명 플라스틱 라벨 홀더 120개, Aulufft 투명 라벨 홀더 120개 종이 라벨 포함, 슈퍼마켓용 (6x4.2cm)",Aulufft,22284,22284,4.8,19.0,"소재: 상품 사인 디스플레이 클립은 PVC 플라스틱으로 만들어져 안전하고 견고하며 내구성이 뛰어나며 쉽게 깨지지 않으며 고온 및 저온 저항성이 있습니다. 사이즈: pvc 라벨 클립의 크기는 6 x 4.2cm (길이 x 너비)입니다. 빈 라벨 용지 크기는 6 x 3.8cm (길이 x 너비)입니다. 재사용이 가능하며 편리하게 분류하고 보관할 수 있도록 설계되었습니다. 쉬운 사용: 플라스틱 투명 라벨 클립을 제품 선반에 설치한 다음 제품 정보 용지를 홀더에 삽입하면 제품 정보를 완벽하게 보여줄 수 있으며 쉽게 제거할 수 있습니다. 제품 구성: 투명 라벨 클립 120개 + 빈 태그 용지 120개. 사용 상황: 투명한 플라스틱 라벨 홀더는 슈퍼마켓, 쇼핑몰, 전문 상점, 소매점 및 기타 구매품 장소에 적합하며 제품 상품 표지판 디스플레이, 개인 태그 항목, 가정용 소형 제품 분류 등에도 적합합니다.",사양: 소재: PVC 색상: 투명 라벨 클립 사이즈: 2.36 x 1.65 인치/6 x 1.65 인치 (길이 x 너비) 빈 라벨 용지 크기: 2.36 x 1.50 인치/6 x 3.8 cm (길이 x 너비) 수량: 120 제품 구성: 디스플레이 홀더 라벨 클립 120개. 빈 라벨 용지 120장. 주의 사항: - 구입하기 전에 이 품목의 크기와 적절한 경우를 확인하십시오. 필요에 맞는지 확인하십시오. - 느슨해지지 않도록 짧은 시간 안에 넣고 벗는 것은 권장하지 않습니다.,"['라벨', '클립', '홀더', '투명', '용지', '플라스틱', '태그', '디스플레이', '구성', '선반']"
사무용품,라벨 및 스티커,라벨 홀더,,B07VRNL8S6,"자석 라벨 홀더 라벨 자석 데이터 카드 홀더, 보호 필름 포함 교체 스트립 선반 통용 (7.6 x 2.5cm(3 x 1인치), 30)",Outus,16606,16606,4.6,346.0,"제품 구성: 자석 라벨 홀더 30개, 보호 필름 30개, 교체 종이 스트립 60개가 1개 주문에 포함되어 있어 직장 또는 일상용으로 매우 좋은 패키지입니다 재사용 가능한 라벨 홀더: 데이터 카드 홀더는 부드러운 고무 자석으로 만들어져 금속 표면에 쉽게 부착하거나 이동할 수 있으며 자석 뒷면 덕분에 반복적으로 부착할 수 있습니다 빠른 라벨링: 포함된 종이 스트립에 쓰고 종이 인서트와 투명 보호 필름을 밀어 넣고 마그네틱 라벨 홀더를 깨끗하고 평평한 표면에 붙이면 시간을 절약하고 기존 접착 라벨에 비해 위치를 쉽게 바꿀 수 있습니다 심플한 스타일: 자석 홀더는 심플한 흑백 색상으로 사무실, 작업장 및 일상 사용에 적합합니다. 보호 필름은 투명하고 깨끗하여 라벨의 텍스트를 오랫동안 밝고 깨끗하게 유지합니다 적용 가능한 사이즈: 마그네틱 데이터 카드 홀더는 길이 7.62cm(3인치), 너비 2.5cm(1인치)로, 작업이나 공부에 매우 편리하며 다양한 상황에 적용할 수 있어 직장이나 생활에서 많은 편리함을 제공합니다",,"['홀더', '라벨', '자석', '필름', '보호', '데이터', '종이', '스트립', '카드', '깨끗하다']"
사무용품,라벨 및 스티커,라벨 홀더,,B0CCJ9ZD71,Fulmoon 68.6 x 3.2cm(27 x 1.26인치) 와이어 선반 라벨 홀더 스트립 가격 태그 홀더 블랙 뒷면 플라스틱 라벨 홀더 투명 PVC 커버 블랙 뒷면 냉장 케이스 쿨러 선반용 (50개),,103861,103861,5.0,2.0,"충분한 수량: 투명한 PVC 커버와 블랙 백이 있는 와이어 선반용 선반 태그 홀더 50개를 받게 됩니다. 충분한 양으로 일상적인 사용 및 교체 요구 사항을 충족하기에 충분합니다 신뢰할 수 있는 소재: 가격표 홀더는 고품질 플라스틱 소재로 만들어져 강하고 신뢰할 수 있으며 방수 및 재사용이 가능하며 내구성이 뛰어나고 변색 방지 기능이 있으며 쉽게 변형되거나 깨지지 않아 오랫동안 지지할 수 있습니다 투명 PVC 커버: 선반 라벨 홀더에는 라벨을 물로부터 보호하기 위한 투명 커버가 장착되어 있으며, 가격 라벨을 쉽게 밀어 넣을 수 있으며 플라스틱 보호 커버를 통해 스캔할 수 있으며 라벨 홀더는 쉽게 재배치할 수 있으며 필요한 경우 다른 위치로 이동할 수 있습니다 사이즈 정보: 플라스틱 라벨 홀더는 길이 약 68.5cm(27인치)/68.5cm(27인치), 높이 3.2cm(1.26인치)로, 대부분의 표준 냉장고 디스플레이 케이스와 냉동고 선반의 너비에 맞습니다 다양한 용도: 선반용 라벨 홀더는 베이커리 디스플레이 케이스, 델리 디스플레이 케이스, 유제품 디스플레이 케이스에 부착할 수 있으며 가격, 제품 기능 또는 콘텐츠, 광고 판매, 제품 브랜드, 영양 성분 또는 기타 정보를 전달하는 데 이상적입니다","특징: 이상적인 선물: 블랙 플라스틱 태그 홀더를 가족, 파트너, 이웃 및 친척에게 보낼 수 있습니다. 이 선물을 받으면 행복하고 만족할 것입니다. 실용적이고 유용함: 선반용 라벨 홀더는 플라스틱 선반 정보 스트립이나 데이터 스트립을 제거하지 않고도 재고 스캔을 빠르고 쉽게 할 수 있어 매우 편리합니다. 사양: 소재: 플라스틱 색상: 블랙, 투명. 사이즈: 길이 27인치/68.5cm, 높이 3.2cm / 3.2cm 패키지 구성: 선반 라벨 홀더 50개. 참고: 수동 측정, 사이즈에 약간의 오차가 있을 수 있습니다. 화면 디스플레이의 차이로 인해 색상이 약간 다를 수 있습니다.","['홀더', '선반', '라벨', '플라스틱', '블랙', '커버', '케이스', '디스플레이', '투명', '충분하다']"
사무용품,라벨 및 스티커,라벨 홀더,,B08VDP1W9P,"라벨 홀더 - iDPRT 배송 라벨 홀더, 플라스틱 종이 홀더, 롤 및 팬 폴드 라벨용 열 라벨 홀더, 데스크탑 라벨 프린터와 함께 작동, 가정, 사무실 및 운송에 적합",iDPRT,34611,34611,4.4,134.0,"[롤 및 접이식 라벨 용지 지원] iDPRT 라벨 홀더는 롤 라벨 용지와 접힌 라벨 용지를 지원합니다. 두 가지 종류의 라벨 용지를 선택할 수 있습니다. 적절한 라벨 용지를 선택하면 부드럽게 인쇄할 수 있습니다. 이 플라스틱 라벨 홀더는 데스크톱에서 열 라벨 프린터를 사용하기에 적합합니다. [공간 절약 및 쉬운 사용] 이 열 라벨 홀더는 크기가 작고 공간을 차지하지 않습니다. 또한, 라벨 홀더 하단에는 USB 케이블과 전원 케이블을 통과할 수 있는 전용 공간이 있어 데스크톱을 깔끔하게 유지할 수 있습니다. 이 종이 홀더는 삶과 작업에 적합합니다. [다양한 라벨 용지 너비 지원] 이 배송 라벨 홀더는 다양한 너비의 라벨 용지를 지원합니다. 지원되는 최대 인쇄 너비는 12.7cm(5인치)입니다. 다양한 인쇄 요구 사항에 따라 다양한 너비의 라벨을 얻을 수 있습니다. 이 종이 홀더는 다양한 라벨 용지를 지원합니다. [좋은 품질과 강한 소재] iDPRT 티켓 홀더는 튼튼한 소재로 만들어졌으며 안정적으로 사용할 수 있습니다. 이 롤로 라벨 홀더는 사용 중에 흔들리거나 부서지지 않습니다. 튼튼한 라벨 홀더는 수명이 길고 안정적인 인쇄를 달성하는 데 도움이 됩니다. [멋진 외관, 심플한 디자인] 티켓 홀더는 세련되고 심플한 외관을 가지고 있습니다. 디자인은 간단하고 편리하며 열 라벨 프린터와 함께 사용하기에 매우 적합합니다. 이 프린터 용지 홀더의 액세서리는 간단하며 쉽게 조립하고 분해할 수 있습니다.",,"['라벨', '홀더', '용지', '프린터', '열', '인쇄']"
사무용품,라벨 및 스티커,라벨 홀더,,B001DI5DZA,"C-Line HOL-DEX 자석 선반/빈 라벨 홀더, 2.5 x 15.2cm(1 x 6인치), 박스 당 10개(87227)",C-Line,19528,16246,4.6,38.0,"Hol-Dex 자석 선반/빈 라벨은 금속 선반, 통, 서랍, 파일 캐비닛 등에 빠르게 라벨을 붙이는 데 이상적입니다 마그네틱 투명 플라스틱 홀더는 거의 모든 깨끗하고 평평한 표면에 부착됩니다 다시 라벨링이 쉽습니다. 새로운 종이 인서트(포함)를 밀어 넣으세요 Hol-dex 자석 선반/통 라벨은 금속 선반, 통, 서랍, 파일 캐비닛 등에 빠르게 라벨을 붙이는 데 이상적입니다","Hol-dex 자석 선반/통 라벨은 금속 선반, 통, 서랍, 파일 캐비닛 등에 빠르게 라벨을 붙이는 데 이상적입니다. 자석 투명 플라스틱 홀더는 거의 모든 깨끗하고 평평한 표면에 부착됩니다. 라벨을 다시 붙일 수 있습니다. 새 종이 인서트(포함)를 밀어 넣으세요. 모든 크기로 자를 수 있습니다.","['라벨', '선반', '자석', '통', '금속', '빠르다', '서랍', '홀더', '캐비닛', '파일']"
사무용품,라벨 및 스티커,라벨 홀더,,B0B5NCXSH7,"MECCANIXITY 라벨 홀더 15.2 x 5.1cm(6 x 2인치) C 채널 고무 자석, 금속 선반 정리용, 사무실 파일 캐비닛 10개 팩",MECCANIXITY,23254,23254,5.0,1.0,"고무 자석 표지판 홀더는 철재 표면에 부착하여 정리를 할 수 있으며 창고 랙이나 선반, 사무실 및 교실 파일 캐비닛, 도구 상자, 우편함 등과 같은 많은 경우에 적합합니다. 라벨 홀더 소재: 고무 자석; 길이: 6-inch / 150mm; 너비: 2-inch / 50mm; 내부 두께: 0.04-inch / 1mm; 10 x 마그네틱 라벨 홀더 패키지. 라벨 홀더는 약한 고무 자석으로 만들어져 내구성이 뛰어나고 유연하며 이동과 재배치가 쉽습니다. 설치 단계: 1. 마킹 단어를 인쇄하거나 쓰세요. 2. 라벨과 보호 필름을 홀더에 삽입하십시오. 3. 필요한 곳에 홀더를 부착하십시오. 미리 재단된 라벨 용지는 손글씨 라벨로만 사용됩니다. 필요에 따라 전체 용지에 라벨을 인쇄한 후 (여기는 포함되어 있지 않습니다) 크기를 자르고 넣을 수 있습니다.","이것이 무엇인가요? 미리 재단된 라벨과 유연한 보호 필름이 있는 고무 자석 라벨 슬롯은 공예품을 충족하거나 정리할 수 있는 범용 도구입니다. 철분 소재 표면에 부착하여 정리를 할 수 있으며, 창고 랙이나 선반, 사무실 및 교실 파일 캐비닛, 도구 상자, 우편함 등과 같은 많은 경우에 적합합니다. 무엇을 받게 되나요? 저희가 제공하는 자석 라벨 홀더는 다음과 같은 크기입니다. 라벨 슬롯 재질: 고무 자석 호환 가능: 다목적 라벨 사용 길이: 6-인치 / 150mm 폭: 2-인치 / 50mm 내부 두께: 0.04인치 / 1mm 자석 라벨 홀더 10개 패키지 제품에 장점이 있습니까? 라벨 홀더는 약한 고무 자석으로 만들어져 내구성이 뛰어나고 유연하며 이동과 재배치가 쉽습니다. 각 홀더에는 호환 가능한 종이 라벨 2개와 PVC 보호 필름 1개가 포함되어 있어 작업에 매우 편리합니다. 어떻게 사용하나요? 설치 단계: 1. 마킹 단어를 인쇄하거나 쓰세요. 2. 라벨과 보호 필름을 홀더에 삽입하십시오. 3. 홀더를 필요한 곳에 부착하십시오. 무엇을 알아차릴 수 있나요? 미리 재단된 라벨 용지는 필기 라벨로만 사용됩니다. 필요에 따라 전체 용지(여기는 포함되어 있지 않음)에 라벨을 인쇄한 후 크기를 잘라서 넣을 수 있습니다.","['라벨', '홀더', '자석', '고무', '용지', '필름', '인쇄', '정리', '부착', '보호']"
사무용품,라벨 및 스티커,라벨 홀더,,B0CP2537WN,"30피스 바구니 통 라벨 클립 온 세트, 매트 화이트 플라스틱 탈착식 빈 클립 라벨, 식료품 저장실 바구니용 라벨 홀더, 보관 바구니, 주방 통 태그, 상자용 흰색 클립 온 라벨",YEUIKERR,24902,24902,5.0,1.0,"【패키지 구성】클립 라벨 홀더 30개 세트로 자신만의 방법에 따라 식품 보관실을 그룹으로 정리하고 기록할 수 있습니다. 일상적인 교체 및 사용을 충족하기에 충분한 수량. 바구니 라벨 클립 사이즈 9cm x 6.5cm(3.5x2.5인치). 【고품질 소재】당사의 화이트 바스켓 라벨 클립 세트는 고품질 PVC 소재로 만들어져 견고하고 내구성이 뛰어나며 쉽게 깨지지 않으며 강하고 견고하며 구부릴 수 있습니다. 매끄러운 표면으로 쓰고 그릴 수 있으며 청소하기 쉽습니다. 날씨 환경에 영향을 받지 않고 오랫동안 사용할 수 있습니다. 【쉬운 사용】이 바구니 라벨은 고리버들, 패브릭, 와이어 또는 플라스틱 바구니에 쉽고 안전하게 맞습니다. 접착제나 테이프가 필요하지 않습니다. 라벨의 내용물을 젖은 수건으로 부드럽게 닦아내어 라벨의 위치와 내용물을 쉽게 변경하고 언제든지 위치를 변경할 수 있습니다. 【다양한 사용】바구니 통 라벨 클립 온 라벨 홀더 세트는 지저분한 물건을 분류하는 데 이상적이며 원하는 물건을 빠르게 찾을 수 있도록 도와줍니다. 주방, 침실, 휴대품 보관소, 욕실, 거실, 보관실, 린넨 옷장, 청소 용품, 사무실, 공예품, 게임 룸에 적합하며 집을 깔끔하게 유지하고 더 많은 시간과 공간을 절약합니다. 【애프터 서비스】8.9cm(3.5인치) 바스켓 라벨 클립에 문제가 있는 경우 무료 새 교체품을 배송하거나 전액 환불을 제공합니다. 질문이 있으시면 언제든지 저희에게 연락해 주십시오. 24시간 이내에 답변을 드리고 만족스러운 솔루션을 제공해 드리겠습니다.","바구니 통 라벨 클립 온 세트 30개, 플라스틱 탈착식 빈 클립 라벨, 보관함용 라벨 클립, 바구니 식료품 저장실 상자, 주방 통 태그 등. 사양: 바구니 라벨 클립 소재: PVC 바구니 라벨 클립 크기: 6.5 x 9cm/3.54x2.56 inch 색상: 화이트 제품 구성: 화이트 바스켓 라벨 클립 세트 30개 특징: 플라스틱 라벨 클립은 고품질 PVC 소재로 만들어져 신뢰할 수 있고 내구성이 뛰어납니다. 부엌, 침실, 욕실, 사무실, 휴대품 보관소 등에 적합합니다. 이 바구니 통 라벨 클립은 편리하고 사용하기 쉽습니다. 필요에 따라 클립을 쓰레기통, 상자 또는 바구니에 넣을 수 있습니다. 라벨보다 편리하고 빠릅니다. 이 바구니 라벨 클립 세트는 식료품 저장실, 창고, 욕실, 세탁실, 청소 용품, 사무실 등과 같은 가정의 모든 공간을 정리하는 데 도움이 됩니다.","['라벨', '클립', '바구니', '통', '보관', '화이트', '플라스틱', '구성']"
사무용품,라벨 및 스티커,라벨 홀더,,B0B5R6ZRG1,"100피스 카드 홀더 서랍 손잡이, 라벨 홀더, 라벨 프레임 카드, 라벨 홀더 모던 라벨 홀더 (황동)",,12451,12451,4.7,86.0,"소재: 고품질 철로 제작. 패키지 포함: 라벨 홀더 100개와 나사 200개. 전체 사이즈: 60*17*1mm (길이*너비*높이). 훌륭한 품질: 가볍고 멋진 마감, 얇지만 견고하며 장식에 좋습니다. 이 라벨 홀더 손잡이는 보석 상자, 선물 상자, 캐비닛, 찬장, 파일 케이스와 잘 어울립니다.","라벨 홀더는 파일 서랍, 선반, 책장 등에 널리 사용됩니다.","['홀더', '라벨', '손잡이', '서랍', '상자', '파일', '카드']"
사무용품,라벨 및 스티커,라벨 홀더,,B0CYLVJMTF,"100팩 플라스틱 와이어 선반 라벨 홀더, 투명 재사용 가능한 바구니 라벨 홀더, 슈퍼마켓 소매점 식료품 저장실용 가격 태그 티켓 행거 클립",,22146,22146,,,"【패키지 구성】각 패키지에는 와이어 선반 라벨 홀더 100팩, 클립 이어 200개, 라벨 인서트 100개가 포함되어 있습니다. 와이어 선반 라벨 홀더의 크기는 10 x 5.5cm(4 x 2.2인치) (길이 x 너비)로, 선반, 바구니, 냉장고 등에 라벨을 붙이기에 적합합니다 【프리미엄 소재】투명한 표면의 고품질 투명 PVC 플라스틱 소재로 제작된 플라스틱 라벨 홀더는 견고하고 내구성이 뛰어나며 깨지지 않습니다. 안전하고 튼튼한 소재로 오랫동안 사용하기 편리합니다. 【쉬운 설치】이 와이어 선반 라벨 홀더는 설치가 쉽습니다. 카드나 라벨을 라벨 홀더에 삽입하고 상단 클립 스냅을 닫으면 원하는 위치나 선반에 붙일 수 있습니다. 편리하고 빠르게 사용할 수 있습니다! 【안전한 클립 디자인】당사의 라벨 홀더는 이중 이어 고정 래치 클로저를 채택하여 선반에 단단하고 안전하게 걸 수 있으므로 사용 과정에서 떨어지는 문제에 대해 걱정할 필요가 없습니다. 【다양한 용도】쉬운 푸시 버튼 디자인 걸쇠가 있는 가격표 태그는 모든 종류의 와이어 선반에 적합하며 슈퍼마켓, 상점, 식료품점, 베이커리, 약국, 창고, 액세서리 상점, 서점, 주방 등과 같은 다양한 경우에 널리 사용할 수 있습니다. 태그 태그는 보관 라벨 또는 가격표로 사용하여 재고를 정리하고 관리할 수 있습니다.",,"['라벨', '홀더', '선반', '와이어', '태그', '클립', '안전하다', '플라스틱']"
사무용품,라벨 및 스티커,라벨 홀더,,B09V4XS49C,"플라스틱 바구니 라벨 홀더 100개, 10 x 5.7cm(3.95 x 2.25인치) 가격 표지판 와이어 선반 라벨 홀더 200피스 쉬운 버튼 디자인 잠금 클로저, 바구니 시장 및 가정용 와이어 바구니 라벨 홀더",,23531,23531,4.4,10.0,"밸류 팩: 100개의 투명 라벨 레일과 200개의 후크가 제공되어 선반에 있는 물건을 충분히 담을 수 있습니다. 고품질 소재: 강하고 내구성이 뛰어난 PVC 플라스틱으로 제작되어 기름, 물, 얼룩에 강할 뿐만 아니라 라벨을 손상으로부터 보호합니다. 견고한 잠금: 부드러운 실리콘 잠금 클립으로 얇은 막대가 있는 곳 어디에나 걸 수 있을 뿐만 아니라 쉽게 벗겨지지 않습니다. 쉽게 식별할 수 있습니다: 플라스틱 라벨 바는 투명한 케이스 디자인으로 내부의 단어를 매우 명확하게 볼 수 있습니다. 다양한 용도: 슈퍼마켓, 도매 시장, 소매점 및 기타 라벨을 부착해야 하는 장소에 이상적입니다. 선반 라벨 홀더는 슈퍼마켓 및 기타 소매점에서 가격 표시를 위한 좋은 도우미입니다.",제품 세부 정보: 패키지 구성: 투명 라벨 레일 100개 + 후크 200개 소재: PVC 플라스틱 사이즈: 폭: 5.7cm/2.24in 길이: 10cm/3.94in 걸쇠: 길이: 5.4cm/2.13in 애프터 서비스: 저희는 더 나은 제품과 서비스를 제공하기 위해 최선을 다하고 있습니다. 고객. 플라스틱 라벨 레일에 대해 궁금한 점이 있으시면 저희에게 연락하시면 24시간 이내에 만족스러운 답변을 드리겠습니다.,"['라벨', '플라스틱', '선반', '홀더', '레일', '바구니', '와이어', '강하다', '구성', '디자인']"
사무용품,라벨 및 스티커,라벨 홀더,,B0CZ43361Z,"마그네틱 라벨 홀더 30개, 10.2 x 5.1cm(4 x 2인치) C 채널 라벨 홀더, 금속 선반, 화이트보드, 파일 캐비닛용 화이트 카드 인서트 30개가 있는 마그네틱 데이터 카드 홀더",,26301,26301,5.0,1.0,"충분한 수량 - 세트에는 자석 라벨 홀더 30개가 포함되어 있으며, 각 제품에는 투명 보호 필름 1개와 흰색 교체 용지 2개가 포함되어 있어 충분한 예비 부품을 제공합니다. 재사용 가능 - 자석 라벨은 고품질 고무 자석 소재로 만들어져 자체 접착 라벨보다 실용적이며 제거 후 접착제나 테이프 잔여물이 없어 필요할 때 언제든지 위치를 이동할 수 있습니다. 간편한 사용 - 마그네틱 사인 홀더는 10.2 x 4.1cm(4 x 1.6인치) 크기로 ""C"" 채널로 카드를 멋지게 밀어 넣을 수 있어 카드가 떨어질 걱정 없이 라벨 정보를 빠르게 변경할 수 있습니다. 보호 필름은 카드에 인쇄되거나 쓰여진 텍스트가 바래지 않도록 하여 정보를 명확하게 볼 수 있습니다. 간편한 정리 - 이 C 채널 마그네틱 라벨 홀더를 사용하면 제품 이름, 파일 설명 등과 같은 정보를 작성하거나 인쇄하여 필요한 것을 쉽게 분류하고 빠르게 찾을 수 있습니다. 라벨에 있습니다. 작업 공간을 빠르게 정리할 수 있도록 도와주어 창고, 사무실 또는 교실과 같은 다양한 환경에서 다양한 품목에 라벨을 붙이고 식별할 수 있습니다. 다양한 용도 - 선반용 자석 라벨의 강한 자성으로 라벨이 제자리에 고정되고 쉽게 미끄러지지 않으며 라벨을 쉽게 교체할 수 있어 창고 선반, 냉동고 문, 공구 상자 서랍, 사무실 서류 캐비닛, 샘플룸 부품 번호 및 전기 배전반과 같이 정보가 자주 업데이트되는 다양한 상황에서 사용하기에 적합합니다.","사무실 문서를 표시하거나 창고 재고를 관리해야 할 때 C 타입 마그네틱 명판은 강력한 지원을 제공합니다. 특수 C-채널과 강력한 마그네틱 디자인으로 다양한 시나리오에서 라벨이 모든 금속 표면에 단단히 부착됩니다. 추가 보호 필름 및 교체 용지와 함께 정보를 최신 상태로 유지하고 빠르게 변화하는 작업 요구 사항에 적응할 수 있습니다. 마그네틱 파일 캐비닛 라벨을 선택하여 모든 장소를 정리할 수 있습니다! 자석 라벨 홀더: 소재: 고무 자석 색상: 블랙, 화이트 사이즈: 4*1.6- 세트 수: 30 팩 마그네틱 라벨 홀더를 구입하면 편리하고 실용적이며 환경 친화적인 고품질 제품을 갖게 될 것입니다. 중요: 수령 후 제품을 확인하고 제품의 포장 재료와 액세서리를 올바르게 보관하십시오. 수동 측정으로 인해 사이즈가 약간 정확하지 않다는 것을 양해 바랍니다. 궁금한 사항이 있으시면 걱정하지 마시고 언제든지 저희에게 연락하십시오.","['라벨', '마그네틱', '홀더', '자석', '카드', '빠르다', '채널', '캐비닛', '정리', '사무실']"
사무용품,라벨 및 스티커,라벨 홀더,,B0BKQF5NW2,"200팩 투명 플라스틱 라벨 홀더, 클립 온 라벨 홀더, 와이어 선반, 보관함, 바구니, 슈퍼마켓 샵용 상품 사인 디스플레이 태그 홀더 (6x4.2cm)",,29763,29763,4.1,5.0,"DURABLE & REUSABLE DESIGN: The 200pcs basket labels clip on for storage bins are made with high quality PVC plastic, clear color, high visibility. A little soft that not easy to break and convenient for insert the price tag, not easy to damage and can be reuse for a long time. EASY TO INSTALL & USE: Install the plastic label holder on the shelf which in front of products, and then insert the price or any information you need on the label paper to display or categorize your things into the holder, it can clearly show the price or other information, very convenient. These DIY labels are nice-looking and practical. SIZE INFORMATION: Size is 2.4 x 1.6 inch/6 x 4cm. The plastic wire shelf label holder is 0.24 inch/0.6cm. The appropriate size can meet your basic needs. Please take a good look at whether the size and suitable occasions meets your requirements before purchase. WIDELY USED: Perfect for storage bins/basket, shelf label clips helps you to display and recognize what product in storage; Used as price label holder clear plastic wire shelf in retail store/supermarket, great for warehouse shelving, shop shelving, bins etc. LARGE AMOUNTS: You will receive 200 pieces of clear plastic label holders, enough quantity to meet your various needs of daily use and alternative needs. If you have any problems about our product, please send your message to us at first time, give you peace of mind about your purchase.",/,"['홀더', '라벨', '플라스틱', '투명', '태그', '클립', '와이어', '슈퍼마켓', '선반', '샵용']"
사무용품,라벨 및 스티커,라벨 홀더,,B0B2P4SCLH,"uxcell 금속 라벨 홀더, 83x30mm 30피스 파일 이름 카드 태그 라벨 홀더 프레임, 사무실 라이브러리 서랍 캐비닛 선반용, 골드 톤",,17852,17852,4.5,34.0,"제품 이름: 금속 라벨 홀더; 색상: 골드 톤; 전체 사이즈: 83 x 30mm / 3.27"" x 1.18""(L*W); 피트 라벨 사이즈: 58 x 20mm / 2.28"" x 0.79""(L*W) 장착 구멍 직경: 3.5mm / 0.14""; 패키지 구성: 라벨 홀더 30개, 나사 90개 소재: 서랍 태그 라벨 홀더는 철로 만들어졌으며 전기 도금 마감, 녹 방지 및 부식 방지 및 내구성이 뛰어납니다. 용도: 이 금속 라벨 프레임은 찬장, 서랍, 캐비닛, 책장, 파일 상자 및 선반에 사용할 수 있으며 아름다움을 더할 뿐만 아니라 서랍의 내용물을 쉽게 식별할 수 있습니다. 설치: 금속 파일 라벨 홀더를 사용할 때 일치하는 나사 2개를 나사로 고정하여 설치를 완료하면 DIY 요구 사항을 충족할 수 있습니다.",,"['라벨', '홀더', '금속', '서랍', '파일', '나사', '방지', '설치', '선반', '구성']"
사무용품,라벨 및 스티커,라벨 홀더,,B0CZ6CXXHW,"마그네틱 라벨 홀더 100세트 2.5 x 20.3cm(1 x 8인치) C 채널 라벨 홀더 마그네틱 명판, 투명 플라스틱 프로텍터 포함, 라벨 교체 화이트 페이퍼 인서트, 파일 캐비닛 선반용",,52616,52616,5.0,1.0,"넉넉한 패키지 딜: 각 패키지에는 100개의 자석 라벨 홀더가 포함되어 있으며 100개의 투명 보호기와 200개의 흰색 카드 인서트가 포함되어 있습니다. 이 넉넉한 수량과 이상적인 조합은 일상 생활에서 사용 및 교체 요구 사항을 충족할 수 있으며 가족 및 친구들과 공유할 수 있습니다 라지 사이즈: 당사의 C 채널 라벨 홀더는 약 25 x 203 mm (1 x 8 인치)로 표시하고 싶은 것을 적어 둘 수 있을 만큼 큽니다. 이 치수는 라벨 홀더가 대부분의 상황에 맞도록 신중하게 선택되었습니다 세련된 색상 디자인: 마그네틱 C 채널 라벨 홀더는 클래식한 흑백 색상으로 제공됩니다. 이 다용도 색상은 어떤 장소와도 매끄럽게 조화를 이루어 사무실이나 가정에 세련된 추가 아이템이 됩니다 고품질 소재: 신뢰할 수 있는 부드러운 자석 소재로 제작된 C 채널 마그네틱 라벨 홀더를 선택하세요. 이 라벨 홀더는 대부분의 자석 표면에 꼭 맞아 뛰어난 내구성과 수명을 약속합니다. 여기에 각 라벨 홀더에는 PVC 투명 프로텍터와 종이 인서트가 꼼꼼하게 장착되어 있어 라벨이 긁힘과 파손되는 것을 방지하여 장기간 사용하기에 이상적인 선택입니다 혁신적인 특징: 당사의 자석 선반 라벨은 강력한 자석 디자인과 같은 사려 깊은 기능을 자랑하며 대부분의 금속 표면에 쉽게 붙이고 제거할 수 있습니다. 투명 프로텍터 디자인은 라벨을 항상 읽을 수 있고 먼지와 파손으로부터 보호합니다. 또한 사무실 직원, 교사, 학생 및 정리를 유지하고 싶은 모든 사람에게 실용적인 도구가 될 수 있습니다","특징: 다양한 상황에 적용 가능: 집, 학교 또는 직장에 있든 이 화이트보드용 자석 라벨은 모든 상황에 이상적입니다. 조직 시스템에 용이성과 선명도를 제공하여 효율성과 생산성을 향상시키도록 특별히 설계되었습니다. 쉬운 사용: 파일 캐비닛용 자석 라벨 홀더는 사용하기 매우 간단합니다. 쉽게 붙이고, 벗겨내고, 원하는 만큼 여러 번 재배치할 수 있기 때문입니다. 라벨 홀더를 사용하면 라벨을 쉽게 교체할 수 있어 정기적으로 라벨 시스템을 업데이트하는 사람들에게 상당한 이점을 제공합니다. 사양: 자석 라벨 홀더 소재: 부드러운 자석 소재, PVC 투명 프로텍터 및 종이 인서트 자석 라벨 홀더 크기: 약 1 x 8인치/25 x 203mm 색상: 블랙 앤 화이트 패키지 구성: 마그네틱 C 채널 라벨 홀더 100개. 투명 프로텍터 100개. 화이트 카드 인서트 200개. 참고: 수동 측정, 사이즈에 약간의 오차가 있을 수 있습니다. 화면 디스플레이의 차이로 인해 색상이 약간 다를 수 있습니다.","['라벨', '홀더', '자석', '투명', '인서트', '채널', '마그네틱', '프로텍터']"
사무용품,라벨 및 스티커,라벨 홀더,,B0CNV9ZKF2,조절 가능한 라벨 디스펜서 디스크 3개 아크릴 스티커 오거나이저 투명 스티커 롤 홀더 라벨 홀더 투명 스티커 디스펜서 라벨 스탠드 스티커 보관 사무실 학교 홈 데스크탑,COFEETBO,26301,26301,5.0,2.0,"견고한 소재: 라벨 홀더는 고품질 프리미엄 아크릴로 만들어져 내구성을 보장합니다. 쉽게 깨지거나 변형되지 않으며 혹독한 기상 조건을 견딜 수 있어 장기간 사용할 수 있습니다. 적합한 사이즈: 스티커 롤 홀더의 크기는 약 너비, 깊이 및 높이는 모두 13.4 x 11.4 x 19.1cm(5-1/4 x 4-1/2 x 7-1/8인치)로 라벨을 정리할 수 있는 충분한 공간을 제공합니다. 라벨을 잘못 배치하여 보다 효율적으로 작업할 수 있습니다. 쉬운 설치: 분리기를 아크릴 기둥에 삽입하고 기둥을 홈에 놓기만 하면 됩니다. 거기에서 스티커 홀더에 라벨을 쉽게 놓을 수 있으며 도구가 필요하지 않습니다. 투명한 디자인: 라벨 롤 홀더는 투명한 외관과 3개의 조절 가능한 디스크 디자인을 채택하여 내부의 스티커나 라벨을 명확하게 볼 수 있으며 필요한 라벨을 빠르게 찾고 남은 라벨 양을 잘 알 수 있어 보기 편리하고 작업 시간을 절약할 수 있습니다. 다양한 용도: 당사의 스티커 롤 디스펜서는 가정, 학교, 사무실 및 기타 장소에 적합합니다. 라벨, 스티커, 테이프 등을 고정하는 데 사용할 수 있습니다. 책상을 깨끗하고 깔끔하게 유지합니다.",,"['라벨', '스티커', '홀더', '롤', '아크릴', '스펜서', '가능하다', '디스크', '디자인', '조절']"
사무용품,라벨 및 스티커,라벨 홀더,,B07Y8DPQXX,"Outus 30팩 마그네틱 라벨 홀더 2.5 x 5.1cm(1 x 2인치) 화이트 카드 인서트 및 투명 플라스틱 프로텍터 마그네틱 데이터 카드 홀더 파일 캐비닛 라벨, 선반 통 금속 랙용 자석 포함",Outus,13836,13836,4.4,206.0,"제품 구성: 자석 라벨 홀더 30개, 보호 필름 30개, 교체 종이 스트립 60개가 1개 주문에 포함되어 있으며, 직장 또는 일상용으로 매우 좋은 패키지입니다 사용 가능한 사이즈: 마그네틱 데이터 카드 홀더는 길이 2.5cm(1인치), 너비 5cm(2인치)로, 작업이나 공부에 매우 편리하며 다양한 상황에 적용할 수 있어 직장이나 생활에서 많은 편리함을 제공합니다 재사용 가능한 라벨 홀더: 데이터 카드 홀더는 부드러운 고무 자석으로 만들어져 금속 표면에 쉽게 부착하거나 이동할 수 있으며 자석 뒷면 덕분에 반복적으로 부착할 수 있습니다 빠른 라벨링: 포함된 종이 스트립에 단어를 적고, 종이 인서트와 투명 보호 필름을 밀어 넣고, 마그네틱 라벨 홀더를 깨끗하고 평평한 표면에 붙이면 시간을 절약하고 기존 접착 라벨에 비해 위치를 쉽게 바꿀 수 있습니다 심플한 스타일: 자석 홀더는 심플한 흑백 색상으로 사무실, 작업장 및 일상 사용에 적합합니다. 보호 필름은 투명하고 깨끗하여 라벨의 텍스트를 오랫동안 밝고 깨끗하게 유지합니다",,"['홀더', '라벨', '자석', '카드', '마그네틱', '데이터', '필름', '보호', '종이', '깨끗하다']"
사무용품,라벨 및 스티커,라벨 홀더,,B0CCP29SPX,"금속 파일 캐비닛 라벨 홀더 40개, 나사가 있는 빈티지 명함 태그 홀더, 나무 선반 캐비닛 서랍용 라이브러리 카탈로그 라벨 프레임, 60mm x 17mm/2.36인치 x 0.67인치, 레드 브론즈",,10512,10512,4.0,1.0,"제품 크기 -- 전체 크기: 60mm x 17mm/2.36"" x 0.67""; 장착 구멍 중심 거리: 50mm/1.97""; 내부 크기: 42mm x 10mm/1.65"" x 0.4"". 신뢰할 수 있는 소재 -- 라벨 홀더는 레드 브론즈 도금으로 덮인 철로 만들어졌으며 녹 및 부식 방지 기능이 있으며 내구성이 뛰어납니다. 쉬운 설치 -- 장착 나사가 함께 제공되어 쉽고 편리하게 설치할 수 있으며 DIY 요구 사항을 충족하여 서랍의 내용물을 빠르게 식별할 수 있습니다. 다양한 용도 -- 금속 라벨 홀더는 나무 선반, 책장, 보석 상자, 캐비닛, 서랍, 와인 저장고, 도서관, 약국에 널리 사용됩니다. 만족스러운 애프터 서비스 -- Uenhoy 30일 이내에 고품질 애프터 서비스를 제공하기 위해 최선을 다하고 있습니다. 고객 만족은 저희의 가장 큰 힘입니다.","Uenhoy 소개 Uenhoy 는 하드웨어 피팅 및 기타 액세서리를 생산하고 판매하는 매장입니다. 저희는 고품질의 합리적인 가격의 제품과 우수한 서비스를 전 세계에 제공하기 위해 최선을 다하고 있습니다. 사양 - 제품 이름: 캐비닛 라벨 홀더 - 소재: 철 - 전체 사이즈: 60mm x 17mm/2.36"" x 0.67"" - 내부 사이즈: 42mm x 10mm/1.65"" x 0.4"" - 색상: 레드 구리 패키지 구성 이름표 홀더 40개. 나사 80개. 유용한 팁 수동 측정으로 인해 1-3mm 오차가 있을 수 있습니다. 조명과 모니터 차이로 인해 약간의 색상 차이가 있을 수 있습니다.","['홀더', '라벨', '캐비닛', '서랍', '나사', '서비스', '레드', '설치', '애프터']"
사무용품,라벨 및 스티커,라벨 홀더,,B0CJG3ZSFH,"Framendino, 35팩 와이어 선반 라벨 홀더 플라스틱 바구니 라벨 홀더, 타이트한 스냅 잠금 재사용 가능한 바구니 라벨 클립, 종이 라벨 인서트 포함, 홈 마켓 사무실용",,10789,10789,,,"【사이즈】와이어 선반 라벨 홀더 크기는 7.5 x 3.5cm(2.9 x 1.37 【소재】플라스틱 케이블 랙 라벨 브래킷은 고품질 플라스틱으로 만들어져 견고하고 내구성이 뛰어납니다. 【용도】와이어 랙 라벨 랙은 와이어 랙이나 바구니에 걸 수 있어 주방, 슈퍼마켓, 창고, 상점, 서점 등에서 제품의 자세한 정보나 가격을 표시하는 데 매우 적합합니다. 【쉬운 사용】스냅 잠금 장치로 선반에 라벨 홀더를 잠근 후 종이를 쉽게 삽입할 수 있으며 버클을 열면 쉽게 제거할 수 있어 매우 편리합니다. 【패키지 구성】와이어 선반 라벨 홀더 35개와 종이 라벨 인서트 35개.",사양 【소재】플라스틱. 【색상】투명. 【사이즈】2.95 x 3.5cm(2.95 x 1.38인치) 【패키지 포함】라벨 홀더 35개와 종이 라벨 인서트 35개. 참고 사항 1. 사이즈는 수동으로 측정되므로 실제 사이즈를 참조하십시오. 2. 화면 디스플레이의 차이로 인해 색상에 약간의 차이가 있을 수 있습니다. 실제 제품을 참조하십시오,"['라벨', '홀더', '와이어', '플라스틱', '선반', '종이', '인서트', '바구니', '참조']"
사무용품,라벨 및 스티커,라벨 홀더,,B09HBT6JZD,"10피스 바구니 라벨 클립 식료품 저장실 바구니 라벨 클립 주방 클립 라벨 홀더 아크릴 상자 클립 플라스틱 라벨 클립 주방, 바구니 식료품 저장실 정리 상자, 홈 오피스, 선반용 (화이트)",Anjmd,13822,13822,4.7,28.0,"소재: 이 바구니 라벨 클립은 PVC로 만들어져 매일 사용할 수 있으며 쉽게 깨지지 않습니다. 바구니 라벨 홀더 표면은 소재 질감으로 청소하기 쉽고 날씨에 쉽게 영향을 받지 않습니다. 사이즈: 패브릭 빈 라벨의 크기는 약 6.5 x 9 cm/2.56 x 3.54 인치입니다. 이 빈 라벨 클립의 크기로 쓰고 싶은 것을 안전하게 쓸 수 있습니다. 10개의 바스켓 라벨로 매일 사용하기에 충분합니다. 특징: 바스켓 클립 라벨 표면에 필름 레이어가 있습니다. 사용하기 전에 필름을 떼어내십시오. 필름은 바구니 라벨 홀더의 표면이 긁히지 않도록 보호합니다. 검은색 펜으로 쓸 수 있습니다. 사용하지 않을 때는 흔적을 남기지 않고 바구니 라벨의 텍스트를 부드럽게 닦아내면 바구니 클립 라벨을 계속 사용할 수 있습니다. 다양한 용도: 이 패브릭 빈 라벨은 주방, 침실, 거실, 창고, 사무실 및 쇼핑몰과 같은 다양한 환경에서 사용할 수 있습니다. 이 바구니 라벨 클립을 쓰레기통, 상자, 바구니, 폴더 및 선반에 부착하여 쉽게 분류할 수 있습니다. 라벨보다 편리하고 빠릅니다. 사용 시나리오를 변경하려면 종이 타월을 물에 담그고 라벨의 자국을 부드럽게 닦아내고 라벨이 마른 후에 쓰십시오. 유용한 팁: 패브릭 통 라벨을 구입하기 전에 크기와 적절한 상황이 요구 사항을 충족하는지 확인하십시오. 저희는 항상 최고의 서비스를 제공하기 위해 여기에 있습니다. 바구니 클립 라벨에 문제가 있는 경우 저희에게 연락하시면 문제를 해결하기 위해 최선을 다하겠습니다.",,"['라벨', '바구니', '클립', '상자', '홀더', '필름', '주방', '표면', '패브릭']"
사무용품,라벨 및 스티커,라벨 홀더,,B0C5R6NF3Z,"와이어 선반 라벨 홀더 100개, 와이어 랙 라벨 홀더, 와이어 선반용 플라스틱 라벨, 라벨 용지 인서트가 있는 선반 라벨 클립, 3.2cm(1-1/4인치) 선반과 호환",,27686,27686,4.0,1.0,"【강하고 내구성】이 와이어 선반 라벨 홀더는 투명 PVC 플라스틱으로 만들어졌으며 강한 품질로 쉽게 손상되거나 변형되지 않으며 재사용이 가능하며 가격 및 기타 정보를 간단하고 효과적으로 표시할 수 있습니다. 【쉬운 사용】종이 인서트에 정보를 적은 다음 종이 인서트를 플라스틱 홀더에 넣고 선반 라벨 홀더에 클립으로 고정하여 쉽게 스냅하고 언제든지 꺼낼 수 있습니다. 시간을 절약할 수 있습니다. 【치수 정보】당사의 선반 라벨 홀더는 길이 7.5cm/3인치, 높이 3.6cm(1.4인치)이며 3.8cm(1.25인치) 와이어 선반에만 호환됩니다. 주문하기 전에 와이어 선반을 측정하십시오. 【가치 있는 식사】와이어 선반용 투명 라벨 홀더 100개와 종이 인서트 100개가 제공되어 일상적인 사용을 쉽게 충족할 수 있습니다. 【다양한 사용】책장, 지하철 선반, 슈퍼마켓 소매 및 쇼핑 센터에 사용되는 와이어 랙 라벨 홀더, 플라스틱 와이어 랙 라벨 홀더는 사무실 작업 분류 및 전시에도 적합합니다.","제품 정보 1. 이 와이어 랙 라벨 태그는 투명 PVC 플라스틱으로 만들어졌으며 강하고 고품질이며 쉽게 손상되거나 변형되지 않으며 재사용이 가능합니다. 2. 종이 인서트에 정보를 적고 종이 인서트를 와이어 랙 라벨 태그에 삽입한 다음 올바른 위치에 붙입니다. 3. 라벨 영역 길이: 7.6 센티미터, 라벨 영역 높이: 1.45"", 1.25"" wire shelves 와만 호환됩니다. 4. 와이어 선반용 투명 라벨 홀더 100개와 종이 인서트 100개를 받게 되어 일상적인 사용을 쉽게 충족할 수 있습니다. 5. 와이어 선반용 투명 라벨 홀더는 책장, 지하철 선반, 주방 선반, 선반 라벨 클립을 정리하는 데 널리 사용되며 슈퍼마켓, 상점, 레스토랑, 쇼핑몰, 사무실 및 기타 행사에 적용하여 모든 것을 순서대로 만들 수 있습니다. 사양 소재: PVC 소재 색상: 투명 길이: 7.6 센티미터 높이: 3.6cm 참고: 3.2cm(1.25인치) 와이어 선반에만 호환됩니다. 패키지 구성: 플라스틱 라벨 홀더 100개. 비접착 라벨 용지 인서트 100개. 애프터 서비스 품질에 문제가 있는 경우 반품 또는 환불을 위해 언제든지 저희에게 연락하십시오.","['라벨', '선반', '와이어', '홀더', '인서트', '플라스틱', '투명', '종이', '호환']"
사무용품,라벨 및 스티커,라벨 홀더,,B0CHNL3JPK,"투명 인덱스 카드 포켓 30개, 상단 입구가 있는 교체 가능한 라벨을 위한 자체 접착 라벨 포켓, 7.3 x 9.5cm(2.9 x 3.7인치) 사진에 이상적인 인덱스 카드 홀더, 노트",,12451,12451,4.7,49.0,"투명 라벨 포켓: 이 인덱스 카드 포켓은 노트를 손상, 먼지 및 습기로부터 보호하고 정리하기에 적합합니다. 이 투명 라벨 포켓을 사용하여 통, 서랍, 선반, 폴더 등과 같은 다양한 품목에 라벨을 붙이고 식별할 수 있습니다 밸류 팩: 각 팩에는 30개의 자체 접착 인덱스 카드 포켓이 포함되어 있어 여러 라벨링 프로젝트를 위한 자유로운 수량을 제공합니다. 모든 접착 포켓은 8 x 10cm(3.15 x 3.95인치)로 라벨을 붙일 수 있는 충분한 공간을 제공하며 7.4 x 9.4cm(2.9 x 3.75인치) 인덱스 카드에 완벽한 크기입니다 내구성 있는 소재: 고품질의 내구성 있는 소재로 제작된 이 라벨 포켓은 견고하고 오래 지속됩니다. 투명하여 홀더에서 라벨을 제거하지 않고도 라벨을 명확하게 볼 수 있으며 필요한 것을 빠르게 찾을 수 있습니다 간편한 사용: 뒷면을 벗겨내고 투명한 접착 사진 포켓을 깨끗하고 매끄러운 표면에 붙이기만 하면 됩니다. 자체 접착 디자인으로 안전한 고정을 보장합니다. 투명 카드 포켓의 상단 로딩 디자인으로 라벨을 쉽게 넣고 꺼낼 수 있습니다 다양한 용도: 이 다용도 포켓은 가정, 사무실, 도서관, 슈퍼마켓 또는 학교에 적합하며 다양한 용도로 사용할 수 있습니다. 이 인덱스 카드 포켓은 레시피, 플래시 카드, 메모 등을 정리하기에 적합합니다",,"['포켓', '라벨', '카드', '인덱스', '접착', '투명', '자체']"
사무용품,라벨 및 스티커,라벨 홀더,,B092YQPM1Y,"플라스틱 와이어 선반 라벨 홀더 30개, 와이어 랙 홀더, 메트로 및 넥셀 3.2cm(1-1/4인치) 선반과 호환되는 라벨 용지 인서트 30개, 라벨 영역 길이 8cm(3.15인치) x 높이 3.8cm(1.18인치)",,13836,13836,3.7,34.0,"내구성 및 편리함: 당사의 와이어 선반 라벨 홀더 클립은 메트로, 넥셀 및 기타 3.2cm 두께의 선반과 호환됩니다. 구매 전에 와이어 선반의 높이를 측정하십시오. 사이즈: 홀더: 길이 8cm x 너비 3.6cm 라벨 영역 길이 8cm x 높이 3.8cm 슈퍼마켓, 상점, 테이블, 선반에 널리 사용되며 가격표, 포스터 스탠드, 광고 프로모션 카드 디스플레이 홀더로 사용할 수 있습니다. 쉬운 설치: 추가 도구가 필요하지 않습니다. 라벨 용지를 홀더에 넣은 다음 선반에 고정하기만 하면 됩니다. 라벨 인서트 30개로 라벨 인서트를 구입하는 번거로움을 덜어줍니다. 고품질: 내구성이 뛰어난 PVC 플라스틱으로 제작되어 쉽게 손상되지 않습니다. 가격, 라벨 및 기타 정보를 간단하고 효과적으로 표시할 수 있는 방법을 제공합니다. 제품 구성: 플라스틱 와이어 선반 라벨 홀더 30개와 라벨 용지 30개. 180일의 매우 긴 기간.",,"['라벨', '선반', '홀더', '와이어', '인서트', '플라스틱', '구성', '용지', '호환', '메트로']"
사무용품,라벨 및 스티커,라벨 홀더,,B0C5MMZYDH,빈티지 블랙 라벨 홀더 타원형 금속 파일 태그 홀더 꽃 장식 서랍 라이브러리 선반 태그 홀더 카드 슬롯 프레임 나사 포함 12개,,11758,11758,5.0,1.0,"패키지 구성: 총 길이 68mm/2.7인치, 총 너비 44mm/1.73인치, 구멍 중심 거리 50mm/1.97인치의 블랙 타원형 라벨 홀더 12개, 나사 포함 (구매 전에 사진의 제품 크기를 주의 깊게 확인하십시오). 신뢰할 수 있는 품질: 라벨 홀더는 전기 도금 마감의 고품질 아연 합금으로 만들어져 내마모성과 내구성이 뛰어나며 녹슬거나 색이 바래지 않으며 긴 수명을 제공합니다. 실용적인 도구: 레이스 꽃 조각으로 디자인된 태그 홀더는 파일의 내용을 구별하기 위해 이름 카드를 놓을 수 있을 뿐만 아니라 선반을 장식하여 복고풍의 섬세한 룩을 연출할 수 있습니다. 간편한 설치: 각 라벨 홀더에는 설치가 매우 쉬운 나사 2개가 함께 제공됩니다. 라벨 프레임을 구멍에 정렬한 다음 나사를 통해 조이기만 하면 됩니다. 다양한 용도: 이 타원형 라벨 홀더는 캐비닛, 서랍, 사무실 또는 도서관 선반, 책장, 찬장, 파일 상자, 사물함 및 목재 보관 상자 등에 적합합니다.","수량: 12개. 색상: 블랙 소재: 아연 합금 총 길이: 68mm/2.7인치 총 너비: 44mm/1.73인치 구멍 중심 거리: 50mm/1.97인치 내부 길이: 32mm/1.26인치 내부 폭: 30mm/1.18인치 특징: 내마모성 및 내구성이 뛰어나며 녹슬거나 색이 바래지 않아 긴 수명을 제공합니다. 레이스 꽃 조각으로 디자인된 태그 홀더는 파일의 내용을 구별하기 위해 이름 카드를 놓을 수 있을 뿐만 아니라 선반을 장식하여 복고풍의 섬세한 룩을 연출할 수 있습니다. 설치 방법: 각 라벨 홀더에는 설치가 매우 쉬운 나사 2개가 함께 제공됩니다. 라벨 프레임을 구멍에 정렬한 다음 나사를 통해 조이기만 하면 됩니다. 용도: 이 타원형 라벨 홀더는 캐비닛, 서랍, 사무실 또는 도서관 선반, 책장, 찬장, 파일 상자, 사물함 및 나무 보관 상자 등에 적합합니다. 참고: 모든 치수는 수동으로 측정되며 약간의 편차가 있을 수 있습니다. 제품에 문제가 발생하면 주저하지 마시고 저희에게 연락해 주시면 기꺼이 해결해 드리겠습니다.","['홀더', '라벨', '나사', '파일', '선반', '상자', '태그', '타원형', '설치', '구멍']"
사무용품,라벨 및 스티커,라벨 홀더,,B0CJ9DL71N,"재사용 가능한 플라스틱 와이어 선반 라벨 홀더 30개, 스냅 온 식료품 저장실 표지판 티켓 홀더, 인서트 라벨 포함, 클립 디자인 타이트 스냅 잠금 클로저, 높이 3.2cm(1-1/4인치) x 너비 7.6cm(3인치), 소매점 슈퍼마켓용",,16606,16606,5.0,1.0,"✔【사이즈 주의】최대 1cm(3/8인치) 와이어 직경에만 맞습니다. 클립을 쉽게 풀고 재사용할 수 있습니다. 주문하기 전에 와이어 선반을 측정하십시오. 라벨 카드가 너무 커서 홀더를 넣을 수 없는 경우 홀더에 더 잘 맞도록 용지를 자를 수 있습니다. ✔【패키지 포함】와이어 선반 라벨 홀더 30개(7.6x3.5cm(3x1.35인치)) 및 빈 라벨 용지 인서트 30개. 전시하고 정리하는 일상적인 요구 사항을 충족할 수 있습니다. ✔【다양한 용도】 와이어 랙 라벨 홀더는 바구니, 와이어 선반 등에 걸 수 있어 주방, 캐비닛, 장난감 방, 슈퍼마켓, 창고, 상점, 서점 등의 품목 세부 정보나 가격을 표시하기에 적합합니다. ✔【쉬운 사용】스냅 락 디자인으로 와이어 랙으로 단단히 조일 수 있으며 쉽게 떨어지지 않습니다. 스냅 잠금 장치로 선반에 라벨 홀더를 잠그고 버클을 열면 흔적을 남기지 않고 쉽게 제거할 수 있으며 제품 정보를 효과적으로 보관하고 표시할 수 있습니다. ✔【프리미엄 소재】플라스틱 와이어 선반 라벨 홀더는 내구성이 뛰어난 PVC 플라스틱으로 만들어져 일반 온도(냉동실 안 아님)에서 오래 사용할 수 있으며 간단한 인서트 디자인으로 라벨 용지를 떨어지지 않고 쉽게 밀어 넣을 수 있습니다.",,"['라벨', '홀더', '와이어', '선반', '스냅', '용지', '플라스틱', '인서트', '디자인', '슈퍼마켓']"
사무용품,라벨 및 스티커,라벨 홀더,,B0CMY31YKV,"자체 접착 인덱스 라벨 포켓 50개, 투명 플라스틱 필 앤 스틱 카드 홀더, 상단 오픈, 로딩용 (7.6 x 6.4cm(3 x 2.5인치))",,13836,13836,4.2,24.0,"【패키지 포함】이 팩에는 50개의 자체 접착 라벨 홀더가 포함되어 있으며 상단이 열려 있어 적재할 수 있습니다. 최대 7.6 x 6.4cm(3 x 2.5인치)의 인서트를 담을 수 있으며 보관함, 선반, 서랍, 캐비닛 등에 라벨을 부착하는 데 이상적입니다. 【높은 매치 사이즈 측정】각 접착 인덱스 카드 포켓은 8.4 x 6.9cm(3.3 x 2.7인치)이며 7.6 x 6.4cm(3 x 2.5인치) 카드 또는 라벨을 삽입하기에 적합합니다. 손으로 정확하게 측정했으므로, 사이즈의 정확성에 대해 안심하십시오. 【고품질 비닐 소재】Origin-Joy의 접착 인덱스 라벨 포켓 슬리브는 고객의 일반적인 크기에 맞게 특별히 맞춤화되었으며, 자체 접착 뒷면이 있는 고품질 비닐로 제작되었습니다. 두께는 40 실크로 가볍고 매끄럽게 유지하면서도 견고하며 변형이 쉽지 않으며 오랫동안 사용할 수 있습니다. 【쉬운 사용】0.6cm(0.25인치) 립으로 짧은 면을 따라 열면 됩니다. 스티커를 떼어내어 깨끗하고 평평한 표면에 부착하세요. 그리고 주머니를 제거한 후 부착된 물체의 표면에 접착제가 남지 않습니다. 【다양한 용도】색인 카드, 명함, 파일 태그 등을 정리하고 보관하는 데 이상적입니다. 파일, 교실 좌석, 엽서 등을 분류하고 식별할 수 있습니다. 중요한 것은 지문, 먼지, 물 또는 먼지로부터 태그를 보호하는 것입니다.",,"['라벨', '접착', '카드', '부착', '포켓', '자체', '인덱스', '보관', '먼지', '비닐']"
사무용품,라벨 및 스티커,라벨 홀더,,B096KKBP4X,"라벨 홀더 풀 핸들, 빈티지 아연 합금 라벨 프레임 서랍 손잡이, 캐비닛 찬장용 블랙 48x38mm 10개 팩",GDQLCNXB,12451,12451,5.0,7.0,"제품 이름: 태그 라벨 홀더 서랍 손잡이, 소재: 아연 합금, 색상: 블랙 라벨 사이즈: 32 mm x 12mm / 1.25 x 0.47 inch (L*W); 전체 사이즈: 48 x 38 mm/ 1.9 x 1.5 inch (L*W) 마운트 홀 거리: 38 mm / 1.5 인치; 마운트 홀 직경: 3.8 mm / 0.15 인치 훌륭한 태그 라벨 홀더 또는 프레임은 사무실, 도서관, 우체국 등에서 사용할 수 있습니다. 패키지 포함: 카드 홀더 서랍 손잡이 10개, 장착 나사 20개",10팩 사무실 도서관 파일 서랍 캐비닛 카드 태그 라벨 카드 홀더 서랍 손잡이 사양: 종류: 태그 라벨 서랍 풀 마운트 구멍 거리: 38 mm / 1.5 inch 마운트 홀 직경: 3.8 mm / 0.15 인치 라벨 사이즈: 32mm x 12mm / 1.25 x 0.47인치 (L*W) 전체 크기: 48 x 38 mm/1.9 x 1.5 인치 (길이*폭). 소재: 아연 합금 색상: 블랙 패키지 포함: 라벨 홀더 10개. 나사 20개 이상. 참고: 태그 라벨 풀에 대한 질문이 있으시면 언제든지 문의하십시오.,"['라벨', '홀더', '서랍', '태그', '손잡이', '마운트', '아연', '블랙', '카드', '풀']"
사무용품,라벨 및 스티커,라벨 홀더,,B0B285877Y,20피스 블랙 라벨 홀더 블랙 사무실 라이브러리 파일 서랍 캐비닛 카드 태그 홀더 금속 사무실 파일 캐비닛 선반 서랍 이름 카드 라벨 홀더 프레임,,11897,11897,4.3,4.0,"패키지 구성: 블랙 라벨 랙 x 20개 및 장착 나사. 고품질 소재: 철로 제작되어 강하고 내구성이 뛰어납니다. 제품 크기: 83 x 32.5 mm / 3.26 x 1.28 인치 (길이 x 너비) 친밀한 디자인: 간단한 구조와 편리한 설치. 서랍이나 파일 캐비닛의 내용물을 식별하는 데 사용됩니다. 다양한 용도: 이 라벨 랙은 캐비닛, 서랍, 캐비닛, 보석 상자, 선물 상자, 사물함, 나무 상자, 와인 셀러 등에 널리 사용됩니다.","사양: 제품 이름: 블랙 라벨 홀더 소재: 철 색상: 블랙 실제 크기: 83 x 32.5 mm / 3.26 x 1.28 인치 (길이 x 너비) 할로우 치수: 67 x 28 mm / 2.63 x 1.1 인치 (길이 x 너비) 패키지 구성: 블랙 라벨 홀더 x 20개 + 장착 나사 안내: 구입하기 전에 제품 크기를 확인하십시오. 수동 측정으로 사이즈가 약간 잘못되었습니다. 라벨 프레임만 해당되며, 제품에는 종이 인서트가 포함되어 있지 않습니다. 화면의 차이로 인해 색상이 약간 다를 수 있습니다.","['라벨', '블랙', '캐비닛', '홀더', '서랍', '파일', '상자', '구성', '패키지', '카드']"
사무용품,라벨 및 스티커,라벨 홀더,,B09D9398WR,"8팩 앤티크 메탈 태그 카드 라벨 프레임, 빈티지 옐로우 라벨 홀더 풀 핸들, 도서관, 서랍, 책장 및 기타 품목용",,11066,11066,4.8,16.0,"패키지 포함: 옐로우 앤티크 메탈 라벨 프레임 8개와 장착 나사 16개. 라벨 프레임은 고품질 철로 만들어졌으며 표면은 노란색 레이어로 도금되어 부식 방지, 견고하고 내구성이 뛰어납니다. 총 크기는 70x33 mm/2.75x1.3 인치(길이 x 너비)이며, 내부 크기는 46x21 mm/1.8x0.8 인치(길이 x 너비)입니다. 장착된 나사는 필요한 품목에 쉽게 설치할 수 있으며 라벨 상자에 품목이 어디에 보관되어 있는지 표시하여 빠르게 찾을 수 있습니다. 앤티크 메탈 라벨 프레임은 서랍, 약국, 도서관 선반 등에 설치할 수 있습니다.",제품 이름: 앤티크 메탈 태그 카드 라벨 프레임 소재: 철 총 사이즈: 7x3.3cm (길이 x 너비) 주의사항: 동봉된 나사는 작은 물체이므로 어린이의 손이 닿지 않는 곳에 보관하십시오. 패키지 구성: 옐로우 빈티지 태그 라벨 프레임 8개. 장착 나사 16개,"['라벨', '프레임', '메탈', '나사', '앤티크', '품목', '옐로우', '장착', '태그', '도서관']"
사무용품,라벨 및 스티커,라벨 홀더,,B0CDMFRT3Z,"선반 태그용 투명 플라스틱 라벨 홀더 - 금속, 와이어 및 가격 채널 선반용 - 선반에 소매 가격을 고정하기 위한 클립 - 제자리에 고정되는 재사용 가능한 커버, 길이 8.6cm(3.4인치) x 높이 3.2cm(1.25인치), 19.9cm(7.5인치)",CinchSigns,184398,184398,3.9,10.0,"라벨 고정: 각 플라스틱 라벨 홀더는 가격표를 제자리에 유지하도록 설계되었습니다. CinchSigns 슬롯의 와이어 선반 라벨은 가격 채널 선반에 쉽게 넣을 수 있으며 상단 태그가 미끄러지거나 느슨해집니다. 가격 태그를 보호하기 위해 선반 라벨 홀더 솔루션이 필요할 때 신뢰하십시오. CinchSigns 다용도: 사람들은 플라스틱 라벨 태그를 두 가지 방법으로 사용할 수 있는 방법을 좋아합니다. 태그를 부착하기 전에 와이어 선반 라벨 홀더를 선반 채널에 밀어 넣으면 평평한 표면을 만들어 라벨을 붙일 수 있습니다. 또는 가격표를 채널에 밀어 넣은 다음 투명 플라스틱 라벨 홀더를 태그 위에 고정하여 보호 레이어를 추가합니다 잘 정리됨: CinchSigns의 선반용 라벨 홀더는 각 플라스틱 슬라이드 사이에 자체 접착 레이어가 있어 와이어 선반용 선반 라벨이 깔끔한 블록에 함께 부착됩니다. 원하는 양의 선반 라벨 클립을 분리한 다음 각 클립을 선반 채널에 밀어 넣기만 하면 됩니다. 또한 선반 라벨 스트립은 작업이 끝나면 다시 접착되어 작업 공간을 잘 정리할 수 있습니다 재배치 가능; 제자리에 고정되는 소매용 선반 태그와 달리, CinchSigns의 플라스틱 선반 태그는 쉽게 재배치가 가능합니다. 더 좋은 점은 와이어 선반용 선반 태그는 오목한 채널과 볼록 채널 모두에 적합하므로 개인의 필요에 맞는 선반 가격표 홀더를 자유롭게 선택할 수 있습니다 냉동고 안전: 상점 주인은 이 플라스틱 가격표 홀더가 극한의 온도를 견딜 수 있는 방법을 높이 평가합니다. 당사의 투명 플라스틱 선반 라벨 홀더는 일반 선반과 냉동 섹션에서 사용하기에 적합합니다. 실용적인 선반용 가격표 홀더가 필요할 때 믿으세요. CinchSigns","CinchSigns는 고급 소매 가격 디스플레이 솔루션과 프리미엄 디자인을 능숙하게 결합합니다. 당사의 선반 라벨 홀더는 수천 명의 CinchSigns 고객의 기대에 부응하기 위해 꼼꼼하게 제작되었습니다. 내구성이 뛰어난 소재로 제작되어 수명을 보장하며, 와이어 선반용 선반 태그는 다른 제품보다 돋보입니다. 모든 가격표 홀더는 공장에서 출고되기 전에 엄격한 검사를 거칩니다. 당사는 최고 표준을 엄격하게 준수하여 태그 홀더가 오래 사용할 수 있도록 제작되었습니다. 최고 기준을 준수하여 태그 홀더가 오래 사용할 수 있도록 제작되었습니다.","['선반', '라벨', '홀더', '태그', '플라스틱', '채널', '와이어', '가격표', '고정', '제작']"
사무용품,라벨 및 스티커,라벨 홀더,,B009ED6ANA,"SmartSign 선반 클립 라벨 홀더 | 2.9 x 15.2cm(1.1 x 6인치) 투명 플라스틱, 2.5cm(1인치) 두께의 선반용, 10개 팩",,47076,47076,4.0,76.0,"사용하기 쉽습니다. 선반 클립 라벨 홀더는 목재 또는 금속 선반을 위한 가장 쉬운 라벨 지정 시스템입니다. 2.5cm(1인치) 두께의 선반에 이상적입니다. 유연성. 유연하고 투명한 플라스틱 라벨 홀더는 선반 위에 고정되며 닫힌 끝은 라벨을 보호하여 깔끔한 외관을 제공합니다. 제품 구성: 팩에는 2.9 x 15.2cm(1.15 x 6인치) 크기의 홀더 10개와 8개의 천공 인서트 2장이 포함되어 있어 글을 쓰거나 인쇄하는 데 사용할 수 있습니다. 선반 라벨 홀더. 이 라벨 홀더는 사무실, 도서관, 상점 방 및 물건을 선반 사이에서 자주 옮기는 기타 장소에 적합합니다.",,"['선반', '라벨', '홀더', '클립', '플라스틱']"
사무용품,라벨 및 스티커,라벨 홀더,,B0CZ429851,"QWORK 7.6cm(3인치) 재사용 가능한 플라스틱 와이어 선반 라벨 홀더, 슈퍼마켓, 식료품 저장실 및 창고를 위한 내구성 있는 클립 디자인, 3.2cm x 7.6cm(1.25인치 x 3인치) 카드 보관, 100개",QWORK,24195,24195,,,"내구성 있는 디자인: 신뢰할 수 있고 튼튼한 플라스틱으로 제작된 이 홀더는 사용하기에 뛰어난 내구성을 제공합니다. 사이즈: 각 라벨 홀더는 길이 7.6cm, 높이 약 3.8cm(1.5인치)입니다. (클립 제외). 다용도 디자인: 이 라벨 홀더는 안전한 스냅 잠금 장치가 있는 클립 디자인을 제공하여 슈퍼마켓, 식료품 저장실 및 창고에 이상적입니다. 편리한 사용: 가격, UPC, 특별 및 제품 식별을 위해 설계되어 정보를 명확하고 가시적으로 표시할 수 있습니다. 사용자 친화적인 디자인: 카드와 라벨을 쉽게 제거하고 교체할 수 있어 사용자의 편의성과 효율성을 향상시킵니다.",,"['디자인', '홀더', '라벨', '클립', '구성', '카드', '저장', '슈퍼마켓', '창고', '식료품']"
사무용품,라벨 및 스티커,라벨 홀더,,B0D32Z2385,"자석 라벨 홀더 20팩, 금속 표면용 인서트 및 플라스틱 프로텍터가 있는 마그네틱 데이터 카드, 2.5 x 7.6cm(1 x 3인치)",,8988,8988,,,"패키지 구성: 한 팩에는 20개의 2.5cm x 7.6cm(1x3인치) 자석 라벨 홀더, 20개의 보호 필름, 40개의 교체용 백지 인서트가 포함되어 있습니다. 사용자 친화적: 교체 용지에 쓰기만 하면 보호 필름이 있는 자석 라벨 홀더에 삽입하고 깨끗하고 평평한 자석 표면에 쉽게 부착할 수 있습니다. 휴대용 라벨링 솔루션: 기존의 자체 접착 라벨에 비해 자국을 남기지 않고 자석을 자석 표면에 쉽게 재배치하고 재배치할 수 있습니다. 소재: 이 자석 라벨은 유연한 C-채널 자석을 사용하여 제작되었으며 뒷면에 고무 자석이 있어 자석 표면에 강하게 부착됩니다. 다양한 용도: 이 자석 라벨 홀더는 사무실, 학교 교실 및 소매업에 적합합니다. 창고 선반, 금속 사물함 및 서류 캐비넷 서랍에 라벨을 붙이는 데 적합합니다.",,"['자석', '라벨', '홀더', '표면', '필름', '인서트', '금속', '부착', '보호']"
사무용품,라벨 및 스티커,라벨 홀더,,B0C6KKDKNK,브론즈 컬러 금속 사무실 파일 캐비닛 선반 서랍 명함 라벨 홀더 프레임 나사 포함 20개 (85 x 42mm),,13836,13836,5.0,1.0,"간편한 설치: 라벨 홀더는 포함된 나사로 파일 캐비닛, 선반 및 서랍에 쉽게 부착할 수 있습니다. 좋은 소재: 보관함용 라벨 홀더. 내구성이 뛰어난 금속으로 제작되었으며 세련된 브론즈 색상으로 마감되었습니다. 다양한 기능: 사무실이나 가정의 폴더, 파일 및 기타 품목에 라벨을 붙이는 데 적합합니다. 보관함의 각 바구니 라벨에는 표준 크기의 명함을 보관할 수 있어 쉽게 식별할 수 있습니다. 매우 실용적: 브론즈 메탈 명함 태그 홀더 나사로 파일을 정리하세요. 제품 구성: 약 42mm / 너비 1.65인치, 길이 85mm/3.35인치의 라벨 홀더 20개를 받게 됩니다.","특징: 사양: 소재: 스테인리스 스틸 사이즈: 85 x 42 mm/3.35 x 1.65 인치 (길이 x 너비) 색상: 브론즈 색상 패키지 포함: 서랍 라벨 홀더 20개 참고: 수동 측정, 크기에 약간의 오차가 있을 수 있습니다. 화면 차이로 인해 색상이 약간 다를 수 있습니다.","['라벨', '홀더', '파일', '브론즈', '명함', '서랍', '나사', '선반', '사무실', '보관']"
사무용품,라벨 및 스티커,라벨 홀더,,B0CHNS1CPB,"라벨 홀더 롤 및 팬폴드 라벨용 열 라벨 홀더 직접 배송 라벨 스탠드 데스크탑 프린터 액세서리 가정, 사무실용 (핑크)",,9681,9681,,,"대부분의 라벨 지원: 롤 라벨-최대 외부 지름 17.8cm, 팬폴드 라벨-최대 라벨 너비 10.2cm, 최대 길이 17.8cm. (7.6cm(3인치) 코어가 있는 롤 라벨은 이 홀더에 적합하지 않을 수 있습니다. 쉬운 조립: 플러그를 꽂고 플레이하기만 하면 됩니다. 홀더는 기존 롤업을 들어 올리고 홀더에 새 것을 놓기만 하면 다시 장착할 수 있습니다. 조립하기 전에 설명서 비디오를 보는 것이 좋습니다. 프린터를 위한 이상적인 액세서리: 패키지에는 라벨 홀더 x 1, 프린터용 청소 도구 x 1. (라벨은 포함되어 있지 않습니다) 이 라벨 스탠드를 사용하면 여러 개의 일반 라벨이나 롤 라벨 시트를 쉽고 부드럽게 인쇄할 수 있습니다. 강한 소재: 강한 소재를 사용한 라벨 홀더는 낙하에 강하고 쉽게 손상되지 않으며 더 잘 작동합니다. 창고, 사무실, 슈퍼마켓, 소매점, 공장, 배송, 약국 등에 적합합니다. 독특한 디자인: 라벨 홀더는 프린터의 코드가 스탠드 아래로 통과할 수 있도록 더 높은 베이스로 설계되어 얽히거나 엉키지 않습니다.",다기능 라벨 홀더: 대부분의 감열식 프린터 및 대부분의 데스크탑 라벨 프린터의 롤 및 팬 폴드(스택) 라벨과 호환됩니다. 배송업체 및 전자 상거래 회사에 적합합니다.,"['라벨', '홀더', '프린터', '롤', '스탠드', '강하다']"
사무용품,라벨 및 스티커,라벨 홀더,,B0C4TP61ZD,"앤티크 라벨 홀더 32개, 블랙 메탈 명함 프레임 빈티지 사무실 라이브러리 파일 서랍 태그 캐비닛 및 선반용(62x33MM)",,13836,13836,4.8,18.0,"제품 구성: 직사각형 블랙 라벨 홀더 32개, 매칭 나사 64개. 총 크기는 62 x 33mm/ 2.4 x 1.3인치(길이*너비)이며, 내부 프레임 크기는 42 x 15mm/1.6 x 0.6인치(길이*너비)입니다. 미니멀리스트 디자인: 파일 캐비닛 태그는 복고풍의 미니멀리즘 외관으로 명함을 배치하여 구별할 뿐만 아니라 캐비닛을 장식하고 매우 우아하게 보이며 삶에 아름다움을 더합니다. 고품질 소재: 라이브러리 파일 서랍 태그는 고품질 철 소재로 만들어졌으며 내구성이 뛰어나고 냄새가 나지 않으며 표면 청동 도금으로 녹 및 부식 방지 기능이 있으며 다양한 용도로 재활용 할 수 있습니다. 다용도: 서랍 태그 홀더는 서랍, 캐비닛, 책장, 선반, 나무 상자, 보석 상자 등에 널리 사용할 수 있습니다. 가정, 도서관, 사무실, 약국 및 기타 시나리오에서 캐비닛을 완벽하게 장식합니다. 애프터 세일즈 : 저희는 높은 품질과 서비스로 신뢰를 얻는 것을 목표로 합니다. 제품을 수령한 후 품질에 문제가 있는 경우 제때 저희에게 연락하시면 최대한 빨리 만족스러운 답변을 드리겠습니다.","Auvotuis 소개 Auvotuis 는 전문적이고 성숙한 생산 공정을 갖춘 역동적인 브랜드로 우수한 품질의 제품과 훌륭한 서비스로 새로운 쇼핑 경험을 제공합니다! 쉬운 설치. 두 개의 장착 나사(매칭 나사 포함)를 나사로 조이기만 하면 앤티크 라벨 홀더를 설치할 수 있습니다. DIY 캐비닛 요구 사항을 편리하고 빠르게 충족할 수 있습니다. 사양 색상: 블랙 소재: 철 구멍 간격: 60mm/2.4인치 총 크기: 62 x 33mm/ 2.4 x 1.3인치 (L*W) 내부 프레임 사이즈: 42 x 15mm/ 1.6 x 0.6인치 (L*W) 패키지 구성 블랙 라벨 홀더 32개(매칭 나사 포함) 유용한 팁 1. 라벨 프레임만 있으며, 제품에는 종이 인서트가 포함되어 있지 않습니다. 2. 모니터에 따라 약간의 색상 차이가 있을 수 있습니다. 3. 수동 측정으로 인해 합리적인 범위의 오차가 있을 수 있습니다. 30일 애프터 세일즈 저희는 항상 고객에게 100% 만족스러운 서비스 경험을 제공하기 위해 최선을 다하고 있습니다. 제품을 받은 후 30일 이내에 품질 문제가 있는 경우 즉시 저희에게 연락하시면 24시간 이내에 만족스러운 답변을 드리겠습니다.""","['캐비닛', '라벨', '홀더', '나사', '태그', '서랍', '프레임', '블랙', '서비스', '파일']"
사무용품,라벨 및 스티커,라벨 홀더,,B0C1XHQVL1,"와이어 선반 라벨 홀더 100개, 7.6 x 3.6cm(3 x 1.4인치) 플라스틱 선반 라벨 클립, 라벨 용지 포함, 투명 와이어 랙 라벨 홀더, 와이어 책 선반 라벨 태그, 와이어 선반용 플라스틱 가격 태그",,26301,26301,3.2,7.0,"【내구성 있는 라벨 홀더】 고품질 PVC 플라스틱으로 제작된 선반 가격표는 튼튼하고 내구성이 뛰어나며 쉽게 깨지지 않으며 쉽게 변형되지 않습니다. 고화질로 쉽게 노란색이 되지 않고 재사용이 가능하며 오랫동안 사용할 수 있습니다. 【쉬운 설치】 당사의 라벨 홀더는 매끄러운 가장자리로 잘 재단되었습니다. 먼저 빈 라벨 용지에 가격이나 이름을 적은 다음 라벨 용지를 플라스틱 라벨 홀더에 삽입하고 마지막으로 라벨 홀더를 제품 선반에 놓습니다. 설치된 투명 라벨 홀더를 쉽게 제거하여 라벨을 교체할 수도 있습니다. 【충분한 수량】 패키지에는 100개의 와이어 선반 라벨 홀더와 100장의 라벨 용지가 포함되어 있으므로 추가 라벨을 올바른 크기로 구입하거나 자를 필요가 없습니다. 가격 및 교체 요구 사항을 충족하기에 충분한 수량. 【적합한 사이즈】 후크 선반 태그의 전체 크기는 7.5 x 3.6cm(2.9 x 1.4인치) / (7.5 x 3.6cm(2.95 x 1.4인치)이며, 바요넷 너비는 3.4cm(1.35인치)입니다. 라벨 용지의 크기는 3.2 x 7.6cm(1.25 x 3인치) / (2.5 x 7.5cm(2.05 x 2.9인치))로 손으로 라벨을 쓸 수 있는 충분한 공간을 제공합니다. 【이상적인 선반 라벨】 와이어 선반용 플라스틱 선반 태그는 책장, 지하철 선반, 주방 선반, 슈퍼마켓 선반, 레스토랑 선반, 쇼핑 선반 등을 정리하는 데 적합합니다.","Acrux7 와이어 선반 라벨 홀더 100개, 플라스틱 선반 라벨 클립, 라벨 용지 포함, 책 선반용 7.6cm(3인치) 와이어 랙 선반 사양: 재료: 플라스틱 색상: 투명 오프닝 너비: 1.34 inch / 3.4 cm. 홀더 사이즈: 2.95x1.42인치 / 7.5x3.6cm 패키지 구성: 플라스틱 와이어 선반 라벨 홀더 100개, 라벨 용지 100개 특징: 1. 와이어 선반과 호환되어 라벨링 효율성을 향상시킵니다. 2. 고품질 플라스틱, 내구성이 뛰어나고 강하며 쉽게 깨지거나 변형되지 않으며 선명도가 높습니다. 3. 일상적인 사용 및 교체 요구 사항을 충족하는 종이가 있는 많은 플라스틱 라벨 홀더. 4. 매끄러운 가장자리로 잘 재단되어 설치와 사용이 쉽습니다. 빈 라벨 용지 5.100장이 포함되어 있어 바로 사용할 수 있습니다. 주의 사항: 구매 전에 사이즈가 필요에 맞는지 확인하십시오.","['라벨', '선반', '홀더', '와이어', '플라스틱', '용지']"
사무용품,라벨 및 스티커,라벨 홀더,,B0BRVJL3JB,"7.6x12.7cm(3x5인치) 자석 라벨 홀더 팔레트 랙 사인 홀더, 자석 스트립 마그네틱 비닐 라벨 포켓 봉투, 금속 선반, 서류 정리 캐비닛, 도구 상자용, 25개입",XUWAIDSGN,22146,22146,,,"25피스 및 4.9m(16피트) 자석: 7.6 x 12.7cm(3 x 5인치) 투명 인덱스 카드 포켓, 4.9m(16피트) 마그네틱 스트립, 25개의 대량으로 일상적인 요구 사항을 충족하기에 충분합니다. 마그네틱 스트립은 필요에 따라 사용할 수 있습니다. 보관함의 내용물을 쉽게 표시하고 내용물이 변경된 경우 용기의 라벨을 쉽게 변경할 수 있는 유연성이 있습니다. 투명한 가시성: 부드러운 투명 소재로 제작된 이 투명 접착 포켓 팩은 양면 투명하고 매끄럽고 투명하여 내부 정보를 쉽게 볼 수 있습니다. 라벨, 명함, 라이브러리 카드, 토큰 및 기타 작은 액세서리를 넣을 수 있습니다. 카드 보호: 당사의 포켓 라벨 홀더는 튼튼한 플라스틱 소재로 만들어져 오랫동안 재사용 할 수 있으며 부드럽고 편안하며 쉽게 변형되거나 깨지지 않습니다. 카드가 분실되는 것을 방지할 뿐만 아니라 지문, 먼지, 물 또는 먼지로부터 카드를 보호합니다. 간편한 사용: 비닐 라벨 파우치는 측면 오프닝 디자인으로 라벨이나 명함을 쉽게 삽입하고 꺼낼 수 있습니다. 4.9m(16피트) 롤 마그네틱 스트립으로 길이를 직접 자를 수 있습니다. 보관함 외부에 사용하고 바로 들어가는 인덱스 카드에 내용물을 적어보세요. 내용물이 바뀌면 카드를 교체하기만 하면 됩니다. 다용도: 접착 슬리브 포켓은 가정, 사무실, 상점, 도서관 및 기타 여러 행사에 적합합니다. 포장, 배송, 색인 카드 또는 라벨 삽입, 마킹 및 정리 등에 사용할 수 있습니다. 선반, 보관 상자, 책장, 보관함에 사용할 수 있습니다.","이 비닐 라벨 홀더는 사무실, 교실 및 가정을 정리할 수 있으며, 카드, 라벨, 명판을 플라스틱 슬리브에 삽입하고 필요한 곳에 붙일 수 있어 마커를 찾고 물건을 쉽게 정리할 수 있습니다. 사양: 재료: 플라스틱 색상: 투명 크기: 7.6x12.7cm 패키지 구성: 자석 라벨 홀더 3x5 25개. 자석 스트립 1개","['라벨', '카드', '홀더', '자석', '스트립', '포켓', '보관', '투명', '정리', '내용물']"
사무용품,라벨 및 스티커,라벨 홀더,,B0CC99TGT9,"100피스 마그네틱 라벨 홀더 2.5 x 5.1cm(1 x 2인치), 백지 인서트 및 투명 플라스틱 필름, 금속 선반 식별 카드 홀더 파일 캐비닛 도어 이름 스티커용 마그네틱 데이터 카드 홀더",,35885,35885,,,"【패키지 구성】2.5 x 5.1cm(1 x 2인치) 자석 라벨 홀더 100세트, 자석 라벨 홀더 100개, 보호 필름 100개, 교체 스트립 200개가 있어 매일 사용하기에 충분합니다. 【소재】자석 라벨 홀더는 부드러운 고무 자석으로 만들어져 깨지지 않고 내구성이 뛰어나며 재사용이 가능합니다 【쉬운 사용】교체 스트립에 쓰고 자석 라벨 홀더에 밀어 넣고 투명 보호 필름을 부착하고 마그네틱 라벨 홀더를 부착해야 하는 곳에 붙이면 원하는 대로 스트립을 교체할 수 있습니다 【다양한 용도】 마그네틱 라벨 홀더는 사무실, 학교 교실 및 슈퍼마켓 캐비닛 문, 파일 캐비닛, 파일 캐비닛 및 기타 장소에서 널리 사용됩니다 【서비스】 마그네틱 라벨에 대해 궁금한 점이 있으시면 언제든지 저희에게 연락해 주시면 만족스러운 답변을 드리겠습니다!","자석 라벨 홀더 100개, 2.5 x 5.1cm(1 x 2인치), 흰색 종이 인서트 및 투명 플라스틱 필름, 금속 선반 식별 카드 홀더 파일 캐비닛 도어 이름 스티커용 마그네틱 데이터 카드 홀더/특징: -깨지지 않고 내구성이 뛰어납니다./-재사용 가능/-쉬운 사용/-다양한 적용/사양:/소재: 플라스틱/색상: 투명./용량: 2.5x5.1cm(1x2인치)/수량: 100팩./패키지 구성:/자석 라벨 홀더 100개./보호 필름 100개./교체용 스트립 200개.","['홀더', '라벨', '자석', '마그네틱', '캐비닛', '필름', '카드', '스트립', '파일', '투명']"
사무용품,라벨 및 스티커,라벨 홀더,,B089VZ8PRP,12피스 레이스 라벨 홀더 빈티지 레트로 메탈 장식 서랍 박스 태그 라벨 카드 슬롯 프레임 라벨 홀더 (앤티크 브론즈),,10512,10512,4.5,42.0,"장식용 라벨 프레임, 문서 서랍, 선반, 책장 등에 널리 사용됩니다. 쉬운 설치: 가정용 도구를 사용하여 서랍 풀 라벨 홀더를 쉽게 설치할 수 있습니다. 개별 상자 또는 서랍을 위한 탁월한 라벨 홀더. 우아한 복고풍 스타일로 이 탭 바에 부착되어 있어 더 복고풍과 세련됨을 선사합니다. 이 라벨 홀더는 보석 상자, 선물 상자, 캐비닛, 파일 상자 및 기타 가구 프로젝트에 완벽하게 어울립니다. 패키지 구성: 태그 라벨 홀더 12개.","사이즈: 55x43 mm 장식용 라벨 프레임, 문서 서랍, 선반, 책장 등에 널리 사용됩니다. 쉬운 설치: 가정용 도구를 사용하여 서랍 풀 라벨 홀더를 쉽게 설치할 수 있습니다. 개별 상자 또는 서랍을 위한 탁월한 라벨 홀더. 우아한 복고풍 스타일로 이 탭 바에 부착되어 있어 더 복고풍과 세련됨을 선사합니다. 패키지 구성품: 나사 포함 레이스 라벨 홀더 12개","['라벨', '홀더', '서랍', '상자', '고풍', '복', '설치', '프레임']"
사무용품,라벨 및 스티커,라벨 홀더,,B0D2GXP253,8피스 빈티지 비즈니스 금속 서랍 라벨 홀더 카드 프레임 브론즈 색상 나사 포함 56x66mm 선반 파일 캐비닛 사무실 도서관 가구 서랍 레이스 명함 프레임,,12451,12451,,,"패키지 내용물: 8개의 빈티지 스타일 비즈니스 금속 서랍 라벨 홀더와 16개의 장착 나사가 제공되며, 원하는 콘텐츠를 카탈로그하는 명함으로 사용할 수 있습니다. 고품질 소재: 서랍 라벨은 전기 도금 표면, 부식 방지 및 녹 방지 기능이 있는 고품질 아연 합금으로 만들어졌으며 견고하고 내구성이 뛰어나며 높은 경도, 고강도로 오랫동안 사용할 수 있습니다. 빈티지 스타일: 세련되고 독특한 우아한 빈티지 스타일 디자인이 이 라벨에 부착되어 집이나 사무실에 아름다움을 더하거나 장식합니다. 간편한 설치: 패키지에는 충분한 나사가 함께 제공됩니다. 스크루 드라이버를 사용하여 금속 라벨 프레임을 서랍이나 다른 서랍에 쉽게 고정할 수 있습니다. 다양한 용도: 이 라벨 홀더는 가정, 사무실, 도서관, 가구 등에서 널리 사용됩니다., 파일 서랍, 책장, 옷장, 캐비닛 등",사양: 제품명: 레트로 시스템 비즈니스 금속 서랍 라벨 홀더 (브론즈) 소재: 아연 합금 색상: 브론즈 사이즈: 56x66mm 무게: 11.4g 패키지 포함: 8x 빈티지 비즈니스 금속 서랍 라벨 홀더 (브론즈) 장착 나사 16개,"['서랍', '라벨', '홀더', '금속', '빈티', '나사', '브론즈', '비즈니스', '패키지', '프레임']"
사무용품,라벨 및 스티커,라벨 홀더,,B078HXRWVS,"와이어 바구니 라벨 홀더, 3/8"" 와이어 랙 및 바구니용 플라스틱 사인 클립 - 2"" x 1.25""",,17935,17935,4.5,27.0,이 라벨 홀더를 와이어 바구니에 고정하여 제품 정보를 보호하고 주의를 기울입니다. 클립 온 및 오프 와이어 고정 및 바스켓은 최대 0.95cm 지름 두께입니다. 최상의 결과를 얻으려면 라벨 메이커 또는 특정 사이즈 UPC 라벨을 사용하는 것이 좋습니다. 언제든지 쉽게 고정할 수 있기 때문에 정보를 변경할 수 있는 좋은 방법을 제공합니다.,"이 투명 플라스틱 라벨 홀더를 와이어 바구니나 와이어 랙에 고정하여 제품 정보를 보호하고 주의를 끌 수 있습니다. 저희의 플라스틱 와이어 바구니 라벨 홀더는 와이어리스 바구니나 와이어 랙에 매끄럽게 고정됩니다. 제품 가격, 특별 또는 기타 종류의 제품 정보를 고객에게 전달할 수 있는 쉽고 비용 효율적인 방법을 제공합니다. 언제든지 쉽게 클립을 고정할 수 있으며 대부분의 와이어 바구니나 와이어 랙에 맞기 때문에 정보를 변경할 수 있는 좋은 방법입니다. 최상의 결과를 얻으려면 라벨 메이커 또는 특정 사이즈 UPC 라벨을 사용하는 것이 좋습니다. 사진에 있는 UPC 라벨 또는 일반적인 라벨은 포함되지 않습니다. 저희는 UPC 라벨 또는 라벨 제작자를 판매하지 않습니다.","['라벨', '와이어', '바구니', '고정', '홀더', '플라스틱', '클립']"
사무용품,라벨 및 스티커,라벨 홀더,,B0CNVKS93H,"U.S. Solid 자동 라벨 리와인더, 3.8cm/7.6cm(1.5인치)/7.6cm(3인치) 코어 홀더, 너비 11.4cm(4.5인치), 롤 지름 17.8cm(7인치), 양방향 되감기",U.S. Solid,164815,164815,5.0,1.0,"프리미엄 등급 소재: 디테일에 세심한 주의를 기울여 제작된 저희 제품은 내구성이 뛰어난 페인트 판금 바디, 알루미늄 리와인더 샤프트 및 오래 지속되는 성능을 위한 스테인리스 스틸 스톱 레버가 특징입니다. 매끄럽고 공간 절약형 디자인: 180x210mm/7.1x8.3인치에 불과한 컴팩트한 크기로 최소한의 공간을 차지하여 원하는 곳에 자유롭게 배치할 수 있습니다. 넓은 호환성: 저희 제품은 115mm/4.5인치의 되감기 너비, 외부 지름 180mm/7.1인치, 무게 용량은 2KG/4.4lb를 지원합니다. 3.8cm(1.5인치) 및 7.6cm(3인치) 코어 크기를 모두 수용할 수 있어 다양한 용도에 적합합니다. 조절 가능한 되감기 속도: 스피드 노브로 되감기 장치의 속도를 쉽게 조정할 수 있으며 초당 2.5-20.3cm(1-8인치) 범위를 제공합니다. 이를 통해 매번 정확하고 효율적인 되감기 결과를 보장합니다. 프린터와 동기화: 저희 기계에는 프린터의 속도를 원활하게 동기화하는 기능이 있습니다. 스톱 레버를 들어 올리면 기계가 멈추고 낮추면 작동을 다시 시작합니다.",,"['감기', '속도', '코어', '와인', '레버', '동기화', '스톱', '공간', '프린터', '기계']"
사무용품,라벨 및 스티커,라벨 홀더,,B0CN6GVHFB,"보관 통용 라벨 50개, 플라스틱 라벨 클립, 바구니 라벨 클립 온 와이어 선반 가격 라벨 홀더 상품 사인 디스플레이 홀더, 라벨 인서트 50개 포함 (9.94 x 4.9cm(3.94 x 1.57인치))",Noleja,16606,16606,,,"패키지 및 사이즈: 바구니 라벨 클립에는 50개의 투명 플라스틱 라벨 홀더가 포함되어 있으며 50개의 비접착식 빈 탈착식 종이 라벨이 있습니다. 라벨 홀더 크기는 6x4.2cm(2.4x1.6인치)이며 클립 입구는 0.6cm/0.24인치입니다. 라벨 홀더의 적절한 크기와 수량은 기본 요구 사항을 충족할 수 있습니다. 고품질 소재: 라벨 클립 온 고품질의 투명 PVC 플라스틱 소재로 제작된 이 라벨 홀더는 재사용이 가능하며 독특한 냄새가 없습니다. 플라스틱 소재는 약간의 유연성을 가지고 있어 사용하기 쉽지만 쉽게 깨지지 않습니다. 다용도 라벨: 이 클립온 라벨은 패브릭 통, 와이어 선반, 파일 상자 등을 포함한 다양한 보관함, 선반, 바구니 및 기타 품목에 적합합니다. 또한 소매점이나 슈퍼마켓에서 와이어 선반 가격표로 사용하거나 창고 또는 상점 선반용 클립온 라벨로 사용하기에 이상적입니다. 간편한 사용: 바구니 라벨은 투명 홀더에 쉽게 삽입할 수 있으며, 빈 공간이 충분하여 물건을 표시하거나 분류할 수 있는 정보를 적어 둘 수 있습니다. 이 DIY 라벨은 실용적일 뿐만 아니라 멋지게 보이며 어떤 공간에도 전문적이고 체계적인 터치를 더합니다. 효과적인 구조: 보관함의 라벨은 식료품 저장실, 주방, 침실, 교실, 사무실, 창고 및 슈퍼마켓과 같은 다양한 공간을 정리하는 데 사용할 수 있어 물건을 깔끔하고 깔끔하게 보관할 수 있습니다.",패키지 및 사이즈: 바구니 라벨 클립에는 50개의 투명 플라스틱 라벨 홀더가 포함되어 있으며 50개의 비접착식 빈 탈착식 종이 라벨이 있습니다. 라벨 홀더 크기는 6x4.2cm(2.4x1.6인치)이며 클립 입구는 0.6cm/0.24인치입니다. 라벨 홀더의 적절한 크기와 수량은 기본 요구 사항을 충족할 수 있습니다.,"['라벨', '홀더', '클립', '바구니', '플라스틱', '선반', '투명', '와이어', '공간', '보관']"
사무용품,라벨 및 스티커,라벨 홀더,,B0CN3ZGMPW,"움직일 수 있는 선반 라벨 홀더 30개, 22.9 x 7.6 x 3.8cm(9 x 3 x 1.5인치) 투명 선반 태그 홀더, 인서트 20개, PVC 투명 선반 마커 선반 라벨 디스플레이 홀더, 도서관, 교실, 사무실 및 상점용",,20761,20761,,,"【고품질】MUXHEL 이동식 선반 라벨 홀더는 고품질 PVC 투명 소재로 만들어졌으며 명확하게 볼 수 있어 사용자가 물건을 쉽게 찾을 수 있습니다. 👍【쉬운 설치】라벨을 측면에서 탈착식 책장 라벨 홀더에 당겨 라벨을 완성할 수 있어 도서관, 공부방, 교실 및 사무실 등의 책장에 편리하게 놓을 수 있습니다. 👍【제거 가능】MUXHEL 선반 라벨 홀더는 작고 얇으며 가볍고 탈착이 가능하며 투명합니다. 필요에 따라 라벨을 대상 위치로 이동하고 업데이트할 수 있습니다. 책이나 물건을 정리할 수 있는 신뢰할 수 있는 옵션입니다. 👍【패키지 포함】매일 사용하고 교체할 수 있는 책장 라벨 칸막이 30개와 빈 라벨 20개가 제공됩니다. 책을 정리하고 라벨을 붙이는 것이 편리하여 시간과 노력을 절약할 수 있습니다. 👍【애프터 서비스】MUXHEL 브랜드는 매우 성숙하고 많은 사람들에게 사랑받고 있습니다. 저희는 품질에 대한 태도를 최우선으로 고수합니다. 제품 사용에 문제가 있거나 제품이 손상된 경우 저희에게 연락하십시오. 최대한 빨리 문제를 해결해 드리겠습니다.",,"['라벨', '홀더', '선반', '투명', '책장', '교실', '편리하다', '사무실', '정리', '책']"
사무용품,라벨 및 스티커,라벨 홀더,,B097NQHYZM,"C-Line Slap-Stick 마그네틱 라벨 홀더, 측면 하중, 10.8 x 6.4cm(4.25 x 2.5인치), 화이트, 10/팩",,25040,25040,,,"깨끗하고 평평한 금속 표면에 부착됩니다. 자석 포켓은 부착, 재배치 또는 제거가 쉽습니다. 수직 또는 수평 디스플레이용. 폴리 포켓은 최대 10.8cm x 6.4cm(4.25인치 x 2.5인치) 크기의 인서트에 맞습니다. 손으로 쓰거나 라벨 메이커를 사용하여 포함된 인쇄 용지 인서트를 맞춤 설정할 수 있습니다.","Slap 'N Go 자석 홀더로 선반 유닛, 랙, 자석 보드, 서류 정리 캐비닛 등을 더 쉽게 식별할 수 있습니다. 투명한 폴리 포켓에는 뒷면에 색상이 있어 자석 표면에 라벨을 눈에 띄게 붙일 수 있습니다. 깨끗하고 평평한 금속 표면에 부착됩니다. 자석 포켓은 부착, 재배치 또는 제거가 쉽습니다. 수직 또는 수평 디스플레이용. 폴리 포켓은 최대 10.8 x 6.4cm(4.25 x 2.5인치) 크기의 인서트에 맞습니다. 손으로 쓰거나 라벨 메이커를 사용하여 포함된 인쇄 용지 인서트를 맞춤 설정할 수 있습니다. 각 팩에는 10개의 포켓과 10개의 빈 인서트가 포함되어 있습니다.","['포켓', '인서트', '자석', '라벨', '부착', '표면', '폴리', '용지', '손', '수직']"
사무용품,라벨 및 스티커,라벨 홀더,,B09S8JZ52W,"빈티지 라벨 홀더 아연 합금 태그 홀더 55x43mm 홈 스쿨 사무실 캐비닛 카드 슬롯 선반 프레임 라벨 홀더, 레드 브론즈, 12개",,11897,11897,4.8,6.0,"💙 패키지: 레드 브론즈 빈티지 라벨 홀더 12개, 나사 💙 총 사이즈: 2.6x1.73인치/68x44mm, 내부 사이즈: 1.26x1.14인치/32x29MM 💙 소재: 아연 합금 소재로 오래 지속되는 품질과 내구성을 제공합니다. 💙 특징: 파일 서랍 태그 프레임은 파일 서랍, 선반, 책장, 캐비닛 등에 적합합니다 💙 다양한 용도: 빈티지 레이스 조각 패턴, 캐비닛을 위한 훌륭한 장식, 우아하고 매력적으로 보이게 합니다",제품 사양: 소재: 아연 합금 색상: 레드 브론즈 총 사이즈: 2.6x1.73IN/68x44MM 내부 사이즈: 1.26x1.14IN/32x29MM 패키지 포함: 빈티지 라벨 홀더 12개,"['홀더', '빈티', '라벨', '캐비닛', '합금', '아연', '브론즈', '레드', '서랍', '선반']"
사무용품,라벨 및 스티커,라벨 홀더,,B09M9MVLV3,"유리 선반 라벨 홀더 50개, 인서트 포함, 0.6cm(1/4인치)에서 1cm(3/8인치) 유리 선반에 적합",YWFAFO,26301,26301,4.2,25.0,"완벽한 핏: 8mm (3.15인치) 두께의 유리 선반을 위해 특별히 설계되었으며, 8mm 유리에 적합하며 6mm-8mm 유리의 칸막이에도 적합합니다. 쉬운 설치 및 제거 가능: 노력 없이 쉽게 클립하거나 분리할 수 있으며 종이 라벨을 단단히 삽입할 수 있습니다. 다양한 용도: 유리 선반에 있는 라벨 홀더 클립은 소매점, 스낵 가게, 슈퍼마켓 및 쇼핑몰에서 널리 사용됩니다. 시각적으로 크게 개선되었습니다. 유리 선반에 태그를 놓으시면 됩니다. 이 제품을 사용하면 훨씬 더 멋지게 보입니다. 좋은 소재: 내구성이 뛰어나고 유연한 PVC 소재, 선명한 색상, 높은 가시성으로 시선을 사로잡습니다. 쉽게 부서지지 않습니다. 내부 간판 용지는 투명 플라스틱 보호 필름으로 양호한 조미료를 보관합니다. 충분한 수량 패키지: 투명 플라스틱 라벨 홀더 50개, 빈 종이 라벨 70개.",내구성이 뛰어나고 유연한 PVC 소재로 제작된 유리 라벨 홀더는 선명한 색상으로 눈에 잘 띕니다. 쉽게 부서지지 않습니다. 내부 간판 용지는 투명 플라스틱 보호 필름으로 양호한 조미료를 보관합니다.,"['유리', '라벨', '선반', '홀더', '플라스틱', '투명', '간판', '선명하다', '필름', '용지']"
사무용품,라벨 및 스티커,라벨 홀더,,B07ZKWZZRR,라벨 홀더 20개 금속 사무실 도서관 파일 서랍 캐비닛 카드 태그 라벨 홀더 금속 프레임 (레드 브론즈),,9168,9168,4.4,49.0,"쉬운 설치: 집에 작은 도구로 금속 라벨 홀더를 쉽게 설치할 수 있습니다. 사이즈: 라벨: 약 62mm x 18mm/2.44인치 x 0.71인치, 구멍 거리: 약 52mm/2.04인치. 합금 금속: 선반 라벨 홀더는 고품질 철 합금 금속으로 만들어져 내구성이 뛰어나고 수명이 깁니다. 디자인: 명함 홀더 라벨의 외관은 오래된 디테일이 있는 복고풍 디자인을 채택하여 지난세기의 스타일을 가장 많이 복원합니다. 품질 약속: 모든 제품은 새 제품이며, 질문이 있으시면 상담해주셔서 언제든지 고객 서비스가 답변해 드리겠습니다.",,"['라벨', '금속', '홀더', '합금', '설치', '디자인']"
사무용품,라벨 및 스티커,라벨 홀더,,B0B6RFRJ7J,"30피스 앤티크 브론즈 프레임 태그 라벨 홀더 사무실 라이브러리 파일 서랍 태그, 금속 빈티지 캐비닛 라벨 카드 풀 핸들 가구용 나사 포함",,13836,13836,4.7,19.0,"✿제품 구성: 직사각형 앤티크 브론즈 라벨 홀더 30개, 매칭 나사 60개. 총 크기는 70 x 30 x 11mm/ 2.74 x 1.18 x 0.45인치(길이*너비*높이)이며, 내부 프레임 크기는 48 x 12mm/1.88 x 0.46인치(길이*너비)입니다. ✿손잡이 디자인: 손잡이 디자인의 파일 캐비닛 태그, 카드를 배치하여 차이를 보여줄 수 있을 뿐만 아니라 캐비닛을 장식할 수도 있고 매우 우아하게 보이고 삶에 아름다움을 더할 수도 있습니다. 고품질 소재: 라이브러리 파일 서랍 태그는 고품질 철 소재로 만들어졌으며 내구성이 뛰어나고 냄새가 없으며 환경 친화적입니다. 투인원 서랍 풀 탭은 실용적이며 여러 번 재활용하고 사용할 수 있습니다. ✿다용도: 서랍 태그 홀더는 서랍, 캐비닛, 책장, 선반, 나무 상자, 보석 상자 등에 널리 사용할 수 있습니다. 가정, 도서관, 사무실, 약국 및 기타 시나리오에서 캐비닛을 완벽하게 장식합니다. ✿애프터 세일즈 : 저희는 높은 품질과 서비스로 신뢰를 얻는 것을 목표로 합니다. 제품을 수령한 후 품질에 문제가 있는 경우 제때 저희에게 연락하시면 최대한 빨리 만족스러운 답변을 드리겠습니다.","Auvotuis 소개 Auvotuis 는 전문적이고 성숙한 생산 공정을 갖춘 역동적인 브랜드로 우수한 품질의 제품과 훌륭한 서비스로 새로운 쇼핑 경험을 제공합니다! 쉬운 설치. 두 개의 장착 나사(매칭 나사 포함)를 나사로 조이기만 하면 앤티크 라벨 홀더를 설치할 수 있습니다. DIY 캐비닛 요구 사항을 편리하고 빠르게 충족할 수 있습니다. 사양 색상: 앤티크 브론즈 소재: 철 구멍 간격: 60mm/2.37인치 내부 프레임 사이즈: 48 x 12mm/ 1.88 x 0.46인치 (L*W) 총 크기: 70 x 30 x 11mm/2.74 x 1.18 x 0.45인치 (길이*너비*높이) 패키지 구성 금속 라벨 홀더 30개. 매칭 나사 60개. 유용한 팁 1. 라벨 프레임만 있으며, 제품에는 종이 인서트가 포함되어 있지 않습니다. 2. 모니터에 따라 약간의 색상 차이가 있을 수 있습니다. 3. 수동 측정으로 인해 합리적인 범위의 오차가 있을 수 있습니다. 30일 애프터 세일즈 저희는 항상 고객에게 100% 만족스러운 서비스 경험을 제공하기 위해 최선을 다하고 있습니다. 제품을 받은 후 30일 이내에 품질 문제가 있는 경우 즉시 저희에게 연락하시면 24시간 이내에 만족스러운 답변을 드리겠습니다.","['나사', '라벨', '캐비닛', '태그', '홀더', '서랍', '앤티크', '프레임', '브론즈', '서비스']"
사무용품,라벨 및 스티커,라벨 홀더,,B0C5D9T1B7,"Dicunoy 롤 및 팬 폴드 라벨용 라벨 홀더 3팩, 배송 열 라벨 롤 홀더, 사무실, 가정, 중소기업용 데스크탑 라벨 프린터 액세서리",,13836,13836,3.9,13.0,"패키지: 라벨 홀더 3팩, 크기: 길이 15.2cm x 너비 11.9cm x 높이 10.9cm (6 x 4.7 x 4.3인치). 지원 롤 라벨의 최대 롤 직경은 8.9cm입니다. 팬 폴드 라벨의 최대 크기는 12.7 x 8.9cm(5 x 3.5인치)입니다. 빠른 설치, 이 라벨 홀더는 조립이 쉽고 5개의 부품으로 몇 분 안에 조립할 수 있습니다. 라벨을 쉽게 교체할 수 있습니다. 두꺼운 플라스틱 소재로 제작되어 내구성이 뛰어나고 튼튼합니다. 심플한 디자인으로 현대적이고 매끄러우며 눈에 띄지 않습니다. 공간 절약, 소형 라벨을 사용할 때 중소기업에 적합한 컴팩트한 사이즈. 베이스가 높을수록 프린터의 코드가 스탠드 아래로 통과할 수 있어 책상과 라벨을 정리할 수 있습니다. 널리 사용할 수 있으며 롤 및 팬 폴드(스택) 라벨에 적합합니다. 배송업체, 중소기업, 창고, 사무실 등에 적합합니다.",,"['라벨', '롤', '홀더', '폴드', '팬', '중소기업', '조립', '프린터', '사무실']"
사무용품,라벨 및 스티커,라벨 홀더,,B0CTKD4SZ5,"수동 라벨 디스펜서 아크릴 조절 가능한 라벨 홀더 스티커 디스펜서, 투명 스티커 롤 디스펜서 스티커 홀더 오거나이저 라벨 스탠드 사무실 홈 비즈니스 테이블탑용 (25.4 x 27.9 x 15.2cm(10",Saypacck,42921,42921,3.8,7.0,"다양한 사용을 위한 효율적인 정리 패키지: 투명 아크릴 수동 라벨 디스펜서로 정리하고 효율적으로 유지하세요. 이 디스펜서는 일치하는 스티커 라벨 1롤 또는 여러 개의 작은 스티커 라벨을 담을 수 있도록 설계되어 모든 라벨링 요구 사항을 편리하게 처리할 수 있습니다 내구성 향상을 위한 고품질 아크릴: 파손이나 변형을 잊으세요. 당사의 스티커 롤 디스펜서는 고품질 아크릴 소재로 제작되어 오래 지속되는 내구성을 보장하며 투명한 디자인으로 모든 현대적인 사무실 장식에 미학적으로 즐거운 터치를 더합니다 공간 효율성을 위한 혁신적인 컴팩트 디자인: 약 25.4 x 27.9 x 15.2cm(10 x 11 x 6인치) 크기의 라벨 롤 홀더는 많은 공간을 차지하지 않고 다양한 라벨 크기를 수용할 수 있습니다. 이 컴팩트한 디자인으로 집이나 사무실에서 간단하고 공간 효율적인 라벨 보관을 즐길 수 있습니다. 사용하기 편리하고 쉽게 잃어버리지 않습니다 빠른 콘텐츠 식별을 위한 사용자 친화적인 디자인: 투명 스티커 롤 홀더를 사용하면 라벨 내용물을 스캔하는 것이 쉽습니다. 디스펜서의 투명한 디자인은 벽걸이를 위한 뒷면 슬롯과 결합되어 신속한 식별 및 공간 절약에 도움이 되어 깔끔한 작업 환경을 조성합니다 다양한 환경을 위한 다용도 디스펜서: 가정, 사무실 또는 학교에서 사용하기에 이상적인 견고한 스티커 디스펜서는 라벨, 스티커 및 테이프를 부드럽게 처리하고 작업 흐름을 향상시키고 이 다기능 장치로 일상적인 작업에 편리함을 제공합니다","특징: 학생, 사무실 전문가 또는 실용적이고 세련된 정리 도구를 원하는 모든 사람에게 당사의 다용도 스티커 홀더 디스펜서는 사려 깊고 감사하는 선물이 됩니다. 디스펜싱 스티커 외에도 당사의 라벨 홀더는 다양한 용도로 사용할 수 있습니다. 이 실용적인 도구로 작업 공간에 가치를 더하세요. 사양: 주요 소재: 아크릴 색상: 투명. 사이즈: 약 25.4 x 27.9 x 15.2 cm 패키지 구성: 수동 라벨 디스펜서 1개. 참고: 수동 측정, 사이즈에 약간의 오차가 있을 수 있습니다. 화면 디스플레이의 차이로 인해 색상이 약간 다를 수 있습니다.","['라벨', '스티커', '스펜서', '홀더', '사무실', '아크릴', '롤', '디자인', '공간', '효율']"
사무용품,라벨 및 스티커,라벨 홀더,,B0CJ8SWYB2,"Gueevin 마그네틱 라벨 홀더 200개 벌크 10.2 x 5.1cm(4 x 2인치) C 채널 라벨 홀더 마그네틱 데이터 카드 홀더 투명 플라스틱 프로텍터 200개 포함, 이름표 파일 캐비닛 선반용 종이 인서트 400개",,98321,98321,4.5,4.0,"편의를 위한 패키지: 패키지에는 블랙 마그네틱 C 채널 라벨 홀더 200개, 투명 플라스틱 프로텍터 200개, 백지 인서트 400개가 포함되어 있어 직장 또는 일상용으로 좋은 패키지입니다 내구성을 위한 소재: 자석 라벨 홀더는 부드러운 고무 자석으로 만들어져 여러 번 부착할 수 있으며 쉽게 떨어지지 않습니다. 대부분의 금속 표면, 사무실, 창고 또는 소매점에 이상적입니다 가시성을 위한 사이즈: 101.6 x 50.8 mm (4 x 2인치) 크기의 마그네틱 선반 라벨 홀더는 라벨의 가시성과 가독성을 보장하도록 잘 설계되어 모든 사용자가 물건을 쉽게 알아볼 수 있고 접근할 수 있습니다 금속 표면에 다용도 사용: 화이트보드용 자석 홀더는 대부분의 금속 표면에 적합하며 재고 관리, 사무실 사용 또는 개인 정리 등 라벨링 요구 사항에 맞는 다용도 솔루션을 제공합니다 스마트 정리 도구: 종이 인서트와 투명 플라스틱 프로텍터가 있는 선반에 이 자석 라벨 홀더를 사용하면 물건의 정리 및 접근성이 향상됩니다. 매력적인 라벨이 부착된 품목을 편리하게 식별하고 회수할 수 있어 효과적인 정리를 위한 현명한 선택입니다","특징: 깨끗하고 투명한 보호 필름: 패키지에는 200개의 투명 플라스틱 프로텍터가 포함되어 있으며, 라벨의 텍스트를 밝고 깨끗하며 읽기 쉽게 유지하여 항상 물건을 쉽게 식별할 수 있습니다. 요청 시 라벨 변경: 이 C 채널 마그네틱 라벨 홀더를 사용하면 필요에 따라 물건을 쉽게 재배치하고 라벨을 다시 붙일 수 있어 시간과 노력을 절약할 수 있습니다. 자석 홀더를 깨끗하고 평평한 자석 표면에 붙이면 쉽게 재배치할 수 있는 편리함을 즐기세요. 사양: 소재: 부드러운 고무 자석, 플라스틱 및 종이. 색상: 블랙, 화이트 라벨 홀더 크기: 약 4 x 2 inches/ 101.6 x 50.8 mm 패키지 구성: 마그네틱 데이터 카드 홀더 200개. 투명 플라스틱 프로텍터 200개. 백서 인서트 400개. 참고: 수동 측정, 사이즈에 약간의 오차가 있을 수 있습니다. 화면 디스플레이의 차이로 인해 색상이 약간 다를 수 있습니다.","['라벨', '홀더', '자석', '플라스틱', '마그네틱', '투명', '패키지', '인서트', '물건', '표면']"
사무용품,라벨 및 스티커,라벨 홀더,,B0CM644BJ9,"SmartSign 마그네틱 C 채널 카드 라벨 홀더 (10팩) - 7.6 x 10.2cm(3 x 4인치) 금속 랙 및 선반 라벨 홀더, 종이 인서트 포함",,30400,30400,,,"기능적인 디자인: 100% 자석 소재는 모든 용도에 완벽한 접착력을 보장하며, 독특한 C-채널 디자인으로 라벨을 쉽게 밀어 넣을 수 있습니다. 쉬운 부착: C-채널 마그네틱 라벨 홀더는 도서관, 사무실, 창고 등의 금속 랙, 서랍, 캐비닛 및 선반에 최고의 선택입니다. 이 C-채널 마그네틱 라벨 홀더로 쉽게 라벨링하고 라벨을 다시 붙일 수 있습니다. 바코드 스캔 가능: 독특한 'C' 채널로 바코드 라벨 스캔이 가능하여 빠르고 최신 기록을 보관할 수 있습니다. 두께: 표준 제품 두께는 매끄럽고 미니멀한 룩을 위해 0.2cm(0.08인치) (1/16인치)입니다. 팩 구성. 팩에는 7.6 x 10.2cm(3 x 4인치) 크기의 자석 라벨 홀더 10개와 종이 인서트가 포함되어 있습니다.",,"['라벨', '홀더', '채널', '마그네틱', '독특하다', '선반', '스캔', '디자인', '인서트', '자석']"
사무용품,라벨 및 스티커,라벨 홀더,,B07S762HDM,"3.15"" L 나무 선반 라벨 홀더, 선반 1.6cm ~ 2.2cm 두께를 위한 클립 온 티켓 홀더",,20705,20705,4.2,93.0,"우리의 선반 라벨 홀더는 3.15"" L x 7/8"" H (.875"" H)이며 7/8"" H 라벨을 담을 수 있습니다. 금속 및 플라스틱 및 나무 선반에 적합합니다. 이 라벨 홀더는 1.9cm 높이의 선반에 맞기 때문에 두께가 0.75"" 두께의 선반보다 약간 두꺼운 선반에 적합합니다. 간단히 이 라벨 홀더를 선반에 끼우고 라벨을 옆으로 밀어 넣으십시오. 선반에 라벨을 붙이고 라벨을 보호하고 제품 정보에 주의를 기울이는 편리한 방법으로 사용하세요. 참고: 이 아이템에는 티켓을 보관할 전용 슬롯이 없습니다. 자체 접착 라벨을 사용하여 앞면에 부착하거나 선반과 홀더 사이에 라벨을 부착하여 최상의 결과를 얻을 수 있습니다.",,"['라벨', '선반', '홀더', '티켓', '나무', '부착']"
사무용품,라벨 및 스티커,라벨 홀더,,B0CZ49CVZ4,"와이어 선반 라벨 홀더 50개, 라벨 용지 인서트 와이어 라벨 홀더 플라스틱 선반 라벨 와이어 선반 메트로 선반 클립용 3.2cm(1-1/4인치) 선반과 호환",,20761,20761,,,"사이즈: 각 와이어 선반 라벨 홀더 길이는 약 7.6cm(3인치), 높이 약 3.6cm(1.4인치), 라벨 용지 크기는 7.6x3.2cm(3x1.25인치)이며 지하철 및 기타 3.2cm(1-1/4인치) 와이어 선반과 호환됩니다. 완벽한 핏을 위해 주문 전에 와이어 선반을 측정하고 사이즈 세부 정보를 확인하십시오. 쉬운 설치: 라벨 용지나 카드를 홀더에 넣은 다음 선반에 클립으로 고정하면 종이 인서트에 필요한 것을 적어 전시하거나 분류할 수 있습니다. 언제든지 제거할 수도 있습니다. 라벨 삽입물 50개로 라벨 인서트를 구입하는 번거로움을 덜어줍니다. 다양한 용도: 상점, 도매 시장, 상점, 창고, 슈퍼마켓, 소매점, 쇼핑몰, 도서관, 레스토랑, 식료품 저장실, 창고, 가정, 주방, 지하철 선반 및 라벨을 부착해야 하는 기타 장소에 이상적입니다. 소재: 와이어 선반 라벨 홀더는 투명 PVC 플라스틱으로 만들어져 견고하고 재사용이 가능하며 쉽게 깨지거나 변형되지 않아 오랫동안 사용할 수 있으며 투명한 디자인으로 라벨을 간단하게 볼 수 있습니다. 제품 구성: 와이어 선반 라벨 홀더 50개와 라벨 용지 인서트 50개, 친절한 고객 서비스. 문제가 있으면 언제든지 저희에게 알려주십시오. 고객님을 만족시키기 위해 최선을 다하겠습니다.","특징 1. 프리미엄 소재: 고품질의 투명 PVC 플라스틱으로 제작되어 쉽게 깨지거나 변형되지 않으며 견고하고 재사용이 가능하여 제품의 세부 사항을 보여줍니다. 2. 간편한 사용: 라벨 용지 인서트에 세부 사항을 적은 다음 종이 라벨을 홀더에 넣고 원하는 제품 선반에 고정하면 언제든지 제거할 수 있습니다. 3. 다양한 용도: 선반 라벨 홀더는 책장, 지하철 선반, 주방 선반을 정리하는 데 널리 사용할 수 있으며 슈퍼마켓, 가정, 상점, 창고, 상점, 레스토랑, 도서관, 보관실, 주방, 쇼핑몰 및 라벨이나 가격을 표시해야 하는 기타 장소에도 적용할 수 있습니다. 사양 수량: 50개 사이즈: 홀더: 3"" x 1.4"". 라벨 영역: 3""x1.25"" 색상: 투명 패키지 구성 플라스틱 라벨 홀더: 50개 라벨 용지 삽입물: 50개 100% 만족 보장 제품에 문제가 있는 경우 언제든지 저희에게 알려주시면 최선을 다해 만족시켜 드리겠습니다.","['라벨', '선반', '홀더', '와이어', '용지', '인서트', '플라스틱', '상점']"
사무용품,라벨 및 스티커,라벨 홀더,,B0CS5X2SC9,조절 가능한 라벨 디스펜서 아크릴 스티커 디스펜서 스티커 롤 홀더 투명 라벨 홀더 스티커 홀더 오거나이저 스티커 스탠드 라벨 홀더 홈 오피스 데스크탑용 (디스크 7개),FoldTier,51231,51231,3.6,5.0,"투명 및 조절 가능: 라벨 롤 홀더는 투명한 외관과 7개의 조절 가능한 디스크 디자인을 채택하여 내부의 스티커나 라벨을 명확하게 보고 원하는 대로 조정할 수 있으며 필요한 것을 빠르게 찾을 수 있어 보기 쉽고 작업 효율성을 향상시킬 수 있습니다 장시간 사용: 투명 테이프 디스펜서는 고품질 아크릴로 만들어져 견고하고 신뢰할 수 있으며 쉽게 깨지거나 변형되지 않으며 오랫동안 자신 있게 부착할 수 있습니다 쉬운 조립: 분리기를 아크릴 기둥에 넣고 기둥을 홈에 놓으면 롤 라벨 디스펜서에 라벨을 넣을 수 있어 작동이 간단하고 사용하기 편리합니다 상세 적합 사이즈: 라벨 디스펜서는 26.9 x 18 x 8.9cm(10.6 x 7.1 x 3.5인치)로 라벨을 잃어버릴 걱정 없이 정리할 수 있는 충분한 공간으로 많은 편리함을 제공합니다 다양한 용도: 아크릴 테이프 디스펜서는 가정, 학교, 사무실, 도서관, 레스토랑 등과 같은 다양한 상황과 목적에 사용할 수 있습니다. 라벨, 스티커, 테이프 등을 보관하는 데 사용할 수 있어 책상을 정리하고 공간을 절약할 수 있습니다",,"['라벨', '스펜서', '스티커', '홀더', '아크릴', '롤', '테이프', '조절', '가능하다', '디스크']"
사무용품,라벨 및 스티커,라벨 홀더,,B08YR31X5T,플라스틱 라벨 홀더 30개 팩 나무 선반 표지판 및 티켓 홀더 투명 와이어 선반 라벨 홀더 6.4 x 2.9cm(2.36 x 0.98인치) 클립 온 태그 티켓 홀더,Ira Pollitt,17991,17991,3.8,28.0,"소재: 책 선반 태그는 고품질 플라스틱으로 만들어져 내구성이 뛰어나고 부서지지 않으며 쉽게 떨어지지 않습니다. 어떤 온도에서도 장시간 사용할 수 있어 최대의 내구성을 제공합니다 사이즈: 선반 라벨 홀더는 약 길이 6 x 높이 2.5cm(2.36 x 1인치), 나무 선반 라벨 홀더는 2.5cm(1인치) (약 2.5cm(1인치))와 같은 대부분의 선반 크기에 적합합니다. 합리적인 사용을 위해 구매 전에 선반 너비를 확인하십시오 쉬운 설치: 선반에 클립 라벨 홀더를 끼우기만 하면 됩니다. 다른 도구를 사용하지 않고 책장 라벨을 조작한 다음 제품 앞에 라벨을 걸어 제품을 표시할 수 있습니다 다양한 용도: 와이어 선반 책장 라벨은 슈퍼마켓, 창고, 책장, 디스플레이 선반에 널리 사용됩니다. 선반 라벨 나무는 도서관, 슈퍼마켓 제품 등을 분류하는 데 사용됩니다 패키지 구성품: 투명 플라스틱 선반 라벨 홀더 30개, 대량 교체와 사용에 충분합니다(종이는 포함되지 않음)",,"['선반', '라벨', '홀더', '플라스틱', '나무', '책장', '클립', '슈퍼마켓', '와이어', '구성']"
사무용품,라벨 및 스티커,라벨 홀더,,B0CL6W3CP8,STOBOK 8피스 가격 태그 라벨 홀더 보관함 와이어 선반 라벨 클립 소매 가격 컨테이너 카드 스탠드 마그네틱 미니 초크 보드 가격 디스플레이 랙 회전 사인 PVC 스틸 와이어,STOBOK,12534,12811,4.5,2.0,"칠판 테이블 표지판: 【패키지 구성】블랙 클립 라벨 홀더 8개를 받게 되며, 바구니, 상자, 쓰레기통 및 기타 용기에 클립을 넣을 수 있습니다. 수량은 매일 사용하고 교체하기에 충분합니다. 보관함을 위한 주방 라벨 홀더: 쉽게 표시할 수 있습니다. 바구니 라벨은 검은색이며 흰색 분필로 쓰기만 하면 되며 지울 수 있습니다. 걸레나 종이 타월로 닦기만 하면 매우 편리합니다. 블랙 라벨 클립: 소재: 이 바스켓 칠판 라벨은 프리미엄 PVC 소재로 만들어졌으며 안전하고 견고하며 사용하기 쉽습니다. 식료품 저장실 라벨: 슈퍼마켓, 소매점 및 기타 장소에 널리 사용되는 라벨 홀더는 라벨을 표시해야 합니다. 슈퍼마켓 및 상점에서 사용하기 쉽고 사용하기 쉬운 태그로 많은 편리함을 제공합니다. 카드 클램프: 【쉬운 작동】사용 장면을 변경하려면 종이 타월을 물에 담그고 라벨의 흔적을 부드럽게 닦아내고 보드가 마를 때까지 기다린 다음 쓰면 라벨보다 편리하고 빠릅니다.","패키지 목록 라벨 홀더 8개. 특징 - 소재: PVC 와이어 선반 클립. - 사이즈: 8.90X6.40X1.50cm/3.50X2.52X0.59인치 가격 라벨 파우치. - 색상: 블랙 테이블 표지판. - 쉬운 설치: 선반에 고정하기만 하면 보관함에 다른 도구 라벨을 사용하지 않고도 간단히 작동할 수 있습니다. - 다양한 용도: 라벨 홀더는 시장 가격 표시, 제품 상품 표지판 디스플레이 및 텍스트 광고에 사용할 수 있으며 선명한 외관 디자인으로 좋은 시각적 효과 블랙 선반이 있습니다. - 제품 정보를 표시할 수 있는 좋은 도우미. 고객이 메시지 또는 광고 라벨 종이 클립을 볼 수 있는 간단하지만 효과적인 방법입니다. - 심플한 디자인이지만 사용이 매우 실용적이며 선반 라벨을 가격대로 표시하기에 좋습니다. - 좋은 품질의 PVC 소재로 만들어져 오래 사용할 수 있으며 내구성이 뛰어난 와이어 선반 라벨 홀더입니다. 상품 설명 상품 홀더 클립형 가격표 홀더를 찾고 계십니까? 라벨을 고정하는 데 사용할 수 있는 견고하고 신뢰할 수 있는 도구를 찾고 계십니까? 그렇다면 더 이상 찾으실 필요가 없습니다! 저희 가격표 홀더는 좋은 품질의 PVC 소재로 만들어져 고객의 요구를 충족시켜야 합니다. 슈퍼마켓 태그 클립은 당신을 위한 것 중 하나입니다","['라벨', '홀더', '클립', '선반', '표시', '블랙', '와이어', '태그', '종이', '편리하다']"
사무용품,라벨 및 스티커,라벨 홀더,,B08R76YQBQ,"Remarkable 클립 라벨 홀더, 책 카드용 자체 접착 금속 북플레이트, 수평, 금속 서랍 태그 라벨 홀더 프레임, 사무실 도서관 파일 캐비닛용 (7.9 x 3.6cm(3.1 x 1.4인치) 4팩, 5.6 x 2.5cm(2.2 x 1인치) 6팩)",reMarkable,14251,14251,4.2,83.0,"북플레이트 라벨: 이 10개의 실버 북플레이트 세트를 사용하여 스크랩북, 사진 앨범 및 아기 책에 라벨을 붙일 수 있습니다 다용도: 다용도 금속 북플레이트는 가정, 교실, 사무실 또는 도서관의 캐비닛, 선반 및 서랍을 정리하는 데에도 사용할 수 있습니다 쉬운 사용법: 북플레이트 스티커에는 자체 접착식 뒷면이 있으며 간단히 벗겨서 붙이기만 하면 됩니다 완벽한 사이즈: 각 북플레이트는 접착제가 있는 내구성 있는 금속으로 만들어졌으며 크기는 7.9 x 3.6 cm, 5.9 x 2.5 cm 입니다 품질 : 질문이 있으시면 언제든지 저희에게 연락하십시오. 고객 만족을 최우선으로 두고 있습니다.","북플레이트 라벨: 이 10개의 실버 북플레이트 세트를 사용하여 스크랩북, 사진 앨범 및 아기 책에 라벨을 붙일 수 있습니다. 다용도: 다용도 금속 북플레이트는 가정, 교실, 사무실 또는 도서관의 캐비닛, 선반 및 서랍을 정리하는 데에도 사용할 수 있습니다. 쉬운 부착: 북플레이트 스티커에는 자체 접착식 뒷면이 있으며 간단히 벗겨서 붙이기만 하면 됩니다. 완벽한 사이즈: 각 북플레이트는 접착제가 있는 내구성 있는 금속으로 만들어졌으며 크기는 7.9 x 3.6 cm, 5.6 x 2.5 cm 입니다","['북', '라벨', '금속', '다용', '자체', '서랍', '캐비닛', '도서관', '책', '사무실']"
사무용품,라벨 및 스티커,라벨 홀더,,B0897DWDBT,"앤티크 금속 명함 프레임, OZXNO 10팩 빈티지 브론즈 라벨 홀더 태그 슬롯 서랍 파일 캐비닛 선반용 (70 x 33 mm / 2.8 x 1.3 인치)",OZXNO,10235,10235,4.6,61.0,"패키지에는 태그 라벨 홀더 프레임 10개와 장착 나사 20개가 포함되어 있습니다. 앤티크 명함 슬롯 치수는 70 x 33 mm / 2.8 x 1.3 인치, 내부 치수는 47 x 22 mm / 1.85 x 0.87 인치, 장착 구멍 거리는 62 mm / 2.4 인치입니다. 빈티지 브론즈 도금이 된 고품질 철로 제작되어 부식 방지, 녹 방지 및 내구성이 뛰어납니다. 설치가 쉽고, 서랍의 내용물을 식별하고, 보관 상자를 구별하고, 책장에 주석 달기 등에 사용됩니다. 금속 명함 프레임은 46 x 21 mm / 1.8 x 0.8 인치 라벨을 배치하기에 적합하며 파일 캐비닛 / 서랍 / 옷장 / 우편 분류기 / 와인 저장고 / 선반 / 보관 상자 등에 이상적입니다.","OZXNO 앤티크 메탈 명함 프레임은 서랍, 파일 캐비닛, 보관 상자, 보석 상자, 도구 케이스, 찬장 등의 내용물을 식별하는 데 사용됩니다. 사양: 소재: 철 색상: 앤티크 브론즈 총 사이즈: 70 x 33 mm / 2.8 x 1.3 인치 내부 크기: 47 x 22 mm /1.9 x 0.9 인치 두께: 0.5mm 설치: 나사 고정 패키지 구성: 태그 라벨 홀더 10개 장착 나사 20개","['명함', '라벨', '프레임', '상자', '서랍', '앤티크', '나사', '보관', '브론즈', '장착']"
사무용품,라벨 및 스티커,라벨 홀더,,B0B6RGN238,"프레임 태그 라벨 홀더 사무실 라이브러리 파일 서랍 태그 10개, 금속 빈티지 캐비닛 라벨 카드 풀 핸들 가구용 나사 포함 (브론즈, 5.9 x 4.5cm(2.3 x 1.8인치))",,10373,10373,4.8,8.0,"✿제품 구성: 직사각형 앤티크 브론즈 라벨 홀더 10개, 매칭 나사 60개. 총 크기는 58 x 45 x 15mm/ 2.27 x 1.76 x 0.59인치(길이*너비*높이)이며, 내부 프레임 크기는 42 x 21mm/ 1.63 x 0.83인치(길이*너비)입니다. ✿손잡이 디자인: 손잡이 디자인의 파일 캐비닛 태그, 카드를 배치하여 차이를 보여줄 수 있을 뿐만 아니라 캐비닛을 장식할 수도 있고 매우 우아하게 보이고 삶에 아름다움을 더할 수도 있습니다. 고품질 소재: 라이브러리 파일 서랍 태그는 고품질 아연 합금 소재로 만들어졌으며 내구성이 뛰어나고 냄새가 없으며 환경 친화적입니다. 투인원 서랍 풀 탭은 실용적이며 여러 번 재활용하고 사용할 수 있습니다. ✿다용도: 서랍 태그 홀더는 서랍, 캐비닛, 책장, 선반, 나무 상자, 보석 상자 등에 널리 사용할 수 있습니다. 가정, 도서관, 사무실, 약국 및 기타 시나리오에서 캐비닛을 완벽하게 장식합니다. ✿애프터 세일즈 : 저희는 높은 품질과 서비스로 신뢰를 얻는 것을 목표로 합니다. 제품을 수령한 후 품질에 문제가 있는 경우 제때 저희에게 연락하시면 최대한 빨리 만족스러운 답변을 드리겠습니다.","Auvotuis 소개 Auvotuis 는 전문적이고 성숙한 생산 공정을 갖춘 역동적인 브랜드로 우수한 품질의 제품과 훌륭한 서비스로 새로운 쇼핑 경험을 제공합니다! 쉬운 설치. 두 개의 장착 나사(매칭 나사 포함)를 나사로 조이기만 하면 앤티크 라벨 홀더를 설치할 수 있습니다. DIY 캐비닛 요구 사항을 편리하고 빠르게 충족할 수 있습니다. 사양 색상: 앤티크 브론즈 소재: 아연 합금 구멍 간격: 50mm/1.98인치 내부 프레임 사이즈: 42 x 21mm/ 1.63 x 0.83인치 (L*W) 총 크기: 58 x 45 x 15mm/ 2.27 x 1.76 x 0.59인치 (길이*너비*높이) 패키지 구성 금속 라벨 홀더 10개. 매칭 나사 20개. 유용한 팁 1. 라벨 프레임만 있으며, 제품에는 종이 인서트가 포함되어 있지 않습니다. 2. 모니터에 따라 약간의 색상 차이가 있을 수 있습니다. 3. 수동 측정으로 인해 합리적인 범위의 오차가 있을 수 있습니다. 30일 애프터 세일즈 저희는 항상 고객에게 100% 만족스러운 서비스 경험을 제공하기 위해 최선을 다하고 있습니다. 제품을 받은 후 30일 이내에 품질 문제가 있는 경우 즉시 저희에게 연락하시면 24시간 이내에 만족스러운 답변을 드리겠습니다.","['캐비닛', '라벨', '나사', '서랍', '태그', '홀더', '프레임', '브론즈', '파일', '구성']"
사무용품,라벨 및 스티커,라벨 홀더,,B0CFZG1S83,"160피스 자체 접착 라벨 홀더, 종이 라벨 인서트 포함, 투명 선반 태그 인덱스 카드 포켓, 우편함 라벨 플라스틱 라벨 홀더, 보관함, 책장 우편함 선반용, 10.9 x 3cm(4.3 x 1.2인치)",,23531,23531,,,"【밸류 팩】패키지에는 자체 접착 10.9 x 3cm(4.3 x 1.2인치) 라벨 160개와 빈 10.2 x 2.5cm(4 x 1인치) 라벨 160개가 포함되어 있습니다. 충분한 수량과 적절한 크기를 동시에 사용할 수 있어 일상적인 사용 및 교체 요구 사항을 충족할 수 있습니다. 【고품질 소재】당사의 접착 포켓은 고품질 PVC 소재로 만들어져 견고하고 내구성이 뛰어나며 쉽게 부러지거나 변형되지 않으며 투명하고 투명하여 판지의 내용물을 명확하게 볼 수 있습니다. 장기간 사용 후에도 노랗거나 갈라지지 않지만 고온 환경을 피하십시오. 【쉬운 사용】플라스틱 라벨 홀더의 뒷면에는 강력한 접착제가 있어 라벨 홀더를 원하는 위치에 부착한 후 서랍 라벨, 카드, 선반 라벨, 이름표 또는 우편함 라벨을 쉽게 삽입할 수 있습니다. 포켓 디자인으로 종이를 쉽게 교체할 수 있으며 지문, 물, 먼지 등에 강합니다. 【자체 접착성】선반 라벨 홀더의 뒷면은 자체 접착식으로 설계되어 라벨이 필요한 모든 곳에 부착할 수 있어 선반에 단단히 고정할 수 있으며 쉽게 벗겨지지 않으며 벗겨질 때 접착 자국이 남지 않습니다. 【다양한 용도】선반 라벨용 접착 라벨 포켓은 가정, 농가, 사무실, 상점, 도서관, 식료품점, 창고 선반, 파일 서랍 등에서 사용할 수 있으며 문서, 책, 정보 등을 쉽게 찾을 수 있습니다. 알림, 공부, 색인 카드 삽입 등에도 사용할 수 있습니다.","【자체 접착 플라스틱 라벨 홀더의 특징】 -자체 접착 라벨 홀더는 고품질 PVC 소재로 만들어져 카드 스톡에 무엇이 있는지 명확하게 볼 수 있으며 잔여물을 남기지 않고 쉽게 벗겨낼 수 있습니다. -패키지에는 160개의 접착 선반 라벨 홀더와 160장의 매칭 카드스톡이 포함되어 있어 농가, 식료품점, 도서관, 상점, 집, 창고, 주방 등과 같은 일상 생활에서 사용할 수 있습니다. -자체 접착 라벨 홀더 뒷면은 다양한 품목을 쉽게 분류할 수 있어 좋은 정리 습관을 개발하고 삶을 더 쉽게 만듭니다. -선반 라벨 홀더를 어느 위치에나 부착한 후 용지를 쉽게 삽입할 수 있습니다. 쉬운 종이 교체 및 지문 방지, 방수 및 방진 기능을 위한 포켓 디자인. 【사양】 소재: PVC 색상: 투명‎‎ 사이즈: 투명 라벨 포켓: 4.3"" x 1.2"" 빈 라벨: 4"" x 1"" 패키지 구성: 라벨 홀더 160개. 빈 라벨 160개. 참고: 수동 측정으로 인해 약간의 사이즈 오차가 있을 수 있습니다.","['라벨', '접착', '홀더', '선반', '자체', '포켓', '카드']"
사무용품,라벨 및 스티커,라벨 홀더,,B0CR31W87J,"Containlol 100피스 이동식 선반 라벨 홀더, 투명 선반, 이동식 책장 라벨 디바이더, 라이브러리 선반 마커, 도서관, 사무실, 교실, 책선반용, 16.5 x 12.7 x 2.3cm(6.5 x 5 x 0.8인치)",,55386,55386,,,"포함된 패키지 제공: 저희 패키지에는 100개의 투명 선반 라벨 홀더(라벨 미포함)가 포함되어 있습니다. 대규모 정리 프로젝트를 위한 벌크 팩을 제공하여 전체 선반 시스템을 덮을 수 있는 충분한 홀더를 제공합니다. 도서관, 교실 또는 사무실을 정리하든 이 패키지는 여러분을 완전히 커버합니다 고품질 투명 소재: 이동식 라이브러리 선반 마커는 라벨을 명확하게 볼 수 있도록 고품질 투명 소재로 만들어졌습니다. 각 라벨 홀더의 크기는 약 16.5 x 13 x 2cm(6.5 x 5.12 x 0.8인치)로 라벨을 위한 충분한 공간을 제공합니다. 투명한 디자인은 가독성을 더욱 향상시켜 선명하고 쉽게 읽을 수 있는 라벨이 필요한 모든 환경에 이상적입니다. 주: 이 표면의 보호 필름, 사용하기 전에 떼어내십시오 원활한 설치: 이 이동식 선반 라벨 홀더는 전문적인 도움 없이 쉽게 설치할 수 있도록 설계되었습니다. 사용하기 쉬운 측면 인서트 디자인으로 선반을 빠르고 효율적으로 표시하여 재구성 또는 재구성 과정에서 시간을 절약할 수 있습니다 견고하고 유연한 디자인: 견고하고 유연한 소재로 제작된 이 투명 선반 마커는 오래 사용할 수 있도록 설계되었습니다. 쉽게 깨지지 않아 오래 사용할 수 있습니다. 유연하고 구부릴 수 있는 디자인으로 다양한 유형의 선반에 잘 맞아 다양한 응용 프로그램과 공간에 적합합니다 재사용 및 다용도: 투명 선반 라벨 디스플레이 홀더의 탈착식 기능으로 필요에 따라 라벨을 재구성하고 변경할 수 있습니다. 정기적으로 재분류하거나 라벨을 다시 지정해야 하는 공간에 적합합니다. 패키지에는 라벨이 포함되어 있지 않지만 조직의 필요에 맞게 쉽게 사용자 지정할 수 있습니다. 도서관, 교실, 사무실 등에서 사용하기에 이상적입니다","특징: 이동식 선반은 도서관, 공부방, 교실 및 사무실 등의 책장에 쉽게 놓을 수 있어 편리하고 빠릅니다. 라벨을 측면에서 홀더에 그려서 표시를 완료할 수 있습니다. 라이브러리용 라벨은 구부러지지 않고 쉽게 깨지지 않아 유연하게 사용할 수 있으며 오랫동안 사용할 수 있습니다. 사양: 소재: PVC 색상: 투명. 사이즈: 16.5 x 13 x 2 cm/6.5 x 5.12 x 0.8 인치 패키지 구성: 이동식 선반 라벨 홀더 100개. 참고: 수동 측정, 사이즈에 약간의 오차가 있을 수 있습니다. 화면 디스플레이의 차이로 인해 색상이 약간 다를 수 있습니다. 사용하기 전에 보호 필름을 떼어내십시오.","['라벨', '선반', '홀더', '투명', '이동식', '패키지', '사무실', '교실', '디자인', '도서관']"
사무용품,라벨 및 스티커,라벨 홀더,,B0B2P451P9,"uxcell 금속 라벨 홀더, 60x17mm 50피스 파일 이름 카드 태그 라벨 홀더 프레임, 사무실 라이브러리 서랍 캐비닛 선반용, 블랙",,13697,13697,5.0,5.0,"제품 이름: 금속 라벨 홀더; 색상: 블랙; 전체 사이즈: 60 x 17mm / 2.36"" x 0.67""(L*W); 핏 라벨 사이즈: 42 x 10mm / 1.65"" x 0.39""(L*W) 장착 구멍 직경: 2mm / 0.08""; 패키지 구성: 라벨 홀더 50개, 나사 100개 소재: 서랍 태그 라벨 홀더는 철로 만들어졌으며 전기 도금 마감, 녹 방지 및 부식 방지 및 내구성이 뛰어납니다. 용도: 이 금속 라벨 프레임은 찬장, 서랍, 캐비닛, 책장, 파일 상자 및 선반에 사용할 수 있으며 아름다움을 더할 뿐만 아니라 서랍의 내용물을 쉽게 식별할 수 있습니다. 설치: 금속 파일 라벨 홀더를 사용할 때 일치하는 나사 2개를 나사로 고정하여 설치를 완료하면 DIY 요구 사항을 충족할 수 있습니다.",,"['라벨', '홀더', '금속', '서랍', '파일', '나사', '이름', '구성', '방지', '블랙']"
사무용품,라벨 및 스티커,라벨 홀더,,B0096GPKMM,SmartSign 이동식 선반 라벨 홀더 10개 팩 | 1.9cm x 12.7cm(0.75 x 5인치),SmartSign,35996,35996,4.7,108.0,"쉽게 움직일 수 있습니다. 선반을 손상시키지 않고 필요에 따라 라벨을 다른 위치로 쉽게 옮길 수 있습니다. 투명 PVC. 홀더는 흰색 라벨 배경이 있는 ""수정처럼 투명한"" PVC로 만들어집니다. 독특한 디자인. 독특한 하단 로딩 디자인으로 라벨을 쉽게 변경할 수 있습니다! 제품 구성: 팩에는 1.9 x 12.7cm(0.75 x 5인치) 크기의 홀더 10개가 포함되어 있습니다. 이동식 선반 라벨 홀더. 이 이동식 선반 라벨 홀더는 물건을 자주 옮기는 모든 유형의 선반에 사용할 수 있습니다.",,"['라벨', '선반', '홀더', '이동식', '독특하다', '디자인']"
사무용품,라벨 및 스티커,라벨 홀더,,B0B2P32MNY,"uxcell 금속 라벨 홀더, 83x30mm 20피스 파일 이름 카드 태그 라벨 홀더 프레임, 사무실 라이브러리 서랍 캐비닛 선반용, 실버 톤",,14667,14667,4.7,5.0,"제품 이름: 금속 라벨 홀더; 색상: 실버 톤; 전체 사이즈: 83 x 30mm / 3.27"" x 1.18""(L*W); 피트 라벨 사이즈: 58 x 20mm / 2.28"" x 0.79""(L*W) 장착 구멍 직경: 3.5mm / 0.14""; 패키지 구성: 라벨 홀더 20개, 나사 60개 소재: 서랍 태그 라벨 홀더는 철로 만들어졌으며 전기 도금 마감, 녹 방지 및 부식 방지 및 내구성이 뛰어납니다. 용도: 이 금속 라벨 프레임은 찬장, 서랍, 캐비닛, 책장, 파일 상자 및 선반에 사용할 수 있으며 아름다움을 더할 뿐만 아니라 서랍의 내용물을 쉽게 식별할 수 있습니다. 설치: 금속 파일 라벨 홀더를 사용할 때 일치하는 나사 2개를 나사로 고정하여 설치를 완료하면 DIY 요구 사항을 충족할 수 있습니다.",,"['라벨', '홀더', '금속', '서랍', '파일', '나사', '이름', '구성', '방지', '선반']"
사무용품,라벨 및 스티커,라벨 홀더,,B099HVQXR1,"앤티크 브론즈 카드 홀더 서랍 손잡이 6.4 x 3.8cm(2-3/4 x 1-1/5인치), 사무실 파일 라벨 프레임/라벨 홀더 풀 핸들 가구 찬장 캐비닛 서랍용 10개",Piutouyar,8296,8296,4.9,12.0,"제품 구성 - 서랍 풀 카드 홀더 10개가 제공됩니다. 서랍 풀 라벨 홀더 길이는 70mm/2.76인치, 너비는 30mm/1.18인치, 높이는 10mm/0.39인치입니다. 각 브론즈 카드 홀더에는 두 개의 나사가 장착되어 있습니다. 고품질 손잡이 - 서랍 손잡이는 고품질 금속으로 만들어져 전체적으로 아름답고 내구성이 뛰어납니다. 클래식한 구리 색상은 가구의 세련미를 향상시키는 데 사용됩니다. 다용도 - 서랍 풀 카드 홀더는 서랍 상자, 사무실 파일 서랍, 캐비닛, 목수 수리, 사무실, 도서관 및 우체국에 사용할 수 있습니다. 빈티지 서랍 풀 핸들은 장식용 하드웨어에도 매우 적합합니다. 완벽한 디자인 - 카드 홀더 풀 핸들의 디자인은 앤티크 느낌으로 가득하여 다양한 환경에 완벽하게 적응할 수 있습니다. 고품질 서비스 - 지원해 주셔서 대단히 감사합니다. Piutouyar 30일 반품 및 교환 서비스를 제공합니다. 고객 100% 만족을 최우선으로 생각합니다. 질문이 있으시면 언제든지 저희에게 연락해 주시면 최선을 다해 도와드리겠습니다.","회사 소개: Piutouyar 는 수년 동안 하드웨어 및 관련 제품에 종사해 왔습니다. 고객 100% 만족이 저희의 첫 번째 목표이며, 고객에게 더 나은 서비스와 고품질의 저렴한 제품을 제공하기 위해 최선을 다하고 있습니다. Piutouyar 앤티크 브론즈 카드 홀더 서랍 손잡이 6.4 x 3.8cm(2-3/4 x 1-1/5인치), 사무실 파일 라벨 프레임/라벨 홀더 가구 찬장 캐비닛 서랍용 풀 핸들 10개 사양: 제품 이름: 서랍 손잡이 색상: 브론즈 소재: 철 길이: 70mm/2.76인치 너비: 30mm/1.18인치 높이: 10mm/0.39인치 마운트 홀 중심 거리: 63mm/2.48인치 나사 사이즈: M2.5x12.3mm/0.48인치. 패키지 포함: 서랍 손잡이 10개, 나사 20개. 참고: 1.) 모든 치수는 수동으로 측정되며 1~2mm 편차가 있을 수 있습니다. 2.) 조명 문제로 인해 약간의 색상 차이가 있을 수 있습니다. 양해 부탁드립니다. 100% 만족 보장: Piutouyar는 고객에게 고품질 제품과 더 나은 서비스를 제공하기 위해 노력합니다. 고객이 100% 만족하고 만족하기를 바랍니다. 저희의 힘을 믿으세요. 저희 제품이 마음에 들지 않거나 질문이 있으시면 언제든지 저희에게 연락해 주십시오. 문제를 해결하기 위해 최선을 다할 것입니다. 또는 Amazon의 가이드라인에 따라 환불 또는 교체를 위해 반품할 수 있습니다.","['서랍', '홀더', '풀', '손잡이', '카드', '라벨', '서비스', '사무실', '핸들', '브론즈']"
사무용품,라벨 및 스티커,라벨 홀더,,B0CWZCW1BZ,"(12팩) Akro Bins 호환 라벨 인서트, 화이트 및 레드 칸반 표시, P/N 29302 대체품, 대형 AkroBins 및 30348, 30358용 투명 보호 플라스틱 라벨 홀더",BIN BETTER,19376,19376,,,"호환성 - 30230, 30234, 30235, 30239, 30240, 30250, 30255, 30348, 30358 Akro-Mils AkroBins 카드 슬롯 내부에 맞게 설계되었습니다 다양한 라벨링 옵션 - 마커와 접착제 기반 라벨을 모두 부착하는 데 적합합니다. 라벨 미포함 - 여러 라벨 메이커 및 프린터 기반 접착 라벨을 사용할 수 있습니다 - 아래 FAQ를 참조하십시오. 양면 라벨링 - 이 인서트는 양면의 라벨 옵션을 지원합니다. 재고 관리 바코드를 한쪽에는 보관하고 반대쪽에는 재고 정보를 재고하세요. 안전한 핏 - 이 유리 섬유 라벨 인서트는 카드 슬롯에 단단히 고정할 수 있는 크기이지만 필요에 따라 쉽게 삽입하고 뒤집을 수 있습니다. 칸반 색상 표시 - 이 인서트는 한쪽은 흰색, 다른 쪽은 빨간색입니다. 재고가 부족할 때 인서트를 빠르게 뒤집어 보충을 알립니다. Kanban 특정 색상의 통을 대체합니다. 최적의 높이 - 라벨 인서트 높이는 카드 인서트 슬롯 상단 아래에 있도록 크기가 조정되어 종이 인서트에서 흔히 볼 수 있는 것처럼 실수로 라벨을 두드리는 것을 방지합니다.",,"['라벨', '인서트', '재고', '슬롯', '카드', '옵션', '링', '표시', '양면', '칸반']"
사무용품,라벨 및 스티커,라벨 홀더,,B07P2NG8QZ,"4피스 앤티크 태그 라벨 프레임 파일 이름 카드 홀더 브론즈 서랍 풀 라벨 홀더 사무실 파일 케이스 라이브러리 서랍 의학 캐비닛 아포테케리 가구 (길이: 8.9cm, 높이: 4.4cm. cm)",,16606,16606,3.7,20.0,". 4 Sets antique label name holder frames, screws included. . Used on office file drawers, library furniture, medicine case apothecary cabinet, bookcase, gift box, file case and chest. Outside Size: 3-1/2""*1-3/4""(85*42mm). Fit Label Size: 2-1/4*1""(56*25mm) Mount Hole Distance: 3""(76mm).","Features:/1. 4 Sets antique label name holder frames, screws included. 2. Used on office file drawers, library furniture, medicine case apothecary cabinet, bookcase, gift box, file case and chest. 3. Outside Size: 3-1/2""*1-3/4""(85*42mm). 4. Fit Label Size: 2-1/4*1""(56*25mm). 5. Mount Hole Distance: 3""(76mm). 6. Material: zinc alloys 7. Color: Antique Bronze/Package list:/4 x Label Tag Frames 8 x Screws","['홀더', '라벨', '파일', '서랍', '이름', '라이브러리', '브론즈', '사무실', '아포', '앤티크']"
사무용품,라벨 및 스티커,라벨 홀더,,B0D2KN3H8B,"P-Touch PTH110/ PRTH110/ Pro PT-H111/ PTE110 휴대용 라벨 메이커용 Brother 호환 케이스, 라벨 테이프용 보관 홀더 휴대용 오거나이저, AC 어댑터, 충전 케이블(박스만 해당) - 오렌지",,23531,23531,4.4,55.0,"For brother label maker case: Label maker storage box fits for Brother for P-Touch PTH110BP/ PTH110/ Pro PT-H111/ PTE110 easy portable label maker. Label maker machine holder with tape can also store 4 spare label tapes, AC adapters, power cords, batteries and other accessories. (Carrying box only, not include handheld labeling tool kit) Lable maker hard box: For p touch label maker organizer made of great-quality materials, is dust-proof and shockproof. Label maker machine container with an elastic bandage fixes label makers with tape well, effectively mitigating the damage caused by accidental fall. Labeler storage case with smooth and strong zipper is easy to open and close. For p touch label tape holder with mesh pocket: For brother for p touch carrying organizer with a large mesh pocket, holds 4 spare refill cartridges. For brother for p touch label maker bag can also store AC adapters, USB charging cables, batteries, instructions and other accessories. The mesh pocket has a zipper, so you don't have to worry about small parts falling out. The storage space is large enough to close container of labeler machine with tape easily even if it is full of accessories. Portable label maker holder case: Etiquetadora travel box with a sturdy handle, is convenient for you to carry for brother label maker machine with tape easily anytime and anywhere. Label maker for brother protective bag is small and compact, so you can also put for p-touch label maker hard organizer into your backpack or schoolbag to take it to school or office easily. External dimensions of container of label printer for labeling: 9.0 * 4.7 * 3.8 inches. Label machine case is great present: For those who are used to marking items with for p-touch label tapes, labelmaker carry box is a present for protecting for brother label printer. Small label maker provides us with the convenience to find items. We should take good care of it and extend its life as much as possible.",,"['휴대', '라벨', '홀더', '호환', '테이프', '케이스', '케이블', '충전', '오렌지', '오거']"
사무용품,라벨 및 스티커,라벨 홀더,,B0002795CA,"Akro-Mils 35010 Akro-Mils Nest 및 스택 및 Akro-Grid 토트백용 플라스틱 토트 라벨 홀더, 투명, (6팩)",Akro-Mils,31938,31938,5.0,1.0,"– 편리함 - 라벨 홀더는 뚜껑이 있든 없든 토트백에 쉽게 부착할 수 있습니다 실용적 - 최대 12.7 cm x 8.9 cm (5 인치 x 3 3/4 인치)의 라벨을 고정하여 먼지와 손상으로부터 라벨을 보호합니다 다용도 - 33164, 33223 또는 33224를 제외한 모든 Nest & Stack 또는 Akro-Grid Tote와 함께 작동합니다 자부심을 가지고 미국에서 제작",토트백에 라벨을 붙이는 것은 쉽게 정리할 수 있는 방법입니다. 플라스틱 보호 라벨 홀더로 내용물에 쉽게 라벨을 붙일 수 있습니다. 이 투명 라벨 홀더는 뚜껑이 제자리에 있든 없든 쓰레기통의 모든 측면에 쉽게 고정할 수 있습니다. 오버사이즈 라벨 홀더는 최대 12.7cm x 9.5cm(5인치 x 3-3/4인치) 라벨을 고정하고 라벨을 먼지와 손상으로부터 보호합니다.,"['라벨', '홀더', '토트', '보호', '고정', '손상', '뚜껑', '먼지', '플라스틱', '투명']"
사무용품,라벨 및 스티커,라벨 홀더,,B09V19VM2X,"마그네틱 데이터 카드 홀더 채널 마그네틱 라벨 홀더 라벨 랙, 자석 포함, 500개의 보호 필름 및 1000개의 교체 스트립 포함, 금속 랙 선반 통용 (2.5 x 7.6cm(1 x 3인치))",,83086,83086,4.8,5.0,"패키지 구성: 이 패키지에는 500개의 보호 필름과 1000개의 교체 스트립이 있는 2.5 x 7.6cm(1 x 3인치) 자석 라벨 홀더 500개가 포함되어 있습니다. 직장 또는 일상적인 사용 및 교체 요구 사항을 충족하기에 충분한 수량 재사용 가능한 라벨: 이 마그네틱 랙 라벨은 유연하고 강한 고품질의 부드러운 고무 자석으로 만들어져 여러 번 재사용할 수 있습니다. 금속 표면에서 앞뒤로 움직이기 쉽고 쉽게 떨어지지 않습니다. 투명한 보호 필름은 라벨의 텍스트를 밝고 깨끗하게 유지합니다 빠른 라벨링: 이 채널 라벨 홀더 키트에는 단어를 쓸 수 있는 충분한 교체 스트립이 포함되어 있습니다. 그런 다음 투명 보호 필름에 스트립을 삽입하고 마그네틱 라벨 홀더를 깨끗하고 평평한 표면에 붙이세요. 사용하기 쉽고 간단하고 편리합니다 삶을 정리하세요: 재사용 가능한 자석 데이터 카드 인서트는 집이나 사무실 공간을 정리하는 데 적합합니다. 이 카드 폴더를 적용하여 물건을 표시하면 라벨의 텍스트에 따라 필요한 물건을 쉽게 찾을 수 있어 시간과 노력을 절약할 수 있습니다 심플하고 클래식한 색상: 자석 선반 라벨은 클래식한 흑백 디자인이 특징이며, 단순하면서도 우아하며 유행을 타지 않으며 일상적인 장식에 쉽게 조화를 이룹니다. 가정, 작업장 또는 사무실에서 매일 사용하기에 적합합니다",,"['라벨', '홀더', '자석', '필름', '보호', '마그네틱', '스트립', '카드', '재사용', '가능하다']"
사무용품,라벨 및 스티커,라벨 홀더,,B09DGLVNWK,"MECCANIXITY 라벨 홀더 80x28mm 클립 온 쉘프 투명 블루 플라스틱, 와이어 선반용, 20개 팩",,21453,21453,,,"이 라벨 홀더는 일반적으로 광고 정보와 저장된 제품을 식별하거나 사무실 용품을 표시하는 텍스트 표지판을 표시합니다. 대형 쇼핑몰, 슈퍼마켓, 소매점, 정리 선반, 보관 바구니, 창고 등에 널리 사용됩니다. 선반의 최대 두께에 맞습니다: 28mm / 1.1 인치; 라벨에 적합: 길이: 80mm / 3.15 인치; 높이: 28mm / 1.1 인치 플라스틱으로 제작 - 투명 플라스틱이 시각적 효과를 보여줍니다. 라벨 스티커를 가운데에 고정하여 떨어지지 않도록 보호합니다. 필요에 따라 언제든지 라벨을 교체할 수 있습니다 도구를 사용하지 않고 선반에 쉽게 끼우거나 쉽게 내릴 수 있으며, 라벨 스티커를 중간에 고정하여 메시지를 표시할 수 있습니다 정확한 설치를 위해 구매 전에 선반을 측정하십시오",,"['라벨', '선반', '플라스틱', '표시', '고정', '스티커', '투명', '홀더']"
사무용품,라벨 및 스티커,라벨 홀더,,B0CJ85V171,"플라스틱 선반 라벨 홀더 30개, 길이 7.6cm(3인치) x 높이 2.5cm(1인치) 나무 선반 표지판, 선반에 클립 1.6cm(5/8인치)에서 1.9cm(3/4인치) 두께, 인서트 라벨이 있는 투명 티켓 홀더 포함",,17991,17991,5.0,2.0,"✔【Size Attention】Each shelf label holders compatible with 5/8-3/4""(0.6-0.79"") THICKNESS wood/wire/plastic shelf ONLY. Please measure your shelf before ordering and make sure your shelf thickness within our recommendation. ✔【Dimensions】Label holder:3x1x0.9in; Blank label paper:2.9x0.95in. ✔【Use the Label Insert Easier】To avoid fall off easily, the blank paper may little hard to insert, please be patient; If the label card too large for the holder to put in, you can trim the paper to fit for it. Note that Please do not put these classify label holders in and take off too often to avoid loosening. ✔【Package Included】30pcs clear plastic shelf label holders and 30pcs blank paper insert. Enough quantity to meet your need for home office library cabinet organization. ✔【Wide Range of Usage】These removable label holders are widely used for supermarket, retail store, restaurants, and shopping mall for goods detail and price tag display, storage or store inventory. Also great for organizing bookshelves of home bedroom pantry, office work classify and display, kitchen shelves, metro shelves and other occasions. ✔【How to Use】Write down what you need on the insert paper, then simply place the label paper in the plastic holder and clip it in front of the product you want to display. ✔【Clear and Reliable Material】Made of clear PVC plastic, sturdy and high quality, not easy to break and deformation, durable and reusable, which can serve you for a long time, clear design so that you can simply see the text on the paper.",,"['선반', '홀더', '라벨', '플라스틱', '표지판', '티켓', '투명', '클립', '인서트', '나무']"
사무용품,라벨 및 스티커,라벨 홀더,,B0B5HKB661,플라스틱 와이어 선반 라벨 홀더 (30팩) - 종이 라벨 인서트 60개 포함 - 클립 디자인 및 스냅 잠금 클로저 포함(30팩),,17991,17991,3.5,4.0,재사용 가능한 라벨 홀더는 소매 등에서 디스플레이 태그로 사용할 수 있는 와이어 선반에 효과적이고 간단한 라벨을 제공합니다 최대 1cm(3/8인치) 와이어 직경에 맞는 간편한 스냅 잠금 잠금을 위해 힌지 클래스프가 있는 클립 디자인이 장착되어 있습니다. 클립은 쉽게 풀고 재사용할 수 있습니다. 홀더는 라벨 영역이 7.6 x 3.3cm(3 x 1.3인치)인 종이 스트립을 효과적으로 삽입하기 위한 C 채널 디자인이 있습니다 내구성이 뛰어난 PVC 플라스틱으로 제작되어 7.6 x 3.2cm(3 x 1 1/4인치) 크기로 오래 사용할 수 있습니다 30개의 튼튼한 라벨 홀더와 60개의 비접착 종이 인서트 스트립이 포함되어 있습니다,,"['라벨', '홀더', '디자인', '와이어', '클립', '종이', '효과', '재사용', '선반', '인서트']"
사무용품,라벨 및 스티커,라벨 홀더,,B00CBS45TQ,"Azar 700841 3.2cm(1.25인치) x 7.6cm(3인치) 플립 스캔 라벨 홀더, 50팩",Azar Displays,33226,33226,4.6,5.0,Aznar의 플립 스캔 퀵 백 후크와 함께 작동합니다 (별도 판매) 쉽게 사용할 수 있도록 뒤집어 놓으면 다시 시야로 떨어집니다 플레이트 사이즈; 3.2cm x 7.6cm 50개 팩으로 판매,"이 3.2cm x 7.6cm(1.25 x 3인치) 플립 스캔 용지 라벨 홀더는 Aznar의 플립 스캔 후크 라인에 끼울 수 있습니다(별도 판매). 라벨을 뒤집으면 쉽게 사용할 수 있으며 놓으면 다시 볼 수 있습니다. 제품은 일반 종이 라벨을 삽입할 수 있도록 펴집니다. 50개 팩으로 판매됩니다./These 1.25"" x 3"" flip scan paper label holders snap onto Azar's line of flip scan hooks (SOLD SEPARATELY). Labels flip up for easy access and fall back into view when released. Product flexes open for insertion of plain paper labels. Sold in packs of 50.","['플립', '판매', '스캔', '라벨', '후크', '홀더', '퀵', '종이', '일반', '용지']"
사무용품,라벨 및 스티커,라벨 홀더,,B0D2XYHVMQ,"바구니 라벨 클립 온 12개, 투명 플라스틱 빈 클립 라벨, 라벨 용지 24개, 재사용 가능한 와이어 선반 라벨 홀더, 교실 보관, 옷장, 의류, 식품 정리용",Watersay,13836,13836,5.0,2.0,"쉬운 정리: 바구니용 라벨을 사용하면 쉽고 쉽게 정리할 수 있습니다. 보관함용 라벨로 보관된 물건을 찾고 식별하는 것이 편리합니다. 가정 정리, 교실 라벨 클립, 사무실 사용 등에 이상적입니다 적합한 사이즈: 약 10cm x 6cm(3.99인치 x 2.37인치) 크기의 투명 플라스틱 통 클립 라벨은 원하는 거의 모든 것을 쓸 수 있는 충분한 공간을 제공합니다. 간단한 식별을 위한 이상적인 크기이지만 불편할 정도로 크지 않습니다. 바구니, 쓰레기통, 교실 및 보관 장소에 이상적인 라벨 쉬운 사용: 이 플라스틱 바구니 바벨을 사용하는 데 전문가가 될 필요가 없습니다. 라벨 용지에 원하는 것을 적어 투명 플라스틱 빈 클립에 삽입하고 쓰레기통이나 바구니에 부착하기만 하면 됩니다. 컴팩트하고 유연하며 사용하기 쉬우며, 쉽게 제거하고 다른 바구니나 통에 옮길 수 있어 다용도 정리 도구입니다 내구성 있는 소재: 투명 플라스틱 통 클립 라벨은 PVC 소재로 만들어져 내구성과 견고함을 보장하여 정리의 요구를 충족시킵니다. 라벨이 마모되거나 불편을 초래할 염려가 없으므로 보관함의 라벨의 수명을 향상시킵니다 다양한 용도: 바구니 라벨 클립은 집안뿐만 아니라 사무실, 교실, 상점에서도 편리함을 제공합니다. 이 라벨의 다양한 용도는 깔끔하고 체계적인 환경을 찾는 모든 사람에게 필수적인 도구입니다","특징: 투명하고 투명한 색상의 이 빈 라벨은 라벨을 완벽하게 볼 수 있습니다. 이 투명한 디자인으로 쓰레기통이나 바구니 안의 내용물을 한 눈에 빠르게 식별할 수 있어 빠르고 간단하게 정리할 수 있습니다. 패키지에는 12개의 투명 플라스틱 빈 클립 라벨과 24개의 라벨 용지가 포함되어 있으며 라벨 요구 사항을 충족하도록 완벽하게 준비되었습니다. 이제 이 바구니 라벨 클립을 사용하여 상품을 효율적으로 분류하고 정리할 수 있습니다. 사양: 소재: PVC 보관함 라벨 색상: 투명. 사이즈: 약 10 x 6cm(3.99 x 2.37인치). 패키지 구성: 투명 플라스틱 빈 클립 라벨 12개. 라벨 용지 24개. 참고: 수동 측정, 사이즈에 약간의 오차가 있을 수 있습니다. 화면 디스플레이의 차이로 인해 색상이 약간 다를 수 있습니다.","['라벨', '클립', '바구니', '정리', '투명', '플라스틱', '보관', '용지', '교실']"
사무용품,라벨 및 스티커,라벨 홀더,,B0CRP7Z8YK,라벨 홀더,,29071,27616,4.7,3.0,a,a,"['홀더', '라벨']"
사무용품,라벨 및 스티커,라벨 홀더,,B0B4DKCNGV,"U.S. Solid 롤 및 팬 폴드 라벨용 라벨 홀더, 2 in 1 데스크탑 배송 라벨 롤 홀더 너비 11.2cm(4.4인치)",U.S. Solid,13794,13794,4.4,33.0,"투인원 디자인: 이 라벨 홀더는 라벨 롤, 접이식 라벨 및 스택 라벨 모두에 적합합니다. 주요 파라미터 - 최소. 내부 코어 사이즈: 2.5cm, 최대 외부 지름 22.9cm, 최대 라벨 너비 11.2cm 쉬운 설치: 5개로 구성되어 조립이 매우 쉽습니다 다양한 용도: 대부분의 프린터와 호환되며 이 라벨 홀더를 사용하여 열 라벨을 보관하고 사용할 수 있습니다.",,"['라벨', '홀더', '롤']"
사무용품,라벨 및 스티커,라벨 홀더,,B0BR3SFK8V,12피스 앤티크 황동 금속 라벨 풀 프레임 핸들 파일 이름 카드 홀더 가구 캐비닛 서랍 케이스용,,20761,20761,,,"복고풍 명함 상자, 라벨 홀더, 레트로 색상과 디자인으로 색다른 느낌을 선사합니다. 장착 나사가 있는 라벨 홀더 12개가 포함되어 있습니다. 라벨 전체 크기: 2.75"" x 1.3"" / 70 x 33mm (L*W), 핏 라벨 크기: 1.85"" x 0.87"" / 47 x 22mm (L* W). 라벨 홀더는 고품질 철로 만들어졌으며 내구성이 뛰어납니다. 금속 라벨 프레임의 표면은 녹과 부식 방지 기능이 있는 청동 도금으로 덮여 있습니다. 이 라벨 홀더는 보석 상자, 선물 상자, 캐비닛, 찬장, 파일 케이스와 잘 어울립니다. 이 라벨 풀에 고정하면 더 복고풍과 멋져 보일 것입니다. 내구성이 뛰어나고 설치가 쉽습니다. 일치하는 장착 나사 두 개를 나사로 조이기만 하면 라이브러리 라벨 홀더를 설치할 수 있습니다. DIY 캐비닛 요구 사항을 편리하고 빠르게 충족할 수 있습니다. 내구성이 뛰어나고 세척이 쉽습니다. 물로 세척하거나 젖은 천으로 닦아서 장기간 사용할 수 있습니다. 질문이 있으시면 언제든지 저희에게 연락하십시오.","사양: 소재: 철. 색상: 앤티크 황동 (사진과 동일). 사이즈: 2-3/4""(70mm) x 1-5/16""(33mm) 두께: 0.5mm. 패키지 구성: 황동 라벨 홀더 12개 + 나사 24개","['라벨', '홀더', '구성', '나사', '황동', '상자', '캐비닛', '장착', '고풍', '금속']"
사무용품,라벨 및 스티커,라벨 홀더,,B0CGH6F7T7,"자석 라벨 홀더 200개, 자석 포함, 데이터 카드 홀더, 금속 선반, 화이트보드용 투명 플라스틱 프로텍터 포함(2.5 x 7.6cm(1 x 3인치))",,77546,77546,4.5,2.0,"다양한 용도: 자석 홀더는 심플한 흑백 색상으로 사무실, 작업장 및 일상 사용에 적합합니다. 보호 필름은 투명하고 깨끗하여 라벨의 텍스트를 오랫동안 밝고 깨끗하게 유지합니다 간편한 사용: 포함된 종이 스트립에 쓰고, 종이 인서트와 투명 보호 필름을 밀어 넣고, 마그네틱 라벨 홀더를 깨끗하고 평평한 표면에 붙이면 시간을 절약하고 기존 접착 라벨에 비해 위치를 쉽게 바꿀 수 있습니다 다양한 사이즈: 1 x 2 인치 / 2.5 x 5cm, 1 x 3 인치 / 2.5 x 7.62cm, 2 x 5.5 인치 / 5 x 14cm를 포함한 다양한 크기의 마그네틱 데이터 카드 홀더가 있습니다. 작업이나 공부에 매우 편리하며 많은 경우에 적용할 수 있어 직장이나 생활에서 많은 편리함을 제공합니다 소재: 이 자석 라벨은 전체 고무 자석 뒷면이 있는 유연한 C 채널 자석으로 구성되어 있으며, 라벨 용지 및 플라스틱 필름은 마그네틱 카드 홀더에 쉽게 삽입할 수 있으며 모든 금속 표면에 부착하고 라벨을 쉽게 변경할 수 있습니다 제품 구성: 자석 라벨 홀더 200개와 교체 종이 스트립 400개가 1개 주문에 포함되어 있으며, 직장이나 일상용으로 매우 좋은 패키지입니다","자석 라벨 홀더 200개, 자석 데이터 카드 홀더, 금속 선반, 화이트보드용 투명 플라스틱 프로텍터 포함 특징: 이 마그네틱 라벨은 인쇄되거나 손으로 쓴 재고 라벨과 중요한 제품 정보가 포함된 데이터 카드를 보관할 수 있으며 모든 라벨이 있는 금속 또는 강철 표면에 적합합니다. 사양: 소재: C-채널 자석, 고무 자석 뒷면, 화이트 라벨 용지, 보호 필름 색상: 블랙. 수량: 총 200팩 패키지 구성: 자석 라벨 200개. 인서트 400개(화이트 라벨 용지) 참고: 손 측정으로 인해 1 - 2mm 오차가 있을 수 있습니다.","['라벨', '자석', '홀더', '카드', '데이터', '금속', '마그네틱', '필름', '표면', '용지']"
사무용품,라벨 및 스티커,라벨 홀더,,B07P81MJCJ,"Bluecell 20피스 85 x 42mm 브론즈 컬러 메탈 오피스 파일 캐비닛 선반 서랍 이름 카드 라벨 홀더 프레임 나사 포함 (브론즈 색상, 85 x 42mm)",Bluecell World,11024,11024,4.7,46.0,"패키지 구성품: 20개 + 나사 라벨 사이즈에 적합합니다: 67 x 38mm/2.6 x 1.5""(최대), 제품 전체 사이즈: 85 x 42mm/3.35 x 1.65""; 그림에 표시된 대로. 소재: 금속 색상: 브론즈 태그 라벨 홀더",,"['라벨', '브론즈', '홀더', '나사', '오피스', '금속', '메탈', '서랍', '선반', '성품']"
사무용품,라벨 및 스티커,라벨 홀더,,B0CLLM9N5T,"카드 카탈로그 서랍 손잡이 30개, 앤티크 브론즈 파일 라벨 카드 홀더 풀 핸들, 도서관, 사무실, 책장, 찬장, 캐비닛용 아포테케리 서랍 손잡이 (스몰, 손가락 손잡이)",suiwotin,16190,16190,4.7,4.0,"패키지 포함: 30 x 빈티지 브론즈 카탈로그 서랍 손잡이 라벨 프레임 홀더, 나사 장착 설치를 위한 2*8mm 나사. 제품 크기: 총 크기: 1.85"" x 1.38"" x 0.59"" / 47mm x 35mm x 15mm (길이 x 너비 x 높이), 구멍 간격: 1.45""/37mm, 프레임 크기: 1.3"" x 0.47""/ 33mm x 12mm (L x W). 견고함 및 내구성: 프리미엄 아연 합금 소재로 제작되었으며 주조 매끄러운 마감의 빈티지 파일 캐비닛 손잡이는 녹 방지 기능이 있으며 견고하며 마모에 강합니다. 실용적이고 장식적: 카탈로그 라벨 카드 프레임뿐만 아니라 서랍 손잡이도 있습니다. 약종상 서랍 손잡이는 모든 종류의 캐비닛에 앤티크하고 스타일리시합니다. 기능성 라벨 손잡이: 사무실, 도서관, 약국, 캐비닛, 옷장 서랍 파일 서랍, 책장, 보석 상자, 찬장, 보관 케이스 등에 적합합니다.","앤티크 라벨 프레임 서랍 손잡이 및 태그 라벨 카드 홀더는 사무실 파일 서랍, 도서관, 가구, 책장, 약국, 캐비닛, 책장, 선물 상자, 파일 케이스 및 가슴에 사용할 수 있습니다. 사양: 총 크기: 47mm x 35mm x 15mm (길이 x 너비 x 높이) 구멍 간격: 1.45""/37mm 프레임 사이즈: 1.3"" x 0.47""/ 33mm x 12mm (길이 x 너비). 소재: 아연 합금 색상: 앤티크 브론즈 수량: 30개 참고: 수동 측정으로 인해 1 - 2mm의 편차를 허용하십시오. 불쾌한 쇼핑 경험을 피하기 위해 구매 전에 제품 사이즈를 주의 깊게 확인하고 제품 사이즈 설명을 읽으십시오.","['손잡이', '서랍', '라벨', '파일', '프레임', '캐비닛', '앤티크', '카드', '책장', '도서관']"
사무용품,라벨 및 스티커,라벨 홀더,,B0BW5LV9X7,"50피스 팔레트 랙 사인 라벨 홀더, 자석 스트립 포함, 14 x 8.9cm(5.5 x 3.5인치) 비닐 마그네틱 사인 라벨 홀더, 투명 자석 랙 및 선반 카드 파우치, 창문 문, 사무실, 스케줄 스토어, 가정용",XUWAIDSGN,37187,37187,4.4,4.0,"50피스 및 4.9m(16피트) 롤 2개 자석: 7.6 x 12.7cm(3 x 5인치) 투명 인덱스 카드 포켓, 4.9m(16피트) 마그네틱 스트립, 20개의 대량으로 일상적인 요구 사항을 충족하기에 충분하며, 필요에 따라 자석 스트립도 사용할 수 있습니다. 보관 상자의 내용물을 쉽게 표시하고 내용물이 변경되면 용기의 라벨을 쉽게 변경할 수 있는 유연성이 있습니다. 투명한 가시성: 부드러운 투명 소재로 제작된 이 투명 접착 포켓 팩은 양면 투명하고 매끄럽고 투명하여 내부 정보를 쉽게 볼 수 있습니다. 라벨, 명함, 라이브러리 카드, 토큰 및 기타 작은 액세서리를 넣을 수 있습니다. 카드 보호: 당사의 포켓 라벨 홀더는 튼튼한 플라스틱 소재로 만들어져 오랫동안 재사용 할 수 있으며 부드럽고 편안하며 쉽게 변형되거나 깨지지 않습니다. 카드가 분실되는 것을 방지할 뿐만 아니라 지문, 먼지, 물 또는 먼지로부터 카드를 보호합니다. 간편한 사용: 비닐 라벨 파우치는 측면 오프닝 디자인으로 라벨이나 명함을 쉽게 삽입하고 꺼낼 수 있습니다. 4.9m(16피트) 2롤 마그네틱 스트립으로 길이를 직접 자를 수 있습니다. 보관함 외부에 사용하고 바로 들어가는 인덱스 카드에 내용물을 적어보세요. 내용물이 바뀌면 카드를 교체하기만 하면 됩니다. 다용도: 접착 슬리브 포켓은 가정, 사무실, 상점, 도서관 및 기타 여러 행사에 적합합니다. 포장, 배송, 색인 카드 또는 라벨 삽입, 마킹 및 정리 등에 사용할 수 있습니다. 선반, 보관 상자, 책장, 보관함에 사용할 수 있습니다.","이 비닐 라벨 홀더는 사무실, 교실 및 가정을 정리할 수 있으며, 카드, 라벨, 명판을 플라스틱 슬리브에 삽입하고 필요한 곳에 붙일 수 있어 마커를 찾고 물건을 쉽게 정리할 수 있습니다. 사양: 재료: 플라스틱 색상: 투명 크기: 7.6x12.7cm 패키지 구성: 자석 라벨 홀더 50개 3x5 자석 스트립 2개","['라벨', '카드', '자석', '홀더', '투명', '스트립', '포켓', '내용물', '보관', '마그네틱']"
사무용품,라벨 및 스티커,라벨 홀더,,B0CY5DSDKY,8피스 바구니 라벨 클립 보관함 화이트 블랙 라벨 홀더 지울 수 있는 바구니 라벨 클립 온 패브릭 큐브 고리버들 세탁 정리 식료품 저장실 정리 세탁실 놀이방 보관함,salbsever,7603,7603,,,"버라이어티 팩: 화이트 라벨 클립 4개와 블랙 라벨 클립 4개가 포함된 밸류 팩으로 다양성을 수용하여 정리 시스템에 다양한 기능을 제공합니다. 단조로움에 작별 인사를 하고 보다 역동적이고 시각적으로 매력적인 스토리지 솔루션을 만나보세요. 오래 지속되는 PVC 구조: PVC 소재로 제작된 이 바스켓 라벨은 견고하고 유연합니다. 두꺼운 디자인으로 구부러지거나 부서지지 않고 모양을 유지할 수 있으며, 엉성함 없이 바구니에 라벨을 붙일 수 있는 신뢰할 수 있는 솔루션을 제공합니다. 사용자 친화적인 디자인: 시간이 지나도 바래지 않는 명확하게 보이는 텍스트가 특징인 패브릭 빈 라벨로 번거롭지 않은 라벨을 즐기세요. 이 재사용 가능한 스티커는 젖은 종이 타월을 간단히 닦아서 쉽게 표시하고 쉽게 지울 수 있습니다. 이 다용도 바구니 통 라벨은 쉽게 제거하고 재배치할 수 있어 조직 효율성을 향상시킬 수 있으므로 스티커와 라벨이 필요하지 않습니다. 정리 단순화: 정리 과정을 간소화하도록 설계된 이 바구니 라벨 클립 세트로 생활 공간을 쉽게 개인화하십시오. 집, 사무실 또는 시장에서 이 보관함을 위한 스마트 라벨은 공간을 깔끔하고 깔끔하게 유지합니다. 다용도 용도: 쉽게 사용할 수 있도록 걸거나 쓸 수 있는 빈 클립 라벨의 실용성으로 조직을 향상시키세요. 주방, 침실, 욕실, 거실, 식료품 저장실 및 보관실을 포함한 다양한 설정에 적합한 이 보관함 라벨은 어수선하고 질서 있는 집을 유지하는 데 중요한 역할을 합니다.","제품 이름: 패브릭 보관함용 라벨 8개 색상: 화이트, 블랙 소재: pvc 제품 구성: 블랙 4개 + 화이트 4개","['라벨', '보관', '클립', '바구니', '정리', '블랙', '화이트', '패브릭', '유지']"
사무용품,라벨 및 스티커,라벨 홀더,,B0BW93CT6C,"AHANDMAKER 안경 프레임용 투명 플라스틱 가격 태그 홀더 100개, 미니 직사각형 라벨 홀더, 벽걸이 카드 프로텍터 슬리브, 안경 프레임 안경 프레임에 적합",,15359,15359,5.0,3.0,"밸류 패키지: 100개의 투명 가격표 슬리브, 약 39mm(1.54인치) 너비, 1.89인치(48mm), 0.01인치(0.3mm) 두께, 슬롯은 약 0.79 x 0.12인치(20 x 3mm)를 받게 됩니다. 미니 사이즈는 안경 프레임에 걸 수 있으며 사용 요구 사항을 충족하기에 충분합니다. 신뢰할 수 있는 소재: 미니 라벨 카드 커버는 고품질 플라스틱 소재로 만들어져 부드럽고 내구성이 뛰어나며 쉽게 깨지거나 손상되지 않으며 반복적으로 사용할 수 있습니다. 안경 가격이나 기타 관련 정보를 표시하는 데 이상적입니다. 간편한 사용: 안경 프레임 태그 디스플레이 슬리브는 부착 및 제거가 쉽습니다. 안경 다리를 두 슬롯에 밀어 넣고 슬리브를 위쪽으로 밀어 프레임에 고정하기만 하면 프레임에 접착제가 남는 달라붙는 문제를 방지합니다. 독특한 디자인: 이 안경 프레임 라벨 홀더는 독특한 디자인을 가지고 있으며, 투명한 페룰 타입 디자인은 페룰 내부의 라벨을 보호할 뿐만 아니라 장기간 반복적으로 사용할 수 있습니다. 페룰을 제거하지 않고도 라벨을 교체하여 안경의 가격 정보를 업데이트할 수 있습니다. 범용 용도: 투명 안경 태그 홀더는 모든 유형의 안경에 적합하며 안경 다리의 너비만 슬롯 너비(20mm)를 초과하지 않아야 합니다. 광학 상점 및 무역 박람회 등에서 널리 사용되며 안경 브랜드 이름표, 가격표, 프로모션 정보 및 QR 코드 등을 보관하는 데 사용할 수 있습니다.","소개: AHANDMAKER 안경 프레임용 플라스틱 가격표 홀더 100개, 직사각형, 투명 소재: 플라스틱 색상: 투명 수량: 100개 상세 사이즈: 너비 약 39mm(1.54인치), 길이 48mm(1.89인치), 두께 0.3mm(0.01인치), 슬롯은 약 20x3mm(0.79x0.12인치)입니다. 참고: 1. 구입하기 전에 사이즈가 귀하의 요구 사항을 충족하는지 확인하십시오. 2. 모니터와 사진 조명의 차이로 인해 실제 물체와 사진 사이에 약간의 색수차가 있을 수 있습니다. 3. 수동 측정에 따라 약간의 치수 차이가 있을 수 있습니다.","['안경', '프레임', '홀더', '투명', '라벨', '플라스틱', '슬리브', '슬롯', '페룰', '태그']"
사무용품,라벨 및 스티커,라벨 홀더,,B084M1TRLJ,"10 피스 블랙 태그 라벨 프레임 앤티크 파일 이름 카드 홀더 서랍 손잡이 빈티지 손잡이 사무실 파일 서랍 의학 약국 캐비닛 아포테케리 도서관 케이스 (길이: 2-1/4"" 너비: 1-3/10.2 cm)",MYS,16606,16606,4.3,27.0,"장착 나사가 있는 앤티크 라벨 이름 홀더 프레임 10세트. 외부 길이: 2-1/4""(59mm), 너비: 1-3/4""(45mm). 장착 구멍 공간: 2""(51mm). 사무실 파일 서랍, 도서관 가구, 약 케이스, 아포테케리 캐비닛, 책장, 선물 상자, 파일 케이스, 나무 상자 및 기타 가구에 사용됩니다. 소재: 아연 합금, 부식 방지 및 녹 방지. 내구성이 뛰어나고 설치가 쉽습니다.","특징: 1. 장착 나사가 있는 앤티크 라벨 이름 홀더 프레임 10세트. 2. 사무실 파일 서랍, 나무 상자, 파일 케이스, 아포테케리 캐비닛, 도서관 상자, 책장 및 기타 가구에 사용할 수 있습니다. 3. 소재: 아연 합금, 내구성이 뛰어나고 설치가 쉽습니다. 4. 부식 방지 및 녹 방지. 5. 외부 길이: 2-1/4""(59mm), 너비: 1-3/4""(45mm). 장착 구멍 공간: 2""(51mm).","['파일', '장착', '방지', '상자', '케이스', '서랍', '홀더', '도서관', '라벨', '사무실']"
사무용품,라벨 및 스티커,라벨 홀더,,B07HY9MNK5,20팩 48x38mm 사무실 도서관 파일 서랍 캐비닛 카드 태그 라벨 카드 홀더 서랍 손잡이/라벨 홀더 모던 라벨 홀더 금속 프레임,,13836,13836,4.4,163.0,"✿Product Name: Tag Label Holder;Material: Metal;Color: Black; ✿Fit Label Size: 34.5mm x 16.5mm / 1.35"" x 0.65"" (L*W); Overall Size: 48 x 38mm/ 1.88"" x 1.49""(L*W); ✿Mount Hole Distance:39mm / 1.53""; Mount Hole Diameter: 2.69mm / 0.1"" ✿Package Content: 20 x Tag Label Holders, Some Screws ✿These tag label holders or frames can be used in office, library, post office, etc.",,"['홀더', '라벨', '카드', '서랍', '프레임', '파일', '태그', '캐비닛', '손잡이', '사무실']"
사무용품,라벨 및 스티커,라벨 홀더,,B0CM63RVJF,"SmartSign 마그네틱 C 채널 카드 라벨 홀더 (10팩) - 7.6 x 15.2cm(3 x 6인치) 금속 랙 및 선반 라벨 홀더, 종이 인서트 포함",,35940,35940,,,"기능적인 디자인: 100% 자석 소재는 모든 용도에 완벽한 접착력을 보장하며, 독특한 C-채널 디자인으로 라벨을 쉽게 밀어 넣을 수 있습니다. 쉬운 부착: C-채널 마그네틱 라벨 홀더는 도서관, 사무실, 창고 등의 금속 랙, 서랍, 캐비닛 및 선반에 최고의 선택입니다. 이 C-채널 마그네틱 라벨 홀더로 쉽게 라벨링하고 라벨을 다시 붙일 수 있습니다. 바코드 스캔 가능: 독특한 'C' 채널로 바코드 라벨 스캔이 가능하여 빠르고 최신 기록을 보관할 수 있습니다. 두께: 표준 제품 두께는 매끄럽고 미니멀한 룩을 위해 0.2cm(0.08인치) (1/16인치)입니다. 팩 구성. 팩에는 7.6 x 15.2cm(3 x 6인치) 크기의 자석 라벨 홀더 10개와 종이 인서트가 포함되어 있습니다.",,"['라벨', '홀더', '채널', '마그네틱', '독특하다', '선반', '스캔', '디자인', '인서트', '자석']"
사무용품,라벨 및 스티커,라벨 홀더,,B075D95881,"Lineco 인서트가 있는 라벨 홀더, 아카이벌 폴리에스터, 5.1 x 7.6cm(2 x 3인치), 12개 패키지 (780-2030)",Lineco,12451,12451,4.0,9.0,고품질의 미국에서 제작되었습니다. Lineco는 아카이브 아트 및 프레임 용품 분야에서 선도적이고 신뢰할 수 있는 브랜드입니다. 각 홀더는 중성 인서트가 함께 제공되며 인서트를 교체하기만 하면 재사용이 가능합니다. 아카이브 폴리에스터로 제작된 이 라벨 홀더는 두 개의 긴 면에 밀봉되어 압력에 민감한 아크릴 접착제를 사용하여 부착됩니다. 전체 사이즈: 7.6 x 10.2cm. 12개의 홀더 및 인서트 패키지 당 가격.,아카이브 폴리에스터로 제작된 이 라벨 홀더는 두 개의 긴 면에 밀봉되어 압력에 민감한 아크릴 접착제를 사용하여 부착됩니다. 각 홀더는 중성 인서트가 함께 제공되며 인서트를 교체하기만 하면 재사용이 가능합니다. 12개의 홀더 및 인서트 패키지 당 가격.,"['홀더', '인서트', '폴리에스터', '패키지', '라벨', '제작', '아카이브', '아크릴', '민감하다', '밀봉']"
사무용품,라벨 및 스티커,라벨 홀더,,B0C1Z4X7DK,"롤 및 팬 폴드 라벨용 라벨 홀더, 열 라벨 홀더, 데스크탑 프린터 및 배송 라벨 프린터용 액세서리, 라벨 프린터 데스크탑 오거나이저(블랙)",PXRJE,11066,11066,5.0,2.0,"【다양한 용도】실용적인 열 라벨 홀더는 감열지를 정리하여 쉽고 매끄러운 라벨 인쇄를 할 수 있도록 도와줍니다. 가정, 사무실 또는 학교에 적합하며 가족, 친구, 동료 등을 위한 훌륭한 선물입니다. 【내구성 있는 소재】라벨 홀더는 친환경 ABS 플라스틱으로 만들어져 견고하고 내구성이 뛰어나며 강하고 매끄러운 표면과 가장자리가 있어 쉽게 깨지거나 변형되지 않으며 오랫동안 사용할 수 있습니다. 【컴팩트한 사이즈】열 라벨 홀더는 컴팩트하고 많은 공간을 차지하지 않으며 책상 공간에 적합하며 대부분의 데스크탑 열 라벨 프린터 및 배송 라벨 프린터와 호환됩니다. 【적합한 사이즈】조립이 쉽고 현대적이고 세련된 디자인, 열 라벨 홀더 내부 크기(길이x너비x높이) 약 195x116x133mm/7.68x4.57x5.24인치, 사용 시 라벨이 잘 맞는지 확인하세요. 【호환 라벨】열 라벨 홀더는 롤 및 팬 폴드 라벨과 호환되며 롤 라벨이나 팬 폴드 라벨을 배치하는 다양한 요구 사항에 적합합니다. 점프 방지 디자인으로 빠르게 인쇄할 때 축이 점프하지 않습니다.","설명: 열 라벨 홀더는 롤 및 팬 폴드 라벨과 호환되며 대부분의 데스크탑 열 라벨 프린터 및 배송 라벨 프린터와 호환됩니다. 친환경 ABS 플라스틱으로 제작되어 견고하고 내구성이 뛰어나며 강하고 매끄러운 표면과 가장자리는 쉽게 깨지거나 변형되지 않으며 오랫동안 사용할 수 있습니다. 조립이 쉽고 현대적이고 세련된 디자인으로 감열지를 정리하여 쉽고 매끄럽게 라벨 인쇄를 할 수 있습니다. 사양: 소재: ABS 색상: 블랙, 화이트 총 사이즈(길이x너비x높이): 약 230x139x164mm/9.06x5.47x6.46인치. 내부 사이즈(길이x너비x높이): 약 195x116x133mm/7.68x4.57x5.24인치. 패키지 구성: 열 라벨 홀더 1개. 참고: 1. 조명과 화면 차이로 인해 제품의 색상이 사진과 약간 다를 수 있습니다. 2. 수동 측정으로 인해 1-2cm 오차가 있을 수 있습니다.","['라벨', '열', '홀더', '프린터', '호환', '폴드', '매끄럽다', '롤', '데스크탑', '팬']"
사무용품,라벨 및 스티커,라벨 홀더,,B0C3GJJ3TQ,"투명 플라스틱 라벨 홀더 클립 온 20개, 쉬운 버튼 잠금 디자인의 바구니 라벨 클립, 와이어 선반 가격 라벨, 보관 상자용 라벨, 상품 사인 디스플레이 홀더 (8cm(3.15인치))",,8296,8296,,,"제품 구성: 버튼 잠금 장치가 있는 투명 플라스틱 라벨 홀더 20개, 8cm(3.15인치) x 4cm(1.57인치) 이하의 라벨에 적용 가능. 제품 패키지에는 라벨이 포함되어 있지 않습니다. 프리미엄 소재: 이 플라스틱 라벨 홀더는 고품질 PVC 플라스틱으로 만들어졌으며 내구성이 뛰어나고 재사용이 가능하며 단단하며 독특한 냄새가 없습니다. 투명한 디자인으로 제품을 한눈에 선명하게 만듭니다. ✅ 버튼 잠금 디자인: 바구니 라벨 홀더는 쉬운 버튼 잠금으로 디자인되어 떨어지지 않고 바구니와 선반에 쉽게 고정할 수 있습니다. 디스플레이 라벨: 투명 플라스틱 라벨은 식료품 저장실 라벨, 주방 라벨, 침실 라벨, 교실 라벨, 사무실 라벨, 창고 라벨, 슈퍼마켓 라벨로 사용할 수 있으며 품목 세부 정보나 가격을 표시하기에 적합합니다. 위험 부담 없는 쇼핑: 30일 반품 및 교체 서비스를 제공합니다. 궁금한 사항이 있으시면 언제든지 저희에게 연락해 주십시오. 최선을 다해 도와 드리겠습니다. 성원에 감사드립니다!","LITOPEXPE의 꿈은 고객에게 행복한 쇼핑 경험과 가장 비용 효율적인 제품을 제공하는 것입니다. 저희를 믿고 선택하세요! 특징 ✔종이를 쉽게 삽입하고 제거하고 교체할 수 있습니다. ✔라벨 용지에 필요한 정보를 적어 물건을 표시하거나 분류할 수 있습니다. 사양 제품 이름: 바구니 라벨 홀더 소재: PVC 라벨(L*W): 3.15"" * 1.57"" 총 길이: 8cm 총 너비: 5.5cm 색상: 투명 패키지 구성 버튼 잠금 장치가 있는 바구니 라벨 홀더 20개. 참고: (1) 색상은 디스플레이에 따라 다를 수 있습니다. 양해 부탁드립니다. (2) 수동 측정으로 인해 1-2mm 오차가 있을 수 있습니다. 입찰 전에 신경 쓰지 마십시오. 애프터 세일즈 저희는 모든 고객의 쇼핑 요구를 충족시키기 위해 최선을 다하고 있습니다. 구매한 제품에 만족하지 못하셨다면 30일 환불 또는 교환을 해드립니다. 제품에 대해 궁금한 점이 있으시면 언제든지 저희에게 연락해 주시면 기꺼이 답변해 드리겠습니다.","['라벨', '홀더', '버튼', '플라스틱', '바구니', '디자인', '투명', '구성', '디스플레이', '쇼핑']"
사무용품,라벨 및 스티커,라벨 홀더,,B0CSSNPZ7G,캐비닛 금속 프레임 나사 20개 빈티지 레이스 카드 프레임 아연 합금 라벨 카드 슬롯 서랍 라벨 홀더 사무실 캐비닛 슬롯 랙 앤티크 브론즈 화장대 캐비닛 나무 박스 파일 박스 10개,,11481,11481,5.0,1.0,"고품질 소재: 아연 합금 도금으로 제작되어 경도가 높으며 깨지거나 녹슬지 않으며 부식 방지, 긴 사용 수명. 간편한 설치: 각 라벨 홀더에는 나사 2개가 포함되어 있으므로 라벨 프레임을 구멍에 정렬하고 제자리에 나사로 고정하기만 하면 됩니다. 실용적: 꽃 조각 디자인이 특징이며, 문서의 내용을 구별하기 위해 명함을 보관할 뿐만 아니라 책장을 장식하여 빈티지하고 정교한 룩을 선사합니다. 패키지 구성: 빈티지 라벨 금속 프레임 10개(나사 20개). 설치 요구 사항을 충족하는 수량으로 집이나 사무실에 아름다움을 더하거나 장식을 더할 수 있습니다. 다양한 용도: 이 라벨 프레임 카드 홀더는 서랍, 옷장, 캐비닛, 찬장, 상자, 파일 상자, 책장, 책장 등과 같은 가정, 사무실, 도서관 및 가구에 널리 사용됩니다.",사양: 제품 이름: 빈티지 라벨 금속 프레임. 소재: 아연 합금 색상: 브론즈 무게: 8g/1개 사이즈: 68x44x50mm/2.7x1.7x1.9인치 패키지 구성: 빈티지 라벨 금속 프레임 10개(나사 20개),"['라벨', '프레임', '나사', '빈티', '금속', '캐비닛', '사무실', '홀더', '책장', '아연']"
사무용품,라벨 및 스티커,라벨 홀더,,B0BC1YGHGV,"uxcell 금속 라벨 홀더, 68x44mm 24피스 빈티지 레이스업 비즈니스 태그 라벨 프레임 카드 홀더, 선반 파일 사무실 라이브러리 서랍용, 브론즈",,20068,20068,5.0,3.0,"[금속 라벨 홀더] - 총 사이즈: 68mm x 44mm/2.68"" x 1.73""(길이*너비); 내부 사이즈: 33mm x 29.5mm/1.3"" x 1.16""(길이*너비); 설치 구멍 직경: 3mm/0.118""; 패키지 포함: 24개 x 금속 라벨 홀더, 48개 x 나사. [소재] - 파일 서랍 라벨 홀더는 전기 도금이 있는 아연 합금으로 만들어져 고강도, 높은 경도, 녹 방지, 부식 방지 및 긴 수명을 가지고 있습니다. [사용] - 이 레이스업 라벨 홀더를 명함으로 사용하여 원하는 것을 카탈로그화할 수 있습니다. 복고풍 스타일의 디자인, 섬세하고 독특하여 집이나 사무실에 아름다움과 장식을 더할 수 있습니다. [쉬운 설치] - 이 세트는 내부에 충분한 나사가 포함되어 있어 액세서리를 구입하는 것에 대해 걱정할 필요가 없습니다. 스크루 드라이버로 금속 라벨 프레임을 서랍이나 다른 곳에 쉽게 부착할 수 있습니다. [용도] - 이 라벨 프레임 카드 홀더는 서랍, 옷장, 캐비닛, 찬장, 나무 상자, 파일 상자, 책장, 책장 등과 같은 가정, 사무실, 도서관 및 가구에 널리 사용됩니다.",,"['라벨', '홀더', '금속', '서랍', '파일', '사무실', '프레임', '방지', '레이스', '카드']"
사무용품,라벨 및 스티커,라벨 홀더,,B081G7BZ7P,Antrader 24팩 빈티지 레이스업 사무실 도서관 파일 서랍 태그 명함 슬롯 라벨 홀더 금속 프레임 앤티크 브론즈,Antrader,12866,12866,4.7,288.0,"패키지 구성: 24pcs x 태그 라벨 홀더, 48pcs x 장착 나사 소재: 아연 합금; 색상: 앤티크 브론즈; 무게: 142g 전체 크기: 55 x 43mm/2.15"" x 1.7"" (L*W); 내부 프레임 사이즈: 33 x 12mm/1.3"" x 0.5""(L*W) 마운트 홀 직경: 2mm/0.08-; 마운트 홀 중심 거리: 49mm/1.93- 장식용 태그 라벨 홀더/프레임, 파일 서랍, 선반, 책장 등에 널리 사용됩니다.",,"['홀더', '라벨', '프레임', '태그', '서랍', '홀', '파일', '마운트', '브론즈', '앤티크']"
사무용품,라벨 및 스티커,라벨 홀더,,B07TKTQTQ5,"16피스 59 x 45mm 사무실 라이브러리 파일 서랍 캐비닛 카드 태그 라벨 홀더 서랍 나사 포함 금속 풀 카드 라벨 프레임 홀더 태그 풀 캐비닛 프레임 핸들, 실버 톤",lasenersm,20761,20761,3.9,13.0,"핏 라벨 사이즈: 48 x 25mm (L*W); 전체 사이즈: 59 x 45mm (L*W) 마운트 구멍 거리: 51mm; 마운트 구멍 직경: 3mm 소재: 아연 합금, 색상: 실버 톤, 각 태그 라벨 홀더 서랍 손잡이는 두 개의 나사가 함께 제공됩니다 태그 라벨 홀더 서랍 손잡이는 사무실, 도서관, 우체국 등에 적합합니다. 태그 라벨 홀더 서랍 손잡이는 파일 서랍, 선반, 책장 등에 널리 사용됩니다.","사양: 전체 크기: 59 x 45mm (L*W) 핏 라벨 사이즈: 48 x 25mm (L*W) 마운트 구멍 거리: 51mm 마운트 구멍 직경: 3mm 색상: 실버 톤 소재: 아연 합금 설치가 쉽고, 장착 나사가 포함되어 있습니다(각 태그 라벨 홀더는 나사 2개가 함께 제공됩니다). 사무실, 도서관, 우체국 등에 적합한 태그 라벨 홀더. ●태그 라벨 홀더는 파일 서랍, 선반, 책장 등에 널리 사용됩니다. ●이 태그 라벨 홀더 서랍 손잡이가 있어 가구를 멋지게 보이게 합니다. 패키지 구성: 사무실 라이브러리 파일 서랍 캐비닛 카드 태그 라벨 홀더 서랍 손잡이 16개 나사 32개. 안내: 1. 조명과 디스플레이의 원인으로 인해 색상이 약간 다를 수 있습니다. 이것은 피할 수 없습니다. 양해 부탁드립니다! 2. 수동 측정으로 인해 약간의 치수 차이가 있을 수 있습니다","['라벨', '홀더', '서랍', '태그', '손잡이', '나사', '구멍', '사무실', '파일', '마운트']"
사무용품,라벨 및 스티커,라벨 홀더,,B0B4DGB9JK,"U.S. Solid 롤 및 팬 폴드 라벨용 라벨 홀더, 열 프린터용 2 in 1 데스크탑 배송 라벨 롤 홀더",U.S. Solid,15775,15775,4.4,12.0,"투인원 디자인: 이 라벨 홀더는 라벨 롤, 접이식 라벨 및 스택 라벨 모두에 적합합니다. 주요 파라미터 - 최소. 내부 코어 사이즈: 1-; 최대 외부 지름 9-; 최대 라벨 너비 5- 쉬운 설치: 6개의 조각으로 구성되어 조립이 매우 쉽습니다 다양한 용도: 대부분의 프린터와 호환되며 이 라벨 홀더를 사용하여 열 라벨을 보관하고 사용할 수 있습니다.",,"['라벨', '롤', '홀더', '프린터', '열']"
사무용품,라벨 및 스티커,라벨 홀더,,B0BF9XTWPG,"24피스 앤티크 브론즈 레이스업 라벨 홀더, 선반 파일 사무실 도서관 서랍용 비즈니스 태그 라벨 프레임 카드 슬롯",,13836,13836,5.0,1.0,"【풍부한 수량】라벨 홀더 10개, 길이 5.5cm(2.17인치) x 너비 4.3cm(1.7인치), 내부 직사각형, 길이 3.3cm(1.3인치) x 너비 1.3cm(0.57인치), 장착 구멍 간격. 충분한 장착 나사 포함. 【특수 공정】라벨 프레임은 아연 합금으로 도금되어 있으며 금속 라벨 프레임의 표면은 녹 방지 및 부식 방지 기능이 있으며 수명이 깁니다. 【완벽한 장식】이 태그 홀더를 명함으로 사용하여 원하는 것을 분류할 수 있습니다. 빈티지 레이스 각인 룩이 특징이며, 명함을 구별할 수 있을 뿐만 아니라 집이나 사무실에 아름다움이나 장식을 더할 수도 있습니다. 【광범위한 호환성】서랍, 옷장, 캐비닛, 캐비닛, 나무 상자, 파일 상자, 책장, 책장 등과 같은 가정, 사무실, 도서관 및 가구에 널리 사용됩니다. 【100% 위험 부담 없는 쇼핑】Zorveiio의 제품은 고객 만족을 보장하기 위해 놀라운 고객 서비스를 제공합니다. 다른 질문이 있으시면 언제든지 아마존 이메일로 문의하십시오. 24시간 이내에 만족스러운 해결책을 제공해 드리겠습니다!","설치 팁: --이 세트에는 맞는 액세서리를 구입하는 것에 대해 걱정할 필요가 없는 충분한 나사가 있습니다. -- 드라이버로 금속 태그 프레임을 서랍이나 다른 서랍에 쉽게 부착할 수 있습니다. 제품 사양: 소재: 아연 합금 색상: 브론즈 사이즈: 55mm x 43mm(길이x너비). 내부 사이즈: 33mm x 13mm(길이x너비). 장착 구멍 간격: 1.96인치 / 50mm 주의 사항: 1. ) 색상은 디스플레이에 따라 다를 수 있습니다. 양해 부탁드립니다. 2. ) 수동 측정으로 인해 1-2mm 오차가 있을 수 있습니다. 구매 전에 이 점을 유의해 주십시오. 저희 제품을 선택해야 하는 이유: 저희가 하는 모든 일은 고객을 위한 것입니다! 완벽주의로서 Zorveiio는 비용 효율적인 고품질 하드웨어를 개발하는 데 전념하고 있습니다. 질문 없이 30일 환불 보장이 적용됩니다. 저희를 믿으세요. 실망시키지 마세요. Zorveiio의 제품에 대해 다른 질문이 있으시면 언제든지 이메일로 문의하십시오. 저희는 24시간 이내에 회신하며 만족스러운 해결책을 제공합니다. 더 이상 기다리지 마세요! 스크롤을 올려 ""장바구니에 담기""를 클릭하고 즐거운 쇼핑 여행을 시작하세요!","['라벨', '서랍', '프레임', '사무실', '질문', '태그', '장착', '홀더', '간격', '책']"
사무용품,라벨 및 스티커,라벨 홀더,,B0B12GSQBV,24피스 앤티크 브론즈 레이스업 라이브러리 파일 서랍 태그 아연 합금 빈티지 사무실 라벨 홀더 명함 슬롯 (직사각형),,12451,12451,4.8,8.0,"✿제품 구성: 직사각형 레이스업 앤티크 브론즈 라벨 홀더 24개, 매칭 나사 48개. 총 크기는 55 x 43mm/ 2.2 x 1.7인치(길이*너비)이며, 내부 프레임 크기는 33 x 12mm/1.3 x 0.49인치(길이*너비)입니다. ✿레이스 각인: 파일 캐비닛 태그는 레트로 레이스 조각 외관으로 명함을 배치하여 구별할 뿐만 아니라 캐비닛을 장식하고 매우 우아하게 보이며 삶에 아름다움을 더합니다. 고품질 소재: 라이브러리 파일 서랍 태그는 고품질 아연 합금 소재로 만들어져 내구성이 뛰어나고 냄새가 없으며 환경 친화적이며 다양한 용도로 재활용이 가능합니다. ✿다용도: 서랍 태그 홀더는 서랍, 캐비닛, 책장, 선반, 나무 상자, 보석 상자 등에 널리 사용할 수 있습니다. 가정, 도서관, 사무실, 약국 및 기타 시나리오에서 캐비닛을 완벽하게 장식합니다. ✿애프터 세일즈 : 저희는 높은 품질과 서비스로 신뢰를 얻는 것을 목표로 합니다. 제품을 수령한 후 품질에 문제가 있는 경우 제때 저희에게 연락하시면 최대한 빨리 만족스러운 답변을 드리겠습니다.","Auvotuis 소개 Auvotuis 는 전문적이고 성숙한 생산 공정을 갖춘 역동적인 브랜드로 우수한 품질의 제품과 훌륭한 서비스로 새로운 쇼핑 경험을 제공합니다! 쉬운 설치. 두 개의 장착 나사(매칭 나사 포함)를 나사로 조이기만 하면 앤티크 라벨 홀더를 설치할 수 있습니다. DIY 캐비닛 요구 사항을 편리하고 빠르게 충족할 수 있습니다. 사양 색상: 앤티크 브론즈 소재: 아연 합금 구멍 간격: 50mm/1.97인치. 총 크기: 55 x 43mm/ 2.2 x 1.7인치 (L*W) 내부 프레임 사이즈: 33 x 12mm/ 1.3 x 0.49인치 (L*W) 패키지 구성 금속 라벨 홀더 24개(매칭 나사 포함). 유용한 팁 1. 라벨 프레임만 있으며, 제품에는 종이 인서트가 포함되어 있지 않습니다. 2. 모니터에 따라 약간의 색상 차이가 있을 수 있습니다. 3. 수동 측정으로 인해 합리적인 범위의 오차가 있을 수 있습니다. 30일 애프터 세일즈 저희는 항상 고객에게 100% 만족스러운 서비스 경험을 제공하기 위해 최선을 다하고 있습니다. 제품을 받은 후 30일 이내에 품질 문제가 있는 경우 즉시 저희에게 연락하시면 24시간 이내에 만족스러운 답변을 드리겠습니다.","['캐비닛', '홀더', '라벨', '나사', '태그', '서랍', '레이스', '앤티크', '구성', '아연']"
사무용품,라벨 및 스티커,라벨 홀더,,B08S6SXSW6,"Zonon 주방 클립 라벨 홀더 8개, 탈착식 아크릴 빈 클립, 식료품 저장실 라벨 스티커 40개, 보관 바구니용 (화이트 라벨 홀더 및 블랙 단어)",Zonon,13836,13836,4.4,258.0,"제품 구성: 주방 클립 라벨 홀더 8개와 식료품 저장실 라벨 스티커 40개가 있어 일상 생활에서 사용할 수 있는 좋은 조합입니다 내구성 및 견고함: 클립 라벨 홀더는 아크릴 소재로 만들어져 내구성이 뛰어나고 쉽게 깨지지 않습니다. 라벨 스티커는 고품질 PVC 투명 광택 스티커 소재에 인쇄됩니다 간편한 사용: 라벨 홀더의 크기는 약 6 x 9cm/2.36 x 3.54인치, 라벨 스티커의 크기는 약 4 x 7cm/1.57 x 2.75인치, 각 라벨 홀더는 통, 바구니 또는 상자에 쉽게 고정할 수 있으며 제거하고 다시 배치할 수 있습니다 다양한 단어: 다양한 식료품 저장실 라벨 스티커가 제공되며 아침, 베이킹, 간식, 곡물 등과 같은 다양한 단어가 포함되어 있어 다양한 요구 사항을 충족할 수 있습니다 편리한 사용: 아크릴 라벨 홀더는 가장자리를 위한 물결 모양 디자인으로 되어 있으며 라벨 홀더는 오랫동안 사용할 수 있으며 청소하기 쉽고 기상 조건에 쉽게 영향을 받지 않습니다",,"['라벨', '홀더', '스티커', '클립', '식료품', '구성', '아크릴', '저장', '단어', '주방']"
사무용품,라벨 및 스티커,라벨 홀더,,B0B8D84W6K,"40피스 앤티크 라벨 홀더, 구리 태그 라벨 홀더, 빈티지 금속 카드 프레임, 사무실 도서관 파일 서랍 캐비닛 선반용",,9681,9681,5.0,3.0,"【제품 구성】 장착 나사가 있는 라벨 홀더 40개. 필요에 맞는 충분한 수량, 빈티지 라벨 홀더는 편리하고 목재 가구를 장식합니다. 【제품 사이즈】 외부 치수: 60mm x 17mm(2.4인치 x 0.67인치) (길이 x 너비). 내부 크기: 1.65"" x 0.43"" / 42mm x 11mm/(길이 x 너비). 【빈티지 라벨 홀더】 빈티지 라벨 홀더에는 완성된 라벨을 보관할 수 있어 서랍이나 파일 캐비닛의 내용물을 쉽게 분류하고 식별할 수 있습니다. 【다양한 용도】 금속 라벨 홀더는 사무실, 가정, 약국, 서점 등에서 사용할 수 있습니다. 파일 서랍, 선반, 책장, 보석 상자, 캐비닛 등에 적합합니다. 【서비스 보장】 저희는 항상 100% 만족 보장과 신뢰할 수 있는 고객 서비스를 제공합니다. 궁금한 사항이 있으시면 언제든지 저희에게 연락하시면 24시간 이내에 답변을 드리겠습니다. 이 제품이 마음에 들지 않으면 수령 후 30일 이내에 환불을 위해 반품할 수 있습니다.","특징 1. 이 라벨 홀더는 표면에 청동 또는 구리 색상 코팅이 된 금속으로 만들어져 강하고 내구성이 뛰어나며 쉽게 변형되거나 녹슬지 않습니다. 2. 설치가 쉽고, 나사가 함께 제공되어 목재 가구에 설치하기에 적합합니다. 3. 캐비닛 내부의 물체를 구별하는 동시에 가구에 우아한 느낌을 줍니다. 참고: 라벨 프레임 및 나사만 포함, 종이 삽입물은 포함되지 않습니다. 사양: 색상: 구리 재료: 금속 외부 치수: 60mm x 17mm (길이 x 너비) 내부 크기: 1.65"" x 0.43"" / 42mm x 11mm/(L x W) 패키지 구성: 라벨 홀더 40개. 장착 나사 80개. 애프터 서비스: 당사의 목표는 고객에게 고품질의 제품과 만족스러운 서비스를 제공하는 것입니다. 즐거운 쇼핑 경험을 할 수 있기를 바라며, 제품에 만족하지 못하셨다면 아무 이유없이 30일 이내에 반품하실 수 있습니다. 이제 ""장바구니에 담기""를 클릭하세요. 더 이상 반품할 필요가 없습니다. 걱정 없이 쇼핑을 즐기세요!","['라벨', '홀더', '캐비닛', '금속', '나사', '빈티', '서비스', '구리', '구성', '내부']"
사무용품,라벨 및 스티커,라벨 홀더,,B00CBS45T6,"Azar 700843 3.8cm x 7.6cm 플립 스캔 라벨 홀더, 50팩",Azar Displays,31979,31979,4.8,10.0,Aznar의 플립 스캔 퀵 백 후크와 함께 작동합니다(별도 판매) 쉽게 사용할 수 있도록 뒤집어 놓으면 다시 볼 수 있습니다 플레이트 사이즈; 3.8cm x 7.6cm 50개 팩으로 판매됩니다,"이 3.8 cm x 7.6 cm 플립 스캔 용지 라벨 홀더는 Aznar의 플립 스캔 후크 라인에 끼울 수 있습니다 (별도 판매). 쉽게 접근할 수 있도록 라벨을 뒤집어 놓으면 다시 볼 수 있습니다. 일반 종이 라벨을 삽입하기 위해 제품이 구부러집니다. 50개 팩으로 판매됩니다./These 1.5"" x 3"" flip scan paper label holders snap onto Azar's line of flip scan hooks (SOLD SEPARATELY). Labels flip up for easy access and fall back into view when released. Product flexes open for insertion of plain paper labels. Sold in packs of 50.","['플립', '판매', '스캔', '라벨', '후크', '홀더', '퀵', '종이', '접근', '일반']"
사무용품,라벨 및 스티커,라벨 홀더,,B0BTZ6DGGF,"Craftelier - 스크랩북 프로젝트 및 라벨링 앨범, 플래너, 노트북 또는 정리 상자를 장식하기 위한 로열 메탈릭 라벨 홀더 4개 세트 - 사이즈 6.3 x 3.3cm - 브론즈 색상",,7479,7479,,,"설명: Craftelier Basics의 금속 라벨 홀더 4개 세트는 앨범, 노트북, 플래너 또는 스크랩북 및 공예 프로젝트에 제목이나 식별자를 넣을 수 있는 이상적인 보완품입니다. 2가지 사이즈와 디자인(7 x 2 cm 및 6.3 x 3,3 cm) 및 8가지 색상(블랙, 화이트, 골드, 로즈 골드, 로즈 골드, 터키석, 핑크, 빈티지 브론즈, 민트 그린)으로 제공됩니다. 세부 정보: 세트에는 라벨 홀더와 동일한 색상의 금속 라벨 홀더 4개와 브래드 또는 바인더 8개가 포함되어 있습니다. 라벨 홀더의 대략적인 치수는 6.4 x 3.3cm(2.48 x 1.3인치)입니다. 스크랩북이란 무엇인가요? 스크랩북은 기억, 감정 또는 중요한 사건을 포착하는 데 기반한 공예 분야입니다. 스크랩북의 본질은 두 가지 핵심 요소를 사용하여 이야기를 전하는 것입니다: 사진과 그것을 둘러싼 기억. 사진은 인쇄된 종이, 리본, 판지, 와시 테이프, 스탬프 및 모든 종류의 장식으로 사용되고 장식됩니다. 스크랩북은 앨범, 노트북, 시트, 카드, 엽서, 다이어리 및 플래너에서 할 수 있습니다. 공예 정보: 저희는 스크랩북 및 기타 공예품을 위한 재료 및 도구 전문가입니다. 디자인에 대한 강한 헌신으로 악기와 요소는 세련되고 실용적입니다. 창의적인 요구 사항을 충족하는 모든 Craftelier 제품을 찾아보세요. 고객 서비스: 저희 팀은 스크랩북, 공예, 취미 및 예술에 대한 경험과 열정을 가지고 있습니다. 제품에 대한 의심과 질문을 해결하기 위해 최선을 다하고 있습니다. 아마존의 내부 메시징 시스템을 통해 고객 서비스를 제공해 드리겠습니다.",,"['스크랩', '북', '라벨', '홀더', '공예', '장식', '골드', '노트북', '앨범', '기억']"
사무용품,라벨 및 스티커,라벨 홀더,,B0884K9QXH,"교체용 스풀 어셈블리/라벨 홀더/스핀들 부품 - DYMO LabelWriter 550, 450, 400, 300 시리즈 라벨 프린터와 호환 가능",betakilo,29569,29569,4.3,107.0,"LabelWriter 550 / 450 시리즈 (듀오, 터보, 트윈 터보) 프린터, 400 및 300 시리즈 프린터와 호환됩니다. 경고: 더 긴 막대가 필요한 DYMO 5XL / 4XL 프린터와 호환되지 않습니다. 스냅 핏 액션, 엔드 캡은 OEM 부품과 같은 스풀 로드를 클릭합니다. 골지 막대, OEM 부품과 교체 가능, 도구 없이 함께 조립할 수 있습니다. 너비 조절 가능, 너비 1.9cm(3/4인치)에서 6.4cm(2-5/16인치) 라벨에 맞습니다.",DYMO 스풀 어셈블리를 손상시키거나 잃어버렸습니까? 라벨 크기를 빠르게 교체해야 합니까? OEM 호환 교체 부품을 사용하면 다양한 라벨을 빠르게 사용할 수 있습니다. 이 제품은 P/N 95175 또는 P/N 95175001이라고도 알려진 OEM DYMO 부품 SKU 2025672를 직접 대체합니다. 호환되는 프린터 DYMO LabelWriter 550 DYMO LabelWriter 450 DYMO LabelWriter 450 터보 DYMO LabelWriter 450 트윈 터보 DYMO LabelWriter 450 Duo DYMO LabelWriter 무선 DYMO LabelWriter 400 DYMO LabelWriter 400 터보 DYMO LabelWriter 트윈 터보 DYMO LabelWriter 330 등과 같은 잠재적으로 구형 모델... 기계 개구부를 측정하고 확인하여 확인하십시오. 경고: DYMO 550 / 450 프린터보다 큰 DYMO 5XL / 4XL 시리즈 프린터와 호환되지 않습니다,"['프린터', '호환', '터보', '부품', '라벨', '시리즈', '스풀', '트윈', '빠르다', '막대']"
사무용품,라벨 및 스티커,라벨 홀더,,B0C7MXXYS8,롤 팬 폴드 라벨 홀더 학교용 외부 열 라벨 홀더 10개의 케이블 라벨 홈 오피스(그림 참조),Tookie,9681,9681,,,"【패키지 구성】흰색 대형 써마 프린터 라벨 홀더 1개와 레드 케이블 라벨 10개가 제공되며, 감열지를 정리하여 쉽고 매끄러운 라벨 인쇄와 지저분한 케이블을 정리하는 데 도움이 됩니다. 가정, 사무실, 학교 등에 적합합니다. 【적합한 사이즈】조립이 쉽고 현대적이고 세련된 디자인의 열 라벨 홀더는 최대 직경 110mm/4.33인치의 라벨 롤과 최대 크기 180x100mm/7.09x3.94인치의 팬 폴드 라벨을 지원합니다. 【케이블 라벨】케이블 라벨은 나일론으로 만들어져 내구성이 뛰어나고 마모에 강하며 쉽게 깨지지 않으며 후크 앤 루프 디자인으로 손글씨를 지원하여 케이블을 분류 및 표시하고 순서를 유지하고 작업 효율성을 향상시키는 데 도움이 됩니다. 【내구성 있는 소재】라벨 홀더는 친환경 ABS 플라스틱으로 만들어져 견고하고 내구성이 뛰어나며 강하고 매끄러운 표면과 가장자리가 있어 쉽게 깨지거나 변형되지 않으며 오랫동안 사용할 수 있습니다. 컴팩트하고 많은 공간을 차지하지 않으며 책상 공간에 적합합니다. 【호환 라벨】열 라벨 홀더는 롤 및 팬 폴드 라벨과 호환되며 상단 롤러 홀더는 제거 가능하며 롤 라벨을 배치하거나 팬 폴드 라벨을 배치하는 다양한 요구 사항에 적합합니다. 대부분의 데스크탑 열 라벨 프린터 및 배송 라벨 프린터와 호환됩니다.","특징: 【패키지 구성】흰색 대형 써마 프린터 라벨 홀더 1개와 레드 케이블 라벨 10개가 제공되며, 감열지를 정리하여 쉽고 매끄러운 라벨 인쇄와 지저분한 케이블을 정리하는 데 도움이 됩니다. 가정, 사무실, 학교 등에 적합합니다. 【호환 라벨】열 라벨 홀더는 롤 및 팬 폴드 라벨과 호환되며 상단 롤러 홀더는 제거 가능하며 롤 라벨을 배치하거나 팬 폴드 라벨을 배치하는 다양한 요구 사항에 적합합니다. 대부분의 데스크탑 열 라벨 프린터 및 배송 라벨 프린터와 호환됩니다. 설명: 흰색 대형 써마 프린터 라벨 홀더 1개와 레드 케이블 라벨 10개를 받게 됩니다. 라벨 홀더는 롤 및 팬 폴드 라벨과 호환되며 친환경 ABS 플라스틱으로 제작되어 견고하고 내구성이 뛰어나며 오랫동안 사용할 수 있습니다. 컴팩트한 사이즈로 책상 공간에 적합합니다. 케이블 라벨은 나일론으로 만들어졌으며 내구성이 뛰어나고 마모에 강하며 쉽게 깨지지 않으며 후크 앤 루프 디자인으로 손글씨를 지원하여 케이블을 분류하고 표시하고 순서대로 유지할 수 있습니다. 사양: 라벨 홀더 소재: ABS 라벨 홀더 색상: 화이트 라벨 홀더 총 크기(길이x너비x높이): 약 200x135x155mm/7.87x5.31x6.1inch 적합한 열 라벨 롤 직경: 최대 110mm/4.33inch 적합한 팬 폴드 라벨 크기(LxW): 최대 약 180x100mm/7.09x3.94inch 케이블 라벨 재질: 나일론 케이블 라벨 색상: 레드 케이블 라벨 크기(LxW): 약 3.8x1.6cm/1.5x0.63inch 패키지 구성: 열 라벨 홀더 1개. 케이블 라벨 10개. 참고: 1. 조명과 화면 차이로 인해 제품의 색상이 사진과 약간 다를 수 있습니다. 2. 수동 측정으로 인해 1-2cm 오차가 있을 수 있습니다.","['라벨', '홀더', '케이블', '팬', '열', '롤', '구성', '폴드', '호환', '프린터']"
사무용품,마커 및 형광펜,형광펜,,B08698MJWT,"Sharpie S-Note 크리에이티브 마커, 하이라이터, 다양한 색상, 끌 팁, 24개",SHARPIE,52297,21038,4.7,16990.0,"다용도 크리에이티브 마커, 하이라이터로도 사용할 수 있습니다 메모, 밑줄, 하이라이트, 드로잉 등에 적합합니다 다용도 2-in-1 끌 팁으로 정확한 라인과 넓은 선 사이에서 빠르게 변경할 수 있습니다 번지지 않는 잉크로 작업을 깨끗하게 유지합니다 다양한 색상의 마커 24개 포함","Sharpie S-Note 크리에이티브 마커로 상상력을 자극하세요. 다재다능하고 재미있는 이 제품은 마커와 하이라이터로 메모, 밑줄, 하이라이트, 드로잉 등에 색상을 더합니다. 다용도는 정확한 라인과 넓은 라인 사이에서 빠르게 전환할 수 있는 끌 팁이 있는 게임의 이름입니다. 또한, 번지지 않는 잉크로 작업을 깨끗하게 유지합니다. Sharpie S-Note로 창의력을 발휘하세요.","['라인', '하이라이터', '크리에이티브', '하이라이트', '밑줄', '빠르다', '드로잉', '유지', '잉크', '작업']"
사무용품,마커 및 형광펜,형광펜,,B0040R4E2O,Sharpie 27145 포켓 하이라이터,SHARPIE,14113,14113,4.8,10012.0,"잘 보이는 밝은 색상이 글을 읽기 쉽게 강조해줍니다. 스마트 가드 잉크는 많은 펜과 마커 펜의 잉크가 번지는 것을 막아줍니다. (형광펜을 사용하기 전에 잉크를 건조해주세요.) 잘 써지는 좁게 깎은 형광펜 팁은 강조하거나 밑줄을 치거나 노트를 쓰는 데 좋습니다. 얇은 모양으로 쉽게 컨트롤 할 수 있으며 백팩이나 공책에 쏙 들어갑니다. 구성: 노란색 3 개, 분홍색 2 개, 주황색 2 개, 초록색 2 개, 파란색 2 개 및 보라색 1 개 형광펜.","정보가 최우선이고 정밀도가 필수인 경우에 완벽한 Sharpie 하이라이터는 투명하고 매끄럽고 빠르게 건조되는 잉크로 선명한 색상으로 모든 것을 눈에 띄게 만듭니다. 이 다용도 포켓 하이라이터는 주머니에 쉽게 넣거나 셔츠에 클립으로 고정하여 이동 중에도 쉽게 강조할 수 있도록 설계되었습니다. 빠르게 건조되는 잉크는 많은 펜이나 마커 잉크가 번지지 않으며, 다용도 끌 팁은 넓고 좁은 텍스트 선을 강조하고 밑줄을 긋습니다. 그리고 화려한 색상으로 Sharpie 하이라이터는 가장 중요한 생각과 메모를 페이지에서 뛰어 넘게 만듭니다. Sharpie가 왜 인생의 주요 하이라이터에 꼭 필요한 하이라이터인지 궁금하지 않습니다.","['펜', '잉크', '하이라이터', '강조', '건조', '형광', '다용', '포켓', '빠르다', '좁다']"
사무용품,마커 및 형광펜,형광펜,,B0CH82Q6F5,"Vitoler 미적 형광펜 10개, 끌 팁 마커 펜, 다양한 색상의 캔디 형광펜, 번짐 없는 성경 형광펜, 저널링 플래너 노트용 귀여운 파스텔 형광펜",Vitoler,4141,4141,4.3,1810.0,"10가지 모란디와 캔디 조합: 귀여운 하이라이터는 모란디와 캔디의 두 가지 색상 시리즈로 디자인되었습니다. 전자는 공부하거나 일하는 데 방해가 되지 않으며 눈을 편안하게 해줍니다. 후자는 생생한 색상으로 텍스트에 집중하는 데 필요한 핵심 포인트를 가리지 않습니다. 빠른 건조 및 번짐 없음: 이 성경 형광펜은 부드러운 끌 팁으로 만들어져 일반 용지에 종이가 파손되지 않고 부드럽게 쓸 수 있습니다. 매우 얇은 종이에 글을 쓰는 경우 가볍게 쓰는 것이 좋습니다. 잉크는 수성 소재이며 빠른 건조를 보장합니다. 잉크가 손이나 소매가 더러워질 염려가 없습니다. 잡기 쉬움: 당사의 하이라이터는 사각형 모양으로 디자인되어 손이 아프지 않고 편안하고 잡기 쉽습니다. 사각형 펜 바디는 말리지 않고 테이블에서 쉽게 굴리지 않습니다. 부드러운 글쓰기 경험: 귀여운 형광펜은 경전, 메모, 저널 또는 읽고 싶은 책을 강조하는 데 적합합니다. 부드러운 끌 팁이 있는 자유롭게 흐르는 잉크로 모든 것을 부드럽게 쓸 수 있습니다. 다양한 용도 및 훌륭한 선물: 하이라이터 패키지는 학용품 또는 사무용품을 위한 훌륭한 선택이며 대학, 가정, 사무실, 여행 일기, 일정, 직장, 공부, 메모 등에도 적합합니다. 이 미적 형광펜은 선생님, 반 친구, 상사, 동료 등을 위한 훌륭한 선물입니다.",,"['펜', '형광', '부드럽다', '훌륭하다', '잉크', '캔디', '귀엽다', '하이라이터', '성경', '종이']"
사무용품,마커 및 형광펜,형광펜,,B00006IEJ9,Sharpie 25025 탱크 형광펜,SHARPIE,9584,9584,4.8,11605.0,많은 펜과 마커 잉크로 강조할 때 번지지 않도록 특별히 고안된 Smear Guard 잉크가 특징입니다. 밝고 투명한 색상이 글을 읽기 쉽게 강조해줍니다. 다재다능한 치즐 팁은 강조 표시와 밑줄에 사용하기 좋습니다. 빠르게 건조되는 잉크는 무취이며 AP 인증 무독성입니다.,정보가 최우선이고 정밀도가 필수인 경우에 완벽한 Sharpie 하이라이터는 투명하고 매끄럽고 빠르게 건조되는 잉크로 선명한 색상으로 모든 것을 눈에 띄게 만듭니다. 이 와이드 배럴 탱크 하이라이터는 신뢰할 수 있고 오래 사용할 수 있는 대형 잉크 공급 장치와 넓고 좁은 텍스트 라인을 강조하고 밑줄을 긋는 쉬운 글라이딩 끌 팁이 특징입니다. 빠르게 건조되는 잉크는 많은 펜이나 마커 잉크가 번지지 않습니다. 그리고 화려한 색상으로 Sharpie 하이라이터는 가장 중요한 생각과 메모를 페이지에서 뛰어 넘게 만듭니다. Sharpie가 왜 인생의 주요 하이라이터에 꼭 필요한 하이라이터인지 궁금하지 않습니다.,"['잉크', '하이라이터', '강조', '건조', '빠르다', '펜', '밑줄', '특징', '투명하다', '탱크']"
사무용품,마커 및 형광펜,형광펜,,B08KXMMYSV,"Mr. Pen - 파스텔 형광펜, 12팩, 다양한 색상, 빠른 건조, 형광펜 파스텔, 세트, 성경 저널 형광펜, 마커, 컬러 학용품",Mr. Pen,13836,8240,4.5,5680.0,"Mr. Pen 형광펜 팩에는 다양한 색상의 파스텔 컬러 형광펜 12개가 포함되어 있습니다 다용도 끌 팁 하이라이터, 하이라이트, 밑줄 또는 메모 작성에 적합합니다 빠른 건조, 무취 및 무독성 잉크 형광펜 많은 펜과 마커 잉크의 번짐 방지 (강조하기 전에 잉크를 건조시키십시오) 학교, 가정 또는 사무실에서 단어와 문장을 강조하고 강조하는 데 적합한 프리미엄 형광펜",,"['펜', '형광', '강조', '건조', '잉크', '파스텔', '컬러', '빠르다']"
사무용품,마커 및 형광펜,형광펜,,B07VMY5ZFF,"ZEYAR 하이라이터, 끌 팁 마커 펜, AP 인증, 다양한 색상, 수성, 빠른 건조 (캔디 색상 6개)",ZEYAR,12451,9681,4.7,21957.0,"미국 브랜드 ZEYAR. AP 인증. 밝은 색상: 매우 밝은 형광 또는 마카롱 잉크 모음은 손으로 쓴 텍스트를 보호하고 강조합니다. 다음 페이지에는 그림자가 없습니다 편안한 디자인: 짧고 넓은 몸체는 주머니에 잘 맞으며 잡기 쉽습니다. 심플하고 선명한 외관 디자인 다양한 색상: 레드, 오렌지, 옐로우, 그린, 블루, 바이올렛; 6가지 마카롱 색상: 파스텔 핑크, 파스텔 블루, 파스텔 옐로우, 파스텔 그린, 파스텔 오렌지, 페퍼 민트; 6가지 모란디 색상: 마일드-오렌지, 마일드-블루, 마일드-레드, 마일드-그린, 마일드-바이올렛, 마일드-브라운 영국산 잉크: 수성, ASTM D-4236 인증 준수, 무독성, 무산성 및 사용하기에 안전합니다 미세--보드 라인 팁: 끌 팁으로 1mm의 미세한 선을 그릴 수 있으며 폭은 4mm이며 유연한 필기 너비 저희는 모든 고객을 염려합니다: ZEYAR는 정교한 R&D, 품질 관리 프로세스를 갖춘 전문 마커 제조업체로 모든 제품이 훌륭한 품질을 유지할 수 있도록 합니다. 우리에게 드로잉은 인간의 감정과 경험을 표현하는 것입니다. 그렇기 때문에 당사는 모든 사람들이 마커 용품을 사용할 수 있도록 노력합니다",,"['일드', '파스텔', '블루', '오렌지', '그린', '인증', '디자인', '바이올렛', '수성', '옐로우']"
사무용품,마커 및 형광펜,형광펜,,B019QROV9S,"Sharpie Clear View 하이라이터 스틱, 끌 팁, 다양한 형광, 8개입",SHARPIE,11038,11038,4.7,12308.0,시스루 팁이 있는 하이라이터로 깔끔하고 고르게 강조할 수 있습니다 끌 팁으로 넓은 선과 좁은 선 사이를 전환할 수 있습니다 매우 생생한 형광 잉크가 페이지에서 튀어 나옵니다 많은 펜 및 마커 잉크의 번짐을 방지하여 작업을 깨끗하게 유지합니다 다양한 색상의 스틱 형광펜 8개 포함,"Sharpie® Clear View® 하이라이터 스틱의 시스루 팁과 얇은 그립으로 정밀한 하이라이트를 즐기세요. 투명한 팁과 매끄럽고 섬세한 끌 끝으로 텍스트에 눈을 고정시키고 페이지 전체에서 정확하게 강조할 수 있습니다. 한편, 슬림한 배럴은 잡기 쉽고 노트북이나 백팩에 넣을 수 있는 슬림한 외관을 가지고 있습니다. 형광펜 잉크는 대부분의 펜 및 마커 잉크 위에 표시할 때 번짐을 방지합니다(강조하기 전에 잉크를 말리십시오). Sharpie 클리어 뷰를 사용하면 하이라이트를 언제 중지해야 하는지 항상 알 수 있습니다.","['잉크', '펜', '형광', '강조', '스틱', '하이라이터', '방지', '페이지', '슬림', '시스루', '잉크', '형광', '펜', '라이터', '스틱', '강조', '슬림', '방지', '시스루', '번짐']"
사무용품,마커 및 형광펜,형광펜,,B08H1XNJ4J,"Dabo & Shobo 형광펜 24개 세트, 컬러 마커 및 아름다운 조합 세트 액체 잉크 빠른 건조 및 쉽게 바래지 않음 교실, 사무실 및 상점에 적합 짧은 스타일",Dabo&Shobo,13836,13836,4.6,1115.0,"밝은 색상: 하이라이터는 다양한 색상을 가지고 있으며 사람들의 관심을 끌 때 가장 매력적입니다. 전통적인 흑백 펜에 신경을 쓰셨다면 이 형광펜을 사용하지 않으시겠습니까? 매력적인 색상과 흥미로운 콘텐츠로 사람들이 한 눈에 알아볼 수 있습니다. 펜 홀더와 캡의 색상이 펜의 색상과 일치하므로 펜 색상을 혼동할 필요가 없습니다. 밝은 색상으로 즉시 구별할 수 있습니다. 실용적인 펜 홀더 디자인: 하이라이터의 배럴 디자인은 매우 실용적입니다. 배럴의 색상과 형광펜 색상을 일치시키는 것 외에도 사용자 피드백에 따라 가장 적절한 크기를 선택합니다. 인체 공학을 준수하여 장시간 사용 후에도 피곤하지 않습니다. 그리고 각 하이라이터에는 많은 양의 잉크가 있어 오랫동안 글씨를 쓸 수 있습니다. 다채로운 용도: 컬러 하이라이터 세트의 사용에는 제한이 없습니다. 원하는 곳 어디에나 쓸 수 있습니다. 예를 들어, 이 밝은 색상을 사용하여 수업 시간에 중요한 것을 적어 둘 수 있습니다. 알림을 작성하여 더 많은 사람들이 더 빨리 알아차리거나 인사말 카드, 편지, 그림, 표시를 만드는 데 사용할 수 있습니다. 안전한 사용: 하이라이터는 고품질 소재로 제작되었습니다. 무취, 무독성, 인체에 해를 끼치 지 않으므로 안심하고 사용할 수 있습니다. 아이들도 부담을 주지 않습니다. 하이라이터를 사용하여 자신 있게 멋진 콘텐츠를 쓸 수 있습니다. 고품질 : 저희는 고품질 제품과 좋은 고객 경험을 만들기 위해 최선을 다하고 있습니다. 따라서 제품 사용에 품질 문제가 있는 경우 제때 저희에게 연락해 주시면 진심으로 서비스를 드리겠습니다.",,"['펜', '하이라이터', '사람', '형광', '매력', '디자인', '컬러', '인체', '잉크', '일치']"
사무용품,마커 및 형광펜,형광펜,,B000BQRQ3C,"SHARPIE 25162PP 액센트 탱크 스타일 하이라이터, 형광 옐로우, 2팩",SHARPIE,6841,6841,4.8,2964.0,큰 잉크 공급으로 신뢰할 수 있는 하이라이트를 제공합니다 밝은 형광 노란색 잉크가 페이지에서 돋보입니다 다용도 끌 팁은 넓고 좁은 선을 쉽게 만듭니다 많은 펜 및 마커 잉크의 번짐을 방지합니다(강조하기 전에 잉크를 말리십시오) 포함: 형광 옐로우 샤피 하이라이터 2개,"Sharpie 형광펜은 신뢰할 수 있고 오래 지속됩니다. 각 노란색 하이라이터는 넓은 배럴과 큰 잉크 공급 장치가 있어 신뢰할 수 있는 마킹을 제공합니다. 빠르게 건조되는 잉크는 번짐을 방지합니다(강조하기 전에 잉크를 건조시키십시오). 이 하이라이터는 넓고 좁은 텍스트 선을 강조하고 밑줄을 긋는 쉬운 글라이딩 끌 팁이 특징입니다./Sharpie Highlighters in tank style feature Smear Guard ink technology that is specially formulated to resist smearing of many pen and marker inks. Quick-drying, odorless ink is certified AP nontoxic. Easy gliding chisel tip delivers a smooth highlighting experience. The chisel tip lets you highlight both wide and narrow lines of text. Bright see-through colors increase information retrieval efficiency so the highlighter is great for highlighting or underlining. Dependable and long-lasting highlighter also offers a long write-life.","['잉크', '형광', '하이라이터', '넓다', '신뢰', '강조', '방지', '좁다', '건조', '옐로우']"
사무용품,마커 및 형광펜,형광펜,,B0BFWVLH9W,"WRITECH 듀얼 팁 하이라이터 마커: 미적 파인 & 끌 팁 파스텔 빈티지 마커 멀티컬러 펜 팩 번짐 및 번짐 없음, 성경 하이라이트 저널링, 다양한 색상 12개입",WRITECH,19376,19376,4.4,476.0,"양면 디자인: 듀얼 엔드 마커는 어두운 색상의 섬세한 펠트 팁과 밝은 색상의 끌 팁이 있어 미세한 선(0.4mm)과 넓은 스트로크(1mm-4mm) 사이를 빠르게 전환할 수 있습니다. 마킹 및 색칠을 위한 끌 팁, 글쓰기 및 윤곽을 위한 섬세한 팁. 트렌디한 색상: 24가지 눈에 잘 띄는 파스텔 색상은 12가지 어두운 색상과 12가지 밝은 색상을 포함합니다. 다양한 색상을 혼합하여 낙서, 장식 및 강조하여 페이지에서 글을 돋보이게 합니다. 번짐 없음 & 빠른 건조 잉크: 작업을 깨끗하게 유지하고 다음 페이지에 번짐이나 그림자가 생기지 않습니다. 수성 및 무독성 잉크 덕분에 안전 드로잉 및 변색 방지 기능이 있습니다. 다양한 사용: 마킹, 하이라이트, 드로잉, 색칠, 밑줄, 낙서 및 불렛 저널, 다양한 플래너, 교과서 또는 기타 사무실 및 학용품에 메모를 작성하는 데 적합합니다. 유틸리티 디자인: 펜 배럴은 잡기 편하며 독특한 펜 캡은 테이블에서 굴러가는 것을 방지하도록 설계되었습니다. 내구성이 뛰어나고 마모되지 않는 팁은 수명을 늘립니다.",,"['펜', '섬세하다', '낙서', '색칠', '방지', '마킹', '디자인', '잉크', '드로잉', '듀얼']"
사무용품,마커 및 형광펜,형광펜,,B08K2YXHC7,"Shuttle Art 하이라이터, 8가지 다양한 색상 형광펜, 끌 팁 건조-빠른 무독성 형광펜 마커, 성인 아동용 하이라이트, 홈 스쿨 오피스 하이라이트",Shuttle Art,12437,12437,4.6,2523.0,"다양한 용도로 사용할 수 있는 다양한 색상: 노란색, 초록색, 파란색, 분홍색, 보라색, 보라색, 주황색 및 밝은 주황색을 포함한 8가지 밝은 형광색 형광펜은 교과서, 팩스, 사본, 신문 및 다양한 플래너에 대한 정보를 강조하는 어린이와 성인을 위한 완벽한 세트입니다. 번짐 없음 & 오래 지속됨: 단어의 프리미엄 퀵 드라이 잉크 드로잉은 번짐, 누출, 변색 또는 번짐 없이 선명하고 깨끗하게 유지됩니다(강조하기 전에 잉크를 말리십시오). 각 액체 하이라이터에는 내구성이 뛰어난 펜 캡이 장착되어 잉크가 마르지 않아 오래 사용할 수 있습니다. Shuttle Art 하이라이터는 ASTM-D4236을 준수합니다. 다용도 끌 팁: 다용도 및 내구성 있는 끌 팁이 있는 Shuttle Art 하이라이터 세트는 다양한 요구에 따라 넓은 하이라이트와 섬세한 밑줄 모두에 적합합니다. 좁은 배럴 모양으로 편안하게 잡을 수 있어 어린이와 어른 모두에게 적합합니다. 완벽한 선물 선택: 이 다양한 형광펜은 컴팩트한 패키지에 깔끔하게 정리되어 쉽게 휴대할 수 있습니다. 컬러 디자인으로 각 색상을 쉽게 인식하고 식별할 수 있습니다. 트렌디한 파스텔 색상은 십대들 사이에서 인기가 높기 때문에 하이라이터는 학교 선물 아이디어로 현명한 선택입니다. 서비스 보장: 고객 만족을 최우선으로 생각합니다. 안심하고 제품을 구입하십시오. 저희 제품에 만족하지 못하거나 질문이 있으시면 언제든지 저희에게 연락하십시오.",,"['형광', '펜', '하이라이터', '하이라이트', '잉크', '강조', '다용', '선택', '선물', '어린이']"
사무용품,마커 및 형광펜,형광펜,,B08CDV3S2H,"Shuttle Art 하이라이터, 18가지 색상 파스텔 형광펜 다양한 색상, 듀얼 팁 마일드 컬러 형광펜 마커, 청소년, 어린이 및 성인 색칠, 밑줄, 하이라이팅에 적합",Shuttle Art,20761,13836,4.6,4099.0,"다용도의 트렌디하고 부드러운 색상: Shuttle Art 18가지 색상 형광펜 세트는 믿을 수 없을 정도로 재미있고 트렌디한 부드러운 파스텔 잉크 색조를 특징으로 합니다. 마커 세트는 교과서, 팩스, 저널, 메모 및 다양한 플래너를 미묘하지만 세련된 외관으로 낙서, 장식 및 강조할 수 있는 매력적인 옵션 세트를 제공합니다. 더블 엔드 디자인: Shuttle Art 듀얼 팁 마일드 하이라이터는 하이라이트와 밑줄을 모두 위한 넓고 섬세한 트윈 팁이 있습니다. 다용도 끌 팁은 약 0.4cm로 넓고 미세한 너비 사이를 원활하게 전환할 수 있어 부드럽고 체계적인 작업 흐름을 제공합니다. 미세 팁의 웨지는 정밀한 생성을 위해 0.1cm 라인을 전달할 수 있습니다. 번짐 없음 및 빠른 건조: 단어의 프리미엄 퀵 드라이 잉크 드로잉은 번짐, 누출, 변색 또는 번짐 없이 선명하고 깨끗하게 유지됩니다(강조하기 전에 잉크를 말리십시오). Shuttle Art 하이라이터는 ASTM-D4236을 준수합니다. 완벽한 선물 선택: 이 다양한 형광펜은 컴팩트한 패키지에 깔끔하게 정리되어 쉽게 휴대할 수 있습니다. 컬러 캡 디자인으로 각 색상을 쉽게 인식하고 식별할 수 있습니다. 트렌디한 파스텔 색상은 십대들 사이에서 인기가 높기 때문에 하이라이터는 학교 선물 아이디어로 현명한 선택입니다. 서비스 보장: 고객 만족을 최우선으로 생각합니다. 안심하고 제품을 구입하십시오. 저희 제품에 만족하지 못하거나 질문이 있으시면 언제든지 저희에게 연락하십시오.",,"['하이라이터', '형광', '펜', '부드럽다', '잉크', '파스텔', '트렌디', '컬러', '선택', '선물']"
사무용품,마커 및 형광펜,형광펜,,B09PD42G96,"Mr. Pen - 듀얼 팁 하이라이터, 파스텔 색상, 12팩, 미세 및 끌 팁 형광펜, 다양한 색상, 컬러 형광펜, 형광펜 마커, 저널링용 마커",Mr. Pen,12257,8102,4.5,249.0,"패키지에는 아름다운 파스텔 색상의 더블 팁 형광펜 12개가 포함되어 있습니다. 부드러운 끌 팁은 넓은 커버리지를 제공하며 섬세한 팁은 정확한 하이라이트를 제공합니다. 시스루 색상으로 강조 표시된 텍스트를 쉽게 읽을 수 있습니다. 내구성이 뛰어나고 빠르게 건조되는 잉크는 얼룩과 얼룩을 방지하여 작업을 깨끗하고 깨끗하게 유지합니다. 이 성경 저널링 하이라이터는 다채롭고 체계적이며 창의적인 방식으로 예술을 통해 신앙을 포용하고 성경에 참여하는 데 필요한 모든 것이 포함되어 있습니다. Mr. Pen 성경 하이라이터는 성경, 메모, 저널 또는 밝고 생생한 색상으로 읽고 싶은 모든 책을 강조하기에 적합합니다.",,"['형광', '펜', '성경', '하이라이터', '저널링', '깨끗하다', '얼룩', '강조', '파스텔']"
사무용품,마커 및 형광펜,형광펜,,B07SG54C76,"TWOHANDS 하이라이터, 끌 팁 마커 펜, 6가지 다양한 파스텔 색상, 20079",TWOHANDS,15221,9681,4.7,16453.0,"부드럽고 패셔너블한 색상은 핑크, 오렌지, 옐로우, 그린, 블루, 퍼플 등 미묘하지만 세련된 룩을 선사합니다. 빠르게 건조되는 잉크는 번짐과 얼룩을 방지합니다. 긴 마킹을 위한 대형 잉크 저장소가 있는 하이라이터. 두 줄 너비, 1mm + 5mm - 다양한 크기의 텍스트를 강조하고 다양한 두께의 선을 그리는 데 이상적입니다. 모든 사무실 근로자와 모든 사람에게 안전하게 사용할 수 있습니다.",,"['하이라이터', '잉크', '핑크', '사람', '건조', '그린', '근로자', '대형', '마킹', '미묘하다']"
사무용품,마커 및 형광펜,형광펜,,B09TYKP13Q,"형광펜 25개, 파스텔 하이라이터 다양한 색상 마커 듀얼 팁 리얼 마일드 형광펜 마커 끌 및 미세 팁, 학생 및 장교 색칠, 밑줄, 하이라이트",MAIKEDEPOT,23531,23531,4.5,341.0,"【순한 색상 형광펜】저희 하이라이터는 진짜 순한 안료로, 시력에 해를 끼치지 않는 고품질 수성 잉크로 진짜 순한 색상 형광펜의 이점을 즐길 수 있습니다. 파스텔 색상은 색상이 아닌 표시해야 하는 것에 집중할 수 있도록 도와줍니다. 【더블 엔드 디자인 마커】파스텔 하이라이터는 하이라이트를 위한 4.0mm 끌 팁 1개와 밑줄을 위한 1.0mm 미세 팁 1개가 있는 편리한 더블 엔드 디자인이 특징입니다. 스냅 클로저 캡은 마커 펜이 굴러가는 것을 방지하며, 스냅 클로저가 없는 캡은 스냅 클로저로 캡 위로 완벽하게 닫히므로 분실되지 않습니다. 【번짐 없음 및 빠른 건조 형광펜】당사의 순한 형광펜은 종이를 통해 번지지 않으며 빠르게 건조되는 디자인으로 손이나 소매에 얼룩이 생기지 않아 시간을 절약할 수 있습니다. 마커 펜 펜촉은 부드러운 필기와 종이와 원본 내용을 최대한 보호합니다. 【25가지 다른 색상 형광펜】저희 패키지에는 다양한 색상의 25가지 색상 형광펜이 포함되어 있어 색칠 작업에 적합합니다. 형광펜 마커 클립의 색상으로 원하는 형광펜 색상을 선택할 수 있습니다. 【다양한 용도】다양한 색상의 형광펜은 수성 잉크로 공부 노트, 낙서, 교과서 장식 및 강조뿐만 아니라 팩스, 그림, 마킹, 메모 및 다양한 플래너에 사용하는 성인에게 적합합니다. 듀얼 팁 형광펜 마커는 사무실, 미용 학교, 대학 및 가정 용품을 포함한 다양한 환경에 적합하며 일과 공부의 요구를 충족합니다. 【서비스 보장】고객 만족을 최우선으로 합니다. 제품에 만족하지 못하거나 질문이 있으시면 언제든지 저희에게 연락하십시오.",,"['펜', '형광', '순하다', '클로저', '하이라이터', '디자인', '스냅', '파스텔', '캡']"
사무용품,마커 및 형광펜,형광펜,,B07Y9LZ2Y9,"Shuttle Art 형광펜, 밝은 색상, 오렌지 색상 끌 팁 건조 - 빠른 무독성 형광펜 마커 성인 어린이 하이라이트, 홈 스쿨 오피스 하이라이트",Shuttle Art,19376,19376,4.6,1113.0,"성인 또는 어린이를 위한 오렌지 형광펜 30개 세트, 성경 강조, 다양한 계획, 저널, 책, 메모 또는 기타 사무실 및 학교 용품. 내구성이 뛰어난 끌 팁 하이라이터는 하이라이트나 밑줄에 사용할 수 있으며 해지거나 바래지 않습니다. 무독성 및 얼룩 방지, 학생, 사무실 직원 및 모든 사람(어린이, 성인 등)에 사용하기에 안전합니다. Shuttle Art 하이라이터는 ASTM-D4236을 준수합니다. 끝에 클립 보관함이 있는 탈착식 캡은 주머니나 책에 부착되어 세련된 휴대성을 제공합니다. 서비스 : 고객 만족이 저희의 최우선 순위입니다. 저희 제품을 구매해 주시기 바랍니다. 저희 제품에 만족하지 못하거나 질문이 있으시면 언제든지 저희에게 연락하십시오.",,"['성인', '형광', '어린이', '하이라이트', '펜', '책', '사무실', '오렌지', '무독성', '하이라이터']"
사무용품,마커 및 형광펜,형광펜,,B0CJX1DWWL,"Real Mild 형광펜, 다양한 색상 형광펜 세트 듀얼 엔드 형광펜 끌 및 미세 팁 파스텔 마커 어린이 및 성인용 선물 (35개)",MAIKEDEPOT,33226,29071,4.3,182.0,"【순한 색상 형광펜】저희 하이라이터는 진짜 순한 안료로, 시력에 해를 끼치지 않는 고품질 수성 잉크로 진짜 순한 색상 형광펜의 이점을 즐길 수 있습니다. 파스텔 색상은 색상이 아닌 표시해야 하는 것에 집중할 수 있도록 도와줍니다. 【더블 엔드 디자인 마커】파스텔 하이라이터는 하이라이트를 위한 4.0mm 끌 팁 1개와 밑줄을 위한 1.0mm 미세 팁 1개가 있는 편리한 더블 엔드 디자인이 특징입니다. 스냅 클로저 캡은 마커 펜이 굴러가는 것을 방지하며, 스냅 클로저가 없는 캡은 스냅 클로저로 캡 위로 완벽하게 닫히므로 분실되지 않습니다. 【번짐 없음 및 빠른 건조 형광펜】당사의 순한 형광펜은 종이를 통해 번지지 않으며 빠르게 건조되는 디자인으로 손이나 소매에 얼룩이 생기지 않아 시간을 절약할 수 있습니다. 마커 펜 펜촉은 종이와 원본 내용물을 최대한 보호합니다. 【35가지 다른 색상 형광펜】저희 패키지에는 다양한 색상의 35가지 다양한 색상의 형광펜이 포함되어 있어 색칠하기 위한 완벽한 제품입니다. 형광펜 마커 클립의 색상으로 원하는 형광펜 색상을 선택할 수 있습니다. 【다양한 용도】다양한 색상의 형광펜은 수성 잉크로 공부 노트, 낙서, 교과서 장식 및 강조뿐만 아니라 팩스, 그림, 마킹, 메모 및 다양한 플래너에 사용하는 성인에게 적합합니다. 듀얼 팁 형광펜 마커는 사무실, 미용 학교, 대학 및 가정 용품을 포함한 다양한 환경에 적합하며 일과 공부의 요구를 충족합니다. 【서비스 보장】고객 만족을 최우선으로 합니다. 제품에 만족하지 못하거나 질문이 있으시면 언제든지 저희에게 연락하십시오.",,"['펜', '형광', '순하다', '스냅', '파스텔', '클로저', '캡', '디자인']"
사무용품,마커 및 형광펜,형광펜,,B08KFPG67R,"Mr. Pen - 더블 팁 형광펜, 미세 및 끌 팁, 네온 및 파스텔 색상, 8팩, 형광펜, 형광펜, 플래너 마커, 성경 저널링용 형광펜, 형광펜",Mr. Pen,6911,6911,4.2,306.0,패키지에는 다양한 색상의 듀얼 팁 파스텔 컬러 형광펜 8개가 포함되어 있습니다. 밝은 시스루 색상으로 강조된 텍스트를 쉽게 읽을 수 있으며 빠르게 건조되는 잉크는 번짐과 얼룩을 방지합니다. 끌과 파인 포인트 팁은 넓고 좁은 선을 효율적으로 생성합니다. Mr. Pen 듀얼 팁 하이라이터는 단어를 강조하고 강조하는 데 이상적입니다.,,"['펜', '형광', '강조', '파스텔', '듀얼']"
사무용품,마커 및 형광펜,형광펜,,B0CN51Q8CY,"Mr. Pen - 미적 하이라이터, 12개, 끌 팁, 선명한 색상, 형광펜, 다양한 색상, 귀여운 형광펜, 성경 형광펜, 번짐 없는 형광펜, 성경 페이지용 번짐 없음, 성경 마커",Mr. Pen,13836,12451,4.6,12681.0,"부드럽고 부드러운 형광펜으로 노트와 종이를 돋보이게 하세요! 이 패키지에는 밝고 다양한 색상의 형광펜 12개가 포함되어 있습니다. 저희 하이라이터는 직장과 학교 생활을 조금 더 밝게 만드는 데 적합합니다. 하이라이터는 내구성이 뛰어나고 빠르게 건조되는 잉크로 번짐과 얼룩을 방지합니다. 잉크는 색바램에 강하여 작업을 더 오래 깨끗하고 깨끗하게 유지합니다. 당사의 하이라이터는 손이 아프지 않고 편안하고 잡기 쉽고 사용 중에 굴러다니지 않습니다. 다용도 끌 팁은 넓고 좁은 선을 효율적으로 생성합니다. Mr. Pen 에스테틱 하이라이터는 경전, 메모, 저널 또는 읽고 싶은 책을 밝고 생생한 색상으로 강조하는 데 적합합니다. 이 귀여운 형광펜은 학교, 대학, 가정, 사무실, 심지어 여행 일기, 일정, 직장, 공부, 메모 등에 적합합니다. 가족과 친구를 위한 멋진 선물입니다.",,"['펜', '형광', '하이라이터', '성경', '귀엽다', '학교', '잉크', '부드럽다', '직장', '메모']"
사무용품,마커 및 형광펜,형광펜,,B0972FCJG1,"YISAN 형광펜 파스텔 마커, 끌 팁 8가지 색상 펜 세트, 사무실, 학교용 저널링, 70078",YISAN,13836,8296,4.6,1307.0,"밝고 다양한 색상: YISAN 하이라이트 노트 마커는 다양한 색상으로 단어를 강조하고 밑줄을 긋는 데 도움이 됩니다. 다채롭고 밝은 학습 분위기를 제공합니다. 다양한 색상: 8가지 파스텔 마카롱 색상이 제공되어 일상적인 추천을 만족시킵니다. 다양한 용도: YISAN 파스텔 하이라이터는 가정, 사무실, 학교 및 필요한 모든 곳에 적합합니다. 저널링, 메모 작성, 성경 스터딩 등에 적합합니다. 끌 팁: 2줄 너비 1mm+5mm. 형광펜, 드로잉 펜으로도 사용할 수 있습니다. 안전성: 저희는 여러분의 건강을 매우 중요하게 생각합니다. 수성 노트 마커로 누구에게나 안전합니다.",,"['펜', '파스텔', '형광', '사무실', '노트', '저널링', '학교', '건강', '강조', '단어']"
사무용품,마커 및 형광펜,형광펜,,B08C9QTG6H,WRITECH 접이식 형광펜 다양한 색상: 끌 팁 클릭 미적 형광펜 마커 펜 팩 멀티 컬러 잉크 번짐 없음 하이라이트 저널링용 (12개입 네온+파스텔),WRITECH,17977,17977,4.7,4514.0,"이 미적 형광펜은 생생한 변색 방지 잉크가 특징이며 대부분의 종이에 색상이 번지지 않습니다. 클릭하기만 하면 됩니다! 접이식 디자인으로 한 손으로 작동할 수 있으며 캡을 제거하거나 잃어버릴 필요가 없습니다. 특허받은 씰 디자인으로 무취 및 무독성 잉크가 누출되거나 건조되지 않습니다. 책이나 주머니에 하이라이터를 고정하면 펜촉이 자동으로 수축되어 펜촉을 집어넣는 것을 잊었을 때 얼룩이나 잉크가 새는 것을 방지합니다. 성경, 불렛 저널, 다양한 플래너, 교과서 또는 기타 사무실 및 학용품에 적합합니다. 이 제품은 Reddot 및 IF design 2020 리워드를 받았습니다.",,"['잉크', '펜', '형광', '방지', '펜촉', '디자인', '클릭', '접이식', '성경', '생생하다']"
사무용품,마커 및 형광펜,형광펜,,B0D2T89WMR,"파스텔 형광펜, 12팩 미적 형광펜, 끌 팁이 있는 다양한 색상의 형광펜 마커 펜, 성경, 일기, 플래너 노트를 위한 귀여운 문구",DOSEWART,8296,8296,4.8,7.0,"다양한 파스텔 색상: 시중의 형광 형광펜과 달리, 파스텔 형광펜 세트에는 눈에 띄기에 딱 맞는 12가지 부드러운 음소거 파스텔 색상이 포함되어 있습니다. 이 마일라이너 하이라이터는 산만하지 않고 종이에 매우 귀엽고 멋지게 보입니다. 빠른 건조 및 번짐 없음: 파스텔 하이라이터로 텍스트를 강조하고 더 일관된 선을 만드세요. 페이지가 번지지 않는 순한 수성 반투명 잉크로 채워져 있습니다. 빠르게 건조되는 잉크는 작업에 번지거나 번지지 않습니다. 일상 사용을 위한 필수 도구: 하이라이터 및 마커는 예술가, 학생 및 일상적인 사용을 위한 필수 도구입니다. 성경 강조, 메모 작성, 불렛 저널링, 플래너 및 학습 노트 색상 코딩 또는 일상 낙서, 레터링, 캘리그래피 및 색칠에 적합합니다. 공간 절약형 포켓 디자인: 12팩 하이 라이터는 작고 가벼워 전체 세트를 가방에 넣을 수 있으며 많은 공간을 차지하지 않습니다. 마커는 잡기 쉽습니다. 뚜껑은 상단에 잘 고정되어 있습니다. 여성 및 소녀를 위한 이상적인 선물: 부드러운 끌 팁이 있는 형광펜은 넓은 선과 정확한 선 모두에 부드럽게 쓸 수 있으며 즐거운 경험을 제공합니다. 귀여운 디자인과 부드러운 색상으로 소녀와 여성을 위한 훌륭한 생일 선물 아이디어입니다.","직장이나 학교에서 사용하는 형광펜 세트가 필요합니다. 더 이상 찾으실 필요 없습니다! 12팩의 하이라이터는 12가지 부드럽고 순한 색상으로 표시되어 있습니다. 중요한 정보와 올바른 방향을 알려주세요. 어린이와 어른 모두에게 적합합니다. 무한한 가능성과 사용 방법이 있습니다. 일상적인 작업 및 공부에 적합합니다. 또는 특별한 날에 가족과 친구들에게 선물할 수도 있습니다. 특징: 1. 12가지 종류의 팔레트 색상이 잘 어울리고 종이에 멋지게 보입니다. 2. 잉크가 잘 나오고 빠르게 건조되어 문서를 깨끗하게 유지합니다. 3. 마커는 가방 주머니에 쉽게 넣을 수 있을 만큼 편리합니다. 4. 수성 잉크 및 끌 팁, 번짐 없이 부드럽게 쓸 수 있습니다. 5. 낙서, 교과서, 팩스, 저널, 메모 등을 장식하고 강조하기에 좋습니다. 6. 학생과 사무실 근로자를 위한 완벽한 생일 및 크리스마스 선물 아이디어 >사양: 제품 유형: 파스텔 형광펜 색상: 드리미 코랄, 러스트, 라이트 오렌지, 페일 퍼플, 헤이즈 블루, 파인 그린 잉크: 컬러 기반 잉크 패키지 구성: 마일드 컬러 형광펜 마커 12개","['형광', '펜', '파스텔', '부드럽다', '잉크', '하이라이터', '일상', '선물', '빠르다', '건조']"
사무용품,마커 및 형광펜,형광펜,,B0C4KQMF2B,미적 귀여운 파스텔 형광펜 세트: 12가지 색상 펜 번짐 없는 성경 마커 사무실 필수품 책상 액세서리 학교 학습 용품 저널 플래너 프레피 십대 소녀 여성 물건 책,KOUSICOO,5526,5526,4.3,321.0,"✅빠른 건조 및 번짐 없음: 대부분의 KOUSICOO 성경 안전 형광펜은 빠르게 건조되며 얇은 성경 페이지나 다른 종이에 번지지 않지만 노란색과 주황색과 같은 몇 가지 밝은 색상은 번질 수 있습니다. 번짐을 방지하기 위해 가볍게 미끄러지십시오. 특수 레이어 수성 잉크는 번짐 방지, 빠른 건조, 번짐 없음, 얼룩 방지 및 변색 방지 기능이 있습니다. 고품질 잉크로 작업을 더 오래 깨끗하고 깨끗하게 유지할 수 있습니다. 12가지 마일드 파스텔 색상: 논네온, 마일드, 부드러움, 음소거, 부드럽고 귀엽고 귀여운 색상. 프린트를 차단하지 않고 눈을 편안하게 하며 주의를 산만하게 하지 않으며 공부나 작업에 영향을 주지 않습니다. 예쁜 캔디, 모란디, 뉴트럴, 빈티지, 어시, 보헤미안, 누드, 어스 톤 및 무지개 밝고 생생한 색상 구성으로 색상 코드를 쉽게 정리할 수 있습니다! ✅부드럽고 다재다능한 끌 팁: 고품질의 부드러운 나일론 펜촉, 종이에 쉽게 끼울 수 있으며 잉크 출력도 얇고, 성경 페이지에도 부드럽게 쓸 수 있습니다. 다기능 끌 팁은 4mm 두께의 선과 1mm 얇은 미세 선을 모두 그릴 수 있습니다. 다양한 용도로 사용할 수 있는 팁 하나로 선 너비를 유연하게 조정할 수 있습니다. 플랫 스퀘어 디자인: 편안하고 잡기 쉽습니다. 오랫동안 글을 쓰더라도 손이 아프지 않습니다. 사각 펜 본체, 말리지 않음, 테이블에서 쉽게 굴리지 않습니다. 잉크 용량을 3배 늘리면 약 1000m를 쓸 수 있습니다. ✅매일 사용하기에 완벽합니다: 이 하이라이터는 정교한 종이 상자 안에 투명한 보관 케이스에 들어 있습니다. 성경, 일기, 플래너, 메모 작성, 주석 달기, 불렛 저널링, 책 주석 키트, 부조에 적합합니다. 가정, 학교, 사무실, 대학에서 사용하기에 가장 좋습니다. 가족, 친구, 십대 소녀, 소녀, 여성을 위한 이상적인 선물. 교사 책상 필수품, 간호 학교 도구 필수품, 한국 일본 학생 문구류, 프레피 온라인 수업 필수품, 중학교 요구 사항. 위험 없이 구매: 고객 만족은 항상 저희의 최우선 순위입니다. 멋진 멋진 젤 도트 아시안 스키니 컬러풀 하이 라이트 팩에 100% 만족하지 못하셨다면 이메일을 보내주십시오. KOUSICOO 스토어에서 재미있는 벌크 lds 성경 마킹 액체 컬러링 등급 하이 라이터를 구입할 위험이 없습니다. 번짐 방지 시니어 멀티 컬러 하이라이트 메이커 펜이 마음에 드신다면 오늘 장바구니에 추가하세요",,"['성경', '방지', '펜', '잉크', '필수품', '부드럽다', '얇다', '종이', '귀엽다', '소녀']"
사무용품,마커 및 형광펜,형광펜,,B0832KYF98,"젤 형광펜과 펜이 있는 성경 학습 키트, 번짐 없음, 놀라운 성경 형광펜 및 펜 파인 팁 세트 플래너 용품 선물 (10팩)",BLIEVE,22146,13836,4.6,8796.0,"성경 공부 용품 - 성경 형광펜과 펜 번짐 없음 5개 드라이 형광펜 x5 저널링용 컬러 성경 펜 포함 성경 안전 - 일반 마커처럼 얇은 종이를 통해 번지지 않습니다. 젤 하이라이터와 파인 포인트 볼펜은 성경 친화적입니다 젤 하이라이터 - 왁스는 잉크가 페이지의 반대쪽으로 스며들지 않도록 하기 때문에 잉크를 위한 훌륭한 매체입니다. 성경 펜 - 번짐 없음, 부드럽고 빠르게 건조되며 일관된 필기. 볼펜 디자인은 잉크 번짐을 방지합니다. 유용한 책 액세서리 - 이 성경 일기 아이템에는 신앙을 포용하고 다채롭고 체계적이며 창의적인 방식으로 예술을 통해 성경에 참여하는 데 필요한 모든 것이 포함되어 있습니다 놀라운 디자인 - 훌륭한 품질과 독특한 디자인의 경전 마커와 아름다운 펜으로 저널 시간을 즐기세요 완벽한 선물 - 훌륭한 성경 액세서리 세트로 사랑하는 사람을 놀라게 할 수 있는 좋은 방법입니다.",,"['성경', '펜', '형광', '훌륭하다', '잉크', '디자인', '액세서리', '용품', '선물', '볼펜']"
사무용품,마커 및 형광펜,형광펜,,B08M9Y955D,"ZEYAR 하이라이터, 듀얼 팁 마커 펜, 끌 및 파인 팁, 12가지 색상, 수성, 다양한 색상, 빠른 건조(12가지 색상)",ZEYAR,15221,15221,4.7,2609.0,"미국 브랜드 ZEYAR. 밝은 색상: 매우 밝은 형광 또는 마카롱 잉크의 모음은 손으로 쓴 텍스트를 보호하고 강조합니다. 다음 페이지에는 그림자가 없습니다 편안한 디자인: 짧고 둥근 몸체는 주머니에 잘 맞고 잡기 쉽습니다. 심플하고 깔끔한 외관 디자인 다양한 색상 범위: 6가지 캔디 색상이 있습니다: 레드, 오렌지, 옐로우, 그린, 블루, 바이올렛; 6가지 마카롱 색상: 파스텔 핑크, 파스텔 블루, 파스텔 옐로우, 파스텔 그린, 파스텔 오렌지, 페퍼 민트 듀얼 팁: 끌 및 파인 포인트 팁: 1mm의 미세한 선을 그릴 수 있으며 4mm 너비의 유연한 필기 너비입니다 잉크 인증: 수성, ASTM D-4236 인증서를 준수하며, 무독성, 무산성 및 안전한 사용 저희는 모든 고객을 생각합니다: ZEYAR에서는 모든 제품이 훌륭한 품질을 유지하기 위해 정교한 R&D, 품질 관리 프로세스를 갖춘 전문 마커 제조업체입니다. 우리에게 드로잉은 인간의 감정과 경험을 표현하는 것입니다. 그렇기 때문에 모든 사람들이 마커 용품을 사용할 수 있도록 노력합니다.",,"['파스텔', '수성', '블루', '옐로우', '오렌지', '잉크', '디자인', '듀얼', '마카롱', '그린']"
사무용품,마커 및 형광펜,형광펜,,B002DS0W28,"SHARPIE Accent 탱크 스타일 형광펜, 6가지 색상 형광펜(25876PP)",SHARPIE,13060,11010,4.8,549.0,"큰 잉크 공급으로 신뢰할 수 있는 하이라이트를 밝고 다채로운 잉크가 페이지에서 돋보입니다 다용도 끌 팁으로 넓고 좁은 선을 쉽게 만들 수 있습니다 많은 펜과 마커 잉크가 번지지 않습니다(하이라이트를 칠하기 전에 잉크를 건조하세요) 다음과 같은 색상의 Sharpie 형광펜 6개가 포함되어 있습니다: 형광 옐로우, 형광 오렌지, 형광 핑크, 형광 블루","Sharpie 하이라이터는 믿을 수 있고 오래 지속됩니다. 각 하이라이터는 다양한 형광 색상, 넓은 배럴 및 신뢰할 수 있는 마킹을 위한 대형 잉크 공급 장치가 특징입니다. 속건성 잉크는 번짐을 방지합니다(하이라이트 전에 잉크를 건조하세요). 이 하이라이터는 넓고 좁은 텍스트 선을 모두 강조하고 밑줄을 긋는 쉬운 글라이딩 끌 팁이 특징입니다.","['형광', '잉크', '펜', '넓다', '하이라이터', '하이라이트', '좁다', '건조하다', '공급', '신뢰']"
사무용품,마커 및 형광펜,형광펜,,B0C2V2W9K3,"형광펜 다양한 색상 끌 팁 - 90팩 6가지 밝은 색상 형광펜 세트 끌 팁 형광펜 마커, 어린이 및 성인용 컬러링, 사무실 학교 가정 크리스마스 선물용 형광펜 벌크",colpart,26301,26301,4.4,749.0,"【형광펜 다양한 색상】colpart 90팩 형광펜 벌크는 옐로우, 핑크, 퍼플, 블루, 그린, 오렌지(각 색상의 15개 마커)를 포함한 6가지 밝은 형광 색상이 포함되어 있으며, 메모, 문서, 팩스, 사본, 신문 및 다양한 플래너에 대한 정보를 강조하는 어린이와 성인을 위한 이상적인 형광펜 세트입니다. 【다용도 형광펜 마커】이 끌 팁 하이라이터는 광택 및 코팅된 표면을 포함한 다양한 종이 유형과 질감에 사용할 수 있습니다. 밝고 생생한 잉크 색상으로 어두운 곳에서도 중요한 정보를 쉽게 찾고 강조할 수 있습니다. 【부드러운 잉크 흐름】잉크가 매끄럽고 고르게 흐르기 때문에 종이를 통해 번지거나 번지지 않고 넓은 영역을 빠르게 덮을 수 있습니다. 번짐 방지 잉크 덕분에 형광펜 마커로 펜 잉크 번짐을 실망스럽게 처리할 필요가 없습니다. ✅【내구성 있는 벌크 하이라이터】이 끌 팁 하이라이터는 오래 지속되며 깨지거나 마르지 않고 과도한 사용을 견딜 수 있습니다. 캡은 잉크가 마르지 않도록 단단히 맞아 형광펜을 최대한 오래 사용할 수 있습니다. 【100% 만족 보장】끌 팁 하이라이터에 대해 질문이나 문제가 있는 경우 언제든지 언제든지 저희에게 연락하실 수 있습니다. 24시간 이내에 만족스러운 솔루션을 제공할 수 있습니다.","특징: 6가지 색상 중에서 선택할 수 있는 이 형광펜을 사용하면 메모나 문서에 색상을 지정하고 중요한 정보를 명확하고 체계적으로 돋보이게 할 수 있습니다. 전체적으로 6가지 색상의 형광펜 세트는 메모, 문서 또는 교과서에 정보를 강조하거나 색상 코드를 지정해야 하는 모든 사람에게 훌륭한 선택입니다. 학생, 전문가 또는 정리된 상태를 유지하고 중요한 정보를 추적해야 하는 모든 사람에게 적합합니다. 사양: 주요 소재: 플라스틱 및 블랙 잉크 사이즈: 약. 길이 13.5cm/5.31인치 패키지 구성: 90 x 6색 형광펜","['형광', '펜', '잉크', '하이라이터', '강조', '중요하다', '문서', '메모']"
사무용품,마커 및 형광펜,형광펜,,B08LL8N6LW,"하이라이터 더블 엔드 마일드 컬러 형광펜 형광 마커 펜, 색칠, 밑줄, 하이라이트, 넓고 섬세한 팁, 다양한 25가지 색상 (25가지 색상 세트)",Zosxi,24916,24916,4.6,1687.0,"♥독특하고 부드러운 색상은 페이지를 통해 번지지 않고 넓고 섬세한 포인트 팁에서 종이를 부드럽게 칠하여 넓은 하이라이트나 섬세한 밑줄에 유용합니다 ♥25가지 다채로운 색상 제공--: 마일드 핑크, 마일드 오렌지, 마일드 옐로우, 마일드 블루그린(Mild Bluegreen), 마일드 블루, 마일드 마젠타, 마일드 버밀리언, 마일드 골드, 마일드 스모크블루, 마일드 레드, 마일드 그린, 마일드 다크블루, 마일드 바이올렛, 마일드 그레이, 마일드 시안, 마일드 레몬 옐로우, 마일드 코랄 핑크, 마일드 애프리콧, 마일드 다크 그레이, 마일드 메리골드, 마일드 MM은 감귤 녹색 ild Summer Green, Mild Lavender, Mild Fuchsia ♥순한 방수 안료 잉크는 반투명하며 레이어링에 탁월하며 글씨와 끌 팁을 사용하여 손으로 글씨를 쓰고 창의적인 용도로 사용할 수 있습니다 ♥깨끗한 흰색 배럴로 이 마커 하이라이터는 사무실, 미술 부서 또는 스튜디오에 사랑스러운 추가 아이템으로 아이디어를 더 명확하게 표현할 수 있습니다 ♥아이의 눈을 보호하세요 - 주의를 끌기에 적합한 그늘을 가지고 있지만 밝은 형광으로 당신을 압도하지 않습니다. 형광 펜은 환경 보호 잉크를 사용하여 안전하고 무해합니다.",,"['일드', '블루', '형광', '넓다', '섬세하다', '펜']"
사무용품,마커 및 형광펜,형광펜,,B09YH71VQZ,"ZEYAR 형광펜, 크림 색상 끌 팁, 미적 형광펜 마커, 수성 기반, 빠른 건조, 번짐 없음, 성경 공부 노트 학교 사무실용 (12가지 크림 색상)",ZEYAR,13836,13836,4.7,3047.0,"미국 브랜드 ZEYAR. 밝은 색상: 매우 밝은 형광 또는 마카롱 잉크 모음은 손으로 쓴 텍스트를 보호하고 강조합니다. 다음 페이지에는 그림자가 없습니다 다양한 색상: 6가지 딜라이트 색상: 피치 핑크, 칼라민, 시아닌 퍼플, 카키 블루, 쉐이딩 그린, 커피 밀크; 6가지 청소년 색상: 레드빈, 로터스 핑크, 아이보리 오렌지, 그레이 퍼플, 블루 헤이즈, 파인 그린 편안한 디자인: 짧고 넓은 몸체는 주머니에 잘 맞으며 잡기 쉽습니다. 심플하고 선명한 외관 디자인 잉크 인증: 수성, ASTM D-4236 인증 준수, 무독성, 무산성 및 사용하기에 안전합니다 미세--보드 라인 팁: 끌 팁으로 1mm의 미세한 선을 그릴 수 있으며 폭은 4mm이며 유연한 필기 너비 저희는 모든 고객을 염려합니다: ZEYAR는 정교한 R&D, 품질 관리 프로세스를 갖춘 전문 마커 제조업체로 모든 제품이 훌륭한 품질을 유지할 수 있도록 합니다. 우리에게 드로잉은 인간의 감정과 경험을 표현하는 것입니다. 그렇기 때문에 당사는 모든 사람들이 마커 용품을 사용할 수 있도록 노력합니다.",,"['형광', '수성', '그린', '디자인', '크림', '잉크', '펜', '퍼플', '블루', '핑크']"
사무용품,마커 및 형광펜,형광펜,,B08314344W,"ZEYAR 하이라이터, 듀얼 팁 마커 펜, 끌 및 파인 팁, 유연한 팁과 부드러운 터치, 수성, 다양한 색상, 빠른 건조 (6가지 마카롱 색상)",ZEYAR,6911,6911,4.6,1103.0,"밝은 색상: 라이트 마카롱 잉크 모음은 손으로 쓴 텍스트를 보호하고 강조합니다. 다음 페이지에 그림자가 없습니다 편안한 디자인: 짧고 둥근 몸체는 주머니에 잘 맞으며 잡기 쉽습니다. 심플하고 깔끔한 외관 디자인 다양한 색상 범위: 6가지 캔디 색상이 있습니다: 레드, 오렌지, 옐로우, 그린, 블루, 바이올렛; 6가지 마카롱 색상: 파스텔 핑크, 파스텔 블루, 파스텔 옐로우, 파스텔 그린, 파스텔 오렌지 이중 팁: 끌과 섬세한 포인트 팁: 1mm의 미세한 선을 그릴 수 있으며 4mm의 넓은 글씨를 그릴 수 있습니다 잉크 인증: 수성, ASTM D-4236 인증 준수, 무독성, 무산성, 안전한 사용",,"['파스텔', '마카롱', '인증', '블루', '그린', '수성', '디자인', '옐로우', '잉크', '오렌지']"
사무용품,마커 및 형광펜,형광펜,,B08F9CQ86N,"Shuttle Art 하이라이터, 15가지 색상 파스텔 형광펜 다양한 색상, 끌 팁 건조-빠르게 건조되는 무독성 형광펜 마커, 성인 아동용 홈 스쿨 사무실 하이라이트",Shuttle Art,12451,11066,4.6,2788.0,"다용도의 부드러운 색상: Shuttle Art 15가지 색상 형광펜 세트는 믿을 수 없을 정도로 재미있고 트렌디한 부드러운 파스텔 잉크 색조를 특징으로 합니다. 마커 세트는 교과서, 팩스, 저널, 메모 및 다양한 플래너를 미묘하지만 세련된 외관으로 낙서, 장식 및 강조할 수 있는 매력적인 옵션 세트를 제공합니다. 다용도 끌 팁: 다용도 및 내구성 있는 끌 팁이 있는 Shuttle Art 파스텔 하이라이터 세트는 다양한 요구 사항에 따라 넓은 하이라이트와 섬세한 밑줄 모두에 적합합니다. 좁은 배럴 모양으로 편안하게 잡을 수 있어 어린이와 어른 모두에게 적합합니다. 번짐 없음 및 빠른 건조: 단어의 프리미엄 퀵 드라이 잉크 드로잉은 번짐, 누출, 변색 또는 번짐 없이 선명하고 깨끗하게 유지됩니다(강조하기 전에 잉크를 말리십시오). Shuttle Art 하이라이터는 ASTM-D4236을 준수합니다. 완벽한 선물 선택: 이 다양한 형광펜은 컴팩트한 패키지에 깔끔하게 정리되어 쉽게 휴대할 수 있습니다. 컬러 디자인으로 각 색상을 쉽게 인식하고 식별할 수 있습니다. 트렌디한 파스텔 색상은 십대들 사이에서 인기가 높기 때문에 하이라이터는 학교 선물 아이디어로 현명한 선택입니다. 서비스 보장: 고객 만족을 최우선으로 생각합니다. 안심하고 제품을 구입하십시오. 저희 제품에 만족하지 못하거나 질문이 있으시면 언제든지 저희에게 연락하십시오.",,"['하이라이터', '형광', '펜', '파스텔', '건조', '잉크', '트렌디', '선택', '선물', '빠르다']"
사무용품,마커 및 형광펜,형광펜,,B0793DYRKV,"Mr. Pen 번짐 방지 젤 하이라이터, 성경 형광펜, 다양한 색상, 8개 팩",Mr. Pen,13836,9681,4.6,52684.0,"잡지와 성경을 포함한 종이에 번지지 않습니다. 얼룩이 없고 매끄러우며 뚜껑을 닫지 않으면 마르지 않습니다 컬러 코딩, 저널링, 성경 또는 기타 책을 암기하기에 적합합니다 트위스트 업 젤 스틱 디자인 가는 팁을 위해 날카롭게 할 수 있습니다",,"['성경', '형광', '암기', '디자인', '뚜껑', '하이라이터', '매끄럽다', '방지', '스틱', '얼룩']"
사무용품,마커 및 형광펜,형광펜,,B087TYF8SP,"Amazon Basics 탱크 스타일 형광펜 - 끌 팁, 옐로우, 12팩",Amazon Basics,8683,8683,4.8,5779.0,"형광 잉크 및 끌 팁: 텍스트를 강조하기 위한 밝은 색상의 투명 잉크. 끌 모양 팁은 두껍고 얇은 선을 만들 수 있습니다. 하이라이트 및 밑줄에 적합합니다. 탱크 스타일: 배럴은 충분한 잉크를 제공하여 오래 지속되는 신뢰할 수 있는 성능을 보장합니다 캡: 안전한 핏의 캡은 사용하지 않을 때 팁을 보호합니다 다용도: 가정, 사무실 또는 학교에 이상적입니다. 핵심 문구를 강조하고 텍스트에 밑줄을 긋고 예술 프로젝트를 만드는 데 유용합니다. ASTM D4236 준수","Amazon Basics 탱크 스타일 형광펜 - 끌 팁, 옐로우, 12팩/Amazon Basics","['형광', '스타일', '잉크', '탱크', '텍스트', '강조', '밑줄', '캡', '옐로우', '펜']"
사무용품,마커 및 형광펜,형광펜,,B08BVZZHF2,"Mr. Pen - 다채로운 형광펜 세트, 6팩, 다양한 색상, 접이식 컬러 성경 마커",Mr. Pen,17991,9681,4.5,3022.0,"Mr. Pen 형광펜 팩에는 6개의 밝은 형광펜(6가지 색상)이 포함되어 있습니다: 옐로우, 퍼플, 핑크, 오렌지, 그린, 블루. 강조, 밑줄 또는 메모 작성에 좋습니다 빠른 건조, 무취 및 무독성 잉크 형광펜 많은 펜과 마커 잉크의 번짐 방지 (강조하기 전에 잉크를 건조시키십시오) 학교, 가정 또는 사무실에서 단어와 문장을 강조하고 강조하는 데 적합한 프리미엄 형광펜",,"['펜', '형광', '강조', '잉크', '건조']"
사무용품,마커 및 형광펜,형광펜,,B094R72HLC,"ZEYAR 미적 형광펜, 끌 팁 마커 펜, AP 인증, 다양한 색상, 수성 기반, 빠른 건조, 귀여운 형광펜, 특허 제품(마카롱 색상 6개)",ZEYAR,8296,8296,4.7,1887.0,"미국 브랜드 ZEYAR. 밝은 색상: 매우 밝은 형광 또는 마카롱 잉크 모음은 손으로 쓴 텍스트를 보호하고 강조합니다. 다음 페이지에는 그림자가 없습니다 AP 인증, 편안한 디자인: 짧고 넓은 몸체는 주머니에 잘 맞으며 잡기 쉽습니다. 심플하고 선명한 외관 디자인 다양한 색상: 레드, 오렌지, 옐로우, 그린, 블루, 바이올렛. 6가지 마카롱 색상: 파스텔 핑크, 파스텔 블루, 파스텔 옐로우, 파스텔 그린, 파스텔 오렌지, 페퍼 민트 잉크 인증: 수성, ASTM D-4236 인증 준수, 무독성, 무산성 및 사용하기에 안전합니다 미세--보드 라인 팁: 끌 팁으로 1mm의 미세한 선을 그릴 수 있으며 폭은 4mm이며 유연한 필기 너비 저희는 모든 고객을 염려합니다: ZEYAR는 정교한 R&D, 품질 관리 프로세스를 갖춘 전문 마커 제조업체로 모든 제품이 훌륭한 품질을 유지할 수 있도록 합니다. 우리에게 드로잉은 인간의 감정과 경험을 표현하는 것입니다. 그렇기 때문에 당사는 모든 사람들이 마커 용품을 사용할 수 있도록 노력합니다.",,"['파스텔', '인증', '마카롱', '형광', '펜', '디자인', '수성', '잉크', '그린', '블루']"
사무용품,마커 및 형광펜,형광펜,,B07B958QGH,"Crayola Take Note 지울 수 있는 형광펜, 멋진 학용품, 끌 팁 마커, 6개입",Crayola,9099,9099,4.7,18836.0,CRAYOLA 참고 사항: 6개의 Crayola Take Note 끌 팁 지울 수 있는 형광펜이 특징입니다 가정 활동: 창의적인 가정 공예 및 실내 활동으로 정신을 높게 유지하세요! 아이들을 위한 간단하고 재미있는 공예품은 신중하게 참여하고 즐겁게 지낼 수 있는 좋은 방법입니다. CRAYOLA 색상: 클래식한 옐로우 하이라이터부터 대담한 오렌지 하이라이터까지 6가지 생생한 색상이 포함되어 있습니다. 지울 수 있는 하이라이터: 한쪽 끝에는 생생한 컬러가 있고 다른 쪽 끝에는 선명한 잉크 팁이 있어 쉽게 강조하고 지울 수 있습니다. 끌 팁 마커: 끌 팁 마커는 강조와 밑줄을 위해 두껍거나 얇은 선을 만듭니다.,Crayola 테이크 노트 끌 팁 지울 수 있는 형광펜으로 책이나 문서를 손상시키지 않고 강조하고 지울 수 있습니다. 이 6가지 색상의 형광펜은 한쪽 끝에 생생한 색조가 있고 다른 쪽 끝에는 투명한 잉크 팁이 있어 대담한 하이라이트를 마법처럼 지울 수 있습니다. 끌 팁 마커를 사용하여 강조할 때 두꺼운 선을 만들고 밑줄을 그릴 때는 가는 선을 만듭니다. 투명 잉크 팁을 사용하여 색상을 지우고 즉시 메모할 수 있어 지나치게 강조되는 것에 대해 걱정하지 마세요! 이 안전한 무독성 형광펜 세트는 교사나 학생을 위한 학용품에 완벽한 추가 아이템입니다.,"['강조', '펜', '형광', '잉크', '하이라이터', '생생하다', '활동', '대담하다', '두껍다', '밑줄']"
사무용품,마커 및 형광펜,형광펜,,B0882W2XJD,"Mr. Pen - 성경 형광펜 및 펜 번짐 없음, 8팩, 성경 저널 키트, 번짐 없는 성경 펜, 젤 형광펜/마커 성경 공부 키트, 기독교 선물",Mr. Pen,13836,13836,4.7,8211.0,"패키지 포함: 번지지 않는 파인 포인트 펜 4개(0.7mm), 젤 하이라이터/성경 형광펜 4개 논블리드 다양한 컬러 펜 (블랙, 블루, 그린, 핑크) 및 다양한 색상의 성경 형광펜 (블루, 그린, 옐로우, 오렌지) 트위스트 업 젤 스틱 디자인의 젤 하이라이터, 잡지와 성경을 포함한 모든 종이에 번지지 않음 - 얼룩이 없고 매끄러우며 뚜껑을 닫지 않은 채로 두어도 마르지 않으며 가는 팁을 위해 날카롭게 할 수 있습니다 펜은 부드럽고 건너뛰지 않는 선과 선명하고 일관된 글자를 그립니다 컬러 코딩, 저널링, 성경 또는 기타 책을 암기하기에 적합합니다",,"['펜', '성경', '형광', '키트', '블루', '컬러', '그린', '하이라이터']"
사무용품,마커 및 형광펜,형광펜,,B09YHK7H2C,"LABUK 형광펜 12개, 성경 및 펜용 미적 파스텔 귀여운 하이라이터, 번짐 없음, 다양한 색상, 건조, 빠르고 쉽게 잡을 수 있음, 저널 플래너 노트, 학교 사무용품",LABUK,6911,6911,4.2,3732.0,"【귀여운 파스텔 색상】패키지에는 매일 사용할 수 있는 충분한 양과 색상이 있는 다양한 색상의 다채로운 미적 형광펜 12개가 포함되어 있습니다. 얼룩이 없는 파스텔 디자인으로 부드러운 색상으로 공부나 작업에 방해가 되지 않으며 텍스트에 집중하는 데 필요한 핵심 포인트를 가리지 않습니다. 성경, 저널 또는 메모에 적합합니다. 【번짐 방지 퀵 드라이 마커】이 부드러운 색상의 하이라이터는 부드러운 끌 팁으로 만들어져 종이가 깨지지 않고 부드럽게 쓸 수 있습니다. 파인 아트 펜의 잉크는 수성 소재로 빠르게 건조됩니다. 잉크가 손이나 소매가 더러워지는 것에 대해 걱정하지 마세요. 【간편한 보관 및 휴대】사각형 막자 디자인의 미적 사무용품은 디자이너 룩을 가지고 있으며, 캡을 분실하는 것을 방지하기 위해 형광펜 상단 디자인을 최적화했으며 캡이 떨어지지 않고 완전히 닫을 수 있습니다. 【부드러운 필기 경험】이 미적 하이라이터는 가볍고 글쓰기를 마스터하기 쉽습니다. 부드러운 끌 팁이 있는 자유롭게 흐르는 잉크로 얇은 종이에도 모든 것을 부드럽게 쓸 수 있습니다. 【다양한 용도】이 귀여운 형광펜은 학교, 대학, 가정, 사무실, 여행 일기, 일정, 직장, 공부, 메모 등에 적합합니다. 가족과 친구를 위한 멋진 선물입니다.",,"['부드럽다', '펜', '형광', '하이라이터', '잉크', '디자인', '파스텔', '귀엽다', '캡', '사무']"
사무용품,마커 및 형광펜,형광펜,,B0CYZ11FPR,"성경 형광펜 번짐 없음 - 부드러운 끌 팁이 있는 보헤미안 성경 마커 8팩, 성경 공부 용품 및 액세서리, 성경 선물, 다양한 색상 성경용 미적 형광펜",ARUSIMA,13822,12409,4.3,12.0,"성경 형광펜 번짐 없음: 성경 형광펜은 수성 잉크로 1초 안에 빠르게 건조됩니다. 올바르게 사용하면 미적 하이라이터가 강조될 때 번지지 않습니다. 번지지 않는 성경용 형광펜은 성경 페이지를 손상시키지 않고 매일 성경 마커를 기록하는 데 도움이 되어 성경과 노트를 더욱 미학적이고 집중적으로 보이게 합니다! 성경 형광펜 미학: 축복받은 경험을 위해 ""I AM chosen""과 같은 구절로 디자인된 성경 저널링 펜으로 공부 세션을 받아들이세요. 당사의 하이라이터는 미적 균형을 제공하여 번지지 않는 성경의 형광펜으로 이상적이며 부드럽고 생생하며 깔끔한 학습 여행을 보장합니다. 고품질의 수성 잉크로 영감을 주는 성경 참여를 위해 제작된 번짐 없는 성경 형광펜으로 학습의 기쁨을 경험하십시오. 8팩 성경 공부 용품: 보헤미안 형광펜 세트로 경전 공부를 업그레이드하세요. 8가지 부드럽고 눈을 즐겁게 하는 색상을 제공합니다. 번짐이 없는 성경 형광펜으로 완벽하며, 방해 없이 구절을 강조하는 데 이상적입니다. 다양한 색상의 필수 성경 공부 액세서리는 메모를 정리하고 생생하게 유지합니다. 이 방해받지 않는 성경 마커로 깔끔하게 정리되고 시각적으로 매력적인 학습 경험을 받아들이세요. 사려 깊은 디자인: 실용성과 미적 매력을 결합한 이중 선 너비를 위한 부드러운 끌 팁이 있는 보헤미안 하이라이터를 만나보세요. 번짐 없는 하이라이터는 부드럽고 피로감 없는 필기 경험을 보장하며 성경 공부에 적합합니다. 프리즘 모양의 미적 하이라이터는 굴러가는 것을 방지하여 원활한 학습 경험을 위한 필수 성경 펜입니다. 최고의 성경 선물 및 성경 공부 액세서리: 다용도 형광펜 세트는 성경 공부 용품, 사무실, 학교 및 일기에 적합하며 넓고 미세한 선을 위한 부드러운 끌 마커가 특징입니다. 아름다운 디자인의 이 하이라이터는 가족과 친구들에게 이상적인 선물입니다. 대학부터 여행 다이어리까지 다양한 용도에 적합합니다. 성경 마커와 특별한 성경 페이지 마커가 포함되어 있어 모두가 좋아할 사려 깊은 기독교 선물입니다.",,"['성경', '펜', '형광', '공부', '하이라이터', '부드럽다', '경험', '학습', '선물']"
사무용품,마커 및 형광펜,형광펜,,B0819FJLH7,"BIC Brite 라이너 그립 파스텔 하이라이터 세트, 끌 팁, 다양한 색상의 파스텔 형광펜 12개입 팩 (색상은 다를 수 있음)",BIC,14473,14473,4.8,22906.0,"BIC Brite 라이너 그립 파스텔 형광펜 12개입 팩 가는 라인과 넓은 라인을 모두 만드는 다용도 끌 팁이 있는 얇은 하이라이터 각 형광펜은 캡을 씌우지 않고 최대 8시간 동안 쓸 수 있으며 건조하지 않습니다 부드러운 고무 그립으로 손에 꼭 맞아 편안함과 제어력을 더합니다 파스텔 하이라이터 세트는 오렌지, 옐로우, 그린, 블루, 퍼플, 핑크 6가지 트렌디한 색상 각각에 두 개의 마커가 특징입니다 (팩당 색상은 다를 수 있음) 신학기에 완벽한 미학 학용품! 색상은 다를 수 있습니다 마커 포인트 사이즈: 1.6mm","BIC Brite 라이너 그립 파스텔 형광펜 세트로 재미있고 쉽게 정리할 수 있습니다. 이 얇은 하이라이터는 다용도 끌 팁이 있어 섬세하고 넓은 선을 만듭니다. BIC의 하이라이터 마커는 아래 텍스트를 가리지 않고 페이지의 중요한 것을 강조하는 반투명 잉크가 특징입니다. 교과서, 노트북, 문서 등에 사용하기에 이상적입니다. 각 형광펜은 캡 없이 최대 8시간 동안 쓸 수 있으며 건조하지 않으므로 안심하고 작업할 수 있습니다. BIC Brite 라이너 그립 끌 팁 하이라이터는 손에 꼭 맞으며 부드러운 그립으로 편안함과 제어력을 더합니다. 이 트렌디한 하이라이터는 청소년이나 모든 연령대의 크리에이터에게 훌륭한 선물입니다. 저널용 귀여운 형광펜이나 성인을 위한 세련된 마커 세트를 찾고 계십니까? BIC Brite 라이너 파스텔 하이라이터는 예술, 사무실 또는 학용품에 재미있는 색상을 더합니다. 각 형광펜 팩에는 12개의 끌 팁 마커가 포함되어 있으며, 오렌지, 옐로우, 그린, 블루, 퍼플, 핑크의 6가지 색상이 각각 2개 있습니다. BIC 멀티컬러 하이라이터는 무독성이며 신뢰할 수 있는 고품질의 안전한 제품을 위해 ACMI 승인을 받았습니다. 텍스트를 강조하거나 창의력을 발휘하고 싶다면, BIC Brite 라이너 하이라이터를 선택하세요.","['하이라이터', '형광', '펜', '파스텔', '라이너', '더하다']"
사무용품,마커 및 형광펜,형광펜,,B086WXTVMP,"Shuttle Art 144팩 형광펜, 형광펜 다양한 색상 세트, 8가지 밝은 색상 끌 팁 형광펜 마커 벌크, 어린이 및 성인용 색칠, 학용품으로 하이라이트",Shuttle Art,51231,45691,4.7,212.0,"다용도의 다양한 색상: Shuttle Art 144팩 하이라이터 벌크는 옐로우, 페일 블루, 핑크, 퍼플, 바이올렛, 그린, 오렌지 및 브라이트 오렌지 (각 색상의 마커 18개)를 포함한 8가지 밝은 형광 색상을 포함하고 있습니다. 교과서, 팩스, 사본, 신문 및 다양한 플래너에 대한 정보를 강조하는 어린이와 성인을 위한 완벽한 세트입니다. 번짐 없음 & 오래 지속됨: 단어의 프리미엄 퀵 드라이 잉크 드로잉은 번짐, 누출, 변색 또는 번짐 없이 선명하고 깨끗하게 유지됩니다(강조하기 전에 잉크를 말리십시오). 각 액체 하이라이터에는 내구성이 뛰어난 펜 캡이 장착되어 잉크가 마르지 않아 오래 사용할 수 있습니다. Shuttle Art 하이라이터는 ASTM-D4236을 준수합니다. 다용도 끌 팁 및 편안한 그립: 다재다능하고 내구성이 뛰어난 끌 팁이 있는 컬러 마커 세트는 넓은 하이라이트와 다양한 요구 사항에 따라 섬세한 밑줄 모두에 적합합니다. 좁은 배럴 모양으로 편안하게 잡을 수 있어 어린이와 어른 모두에게 적합합니다. 밸류 세트: 144팩 하이라이터 펜 세트는 교사, 학생 및 사무실 직원을 위한 사무용품 또는 학용품으로 구입하여 편리하게 분배하고 보관할 수 있습니다. 서비스 보장: 고객 만족을 최우선으로 생각합니다. 안심하고 제품을 구입하십시오. 저희 제품에 만족하지 못하거나 질문이 있으시면 언제든지 저희에게 연락하십시오.",,"['펜', '형광', '하이라이터', '잉크', '어린이', '구성', '구입', '학용품', '오렌지', '강조']"
사무용품,마커 및 형광펜,형광펜,,B0D4V9VGPF,"Nebula 컬러 글리터 하이라이터, 쉬머 마커 세트, 글리터 형광펜 펜, 반짝이는 메모 다이어리용 글리터 형광펜 마커, 얼룩 방지 잉크 마커 펜 (뉴문)",Ksheria,9681,9127,,,"【성운 컬러 글리터 하이라이터】스트로크에는 성운의 반짝이는 별처럼 작고 반짝이는 은색 점이 함께 제공됩니다. 독특한 디자인으로 노트를 우주의 별처럼 빛나게 합니다. 【고품질 제품】이 하이라이터 세트는 고품질 수성 잉크를 사용하여 번질 때 뚜렷한 과립적인 느낌을 주지 않습니다. 색상은 밝고 오래 지속되며 아름답고 실용적입니다. 또한, 디자인은 우아하며 외관은 전 세계적으로 보이며, 이는 부기 애호가와 학생들의 혁신적인 기질과 매우 일치합니다 【얼룩 방지 기술】글리터 하이라이터 펜은 고급 얼룩 방지 기술을 사용하여 종이가 평평하고 투명하며 필기 후 번지지 않도록 하여 메모를 항상 읽을 수 있습니다. 【다양한 색상 선택】당사의 글리터 하이라이터 마커는 밝은 형광 색상과 소프트 핑크, 라벤더 등과 같은 다양한 색상 선택을 제공합니다. 【간편한 휴대】가벼운 디자인과 컴팩트한 사이즈, 글리터 하이라이터 마커는 독서와 쓰기를 위한 최고의 동반자입니다.","Nebula 컬러 글리터 하이라이터, 쉬머 마커 세트, 글리터 형광펜, 글리터 형광펜 마커//특징:/1. 네뷸라 컬러 글리터 하이라이터로 더 밝은 노트를 만들어보세요. 모든 스트로크는 반짝이는 실버 도트의 흔적을 남기고 성운의 반짝이는 별을 아름답게 묘사합니다.//2. 이 글리터 하이라이터 마커는 빠르게 건조되는 잉크를 사용하여 번짐을 방지하고 깨끗하고 선명한 마감을 유지합니다.//3. 부드러운 필기 고품질 잉크로 디자인된 이 글리터 하이라이터 펜은 긴 메모 세션이나 빠른 스케치를 쉽게 할 수 있습니다.//4. 안전을 보장하는 것이 저희의 최우선 과제입니다. 이 스파클 하이라이터는 자극적인 냄새가 없는 무해하고 친근한 소재로 만들어졌습니다.//사양:/소재: ABS/펜 팁 너비: 4mm./크기: 140 x 27mm/색상: 핑크 세트 / 블루 세트 / 그린 세트//제품 구성:/세트 당 글리터 하이라이터 성운 4개//사용 방법/1. 글리터 하이라이터를 잘 흔들어 잉크를 완전히 혼합할 수 있습니다./2. 강조하고 싶은 텍스트나 디자인 위로 글리터 형광펜 마커를 부드럽게 미끄러지세요./3. 사용 후 글리터 형광펜을 단단히 덮어 잉크가 마르지 않도록 하십시오.//주의 사항:/펜 팁이 손상될 수 있는 과도한 압력을 가하지 않도록 가볍게 터치하여 사용하세요./얼룩을 방지하기 위해 글리터 하이라이터를 피부나 옷에 바르지 마십시오./직사광선과 고온에서 멀리 통풍이 잘되고 건조한 곳에 보관하세요.","['글리터', '하이라이터', '펜', '형광', '잉크', '디자인', '방지', '컬러', '성운', '얼룩']"
사무용품,마커 및 형광펜,형광펜,,B0BC8D4B8N,12피스 미적 귀여운 형광펜 성경 파스텔 형광펜 및 펜 번짐 없는 다양한 색상 형광펜 학교 용품 및 사무실 저널 DIY 가정용,konket,9348,9113,4.5,1910.0,"다양한 용도: 학교 대학, 가정, 사무실 및 여행에 적합한 미적 파스텔 하이라이터, 다양한 색상 형광펜. 색상 코딩, 하이라이트 저널, 작업 계획, 공부, 메모, 학생, 교사, 예술가를 위한 적합합니다. 멋진 디자인: 미학적인 귀여운 하이라이터는 글꼴을 쓰기에 적합하며 낙서에 적합합니다. 어두운 색상에서도 잉크가 종이에 묻지 않습니다. 형광펜 파스텔이 있는 DIY 공예품 고품질 소재: 컬러 바이블 하이라이터는 수성이며, 글을 쓸 때 빠르게 건조되며, 부드러운 끌 펜촉은 마모되지 않으며 손과 책에 쉽게 얼룩이 생기지 않으며 가볍고 휴대가 간편합니다. 매끄러운 글씨: 파스텔 하이라이터는 매끄럽고 부드러우며 강하고 매끄러운 필기와 평평한 모양으로 편안하고 잡기 쉽고 사용 시 텀블링이 없습니다. 부드럽고 사랑스러운 색상: 매일 사용하기에 충분한 양과 색상의 파스텔 색상 미적 하이라이터. 공부나 직장에서 방해받지 않고 눈을 편안하게 하세요.",,"['펜', '하이라이터', '파스텔', '형광', '매끄럽다', '부드럽다', '편안하다', '귀엽다', '사무실', '학교']"
사무용품,마커 및 형광펜,형광펜,,B005DEW394,"Sanford Brands 1803277 액센트 젤 하이라이터, 다양한 색상, 5개입 "".1팩 (5개)""",SHARPIE,20304,14514,4.7,4178.0,"새로운 젤 스틱 기술은 펜과 마커 잉크와 잉크젯 인쇄물에 강력한 번짐 보호 기능을 제공합니다. 종이에 번지지 않으며 광택 및 얇은 종이, 잡지 및 성경을 포함한 모든 종이 표면에 사용할 수 있습니다. 덮지 않은 채로 두어도 마르지 않습니다. 전통적인 형광펜만큼 쓸 수 있습니다. 펜 5개가 포함되어 있습니다. 길이 10.8cm(4.25인치), 너비 4cm(1.5인치), 높이 14.3cm(5.6인치). 0.2kg(0.5파운드). 수입품.","Improve your study or work experience with the smear-resistant and ink-free technology of the Sharpie Gel Highlighters. Perfect for your desk or office, this set of five assorted fluorescent colors stand out on all paper surfaces, including glossy. Its advanced gel formula resists smudging across pen, marker, and ink jet inks and won't bleed through paper, ensuring clean and clear marks. Each Sharpie highlighter is durable and long-lasting with the ability to stay uncapped for days without drying out. The bullet tip design enables precise highlighting and underlining, making it highly versatile.","['펜', '종이', '형광', '액센트', '개입', '광택', '하이라이터', '보호', '새롭다', '성경']"
사무용품,마커 및 형광펜,형광펜,,B0CKMT1CSH,"ZEYAR 미학적인 귀여운 형광펜, 크림 색상, 끌 팁, 수성 기반, 빠른 건조, 성경 번짐 없음, 사계절 컬러 시리즈 (8가지 스프링 색상)",ZEYAR,16606,8296,4.7,221.0,"미국 브랜드 ZEYAR. 밝은 색상: 매우 생생한 컬러 잉크 모음은 손으로 쓴 텍스트를 보호하고 강조합니다. 다음 페이지에는 그림자가 없습니다 다양한 색상: 8가지 봄 색상: 레드빈, 피치 핑크, 시아닌 퍼플, 칼라민, 핑크 그린, 쉐이딩 그린, 블루 헤이즈, 커피 밀크 귀여운 디자인: 큐브형 및 슬림 바디는 주머니에 잘 맞으며 잡기 쉽습니다. 심플하고 선명한 외관 디자인 잉크 인증: 수성, ASTM D-4236 인증 준수, 무독성, 무산성 및 사용하기에 안전합니다 ZEYAR 귀여운 하이라이터는 학교, 대학, 가정, 사무실 및 여행 일기에서 경전, 메모, 저널 및 책을 강조하는 데 적합합니다. 가족과 친구를 위한 아름다운 선물입니다. 저희는 모든 고객을 염려합니다: ZEYAR는 정교한 R&D, 품질 관리 프로세스를 갖춘 전문 마커 제조업체로 모든 제품이 훌륭한 품질을 유지할 수 있도록 합니다. 우리에게 드로잉은 인간의 감정과 경험을 표현하는 것입니다. 그렇기 때문에 당사는 모든 사람들이 마커 용품을 사용할 수 있도록 노력합니다",ZEYAR 전문 예술 및 공예 작품 제조업체입니다. 과학의 세계는 많은 아름다운 색상으로 가득합니다! 우리 세상의 일부 색상은 눈으로 볼 수 없지만 선택에 따라 더 많은 색상을 제공하기 위해 노력하고 있습니다.,"['귀엽다', '컬러', '잉크', '전문', '디자인', '노력', '아름답다', '그린', '인증', '수성']"
사무용품,마커 및 형광펜,형광펜,,B08V5BXPH8,Faber-Castell 메탈릭 하이라이터 세트 - 미묘한 글리터 형광펜 마커 8개 모음 - 메모 작성 및 저널링 용품,Faber-Castell,20761,13808,4.2,1930.0,"글리터 하이라이터 - 1, 2, 5mm 라인 너비로 디테일한 글씨와 드로잉이 가능한 3-in-1 끌 팁 하이라이터로 노트에 미묘한 반짝임을 더하세요. 저널링에 완벽한 이 형광펜 세트는 페이지를 돋보이게 합니다 불렛 저널 용품 - Faber-Castell 미묘한 글리터 하이라이터는 얼룩 방지 기능이 있으며 모든 인기 있는 종이에 균일한 색상 레이다운을 제공합니다. 투명한 잉크는 압도하지 않지만 반짝이는 사랑스러운 반짝임을 가지고 있습니다 하이라이터 세트 - 펄 로즈, 프레셔스 그린, 매그니피슨트 블루, 글래머러스 골드, 샤이니 실버, 글로리어스 레드, 쉬머링 바이올렛, 브릴리언트 루비 등 다양한 차분한 반짝이는 색상이 특징인 하이라이터 세트로 작업에 쉬머를 더하세요 환경 친화적인 하이라이트 - Faber-Castell 하이라이터 배럴 및 포장은 100% 재활용 소재로 만들어졌으며 무취의 수성 잉크로 교실, 사무실 및 작은 공간에서 사용할 수 있습니다 FABER-CASTELL 하이라이트 - Faber-Castell 컬러 하이라이터는 평평하고 인체 공학적 디자인으로 책상이나 작업 공간에서 굴러가지 않습니다. 저널, 플래너, 성경 및 메모를 위한 고품질 하이라이터로 반짝임을 더하세요","Faber-Castell 메탈릭 하이라이터로 계획과 디자인에 미묘한 광택을 더하세요! 이 하이라이터 세트는 투명하고 반짝이는 메탈릭 효과(펄 로즈, 프레셔스 그린, 매그니피슨트 블루, 글래머러스 골드, 샤이니 실버, 글로리어스 레드, 쉬머링 바이올렛 및 브릴리언트 루비)로 아이디어를 강조할 수 있는 8가지 투명하고 반짝이는 색상이 특징입니다. Faber-Castell 하이라이터는 얼룩 방지 기능이 있으며 균일한 색상 레이다운을 제공하여 완벽한 저널링 액세서리, 메모 용품, 성경 형광펜 등입니다! 메탈릭 마커는 1, 2 및 5mm의 3가지 선 너비로 씁니다. 다양한 끌 펜촉 크기를 사용하여 디테일한 글씨와 손글씨를 쓰거나 넓은 색상 코딩 및 하이라이트를 할 수 있습니다. Faber-Castell 하이라이터 펜으로 환경 친화적인 선택을 생산하는 것을 자랑스럽게 생각합니다. Faber-Castell 하이라이터는 완전히 재활용 소재로 생산되며 무취의 수성 잉크를 사용하여 교실, 사무실 및 작은 공간에서 사용할 수 있습니다. 1761년부터 Faber-Castell 는 모든 연령대와 기술 수준에 창의성과 자기 표현에 영감을 주기 위해 고안된 예술 제품을 자랑스럽게 만들었습니다. 메모를 한 단계 업그레이드하고 메탈릭 글리터 하이라이터로 저널이 빛나는 것을 확인하세요. Faber-Castell.","['하이라이터', '메탈', '글리터', '메모', '펜', '더하다', '미묘하다', '반짝임', '용품', '형광']"
사무용품,마커 및 형광펜,형광펜,,B072JL4W4R,"AVERY 23585 하이리터 펜 스타일 하이라이터, 번짐 방지 잉크, 끌 팁, 6가지 색상 형광펜",AVERY,7091,7091,4.7,10002.0,"펜, 마커 또는 잉크젯 잉크가 번지지 않는 생생한 색상의 잉크로 번지지 않습니다 내구성이 뛰어난 끌 팁 형광펜은 키 구절을 강조하거나 텍스트에 밑줄을 긋거나 예술적 스케치에 사용할 때 마모되지 않습니다 Hi-Liter 잉크는 빠르게 건조되며 대부분의 종이에 번지지 않아 작업이나 공부에 적합합니다 하이라이터 마커는 튼튼한 클립온 캡으로 오거나이저, 포켓 또는 바인더에 쉽게 고정할 수 있습니다 패키지에는 형광 그린 형광펜 1개, 형광 오렌지 형광펜 1개, 형광 핑크 형광펜 1개, 형광 퍼플 형광펜 1개, 형광 옐로우 형광펜 1개, 형광 블루 형광펜 1개가 포함되어 있습니다. 학교, 가정 및 사무실에 적합합니다","Avery Hi-Liter 펜 스타일 하이라이터로 필수 단어와 문구에 주의를 기울이세요. 이 다양한 색상 하이라이터의 몰드 끌 팁은 눈길을 끄는 형광 잉크로 텍스트를 강조하거나 밑줄을 그릴 수 있는 정밀도를 제공합니다. 대부분의 종이에 번지지 않고 펜, 마커 또는 잉크젯 잉크가 번지지 않는 번짐 방지 형광펜 잉크로 문서를 깨끗한 상태로 유지하세요. 펜 스타일 구조로 하이라이터를 편안하게 다룰 수 있으며 좁은 배럴과 탈착식 캡이 특징입니다. 팁은 닳거나 흐려지지 않으며, 편리한 클립으로 주머니, 토트백 또는 정리함에 쉽게 휴대할 수 있습니다. 향상된 잉크 포뮬러로 형광펜을 마르지 않고 최대 1주일 동안 뚜껑을 덮지 않은 상태로 둘 수 있습니다. 손에 형광펜 잉크를 묻힐 염려가 없습니다. 수성 잉크는 피부에서 쉽게 씻을 수 있으며 ACMI 인증 무독성으로 어린이와 교실에서 사용하기에 안전합니다. 학교, 가정 및 사무실에서 사용할 수 있는 필수 아이템인 이 6개의 형광 형광펜 팩은 교과서 강조, 예산 분류, 시험 준비, 플래너의 색상 코딩에 적합하며 모든 학용품 또는 불렛 저널 용품 목록에 훌륭한 추가 아이템입니다. 패키지에는 형광 그린 형광펜 1개, 형광 오렌지 형광펜 1개, 형광 핑크 형광펜 1개, 형광 퍼플 형광펜 1개, 형광 옐로우 형광펜 1개, 형광 블루 형광펜 1개가 포함되어 있습니다.","['형광', '펜', '잉크', '하이라이터']"
사무용품,마커 및 형광펜,형광펜,,B0BB6TKKNT,"ZEYAR 미적 형광펜, 미스틱 보석 색상, 끌 팁 마커 펜, 수성 기반, 번짐 없음, 빠른 건조, 쉬운 유지, 스터디 노트 학교 사무실용(8가지 미스틱 색상)",ZEYAR,13836,13836,4.3,476.0,"미국 브랜드 ZEYAR. 밝은 색상: 신비한 보석 잉크 모음은 손으로 쓴 텍스트를 보호하고 강조하며 메탈릭 색상 효과로 신비롭고 즐거운 느낌을 줍니다 다양한 색상: 8가지 신비한 보석 색상: 4가지 고귀한 색상: 미스틱 골드, 샤이니 실버, 샴페인 피치, 카벙클 핑크; 4가지 웅장한 색상: 탄자나이트 사파이어, 터쿼이즈 그린, 다크 자수정, 펄 로즈. 편안한 디자인: 짧고 넓은 몸체는 주머니에 잘 맞으며 잡기 쉽습니다. 심플하고 선명한 외관 디자인 잉크 인증: 수성, ASTM D-4236 인증 준수, 무독성, 무산성 및 사용하기에 안전합니다 미세--보드 라인 팁: 끌 팁으로 1mm의 미세한 선을 그릴 수 있으며 폭은 4mm이며 유연한 필기 너비 저희는 모든 고객을 염려합니다: ZEYAR는 정교한 R&D, 품질 관리 프로세스를 갖춘 전문 마커 제조업체로 모든 제품이 훌륭한 품질을 유지할 수 있도록 합니다. 우리에게 드로잉은 인간의 감정과 경험을 표현하는 것입니다. 그렇기 때문에 당사는 모든 사람들이 마커 용품을 사용할 수 있도록 노력합니다.",밝은 색상: 신비한 보석 잉크 모음은 손으로 쓴 텍스트를 보호하고 강조하며 메탈릭 색상 효과로 신비롭고 즐거운 느낌을 줍니다,"['보석', '잉크', '미스틱', '신비하다', '텍스트', '모음', '인증', '디자인', '느낌', '즐겁다']"
사무용품,마커 및 형광펜,형광펜,,B011UEXFY2,"6피스 형광펜 마커 세트 - 컬러 형광펜 프리미어 더블 엔드 세트 - 학교 용품, 저널 용품, 애니메이션 용품을 위한 형광펜 다양한 색상 - 멀티컬러 형광펜 노벨티 펜",The Little Green Change,8296,8296,4.7,1845.0,"번짐 방지 귀여운 형광펜: 학교용 미적 형광펜은 펜, 마커 또는 잉크젯 잉크에 번지지 않는 눈길을 끄는 형광 잉크로 주요 구절을 쉽게 강조할 수 있습니다. 이 컬러 펜의 특징은 색칠용 연필과 그리기 및 색칠을 위한 귀여운 하이라이터로 적합합니다. 양면 형광펜: 이 컬러 형광펜은 독특하고 독특한 양면 스타일을 제공하여 두 가지 팁 선택으로 두껍거나 얇은 선을 만드는 데 도움이 됩니다. 이 핑크 하이라이터 마커의 넓은 불렛 팁은 굵은 선이나 섬세하고 정확한 선을 위한 매우 미세한 팁에 사용되어 다양한 시나리오에서 더 쉽게 사용할 수 있습니다. 고품질 멀티 컬러 형광펜: 이 여아용 사무용품 쿨 펜은 내구성이 뛰어나고 튼튼한 고품질의 소재로 만들어져 건조하지 않고 최대 1주일 동안 뚜껑을 덮지 않은 상태로 둘 수 있습니다. 이 번짐 없는 하이라이터는 사무실 책상 액세서리로 장기간 사용하기에 적합합니다. 다용도 멀티 컬러 형광펜: 저희 형광펜 팩에는 학교용 컬러 마커 6개가 제공됩니다. 이 귀여운 마커는 핑크, 옐로우, 오렌지, 블루, 그린, 퍼플 하이라이터와 같은 매력적이고 멋진 색상을 가지고 있습니다. 대학 학용품과 귀여운 사무실 액세서리를 위한 멋진 멀티 컬러 하이라이터입니다. 미적 마커의 다양한 적용: 이 귀여운 펜 형광펜 콤보는 일기, 달력, 애니메이션 물건 및 노트 북과 같은 다양한 용도로 사용할 수 있습니다. 이 다양한 형광펜 문구 세트는 대학 필수품, 대학생을 위한 학용품, 여아용 핑크 학용품으로도 사용할 수 있습니다.",,"['펜', '형광', '컬러', '하이라이터', '귀엽다', '멀티', '용품', '학용품', '핑크', '학교']"
사무용품,마커 및 형광펜,형광펜,,B07Z99ZL4S,"Tomorotec 매직 하이라이터, 색상 변경 하이라이트 펜 듀얼 팁 끌 팁 모듬 형광펜 마커 다양한 형광 [12팩]",Tomorotec,12395,12395,4.5,381.0,"미스터리 색상 변경 - 이 독특한 마커로 눈길을 사로잡는 생생한 일러스트레이션을 만들어보세요. 일반 면으로 그린 다음 색상 영역에 흰색 팁을 사용하여 놀라운 변화를 만듭니다. 분명 마음에 드실 겁니다! 다용도 끌 팁 - 다양한 너비의 눈에 잘 띄는 표시를 쉽게 만들 수 있습니다. 강조하기에 적합하며 중요한 정보에 주의를 기울일 것입니다. 인체 공학적 손잡이. 만 3세 이상에 적합합니다. 더 밝고 대담함 - 네온 형광 색상은 기존 색상보다 더 많은 빛을 흡수하고 반사합니다. 즉시 건조되는 잉크, 방수 및 변색 방지. 연필이나 잉크 위에 강조할 때 번지지 않습니다. 오래 지속되는 잉크 공급을 제공합니다. 12가지 다양한 색상 - 오렌지, 핑크, 옐로우, 네온 옐로우, 브라운, 그래스 그린, 그린, 스카이 블루, 블루, 사파이어, 퍼플 및 레반더. 100% 만족 보장 - 무독성, 중성, 크실렌 프리 및 무취. EN 71-3 및 ASTM-D 4236을 준수하여 환경 친화적이며 어린이에게 안전합니다. Tomorotec 1년 번거로움 없는 .",Tomorotec은 최고 품질 표준을 갖춘 제품을 제공합니다./이 제품은 1년 무료 교체 이 제공됩니다,"['잉크', '그린', '형광', '옐로우', '네온', '변경', '강조', '블루', '펜']"
사무용품,마커 및 형광펜,형광펜,,B0BXF7L52R,"DIVERSEBEE 성경 공부용 젤 형광펜 8팩, 빈티지 색상, 번짐 없음",DIVERSEBEE,19376,13780,4.5,14999.0,"성경 안전 드라이 하이라이터: 번지지 않는 형광펜은 일기를 쓰고 구절을 암기하는 데 적합합니다 8가지 세련된 색상: 색상 코딩과 좋아하는 책 구절을 강조하기에 완벽한 미적 형광펜 번짐 없음, 색이 바래거나 다른 잉크에 번지지 않음: 적용이 매우 쉽고 뚜껑을 닫지 않으면 건조되지 않습니다 비틀 수 있는 디자인, 섬세한 팁을 위해 날카롭게 할 수 있습니다: 창의적인 저널링에 사용하기 쉽습니다 보장 구매: 저희는 제품에 자신이 있습니다. 어떤 이유로든 구매에 완전히 만족하지 못하셨다면 저희에게 연락하여 교환 또는 전액 환불을 받으십시오.",,"['형광', '펜', '구절', '성경', '창의', '전액', '건조', '코딩', '날카롭다', '드라이']"
사무용품,마커 및 형광펜,형광펜,,B0B6ZGY9XK,"NiArt 듀얼 팁 하이라이터, 24개의 형광펜 마커 펜 세트, 넓고 섬세한 팁, 파스텔 형광펜 다양한 색상, 학교, 예술, 성경 공부 용품 수채화 마커 어린이 및 성인용",NiArt,17381,17381,5.0,4.0,"❤️【24가지 진동 색상】24가지 화려한 클래식 색상의 더블 엔드 마커 세트로 모든 예술과 공예품을 완성하세요. 이 아름다운 마커에는 모든 아이들의 창의적인 활동을 위한 끌 팁과 도트 포인트 팁이 있습니다. 24가지 생생한 색상이 생생하게 나타나며 칙칙함을 깨고 상상력을 자극하여 깊이, 디테일 및 광채로 그림과 시각 효과를 만듭니다. 【재미있는 양면 컬러 형광펜 마커】마커를 뒤집어 팁을 선택할 수 있으면 색칠과 공예가 더욱 재미있습니다. 양면 펜의 도트 포인트와 끌 팁은 필기 각도와 접촉면을 조정하여 부드럽고 다양한 선을 제공합니다. 디테일을 위한 3mm 미세 팁과 빠른 커버리지를 위한 5mm 끌 팁이 있는 이 마커는 교실, 사무실, 가정 등에 적합합니다. 【유연하고 내구성이 뛰어난 팁】다용도 끌 팁과 둥근 포인트 팁으로 넓은 영역과 미세한 선 사이를 쉽게 전환할 수 있습니다. 내구성이 뛰어난 펜촉은 중간 정도의 부드러움이며 펌프 스타일 디자인으로 부드럽고 유연한 스트로크로 더 제어된 라인을 생성합니다. 손상과 변형을 방지하기 위해 마커 팁에 과도한 필기 압력을 가하지 마십시오. 【안전한 수성 잉크】부드럽고 밝은 색조가 마커 세트에 포함되어 있어 깊이와 3차원 감각을 추가하여 그림을 즐길 수 있습니다. 친환경 컬러 잉크로 제작된 이 마커는 대부분의 용도에 적합하며 아티스트에게 세심한 디테일과 그래픽 효과를 렌더링할 수 있는 유연성을 제공합니다. 무독성, 중성, 크실렌 프리, 무취, 환경 친화적이며 QB/T 2777-2015 및 GB 21027-2007을 준수합니다. 어린이와 성인이 사용하기에 완벽하게 안전합니다. 【다용도】이 마커로 다양한 모양과 패턴을 쉽게 만들 수 있습니다. 작업 가능하고 유연한 팁은 표준에 추가적인 창의성과 재미를 불어넣습니다. 색칠, 음영, 드로잉, 수채화 그림, 일기, 손글씨, 캘리그래피, 만화, 성인용 컬러링 북 등에 적합하며 사무실, 학교, 가정 및 기타 용도에 적합합니다. 빠르게 건조되는 잉크는 더 잘 제어된 라인과 부드러운 스트로크를 생성하며 종이에 번지거나 번질 가능성이 적습니다. 【색상 코드 배럴 및 재사용 가능한 보관 케이스】쉬운 정리 및 색상 식별을 위한 색상 코드 배럴. 뚜껑은 잉크 증발을 더 잘 줄일 수 있습니다. 24개의 더블 엔드 마커 세트는 투명하고 가벼운 재사용 가능한 플라스틱 휴대용 케이스에 포장되어 쉽게 보관할 수 있습니다. 여행 및 일상 보관에 이상적입니다.","NiArt 듀얼 팁 형광펜, 끌과 섬세한 팁이 있는 형광펜 마커 펜 24개 세트, 파스텔 형광펜 다양한 색상, 학교, 미술 및 성경 공부 용품 어린이 및 성인용 수채화 마커","['펜', '형광', '잉크', '부드럽다', '유연하다', '가능하다', '어린이', '학교', '수채화', '그림']"
사무용품,마커 및 형광펜,형광펜,,B0BC7RVV1K,"Mr. Pen - 하이라이터 마커, 8팩, 모란디 색상, 끌 팁, 귀여운 파스텔 형광펜 세트, 다양한 색상",Mr. Pen,9487,9487,4.6,4159.0,"Mr. Pen 하이라이터 팩에는 8개의 피스가 포함되어 있으며, 독특한 모란디 색상이 특징이며, 하이라이트 작업에 세련된 터치를 더합니다. 이 하이라이터에는 끌 팁이 장착되어 있어 넓은 라인과 미세한 선으로 표시할 수 있는 다양성을 제공하여 더 큰 섹션에 밑줄을 긋거나 강조하는 데 이상적입니다. 각 하이라이터는 눈에 부드러운 모란디 색조를 생성하여 텍스트를 어둡게 하지 않고 강조하는 데 적합하며 표시된 내용을 쉽게 읽을 수 있습니다. Mr. Pen 하이라이터는 매끄럽고 빠르게 건조되는 포뮬러로 얼룩을 방지하고 매번 선명하고 깨끗한 하이라이트를 보장합니다. 학생, 전문가 및 크리에이티브에게 적합한 이 세련된 형광펜은 메모, 독서, 낙서 및 작업에 미묘한 색상을 추가하는 데 적합합니다.",,"['하이라이터', '모란디', '형광', '작업', '세련되다', '강조', '하이라이트', '펜', '표시', '파스텔']"
사무용품,마커 및 형광펜,형광펜,,B0CWYRLYH5,"Mr. Pen - 미적 귀여운 파스텔 형광펜 세트, 8개, 끌 팁, 캔디 색상, 번짐 없는 성경 다양한 색상",Mr. Pen,11066,8296,4.2,11.0,"부드럽고 부드러운 형광펜으로 노트와 종이를 돋보이게 하세요! 이 패키지에는 다양한 색상의 형광펜 8개가 포함되어 있습니다. 저희 하이라이터는 직장과 학교 생활을 조금 더 밝게 만드는 데 적합합니다. 하이라이터는 내구성이 뛰어나고 빠르게 건조되는 잉크로 번짐과 얼룩을 방지합니다. 잉크는 색바램에 강하여 작업을 더 오래 깨끗하고 깨끗하게 유지합니다. 당사의 하이라이터는 손이 아프지 않고 편안하고 잡기 쉽고 사용 중에 굴러다니지 않습니다. 다용도 끌 팁은 넓고 좁은 선을 효율적으로 생성합니다. Mr. Pen 형광펜은 경전, 메모, 저널 또는 읽고 싶은 책을 밝고 생생한 색상으로 강조하는 데 적합합니다. 이 귀여운 형광펜은 학교, 대학, 가정, 사무실, 심지어 여행 일기, 일정, 직장, 공부, 메모 등에 적합합니다. 가족과 친구를 위한 멋진 선물입니다.",,"['펜', '형광', '하이라이터', '깨끗하다', '학교', '부드럽다', '메모', '직장', '귀엽다', '잉크']"
사무용품,마커 및 형광펜,형광펜,,B00M58JUFQ,"SHARPIE Clear View 하이라이터, 끌 팁, 다양한 색상, 4개입",SHARPIE,15982,13545,4.8,6306.0,시스루 팁이 있는 하이라이터로 깔끔하고 고르게 강조할 수 있습니다 끌 팁으로 넓은 선과 좁은 선 사이를 전환할 수 있습니다 매우 생생한 형광 잉크가 페이지에서 튀어 나옵니다 많은 펜 및 마커 잉크의 번짐을 방지하여 작업을 깨끗하게 유지합니다 다양한 색상의 탱크 하이라이터 4개 포함,"하이라이터가 밝게 빛나지 않습니다. 이걸 기억해줘, 꼭 해봐야 해, 거기 가야, 모든 걸 봐야 해. 정보가 최우선 순위이고 정밀도가 필수인 경우에 완벽한 Sharpie 클리어 뷰 하이라이터는 모든 것을 매우 잘 보이게 합니다. 이 하이라이터는 강조하는 동안 사각지대를 제거하는 혁신적인 시스루 팁이 있어 더 직선적이고 정확한 선을 위해 마킹을 중지해야 할 때를 항상 알 수 있습니다. 투명하고 빠르게 건조되는 잉크의 화려한 색상으로 Sharpie 하이라이터는 가장 중요한 생각과 메모를 읽기 쉬운 음영으로 페이지에서 뛰어 넘게 만듭니다. Sharpie가 여행 일정, 캠핑 체크리스트, 탈출 계획 및 나머지 삶의 주요 포인트를 위한 하이라이터가 필요한 이유는 놀라운 일이 아닙니다.","['하이라이터', '잉크', '강조', '페이지', '시스루']"
사무용품,마커 및 형광펜,형광펜,,B0CR6GCY85,"Lsnisni 형광펜 12개, 미적 파스텔 귀여운 형광펜, 듀얼 팁 매직 체인지 컬러 형광펜 마커, 번짐 없는 성경 다양한 색상",Lsnisni,8296,8296,4.0,3.0,"[12가지 매직 체인지 색상]: 세트에는 12가지 색상의 형광펜이 포함되어 있습니다. 부드러운 하이라이터는 두꺼운 팁 하나와 얇은 팁 1개가 있는 편리한 듀얼 팁 디자인이 특징입니다. 각 펜은 흰색 팁을 사용하여 색상을 변경할 수 있습니다. [빠른 건조 및 번짐 없음]: 이 성경 형광펜은 부드러운 끌 팁으로 만들어져 부드럽게 글씨를 쓸 수 있으며 종이가 깨지지 않습니다. 잉크는 수성으로 빠르게 건조되고 번짐을 방지합니다. [잡기 쉽고 눈 보호]: 부드러운 색상의 미적 하이라이터는 손에 편안하고 손이 아프지 않고 쉽게 잡을 수 있습니다. 다용도 끌 팁은 넓고 좁은 선을 효율적으로 생성합니다. 또한 눈을 자극하지 않는 12가지 눈 보호 색상을 선택했습니다. [매일 사용하기에 적합]: 이 귀여운 형광펜은 경전, 경로 마커, 학습 노트, 여행 저널 또는 모든 책을 강조하는 데 적합합니다. 학교, 대학, 가정, 사무실 등에 적합합니다. [보장 구매]: 저희는 제품에 자신이 있습니다. 어떤 이유로든 구매에 완전히 만족하지 못하셨다면 저희에게 연락하여 교환 또는 전액 환불을 받으십시오.",,"['펜', '형광', '부드럽다', '손', '체인지', '빠르다', '보호', '매직', '하이라이터', '듀얼']"
사무용품,마커 및 형광펜,형광펜,,B0C5BFBR1T,"부드러운 잉크와 팁이 있는 미적 형광펜 및 젤 펜, 번짐 없음, 빠르고 잡기 쉬움, 성경 저널링 플래너 노트, 학교 사무용품, 10팩 (파스텔)",BLIEVE,12451,13836,4.4,1628.0,"패키지 구성: 파스텔 형광펜 5개 미학과 파스텔 펜 5개 미학. 구매: 저희는 제품에 자신이 있습니다. 어떤 이유로든 구매에 완전히 만족하지 못하셨다면 저희에게 연락하여 교환 또는 전액 환불을 받으십시오. 부드러운 파스텔 색상: 눈에 쉽게 닿을 수 있으며 산만하지 않으며 공부나 일을 방해하지 않습니다. 이 놀라운 모란디 색상으로 메모를 쉽게 그룹화하고 정리할 수 있습니다. 귀여운 BLIEVE 펜: 0.5mm 파인 포인트의 고품질 젤 마커 잉크로 채워져 있으며 부드러운 기술 메커니즘으로 끌림이나 긁힘이 없습니다. 번짐 방지 하이라이터: 빠르게 건조되고 번지지 않습니다. 강조 표시, 표시 또는 글씨를 쓰는 동안 매우 세게 누르지 않는 한, 빠르게 건조되고 적절한 사용 시 번지지 않는 수성 잉크. 매끄러운 글씨: 평평한 모양의 마킹 하이라이터 - 손이 아프지 않고 편안하고 쉽게 잡을 수 있으며 사용 중에 굴러 다니지 않습니다. 펜의 고무 그립은 편안한 필기 경험을 제공합니다. 매일 사용하기에 완벽합니다: 색상 코드, 일기, 성경이나 책 암기, 경전 표시, 플래너 디자인, 메모 작성 등.",,"['펜', '파스텔', '잉크', '빠르다', '부드럽다', '표시', '형광', '편안하다', '메모', '글씨']"
사무용품,마커 및 형광펜,형광펜,,B07XD6D6MD,"Mr. Pen - 번짐 방지 젤 성경 형광펜, 옐로우, 8개 팩",Mr. Pen,15221,11066,4.7,7508.0,"잡지와 성경을 포함한 종이에 번지지 않습니다. 얼룩이 없고 매끄러우며 뚜껑을 닫지 않으면 마르지 않습니다 저널링, 성경 또는 기타 책을 암기하기에 적합합니다 트위스트 업 젤 스틱 디자인 가는 팁을 위해 날카롭게 할 수 있습니다",,"['성경', '형광', '암기', '디자인', '뚜껑', '매끄럽다', '방지', '스틱', '얼룩', '펜']"
사무용품,마커 및 형광펜,형광펜,,B0C1S63NXH,고양이 발바닥 귀여운 형광펜 카와이 형광펜 미적 카와이 마커 부드러운 끌 팁 쿨 형광펜 번짐 없음 파스텔 형광펜 마커 펜 학교 사무실 성경 저널 용품 12개,Harloon,12451,12451,3.8,7.0,"풍부한 수량: 다양한 파스텔 잉크 색상의 카와이 형광펜 12개를 받게 되며, 일상 생활에서 사용 및 교체 요구 사항을 충족할 수 있는 충분한 수량으로 다른 사람들과 공유할 수 있습니다 귀엽고 파텔: 성경 하이라이터는 고양이 발바닥 모양의 캡으로 디자인되어 귀엽고 사랑스러우며 파스텔 잉크 색상은 눈에 쉽고 산만하지 않으며 이 색상을 조합하여 다양한 정보를 표시할 수 있습니다 빠른 건조 및 번짐 없음: 부드러운 끌 팁이 특징인 미적 형광펜은 부드럽게 쓸 수 있으며 1mm에서 5mm의 선을 쉽게 그릴 수 있습니다. 수성 잉크는 빠르게 건조되고 번지지 않아 옷이나 종이에 얼룩이 생기지 않아 편안한 필기 경험을 제공합니다 간편한 휴대: 각 프레피 하이라이터는 약 13cm(5.12인치)이며 가볍고 휴대가 간편하여 너무 많은 공간을 차지하지 않으며 가방이나 필통에 잘 맞아 외출 시 편리하게 사용할 수 있습니다 다양한 용도: 고양이 발바닥 형광펜 마커는 가정, 학교 및 사무실에서 사용하기에 실용적이며 색상 코딩, 카드 제작, 스크랩북 장식, 플래너, 일정, 메모, 성경 주석, 그림 등에 사용할 수 있으며 친구를 위한 선물로도 이상적입니다","특징: 귀여운 마커의 외부 쉘은 고품질 ABS 플라스틱으로 만들어져 매끄럽고 잡기 편하며, 튼튼하고 색이 바래지 않으므로 오랫동안 안심하고 사용할 수 있습니다. 번짐 없는 파스텔 하이라이터는 가족, 친구, 학생, 반 친구 등을 위한 이상적인 선물이 될 수 있으며, 기뻐하고 기뻐할 것입니다. 사양: 소재: ABS 플라스틱, 잉크 색상: 사진과 같음. 사이즈: 약 13cm 패키지 구성: 귀여운 형광펜 12개. 참고: 수동 측정, 사이즈에 약간의 오차가 있을 수 있습니다. 화면 디스플레이의 차이로 인해 색상이 약간 다를 수 있습니다.","['펜', '형광', '귀엽다', '잉크', '파스텔', '발바닥', '카와이', '고양이', '친구', '하이라이터']"
사무용품,마커 및 형광펜,형광펜,,B0C287B4XR,"12가지 컬러 커브 형광펜 세트, 10가지 다른 모양 듀얼 팁 마커 형광펜, 저널링 드로잉 노트 작성용, 플래너 스크랩북 학용품용 커브 형광펜",AOROKI,17991,17991,4.0,815.0,"【10가지 흥미로운 패턴】: AOROKI 커브 컬러 펜은 꽃/하트/물결 선/점선/잔물결 모양/곡선/점선/점선/토끼 모양/화살 모양/기둥 모양의 10가지 독특한 패턴 모양이 포함되어 있어 표시하는 동안 더 창의적이고 재미를 더합니다. 【듀얼 팁 패턴 펜】: 이중 팁이 있는 12가지 밝은 색상: 패턴 팁은 저널에 쓰거나 노트를 표시하는 데 이상적이며 2.5mm 끌 팁은 넓고 미세한 선을 모두 만들 수 있어 하이라이트와 밑줄에 적합합니다. 【빠른 건조 및 쉬운 사용】: AOROKI 커브 하이라이터 펜은 빠르게 건조되고 사용하기 쉬워 번짐 없이 부드럽게 쓰고 쉽게 미끄러질 수 있습니다. 펜을 잡고 슬라이드하기만 하면 노트를 돋보이게 할 수 있습니다. 【안전 및 다양한 용도】: 무독성, 중성, 무취 잉크로 모든 연령대가 안전하게 사용할 수 있습니다. 어린이와 성인이 일기, 메모, 낙서, 스크랩북 및 카드 제작에 사용하기 좋습니다. 플래너, 불렛 저널, 컬러링 북 등에도 적합합니다. 【이상적인 선물】: 생일, 크리스마스, 할로윈, 추수감사절, 새해 또는 모든 행사에 훌륭한 선물입니다. 이 귀엽고 멋진 펜은 어린이와 성인이 쉽게 사용할 수 있으며 그림을 그리는 과정에서 재미를 즐길 수 있습니다. 【만족 보장】: 고객 만족을 최우선으로 생각합니다. 저희 패턴 펜이나 서비스에 대한 질문이나 제안이 있으시면 언제든지 저희에게 연락하십시오. 24시간 이내에 회신해 드리겠습니다. 【사용 팁】: 패턴 펜을 사용할 때 몇 가지 팁이 있습니다. 1. 롤러 팁은 잉크가 부드럽게 나오도록 종이에 완전히 닿아야 합니다. 2. 펜을 종이에 똑바로 세워 완벽한 패턴을 얻을 수 있습니다. 3. 더 직선적이고 선명한 패턴 라인을 위해 표시하는 동안 펜을 천천히 움직입니다.",,"['펜', '패턴', '커브', '점선', '형광', '표시', '노트', '북', '컬러', '재미']"
사무용품,마커 및 형광펜,형광펜,,B00PV1K2BU,"Sharpie Accent 펜 스타일 리퀴드 형광펜 - 마이크로 마커 포인트 타입 - 끌 마커 포인트 스타일 - 옐로우 잉크, 12개",SHARPIE,39998,21869,4.8,460.0,"12개 단위로 판매됩니다. 화려한 색상을 위한 색소 잉크. 다용도 끌 팁은 하이라이트와 밑줄 모두에 이상적입니다. 형광펜 끝에 있는 루프 기능을 사용하면 3링 바인더, 플래너, 가방 등에 부착할 수 있습니다. 빠르게 건조되는 잉크는 냄새가 없습니다.",Sharpie Accent 펜 스타일 리퀴드 하이라이터 - 마이크로 마커 포인트 타입 - 끌 마커 포인트 스타일 - 옐로우 잉크 - 12개,"['잉크', '포인트', '펜', '스타일', '퀴드', '형광', '옐로우', '마이크로', '타입']"
사무용품,마커 및 형광펜,형광펜,,B00RFPXMSU,"Sharpie 25162PP 액센트 탱크 스타일 하이라이터, 형광 옐로우, 형광펜 2개 블리스터, 대형 잉크 공급, 다용도 끌 팁, SmearGuard 잉크 기술",SHARPIE,8296,8296,4.7,41.0,형광펜 2개 블리스터 팩 큰 잉크 공급으로 신뢰할 수 있는 하이라이트를 제공합니다 밝고 다채로운 잉크가 페이지에서 돋보입니다 다용도 끌 팁은 넓고 좁은 선을 쉽게 만듭니다 SmearGuard 잉크 기술로 번짐을 줄여줍니다(강조하기 전에 잉크를 말리십시오),"Sharpie 25162PP 액센트 탱크 스타일 하이라이터, 형광 옐로우, 형광펜 2개 블리스터, 대형 잉크 공급, 다용도 끌 팁, SmearGuard 잉크 기술/Sharpie 탱크 하이라이터로 안정적이고 오래 지속되는 마킹을 즐기세요. 넓은 배럴, 큰 잉크 공급 장치 및 끌 팁이 특징인 이 하이라이터는 신뢰할 수 있고 정확한 마크를 제공합니다. 또한 번짐을 방지하는 SmearGuard 잉크가 있습니다(강조하기 전에 잉크를 말리십시오).","['잉크', '형광', '공급', '하이라이터', '펜', '탱크', '다용', '블리스', '신뢰', '넓다']"
사무용품,마커 및 형광펜,형광펜,,B0BBBDFDVJ,"12팩 미적 귀여운 형광펜, 다양한 색상, 성경 형광펜 및 펜 번짐 없음, 파스텔 형광펜 마커 펜, 저널링 노트, 학교 사무용품용",KERRT,5526,5526,3.9,154.0,"성경 형광펜 파스텔: 다양한 색상의 12가지 다채로운 성경 미학 하이라이터, 매일 사용하기에 충분한 양과 색상. 얼룩 없는 파스텔 디자인과 사각형 펜 디자인으로 매력적이고 아름답게 보입니다. 성경, 일기 또는 메모에 적합합니다. 빠른 건조 및 번짐 없음: 에스테틱 하이라이터의 잉크는 수성이며 빠른 건조를 보장합니다. 손이나 소매를 더럽히지 않습니다. 부드러운 필기 컬러 귀여운 형광펜: 부드러운 필기를 위해 프리미엄 소프트 끌 팁으로 제작되어 사용하기 편안합니다. 학생, 선생님, 예술가를 위한 훌륭한 형광펜 세트. 작고 가벼움, 휴대성: 이동 중이나 작업 및 공부, 하이라이트, 드로잉, 일기, 메모 작성, 표시, 작업, 낙서, 색칠 등을 할 때 상자나 주머니에 넣고 휴대할 수 있습니다. 다양한 용도: 이 귀여운 형광펜은 학교, 일기, 집, 사무실, 여행 일기, 일정, 직장, 공부, 메모 등에 적합합니다. 가족과 친구를 위한 멋진 선물입니다.",,"['펜', '형광', '일기', '성경', '메모', '파스텔', '귀엽다', '공부', '필기', '건조']"
사무용품,마커 및 형광펜,형광펜,,B0BC2FPMCB,"PAPERAGE 듀얼 팁 형광펜 (3.0mm 끌 팁 + 1.0mm 라운드 팁), 파스텔, 12팩 듀얼 팁 브러시 펜 세트 하이라이트 노트, 드로잉, 핸드 레터링, 펜 하이라이트 마커 저널링 등을 위한",PAPERAGE,13780,13780,4.5,90.0,"PAPERAGE 듀얼 팁 하이라이터: 듀얼 3.0mm 끌 팁 + 1.0mm 라운드 팁 하이라이터 세트는 프리미엄 무독성 잉크로 만들어졌으며 12가지 독특하고 부드러운 색상이 포함되어 있습니다. 각 파스텔 하이라이터는 종이 위로 쉽게 미끄러져 부드럽고 정확한 선을 제공합니다. 라이프 인 컬러: 세트당 부드럽고 반투명한 수성 잉크 색상은 아이디어를 풀 컬러로 생생하게 표현합니다. 저널, 노트북, 캘린더 및 플래너를 색상 코딩하는 데 적합합니다. 원형 및 끌 팁: 양면 하이라이터는 둥근 팁, 라인 제어 및 디테일에 적합하며 넓은 끌 팁이 있어 더 넓은 스트로크와 하이라이트에 적합합니다. 특정 메모, 날짜 또는 할 일을 강조하는 데 사용합니다. 창의력을 발휘하세요: PAPERAGE 다채로운 듀얼 팁 하이라이터로 창의력을 확장하세요. 메모, 드로잉, 핸드 레터링, 불렛 저널링, 계획 등에 사용할 수 있습니다. 12가지 독특한 색상이 포함되어 있습니다. 중복 없음. 접근이 가능한 가격의 프리미엄 제품: PAPERAGE 는 여러분이 좋아하는 가격에 고품질 제품을 제공하기 위해 최선을 다하고 있습니다.",,"['듀얼', '하이라이터', '하이라이트', '펜', '부드럽다', '독특하다', '컬러', '라운드', '드로잉', '창의력']"
사무용품,마커 및 형광펜,형광펜,,B08ZSTYKM8,"Sharpie 액체 리트랙터블 하이라이터, 다양한 색상, 치즐 팁 형광펜, 8개 1팩",SHARPIE,20207,20207,4.4,7.0,"쉬운 글라이드, 다용도 치즐 팁은 하이라이트, 밑줄 또는 메모를 작성하는 데 적합합니다 클릭하고 표시하세요. 한 손으로 작동하므로 제거하거나 잃어버릴 캡이 없습니다 색상이 바래지 않고 대부분의 종이에서 번지지 않습니다 메모, 팩스, 사본, 신문 등에 하이라이트 펜을 사용하기 전에 잉크를 건조시키세요 Sharpie 하이라이터는 미국에서 제작되었습니다. 세척 및 무독성 포뮬라",1팩 (8개),"['펜', '하이라이터', '메모', '치즐', '하이라이트', '형광', '신문', '글라이드', '다용', '무독성']"
사무용품,마커 및 형광펜,형광펜,,B07VMW9PY6,"Schneider 파스텔 작업 형광펜 마커, 끌 팁, 터키석, 민트, 라벤더, 라이트 핑크, 4팩 (115098)",Schneider,9473,9473,4.2,8959.0,"트렌디한 파스텔 색상, 청록색, 민트, 라벤더, 라이트 핑크 각각 1개씩 있는 재사용 가능한 지갑 진정, 변색 및 내광성 독특한 모양으로 굴러가지 않습니다. PVC 프리 끌 팁은 두껍거나 얇은 선(1mm 및 5mm)을 강조합니다 배럴은 긴 유통 기한을 위해 폴리프로필렌으로 제작되었습니다","작업 하이라이터에는 선 너비 1mm 및 5mm를 위한 끌 팁이 있습니다. 트렌디한 파스텔 색상, 내광성 잉크 및 잉크는 표준, 복사 및 팩스 용지에 보편적으로 사용할 수 있습니다. 배럴 부품은 장기 유통 기한을 위해 증발 방지 PP로 제작되었습니다. 이 하이라이터는 실용적이고 튼튼한 클립이 특징입니다. 슈나이더가 도이체 표준에 의해 세기의 브랜드로 투표된 이유를 직접 알아보세요. 재사용 가능한 4팩 지갑에는 청록색, 민트, 라벤더, 라이트 핑크가 각각 1개씩 포함되어 있습니다.","['라이트', '핑크', '파스텔', '민트', '라벤더', '가능하다', '유통', '잉크', '작업', '재사용']"
사무용품,마커 및 형광펜,형광펜,,B08DY876GD,"YOOUSOO 25팩 파스텔 형광펜 다양한 색상, 성경 형광펜 빅 팩 마커 펜 세트, 끌 팁 무지개 형광펜 번짐 방지 형광 펜 학생 사무실용",YOOUSOO,30456,23531,4.6,790.0,"25가지 색상의 파스텔 형광펜: 마젠타, 버밀리언, 핑크, 마일드 오렌지, 옐로우, 블루, 그린, 골드, 스모크블루, 브라운, 코랄 핑크, 살구, 다크 그레이, 메리골드, 시트러스 그린, 썸머 그린, 라벤더, 푸시아 레드, 다크블루, 바이올렛, 그레이, 시안, 레몬 옐로우 포함 듀얼 팁 하이라이터: 정확한 하이라이트와 밑줄을 제공합니다. 펜 팁의 크기는 끌과 라운드 팁입니다. 라운드 팁은 스트로크를 쓰는 데 사용할 수 있으며 끌 팁은 넓은 영역을 표시하고 칠하는 데 사용할 수 있습니다 빠른 건조: 이 하이라이트 펜에는 번짐 방지 잉크가 포함되어 있어 빠르고 매끄럽게 건조됩니다. 쉬운 글라이딩 팁으로 부드러운 잉크 흐름과 일관된 마크 생성이 가능합니다 휴대성: 캡에 부착된 편리한 클립으로 어디를 가든 휴대할 수 있습니다. 각 펜에는 밝은 색상의 펜 홀더가 장착되어 있어 쉽게 식별할 수 있으며 책에 고정할 수 있어 편리하고 아름답습니다 훌륭한 어린이 날 선물: 아이들이 색칠 책, 낙서, 만화 일러스트레이션 등 모든 용도로 사용할 수 있습니다. 메모, 독서, 기본 및 색상 코딩에 이상적입니다. 수성 페인트, 순수 색상. 색상은 부드럽고 눈에 친숙합니다.",,"['펜', '형광', '그린', '블루', '라운드', '잉크', '빠르다', '책', '방지', '다크']"
사무용품,마커 및 형광펜,형광펜,,B0C7G3DYBX,"GOTIDEAL 미적 귀여운 파스텔 형광펜 세트, 듀얼 팁 12팩 번짐 없는 성경 형광펜, 사무실용, 학교 학습 액세서리 용품",GOTIDEAL,6357,6911,4.2,530.0,"1. 부드럽고 순한 파스텔 색상: 이 12가지 형광펜 세트는 노트와 종이에 부드러운 터치를 제공하여 공부, 작업에 적합합니다. 2. 빠른 건조 및 번짐 없는 잉크: 빠르게 건조되고 종이를 통해 번지지 않는 수성 잉크로 문서, 좋아하는 책 구절, 성경 또는 메모를 부드럽게 쓸 수 있습니다. 3. 편안하고 휴대가 간편한 디자인: 평평한 모양으로 손이 아프지 않고 잡기 쉽습니다. 가볍고 공간 절약형 구조로 어디에서나 휴대하고 사용할 수 있습니다. 4. 다용도 듀얼 팁: 하이라이터의 다목적 듀얼 팁은 넓고 좁은 선을 효율적으로 생성하여 경전, 메모, 저널 및 다양한 책을 밝고 생생한 색상으로 강조하는 데 이상적입니다. 5. 일상 사용에 적합: 이 귀여운 형광펜은 일기, 플래너, 직장, 공부, 메모 작성, 주석 달기 등에 적합합니다. 학교, 대학, 집, 사무실 및 여행 중에도 사용할 수 있습니다. 가족과 친구를 위한 훌륭한 선물.",GOTIDEAL 심미적인 귀여운 파스텔 형광펜 세트,"['형광', '펜', '부드럽다', '메모', '듀얼', '파스텔', '귀엽다', '휴대', '공부', '빠르다']"
사무용품,마커 및 형광펜,형광펜,,B09Y571DXS,"Madisi 하이라이터, 끌 팁, 다양한 색상, 벌크 팩, 84개",Madisi,26301,26301,4.7,255.0,"6가지 형광 색상의 끌 팁 형광펜 84개, 각 색상에 14개의 마커, 벌크 팩 옐로우, 오렌지, 핑크, 블루, 그린, 퍼플 형광 잉크 6개 좁은 끌 팁은 넓은 하이라이트, 섬세한 밑줄 및 필기 노트를 제공합니다 얼룩 방지, 수성, 중성, 속건성 잉크는 펜 잉크 번짐을 방지합니다 학교, 가정 또는 사무실에서 정보를 강조하는 어린이와 성인에게 적합합니다","6가지 형광 색상의 끌 팁 형광펜 84개, 각 색상에 14개의 마커, 벌크 팩.","['형광', '펜', '잉크', '방지', '성인', '강조', '그린', '넓다', '노트', '하이라이터']"
사무용품,마커 및 형광펜,형광펜,,B088QYHFYT,"feela 젤 형광펜 24팩, 12가지 다양한 색상 성경 형광펜 마커 저널링 용품, 번짐 없음, 하이라이트 저널, 학교 사무실",feela,19390,16606,4.7,1910.0,Feela 24팩 젤 하이라이터 세트는 시스루 휴대용 파우치에 포장되어 있습니다. 12가지 색상과 모든 색상에는 2개의 중복이 있습니다. 트위스트 업 디자인은 젤 내부의 파손을 줄이고 플라스틱 쉘의 보호 아래 깨끗하게 유지되며 사용이 용이합니다. 번지지 않습니다. 다른 잉크에 번지지 않습니다. 모든 종이 표면에 고정됩니다. ASTM-D4236 준수. 부드러운 글라이딩은 즐거운 사용 경험을 제공합니다. 무산성 및 무독성으로 보안에 대한 우려를 풀어줍니다. 성능 및 만족: 고품질 제품뿐만 아니라 빠른 응답 서비스도 제공합니다.,,"['형광', '펜', '보안', '시스루', '성능', '성경', '서비스', '사무실', '빠르다', '부드럽다']"
사무용품,마커 및 형광펜,형광펜,,B01M0FDEUA,"U.S. Office Supply 성경 안전 젤 형광펜, 6팩 세트 - 6가지 밝은 네온 형광 하이라이트 색상 옐로우, 오렌지, 핑크, 퍼플, 그린, 블루 - 번짐, 변색 또는 번짐 없음 - 학습 가이드",US Office Supply,9681,9681,4.6,8692.0,"성경 안전 젤 형광펜 세트는 눈길을 끄는 6가지 색상의 밝은 네온 형광 하이라이트 마커입니다. 색상: 옐로우, 핑크, 퍼플, 블루, 그린, 오렌지. 기록 보관 품질의 성경 안전 젤 형광펜은 색상 코딩 성경에 이상적입니다. 또한 공부, 텍스트 및 법률 서적과 같은 모든 종이 표면에 강조 표시하기에 안전합니다. 트위스트업 젤 스틱 디자인 마커는 페이지를 가로질러 부드럽게 미끄러지면서 강조됩니다. 하이라이트를 빠르고 쉽게 적용할 수 있으며 다른 잉크에 번지거나 색이 바래거나 번지지 않습니다. 또한 뚜껑을 닫지 않은 채로 두어도 건조되지 않습니다. 성경을 강조하여 의미 있는 단어, 구절, 성령, 기도 및 축복, 신앙, 성장, 지혜, 사랑, 은혜, 구원을 강조합니다. 학습 가이드(한글이 아닐 수 있음)와 보관 파우치가 포함되어 있습니다. 성경 안전 젤 형광펜에 만족하실 것이라고 확신합니다. 언제든지 만족하지 못하셨다면 전액 환불을 해드립니다.","미국 사무용품 성경 안전 젤 형광펜, 6팩 세트 - 6가지 밝은 네온 형광 하이라이트 색상 옐로우, 오렌지, 핑크, 퍼플, 그린, 블루/프리미엄 젤 하이라이터 성경 안전 젤 형광펜 세트는 눈길을 끄는 6가지 색상의 밝은 네온 형광 하이라이트 마커입니다. 색상: 옐로우, 핑크, 퍼플, 블루, 그린, 오렌지. 기록 보관 품질의 성경 안전 젤 형광펜은 색상 코딩 성경에 이상적입니다. 또한 공부, 텍스트 및 법률 서적과 같은 모든 종이 표면에 강조 표시하기에 안전합니다. 성경을 강조하여 의미 있는 단어, 구절, 성령, 기도 및 축복, 신앙, 성장, 지혜, 사랑, 은혜, 구원을 강조합니다. 학습 가이드(한글이 아닐 수 있음)와 보관 파우치가 포함되어 있습니다./종이에 부드럽게 미끄러집니다. 트위스트업 젤 스틱 디자인 마커는 페이지를 가로질러 부드럽게 미끄러지면서 강조됩니다. 하이라이트를 빠르고 쉽게 적용할 수 있으며 다른 잉크에 번지거나 색이 바래거나 번지지 않습니다. 또한 뚜껑을 닫지 않은 채로 두어도 건조되지 않습니다.","['성경', '형광', '강조', '안전', '펜', '하이라이트', '핑크', '옐로우', '오렌지', '블루']"
사무용품,마커 및 형광펜,형광펜,,B018KGPKE6,"Pilot, FriXion 라이트 파스텔 지울 수 있는 형광펜, 끌 팁, 5팩, 파스텔 블루, 핑크, 옐로우, 그린 & 퍼플",PILOT,11578,8296,4.6,20431.0,"스트레스 없는 하이라이트: 숙제, 교과서, 메모 또는 문서를 손상시키지 않고 다시 강조, 지우기 및 강조; 독특한 열에 민감한 잉크는 마찰을 지우면서 완전히 사라집니다 혁신적인 디자인: 끌 팁이 특징인 이 지울 수 있는 하이라이터는 실수를 과거의 일로 만들고 일상 작업에 창의성과 스타일을 더합니다 다용도: 부드러운 파스텔 자국을 제공하고 매번 깨끗하게 지워집니다. 음소거 잉크가 있는 내구성 있는 팁은 책이나 작업 용지에 마모되거나 찢어지지 않고 중요한 정보를 즉시 불러올 수 있습니다 빠른 건조: 빠르게 건조되는 잉크는 종이, 얼룩 또는 번짐으로 번지지 않습니다. 5팩에는 파스텔 블루, 핑크, 옐로우, 그린 및 퍼플 하이라이터가 포함되어 있습니다 펜에 힘: 젤 잉크, 지울 수 있는 롤링 볼, 볼펜 및 만년필을 포함한 Pilot의 혁신적인 필기 도구 라인과 하이라이터, 드라이 지우개 마커 등으로 쉽게 자신을 표현하세요","FriXion Light 지울 수 있는 하이라이터를 사용하면 손상이나 지저분한 지우개 잔여물 없이 강조, 지우기 및 다시 할 수 있습니다. 학교에서 메모를 작성하거나, 책의 중요한 구절에 태그를 지정하거나, 식료품 목록에서 물건을 확인하거나, 중요한 작업 파일을 표시할 때 이 독창적인 형광펜은 학생, 교사 및 전문가 모두에게 이상적입니다. 또한 FriXion은 미국 최고의 과학, 기술, 공학 및 수학(STEM) 교육 기관에서 인증한 유일한 펜입니다. 이 놀라운 범위의 프리미엄 지울 수 있는 필기구로 무한한 창의적 가능성의 힘을 손에 쥐고 있습니다.","['파스텔', '하이라이터', '잉크', '펜', '중요하다', '강조', '작업', '빠르다', '손상', '형광']"
사무용품,마커 및 형광펜,형광펜,,B00K1GP6GG,"SHARPIE Clear View 끌 팁 하이라이터, 옐로우 (1897843)",SHARPIE,13822,13822,4.7,1352.0,"독특한 시스루 팁은 사각지대를 제거하므로 더 직선과 보다 정확한 하이라이트를 위해 표시할 때 강조하는 것을 볼 수 있습니다. 많은 펜 및 마커 잉크의 번짐을 방지합니다(강조하기 전에 잉크를 말리십시오) 밝고 시스루 색상으로 강조된 텍스트를 쉽게 읽을 수 있습니다. 다재다능하고 쉬운 글라이드 끌 팁은 강조, 밑줄 또는 메모 작성에 적합합니다. 얇은 라인과 넓은 라인을 모두 만듭니다.",선명한 시스루 팁으로 하이라이트를 멈출 때를 정확히 알 수 있습니다. Sharpie 클리어 뷰 하이라이터는 텍스트를 정확하게 강조할 수 있는 투명한 팁이 특징입니다. 밝은 형광 색상은 올바른 구절을 정확하게 강조하는 데 도움이 됩니다. Sharpie Clear View 잉크는 빠르게 건조되므로 페이지를 깔끔하게 유지하고 읽기 쉽습니다. Sharpie 클리어 뷰 하이라이터로 제어가 정확합니다.,"['강조', '정확하다', '시스루', '잉크', '하이라이터', '하이라이트', '라인', '텍스트', '클리어']"
사무용품,마커 및 형광펜,형광펜,,B09V282SJ1,"12피스 미적 형광펜, 성경 형광펜 및 펜 번짐 없음, 끌 팁 파스텔 마커 멀티컬러 미적 펜 카와이 문구류, 사무실 학교 용품용(신선한 스타일)",Chinco,8296,8296,4.5,921.0,"패키지 수량: 패키지에는 다양한 색상의 파스텔 마커 12개가 포함되어 있어 일상 작업 및 공부 중에 선택할 수 있는 충분한 수량과 색상이 포함되어 있습니다. 반 친구나 동료와 공유할 수도 있습니다 색상 번짐 없이 빠른 건조: 이 미적 펜의 잉크는 수성 소재로 빠르게 건조되므로 오래 기다릴 필요가 없습니다. 잉크가 손과 소매를 더럽힐 염려가 없습니다 부드러운 필기 경험: 이 파스텔 하이라이터는 부드러운 끌 팁으로 만들어져 편안하고 마모에 강하며 글을 쓸 때 매끄럽게 쓸 수 있으며 종이가 깨지지 않습니다 간편한 휴대성: 이 미적 하이라이터는 무게가 가볍고 13 x 1 cm/5.12 x 0.39 인치의 적절한 크기로 디자인되어 이동 중이거나 야외에서 일하고 공부해야 할 때 휴대가 편리합니다 다양한 용도: 이 귀여운 파스텔 펜은 학교, 대학, 가정, 사무실 및 여행 일기, 일정, 직장, 공부, 메모, 메모 등에 적합합니다. 가족과 친구를 위한 멋진 선물 세트이기도 합니다",,"['펜', '파스텔', '공부', '휴대', '패키지', '잉크', '메모', '부드럽다', '친구', '빠르다']"
사무용품,마커 및 형광펜,형광펜,,B00XHQS8DU,"Zebra 글리터 하이라이터, 키라리치, 5가지 색상 세트 (4901681512102)",Zebra,16620,8310,4.7,2420.0,"5가지 색상: 블루, 그린, 핑크, 퍼플, 옐로우 Zebra 형광펜, 실버 혼합 잉크가 있는 글리터 선 폭: 0.15""","이 세트에는 블루, 그린, 핑크, 퍼플, 옐로우의 5가지 색상이 포함되어 있습니다. 잉크에는 은과 혼합된 글리터가 포함되어 있습니다. 이 글리터 하이라이터로 책, 노트북, 편지 및 달력에 눈부신 하이라이트를 더할 수 있습니다. 가벼운 라인은 반짝이며 풍부한 분위기로 사용할 수 있습니다. ""Kira""는 일본어로 ""반짝임""을 의미하며 ""Kirarich""라는 이름은 확실히 적합합니다. 또한 기존의 잉크와 달리 사용하기 전에 흔들 필요가 없으며 자유롭게 사용할 수 있습니다. 이 펜은 멋진 화장품과 비슷하도록 디자인되었으며, 펜 바디는 잉크만큼 반짝이고 매력적입니다.","['글리터', '잉크', '펜', '블루', '그린', '핑크', '혼합', '퍼플', '옐로우', '반짝']"
사무용품,마커 및 형광펜,형광펜,,B008SOAN9I,"BIC Brite 라이너 하이라이터, 끌 팁, 형광펜 12개 팩, 다양한 색상, 정리 및 색칠에 이상적인 형광펜 세트",BIC,11384,11384,4.7,10202.0,"BIC Brite 라이너 하이라이터 12개입 팩 1팩 다양한 색상: 옐로우, 핑크, 블루, 그린, 오렌지. 넓은 하이라이트 또는 섬세한 밑줄을 위한 끌 팁이 있는 신뢰할 수 있는 형광펜 벌크 팩. 반투명 잉크가 있는 하이라이터 세트는 강조된 텍스트를 가리지 않고 페이지의 중요한 것을 강조합니다. 오래 지속되는 다채로운 형광펜은 캡을 벗긴 상태에서도 건조하지 않고 최대 8시간 동안 쓸 수 있습니다. ACMI 승인 하이라이터는 예술, 학교 또는 사무용품에 완벽한 추가 아이템입니다. 학교 및 사무용품을 위한 최고의 하이라이터.","BIC Brite 라이너 하이라이터로 다양한 색상으로 재미있고 쉽게 정리할 수 있습니다. 이 하이라이터에는 넓은 하이라이트 또는 섬세한 밑줄을 위한 끌 팁이 있어 학교 또는 사무실 문서를 강조하는 데 적합합니다. BIC의 하이라이터 마커는 반투명 잉크를 사용하여 아래 텍스트를 가리지 않고 페이지의 중요한 것을 강조합니다. 신뢰할 수 있고 오래 지속되는 각 BIC Brite 라이너 하이라이터는 캡 없이 최대 8시간 동안 쓸 수 있으며 마르지 않으므로 안심하고 작업할 수 있습니다. 편리한 펜 모양의 디자인으로 쉽게 잡고 편안하게 하이라이터를 사용하여 메모를 정리하거나 교과서, 노트북 및 문서의 구절에 밑줄을 긋습니다. 저널용 클래식 하이라이터 또는 성인용 다양한 컬러 마커 세트를 찾고 계십니까? BIC Brite Liner 멀티컬러 하이라이터는 예술, 사무실 또는 학용품에 재미있는 감각을 더합니다. 각 팩에는 옐로우, 핑크, 블루, 그린, 오렌지의 다양한 색상의 끌 팁 형광펜 마커 12개가 포함되어 있습니다. BIC 하이라이터는 신뢰할 수 있는 고품질의 안전한 제품을 위해 ACMI 승인을 받았습니다. 텍스트를 강조하거나 창의력을 발휘하고 싶다면, BIC Brite 라이너 하이라이터를 선택하세요.","['하이라이터', '펜', '형광', '라이너', '강조', '텍스트', '신뢰', '정리', '밑줄', '학교']"
사무용품,마커 및 형광펜,형광펜,,B0CJ9F7JKX,"AECHY 18피스 커브 형광펜 세트, 18가지 다른 곡선 모양 및 18가지 색상 마크 라인이 있는 듀얼 팁 마커 펜, 저널 플래너 학용품용 미적 곡선 마커 하이라이터",AECHY,27686,27686,4.2,6205.0,"【언더라이닝의 혁명】 이전에는 없었던 선을 그리는 경험을 준비하세요: Aechy가 원래 개발한 특수 롤러 펜 포인트가 장착된 듀얼 팁 컬러 커브 펜 세트로, 복잡한 마크 라인을 하나의 드로우로 바꾸고 문제가 없으며 모든 재미를 선사합니다. 【펜 1개, 팁 2개】 듀얼 팁 하이라이터 디자인, 마크 선을 그리기 위한 롤러 엔드, 전통적인 필기 및 드로잉을 위한 0.4mm 미세 팁. 그것들을 결합하면 부조 및 플래너를 위한 훌륭한 도구를 얻을 수 있습니다. 【18가지 색상 및 선 유형】 18가지 잘 선택된 생생한 다양한 색상과 18가지 섬세한 커브 라인 유형이 포함되어 있습니다. 디테일한 몰드와 정교한 솜씨로 놀라운 곡선 선을 그리는 것이 결코 쉽지 않습니다. 【안전 및 고성능】 무독성 잉크를 사용한 Aechy 중성 스크랩북 펜은 번지거나 색이 바래거나 건너뛰지 않습니다. 어린이와 소녀에게 이 멋진 펜 세트를 선물로 주어도 안전합니다. 이 재미있는 펜 세트는 모든 가족이 카드 제작, 삽화, 컬러링 북, 학교 프로젝트, DIY 글자 등을 부드럽게 사용할 수 있게 해줍니다. 【잘 포장 및 완벽한 서비스】: 당사의 플레어 펜은 어디에나 쉽게 놓을 수 있는 접이식 스냅 클로저가 있는 안정적인 보관 케이스에 제공됩니다. 크리스마스, 새해 전날, 생일, 개학 등에 훌륭한 선물이 될 수 있습니다. 12시간 이내에 완벽한 판매 서비스로 질문이나 요구 사항에 답변해 드리겠습니다.",,"['펜', '듀얼', '마크', '곡선', '라인', '커브', '훌륭하다', '선물', '서비스', '완벽하다']"
사무용품,마커 및 형광펜,형광펜,,B09X27CL1H,"Erin Condren 듀얼 잉크 + 듀얼 팁 마커 12팩 형광펜 쓰기, 하이라이트, 컬러 코드 등. 직장 및 학교에 적합, 12배럴, 총 24가지 색상",Erin Condren,37381,37381,4.5,122.0,"듀얼 팁 + 듀얼 잉크: 하이라이터와 두 가지 색상의 마커가 모두 하나에 있습니다! 각 프리미엄 마커에는 12개의 배럴과 총 24가지 색상의 팁이 있어 모든 필기 요구 사항에 맞습니다. 생생한 잉크: 이 듀얼 팁 마커는 모든 노트북, 플래너, 저널 및 스케치북에 완벽한 동반자입니다. 색상 코드로 정리의 또 다른 레이어를 추가하거나 다채로운 창의력을 즐길 수 있습니다! 다용도 마커: 다채로운 미세 팁 마커 + 다채로운 하이라이트는 전문가와 일상 사용 모두에 완벽한 콤보로 모든 펜 컵이나 펜 서랍에 이상적인 추가 아이템입니다 재미있고 기능적인 마커: 각 마커는 한쪽 끝에는 섬세한 팁이 있고 다른 쪽 끝에는 끌로 깎인 팁이 있습니다. 이 형광펜을 사용하여 메모를 적고 비트를 놓치지 않고 중요한 것을 강조하세요! 완벽한 마커: 이 마커 12팩은 메모 작성, 목록 만들기, 색상 계획, 아트 프로젝트 및 그 사이의 모든 것에 적합합니다. 또한 미술 학생, 선생님, 동료 및 멋지고 편리하며 혁신적인 필기 도구를 좋아하는 모든 사람에게 재미있고 기능적인 선물이 됩니다!",,"['듀얼', '펜', '완벽하다', '잉크', '메모', '재미있다', '형광', '필기', '하이라이트']"
사무용품,마커 및 형광펜,형광펜,,B08XMKWRCL,"Sharpie S-Note 크리에이티브 마커, 하이라이터, 다양한 색상, 끌 팁, 12개 - 1팩",SHARPIE,22852,22852,4.3,32.0,"다용도 크리에이티브 마커, 하이라이터로도 사용할 수 있습니다 밑줄 강조, 드로잉 등에 적합합니다 다용도 2-in-1 끌 팁으로 정확하고 넓은 선 사이에서 빠르게 변경할 수 있습니다 번지지 않는 잉크로 작업을 깨끗하게 유지합니다 다양한 색상의 마커 12개 포함",#.1 12개 팩 - 카운트,"['크리에이티브', '하이라이터', '다용', '카운트', '정확하다', '작업', '잉크', '유지', '빠르다', '변경']"
사무용품,마커 및 형광펜,형광펜,,B004QGXPQ0,"Avery Hi-Liter 펜 스타일 하이라이터, 번짐 방지 잉크, 끌 팁, 형광 옐로우 형광펜 12개 (23591)",AVERY,10373,10373,4.7,1213.0,"펜, 마커 또는 잉크젯 잉크가 번지지 않는 눈길을 끄는 형광 옐로우 잉크로 번지지 않습니다 내구성이 뛰어난 끌 팁 형광펜은 주요 구절을 강조하거나 텍스트를 밑줄을 그리거나 예술적 스케치에 사용할 때 마모되지 않습니다 Hi-Liter 잉크는 빠르게 건조되며 대부분의 종이에서 번지지 않아 작업이나 공부에 적합합니다 하이라이터 마커는 튼튼한 클립온 캡으로 오거나이저, 포켓 또는 바인더에 쉽게 고정할 수 있습니다 패키지에는 12개의 형광 옐로우 형광펜이 포함되어 있습니다. 교과서, 불렛 저널, 플래너 등과 함께 사용하기에 적합합니다","AVERY Hi-Liter 펜 스타일 하이라이터로 필수 단어와 문구에 주의를 기울이세요. 이 하이라이터의 몰드 끌 팁은 눈길을 끄는 형광 옐로우 잉크로 텍스트를 강조하거나 밑줄을 그릴 수 있는 정밀도를 제공합니다. 대부분의 종이에서 번지지 않고 펜, 마커 또는 잉크젯 잉크가 번지지 않는 번짐 방지 하이라이터 잉크로 문서를 깨끗한 상태로 보관하세요. 펜 스타일 구조로 하이라이터를 편안하게 다룰 수 있으며 좁은 배럴과 탈착식 캡이 특징입니다. 팁은 마모되거나 뭉치지 않으며, 편리한 클립으로 주머니, 토트백 또는 정리함에 쉽게 휴대할 수 있습니다. 향상된 잉크 포뮬러로 하이라이터를 최대 1주일 동안 뚜껑을 덮지 않은 상태로 유지할 수 있습니다. 손에 형광펜 잉크가 묻는 것에 대해 걱정하지 마세요. 수성 잉크는 피부에서 쉽게 씻을 수 있으며 ACMI 인증 무독성으로 어린이와 교실에서 사용하기에 안전합니다. 학교, 가정 및 사무실에서 사용할 수 있는 필수 아이템인 이 형광 옐로우 형광펜 12개 팩은 교과서 강조, 예산 분류, 시험 준비, 플래너 색상 코딩에 적합하며 모든 학용품 또는 불렛 저널 용품 목록에 훌륭한 추가 아이템입니다./Fluorescent pen-style highlighters feature durable plastic tips for smooth highlighting. Tips do not fray or ""mush."" Sturdy caps with clips for use in pockets, organizers and binders. Chisel point. Washable. ACMI certified (conforms to ASTM D-4236).","['형광', '잉크', '펜', '하이라이터', '옐로우', '스타일', '강조']"
사무용품,마커 및 형광펜,형광펜,,B0B9YMFRZF,"Mr. Pen - 미적 형광펜 및 펜 번짐 없음, 12팩, 파스텔 색상, 블랙 잉크, 성경용 번짐 방지 형광펜",Mr. Pen,17991,12257,4.6,2874.0,"Mr. Pen 블랙 펜은 부드럽게 흐르는 고품질 수성 잉크로 채워져 있습니다. 내구성이 뛰어나고 빠르게 건조되는 잉크는 번짐과 얼룩을 방지하여 작업을 깨끗하고 깨끗하게 유지합니다. 파스텔 하이라이터는 손이 아프지 않고 편안하고 쉽게 잡을 수 있으며 사용 중에 굴러다니지 않습니다. 다용도 끌 팁은 넓고 좁은 선을 효율적으로 생성합니다. Mr. Pen 형광펜은 경전, 메모, 저널 또는 읽고 싶은 책을 밝은 색상으로 강조하는 데 적합합니다. 이 귀여운 형광펜과 볼펜은 학교, 대학, 가정, 사무실, 심지어 여행 일기, 일정, 직장, 공부, 메모 등에 적합합니다. 가족과 친구를 위한 멋진 선물입니다.",,"['펜', '형광', '잉크', '파스텔', '방지', '메모', '블랙', '깨끗하다']"
사무용품,마커 및 형광펜,형광펜,,B09CN17Q8C,"Mr. Pen - 성경 젤 형광펜 및 파인라이너 펜 번짐 없음, 파스텔 색상, 18개, 성경 저널 키트, 성경 형광펜 및 펜 번짐 없음, 성경 펜, 젤 형광펜, 번짐 없음 형광펜",Mr. Pen,12451,12451,4.3,1248.0,패키지에는 8개의 파인라이너 펜과 아름다운 파스텔 색상의 형광펜 10개가 포함되어 있습니다. 밝고 시스루 색상으로 강조된 텍스트를 쉽게 읽을 수 있습니다. 하이라이터를 연마하여 더 미세한 팁을 만들 수 있습니다. Mr. Pen 파인라이너 펜은 부드럽게 흐르는 고품질 수성 잉크로 채워져 있습니다. 빠르게 건조되는 잉크는 번짐과 얼룩을 방지합니다. 이 성경 저널링 아이템에는 신앙을 포용하고 다채롭고 체계적이며 창의적인 방식으로 예술을 통해 경전을 접하는 데 필요한 모든 것이 포함되어 있습니다. 훌륭한 품질과 독특한 디자인의 경전 마커와 아름다운 펜으로 일기 시간을 즐기세요.,,"['펜', '형광', '성경', '라이너', '아름답다', '파스텔', '경전', '잉크']"
사무용품,마커 및 형광펜,형광펜,,B07WFZJT1Q,"Madisi 형광펜, 끌 팁, 다양한 색상, 벌크 팩, 72개",Madisi,41536,27686,4.3,1269.0,"6가지 형광 색상의 끌 팁 형광펜 72개, 각 색상 마커 12개, 벌크 팩 옐로우, 오렌지, 핑크, 블루, 그린, 퍼플 색상의 형광 잉크 6개 좁은 끌 팁은 넓은 하이라이트, 섬세한 밑줄 및 필기 메모를 제공합니다 번짐 방지, 수성, 중성, 속건성 잉크로 펜 잉크 번짐을 방지합니다 학교, 가정 또는 사무실에서 정보를 강조하는 어린이와 성인에게 적합합니다",,"['형광', '펜', '잉크', '방지', '성인', '강조', '그린', '넓다', '메모', '밑줄']"
사무용품,마커 및 형광펜,형광펜,,B08FGL6PMS,"Mr. Pen 성경 저널링 키트, 18팩 - 젤 형광펜 10개, 번짐 없는 펜 8개, 성경 펜 및 형광펜, 번짐 없음, 선물",Mr. Pen,38766,19376,4.7,6166.0,"성경 저널링 용품에는 젤 하이라이터/성경 하이라이터 10개, 컬러 성경 펜 8개가 포함되어 있습니다. 펜과 형광펜 모두 잡지와 성경을 포함한 종이에서 번지지 않습니다. 얼룩이 생기지 않고 매끄러우며 뚜껑을 닫지 않은 상태로 두어도 마르지 않습니다. 모든 컬러 펜과 하이라이터는 고품질 소재로 제작되었습니다. 이 성경 저널링 아이템에는 신앙을 포용하고 예술을 통해 시각적이고 창의적인 방식으로 성경에 참여하기 위해 필요한 모든 것이 포함되어 있습니다. 멋진 성경 액세서리 세트로 사랑하는 사람을 놀라게 할 놀라운 선물.",,"['성경', '펜', '형광', '하이라이터', '저널링', '컬러', '선물']"
사무용품,마커 및 형광펜,형광펜,,B075VWXGFL,"BAZIC 형광펜 옐로우 컬러 책상 스타일, 끌 팁 넓은 미세 라인 하이라이터, 무향 하이라이트 컬러링 마커 (3/팩), 1팩",BAZIC Products,8254,6370,4.6,47.0,"⭐ 디자인. 책상 스타일 하이라이터는 두꺼운 배럴과 넓은 끌 팁을 제공하여 더 큰 글꼴과 텍스트 블록을 강조하는 데 적합합니다. 롤링 방지 캡이 편리함을 더합니다. ⭐ 다용도 끌 팁. 하이라이터에는 두 개의 선 너비를 허용하는 좁은 끌 팁이 있습니다. 하이라이트를 위한 넓은 라인과 손목을 비틀기만 하면 디테일을 강조할 수 있는 파인 라인. ⭐ 선명한 색상. 생생한 형광 형광등은 최대한의 효과를 제공하며 주요 세부 사항과 중요한 정보를 즉시 볼 수 있습니다. 배럴 색상은 잉크 색상을 나타냅니다. ⭐ 빠른 건조 및 번짐 방지. 빠르게 건조되며 광택 및 얇은 종이를 포함한 대부분의 종이에 번지지 않습니다. 번지거나 번지지 않습니다. 내구성이 뛰어난 팁은 거친 표면에서도 하이라이트 처리된 후에도 지속됩니다. ⭐ 용도: 대학생, 선생님이 가지고 있어야 하는 선생님, 메모 작성, 작업, 공부, 핵심 포인트 강조, 밑줄 텍스트, 예술 스케치, 색칠책, 낙서 등에 이상적입니다.",,"['강조', '하이라이트', '라인', '넓다', '하이라이터', '선생님', '빠르다', '스타일', '텍스트', '종이']"
사무용품,마커 및 형광펜,형광펜,,B0BTK2K377,"Zebra Pen Creative 필기하기 세트, 형광펜 6개, ClickArt 리트랙터블 마커 펜 5개, Sarasa 접이식 젤 펜 1개, 다양한 잉크 색상, 12팩",Zebra,28378,28655,4.7,50.0,"Zebra Mildliner 하이라이터의 독특한 다양한 색상은 페이지를 통해 번지지 않고 넓고 섬세한 팁에서 종이를 부드럽게 칠하여 글자, 하이라이트 또는 밑줄에 유용합니다 다양하고 화려한 색상의 Zebra Pen ClickArt 마커의 0.6mm 파인 포인트 수성 잉크는 창의적인 프로젝트를 위한 완벽한 동반자이며 캡이 없는 기능은 환영받는 편리함을 제공합니다 마커와 하이라이터의 수성 안료가 잘 어울리며 반투명 하이라이터가 생생한 마커 잉크와 잘 어울립니다 미세하고 넓은 팁 끝 모두 캡이 있으며 굵은 끝에 색상 코드 클립이 있어 연필컵에서 올바른 색상을 쉽게 찾을 수 있습니다 번짐과 얼룩에 작별 인사를 하세요. 각 세트에는 업계 최고의 속건성 잉크와 얼룩 방지 기술이 특징인 Sarasa Mark On 젤 펜이 포함되어 있습니다.",Zebra Pen 크리에이티브 필기하기 세트로 아름다운 일기장이나 손으로 그린 표정을 쉽게 만들 수 있습니다. Zebra Pen Mildliner 더블 엔드 형광펜은 각 펜에 두 가지 크기의 팁으로 편리하게 독특한 창의력을 보여줄 수 있도록 도와줍니다. Mildliner는 AP 인증 무독성입니다. 각 펜의 독특한 색상은 페이지에 부드러운 색조를 제공하여 방수 잉크로 쉽게 레이어링할 수 있습니다. Mildliner 하이라이터의 아름다운 색상은 번지지 않으므로 스케치북의 다음 페이지에 대해 걱정할 필요가 없습니다. Zebra Pen ClickArt 마커 펜은 뛰어난 편리함과 풍부한 색상으로 창의력을 지원합니다. 이 마커는 아름다움과 정밀도로 0.6mm 미세 포인트에서 수성 잉크를 제공합니다. 접이식 필기구는 만드는 동안 마커 캡을 찾는 것을 방지합니다. 새로운 잉크 기술은 공기 중의 수분을 흡수하여 잉크가 마르지 않도록 합니다. 이 세트의 색상은 통일된 색상 구성에 맞게 조정됩니다. 펜친구에게 깊은 인상을 남기거나 불렛 저널 게임을 하거나 신뢰할 수 있고 지속적으로 신뢰할 수 있는 필기 경험으로 일상 일기를 작성하세요. 이 키트는 맞춤형 인사말 카드를 만들거나 새로운 아이디어를 스케치하거나 모든 프로젝트에 정밀한 색상을 추가할 수 있도록 도와줍니다. 불렛 저널이나 플래너에 아름다움을 더하세요. 좋아하는 신예 아티스트에게 완벽한 세트를 선물하세요.,"['펜', '잉크', '아름답다', '하이라이터', '필기', '캡', '독특하다', '편리하다', '페이지', '수성']"
사무용품,마커 및 형광펜,형광펜,,B002ONCFP4,"SHARPIE 1740822 액센트 리트랙터블 하이라이터, 끌 팁, 형광 옐로우, 5개입",SHARPIE,15982,11481,4.7,1553.0,"밝고 보기 쉬운 노란색 잉크로 강조된 텍스트를 쉽게 읽을 수 있습니다 닫았을 때 형광펜이 마르지 않도록 안전 씰이 있는 편리한 접이식 디자인 많은 펜 및 마커 잉크의 번짐을 방지합니다(강조하기 전에 잉크를 말리십시오) 쉽게 미끄러지고 좁은 끌 팁은 강조, 밑줄 또는 메모 작성에 적합합니다 포함: 노란색 형광펜 5개","Sharpie 접이식 하이라이터로 메모, 텍스트 및 문서의 중요한 정보에 주의를 기울이세요. 노란색으로 강조된 텍스트를 쉽게 읽고 중요한 구절을 강조할 수 있습니다. 빠르게 건조되는 잉크는 펜과 마커 잉크 위에 강조할 때 번짐을 방지합니다. 접이식 디자인으로 형광펜이 마르지 않도록 방지하고 보관이 쉽습니다.","['강조', '잉크', '펜', '형광', '텍스트', '방지', '접이식', '노란색', '디자인', '하이라이터']"
사무용품,마커 및 형광펜,형광펜,,B0D2Y571QR,"부드러운 잉크와 팁이 있는 미적 형광펜 및 젤 펜, 번짐 없음, 빠르고 잡기 쉬움, 성경 저널링 플래너 노트, 학교 사무용품 10팩 (빈티지)",BLIEVE,13836,11066,4.6,50.0,"패키지 구성: 빈티지 하이라이터 5개 미학과 빈티지 펜 5개. 독특한 빈티지 색상: 이 하이라이터는 빈티지에서 영감을 얻은 색상을 제공하여 하이라이트에 필요한 클래식하고 우아한 팔레트를 제공합니다. 밝은 네온보다 미묘한 톤을 선호하는 사람들에게 이상적입니다. 귀여운 BLIEVE 펜: 0.5mm 파인 포인트의 고품질 젤 마커 잉크로 채워져 있으며 부드러운 기술 메커니즘으로 끌림이나 긁힘이 없습니다. 번짐 방지 하이라이터: 빠르게 건조되고 번지지 않습니다. 강조 표시, 표시 또는 글씨를 쓰는 동안 매우 세게 누르지 않는 한, 빠르게 건조되고 적절한 사용 시 번지지 않는 수성 잉크. 매끄러운 글씨: 평평한 모양의 마킹 하이라이터 - 손이 아프지 않고 편안하고 쉽게 잡을 수 있으며 사용 중에 굴러 다니지 않습니다. 펜의 고무 그립은 편안한 필기 경험을 제공합니다. 매일 사용하기에 완벽합니다: 색상 코드, 일기, 성경이나 책 암기, 경전 표시, 플래너 디자인, 메모 작성 등. 성경 공부 용품: 성경 하이라이터와 펜은 성경 페이지를 망치지 않고 매일 성경 일기를 쓸 수 있도록 도와줍니다.",,"['펜', '성경', '하이라이터', '빈티', '잉크', '빠르다', '표시', '용품', '글씨', '일기']"
사무용품,마커 및 형광펜,형광펜,,B08F9RN9F1,"Lelix 30팩 형광펜, 10가지 밝은 색상, 끌 팁, 학교, 사무실, 가정용으로 빠른 건조, 밑줄 강조에 이상적",Lelix,15221,15221,4.6,636.0,"10가지 밝은 색상: Lelix 30팩 형광펜 세트에는 옐로우, 블루, 페일 블루, 핑크, 퍼플, 바이올렛, 그린, 오렌지 및 브라이트 오렌지의 10가지 색상이 포함되어 있습니다. 가정, 학교 및 사무실에서 데이지로 사용하기에 이상적인 용품입니다. 프리미엄 잉크: 내구성이 뛰어난 끌 팁은 다양한 요구에 따라 넓은 하이라이트와 정확한 밑줄 모두에 적합합니다. 각 하이라이터는 빠르게 건조되는 잉크가 있어 번짐이나 번짐이 없습니다. 다용도: 교과서, 신문 및 다양한 플래너에 대한 정보를 강조하는 어린이와 성인을 위한 완벽한 세트. 안전 보장: Lelix 제품은 EN-71 및 ASTMD-4236을 준수하며 어린이에게 안전합니다. 냄새가 적고 무독성 잉크로 인체에 무해합니다. 마커가 마르지 않도록 사용 후 다시 살펴보십시오. 높은 수준의 서비스 보장: 모든 제품 문제를 즉시 처리하고 해결해 드리겠습니다. 안심하고 구매하세요.","Lelix 30팩 형광펜, 10가지 밝은 색상, 끌 팁, 학교, 사무실, 가정용으로 빠른 건조, 밑줄 강조에 이상적","['형광', '잉크', '강조', '건조', '밑줄', '빠르다', '사무실', '가정', '학교', '펜']"
사무용품,마커 및 형광펜,형광펜,,B0BNMLWM11,"Zebra Mildliner WKT7-35C 하이라이터, 35가지 색상 세트, 선물 상자 포함",ゼブラ(ZEBRA),54015,37865,4.8,112.0,마일드라이너: 풍부한 컬러 라인 마커 [특징] 밝은 색상과 눈 친화적인 잉크. 필기 라인은 감열지에 사용해도 변색되지 않으며 압력에 민감한 용지에도 덮지 않습니다 잉크: 수성 안료 선 폭 / 두께: 0.16 인치 (4.0 mm); 선 폭 / 미세: 0.04 - 0.06 인치 (1.0 - 1.4 mm) 사양: 캡 안전 ISO 표준,"Zebra 마일드라이너는 모든 색상으로 제공됩니다. 다양한 색상과 35가지 색상으로 제공됩니다. 밝은 색상과 눈 친화적인 잉크로 인기 있는 제품. 부드러운 색상으로 노트북과 노트북을 깔끔하고 귀엽게 만듭니다. 다양한 색상으로 다양한 장면을 일러스트레이션에 사용할 수 있습니다. 이 형광펜 색상의 형광펜은 귀여운 것을 좋아하는 여학생과 노트북에 정보를 쓰고 싶은 남성들 사이에서 인기가 있습니다. 펜 자체의 바디 색상은 형광펜에는 희귀한 ""화이트""입니다. 밝은 잉크 색상과 마찬가지로 펜 자체가 과장되지 않습니다. 또한, 차분한 로고는 우아한 느낌을 주며, 펜 본체의 바디 컬러 디자인으로 펜 케이스나 가방 안에서 쉽게 찾을 수 있습니다.","['펜', '잉크', '형광', '노트북', '자체', '컬러', '마일', '드라이', '인기', '라인']"
사무용품,마커 및 형광펜,형광펜,,B07M5M7T6M,"ARTEZA 형광펜 30개 세트, 좁은 끌 팁, 6가지 네온 색상의 마커 벌크 팩, 무독성 잉크로 제작, 가정, 학교 또는 사무실에서 하이라이트용",ARTEZA,26993,26993,4.6,1082.0,"다양한 용도 - 성경, 불렛 저널, 다양한 플래너, 책 또는 기타 사무실 및 학용품의 페이지 악센트를 위한 밝고 다채로운 다양한 하이라이트 마커. 벌크 팩 - 이 팩에는 블루, 옐로우, 핑크, 퍼플, 오렌지, 그린 각각 5개의 마커가 제공됩니다. 잉크 - 각 색상 세트의 형광펜에는 무독성, 번짐 없음, 빠른 건조 잉크가 포함되어 있습니다. 아티스트가 디자인하고 제작: Arteza는 영감을 주는 제품을 만드는 데 열정을 쏟고 있습니다. 우리에게 예술은 인간 경험의 표현입니다. 그렇기 때문에 당사는 모든 사람들이 미술 용품을 이용할 수 있도록 노력합니다. 모든 종류의 사무용품: Arteza는 모든 사람에게 고품질의 문구류, 홈 오피스 및 교실 용품을 제공하는 데 기반을 두고 제작되었습니다. 책상 수납 공간을 정리하고 생산적인 하루를 준비하는 데 도움이 되는 수많은 사무실 정리 도구와 학교 액세서리를 찾아보세요.",,"['제작', '용품', '잉크', '사무실', '펜', '무독성', '사람', '형광', '하이라이트', '학교']"
사무용품,마커 및 형광펜,형광펜,,B004DNX8NG,"SHARPIE 1780478 액센트 젤 하이라이터, 형광 옐로우, 12팩",SHARPIE,48045,25594,4.8,1476.0,"새로운 젤 스틱 기술은 펜 및 마커 잉크 및 잉크젯 인쇄물에 강력한 얼룩 방지 기능을 제공합니다. 종이를 통해 번지지 않으며 광택 및 얇은 종이, 잡지 및 성경을 포함한 모든 종이 표면에 사용할 수 있습니다. 뚜껑을 닫지 않으면 마르지 않습니다. 전통적인 하이라이터만큼 오래 쓸 수 있습니다. 펜 12개 포함. 길이 20.6cm(8.1인치) x 너비 2.4cm(0.9인치) x 높이 13.6cm(5.3인치). 0.04kg(0.0수입품.","Sharpie 1780478 액센트 젤 하이라이터, 형광 옐로우, 12팩. 새로운 젤 스틱 기술은 펜 및 마커 잉크 및 잉크젯 인쇄물에 강력한 얼룩 방지 기능을 제공합니다. 종이를 통해 번지지 않으며 광택 및 얇은 종이, 잡지 및 성경을 포함한 모든 종이 표면에 사용할 수 있습니다. 뚜껑을 닫지 않으면 마르지 않습니다. 전통적인 하이라이터만큼 오래 쓸 수 있습니다. 펜 12개 포함. 길이 20.6cm(8.1인치) x 너비 2.4cm(0.9인치) x 높이 13.6cm(5.3인치). 0.04kg(0.0수입품.","['종이', '펜', '하이라이터', '형광', '액센트', '광택', '뚜껑', '방지', '새롭다', '성경']"
사무용품,마커 및 형광펜,형광펜,,B0CJRRKKV1,"STABILO Highlighter BOSS 오리지널 네이처컬러 - 6개 팩 - 베이지, 웜 그레이, 어스 그린, 시에나, 머드 그린, 엄버",STABILO,23545,13836,4.8,436.0,"STABILO BOSS 오리지널 네이처컬러를 사용하면 문서와 텍스트에 음소거 색상을 쉽게 적용할 수 있습니다. STABILO BOSS 오리지널 네이처컬러 + 블랙 마커에는 시에나부터 머드 그린까지 6가지 흙빛 톤을 사용할 수 있습니다. 차분하고 자연스러운 색상으로 입증된 STABILO 품질의 클래식 디자인으로 텍스트의 구조를 더 많이 제공합니다. 2 in 1: 끌 팁 덕분에 하이라이터는 밑줄을 긋고 강조하는 데 사용할 수 있으며 두 개의 선 너비(2mm 및 5mm)가 있습니다. STABILO BOSS 오리지널 네이처컬러는 음영, 프레임, 저널링, 핸드 레터링 등에 이상적이기 때문에 작품에 특별한 터치를 더하는 데에도 적합합니다.","BOSS 오리지널 네이처컬러는 머드 그린부터 시에나까지 다양한 색조를 커버합니다. 하이라이터는 텍스트와 아트워크에 미묘한 하이라이트를 추가하는 이상적인 도구입니다. 현대적인 색상 선택은 창의적인 프로젝트에 특별한 느낌을 더합니다. 2mm와 5mm의 두 줄 너비로 마커는 핸드 레터링, 저널링, 음영 및 프레이밍에도 사용할 수 있습니다. 6피스 지갑 세트에는 머드 그린, 어스 그린, 엄버, 시에나, 베이지, 웜 그레이가 포함됩니다","['그린', '컬러', '네이처', '시에나', '텍스트', '엄버', '저널링', '베이지', '하이라이터', '웜']"
사무용품,마커 및 형광펜,형광펜,,B096XPVYQ2,"TWOHANDS 형광펜 다양한 색상, 끌 팁 마커 펜, 12개, 21304",TWOHANDS,9681,9681,4.7,320.0,"포함: 퍼플 1개, 블루 2개, 그린 2개, 오렌지 2개, 핑크 2개, 옐로우 형광펜 3개. 빠르게 건조되는 잉크는 번짐과 얼룩을 방지합니다. 두 줄 너비, 1mm + 3mm - 다양한 크기의 텍스트를 강조하고 다양한 두께의 선을 그리는 데 이상적입니다. 학생, 회사원 및 모든 사람에게 안전하게 사용할 수 있습니다.","TWOHANDS 하이라이터, 다양한 색상./포함: 퍼플 1개, 블루 2개, 그린 2개, 오렌지 2개, 핑크 2개, 옐로우 형광펜 3개.","['펜', '형광', '옐로우', '핑크', '퍼플', '그린', '오렌지', '블루', '사람', '건조']"
사무용품,마커 및 형광펜,형광펜,,B08M3CH4TL,"12팩 색상 변경 마커 세트, NiArt 듀얼 팁 하이라이터 다양한 색상 매직 펜 변경 지우기 파인 팁 다양한 색상, 아트 저널용 형광",NiArt,12395,12395,4.5,78.0,"【미스터리 색상 변경】매직 펜은 색상을 변경 및 지우고, 놀라운 음영과 디테일을 제공하고, 3차원 아트를 만들고, 비밀 메시지를 가능하게 하는 기능이 있습니다. 초보자와 전문 아티스트 모두에게 창의력을 자극합니다. 이 매직 마커로 눈길을 사로잡는 생생한 일러스트레이션을 만들어보세요. 일반 면으로 그린 다음 색상 영역에 흰색 팁을 사용하여 놀라운 변화를 만듭니다. 분명 마음에 드실 겁니다! 【더블 팁】얇은 선과 두꺼운 선으로 그릴 수 있는 정확한 하이라이트와 밑줄을 위한 넓고 섬세한 트윈 팁. 끌 팁: 6-7 mm 너비. 섬세한 컬러 체인저 팁은 1-2mm 너비의 인체 공학적 손잡이로 선을 만듭니다. 만 3세 이상에 적합합니다. 펜 팁은 과도한 필기 압력으로 인해 손상될 수 있으므로 가벼운 손을 사용하여 닳거나 왜곡되는 것을 방지하는 것이 가장 좋습니다. 【12가지 다양한 색상】12가지 생생한 독특한 색상 + 12가지 색상 체인저. 고발색 매직 마커는 색이 바래지 않도록 제작되었으며 마법처럼 아름답게 바뀌어 작품에 입체감을 더합니다. 매직 마커 세트에는 부드럽고 밝은 색조가 모두 포함되어 있어 깊이와 치수를 만들 수 있습니다. 네온 형광 색상은 기존 색상보다 더 많은 빛을 흡수하고 반사합니다. 연필이나 잉크 위에 강조할 때 번지지 않습니다. 오래 지속되는 잉크 공급을 제공합니다. 【완벽한 선물】 색상 코드 캡은 사용 중에 쉽게 정리하고 색상을 식별할 수 있습니다. 젊은 예술가 책 색칠 및 디테일 표시에 적합합니다. 학교 노트 작성, 사무실 기술 일러스트레이션, 생생한 색상으로 여가 시간, 마법 같은 예술 감각을 맞춤 설정할 수 있습니다. 어린이, 소녀, 학생, 여성, 남성, 초보자, 예술가, 크리스마스, 기념일, 발렌타인 데이, 졸업식, 생일에 훌륭한 선물입니다. 【수성 잉크 및 환경 친화적】이 마커는 대부분의 용도에 가장 적합한 친환경 멀티 컬러 잉크로 만들어졌으며 아티스트에게 세심한 디테일과 그래픽 펀치를 렌더링할 수 있는 유연성을 제공합니다. 빠르게 건조되는 잉크는 매끄럽고 흐르는 스트로크로 더 많은 제어 라인을 생성하며 종이에 번지거나 번지지 않습니다. 무독성, 중성, 크실렌 프리, 무취.","12팩 색상 변경 마커 세트, NiArt 듀얼 팁 하이라이터 다양한 색상","['잉크', '매직', '변경', '생생하다', '펜', '컬러', '일러스트레이션', '마법', '섬세하다', '하이라이터']"
사무용품,마커 및 형광펜,형광펜,,B0BRYXL42Z,"LABUK 파스텔 형광펜 미적 귀엽고 부드러운 끌 팁 마커 펜 10개, 부드럽고 다양한 색상, 번짐 없음, 빠른 건조, 저널, 성경 플래너 노트, 학교 사무용품용",LABUK,13143,13143,4.1,317.0,"【번짐 방지 퀵 드라이 마커】 이 부드러운 색상의 하이라이터는 부드러운 끌 팁으로 만들어져 종이가 깨지지 않고 부드럽게 쓸 수 있습니다. 파인 아트 펜의 잉크는 수성 소재로 빠르게 건조됩니다. 잉크가 손이나 소매가 더러워지는 것에 대해 걱정하지 마세요. 참고: 하이라이터는 수용성 안료를 사용하므로 사용 후 뚜껑을 덮어야 합니다. 제품은 9개월 동안 유효합니다. 패키지 라벨의 만료일 전에 형광펜을 사용하십시오. 형광펜이 만료 날짜를 지나지 않았지만 여전히 건조된 경우 고객 서비스에 문의하여 도움을 받으십시오. 【귀여운 파스텔 색상】패키지에는 다양한 색상의 다채로운 미적 형광펜 12개가 포함되어 있으며 매일 사용할 수 있는 충분한 양과 색상이 있습니다. 얼룩이 없는 파스텔 디자인으로 부드러운 색상으로 공부나 작업에 방해가 되지 않으며 텍스트에 집중하는 데 필요한 핵심 포인트를 가리지 않습니다. 성경, 저널 또는 메모에 적합합니다. 【글쓰기 경험】LABUK 미학 하이라이터는 경전, 메모, 저널 또는 읽고 싶은 책을 강조하는 데 적합합니다. 이 하이라이터는 가볍고 글쓰기를 마스터하기 쉽습니다. 【쉬운 보관】사각형 막자 디자인의 하이라이터는 디자이너 룩을 가지고 있습니다. 당사의 하이라이터는 손이 아프지 않고 편안하고 잡기 쉽고 사용 중에 굴러다니지 않습니다. 다용도 끌 팁은 넓고 좁은 선을 효율적으로 생성합니다. 【다양한 용도】이 귀여운 형광펜은 학교, 대학, 가정, 사무실, 여행 일기, 일정, 직장, 공부, 메모 등에 적합합니다. 가족과 친구를 위한 멋진 선물입니다.",,"['펜', '부드럽다', '하이라이터', '형광', '귀엽다', '파스텔', '메모', '건조', '잉크', '빠르다']"
사무용품,마커 및 형광펜,형광펜,,B07CRN38W7,STABILO BOSS 오리지널 형광펜 형광펜 마커 - 범퍼 7개 팩 - 네온,STABILO-BOSS,16273,16273,4.8,207.0,"STABILO 브랜드 포장의 STABILO BOSS 오리지널 하이라이터 6개 전체 범위 세트, 추가 옐로우 포함. 매우 부드러운 끌 팁 2-5mm. 매우 긴 하이라이트 성능을 위한 대형 잉크 저장소. 4시간 건조 방지 기술. 가볍고 빠른 안료 잉크는 잉크젯 인쇄물이나 대부분의 손으로 쓴 텍스트를 번지지 않습니다.","세트는 모든 색상을 포함합니다: 핑크, 레드, 오렌지, 옐로우, 그린. 블루 및 추가 옐로우.","['옐로우', '형광', '펜', '추가', '잉크', '빠르다', '건조', '그린', '네온', '대형']"
사무용품,마커 및 형광펜,형광펜,,B0BH7K24TW,"하이라이터, 끌 팁 마커 펜, 다양한 형광펜, 빠른 건조, 번짐 없음, 성인 어린이 교과서 사무용품용 대형 잉크 저장소가 있는 수성 (6가지 색상 스위트 시리즈)",Abruga,6911,6911,3.8,109.0,"제품 구성: 이 형광펜 패키지에는 다양한 색상의 파스텔 형광펜 대형 잉크 저장소 6개가 포함되어 있으며, 6가지 색상 스위트 시리즈, 매일 공부하고 일하는 동안 선택할 수 있는 충분한 색감이 있습니다. 인체 공학적 디자인: 짧고 넓은 바디의 하이라이터는 주머니에 잘 맞고 잡기 쉽습니다. 심플하고 선명한 라이트 컬러 외관 디자인, 대용량 눈 보호 형광펜. 끌 팁: 다양한 각도, 두꺼운 선 및 얇은 선이 매우 적합합니다. 하이라이터 마커의 끝은 좁은 끌 팁으로 몰딩되어 있으며 넓은 하이라이트, 섬세한 밑줄에 사용할 수 있습니다. 팁의 얇은 부분은 메모를 작성하는 데에도 사용할 수 있습니다. 편안한 안전성: 이 하이라이터는 부드러운 색상과 수성 소재로 눈에 해를 끼치지 않으며 사용하기에 안전하며 누구에게나 적합합니다. 빠르게 건조되는 잉크는 번짐과 얼룩을 방지하고, 번짐이 없으며 손글씨와 핸드북, 메모, 낙서 긴 표시를 위한 책을 흐리게 하지 않습니다. 훌륭한 정리 도구: 이 하이라이터는 정보를 얻거나 다양한 서류에 요점과 프로세스를 표시할 때 더 정리해야 할 때 적합합니다. 종이의 특정 포인트에 다양한 색상을 사용할 수 있어 매우 도움이 되었습니다.",,"['펜', '하이라이터', '형광', '잉크', '빠르다', '정리', '메모', '디자인', '대형', '수성']"
사무용품,마커 및 형광펜,형광펜,,B09GK46QDZ,"feela 12팩 옐로우 젤 성경 형광펜 마커 일기 용품, 번짐 없음, 저널 학교 사무실용",feela,11066,11066,4.7,111.0,Feela 12팩 옐로우 젤 하이라이터 세트는 시스루 휴대용 파우치에 포장되어 있습니다. 번지지 않습니다. 다른 잉크 위에 번지지 않습니다. 모든 종이 표면에 고정됩니다. ASTM-D4236 준수. 트위스트 업 디자인은 내부의 젤 파손을 줄이고 플라스틱 쉘의 보호 하에서 깨끗하게 유지되며 사용을 용이하게 합니다. 부드러운 글라이딩으로 즐거운 사용 경험을 제공합니다. 무산성 및 무독성으로 안전에 대한 우려를 풀어줍니다. 성능 및 만족: 고품질 제품뿐만 아니라 빠른 응답 서비스도 제공합니다.,,"['옐로우', '보호', '실용', '시스루', '성능', '성경', '서비스', '사무', '빠르다', '부드럽다']"
사무용품,마커 및 형광펜,형광펜,,B08Y9369RP,"Sharpie S-Note 크리에이티브 컬러링 형광펜 | 쓰기, 그리기 등을 위한 마커 펜 | 다양한 파스텔 색상 | 끌 팁 | 12개입",SHARPIE,16620,16620,4.6,1195.0,"밝고 대담한 색상의 다양하고 창의적인 마커 펜으로 작품을 돋보이게 합니다 메모, 밑줄, 하이라이트, 드로잉 등에 적합합니다 2-in-1 끌 팁으로 정확한 라인과 넓은 라인 사이에서 빠르게 변경할 수 있습니다 번지지 않는 잉크는 예술적 작품을 깨끗하게 유지하여 선명한 드로잉과 색상을 제공합니다 빠르고 쉽게 식별할 수 있는 컬러 캡","Sharpie S-Note 크리에이티브 마커로 상상력을 자극하세요. 다재다능하고 재미있는 이 제품은 마커이자 형광펜으로 메모, 밑줄, 하이라이트, 드로잉 등에 색상을 더합니다. 다양성은 게임의 이름이며, 정확한 라인과 넓은 라인 사이를 빠르게 전환할 수 있는 끌 팁이 있습니다. 또한, 번지지 않는 잉크는 작업을 깨끗하게 유지합니다. Sharpie S-Note로 창의력을 발휘하세요!","['펜', '라인', '빠르다', '드로잉', '형광', '잉크', '크리에이티브', '하이라이트', '깨끗하다', '넓다']"
사무용품,마커 및 형광펜,형광펜,,B07NVBZ3VX,"feela 12가지 색상 성경 젤 하이라이터, 젤 하이라이터 마커 스터디 키트, 하이라이트 저널 학교 사무실에 적합",feela,11066,11066,4.6,1853.0,Feela 12팩 젤 하이라이터 세트는 시스루 휴대용 파우치에 포장되어 있습니다. 각 하이라이터는 모두 30.5cm(12인치)의 독특한 색상을 가지고 있습니다. 번지지 않습니다. 다른 잉크에 번지지 않습니다. 모든 종이 표면에 고정됩니다. ASTM-D4236 준수. 트위스트 업 디자인은 젤 내부의 파손을 줄이고 플라스틱 쉘의 보호 아래 깨끗하게 유지되며 사용이 용이합니다. 부드러운 글라이딩은 즐거운 사용 경험을 제공합니다. 무산성 및 무독성으로 보안에 대한 걱정을 덜어줍니다. 성능 및 만족: 고품질 제품뿐만 아니라 빠른 응답 서비스도 제공합니다.,,"['하이라이터', '휴대', '무독성', '성경', '서비스', '사무실', '빠르다', '부드럽다', '보호', '보안']"
사무용품,마커 및 형광펜,형광펜,,B01LXOQ1KJ,STABILO BOSS 오리지널 파스텔 형광펜 형광펜 마커 - 풀 레인지 15.2cm(6인치) 지갑 세트,STABILO-BOSS,13323,13323,4.8,72779.0,Stabilo 브랜드 포장의 Stabilo Boss 오리지널 파스텔 형광펜 6개 세트 울트라 소프트 끌 팁 2-5mm 매우 긴 하이라이트 성능을 위한 대형 잉크 저장소 4시간 건조 방지 기술 가볍고 빠른 안료 잉크는 잉크젯 프린트나 대부분의 손으로 쓴 텍스트를 번지지 않습니다,"이 독특한 디자인의 하이라이터는 전문가, 학자, 학생 및 모든 종류의 오거나이저들 사이에서 가장 좋아하는 제품입니다. 컬러 코딩, 편집 또는 공부에 이상적인 Stabilo Boss 오리지널 하이라이터는 두 가지 다른 선 너비를 허용하는 끌 팁과 굴러 가지 않도록 하는 기하학적 디자인이 특징입니다. 생생한 잉크는 종이와 사본에 적합합니다. 실수로 캡을 다시 끼우는 것을 잊어버린 경우에도 걱정하지 마세요. Stabilo 건조 방지 기술 덕분에 이 하이라이터는 마르지 않고 최대 4시간 동안 캡을 벗긴 상태로 둘 수 있습니다.","['형광', '펜', '하이라이터', '잉크', '캡', '건조', '파스텔', '디자인', '방지', '레인지']"
사무용품,마커 및 형광펜,형광펜,,B09M8QLJF5,"Maped - 해리 포터 하이라이터, 마커 펜 - x4 마커, 멀티 컬러, 740701",Maped,9224,9224,4.7,1220.0,"비스듬한 끝: 1-5 mm 선 폭 잉크: 내광성, 잉크젯에 적합하고 그림자 없는 복사 균일한 잉크 흐름 캡 없이 건조하지 마십시오(최대 4시간) 포장과 개별 마커에 해리 포터 라이선스 프린트","덤블도어의 삶의 지혜, 헤르미온느의 영리한 모든 것을 알고 있는 루나의 꿈꾸는 진실 또는 드레이코의 장난스러운 모욕 등 해리 포터는 모든 어린이의 가명입니다. 프랑스 학교 제품 제조업체 Maped의 해리 포터 문구 시리즈로 해리 포터의 마법적이고 환상적인 세계를 발견하세요. 모든 연령대에 적합한 환상적인 해리 포터 디자인과 잘 알려진 Maped 품질의 제품이 있습니다. 프랑스 학교 제품 제조업체 Maped Fluo Peps 해리 포터 하이라이터는 중요한 것을 표시해야 하는 곳 어디에서나 마법 팬을 위한 이상적인 동반자입니다. 경사진 팁 덕분에 마킹 라인의 두께는 1~5mm 사이에서 다양하게 선택할 수 있습니다. Fluo PEPS 하이라이터는 무취, 얼룩 방지, 그림자 없는 복사본이며 내광성, 잉크젯에 적합한 잉크로 채워져 있습니다. 또한 마커는 잉크가 마르지 않고 최대 4시간 동안 열린 상태를 유지할 수 있습니다. 각 펜은 다른 해리 포터 모티브로 인쇄됩니다: 그리핀도르, 하우스 슬리데린, 하우스 래번클로, 하우스 후펠푸프. Fluo Peps 해리 포터 하이라이터의 포장은 종이로만 만들어져 플라스틱 부품이 있는 일반적인 포장에 비해 특히 환경 친화적입니다.","['포터', '해리', '하이라이터', '잉크', '포장', '하우스', '형광', '잉크젯', '마법', '환상']"
사무용품,마커 및 형광펜,형광펜,,B08KQHRB1L,Zebra Mildliner 브러시 형광펜 - 브러시 및 마커 펜촉 - 더블 엔드 - 형광 12.7cm(5인치) 지갑 세트,ZEBRA,22146,16993,4.7,5.0,"Zebra Mildliner는 종이에 부드럽게 보이도록 디자인된 독특하고 부드러운 색상이 특징입니다. 빠르게 건조되는 잉크는 밑줄과 색상 코딩에 완벽하게 번지지 않습니다. 각 펜은 더블 엔드이며 한쪽에는 가변 2-4mm 선을 쓰는 브러시 팁과 0.7mm 선을 쓸 수 있는 총알 팁이 있습니다. 이 펜에는 종이를 통해 번지지 않는 방수 잉크가 포함되어 있습니다. 이 세트에는 핑크, 블루, 블루 그린, 옐로우, 오렌지 색상의 펜 5개가 포함되어 있습니다.",형광펜 마커 펜 5개 팩. Zebra,"['펜', '형광', '브러시', '블루', '더블', '종이', '잉크', '부드럽다', '건조', '그린']"
사무용품,마커 및 형광펜,형광펜,,B09YV5C1FT,"미적 귀여운 형광펜, 다양한 색상, 성경 형광펜 및 펜 번짐 없음, 부드럽고 부드러운 끌 팁 파스텔 마커 펜, 저널링 노트 작성, 학교 문구 용품용 (써니)",Taotree,9681,9681,4.6,2056.0,"미학적인 귀여운 형광펜, 6가지 써니 마일드 파스텔 다양한 색상. 가족과 친구, 어린이 및 성인을 위한 훌륭한 선물. 부드러운 글쓰기 컬러 귀여운 형광펜. 부드러운 필기를 위해 프리미엄 소프트 끌 팁으로 제작되어 사용하기 편안합니다. 학생, 선생님, 예술가를 위한 훌륭한 형광펜 세트. 빠르게 건조되는 다채로운 미적 형광펜. 수성 순한 소프트 컬러 잉크로 빠르게 건조됩니다. 매우 얇은 용지나 하이라이트를 할 때 매우 세게 누르지 않는 한 용지에 번지지 마십시오. 경량, 소형, 귀여움, 휴대성. 이동 중이거나 작업 및 공부, 하이라이트, 드로잉, 일기, 메모 작성, 표시, 작업, 낙서, 색칠 등을 할 때 가방에 넣고 휴대할 수 있습니다. 다양한 사용: 이 귀엽고 순한 부드러운 파스텔 형광펜 컬러링 펜은 학교, 대학, 가정, 사무실 및 여행 중에도 매일 사용할 수 있습니다. 색상 코딩, 하이라이트 다이어리, 플래너, 작업 일정, 공부, 메모용.",미학적인 귀여운 형광펜 다양한 색상,"['펜', '형광', '귀엽다', '부드럽다', '하이라이트', '작업', '파스텔', '학교', '메모', '용지']"
사무용품,마커 및 형광펜,형광펜,,B0BB6XP2HH,"8가지 색상 미적 형광펜, 4mm 라인 너비, 부드러운 끌 팁이 있는 다양한 색상, 번짐 방지 성경 형광펜, 학교에 적합, 눈에 좋음, 파스텔 형광펜",LivDeal,9681,8296,4.7,943.0,"[ 음소거 조명 색상] - 눈에 좋고 산만하지 않습니다. 또한 눈을 쉽게 잡을 수 있어 중요한 포인트를 찾을 수 있습니다. [ 번짐 없음] - 하이라이트에 적합합니다. 페이지에 번짐이 없습니다. [ 부드러운 필기] - 부드러운 끌 팁으로 글쓰기를 좋아할 것입니다. 그리고 사각형 모양은 손에 닿는 느낌이 좋으며 색상 색소 침착도 좋습니다. [ 다양한 용도 ] -학교, 성경 및 사무실에 적합합니다. 가볍고 공간을 절약하며 휴대가 가능할 정도로 작고 부피가 크지 않습니다. [ 100% 만족 보장] - 제품에 만족하지 않으시면 45일 이내에 연락하여 환불을 받으십시오.",,"['좋다', '형광', '펜', '부드럽다', '성경', '학교', '사무실', '사각형', '부피', '보장']"
사무용품,마커 및 형광펜,형광펜,,B001U3ZYC0,"Avery Hi-Liter 책상 스타일 형광펜, 얼룩 방지 잉크, 끌 팁, 형광 핑크 형광펜 12개 (24010)",AVERY,13697,13697,4.7,197.0,"번짐 없음. 펜, 마커 또는 잉크젯 잉크를 번지지 않는 눈길을 사로잡는 형광 핑크 잉크로 키 구절을 강조하세요 내구성이 뛰어난 치즐 팁 하이라이터는 마모되지 않으며 강조나 밑줄에 사용할 수 있습니다 하이 리터 잉크는 빠르게 건조되며 대부분의 종이를 통해 번지지 않습니다 형광펜 마커는 건조하지 않고 최대 1주 동안 뚜껑을 열어 둘 수 있습니다 패키지에는 12개의 형광 핑크 형광펜이 포함되어 있습니다. 교과서, 불렛 저널, 플래너 등과 함께 사용하기에 적합합니다","Bring attention to essential words and phrases with Avery Hi-Liter Desk-Style Highlighters. The molded chisel tip of these highlighters gives you the precision to highlight or underline text in an eye-catching fluorescent pink ink. Keep your documents in pristine condition with a smear-safe highlighter ink that doesn’t bleed through most paper and won’t smudge pen, marker or inkjet inks. Built to last, these highlighters have a resilient tip that won’t fray and a comfortable faceted barrel with a long-lasting ink supply. The improved ink formula ensures that highlighters can be left uncapped for up to one week without drying out. Don’t worry about getting highlighter ink onto your hands; the water-based ink is easy to wash from skin and is ACMI-certified nontoxic, making these Avery highlighters safe for kids and classroom use. A must-have item for back to school, home and office use, this pack of 12 Fluorescent Pink highlighters is perfect for highlighting textbooks, sorting out budgets, test prep, color-coding your planner, and is a great addition to any list of school supplies or bullet journal supplies.","['형광', '펜', '잉크', '핑크', '강조']"
사무용품,마커 및 형광펜,형광펜,,B0CG1KK7F5,"Shuttle Art 성경 형광펜 및 펜 번짐 없음, 33팩 성경 저널 키트, 성경 펜 젤 형광펜 및 성경 탭, 보관 가방 포함, 번짐 없는 성경 마커",Shuttle Art,19376,20761,4.5,949.0,"33개의 밝은 색상의 펜 키트 - 성경 저널링 키트에는 10가지 색상의 젤 형광펜, 6가지 색상의 접이식 볼펜(0.7mm), 3가지 색상의 파인라이너 펜, 2가지 색상의 커브 펜, 성경 탭 5세트, 스텐실 5개, 보관 가방이 있는 눈금자 1개가 포함되어 있습니다. 이 세트는 불렛 저널의 거의 모든 요구 사항을 충족합니다. 번짐 없음 및 매끄러운 필기 - 펜, 젤 하이라이터 및 파인라이너 펜은 사용 시 잉크에 침투하지 않아 성경과 종이를 더 잘 보호할 수 있습니다. 실크처럼 부드러운 글씨로 읽기 및 쓰기 경험을 향상시킵니다. 아름다운 성경 탭 - 구약 성경 책 39권, 신약 성경 책 27권, 빈 탭 9개가 포함되어 있습니다. 이 성경 탭은 성경 공부나 일기에 참여하려는 사람들에게 편리한 정리 도구를 제공합니다. 간편한 휴대-성경 저널링 키트에는 보관 가방이 포함되어 있습니다. 젤 하이라이터와 접이식 젤 펜을 가방에 넣고 야외에서 책을 읽을 때나 영감을 얻을 때 언제든지 사용할 수 있습니다. 다양한 용도 - 저널링, 하이라이트, 글쓰기 및 드로잉에 적합합니다. 어린이와 청소년을 위한 페인팅 도구 및 문구류로 매우 적합합니다. 풍부한 색상으로 아이들이 상상력을 마음껏 발휘할 수 있습니다. 안전 보장 - 무독성 및 중성 잉크는 어린이와 어른 모두에게 안전한 사용을 보장합니다. Shuttle Art 고객 만족 보장을 제공합니다. 제품에 대해 궁금한 점이 있으시면 언제든지 저희에게 연락하십시오.","Shuttle Art 성경 형광펜 및 펜 번짐 없음, 33팩 성경 저널링 키트, 성경 펜 젤 형광펜 및 성경 탭, 보관 가방 포함, 번짐 없는 성경 마커","['성경', '펜', '탭', '가방', '형광', '키트', '보관', '저널링', '책', '보장']"
사무용품,마커 및 형광펜,형광펜,,B0CHMB391T,"6팩 형광펜, 크림 색상 끌 팁, 미적 형광펜 마커, 수성 기반, 빠른 건조, 번짐 없음, 성경 공부 노트, 학교 사무실용 다양한 색상 마커 펜",Bewudy,4833,4833,4.5,6.0,"【밝은 색상】패키지에는 다양한 색상의 다채로운 미적 형광펜 6개가 포함되어 있으며 매일 사용할 수 있는 충분한 양과 색상이 있습니다. 매우 밝은 형광 또는 마카롱 잉크 모음은 손으로 쓴 텍스트를 보호하고 강조합니다. 다음 페이지에는 그림자가 없습니다. 【편안한 디자인】짧고 넓은 몸체는 주머니에 잘 맞으며 잡기 쉽습니다. 만화 곰 모양은 매우 귀엽고, 하이라이터일 뿐만 아니라 좋은 장식이기도 합니다. 【번짐 방지 퀵 드라이 마커】이 부드러운 색상의 하이라이터는 부드러운 끌 팁으로 만들어져 종이가 깨지지 않고 부드럽게 쓸 수 있습니다. 끌 팁을 사용하면 유연한 필기로 1mm의 미세한 선과 4mm의 넓은 선을 그릴 수 있습니다. 파인 아트 펜의 잉크는 수성 소재로 빠르게 건조됩니다. 잉크가 손이나 소매가 더러워지는 것에 대해 걱정하지 마세요. 【부드러운 필기 경험】이 미적 하이라이터는 가볍고 필기를 마스터하기 쉽습니다. 부드러운 끌 팁이 있는 자유롭게 흐르는 잉크로 얇은 종이에도 모든 것을 부드럽게 쓸 수 있습니다. 【다양한 용도】이 귀여운 형광펜은 학교, 대학, 가정, 사무실 및 여행 일기, 일정, 직장, 공부, 메모 등에 적합합니다. 가족과 친구를 위한 멋진 선물입니다.","6피스 형광펜 미적 파스텔 귀여운 형광펜, 성경 형광펜 및 펜 번짐 없음, 다양한 색상, 건조하고 빠르게 잡기, 저널 성경 플래너 노트, 학교 사무용품 소재: pp 잉크 색상: 색상 목적: 형광펜 단일 제품 크기: 5.4x2x1.2cm/2.12x0.78x0.47in 포장 방법: PP 상자 제품 구성: 형광펜 6개","['펜', '형광', '부드럽다', '잉크', '필기', '빠르다', '학교', '성경', '하이라이터', '귀엽다']"
사무용품,마커 및 형광펜,형광펜,,B0BFBLNNCS,"귀여운 형광펜 24개 - 어린이, 학생, 파티를 위한 6가지 색상 미니 형광펜, 글쓰기, 그림 및 색칠에 적합한 글리터 하이라이터",Eki Shoal,13836,13836,4.9,23.0,"kawaii 하이라이터는 기발하고 재미있는 디자인이 특징이며, 설탕 디자인의 강력한 색상이 특징입니다. 미니 마커 12개에는 6가지 색상이 포함되어 있습니다. 4가지 종류의 향 형광펜을 선택할 수 있습니다. 미니 마커에는 일반적으로 정밀하고 제어된 선을 허용하는 미세 팁이 있습니다. 글쓰기, 그림 그리기, 색칠뿐만 아니라 프로젝트에 섬세한 디테일과 장식을 추가하는 데 적합합니다. 어린이 파티 선물을 위한 미니 마커는 생생하고 오래 지속되는 색상으로도 유명합니다. 액체 잉크 포뮬러는 빠르게 건조되고 번짐과 색바램에 강하므로 작품이 오랫동안 밝고 생생하게 유지됩니다. 이 귀여운 마커는 방수 기능이 있어 완전히 건조되지 않은 종이에 사용할 때 흘림으로 인해 작품이 망가지거나 번지는 것에 대해 걱정할 필요가 없습니다. 멀티컬러 하이라이터는 종종 무독성이며 어린이와 어른 모두가 사용하기에 안전하며 귀여운 학용품과 미니 사무용품입니다. 귀여운 하이라이터 카와이는 약 6.8cm(2.68인치) 길이로 휴대가 가능하며 매일 사용하거나 이동 중에도 글을 써야 하는 사람들에게 편리합니다.",,"['미니', '귀엽다', '하이라이터', '형광', '어린이', '펜', '특징', '디자인', '글쓰기', '작품']"
사무용품,마커 및 형광펜,형광펜,,B07FT47NQC,"ARTEZA 형광펜 다양한 색상, 마커 60개 세트, 넓고 좁은 끌 팁 컬러 마커, 네온 형광펜 마커 벌크 팩, 교사, 학생용 사무실 및 학교 용품",ARTEZA,69236,40566,4.7,846.0,"다양한 용도로 사용할 수 있는 컬러 형광펜: 대담하고 밝은 네온 형광펜 끌 세트는 초등학교, 중학교, 고등학교, 교실, 사무실, 메모 작성, 플래너, 저널링에 이상적입니다. 형광 마커: 옐로우 10개, 오렌지 10개, 그린 10개, 블루 10개, 퍼플 10개, 핑크 형광펜 10개와 같은 60개의 멀티 컬러 형광펜 팩에 포함된 6가지 네온 색상 중 하나로 유용한 정보를 강조하세요. 형광펜 선명한 시야: 각 다채로운 형광펜에는 무독성, 번짐 없음, 빠른 건조 잉크가 포함되어 있습니다. 30개의 넓은 팁과 30개의 좁은 팁으로 다양한 크기의 텍스트 줄에 쉽게 밑줄을 긋고 강조할 수 있습니다. 아티스트가 디자인하고 제작: Arteza는 영감을 주는 제품을 만드는 데 열정을 쏟고 있습니다. 우리에게 예술은 인간 경험의 표현입니다. 그렇기 때문에 당사는 모든 사람들이 미술 용품을 이용할 수 있도록 노력합니다. 모든 종류의 사무용품: Arteza는 모든 사람에게 고품질의 문구류, 홈 오피스 및 교실 용품을 제공하는 데 기반을 두고 제작되었습니다. 책상 수납 공간을 정리하고 생산적인 하루를 준비하는 데 도움이 되는 수많은 사무실 정리 도구와 학교 액세서리를 찾아보세요.",,"['형광', '펜', '용품', '컬러', '사무실', '네온', '강조', '사람', '정리', '좁다']"
사무용품,마커 및 형광펜,형광펜,,B003AHIK7U,"G.T. Luscombe Company, Inc. 성경 드라이 하이라이트 키트 | 번짐 없는 친환경 리필 가능한 드라이 형광펜 | 샤프닝 없음 | 번지거나 색이 바래지 않음 | 생생한 색상 옐로우, 블루, 핑크, 그린 (4개 세트)","G.T. Luscombe Company, Inc.",20705,20705,4.4,1956.0,"Bible Safe 드라이 하이라이터, 세트에는 4가지 눈길을 끄는 밝은 색상(옐로우, 블루, 그린, 핑크) 포함 리필 가능한 드라이 하이라이터는 경제적이고 환경 친화적입니다 얇은 성경 종이를 포함한 종이에 번지지 않습니다. 기록 보관 품질로 다른 잉크가 바래거나 번지지 않습니다 깎을 필요가 없습니다. 버튼을 누르기만 하면 리드를 진행할 수 있습니다 세트는 성경 색상 코드가 있는 튼튼한 보관 파우치에 제공됩니다. 성경 공부, 일기, 색상 코딩 등에 적합합니다",,"['성경', '드라이', '종이', '그린', '하이라이터', '리필', '보관', '블루', '옐로우', '가능하다']"
사무용품,마커 및 형광펜,형광펜,,B07ZQ13VDH,"브러시 팁 형광펜, 창의적인 별 모양 라이트 컬러 형광 펜 마커, 5가지 색상, 저널 플래너 노트 작성 및 컬러링 북에 적합, 무독성 및 무취 수채화",HiKin,9681,9681,4.4,308.0,"생생하고 생생한 색상: 핑크, 블루, 그린, 옐로우, 오렌지의 5가지 색상으로 제공됩니다. 그리고 색상은 밝고 부드러워 잘 작동하지만 눈에 상처를 주지 않습니다. 다용도: 다용도 끌 팁으로 강조, 밑줄, 메모 작성 등에 적합합니다. 생생한 색조로 하이라이트를 쉽게 읽을 수 있습니다. 무독성 및 무취: 잉크는 환경 친화적이며 부드러운 잉크 흐름, 아름다운 색상 및 오랜 시간 동안 변색이 없습니다. 주의: 사용 후 팁을 캡으로 덮어 공기에 장시간 노출되는 것을 방지하여 잉크가 쉽게 증발하고 건조될 수 있습니다. 귀여운 별 모양: 이 하이라이터는 귀여운 별에 5가지 색상으로 만들어져 아름답고 화려합니다. 친구나 가족을 위한 훌륭한 선물이 될 것입니다. 오늘 위험 부담 없이 주문하세요. 저희는 고객에게 최고의 쇼핑 경험을 제공하기 위해 최선을 다하고 있습니다. 우려 사항이나 질문이 있으시면 언제든지 저희에게 연락해 주시면 최대한 빨리 문제를 해결해 드리겠습니다.","이 별 모양 하이라이터는 핑크, 블루, 그린, 옐로우, 오렌지의 5가지 색상으로 제공됩니다. 색상은 밝고 부드러워 눈에 상처를 주지 않으며 하이라이트, 밑줄, 메모 작성 등에 적합합니다. 오늘 위험 부담 없이 주문하세요. 저희는 고객에게 최고의 쇼핑 경험을 제공하기 위해 최선을 다하고 있습니다. 우려 사항이나 질문이 있으시면 언제든지 저희에게 연락해 주시면 최대한 빨리 문제를 해결해 드리겠습니다.","['부드럽다', '작성', '잉크', '생생하다', '아름답다', '메모', '위험', '우려', '오렌지', '오늘']"
사무용품,마커 및 형광펜,형광펜,,B0CN393YLF,"Mr. Pen - 성경 형광펜 및 펜, 8팩, 생생한 젤 형광펜, 번짐 없음, 성경 형광펜, 번짐 없음, 성경 저널 키트, 블랙 젤 펜 및 형광펜",Mr. Pen,11066,6911,4.2,36.0,"패키지에는 네온이 아닌 부드럽고 아름다운 색상의 젤 형광펜 4개와 블랙 색상의 접이식 젤 펜 4개가 포함되어 있어 모든 글쓰기 및 하이라이트 요구 사항에 맞는 다재다능하고 조화로운 세트를 제공합니다. Mr. Pen 펜은 종이에 부드럽게 흐르는 고품질 수성 잉크로 채워져 있습니다. 빠르게 건조되는 잉크는 얼룩이 없고 깨끗한 작업을 보장하여 메모와 문서의 깔끔함을 유지합니다. 당사의 젤 하이라이터는 사용자의 편안함을 염두에 두고 설계되어 손의 피로를 방지하는 편안한 그립감을 제공합니다. 다용도 미세 팁은 넓고 좁은 선을 효율적으로 생성하여 정확한 하이라이트와 밑줄을 제공합니다. Mr. Pen 젤 하이라이터는 경전, 메모, 저널 또는 생생한 색상으로 읽고 싶은 책을 강조하는 등 다양한 용도에 이상적입니다. 학교, 대학, 가정, 사무실 또는 여행용으로 이 형광펜과 젤 펜은 필기 요구 사항에 완벽한 동반자입니다. 귀여운 디자인과 실용성을 갖춘 이 젤 하이라이터와 젤 펜은 가족과 친구를 위한 멋진 선물이 됩니다. 생일, 휴일 또는 사려 깊은 제스처와 같은 행사에 적합하며 모든 사람의 글쓰기 및 하이라이트 경험에 기쁨과 기능성을 가져다 줄 것입니다.",,"['펜', '형광', '하이라이트', '성경', '하이라이터', '생생하다', '블랙', '부드럽다', '잉크', '요구']"
사무용품,마커 및 형광펜,형광펜,,B0876QMQ5P,"귀여운 불가사리 하이라이터, 창의적인 멀티 컬러 형광 펜 마커, 무독성 및 무취 수채화, 저널 플래너 메모 작성 및 컬러링 북에 적합합니다.",HiKin,8296,8296,3.9,115.0,"생생하고 생생한 색상: 이 브러시 팁 형광펜은 핑크, 블루, 그린, 옐로우, 오렌지의 5가지 색상으로 제공됩니다. 색상은 상쾌하고 가벼워 잘 작동하지만 눈에 상처를 주지 않습니다. 다용도: 다용도 끌 팁이 있어 강조, 밑줄, 메모 작성, 플래너, 달력 등에 적합합니다. 생생한 색조로 하이라이트를 쉽게 읽을 수 있습니다. 귀여운 불가사리 모양: 이 하이라이터는 귀여운 불가사리로 5가지 색상으로 만들어져 아름답고 화려합니다. 친구나 가족을 위한 훌륭한 선물이 될 것입니다. 무독성 및 무취: 잉크는 친환경적이며 부드러운 잉크 흐름, 아름다운 색상 및 오랜 시간 동안 변색이 없습니다. 주의: 사용 후 팁을 캡으로 덮어 공기에 장시간 노출되는 것을 방지하여 잉크가 쉽게 증발하고 건조될 수 있습니다. 오늘 위험 부담 없이 주문하세요. 저희는 고객에게 최고의 쇼핑 경험을 제공하기 위해 최선을 다하고 있습니다. 우려 사항이나 질문이 있으시면 언제든지 저희에게 연락해 주시면 최대한 빨리 문제를 해결해 드리겠습니다.","이 브러시 팁 형광펜에는 5가지 색상, 핑크, 블루, 그린, 옐로우, 오렌지가 있습니다. 색상은 상쾌하고 가벼워 눈에 잘 맞지만 하이라이트, 밑줄, 메모 쓰기, 플래너, 캘린더 등에 적합합니다. 오늘 위험 부담 없이 주문하세요. 저희는 고객에게 최고의 쇼핑 경험을 제공하기 위해 최선을 다하고 있으며, 어떤 우려사항이나 질문이든 언제든지 저희에게 연락해주시면 최대한 빨리 문제를 해결해 드리겠습니다.","['생생하다', '귀엽다', '형광', '메모', '잉크', '펜', '불가사리', '부담', '작성', '위험']"
사무용품,마커 및 형광펜,형광펜,,B001U3ZYCK,"Avery Hi-Liter 책상 스타일 형광펜, 번짐 방지 잉크, 끌 팁, 형광 그린 형광펜 12개 (24020)",AVERY,13434,13434,4.6,389.0,"번짐 없음. 펜, 마커 또는 잉크젯 잉크가 번지지 않는 눈길을 끄는 형광 녹색 잉크로 키 통로를 강조하세요 내구성이 뛰어난 끌 팁 하이라이터는 마모되지 않으며 강조하거나 밑줄을 긋는 데 사용할 수 있습니다 하이 리터 잉크는 빠르게 건조되며 대부분의 종이에 번지지 않습니다 형광펜 마커는 마르지 않고 최대 1주일 동안 뚜껑을 닫지 않은 상태로 둘 수 있습니다 패키지에는 형광 그린 형광펜 12개가 포함되어 있습니다. 교과서, 불렛 저널, 플래너 등과 함께 사용하기에 적합합니다","Avery Hi-Liter 데스크 스타일 하이라이터로 필수 단어와 문구에 주의를 기울이세요. 이 하이라이터의 몰드 끌 팁은 눈길을 끄는 형광 녹색 잉크로 텍스트를 강조하거나 밑줄을 그릴 수 있는 정밀도를 제공합니다. 대부분의 종이에 번지지 않고 펜, 마커 또는 잉크젯 잉크가 번지지 않는 번짐 방지 형광펜 잉크로 문서를 깨끗한 상태로 유지하세요. 오래 사용할 수 있도록 제작된 이 하이라이터는 마모되지 않는 탄력 있는 팁과 오래 지속되는 잉크 공급이 가능한 편안한 면 배럴을 가지고 있습니다. 향상된 잉크 포뮬러로 형광펜을 마르지 않고 최대 1주일 동안 뚜껑을 덮지 않은 상태로 둘 수 있습니다. 손에 형광펜 잉크를 묻힐 염려가 없습니다. 수성 잉크는 피부에서 쉽게 씻을 수 있으며 ACMI 인증 무독성으로 어린이와 교실에서 사용하기에 안전합니다. 학교, 가정 및 사무실에서 사용할 수 있는 필수 아이템인 이 형광 그린 형광펜 12개 팩은 교과서 강조, 예산 분류, 시험 준비, 플래너의 색상 코딩에 적합하며 모든 학용품 또는 불렛 저널 용품 목록에 훌륭한 추가 아이템입니다.","['형광', '잉크', '펜', '강조', '하이라이터', '상태', '그린']"
사무용품,마커 및 형광펜,형광펜,,B0BK1X5VBZ,"Zebra Pen Mildliner 더블 엔드 형광펜 마커 세트, 넓고 가는 포인트 팁, 마일드 옐로우 잉크, 12팩 - (96팩 케이스, 총 1152개)",Zebra,1493403,1493403,4.4,13.0,"독특하고 부드러운 색상은 페이지를 통해 번지지 않고 넓고 섬세한 포인트 팁에서 종이를 부드럽게 칠하여 넓은 하이라이트나 섬세한 밑줄에 유용합니다 순한 방수 안료 잉크는 반투명하며 레이어링에 탁월하며 글씨와 끌 팁을 사용하여 핸드 레터링과 창의적인 용도로 사용할 수 있습니다 깔끔한 흰색 배럴로 이 마커 하이라이터는 사무실, 미술 부서 또는 스튜디오에 사랑스러운 추가 아이템으로 아이디어를 더 명확하게 표현할 수 있습니다 미세하고 넓은 팁 끝 모두 캡이 있으며 굵은 끝에 색상 코드 클립이 있어 연필컵에서 올바른 색상을 쉽게 찾을 수 있습니다 Sarasa Fineliners, Zensations 캘리그래피 및 테크니컬 펜과 같은 Zebra Pen 아티스트 악기로 키트를 완성하여 수많은 창의적인 표현에 약간의 추가 기능을 추가하세요","Zebra Pen Mildliner 더블 엔드 형광펜은 각 펜에 두 가지 크기의 팁이 있어 독특한 창의력을 표현할 수 있도록 도와줍니다. 각 펜의 독특하고 부드러운 색상은 페이지에 부드러운 색조를 제공하여 방수 잉크로 쉽게 레이어링할 수 있습니다. 아름다운 색상이 번지지 않으므로 스케치북의 다음 페이지에 대해 걱정할 필요가 없습니다. 12개의 마일드 옐로우 잉크 하이라이터가 포함되어 있습니다. AP 인증 무독성. Mildliner 더블 엔드 형광펜 세트를 책상 서랍, 아트 통 또는 백팩에 보관하여 창의력을 발휘하세요. 맞춤형 인사말 카드를 만들거나 새로운 아이디어를 스케치하거나 모든 프로젝트에 정밀한 색상을 추가하세요. 불렛 저널이나 플래너에 아름다움을 더하세요. 수제 카드, 글자 및 아트 프레젠테이션에 색감을 더해보세요. 좋아하는 신예 아티스트에게 완벽한 세트를 선물하세요. 텍스트에서 중요한 구절을 표시하는 데 탁월합니다. 추가 색상으로 제공됩니다. Sarasa Fineliners, Zensations Technical 및 캘리그래피 펜과 같은 Zebra Pen 아티스트 악기로 창의적인 키트를 완성하세요.","['펜', '추가', '잉크', '부드럽다', '넓다', '아티스트', '창의', '독특하다', '더블', '페이지']"
사무용품,마커 및 형광펜,형광펜,,B07FZKFXFP,"하이라이터 펜 마커, 마일드 바이올렛 (WKT7-MVI) x10",ZEBRA MILDLINER,12451,12451,4.8,75.0,"세트에는 ZEBRA MILDLINER 양면 하이라이터 펜, 볼드 & 미세, 마일드 바이올렛 잉크 10개가 포함되어 있습니다 자신있게 구매하세요 - 저희는 MILDLINER 형광펜에 절대적인 믿음을 가지고 있습니다. 사실, 우리 중 일부는 직접 사용합니다! 어떤 이유로든 이 구매에 만족하지 못하셨다면 저희에게 연락하여 교환 또는 질문 없이 전액 환불을 요청하십시오. 눈 친화적인 디자인 - 저희 형광펜은 시중의 다른 펜보다 부드럽습니다. 읽기 어렵고 눈 깜박임을 유발하는 다른 형광펜과 다릅니다. 저희 펜은 순한 색상으로 제공되므로 글을 잘 읽을 수 있으며, 읽는 내용을 더 잘 이해할 수 있도록 도와줍니다. 다양한 용도 - 일러스트레이션 컬러링 및 페인팅에 이 형광펜을 사용할 수도 있습니다. 이 형광펜은 번지거나 고르지 않게 퍼지지 않습니다. 이 형광펜을 마킹에 사용하면 프레임 라인에서 벗어나지 않으므로 필수 문서를 번거로움 없이 강조할 수 있습니다. 다양한 유형의 문서에 적합 - 이 형광펜은 할 일 목록을 관리하는 데 이상적입니다. 예를 들어, 일부 줄에는 회색 색상을 사용하여 문서를 Excel 파일처럼 만들 수 있습니다. 이 하이라이터 펜은 적절한 가시성을 위해 더 차분하고 부드러운 토너를 생성합니다.","메모, 텍스트 및 문서의 관련 정보에 주의를 기울이는 가장 좋은 방법을 찾고 계십니까? 그렇다면 MILDLINER 형광펜 펜은 놓치고 있던 완벽한 액세서리입니다! 냄새와 번짐이 있는 시중의 다른 형광펜 펜과 달리, 이 형광펜은 냄새 없이 문서를 깔끔하게 표시할 수 있도록 도와줍니다. 문서에 사용한 후 가시성에 영향을 줄 수 있는 다른 펜과 달리, 이 형광펜은 순하여 깜박임 없이 강조한 텍스트를 볼 수 있습니다. 그걸 원하지 않으십니까? 선택은 당신의 몫입니다! 시장에 넘쳐드는 표준 이하 제품이 모조품이기 때문에 저희는 항상 최고 품질의 제품을 구매할 것을 보장할 수 있으므로 저희 브랜드 이름 ZEBRA MILDLINER를 확인하는 것을 잊지 마세요. 이렇게 하면 제품 대체품을 찾고 있는 아마존 웹 페이지를 검색하는 데 시간이 많이 걸리는 번거로움으로부터 자신을 자유롭게 할 수 있습니다. 저희 고객들은 시중의 다른 마킹 펜을 사용하는 것보다 더 높은 가시성을 경험했다고 말했습니다. 이 제품을 전액 환불 보증합니다! 어떤 이유로든 이 구매에 만족하지 못하셨다면 수상 경력에 빛나는 전담 고객 지원팀에 문의하시면 교환 또는 전액 환불을 해드립니다. 문서와 텍스트를 강조하면서 더 높은 가시성을 경험하는 만족스러운 수천 명의 고객과 함께 하세요. 왜 더 이상 기다려야 할까요? 지금 주문하세요! !","['펜', '형광', '문서', '가시', '시중', '하이라이터', '텍스트', '전액', '강조']"
사무용품,마커 및 형광펜,형광펜,,B087TZCTFG,"Amazon Basics 지울 수 있는 형광펜 - 듀얼 팁, 다양한 색상, 12팩",Amazon Basics,7880,7880,4.4,1987.0,"생생한 잉크 및 끌 팁: 클래식한 옐로우, 대담한 오렌지 등을 포함한 6가지 눈길을 끄는 색상 모음으로 색상 코딩과 최고의 창의성을 제공합니다. 끌 모양 팁은 두껍거나 얇은 선을 쉽게 만들 수 있습니다. 강조와 밑줄에 적합합니다. 지우기: 반대쪽 끝에 있는 투명 잉크 팁을 사용하여 컷어웨이 룩을 만들거나 실수를 제거하고 다시 시작할 때 다채로운 잉크를 지울 수 있습니다 보호 캡: 사용 후 캡을 교체하여 형광펜의 투명 및 컬러 잉크 팁을 보호합니다 다용도: 예술 및 공예, 공부 등에 이상적입니다. 어린이와 어른 모두에게 재미있습니다 ASTM D4236 준수","Amazon Basics 지울 수 있는 형광펜 - 듀얼 팁, 다양한 색상, 12팩/Amazon Basics","['잉크', '형광', '펜', '캡', '보호', '듀얼', '투명', '다용', '대담하다', '두껍다']"
사무용품,마커 및 형광펜,형광펜,,B0CNYWX4J1,"형광펜 - 끌 팁, 다양한 색상, 학교 사무용품용 형광 형광펜, 6팩 - 생생한",ALEMHOP,4141,4141,4.3,51.0,"내구성 및 빠른 건조 - 빠른 건조 및 번짐 방지 잉크가 특징인 하이라이터는 색이 바래지 않으며 작업을 오랫동안 깨끗하고 깨끗하게 유지합니다. 학습 및 작업 효율성을 향상시킵니다. 편안한 사용 - 고정 관념의 직사각형 펜을 교체할 시간입니다. 매력적인 외관과 이상적인 인체 공학으로 장시간 공부해도 쉽게 잡고 쓸 수 있습니다. 학생들을 위한 특별 디자인. 다용도 끌 팁 - 복잡하고 넓은 선과 좁은 선을 쉽게 만들 수 있는 이 부드러운 끌 마커는 다양한 용도로 사용할 수 있습니다. 하이라이트, 일기, 경전 표시, 핸드 레터링 및 창의적인 표현에 적합합니다. 밝고 다채로운 잉크 - 당사의 하이라이터 세트는 페이지의 중요한 것을 강조하는 반투명 및 수성 잉크가 함께 제공됩니다. 참고: 얇은 성경 페이지에는 사용하지 마십시오. 다양한 색상으로 색조를 표현하세요! 펜 본체에 색상 코드가 있어 한 번의 룩으로 필요한 색조를 찾을 수 있습니다. 포함된 재사용 가능한 케이스로 보관 및 휴대가 쉽습니다.",,"['펜', '형광', '잉크', '깨끗하다', '색조', '건조', '하이라이터', '빠르다', '표현', '작업']"
사무용품,마커 및 형광펜,형광펜,,B0C284Z3NQ,"15가지 색상 커브 형광펜 세트, 15가지 다른 모양 듀얼 팁 마커 쿨 펜 저널 플래너 스크랩북 아트 사무실 학교 용품",AOROKI,22146,20761,4.1,367.0,"【15가지 흥미로운 패턴】: AOROKI 커브 컬러 펜은 꽃/하트/물결 선/점선/잔물결 모양/곡선/점선/토끼 모양/화살 모양/기둥 모양/화환 모양/아치 모양/앵커 모양/바퀴 모양/잔디 모양의 15가지 독특한 패턴 모양이 포함되어 있어 표시하는 동안 더 창의적이고 재미를 더합니다. 【듀얼 팁 패턴 펜】: 이중 팁이 있는 15가지 밝은 색상: 패턴 팁은 성경이나 노트북을 표시하고 중요한 부분을 강조하는 데 적합하며 0.4mm 미세 팁은 정확한 디테일, 쓰기 및 그리기에 적합합니다. 【빠른 건조 및 쉬운 사용】: AOROKI 커브 하이라이터 펜은 빠르게 건조되고 사용하기 쉬워 번짐 없이 부드럽게 쓰고 쉽게 미끄러질 수 있습니다. 펜을 잡고 슬라이드하기만 하면 노트를 돋보이게 할 수 있습니다. 【안전 및 다양한 용도】: 무독성, 중성, 무취 잉크로 모든 연령대가 안전하게 사용할 수 있습니다. 어린이와 성인이 일기, 메모, 낙서, 스크랩북 및 카드 제작에 사용하기 좋습니다. 플래너, 불렛 저널, 컬러링 북 등에도 적합합니다. 【이상적인 선물】: 생일, 크리스마스, 할로윈, 추수감사절, 새해 또는 모든 행사에 훌륭한 선물입니다. 이 귀엽고 멋진 펜은 어린이와 성인이 쉽게 사용할 수 있으며 그림을 그리는 과정에서 재미를 즐길 수 있습니다. 【만족 보장】: 고객 만족을 최우선으로 생각합니다. 저희 패턴 펜이나 서비스에 대한 질문이나 제안이 있으시면 언제든지 저희에게 연락하십시오. 24시간 이내에 회신해 드리겠습니다. 【사용 팁】: 패턴 펜을 사용할 때 몇 가지 팁이 있습니다. 1. 롤러 팁은 잉크가 부드럽게 나오도록 종이에 완전히 닿아야 합니다. 2. 펜을 종이에 똑바로 세워 완벽한 패턴을 얻을 수 있습니다. 3. 더 직선적이고 선명한 패턴 라인을 위해 표시하는 동안 펜을 천천히 움직입니다.",,"['펜', '패턴', '북', '커브', '표시', '성인', '물결', '종이', '재미', '만족']"
사무용품,마커 및 형광펜,형광펜,,B0BCKQB6LN,"ZEYAR 미적 형광펜 마커 펜, 크림 색상 끌 팁, 수성 잉크, 빠른 건조, 번짐 없음, 성경 공부 노트 학교 사무실용(6가지 딜라이트 색상)",ZEYAR,8296,8296,4.6,253.0,"미국 브랜드 ZEYAR. 밝은 색상: 그레이트 브라이트 크림 또는 마카롱 잉크 모음은 손으로 쓴 텍스트를 보호하고 강조합니다. 다음 페이지에는 그림자가 없습니다 다양한 색상: 6가지 딜라이트 색상: 피치 핑크, 칼라민, 시아닌 퍼플, 카키 블루, 쉐이딩 그린, 커피 밀크; 6가지 청소년 색상: 레드빈, 로터스 핑크, 아이보리 오렌지, 그레이 퍼플, 블루 헤이즈, 파인 그린 편안한 디자인: 짧고 넓은 몸체는 주머니에 잘 맞으며 잡기 쉽습니다. 심플하고 선명한 외관 디자인 잉크 인증: 수성, ASTM D-4236 인증 준수, 무독성, 무산성 및 사용하기에 안전합니다 미세--보드 라인 팁: 끌 팁으로 1mm의 미세한 선을 그릴 수 있으며 폭은 4mm이며 유연한 필기 너비 저희는 모든 고객을 염려합니다: ZEYAR는 정교한 R&D, 품질 관리 프로세스를 갖춘 전문 마커 제조업체로 모든 제품이 훌륭한 품질을 유지할 수 있도록 합니다. 우리에게 드로잉은 인간의 감정과 경험을 표현하는 것입니다. 그렇기 때문에 당사는 모든 사람들이 마커 용품을 사용할 수 있도록 노력합니다.",,"['라이트', '잉크', '수성', '그레이', '디자인', '크림', '펜', '그린', '퍼플', '블루']"
사무용품,마커 및 형광펜,형광펜,,B00006IEIJ,"Zebra Pen Zazzle 리퀴드 잉크 하이라이터, 끌 팁, 다양한 색상, 10개",Zebra,24514,23046,4.6,1095.0,"액체 잉크 기술이 적용되어 생생한 색상 레이다운과 빠른 건조 성능을 위해 표면을 가로질러 부드러운 잉크 미끄러짐을 촉진합니다 다용도 끌 팁은 번지지 않는 미세하고 넓은 마킹을 가능하게 하여 학생과 아티스트에게 이상적인 하이라이터 마커입니다 잉크 공급 모니터링을 위한 투명 창과 편리한 포켓 클립이 있어 교과서, 플래너, 클립보드, 문서 또는 가방에 부착할 수 있습니다 쉽게 미끄러지는 액체 잉크 성능은 부드럽게 흐르며 탁월한 커버리지를 제공하며 마지막 한 방울까지 좋습니다 형광펜 마커는 공부, 불렛 저널링, 성인 색칠 및 계획에 적합합니다. 색상 모음은 색상 코딩 프로젝트에 적합합니다","Zebra의 Zazzle 리퀴드 하이라이터는 하나의 마킹 장치로 편안함과 색상 생기를 제공합니다. 이지 글라이드 리퀴드 잉크 성능은 부드럽게 흐르며 탁월한 커버리지를 제공하며 마지막 한 방울까지 좋습니다! 끌 팁은 번지지 않는 미세하고 넓은 마킹을 허용하므로 이 하이라이터 마커는 학생과 예술가에게 이상적입니다. Zazzle Liquid 하이라이터는 잉크 공급 모니터링을 위한 투명 창과 편리한 포켓 클립이 있어 교과서, 플래너, 클립보드, 문서 또는 가방에 부착할 수 있습니다. Zebra의 생생한 형광펜은 10가지 색상으로 제공되며 공부, 불렛 저널링, 성인 색칠 및 계획에 적합합니다. 개성과 글쓰기 상황에 맞게 하나 또는 여러 가지 색상을 선택하세요.","['잉크', '하이라이터', '퀴드', '마킹', '성능', '부드럽다', '액체', '성인', '생생하다', '학생']"
사무용품,마커 및 형광펜,형광펜,,B001B0D79O,"Sharpie 포켓 스타일 형광펜, 끌 팁, 형광 그린, 12개 박스",SHARPIE,17478,13739,4.7,214.0,"선명한 녹색 음영은 강조된 텍스트에 다채로운 포인트를 더합니다 쉽게 미끄러지듯 좁은 끌 팁은 하이라이트, 밑줄 또는 메모를 작성하는 데 적합합니다 많은 펜과 마커 잉크가 번지지 않습니다 (하이라이트 전에 잉크를 건조시키세요) 사용자 친화적, 빠른 건조 및 무취 AP 인증 포뮬러 포함: 형광 녹색 형광펜 12개","정보가 우선 순위가 높고 정밀도가 필수인 경우에 적합합니다. Sharpie 포켓 형광펜은 모든 것을 눈에 잘 띄게 만듭니다. 이 다용도 하이라이터는 주머니에 쉽게 넣거나 셔츠에 클립으로 고정할 수 있도록 디자인되어 어디에서나 쉽게 휴대할 수 있습니다. 투명하고 빠르게 건조되는 잉크의 화려한 색상과 넓고 좁은 텍스트를 강조하고 밑줄을 표시하는 쉽게 미끄러지는 끌 팁으로 Sharpie 하이라이터는 가장 중요한 생각과 메모를 읽기 쉬운 색조로 페이지에서 뛰어 넘습니다. Sharpie가 왜 여행 일정, 캠핑 체크리스트, 탈출 계획 및 나머지 삶의 주요 높은 지점을 위한 하이라이터를 가지고 있는지 당연합니다. 제조사에서 제공하는 스미어 가드가 있는 포켓 샤피 형광펜은 다른 잉크가 번지지 않도록 특별히 제작되었습니다. 각 제품은 부드러운 하이라이트를 위해 쉽게 미끄러지는 끌 팁을 제공합니다. 밝은 시스루 색상으로 정보를 더 빠르게 얻을 수 있습니다. 다용도 끌 팁은 넓고 좁은 텍스트를 강조합니다. 빠른 건조, 무취 잉크는 AP 무독성 인증을 받았습니다. 하이라이터는 많은 주요 잉크젯 프린터 및 볼펜의 잉크가 번지지 않습니다./Pocket Sharpie Highlighters with Smear Guard are specially formulated to resist smearing other inks. Each offers an easy gliding chisel tip for smooth highlighting. Bright see-through colors allow you to get information faster. Versatile chisel tip highlights wide and narrow lines of text. Quick-drying, odorless ink is certified AP nontoxic. Highlighter resists smearing on ink from many leading inkjet printers and ballpoint pens.","['형광', '잉크', '펜', '건조', '빠르다', '하이라이터', '텍스트', '하이라이트', '강조', '포켓']"
사무용품,마커 및 형광펜,형광펜,,B01M0GMFIO,STABILO BOSS 오리지널 파스텔 형광펜 마커 펜 - 10개 팩 - 피치,STABILO,20761,20761,4.7,1539.0,"가볍고 빠른 안료 잉크는 잉크젯 인쇄물이나 대부분의 손으로 쓴 텍스트를 번지지 않도록 설계되었습니다. 각 펜에는 2-5mm 선을 쓰는 매우 부드러운 끌 팁이 있습니다. Boss 하이라이터에는 매우 긴 하이라이트 성능을 위한 대형 잉크 저장소가 포함되어 있습니다. 집중 작업을 위한 4시간 건조 방지 기술로 수정하기에 적합하며 학교, 대학, 가정 또는 사무실에 적합합니다. 이 세트에는 복숭아색 (오렌지색)의 하이라이터 10개 상자가 포함되어 있습니다.","STABILO BOSS - 독특한 모양으로 파스텔색으로 변신했습니다. STABILO BOSS 오리지널과 동일한 끌 팁으로 넓은 선을 그릴 수 있으며 단어를 강조하고 텍스트에 밑줄을 그릴 수 있습니다. 독특한 디자인은 하이라이터가 테이블에서 굴러가는 것을 방지하여 항상 그대로 두었습니다. 모든 BOSS 하이라이터와 마찬가지로 건조 방지 기술을 갖추고 있습니다. 즉, 캡을 마르지 않고 최대 4시간 동안 그대로 둘 수 있습니다. STABILO BOSS 파스텔은 14가지 파스텔 색상으로 제공됩니다/Highlighters","['파스텔', '하이라이터', '방지', '펜', '텍스트', '건조', '그대로', '색', '잉크', '독특하다']"
사무용품,마커 및 형광펜,형광펜,,B0B8SYR1NB,6피스 미니 형광펜 카와이 스터프 파스텔 컬러 끌 팁 귀여운 디자인 선물 형광펜 마커,enlegend,10373,10373,4.6,212.0,"1. 밝은 색상: 그레이트 브라이트 마카롱 잉크 모음은 손으로 쓴 텍스트를 보호하고 강조합니다. 다음 페이지에는 그림자가 없습니다. 종이, 팩스, 복사 및 DIY 아트 드로잉에 적합합니다. 2. 편안한 디자인: 짧고 넓은 몸체는 주머니에 잘 맞으며 잡기 쉽고, 작고 편리합니다 3. 다양한 색상: 옐로우, 오렌지, 핑크, 퍼플, 그린, 블루 6가지 파스텔 색상이 있습니다. 4. 미세--보드 라인 팁: 두 줄 너비, 1mm의 미세한 선 그리기, 너비 4mm - 다양한 크기의 텍스트를 강조하고 다양한 두께의 선을 그리는 데 이상적입니다. 5. 귀여운 디자인: 단순하고 깨끗한 외관 디자인의 Kawaii 물건으로 일과 공부 중에 좋은 분위기를 제공합니다. 또한 귀여운 선물을 위한 완벽한 선택입니다.",,"['디자인', '귀엽다', '형광', '파스텔', '선물', '텍스트', '강조', '펜', '퍼플', '편안하다']"
사무용품,마커 및 형광펜,형광펜,,B09W8S4XYV,"다채로운 문어 모양 형광펜 파스텔 형광펜 20개 세트 귀여운 미니 형광펜 쌓을 수 있는 카와이 마커 펜 블루 캡 4개 포함, 드로잉 그래피티 학교 사무용품",Gersoniel,13836,13836,3.7,26.0,"안정적인 성능: 문어 펜은 플라스틱 소재로 만들어져 강하고 마모에 강하며 쉽게 깨지거나 변형되지 않습니다. 내부의 잉크는 이상한 냄새가 없으며 글씨가 매끄러워 오랫동안 사용할 수 있습니다 휴대용 사이즈: 귀여운 하이라이터의 크기는 20 x 3.5 cm/7.87 x 1.38 인치이며, 적절한 크기로 쥐기에 적합하며 사용하기 쉽고, 가벼운 성능으로 휴대할 수 있습니다 사용 요구 사항 충족: 패키지에는 5가지 색상의 문어 모양의 쌓을 수 있는 형광펜 20개와 블루 캡 4개가 포함되어 있어 다양한 사용 요구 사항을 충족할 수 있는 충분한 수량과 색상이 포함되어 있습니다. 가족 및 친구들과 공유할 수도 있습니다 귀여운 문어 디자인: 쌓을 수 있는 펜은 귀엽고 재미있는 문어 모양으로 디자인되었으며 퍼플, 핑크, 오렌지, 옐로우, 라이트 블루로 제공됩니다. 아름다운 외관은 청소년과 성인에게 사랑받을 것입니다 다용도 펜: 학교용 다채로운 문어 하이라이터는 다양한 용도로 사용할 수 있으며, 드로잉, 쓰기, 독서, 녹음 및 낙서에 사용할 수 있습니다. 귀여운 패턴으로 인사말 카드를 DIY하는 데에도 사용할 수 있습니다","특징: 다양한 용도: 이 형광펜은 실용적이고 재미있으며, 선생님과 학생에게 이상적인 선물이며 학교, 가정, 도서관, 공부실 및 사무실에서 유용한 용품이 될 수 있습니다. 쌓을 수 있는 디자인: 이 귀여운 학교용 하이라이터는 쌓을 수 있는 디자인을 채택하여 그림과 예술 작품을 재미있고 즐겁게 만들고 흥미를 높이고 수동 기술을 개발할 수 있습니다. 가방, 필통 또는 주머니에도 휴대할 수 있습니다. 사양: 소재: 플라스틱 색상: 사진과 같음 사이즈: 20 x 3.5 cm/7.87 x 1.38 인치 패키지 구성: 문어 모양의 형광펜 20개. 블루 캡 4개 참고: 수동 측정이므로 사이즈에 약간의 오차가 있을 수 있습니다. 화면 디스플레이의 차이로 인해 색상이 약간 다를 수 있습니다.","['펜', '문어', '귀엽다', '형광', '디자인', '학교', '블루', '캡', '재미있다', '휴대']"
사무용품,마커 및 형광펜,형광펜,,B00P0SBHJA,"Zebra B-WKS11-R Optex 1 EZ 하이라이터, 레드, 10개",ゼブラ(ZEBRA),13753,11911,3.5,115.0,특징: 쉽게 밀고 열 수 있는 EZ 캡이 특징입니다 [사양] 리필 유형 / 와이어 너비: 0.2 인치 (4.0 mm) 잉크: 수성 안료 잉크 / 건조 시 물로 흐르지 않으며 내광성이 뛰어납니다 교체 카트리지: 형광 옵텍스 1/2용 카트리지 수량: 10개,밀어서 캡을 쉽게 열 수 있습니다. EZ 캡이 있는 하이라이터. 캡의 양면을 집기만 하면 열 수 있습니다. 건조하면 물로 흐르지 않으며 내광성이 뛰어납니다. 오래 지속되는 생생한 형광 색상. 감열지에 사용할 때에도 필기 선이 변색되지 않으며 압력에 민감한 종이에 글자를 숨기지 않습니다. 기존 제품보다 20m 더 긴 필기 거리. 선 두께: 0.2 인치 (4.0 mm),"['캡', '열', '형광', '잉크', '물', '필기', '하이라이터', '형광', '카트리지', '특징']"
사무용품,마커 및 형광펜,형광펜,,B08S6KLY6X,STABILO 하이라이터 스윙 쿨 - 18개 책상 세트 - 다양한 색상 8가지 네온 & 파스텔 10개,STABILO,51245,39209,4.7,33189.0,STABILO 건조 방지 기술은 믿을 수 없을 정도로 4시간의 캡 오프 시간을 제공합니다. 두 개의 선 너비가 있는 기울어진 팁 - 1mm 및 4mm 매끄럽고 패셔너블한 디자인 납작한 포켓 사이즈 디자인으로 휴대가 쉽고 표면에서 굴러가지 않습니다 수성 잉크,"STABILO 스윙 쿨 플랫 포켓 사이즈 하이라이터는 광택 및 스트라이프 룩과 미끄럼 방지, 매트 마감 그립 존이 특징입니다. 수성 잉크는 종이, 복사 및 팩스에 이상적입니다.","['쿨', '디자인', '잉크', '방지', '스윙', '하이라이터', '수성', '포켓', '네온', '납작하다']"
사무용품,마커 및 형광펜,형광펜,,B0CT3N4LF4,"Mr. Pen - 젤 하이라이터, 8팩, 흙 색상, 성경 형광펜, 번짐 없음, 번짐 없음 하이라이터, 성경 형광펜, 성경 마커, 성경용 젤 형광펜",Mr. Pen,6911,6911,4.7,8.0,"Mr. 펜 노 블리드 젤 하이라이터는 성경 페이지를 위해 특별히 설계되었지만 모든 문서에 사용할 수 있을 만큼 다재다능합니다. 이 8개 팩은 모든 기분과 테마에 맞는 다양한 색상을 제공합니다. 출혈과 번짐에 작별 인사를 하세요! 이 하이라이터는 페이지에 부드럽게 미끄러져 소중한 책과 노트를 깨끗하고 읽기 쉽게 유지합니다. 독특한 트위스트 업 젤 스틱 디자인은 중요한 하이라이트 세션 중에 부족하지 않도록 보장합니다. 필수 포인트를 비틀고 미끄러지듯 비추기만 하면 됩니다. 정밀도가 필요하십니까? 문제 없습니다! 이 젤 하이라이터는 더 미세한 팁을 얻기 위해 날카롭게 할 수 있어 최대한 정확하게 강조하거나 밑줄을 그릴 수 있습니다. 학습 세션, 일기 작성 또는 플래너에 팝 색상을 추가하든, Mr. 펜 젤 하이라이터는 매번 눈에 띄고 번짐 없는 자국에 필요한 신뢰할 수 있는 도구입니다.",,"['하이라이터', '펜', '성경', '형광', '세션', '페이지']"
사무용품,마커 및 형광펜,형광펜,,B0D2WC26L9,"Nebula 컬러 형광펜, 핑크 글리터 하이라이터, 글리터 하이라이터, 컬러 코믹 마커, 다기능 글리터 펜 4개, 글리터 마커 세트 (핑크)",DYJAGYO,17991,17991,5.0,1.0,"[파손 방지 광택] 글리터 하이라이터로 노트를 반짝이게 하세요! 당사의 고급 번짐 방지 기술은 잉크가 번지거나 텍스트를 흐리게 하지 않으므로 생생하고 오래 지속되는 반짝임을 즐길 수 있습니다. [쉽게 흐려지지 않음] 당사의 글리터 하이라이터는 프리미엄 소재와 잉크를 사용하여 부드럽고 쉽고 오래 사용할 수 있습니다. 또한, 흐려지지 않아 하이라이트가 제자리에 유지되고 오랫동안 멋지게 보입니다. [간편한 휴대] 글리터 하이라이터는 휴대가 가능하도록 설계되었습니다. 가볍고 컴팩트한 디자인으로 쉽게 휴대할 수 있습니다. 어디를 가든 룩에 반짝임을 더하세요! [다목적 형광펜] 어린이, 학생 또는 성인이든 상관없이 저널 쓰기, 메모 작성 또는 예술 프로젝트와 같은 다양한 용도로 이 형광펜을 사용할 수 있습니다. 페이지에 반짝임과 색상을 더하여 더 흥미롭고 매력적으로 만듭니다. [선물 아이디어] 글리터 하이라이터로 사랑하는 사람에게 기쁨을 선사하세요. 이상적인 크리스마스와 새해 선물입니다. 이 펜은 탐험하기에 좋습니다.",,"['글리터', '하이라이터', '펜', '형광', '휴대', '반짝임', '선물', '방지', '잉크', '컬러']"
사무용품,마커 및 형광펜,형광펜,,B002ONCFPY,"SHARPIE 27108PP 액센트 포켓 스타일 하이라이터, 형광 옐로우, 6팩",SHARPIE,13046,9653,4.7,1062.0,"선명한 옐로우 쉐이드는 강조된 텍스트에 다채로운 강조를 더합니다 쉽게 미끄러지고 좁은 끌 팁은 강조, 밑줄 또는 메모 작성에 적합합니다 많은 펜 및 마커 잉크의 번짐을 방지합니다(강조하기 전에 잉크를 말리십시오) 사용자 친화적, 속건성, 무취 AP 인증 포뮬러 포함: 형광 옐로우 형광펜 6개","정보가 최우선 순위이고 정밀도가 필수일 때 완벽한 Sharpie 포켓 하이라이터는 모든 것을 잘 보이게 합니다. 이 다용도 하이라이터는 주머니에 쉽게 넣거나 셔츠에 클립으로 고정할 수 있도록 설계되어 어디에서나 쉽게 휴대할 수 있습니다. 투명하고 빠르게 건조되는 잉크의 화려한 색상과 넓고 좁은 텍스트 라인을 강조하고 밑줄을 긋는 쉬운 글라이딩 끌 팁으로 Sharpie 하이라이터는 가장 중요한 생각과 메모를 읽기 쉬운 음영으로 페이지에서 뛰어 넘게 만듭니다. Sharpie가 여행 일정, 캠핑 체크리스트, 탈출 계획 및 나머지 삶의 주요 포인트를 위한 하이라이터가 필요한 이유는 놀라운 일이 아닙니다.","['강조', '하이라이터', '잉크', '옐로우', '형광', '포켓', '펜', '텍스트', '밑줄', '쉽다']"
사무용품,마커 및 형광펜,형광펜,,B09PDD8CRY,"Zebra Mildliner WKT7-5C-N 하이라이터, 약간의 형광 색상, 5가지 색상",ゼブラ(ZEBRA),8129,8129,4.7,406.0,마일드라이너: 풍부한 컬러 라인 마커 [특징] 밝은 색상과 눈 친화적인 잉크. 필기 라인은 감열지에 사용해도 변색되지 않으며 압력에 민감한 용지에도 덮지 않습니다 잉크: 수성 안료 선 폭 / 두께: 0.16 인치 (4.0 mm); 선 폭 / 미세: 0.04 - 0.06 인치 (1.0 - 1.4 mm) 사양: 캡 안전 ISO 표준,"Zebra Mildliner 멀티컬러 세트 밝은 색상과 눈 친화적인 잉크로 인기 있는 제품. 부드러운 색상으로 노트북과 노트북을 깔끔하고 귀엽게 만듭니다. 다양한 색상으로 다양한 장면을 일러스트레이션에 사용할 수 있습니다. 이 형광펜 색상의 형광펜은 귀여운 것을 좋아하는 여학생과 노트북에 정보를 쓰고 싶은 남성들 사이에서 인기가 있습니다. 펜 자체의 바디 색상은 형광펜에는 희귀한 ""화이트""입니다. 밝은 잉크 색상과 마찬가지로 펜 자체가 과장되지 않습니다. 또한, 차분한 로고는 우아한 느낌을 주며, 펜 본체의 바디 컬러 디자인으로 펜 케이스나 가방 안에서 쉽게 찾을 수 있습니다.","['펜', '형광', '잉크', '컬러', '노트북', '자체', '라인', '인기', '바디', '귀엽다']"
사무용품,마커 및 형광펜,형광펜,,B09M6RY95X,"Shuttle Art 퍼플 젤 형광펜, 성경 형광펜, 번짐 없음, 성경 저널 용품, 저널링, 하이라이트 및 공부에 적합",Shuttle Art,8296,8296,4.4,1662.0,"퍼플 젤 하이라이트 5개 세트: Shuttle Art 5 퍼플 팩 젤 하이라이터는 매일 사용하기에 이상적입니다. 투명 파우치에 보관되며 각 제품에는 내구성이 뛰어난 클립이 있어 휴대가 간편합니다. 고품질 및 안전성: 번짐이 없고 색이 바래거나 번지지 않습니다. 이 제품은 무독성, 무산성입니다. ASTM D-4236 및 EN 71 준수. 광택 및 얇은 종이, 성경 및 잡지를 포함한 모든 연령대가 다양한 종이에 사용하기에 안전하고 적합합니다. 독창적인 디자인: 트위스트 업 디자인으로 젤 스틱을 접을 수 있으며, 플라스틱 쉘은 젤 스틱을 위한 쉼터를 제공하여 파손을 더욱 줄여줍니다. 손에 얼룩이 생기지 않고 펜과 마커 잉크 아래에 표시하거나 밑줄을 그릴 수 있습니다. 완벽한 성능: 젤 하이라이터는 색조를 쉽게 드리우고 부드럽게 미끄러집니다. 사람들은 언뜻 보면 생생한 색상에 쉽게 끌릴 수 있습니다. 이 젤 하이라이터는 뚜껑을 닫지 않아도 마르지 않습니다. 일상적인 학교 공부 및 사무실 프로그램에 적합합니다. 서비스 보장: 고객 만족을 최우선으로 생각합니다. 안심하고 제품을 구입하십시오. 저희 제품에 만족하지 못하거나 질문이 있으시면 언제든지 저희에게 연락하십시오.",,"['펜', '성경', '하이라이터', '퍼플', '종이', '형광', '디자인', '스틱', '공부', '하이라이트']"
사무용품,마커 및 형광펜,형광펜,,B0C9PJ68GK,"Kokuyo Me 듀얼 팁 형광펜 세트, 딥 네이처 컬러, 파스텔 형광펜 마커 4팩, 미적 미세 및 끌 팁 성경 형광펜, 캐년 클레이, 그래파이트 블루, 더스티 올리브, 피만 (KME-MPMT200-4S)",KOKUYO,16606,16606,4.2,72.0,"[Kokuyo Me 더블 팁 마커] 파우치 외부 치수는 54 x 180mm(2.1 x 7인치), 각 형광펜의 경우 13x142mm(0.5 x 5.6인치)입니다. [더블 엔드 디자인] 듀얼 팁 마커는 어둡고 섬세한 펠트 팁과 가벼운 끌 팁이 있어 미세한 선과 두꺼운 스트로크 사이를 빠르게 전환할 수 있습니다. 끌 팁은 마킹 및 색칠에 사용되며 섬세한 팁은 글씨와 윤곽에 사용됩니다. [프리미엄 잉크] 번지지 않는 부드러운 색상의 마커로 아름다운 글자를 쓰고 빠르게 건조됩니다. 파스텔 마커는 깜박이지 않으며 텍스트 표시에 적합합니다. 어떤 종류의 종이에 표시하든 작업을 잘 수행할 수 있습니다. [깊은 자연 색상] Kokuyo Me는 시장에서 일반적으로 판매되는 색상과 다른 색상을 특별히 출시했습니다. 이 색상의 디자인은 자연의 요소에서 영감을 받아 편안한 시각적 효과를 제공할 뿐만 아니라 강조된 텍스트를 더욱 독특하고 패셔너블하게 만듭니다. [학교 및 사무실 용품] 4개의 더블 엔드 하이라이트 펜은 대부분의 상황에서 공부와 작업 요구 사항을 충족하기에 충분합니다. 펜 배럴은 해당 색상으로 디자인되어 각 색상을 쉽게 식별할 수 있습니다. 세련된 Kokuyo Me 하이라이터는 십대들 사이에서 인기가 높기 때문에 하이라이터는 학교 선물로 현명한 선택입니다.","KOKUYO ME 시리즈 양방향 마킹 펜. 넓은 끝은 글자 위에 강조하기에 완벽한 선명하지 않은 잉크 색조를 사용하는 반면, 다른 쪽 끝은 메모를 할 때 회색 색조의 섬세한 팁이 있습니다. 이 이중 목적 펜은 매우 편리하며 펜 케이스에 너무 많은 공간을 차지하지 않습니다.","['펜', '형광', '디자인', '섬세하다', '더블', '파스텔', '색조', '자연', '작업', '마킹']"
사무용품,마커 및 형광펜,형광펜,,B002U0QSMC,"Zebra 하이라이터 마일드라이너, 마일드 레드 (WKT7-MR)",Zebra,5359,5359,4.2,247.0,Zebra 하이라이터 마일드 라이너 마일드 레드 WKT7-MR,"Zebra 하이라이터 마일드 라이너, 마일드 레드","['일드', '레드', '하이라이터', '라이너', '마일', '드라이']"
사무용품,마커 및 형광펜,형광펜,,B09GK48MX8,"feela 24팩 옐로우 젤 성경 형광펜 마커 펜 저널링 용품, 하이라이트 저널, 학교 사무실용 번짐 없음",feela,16606,16606,4.8,98.0,Feela 24팩 옐로우 젤 하이라이터 세트는 시스루 휴대용 파우치에 포장되어 있습니다. 트위스트 업 디자인은 젤 내부의 파손을 줄이고 플라스틱 쉘의 보호 아래 깨끗하게 유지되며 사용이 용이합니다. 번지지 않습니다. 다른 잉크에 번지지 않습니다. 모든 종이 표면에 고정됩니다. ASTM-D4236 준수. 부드러운 글라이딩은 즐거운 사용 경험을 제공합니다. 무산성 및 무독성으로 보안에 대한 우려를 풀어줍니다. 성능 및 만족: 고품질 제품뿐만 아니라 빠른 응답 서비스도 제공합니다.,,"['옐로우', '펜', '보안', '시스루', '성능', '성경', '서비스', '사무', '빠르다', '부드럽다']"
사무용품,마커 및 형광펜,형광펜,,B000JCUH16,"AVERY Hi-Liter 책상 스타일 형광펜, 번짐 방지 잉크, 끌 팁, 라이트 블루 형광펜 12개(07746)",AVERY,13559,13559,4.6,342.0,"번짐 없음. 펜, 마커 또는 잉크젯 잉크가 번지지 않는 생생한 색상의 라이트 블루 잉크로 키 통로를 강조하세요 내구성이 뛰어난 끌 팁 하이라이터는 마모되지 않으며 강조하거나 밑줄을 긋는 데 사용할 수 있습니다 Hi-Liter 잉크는 빠르게 건조되며 대부분의 종이에 번지지 않습니다 형광펜 마커는 마르지 않고 최대 1주일 동안 뚜껑을 닫지 않은 상태로 둘 수 있습니다 패키지에는 12개의 라이트 블루 형광펜이 포함되어 있습니다. 교과서, 불렛 저널, 플래너 등과 함께 사용하기에 적합합니다","Avery Hi-Liter 데스크 스타일 하이라이터로 필수 단어와 문구에 주의를 기울이세요. 이 하이라이터의 몰드 끌 팁은 생생한 색상의 라이트 블루 잉크로 텍스트를 강조하거나 밑줄을 그릴 수 있는 정밀도를 제공합니다. 대부분의 종이에 번지지 않고 펜, 마커 또는 잉크젯 잉크가 번지지 않는 번짐 방지 형광펜 잉크로 문서를 깨끗한 상태로 유지하세요. 오래 사용할 수 있도록 제작된 이 하이라이터는 마모되지 않는 탄력 있는 팁과 오래 지속되는 잉크 공급이 가능한 편안한 면 배럴을 가지고 있습니다. 향상된 잉크 포뮬러로 형광펜을 마르지 않고 최대 1주일 동안 뚜껑을 덮지 않은 상태로 둘 수 있습니다. 손에 형광펜 잉크를 묻힐 염려가 없습니다. 수성 잉크는 피부에서 쉽게 씻을 수 있으며 ACMI 인증 무독성으로 어린이와 교실에서 사용하기에 안전합니다. 학교, 가정 및 사무실에서 사용할 수 있는 필수 아이템인 이 라이트 블루 형광펜 12개 팩은 교과서 강조, 예산 분류, 시험 준비, 플래너의 색상 코딩에 적합하며 모든 학용품 또는 불렛 저널 용품 목록에 훌륭한 추가 아이템입니다.","['잉크', '펜', '형광', '블루', '라이트', '강조', '하이라이터', '상태']"
사무용품,마커 및 형광펜,형광펜,,B00G076NKS,"Sharpie Accent Products - Sharpie Accent - 액센트 리퀴드 펜 스타일 하이라이터, 끌 팁, 형광 핑크, 12/팩 - 12개로 판매 - 눈에 띄는 잉크 공급 장치가 있어 절대 소모되지 않습니다",SHARPIE,23254,23254,4.5,69.0,"눈에 띄는 잉크 공급 장치가 있어 예기치 않게 소모되지 않습니다. 화려한 색상을 위한 안료 잉크. 다용도 끌 팁은 하이라이트와 밑줄 모두에 이상적입니다. 형광펜 끝에 있는 루프 기능으로 3링 바인더, 플래너, 가방 등에 부착할 수 있습니다. 빠르게 건조되는 잉크는 냄새가 없습니다.","Sharpie 리퀴드 액센트 하이라이터로 중요한 메모를 쉽게 식별할 수 있습니다. ; 이 액체 하이라이터는 생생한 잉크로 빠르게 건조되어 대담하고 투명한 마감으로 마무리됩니다. 쉽게 미끄러지는 미세 끌 팁은 잉크를 부드럽고 일관되게 도포하며, 통합 루프로 하이라이터를 바인더나 가방에 쉽게 부착할 수 있습니다.","['잉크', '하이라이터', '부착', '빠르다', '형광', '액센트', '루프', '바인더', '가방', '퀴드']"
사무용품,마커 및 형광펜,형광펜,,B0BKFB4JZB,"KOKUYO PM-MT200-5S2 하이라이터, 양방향 컬러 마커, Marktus, 5가지 색상 세트",KOKUYO,10761,10761,4.6,10.0,"깔끔하고 정리된 마킹 펜을 위한 5가지 색상 세트 골드, 그레이, 라이트 그린, 네이비, 레드 외부 치수: 샤프트 지름 0.5 x 길이 14.2 cm (5.6 인치) (13 x 142 mm) [사양] 중간 정사각형 코어, 초미세, 수성 안료 잉크 소재: 샤프트 / 캡: 폴리프로필렌","■■■ 깔끔하고 깔끔한 마킹 펜 ■ ""페이드 컬러""는 깜박이기 어려운 잉크 색상을 사용하여 글자 위에서 표시하기에 적합하며 ""클리어 노트""는 중요한 정보의 노트에 적합한 어두운 잉크가 있는 파인 포인트 펜입니다. ""색이 바랜 색상""과 ""클리어 노트""는 동일한 색상의 잉크로, 2가지 색상을 사용할 때에도 깔끔한 표시를 만들 수 있습니다. 펜 케이스는 부피가 크지 않고 2가지 유형의 표시를 1개로 표시하는 데 사용할 수 있습니다.","['표시', '깔끔하다', '펜', '잉크', '노트', '컬러', '마킹', '샤프트', '클리어']"
사무용품,마커 및 형광펜,형광펜,,B094R64MKH,"Outus 25가지 색상 형광 더블 엔드 하이라이터, 14cm(5.5인치) 넓고 섬세한 팁 하이라이터, 다채로운 마커 펜, 컬러링, 밑줄, 하이라이팅, 넓고 섬세한 팁",Outus,13836,13836,4.1,124.0,"풍부한 색상: 핑크, 블랙, 레드, 옐로우, 퍼플, 브라운 등을 포함한 다양한 색상의 25개의 더블 엔드 하이라이터가 패키지에 있습니다. 밝고 부드러운 색상은 매력적이며 선호도와 필요에 따라 다양한 색상의 하이라이터를 사용할 수 있습니다 사이즈 및 소재: 더블 팁 하이라이터는 길이가 14 cm/5.5 인치이며, 적절한 크기로 잡고 휴대하기 쉽습니다. 하이라이터는 내구성이 뛰어난 플라스틱 쉘과 순한 방수 안료 잉크로 내부에 빠르게 건조되고 쉽게 미끄러지며 식별할 수 있습니다 실용적인 펜: 생생한 색상의 형광 파스텔 펜은 강조와 밑줄을 그리기에 좋습니다. 둥근 펜촉은 글쓰기에 사용할 수 있으며, 끌 펜촉은 넓은 영역을 표시하고 그리기에 적합하며 많은 편리함을 제공합니다 훌륭한 선물: 더블 팁 마커 펜은 다양한 색상을 선택할 수 있어 메모 작성, 카드, 컬러링 북, 그래피티, 만화 일러스트레이션 등에 사용할 수 있습니다. 가정, 학교, 사무실, 미술 부서 및 스튜디오에서 실용적인 용품입니다 안전한 사용: 다양한 색상의 하이라이터는 수성 페인트로 만들어져 색상이 부드럽고 눈에 친화적이며 아이들의 눈을 보호하고 색상의 기쁨을 즐길 수 있습니다","25피스 더블 엔드 하이라이터, 14cm(5.5인치) 형광 파스텔 펜, 다양한 색상 듀얼 팁 하이라이터, 다채로운 마커 펜, 원형 및 끌 팁 포함, 어린이 학생 하이라이트, 글쓰기, 색칠 특징: 세심한 디자인: 각 파스텔 하이라이터는 다양한 요구 사항을 충족하는 듀얼 엔드 디자인을 가지고 있습니다. 둥근 펜촉은 쓰고 메모를 작성하는 데 사용할 수 있으며, 다른 끌 펜촉은 표시, 넓은 영역 그리기 및 색칠에 이상적이며 다양한 기능으로 펜을 자주 교체하는 시간을 줄여줍니다. 다양한 색상: 형광 파스텔 펜은 25가지 다른 색상을 가지고 있어 부드러운 색상의 놀라운 효과를 낼 수 있습니다. 페이지 디자인을 향상시키고 DIY 카드, 그래피티, 만화 일러스트레이션 등과 같은 원하는 대로 정확하게 작품을 만들 수 있습니다. 사양: 소재: 플라스틱, 수성 페인트 사이즈: 약 14 x 0.8 cm/5.5 x 0.3 인치. 무게: 0.25 kg/ 8.8 oz 색상: 사진과 같음 패키지 구성: 더블 엔드 형광펜 25개 참고: 수동 측정이므로 사이즈에 약간의 오차가 있을 수 있습니다. 화면의 차이로 인해 색상이 약간 다를 수 있습니다.","['하이라이터', '펜', '더블', '형광', '넓다', '파스텔', '펜촉', '부드럽다', '디자인', '그리기']"
사무용품,마커 및 형광펜,형광펜,,B0BHB5NGGF,"Mr. Pen - 미적 형광펜, 6팩, 음소거 파스텔 색상, 끌 팁, 번짐 없는 성경 형광펜, 다양한 색상, 학용품",Mr. Pen,6911,6911,4.5,1387.0,"패키지에는 네온이 아닌 부드럽고 순한 다양한 색상의 형광펜 6개가 포함되어 있습니다. 내구성이 뛰어나고 빠르게 건조되는 잉크는 번짐과 얼룩을 방지하여 작업을 깨끗하고 깨끗하게 유지합니다. 당사의 미적 하이라이터는 손이 아프지 않고 편안하고 쉽게 잡을 수 있으며 사용 중에 굴러다니지 않습니다. 다용도 끌 팁은 넓고 좁은 선을 효율적으로 생성합니다. Mr. Pen 에스테틱 하이라이터는 경전, 메모, 저널 또는 읽고 싶은 책을 밝고 생생한 색상으로 강조하는 데 적합합니다.",,"['형광', '펜', '하이라이터', '깨끗하다', '생생하다', '빠르다', '부드럽다', '방지', '메모', '효율']"
사무용품,마커 및 형광펜,형광펜,,B0BHZNT6PW,"12팩 성경 형광펜 파스텔 마커 미적 형광펜 다양한 색상 드로잉 펜 번짐 없음, 빠르고 쉽게 잡을 수 있는 펜 학교 사무실 저널링용",PENSFUN,5526,5526,4.3,5.0,"성경 형광펜: 빠른 건조 및 번짐 없음. 미적 형광펜의 잉크는 수성 소재로 빠르게 건조됩니다. 손이나 소매를 더럽히지 않습니다. 형광펜 파스텔: 다양한 색상의 다채로운 미적 형광펜 6개. 얼룩 없는 파스텔 디자인과 사각형 펜 디자인으로 매력적이고 아름답게 보입니다. 성경, 일기 또는 메모에 적합합니다. 부드러운 필기를 위해 프리미엄 소프트 끌 팁으로 만들어져 사용하기 편안합니다. 작고 가벼운 휴대용 하이라이터입니다 에스테틱 하이라이터는 경전, 메모, 저널 또는 읽고 싶은 책을 밝고 생생한 색상으로 강조하는 데 적합합니다. 형광펜은 학교, 대학, 가정, 사무실, 심지어 여행 일기, 일정, 직장, 공부, 메모 등에 적합합니다. 가족과 친구를 위한 파티에서도 멋진 선물입니다","12팩 성경 형광펜 파스텔 마커 미적 형광펜 다양한 색상 드로잉 마커 펜, 번짐 없음 건조 빠르고 잡기 쉬운 펜 학생 일기 성경 플래너 노트 학교 사무용품","['펜', '형광', '성경', '빠르다', '파스텔', '메모', '학교', '건조', '일기']"
사무용품,마커 및 형광펜,형광펜,,B082LMWFZX,"SUGARCOLOR 마일드 컬러 하이라이터, 듀얼 팁 하이라이터, 끌 팁 및 파인라이너 팁 마커, 6가지 형광펜, 6개입 (더블 엔드)",CMHX,5498,5498,4.4,743.0,"넓은 하이라이트 또는 섬세한 밑줄을 위한 넓은 끌 팁과 섬세한 불렛 팁이 특징인 더블 엔드 하이라이터 각 하이라이터는 부드러운 색상의 수성, 빠른 건조 잉크가 특징입니다 6가지 미묘한 색상으로 제공됩니다: 오렌지, 옐로우, 라이트 그린, 라이트 블루, 바이올렛, 핑크 안전하게 맞고 하이라이터 색상을 나타내는 캡이 있는 내구성 있는 배럴 메모, 밑줄 읽기 및 색상 코딩에 이상적입니다",,"['하이라이터', '밑줄', '특징', '섬세하다', '더블', '라이트', '형광', '라이너', '미묘하다', '메모']"
사무용품,마커 및 형광펜,형광펜,,B094R6LKTT,"ZEYAR 미적 형광펜, 끌 팁 마커 펜, AP 인증, 다양한 색상, 수성, 빠른 건조, 특허 제품 (6가지 마카롱 색상)",ZEYAR,9681,9681,4.7,615.0,"미국 브랜드 ZEYAR. 밝은 색상: 매우 밝은 형광 또는 마카롱 잉크의 모음은 손으로 쓴 텍스트를 보호하고 강조합니다. 다음 페이지에는 그림자가 없습니다 AP 인증, 편안한 디자인: 짧고 넓은 몸체는 주머니에 잘 맞고 잡기 쉽습니다. 심플하고 깨끗한 외관 디자인 다양한 색상 범위: 6가지 형광 색상이 있습니다: 레드, 오렌지, 옐로우, 그린, 블루, 바이올렛; 6가지 마카롱 색상: 파스텔 핑크, 파스텔 블루, 파스텔 옐로우, 파스텔 그린, 파스텔 오렌지, 페퍼 민트; 6가지 모란디 색상: 마일드-오렌지, 마일드-블루, 마일드-레드, 마일드-그린, 마일드-바이올렛, 마일드-브라운 영국에서 만든 잉크: 수성, ASTM D-4236 인증서를 준수하며 무독성, 중성이며 사용하기에 안전합니다 미세--보드 라인 팁: 끌 팁으로 1mm의 미세한 선을 그릴 수 있으며 또한 4mm까지 넓으며 유연한 필기 폭을 그릴 수 있습니다 저희는 모든 고객을 생각합니다: ZEYAR에서는 모든 제품이 훌륭한 품질을 유지하기 위해 정교한 R&D, 품질 관리 프로세스를 갖춘 전문 마커 제조업체입니다. 우리에게 드로잉은 인간의 감정과 경험을 표현하는 것입니다. 그렇기 때문에 모든 사람들이 마커 용품을 사용할 수 있도록 노력합니다.",,"['일드', '파스텔', '블루', '형광', '그린', '오렌지', '마카롱', '디자인', '수성', '바이올렛']"
사무용품,마커 및 형광펜,형광펜,,B07C5RR9W3,STABILO BOSS 오리지널 파스텔 하이라이터 펜 하이라이터 마커 - 7개 범퍼 팩,STABILO BOSS,20761,20761,4.7,752.0,"STABILO 브랜드 패키지에 있는 STABILO BOSS 오리지널 파스텔 하이라이터 6개 세트, 추가적인 파스텔 옐로우. 매우 부드러운 치즐 팁 2-5mm 초롱 하이라이팅 성능을 위한 대형 잉크 저장소. 4시간 드라이 아웃 방지 기술 가볍고 빠른 안료 잉크는 잉크 제트 프린트 아웃 또는 대부분의 수제 텍스트가 번지지 않습니다.","세트에는 모든 색상이 포함되어 있습니다. 핑크 블러쉬, 라일락 헤이즈, 청록색, 민트의 힌트, 밀키 옐로우, 크리미 피치 및 추가 밀키 옐로우.","['잉크', '하이라이터', '파스텔', '옐로우', '밀키', '추가', '드라이', '라일락', '민트', '대형']"
사무용품,마커 및 형광펜,형광펜,,B0BNJ1DP1Y,"PATIKIL 형광펜, 4팩 수성 브로드 팁 필기 마커 펜, 사무실 가정 일상용, 퍼플",PATIKIL,9681,9681,4.1,16.0,"사이즈: 113 x 24 mm / 4.4 x 0.9 인치 (L*W); 펜촉 너비: 4 mm / 0.16 inch; 색상: 퍼플 장점: 1. 밝은 색상으로 메모를 쉽게 표시할 수 있으므로 이러한 방식으로 형성된 하이라이트는 잊기 쉽지 않으며 다음 번에 쉽게 찾을 수 있습니다. 2. 가볍고 심플한 펜 바디 디자인은 주머니에 잘 맞아 휴대와 잡기 쉽고 언제든지 필기 요구 사항을 충족할 수 있습니다. 3. 부드러운 글씨로 다양한 크기의 텍스트를 강조하고 다양한 두께의 선을 그리는 데 좋습니다. 지침: 텍스트에서 강조해야 하는 단어나 문장을 표시할 수 있으므로 다음 번에 중요한 포인트를 빠르게 찾을 수 있습니다. 용도: 형광펜은 일기, 편지, 카드 만들기, 메모 작성, 스크랩북, 공예, 컬러링 북, DIY 알파벳 등에 쉽게 사용할 수 있는 작업, 연구 및 예술 제작을 위한 훌륭한 도구입니다. 생일, 크리스마스 및 기타 휴일 선물 제작에도 사용할 수 있으며, 중요한 부분을 강조하고 아름다운 패턴을 그리는 데 적합합니다. 참고: 조명 문제로 인해 색상이 약간 다를 수 있습니다.",,"['펜', '강조', '메모', '텍스트', '북', '형광', '필기', '표시', '제작', '중요하다']"
사무용품,마커 및 형광펜,형광펜,,B07P8RMWPM,"Sencoo 하이라이터 파스텔 색상 끌 팁 마커 펜, 다양한 색상, 수성, 빠른 건조",sencoo,9681,9681,4.6,80.0,"6색 세트 총 6개, 각 색상 1개 길이: 16.5cm 적합한 행사: 교실, 사무실, 생일 파티, 기념일 축하, 어린이 및 동료를 위한 멋진 선물 선택, 친구, 가족 및 친척과 공유하는 데 좋은 아이디어",,"['행사', '생일', '건조', '공유', '교실', '기념일', '동료', '하이라이터', '멋지다', '빠르다']"
사무용품,마커 및 형광펜,형광펜,,B000V6WZ1A,"SHARPIE 27009 포켓 스타일 형광펜, 끌 팁, 형광 핑크, 12개 박스",SHARPIE,12035,12035,4.7,424.0,"밝은 형광 핑크 색상으로 강조된 텍스트를 쉽게 읽을 수 있습니다 쉽게 미끄러지고 좁은 끌 팁은 강조, 밑줄 또는 메모 작성에 적합합니다 많은 펜 및 마커 잉크의 번짐을 방지합니다(강조하기 전에 잉크를 말리십시오) 사용자 친화적, 속건성, 무취 AP 인증 포뮬러 포함: 형광 핑크 형광펜 12개","정보가 최우선 순위이고 정밀도가 필수일 때 완벽한 Sharpie 포켓 하이라이터는 모든 것을 잘 보이게 합니다. 이 다용도 하이라이터는 주머니에 쉽게 넣거나 셔츠에 클립으로 고정할 수 있도록 설계되어 어디에서나 쉽게 휴대할 수 있습니다. 투명하고 빠르게 건조되는 잉크의 화려한 색상과 넓고 좁은 텍스트 라인을 강조하고 밑줄을 긋는 쉬운 글라이딩 끌 팁으로 Sharpie 하이라이터는 가장 중요한 생각과 메모를 읽기 쉬운 음영으로 페이지에서 뛰어 넘게 만듭니다. Sharpie가 여행 일정, 캠핑 체크리스트, 탈출 계획 및 나머지 삶의 주요 포인트를 위한 하이라이터가 필요한 이유는 놀라운 일이 아닙니다.","['형광', '강조', '하이라이터', '핑크', '잉크', '펜', '텍스트', '밑줄', '좁다', '메모']"
사무용품,마커 및 형광펜,형광펜,,B09TPJN6FH,형광펜 더블 엔드 마일드 10가지 색상 형광펜 형광 마커 펜 컬러링 밑줄 하이라이팅 브로드 및 파인 팁 10가지 형광 색상 세트 (18팩),Zosxi,24916,20761,4.9,34.0,"❤독특하고 부드러운 색상은 페이지를 통해 번지지 않고 넓고 섬세한 포인트 팁에서 종이를 부드럽게 칠하여 넓은 하이라이트나 섬세한 밑줄에 유용합니다 ❤순한 방수 안료 잉크는 반투명하며 레이어링에 탁월하며 글씨와 끌 팁을 사용하여 손으로 글씨를 쓰고 창의적인 용도로 사용할 수 있습니다 무독성 포뮬러로 안전한 취급과 사용을 보장합니다. 형광 펜은 환경 보호 잉크를 사용하여 안전하고 무해합니다. ❤깔끔한 흰색 배럴로 이 마커 하이라이터는 사무실, 미술 부서 또는 스튜디오에 사랑스러운 추가 아이템으로 아이디어를 명확하게 표현할 수 있습니다. 양면 디자인은 단일 도구로 2가지 팁 크기를 제공합니다 ❤아이의 눈을 보호하세요 - 주의를 끌기에 적합한 그늘을 가지고 있지만 밝은 형광으로 당신을 압도하지 않습니다. 형광 펜은 환경 보호 잉크를 사용하여 안전하고 무해합니다.",,"['형광', '펜', '잉크', '안전하다', '보호', '환경', '밑줄', '부드럽다', '넓다', '섬세하다']"
사무용품,마커 및 형광펜,형광펜,,B0BZTMP4X7,"AIHAO 듀얼 팁 하이라이트, 시스루 끌 팁 및 미세 팁, 귀여운 마커 펜, 다양한 색상, 6개.",AIHAO,11052,11052,4.6,44.0,"듀얼 팁 디자인: 이 하이라이터 세트는 시스루 팁과 섬세한 팁이 있는 듀얼 팁 디자인이 특징입니다. 시스루 팁을 사용하면 아래 텍스트를 명확하게 볼 수 있어 매번 정확하고 제어된 강조 표시를 보장하며, 섬세한 팁은 정확한 밑줄이나 글쓰기를 위한 아이디어입니다. 얼룩 방지 잉크: 이 세트의 형광펜은 번짐을 방지하도록 설계되었습니다. 즉, 인쇄되거나 쓰여진 텍스트 위에 강조 표시하더라도 잉크가 번지지 않아 작업을 깨끗하고 읽기 쉽게 유지할 수 있습니다. 다양한 색상: 이 세트에는 다양한 색상(옐로우, 핑크, 오렌지, 블루, 그린, 퍼플)의 사랑스러운 하이라이터가 포함되어 있습니다. 생생하고 눈길을 끄는 색조는 하이라이트 작업에 재미와 창의성을 더하여 메모, 교과서, 문서를 더 즐겁게 공부하거나 정리할 수 있습니다. 고품질 및 신뢰성: 귀여운 하이라이터는 내구성과 오래 지속되는 성능을 보장합니다. 학생, 전문가 또는 귀엽고 신뢰할 수 있는 문구류를 좋아하는 사람이라면 이 세트는 신뢰할 수 있고 효과적인 하이라이트 도구를 제공합니다. 귀엽고 세련됨: 귀엽고 세련된 듀얼 팁 하이라이터 세트로 하이라이팅 경험을 향상시키세요. 매끄럽고 인체 공학적 디자인으로 기능성과 패션을 모두 제공합니다.",,"['귀엽다', '듀얼', '하이라이터', '시스루', '디자인', '하이라이트', '신뢰', '정확하다', '방지', '보장']"
사무용품,마커 및 형광펜,형광펜,,B0815LM2ML,"Pilot, FriXion 파인라이너 지울 수 있는 마커 펜, 파인 포인트 0.5mm, 10개 팩, 다양한 색상",PILOT,23171,23171,4.4,19518.0,"스트레스 없는 글쓰기: 문서 및 일러스트레이션을 손상시키지 않고 반복적으로 쓰고, 그리고, 지우고 다시 그립니다. 독특한 열에 민감한 잉크는 마찰이 지워지면서 완전히 사라집니다 클래식한 디자인: 오리지널 캡으로 지울 수 있는 마커 펜은 매끄럽고 다채로운 잉크를 가지고 있으며 일상 작업에 창의성과 스타일을 더합니다. 편리한 1팩에 다양한 색상의 펜 모음이 있습니다 다용도: 메모를 작성하거나 식료품 목록을 적어두기에 적합합니다. 매끄럽게 쓰고, 깨끗하게 지워지며, 광택이 나는 글쓰기, 드로잉, 디자인, 스케치 또는 낙서 경험을 제공합니다 빠른 건조: 빠르게 건조되는 잉크는 종이, 얼룩 또는 번짐으로 번지지 않습니다. 10팩 파우치에는 블랙, 퍼플, 블루, 라이트 블루, 그린, 라임, 옐로우, 오렌지, 레드 및 핑크 마커 펜이 포함되어 있습니다 펜에 힘: 젤 잉크, 지울 수 있는 롤링 볼, 볼펜 및 만년필을 포함한 Pilot의 혁신적인 필기 도구 라인과 하이라이터, 드라이 지우개 마커 등으로 쉽게 자신을 표현하세요",최초이자 유일한 지울 수 있는 파인 포인트 마커 펜인 frixion 파인라이너로 창의적이고 두려움 없이 자신을 표현하세요. frixion의 독특한 열에 민감한 잉크 포뮬러 덕분에 문서를 손상시키지 않고 부드럽게 쓰고 깨끗하게 지우고 반복적으로 수정할 수 있습니다. 내구성이 뛰어난 필기 팁은 12가지 멋진 색상으로 선명하고 지울 수 있는 선을 만들어냅니다. 등급 용지부터 매번 완벽하게 보이는 멋진 불렛 저널 스프레드를 만드는 데 이상적입니다. 지울 수 있는 프릭션 파인라이너를 사용하면 창의력을 발휘하고 실수 없이 글쓰기를 즐길 수 있습니다!,"['펜', '잉크', '글쓰기', '라이너', '빠르다', '깨끗하다', '독특하다', '디자인', '매끄럽다', '멋지다']"
사무용품,마커 및 형광펜,형광펜,,B003VAO6GK,"G.T. Luscombe Company, Inc. Zebrite 더블 엔드 성경 형광펜 세트 | 번짐 방지 색소 잉크 | 색이 바래거나 번짐 없음 | 하이라이트 및 밑줄을 위한 더블 엔드 | 형광 멀티컬러 (5개 세트)","G.T. Luscombe Company, Inc.",24611,24611,4.6,2255.0,"번지지 않는 하이라이터는 반대편에 나타나지 않고 페이지에서 튀어나오는 생생한 색상을 제공합니다 넓은 끌 팁과 섬세한 불렛 팁이 특징인 더블 엔드 하이라이터는 넓은 하이라이트 또는 섬세한 밑줄을 위한 성경, 법률 책, 저널 및 교과서에 적합합니다 각 하이라이터는 방수, 빠른 건조 잉크가 특징이며, 생생한 네온 색상의 변형으로 번지거나 색이 바래거나 깃털이 생기지 않습니다 번짐 없는 하이라이터는 아카이벌 색소 잉크이며 AP 인증을 받은 무독성입니다. 색상 모음은 색상 코딩에 적합합니다 세트에는 노란색, 보라색, 파란색, 초록색, 분홍색의 Zebrite 더블 엔드 형광펜 5개가 포함되어 있으며 성경 학습 색상 코드가 있는 튼튼한 보관 파우치에 들어 있습니다","Zebrite 더블 엔드 성경 형광펜 펜은 각 형광펜에 있는 두 가지 크기의 팁의 편리함으로 독특한 창의력을 표현할 수 있도록 도와줍니다. 각 하이라이터의 독특한 네온 색상은 페이지에 생생한 색조를 제공하여 다른 잉크와 쉽게 레이어드할 수 있습니다. 넓은 하이라이트나 섬세한 밑줄을 위한 넓은 끌 팁과 섬세한 불렛 팁이 특징인 더블 엔드 하이라이터는 성경, 법률 서적, 저널 및 교과서에 적합합니다. 대담한 색상은 번지지 않으므로 스케치북, 성경, 일기 등의 다음 페이지에 대해 걱정할 필요가 없습니다. Zebrite 잉크는 안료 잉크와 아카이브 품질이므로 번지거나 색이 바래지 않습니다. 이 5개입 세트는 다음을 포함합니다: 그린, 옐로우, 핑크, 블루, 바이올렛. AP 인증 무독성. Zebrite 더블 엔드 형광펜 세트를 책상 서랍, 아트 통, 성경 커버 또는 백팩에 보관하여 창의력을 발휘할 수 있습니다. 텍스트에 중요한 구절을 표시하는 데 적합합니다. 세트는 파우치에 성경 색상 코드가 인쇄된 튼튼한 보관 파우치에 제공됩니다. 사용하지 않을 때는 항상 하이라이터를 안전하게 다시 채우세요.","['성경', '하이라이터', '더블', '펜', '잉크', '형광', '섬세하다', '넓다', '보관', '페이지']"
사무용품,마커 및 형광펜,형광펜,,B019Y59QS8,"Java Pen 파워 라인 하이라이터, 마커 - 8가지 색상 - 1세트",JVPEN WRITING INSTRUMENT,11467,11467,4.9,22.0,화려한 반투명 색상과 세련된 디자인 열이나 충격을 견딜 수 있는 강력한 구조 색이 바래거나 번지지 않는 고품질 잉크 쉽게 깨지지 않는 고성능 스퀘어 펜촉 뚜껑을 열어도 쉽게 마르지 않습니다. 아이들이 사용하기에 안전합니다,"쉽게 미끄러지는 다용도 끌 팁은 강조, 밑줄 또는 메모 작성에 적합합니다. 대부분의 종이에 색이 바래거나 번지지 않습니다. 빠르게 건조되는 Smearguard 잉크는 잉크젯 인쇄물, 신문 인쇄 및 필기 노트에서도 번짐과 얼룩을 방지합니다. JAVAPEN 하이라이터는 한국에서 제작되었습니다.","['색', '잉크', '하이라이터', '빠르다', '방지', '반투명', '밑줄', '메모', '라인', '화려하다']"
사무용품,마커 및 형광펜,형광펜,,B0BSLFBM63,"LABUK 파스텔 하이라이터 미적 형광펜 12개, 크림 색상 끌 팁 마커, 성경 형광펜 및 펜 번짐 없음, 빠른 건조, 성경 공부 학교 사무실 문구 용품",LABUK,8296,8296,3.1,63.0,"【다양한 파스텔 색상】 모란디, 파스텔 및 다양한 색상. 이 파스텔 색상과 적절한 양의 투명도는 공부와 작업에 방해가 되지 않으면서 집중력을 유지합니다. 【성경 형광펜과 펜 번짐 없음】 이 컬러 형광펜은 균일한 잉크를 생성하므로 잉크가 새는 것을 걱정할 필요가 없습니다. 끌 포인트는 매우 부드러워 종이가 파손되지 않습니다. 【편리한 고정 디자인】평평하고 매끄러운 모양으로 잡기 쉽습니다. 뚜껑은 단단하고 벗겨지지 않습니다. 사용하지 않을 때는 펜 뚜껑으로 페이지에 안전하게 고정할 수 있습니다. 【유연한 필기 너비】 팁의 기울어진 디자인으로 다양한 너비의 줄무늬를 그릴 수 있습니다. 다른 핵심 포인트에 대해 다른 표기법을 만들 수 있습니다. 【다양한 적용 시나리오】 이 파스텔 형광펜은 학교, 대학, 가정, 사무실, 여행 일기, 일정, 직장, 공부, 메모 등에 적합합니다. 또한 가족과 친구를 위한 즐거운 선물입니다.",,"['펜', '형광', '파스텔', '공부', '성경', '사무실', '잉크', '뚜껑', '디자인', '고정']"
사무용품,마커 및 형광펜,형광펜,,B009ZMI25O,SHARPIE 4가지 컬러 블레이드 하이라이터 (1825633),SHARPIE,11080,11080,4.6,255.0,혁신적인 블레이드 스타일 팁은 3가지 다른 선 너비를 선택할 수 있는 기능으로 정확한 하이라이트를 제공합니다 가장 오래 지속되는 Sharpie 하이라이터! 많은 펜 및 마커 잉크의 번짐을 방지합니다(강조하기 전에 잉크를 말리십시오) 밝고 시스루 색상으로 강조된 텍스트를 쉽게 읽을 수 있습니다 컬러 형광펜 4개 세트,Sharpie 블레이드 하이라이터로 하이라이트 경험을 맞춤 설정하세요. 각 하이라이터는 세 가지 다른 선 너비를 생성할 수 있는 독특한 팁이 특징입니다. 큰 잉크 공급 덕분에 오래 지속되는 하이라이트를 즐길 수 있습니다! 빠르게 건조되는 잉크로 형광펜이 많은 펜 및 마커 잉크에 번지지 않습니다(강조하기 전에 잉크를 말리십시오). 게다가 얇은 디자인으로 잡기 쉬워 제어력을 향상시킵니다. Sharpie 하이라이터로 정확하고 자신 있게 강조하세요.,"['잉크', '하이라이터', '강조', '펜', '하이라이트', '블레이드', '지속', '정확하다', '형광', '컬러']"
사무용품,마커 및 형광펜,형광펜,,B019PGLRCO,"SHARPIE Clear View 하이라이터 스틱, 옐로우, 3팩 (1950745)",SHARPIE,13060,9030,4.5,1010.0,투명한 팁으로 페이지 전체에 깔끔하고 고르게 강조할 수 있습니다 최적의 제어와 쉬운 사용을 위한 슬림 배럴 섬세한 끌 끝은 강조를 위해 두꺼운 선을 그리거나 밑줄을 긋기 위해 얇은 선을 그립니다 많은 펜 및 마커 잉크의 번짐을 방지합니다(강조하기 전에 잉크를 말리십시오) 1 밝고 시스루 색상: 옐로우,"Sharpie 클리어 뷰 하이라이터 스틱의 투명하고 시스루 팁과 얇은 그립으로 정밀한 하이라이트를 즐기세요. 투명한 팁과 매끄럽고 섬세한 끌 끝으로 텍스트에 눈을 고정시키고 페이지 전체에서 정확하게 강조할 수 있습니다. 한편, 슬림한 배럴은 잡기 쉽고 노트북이나 백팩에 넣을 수 있는 슬림한 외관을 가지고 있습니다. Sharpie Clear View 잉크는 빠르게 건조되므로 페이지를 깔끔하게 유지하고 읽기 쉽습니다. Sharpie 클리어 뷰를 사용하면 하이라이트를 언제 중지해야 하는지 항상 알 수 있습니다.","['강조', '잉크', '페이지', '투명하다', '슬림', '깔끔하다', '하이라이터', '섬세하다', '스틱', '시스루']"
사무용품,마커 및 형광펜,형광펜,,B0851STWKQ,"ARTEZA 액체 형광펜, 30개 세트, 좁은 끌 팁, 5가지 다양한 색상의 형광펜 벌크 팩, 불렛 저널, 노트 또는 책에 사용",ARTEZA,34555,34555,4.7,543.0,"독특한 다양한 색상의 형광펜 - 이 컬러 형광펜 세트로 보라색, 초록색, 노란색, 주황색, 분홍색의 5가지 형광 색조로 대담하고 보기 쉬운 30가지 색상을 얻으세요. 하이라이트 및 밑줄, 핸드 레터링, 색상 코딩 또는 불렛 저널 항목에 적합합니다. 빠른 건조 및 얼룩 방지 - 번짐 방지 하이라이터에는 번짐 없는 결과를 위해 빠르게 건조되는 수성 잉크가 포함되어 있습니다. 쉽게 미끄러지는 끌 팁은 부드러운 잉크 흐름과 일관된 마크 생성을 가능하게 합니다. 눈에 띄는 잉크 공급 - 잉크 잔량을 추적하는 데 도움이 되는 투명 배럴로 사용 중인 잉크의 양을 항상 알 수 있습니다. 아티스트가 디자인하고 제작: Arteza는 영감을 주는 제품을 만드는 데 열정을 쏟고 있습니다. 우리에게 예술은 인간 경험의 표현입니다. 그렇기 때문에 당사는 모든 사람들이 미술 용품을 이용할 수 있도록 노력합니다. 모든 종류의 사무용품: Arteza는 모든 사람에게 고품질의 문구류, 홈 오피스 및 교실 용품을 제공하는 데 기반을 두고 제작되었습니다. 책상 수납 공간을 정리하고 생산적인 하루를 준비하는 데 도움이 되는 수많은 사무실 정리 도구와 학교 액세서리를 찾아보세요.",,"['형광', '잉크', '펜', '용품', '불렛', '방지', '도움', '정리', '빠르다', '제작']"
사무용품,마커 및 형광펜,형광펜,,B00XSZEGF4,12가지 다양한 색상과 향기 캔디 테마 미니 형광펜,U. S. Toy,10235,10235,4.4,257.0,많은 12개 사이즈: 2.5인치 캔디 향 및 테마 형광펜 디자인 다양한 캔디 향 및 디자인은 랜덤으로 배송됩니다 플라스틱으로 제작,"사탕으로 감싼 하이라이터로 사무용품에 색상을 더하세요. 키는 작지만 색상이 큰 이 맛있는 향이 나는 마커는 책상을 밝게 하고 작업을 완료합니다. 또한 캔디 뷔페에서 테이블 장식이나 파티 선물로 좋습니다. 오렌지, 딸기, 블루베리, 그린 애플, 포도, 레몬 등 다양한 향이 있습니다. 12가지 다양한 디자인이 무작위로 배송됩니다.","['향', '캔디', '디자인', '형광', '펜', '테마', '맛있다', '사무', '블루베리', '미니']"
사무용품,마커 및 형광펜,형광펜,,B0165G90XA,Monami Essenti 소프트 파스텔 컬러 형광펜 마커 - 파스텔 그레이 - 12가지 색상 (펜 12개 팩),MONAMI,27686,27686,4.8,13.0,"끌 팁이 있는 하이라이터 화려한 색상의 수성 안료 잉크 눈의 피로를 줄이기 위한 파스텔 색상(부드러움) 사본, 팩스, OA에 적합합니다 클립온 유형","브랜드: 모나미, 한국 모델: Essnti Stick 소프트 잉크 유형: 수성 치수: 137mm (캡슐) 잉크 색상: 파스텔 그레이 수량: 12피스 바디 소재: 플라스틱 원산지: 한국산","['파스텔', '잉크', '그레이', '펜', '소프트', '수성', '화려하다', '하이라이터', '모나미', '바디']"
사무용품,마커 및 형광펜,형광펜,,B09XHBMW6B,"ZEYAR 젤 형광펜, 성경 형광펜, 번짐 없음, 빠른 건조, 다양한 색상, 성경 공부 및 성경 일기 용품, 탭용 성경 형광펜 (8가지 형광색)",ZEYAR,9681,9681,4.7,277.0,"미국 브랜드 ZEYAR. 성경 SFAE 하이라이터 펜: 이 번지지 않는 형광펜은 일기를 쓰거나 구절을 암기하는 데 적합하며 다른 잉크에 색이 바래거나 번지지 않습니다. 편안한 디자인: 짧고 둥근 몸체는 주머니에 잘 맞으며 잡기 쉽습니다. 심플하고 선명한 외관 디자인 다양한 색상: 8가지 형광 색상: 형광 핑크, 라이트 핑크, 형광 옐로우, 형광 오렌지, 크림 오렌지, 형광 그린, 스카이 블루, 형광 바이올렛 잉크 인증: 수성, ASTM D-4236 인증 준수, 무독성, 무산성 및 사용하기에 안전합니다 비틀 수 있는 디자인: 트위스트 업 젤 스틱 디자인, 섬세한 팁을 위해 날카롭게 할 수 있습니다: 창의적인 저널링에 적합합니다 저희는 모든 고객을 염려합니다: ZEYAR는 정교한 R&D, 품질 관리 프로세스를 갖춘 전문 마커 제조업체로 모든 제품이 훌륭한 품질을 유지할 수 있도록 합니다. 우리에게 드로잉은 인간의 감정과 경험을 표현하는 것입니다. 그렇기 때문에 당사는 모든 사람들이 마커 용품을 사용할 수 있도록 노력합니다.",,"['형광', '성경', '펜', '디자인', '인증', '잉크', '용품', '오렌지', '일기', '색']"
사무용품,마커 및 형광펜,형광펜,,B07R28F8XV,"BAZIC 형광펜 옐로우 컬러 책상 스타일, 끌 팁 넓은 미세 라인 하이라이터, 무향 하이라이트 컬러링 마커 (12/팩), 총 12개입",BAZIC Products,11066,11066,4.2,27.0,"⭐ 디자인. 책상 스타일 하이라이터는 두꺼운 배럴과 넓은 끌 팁을 제공하여 더 큰 글꼴과 텍스트 블록을 강조하는 데 적합합니다. 롤링 방지 캡이 편리함을 더합니다. ⭐ 다용도 끌 팁. 하이라이터에는 두 개의 선 너비를 허용하는 좁은 끌 팁이 있습니다. 하이라이트를 위한 넓은 라인과 손목을 비틀기만 하면 디테일을 강조할 수 있는 파인 라인. ⭐ 선명한 색상. 생생한 형광 형광등은 최대한의 효과를 제공하며 주요 세부 사항과 중요한 정보를 즉시 볼 수 있습니다. 배럴 색상은 잉크 색상을 나타냅니다. ⭐ 빠른 건조 및 번짐 방지. 빠르게 건조되며 광택 및 얇은 종이를 포함한 대부분의 종이에 번지지 않습니다. 번지거나 번지지 않습니다. 내구성이 뛰어난 팁은 거친 표면에서도 하이라이트 처리된 후에도 지속됩니다. ⭐ 용도: 대학생, 선생님이 가지고 있어야 하는 선생님, 메모 작성, 작업, 공부, 핵심 포인트 강조, 밑줄 텍스트, 예술 스케치, 색칠책, 낙서 등에 이상적입니다.",,"['강조', '넓다', '하이라이트', '라인', '하이라이터', '선생님', '방지', '스타일', '종이', '책상']"
사무용품,마커 및 형광펜,형광펜,,B0BRYY1YK1,LABUK 파스텔 형광펜 미적 귀여운 성경 형광펜 및 펜 번짐 없는 순한 다양한 색상 저널 플래너 노트 학교 사무용품 12개,LABUK,6911,6911,4.4,142.0,"【듀얼 팁 형광펜】사각형 막자 디자인의 하이라이터는 디자이너 룩을 가지고 있습니다. 당사의 하이라이터는 손이 아프지 않고 편안하고 잡기 쉽고 사용 중에 굴러다니지 않습니다. 끌 및 파인 포인트 팁을 사용하면 1mm의 미세한 선을 그릴 수 있으며 4mm 너비의 유연한 필기 너비로 성경, 저널 또는 메모와 같이 매일 사용할 수 있습니다. 【귀여운 파스텔 색상】패키지에는 다양한 색상의 다채로운 미적 형광펜 12개가 포함되어 있으며 매일 사용할 수 있는 충분한 양과 색상이 있습니다. 얼룩이 없는 파스텔 디자인으로 부드러운 색상으로 공부나 작업에 방해가 되지 않으며 텍스트에 집중하는 데 필요한 핵심 포인트를 가리지 않습니다. 당사의 하이라이터는 가벼운 향기로 안전하고 자극적이지 않아 독서와 마킹의 재미를 높입니다. 【번짐 방지 퀵 드라이 마커】 이 부드러운 색상의 하이라이터는 부드러운 끌 팁으로 만들어져 종이가 깨지지 않고 부드럽게 쓸 수 있습니다. 파인 아트 펜의 잉크는 수성 소재로 빠르게 건조됩니다. 잉크가 손이나 소매가 더러워지는 것에 대해 걱정하지 마세요. 【다양한 용도】이 귀여운 형광펜은 학교, 대학, 가정, 사무실, 여행 일기, 일정, 직장, 공부, 메모 등에 적합합니다. 가족과 친구를 위한 멋진 선물입니다. 【부드러운 글쓰기 경험】LABUK 미학 하이라이터는 경전, 메모, 저널 또는 읽고 싶은 책을 강조하는 데 적합합니다. 이 하이라이터는 가볍고 글쓰기를 마스터하기 쉽습니다. 부드러운 끌 팁이 있는 자유롭게 흐르는 잉크로 얇은 종이에도 모든 것을 부드럽게 쓸 수 있습니다.",,"['펜', '부드럽다', '하이라이터', '형광', '귀엽다', '메모', '파스텔', '잉크', '종이', '공부']"
사무용품,마커 및 형광펜,형광펜,,B0027EJ0OY,"Pilot, FriXion 지울 수 있는 가벼운 형광펜, 끌 팁, 3개(1팩), 다양한 색상",Pilot,7949,7949,4.6,4718.0,"스트레스 없는 하이라이트: 숙제, 교과서, 메모 또는 문서를 손상시키지 않고 다시 강조, 지우기 및 강조; 독특한 열에 민감한 잉크는 마찰을 지우면서 완전히 사라집니다 혁신적인 디자인: 끌 팁이 특징인 이 지울 수 있는 하이라이터는 실수를 과거의 일로 만들고 일상 작업에 창의성과 스타일을 더합니다 다용도: 밝은 형광 자국을 제공하고 매번 깨끗하게 지워집니다. 화려한 잉크가 있는 내구성 있는 팁은 책이나 작업 용지에 마모되거나 찢어지지 않고 중요한 정보를 즉시 불러올 수 있습니다 빠른 건조: 빠르게 건조되는 잉크는 종이, 얼룩 또는 번짐으로 번지지 않습니다. 3팩에는 핑크, 옐로우, 오렌지 하이라이터가 포함되어 있습니다 펜에 힘: 젤 잉크, 지울 수 있는 롤링 볼, 볼펜 및 만년필을 포함한 Pilot의 혁신적인 필기 도구 라인과 하이라이터, 드라이 지우개 마커 등으로 쉽게 자신을 표현하세요","FriXion 라이트 지울 수 있는 형광펜을 사용하면 책이나 문서를 손상시키지 않고 반복적으로 강조하고 지울 수 있습니다. 열에 민감한 잉크 포뮬러는 마찰이 지워지면 사라집니다. 지울 수 있는 형광펜은 공식 법률 문서에 사용하지 않는 것이 좋습니다. 하이라이터가 60°C(140°F)에 도달하는 온도에 노출되면 강조 표시 시 잉크가 무색이 됩니다. 색상을 복원하려면 냉동실에서 최소 10°C(10°F)까지 식히면 잉크가 다시 색상으로 강조됩니다. 하이라이터는 또한 권위 있는 Good Housekeeping Seal을 획득했습니다./FriXion Light Erasable Highlighters allow you to highlight and erase repeatedly without damaging books or documents. Thermo-Sensitive Ink Formula disappears with erasing friction. Erasable highlighters are not recommended for use on official legal documents. If the highlighter is exposed to a temperature that reaches 140 degrees Fahrenheit, the ink will be colorless when highlighting. To restore color, cool to at least 14 degrees Fahrenheit in freezer, and the ink will highlight in color again. Highlighter also earned the prestigious Good Housekeeping Seal.","['잉크', '하이라이터', '강조', '형광', '펜', '문서', '마찰', '작업', '책', '손상']"
사무용품,마커 및 형광펜,형광펜,,B08R9FHVXJ,"Sun-Star 펜과 마커 니피, 6가지 색상 세트",SUN-STAR,19362,19362,4.2,86.0,"니들 펜 및 마커 펜 6가지 색상 세트 색상: 라이트 핑크 x 핑크, 라이트 옐로우 x 옐로우, 라이트 블루 x 블루, 그레이 x 블랙, 라이트 그린 x 피치 핑크, 라이트 바이올렛 x 네이비 잉크 : 수성 안료","펜과 마커를 통합한 새로운 유형의 필기구 ""Ninipie""가 등장했습니다!! 하나의 펜 팁으로 ""글자 쓰기""와 ""드로잉 라인""을 실현할 수 있습니다! ""펜으로 쓰기"" 및 ""마커로 그리기"" 기능을 하나의 펜 팁으로 통합하여 전환의 번거로움을 없애주는 새로운 기능 펜. 펜 팁에는 두 가지 유형이 있습니다. 미세한 글자를 쉽게 쓸 수 있는 바늘 펜(0.5mm)과 중요한 포인트를 돋보이게 할 수 있는 마커 펜입니다. 손에 쥐고 있는 동안 회전하기만 하면 쉽게 사용할 수 있습니다. 펜 팁을 통합하여 니들 펜과 마커 펜을 별도로 고정할 필요가 없으며 펜 수를 줄여 휴대할 수 있으므로 여러 개의 펜을 사용하고 싶은 분이나 슬림한 타입 펜 케이스를 사용하는 사람들에게 추천합니다. 라이트 핑크 x 핑크, 라이트 옐로우 x 옐로우, 라이트 블루 x 블루, 그레이 x 블랙, 라이트 그린 x 피치 핑크, 라이트 바이올렛 x 네이비의 6가지 색상 중에서 선택할 수 있습니다. 니들 펜과 마커 펜의 잉크가 다르기 때문에 마커를 그린 후 펜으로 문자를 쓸 때 쉽게 볼 수 있습니다.","['펜', '라이트', '핑크', '블루', '옐로우', '그린', '통합']"
사무용품,마커 및 형광펜,형광펜,,B094KZG8BV,"6팩 성경 젤 형광펜, 다양한 색상, 6가지 밝은 하이라이트 색상, 옐로우, 오렌지, 핑크, 퍼플, 그린, 블루 - 일기 및 공부용 멀티컬러 번짐 및 번짐 방지 마커 펜",Performore,12451,12451,4.2,138.0,"🌈 얇은 종이에서 부드럽게 미끄러집니다 — 부드러운 글라이딩은 즐거운 사용 경험을 제공합니다. 무산성 및 무독성으로 보안에 대한 우려를 풀어줍니다. 🌈 멋진 색상 선택 — 독특한 멀티 컬러 하이라이터. 각 하이라이터는 이 컬러 형광펜 세트에 보라색, 초록색, 노란색, 주황색, 분홍색, 파란색의 독특한 색상을 가지고 있습니다. 하이라이트 및 밑줄, 핸드 레터링, 색상 코딩 또는 불렛 저널 항목에 적합합니다. 🌈 빠른 건조 및 얼룩 방지 — 광택과 얇은 종이, 잡지 및 성경을 포함한 모든 종이에 번지지 않는 형광펜입니다. 빠르게 건조되는 수성 잉크를 함유하여 번지지 않습니다. 트위스트 & 글라이드 — 트위스트 배럴로 마커 팁을 연장하여 마커 팁을 보호합니다. 캡에 편리한 펜 클립. 성경 공부, 학교, 가정 또는 사무실에 적합합니다. 무독성 젤 스틱. 🌈 휴대성을 위한 투명 케이스 포함 — Performore 6가지 색상 젤 하이라이터 세트는 시스루 패키지에 포장되어 휴대가 쉽고 매우 편리합니다.","퍼포모어 바이블 젤 하이라이터 펜 (6팩) 책에서 구절을 강조하거나 밑줄을 긋거나 메모를 색상으로 구분할 때 쉽게 볼 수 있는 6가지 형광펜이 포함된 이 형광펜 세트가 마음에 드실 것입니다. 퍼플, 그린, 옐로우, 오렌지, 핑크, 블루의 6가지 형광 색상 형광펜 중에서 선택하세요. 각 제품은 불렛 저널과 노트에 눈길을 끄는 항목을 만드는 데 도움이 됩니다. 더 이상 페이지 전체에 얼룩이나 잉크가 묻는 것에 대해 걱정하지 마세요. 각 하이라이터에는 대담하고 번짐 방지 결과를 위해 빠르게 건조되는 수성 잉크가 포함되어 있습니다. 이 얇은 하이라이터는 쉽게 미끄러지는 끌 팁과 일관되고 정확한 마크를 위한 매끄러운 잉크 흐름이 특징입니다. W H A T ⭐ Y O U ⭐ W I L ⭐ G E T 제품 특징/사양: 상태: 100% 새 제품 색상: 퍼플, 그린, 옐로우, 오렌지, 핑크, 블루 패키지에 포함된 항목: 스냅 PVC 지갑이 달린 펜 6개 제품 장점: ✔️ 얇은 종이에서 부드럽게 미끄러집니다. ✔️ 멋진 색상 선택; ✔️ 번지지 않습니다. ✔️ 일관된 하이라이트를 제공합니다. ✔️ 휴대성을 위한 투명 케이스 포함. ✔️ 사랑하는 사람을 놀라게 하는 놀라운 선물. 100% 만족 보장 안심하고 구매하세요! 저희는 제품에 자부심을 가지고 있으며 30일 환불 및 교체 을 제공합니다!","['펜', '형광', '하이라이터', '종이', '잉크', '얇다', '퍼플', '오렌지', '옐로우', '컬러']"
사무용품,마커 및 형광펜,형광펜,,B07P61GMLL,"Pilot, FriXion 컬러 지울 수 있는 마커 펜, 굵은 포인트, 36개 통, 다양한 색상",PILOT,51729,51729,4.5,5021.0,"스트레스 없는 글쓰기: 문서 및 일러스트레이션을 손상시키지 않고 반복적으로 쓰고, 그리고, 지우고 다시 그립니다. 독특한 열에 민감한 잉크는 마찰이 지워지면서 완전히 사라집니다 클래식한 디자인: 오리지널 캡으로 지울 수 있는 펜은 모든 필기 목적과 스타일에 맞는 생생하고 매끄러운 젤 잉크를 가지고 있습니다. 1개의 편리한 팩에 다양한 색상의 펜 모음 다용도: 메모를 작성하거나 식료품 목록을 적어두기에 적합합니다. 매끄럽게 쓰고, 깨끗하게 지워지며, 광택이 나는 글쓰기, 드로잉, 디자인, 스케치 또는 낙서 경험을 제공합니다 빠른 건조: 빠르게 건조되는 잉크는 종이, 얼룩 또는 번짐으로 번지지 않습니다. 36피스 욕조에는 블랙, 블루, 라이트 블루, 레드, 그린, 옐로우, 오렌지, 라임, 핑크, 라이트 핑크, 퍼플 및 브라운 마커 펜이 포함되어 있습니다 펜에 힘: 젤 잉크, 지울 수 있는 롤링 볼, 볼펜 및 만년필을 포함한 Pilot의 혁신적인 필기 도구 라인과 하이라이터, 드라이 지우개 마커 등으로 쉽게 자신을 표현하세요","FriXion Colors 지울 수 있는 마커 펜으로 창의성과 스타일을 발휘하세요. 손상이나 지저분한 지우개 잔여물 없이 깨끗하고 세련된 문서와 스케치를 쓰고, 그리고, 지우고, 다시 실행하고 만들 수 있습니다. 메모를 하거나 목록을 만들거나 디자인을 일러스트레이션할 때 이 혁신적인 펜은 학생, 교사 및 전문가 모두에게 이상적입니다. 또한 FriXion은 미국 최고의 과학, 기술, 공학 및 수학(STEM) 교육 기관에서 인증한 유일한 펜입니다. 이 놀라운 범위의 프리미엄 지울 수 있는 필기구로 무한한 창의적 가능성의 힘을 손에 쥐고 있습니다.","['펜', '잉크', '디자인', '문서', '일러스트레이션', '스타일', '스케치', '손상', '혁신', '블루']"
사무용품,마커 및 형광펜,형광펜,,B00026KOTY,"STABILO BOSS 오리지널 하이라이터, 미디엄 핑크쉬 레드",STABILO,6925,6925,4.6,4956.0,"2 및 5mm 팁 무독성, 수성 잉크 강력한 품질 - 팁은 오래 사용할 수 있도록 만들어졌습니다! 클래식한 디자인 - 1971년부터 시작되었습니다!","이 독특한 디자인의 하이라이터는 모든 종류의 전문가, 학자, 학생 및 정리자들 사이에서 가장 좋아하는 제품입니다. 색상 코딩, 편집 또는 공부에 이상적인 STABILO BOSS 오리지널 하이라이터는 두 가지 다른 선 너비를 허용하는 끌 팁과 굴러가지 않도록 하는 기하학적 디자인이 특징입니다. 생생한 잉크는 종이와 사본에 적합합니다. 실수로 캡을 다시 끼우는 것을 잊었더라도 걱정하지 마세요. STABILO 건조 방지 기술 덕분에 이 하이라이터는 마르지 않고 최대 4시간 동안 캡을 벗긴 상태로 둘 수 있습니다.","['하이라이터', '디자인', '잉크', '캡', '사본', '방지', '미디엄', '무독성', '레드', '학자']"
사무용품,마커 및 형광펜,형광펜,,B084L29DNL,"Pilot FriXion 파스텔 지울 수 있는 형광펜, 끌 팁, 퍼플 잉크",PILOT,4944,4944,4.2,386.0,"PILOT 프릭션 라이트 파스텔 하이라이터: Pilot의 독특한 열에 민감한 잉크 포뮬러로 부드럽게 강조하고 깨끗하게 지울 수 있습니다. 마모되거나 찢어지지 않아 책이나 문서를 손상시키지 않고 지우고 다시 강조할 수 있습니다. 필요한 것: 더 이상 손상된 책이 없습니다. 지울 수 있는 FriXion 라이트 파스텔 형광펜 마커의 끌 팁은 부드러운 파스텔 자국을 만들고 매번 깨끗하게 지워집니다. 불렛 저널 스프레드에도 좋습니다. 두려움 없이 쓰고 만들기: FriXion 지울 수 있는 잉크 펜 및 마커를 좋아하신다면 Pilot의 지울 수 있는 클리커, 컬러스틱, 파인라이너, 컬러 마커 펜 및 형광펜 전체 라인을 사용해보고 싶을 것입니다. 신뢰할 수 있는 품질: 당사는 100년 이상 펜을 제작해왔습니다. 필기하거나 학교 또는 사무용품을 비축하거나 불렛 저널에 글을 쓸 때 Pilot은 완벽한 펜을 제공합니다! 펜에 힘: Pilot은 모든 필요에 맞는 탁월한 필기구를 만듭니다. 모든 필기 스타일에 맞는 분수, 볼펜, 접이식 및 지울 수 있는 젤 잉크 펜, 화이트보드 마커 등을 갖추고 있습니다.","Pilot FriXion 라이트 파스텔 시리즈는 형광 안료 없이 원하는 것을 강조하고 깨끗하게 지울 수 있도록 설계된 부드럽고 차분하며 정교한 하이라이터 색상이 특징입니다. 하이라이트의 미래가 여기 있습니다! 작업, 메모 또는 교과서를 강조하는 동안 실수로 잘못된 단어를 강조 표시하거나 완전히 형광색으로 강조된 페이지로 끝났습니다. 더 부드러운 하이라이터 색상 옵션을 사용할 수 있고 특정 섹션의 강조 표시를 해제할 수 있다면 이상적입니다. FriXion 라이트 파스텔 시리즈 하이라이터를 사용하면 문제가 되지 않습니다! 상단의 '지우는 팁'을 하이라이트 위에 문지르면 지우개 부스러기 없이 잉크가 깨끗하게 사라집니다. FriXion Light 지울 수 있는 하이라이터를 사용하면 문서를 손상시키지 않고 반복적으로 강조, 지우기 및 다시 강조할 수 있습니다. FriXion의 독특한 열에 민감한 잉크는 부드러운 파스텔 색상과 완벽한 지우기를 제공하도록 제작되었습니다.","['강조', '펜', '파스텔', '잉크', '하이라이터', '부드럽다', '형광', '깨끗하다', '라이트', '손상']"
사무용품,마커 및 형광펜,형광펜,,B07H1BT4X6,"젤 하이라이터, 10가지 색상 성경 안전 하이라이터 학습 키트, 형광펜, 다양한 색상, 트위스트 가능한 디자인, 번짐 없음, 일기, 하이라이트 및 공부에 적합",Tebik,11066,11066,4.7,2361.0,간단하고 편리한 패키지: Tebik 10색 젤 하이라이터 세트는 시스루 패키지로 포장되어 휴대가 간편합니다. 최상의 품질: 어떤 종이도 번지지 않습니다. 번지지 않습니다. 사용하기 쉽고 잡기 쉽고 어떤 종이에도 매우 부드럽고 쉽게 미끄러지듯 발라 색상을 바를 수 있습니다 정교한 디자인: 트위스트 업 디자인은 내부의 젤 파손을 줄이고 플라스틱 쉘 보호 아래에서 깨끗하게 유지되며 사용하기 쉽습니다. 베이스를 비틀어 오래 지속되는 젤 스틱. 눈길을 사로잡는 10가지 매우 밝은 색상: 다양한 형광 색상으로 다른 섹션을 표시할 수 있습니다. 기억 및 작업 일정에 적합합니다. 안전성: 무산성 및 무독성. ASTM D-4236 및 EN71-3을 준수합니다. 안내: 1. 사용 후 요약. 2. 햇빛이나 고온(48.9°C(120°F) 이하)를 피하십시오.,"100% 평생 만족 보장. Tebik는 사람들에게 고품질의 제품과 즐거운 쇼핑 경험을 제공하기 위해 노력합니다./시중에 나와 있는 대부분의 젤 하이라이터 세트는 6-8가지 색상이 있습니다. 하지만 저희는 10가지 생생하고 패셔너블한 색상을 선택하여 색상을 추구합니다./저희는 모든 원재료를 엄격하게 선택합니다. Tebik 10색 젤 하이라이터는 어떤 종이에도 번지지 않습니다! 위에 강조 표시할 때 다른 잉크가 번지지 않습니다./젤 스틱은 부드러우며, 사용 후 비틀어 내리는 것을 잊지 마세요. 그리고 햇빛이나 뜨거운 온도(48.9°C(120°F) 이하에서 멀리 보존해야 하며 시원한 곳에서 더 좋습니다.","['하이라이터', '디자인', '종이', '패키지', '햇빛', '스틱', '형광', '표시', '선택', '색']"
사무용품,마커 및 형광펜,형광펜,,B00JVHNXKW,"Zebra B-WKT7-ME 하이라이터, 마일드 라이너, 브라운, 10피스",ゼブラ(ZEBRA),20761,20761,4.8,7.0,특징: 많은 자국을 남길 때에도 눈에 부드러운 밝은 색상 용도: 사전과 공책 표시 및 일러스트레이션 그리기 [펜촉] 1개의 타이가 있는 대담하고 미세한 라인 모두에 적합합니다. [라인 너비] 넓은 라인: 0.16 인치 (4.0 mm) / 미세 팁: 0.04 - 0.06 인치 (1.0 - 1.4 mm) 잉크: 수성 안료 수량: 10개,"밝은 색상과 눈 친화적인 잉크 색상. 전통적인 형광펜과 비교했을 때, 잉크 색상은 문서나 기타 품목을 표시할 때 더 부드럽고 깜박이는 일이 적습니다. 다양한 색상의 15가지 색상. 5가지 약간 형광 색상과 5가지 다크 마일드 색상과 총 5가지 마일드 색상으로 5가지 색상으로 제공됩니다.","['라인', '잉크', '일드', '형광', '표시', '부드럽다', '브라운', '그리기', '넓다', '다크']"
사무용품,마커 및 형광펜,형광펜,,B00AHW11E0,STAEDTLER 364-2 Textsurfer 클래식 하이라이터 - 레드 (10개 상자),STAEDTLER,14777,14777,4.5,13273.0,"대형 잉크 저장소가 있는 하이라이터 잉크젯 안전 - 잉크젯 인쇄물과 손으로 쓴 텍스트를 번지지 않습니다 종이, 팩스 및 카본용 쉽게 열 수 있는 트위스트 캡 매우 부드러운 끌 팁 약 1-5mm",Staedtler Textsurfer 클래식 364 하이라이터는 하이라이팅 성능을 높이기 위해 대형 잉크 저장소로 설계되었습니다. 빠르게 건조되는 안료 잉크는 가볍고 잉크젯 인쇄나 대부분의 필기 잉크에 번지지 않습니다. 자동 압력 균등화 시스템이 있어 하이라이터가 항공기 내에서 새는 것을 방지합니다. Staedtler Textsurfer 리필 스테이션으로 디자인을 리필할 수 있으며 캡에 편리한 클립이 있습니다./10 red textsurfer classic highlighters,"['하이라이터', '잉크', '잉크젯', '리필', '대형', '클래식', '캡', '저장', '손', '성능']"
사무용품,마커 및 형광펜,형광펜,,B07NDZRXT9,"Zebra Pen Mildliner 브러시 마커, 더블 엔드 브러시 및 파인 팁 펜, 다양한 형광 색상, 5팩",Zebra,20290,9570,4.8,4431.0,"더블 엔드 마커 펜은 유동적이고 우아한 스트로크를 달성하기 위한 중간 브러시 같은 팁과 예측 가능하고 깨끗한 선을 위한 미세한 불렛 팁이 특징입니다 영구 안료 잉크는 종이를 가로질러 부드럽게 미끄러지며 산성 프리, 보관 품질 및 방수 기능이 있어 오래 지속되는 인상을 줍니다 순한 반투명 색상은 종이에 부드럽게 나타나며 번지지 않아 레이어링 및 블렌딩을 위한 탁월한 선택입니다 미니멀하고 깔끔한 디자인의 세련된 화이트 배럴과 브러시 펜의 색상을 나타내는 편리한 포켓 클립이 특징입니다 거의 모든 종이 표면에 글자, 성인용 색칠, 불렛 저널링, 밑줄, 색상 코딩 및 스크랩북에 적합합니다","Mildliner 브러시 펜 및 마커 세트는 하나의 필기 도구에 페인트 브러시 같은 팁과 미세 팁 마커를 모두 제공하는 더블 엔드 디자인이 특징입니다. 부드럽고 순한 잉크는 반투명하여 색상을 쉽게 겹쳐서 번지지 않습니다. 브러시 팁은 두껍거나 얇은 선을 만드는 아티스트의 브러시와 같습니다. 섬세한 팁은 세부적으로 사용할 수 있도록 날카롭고 정확한 선을 만듭니다. 재사용 가능한 보관 케이스로 모든 것을 깔끔하게 정리할 수 있습니다. 안료 기반 잉크는 방수 및 산성이 없어 오래 지속되는 결과를 제공합니다. 형광 색상 팔레트에는 핑크, 오렌지, 옐로우, 블루-그린 및 블루가 포함되어 있습니다.","['브러시', '펜', '특징', '부드럽다', '종이', '더블', '잉크', '디자인', '방수', '보관']"
사무용품,마커 및 형광펜,형광펜,,B00K8UUQLK,"G.T. Luscombe Company, Inc. Accu-Gel 성경 형광펜, 성경 공부, 번짐 없는 솔리드 젤, 번짐이나 변색 없음, 오래 지속, 밝은 반투명 컬러 드라이 마커, 오렌지","G.T. Luscombe Company, Inc.",12395,12395,,,"성경 안전 젤 하이라이터는 눈길을 끌고 생생합니다. 단어를 공부할 때 성경을 배우고 암기하고 의미 있는 메시지를 찾는 데 큰 도움이 됩니다. 얇은 성경 종이를 포함한 종이에 번지지 않습니다. 보관 품질은 다른 잉크에 색이 바래거나 번지지 않습니다. 트위스트 업 젤 스틱 디자인. 페이지를 가로질러 부드럽게 미끄러집니다. 다른 잉크를 강조할 때 번지지 않습니다. 더 섬세한 팁을 위해 날카롭게 처리되었습니다. 성경 공부, 일기, 색상 코딩 등에 적합합니다. 형광펜을 일요일 설교 노트, 불렛 스타일 저널, 귀납적 학습과 페어링하거나 그의 교훈을 읽는 동안 성경에 자신 있게 표시하세요.",,"['성경', '공부', '종이', '형광', '잉크', '펜']"
사무용품,마커 및 형광펜,형광펜,,B07PQRC3RP,"Zebra 하이라이터 마일드라이너 브러시 노블 컬러 5가지 색상 세트, WFT8-5C-NC",Zebra,10373,10373,4.7,739.0,"이 세트에는 5가지 색상이 포함되어 있습니다: 마일드 그린, 마일드 다크 블루, 마일드 그레이, 마일드 바이올렛, 마일드 레드 하이라이터는 브러시와 섬세한 팁이 있는 양면입니다. Milliner 하이라이터는 종이에 부드럽게 나타나는 독특한 색상이 특징입니다.",Zebra Milliner 시리즈에 새로운 브러시 타입 하이라이터가 등장했습니다. 브러시 타입의 마커로 색상과 귀여운 글씨로 글씨를 쓸 수 있습니다. 초미세 이중 타입이므로 용도에 따라 적절하게 사용할 수 있습니다. 가볍고 부드러운 컬러 잉크. 노트의 글자를 너무 많이 방해하지 않고 쉽게 장식할 수 있습니다.,"['일드', '하이라이터', '브러시', '타입', '컬러', '부드럽다', '글씨']"
사무용품,마커 및 형광펜,형광펜,,B000WGC406,"Integra 데스크 하이라이터, 치즐 팁, 형광 옐로우 (ITA30004)",Integra,20844,16675,5.0,1.0,책상 하이라이터는 잉크를 매끄럽고 고르게 적용하는 큰 배럴과 끌 팁을 제공합니다. 투명한 액체 잉크는 밝게 유지되며 색이 바래지 않습니다 잉크,Desk highlighters offer a large barrel and chisel tip that applies ink smoothly and evenly. Transparent liquid ink stays bright and resists fading.,"['잉크', '하이라이터', '형광', '투명하다', '치즐', '책상', '적용', '유지', '옐로우', '액체']"
사무용품,마커 및 형광펜,형광펜,,B0CL29HK44,"Ddaowanx 미적 형광펜 성경 공부 용품, 6팩 파스텔 색상 끌 팁, 귀여운 성경 마커 빠른 건조, 성경 공부 노트, 학교 사무실에 적합",Ddaowanx,6911,6911,4.4,24.0,"【다양한 색상】: 패키지에는 다양한 색상의 파스텔 마커 6개가 포함되어 있습니다. 이 풍부한 수량은 사용 요구 사항을 충족합니다. 반 친구나 동료와 공유할 수도 있습니다 【빠른 건조 및 얼룩 없음】: 수성 순한 소프트 컬러 잉크로 쓸 때 잉크가 빠르게 건조되고 페이지 주위로 스며들지 않으므로 손이나 책이 더러워지지 않습니다 【부드러운 필기 경험】: 이 성경 형광펜은 부드러운 끌 팁으로 만들어져 편안하고 마모에 강하며 글을 쓸 때 매끄럽게 쓸 수 있으며 종이가 깨지지 않습니다 【다양한 용도】: 이 형광펜은 학교, 대학, 가정, 사무실 및 여행 중에도 매일 사용하기에 적합합니다. 색상 코딩, 하이라이트 다이어리, 플래너, 작업 일정, 공부, 메모용 【간편한 휴대성】: 이 미적 형광펜은 무게가 가벼워 이동 중이거나 야외에서 일하고 공부해야 할 때 휴대가 편리합니다",,"['펜', '형광', '성경', '공부', '빠르다', '건조', '사무실', '부드럽다', '잉크', '파스텔']"
사무용품,마커 및 형광펜,형광펜,,B07Z8KT3W7,"Zebra Pen Mildliner 더블 엔드 형광펜 마커 세트, 넓고 섬세한 포인트 팁, 번짐 방지 성경 다크 블루 잉크, 12팩",Zebra,34735,14847,4.3,49.0,"다용도 창의적인 도구! 한쪽 끝에는 넓은 끌 팁과 다른 쪽 끝에는 미세한 글머리 기호 포인트가 있는 이 창의적인 마커는 하이라이트, 핸드 레터링 및 창의적인 표현에 적합합니다 불렛 저널이나 성경 공부에 생명을 불어넣으세요! Zebra Pen Mildliner 하이라이터는 독특하고 부드러운 색상으로 사무실, 미술 부서 또는 스튜디오에서 창의적인 작업을 좀 더 멋지게 만듭니다 창의력을 더하기 위해 잉크를 겹쳐보세요! 부드러운 색상의 반투명 방수 잉크는 아름답게 겹쳐지며 페이지를 통해 번지지 않습니다. 더블 엔드 마커 하이라이터는 컬러링 북에 적합합니다 다양한 색상으로 색조를 표현하세요! 대담한 끝에 컬러 코드 클립이 있어 한 가지 룩으로 필요한 색조를 찾을 수 있습니다. 재사용 가능한 보관 케이스가 포함되어 있어 어디에서나 색상을 추가할 수 있습니다 내면의 예술가가 빛납니다! Zebra Pen은 신예 예술가이든 창의적인 전문가이든 상관없이 자신을 표현할 수 있도록 다양한 도구를 갖추고 있습니다","Zebra Pen Mildliner 더블 엔드 형광펜은 각 펜에 두 가지 크기의 팁이 있어 독특한 창의력을 표현할 수 있도록 도와줍니다. 각 펜의 독특한 순한 색상은 페이지에 부드러운 색조를 제공하여 방수 잉크로 쉽게 레이어링할 수 있습니다. 아름다운 파스텔 색상이 번지지 않으므로 스케치북의 다음 페이지에 대해 걱정할 필요가 없습니다. 듀얼 팁 다크 블루 하이라이터 12개가 포함되어 있습니다. AP 인증 무독성. Mildliner 더블 엔드 형광펜 세트를 책상 서랍, 아트 통 또는 백팩에 보관하여 창의력을 발휘하세요. 맞춤형 인사말 카드를 만들거나 새로운 아이디어를 스케치하거나 모든 프로젝트에 정밀한 색상을 추가하세요. 불렛 저널, 성경 공부 또는 플래너에 아름다움을 더하세요. 수제 카드, 글자 및 아트 프레젠테이션에 색감을 더해보세요. 좋아하는 신예 아티스트에게 완벽한 세트를 선물하세요. 텍스트에서 중요한 구절을 표시하는 데 탁월합니다. 추가 색상으로 제공됩니다. Sarasa Fineliners, Zensations Technical 및 캘리그래피 펜과 같은 Zebra Pen 아티스트 악기로 창의적인 키트를 완성하세요.","['창의', '펜', '더블', '잉크', '표현', '성경', '부드럽다', '아름답다', '색조', '창의력']"
사무용품,마커 및 형광펜,형광펜,,B001D7R3EA,"Zebra B-WKCR1-R Optex 케어 하이라이터, 레드, 10개",ゼブラ(ZEBRA),13434,13434,3.9,56.0,"[특징] 넥타이 하나로 대담하고 잔주름을 쓸 수 있습니다 [펜촉] 굵고 미세한 라인 모두용, [라인 너비] 넓은 라인: 0.02 인치 (4.0 mm) / 미세 팁: 0.03 - 0.04 인치 (0.8 - 1.1 mm) 잉크: 수성 안료; 일단 건조되면 물에 들어가지 않고 내광성이 뛰어납니다 용도: 팩스 용지, 비탄소 용지, 일반 용지와 함께 사용 수량: 10개","두껍고 섬세한 필기 모두에 적합합니다. 일단 건조되면 물로 흐르지 않으며, 방수 기반 안료 잉크를 사용하여 형광 색상의 오래 지속되는 생기를 제공합니다. 감열지에 사용할 때에도 필기 선이 변색되지 않으며, 압력에 민감한 종이에 글자가 숨겨져 있지 않습니다. 선 두께: 얇음: 0.03 - 0.04 인치 (0.8 - 1.1 mm), 두께: 0.2 인치 (4.0 mm) 에코 마크 인증 제품, 그린 구매법 준수, GPN 에코 제품, 재활용 소재 사용. 10가지 단색 세트로 판매됩니다.","['라인', '용지', '잉크', '필기', '건조', '물', '안료', '에코', '하이라이터', '민감하다']"
사무용품,마커 및 형광펜,형광펜,,B0D13Z7JXQ,"성경 형광펜 12개, 미학적 귀여운 파스텔 형광펜, 번짐 없는 듀얼 팁 다양한 색상 형광펜 및 펜, 대학 학교 용품 사무실 저널용 성경 마커",ENMY,12451,12451,4.6,7.0,"성경 형광펜 파스텔 12개: ENMY 성경 하이라이터의 12가지 비교할 수 없는 색상은 시각적으로 매력적일 뿐만 아니라 눈을 압도하지 않는 부드럽고 차분한 팔레트를 제공합니다. 아름다운 색상은 공부하거나 일하는 동안 주의를 돌리지 않으며 텍스트에 집중해야 하는 중요한 포인트를 덮지 않습니다. 빠른 건조 및 번짐 없음: 이 미술 펜의 잉크는 수성으로 빠르게 건조됩니다. 얼룩과 얼룩에 대해 걱정할 필요가 없습니다. ENMY 종이의 무결성을 손상시키지 않으면서 생생한 색상을 제공하는 관리형 하이라이터를 보유하고 있습니다. 성경이나 공책 용지를 강조할 때 번지거나 반대편에 있는 텍스트의 가독성을 손상시킬 걱정 없이 이 책 형광펜을 사용하세요. 듀얼 팁 미적 파스텔 하이라이터: 하이라이터의 듀얼 팁 디자인은 게임 체인저입니다. 섬세한 팁으로 정확한 하이라이트가 가능하여 밑줄을 긋고 강조하기 쉽습니다. 끌 팁은 종이에 번지거나 번지지 않고 크고 중요한 정보 영역을 표시하는 데 적합합니다. 듀얼 팁의 다양성은 교과서 강조부터 성경 공부에 이르기까지 다양한 응용 분야에 특히 유용합니다. 성경 안전 형광펜: 빠르게 건조되는 잉크 포뮬러로 다음 페이지로 번지거나 종이가 손상될 염려가 없습니다. 성경을 공부할 수 있게 하는 것은 안심할 수 있습니다. 성경 공부를 위한 훌륭한 자료입니다. 또한 이 귀여운 형광펜은 학교, 대학, 가정, 여행 일기, 직장, 공부, 메모 등에 적합합니다. 가족과 친구를 위한 멋진 선물입니다. 부드러운 짜기: 파스텔 키 포인트 하이라이터의 펜촉은 실크처럼 부드러워 쉽게 쓰고 매끄러운 선을 만들 수 있습니다. 또한 편안하고 잡기 쉬워 계속 쓸 수 있습니다. 학교 대학, 가정, 사무실 및 여행에 적합한 미적 파스텔 하이라이터, 다양한 색상 형광펜. 색상 코딩, 하이라이트 저널, 작업 계획, 공부, 메모에 적합합니다.",,"['펜', '성경', '형광', '공부', '하이라이터', '파스텔', '듀얼', '강조', '건조', '빠르다']"
사무용품,마커 및 형광펜,형광펜,,B004N9D11O,펜텔 24/7 치즐 팁 액체 하이라이터,Pentel,26592,22409,4.8,40.0,Intensely colored liquid ink doesn't bleed through most paper Country of Origin : South Korea Snap tight cap helps your ink last longer The Package Height of the Product is 5.75 inches,"Multi-purpose highlighter with free-flowing ink for smooth, even coverage. Chisel tip highlights thick or thin lines. Vivid ink won't bleed through most papers. Works on faxes, photocopies, computer printouts and more. Perfect for highlighting, underlining and color-coding. Ap certified by ACMI. 12 highlighters included in pack.","['펜텔', '치즐', '액체', '하이라이터']"
사무용품,마커 및 형광펜,형광펜,,B0C6QL1CM8,"Shuttle Art 성경 형광펜 및 펜 번짐 없음, 12가지 파스텔 색상 젤 형광펜, 번짐 없음, 성경 저널 용품, 저널링 하이라이트 및 공부에 적합",Shuttle Art,9681,9681,3.5,98.0,"12가지 파스텔 색상: Shuttle Art 12팩에는 12개의 파스텔 색상 젤 하이라이터가 포함되어 있습니다. 투명 파우치에 보관되며 각 제품에는 내구성이 뛰어난 클립이 있어 휴대가 간편합니다. 번짐 없음: 성경이나 잡지의 페이지를 통해 번지지 않으며, 번지지 않으며, 뚜껑을 닫지 않으면 마르지 않습니다. 독창적인 디자인: 트위스트 업 디자인으로 젤 스틱을 접을 수 있으며, 플라스틱 쉘은 젤 스틱을 위한 쉼터를 제공하여 파손을 더욱 줄여줍니다. 손에 얼룩이 생기지 않고 펜과 마커 잉크 아래에 표시하거나 밑줄을 그릴 수 있습니다. 완벽한 성능: 젤 하이라이터는 색조를 쉽게 드리우고 부드럽게 미끄러집니다. 사람들은 언뜻 보면 생생한 색상에 쉽게 끌릴 수 있습니다. 이 젤 하이라이터는 뚜껑을 닫지 않아도 마르지 않습니다. 일상적인 학교 공부 및 사무실 프로그램에 적합합니다. 서비스 보장: 고객 만족을 최우선으로 생각합니다. 안심하고 제품을 구입하십시오. 저희 제품에 만족하지 못하거나 질문이 있으시면 언제든지 저희에게 연락하십시오.","Shuttle Art 12가지 파스텔 색상 성경 형광펜, 젤 형광펜, 번짐 없음, 성경 일기 용품, 저널링 하이라이트 및 공부에 적합","['펜', '성경', '파스텔', '형광', '공부', '하이라이터', '스틱', '적합', '용품', '뚜껑']"
사무용품,마커 및 형광펜,형광펜,,B0CZ7GGYLF,"G.T. Luscombe Company, Inc. 마일드 라이너 하이라이터 유도 성경 공부, 번짐 없음, 번짐 없음, 반투명 컬러 마커, 다양한 순한 색상, 섬세한 펠트 팁 블랙 잉크, 5피스 세트 및 투명 눈금자","G.T. Luscombe Company, Inc.",27630,27630,,,"이 마커 세트로 귀납적 성경 연구, 캘리그래피, 레터링 또는 작품을 업그레이드하세요. 이 번들에는 4가지 색상의 마일드라이너, 더블 엔드 불렛 팁 및 브러시 팁이 포함되어 있습니다. 정밀도를 위해 Zensations 파인 팁 노트 펜을 사용하십시오. 12.7cm(5인치) 투명 눈금자로 밑줄을 긋고 정확하게 표시하세요. 섬세한 팁 펠트 펜으로 매끄럽고 균일한 라인을 얻을 수 있습니다. AP 인증, 영구적, 중성 잉크. 성경 페이지를 통해 번지지 않습니다. 번지지 않습니다. 성경 공부를 위한 글쓰기, 그리기, 밑줄 및 상징 만들기에 적합합니다. 이중 엔드 디자인이 있는 9Mildliner하이라이터. 브러시 팁 두꺼운 직교선, 미세 마커 팁용 샤프라인 및 디테일 라이팅. 성경 공부, 일기, 색상 코딩 등에 적합합니다. 형광펜을 일요일 설교 노트, 불렛 스타일 저널, 귀납적 학습과 페어링하거나 그의 교훈을 읽는 동안 성경에 자신 있게 표시하세요.","G.T. Luscombe Company, Inc., 가족 소유 및 운영 기업으로 1974년부터 기독교 시장에 봉사해 왔습니다. 오디오/비주얼 장비 및 기타 프레젠테이션 용품 판매를 시작한 직후 GTL은 더 나은 책과 성경 액세서리가 필요하다는 것을 알게 되었습니다. GTL은 이제 소비자에게 필기 용품, 학습 보조 도구 및 영감을 주는 참신한 아이템을 제공할 수 있도록 기독교 서점에 고품질 제품을 공급하는 데 중점을 두고 있습니다. 전 세계 매장에는 성경 형광펜, 밑줄, 펜, 학습 표시 키트, 돋보기, 책 조명, 성경 색인 탭 및 성경 저널 제품을 포함한 다양한 GTL 제품이 있습니다.","['성경', '펜', '공부', '학습', '표시', '밑줄', '형광', '눈금', '섬세하다', '브러시']"
사무용품,마커 및 형광펜,형광펜,,B08HCMRY81,"YISAN 성경 형광펜 번짐 없음, 젤 형광펜, 드라이 형광펜, 성경 공부 저널링용 크레용 마커 펜, 성경 액세서리, 8가지 다양한 색상 20222",YISAN,13836,11066,4.7,1789.0,"젤 하이라이터는 번짐과 얼룩을 방지하고 뚜껑을 닫지 않아도 건조되지 않습니다. 광택 및 얇은 종이, 잡지 및 성경을 포함한 종이에 번지지 않습니다. 패셔너블한 색상은 작업에 미묘하지만 세련된 룩을 선사합니다. 색상 코딩, 일기, 성경 또는 다른 책을 암기하는 데 적합합니다. 트위스트 업 디자인은 젤 내부의 파손을 줄이고 플라스틱 쉘의 보호 아래 깨끗하게 유지되며 사용이 용이합니다.",,"['성경', '펜', '형광', '종이', '아래', '세련되다', '보호', '방지', '미묘하다', '하이라이터']"
사무용품,마커 및 형광펜,형광펜,,B0BK1R7LC5,"Zebra Pen Mildliner 더블 엔드 형광펜 마커 세트, 넓고 가는 포인트 팁, 마일드 라벤더 잉크, 12팩 - (96팩 케이스, 총 1152개)",Zebra,1295390,1295390,,,"독특하고 부드러운 색상은 페이지를 통해 번지지 않고 넓고 섬세한 포인트 팁에서 종이를 부드럽게 칠하여 넓은 하이라이트나 섬세한 밑줄에 유용합니다 순한 방수 안료 잉크는 반투명하며 레이어링에 탁월하며 글씨와 끌 팁을 사용하여 핸드 레터링과 창의적인 용도로 사용할 수 있습니다 깔끔한 흰색 배럴로 이 마커 하이라이터는 사무실, 미술 부서 또는 스튜디오에 사랑스러운 추가 아이템으로 아이디어를 더 명확하게 표현할 수 있습니다 미세하고 넓은 팁 끝 모두 캡이 있으며 굵은 끝에 색상 코드 클립이 있어 연필컵에서 올바른 색상을 쉽게 찾을 수 있습니다 Sarasa Fineliners, Zensations 캘리그래피 및 테크니컬 펜과 같은 Zebra Pen 아티스트 악기로 키트를 완성하여 수많은 창의적인 표현에 약간의 추가 기능을 추가하세요","Zebra Pen Mildliner 더블 엔드 형광펜은 각 펜에 두 가지 크기의 팁이 있어 독특한 창의력을 표현할 수 있도록 도와줍니다. 각 펜의 독특하고 부드러운 색상은 페이지에 부드러운 색조를 제공하여 방수 잉크로 쉽게 레이어링할 수 있습니다. 아름다운 색상이 번지지 않으므로 스케치북의 다음 페이지에 대해 걱정할 필요가 없습니다. 12개의 마일드 라벤더 잉크 하이라이터가 포함되어 있습니다. AP 인증 무독성. Mildliner 더블 엔드 형광펜 세트를 책상 서랍, 아트 통 또는 백팩에 보관하여 창의력을 발휘하세요. 맞춤형 인사말 카드를 만들거나 새로운 아이디어를 스케치하거나 모든 프로젝트에 정밀한 색상을 추가하세요. 불렛 저널이나 플래너에 아름다움을 더하세요. 수제 카드, 글자 및 아트 프레젠테이션에 색감을 더해보세요. 좋아하는 신예 아티스트에게 완벽한 세트를 선물하세요. 텍스트에서 중요한 구절을 표시하는 데 탁월합니다. 추가 색상으로 제공됩니다. Sarasa Fineliners, Zensations Technical 및 캘리그래피 펜과 같은 Zebra Pen 아티스트 악기로 창의적인 키트를 완성하세요.","['펜', '추가', '잉크', '넓다', '부드럽다', '독특하다', '창의', '형광', '아티스트', '표현']"
사무용품,마커 및 형광펜,형광펜,,B0027MDL3C,"ZEBRA MILD 라이너, 양면 형광펜, 5세트 (WKT7-5C)",Zebra,13850,10526,4.7,7045.0,Zebra 하이라이터 마일드 안감 5가지 색상 세트,"Mildliner 하이라이터는 종이에 부드럽게 나타나는 독특한 색상이 특징입니다. 주의를 끌기에 딱 맞는 그늘을 가지고 있지만 밝은 형광으로 당신을 압도하지는 않습니다. 하이라이터는 넓고 섬세한 팁이 있는 양면입니다. 이 세트에는 마일드 블루, 마일드 블루 그린, 마일드 옐로우, 마일드 오렌지, 마일드 핑크의 5가지 색상이 포함되어 있습니다.","['일드', '하이라이터', '형광', '양면', '블루', '섬세하다', '그린', '넓다', '독특하다', '라이너']"
사무용품,마커 및 형광펜,형광펜,,B0978JL1YL,확장된 20가지 색상 형광펜 세트 | 풍부하고 가벼운 네온 쉐이드 | 빠른 건조 및 편안한 그립,LINEPLUS,9681,9681,4.4,93.0,광범위한 색상 선택: 풍부하고 밝은 네온 쉐이드가 포함되어 있어 모든 하이라이트 요구 사항을 충족합니다. ✨ 네온 쉐이드 포함: 눈에 띄는 노트를 위한 밝은 네온 색상으로 주요 정보를 강조하기에 적합합니다. 얼룩 방지 퀵 드라이 잉크: 모든 종이 유형에 번짐을 방지하는 빠른 건조 잉크 포뮬러. 인체 공학적 디자인: 긴 학습 세션과 집중적인 메모 작성을 위해 편안하게 설계되었습니다. 다용도 끌 팁: 넓고 정밀한 마킹 모두에 이상적이며 생산성을 향상시킵니다. 💡 생생한 파스텔 옵션: 대담한 하이라이트와 부드러운 음영을 위해 똑같이 장착되어 있습니다.,,"['네온', '건조', '하이라이트', '풍부하다', '편안하다', '빠르다', '방지', '잉크', '확장', '마킹']"
사무용품,마커 및 형광펜,형광펜,,B09TJ6QZPH,하이라이터 더블 엔드 마일드 18가지 색상 형광펜 형광 마커 펜 컬러링 밑줄 하이라이팅 브로드 및 파인 팁 18가지 색상 세트 (15팩),Zosxi,17991,17991,4.6,562.0,❤독특하고 부드러운 색상은 페이지를 통해 번지지 않고 넓고 섬세한 포인트 팁에서 종이를 부드럽게 칠하여 넓은 하이라이트나 섬세한 밑줄에 유용합니다 ❤부드러운 색상이 부드럽게 나타나 독특한 결과를 얻을 수 있습니다 ❤무독성 포뮬러로 안전한 취급과 사용을 보장합니다 ❤내면의 예술가를 빛나게 하세요! Zosxi 하이라이터는 신예 예술가이든 창의적인 전문가이든 자신을 표현할 수 있는 다양한 도구를 갖추고 있습니다. ❤아이의 눈을 보호하세요 - 주의를 끌기에 적합한 그늘을 가지고 있지만 밝은 형광으로 당신을 압도하지 않습니다. 형광 펜은 환경 보호 잉크를 사용하여 안전하고 무해합니다.,,"['형광', '부드럽다', '펜', '안전하다', '밑줄', '넓다', '예술가', '섬세하다', '독특하다', '하이라이터']"
사무용품,마커 및 형광펜,형광펜,,B0057G0PGQ,"SAN1754466 - 샤피 액센트 리퀴드 펜 스타일 하이라이터, 12개",SHARPIE,36397,23212,4.7,286.0,"눈에 띄는 잉크 공급 장치가 있어 예기치 않게 부족할 일이 없습니다. 화려한 색상을 위한 색소 잉크. 다용도 끌 팁은 하이라이트와 밑줄 모두에 이상적입니다. 형광펜 끝에 있는 루프 기능을 사용하면 3링 바인더, 플래너, 가방 등에 부착할 수 있습니다. 빠르게 건조되는 잉크는 냄새가 없습니다.","3링 바인더, 플래너 및 가방에 부착되는 루프가 있어 하이라이터를 잃어버릴 수 없습니다. . 눈에 띄는 잉크 공급으로 소모되기 전에 알 수 있습니다. 일관된 하이라이트를 위한 부드러운 잉크 흐름. 끌 팁은 넓고 좁은 텍스트 선을 모두 강조합니다. 빠른 건조, 무취. 색상: Fluorescent Orange; 팁 유형: 끌.","['잉크', '부착', '건조', '공급', '하이라이터', '루프', '바인더', '빠르다', '가방', '하이라이트']"
사무용품,마커 및 형광펜,형광펜,,B001U3ZYCU,"AVERY Hi-Liter 책상 스타일 형광펜, 번짐 방지 잉크, 끌 팁, 형광 오렌지 형광펜 12개 (24050)",AVERY,13836,13836,4.5,290.0,"번짐 없음. 펜, 마커 또는 잉크젯 잉크가 번지지 않는 눈길을 끄는 형광 오렌지 잉크로 키 통로를 강조하세요 내구성이 뛰어난 끌 팁 하이라이터는 마모되지 않으며 강조하거나 밑줄을 긋는 데 사용할 수 있습니다 Hi-Liter 잉크는 빠르게 건조되며 대부분의 종이에 번지지 않습니다 형광펜 마커는 마르지 않고 최대 1주일 동안 뚜껑을 닫지 않은 상태로 둘 수 있습니다 패키지에는 형광 오렌지 형광펜 12개가 포함되어 있습니다. 교과서, 불렛 저널, 플래너 등과 함께 사용하기에 적합합니다","Avery Hi-Liter 데스크 스타일 하이라이터로 필수 단어와 문구에 주의를 기울이세요. 이 하이라이터의 몰드 끌 팁은 눈길을 끄는 형광 오렌지 잉크로 텍스트를 강조하거나 밑줄을 그릴 수 있는 정밀도를 제공합니다. 대부분의 종이에 번지지 않고 펜, 마커 또는 잉크젯 잉크가 번지지 않는 번짐 방지 형광펜 잉크로 문서를 깨끗한 상태로 유지하세요. 오래 사용할 수 있도록 제작된 이 하이라이터는 마모되지 않는 탄력 있는 팁과 오래 지속되는 잉크 공급이 가능한 편안한 면 배럴을 가지고 있습니다. 향상된 잉크 포뮬러로 형광펜을 마르지 않고 최대 1주일 동안 뚜껑을 덮지 않은 상태로 둘 수 있습니다. 손에 형광펜 잉크를 묻힐 염려가 없습니다. 수성 잉크는 피부에서 쉽게 씻을 수 있으며 ACMI 인증 무독성으로 어린이와 교실에서 사용하기에 안전합니다. 학교, 가정 및 사무실에서 사용할 수 있는 필수 아이템인 이 형광 오렌지 형광펜 12개 팩은 교과서 강조, 예산 분류, 시험 준비, 플래너의 색상 코딩에 적합하며 모든 학용품 또는 불렛 저널 용품 목록에 훌륭한 추가 아이템입니다./Highlighters offer vibrant read-through colors and a molded chisel tip to highlight or underline. Durable plastic tip delivers smooth highlighting and won""t fray or mush. Improved formula allows you to leave the cap off highlighter for up to one week and still highlight. Highlighters contain quick-drying, nontoxic ink. ACMI certified (conforms to ASTM D-4236).","['형광', '잉크', '펜', '오렌지', '하이라이터', '강조', '상태']"
사무용품,마커 및 형광펜,형광펜,,B0758FRB9P,"Sharpie 27162PP 포켓 스타일 형광펜, 좁은 끌 팁, 이지 글라이드, 스미어 가드 잉크, 형광 옐로우 색상, 2개 1팩, 총 2개의 형광펜",SHARPIE,6911,7271,4.7,224.0,밝고 보기 쉬운 색상으로 강조된 텍스트를 쉽게 읽을 수 있습니다. 형광펜 2개 포함,"부드럽고 빠르게 건조되는 Smearguard 잉크가 특징인 Sharpie 포켓 하이라이터는 텍스트가 번지거나 번지지 않고 중요한 문서를 쉽게 표시할 수 있습니다. 튼튼한 끌 팁으로 이 하이라이터는 중요한 단어를 쉽게 강조하거나 텍스트 섹션에 밑줄을 긋습니다. 무취, AP 인증 무독성 잉크는 교실 및 사무실 환경에서 사용하기에 이상적입니다. 이 얇은 하이라이터는 주머니와 가방에 쉽게 넣을 수 있으며, 캡은 편리한 휴대성을 제공하여 가방이나 옷 내부에 자국을 남기지 않고 Sharpie Pocket을 운반할 수 있습니다. 자기 표현에 관해서는 Sharpie를 능가하는 것은 없습니다. 1964년에 출시된 세계 최초의 펜 스타일 영구 마커는 세계에서 지울 수 없는 흔적을 남겼습니다. 오늘날, 각각의 새로운 색상과 스타일은 아이디어를 불러일으키고 창의성에 영감을 주며 모든 사람의 삶을 더 재미있게 만듭니다. 그래서 무엇을 기다리고 계십니까? Sharpie를 잡고 상상력을 발휘하세요. 이 패키지에는 Sharpie 액센트 형광 옐로우 포켓 스타일 형광펜 2개 1팩이 포함되어 있습니다.","['형광', '펜', '스타일', '포켓', '잉크', '텍스트', '하이라이터', '가방', '세계', '강조']"
사무용품,마커 및 형광펜,형광펜,,B001AFB6SY,"Avery Hi-Liter 책상 스타일 형광펜, 번짐 방지 잉크, 끌 팁, 형광 퍼플 형광펜 12개(24060)",AVERY,13836,13836,4.5,868.0,"번짐 없음. 펜, 마커 또는 잉크젯 잉크가 번지지 않는 눈길을 끄는 형광 퍼플 잉크로 키 통로를 강조하세요 내구성이 뛰어난 끌 팁 하이라이터는 마모되지 않으며 강조하거나 밑줄을 긋는 데 사용할 수 있습니다 Hi-Liter 잉크는 빠르게 건조되며 대부분의 종이에 번지지 않습니다 형광펜 마커는 마르지 않고 최대 1주일 동안 뚜껑을 닫지 않은 상태로 둘 수 있습니다","Avery Hi-Liter 데스크 스타일 하이라이터로 필수 단어와 문구에 주의를 기울이세요. 이 하이라이터의 몰드 끌 팁은 눈길을 끄는 형광 보라색 잉크로 텍스트를 강조하거나 밑줄을 긋는 정밀도를 제공합니다. 대부분의 종이에 번지지 않고 펜, 마커 또는 잉크젯 잉크가 번지지 않는 번짐 방지 형광펜 잉크로 문서를 깨끗한 상태로 유지하세요. 오래 사용할 수 있도록 제작된 이 하이라이터는 마모되지 않는 탄력 있는 팁과 오래 지속되는 잉크 공급이 가능한 편안한 면 배럴을 가지고 있습니다. 향상된 잉크 포뮬러로 형광펜을 마르지 않고 최대 1주일 동안 뚜껑을 덮지 않은 상태로 둘 수 있습니다. 손에 형광펜 잉크를 묻힐 염려가 없습니다. 수성 잉크는 피부에서 쉽게 씻을 수 있으며 ACMI 인증 무독성으로 어린이와 교실에서 사용하기에 안전합니다. 학교, 가정 및 사무실에서 사용할 수 있는 필수 아이템인 이 형광 퍼플 형광펜 12개 팩은 교과서 강조, 예산 분류, 시험 준비, 플래너의 색상 코딩에 적합하며 모든 학용품 또는 불렛 저널 용품 목록에 훌륭한 추가 아이템입니다./Highlighters offer vibrant read-through colors and a molded chisel tip to highlight or underline. Durable plastic tip delivers smooth highlighting and won""t fray or mush. Improved formula allows you to leave the cap off highlighter for up to one week and still highlight. Highlighters contain quick-drying, nontoxic ink. ACMI certified (conforms to ASTM D-4236).","['형광', '잉크', '펜', '강조', '하이라이터', '퍼플', '상태']"
사무용품,마커 및 형광펜,형광펜,,B09BHQL96D,"Sun-Star Stationery S4591755 Ninipie 수성 펜, 펜 및 마커, 6개 세트",SUN-STAR,18254,21232,4.3,40.0,"펜촉에 펜과 마커가 있는 니피 특징: 펜을 2가지 색상과 2가지 기능으로 바꾸어 마커로 바꾸세요 색상: 레드 x 다크 레드, 라이트 오렌지 x 오렌지, 옐로우 그린 x 그린 스모키 블루 x 다크 블루, 스모키 핑크 x 다크 그레이, 비비드 핑크 x 민트 그린 사이즈: 지름 0.5 인치 (12 mm) x 길이 5.5 인치 (140 mm) (펜촉) 0.02 인치 (0.5 mm) & 0.1 인치 (3","색상: 6가지 색상 세트 (스테이셔너리 여성용 어워드 2021 체스트 핸디어워드) 펜 & 마커 니피 6 펜 세트 21 펜촉 & 마커 니피. 니피 1개에 펜과 마커 6개. 색상은 ""레드 x 다크 레드"", ""라이트 오렌지 x 오렌지"", ""옐로우 그린 x 그린"", ""스모키 블루 x 다크 블루"", ""스모키 핑크 x 다크 블루"", ""비비드 핑크 x 민트 그린""이 포함됩니다. 각 조각의 크기는 지름 12 x 높이 140mm(0.5 x 5.5인치)입니다. 잉크는 수성 염료입니다. 6가지 패턴 1개, 펜촉 1개로 ""쓰기"" 및 ""당기기"" 0.5mm(0.02인치) 바늘과 마커 펜을 돌려 사용하세요. 22가지 잉크 색상! 바늘 펜과 마커 펜의 잉크가 다르기 때문에 2 in 1 사용하기 쉽습니다. 펜 케이스도 가볍습니다. 쌓아도 쉽게 볼 수 있습니다. 3. 사용하기 쉬운 부드러운 색상. 글자 위에 선을 그리더라도 아래의 글자를 볼 수 있도록 색상을 신중하게 선택했습니다. 화이트 샤프트 x 부드러운 색상이 귀엽습니다.","['펜', '다크', '그린', '블루', '핑크', '스모키', '레드', '오렌지', '펜촉', '잉크']"
사무용품,마커 및 형광펜,형광펜,,B07PJTJ6H4,"G.T. Luscombe Company, Inc. Accu-Dry Bible-Brites 멀티컬러 12.7 x 10.2cm(5 x 4인치) 아크릴 형광펜 8개 세트","G.T. Luscombe Company, Inc.",16550,16550,4.6,482.0,"Accu-Dry Bible-Brites 하이라이터는 보관 파우치가 있는 8가지 화려한 색상 세트로 제공됩니다. 바래지 않고 번지지 않으며 보관 품질로 성경 공부 및 기타 저널링에 적합합니다 하이라이터는 옐로우, 오렌지, 핑크, 그린, 블루, 바이올렛, 레드, 브라운 색상의 아크릴로 만들어졌습니다 패키지 크기는 약 12.7 x 10.2cm(5 x 4인치)입니다. 성경 근처에 운반하거나 보관하기에 적합합니다 각 하이라이터는 비틀어 늘어나고 접을 수 있으며 정확성을 위해 자체 연마됩니다 보호 포장으로 배송됩니다",,"['하이라이터', '보관', '성경', '아크릴', '화려하다', '형광', '그린', '근처', '레드', '멀티']"
사무용품,마커 및 형광펜,형광펜,,B07W64N446,"MOACC 지울 수 있는 하이라이터, 더블 헤드 부드러운 필기 하이라이터, 끌 팁 다양한 색상 하이라이트 마커, 7개입",MOACC,13836,11066,4.4,2494.0,"하이라이터는 하이라이터로 쓰고 연필처럼 지울 수 있습니다. 강조할 수 있지만 오류의 여지가 남습니다. 실수로 무언가를 강조하면 지울 수 있습니다. 지울 수 있는 하이라이터는 놀랍도록 지울 수 있는 잉크와 깨끗한 마모 지우개의 편리함을 결합했습니다. 닦아낼 필요 없이 반복적으로 표시하고 지울 수 있으며 문서를 손상 없이 깨끗하게 유지할 수 있습니다. 형광펜 마커의 끝은 좁은 끌 팁으로 몰딩되어 넓은 하이라이트, 섬세한 밑줄에 사용할 수 있으며 팁의 얇은 부분은 메모를 작성하는 데에도 사용할 수 있습니다. 더블 헤드 하이라이터는 쉬운 제어와 편안한 그립감을 제공하며, 매우 가볍고 부드럽게 쓸 수 있습니다. 실수로 글을 쓰거나 강조할 때 쉽게 지울 수 있습니다. 옐로우, 핑크, 라이트 핑크, 오렌지, 그린, 블루, 퍼플을 포함한 밝은 형광 잉크 색상 모음.","하이라이터는 생생한 반투명 색상으로 표시하여 텍스트 섹션에 주의를 집중시키는 데 사용되는 필기 장치 유형입니다. 종이나 책을 읽을 때 중요한 것을 표시하고 싶을 수도 있습니다. 그러면 하이 라이터가 중요한 정보를 강조하는 데 도움이 될 수 있습니다. 컬러 하이라이터에는 옐로우, 핑크, 라이트 핑크, 오렌지, 그린, 블루, 퍼플의 7가지 색상이 포함되어 있습니다. 다양한 색상으로 다양한 중요성이나 다른 느낌으로 정보를 강조할 수 있습니다. 끌 팁 디자인으로 하이라이터는 넓은 하이라이트와 섬세한 밑줄 모두에 적합합니다. 넓은 팁을 사용하여 단어나 내용의 섹션을 완전히 커버하거나 팁의 얇은 부분을 사용하여 밑줄을 긋거나 작은 크기의 텍스트를 정확하게 강조할 수 있습니다. 펜은 잡기 편하며 부드러운 글씨나 그림을 제공합니다. 더블 헤드 디자인, 하나의 헤드는 하이라이트를 제공하지만 실수를 위해 공간을 남겨두면 다른 헤드로 지울 수 있습니다. 생일, 광고, 기념일, 박람회, 축제, 직원 혜택, 집들이, 개회식, 상, 결혼식, 비즈니스 등에 이상적인 선물.","['하이라이터', '강조', '헤드', '하이라이트', '핑크', '부드럽다', '실수', '더블', '넓다', '밑줄']"
사무용품,마커 및 형광펜,형광펜,,B0BDKG3H18,"HP7256 점진적 색상 형광펜, 끌 팁 마커 형광펜, 저널 성경 메모용, 다양한 색상, 4팩 (HP7256B 4가지 색상)",xixixiaozhu,9667,9667,3.5,3.0,"단어를 덮지 않는 부드러운 색상 하이라이터, 각 1개의 그라데이션 색상 조합 패키지로 매일 사용할 수 있습니다 하이라이터는 속건성 잉크를 사용하여 글을 쓸 때 종이에 번지지 않으며, 번지거나 번지지 않고 중요한 문서에 표시할 수 있습니다 하이라이터는 하이라이트, 밑줄, 플래너, 저널, 글쓰기, 드로잉, 색칠 등에 적합합니다 내마모성 섬유 펜 팁, 부드러운 필기, 변형 없는 내구성 펜에 문제가 있으시면 언제든지 저희에게 연락해 주십시오. 문제를 해결해 드리겠습니다",사양: 종류: 하이라이터 잉크: 수성 펜촉: 끌 라인 사이즈: 1-4mm 마감: 풀 캡 사이즈: 13*8.5*1.5cm 무게: 62.4g 개수: 4,"['펜', '하이라이터', '형광', '부드럽다', '잉크', '문제', '메모', '변형', '밑줄', '문서']"
사무용품,마커 및 형광펜,형광펜,,B09NSGZ9DM,"파스텔 형광펜, 24개, 끌 포함, 미적 펜, 다양한 색상, 미적 마커, 학교 용품, 하이라이터, 번지지 않음, 사무실 저널 용품용(생생한 색상)",Chinco,9681,9681,4.4,133.0,"패키지 구성: 6가지 색상의 귀여운 액체 형광펜 24개를 패키지에 받게 됩니다. 충분한 수량과 색상으로 일상적인 요구 사항을 충족할 수 있으며 친구들과 공유할 수 있습니다. 크기는 약 13cm(5.12인치)이며 여행 시 휴대가 쉽습니다 번짐 방지 및 건조가 빠릅니다. 이 눈 보호 하이라이터는 수성으로 빠르게 건조되므로 오랫동안 기다릴 필요가 없으며 잉크가 손과 소매를 더럽힐 염려가 없습니다. 번지지 않는 디자인으로 사용 시 종이를 더럽히지 않습니다 시각적 및 필기 경험: 다양한 형광펜 마커의 색상은 부드러워 눈을 다치지 않습니다. 끌 팁 디자인으로 글씨가 매끄러워 즐거운 경험을 선사합니다 고품질 소재: 이 파스텔 마커 형광펜 케이스는 고품질 플라스틱으로 만들어졌으며 리필은 섬유로 만들어졌습니다. 표면은 매끄럽고 사용하기 안전합니다. 풀아웃 캡이 있어 열고 닫을 수 있습니다. 사각형 쉘은 미끄러지지 않고 안정적으로 테이블에 놓을 수 있습니다 적용 용도: 이 순한 하이라이터는 학교, 대학, 가정, 사무실 및 기타 곳에서 사용할 수 있는 제안 작성, 작업, 공부, 주석 및 메모 작성에 적합합니다",,"['펜', '형광', '하이라이터', '파스텔', '용품', '작성', '매끄럽다', '사무실', '디자인', '빠르다']"
사무용품,마커 및 형광펜,형광펜,,B0BFVJQFYQ,"성경 형광펜 8가지 색상 미적 형광펜 펜 번짐 없는 파스텔 젤 파스텔 형광펜 마커, 성경 공부, 플래너 메모, 학교 사무실 가정 용품용 부드러운 끌 팁 포함 (8)",Sinmoe,9681,9681,3.8,12.0,"부드러운 필기: 편안한 몸체와 부드러운 끌 팁 지지대는 편안하고 사용하기 쉽고, 부드러운 팁은 매우 부드러운 필기 경험을 제공합니다. 이 파스텔 성경 형광펜 마커는 유제품, 플래너, 메모 및 학교 사무실에서 사용하기에 적합합니다. 자유롭게 흐르는 잉크로 얇은 종이에 모든 것을 부드럽게 쓸 수 있습니다 빠른 건조 및 번짐 없음: 당사의 번짐 방지 형광펜은 빠르게 건조되는 수성 잉크로 성경 책이나 기타 책과 공책의 잉크를 쉽게 바래거나 비치지 않습니다. 강력한 필기 경험은 고품질 파스텔 형광펜임을 증명합니다 패키지 포함: 8개의 다채로운 형광펜, 각 색상 1개를 포함한 8개의 밝은 색상의 형광펜을 받게 됩니다. 파스텔 성경 형광펜은 색상 코딩에 이상적입니다. 또한 연구, 텍스트 및 법률 책과 같은 모든 종이 표면에 강조하는 데에도 안전합니다 귀여운 마일드 파스텔 색상: 각 성경 마커는 부드럽고 번짐 없는 파스텔 디자인이 특징이며, 다양한 다채로운 형광펜은 성경 저널링이나 메모를 작성하기에 좋습니다. 미학적인 하이라이터는 색상 코딩과 좋아하는 책 구절 소녀 및 사무실 근로자에게 적합합니다 다양한 용도: 부드러운 끌 팁 성경 형광펜은 널리 사용할 수 있으며 학교, 가정, 사무실 및 기타 장소에서 사용할 수 있습니다. 밝은 색상은 다양한 메모를 구별하고 쉽게 식별할 수 있습니다. 이 네온 하이라이터는 좋은 선택입니다. 자신 있게 선택할 수 있으며 대학생, 선생님, 어린이, 성인 및 청소년에게 적합합니다","특징: 간편한 휴대: 가볍고 공간을 절약하는 각 네온 하이라이터는 충분히 작고 부피가 크지 않아 휴대가 가능하며 사용하기 쉽습니다. 아름다운 선물: 번지지 않는 성경 형광펜과 펜은 친구를 위한 좋은 선택입니다. 선생님, 학생, 읽기를 좋아하는 친구들에게 선물로 줄 수 있습니다. 소재: 플라스틱 사이즈: 13.5cm 색상: 사진과 같음 패키지 구성: 성경 형광펜 8개 참고: 수동 측정으로 인해 사이즈가 약간 다를 수 있습니다. 화면 디스플레이로 인해 제품의 색상이 사진과 약간 다를 수 있습니다.","['펜', '형광', '성경', '부드럽다', '파스텔', '사무실', '책', '메모', '좋다', '선택']"
사무용품,마커 및 형광펜,형광펜,,B00BT2Y46O,"Sharpie - 젤 하이라이터, 다양한 색상 - 세트당 3개",SHARPIE,13836,10401,4.7,227.0,"트렌디하고 시크함: 매일 사용할 수 있는 멋진 사무실 또는 문구 액세서리; 최신 문구류나 노트 패드와 잘 어울립니다. 이 제품을 사용하여 편안한 그립과 종이 위로 부드럽게 미끄러지듯 미끄러지듯 움직입니다 친근한 디자인: 컴팩트한 디자인으로 이 제품을 쉽게 사용하거나 가방에 넣을 수 있습니다. 매력적인 선물 아이디어: 모든 행사나 계절에 어울리는 트렌디한 아이템으로 친구와 친척에게 선물하세요! 아이들은 글쓰기, 낙서 또는 드로잉에 사용할 때 이 선물의 실용성을 좋아할 것입니다!",HilighterSa Gel3PkAst,"['선물', '트렌디', '디자인', '행사', '계절', '구류', '글쓰기', '낙서', '노트', '드로잉']"
사무용품,마커 및 형광펜,형광펜,,B0CJHHT7BD,"PATIKIL 하이라이터 펜, 10팩 수성 브로드 팁 필기 마커 펜, 사무실 가정 일상용, 스타일 3, 옐로우",PATIKIL,14667,14667,5.0,1.0,"색상: 노란색; 펜촉 너비: 5mm / 0.2인치, 포인트 유형: 넓음, 사이즈: 115 x 24mm / 4.5 x 0.9인치(길이*너비), 포장 목록: 형광펜 10개 장점: 밝은 색상으로 메모를 쉽게 표시할 수 있으므로 이러한 방식으로 형성된 하이라이트는 잊기 쉽지 않으며 다음 번에 쉽게 찾을 수 있습니다. 가볍고 심플한 펜 바디 디자인은 주머니에 잘 맞아 휴대와 잡기 쉽고 언제든지 필기 요구 사항을 충족할 수 있습니다. 부드러운 글씨로 다양한 크기의 텍스트를 강조하고 다양한 두께의 선을 그리는 데 좋습니다. 지침: 텍스트에서 강조해야 하는 단어나 문장을 표시할 수 있으므로 다음 번에 중요한 포인트를 빠르게 찾을 수 있습니다. 용도: 형광펜은 일기, 편지, 카드 만들기, 메모 작성, 스크랩북, 공예, 컬러링 북, DIY 알파벳 등에 쉽게 사용할 수 있는 작업, 연구 및 예술 제작을 위한 훌륭한 도구입니다. 생일, 크리스마스 및 기타 휴일 선물 제작에도 사용할 수 있으며, 중요한 부분을 강조하고 아름다운 패턴을 그리는 데 적합합니다. 참고: 조명 문제로 인해 색상이 약간 다를 수 있습니다.","형광펜은 일기, 편지, 카드 제작, 메모 작성, 스크랩북, 공예, 컬러링 북, DIY 알파벳 등에 쉽게 사용할 수 있는 작업, 학습 및 예술 제작을 위한 훌륭한 도구입니다. 생일, 크리스마스 및 기타 휴일 선물 제작에도 사용할 수 있으며, 중요한 부분을 강조하고 아름다운 패턴을 그리는 데 적합합니다. 사양 색상: 옐로우 펜촉 너비: 5mm / 0.2인치 포인트 타입: 브로드 사이즈: 115 x 24 mm / 4.5 x 0.9 인치 (L*W) 포장 목록: 10 x 형광펜 어드밴티지 1. 밝은 색상으로 메모를 쉽게 표시할 수 있으므로 이러한 방식으로 형성된 하이라이트는 쉽게 잊을 수 없으며 다음에 쉽게 찾을 수 있습니다. 2. 가볍고 심플한 펜 바디 디자인은 주머니에 잘 맞아 휴대와 잡기 쉽고 언제든지 필기 요구 사항을 충족할 수 있습니다. 3. 부드러운 글씨로 다양한 크기의 텍스트를 강조하고 다양한 두께의 선을 그리는 데 좋습니다. 설명서 텍스트에서 강조해야 하는 단어나 문장을 표시할 수 있어 다음 번에 중요한 포인트를 빠르게 찾을 수 있습니다. 참고: 조명 문제로 인해 색상이 약간 다를 수 있습니다","['펜', '강조', '제작', '포인트', '중요하다', '형광', '표시', '텍스트', '북', '메모']"
사무용품,마커 및 형광펜,형광펜,,B0CP3BXP8Y,"Nicpro 미적 형광펜 및 파스텔 펜 세트, 번짐 없는 성경 펜 10팩 및 모란디 형광펜 12개 세트, 10가지 다양한 색상 잉크, 성경 저널링, 메모 작성을 위한 파인 포인트 젤 펜",Nicpro,20761,20761,4.8,22.0,"【다양한 색상 펜 및 형광펜 세트】: 이 젤 펜 세트에는 성경 형광펜 12팩, 미적 펜 10팩이 포함되어 있습니다. 또한, 교체할 수 있는 다채로운 리필 10개가 함께 제공됩니다. 【빠른 건조 및 번짐 없음】: Nicpro 파스텔 잉크 펜은 다른 많은 유형의 잉크보다 빠르게 건조되어 작업이 번지지 않고 피가 생기지 않으며 번짐을 방지합니다. 왼손잡이 또는 글을 쓰는 동안 페이지를 가로질러 손을 드래그하는 경향이 있는 모든 사람에게 이상적입니다. 【부드러운 필기】: 프리미엄 잉크가 있는 각 성경 펜은 항상 건너뛰지 않고 미끄러집니다. 디테일한 삽화, 색칠, 글쓰기에 적합합니다. 그리고 플래너 펜은 부드러운 고무 그립이 있어 편안한 필기 경험을 제공합니다. 【생생한 색상】: Morandi 컬러 디자인의 컬러 펜 세트. 부드러운 파스텔 색상. 메모를 그룹화하고 쉽게 정리할 수 있을 뿐만 아니라 일상 생활에서 더 많은 재미를 제공하고 편안한 느낌을 줍니다. 【다양한 용도】: 미적 펜과 형광펜 세트는 학교, 사무실 및 가정에서 학생의 일상 글쓰기, 색상 코딩, 플래너, 일기, 낙서, 성경 암기 등에 이상적입니다. 다양한 색상의 펜이 정교한 상자에 담겨 있으며 소녀와 친구를 위한 이상적인 선물입니다. 100% 위험 부담 없는 구매: Nicpro 펜에 만족하지 못하셨다면 질문 없이 환불 또는 교환을 제공하게 되어 매우 기쁩니다. 위험 부담 없이 오늘 주문하세요",,"['펜', '형광', '성경', '잉크', '부드럽다', '파스텔']"
사무용품,마커 및 형광펜,형광펜,,B0822ZJGKG,"BIC Brite 라이너 하이라이터, 치즐 팁, 다양한 색상, 12개입",BIC,26536,26536,5.0,1.0,Sold as 2/Bundle. Two 12-count packs BIC Brite Liner Highlighter Markers Emphasize key text with super-bright assorted fluorescent ink colored highlighters Chisel tip highlighter for broad coloring and fine underlining BIC highlighters won't dry out up to eight hours if the cap left off,1,"['치즐', '하이라이터', '라이너', '개입']"
사무용품,마커 및 형광펜,형광펜,,B07TT5KTS9,"Madisi 하이라이터, 끌 팁, 형광 옐로우, 벌크 팩, 144개",Madisi,69236,41536,4.6,288.0,"형광 옐로우 형광펜 144개, 끌 팁, 교실 밸류 벌크 팩. 무독성으로 학생, 교사, 사무실 근로자가 사용하기에 안전합니다. 좁은 끌 팁은 넓은 하이라이트, 섬세한 밑줄 및 필기 노트를 제공합니다. 얼룩 방지, 수성, 중성, 속건성 잉크는 펜 잉크 번짐을 방지합니다. 학교, 가정 또는 사무실에서 정보를 강조하는 어린이와 성인에게 적합합니다.",,"['형광', '사무실', '펜', '잉크', '옐로우', '방지', '강조', '교사', '교실', '근로자']"
사무용품,마커 및 형광펜,형광펜,,B084H82VGB,"Kuretake Zig Clean 컬러 도트 펜 수성 마커 싱글, 6가지 부드러운 색상 세트 (TCSD-6100/6V)",Kuretake,22021,22021,4.3,850.0,패키지 크기: 길이 1.6cm x 너비 8.8cm x 높이 17.8cm 제품 유형: 마킹 펜 패키지 수량: 1 원산지: 일본,"이 도트 마커로 재미있는 낙서와 다채로운 메모를 만들어보세요. 사용하는 압력에 따라 도트 팁은 1~5mm 너비의 자국을 만들 수 있습니다. 그릴 때 압력을 다양화하여 표현적이고 브러시 같은 스트로크를 만들 수 있습니다. 도트 팁을 사용하여 플래너나 캘린더의 중요한 날짜를 강조할 수도 있습니다. 이 세트에는 마일드 12가지 색상이 포함되어 있습니다: 베이비 핑크 (026), 피치 블리스 (071), 버터 (502), 페일 민트 (403), 파우더 블루 (302), 잉글리시 라벤더 (803)","['도트', '압력', '펜', '패키지', '화하다', '민트', '블루', '브러시', '부드럽다', '베이비']"
사무용품,마커 및 형광펜,형광펜,,B00CMEM4BU,"Staedtler 마스 형광펜, 넓은 끌 팁, 형광 레드 (STD3642)",STAEDTLER,9196,9196,4.6,78.0,"원산지: 독일 내마모성, 매우 부드러운 1.5mm 끌 팁을 제공합니다 내광성, 빠른 건조, 얼룩 방지 안료 잉크 포함 대부분의 직물에서 쉽게 세탁 가능","텍스트 서퍼 클래식 하이라이터는 내광성, 빠른 건조, 번짐 방지 안료 잉크를 포함합니다. 종이, 팩스 및 탄소 없는 용지에 사용하기에 이상적입니다. 비행기 안전 형광펜은 잉크젯 인쇄물을 번지지 않으며 대부분의 섬유에서 쉽게 세탁할 수 있습니다. 자동 압력 균등화는 형광펜이 기내에서 새는 것을 방지합니다. 정밀하게 설계된 디자인에는 폴리프로필렌 배럴과 트위스트 캡이 포함되어 있어 쉽게 열 수 있습니다. 스냅 잠금 캡에는 노트북, 포켓 등에 하이라이터를 부착할 수 있는 편리한 포켓 클립이 포함되어 있습니다. 하이라이터는 내마모성, 매우 부드러운 1.5mm 끌 팁을 가지고 있습니다.","['형광', '하이라이터', '펜', '방지', '잉크', '형광', '모성', '부드럽다', '빠르다', '세탁']"
사무용품,마커 및 형광펜,형광펜,,B0032L3QQO,"Sharpie 액센트 리퀴드 펜 스타일 하이라이터, LQD 악센트, FYW (5개 팩) (1)",SHARPIE,13143,13143,4.8,241.0,"눈에 보이는 잉크 공급... 다 떨어지기 전에 알 수 있습니다! 편리한 루프 기능으로 3링 바인더, 플래너 및 가방에 쉽게 부착할 수 있습니다 색소 형광 잉크는 기존 하이라이터보다 더 생생합니다 다용도 치즐 팁 마크는 강조하거나 밑줄을 긋기에 적합합니다 AP 인증 무독성 포뮬러의 빠른 건조, 무취 잉크!",형광 옐로우 샤피 브랜드 액체 형광펜 5팩으로 무엇을 강조하는지 확인하세요!,"['형광', '잉크', '펜', '강조', '하이라이터', '바인더', '건조', '공급', '기존', '다용']"
사무용품,마커 및 형광펜,형광펜,,B08LL4WR81,Faber-Castell 154689 - 하이라이터 TL 46 메탈릭 8개 팩,Faber-Castell,12312,12312,3.9,1909.0,"수성 잉크 내구성이 뛰어난 끌 팁 3가지 다른 선 너비 - 1mm, 2mm 및 5mm 메탈릭 잉크 균일한 색상 레이다운으로 탁월한 마킹 결과","텍스라이너 46은 모든 표준 용지에 부드럽고 밝은 하이라이트 재미와 얼룩 방지 표시를 보장합니다. 다양한 야광 색상으로 제공됩니다. 특수 폴리에스터 팁은 개별적이고 정밀한 하이라이트를 위해 세 가지 다른 선 너비로 표시됩니다. 환경의 이점을 위한 명확한 신호: 수성 잉크! 핸드 레터링, 학습 노트 및 불렛 저널링에 적합합니다.","['잉크', '메탈', '하이라이트', '표시', '수성', '환경', '부드럽다', '보장', '방지', '명확하다']"
사무용품,마커 및 형광펜,형광펜,,B092DFK5XK,"39피스 성경 저널 키트, 12가지 색상 성경 젤 형광펜 컬러 얇은 포인트 마커 더블 형광펜 펜 셀프 스틱 탭 보관 가방 펜 번짐 없음 컬러링 북 낙서 드로잉용",Tenare,17991,17991,4.1,97.0,"신뢰할 수 있는 소재: 성경 펜은 수성 잉크를 채택하여 안전하고 빠르게 건조되며 부드럽고 다채로운 선으로 쓰기 쉽습니다. 공부 시간, 사무실 작업 및 여가 시간에 재미를 느낄 수 있습니다. 색상 코딩, 일기, 성경 또는 기타 책을 암기하기 위한 실용적인 액세서리 성경 저널 키트: 12가지 색상의 파인 팁 드로잉 펜과 12개의 젤 형광펜, 6개의 양면 형광펜, 8개의 셀프 스틱 탭 및 1개의 보관 가방을 포함한 총 39개의 도구가 제공됩니다. 가정과 사무실에서 다양한 요구 사항을 충족하기에 충분하며 가족, 친구 또는 동료와 공유할 수 있습니다 성경 공부 키트: 성경과 형광펜은 잡지와 성경을 포함한 어떤 종이에서도 번지지 않습니다. 부드럽고 얼룩이 생기지 않습니다. 이 성경 저널 키트는 성경과 신앙에 시각적이고 접근하기 쉬운 방법을 제공합니다 풍부한 도구 포함: 성경 저널 키트에는 3가지 스타일의 컬러 펜이 있어 예술가의 섬세한 잉크 드로잉 및 작고 복잡한 패턴을 색칠하는 것과 같은 선이나 세부 사항을 그리는 데 적합합니다. 색인 표시가 있는 스티커 메모는 성경을 공부할 때 생각과 경험을 더 잘 기록할 수 있습니다 다양한 용도: 성경 저널링 펜 세트는 카드 표시, 페인팅, 글쓰기 등에 사용할 수 있습니다. 메모 작성, 낙서, 글쓰기, 캘린더 등에 이상적이며 삶을 더욱 다채롭고 개성있게 만듭니다. 또한 이 성경 액세서리 세트로 사랑하는 사람을 놀라게 할 놀라운 선물이 될 수 있습니다","39피스 성경 일기 키트, 12가지 색상 성경 젤 형광펜 컬러 얇은 포인트 마커 더블 형광펜 펜 셀프 스틱 탭 보관 가방 펜 색칠 책 낙서 드로잉용 번짐 없음 성경 공부 액세서리: 성경 형광펜은 잡지와 성경을 포함한 어떤 종이에서도 번지지 않습니다. 부드럽고 얼룩이 생기지 않습니다. 이 성경 저널 키트를 사용하면 신앙을 받아들이고 눈에 띄고 참신한 방식으로 성경에 접근할 수 있습니다. 편리한 보관: 이 저널 툴 펜은 백팩에 쉽게 넣을 수 있는 멋진 보관 가방에 담겨 있습니다. 학교, 여행, 가정 및 사무실에서 사용할 수 있습니다. 사양: 수량: 39개 색상: 사진과 같음. 사이즈: 그림과 같음. 패키지 구성: 성경 젤 형광펜 12개. 파인 포인트 마커 12개. 양면 형광펜 6개. 보관용 가방 1개. 셀프 스틱 탭 8개 주의 사항: 수동 측정, 약간의 사이즈 오차가 있을 수 있습니다.","['성경', '펜', '형광', '키트', '보관', '가방', '스틱', '드로잉', '셀프', '탭']"
사무용품,마커 및 형광펜,형광펜,,B0B5T8D8P9,"Mr. Pen - 파스텔 형광펜, 탱크 스타일, 6팩, 끌 팁, 형광펜 파스텔, 성경 형광펜, 멀티컬러 형광펜 팩, 컬러 형광펜, 형광펜",Mr. Pen,9681,5332,4.5,580.0,"패키지에는 옐로우, 핑크, 바이올렛, 오렌지, 그린, 블루 6가지 파스텔 색상 하이라이터가 포함되어 있습니다. 밝고 시스루 색상으로 강조된 텍스트를 쉽게 읽을 수 있습니다. 빠르게 건조되는 잉크는 번짐과 얼룩을 방지합니다. 다용도 끌 팁은 넓고 좁은 선을 효율적으로 생성합니다. Mr. Pen 탱크 스타일 하이라이터는 단어를 강조하고 강조하는 데 이상적입니다.",,"['펜', '형광', '강조', '파스텔', '탱크', '스타일', '하이라이터', '컬러']"
사무용품,마커 및 형광펜,형광펜,,B093LFGFKQ,ZEBRA Mildliner 크리에이티브 마커 형광펜 - 더블 엔드 - 예쁜 핑크와 퍼플 세트,ZEBRA,17991,16204,4.6,63.0,"Zebra Mildliner는 종이에 부드럽게 나타나도록 설계된 독특하고 순한 색상이 특징입니다. 빠르게 건조되는 잉크로 펜이 밑줄과 색상 코딩에 완벽하게 번지지 않습니다. 각 펜은 더블 엔드이며 한쪽에는 0.4mm 선을 쓸 수 있는 끌 팁이 있으며 다른 쪽에는 0.1mm 선을 쓸 수 있는 불렛 팁이 있습니다. 이 펜에는 종이에 번지지 않는 방수 잉크가 포함되어 있습니다. 이 세트에는 라벤더, 마젠타, 푸크시아, 핑크, 코랄 핑크의 5개의 펜이 포함되어 있습니다.",Zebra의 형광펜 마커 펜 5개 팩.,"['펜', '핑크', '형광', '더블', '종이', '잉크', '빠르다', '독특하다', '라벤더', '마젠타']"
사무용품,마커 및 형광펜,형광펜,,B07W61G1H2,Faber-Castell 메탈릭 마커 블리스터카드 - 6가지 색상의 전체 범위,Faber-Castell,20775,21398,4.4,1578.0,"페인트 펜 - 파버카스텔의 메탈릭 펜은 다양한 표면에 사용하기 좋습니다! 반짝이는 펜은 재사용 가능한 물병과 플라스크, 텀블러, 와인 잔, 커피 머그잔, 휴대폰 케이스, 바위, 가죽 또는 장식하고 싶은 기타 매끄러운 표면을 장식하기에 좋습니다! 건조 후 업계의 다른 페인트 펜과 달리 잉크가 번지거나 튀지 않습니다. 160°C의 오븐에 30분 동안 설정하여 방수(식기세척기 사용 불가)로 만들 수도 있습니다 메탈릭 펜 세트 - 세트에는 6가지 색상의 특수 수성 메탈릭 잉크가 포함되어 있습니다. 고급 메탈릭 펜은 하트 오브 골드, Nothing Else Metals, Cooper Copana, Berry Nice, Ice Ice Blue 및 Wanderlust를 포함한 전통적인(실버 및 골드) 및 컬러 메탈릭 색상을 가지고 있습니다 예술을 위한 고급 펜 - 메탈릭 펜의 총알 펜촉 크기는 1입니다. 5mm로 좋아하는 예술과 공예에 장식을 추가하기에 적합합니다. 페인트 펜 마커는 펜을 프라이밍하거나 흔들어 사용할 필요 없이 반짝이는 메탈릭 색상이 흐르기 시작할 준비가 됩니다! 특별히 설계된 펜촉은 펜에서 종이까지 부드럽고 안정적인 페인트 흐름을 제공합니다 다이 커팅 머신 액세서리 - 절단기를 사용하여 완벽한 정밀도로 쓰고 그릴 수 있습니다! 이 메탈릭 펜은 견고한 1. 인기 있는 전자 다이 커팅 기계와 함께 작동하여 다양한 디자인을 만드는 5mm 불렛 펜촉 FABER-CASTELL 마커 - 1761년부터 Faber-Castell 는 모든 연령대와 예술 능력을 위한 창의성과 자기 표현에 영감을 주기 위해 고안된 예술 및 필기 제품을 자랑스럽게 만들었습니다. 파버카스텔의 메탈릭 마커로 예술과 공예에 생명을 불어넣는 것을 지켜보세요. 독일에서 제작.","Faber-Castell 메탈릭 펜은 모든 매끄러운 표면에서 잘 작동하도록 디자인되었습니다! 재사용 가능한 물병, 플라스크, 텀블러, 와인 잔, 커피 머그잔, 휴대폰 케이스, 바위 또는 생각할 수 있는 기타 매끄러운 표면을 장식하는 데 이 페인트 펜을 사용할 수 있습니다! 이 펜의 수성 잉크는 번지거나 튀지 않습니다! 160°C의 오븐에 30분 동안 설정하여 방수(식기 세척기 사용 불가)로 만들 수도 있습니다. 이 펜은 매끄러운 표면에서 사용할 수 있을 뿐만 아니라 다양한 종이 유형에도 적합하며 저널, 플래너 또는 성경에 완벽한 반짝이는 디자인을 만듭니다. 1. 이 고급 펜의 5mm 펜촉은 좋아하는 예술과 공예에 장식을 추가하기에 적합합니다. 돌과 돌, 세라믹, 종이, 금속, 목재에 이 다기능 페인트 펜으로 반짝임을 더하세요. 가능성은 무한합니다. 이 메탈릭 펜은 마커를 프라이밍하거나 펌핑할 필요 없이 반짝이는 메탈릭 잉크가 흐르기 시작할 준비가 되어 있습니다. 특별히 설계된 펜촉과 안료로 포장된 수성 잉크는 상자에서 꺼내자마자 부드럽고 안정적인 페인트 흐름을 제공합니다! 이 메탈릭 펜은 좋아하는 다른 Faber-Castell 아트 제품, 특히 Faber-Castell 메탈릭 하이라이터와 잘 어울립니다. 반짝임을 더하기 위해 이 펜을 하이라이터 색상과 함께 사용하세요: 샤이니 실버, 브릴리언트 루비, 펄 로즈, 글래머러스 골드(별매). 이 메탈릭 펜 세트는 다양하거나 전통적인 색상의 메탈릭 톤의 6가지 수성 잉크 색상으로 제공됩니다. 색상은 다음과 같습니다: Heart of Gold, Nothing Else Metals, Cooper Copana, Berry Nice, Ice Ice Blue, Wanderlust. 인기 있는 다이 커팅 머신을 사용하여 이 반짝이는 색상을 예술에 추가할 수 있습니다. 파버카스텔 메탈릭 펜의 튼튼한 펜촉은 정확한 작업을 만드는 데 완벽한 추가 아이템입니다. Faber-Castell 제품은 품질과 내구성에 대한 헌신으로 전 세계의 예술가와 크리에이티브로부터 사랑과 숭배를 받았습니다. Faber-Castell 품질의 아트 제품으로 생생한 색상으로 작품이 생생하게 살아나는 것을 지켜보세요. 메탈릭 마커는 독일에서 제작되었습니다.","['펜', '메탈', '예술', '페인트', '잉크', '펜촉', '장식', '표면', '수성', '추가']"
사무용품,마커 및 형광펜,형광펜,,B08HYQ3CJW,"YISAN 하이라이터, 8가지 파스텔 색상, 끌 팁 마커 펜, 수성 기반, 학교, 가정, 저널링, 20215용 빠른 건조",YISAN,8296,8296,4.6,201.0,"8가지 파스텔 색상: 핑크, 오렌지, 옐로우, 그린, 블루, 퍼플, 그래스 그린, 그레이 포함. 빠르게 건조되는 잉크는 번짐과 얼룩을 방지합니다. 밝고 시스루 색상으로 강조된 텍스트를 쉽게 읽을 수 있습니다. 두 줄 너비, 1mm + 5mm - 다양한 크기의 텍스트를 강조하고 다양한 두께의 선을 그리는 데 이상적입니다. 수성으로 모든 학생, 회사원 및 모든 사람에게 안전하게 사용할 수 있습니다. 질문이나 우려 사항이 있으시면 이메일로 문의하십시오. 24시간 이내에 회신해 드리겠습니다. 고객 경험은 저희에게 중요하며 귀하의 답변을 소중하게 생각합니다. 모든 응답은 서비스 및 제품의 품질을 더욱 향상시키는 데 사용됩니다.",,"['수성', '강조', '건조', '파스텔', '텍스트', '그린', '빠르다', '방지', '소중하다', '서비스']"
사무용품,마커 및 형광펜,형광펜,,B0CRDKPJGZ,"6팩 귀여운 파스텔 형광펜 세트, 끌 팁, 형광펜 다양한 색상, 번짐 방지 성경 없음, 학습 저널링, 빠른 건조, 정리 및 색칠을 위한 이상적인 형광펜 세트",DEYONI,9224,9224,4.6,33.0,"파스텔 색상의 하이라이터로 메모와 종이를 돋보이게 하세요! 부드러운 색상으로 경전, 메모, 저널 또는 읽고 싶은 모든 책을 강조합니다. 녹색, 빨간색, 파란색, 주황색, 보라색, 노란색의 6가지 인기 색상으로 구성된 부드러운 하이라이터 세트. 얇고 두꺼운 선을 그릴 수 있는 다용도 소프트 끌 팁이 있는 하이라이터, 학교 미학 용품으로 완벽한 학교 용품입니다! 파스텔 하이라이터는 편안하고 잡기 쉽고, 손이 아프지 않으며 사용 시 말리지 않습니다. 형광펜은 반투명 잉크로 강조된 텍스트를 흐리게 하지 않고 페이지의 중요한 내용을 강조합니다. 내구성이 뛰어나고 빠르게 건조되는 잉크는 번짐과 번짐을 방지하여 작업을 깨끗하고 깨끗하게 유지합니다. 이 귀여운 형광펜은 학교, 대학, 집, 사무실 및 여행 일기, 직장, 일정, 메모, 공부 등에 적합합니다. 또한 가족과 친구들에게 훌륭한 선물이 됩니다.",,"['펜', '형광', '하이라이터', '강조', '학교', '메모', '파스텔', '깨끗하다', '빠르다', '방지']"
사무용품,마커 및 형광펜,형광펜,,B008UVVVJ0,"AVERY 17752 Hi-Liter 책상 스타일 형광펜, 끌 팁, 다양한 색상, 4/세트",AVERY,8808,8808,4.2,19.0,"4개 상자로 판매됩니다. 내구성이 뛰어난 플라스틱 팁은 마모되거나 ""뭉치지 않습니다. 향상된 포뮬러로 캡을 최대 1주 동안 떼어내고 계속 강조할 수 있습니다. 빠른 건조, 무독성 잉크. 사무실, 학교 또는 가정에 안전합니다.","적절한 밝은 색상으로 밝은 아이디어를 불러오세요. 이 세트를 사용하면 핵심 단어와 문구를 표시할 수 있습니다. 몰딩된 끌 팁으로 강조하거나 밑줄을 그릴 수 있으며 내구성이 뛰어난 플라스틱 팁은 마모되거나 ""찌그러짐""이 없습니다. 패싯 배럴은 편안한 그립감을 제공하므로 문서, 메모, 책 등을 표시할 때 하이라이터를 쉽게 휘두를 수 있습니다. 또한, 향상된 포뮬러로 뚜껑을 최대 1주일 동안 그대로 두어도 쉽게 강조할 수 있습니다. 오리지널 하이라이터를 믿으세요. 여러분이 발견한 멋진 아이디어에 감사할 것이라고 확신합니다.","['강조', '향상', '포뮬러', '플라스틱', '표시', '구성', '아이디어', '하이라이터', '확신', '몰딩된']"
사무용품,마커 및 형광펜,형광펜,,B0CMYVCFZB,"성경 형광펜 12개, 다양한 색상 펜, 번짐 없음, 파스텔 형광펜 빠른 건조, 미학적인 귀여운 마커, 성경 저널링 액세서리 학용품 및 사무실용 (마카롱)",konket,11066,11066,4.5,25.0,"다용도: 성경 공부 용품, 형광펜 다양한 색상 색상 코딩, 하이라이트 저널, 작업 계획, 공부, 메모, 학생, 교사, 예술가에게 적합합니다. 부드러운 필기 경험: 파스텔 하이라이터는 매끄럽고 부드러우며 강하고 매끄러운 필기감과 평평한 모양으로 편안하고 잡기 쉽고 사용 시 텀블링이 없습니다. 멋진 디자인: 미학적인 귀여운 하이라이터는 글꼴을 쓰기에 적합하며 양면 디자인으로 낙서에 적합하며 어두운 색상에서도 잉크가 종이에 묻지 않습니다 부드러운 색상: 부드럽고 부드러우며 다양한 색상. 눈에 편하고, 주의를 산만하게 하지 않으며, 공부나 일을 방해하지 않습니다. 분류하기 쉽고 잘 정리되어 있습니다. 구매: 어떤 이유로든 구매에 만족하지 못하셨다면 저희에게 연락하시면 저희가 서비스를 드리겠습니다.","왜 konket에서 하이라이터를 선택해야 할까요? 1. 고품질 소재: 고품질 소재, 부드러운 글씨. 2. 비용 효율성: 순하고 사랑스러운 색상, 휴대가 쉽고 사용하기 쉽습니다. 3. 전문 브랜드: konket 전문적으로 완벽한 서비스를 제공하며 성경 형광펜은 여러 곳에서 사용할 수 있으며 사무실/학교/어린이를 위한 선물입니다","['부드럽다', '펜', '형광', '성경', '하이라이터', '공부', '매끄럽다', '전문', '디자인', '파스텔']"
사무용품,마커 및 형광펜,형광펜,,B0CSXH8HX3,"Mr. Pen - 성경 형광펜 및 펜, 8팩, 젤 형광펜, 성경 형광펜, 번짐 없음, 성경 저널 키트, 젤 하이라이터 번짐 없음, 성경 형광펜",Mr. Pen,6911,8296,5.0,5.0,"패키지에는 네온이 아닌 부드러운 색상의 유쾌한 색상의 성경 형광펜 4개와 블랙 색상의 접이식 펜 4개가 포함되어 있어 모든 글쓰기 및 하이라이트 요구 사항에 맞는 다재다능하고 조화로운 세트를 제공합니다. Mr. Pen 펜은 종이에 부드럽게 흐르는 고품질 수성 잉크로 채워져 있습니다. 빠르게 건조되는 잉크는 얼룩이 없고 깨끗한 작업을 보장하여 메모와 문서의 깔끔함을 유지합니다. 당사의 젤 하이라이터는 사용자의 편안함을 염두에 두고 설계되어 손의 피로를 방지하는 편안한 그립감을 제공합니다. 이 성경 형광펜은 다른 잉크에 색이 바래거나 번지지 않습니다. 하이라이터는 쉽게 바를 수 있으며 뚜껑을 닫지 않은 채로 두어도 건조되지 않습니다. Mr. Pen 하이라이터는 경전, 메모, 저널 또는 아름다운 색상으로 읽고 싶은 책을 강조하는 등 다양한 용도에 이상적입니다. 학교, 대학, 가정, 사무실 또는 여행용으로 이 형광펜과 볼펜은 필기 요구 사항에 완벽한 동반자입니다. 귀여운 디자인과 실용성을 갖춘 이 형광펜과 펜은 가족과 친구들에게 사랑스러운 선물이 됩니다. 생일, 휴일 또는 사려 깊은 제스처와 같은 행사에 적합하며 모든 사람의 글쓰기 및 하이라이트 경험에 기쁨과 기능성을 가져다 줄 것입니다.",,"['펜', '형광', '성경', '하이라이터', '잉크', '글쓰기', '하이라이트', '건조', '요구', '메모']"
사무용품,마커 및 형광펜,형광펜,,B099SYRY8F,"형광 형광펜 3팩, 꽃잎 형광펜, 별 꽃 형광펜, 학생 학교 사무실용 원형 수채화 펜",SunAngel,13836,13836,4.2,47.0,"►패키지 구성: 핑크, 옐로우, 블루, 그린, 오렌지를 포함한 5가지 색상의 3-in-1 형광 형광펜을 받게 됩니다. 충분한 수량과 디자인으로 일상적인 요구 사항을 충족할 수 있으며 친구 및 반 친구들과 공유할 수 있습니다. ►신뢰성 및 내구성: 이 매끄러운 쉘은 플라스틱으로 만들어져 쉽게 깨지지 않으며 글씨가 부드럽습니다. 대부분의 종이 표면에 적합합니다. 형광펜은 매끄러워 마킹 효과를 얻을 수 있을 뿐만 아니라 텍스트 읽기에 영향을 주지 않습니다. ►편리한 사용: 매우 부드러운 필기 시스템이 특징인 이 꽃잎 하이라이터는 쉽게 필기 경험을 제공하여 끌지 않고 빠르게 시작할 수 있으며 손의 압력을 최소화하며 매번 선명하고 깨끗한 선을 제공합니다. ►섬세한 선물: 이 수채화 형광펜은 ValeAntine의 날, 부활절, 생일, 졸업 등에 적합한 친구를 위한 정교한 선물로 사용할 수 있습니다. 이 펜을 받으면 매우 행복할 것입니다. ►용도: 이 다채로운 형광 펜 마커는 휴대가 가능하며 필통, 주머니, 가방 등에 쉽게 넣을 수 있습니다. 공부에서 표시하고 효율성을 향상시키기 위해 작업에 적합합니다. 사무실과 가정에 널리 적용됩니다.","특징/- 색상: 핑크, 오렌지, 옐로우, 그린, 블루./- 소재: 플라스틱./- 프리미엄 소재로 제작되어 안전하고 무독성입니다./- 매우 부드러운 필기 시스템으로 손쉬운 필기 경험을 제공합니다./- 일상 생활에서 하이라이터로 사용할 수 있습니다.","['형광', '펜', '필기', '부드럽다', '친구', '하이라이터', '꽃잎', '선물', '옐로우', '오렌지']"
사무용품,마커 및 형광펜,형광펜,,B09Y1YC1GZ,"마일드 하이라이터 다양한 색상, 더블 엔드 하이라이터, 밑줄 강조용 부드러운 형광 색상 마커, 넓고 가는 포인트 팁 25가지 색상 (15가지 색상 세트)",Oomibo,16606,16606,4.4,32.0,"■완벽한 세트: 종이에 부드럽게 보이는 총 25가지 독특한 색상. 불렛 저널링, 스크랩북, 카드 제작, 성경 저널링에 사용됩니다 ■양면 하이라이터 펜: 이 수성 하이라이터는 넓고 섬세한 팁이 있는 양면이므로 미세한 선을 밑줄을 그리거나 강조할 수 있습니다. ■눈 친화적인 디자인 - 저희 형광펜은 시중의 다른 펜보다 순합니다. 읽기 어렵고 눈이 깜박이는 다른 하이라이터 펜과 다릅니다. ■저희 펜은 순한 색상으로 제공되므로 글자를 잘 읽을 수 있어 읽고 있는 내용을 더 잘 이해할 수 있도록 도와줍니다. ■다양한 유형의 문서에 적합 - 이 형광펜은 할 일 목록을 관리하는 데 이상적입니다. 예를 들어, 일부 줄에는 회색을 사용하여 문서를 Excel, 파일처럼 보이게 할 수 있습니다. 이 하이라이터 펜은 적절한 가시성을 위해 더 차분하고 부드러운 토너를 생성합니다.",,"['펜', '하이라이터', '형광', '부드럽다', '강조', '순하다', '넓다', '양면', '밑줄', '저널링']"
사무용품,마커 및 형광펜,형광펜,,B002PI4SJO,"Pentel Handy-line S 접이식 하이라이터, 끌 팁, 옐로우 잉크, 4개/팩 (SXS15BP4G)",Pentel,11024,9598,4.2,236.0,"고급 씰 메커니즘이 자동으로 팁을 덮어 잉크가 마르지 않도록 합니다 선명한 색상으로 하이라이트를 쉽게 볼 수 있습니다 끌 팁은 두껍거나 얇은 선을 만듭니다 포켓 안전 클립은 주머니나 노트북에 클립으로 고정하면 스스로 접을 수 있습니다 리필 가능, 폐기물 감소","Handy-Line S 접이식 형광펜, 끌 팁, 옐로우 잉크 4/Pk Pentel Co., Ltd. 는 문구 제품을 생산하는 비상장 일본 회사입니다. 이름은 영어 단어 펜과 텔의 조합입니다. Pentel 역시 비영구 마커 기술의 발명가입니다.","['잉크', '접이식', '펜', '클립', '옐로우', '생산', '비상', '발명가', '문구', '메커니즘']"
사무용품,마커 및 형광펜,형광펜,,B0C3LFM4VJ,"Kaco 미적 귀여운 형광펜, 5피스 다양한 마카롱 컬러 잉크 성경 마커 파스텔, 번짐 없음, 빠른 건조 사무실 학교 용품 문구",Kaco,9681,9681,4.2,5.0,"생생한 색상: Kaco 5피스 마카롱 파스텔 하이라이터, 종이에 돋보입니다 편안한 그립: 펜 모양 디자인으로 편안하게 쓸 수 있습니다 미세하고 넓은 끌 팁: 파스텔 하이라이터는 넓은 하이라이트 또는 섬세한 밑줄을 위한 끌 팁이 있어 얇고 두꺼운 선을 모두 만듭니다 완벽한 사용: Kaco 에스테틱 하이라이터는 메모, 저널, 성경 및 읽고 싶은 책을 생생한 색상으로 강조하는 데 좋습니다 번짐 없음, 번짐 없음 및 빠른 건조: 왼쪽으로 쓰기에 좋습니다",,"['하이라이터', '파스텔', '성경', '넓다', '빠르다', '마카롱', '좋다', '생생하다', '펜', '편안하다']"
사무용품,마커 및 형광펜,형광펜,,B0995QWXP3,"양면 형광펜 저널 플래너 포인트 마커, 끌 팁, 미세 팁, 주석용 투 팁, 불렛 쓰기, 메모 달력, 사무실 학교 용품, 설탕 색상 6가지",CMHX,6218,5498,3.9,106.0,"생생한 색상 스마트 파인라이너 컬러 펜 세트 6가지 독특한 색상, 0.38mm 파인 포인트 및 4mm 끌 팁 컬러 펜, 다양한 색상의 파인 팁 마커 펜, 잉크 번짐 최소화 저널 펜, 플래너 펜, 저널링 펜, 교사 펜, 학교 용품, 사무용품, 플래너 액세서리로 적합합니다. 가족, 친구, 동료, 생일, 크리스마스를 위한 프리미엄 선물 세트. 부드러운 필기 다채로운 파인 팁 하이라이터 세트는 초미세하고 금속 클래드 파인 팁 및 글쓰기, 드로잉, 색칠의 모든 영역에서 뛰어난 성능으로 쉽고 편안하게 쓸 수 있습니다. 가정, 사무실, 직장, 비즈니스, 동료, 교회, 클럽 및 조직 활동에도 적합합니다. 선 및 디테일 그리기, 저널, 플래너, 달력, 의제, 노트, 메모 작성, 페인팅, 글쓰기, 색칠, 스케치, 마커, 사인, 만화, 애니메이션, 그래픽, 디자인, 일러스트레이션, 아티스트의 섬세한 잉크 드로잉 및 작고 복잡한 패턴 색칠을 위한 훌륭한 형광펜. 중학교, 고등학교, 대학, 학사, 대학원, 여성, 남성, 성인 색칠을 위한 완벽한 컬러 펜. 컬러 아트 필기 드로잉 다공성 포인트 펜. 수성 잉크, 최소한의 번짐(매우 얇은 종이 제외), 이 섬유 팁 펜은 미세한 라인과 강렬한 수성 색상을 만듭니다. 부드러운 투명 비닐 백에 포장됩니다. 초미세 금속 팁은 예술 작품의 미세한 잉크 드로잉, 작고 복잡한 패턴 및 가정 작업을 위한 매우 부드러운 성능을 제공합니다. 전체 단어를 쉽게 강조할 수 있는 두꺼운 끌 포인트(5mm)로 선을 그리는 데 매우 적합합니다. 다양한 크기의 텍스트를 강조하고 다양한 두께의 선을 그리는 데 이상적입니다.",,"['펜', '잉크', '드로잉', '색칠', '포인트', '컬러', '용품', '미세하다', '부드럽다', '가정']"
사무용품,마커 및 형광펜,형광펜,,B0B5KM2K5N,"12피스 다양한 색상 형광펜, 번짐 없는 파스텔 형광펜, 끌 팁 마커 펜, 성경 페이지 공부 저널링, 주석 달기, 책, 메모 작성, 학생, 학교, 교실, 사무용품",Tupalizy,11066,11066,3.5,15.0,"사이즈: 길이: 12cm / 4.72inch; 너비: 1.2cm / 0.47inch; 높이: 1cm / 0.39인치. 패키지 포함: 12개의 다양한 색상의 귀여운 형광펜. 12가지 부드러운 색상으로 눈에 잘 맞으며 산만하지 않아 공부나 일기를 쓰는 재미를 즐길 수 있습니다 소재: 사각형 모양, 편안하고 잡기 쉽습니다. 수성 잉크로 빠르게 건조됩니다. 매우 얇은 종이를 사용하거나 하이라이트를 표시하는 동안 매우 세게 누르지 않는 한 적절한 사용 상태에서 번지지 마십시오. 이 미적 하이라이터는 메모 작성, 성경 공부, 불렛 저널링, 단어와 문장 강조, 주석 달기, 색상 코딩, 스쿨링, 밑줄, 드로잉, 글쓰기 및 색칠에 적합합니다. 이 형광펜은 플래너, 성경, 책, 보고서, 기술 매뉴얼, 로스쿨 케이스북, 대학 노트, 캘리그래피, 소규모 비즈니스, 예술 작품 및 미학적이고 예쁘게 만들고 싶은 모든 예술 프로젝트에 적합합니다. 또한 친구, 가족, 딸, 학생 및 선생님을 위한 훌륭한 크리스마스 또는 생일 선물이 될 것입니다.","부드러운 필기 경험: 평평한 모양 - 아픈 손 없이 편안하고 쉽게 잡을 수 있으며 사용 중에 굴러다니지 않습니다. 자유롭게 흐르는 잉크와 평평한 형태로 무언가를 부드럽게 쓸 수 있습니다. 일상 사용에 적합: 저널, 플래너, 직장, 공부, 메모, 주석 달기 등, 학교, 대학, 가정, 사무실 및 여행 중에도 사용할 수 있습니다. 가족과 친구를 위한 훌륭한 선물. 부드럽고 마일드한 파스텔 색상: 네온 없음, 부드럽고 온화한 다양한 색상. 눈에 쉽고 산만하지 않으며 공부하거나 일하는 것을 방해하지 않습니다. 물건을 쉽게 그룹화하고 정리할 수 있습니다. 빠른 건조 및 번짐 없음: 수성 잉크로 빠르게 건조됩니다. 매우 얇은 종이를 사용하거나 강조하는 동안 매우 세게 누르지 않는 한 적절한 사용 시 번지지 마십시오.","['부드럽다', '공부', '펜', '형광', '주석', '빠르다', '성경', '달기', '건조', '메모']"
사무용품,마커 및 형광펜,형광펜,,B0CLXM4NCR,"ZEYAR 미학적인 귀여운 형광펜, 크림 색상, 끌 및 유연한 팁, 직육면체 디자인, 수성 기반, 빠른 건조, 성경 번짐 없음 (24가지 풀 컬러)",ZEYAR,17991,17991,4.7,35.0,미국 브랜드 ZEYAR. 밝은 색상: 매우 생생한 컬러 잉크 모음은 손으로 쓴 텍스트를 보호하고 강조합니다. 다음 페이지에는 그림자가 없습니다,ZEYAR 전문 예술 및 공예 작품 제조업체입니다. 과학의 세계는 많은 아름다운 색상으로 가득합니다! 우리 세상의 일부 색상은 눈으로 볼 수 없지만 선택에 따라 더 많은 색상을 제공하기 위해 노력하고 있습니다.,"['컬러', '형광', '노력', '생생하다', '빠르다', '보호', '미국', '모음', '디자인', '기반']"
사무용품,마커 및 형광펜,형광펜,,B0894F39S7,"Tomorotec 지울 수 있는 형광펜 세트 10가지 색상 듀얼 팁 형광펜, 부드러운 필기 형광펜, 연필처럼 작동하는 다양한 색상 마커",Tomorotec,11066,11066,4.2,109.0,"🎨 연필처럼 작동 - 컬러 팁을 사용하여 메모에서 중요한 것을 강조하고 실수로 실수하거나 작업을 창의력을 발휘하고 싶다면 흰색 팁을 사용하여 잉크를 깨끗하게 지울 수 있습니다. 재미있고 사용하기 쉽습니다. 완벽한 지우기 - 책이나 문서를 손상시키지 않고 반복적으로 강조, 지우기 및 강조 표시를 할 수 있습니다. 마모되거나 찢어지지 않습니다! 다용도 끌 팁 - 다양한 너비의 눈에 띄는 표시를 쉽게 만들 수 있습니다. 페이지에서 물건을 눈에 띄게 만드는 데 적합합니다. 인체 공학적 더블 엔드 디자인. 만 3세 이상에 적합합니다. 8가지 밝은 색상이 포함되어 있으며 이 독특한 마커는 눈길을 사로잡는 생생한 일러스트레이션을 만듭니다. 분명 마음에 드실 겁니다! 🎨 100% 만족 보장 - 무독성, 중성, 크실렌 프리 및 무취. EN 71-3 및 ASTM-D 4236 준수, 환경 친화적이며 어린이에게 안전합니다. Tomorotec 1년 번거로움 없는 .",,"['강조', '형광', '펜', '표시', '연필', '실수', '더블', '다용', '분명', '부드럽다']"
사무용품,북엔드 및 책꽂이,북엔드,,B08T8QP1CB,"Happyhapi Bookends 책을 보관할 수 있는 금속 북 엔드, 선반용 나무 장식 북엔드, 무거운 책용 블랙 북 스토퍼 북엔드, 선반 홈 오피스용 책 홀더, 17.8 x 11.9 x 8.9 x 8.9cm(6.8 x 4.7 x 3.5인치)(3",HappyHapi,20761,20761,4.7,2309.0,완벽한 사이즈: 북엔드는 17.5 x 8.9 x 11.9 cm로 책을 쉽게 똑바로 세울 수 있습니다. 홈 오피스용 책을 보관할 수 있는 예쁜 북엔드는 좋은 생각입니다. 전문적인 책 지원: 금속 북엔드는 부드러운 나무 모양과 모서리로 레이저 커팅되었습니다. 책 홀더는 고품질 스프레이 페인트를 사용하며 손이나 책에 흠집이 나지 않습니다. 미끄럼 방지 패드 디자인: 각 북엔드 하단에 4개의 폼 미끄럼 방지 패드가 있어 책 끝이 미끄러지는 것을 방지하고 책 스토퍼를 움직일 때 책장을 긁지 않습니다. 독특한 나무 북엔드: 북엔드는 생명의 나무 디자인을 채택하여 매우 아름답게 보입니다. 현대적이고 미니멀한 디자인의 장식용 북엔드는 선반에 더 많은 캐릭터를 선사합니다. 브랜드 서비스: HappyHapi 팀은 행복한 쇼핑을 기원합니다. 제품에 대해 궁금한 점이 있으시면 언제든지 저희에게 연락해 주시면 최대한 빨리 답변 드리겠습니다.,,"['책', '북', '나무', '북엔드', '디자인', '방지', '선반', '오피스', '스토퍼', '패드']"
사무용품,북엔드 및 책꽂이,북엔드,,B07PGND3KL,"HappyHapi 북엔드, 북 엔드, 선반용 금속 북엔드, 책을 보관할 수 있는 미끄럼 방지 책 끝, 사무실 가정 주방용 블랙 북 스토퍼/홀더, 14.9 x 16.5cm(5.7 x 4.9 x 6.5인치), 3쌍(6개, 라지)",HappyHapi,22146,17991,4.8,3761.0,"견고한 금속 구조: T자형 디자인과 강철 소재는 북엔드의 안정성과 견고함을 향상시킵니다. 책/잡지를 똑바로 세워 두세요 미끄럼 방지 바닥: 바닥에 3개의 미끄럼 방지 패드가 있어 북엔드가 미끄러지는 것을 방지하고 책장을 긁지 않습니다 편안한 사이즈: 책 끝의 크기는 14.9 x 12.9 x 16.5cm(5.7 x 4.9 x 6.5인치)이며 다양한 유형의 책을 정리 안전 세부 사항: 매끄러운 모서리가 있는 정전기 방지 스프레이 페인트 표면. 책 끝은 손가락과 책을 긁지 않으며 오래 지속됩니다. 다용도 용도: 금속 북엔드는 침실, 공부, 주방 및 책을 정리해야 하는 기타 장소에 적합합니다. 선물로 북엔드도 좋은 선택입니다",,"['책', '북엔드', '방지', '북', '금속', '미끄럼', '견고하다', '바닥', '주방', '정리']"
사무용품,북엔드 및 책꽂이,북엔드,,B08RP7DGQ6,"VFINE 북엔드, 선반용 메탈 블랙 북 엔드, 선반용 북엔드, 튼튼한 북엔드, 무거운 책용 북엔드 스토퍼, 홈 오피스용 책을 보관할 수 있는 북 엔드, 2쌍",VFINE,22132,19376,4.6,2316.0,"VFINE 튼튼한 금속 북엔드 -- 고급 스탬핑 처리가 된 헤비 게이지 스틸로 제작되어 모든 책을 깔끔하고 똑바로 세울 수 있을 만큼 강하고 무겁습니다. 납땜 조인트가 없는 일체형 몰딩으로 견고하고 오래 지속되는 전체 금속 구조. 탁월한 성능 -- 블랙 플랫 페인트 표면 정전기 스프레이가 있는 금속 북 엔드는 북엔드의 수명을 연장합니다. 모든 색상과 클래식한 블랙 색상 조화 매치로 가정의 풍경이 될 것이며 가정과 사무실 장소에 훌륭한 선택입니다. 안정성 및 미끄럼 방지 -- 각 북엔드의 바닥에는 4개의 프리미엄 미끄럼 방지 패드가 있어 북엔드를 책상이나 책장에 더 안정적으로 세울 수 있어 책꽂이가 미끄러지는 것을 방지하고 책상이나 책장 표면의 긁힘을 방지합니다. 사려 깊은 디테일 -- 미니멀리스트 L자형 책은 부드러운 선과 평평한 디테일로 끝나며, 인간화된 둥근 모서리 디자인은 이 금속 책 끝을 사용할 때 책장이나 책을 손상으로부터 보호합니다. 이 미니멀리스트 북 엔드는 열렬한 독자와 책벌레에게 멋진 선물이 될 것입니다. 브랜드 서비스 -- 이 20.3cm(8인치) 금속 북엔드는 다양한 크기의 책을 세우기에 충분합니다. VFINE Bookends는 패키지에 여러 품목이 포함되어 있으므로 수령하신 품목의 수량 문제 또는 제품 문제가 있는 경우 저희에게 연락하시면 전문 고객 서비스 팀이 제때 문제를 해결해 드리겠습니다.",,"['북엔드', '책', '북', '금속', '방지', '문제', '책장', '블랙', '리스트', '안정']"
사무용품,북엔드 및 책꽂이,북엔드,,B00BQX0U96,"STEELMASTER by BankSupplies 25.4cm(10인치) 튼튼한 북엔드 | 긁힘 방지 마감 | 헤비 게이지 소재 | 미끄럼 방지 패딩 베이스 보호 | 사무실, 책장, 바인더 및 책용",MMF Industries,52630,52630,4.7,638.0,"1. 다용도 금속 북엔드: 이 25.4cm(10인치) 북엔드는 매력적인 스타일로 기능적이어서 사무실이나 가정에서도 사용할 수 있는 바인더, 잡지 및 두꺼운 설명서(한글이 아닐 수 있음)를 보관할 수 있습니다. 2. 내구성 있는 강철 구조: 견고하고 무거운 게이지 소재로 제작된 이 블랙 북엔드는 매일 사용할 수 있도록 설계되었습니다. 소매, 전문, 접객 및 은행 산업에 서비스를 제공하여 장기적으로 성과를 거두고 있습니다. 3. 긁힘 방지 마감: 이 미니멀리스트 북 홀더는 긁힘 및 깨짐 방지 파우더 마감으로 코팅되어 앞으로 몇 년 동안 사용할 수 있습니다. 책장 위에 올려 놓거나 사무실 책상에서 사용하세요. 4. 패딩 처리된 베이스 보호: 필요한 기능성 금속 북엔드를 사용하면서 미끄럼 방지, 손상 방지 패딩 베이스로 책상 및 탁상 표면을 보호하세요. 5. 신뢰할 수 있는 사무실 및 은행 제품: MMF Industries 제품은 내구성이 뛰어나고 작업을 더 쉽게 할 수 있는 적절한 기능을 제공하는 신뢰할 수 있는 사무실 및 은행 제품을 제공합니다.","STEELMASTER 튼튼한 스틸 북엔드는 튼튼한 강철로 제작되었습니다. 이 25.4cm(10인치) 북엔드는 바인더, 잡지 및 두꺼운 설명서(한글이 아닐 수 있음)를 보관하기에 적합합니다. 긁힘 및 깨짐 방지 파우더 마감으로 코팅된 STEELMASTER 헤비 듀티 북엔드는 오래 사용할 수 있도록 제작되었습니다. 소매, 전문, 접객 및 은행 산업에 서비스를 제공하는 STEELMASTER 제품은 성능을 발휘하고 오래 사용할 수 있도록 제작되었습니다. 각 STEELMASTER 제품은 매일 사용할 수 있도록 설계된 견고하고 무거운 게이지 소재로 제작되었습니다.","['방지', '북', '제작', '사무실', '힘', '은행', '마감', '게이지', '패딩', '북엔드']"
사무용품,북엔드 및 책꽂이,북엔드,,B077ZRMJ83,"MaxGear 프리미엄 매트 페인트 북 엔드, 선반용 튼튼하고 튼튼한 북엔드, 사무실 미끄럼 방지 금속 북 엔드, 책/CD/DVD용 북 스토퍼, 15.2 x 11.7 x 15.2cm(6 x 4.6 x 6인치), 블랙 (2쌍/4개, 라지)",MaxGear,13836,13836,4.8,7466.0,"튼튼한 지지력을 위한 견고한 금속 구조: 클래식한 블랙 색상과 기본적이면서도 효과적인 디자인이 특징인 북엔드는 견고하고 오래 지속되는 전체 금속 구조를 자랑합니다. 고급 스탬핑 공정을 활용한 엄선된 헤비 게이지 스틸로 제작된 이 제품은 모든 책, CD 및 DVD를 깔끔하고 똑바로 세울 수 있을 만큼 강하고 견고합니다. 프리미엄 정전기 방지 페인트 및 둥근 가장자리: 매우 매끄럽고 평평한 고품질 페인트 표면과 둥근 모서리는 선반이나 책에 긁힘이나 흠집이 생기지 않도록 합니다. 미끄럼 방지 폼 패드 디자인: 각 북엔드 하단에 3개의 미끄럼 방지 폼 패드가 장착되어 미끄러짐을 방지하고 책상을 긁지 않고 북엔드를 이동할 수 있습니다. 이 디자인은 다른 제품을 방해하지 않고 한 제품을 쉽게 제거할 수 있습니다. 방을 깔끔하게 유지: 선반이나 책상 위의 귀중한 공간을 차지하지 않는 슬림한 디자인으로 북엔드는 책을 정리하는 데 도움이 됩니다. 책, 영화, DVD, 잡지, 비디오 게임 및 일어서고 싶은 모든 것을 정리하는 데 이상적입니다. 업그레이드 버전: 로고 없음, 플레인 블랙! 저희 북엔드는 로고가 없는 플레인 블랙 디자인으로 매끄럽고 미니멀한 외관을 제공합니다. 18개월의 애프터 서비스를 통해 만족스러운 쇼핑 경험을 보장하는 것을 목표로 합니다. 제품 관련 질문이 있으시면 언제든지 저희에게 연락해 주십시오. 저희는 고객님을 위해 여기 있습니다.",,"['북', '방지', '디자인', '블랙', '책', '튼튼하다', '선반', '견고하다', '미끄럼', '금속']"
사무용품,북엔드 및 책꽂이,북엔드,,B07JGLT7FT,"HappyHapi Book Ends 선반용 금속 북엔드, 책 끝에서 보관할 수 있는 책 끝 14개, 튼튼한 블랙 미끄럼 방지 북엔드, 선반 사무실 가정용 책 홀더 스토퍼, 16.5 x 14.9 x 12.9cm(6.5 x 5.7 x 4.9인치)(7쌍, 라지)",HappyHapi,33226,27686,4.8,4585.0,"【견고한 금속 북엔드】: T자형 디자인과 강철 소재는 북엔드의 안정성과 견고함을 향상시킵니다. 튼튼한 북엔드로 책, 잡지, 노트북 및 폴더를 쉽게 똑바로 세울 수 있습니다. 【미끄럼 방지 디자인 지원】: 북엔드 하단에 3개의 폼 미끄럼 방지 패드가 있어 책 홀더가 미끄러지는 것을 방지하고 책 스토퍼를 움직일 때 선반이 긁히지 않습니다. 【편안한 사이즈】: 책 스탠드는 14.9 x 12.9 x 16.5cm(5.7 x 4.9 x 6.5인치)로 침실, 공부, 주방 및 기타 장소에서 다양한 유형의 책을 정리하는 데 적합합니다. 【자동 기계 생산】: 북 엔드는 고급 스탬핑 공정과 고품질 페인팅을 채택했으며, 각 북엔드는 매끄러운 표면과 동일한 크기를 가지고 있습니다. 둥근 모서리 디자인으로 책 끝을 매우 안전하게 만들고 손가락이나 책을 긁지 않습니다. 【밸류 북엔드 세트】: 팩에는 7쌍(14개)의 북엔드가 있어 매일 사용하기에 충분합니다. HappyHapi 팀은 즐거운 경험을 기원합니다! 제품에 대해 궁금한 점이 있으시면 언제든지 저희에게 연락하십시오.",,"['책', '북엔드', '방지', '선반', '디자인', '미끄럼', '견고하다', '금속', '북', '스토퍼']"
사무용품,북엔드 및 책꽂이,북엔드,,B0BQ1KJQZV,"EOOUT 북엔드, 선반 장식용 북 엔드 3쌍, 무거운 책용 블랙 메탈 북엔드 지지대, 선반 장식용 나무 책 홀더, 홈 오피스 스쿨용 책 스토퍼",EOOUT,29071,24195,4.7,373.0,"패키지 구성: 3가지 스타일의 나무 디자인 북엔드, 총 6개의 피스가 있어 책을 빠르게 정리할 수 있으며 홈 스탠드와 사무실을 위한 아름다운 장식이 됩니다. 안정적인 구조: 안정적인 L자형 구조, 높이 17.8cm(7인치), 하단 11.9 x 8.9cm(4.7 x 3.5인치), 기존 북엔드와 달리 책과 폴더를 효과적으로 안정화합니다. 이 모델은 여러 책을 안정화할 수 있습니다. 특별한 디자인: 책장이 미끄러지는 것을 더 잘 방지하기 위해 바닥에 4개의 미끄럼 방지 패드, 둥근 모서리, 각 북엔드는 독특하고 정교한 나무 패턴입니다. 고품질 소재: 이 나무 모양의 북엔드는 고품질 금속으로 만들어져 책을 깔끔하게 보관할 수 있을 만큼 튼튼하고 신뢰할 수 있으며 쉽게 구부리거나 깨지지 않으며 오랫동안 사용할 수 있으며 큰 책에도 적합합니다. 정교한 선물: 저희 북엔드는 일반 북엔드보다 더 장식적이고 디자인적이며 친구, 교사 및 학생을 위한 선물로 좋습니다.",,"['책', '북엔드', '안정', '장식', '북', '나무', '디자인', '방지', '구조']"
사무용품,북엔드 및 책꽂이,북엔드,,B07Q6BBGQ2,"20피스 북엔드 금속 책 엔드 16.8 x 14.5 x 12.7cm(6.6 x 5.7 x 5인치) 블랙 튼튼한 선반용 북엔드 미끄럼 방지 북엔드 일반 대형 북엔드 지원, 도서관 사무실 가정, 10쌍",Jekkis,40151,37796,4.8,1484.0,"견고한 금속: Jekkis 북엔드는 고품질 금속 철로 만들어져 북엔드를 더욱 견고하게 만듭니다 사이즈: 6.6"" x 5.7"" x 5"" (16.7 x 14.5 x 12.5cm), 책을 보관할 수 있어 매우 안정적입니다 디자인: 클래식한 블랙 T자형 둥근 모서리로 손가락이나 책을 긁지 않습니다 미끄럼 방지 바닥: 책상에서 미끄러지지 않도록 바닥에 3개의 안티 포인트가 있어 북엔드를 더 안정적으로 유지합니다 실용적: 책, 잡지, CD, 비디오 게임, 영화, 레시피, 앨범 등을 정리하고 장소를 깨끗하고 깔끔하게 만드세요",,"['북엔드', '책', '금속', '견고하다', '방지', '바닥', '안정', '미끄럼', '블랙']"
사무용품,북엔드 및 책꽂이,북엔드,,B0BPXJVN34,"책 엔드, 선반용 북엔드, 무거운 책용 홈 데코 북엔드, 선반용 미끄럼 방지 책 홀더, 홈 오피스 장식용 금속 북 엔드 북엔드, 17.8 x 11.9 x 8.9cm(7 x 4.7 x 3.5인치) (2쌍/4개, 라지)",Umikk,15221,15221,4.7,307.0,"밸류 메탈 북엔드: 무거운 책용 Umikk 북 엔드는 17.8 x 11.9 x 8.9cm(7 x 4.7 x 3.5인치) 대형 사이즈, 4팩 2쌍입니다. L자형 디자인으로 책을 깔끔하고 안정적이며 똑바로 세울 수 있습니다. 업그레이드된 두께: 선반용 책 끝은 쉽게 구부러지지 않는 튼튼한 강철로 만들어졌습니다. 업그레이드된 두께는 이전 버전보다 강하고 튼튼합니다. 정전기 방지 스프레이 페인트는 책 끝 장식을 더욱 내구성이 뛰어납니다. 미끄럼 방지 및 안전성: 책 끝에 있는 4개의 폼 미끄럼 방지 패드는 사용 시 북엔드가 미끄러지는 것을 방지하고 움직일 때 책상과 선반이 긁히지 않도록 보호합니다. 매끄러운 모서리가 있는 인간화된 둥근 모서리는 손과 책을 손상으로부터 보호합니다. 현대적이고 독특한 디자인: 현대적이고 독특한 사각형 기하학적 디자인은 기본 책 홀더보다 장식적입니다. 책을 정리하는 동안 홈 오피스를 완전히 장식할 수 있습니다. 이 책 스토퍼는 책을 사랑하는 친구와 가족에게 완벽한 선물입니다. 다양한 용도: 책 정리함은 책이나 선반에 꾸준히 놓아 책, 잡지, CD 및 기타 물건을 정리하고 분류할 수 있습니다. 학교, 가정, 사무실 및 기타 장소에서 사용할 수 있습니다. 장식용 북엔드에 대한 질문이 있으시면 언제든지 저희에게 연락해 주십시오. 문제를 해결하기 위해 최선을 다하겠습니다.","Umikk 튼튼한 책 끝 장식/Umikk 금속 북엔드는 두께가 업그레이드된 고품질의 튼튼한 강철로 만들어져 북엔드가 쉽게 구부러지지 않고 이전 버전보다 강하고 튼튼합니다./선반용 책 끝에는 바닥에 4개의 폼 패드가 있으며 모서리가 둥글고 가장자리가 매끄럽고 미끄럼 방지 기능이 있으며 책상, 책 및 손을 보호할 수 있습니다./무거운 책을 위한 북엔드는 책상과 책장에서 책, 잡지, CD 및 기타 수직 물건을 정리하는 데 사용할 수 있습니다. 책을 정리하는 동안 홈 오피스를 완전히 장식할 수 있습니다./장식용 북엔드에 문제가 있으시면 언제든지 저희에게 연락해 주십시오. 문제를 해결하기 위해 최선을 다하겠습니다./사양:/재료: 금속, 스틸/사이즈: 7 x 4.7 x 3.5 인치/색상: 매트 블랙/수량: 2쌍(4개) 북 엔드","['책', '장식', '북엔드', '선반', '방지', '튼튼하다', '정리', '북', '미끄럼', '홈']"
사무용품,북엔드 및 책꽂이,북엔드,,B08GKLFLNQ,"선반용 북엔드, 무거운 책용 북 엔드, 금속 북엔드 블랙 2쌍, 미끄럼 방지 북 스토퍼",Jekkis,17991,16606,4.7,2271.0,"튼튼한 금속: 금속 구조 디자인으로 북엔드를 견고하게 만들어 책, 잡지, CD 등을 효과적으로 제자리에 고정할 수 있습니다. 북엔드 2쌍: 크기는 17.5cm x 11.9cm x 8.9cm(6.9x4.7x3.5인치)이며 대부분의 책, 잡지, CD 및 기타 세우고 싶은 모든 것에 적합합니다. 미끄럼 방지 바닥: 각 북엔드는 책의 무게로 인해 미끄러지는 것을 방지하기 위해 하단에 4개의 미끄럼 방지 패드가 장착되어 있어 책상에서 북엔드를 더 안정적으로 유지합니다. 특별한 디자인: 아름다운 패턴으로 제작된 북엔드는 책을 깔끔하게 똑바로 세우면서 훌륭한 장식으로 사용할 수 있습니다. 또한, L자형 디자인으로 더 많은 공간을 절약할 수 있습니다. 최고의 보관 도우미: 책을 분류하고 정리할 수 있어 책상을 깔끔하고 정돈된 상태로 만듭니다. 학교, 사무실, 가정 등에 적합합니다.",,"['북엔드', '책', '북', '방지', '금속', '디자인', '미끄럼', '잡지', '깔끔하다', '책상']"
사무용품,북엔드 및 책꽂이,북엔드,,B0D3GLHSMH,"금속 북엔드 3쌍, 선반용 장식용 북 엔드, 무거운 책용 미끄럼 방지 책 스토퍼, 홈 스쿨 사무실용 꽃 책 선반 홀더",Bondream,27686,27686,4.8,12.0,"정교한 장식 북엔드: 저희 책 끝에는 3가지 독특한 꽃병 디자인, 총 6개가 포함되어 있으며, 아름다운 꽃 패턴은 책장과 책상을 위한 독특한 장면이며, 독서 애호가와 책벌레를 위한 완벽한 선물입니다. 프리미엄 메탈 북 엔드: 견고한 금속으로 제작되어 내구성이 뛰어나고 오래 사용할 수 있으며 구부리거나 부러지기 어렵고 큰 책에 적합합니다. 미끄럼 방지 바닥: 각 북엔드에 4개의 미끄럼 방지 폼 패드가 있어 북엔드가 미끄러지는 것을 방지할 뿐만 아니라 책상을 쉽게 긁지 않습니다. 안정적인 L자형 구조: 안정적인 스테레오 구조, 사이즈: 12 x 9 x 17.5cm(4.7 x 3.6 x 7.0인치), 내구성이 뛰어나고 넓은 베이스로 책을 분류하고 정리하고 책상을 깔끔하게 유지할 수 있어 독서 시간을 즐길 수 있습니다. 훌륭한 선물: 우아한 꽃무늬 디자인 북엔드는 가정, 학교 및 사무실을 더 잘 장식할 수 있습니다. 가족, 친구, 선생님, 학생 및 책을 좋아하는 사람에게 완벽한 선물입니다.",,"['책', '북엔드', '방지', '미끄럼', '장식', '북', '선물', '꽃', '책상', '선반']"
사무용품,북엔드 및 책꽂이,북엔드,,B07XXM7FG4,Agirlgle 북엔드 장식용 북 엔드 메탈 블랙 튼튼한 북엔드 모던 기하학 디자인 북엔드 책장 장식 가정 도서관 사무실 학교 책 디스플레이 데스크탑 오거나이저 선물,Agirlgle,45649,45649,4.6,335.0,"【튼튼한 금속 북엔드】북엔드는 튼튼한 강철과 파우더 코팅으로 만들어졌으며 프리미엄 코팅 표면은 매끄럽고 효과적으로 녹을 방지하고 항상 우아한 광택을 냅니다. 강도와 내구성을 위한 튼튼한 북엔드 디자인. 【독특하고 세련된 기능】.장식용 북엔드는 단순하지만 독특하고 세련된 특징입니다. 전통적인 책장과 달리, 당사의 북유럽 스타일의 잡지 랙은 책장이자 세련된 분위기로 매우 문학적이며 장식, 사진 및 특별한 예술에 사용할 수 있습니다. 친구나 가족을 위한 놀라운 선물입니다. 【독특한 기하학적 디자인】 추상적인 아름다움을 표시하면 책이 강조됩니다. 이 아름다운 북엔드는 기하학적 모양으로 구성되어 있습니다. 【다양한 용도】금속 북엔드는 잡지, 책, DVD, 게임, 카탈로그, 백과사전, 교과서, 하드백, 만화책, 바인더, 요리책, 참조 책, 가족 앨범 등을 보관하는 데 사용됩니다! 【블랙 클래식 북엔드】- 블랙 클래식은 어떤 스타일의 경우에도 잘 어울립니다. 아름다운 기하학의 넉넉한 세련된 패턴. 클래식에서 모던까지 블랙으로 아름답고 기분 좋은 룩을 연출하고, 책을 정리하고 공간을 절약하고 책상을 깨끗하게 유지합니다. 가정이나 사무실에 이상적입니다. 절대적으로 가장 인기 있는 스타 아트 북엔드.",,"['북엔드', '책', '북', '블랙', '세련되다', '아름답다', '튼튼하다', '기하학', '책장', '디자인']"
사무용품,북엔드 및 책꽂이,북엔드,,B09B11Q81S,"책 끝, 책을 보관할 수 있는 튼튼한 책장, 홈 오피스 장식용 금속 북엔드, 무거운 책, 영화/CD용 북 엔드, 블랙 16.5 x 12.7 x 14.5cm(6.5 x 5.7 x 5.7인치), 4쌍 / 8피스 Mkyuroa",Mkyuroa,20761,20761,4.6,225.0,"견고한 소재: 튼튼한 금속 북엔드, 첨단 기술을 사용한 견고한 금속으로 제작, 안정적인 T 모양 구조의 고품질 두꺼운 금속은 북엔드를 더 튼튼하고 오래 사용할 수 있습니다. 무해한 둥근 모서리 디자인으로 손을 안전하게 보호합니다. 사이즈: 블랙 북 엔드 X 4쌍 (8피스), 16.5x 12.7 x 14.5cm(6.5 x 5.7인치), 다양한 장소에서 사용할 수 있습니다. 바닥 방지 디자인: T자형 디자인과 폼 패드는 바닥에 위치하여 책이나 다른 물건을 제자리에 고정하는 데 도움이 되며 선반이나 테이블을 긁지 않습니다. 정전기 방지 페인트 및 둥근 가장자리: 북엔드 표면은 프리미엄 정전기 방지 페인트로 완전히 덮여 있으며, 매끄러운 표면과 둥근 모서리는 선반을 보호하거나 책에 흠집이 생기지 않습니다. 용도: 여러 개의 북엔드는 책을 순서대로 정리할 수 있을 뿐만 아니라 CD, 비디오 게임 및 서고 싶은 모든 것에 적합합니다. 사무실, 가정 장식 또는 모든 디스플레이 공간에서 보편적으로 사용할 수 있습니다.","8피스 프리미엄 블랙 메탈 북엔드 미끄럼 방지 튼튼한 북 엔드//- 고품질 금속과 안정적인 구조로 북엔드를 더 튼튼하고 오래 사용할 수 있습니다. T 자형 디자인과 폼 패드는 바닥에 위치하며, 매끄러운 표면과 둥근 모서리로 선반을 보호하거나 책에 흠집이 생기지 않습니다./- 블랙 메탈 북엔드는 어떤 색상의 책보다 쉽게 매치할 수 있습니다. 책상이나 선반, 사무실, 가정 또는 교실, 침실, 주방 또는 디스플레이 공간에서 사용할 수 있습니다. 어린이, 청소년 및 성인에게 이상적입니다.//사양:/-소재: 금속/-사이즈: 16.5 x 12.7 x 14.5 cm./-색상: 블랙/-수량: 4쌍/8피스","['책', '북엔드', '금속', '튼튼하다', '블랙', '북', '선반', '방지', '둥글다', '디자인']"
사무용품,북엔드 및 책꽂이,북엔드,,B0BGSW6KW7,"책을 보관할 수 있는 튼튼한 책 엔드, 선반용 조절 가능한 북엔드 책 홀더, 책상용 장식 책 정리함, 견고하고 유연함 - 탁상용 금속 책 엔드 바인더 홀더",Goihgioh,24916,24916,4.7,118.0,"【견고하고 유연하며 엉성하지 않습니다! 튼튼한 북엔드는 두꺼운 강판으로 만들어져 더 견고하고 안정적입니다. 모든 책을 정리할 수 있으며 책이 열린 선반에서 떨어지는 것을 방지하는 훌륭한 솔루션입니다. 확장 가능 & 넓은 공간 - 확장 가능한 범위: 9.9-48cm(3.9-19.9인치)! 필요에 따라 이 북엔드를 유연하게 조정할 수 있습니다. 컴팩트하여 여분의 공간을 차지하지 않습니다. 【 다용도 & 쉬운 선택 책 】- 모든 책상에 훌륭한 정리함! 책 오거나이저에는 3개의 독립적인 공간이 있어 다양한 종류의 책, 잡지, 파일 등이 있습니다. 책상을 더 깔끔하게 유지하기 위해 다양한 공간으로 분류할 수 있습니다. 고품질 금속 북엔드 - 둥근 모서리가 있는 책 끝은 광택 처리되어 가장자리가 매우 매끄럽고 손을 다치지 않습니다. 미끄럼 방지 리벳 실리콘 패드 디자인은 직접적인 금속 마찰, 소음 감소 및 내마모성을 방지합니다. 완벽하고 마음을 따뜻하게 해주는 선물 - 이 조절 가능한 책 끝은 책 애호가, 소녀, 소년, 선생님, 학생 등에 완벽한 선물입니다. 가정, 사무실, 학교, 도서관 등에 적합합니다. 하나 구입하면 아이들, 학생 또는 사랑하는 친구를 놀라게 할 수 있습니다.",,"['책', '공간', '가능하다', '견고하다', '금속', '방지', '북엔드', '유연하다', '정리', '책상']"
사무용품,북엔드 및 책꽂이,북엔드,,B08GPM61PV,"QiMing 무거운 책용 나뭇잎 북엔드, 사무실 선반 성인 및 어린이 선물용 금속 책 홀더 1쌍(블랙)",QiMing,17991,17991,4.8,206.0,"북엔드는 튼튼한 강철로 만들어졌으며 파우더 코팅으로 항상 우아함을 발산합니다. 강도와 내구성을 위한 듀티 북엔드 디자인. 심플하고 독특한 북엔드는 전통적인 북엔드에 사용될 뿐만 아니라 문학과 예술의 맛도 가지고 있습니다. 장식, 사진 및 기타 목적으로 사용할 수 있습니다 미디엄 사이즈: 13x9.4x17cm(5.1x3.7x6.7인치)(길이x너비x높이), 0.3kg(0.6파운드) 경량 금속 북엔드는 잡지, 책, DVD, 게임, 카탈로그, 백과사전, 교과서, 하드백, 만화책, 바인더, 요리책, 참조 책, 가족 앨범 등을 보관하는 데 사용됩니다! 성인 및 어린이 선물로 적합합니다. 생일, 기념일, 어린이 날, 크리스마스 및 기타 특별한 날을 위한 가장 특별한 선물 중 하나입니다. 클래식에서 현대적인 색상으로 아름답고 기분 좋은 룩을 연출하고, 책을 정리하고 공간을 절약하고 책상을 깨끗하게 유지합니다. 가정이나 사무실에 이상적입니다.","QiMing 무거운 책용 나뭇잎 북엔드, 사무실 선반용 금속 책 홀더 성인 및 어린이 선물 북엔드는 튼튼한 강철로 만들어졌으며 파우더 코팅으로 항상 우아하게 발산됩니다. 강도와 내구성을 위한 튼튼한 북엔드 디자인. 심플하고 독특한 북엔드는 전통적인 북엔드에 사용될 뿐만 아니라 문학과 예술의 맛을 가지고 있습니다. 장식, 사진 및 기타 목적으로 사용할 수 있습니다. M 사이즈: 13 x 9.4 x 17cm(5.1 x 3.7 x 6.7인치)(길이*너비*높이), 0.3kg(0.QiMing은 만족스러운 고품질 제품을 제공하기 위해 최선을 다하고 있습니다. QiMing을 선택해 주셔서 감사합니다. 아마존에서 ""QiMing Bookends""를 검색하여 원하는 것을 찾으세요.","['책', '북엔드', '북', '어린이', '선물', '튼튼하다', '금속', '사무실', '성인', '홀더']"
사무용품,북엔드 및 책꽂이,북엔드,,B08GFCK1FT,"블랙 메탈 북엔드 20.3 x 9.9 x 13.9cm(8.0 x 3.9 x 5.3인치), 선반용 튼튼한 북엔드 3쌍, 무거운 책용 북엔드, 선반용 책 홀더, 사무실용 책 엔드, 선반용 책 스토퍼",Acrux7,24916,24916,4.2,21.0,"★선반용 튼튼한 북엔드 -- 무거운 책을 위한 미니멀리스트 스타일의 북엔드는 프리미엄 금속 소재로 제작되었습니다. 책을 보관하고 정리할 수 있는 훌륭한 기능. 책을 깔끔하고 똑바로 세워 놓을 수 있을 만큼 강하고 구부리기 어렵습니다. ★블랙 책 선반 홀더 사이즈 -- 수직 길이: 20.3cm, 하단 너비: 10.2cm, 하단 길이: 13.5cm ★미끄럼 방지 -- 금속 북엔드의 미끄럼 방지 베이스 디자인으로 마찰을 강화하여 안정성을 보장합니다. 바닥에 고무로 패딩 처리되어 책을 항상 깔끔하고 똑바로 세워 보관할 수 있습니다. ★사용자 친화적인 디자인 -- 선반용 책 홀더는 날카로운 거친 대신 곡선형 모서리와 둥근 모서리가 있어 책상, 책, 손에 긁히지 않습니다. ★더 이상 지저분하지 않음 -- 책 끝을 사용하여 책을 보관할 수 있습니다. 지저분한 데스크톱과 작별 인사를 하고 책, 노트북, 파일, 잡지, 문서, 요리책, 영화, DVD, 비디오 게임 또는 깔끔하게 유지하고 싶은 모든 것을 보관할 수 있습니다.","Acrux7 튼튼한 금속 책 엔드, 선반용 책 홀더 6팩, 사무실, 가정, 학교, 기숙사용 책 엔드/금속 북엔드 특징: 무거운 책을 위한 멋지고 우아한 북엔드, 실용적인 기능을 갖춘 심플한 디자인 미끄럼 방지 패딩이 있어 미끄러지지 않고 책상, 책장, 가구 표면을 긁지 않습니다. T자형 디자인과 비교했을 때, 튼튼한 북엔드는 책장의 공간을 절약하고 각 선반에 더 많은 책을 담을 수 있습니다./사양: 크기: 높이 20.3cm x 너비 13.5cm x 길이 10.3cm 색상: 블랙 패키지 구성: 금속 북엔드 3쌍(6팩)","['책', '북엔드', '선반', '금속', '디자인', '홀더', '튼튼하다', '블랙', '방지', '무겁다']"
사무용품,북엔드 및 책꽂이,북엔드,,B07LD9GY3J,"프리미엄 튼튼한 금속 북엔드 - 블랙 L자형 북엔드 지지대, 사무실 책상 지지대, 아빠와 연인을 위한 창의적인 선물 (마스터)",rongji jewelry,38766,38766,4.5,1733.0,"독특한 디자인 - L자형 북엔드는 책이 무너질 듯한 착각을 줄 수 있도록 창의적으로 설계되었으며, 뒤에 있는 남자는 책을 막기 위해 손을 뻗습니다. 이 독특한 디자인은 멋지게 보일 뿐만 아니라 책장에 유머를 더합니다 실용적이고 세련됨 - 당사의 북엔드는 책을 깔끔하고 체계적으로 유지할 뿐만 아니라 공부에 매력을 더합니다. 기능적이고 예술적인 장식 액세서리로 보는 모든 사람에게 깊은 인상을 줄 것입니다 내구성 있는 소재 - 당사의 창의적인 북엔드는 고품질 316L 스테인리스 스틸로 만들어졌으며 블랙 코팅 마감으로 오래 지속되는 내구성과 오랜 시간 동안 견딜 수 있는 멋진 스타일을 보장합니다 완벽한 선물 - 이 금속 북엔드는 졸업식, 판촉 및 생일을 포함한 다양한 행사에 완벽한 선물입니다. 앞으로 몇 년 동안 소중히 여길 독특하고 실용적인 선물로 사랑하는 사람을 놀라게 하세요 이상적인 사이즈 - 길이 16.5cm(6.5인치), 너비 11cm(4.3인치), 높이 16cm(6.3인치)의 이 북엔드는 대부분의 책장에 완벽한 크기입니다. 순 중량은 500g(1.1파운드)로 가장 무거운 책도 담을 수 있을 만큼 튼튼합니다",,"['북', '선물', '책', '완벽하다', '창의', '독특하다', '디자인', '더하다', '실용', '북엔드']"
사무용품,북엔드 및 책꽂이,북엔드,,B09D3HHBGY,"Ambipolar 기하학적 장식 공 모양 북엔드, 사무실 책상, 책장, 방 장식, 홈 오피스, 서서 스탠드 또는 오거나이저용 모던 주철 블랙 북엔드, 2개 세트. 앤티크 블랙",Ambipolar,40165,40165,4.3,258.0,"다기능 - 이 장식용 양극 주철 북엔드를 문진, 장식 악센트, 도어 홀더, 운동 웨이트 등으로 사용하세요. 튼튼한 금속 - 이 튼튼한 양극 북엔드는 책과 서류를 제자리에 안전하게 고정합니다. 싱글 볼 치수: 너비 12.7cm x 높이 10.8cm, 무게 1.1kg. 현대적인 스타일 디자인 - 집안 어디에서나 이 양비폴라 가중 북엔드를 사용하여 장식적인 악센트를 얻으세요. 뉴트럴 색상은 어떤 장식과도 잘 어울립니다. 미끄럼 방지 스티커 - 6개의 미끄럼 방지 스티커가 포함되어 있어 양극성 북엔드가 매끄러운 표면에서 미끄러지거나 가구를 긁지 않도록 합니다. 프리미엄 소재 - 내구성이 뛰어난 견고한 주철 양극 북엔드는 가정이나 사무실에서 수년 동안 기능적인 서비스를 제공합니다.",,"['장식', '북엔드', '양극', '주철', '블랙', '사무실', '북', '방지', '튼튼하다', '미끄럼']"
사무용품,북엔드 및 책꽂이,북엔드,,B09CVBQ1ZT,"책장 장식, 집, 사무실 또는 주방 선반으로 사용할 수 있는 튼튼한 금속 독특한 북엔드 책을 보관할 수 있는 독특하고 귀엽고 장식적인 책 스토퍼, 훌륭한 선물 아이디어 (블랙)",Ottimo,42921,42921,4.7,154.0,"프리미엄 수제 튼튼한 북엔드는 책장에 귀엽고 장식적인 느낌을 더합니다. 튼튼한 베이스와 고무 스토퍼로 디자인되어 책이 미끄러지지 않습니다. 블랙 북엔드의 모든 조각은 오래 지속되는 보호를 위해 프리미엄 파우더 코팅되었습니다. 각 피규어는 조심스럽게 수작업으로 제작되었습니다 집, 주방, 사무실 책상 또는 선반 스토퍼로 사용할 수 있는 독특한 디자인 장식용 북엔드. 당신만큼 독서할 수 있는 독특한 피규어로 책장과 홈 데코를 강조하세요. 북유럽 배열로 사용하거나 도서관에 추상적, 고딕 또는 현대적인 느낌을 더할 수 있습니다. 기능적이고 실용적: 1.5mm 두께의 금속 가중 북 엔드는 모든 높이의 책과 주방 요리책, 백과페이다, 레코드판을 포함한 가장 무거운 책도 지원합니다. 각 베이스에는 미끄러짐을 방지하기 위해 4개의 고무 스토퍼가 있습니다. 각 피규어는 5mm 금속 소재로 세심하게 수작업으로 제작되어 오래 지속되고 구부러짐을 방지합니다. 다용도: 책의 끝 부분 또는 한 쪽에 두 조각이나 한 조각을 사용하십시오. 이 북엔드는 다용도로 사용할 수 있으며 거실, 침실, 주방, 사무실 또는 어린이 방을 포함한 다양한 환경에 적합합니다. 유령의 저택, 아이언 왕좌, 앨라배마, 조나단 애들러, 주니 애니멀, 스타 시리즈, 요리 책, 슈퍼히어로 시리즈 등을 포함한 좋아하는 책 시리즈에 적합합니다 선물 준비: 각 북엔드 세트는 OTTIMO의 프린트 박스 디자인으로 제공됩니다. 책을 사랑하는 친구, 가족 또는 파트너를 위한 선물로 환상적입니다.",,"['책', '스토퍼', '북엔드', '장식', '독특하다', '주방', '책장', '선물', '북', '시리즈']"
사무용품,북엔드 및 책꽂이,북엔드,,B07HT9R44P,"CY craft 북엔드 4개, 선반용 투명 아크릴 북엔드, 튼튼한 책 엔드 및 데스크탑 오거나이저, 책/영화/CD용 북 스토퍼, 18.5 x 12.2 x 12.2cm(7.3 x 4.75 x 4.75인치)",CY craft,16606,16606,4.7,3212.0,"❤다기능: 지저분한 데스크톱과 작별 인사를 하고 책, 노트북, 파일, 잡지, 문서, 요리책, 영화, DVD, 비디오 게임 또는 기타 모든 것을 깔끔하게 유지하십시오 ❤현대적인 디자인: 심플하고 현대적인 ""L"" 모양 디자인은 책을 수직으로 정리하고 균형이 잘 잡혀 있으며 매끄럽고 평평하게 유지합니다. 철제 책장과 달리 구부러진 모서리와 둥근 모서리가 있습니다. 무거운 책을 넣거나 북엔드를 옮겨도 조리대나 가구가 긁히지 않습니다 ❤훌륭한 선물: 크리스탈처럼 투명하고 변형되거나 녹슬지 않는 고품질 아크릴로 제작되어 모든 종류의 가구와 완벽하게 어울리며 책장을 장식할 수 있습니다. 완벽한 문구 선물입니다 ❤제품 세부 정보: 4개 팩, 높이 18.5cm(7.3인치), 너비 12.2cm(4.8인치), 베이스 너비 12.2cm(4.8인치), 두께 4mm(0.15인치) ❤서비스: 어떤 이유로든 구매에 완전히 만족하지 않으시면- 파손된 경우, 배송 중 손상되거나 마음이 바뀌더라도 저희에게 알려주시면 만족스러운 해결책을 제공해 드리겠습니다",,"['책', '북엔드', '아크릴', '책장', '디자인', '모서리', '선물', '완벽하다', '유지', '가구']"
사무용품,북엔드 및 책꽂이,북엔드,,B096P1FJ1W,"책 엔드, 선반용 북엔드, 책을 보관할 수 있는 나무 책 끝, 금속 북엔드 스토퍼, 미끄럼 방지 책 홀더, 사무실 가정 주방을 위한 블랙 북 지지대, 현대적인 장식 북엔드(3쌍/6개)",Umikk,22146,22146,4.8,868.0,"견고한 내구성: 북엔드는 튼튼한 강철로 만들어져 북엔드가 튼튼한 모양을 가지고 있으며 쉽게 구부러지지 않습니다. L자형 디자인은 북 엔드의 구조적 안정성을 향상시킵니다. 정전기 방지 스프레이 페인트로 금속 북엔드가 더 오래 지속됩니다. 안전 세부 사항: 둥근 모서리와 매끄러운 가장자리는 손가락과 책을 긁힘으로부터 보호합니다. 현대적인 디자인: 간단하고 넉넉한 패턴으로 책을 정리할 때 장면을 장식할 수 있습니다. 북엔드는 책을 좋아하는 친구들에게 완벽한 선물입니다. 향상된 미끄럼 방지: 각 북엔드 하단에 4개의 폼 미끄럼 방지 패드가 있어 무거운 책을 지지할 때 책꽂이가 미끄러지는 것을 방지하고 탁상에 흠집이 나지 않습니다. 다양한 용도: 이 17.8cm(7인치) 높이의 북엔드는 책상이나 책장에 안정적으로 배치되어 공간을 깔끔하고 질서 있게 보이게 합니다. 책 지지대는 학교, 가정, 사무실, 도서관, 서점 및 기타 장소를 위한 다양한 유형의 책을 정리할 수 있습니다.",,"['책', '북', '북엔드', '방지', '지지', '미끄럼', '튼튼하다', '정리', '사무실', '장식']"
사무용품,북엔드 및 책꽂이,북엔드,,B0CF1VB1KF,"조절 가능한 책 끝 확장 가능한 금속 북엔드, 사무실, 책, 저널용 무거운 책용 선반 북엔드, 최대 48.3cm(19인치)까지 연장 (그린)",ALXBSONE,19376,19376,4.4,20.0,"1. [ 대형 스페이스 북 엔드] 북 엔드의 확장 가능한 범위는 9.9-48cm(3.9-18.9인치)입니다. 북엔드의 길이는 다양한 사용 요구 사항을 충족하기 위해 책의 두께와 수에 따라 자유롭게 늘리거나 줄일 수 있습니다. 이 북엔드의 강력한 보관 기능에 놀라실 것이며 정리된 테이블이 있습니다. 2. [3칸 구성] 조절 가능한 북엔드에는 3개의 독립적인 공간이 있으며 너비는 10.2cm(4인치)에서 48cm(18.9인치)까지 조절할 수 있어 다양한 종류의 책, 잡지, 파일 등이 있습니다. 책상을 깔끔하게 유지하기 위해 다양한 공간으로 분류할 수 있습니다. 이렇게 하면 필요한 책이나 문서를 즉시 꺼낼 수 있습니다. 3. [견고하고 안정적] 튼튼한 금속 북엔드는 두꺼운 강판으로 만들어졌으며 안정적인 베이스는 기존의 투피스 북엔드보다 훨씬 안전합니다. 접합부에 실리콘 시트가 있는 일체형 체인 기능으로 북엔드를 더 유연하게 유지합니다. 책이 가득 차 있지 않으면 밀어서 조이십시오. 책 수를 보관하는 데 사용되는 이 북엔드를 제안하십시오. 너무 적은 책은 권장하지 않습니다. 4. [ 고품질 금속 북엔드 ] 둥근 모서리가 있는 책 끝은 광택 처리되어 가장자리가 매우 매끄럽고 손을 다치지 않습니다. 또한, 안정적인 베이스로 미니 데스크탑 책장을 기존의 투피스 북엔드보다 안전합니다. 홈 오피스, 어린이 방, 공부방, 책을 놓고 싶은 곳 어디에나 적합합니다. 5. [최고의 선물] 이 장식용 북엔드는 책 애호가, 선생님, 독자, 작가 등을 위한 완벽한 선물이며, 다양한 색상 중에서 선택할 수 있으며 가정, 사무실, 학교, 도서관 및 기타 장소에 적합합니다. 하나만 구입하면 자녀, 학생, 가족 또는 친구를 놀라게 할 수 있습니다.",,"['책', '북엔드', '가능하다', '북', '금속', '안정', '조절', '공간', '기존', '베이스']"
사무용품,북엔드 및 책꽂이,북엔드,,B0CPP3NCQZ,"Luxdecor 우드 북 엔드 홀드 헤비 북 - 선반용 장식용 북엔드, 무거운 책을 위한 튼튼한 책 홀더, 미끄럼 방지, 사무실 책상용 월넛 우드 북엔드, 미끄럼 방지, 2팩 삼각형 북엔드",Luxdecor,40151,40151,4.6,14.0,"[무거운 책을 위한 튼튼한 북 엔드]: 나무 책 끝은 두껍고 안정적인 바닥 + 금속 베이스가 있는 삼각형 디자인으로 무거운 책이나 바인더를 안정적으로 보관할 수 있으며 사무실 책상에 적합합니다. 고급 공예 목재 책 끝은 책장과 조화를 이룹니다. 무거운 책을 위한 튼튼한 월넛 북엔드 [바인더용 나무 북 엔드]: 삼각형 모양의 나무 북엔드는 다양한 높이의 무거운 책을 담을 수 있으며 책상 위의 책을 위한 더 많은 공간을 제공합니다. 금속 베이스는 책 끝이 책을 더 안정적으로 고정할 수 있도록 도와줍니다. 하단 금속 베이스에 4개의 작은 폼 패드, 미끄럼 방지 책 끝은 나무 책 끝이 미끄러지는 것을 방지합니다. 진짜 월넛 북엔드는 멋진 장식 효과를 제공합니다 [미끄럼 방지 장식 책 끝]: 무거운 책을 위한 튼튼한 책 끝은 하드커버 및 페이퍼백 책, 취침 시간 소설 책, 연속 만화책, 교과서, 패션 잡지, 영감 원고, 유제품 또는 사무실 파일, 문서, 브로셔를 보관할 수 있으며 물건을 깔끔하게 정리할 수 있습니다. 진짜 호두나무 북엔드는 만화 애호가, 책상 정리를 좋아하는 친구, 호두 장식이 필요한 레이어 등을 위한 사려 깊은 선물입니다. [실용적인 치수의 책 홀더]: 높이 14.9cm x 너비 11.9cm x 길이 9.1cm(5.9 x 4.8 x 3.6인치), 책장에 적합한 크기의 책 끝, 삼각형 북엔드는 다양한 높이와 경도의 책을 담을 수 있습니다. 책, 바인더, 레코드판, 레시피를 깔끔하게 정리할 수 있습니다. 책상과 책장에 적합한 책 홀더는 공부와 사무실을 장식할 수 있습니다 [고객 서비스]: 나무 책 끝은 소유자의 취향과 스타일을 표현할 수 있습니다. 각 책 홀더는 독특하고 숙련된 장인이 완벽하게 제작했습니다. 질문이 있으시면 언제든지 저희에게 연락하십시오.",,"['책', '북', '무겁다', '책상', '장식', '나무', '방지', '튼튼하다', '미끄럼', '삼각형']"
사무용품,북엔드 및 책꽂이,북엔드,,B09PC5569M,"MyGift 골판지 아연 도금 금속 악센트가 있는 러스틱 번트 우드 장식 북엔드, 펜 홀더가 있는 데스크탑 북 엔드, 펜슬 컵 문구 보관함, 홈 오피스, 교실, 기숙사용 1쌍",MyGift,34611,34611,4.6,30.0,"탄 목재와 아연 도금 금속 보관함의 나무 북엔드는 문학 컬렉션과 펜, 연필 또는 문구류를 책상, 선반, 책장, 테이블 및 조리대에 보관하고 전시하기에 적합합니다 책, 잡지, 파일 폴더, 요리책, 소설, 교과서 등을 전시하고 정리할 수 있는 장식적이고 유용한 방법이며, 보관 컵에 작은 물건을 보관할 수 있는 추가 수납 공간을 제공합니다 펜 컵 디자인과 금속은 책을 똑바로 세우고 안정적으로 고정합니다. 미끄럼 방지 패드는 가장 무거운 책도 제자리에 고정하면서 표면을 긁힘으로부터 보호합니다 목재와 아연 도금 금속은 사무실, 도서관, 침실 또는 거실에 소박한 세련미를 완벽하게 가미하여 책을 스타일리시하게 전시하고 싶은 곳 어디에서나 사용할 수 있습니다 대략적인 치수: 전체 - 길이 14.9cm x 너비 8.9cm x 높이 10.4cm (5.7 x 3.46 x 4.13인치)",,"['책', '보관', '금속', '컵', '전시', '도금', '펜', '아연', '목재', '장식']"
사무용품,북엔드 및 책꽂이,북엔드,,B09D3HPS2W,"Ambipolar 기하학적 장식 공 모양 북엔드, 사무실 책상, 책장, 방 장식, 홈 오피스, 책 스탠드 또는 오거나이저용 모던 주철 골드 북엔드, 2개 세트",Ambipolar,37395,37395,4.5,437.0,"다기능 - 선반을 위한 훌륭한 북엔드를 만드는 것이 아닙니다! 문진, 오거나이저, 도어 스톱 및 일반 탁상용 홈 데코로 사용하세요. 튼튼한 금속 - 무거운 주철은 북엔드를 효과적으로 만들 뿐만 아니라 매우 오래 사용할 수 있습니다. 스타일이 바뀌더라도 앞으로 몇 년 동안 장식을 보완하는 데 사용하세요. 싱글 볼 치수: 너비 12.7cm x 높이 10.8cm, 무게 1.1kg. 현대적인 스타일 디자인 - 세련되고 현대적인 이 제품은 세련된 분위기를 가지고 있습니다. 어떤 공간에도 품격을 줄 것입니다. 미끄럼 방지 스티커 - 미끄럼 방지 스티커를 붙여 미끄러짐을 방지합니다. 이 책을 사용하면 무거운 책이 제자리에 유지됩니다. 프리미엄 소재 - 주철은 무게와 내구성으로 유명한 클래식 소재입니다. 이 책 끝은 유서 깊은 고품질 장인 정신의 이상을 구현합니다.",,"['북엔드', '책', '주철', '방지', '장식', '스티커', '미끄럼', '세련되다', '스타일', '현대']"
사무용품,북엔드 및 책꽂이,북엔드,,B0190BCYA8,1쌍 럭셔리 메탈 북엔드 책 학교 도서관 아트 북 엔드 스탠드 홀더 장식 사무실 북엔드 선물 블랙,Artkingdome,12409,12409,4.5,73.0,"1. 질서 있는 책장을 볼 때마다 책을 읽고 싶은 욕구를 자극합니다. 그러면 깊은 학습의 남자가 될 것입니다. 2. 책을 수직으로 정리하고 제자리에 유지하여 책이 쉽게 기울어지지 않습니다. 3. 독특한 디자인으로 책의 바다에서 특별한 여행을 제공합니다. 4. 공부방을 장식하고 책을 정리하고 볼 수 있습니다. 5. DVD, 비디오 게임 또는 CD 하우징에 적합합니다.",,"['책', '정리', '장식', '북엔드', '블랙', '북', '부방', '바다', '메탈', '홀더']"
사무용품,북엔드 및 책꽂이,북엔드,,B09BJHWNZ4,"Mr. Pen - 북 엔드, 블랙, 4팩, 선반용 튼튼한 금속 북엔드, 선반용 책 홀더, 책 스토퍼, 책 홀더, 사무실용 북 엔드, 금속 북엔드, 책을 보관할 수 있는 북 엔드",Mr. Pen,22146,17797,4.8,765.0,"패키지에는 4개의 블랙 북 엔드가 포함되어 있어 사무실과 가정에서 사용하기에 적합합니다. Mr. Pen 책 끝은 고품질 철로 만들어져 두껍고 튼튼하며 쉽게 구부러지거나 긁히지 않습니다. 세 개의 미끄럼 방지 폼이 각 책 끝의 하단에 있어 책을 제자리에 유지하고 다른 물건을 빼내지 않고 한 물건을 제거할 수 있습니다. 매끄러운 표면과 둥근 모서리로 선반이나 책에 긁힘이나 흠집이 생기지 않습니다. Mr. Pen 북 엔드는 다양한 책, 잡지, CD, DVD 및 기타 물건을 분류하여 집을 더 아름답고 깔끔하게 만들 수 있습니다.",,"['책', '북', '선반', '물건', '홀더', '금속', '블랙', '북엔드', '튼튼하다']"
사무용품,북엔드 및 책꽂이,북엔드,,B07R3XK2D9,"8피스 투명 북엔드 아크릴 북 엔드 선반용 튼튼한 북엔드 플라스틱 북엔드, 홈 오피스 라이브러리, 책 스토퍼, 데스크탑 오거나이저, 18.5 x 12.2 x 12.2cm(7.3 x 4.75 x 4.75인치)",Jekkis,31841,20761,4.6,934.0,"△ 보호 필름: 책이 긁히지 않도록 북엔드에 반투명 필름 레이어가 있습니다. 사용하기 전에 필름을 떼어내는 것을 잊지 마십시오. 보호 필름은 북엔드에 달라 붙어 김이 자욱하지만 북엔드는 실제로 투명 아크릴 북엔드입니다. △ 우아한 투명 북엔드: 고품질 아크릴로 제작된 투명한 북엔드는 모든 종류의 책과 다른 물건과 쉽게 어울려 사무실, 집, 학교 및 도서관을 멋지게 만듭니다. △ 둥근 가장자리: 북엔드에 날카로운 모서리가 없습니다. 북엔드가 손이나 책을 긁을 염려가 없습니다. 매우 안전합니다. 이 아크릴 둥근 모서리 북엔드는 책장, 책장 또는 책상에 사용할 수 있습니다. △ L 모양 북엔드: 북엔드는 선반의 시각적 공간을 차지하지 않으며, 대부분 보이지 않기 때문에 매우 선명합니다. 가볍고 책을 계속 보관할 수 있습니다. △ 패키지 구성: 8개의 북엔드/4쌍, 사이즈는 18.5cm x 12.2cm x 12.2cm(7.3인치 x 4.75인치 x 4.8인치)입니다. 중소 규모의 책에 더 적합합니다.",,"['북엔드', '책', '북', '필름', '아크릴', '투명', '보호', '모서리', '둥글다', '선반']"
사무용품,북엔드 및 책꽂이,북엔드,,B09ZLB38GS,"북 엔드, 선반, 가정, 사무실용 북엔드, 책용 튼튼한 금속 북 스토퍼, 금속 북엔드 지지대, 현대적인 미니멀리스트 스타일 장식 북엔드, 블랙(4쌍/8개)",Honagu,31841,31841,4.5,91.0,"금속 북엔드: 당사의 북엔드는 첨단 기술을 사용한 견고한 금속으로 만들어져 쉽게 변형되거나 손상되지 않으며 매우 강하여 무거운 책을 쉽게 수용할 수 있습니다. 완벽한 표면 처리는 내부 금속이 산화되거나 부식되는 것을 방지하여 북엔드의 수명을 연장합니다. 미끄럼 방지 디자인: 각 책 끝의 하단에 4개의 미끄럼 방지 폼 패드가 있어 책을 꺼내거나 보관할 때 미끄러지지 않고 안정성을 유지할 수 있습니다. 북엔드를 움직일 때 테이블 표면에 긁힘을 남기지 않습니다. 좋은 소재 마감: 4쌍/8개의 북엔드를 받게 됩니다. 이 북엔드는 고품질 금속 소재로 만들어졌으며 표면은 정전기 페인트 처리되어 녹 방지, 섬세하고 매끄럽고 평평합니다. 이상적인 선물: 열렬한 독자와 책벌레를 위한 완벽한 선물. 책, 파일, 잡지, DVD, 영화 및 기타 일반적으로 사용되는 물건을 일상 생활에서 저장할 수 있으며 학교, 공부방, 도서관 및 사무실과 같은 다양한 응용 시나리오를 적용할 수 있습니다. 아름다운 디자인: 단순함이 최고입니다. 심플하고 세련된 현대적인 외관 디자인, 다양한 스타일의 방, 사무실, 책장 및 책상에 완벽하게 통합될 수 있습니다.",,"['북엔드', '금속', '방지', '북', '책', '표면', '디자인', '완벽하다', '스타일', '사무실']"
사무용품,북엔드 및 책꽂이,북엔드,,B081SXCKXS,"북 엔드, 북엔드, 선반용 북 엔드, 무거운 책을 위한 북엔드, 책 칸막이 장식 홀더, 금속 튼튼한 북엔드 블랙 1쌍, 추상 아트 디자인 북 스토퍼 사무실, 가정용",INNÔPLUS,15221,15221,4.6,1644.0,"튼튼한 금속 북엔드: 북엔드의 조각 크기는 12.5 x 9 x 18.5cm(4.9 x 3.6 x 7.3인치)이며 첨단 기술을 사용한 견고한 금속으로 제작되어 책을 깔끔하고 똑바로 세울 수 있을 만큼 강하고 구부리기 어렵습니다. 거대한 책, 가정용 DVD, 비디오 게임 또는 CD에 적합합니다 미끄럼 방지 폼 패드 디자인: 북엔드가 미끄러지지 않도록 각 책 끝의 하단에 4개의 미끄럼 방지 폼 패드가 있어 책 홀더를 움직일 수 있지만 책상을 긁지 않습니다. 모서리가 약간 둥글어 손가락이나 책을 긁지 않습니다. 견고하고 녹 방지 소재: 첨단 기술을 사용한 견고한 금속으로 제작되어 오래 지속되고 내구성이 뛰어나며 크고 무거운 책을 깔끔하고 똑바로 세워 놓을 수 있을 만큼 강하고 구부리기 어렵습니다. 파우더 코팅 표면은 매끄럽고 녹슬지 않습니다. 아름다운 디자인과 훌륭한 선물: 사무실, 학교를 위한 우아하고 심플한 디자인의 책 엔드. 열렬한 독자와 책벌레를 위한 훌륭한 선물. 북엔드는 책을 깔끔하게 똑바로 세워 두면서 훌륭한 장식 역할을 합니다. 최고의 보관 도우미: 책을 분류하고 정리할 수 있어 책상을 깔끔하고 정돈할 수 있습니다. 학교, 사무실, 가정 등에 적합합니다.",,"['책', '북엔드', '금속', '깔끔하다', '디자인', '북', '훌륭하다', '견고하다', '똑바로', '방지']"
사무용품,북엔드 및 책꽂이,북엔드,,B09KK2RJB5,"CNK 책 엔드, 장식용 책 홀더, 북엔드 선반 엔드 홀드, 튼튼한 홀더 스토퍼, 금속 스토퍼, 귀여운 보헤미안 책장, 요리책, 사무실, 홈, 4개 세트, 블랙",CNK,47048,47048,4.9,710.0,"[아름다운 디자인] 책을 똑바로 세우고 정리할 수 있는 기능적일 뿐만 아니라 생활 공간, 작업 공간, 사무실을 깨울 훌륭한 장식용 북엔드입니다! [튼튼한 소재] 장식용 북엔드는 튼튼한 금속으로 만들어져 오래 지속되고 크고 무거운 책을 담을 수 있도록 내구성이 뛰어납니다. [고무 바닥 패드] 당사의 북엔드는 미끄럼 방지 및 모든 표면을 긁힘으로부터 보호하기 위해 바닥에 4개의 고무 패드가 부착되어 있습니다. [고품질 마감] 당사의 북엔드는 녹 방지 및 매끄러운 마감을 보장하기 위해 고품질 페인트로 파우더 코팅되었습니다. [완벽한 선물] 사랑하는 사람을 위한 완벽한 선물! 우아하고 장식적인 북엔드로 책 컬렉션을 돋보이게 하세요!",,"['책', '북', '장식', '튼튼하다', '마감', '사무실', '선물', '스토퍼', '완벽하다', '방지']"
사무용품,북엔드 및 책꽂이,북엔드,,B0CXDLJC1M,"M&G 선반용 북엔드 1쌍, 무거운 책용 대형 금속 북 엔드, 책상용 L 타입 북 스탠드, Shool 홈 오피스 책 보관용 미끄럼 방지 북 스토퍼 (블루)",M&G,11052,11052,4.7,4.0,"내구성 있는 디자인: 튼튼하고 두꺼운 금속으로 제작되어 균열과 변형 없이 많은 책을 수용할 수 있습니다. 둥근 모서리 디자인은 손을 다치게 하지 않아 학교, 사무실 및 기타 일상 생활에 매우 적합합니다. 견고한 지지력: 각 북엔드는 높이 20.3cm(8인치) x 너비 13.5cm(5.3인치) 및 깊이 9.9cm(3.9인치)로 구부러지거나 부서지지 않고 많은 무거운 책을 지지할 수 있습니다. 안전한 책 보관: L자형 디자인과 미끄럼 방지 고무 발은 쌓았을 때 미끄러지거나 넘어질 위험 없이 책을 제자리에 단단히 고정합니다. 간편한 사용: 조립이 필요 없음 - 쌓인 책의 양쪽 끝에 북엔드를 놓기만 하면 볼륨을 즉시 안정화하여 편리하게 액세스하고 탐색할 수 있습니다. 방을 깔끔하게 유지: M&G 북엔드는 책뿐만 아니라 잡지, 신문, 파일, 문서 등에도 적합합니다. 사무실, 도서관, 가정, 교실 등에서 사용할 수 있어 공간을 보다 체계적이고 세련되게 만듭니다.",,"['책', '북', '디자인', '금속', '무겁다', '미끄럼', '지지', '사무실', '방지', '보관']"
사무용품,북엔드 및 책꽂이,북엔드,,B082M189YB,Agirlgle 북엔드 장식용 책 엔드 메탈 블랙 튼튼한 맨 북엔드 스터디어스 독서 책 엔드 책장 장식 침실 도서관 사무실 학교 책 디스플레이 데스크탑 오거나이저 성인 어린이 선물,Agirlgle,45649,45649,4.6,749.0,"【튼튼한 금속 북엔드】북엔드는 튼튼한 강철과 파우더 코팅으로 만들어졌으며 프리미엄 코팅 표면은 매끄럽고 효과적으로 녹을 방지하고 항상 우아한 광택을 발산합니다. 강도와 내구성을 위한 튼튼한 북엔드 디자인. 【독특하고 세련된 기능】 장식용 북엔드는 단순하지만 독특하고 세련된 특징입니다. 전통적인 책장과 달리, 북유럽 스타일 잡지 랙은 책장이자 세련된 환경으로 매우 문학적이며 장식, 사진 및 특수 예술에 사용할 수 있습니다. 친구나 가족을 위한 놀라운 선물입니다. 【독특한 리더 디자인】 추상적인 아름다움을 전시하면 책을 확실히 강조할 것입니다. 이 아름다운 북엔드는 다양한 포즈의 두 개의 리더로 구성되어 있습니다. 【다양한 용도】금속 북엔드는 잡지, 책, DVD, 게임, 카탈로그, 백과사전, 교과서, 하드백, 만화책, 바인더, 요리책, 참조책, 가족 앨범 등을 보관하는 데 사용됩니다! 【블랙 클래식 북엔드】- 블랙 클래식은 어떤 스타일과도 잘 어울립니다. 클래식부터 모던까지 블랙으로 아름답고 기분 좋은 룩을 연출하고, 책을 정리하고 공간을 절약하고 책상을 깨끗하게 유지하세요. 가정이나 사무실에 이상적입니다. 절대적으로 가장 인기 있는 스타 아트 북엔드.",,"['책', '북엔드', '블랙', '장식', '북', '튼튼하다', '클래식', '세련되다', '아름답다', '책장']"
사무용품,북엔드 및 책꽂이,북엔드,,B0B2VHYT9N,"MyGift 러스틱 번트 우드 장식 북엔드, 매트 블랙 메탈 와이어 바스켓 펜 컵 및 사무용품 보관 바구니, 1쌍",MyGift,48461,48461,3.9,10.0,"무광 블랙 메탈 와이어 메시 보관 바구니가 있는 소박한 L자형 소박한 단단한 탄 나무 북엔드는 책상, 선반, 책장, 테이블 및 조리대에 문학 컬렉션과 펜, 연필 또는 문구류를 보관하고 전시하기에 적합합니다 번트 우드와 블랙 메탈은 책을 스타일리시하게 전시하고 싶은 곳 어디에서나 사무실, 도서관, 침실 또는 거실에 소박한 현대적인 매력을 더합니다 책, 잡지, 파일 폴더, 요리책, 소설, 교과서 등을 전시하고 정리할 수 있는 장식적이고 유용한 방법으로, 블랙 메탈 바구니로 작은 물건을 위한 추가 수납 공간을 제공합니다 L자형 디자인으로 책을 똑바로 세워 안정적으로 고정하며, 미끄럼 방지 패드는 가장 무거운 책도 제자리에 고정하면서 표면을 긁힘으로부터 보호합니다 대략적인 치수: 전체 - 길이 11.4cm x 너비 9.9cm x 높이 14.9cm, 보관 바구니 - 길이 7.9cm x 너비 7.9cm x 높이 8.9cm (인치)",,"['책', '메탈', '보관', '바구니', '블랙', '소박하다', '전시', '우드', '펜', '장식']"
사무용품,북엔드 및 책꽂이,북엔드,,B0BLXHTP5V,"Coolnice 북엔드 블랙 메탈 책 지지대, 모던 트리 디자인 책 스토퍼, 책/CD용 미끄럼 방지 북엔드 튼튼한 홀더, 가정 및 사무실용 장식용 책장 (2쌍/4개, 라지)",Coolnice,13836,13836,4.6,74.0,"튼튼하고 완벽한 책 끝: 고품질 금속으로 제작되어 견고하고 쉽게 구부러지지 않습니다. 또한, 이 책장 브래킷은 두꺼운 파우더 코팅 표면을 덮어 물건을 매끄럽고 밝게 만들면서 녹을 방지합니다 미니멀리스트 스타일 디자인: 세련된 할로우 아웃 디자인. 책상을 장식하고 지도, 걷는 책 및 산책책 전단지 컬렉션을 무작위로 지저분하게 만드는 대신 안전하고 깔끔한 디스플레이로 만들 수 있습니다 정교한 솜씨: 북엔드를 위한 곡선형 모서리와 둥근 모서리 디자인으로 안전을 높이고 손이 긁히는 것을 방지합니다. 부드러운 느낌은 책을 선택할 때 편안한 경험을 제공합니다. 다용도: 이 블랙 데코 북엔드는 많은 경우에 적합합니다. 주방 카운터의 선반에 레시피를 놓을 수 있습니다. 레시피는 똑바로 세워 읽기 쉽습니다. 사무실이나 집에서 여러 책장을 정리하고 지지하는 데에도 매우 적합합니다. 또한 많은 선물 행사에 적합합니다. 어린이, 학생, 책벌레 및 사무실 근로자에게 완벽한 선물입니다 패키지 포함: 4개 / 2쌍의 안정적인 북엔드를 받게 됩니다. 각 사이즈 17.5 x 30.5 x 9.5cm(6.9 x 12 x 3",,"['책', '북엔드', '디자인', '방지', '책장', '선물', '블랙', '장식', '레시피', '사무실']"
사무용품,북엔드 및 책꽂이,북엔드,,B0CB5RZKXL,"17.8 x 11.9 x 8.9cm(7 x 4.7 x 3.5인치) 북 엔드 6쌍, 선반용 금속 북엔드, 장식용 나무 책 홀더 나뭇잎 북엔드, 책 칸막이 장식 홀더, 가정, 사무실, 학교 용품 GENHAKON.",GENHAKON,34611,34611,5.0,2.0,"【견고함 및 내구성】 이 튼튼한 북엔드는 17.8cm(7인치) 높이이며 고급 스탬핑 공정을 갖춘 엄선된 헤비 게이지 스틸로 전체 금속 구조로 제작되었습니다. 모든 책, CD 및 DVD를 깔끔하고 똑바로 세울 수 있을 만큼 튼튼하고 무겁습니다. 【미끄럼 방지 패드 디자인】 각 북엔드는 바닥에 4개의 미끄럼 방지 폼 패드가 있어 북엔드가 미끄러지거나 책상이 긁히지 않도록 합니다. 이 디자인은 또한 다른 제품을 탈구하지 않고 한 품목을 제거할 수 있도록 도와줍니다. 【독특한 제품 스타일】 북 엔드는 나무 그림자의 독특한 디자인을 채택하여 사무실 장소와 홈 데코에 적합한 세련되고 심플한 모양으로 제작되었습니다. 【전문 공예】고품질 파우더 코팅 표면과 둥근 모서리로 선반이나 책에 긁힘이나 흠집이 생기지 않습니다. 【튼튼한 녹 방지 소재】 첨단 기술을 사용하여 튼튼한 금속으로 제작된 이 북엔드는 구부러지지 않고 책을 깔끔하고 똑바로 세울 수 있을 만큼 튼튼합니다. 파우더 코팅 표면은 매끄럽고 녹 방지 처리되어 오래 지속되는 내구성을 보장합니다.",,"['책', '튼튼하다', '북', '방지', '북엔드', '디자인', '제작', '금속', '홀더', '나무']"
사무용품,북엔드 및 책꽂이,북엔드,,B08G1C6F11,"블랙 메탈 북엔드 6개, 20.3 x 9.9 x 13.9cm(8.0 x 3.9 x 5.3인치), 선반용 튼튼한 북 엔드, 책 노트북 파일 잡지 DVD용 미끄럼 방지 책 홀더 및 책 스토퍼 - 사무실, 가정, 학교에 적합",ZOEYES,24916,24916,4.2,24.0,"치수 - 각 북엔드는 20.3 x 9.9 x 13.5cm(8 x 3.9 x 5.3인치)이며 현대적인 블랙 북엔드 3쌍은 작업대, 책장, 방을 잘 장식하고 더 쉽고 우아하게 보이게 합니다 튼튼한 북엔드 - 미니멀한 북엔드는 매우 실용적이고 견고하며 오래 지속되는 전체 금속 구조입니다. 블랙 메탈 북 엔드는 책을 깔끔하고 똑바로 유지할 수 있습니다 미끄럼 방지 북엔드 - 각 책 끝 바닥에 4개의 미끄럼 방지 베이스가 있어 책을 제자리에 안정적으로 고정하는 데 도움이 됩니다. 책 지지대는 가구를 긁지 않는 둥근 모서리 디자인을 채택합니다. 다른 물건을 분리하지 않고도 1개의 품목을 제거할 수 있습니다 다양한 적용 - 북 엔드는 노트북, 참신함, 잡지, 파일 폴더, CD, DVD, 비디오 게임 및 책을 잘 정리하여 홈 선반을 더 아름답고 깔끔하게 보이게 합니다 프리미엄 북 엔드 - 금속 철로 만든 선반용 책 홀더는 매끄러운 표면으로 책을 효과적으로 보호하고 보관할 수 있습니다. 블랙 북 엔드는 물건을 수직으로 정리하고 제자리에 보관할 수 있도록 설계되었습니다",,"['책', '북', '블랙', '북엔드', '선반', '방지', '미끄럼', '노트북', '물건', '잡지']"
사무용품,북엔드 및 책꽂이,북엔드,,B09SL99HY3,"북 엔드, 책을 담을 수 있는 튼튼한 북엔드, 홈 오피스 장식용 금속 북엔드, 무거운 책/영화/CD용 북 엔드, 블랙 16.5 x 12.7 x 14cm(6.5 x 5 x 5.7인치), 7쌍/14피스",Mkyuroa,27686,27686,4.8,115.0,"풍부한 소재: 튼튼한 금속 북엔드, 첨단 기술이 적용된 견고한 금속으로 제작, 안정적인 T 모양 구조의 고품질의 두꺼운 금속으로 북엔드를 더 튼튼하고 오래 사용할 수 있습니다. 무해한 둥근 모서리 디자인으로 손을 안전하게 보호합니다. 바닥 방지 디자인: T 모양의 디자인과 폼 패드는 바닥에 위치하여 책이나 기타 물건을 제자리에 고정하며 선반이나 테이블에 흠집이 나지 않습니다. 사이즈: 블랙 북 엔드 X 7쌍 (14피스), 16.5 x 12.7 x 14.5cm(6.5 x 5 x 5.7인치), 다양한 장소에서 사용할 수 있어 일상적인 요구 사항을 충족시킵니다. 정전기 방지 페인트 및 둥근 가장자리: 북엔드의 표면은 프리미엄 정전기 방지 페인트로 완전히 덮여 있으며, 매끄러운 표면과 둥근 모서리로 선반이나 책에 흠집이 나지 않습니다. 용도: 여러 북엔드는 책을 순서대로 정리할 수 있을 뿐만 아니라 또한 CD, 비디오 게임 및 서고 싶은 모든 것에 적합합니다. 사무실, 가정 장식 또는 모든 디스플레이 공간에서 보편적으로 사용할 수 있습니다.","프리미엄 블랙 메탈 북엔드 미끄럼 방지 튼튼한 북 엔드 14개//- 고품질 금속과 안정적인 구조로 북엔드를 견고하고 오래 사용할 수 있습니다. T자형 디자인과 폼 패드는 바닥에 배치되어 있으며, 매끄러운 표면과 둥근 모서리는 선반이나 책에 흠집이 나지 않도록 보호합니다./- 블랙 메탈 북엔드는 어떤 컬러 책보다 쉽게 매치할 수 있습니다. 책상이나 선반, 사무실, 가정 또는 교실, 침실, 주방 또는 디스플레이 공간에서 사용할 수 있습니다. 어린이, 청소년 및 성인에게 이상적입니다.//사양:/-소재: 금속/-사이즈: 16.5 x 12.7 x 14.5 cm/-색상: 블랙/-수량: 7쌍/14개","['북엔드', '금속', '북', '책', '블랙', '디자인', '선반', '방지', '튼튼하다', '둥글다']"
사무용품,북엔드 및 책꽂이,북엔드,,B087SMZSS4,"MyGift 모던 골드 콘크리트 사무실 책장 장식 북엔드, 무거운 책 및 교과서용, 데스크탑 책 홀더, 1쌍",MyGift,55386,55386,3.9,58.0,"매끄러운 골드 마감의 장식용 산업용 콘크리트 북엔드 2개 세트 책 컬렉션, 브로셔, 문서, 파일 폴더 및 잡지를 책상, 선반, 벽난로 또는 탁상 표면에 정리하는 데 적합합니다 L자형 디자인과 시각적으로 눈에 띄는 골드 마감으로 산업적이면서도 현대적인 미학을 만듭니다 사무실, 거실, 주방 또는 서재에서 사용하기에 이상적입니다 대략적인 치수: 각 - 높이 17.8cm x 너비 12.1cm x 깊이 10.8cm",,"['책', '골드', '마감', '산업', '북엔드', '장식', '사무실', '콘크리트', '디자인', '매끄럽다']"
사무용품,북엔드 및 책꽂이,북엔드,,B07H94KPZH,"Fasmov 튼튼한 스테인리스 스틸 남성용 북엔드 미끄럼 방지 북엔드 아트 북엔드, 1쌍 (블랙)",Fasmov,37381,37381,4.8,1271.0,"프리미엄 소재: 고품질 스테인리스 스틸로 제작되었으며, 패딩 처리된 극세사 베이스가 있는 북엔드는 평평하고 단단한 탁상용 표면을 효과적으로 잡을 수 있습니다. 좋아하는 책장에 바로 놓으면 표면을 손상시키지 않습니다. L 사이즈: 18.5 x 15.5 x 7cm 라지 사이즈. 공부방을 장식하고 책을 정리하고 볼 수 있습니다. 집 장식으로 사용할 수 있으며 책, 연필, DVD, 오래된 잡지 또는 작업 공간, 집, 카페, 사무실, 서점 또는 학교의 선반에 있는 모든 것을 정리하기에 적합합니다. 장식: 단순하고 관대함을 반영한 심플한 패션 디자인. 가정 또는 사무실 장식, 컬렉션 및 선물로 이상적입니다. 독특한 디자인: 책 스탠드는 휴머노이드 디자인으로 심플하고 스타일리시합니다. 사랑하는 사람을 위한 완벽한 선물! 우아하고 장식적인 북엔드로 책 컬렉션을 돋보이게 하세요! 패키지에 포함된 항목: 북엔드 1쌍, 특허 출원 중, 저작권 보호. 책을 수직으로 정리하고 제자리에 유지하여 책이 쉽게 넘어지지 않습니다.",,"['책', '장식', '북엔드', '정리', '디자인', '표면', '선물', '사무실', '컬렉션', '심플']"
사무용품,북엔드 및 책꽂이,북엔드,,B0B2JNS8D4,"Kingsmile 선반, 책상용 책 엔드. 무거운 책을 위한 미끄럼 방지 북엔드. 노트북, 앨범, 잡지용 책 스토퍼. 사무실, 어린이 방, 교실용 책 홀더, 탈착식 펜 홀더 포함",Kingsmile,24916,24916,4.6,334.0,"【조절 가능한 구조】10.4cm(4.1인치)에서 49.8cm(19.6인치)까지 Kingsmile 북엔드의 길이는 책의 두께와 수에 따라 자유롭게 늘리거나 줄일 수 있어 다양한 사용 요구 사항을 충족합니다. 【3칸】북엔드를 늘리면 3개의 부품이 있습니다. 더 나은 분류를 위해 다양한 유형의 책이나 잡지를 다양한 영역에 놓을 수 있습니다. 이렇게 하면 필요한 책이나 문서를 한눈에 꺼낼 수 있습니다. 【견고한 소재】Kingsmile 북엔드의 본체는 우수한 금속으로 만들어졌으며 안정적인 베이스는 전통적인 투피스 북엔드보다 훨씬 안전하게 장치를 만듭니다. 접합부에 실리콘 시트가 있는 일체형 체인 기능으로 북엔드를 더 유연하게 유지합니다. 【다기능 오거나이저】가정, 학교, 사무실, 책상, 선반을 위한 이상적인 책 오거나이저. 책을 제외하고 Kingsmile 북엔드는 노트북, 잡지, 게임, DVD, CD, 종이, 앨범 등을 보관하는 데에도 사용할 수 있습니다. 【고객 첫 번째 서비스】제품에 문제가 있거나 사용 중에 질문이 있으시면 언제든지 문의하십시오. 24시간 이내에 회신하고 가장 전문적인 기술 지원과 최고의 솔루션을 제공합니다.",,"['책', '북엔드', '책상', '홀더', '앨범', '잡지', '선반', '사무실', '노트북']"
사무용품,북엔드 및 책꽂이,북엔드,,B0CQYT2RNJ,Radicaln Marble Book Ends 책장 및 책상 정리용 화이트 핸드메이드 북엔드 - 스터디룸용 장식용 테이블 탑 홀드 북 튼튼한,Radicaln,62075,62075,4.1,15.0,[포함 사항] - 책 끝 2개 세트는 RADICALn 브랜드의 안전한 포장과 함께 제공됩니다. [소재] - 고품질 천연 대리석으로 제작되었습니다. [사이즈] 높이: 20.3cm(8인치). 길이: 11.4cm. 너비 10.2cm(4인치). [간편한 세척]- 긁힘을 방지하기 위해 부드러운 천과 물만 있으면 됩니다. [다목적] - 책뿐만 아니라 잡지와 문서부터 CD 및 테이프에 이르기까지 모든 것을 담을 수 있습니다. 이 다기능 제품은 공간이 제한된 사람들에게 적합하며 집이나 사무실 용품을 정리하는 데 도움이 됩니다,,"['정리', '책', '힘', '물', '사무실', '사람', '북엔드', '북', '부드럽다', '방지']"
사무용품,북엔드 및 책꽂이,북엔드,,B07S58XZZX,금속 메시 북엔드 데스크탑 스탠드 북 홀더 책갈피 장식 사무실 도서관 학교용,LRZCGB,11066,11066,4.4,29.0,"독특한 기능: 장식용 메시 북엔드는 단순하지만 독특한 세련된 특징입니다. 전통적인 책장과 달리, 장식, 사진 촬영 및 특별한 예술에 사용할 수 있습니다. 친구나 가족을 위한 놀라운 선물 심플하지만 고급스러운 디자인: 메시 메탈로 제작되었으며 블랙 파우더 코팅으로 메시 스크린과 매끄러운 가장자리로 우아한 룩을 연출합니다. 메시 북엔드 디자인은 손을 다치지 않습니다 완벽한 장식: 책 끝 장식은 공부방을 도와주고 책을 정리하고 볼 수 있게 해주며 선반 공간을 절약할 수 있습니다 다양한 용도: 금속 북 엔드는 잡지, 책, 만화책, 참고서 등을 보관하는 데 사용됩니다 선물: 선물 패키지와 함께 책갈피 1개","제품 설명 1쌍의 북엔드는 공부방을 장식할 수 있으며 신문, 잡지 또는 책과 같은 책을 정리하고 볼 수 있습니다. 이상적인 홈 라이브러리를 만드는 데 필요한 모든 것입니다. 선반이나 테이블을 긁지 않습니다. 편리하고 클래식한 색상으로 책, 잡지, 카탈로그를 정리하면서 아름답고 즐거운 룩을 연출합니다. 사무실, 도서관, 학교 또는 가정에서 사용하기에 이상적입니다. 소재: 금속 색상: 블랙 패키지 포함: 북엔드 1쌍+북마크 1개","['책', '장식', '메시', '북', '북엔드', '정리', '금속', '선물', '잡지', '블랙']"
사무용품,북엔드 및 책꽂이,북엔드,,B08XYQ99JT,"MSDADA 북엔드, 선반용 책 끝, 사무실용 북엔드, 무거운 책용 책 끝, 책장 홀더 스탠드 홈 데코용, 금속 북엔드 지지대, 책 스토퍼, 화이트 (5쌍)",MSDADA,37381,37381,4.6,909.0,"【미끄럼 방지 폼 패드 디자인】 각 장식용 북엔드 바닥에 4개의 미끄럼 방지 폼 패드가 있어 북엔드가 미끄러지지 않도록 합니다. 북엔드를 움직일 수 있지만 책상에 긁히지 않습니다. 다른 제품을 탈구하지 않고 한 항목을 제거할 수 있습니다. 【방을 깔끔하게 유지】슬림한 디자인은 선반이나 책상의 귀중한 공간을 차지하지 않으며 책을 순서대로 유지할 수 있습니다. 책, 잡지, 영화, DVD, 비디오 게임 및 일어서고 싶은 모든 것에 이상적입니다. 열렬한 독자와 책벌레를 위한 훌륭한 선물입니다. 【전체 금속 구조】 금속 구조는 화이트 북의 끝을 오래 지속하여 크고 무거운 책을 담을 수 있도록 합니다. 표면은 정전기 스프레이로 도색되어 책의 끝 수명을 연장하고 녹과 긁힘을 방지합니다. 부드러운 느낌으로 책을 선택할 때 편안한 경험을 선사합니다. 【튼튼한 금속 북엔드】책 끝은 첨단 기술을 갖춘 견고한 금속으로 만들어져 책을 깔끔하고 똑바로 세워 놓을 수 있을 만큼 강하고 구부러지기 어렵습니다. 【패키지 포함】 튼튼한 책 끝 10개/5쌍을 받게 됩니다. 저희는 모든 MSDADA 제품의 품질에 대한 자신감을 가지고 있으며 훌륭한 고객 서비스를 제공합니다. 어떤 이유로든 이 제품에 만족하지 못하셨다면 저희에게 이메일을 보내 주시면 만족하실 때까지 도움을 드리겠습니다.",,"['책', '북엔드', '금속', '방지', '튼튼하다', '미끄럼', '디자인', '선반', '책상', '깔끔하다']"
사무용품,북엔드 및 책꽂이,북엔드,,B09S6CLJRS,"조절 가능한 북엔드, 선반용 책 홀더, 무거운 책을 위한 금속 책 엔드, 사무실, 책상 및 학교에서 최대 43.2cm(17인치)까지 확장 가능 (블랙)",SONNLYH,23531,23531,4.7,279.0,"【고품질 금속 북엔드】SONNLYH 북엔드는 철과 파우더 코팅으로 만들어져 긁힘과 흠집 방지 기능이 있습니다. 무거운 수집가 책과 바인더에 적합하지만 안정적인 베이스는 쉽게 미끄러지거나 구부러지지 않습니다. 【쉬운 분류】책상 크기에 따라 배치된 선반용 북엔드는 너무 많은 공간을 차지하지 않습니다. 총 3개의 그리드가 있어 다양한 종류의 책이나 노트북을 다양한 그리드로 분류하여 책이나 사무실 테이블을 깔끔하게 유지할 수 있습니다. 【확장 및 조절 가능】책 오거나이저 초기 사이즈 9.9 x 15.9 x 19.1cm(3.9 x 5.9 x 가장 긴 접이식 사이즈 43.2 x 15.9 x 19.1cm(17.0 x 5.책 수에 따라. 책 오거나이저: 책 끝에는 책뿐만 아니라 잡지, DVD, 요리책, 앨범 등도 보관할 수 있습니다. 아름답고 실용적인 일상 생활 액세서리. 【패키지 구성】블랙 튼튼한 금속 북엔드 1개, 박스 포장, 쉽게 손상되지 않습니다.",,"['책', '북엔드', '금속', '블랙', '북', '책상', '분류', '오거나이저', '무겁다']"
사무용품,북엔드 및 책꽂이,북엔드,,B092PTQ4WL,"1쌍의 북엔드, 북 엔드, 선반용 북 엔드, 선반 사무실용 튼튼한 금속 블랙 북엔드 지원 (블랙)",Hovico,11883,11883,4.3,192.0,"100% 고객 만족 보장: 어떤 이유로든 구매에 완전히 만족하지 못하셨다면 기꺼이 교체 또는 환불을 선택할 수 있습니다. 저희는 저희 제품을 100% 지지하며 고객이 저희만큼 그들을 사랑하기를 바랍니다! 모든 금속 구조로 장식용 책 끝은 크고 무거운 책을 담을 수 있도록 오래 지속되고 내구성이 뛰어납니다. 파우더 코팅 표면은 매끄럽고 녹이 슬지 않습니다. 바닥에 고무로 패딩 처리되어 좋아하는 책장에 바로 올려 놓으면 표면이 전혀 손상되지 않습니다. 모서리가 약간 둥글어 손가락이나 책을 긁지 않습니다 튼튼한 금속 북엔드, 첨단 기술을 사용한 견고한 금속으로 제작되어 책을 깔끔하고 똑바로 세워둘 수 있을 만큼 강하며 구부러지지 않습니다. 거대한 책, 집 DVD, 비디오 게임 또는 CD에 적합합니다. 열렬한 독자와 책벌레를 위한 훌륭한 선물입니다 슬림한 디자인은 선반이나 책상에 귀중한 공간을 차지하지 않으며 책을 순서대로 유지합니다. 책, 영화, DVD, 잡지, 비디오 게임 및 서고 싶은 모든 것에 이상적입니다.",색상: 블랙 소재: 헤비 게이지 스틸 사이즈: 180mm (7인치) 패키지 구성: 1쌍/2 피스 북엔드,"['책', '북엔드', '금속', '선반', '블랙', '구성', '표면', '게임', '튼튼하다', '비디오']"
사무용품,북엔드 및 책꽂이,북엔드,,B0BFF4DK5V,"선반용 금속 북엔드 3쌍, 장식용 나무 책 홀더, 잎 북엔드, 기하학적 아트 디자인 책 스토퍼, 책 칸막이 장식 홀더, 가정, 사무실, 학교 용품용 (기하학, 블랙)",Zonon,27686,27686,4.6,43.0,"패키지 구성: 튼튼한 금속 북엔드 3쌍, 3가지 패턴이 있어 책을 지지할 뿐만 아니라 책상이나 책장을 장식할 수 있습니다 고품질 소재: 이 나무 북엔드는 고품질 금속으로 만들어져 견고하고 신뢰할 수 있으며 책을 깔끔하게 고정할 수 있을 만큼 튼튼하며, 쉽게 구부러지거나 부서지지 않으며 오랫동안 사용할 수 있으며 거대한 책, 가정용 DVD, 비디오 게임 또는 CD에 적합합니다 우아한 디자인: 튼튼한 금속 북 엔드는 기하학적 아트 할로우 아웃 디자인을 채택하고 파우더 코팅 표면은 매끄럽고 녹슬지 않습니다. 금속 북엔드는 기능적이고 장식적이며 대부분의 가정 또는 사무실 장식에 적합합니다 미끄럼 방지 및 둥근 가장자리: 각 금속 책 스토퍼 바닥에 4개의 펠트 패드가 있어 미끄러짐을 방지하고 테이블이나 책장이 긁히는 것을 방지합니다. 둥근 모서리는 손가락과 책이 긁히는 것을 방지합니다 사려 깊은 선물: 친구, 친척, 반 친구, 동료 및 공예 애호가를 위한 정교한 디자인으로 금속 북엔드를 섬세한 선물로 준비할 수 있습니다. 우아하고 장식적인 북엔드로 책 컬렉션을 돋보이게 합니다",,"['책', '금속', '장식', '북엔드', '방지', '디자인', '가정', '북', '튼튼하다', '기하학']"
사무용품,북엔드 및 책꽂이,북엔드,,B00194BK3M,"Spectrum Diversified Elements 북엔드, 스몰, 크롬",Spectrum Diversified,24223,24223,4.6,3690.0,"모든 크기의 볼륨 지원: 견고한 스틸 북엔드 한 쌍은 책의 무게를 활용하여 볼륨을 똑바로 유지합니다. 각 지지대는 단일 강철로 만들어져 동화, 논픽션, 백과사전, 어린이 책, 소설, 매뉴얼, 교과서 등 컬렉션을 지원합니다. 도서관에서 팔의 무게를 줄이고, 평평한 면은 기울어지거나 미끄러지는 것을 방지하기 위해 커버와 평평하게 놓입니다. 슬림한 보관: 금속은 얇아 컴팩트하게 보관할 수 있습니다. 북엔드가 많은 공간을 차지하지 않으므로 더 많은 페이퍼백과 하드커버 소설을 선반에 보관하세요. DVD, 비디오 게임, 블루레이 디스크, CD, 레코드, 잡지 등에서도 작동합니다. 손상 없이 책 아래로 팔을 밀어 넣으세요: 슬림한 금속은 페이지나 커버를 잡지 않고도 쉽게 탐색 아래로 미끄러집니다. 북엔드를 선반에 있는 책 아래로 밀어 넣기만 하면 됩니다. 또는 책 지지대를 선반에 놓은 다음 얇은 팔 위에 책을 놓아 볼륨을 똑바로 유지할 수 있습니다. 미니멀리스트 스타일: 심플하고 매끄러운 U자형 끝은 책 컬렉션에서 주의를 끌지 않고 책을 정리하고 깔끔하게 유지합니다. 오픈 디자인은 아름다운 책 커버를 자랑하며, 미니멀한 선반 장식 디자인은 현대적으로 보이며 공간을 현대적이고 세련되게 느낄 수 있도록 도와줍니다. 치수 및 관리: 2. 길이 63.5cm(25인치) X 7.6cm(너비 190.5cm(75인치) x 12.7cm(높이 12.7cm(5인치). 세척하려면 젖은 천으로 닦고 수건으로 말리십시오.","Spectrum Diversified의 Small Elements 북엔드를 사용하여 책장을 깔끔하게 정리하여 교과서, 소설, 동화 및 논픽션 책을 미니멀리스트 스타일로 똑바로 세워 보관하세요. 심플하고 매끄러운 U자형 끝은 책 컬렉션에서 관심을 끌지 않고 책을 정리하고 깔끔하게 유지합니다. 오픈 디자인은 아름다운 책 커버를 자랑하며, 미니멀한 선반 장식 디자인은 현대적으로 보이며 공간을 현대적이고 세련되게 느낄 수 있도록 도와줍니다. 이 북엔드는 견고한 강철 구조 덕분에 책을 똑바로 세워 놓을 수 있습니다. 팔은 줄 끝에 있는 책 아래로 간단히 미끄러지듯 움직이며, 책의 무게는 책 홀더를 제자리에 고정시켜 평평한 끝이 줄에 있는 마지막 소설의 표지에 닿아 똑바로 세울 수 있습니다. 얇은 금속은 페이지나 커버를 잡지 않고도 탐 아래로 쉽게 미끄러집니다. 북엔드를 선반의 책 아래에 밀어 넣기만 하면 됩니다. 또는 책 지지대를 선반에 놓은 다음 얇은 팔 위에 책을 놓아 볼륨을 똑바로 유지합니다. 북엔드가 많은 공간을 차지하지 않으므로 더 많은 페이퍼백과 하드커버 소설을 선반에 보관하세요. DVD, 비디오 게임, 블루레이 디스크, CD, 레코드, 잡지 등에도 사용할 수 있습니다. 각 지지대는 단일 강철 조각으로 만들어져 동화, 논픽션, 백과사전, 어린이 책, 소설, 매뉴얼, 교과서 등의 컬렉션을 지원합니다. 튼튼한 강철로 제작되었습니다.","['책', '선반', '북엔드', '소설', '똑바로', '커버', '유지', '디자인', '잡지', '지지']"
사무용품,북엔드 및 책꽂이,북엔드,,B096ZLB6S3,"선반용 북엔드 - 튼튼한 클램프 북 엔드 책장 홀더, 미끄럼 방지 북엔드 스토퍼 지지대(블랙, 2)",YANGSHUO,34597,34597,4.4,128.0,"【선반용 북엔드】블랙 매트 마감의 단단한 강철로 수작업으로 만든 북엔드는 더 강한 경도와 견고함을 가지고 있습니다. 한 쌍의 북엔드는 책을 미끄러지지 않고 책장에 수직으로 정리하고 단단히 고정합니다. 【클램핑 북 엔드】저희 책 끝은 삽입 디자인으로 책장을 단단히 잡을 수 있는 두 개의 ""난간""과 같습니다. 또한 전통적인 북엔드에 존재하는 뒤집거나 미끄러짐, 고르지 않은 배치 및 페이지 긁힘 문제를 방지합니다. 【견고함】북엔드에는 두 개의 평행 암이 있어 선반에서 ""약간"" 클램핑됩니다. 위 부품: 6.3"" L * 6"" H, 아래 부품: 4.75"" L 및 3"" 측면 지지용 플랫 바, 갭: 1.2"" 【범용성】금속 북엔드는 책, DVD, 비디오 게임, 레코드, VHS 테이프 또는 음악 CD에 적합합니다. 당사의 튼튼한 북 스토퍼는 모든 것을 지탱할 수 있을 만큼 튼튼합니다. 【패키지 및 서비스】클램프 북엔드 2개가 포함되어 있습니다. 주문이나 제품에 문제가 있으시면 주저하지 마시고 직접 연락해 주십시오. 처음 처리하겠습니다.",,"['북', '북엔드', '책장', '단단하다', '튼튼하다', '책', '선반', '스토퍼', '블랙', '클램프']"
사무용품,북엔드 및 책꽂이,북엔드,,B08RYCF3ZY,"조절 가능한 북 엔드, 무거운 책용 금속 북엔드, 선반용 책상 책 홀더, 책상용 책 정리함, 사무실, 가정 및 학교용으로 적합(블랙)",Aobopar,30456,24916,4.5,879.0,"【견고한 소재】이 조절 가능한 책 끝은 두꺼운 강판으로 만들어졌으며 파일, 잡지, 요리책, 노트북 등을 보관하기에 적합합니다. 【특별한 디자인】조절 가능한 디자인은 전통적인 북엔드와 다르므로 더 많은 공간을 절약할 수 있습니다 【안정성 및 절약】접합부에 실리콘 패드가 있는 일체형 체인 기능으로 책 정리함을 더 안정적으로 만들고 긁힘과 흠집으로부터 가장자리를 매끄럽게 합니다 【확장 및 조절 가능】북 스토퍼는 최대 45.7cm(18인치)까지 늘릴 수 있으며 책의 두께에 따라 크기를 조정할 수 있습니다 【더 많은 용도】이 북엔드는 책을 보관하는 데 사용할 뿐만 아니라 잡지, DVD, 카탈로그, 교과서, 바인더, 요리책, 참고서, 앨범 등에도 사용됩니다",,"['책', '조절', '가능하다', '북', '정리', '안정', '북엔드', '요리', '잡지', '보관']"
사무용품,북엔드 및 책꽂이,북엔드,,B01AVE1TM2,Acrimet 점보 프리미엄 메탈 북엔드 22.9cm (9인치) (튼튼함) (그린 색상) (1쌍),Acrimet,20775,17866,4.5,80.0,"고품질 구조: Acrimet 금속 북엔드는 정전기 파우더 페인트로 칠해진 튼튼한 금속을 사용하여 제작되었습니다. 용접 라인이 없고 이음매 없는 마감으로 오래 지속되는 내구성을 제공합니다. 둥근 모서리와 매끄러운 마감의 모든 모서리; 패키지에는 2개 세트가 포함되어 있습니다. 제품 크기: 10.2cm X 11.4cm X 22.9cm 전체 미끄럼 방지 베이스: 당사의 금속 북엔드는 모든 베이스에 미끄럼 방지 패드가 장착되어 있어 표면이 미끄러지거나 긁히는 것을 방지하면서도 다른 물건을 방해하지 않고 책을 제자리에 보관할 수 있습니다 기본적이지만 효과적인 디자인: 기본적이고 현대적이며 미니멀한 디자인으로 책장, 책상 또는 사무실 공간에 우아함을 더합니다. 이 아름다운 색상은 어디에서나 세련미를 더하여 개인 스타일에 맞추거나 기존 장식과 조화를 이룰 수 있습니다 다용도 기능: 저희 북엔드는 책, 잡지, 폴더, 카탈로그, 요리책, DVD 및 기타 물건을 안전하게 보관할 수 있도록 설계되어 깔끔하고 정리된 디스플레이를 제공합니다. 도서관, 학교 및 가정에서도 사용하기 좋습니다 공간 절약: 이 금속 북엔드는 선반, 책상 또는 캐비닛 내부의 공간을 최소화하여 책 컬렉션을 위한 사용 가능한 공간을 극대화합니다",,"['책', '공간', '북', '금속', '방지', '미끄럼', '마감', '책상', '더하다', '모서리']"
사무용품,북엔드 및 책꽂이,북엔드,,B097NC5313,"책 끝, 선반용 조절 가능한 금속 북엔드 책 홀더, 사무실, 책, 종이용 책상 잡지 파일 정리함 홀더, 최대 48.3cm(19인치)까지 연장 가능, 긁힘 방지 핸드 코팅-블랙",Hmseng,19376,19376,4.6,303.0,"1. 접이식 디자인: 북 엔드는 최대 19.6인치(50cm)까지 늘릴 수 있으며, 책에 따라 크기를 조정할 수 있습니다. 2. 소재: 북 엔드는 긁힘 방지 핸드 코팅이 된 튼튼한 헤비 게이지 스틸로 만들어졌으며 강한 지지력, 쉽게 잡을 수 있으며 녹 방지, 긴 사용 수명. 3. 둥근 모서리 디자인: 둥근 모서리 디자인의 북엔드. 손을 자르지 않도록 합니다. 더욱 안전합니다. 4. 사용법: The Book Ends is suitable for book,albums,cookbooksmagazines, etc, if there is not full of books please push it tighten. 5. 패키지 포함: 북엔드 1개와 펜 홀더 1개.",,"['책', '홀더', '북엔드', '방지', '디자인', '코팅', '북', '모서리', '힘', '둥글다']"
사무용품,북엔드 및 책꽂이,북엔드,,B001E6CT94,"'Universal Economy Bookends, 미끄럼 방지, 4 3/4 x 5 1/4 x 5 인치, 헤비 게이지 스틸, 블랙 (54055)",Sparco,10761,10761,4.5,1087.0,북엔드 미끄럼 방지 스틸,Reinforced bookends hold large and heavy books. Smooth edges and reinforced ribbing coated with a hard enamel finish. Nonskid padded base. Material(s): Heavy Gauge Steel Color(s): Black Finish: Hard Enamel Height: 5 in.Unit of Measure : Pair,"['스틸', '방지', '미끄럼', '헤비', '블랙', '북엔드', '게이지']"
사무용품,북엔드 및 책꽂이,북엔드,,B091MJZJBM,"확장 가능한 북엔드, 무거운 책을 위한 금속 조절 가능한 북 엔드, 책상용 책장 정리함 홀더, 사무실 가정 학교 어린이 학생 책 스트로리지(블루)",simplesun,27686,27686,4.5,235.0,"조절 가능 및 확장 가능한 북엔드--높이 19.1cm(7.5인치) x 너비 15.2cm(6인치). 이 책 끝은 10.2cm(4인치)에서 50.8cm(20인치)까지 늘릴 수 있어 책상을 더 깔끔하게 만들 수 있습니다. 업그레이드 디자인 북 끝 - 펜 홀더와 새로운 모란디 색상이 일치하여 요구 사항을 충족시킬 수 있으며 매우 아름다운 장식으로도 사용할 수 있습니다. 강하고 안정적입니다 - 관절에 실리콘 패드가 있는 우수한 일체형 체인 구조, 안정적인 베이스는 책이 제자리에 유지됩니다. 고품질 - 고강도 철로 만들어졌으며 가장자리를 매우 매끄럽게 만들어 긁힘과 손상을 방지합니다. 다양한 적용 -- 잡지, 요리책, DVD, 게임, 카탈로그, 백과사전, 교과서, 하드백, 만화책, 바인더, 참고서, 가족 앨범 등을 보관하는 데 사용하세요! 친구나 가족을 위한 놀라운 선물입니다.",,"['책', '가능하다', '북', '책상', '가족', '확장', '조절', '안정', '홀더']"
사무용품,북엔드 및 책꽂이,북엔드,,B0CDQJY5SQ,"두꺼운 책 끝 선반, 장식, 책 홀더, 가정, 도서관, 사무실, 교실 및 서점용 미끄럼 방지 책 정리함(2쌍/4개)",Meremoro,13836,13836,3.3,5.0,"[프리미엄 아크릴 소재] 견고하고 내구성이 뛰어난 두꺼운 친환경 아크릴 소재로 제작된 이 선반용 책 끝은 일반적인 사용을 견딜 수 있도록 제작되었으며 물건을 오래 지지할 수 있도록 제작되었습니다. 매끄럽고 현대적인 디자인으로 모든 방이나 사무실 장식에 쉽게 어울립니다. 이 저렴한 북 스토퍼를 위해 투명, 오렌지, 블랙, 그린, 라이트 그린, 레이저의 6가지 생생한 색상 중에서 선택하세요. [치수 및 디자인] 선반용 각 아크릴 북엔드는 9.9 x 11.9 x 15.7cm(3.9 x 4.7 x 6.2인치) 크기이며 L자형 디자인으로 책을 수직으로 정리하고 균형을 유지할 수 있는 최적의 지지력을 제공합니다. 각 북엔드는 운송 중에 책 정리함의 표면이 긁히지 않도록 투명 보호 필름으로 덮여 있습니다(사용하기 전에 라벨을 따라 보호 필름을 벗겨내십시오). [미끄럼 방지 및 경량 디자인] 각 아크릴 책 스탠드에는 4개의 실리콘 미끄럼 방지 패드가 포함되어 있어 안정성을 높이고 북엔드가 선반 표면을 미끄러지거나 긁는 것을 방지합니다. 가벼운 디자인으로 필요할 때마다 선반에 쉽게 재배치할 수 있습니다. 알림: 미끄럼 방지 패드는 보호 필름을 떼어낸 후 바닥에 부착해야 합니다. [선반을 깔끔하게 유지] 이 그린 북엔드는 다재다능하고 실용적이며 책장과 책상에 잡지, 파일, 비디오 게임, 노트북, 영화, DVD, 블루레이, CD, 저널 및 폴더를 정리하는 데 적합합니다. 각 팩에는 4개의 북엔드 스탠드가 포함되어 있어 집들이, 생일 또는 휴일 선물로 좋습니다. 녹색 아크릴 소재는 견고하고 시각적으로 매력적이어서 책장이나 책상을 멋지게 보완합니다. 매끄러운 표면과 둥근 모서리로 책과 손가락을 안전하게 유지합니다. 제품 문제가 있는 경우 경험을 공유하기 전에 알려주십시오. 저희가 도와드리겠습니다!","매혹적인 그린 아크릴 북 엔드를 소개합니다 - 독서 경험에 즐거운 추가 아이템입니다! 스타일과 실용성을 쉽게 혼합한 이 매혹적인 북 스탠드로 우아함과 기능성을 느껴보세요. 프리미엄 품질의 아크릴 소재로 제작된 이 책 스탠드는 즉시 눈을 사로잡는 매혹적인 그린과 함께 수정처럼 투명한 외관을 자랑합니다. 매끄럽고 미니멀한 디자인으로 어떤 장식에도 잘 어울리며 집, 사무실 또는 공부 공간에 세련된 느낌을 더합니다. 안정성을 염두에 두고 제작된 이 북엔드는 좋아하는 책, 잡지, 태블릿 또는 전자책 리더기를 안전하게 고정하여 즐거운 핸즈프리 독서 경험을 보장합니다. 매끄러운 가장자리와 견고한 구조로 안정적인 지지력을 제공하므로 넘어지거나 미끄러질 걱정 없이 독서에 몰입할 수 있습니다. 다용도로 설계된 이 책 스토퍼는 주방, 공부 책상, 사무실 또는 책장에 완벽한 동반자입니다. 가볍고 휴대가 간편하여 집 구석 구석에서 쉽게 휴대할 수 있으며 독서를 즐길 수 있습니다. 이 정교한 그린 아크릴 북 스탠드로 독서의 순간을 높여보세요. 책 애호가, 학생 또는 열렬한 독자 등 이 매혹적인 책 스탠드는 공간에 세련미를 더하면서 독서의 즐거움을 향상시킵니다. 이 매혹적인 제품으로 개성을 표현하고 오늘 주문하세요!","['책', '아크릴', '북', '그린', '선반', '독서', '디자인', '스탠드', '제작', '방지']"
사무용품,북엔드 및 책꽂이,북엔드,,B08FF23577,"CNK 북엔드, 책 선반용 프리미엄 북 엔드, 홈 오피스 헤비 북용 금속 북 엔드, 책 선반 홀더, 홈 데코, 책 스토퍼, 책 홀더, 블랙 육각형 북 엔드 2개 세트..",CNK,24916,24916,4.9,178.0,"[아름다운 디자인] 책을 똑바로 정리할 수 있을 뿐만 아니라 생활 공간, 작업 공간, 사무실을 밝힐 수 있는 멋진 장식용 북엔드입니다 [튼튼한 소재] 저희의 장식용 북엔드는 튼튼하고 내구성이 뛰어난 금속으로 만들어져 크고 무거운 책을 담을 수 있습니다. [고무 바닥 패드] 저희 북엔드는 미끄럼 방지 및 모든 표면을 긁힘으로부터 보호하기 위해 바닥에 4개의 고무 패드가 부착되어 있습니다. [품질 마감] 저희 북엔드는 녹 방지 및 매끄러운 마감을 보장하기 위해 고급 페인트로 파우더 코팅되었습니다. [완벽한 선물] 사랑하는 사람을 위한 완벽한 선물! 우아하고 장식적인 북엔드로 책 컬렉션을 돋보이게 하세요!",,"['북', '책', '장식', '홈', '방지', '선물', '선반', '바닥', '완벽하다', '북엔드']"
사무용품,북엔드 및 책꽂이,북엔드,,B0B6V7WHZ6,"프리미엄 튼튼한 금속 북엔드 - 사무실 책상에 블랙 L자형 북엔드 지지대, 아빠와 연인을 위한 창의적인 선물 (마스터 분리 가능)",rongji jewelry,34611,34611,4.7,12.0,"독특한 디자인 - L자형 북엔드는 책이 무너질 듯한 착각을 줄 수 있도록 창의적으로 설계되었으며, 뒤에 있는 남자는 책을 막기 위해 손을 뻗습니다. 이 독특한 디자인은 멋지게 보일 뿐만 아니라 책장에 유머를 더합니다 실용적이고 세련됨 - 당사의 북엔드는 책을 깔끔하고 체계적으로 유지할 뿐만 아니라 공부에 매력을 더합니다. 기능적이고 예술적인 장식 액세서리로 보는 모든 사람에게 깊은 인상을 줄 것입니다 내구성 있는 소재 - 당사의 창의적인 북엔드는 고품질 316L 스테인리스 스틸로 만들어졌으며 블랙 코팅 마감으로 오래 지속되는 내구성과 오랜 시간 동안 견딜 수 있는 멋진 스타일을 보장합니다 완벽한 선물 - 이 금속 북엔드는 졸업식, 판촉 및 생일을 포함한 다양한 행사에 완벽한 선물입니다. 앞으로 몇 년 동안 소중히 여길 독특하고 실용적인 선물로 사랑하는 사람을 놀라게 하세요 이상적인 사이즈 - 길이 16.5cm(6.5인치), 너비 11cm(4.3인치), 높이 16cm(6.3인치)의 이 북엔드는 대부분의 책장에 완벽한 크기입니다. 순 중량은 500g(1.1파운드)로 가장 무거운 책도 담을 수 있을 만큼 튼튼합니다","요다는 분리 가능하며 쉽게 깨지지 않습니다. L자형 북엔드는 책이 무너질 것이라는 환상을 주기 위해 창의적으로 설계되었으며, 뒤에 있는 남자는 책을 막기 위해 손을 뻗습니다. 이 독특한 디자인은 멋지게 보일 뿐만 아니라 책장에 유머를 더합니다","['북', '책', '독특하다', '창의', '선물', '더하다', '책장', '완벽하다', '멋지다', '디자인']"
사무용품,북엔드 및 책꽂이,북엔드,,B0CR3WXYLV,"반지의 제왕 북엔드, 레진 장식 책장, 24.8cm(9.8인치) 반지의 제왕 선물 책 끝 미끄럼 방지 책 칸막이 도서관 사무실 가정 공부용",KLQJNP,96936,96936,4.6,15.0,"소재: 고품질 레진으로 손으로 주조한 정교한 조각 기술, 완벽한 솜씨, 독특한 장인 정신, 세심한 모양의 디테일과 스타일링은 영감을 주며 실용적이고 강하고 내구성이 뛰어납니다. 대형 북엔드의 기능: 높이 24.9cm(9.8인치), 무게 2.7kg/5.9lb의 북엔드는 무거운 책을 수용할 수 있을 만큼 자체 무게가 있습니다. 바닥에는 4개의 미끄럼 방지 패드가 장착되어 있어 무게로 인해 책이 미끄러지는 것을 방지합니다. 책을 테이블 위에서 더 안정적이고 깔끔하게 만듭니다. 독특한 디자인: 북엔드의 모양은 사실적이고 정교하며 이미지는 생생하고 사실주의로 가득하며 로맨틱하고 예술적이며 생생한 외관으로 사람들이 내려놓을 수 없습니다. 지루한 책에 창의적인 장식과 의미를 더할 뿐만 아니라 집, 거실 및 공부방에 더 멋진 예술적 스타일을 더합니다. 장식 기능: 큰 북엔드는 두꺼운 책을 보관하고 책, 잡지, CD, 비디오 게임을 정리할 수 있으며 방이나 책상을 깔끔하게 유지할 수 있으며 카운터와 사무실의 좋은 장식에 훌륭한 추가 아이템입니다. 책 애호가를 위한 이 반지의 제왕 북엔드는 컬렉션을 위한 필수 기념품이자 영화 팬을 위한 훌륭한 선물입니다. 널리 매치되고 유지 관리가 쉬움: 멋진 북엔드 디자인은 독특하고 정교하며 다양한 홈 스타일에 어울립니다. 선호도와 공간 요구 사항에 따라 배치를 선택할 수 있습니다. 동시에 유지 보수도 매우 편리합니다. 약간 젖은 수건으로 부드럽게 닦아서 깨끗하고 아름답게 유지하세요.",,"['책', '유지', '북엔드', '장식', '제왕', '독특하다', '반지', '방지', '북', '정교하다']"
사무용품,북엔드 및 책꽂이,북엔드,,B07RX32QD4,PUNCIA 테이블 데스크탑 책상 확장 가능한 조절 가능한 책장 북엔드 스탠드 홀더 책 보관 랙 선반 어린이 학생 사무실 책 정리함 (블랙),PUNCIA,23531,23531,4.6,1301.0,"조절 가능한 사이즈- 이 북엔드는 세 개의 수직 칸으로 강도와 내구성을 위해 설계되었습니다. 너비 15cm(5.9인치) x 높이 19.1cm(7.5인치), 접이식 길이는 9.9cm(3.9인치)에서 45cm(17.7인치)까지 다양한 요구 사항을 충족합니다. 고품질 - 하드 에나멜 코팅이 된 튼튼한 헤비 게이지 스틸로 제작되었습니다. 긁힘과 흠집으로부터 가장자리를 매끄럽게 합니다. 무독성. 튼튼하고 큰 용량으로 파일, 잡지, 요리책, 노트북 등을 보관하기에 적합합니다. 안정적인 구조 - 접합부에 실리콘 패드가 있는 탁월한 일체형 체인 기능으로 북엔드 북랙을 더 안정적으로 유지합니다. 최대 강도와 안정성을 위해 제작되었습니다. 더 많은 사용--책, 잡지, DVD, 하드백, 게임, 만화책, 카탈로그, 교과서, 바인더, 요리책, 참조 책, 앨범 등을 보관하는 데 사용하세요! 놀라운 선물이 될 것입니다. 공간 절약 - 이 북엔드는 기존 북엔드보다 공간을 적게 차지합니다. 책상이나 선반에 책을 깔끔하게 보관하기에 적합합니다.",,"['책', '보관', '가능하다', '안정', '북엔드', '선반', '요리', '잡지', '북', '제작']"
사무용품,북엔드 및 책꽂이,북엔드,,B09ZP58ST8,"조절 가능한 북엔드, 선반 무거운 책용 금속 책 엔드, 가정, 사무실, 책, 서류를 위한 책상 잡지 파일 오거나이저, 최대 48.3cm(19인치)까지 확장 (라이트 그린)",Honagu,23531,23531,4.5,86.0,"【확장 및 조절 가능한 북엔드】 조절 가능한 북엔드는 유연합니다. 총 3개의 그리드가 있으며 최대 48.3cm(19인치)까지 늘릴 수 있으며 책 수에 따라 크기를 조정할 수 있습니다. 【공간을 거의 차지하지 않음】확장 가능한 북엔드로 책장을 정리할 수 있습니다. 공간을 차지하지 않고 책장에 완벽하게 맞습니다. 어디에 있는지 거의 알 수 없습니다. 깔끔한 책 줄만 볼 수 있습니다 【견고하고 안정적】당사의 북엔드는 두꺼운 강판으로 만들어져 더 안정적이고 튼튼합니다. 책을 꺼내더라도 다른 책은 안정적으로 유지되며 흩어지지 않습니다. 【다양한 용도】책, 잡지, DVD, 요리책, 카탈로그, 교과서, 바인더, 참고서, 앨범 및 악보를 안정적으로 보관할 수 있습니다. 실용적이고 아름다운 일상 생활 액세서리. 우수한 애프터 서비스: 저희는 모든 제품의 품질에 자신감을 가지고 있으며 훌륭한 고객 서비스를 제공합니다. 어떤 이유로든 이 제품에 만족하지 못하셨다면 이메일을 보내 주시면 만족하실 때까지 도움을 드리겠습니다.",,"['책', '가능하다', '안정', '조절', '확장', '북엔드', '서비스', '북', '만족하다', '잡지']"
사무용품,북엔드 및 책꽂이,북엔드,,B07CHB2SX2,Simple Nature 스타일 브라운 장식용 금속 철제 북엔드 홀더 스탠드 책상 미끄럼 방지 조절 가능한 북엔드 (브라운),JIARI,22132,22132,4.5,711.0,"포장: 컬러 박스 소재: 철, 색상: 브라운 사이즈: 4.1-16.9-*5.9-*7.5-, 무게: 2.1파운드(0.96KG) 단순하지만 독특하고 세련된 기능. 데스크톱 크기에 따라 조절할 수 있으며 충분한 공간을 가지고 있어 모든 조합의 다양한 형태에 적합하며 이상적인 조합으로 조정할 수 있습니다. 우아하고 정교하며 개성 있고 실용적입니다. 가정, 학교, 사무실에 이상적인 책 정리함. 다양한 요구 사항을 충족하기 위해 10.4cm(4.1인치)에서 42.9cm(16.9인치)까지 탁월한 접이식 길이. 항상 최고 품질의 소재를 사용하세요 - 견고한 금속 구조로 가장 핫한 별 북엔드. 잡지, 책, DVD, 게임, 카탈로그, 백과사전, 교과서, 하드백, 만화책, 바인더, 요리책, 참조책, 가족 앨범 등을 보관하는 데 사용하세요! 친구나 가족을 위한 놀라운 선물",,"['책', '브라운', '북엔드', '금속', '조합', '가족', '조절']"
사무용품,북엔드 및 책꽂이,북엔드,,B09JS1GWFP,"muso wood 선반용 북엔드, 홈 오피스 학교 도서관 주방용 북 엔드, 귀여운 책 스토퍼, 너도밤나무 책 홀더 1쌍",muso wood,19362,19362,4.8,45.0,"Muso Wood 오리지널 디자인 - 이 북엔드의 디자인은 애완 동물의 애정을 기반으로 하며, 삶에 더 많은 것을 추가하고 싶습니다. 그래서 우리는 새끼 고양이 모양으로 모양을 디자인했습니다. 우리는 이모티콘을 추가하려고 노력했지만 결국 이모티콘 없이는 더 간단하고 창의적일 것이라고 생각했습니다. 이렇게 하면 좋아하는 이모티콘을 그릴 수 있습니다. 북엔드 지원 - 프리미엄 너도밤나무로 제작, 바닥에 튼튼하고 튼튼한 금속으로 제작. 두꺼운 소재로 책상에 자연의 숨결을 더합니다. 사이즈: 5.5 x 4.7 x 3.9 인치 미끄럼 방지 폼 패드 - 하단의 미끄럼 방지 폼 패드가 북엔드가 미끄러지는 것을 방지합니다. 또한 책 끝을 긁힘으로부터 보호하고 움직일 때 소음을 줄입니다. 책을 위한 쉬운 보관 - ""L"" 모양의 디자인은 선반 가장자리에 바로 닿을 수 있으므로 선반에 책을 넣을 수 있는 더 많은 공간을 제공합니다. 더 많은 책을 보관할 수 있는 공간 제한이 없습니다. 친절한 서비스 - 문의 사항이 있으시면 언제든지 저희에게 문의하십시오. 저희 서비스 팀이 기꺼이 서비스를 제공합니다. 고객님의 만족은 저희의 동기부여입니다. 저희가 판매하는 모든 제품의 품질을 보장하고 싶습니다.",,"['책', '디자인', '북엔드', '선반', '방지', '이모티콘', '서비스', '폼', '패드', '너도밤나무']"
사무용품,북엔드 및 책꽂이,북엔드,,B0CFQHP9GR,"AELS Mordern 북엔드, 미드 센추리 아치 튼튼한 북 엔드, 선반을 위한 독특한 장식 북엔드 지지대, 사무실 데스크탑 북 스탠드, 책/영화/CD용 스토퍼, 베이지",AELS,30456,30456,4.1,23.0,"[ 놀라운 디자인 ] 이 블랙 북엔드는 세련된 미드 센추리 디자인으로 집이나 사무실에 빈티지 매력을 더합니다. 책과 홈 오피스 장식을 위한 독특한 스토퍼 역할을 합니다. [ 견고하고 내구성 ] 튼튼한 폴리레진 소재로 제작된 선반용 장식용 북엔드는 내구성이 뛰어나고 안정적입니다. 튼튼한 북엔드는 책, 잡지, 영화, CD, DVD, 앨범, 폴더 및 기타 물건을 책장이나 데스크톱에 정리하는 데 적합하며 문진으로 사용할 수 있습니다. [ 핸드메이드 ] 당사의 책 스토퍼는 숙련된 장인이 수작업으로 제작하여 독점적인 룩을 연출합니다. 수제 구조로 각 조각이 독특합니다. [ 다양한 행사 ] 블랙 미니멀리스트 북 스탠드는 가정이나 사무실에 아름답고 기능적인 추가 아이템입니다. 클래식하고 유행을 타지 않는 디자인은 모든 장식 스타일, 특히 현대적인 농가 스타일에 적합합니다. 사무실 책상, 테이블 디스플레이, 책장 또는 홈 라이브러리에 미니멀한 방 장식으로 멋진 악센트가 됩니다. [ 이상적인 선물 옵션] 이 훌륭한 북엔드는 책 애호가에게 확실히 기쁘게 하는 선물이며 가족, 친구 또는 세기 중반 디자인 애호가를 위한 비교할 수 없는 선물입니다. 또한 가정이나 사무실 장식을 위한 멋진 제품입니다.",,"['북', '장식', '사무실', '책', '디자인', '스토퍼', '튼튼하다', '독특하다', '선물', '구성']"
사무용품,북엔드 및 책꽂이,북엔드,,B0943RH11V,"조절 가능한 북엔드 엑스트라 롱 텔레스코픽 사이즈 확장 가능한 북 엔드, 펜 홀더 포함, 튼튼한 책용 금속 북엔드 홀더, 선반 및 사무실용 북 엔드, 그린",Moocci,21439,21439,4.3,121.0,"【조절 가능한 사이즈】10.4-46.5 x 14.5 x 19.1cm(4.5-18.3 x 5.7 x 7.5인치), 조절 가능한 북엔드는 46.5cm(18.3인치)까지 확장하고 다양한 요구 사항을 충족하기 위해 10.2cm(4인치)까지 축소할 수 있습니다. 다른 제품을 분리하지 않고 한 품목을 쉽게 제거할 수 있습니다. 【액세서리 펜 홀더】북엔드 측면에 펜 홀더 액세서리가 있어 북엔드와 완벽하게 어울리며 펜 보관 요구 사항을 충족할 수 있습니다. 【독특한 디자인】일반 금속 북엔드와 달리, 당사의 북엔드는 미끄러짐을 효과적으로 방지하고 책이나 디스크가 뒤로 떨어지는 것을 방지하여 보관에 필요한 물건, 특히 귀중한 물건을 보호합니다. 조절 가능한 책에는 총 3개의 그리드가 있어 다양한 유형의 책, 만화책, 레시피 및 DVD를 보관할 수 있습니다. 책장의 심플한 장식 디자인은 매우 현대적으로 보이며 공간을 현대적이고 세련되게 느낄 수 있습니다. 【견고하고 내구성】책 홀더는 고품질 철 소재로 만들어졌으며 표면이 매끄러워 책이나 손가락이 긁히지 않습니다. 크고 무거운 책이나 노트를 보관할 수 있습니다. 책장, 사무실, 가정, 학교, 도서관에 적합합니다. 【브랜드 서비스】24개월 애프터 서비스로 좋은 쇼핑 경험을 제공합니다. 문제가 있으시면 저희에게 연락해 주시면 해결해 드리며 만족을 드릴 것입니다.",,"['가능하다', '책', '펜', '북', '조절', '북엔드', '홀더', '디자인', '확장', '액세서리']"
사무용품,북엔드 및 책꽂이,북엔드,,B08YWNP6LR,"MSDADA 북엔드, 책 선반용 북 엔드, 사무실용 북엔드, 무거운 책을 위한 북 엔드, 금속 북엔드 지지대, 현대적인 미니멀리스트 스타일 북엔드, 화이트(4쌍/8개)",MSDADA,31841,31841,4.6,339.0,"좋은 소재 마감: 4쌍/8개의 북엔드를 받게 됩니다. 이 북엔드는 고품질 금속 소재로 만들어졌으며 표면은 정전기로 칠해져 녹 방지, 섬세하고 매끄럽고 평평합니다. 미끄럼 방지 디자인: 바닥에 미끄럼 방지 패드가 있어 미끄러지지 않고 책을 휴대하거나 보관할 때 안정성을 유지할 수 있습니다. 북엔드를 움직일 때 테이블 표면에 긁힘을 남기지 않습니다. 고품질: 당사의 북엔드는 모든 금속 소재로 만들어져 쉽게 변형되거나 손상되지 않으며 매우 강하여 무거운 책을 쉽게 수용할 수 있습니다. 완벽한 표면 처리는 내부 금속이 산화되거나 부식되는 것을 방지하여 북엔드의 수명을 연장합니다. 다용도: 책, 파일, 잡지, DVD, 영화 및 기타 일반적으로 사용되는 물건을 일상 생활에서 저장할 수 있으며 학교, 공부방, 도서관 및 사무실과 같은 다양한 응용 시나리오를 갖추고 있습니다. 아름다운 디자인: 단순함이 가장 좋습니다. 심플하고 세련된 현대적인 외관 디자인, 다양한 스타일의 방, 사무실, 책장 및 책상에 완벽하게 통합될 수 있습니다.",,"['북엔드', '책', '방지', '금속', '북', '디자인', '표면', '스타일', '사무실', '현대']"
사무용품,북엔드 및 책꽂이,북엔드,,B01AVESK9C,Acrimet 점보 프리미엄 메탈 북엔드 22.9 cm (튼튼함) (화이트) (1쌍),Acrimet,17866,17866,4.5,273.0,"정전기 파우더 페인트로 도색된 견고한 금속 구조. 용접 라인과 솔기 없는 단일 조각으로 제작되어 오래 지속되는 내구성을 제공합니다. 둥근 모서리와 매끄러운 마감의 모든 모서리. 전체 미끄럼 방지 베이스 디자인으로 다른 물건을 방해하지 않고 한 개의 아이템을 제거할 수 있습니다. 가구를 긁지 않습니다. 다기능 사용성으로 사무실, 도서관, 학교 또는 가정에서 사용할 수 있습니다. 책상, 캐비닛 또는 선반에 사용할 수 있습니다. 기본적이지만 효과적인 디자인은 책, 잡지, 카탈로그, 요리책, 비디오 게임, 만화, DVD 등을 정리할 수 있는 최고의 선택입니다. 패키지에는 2개 세트가 포함되어 있습니다. 치수: 4 1/2"" (L) x 4"" (W) x 9"" (H).",,"['모서리', '책', '디자인', '효과', '둥글다', '베이스', '방해', '방지', '미끄럼', '물건']"
사무용품,북엔드 및 책꽂이,북엔드,,B0B2NKGT77,선반 북 엔드용 북엔드 - 금속 북 스토퍼 지지대 - 무거운 책 홀더 - 사무실 홈 데코를 위한 튼튼한 디자인 - 블랙 3쌍 - 책갈피 포함,Iycnkok,27686,27686,4.6,821.0,"선반용 3가지 스타일 북엔드: 이 패키지에는 잎, 새, 나무 스타일이 있으며 다양한 장면에 따라 사용할 수 있습니다. 4개의 미끄럼 방지 바닥: 북엔드 하단에 4개의 고무 패딩이 있어 북엔드가 미끄러지지 않도록 하고 선반에 흠집이 생기지 않도록 합니다. 고품질, 인간적인 디자인: 둥근 모서리 디자인은 손을 긁거나 책에 흠집을 일으키지 않습니다. 선반용 금속 직각 책 홀더, 강한 베어링 용량, 쉽게 구부러지지 않습니다. 튼튼한 북엔드: 파우더 코팅으로 강화된 북엔드와 무거운 책을 완벽하게 보관할 수 있는 튼튼하고 튼튼한 전체 금속 바디. 책갈피 포함: 패키지에는 선반용 책 끝단 3쌍과 금속 책갈피(이미지 참조)를 제공합니다. 상품을 수령한 후 제품에 결함이 있는 경우 판매자에게 연락하십시오. 제때 답변을 드리고 문제를 해결해 드리겠습니다.",,"['북엔드', '선반', '책', '금속', '튼튼하다', '책갈피', '디자인', '북', '스타일', '무겁다']"
사무용품,북엔드 및 책꽂이,북엔드,,B0D78VVS1Z,Whaline 2피스 개학 나무 북엔드 옐로우 연필 나무 책 스탠드 귀여운 미끄럼 방지 책 스토퍼 무거운 책 홈 오피스 학교 도서관 주방용,Whaline,20761,20761,,,"패키지 구성 - 학교 테마 북엔드 2개를 받게 되며, 일반 책장의 효과적인 대안이 될 수 있으며, 책이나 문서를 분류하고 정리할 수 있어 공부나 사무실 공간을 깔끔하고 질서 있게 유지할 수 있습니다. 미끄럼 방지 및 실용성 - 북엔드는 ""L"" 모양으로 디자인되었으며 전반적인 스타일은 학교 연필 테마로 돌아가며, 하단 미끄럼 방지 금속 패드는 책이 미끄러지는 것을 방지하고 책상이나 책장에 깔끔하고 똑바로 세울 수 있으며 실용적이고 체계적으로 정리할 수 있습니다. 좋은 품질 - 고품질 목재와 프리미엄 금속 소재로 제작된 이 책 스탠드는 내구성이 뛰어나고 견고하며 미끄러지지 않으며 안정적이며 무겁고 긴 책을 담을 수 있으며 휴대가 간편하고 가벼워 편안한 사용 경험을 제공합니다. 적절한 사이즈 - 저희 책 스탠드는 높이 약 13cm(5.1인치), 너비 7.9cm(3.1인치), 하단 금속 패드 길이 9.9cm(3.9인치)입니다. 다양한 크기의 책을 담을 수 있는 적절한 크기입니다. 슬림한 ""L"" 모양 디자인은 책상이나 책장에 너무 많은 공간을 차지하지 않습니다. 학교 시즌에 필수적인 학용품입니다. 다양한 용도 - 교실, 사무실, 도서관, 가정 및 주방에 사용할 수 있는 실용적이고 섬세한 책 스탠드는 책, 소책자, 파일, CD, DVD, 잡지 및 요리책을 똑바로 세우고 질서 있게 보관할 수 있어 학습 공간을 깨끗하고 깔끔하게 유지하여 좋은 분위기를 선사합니다.","특징 및 장점: 당사의 목재 북엔드는 견고하고 내구성이 뛰어나며 다양한 크기의 책을 담을 수 있어 안정적이며 교실, 도서관, 사무실 및 가정 장식에 적합합니다. ""L"" 모양의 디자인과 미끄럼 방지 금속 패드는 안정성을 제공하여 책을 똑바로 세우고 미끄러지는 것을 방지하여 학습 공간을 깔끔하고 질서 있게 만듭니다. 사양: 소재: 목재, 금속. 사이즈: 그림에 표시됨 패키지 구성: 나무 북엔드 2개. 금속 패드 2개","['책', '방지', '금속', '깔끔하다', '구성', '패드', '미끄럼', '공간', '스탠드', '학교']"
사무용품,북엔드 및 책꽂이,북엔드,,B0BHZYVBNV,"MyGift 수제 디럭스 아카시아 나무 장식 북엔드 세트, 황동 톤 금속 와이어 홀더 슬롯 보관, 펜, 연필 및 사무실 문구류용, 1쌍 - 인도산",MyGift,34611,34611,4.4,72.0,"황동 톤의 금속 와이어 보관 바구니가 있는 아카시아 나무 북엔드 1쌍 **인도산** 펜, 연필 또는 문구류를 동시에 보관하는 동시에 문학 컬렉션을 보관하기에 이상적입니다 책, 요리책, 교과서, 파일 폴더, 비디오 게임 및 DVD를 정리할 수 있는 장식적이고 기능적인 북엔드 세트 L자형 디자인은 책을 똑바로 세워 안전하게 고정하며, 미끄럼 방지 패드는 안정성을 제공하며 표면을 흠집이나 긁힘으로부터 보호합니다 대략적인 치수: 전체 - 길이 15.9 x 너비 9.9 x 높이 13.1 cm, 보관 바구니 - 길이 7.6 x 너비 8.9 x 높이 7.1 cm",,"['보관', '북엔드', '책', '톤', '바구니', '아카시아', '연필', '와이어', '인도', '장식']"
사무용품,북엔드 및 책꽂이,북엔드,,B07RR1ZK65,"북 엔드, 북엔드, 선반용 북 엔드, 선반용 북엔드, 무거운 책을 위한 북 엔드, 책장 홀더 홈 데코, 금속 북엔드 블랙 1쌍, 북엔드 서포트, 북 스토퍼",INNÔPLUS,13836,13836,4.7,2785.0,"튼튼한 금속 북엔드: 북엔드의 조각 크기는 12 x 9 x 17.5cm(4.7 x 3.6 x 7.0인치)입니다. 첨단 기술이 적용된 견고한 금속으로 제작되어 책을 깔끔하고 똑바로 세울 수 있을 만큼 강하며 구부러지기 어렵습니다. 거대한 책, 집 DVD, 비디오 게임 또는 CD에 적합합니다 미끄럼 방지 폼 패드 디자인: 각 책 끝 하단에 4개의 미끄럼 방지 폼 패드가 있어 북엔드가 미끄러지지 않도록 장식하여 책 홀더를 옮길 수 있지만 책상을 긁지 않습니다. 모서리가 약간 둥글고 손가락이나 책에 흠집이 나지 않습니다. 견고하고 녹 방지 소재: 첨단 기술이 적용된 견고한 금속으로 제작되어 오래 지속되고 내구성이 뛰어나며 크고 무거운 책을 깔끔하고 똑바로 세울 수 있을 만큼 강하며 구부리기 어렵습니다. 파우더 코팅 표면은 매끄럽고 녹슬지 않습니다. 아름다운 디자인과 훌륭한 선물: 사무실, 학교를 위한 INNÔPLUS 우아하고 심플한 디자인의 책 끝. 열렬한 독자와 책벌레를 위한 훌륭한 선물. 북엔드는 책을 깔끔하게 똑바로 세워두면서 훌륭한 장식 역할을 합니다. 최고의 보관 도우미: 책을 분류하고 정리할 수 있어 책상을 깔끔하고 정돈된 것처럼 보이게 합니다. 학교, 사무실, 가정 등에 적합합니다.",,"['책', '북엔드', '북', '금속', '깔끔하다', '똑바로', '견고하다', '디자인', '훌륭하다', '방지']"
사무용품,북엔드 및 책꽂이,북엔드,,B0BYMWJWBQ,"Tatuo 50피스 북엔드 아크릴 북엔드 튼튼한 책 홀더 선반용 투명 책 끝 장식 책 정리함 책 스토퍼 영화 CD 도서관 사무실 학교용, 13 x 10 x 10cm(5.1 x 3.9 x 3.9인치)",Tatuo,72006,72006,4.7,9.0,"충분한 사용: 패키지에는 50피스 또는 25쌍의 투명 북엔드가 포함되어 있으며, 충분한 양은 일상적인 사용 및 교체 요구 사항을 충족할 수 있습니다. 친구 및 가족과 공유할 수도 있습니다 적절한 사이즈: 책 끝의 크기는 약 13 x 10 x 10cm(5.12 x 3.94 x 3.94 x 3.94인치), 다른 장식 용품과 어울리는 적절한 크기로 집에 공예품으로 전시하기에 적합합니다 보호 필름 디자인: 각 책 홀더에는 책이 긁히지 않도록 반투명 필름 레이어가 있습니다. 사용 전에 보호 필름을 떼어내는 것을 잊지 마십시오. 사용 시 책을 수직 책상 위에 놓고 책상 북엔드 2개를 함께 놓아 고르지 않은 힘과 뒤집힘을 피하십시오 클래식한 L자형 디자인: 아크릴 북엔드의 심플하고 현대적인 L자형 디자인으로 책을 잘 정리할 수 있으며, 책상 책 오거나이저는 구부러진 모서리와 둥근 모서리가 있으며 뾰족한 거친 부분이 없으며 조리대나 가구를 쉽게 긁지 않습니다 장기간 사용할 수 있는 스탠드: 클래식 북 엔드는 주로 고품질 아크릴로 만들어져 안전하고 신뢰할 수 있으며 쉽게 변형되거나 깨지지 않으며 다양한 가구와 어울리고 책장을 장식하는 데 이상적이며 장기간 사용할 수 있습니다","특징: 쉬운 매치: 심플하고 세련된 디자인으로 비닐 레코드용 북엔드는 다양한 스타일의 상황에 잘 어울립니다. 하우스 스타일과 조화를 이루어 상쾌한 느낌을 줄 수 있습니다. 다양한 용도: 이 현대적인 북엔드는 사진 앨범, 음악 시트, 책, 삽화, 노트북, CD 등을 전시하는 데 사용할 수 있어 장식과 기념품을 정리하고 더 많은 책상 공간을 비울 수 있습니다. 사양: 주요 소재: 아크릴 색상: 투명. 사이즈: 약 5.12 x 3.94 x 3.94 인치/13 x 10 x 10 cm. 패키지 구성: 장식용 미적 책 50개(25쌍). 참고: 수동 측정, 사이즈에 약간의 오차가 있을 수 있습니다. 화면 디스플레이의 차이로 인해 색상이 약간 다를 수 있습니다. 사용하기 전에 보호 필름을 떼어내는 것을 잊지 마십시오.","['책', '장식', '북엔드', '필름', '책상', '아크릴', '디자인', '북', '보호', '투명']"
사무용품,북엔드 및 책꽂이,북엔드,,B07NKNC5PB,"JIKIOU Book Ends 선반용 범용 프리미엄 북엔드, 미끄럼 방지 북엔드, 튼튼한 금속 북 엔드, 책/영화/CD/비디오 게임용 북 스토퍼, 17 x 12.4 x 10.9cm(6.7 x 4.9 x 4.3인치), 블랙 (3쌍/6개)",JIKIOU,17991,17991,4.7,1746.0,"✔【미끄럼 방지 폼 프로텍터】바닥에 3개의 미끄럼 방지 폼이 있어 책을 제자리에 고정하고 가구를 긁지 않으며 다른 물건을 빼내지 않고 1개의 물건을 제거할 수 있습니다. ✔【""T자형 스탠드】T자 모양으로 북엔드를 더 안정적으로 만들고 쉽게 미끄러지지 않으며 책의 균형을 최대한 잡아주어 무겁거나 높은 책에 적합하며 금속은 얇아 컴팩트하게 보관할 수 있으며 많은 공간을 차지하지 않습니다. ✔【넓은 적용】 사이즈는 높이 17cm(6.7인치), 너비 10.9cm(4.3인치), 하단 길이 12.4cm(4.9인치), ""문"" 할로우 디자인으로 책 제목을 보고 공부방을 장식하고 책을 정리하고 볼 수 있도록 설계되었습니다. 책, 문서, 잡지, CD, DVD, 비디오, 요리책 및 기타 물건을 보관하기에 적합합니다. ✔【기본적이지만 효과적인 디자인】로고가 없는 클래식 블랙, 매끄럽고 평평한 페인트 표면은 선반이나 책에 긁힘이나 흠집이 생기지 않도록 하며 둥근 모서리는 안전하고 손을 다치지 않습니다. ✔【견고한 금속 구조】고품질 금속 철로 제작되어 두껍고 견고하며 쉽게 구부리거나 긁히지 않습니다. 금속 책 끝은 더 견고하고 오래 지속됩니다. 환불 또는 교체에 대해 별 5개 및 3년 을 받으세요.",,"['책', '금속', '견고하다', '북엔드', '방지', '미끄럼', '물건', '선반', '디자인', '블랙']"
사무용품,북엔드 및 책꽂이,북엔드,,B00MINYID2,"Book Ends 럭셔리 북엔드, 레트로 오거나이저 스탠드, 책상 홀더 랙 학교 자유주의 책장 장식 북엔드 1쌍, 패딩 포함",Artkingdome,30165,30165,4.7,343.0,"(미끄럼 방지 및 패딩이 있는 바닥) 패딩 처리된 긁힘 방지 책장은 마찰을 방지하고 책이 마음대로 미끄러지는 것을 방지하며 충분한 안정성을 제공합니다. 금속 책 클립은 무거운 책을 많이 모을 수 있으며 가구를 긁지 않습니다. (튼튼함) 강력한 하중 지지 용량으로 원하는 수의 책을 담을 수 있습니다! 무거운 책, 사전, 잡지, 카탈로그, DVD, 비디오 게임 및 CD를 순서대로 정리하여 방을 깨끗하고 질서 있게 보이게 합니다 (꾸준하고 매끄러운/사무실 방 책상 용품) 책장 홀더 북엔드는 책을 읽고 싶은 욕구를 자극하고 책과 사랑스러운 방에서 행복한 시간을 보내면 깊은 학습의 남자가 될 것입니다. (Beuty 빈티지 룩) 레트로 스타일로 가정 장식에 적합합니다. 홈 오피스, 공부방, 거실, 침실 또는 주방에서 요리책을 쓸 수 있습니다. (훌륭한 선물) Zen 북엔드 북 스탠드는 책을 정리하는 데 도움이 될 뿐만 아니라 복고풍의 향수를 불러일으키는 모양과 색상으로 책을 집안에 통합할 수 있으며, 매우 훌륭한 예술 작품으로, 책을 읽는 친구를 사랑하는 고귀한 선물로 매우 적합합니다.",,"['책', '방지', '책장', '북엔드', '방', '패딩', '스탠드', '훌륭하다', '북', '장식']"
사무용품,북엔드 및 책꽂이,북엔드,,B0CWS47SMK,"선반용 북 엔드, 금속 베이스가 있는 모던 솔리드 아카시아 나무 북엔드, 무거운 책을 위한 튼튼한 책 홀더, 멋진 수제 책 장식 액세서리",BOTOP,29057,29057,5.0,3.0,"스타일리시한 책 동반자 - 당사의 아름다운 북엔드는 좋아하는 책, 비닐 레코드, 요리책, DVD 또는 비디오 게임에 적합합니다. 멋진 북엔드로 중요한 책을 스타일리시하게 정리하고 개인 학습에 우아함을 더하세요. 견고한 구조 디자인 - 현대적인 북엔드는 최소한의 공간을 차지하면서 큰 책을 쉽게 수용할 수 있습니다. 어린이 방에 완벽한 이 미끄럼 방지 북엔드는 쉽게 넘어지지 않습니다. 탁월한 수공예품 - 각 북엔드는 숙련된 장인이 튼튼한 아카시아 나무로 제작되어 각 북엔드는 독특합니다. 금속 베이스는 내구성과 안정성을 더하기 위해 설계되었습니다. 인상적인 선물 만들기 - 이 예술적인 나무 북엔드는 소유자의 취향과 스타일을 강조합니다. 책 애호가, 사서, 책 수집가, 선생님, 교수에게 완벽한 선물입니다. 모든 책장 크기에 적합 - 베이스에서 13.5 x 9.4cm(5.3 x 3.75인치) (금속 없이 3.6 x 9.4cm(1.4 x 3.7인치)) 및 높이 15cm(5.9인치)의 책꽂이는 컴팩트하고 세련된 스타일을 유지하면서 모든 크기의 책을 수용할 수 있습니다.",,"['책', '북', '금속', '베이스', '나무', '스타일', '멋지다', '아카시아', '스타일리시', '선물']"
사무용품,북엔드 및 책꽂이,북엔드,,B0BTPNSVZS,"선반용 플라스틱 책 엔드 32개, 투명 아크릴 북엔드 장식 책 정리함, 튼튼한 책 홀더, 사무실 책 스토퍼, 책장 데스크탑 장식, 책, 영화, CD, 비디오 게임용",Maitys,55386,55386,4.6,13.0,"충분한 사용 수량: 32피스 또는 16쌍의 투명 북엔드, 일상적인 사용 요구 사항 및 교체 요구 사항을 쉽게 충족시키는 충분한 양을 받게 됩니다. 친구 및 가족과 공유하여 미적 분위기를 경험할 수도 있습니다 주목할만한 사이즈 세부 정보: 튼튼한 책 끝은 약 10 x 10 x 13cm(3.94 x 3.94 x 5인치), 다른 장식 용품과 어울리는 적절한 사이즈, 집에 공예품으로 전시하기에 적합합니다 보호 필름 디자인: 각 투명 북 홀더에는 책이 긁히지 않도록 반투명 필름 레이어가 있습니다. 사용하기 전에 보호 필름을 떼어내는 것을 잊지 마십시오 현대적인 디자인: 심플하고 현대적인 L자형 디자인으로 책을 수직으로 정리하고 균형이 잘 잡히고 매끄럽고 평평하게 만듭니다. 선반용 책 스토퍼는 곡선형 모서리와 둥근 모서리가 있으며 철제 책장과 달리 뾰족한 거친 부분이 없으며 조리대나 가구를 긁지 않습니다 실용적이고 실용적인 선물 선택: 고품질 아크릴로 제작된 책 정리함은 크리스탈처럼 투명하며 쉽게 변형되거나 녹슬지 않으며 다양한 가구와 매치하고 책장을 장식하는 데 이상적입니다",,"['책', '장식', '정리', '필름', '디자인', '투명', '책장', '홀더', '모서리', '보호']"
사무용품,북엔드 및 책꽂이,북엔드,,B0CR2VLVK2,"책 엔드, 튼튼한 금속 북엔드, 2쌍/4피스 북 스토퍼, 선반용 북 엔드 지지대, 가정, 사무실, 도서관, 학교용 블랙 미끄럼 방지 책장 홀더 스탠드",JIANTA,19376,19376,4.2,14.0,"프리미엄 소재 - JIANTA 북엔드는 피클링, 파우더 코팅 및 페인팅의 3중 공정을 통해 만들어져 북엔드 표면이 부식에 강하며 페인트가 녹슬거나 벗겨지지 않으며 장기간 사용할 수 있도록 견고하고 질감이 있습니다. 강력한 보관 용량 - 책 스탠드의 무게는 약 450g, 높이 20.5cm(8인치), 너비 13.5cm(5.35인치)로 30권 이상의 책을 보관할 수 있어 책상, 책장 또는 기타 물건을 쉽게 정리할 수 있으며 사무실 환경을 깨끗하고 깔끔하게 유지합니다. 다용도 외관 - 이 블랙 메탈 북 엔드는 클래식하고 우아한 모양으로 다양한 상황에 완벽하게 통합될 수 있으며 가정, 학교, 사무실, 도서관, 기숙사 및 기타 장소에서 사용하기에 적합합니다. 안전 보호 - 각 북엔드 하단에 4개의 미끄럼 방지 폼 패드가 있어 북엔드가 미끄러지는 것을 방지합니다. 북엔드의 모서리는 둥글고 매끄러우며 날카로운 모서리가 없어 책이나 손가락이 긁히지 않습니다. 다양한 용도 - 금속 북엔드는 책, 잡지, 영화, CD, DVD, 사진 앨범, 비디오 게임 및 보관하고 싶은 모든 것을 보관하기에 적합합니다. 가족과 친구를 위한 선물로 훌륭한 선택입니다.",,"['북', '북엔드', '책', '방지', '보관', '사무실', '스탠드', '책장', '금속', '도서관']"
사무용품,북엔드 및 책꽂이,북엔드,,B0CLY6FY1F,"책 엔드, 아크릴 북엔드, 선반용 투명 북 엔드, 책상 책 오거나이저, 무거운 책, CD, 비디오 게임용 장식용 책 홀더 스탠드 (1쌍/2개, 그라데이션 퍼플)",Honagu,17991,17991,4.8,9.0,"내구성 및 강함: 당사의 프리미엄 아크릴 북엔드는 신뢰할 수 있고 오래 지속되는 고품질 아크릴 소재로 제작되었습니다. 이 북엔드는 무거운 책과 파일을 보관하고 똑바로 세우는 데 적합합니다. 대형 북엔드: 12.2 x 12 x 18.7cm(4.75 x 4.75 x 7.4인치) 크기의 아크릴 북엔드는 전통적인 금속 북엔드보다 커서 더 많은 책을 정리하고 방이나 사무실을 깔끔하고 깔끔하게 유지할 수 있습니다. 둥근 모서리 디자인: 매끄러운 표면의 북엔드는 책이나 손가락을 긁을 수 있는 날카로운 모서리나 거친 부분이 없는 둥근 모서리 디자인이 특징입니다. 이 잘 만들어진 디자인으로 책 컬렉션은 깨끗한 상태로 유지됩니다. 정리에 완벽함: 저희 북엔드는 다용도로 사용할 수 있습니다. 선반, 책상 또는 테이블 위에 놓을 때 책, 잡지, CD, DVD 및 기타 물건을 효과적으로 사용할 수 있습니다. 이렇게 하면 출판물을 깨끗하고 온전하게 유지할 수 있습니다. 실용적인 선물: 저희 북엔드는 완벽한 선물입니다. 우아하고 내구성이 뛰어난 이 제품은 책장이나 책상에 세련되고 실용적인 측면을 제공합니다. 스티커로 장식하거나 표면에 그림을 그릴 수 있어 더욱 개인화할 수 있습니다. 지저분하고 정리되지 않은 공간에 작별 인사를 하세요.",,"['책', '북', '아크릴', '정리', '책상', '북엔드', '유지', '모서리', '디자인', '선반']"
사무용품,북엔드 및 책꽂이,북엔드,,B09J29HJSN,"DRLIFE 북엔드, 선반용 투명 아크릴 북엔드, 책 엔드, 튼튼한 책, CD, 비디오 게임용 북 스토퍼(1쌍/2피스)",DRLIFE,13808,13808,4.5,748.0,"아크릴 북엔드는 고품질 수입 아크릴 소재로 만들어져 수정처럼 투명하고 변형되지 않습니다. 심플한 L자형 디자인으로 책 끝은 원하는 모든 것을 세울 수 있습니다. 투명한 북엔드가 있는 정교한 디자인으로 좋아하는 책, 잡지 등을 쉽게 찾을 수 있으며 물건을 깔끔하게 유지할 수 있습니다. 아크릴 투명 책 끝은 모든 종류의 가구와 완벽하게 어울리며 책장을 장식할 수 있습니다. 투명한 북엔드는 모든 종류의 가구와 잘 어울리며 책장을 장식할 수 있습니다. 보이지 않는 방식으로 책을 세우고 커버를 명확하게 표시하여 원하는 책이나 레시피를 빠르게 찾을 수 있습니다. 각 투명 아크릴 북 엔드의 완벽한 디테일은 매끄러운 표면과 둥근 모서리로 디자인되어 손과 책상 또는 가구를 긁힘으로부터 보호합니다. 이 아크릴 북엔드는 가정, 사무실, 학교, 공부방, 도서관에 적합합니다. 책상과 책장을 위한 좋은 책 정리함으로 지저분한 데스크톱과 선반에 작별 인사를 할 수 있습니다. 아크릴의 투명한 특성으로 DIY 장식으로도 사용할 수 있으며 책을 좋아하는 어린이와 친구를 위한 정교한 선물로 매우 적합합니다.",,"['책', '아크릴', '북', '투명하다', '가구', '투명', '장식', '책장', '디자인', '북엔드']"
사무용품,북엔드 및 책꽂이,북엔드,,B082RCMTP1,"조절 가능한 북엔드 금속 책 엔드 홀더 선반, 튼튼한 미끄럼 방지 북엔드, 무거운 책용(라운드 블랙)",JIARI,27533,27533,4.5,599.0,"소재: 철, 색상: 라운드 블랙 사이즈: 10.2cm(4인치)--42.9cm(16.9인치) *15.2cm(6인치)*19.8cm(7.8인치) 무게: 0.86kg(1.9파운드) 단순하지만 독특하고 세련된 기능. 데스크톱 크기에 따라 조절할 수 있으며 충분한 공간을 가지고 있어 모든 조합의 다양한 형태에 적합하며 이상적인 조합으로 조정할 수 있습니다. 우아하고 정교하며 개성 있고 실용적입니다. 가정, 학교, 사무실을 위한 이상적인 책 정리함. 다양한 요구 사항을 충족하기 위해 10.2cm(4인치)에서 41.9cm(16.9인치)까지 탁월한 접이식 길이. 항상 최고 품질의 소재를 사용하세요 - 견고한 금속 구조로 가장 핫한 별 북엔드. 잡지, 책, DVD, 게임, 카탈로그, 백과사전, 교과서, 하드백, 만화책, 바인더, 요리책, 참조책, 가족 앨범 등을 보관하는 데 사용하세요! 친구나 가족을 위한 놀라운 선물",,"['책', '북엔드', '조합', '블랙', '가족', '금속', '조절', '라운드']"
사무용품,북엔드 및 책꽂이,북엔드,,B0CLY38G44,"책 엔드, 아크릴 북엔드, 선반용 투명 북 엔드, 책상 책 오거나이저, 무거운 책, CD, 비디오 게임용 장식용 책 홀더 스탠드 (3쌍/6피스, 그라데이션 로열 블루)",Honagu,24916,24916,4.6,3.0,"내구성 및 강함: 당사의 프리미엄 아크릴 북엔드는 신뢰할 수 있고 오래 지속되는 고품질 아크릴 소재로 제작되었습니다. 이 북엔드는 무거운 책과 파일을 보관하고 똑바로 세우는 데 적합합니다. 대형 북엔드: 12.2 x 12 x 18.7cm(4.75 x 4.75 x 7.4인치) 크기의 아크릴 북엔드는 전통적인 금속 북엔드보다 커서 더 많은 책을 정리하고 방이나 사무실을 깔끔하고 깔끔하게 유지할 수 있습니다. 둥근 모서리 디자인: 매끄러운 표면의 북엔드는 책이나 손가락을 긁을 수 있는 날카로운 모서리나 거친 부분이 없는 둥근 모서리 디자인이 특징입니다. 이 잘 만들어진 디자인으로 책 컬렉션은 깨끗한 상태로 유지됩니다. 정리에 완벽함: 저희 북엔드는 다용도로 사용할 수 있습니다. 선반, 책상 또는 테이블 위에 놓을 때 책, 잡지, CD, DVD 및 기타 물건을 효과적으로 사용할 수 있습니다. 이렇게 하면 출판물을 깨끗하고 온전하게 유지할 수 있습니다. 실용적인 선물: 저희 북엔드는 완벽한 선물입니다. 우아하고 내구성이 뛰어난 이 제품은 책장이나 책상에 세련되고 실용적인 측면을 제공합니다. 스티커로 장식하거나 표면에 그림을 그릴 수 있어 더욱 개인화할 수 있습니다. 지저분하고 정리되지 않은 공간에 작별 인사를 하세요.",,"['책', '북', '아크릴', '정리', '모서리', '디자인', '책상', '유지', '북엔드', '완벽하다']"
사무용품,북엔드 및 책꽂이,북엔드,,B0BDZG19YH,"선반용 조절 가능한 북 엔드 (금속/블랙) 튼튼한 클램핑 금속 북엔드 책장 홀더, 홈 오피스용, 미끄럼 방지 북엔드 스토퍼 지지 정리함",AJART,35968,35968,4.1,37.0,"선반용 북엔드: 상단 부분: 길이 9.9cm x 높이 15.9cm, 하단 부분: 틈이 있는 길이 9.9cm. 무게: 0.3kg (1개), 0.7kg (2개). 프리미엄 품질 북엔드: 선반용 북엔드는 블랙 매트 마감의 견고한 강철을 사용하여 수작업으로 제작되었으며, 책장에 미끄러지지 않고 똑바로 책장에 서있을 수 있도록 튼튼합니다. 조절 가능한 책 끝: 북엔드 바닥에 엄지 나사 손잡이가 추가되어 눈길을 끄는 디자인 책 홀더가 선반에 잡는 타이트함을 조정할 수 있습니다. 이 디자인은 기존의 북엔드에 존재하는 슬라이딩, 뒤집기, 고르지 않은 배치 및 페이지 긁힘 문제를 방지합니다. 범용: 금속 북엔드는 책, DVD, 비디오 게임, 레코드, VHS 테이프 또는 음악 CD에 완벽하게 설계되었습니다. 당사의 튼튼한 책 스토퍼는 위의 모든 물건을 지탱할 수 있을 만큼 튼튼합니다. 패키지 및 서비스: 팩에 x2 북엔드가 포함되어 있습니다. 주문이나 제품에 문제가 있는 경우 주저하지 마시고 저희에게 직접 연락하십시오. 최대한 빨리 처리해 드리겠습니다.",,"['북엔드', '튼튼하다', '책', '책장', '선반', '북', '금속', '문제', '블랙', '조절']"
사무용품,북엔드 및 책꽂이,북엔드,,B0CDFMPWT5,"목재 장식 북엔드, 선반용 미끄럼 방지 북엔드, 튼튼한 북엔드, 책/CD용 북 스탠드, 1쌍(오크 마스터)",pandapark,23517,23517,4.6,660.0,,"Brand: Pandapark Shape: Rectangle Material: Oak&Steel Color: Natural wood color Size: H 6""x W 4"" xL 4.5"", Board Thickness 0.35inch Pair of weight: 0.73pounds Package include: 1 pair Bookends Warm tips: ·Natural solid wood products are easily deformed by humidity and temperature. ·Do not soak, wipe with wet cloth.","['북엔드', '튼튼하다', '책용', '장식', '오크', '스탠드', '선반', '북', '방지', '미끄럼']"
사무용품,북엔드 및 책꽂이,북엔드,,B08RP6LXF7,"DRLIFE 북 엔드, 선반용 북엔드, 무거운 책용 프리미엄 북 엔드, 책, 영화, CD, 비디오 게임, 블랙 메탈 북엔드 (2쌍/4피스)",DRLIFE,22132,22132,4.5,376.0,"견고한 금속 북 -- DRLIFE 북 엔드는 고급 스탬핑 공정으로 엄선된 헤비 게이지 스틸을 적용했습니다. 용접 라인이 없는 견고한 전체 금속 구조로 거대한 책, DVD, 비디오 게임 및 CD를 모두 보관할 수 있을 만큼 강하고 무겁습니다. 클래식 블랙 색상 -- 클래식 블랙 컬러 플랫 페인트 표면 정전기 스프레이, 북엔드의 수명을 연장합니다. 매끄러운 표면은 책장을 긁힘으로부터 보호합니다. 둥근 모서리 공예품은 책을 손도 보호합니다. 뛰어난 성능의 책 -- 각 북엔드 하단에 4개의 미끄럼 방지 폼 패드가 있어 북엔드가 미끄러지지 않도록 설계되었습니다. 즉, 북엔드를 움직일 때 책장이나 가구가 긁히지 않도록 보호합니다. 열렬한 독자와 책벌레를 위한 완벽한 선물. 당신을 위한 깔끔한 공간 -- 10.2 x 13.7 x 20.3cm(4 x 5.4 x 8인치) 크기로 다양한 크기의 책을 담을 수 있습니다. 이 북엔드 지지대는 책을 깔끔하고 똑바로 세워 책상을 깔끔하게 유지할 수 있으며 혼란을 방지하고 사무실 효율성을 향상시킵니다. 간단한 북엔드의 또 다른 큰 장점은 선반의 공간을 절약하는 것입니다. 사무실을 깨끗하고 깔끔하게 유지합니다. 훌륭한 가치 -- 튼튼한 블랙 북 엔드 4개/2쌍을 받게 되며 훌륭한 파트너가 될 것입니다. 북엔드는 책, DVD, 레코드판, 영화, 잡지 또는 가정 선반, 사무실, 서점, 학교에 서고 싶은 기타 물건과 같은 많은 책상 용품을 보관할 수 있을 만큼 크고 큽니다.",,"['북엔드', '책', '북', '블랙', '깔끔하다', '사무실', '선반', '보호', '유지', '무겁다']"
사무용품,북엔드 및 책꽂이,북엔드,,B09NMYSNVP,펜 스탠드 홀더가 있는 조절 가능한 책상 보관 북엔드 - 2-in-1 북엔드 및 펜 스탠드 - 텔레스코픽 디자인 - 최대 50.8cm(20인치)까지 확장 - 다용도 및 다용도 - 데스크탑 액세서리,Auxu,22146,23378,4.6,224.0,"독특한 디자인의 책 - 펜 스탠드 홀더가 있는 Auxu 2-in-1 조절 가능한 책상 보관 북엔드로 책, 저널, 잡지 등을 효율적으로 보관할 수 있습니다. 데스크톱 또는 선반 사용에 적합한 대형 조절 가능한 북엔드는 공간을 깔끔하고 깔끔하게 정리할 수 있도록 설계되었습니다. 조절 가능한 금속 북엔드가 있어야 합니다! 펜 스탠드 포함 - 다른 조절 가능한 북엔드/금속 북엔드와 달리, 이 북엔드(조절 가능한 금속)에는 펜 스탠드가 부착되어 있어 좋아하는 펜, 연필, 마커, 스케치 펜 등을 보관할 수 있습니다. 놀랍도록 조절 가능한 북엔드는 가정, 사무실, 학교, 기숙사 방 등에서 사용하기 좋습니다 대용량 - 특수 조절 가능한 디자인이 특징이며, 펜 홀더가 있는 조절 가능한 북엔드는 텔레스코픽 디자인의 도움으로 확장하여 원하는 만큼 많은 책을 수용할 수 있습니다. 접었을 때 높이 19.1cm(7.5인치), 너비 10.2cm(4인치)의 바인더용 조절 가능한 북엔드는 최대 50.8cm(20인치)까지 확장할 수 있습니다 내구성이 뛰어나고 견고한 디자인 - 최고급 철로 제작된 이 긴 조절 가능한 북엔드는 믿을 수 없을 정도로 견고하고 내구성이 뛰어나며 녹이나 부식에 강하며 손상 방지 기능이 있습니다. 매끄러운 표면으로 책을 긁힘으로부터 안전하게 보호할 수 있는 이 북엔드 조절 가능(금속)은 변색 방지 페인트로 코팅되어 수명과 미적 품질을 보장합니다 다양한 색상 - 5가지 아름답고 즐거운 색상(블랙, 그레이, 핑크, 그린, 화이트)으로 제공되는 이 조절 가능한 북엔드(튼튼함)은 생일, 기념일, 발렌타인 데이, 추수감사절, 크리스마스, 하누카 및 새해와 같은 모든 축제 및 비 축제 행사에 모든 가족 구성원에게 멋진 선물이 됩니다",,"['가능하다', '조절', '펜', '북', '북엔드', '디자인', '스탠드', '금속', '책', '확장']"
사무용품,북엔드 및 책꽂이,북엔드,,B0BHJGZ6PT,Linxia Pear Bookends 바닐라 화이트 세라믹 크리에이티브 북엔드 선반용 책 홀더 스토퍼 책/영화/CD/비디오 게임용 (1쌍) 포옹 스타일,Linxia,44250,44250,4.4,15.0,"부드러운 크림 색상의 사랑스러운 배 모양, 모든 불행을 치료합니다 디자인과 실용성의 조합에 중점을 둔 창의적인 가구 장식품 소재: 6가지 엄격한 테스트 표준 후 고온에서 송소된 고품질 세라믹, 품질 허그 스타일 | 사이즈: 12x12x15cm 및 9x10x13.5cm | 색상: 바닐라 디자인 북엔드, 거실, 침실, 와인 캐비닛 및 사무실 등에 적합합니다.",,"['스타일', '책', '세라믹', '디자인', '바닐라', '북엔드', '송소된', '성의', '선반', '사무실']"
사무용품,북엔드 및 책꽂이,북엔드,,B00WSUHEXQ,패션 창의적인 만화 귀여운 아이언 엘크 무스 패턴 미끄럼 방지 금속 사무실 책상 책장,Winterworm,19376,19376,4.6,187.0,"공부방을 꾸미고 책을 정리하고 좋은 모습으로 꾸미세요. 미끄럼 방지 북엔드는 스크래치를 최소화하고 미끄러지는 것을 방지하기 위해 패딩 처리된 베이스가 있습니다. 잡지, 책, 카탈로그 및 바인더를 북선반에 깔끔하게 유지하고 모든 것을 볼 수 있습니다. 책 애호가를 위한 완벽한 선물 귀여운 비비드 엘크 무스 디자인",,"['방지', '책', '귀엽다', '무스', '북', '엘크', '미끄럼', '모습', '만화', '선물']"
사무용품,북엔드 및 책꽂이,북엔드,,B0B711D5G1,"무거운 책을 위한 북 엔드 장식, 책 보관을 위한 선반용 대형 튼튼한 북엔드 2개, 사무실, 가정, 무거운 책용 블랙 북 스토퍼, 미끄럼 방지",Yollber,23531,23531,4.7,19.0,"【큰 사이즈】높이 19.8cm(7.8인치)/너비 13.5cm(5.3인치)/하단 길이 4.3인치(20cm*13.5cm*11cm). 당사의 블랙 북엔드는 시중의 많은 제품보다 큽니다. 책, 특히 무거운 책을 잘 정리할 수 있습니다. 【고품질 소재】 장식용 북엔드의 두께는 1.5mm입니다. 튼튼한 금속으로 절단 및 광택 처리되어 쉽게 변형되거나 구부러지지 않습니다. 【독점 디자인】당사의 책장 책 끝은 원래 자체 팀이 디자인했습니다. 섬세한 패턴으로 책장, 사무실 및 가정을 장식할 수 있습니다. 【완벽한 디테일】 북 스토퍼의 가장자리는 샌딩 처리되고 고품질 파우더 코팅으로 부착됩니다. 바닥에는 4개의 미끄럼 방지 패드가 있습니다. 사용자나 가구를 긁지 않습니다. 좋은 사용 경험을 선사합니다. 【선물】 장식용 북엔드는 기본 북엔드보다 세련되어 책, 폴더, 노트북을 깔끔하고 깔끔하게 유지합니다. 선생님, 학생, 어린이 및 친구에게 이상적인 선물입니다.","선반용 튼튼한 북엔드, 책 보관을 위한 대형 금속 북 엔드 2개, 사무실, 가정, 무거운 책용 블랙 장식 북 스토퍼, 미끄럼 방지//2피스/1쌍/큰 사이즈: H-7.8""/W-5.3""/L-4.3""(20cm*13.5cm*11cm)","['북', '책', '장식', '무겁다', '북엔드', '블랙', '스토퍼', '미끄럼', '방지', '튼튼하다']"
사무용품,북엔드 및 책꽂이,북엔드,,B0CLGZDYZF,"파란색 나무 책 끝 위의 여름 서프보드, 장식용 나무 북엔드, 선반용, 어린이 방 책상, 홈 오피스 북 스토퍼, 잡지, 책, DVD용, 1쌍/2개(12.7 x 7.9cm(5 x 3.1인치))",Famame,26301,26301,,,"프리미엄 소재 - 북 스토퍼는 목재로 만들어져 각 제품은 뒷면에 독특한 천연 나뭇결이 있으며 하단에는 무겁고 튼튼한 금속이 있습니다. 두꺼운 디자인, 둥근 모서리 디자인은 손을 다치지 않습니다. 북엔드 사이즈 - 1쌍 팩(2개) 포함. 12.7x7.9cm(5x3.1인치), 금속 베이스 프레임 사이즈- 9.4x5.1cm(3.7x2작고 정교하며 너무 많은 공간을 차지하지 않고 자유롭게 조절할 수 있으며 책을 깔끔하고 똑바로 세울 수 있을 만큼 튼튼하여 어린이 방 책상에 적합합니다. 견고한 북엔드 지지대 - ""L"" 모양 디자인, 강한 베어링 용량, 쉽게 떨어지지 않습니다. 책을 똑바로 세우고 깔끔하게 정리하고 효율적으로 보관하세요. 주황색 공간 - 북엔드는 책장이나 책상을 위한 귀중한 공간을 절약했습니다. 침실, 거실에서 책, 잡지, 영화, DVD, 비닐 레코드, 비디오 게임 및 세우고 싶은 모든 것을 정리할 수 있습니다. 이 나무 책 스토퍼는 공부와 사무실을 장식할 수 있습니다. 훌륭한 선물로 만드세요. 독특한 디자인 - 트렌디한 빈티지 패턴 나무 책 스탠드는 가정, 주방, 학교, 사무실 및 도서관에 매우 이상적입니다. 책을 순서대로 보관함과 동시에 데스크톱의 장식적인 역할도 합니다.","안정적인 지지력. 12.7 x 7.6cm(5 x 3인치). 과학적인 L자형 디자인, 견고한 금속 베이스가 안정적이고 내구성이 뛰어난 친환경 소재 나무 북엔드, 내구성이 뛰어나고 두껍고 둥근 디자인으로 손을 다치게 하지 않습니다. 금속 철제 베이스는 좋은 지지력을 제공하며 책을 똑바로 세워 유지합니다. 실용적인 책상 장식 트렌디한 패턴의 북엔드는 책을 수직으로 정리하고 균형을 잘 유지합니다. 가족 공부방, 거실, 침실, 도서관, 책장, 사무실, 심지어 부엌에서 책을 요리하는 데 매우 적합합니다. 제품 세부 정보 패키지 포함: 1쌍/나무 북엔드 2개. 사이즈: 12.7x7.9cm(5x3.1인치)","['책', '나무', '디자인', '북엔드', '장식', '금속', '책상', '북', '공간', '베이스']"
사무용품,북엔드 및 책꽂이,북엔드,,B01KFQDUE6,북엔드,OrgaNice,30456,30456,4.3,271.0,"HEAVY-DUTY DESIGN - The heavy-gauge steel feet, long metal base, and reinforced 2x layer beech wood design ensure excellent durability and stability. OrgaNice bookends are sturdy and dependable to hold your books. ANTI-SLIP & PADDED - OrgaNice Bookends' non-skid foam feet pads provide sufficient friction to prevent slipping while making it easy to slide under your books. The foam feet also protect your furniture from scratches. FUNCTIONAL FOR BOOKS, CDS, AND MORE - OrgaNice Heavy-duty Bookends handle books, CDs, DVDs, magazines and more of all shapes and sizes, even the heavy ones. The reinforced steel feet are strong enough to keep a whole row of books in place without budging. ELEGANT HAND-CRAFTED BEECH WOOD DESIGN - Say goodbye to bulky bookends that take away the beauty of your collection. OrgaNice Bookends' compact and elegant hand-crafted beech wood design adds a touch of nature to your library. GIFT FOR ALL AGES - The gift-ready packaging of OrgaNice Bookends makes them a perfect gift for your family, friends, classmates, and whoever loves books on their birthday, back-to-school season, Christmas, and other festivals.",,['북엔드']
사무용품,북엔드 및 책꽂이,북엔드,,B09GB1RTSS,"MSDADA 조절 가능한 북엔드, 무거운 책을 위한 책 엔드, 책상, 선반, 사무실, 학교용 확장 가능한 책 오거나이저, 6 7 8 9 10 11-15 남아 및 여아용, 최대 48.3cm(19인치)까지 연장 (브라운)",MSDADA,24916,24916,4.5,391.0,"공간을 거의 차지하지 않습니다: 확장 가능한 북엔드는 책장을 순서대로 유지할 수 있습니다. 공간을 차지하지 않고 책장에 완벽하게 맞습니다. 어디에 있는지 거의 알 수 없습니다. 깔끔한 책 줄만 볼 수 있습니다. 두 개의 칸막이가 있는 조절 가능한 북엔드: 조절 기능으로 북엔드를 더 많거나 적은 책의 상황에 완벽하게 적응할 수 있습니다. 칸막이의 디자인은 북엔드의 안정성을 향상시켜 책을 더 편리하게 보관할 수 있습니다. 견고하고 안정적: 당사의 튼튼한 북엔드는 매우 견고하여 책, 잡지, DVD, 레시피 및 음악 점수를 안정적으로 보관할 수 있습니다. 책을 꺼내더라도 다른 책은 안정적으로 유지되며 흩어지지 않습니다. 완벽한 표면: 북엔드의 표면에 고품질 페인트가 뿌려져 매끄럽고 마모에 강하며 녹슬지 않아 북엔드의 내구성이 뛰어납니다. 둥근 모서리 디자인으로 사용 중에 실수로 손가락과 책을 긁는 것을 방지합니다.",,"['책', '북엔드', '가능하다', '안정', '조절', '완벽하다', '견고하다', '공간', '디자인', '북']"
사무용품,북엔드 및 책꽂이,북엔드,,B09KNGXKG6,"장식용 아크릴 북엔드, 반짝이는 화이트, L자형 튼튼한 책 스토퍼 및 책상 정리함, 책/영화/CD용, 2쌍/4피스 (호박색)",Keyly,13836,13836,3.9,10.0,"튼튼한 아크릴 북엔드: 고품질 아크릴로 제작된 책 끝은 크고 무거운 책을 담을 수 있도록 내구성이 뛰어나고 튼튼하여 크고 무거운 책을 담을 수 있습니다. 품질이 좋고 잘 고정되며 변형되거나 녹슬지 않으며 모든 종류의 가구와 완벽하게 어울립니다. 매끄러운 표면 및 둥근 가장자리: 모든 아크릴 북엔드는 매끄러운 표면과 둥근 가장자리를 가지고 있어 책꽂이가 책상, 선반 및 사람들에게 손상을 주지 않습니다. 걱정 없이 사용하세요! 장식용 책 디스플레이: 이 현대적인 아크릴 북 엔드는 좋아하는 책, 그래픽 소설, 카드, 노트북, 요리책 및 영화 케이스, 바인더 또는 폴더와 같은 것들을 세련되고 기능적으로 지원합니다. 책들을 깔끔하게 정리하여 테이블 위에서 볼 수 있습니다. 현대적인 디자인: 심플하고 현대적인 ""L"" 모양 디자인으로 책을 수직으로 정리하고 균형이 잘 잡히고 매끄럽고 평평하게 유지합니다. 곡선형 모서리와 둥근 모서리가 있습니다. 철제 책장과 달리 무거운 책을 놓거나 북엔드를 움직이더라도 조리대나 가구를 긁지 않습니다 아름다운 선물 선택: 책 애호가, 수집가, 장식가를 위한 이상적인 생일, 휴일 또는 기념일 선물, 우리의 금속 북엔드는 어떤 환경에서도 멋지게 보이며 테이블이나 선반의 표면을 긁지 않습니다.","KEYLY 장식용 아크릴 북엔드, 반짝이는 화이트, L자형 튼튼한 책 스토퍼 및 책상 오거나이저, 책/영화/CD용, 2쌍/4피스 (앰버)","['책', '아크릴', '장식', '북엔드', '튼튼하다', '정리', '책상', '북', '무겁다', '표면']"
사무용품,북엔드 및 책꽂이,북엔드,,B09HPLQGCT,노르웨이 바이킹 여신 위칸 위카 이교도 패턴 나무 북엔드 장식용 북엔드 미끄럼 방지 사무실 책 스탠드 책 사무실 파일 매거진,Hon-Lally,27644,27644,5.0,1.0,"책 끝의 크기는 3 x 5 인치입니다. 천연 대나무와 금속 베이스로 구성되어 있으며, 강력한 지지 용량으로 쉽게 버릴 수 없으므로 다양한 모양과 크기의 북엔드에 적합합니다. 안정적이고 튼튼하여 내구성이 뛰어나 학생, 사무실 근로자 등에 적합합니다. 북엔드의 가장자리는 사용 시 손이나 책이 긁히는 것을 방지하기 위해 광택 처리되어 있으므로 안심하고 사용할 수 있습니다. 우리의 책 끝에는 책, 잡지, CD, DVD, 비디오, 요리책 및 기타 물건을 수직으로 보관합니다. 필요한 것을 직관적으로 찾고 방을 더 깔끔하게 유지할 수 있습니다. 현대적인 북엔드의 슬림한 디자인은 필기 책상이나 책장에 많은 공간을 차지하지 않으며 책을 순서대로 유지할 수 있습니다. 또한 책상 위에 장식 역할을 합니다. 나무 책 스탠드는 가정, 주방, 학교, 사무실, 회사 및 도서관에 매우 이상적입니다. 또한 책상 위에 장식 역할을 합니다.","소재: 목재 + 강화 강철. 사이즈: 7.5 cm x 12.7 cm. 특징: 책 스탠드의 가장자리는 반타원형 디자인으로 매우 매끄러워집니다. 모든 모양과 크기의 책을 다루고 집, 학교, 기숙사, 사무실을 멋지게 장식하십시오! 책, 잡지, 파일, 문서, 사진 앨범을 정리하고 책상을 깔끔하고 정돈된 상태로 유지하여 하루 종일 좋은 기분을 느낄 수 있습니다. 패키지 구성: 나무 북엔드 2개.","['책', '북엔드', '사무실', '책상', '장식', '스탠드', '구성', '나무', '유지', '깔끔하다']"
사무용품,북엔드 및 책꽂이,북엔드,,B0BXL7LDTW,"선반용 고양이 발바닥 북엔드 1쌍, 어린이 귀여운 금속 고양이 새끼 고양이 두꺼운 책 엔드 동물 책 정리함 책상 도서관 학교 사무실 홈 데코",Unigift,17991,17991,5.0,1.0,"녹 및 부식 방지 기능이 있는 내구성이 뛰어난 튼튼한 금속으로 제작되었습니다. 핑크와 화이트 색상의 고양이 발톱의 사랑스러운 디자인은 책을 좋아하거나 고양이를 좋아하는 아이들에게 선물로 매우 적합합니다. 장식용 책 끝의 ""L"" 모양 디자인은 책장의 책을 위한 더 많은 공간을 제공하며 책장 가장자리에 놓을 수 있습니다. 미끄럼 방지 북엔드에는 8개의 패딩 베이스가 장착되어 있어 북스탠드 바닥에 접착하여 테이블이 미끄러지거나 긁히는 것을 방지합니다. 무거운 책, 노트북, 교과서, 사무실 문서, CD, DVD, 잡지 등을 정리하는 데 적합합니다. 이 책 스탠드는 사무실, 공부방, 거실, 침실, 학교, 도서관 등에 적합합니다. 책상과 책장을 깔끔하게 유지하세요.","귀엽고 생생하고 사랑스러운 페르시안 고양이 북엔드 질서 있는 책장을 볼 때마다 책을 읽는 욕구를 자극하고 깊은 학습의 남자가 될 것입니다. 독특한 디자인으로 책의 바다에서 특별한 여행을 제공합니다. 책을 수직으로 정리하고 제자리에 유지하여 책이 쉽게 기울어지지 않습니다. 공부방을 장식하고 책을 정리하고 볼 수 있습니다. 긁힘을 최소화하고 미끄러짐을 방지합니다. 잡지, 책, 카탈로그 및 바인더를 책장에 깔끔하게 보관하고 모든 것을 볼 수 있습니다. 사양: 소재: 스테인리스 스틸. 사이즈: 14x11x0.5cm/5.5x4.3x0.2인치 패키지 구성: 귀여운 북엔드 1쌍 참고: 사진의 책은 패키지에 포함되어 있지 않습니다. .","['책', '고양이', '책장', '정리', '방지', '북엔드', '귀엽다', '디자인', '사무실']"
사무용품,북엔드 및 책꽂이,북엔드,,B0CW1LTVTK,"튼튼한 금속 북엔드 나무 책 끝 추상 책 스토퍼 요리 책 스탠드업 지원 미끄럼 방지 추상 아트 북엔드 나뭇가지 새 북엔드 기하학적 패턴(Tree of Life-C, 1쌍)",zmgmsmh,11758,11758,4.2,26.0,"이 북엔드는 고품질의 튼튼한 강철로 만들어져 견고하고 신뢰할 수 있으며 쉽게 구부리거나 부서지지 않으며 크고 무거운 책, 요리 책에 적합합니다. 기하학적 패턴의 책 끝, 나뭇가지 북엔드는 고품질 금속 철로 만들어져 북엔드를 더 튼튼하게 만듭니다. L 모양으로 단순하지만 오래 지속됩니다. 두꺼운 디자인으로 쉽게 구부러지지 않습니다. 북엔드는 둥근 모서리 디자인으로 손을 다치지 않습니다. 이 북엔드는 책장에서 효과적으로 작동합니다. 요리책, 잡지, 바인더를 똑바로 세워 놓을 수 있으며, 여러분이 선택해야 할 올바른 책 스토퍼입니다. 책상을 깨끗하고 깔끔하게 복원할 수 있도록 책 더미의 지저분함을 피할 수 있습니다. 전체 시리즈 북엔드에는 나무 북엔드, 나뭇가지 위의 새, 기하학적 북엔드, 추상 아트 디자인 북 스토퍼가 포함되어 있습니다. 자연스럽지만 약간 추상적입니다. 다양한 물건부터 훨씬 더 세련된 장식까지 모든 것과 잘 어울립니다. 북 엔드의 하단에 4개의 긁힘 방지 매트가 있어 선반을 손상시키지 않습니다. 환경 친화적인 스프레이 페인트와 무독성 무공해 디자인으로 부드러운 질감, 미끄럼 방지 베이스 디자인으로 책의 안정성을 강화합니다. 책을 수직으로 정리하고 제자리에 유지하여 책이 쉽게 기울어지지 않습니다. 완벽한 컬렉션 도구. 공부방을 장식하고 책을 정리하고 잘 볼 수 있습니다. 매끄러운 가장자리는 부상 위험을 최소화합니다. 책을 깔끔하고 똑바로 세울 수 있을 만큼 강하고 구부리기 어렵습니다. 거대한 책과 집 DVD, 비디오 게임 또는 CD 모두에 적합합니다. 튼튼한 북엔드는 다양한 책을 분류할 수 있으며 책, 잡지, CD, DVD, 요리책 및 기타 물건을 세워 집을 더 아름답고 깔끔하게 만들 수 있습니다. 이 책은 책상, 책장을 정리하여 매우 깔끔하게 만듭니다. 또한 학습 테마 룸과 독서 코너를 만들고 따뜻하고 시적인 방을 장식할 수 있습니다. 생일, 학교 개회식, 크리스마스 및 기타 축제에 반 친구, 친구 또는 가족을 위한 완벽한 선물. 바닥 패딩, 요리책을 보관할 수 있는 주방 도구로 책, 사전, 참고서, 작은 노트북, 주택 DVD, 비디오 게임 또는 CD를 다루는 데 사용할 수 있습니다.","zmgmsmh 튼튼한 금속 북엔드 나무 책 끝 추상 책 스토퍼 요리 책 스탠드 업 지원 미끄럼 방지 추상 아트 북엔드 나뭇가지 새 북엔드 기하학적 패턴 라인 블록 북엔드 현대적인 미학. 이 북엔드는 고품질의 튼튼한 강철로 만들어져 견고하고 신뢰할 수 있으며 쉽게 구부리거나 부서지지 않으며 크고 무거운 책, 요리 책에 적합합니다. 기하학적 패턴의 책 끝, 나뭇가지 북엔드는 고품질 금속 철로 만들어져 북엔드를 더 튼튼하게 만듭니다. L 모양으로 단순하지만 오래 지속됩니다. 두꺼운 디자인으로 쉽게 구부러지지 않습니다. 북엔드는 둥근 모서리 디자인으로 손을 다치지 않습니다. 이 북엔드는 책장에서 효과적으로 작동합니다. 요리책, 잡지, 바인더를 똑바로 세워 놓을 수 있으며, 여러분이 선택해야 할 올바른 책 스토퍼입니다. 책상을 깨끗하고 깔끔하게 복원할 수 있도록 책 더미의 지저분함을 피할 수 있습니다. 전체 시리즈 북엔드에는 나무 북엔드, 나뭇가지 위의 새, 기하학적 북엔드, 추상 아트 디자인 북 스토퍼가 포함되어 있습니다. 자연스럽지만 약간 추상적입니다. 다양한 물건부터 훨씬 더 세련된 장식까지 모든 것과 잘 어울립니다. 북 엔드의 하단에 4개의 긁힘 방지 매트가 있어 선반을 손상시키지 않습니다. 환경 친화적인 스프레이 페인트와 무독성 무공해 디자인으로 부드러운 질감, 미끄럼 방지 베이스 디자인으로 책의 안정성을 강화합니다. 책을 수직으로 정리하고 제자리에 유지하여 책이 쉽게 기울어지지 않습니다. 완벽한 컬렉션 도구. 공부방을 장식하고 책을 정리하고 잘 볼 수 있습니다. 매끄러운 가장자리는 부상 위험을 최소화합니다. 책을 깔끔하고 똑바로 세울 수 있을 만큼 강하고 구부리기 어렵습니다. 거대한 책과 집 DVD, 비디오 게임 또는 CD 모두에 적합합니다. 튼튼한 북엔드는 다양한 책을 분류할 수 있으며 책, 잡지, CD, DVD, 요리책 및 기타 물건을 세워 집을 더 아름답고 깔끔하게 만들 수 있습니다. 이 책은 책상, 책장을 정리하여 매우 깔끔하게 만듭니다. 또한 학습 테마 룸과 독서 코너를 만들고 따뜻하고 시적인 방을 장식할 수 있습니다. 생일, 학교 개회식, 크리스마스 및 기타 축제에 반 친구, 친구 또는 가족을 위한 완벽한 선물. 바닥 패딩, 요리책을 보관할 수 있는 주방 도구로 책, 사전, 참고서, 작은 노트북, 주택 DVD, 비디오 게임 또는 CD를 다루는 데 사용할 수 있습니다.","['책', '북엔드', '북', '디자인', '요리', '깔끔하다', '튼튼하다', '추상', '방지', '기하학']"
사무용품,북엔드 및 책꽂이,북엔드,,B09HRYHT7R,Wicca Wiccan 트리플 문 가이아 테마 패턴 나무 북엔드 장식용 북엔드 미끄럼 방지 사무실 책 스탠드 책 사무실 파일 매거진,Hon-Lally,31841,31841,3.7,7.0,"책 끝의 크기는 3 x 5 인치입니다. 천연 대나무와 금속 베이스로 구성되어 있으며, 강력한 지지 용량으로 쉽게 버릴 수 없으므로 다양한 모양과 크기의 북엔드에 적합합니다. 안정적이고 튼튼하여 내구성이 뛰어나 학생, 사무실 근로자 등에 적합합니다. 북엔드의 가장자리는 사용 시 손이나 책이 긁히는 것을 방지하기 위해 광택 처리되어 있으므로 안심하고 사용할 수 있습니다. 우리의 책 끝에는 책, 잡지, CD, DVD, 비디오, 요리책 및 기타 물건을 수직으로 보관합니다. 필요한 것을 직관적으로 찾고 방을 더 깔끔하게 유지할 수 있습니다. 현대적인 북엔드의 슬림한 디자인은 필기 책상이나 책장에 많은 공간을 차지하지 않으며 책을 순서대로 유지할 수 있습니다. 또한 책상 위에 장식 역할을 합니다. 나무 책 스탠드는 가정, 주방, 학교, 사무실, 회사 및 도서관에 매우 이상적입니다. 또한 책상 위에 장식 역할을 합니다.","소재: 목재 + 강화 강철. 사이즈: 7.5 cm x 12.7 cm. 특징: 책 스탠드의 가장자리는 반타원형 디자인으로 매우 매끄러워집니다. 모든 모양과 크기의 책을 다루고 집, 학교, 기숙사, 사무실을 멋지게 장식하십시오! 책, 잡지, 파일, 문서, 사진 앨범을 정리하고 책상을 깔끔하고 정돈된 상태로 유지하여 하루 종일 좋은 기분을 느낄 수 있습니다. 패키지 구성: 나무 북엔드 2개.","['책', '북엔드', '사무실', '책상', '장식', '나무', '구성', '스탠드', '유지', '파일']"
사무용품,북엔드 및 책꽂이,북엔드,,B09HT3H5PR,"Forest Tree 안개 낀 산 패턴 나무 북엔드 장식 북엔드 미끄럼 방지 사무실 책 스탠드, 책 사무실 파일 잡지용, 원 사이즈",Hon-Lally,27686,27686,3.3,5.0,"책 끝의 크기는 7.6 x 12.7cm(3 x 5인치)입니다. 천연 대나무와 금속 베이스로 구성되어 강한 베어링 용량, 쉽게 버리지 않아 다양한 모양과 크기의 북엔드에 적합합니다. 오래 사용할 수 있도록 안정적이고 견고하며 학생, 사무실 근로자 등에 적합합니다. 북엔드의 가장자리는 사용할 때 손이나 책이 긁히지 않도록 광택 처리되어 안심하고 사용할 수 있습니다. 당사의 책 끝은 책, 잡지, CD, DVD, 비디오, 요리책 및 기타 물건을 수직으로 보관합니다. 필요한 것을 직관적으로 찾고 방을 더 깔끔하게 유지할 수 있습니다. 현대적인 북엔드의 슬림한 디자인은 필기 책상이나 책장에 많은 공간을 차지하지 않으며 책을 순서대로 유지할 수 있습니다. 또한 책상에서 장식적인 역할을 합니다. 나무 책 스탠드는 가정, 주방, 학교, 사무실, 회사 및 도서관에 매우 이상적입니다. 또한 책상에서 장식적인 역할을 합니다.","소재: 목재 + 강화 스틸. 크기: 3 x 5 인치 / 7.5 cm x 12.7 cm. 특징: 책 스탠드의 가장자리는 반타원형이며 극도의 매끄러움으로 연마되었습니다. 모든 모양과 크기의 책을 다룰 수 있으며 집, 학교, 기숙사, 사무실을 멋지게 장식합니다! 책, 잡지, 파일, 문서, 사진 앨범을 정리하고 책상을 깔끔하고 정돈된 상태로 유지하는 데 사용되므로 하루 종일 좋은 기분을 느낄 수 있습니다. 패키지 구성: 나무 북엔드 2개.","['책', '북엔드', '사무실', '장식', '책상', '유지', '스탠드', '나무', '가장자리', '학교']"
사무용품,북엔드 및 책꽂이,북엔드,,B0CLVN9DQP,"북엔드, 선반용 금속 북엔드, 안정적인 미끄럼 방지 튼튼한 책 홀더, 가정 및 사무실용 귀여운 북엔드 1쌍 (래디쉬)",SAMIQU,9681,9681,3.0,1.0,고급 인쇄 기술: 고급 인쇄 디자인이 특징인 이 금속 북엔드는 눈을 즐겁게 해줍니다. 생생하고 풍부한 색상과 패턴은 책장의 전체적인 외관을 돋보이게 하여 어떤 장식에도 매력적인 추가 아이템이 됩니다. 안정적인 미끄럼 방지 베이스: 안정적인 미끄럼 방지 베이스가 장착된 선반용 북엔드는 책이 넘어지거나 미끄러지는 것을 방지합니다. 사무실 책상과 홈 책장에 필수적인 기능입니다. 고품질 금속 북엔드: 내구성이 뛰어난 고급 금속으로 제작된 이 북엔드는 수많은 책의 무게를 견딜 수 있습니다. 오래 사용할 수 있도록 설계되어 안정적이고 오래 지속되는 성능을 보장합니다. 아이들을 위한 귀여운 북엔드: 고급 프린팅 디자인 덕분에 이 금속 북엔드는 아이들에게 믿을 수 없을 정도로 매력적입니다. 귀엽고 어린이 친화적인 패턴과 디자인은 아이들이 독서 시간을 더 재미있고 매력적으로 만듭니다. 다용도 북엔드: 사무실이나 자녀의 공부 공간에서 책을 정리해야 할 때 이 튼튼한 북엔드는 탁월한 선택입니다. 다용도로 사용할 수 있으며 어떤 장식 스타일과도 매끄럽게 조화를 이루며 다양한 설정에 적합합니다.,,"['북엔드', '북', '금속', '고급', '방지', '책', '안정', '미끄럼', '매력', '귀엽다']"
사무용품,북엔드 및 책꽂이,북엔드,,B09HRWBKG1,미국 국기 대머리 독수리 패턴 나무 북엔드 장식 북엔드 미끄럼 방지 사무실 책 스탠드 책 사무실 파일 잡지용,Hon-Lally,27630,27630,3.5,4.0,"책 끝의 크기는 7.6 x 12.7cm(3 x 5인치)입니다. 천연 대나무와 금속 베이스로 구성되어 강한 베어링 용량, 쉽게 버리지 않아 다양한 모양과 크기의 북엔드에 적합합니다. 오래 사용할 수 있도록 안정적이고 견고하며 학생, 사무실 근로자 등에 적합합니다. 북엔드의 가장자리는 사용할 때 손이나 책이 긁히지 않도록 광택 처리되어 안심하고 사용할 수 있습니다. 당사의 책 끝은 책, 잡지, CD, DVD, 비디오, 요리책 및 기타 물건을 수직으로 보관합니다. 필요한 것을 직관적으로 찾고 방을 더 깔끔하게 유지할 수 있습니다. 현대적인 북엔드의 슬림한 디자인은 필기 책상이나 책장에 많은 공간을 차지하지 않으며 책을 순서대로 유지할 수 있습니다. 또한 책상에서 장식적인 역할을 합니다. 나무 책 스탠드는 가정, 주방, 학교, 사무실, 회사 및 도서관에 매우 이상적입니다. 또한 책상에서 장식적인 역할을 합니다.","소재: 목재 + 강화 강철. 사이즈: 7.5 x 12.7cm(3 x 5인치) 특징: 북 스탠드의 가장자리는 반타원형이며 극도의 매끄러움으로 연마되었습니다. 모든 모양과 크기의 책을 다루며 집, 학교, 기숙사, 사무실을 멋지게 장식합니다! 책, 잡지, 파일, 문서, 사진 앨범을 정리하고 책상을 깔끔하고 정돈된 상태로 유지하는 데 사용되므로 하루 종일 좋은 기분을 느낄 수 있습니다. 패키지 구성: 나무 북엔드 2개.","['책', '북엔드', '사무실', '책상', '장식', '나무', '스탠드', '유지', '구성', '깔끔하다']"
사무용품,북엔드 및 책꽂이,북엔드,,B0CLY4NR2C,"책 엔드, 아크릴 북엔드, 선반용 투명 북 엔드, 책상 책 오거나이저, 무거운 책, CD, 비디오 게임용 장식용 책 홀더 스탠드 (2쌍/4개, 그라데이션 퍼플)",Honagu,20761,20761,,,"내구성 및 강함: 당사의 프리미엄 아크릴 북엔드는 신뢰할 수 있고 오래 지속되는 고품질 아크릴 소재로 제작되었습니다. 이 북엔드는 무거운 책과 파일을 보관하고 똑바로 세우는 데 적합합니다. 대형 북엔드: 12.2 x 12 x 18.7cm(4.75 x 4.75 x 7.4인치) 크기의 아크릴 북엔드는 전통적인 금속 북엔드보다 커서 더 많은 책을 정리하고 방이나 사무실을 깔끔하고 깔끔하게 유지할 수 있습니다. 둥근 모서리 디자인: 매끄러운 표면의 북엔드는 책이나 손가락을 긁을 수 있는 날카로운 모서리나 거친 부분이 없는 둥근 모서리 디자인이 특징입니다. 이 잘 만들어진 디자인으로 책 컬렉션은 깨끗한 상태로 유지됩니다. 정리에 완벽함: 저희 북엔드는 다용도로 사용할 수 있습니다. 선반, 책상 또는 테이블 위에 놓을 때 책, 잡지, CD, DVD 및 기타 물건을 효과적으로 사용할 수 있습니다. 이렇게 하면 출판물을 깨끗하고 온전하게 유지할 수 있습니다. 실용적인 선물: 저희 북엔드는 완벽한 선물입니다. 우아하고 내구성이 뛰어난 이 제품은 책장이나 책상에 세련되고 실용적인 측면을 제공합니다. 스티커로 장식하거나 표면에 그림을 그릴 수 있어 더욱 개인화할 수 있습니다. 지저분하고 정리되지 않은 공간에 작별 인사를 하세요.",,"['책', '북', '아크릴', '정리', '책상', '북엔드', '유지', '모서리', '디자인', '선반']"
사무용품,북엔드 및 책꽂이,북엔드,,B091988X1L,"Generic 목재 마운틴 북엔드 장식, 미끄럼 방지, 선반, 가정용, 튼튼함 (블랙), 대형 사무실 북 스탠드 지원 세트",Generic,22146,22146,3.9,5.0,"【프리미엄 품질】고품질 솔리드 오크 나무로 수작업으로 제작되어 매우 견고하고 밀도가 높습니다 【제조국】미국에서 수작업으로 제작되었습니다. 미국에서 제작, 삼중 코팅, 매우 매끄러운 표면 【후지 마운트 디자인】책장에 미적인 추가, 일본 스노우 마운틴 후지 디자인 【미끄럼 방지】많은 책을 함께 담을 수 있을 만큼 튼튼하고 무겁습니다. 높이 25.4cm(10인치), 너비 17.8cm(7인치), 두께 3.8cm(1.5인치)입니다 【완벽한 선물】프리미엄 제품, 생일, 발렌타인 데이, 어머니의 날과 같은 모든 휴일 행사에 완벽한 선물 🎁","책장을 위한 완벽한 장식. 이 마운틴 북엔드는 모든 홈 데코 스타일에 사랑스러운 추가 아이템입니다. 아기방, 어린이 침실, 책장 장식, 벽난로 맨틀, 입구, 심지어 주방의 요리책에도 적합합니다. 고품질, 튼튼함, 오래 지속되는 천연 오크 나무 디자인으로 제작되어 책 컬렉션 및 라이브러리를 압도하는 것이 아니라 보완합니다. 미국에서 제작. 모든 소재와 목공은 미국에서 이루어집니다. 저희는 미국 중소기업을 지원하기 위해 현지에서 제품을 공급하기로 선택합니다. 모든 모양과 크기의 책을 취급합니다. 당사의 북엔드는 프리미엄 오크 나무로 100% 만들어졌으며 매우 밀도가 높고 튼튼합니다. 책, DVD, 잡지, 카탈로그, 백과사전, 앨범 등을 보관하는 데 사용할 수 있습니다. 어떤 경우에도 완벽한 선물입니다. 이 미학적으로 즐거운 귀여운 북엔드는 일본 후지산 디자인을 따르며 친구와 가족에게 깊은 인상을 줄 것입니다. 특히 일본을 사랑하는 사람들. 생일, 발렌타인 데이, 어머니의 날, 아버지의 날과 같은 모든 행사에 선물로 사용할 수 있습니다. 책 애호가에게 적합합니다. 높이 25.4cm(10인치), 너비 17.8cm(7인치), 두께 3.8cm(1.5인치)입니다","['책', '미국', '제작', '북', '완벽하다', '선물', '튼튼하다', '디자인', '장식', '일본']"
사무용품,북엔드 및 책꽂이,북엔드,,B0943XJBMX,"Black Skull Design 북엔드 금속 북 엔드, 선반 책상용 튼튼한 북엔드, 무거운 책용 스컬 북 선반 홀더, 장식용 데스크탑 오거나이저 홈 오피스 (1쌍)",Moocci,17977,17977,4.6,163.0,"독특한 해골 디자인: 이 멋진 북엔드는 해골 모양으로 특별히 디자인되어 추상적인 아름다움으로 책을 강조할 수 있습니다. 블랙 해골 디자인 북엔드는 집안의 책장을 위한 해골 테마 장식을 장식하는 데 이상적이며 축제 장식에 적합합니다. 【프리미엄 소재】당사의 튼튼한 금속 북엔드는 튼튼한 강철로 만들어졌으며 광택 및 베이킹 페인트 표면으로 파우더 코팅되어 매끄럽고 녹 방지 기능이 있으며 내구성이 뛰어나며 쉽게 깨지지 않습니다. 책을 깔끔하고 똑바로 세울 수 있을 만큼 강하며 무거운 책을 쉽게 보관할 수 있습니다. 【장식용 북엔드】선반에 북엔드를 사용하는 것은 책을 전시하는 좋은 방법이며, 독특한 북엔드가 방에 매력을 더할 수 있습니다. 각 북엔드 하단에 4개의 미끄럼 방지 매트가 있어 책을 수직으로 놓을 수 있으며 떨어지지 않도록 추가적인 가구 보호 기능을 제공합니다. 【다양한 사용】별도의 구성 요소로 이 북엔드를 옮기고 두 개 사이에 원하는 수의 책을 놓을 수 있어 책상을 잘 유지할 수 있습니다. 금속 북엔드는 책, 잡지, DVD, 게임, 카탈로그, 백과사전, 교과서, 양장본, 만화책, 바인더, 요리책, 참고서, 가족 앨범 등을 보관하기에 완벽합니다! 【다양한 사용】당사의 북엔드는 실용적인 일상 장식뿐만 아니라 흥미로운 아트워크이기도 합니다. 이 금속 북엔드는 자신과 가족, 친구 및 연인의 완벽한 선물로 제공되어 방에 매력을 더합니다. 제품에 대해 궁금한 점이 있으시면 언제든지 문의하십시오.",,"['북', '책', '북엔드', '장식', '금속', '해골', '튼튼하다', '디자인', '선반', '방']"
사무용품,북엔드 및 책꽂이,북엔드,,B0D1VK25DW,"튼튼한 북 엔드 럭셔리 북엔드, 레트로 오거나이저 스탠드, 책상 홀더 학교 리버러리 쿡 책장 장식 북엔드, 패딩 포함(2개 세트) 화이트",Artkingdome,31841,31841,,,"(튼튼함) 강력한 하중 지지 용량으로 원하는 수의 책을 담을 수 있습니다! 무거운 책, 사전, 잡지, 카탈로그, DVD, 비디오 게임 및 CD를 순서대로 정리하여 방을 깨끗하고 질서 있게 보이게 합니다 (꾸준하고 매끄러운/사무실 방 책상 용품) 책장 홀더 북엔드는 책을 읽고 싶은 욕구를 자극하고 책과 사랑스러운 방에서 행복한 시간을 보내면 깊은 학습의 남자가 될 것입니다. (훌륭한 선물) Zen 북엔드 북 스탠드는 책을 정리하는 데 도움이 될 뿐만 아니라 복고풍의 향수를 불러일으키는 모양과 색상으로 책을 집안에 통합할 수 있습니다. 또한 매우 훌륭한 예술 작품으로, 어머니의 날 독서 책을 사랑하는 고귀한 선물로 매우 적합합니다. (미끄럼 방지 및 패딩이 있는 바닥) 패딩 처리된 긁힘 방지 책장은 마찰을 방지하고 책이 마음대로 미끄러지는 것을 방지하며 충분한 안정성을 제공합니다. 금속 책 클립은 무거운 책을 많이 모을 수 있으며 가구를 긁지 않습니다. (Beuty 빈티지 룩) 레트로 스타일로 가정 장식에 적합합니다. 홈 오피스, 공부방, 거실, 침실 또는 주방에서 요리책을 쓸 수 있습니다.","색상: 화이트 사이즈: 15.2 x 18 x 21.1 cm. (15.5 x 18 x 21)cm 소재: 금속 긁힘을 최소화하고 미끄러짐을 방지합니다. 책 끝 장식은 항상 잡지, 책, 카탈로그 및 바인더를 책장에 깔끔하게 보관할 수 있습니다. 패키지 구성: 북엔드 1쌍(사진에 보이는 소품책은 포함되지 않음)","['책', '방지', '북엔드', '책장', '장식', '북', '방', '패딩']"
사무용품,북엔드 및 책꽂이,북엔드,,B09HC1G88M,American Blue Line USA 경찰 별 깃발 패턴 나무 북엔드 장식용 북엔드 미끄럼 방지 사무실 책 스탠드 책 사무실 파일 매거진,Hon-Lally,27644,27644,4.4,7.0,"책 끝의 크기는 3 x 5 인치입니다. 천연 대나무와 금속 베이스로 구성되어 있으며, 강력한 지지 용량으로 쉽게 버릴 수 없으므로 다양한 모양과 크기의 북엔드에 적합합니다. 안정적이고 튼튼하여 내구성이 뛰어나 학생, 사무실 근로자 등에 적합합니다. 북엔드의 가장자리는 사용 시 손이나 책이 긁히는 것을 방지하기 위해 광택 처리되어 있으므로 안심하고 사용할 수 있습니다. 우리의 책 끝에는 책, 잡지, CD, DVD, 비디오, 요리책 및 기타 물건을 수직으로 보관합니다. 필요한 것을 직관적으로 찾고 방을 더 깔끔하게 유지할 수 있습니다. 현대적인 북엔드의 슬림한 디자인은 필기 책상이나 책장에 많은 공간을 차지하지 않으며 책을 순서대로 유지할 수 있습니다. 또한 책상 위에 장식 역할을 합니다. 나무 책 스탠드는 가정, 주방, 학교, 사무실, 회사 및 도서관에 매우 이상적입니다. 또한 책상 위에 장식 역할을 합니다.","소재: 목재 + 강화 강철. 사이즈: 7.5 cm x 12.7 cm. 특징: 책 스탠드의 가장자리는 반타원형 디자인으로 매우 매끄러워집니다. 모든 모양과 크기의 책을 다루고 집, 학교, 기숙사, 사무실을 멋지게 장식하십시오! 책, 잡지, 파일, 문서, 사진 앨범을 정리하고 책상을 깔끔하고 정돈된 상태로 유지하여 하루 종일 좋은 기분을 느낄 수 있습니다. 패키지 구성: 나무 북엔드 2개.","['책', '북엔드', '사무실', '장식', '책상', '구성', '스탠드', '유지', '나무', '가장자리']"
사무용품,북엔드 및 책꽂이,북엔드,,B07GN66JFT,"나무 북엔드 북 홀더, 사무실 미끄럼 방지 데스크탑 책상 엔드 스탠드 오거나이저 보관 책장 책장 장식 디스플레이 지지대 - 1쌍",ITODA,15221,15221,4.5,2.0,"클래식 선반: 나무로 만든 수직 선반, 크기: 9.5*10.5*13 cm / 3.7*4.1*5.1 inch 사무실 문서를 넣거나 책, 노트북, 요리책, 바인더, 폴더, 레터 파일, 인사말 카드, 잡지, 매뉴얼, 디렉토리, 카탈로그 및 기타 물건을 보관하기에 적합합니다 이 책장은 사무실, 공부, 거실 또는 침실, 책상, 테이블, 조리대, 집, 학교, 호텔, 홀 테이블 또는 소파 옆에 잡지 선반으로 사용하기에 완벽한 크기입니다 목재 보관 긁힘 및 깨짐 방지, 쉽게 손상되거나 갈라지지 않습니다. 선반 모서리는 매끄럽고 매끄러워 절단을 방지하고 자연스럽고 좋은 장식 기능을 제공합니다 심플한 디자인: 좋아하는 책을 전시하기에 이상적입니다. 독자나 학생은 탁상이나 선반 상단에서 책을 쉽게 보고 선택할 수 있습니다","특징: 이 멋진 정리함은 보기 흉한 어수선함을 줄이기 위한 환영받는 추가 아이템이 될 것입니다. 자녀, 학생 및 친구에게 좋은 선물입니다. 튼튼한 선반 디자인으로 교과서, 바인더, 노트북, 책을 보관할 수 있습니다. 이 북엔드의 독특한 디자인은 독서 자료나 파일을 안전하게 보관합니다. 책을 분류하고 수직 칸을 사용하여 책상 공간을 보다 효율적으로 사용하여 정리할 수 있습니다. 다양한 사용 방법: 선반 가장자리를 밀어서 작은 선반을 만들거나 더 멀리 당겨 더 긴 공간을 만들거나 공간에 가장 잘 맞도록 선택한 길이로 함께 설치하여 공간을 최대한 활용할 수 있습니다. 목재 오거나이저를 사용하기 위해 조립이 필요 없이 빠르게 정리할 수 있습니다. 세탁 방법: 젖은 천으로 닦아내고 자연 건조만 하면 됩니다.","['선반', '책', '공간', '보관', '정리', '방지', '책상', '책장', '사무실', '디자인']"
사무용품,북엔드 및 책꽂이,북엔드,,B09HC18NSC,미국 아프리카 소녀 패턴 나무 북엔드 장식 북엔드 미끄럼 방지 사무실 책 스탠드 책 사무실 파일 잡지용,Hon-Lally,27630,27630,4.4,5.0,"책 끝의 크기는 7.6 x 12.7cm(3 x 5인치)입니다. 천연 대나무와 금속 베이스로 구성되어 강한 베어링 용량, 쉽게 버리지 않아 다양한 모양과 크기의 북엔드에 적합합니다. 오래 사용할 수 있도록 안정적이고 견고하며 학생, 사무실 근로자 등에 적합합니다. 북엔드의 가장자리는 사용할 때 손이나 책이 긁히지 않도록 광택 처리되어 안심하고 사용할 수 있습니다. 당사의 책 끝은 책, 잡지, CD, DVD, 비디오, 요리책 및 기타 물건을 수직으로 보관합니다. 필요한 것을 직관적으로 찾고 방을 더 깔끔하게 유지할 수 있습니다. 현대적인 북엔드의 슬림한 디자인은 필기 책상이나 책장에 많은 공간을 차지하지 않으며 책을 순서대로 유지할 수 있습니다. 또한 책상에서 장식적인 역할을 합니다. 나무 책 스탠드는 가정, 주방, 학교, 사무실, 회사 및 도서관에 매우 이상적입니다. 또한 책상에서 장식적인 역할을 합니다.","소재: 목재 + 강화 강철. 사이즈: 7.5 x 12.7cm(3 x 5인치) 특징: 북 스탠드의 가장자리는 반타원형이며 극도의 매끄러움으로 연마되었습니다. 모든 모양과 크기의 책을 다루며 집, 학교, 기숙사, 사무실을 멋지게 장식합니다! 책, 잡지, 파일, 문서, 사진 앨범을 정리하고 책상을 깔끔하고 정돈된 상태로 유지하는 데 사용되므로 하루 종일 좋은 기분을 느낄 수 있습니다. 패키지 구성: 나무 북엔드 2개.","['책', '북엔드', '사무실', '책상', '장식', '스탠드', '유지', '나무', '역할', '잡지']"
사무용품,북엔드 및 책꽂이,북엔드,,B0D6N76XM4,소박한 데이지 나무 북엔드 장식 섀비 해바라기 책 끝 선반용 무거운 책 홀더 정리함 미끄럼 방지 책상 책 엔드 어린이 방 사무실 학교 주방 홈 데스크탑 장식 1쌍,HOYYU,29071,29071,,,"소재: 러스틱 우드 북엔드 지지대는 튼튼하고 견고한 금속 바닥이 있는 고품질 너도밤나무로 만들어졌으며 미끄럼 방지 폼 패드는 책 끝이 미끄러지는 것을 방지하고 책 스탠드를 움직일 때 데스크탑을 긁힘으로부터 보호합니다. 선반용 팜하우스 보드 북 엔드: 책 정리함은 대부분의 노트북, 다이어리, 설명서, 책, 주방 요리책, 플래너 등에 적합합니다. 선반, 도서관, 튼튼한 책, 사무실, 학교, 주방, 가정용 북엔드 데이지 북 엔드 장식: 사무실, 가정, 학교, 공부, 책장, 교실, 도서관 등을 위한 북엔드. 이 나무 북엔드는 당신의 취향을 과시하고 다른 사람들의 부러움을 끌 것입니다! 최고의 선물: 책, 영화, DVD, 문서, 비디오 게임을 정리하기 위해 책을 읽는 것을 좋아하는 사람에게 훌륭한 선물입니다. 북엔드 데스크탑 오거나이저 사이즈: 북엔드 2개 세트, 16.7X 10.2 X 10.2cm(6.7 x 4.2 x 4인치), 내구성이 뛰어나고 안전하며 세척 및 재사용이 쉽습니다. 하단의 ""L""로 책을 쉽게 밀어 넣을 수 있습니다.","저희 북 엔드에는 여러분을 위한 특별한 테마 패턴이 많이 있으며 공부, 사무실, 집, 더 고급스럽고 매력적으로 만들 수 있습니다!","['책', '북엔드', '사무실', '북', '선반', '정리', '장식', '방지', '학교', '데스크탑']"
사무용품,북엔드 및 책꽂이,북엔드,,B07NFYVXPF,"개와 고양이 북엔드, 메탈 블랙 데스크탑 책 오거나이저, 책 애호가를 위한 선물, 여성을 위한 선물, 한 쌍",MsFun,41536,41536,4.5,134.0,"견고함: 두꺼운 금속 시트 1.5mm로 제작되어 모든 책, 비디오 게임, 기록, 자석 등을 벽에 정리할 수 있습니다. 선물: 독자, 책 애호가, 아이들을 위한 훌륭한 선물. 여성을 위한 강아지 엄마 선물, 여성을 위한 강아지 애호가 선물, 여성을 위한 고양이 선물, 크리스마스를 위한 반려동물 기념 선물. 잘 만들어진 제품: 가장자리는 부드러운 공정으로 잘 만들어진 귀여운 어린이 방을 위한 장식입니다. 훌륭한 홈 도그 테마 장식.","책을 보관할 수 있는 책 끝, 튼튼한 벽 장식 거실 북엔드, 아동용 책 스토퍼, 금속 북엔드, 고양이 북엔드, 튼튼한 북엔드, 어린이 방 드래곤 북엔드 책 오거나이저","['책', '선물', '북엔드', '여성', '애호가', '장식', '고양이', '훌륭하다', '방', '벽']"
사무용품,북엔드 및 책꽂이,북엔드,,B09HC2QQ5Y,아프리카 아프리카 계 미국인 여성 패턴 나무 북엔드 장식용 북엔드 미끄럼 방지 사무실 책 스탠드 책 사무실 파일 매거진,Hon-Lally,27644,27644,4.1,12.0,"책 끝의 크기는 3 x 5 인치입니다. 천연 대나무와 금속 베이스로 구성되어 있으며, 강력한 지지 용량으로 쉽게 버릴 수 없으므로 다양한 모양과 크기의 북엔드에 적합합니다. 안정적이고 튼튼하여 내구성이 뛰어나 학생, 사무실 근로자 등에 적합합니다. 북엔드의 가장자리는 사용 시 손이나 책이 긁히는 것을 방지하기 위해 광택 처리되어 있으므로 안심하고 사용할 수 있습니다. 우리의 책 끝에는 책, 잡지, CD, DVD, 비디오, 요리책 및 기타 물건을 수직으로 보관합니다. 필요한 것을 직관적으로 찾고 방을 더 깔끔하게 유지할 수 있습니다. 현대적인 북엔드의 슬림한 디자인은 필기 책상이나 책장에 많은 공간을 차지하지 않으며 책을 순서대로 유지할 수 있습니다. 또한 책상 위에 장식 역할을 합니다. 나무 책 스탠드는 가정, 주방, 학교, 사무실, 회사 및 도서관에 매우 이상적입니다. 또한 책상 위에 장식 역할을 합니다.","소재: 목재 + 강화 강철. 사이즈: 7.5 cm x 12.7 cm. 특징: 책 스탠드의 가장자리는 반타원형 디자인으로 매우 매끄러워집니다. 모든 모양과 크기의 책을 다루고 집, 학교, 기숙사, 사무실을 멋지게 장식하십시오! 책, 잡지, 파일, 문서, 사진 앨범을 정리하고 책상을 깔끔하고 정돈된 상태로 유지하여 하루 종일 좋은 기분을 느낄 수 있습니다. 패키지 구성: 나무 북엔드 2개.","['책', '북엔드', '사무실', '책상', '장식', '스탠드', '유지', '구성', '나무', '방지']"
사무용품,북엔드 및 책꽂이,북엔드,,B0CKQWHQXH,"아동용 북엔드 4개, 남아용 금속 북엔드, 선반 어린이를 위한 튼튼한 북엔드, Mucosour 화이트 블랙 캣 미적 북 엔드 (2쌍/4개)",Mucosour,16606,16606,5.0,7.0,"미니멀리즘 & 미적 디자인: 이 화이트 & 블랙 미니멀리스트 북엔드는 깊이 10.4cm x 너비 13.4cm x 높이 19.9cm(4.1인치 x 5.4인치 x 7.7인치)입니다. 고양이 패턴을 통합하여 책에 아름다움과 따뜻함을 더합니다. 강력하고 내구성이 뛰어나며 안정적인 지지력: 업그레이드된 튼튼한 북엔드는 고품질 스테인리스 스틸 소재로 만들어졌으며 한 쌍의 무게는 약 1.1파운드입니다! 시중의 다른 북엔드와 비교했을 때 훨씬 더 강력한 무게 지지 용량으로 모든 종류의 책, CD 및 기타 품목을 쉽게 정리할 수 있습니다. 뒤틀림에 대해 걱정할 필요가 없습니다. 미끄럼 방지, 오거나이저: 선반용 북엔드는 바닥에 4개의 단단한 미끄럼 방지 패드가 있어 안정성을 높이고 책상과 선반의 접촉 표면을 긁힘으로부터 보호합니다. 책상, 책장에 쉽게 놓을 수 있으며 공간에 독특한 매력을 더할 수 있습니다. 다양한 장면 적용: 어린이 방, 책장, 책상 및 기타 다양한 장면에 적합합니다. 고양이 요소는 책 정리함일 뿐만 아니라 사랑스러운 장식용 책 스탠드이기도 합니다. 최고의 선물 선택: 이 L자형 북엔드는 실용적이고 아름다우며 아이들을 위한 완벽한 선물입니다. 질문이 있으시면 언제든지 저희에게 연락하십시오. Mucosour 는 문제를 해결하기 위해 최선을 다하고 있습니다!",,"['북', '북엔드', '책', '책상', '선반', '강력하다', '블랙', '화이트', '방지', '아름답다']"
사무용품,북엔드 및 책꽂이,북엔드,,B01AZ5SHPE,Winterworm 귀엽고 생생한 러블리 페르시안 고양이 미끄럼 방지 두꺼운 철 금속 북엔드 책 오거나이저 도서관 학교 사무실 홈 스터디 데스크 오거나이저 (레드),Winterworm,23531,23531,4.8,744.0,"귀엽고 생생한 페르시아 고양이 북엔드 선택할 수 있는 4가지 색상: 블랙, 그린, 레드, 화이트. 책/CD/DVD/비디오 게임을 깔끔하게 유지할 뿐만 아니라 집을 멋지게 장식합니다. 바닥에 4개의 블랙 패드가 있어 미끄러짐을 방지하고 긁힘을 최소화할 수 있습니다. 책 애호가와 아이들이 책에 대한 관심을 가질 수 있는 훌륭한 선물이 될 것입니다.",,"['책', '생생하다', '방지', '오거나이저', '레드', '블랙', '북엔드', '귀엽다', '고양이']"
사무용품,북엔드 및 책꽂이,북엔드,,B0CQ4S5CP5,"귀여운 비글 강아지 나무 책 끝 장식 나무 북엔드 선반용 어린이 방 책상 홈 오피스 북 스토퍼 잡지, 책, DVD용, 1쌍/2개(12.7 x 7.9cm(5 x 3.1인치))",Famame,26301,26301,,,"프리미엄 소재 - 북 스토퍼는 목재로 만들어져 각 제품은 뒷면에 독특한 천연 나뭇결이 있으며 하단에는 무겁고 튼튼한 금속이 있습니다. 두꺼운 디자인, 둥근 모서리 디자인은 손을 다치지 않습니다. 북엔드 사이즈 - 1쌍 팩(2개) 포함. 12.7x7.9cm(5x3.1인치), 금속 베이스 프레임 사이즈- 9.4x5.1cm(3.7x2작고 정교하며 너무 많은 공간을 차지하지 않고 자유롭게 조절할 수 있으며 책을 깔끔하고 똑바로 세울 수 있을 만큼 튼튼하여 어린이 방 책상에 적합합니다. 견고한 북엔드 지지대 - ""L"" 모양 디자인, 강한 베어링 용량, 쉽게 떨어지지 않습니다. 책을 똑바로 세우고 깔끔하게 정리하고 효율적으로 보관하세요. 주황색 공간 - 북엔드는 책장이나 책상을 위한 귀중한 공간을 절약했습니다. 침실, 거실에서 책, 잡지, 영화, DVD, 비닐 레코드, 비디오 게임 및 세우고 싶은 모든 것을 정리할 수 있습니다. 이 나무 책 스토퍼는 공부와 사무실을 장식할 수 있습니다. 훌륭한 선물로 만드세요. 독특한 디자인 - 트렌디한 빈티지 패턴 나무 책 스탠드는 가정, 주방, 학교, 사무실 및 도서관에 매우 이상적입니다. 책을 순서대로 보관함과 동시에 데스크톱의 장식적인 역할도 합니다.","안정적인 지지력. 12.7 x 7.6cm(5 x 3인치). 과학적인 L자형 디자인, 견고한 금속 베이스가 안정적이고 내구성이 뛰어난 친환경 소재 나무 북엔드, 내구성이 뛰어나고 두껍고 둥근 디자인으로 손을 다치게 하지 않습니다. 금속 철제 베이스는 좋은 지지력을 제공하며 책을 똑바로 세워 유지합니다. 실용적인 책상 장식 트렌디한 패턴의 북엔드는 책을 수직으로 정리하고 균형을 잘 유지합니다. 가족 공부방, 거실, 침실, 도서관, 책장, 사무실, 심지어 부엌에서 책을 요리하는 데 매우 적합합니다. 제품 세부 정보 패키지 포함: 1쌍/나무 북엔드 2개. 사이즈: 12.7x7.9cm(5x3.1인치)","['책', '나무', '디자인', '북엔드', '장식', '북', '금속', '책상', '공간', '정리']"
사무용품,북엔드 및 책꽂이,북엔드,,B0CKVC5BDF,음악 노트 북엔드 Balck 메탈 북 엔드 북 홀더 사무실 학교 장식 책장 책 정리함 크리스마스 생일 졸업 교사 학습 선물 교사 학습 선물,Winterworm,16606,16606,3.0,1.0,"【소재 및 사이즈】뮤직 노트 북엔드는 금속 시트로 만들어져 견고하고 내구성이 뛰어나 책을 담을 수 있습니다. 사이즈: 16x10x9cm/6.3x3.9x3.5인치. 【창의적인 디자인】블랙 음악 노트 디자인, 심플하고 패셔너블하며 책 애호가와 음악 애호가를 위한 완벽한 선물입니다. 【미끄럼 방지 및 둥근 모서리 디자인】책 끝 하단에 4개의 미끄럼 방지 패드가 있으며 둥근 모서리는 긁힘을 최소화하고 미끄러짐을 방지합니다. 【다양한 용도】공부방을 장식하고 깨끗하고 질서 있게 유지하고 우아한 독서 환경을 조성합니다. 잡지, 책, 카탈로그, CD 및 바인더를 책장에 깔끔하게 보관합니다. 【모두를 위한 실용적인 선물】음악 테마 북 엔드는 생일 선물, 졸업 선물, 크리스마스 선물 등과 같은 모든 이벤트와 축제를 위한 어린이/청소년/교사/학생에게 독특한 선물입니다.","특징: 공부방을 장식하고 책을 수직으로 정리하고 방을 정돈된 상태로 만드세요. 잡지, 책, 카탈로그를 수직으로 정리할 수 있을 뿐만 아니라 DVD, 비디오 게임 또는 CD를 보관하기에 적합합니다. 독특한 디자인으로 책의 바다에서 특별한 여행을 제공합니다. 책을 수직으로 정리하고 제자리에 유지합니다. 책 애호가와 자녀, 선생님, 친구 또는 파트너를 위한 실용적인 선물. 모든 상황에 적합합니다. 사양: 소재: 금속 시트 사이즈: 16*10*9cm/6.3*3.9*3.5인치 색상: 블랙. 모양: 음표 패키지 구성: 북엔드 한 쌍. 참고: 사진에 보이는 책은 포함되어 있지 않습니다. 조명 효과, 모니터의 밝기/대비 설정 등으로 인해 사진의 색상과 실제 제품에 약간의 차이가 있을 수 있습니다.","['책', '선물', '북', '정리', '음악', '디자인', '수직', '교사', '장식', '노트']"
사무용품,북엔드 및 책꽂이,북엔드,,B0CJT8C4TZ,NUOBESTY 책 선반 하트 북엔드 스터디 북 엔드 공예 책 정리함 스터디 북 홀더 독서 책 엔드 장식 책 홀더 북엔드 책 스탠드 금속 하트 모양,NUOBESTY,18683,18822,,,"장식용 책 스탠드 -- 이 책장은 책, 문서, 잡지, CD 및 기타 물건을 정리하고 책장과 책상을 깔끔하게 유지하여 학습 효율성을 향상시킬 수 있습니다. 파일 북 오거나이저 -- 책 스탠드는 장식, 보관 및 정리에도 사용할 수 있으며 책장, 책상, 사무실, 공부 및 거실에 책을 놓을 수 있습니다. 정교한 책 홀더 -- 책과 문서를 보관할 수 있는 간단한 솔루션으로, 넘어지지 않고 깔끔하게 보관하고 책장의 아름다움을 보장합니다. 다기능 책 정리함 -- 책 정리함은 책을 밀어넣을 걱정 없이 깔끔하게 똑바로 세울 수 있을 만큼 튼튼하여 깔끔한 선반을 보장합니다. 데스크탑 북 끝 -- 책, 문서, 잡지 등을 방지합니다. 넘어질 때부터 깔끔하게 유지하고 책상과 책장을 잘 정리하는 데 도움이 됩니다.","패키지 포함 북엔드 1개. 특징 -소재: 금속 접이식 책 끝. -색상: 골든 크래프트 북 오거나이저 -사이즈: 15.50X10.00X15.50cm/6.09X3.93X6 데스크탑 파일 홀더. -북엔드는 집이나 사무실을 장식하기 위한 가정 장식 조각으로 사용할 수 있으며 외관은 플래너의 집 달 탭의 아름다움을 손상시키지 않습니다. -미니멀리스트 색상과 디자인으로 어떤 홈 데코에도 잘 어울리는 이 북엔드는 정교한 책 스탠드로 몇 년 동안 스타일리시할 것입니다. -금속 소재로 제작된 이 북엔드는 내구성이 뛰어나고 쉽게 손상되지 않으며 책이 파일 북 스탠드에서 떨어지는 것을 방지합니다. -책, 문서, 잡지 등을 방지합니다. 넘어질 때부터 깔끔하게 유지하고 책상과 책장을 잘 정리하는 데 도움이 됩니다. -책과 문서를 보관할 수 있는 간단한 솔루션으로, 넘어지지 않고 깔끔하게 보관하고 책장 장식용 책 스탠드의 아름다움을 보장합니다. 상품 설명 장식용 책 정리함을 찾고 계신다면 저희 제품이 당신을 위한 것이라고 믿습니다. 하트 모양의 북엔드. 집에서 장식으로 사용하거나 사무실에서도 사용하기에 적합합니다. 편리한 책 정리함으로 책을 효과적으로 정리할 수 있습니다. 데스크탑 북 오거나이저. 책장 중에서 선택할 수 있는 멋진 북엔드입니다. 책장과 책을 정리하세요","['책', '북', '정리', '책장', '깔끔하다', '장식', '스탠드', '문서', '북엔드', '책상']"
사무용품,북엔드 및 책꽂이,북엔드,,B0C3BZ8BK4,귀엽고 생생하고 사랑스러운 페르시아 고양이 미끄럼 방지 두꺼운 철 금속 북엔드 책 정리함 도서관 학교 사무실 가정 공부 책상 정리함 (블루),Winterworm,20761,20761,5.0,3.0,귀엽고 사랑스럽고 재미있는 페르시아 고양이 디자인 북엔드 캣북 엔드는 두꺼운 금속 시트로 만들어져 견고하고 내구성이 뛰어나며 장기간 사용할 수 있습니다 책/CD/DVD/비디오 게임을 깔끔하게 유지할 뿐만 아니라 집을 멋지게 꾸밀 수 있습니다 바닥에 4개의 블랙 패드가 있어 미끄러짐을 방지하고 긁힘을 최소화합니다 책 애호가와 아이들이 책에 대한 관심을 불러일으킬 수 있는 훌륭한 선물이 될 것입니다,"설명: 질서 정연한 책장을 볼 때마다 책을 읽고 싶은 욕구를 자극하고 깊은 학습을 하는 사람이 될 것입니다. 독특하고 생생한 페르시아 고양이 디자인으로 책의 바다에서 특별한 여행을 제공합니다. 책을 수직으로 정리하고 제자리에 유지하여 책이 쉽게 기울어지지 않습니다. 공부방을 장식하고 책을 정리하고 볼 수 있습니다. DVD, 비디오 게임 또는 CD를 보관하기에 적합합니다. 긁힘을 최소화하고 미끄러짐을 방지합니다. 잡지, 책, 카탈로그 및 바인더를 책장에 깔끔하게 보관하고 모든 것을 볼 수 있습니다. 패키지 구성: 귀여운 페르시아 고양이 북엔드 1쌍. 참고: 사진에 있는 책은 패키지에 포함되어 있지 않습니다.","['책', '고양이', '페르시아', '정리', '방지', '귀엽다', '북엔드', '힘', '보관', '디자인']"
사무용품,북엔드 및 책꽂이,북엔드,,B0CJJCS5DZ,"귀여운 유니콘 북엔드 아동용 금속 북 엔드, 유니콘 북 엔드, 남아 여아 북엔드, 사무실 학교 장식, 책장 책 정리함, 크리스마스 생일 교사 학습 선물 (블루)",Winterworm,19376,19376,,,"【소재 및 사이즈】유니콘 북엔드는 금속 시트로 만들어져 견고하고 내구성이 뛰어나 책을 담을 수 있습니다. 사이즈: 18x12x9cm/7.1x4.7x3.5인치. 【사랑스러운 유니콘 북엔드】밝은 색상의 책 오거나이저 북엔드가 있는 유니콘 패턴, 독특하고 귀여운 디자인으로 어린이, 청소년 또는 성인에게 적합합니다. 【미끄럼 방지 및 둥근 모서리 디자인】책 끝 하단에 4개의 미끄럼 방지 패드가 있으며 둥근 모서리는 긁힘을 최소화하고 미끄러짐을 방지합니다. 【다양한 용도】공부방을 장식하고 깨끗하고 질서 있게 유지하고 우아한 독서 환경을 조성합니다. 잡지, 책, 카탈로그, CD 및 바인더를 책장에 깔끔하게 보관합니다. 【모두를 위한 실용적인 선물】만화 유니콘 북 엔드는 생일 선물, 졸업 선물, 크리스마스 선물 등과 같은 모든 이벤트와 축제를 위한 어린이/청소년/교사/학생에게 독특한 선물입니다.","유니콘 북엔드 책을 세로로 정리하고 책을 질서 있게 볼 수 있습니다. 이 책 끝은 공부방, 거실, 학교, 도서관, 사무실, 책상, 책장 등을 장식하는 데 사용했습니다. 잡지, 책, 카탈로그를 수직으로 정리할 수 있을 뿐만 아니라 DVD, 비디오 게임 또는 CD를 보관하기에 적합합니다. 책 애호가와 자녀, 선생님, 친구 또는 파트너에게 실용적인 선물입니다. 생일 선물, 크리스마스 선물, 비즈니스 선물 등과 같은 모든 행사에 적합합니다. 사양: 소재: 금속 시트 사이즈: 18*12*9cm/7.1*4.7*3.5인치 색상: 핑크/블루 패키지 구성: 북엔드 한 쌍. 참고: 사진에 보이는 책은 포함되어 있지 않습니다. 조명 효과, 모니터의 밝기/대비 설정 등으로 인해 사진의 색상과 실제 제품에 약간의 차이가 있을 수 있습니다.","['책', '선물', '유니콘', '북엔드', '북', '생일', '책장', '크리스마스', '정리', '방지']"
사무용품,북엔드 및 책꽂이,북엔드,,B0CFYCBYDG,"Monster Truck 선반용 자동차 북엔드, 책 끝에서 잡을 수 있는 책 스토퍼, 사무실 가정용 16.7 x 12.9 x 9.9cm(6.7 x 4.7 x 3.9인치) (1쌍/2개, 라지)",SCORRO,34611,34611,,,"【견고함】T자형 디자인과 너도밤나무 소재는 북엔드의 안정성과 견고함을 향상시킵니다. 튼튼한 북엔드로 책, 잡지, 노트북 및 폴더를 쉽게 똑바로 세울 수 있습니다. 【전문가】 매우 매끄럽고 평평한 고품질 페인트 표면과 둥근 모서리로 선반이나 책에 긁힘이나 흠집이 생기지 않습니다. 【기능】 북엔드는 책을 정리하는 데 도움이 될 뿐만 아니라 가정과 사무실을 위한 훌륭한 장식이기도 합니다. 【사이즈】 패키지에는 나무 책 끝 2개가 포함되어 있으며, 책 홀더는 16.7 x 11.9 x 9.9cm(6.7 x 4.7 x 3.9인치)로 침실, 공부, 주방 및 기타 장소에서 다양한 유형의 책을 정리하는 데 적합합니다. 【애프터 세일】 귀여운 냉장고 자석을 받은 후 질문이 있으시면 아마존 이메일을 통해 문의하시면 24시간 이내에 답변드리겠습니다.","1. 모두가 깔끔한 방을 좋아합니다 - 편안하고 즐거운 독서 분위기를 좋아하지만, 그렇게 하려면 올바른 도구가 필요합니다. 2. 우리보다 더 잘 아는 사람은 없습니다. 책상과 책장을 정리할 수 있도록 신뢰할 수 있는 작은 가정부를 디자인했습니다. 3. 깔끔하고 찾는 것보다 읽고 생각하는 데 더 많은 시간이 걸립니다. 이것이 저희가 원하는 것입니다.","['책', '북엔드', '정리', '사무실', '깔끔하다', '가정', '견고하다', '선반', '디자인']"
사무용품,북엔드 및 책꽂이,북엔드,,B09HQGNLJD,텍사스 론 스타 주 깃발 패턴 나무 북엔드 장식 북엔드 미끄럼 방지 사무실 책 스탠드 책 사무실 파일 잡지용,Hon-Lally,27686,27686,5.0,3.0,"책 끝의 크기는 7.6 x 12.7cm(3 x 5인치)입니다. 천연 대나무와 금속 베이스로 구성되어 강한 베어링 용량, 쉽게 버리지 않아 다양한 모양과 크기의 북엔드에 적합합니다. 오래 사용할 수 있도록 안정적이고 견고하며 학생, 사무실 근로자 등에 적합합니다. 북엔드의 가장자리는 사용할 때 손이나 책이 긁히지 않도록 광택 처리되어 안심하고 사용할 수 있습니다. 당사의 책 끝은 책, 잡지, CD, DVD, 비디오, 요리책 및 기타 물건을 수직으로 보관합니다. 필요한 것을 직관적으로 찾고 방을 더 깔끔하게 유지할 수 있습니다. 현대적인 북엔드의 슬림한 디자인은 필기 책상이나 책장에 많은 공간을 차지하지 않으며 책을 순서대로 유지할 수 있습니다. 또한 책상에서 장식적인 역할을 합니다. 나무 책 스탠드는 가정, 주방, 학교, 사무실, 회사 및 도서관에 매우 이상적입니다. 또한 책상에서 장식적인 역할을 합니다.","소재: 목재 + 강화 강철. 사이즈: 7.5 x 12.7cm(3 x 5인치) 특징: 북 스탠드의 가장자리는 반타원형이며 극도의 매끄러움으로 연마되었습니다. 모든 모양과 크기의 책을 다루며 집, 학교, 기숙사, 사무실을 멋지게 장식합니다! 책, 잡지, 파일, 문서, 사진 앨범을 정리하고 책상을 깔끔하고 정돈된 상태로 유지하는 데 사용되므로 하루 종일 좋은 기분을 느낄 수 있습니다. 패키지 구성: 나무 북엔드 2개.","['책', '북엔드', '사무실', '책상', '장식', '스탠드', '유지', '나무', '파일', '깔끔하다']"
사무용품,접착제 및 풀,접착제,,B00027D5X0,"Scotch 퍼플 접착제 스틱, 7.9g(0.28온스), 2팩 (6108-2N)",Scotch,10276,10276,4.6,141.0,"보라색으로 변하고 투명하게 건조됩니다 강하고 빠르게 접착되며 지저분해지지 않습니다 종이 기반, 학교, 가정 및 사무실 프로젝트에 적합합니다 세탁 가능 무독성 무산성","Scotch 퍼플 글루 스틱은 강하고 빠르게 접착되며 지저분해지지 않습니다. 퍼플은 바르면 쉽게 볼 수 있지만 투명하게 건조됩니다. 종이, 원단 및 기타 경량 품목에 적합합니다. 비누와 물로 손과 가정 표면을 청소합니다. 대부분의 원단에서 깨끗하게 세탁됩니다. 무독성 및 산성 프리.","['퍼플', '가정', '세탁', '강하다', '건조', '빠르다', '투명하다', '지저분하다', '종이', '무독성']"
사무용품,접착제 및 풀,접착제,,B00161UNSG,"Tombow 52180 MONO 아쿠아 액체 접착제, 47.9g (1.6온스), 1팩 투명 건조 정밀하고 풀 커버리지 적용을 위한 듀얼 팁 디스펜서",Tombow,5526,5526,4.7,4191.0,메모리 북 및 종이 공예에 적합합니다 무산성 사진 안전 이중 팁 세탁 가능,"투명하고 깨끗하게 건조되는 다목적 영구 접착제. MONO 아쿠아 액체 접착제는 하나의 인체 공학적 디스펜서에 이중 어플리케이터가 있어 사용과 고정이 쉽습니다. 펜 팁으로 작은 부분에 접착제를 바르고 넓은 팁을 사용하여 넓은 커버리지를 제공합니다. 실리콘 고무로 만든 넓은 팁으로 다양한 표면에 부드럽게 바를 수 있습니다. 종이, 사진, 카드스톡, 판지에 사용할 수 있습니다. 빠르게 건조되는 비거품 접착제로 강한 접착력으로 시간이 지남에 따라 프로젝트를 유지할 수 있습니다. 중성 및 사진 안전. 47.9g(1.6온스).","['접착제', '건조', '사진', '넓다', '종이', '안전', '액체', '스펜서', '이중', '아쿠아']"
사무용품,접착제 및 풀,접착제,,B00T05RUEK,세척 가능한 액체 학교 접착제 [3개 세트] 사이즈: 3.2cm H x 6.4cm W x 14.6cm D,Elmer's,35095,10041,4.7,76.0,"무독성 및 세탁 가능: 접착제는 학교에서 안전하게 사용할 수 있도록 무독성이며 세탁이 가능하도록 특별히 제작되었습니다. 큰 용량: 충분한 사용을 위해 225.6 ml (8 액량 온스)의 접착제가 들어있는 3개 팩으로 제공됩니다. 내구성 및 유연성: 액체 접착제는 빠르게 건조되며 종이, 판지, 목재 등을 포함한 대부분의 표면에 강하게 부착됩니다. 편리한 보관: 병은 높이 3.2cm(1.25인치) x 너비 6.4cm(2.5인치) x 깊이 14.6cm(5.75인치)의 컴팩트한 크기로 쉽게 보관하고 휴대할 수 있습니다. 신뢰할 수 있는 브랜드: Elmer's가 제작한 품질과 신뢰성으로 유명한 학교 및 미술 용품 분야의 선두 브랜드입니다.",E304 사이즈: 높이 3.2cm x 너비 6.4cm x 깊이 14.6cm 특징: -접착제. -학교 프로젝트를 위한 완벽한 카운트는 크라발 및 가벼운 가정 수리를 계산합니다. -AP 씰 무독성 및 세탁 가능. -용량: 4 및 7.5 oz. 제품 유형: -액체 접착제. 크기: 사이즈 높이 3.8cm x 너비 7.6cm x 깊이 17.8cm - 전체 높이 - 위에서 아래: -3.8cm. 사이즈 높이 3.8cm(1.5인치) x 너비 7.6cm(3인치) x 깊이 17.8cm(7인치) - 전체 너비 - 옆면에서 옆면: 7.6cm(3인치). 사이즈 높이 3.8cm(1.5인치) x 너비 7.6cm(3인치) x 깊이 17.8cm(7인치) - 전체 깊이 - 앞에서 뒤: -7mm. 사이즈 높이 3.2cm(1.25인치) x 너비 6.4cm(2.5인치) x 깊이 14.6cm(5.75인치) - 전체 높이 - 위에서 아래: 3.2cm(1.25사이즈 높이 3.2cm(1.25인치) x 너비 6.4cm(2.5인치) x 깊이 14.6cm(5.75인치) - 전체 너비 - 옆면에서 옆면: 6.4cm(2.5사이즈 높이 3.2cm(1.25인치) x 너비 6.4cm(2.5인치) x 깊이 14.6cm(5.75인치) - 전체 깊이 - 앞에서 뒤: -5.75mm. 사이즈 높이 3.5cm x 너비 14.5cm x 깊이 6.6cm - 전체 높이 - 위에서 아래: -3.5cm(1.38인치). 사이즈 높이 3.5cm x 너비 14.5cm x 깊이 6.6cm - 전체 너비 - 옆면에서 옆면: -14.5cm(5.75인치). 사이즈 높이 3.5cm x 너비 14.5cm x 깊이 6.6cm - 전체 깊이 - 앞에서 뒤: -2.67mm.,"['깊이', '옆면', '접착제', '학교', '세탁', '무독성', '아래', '액체', '신뢰', '보관']"
사무용품,접착제 및 풀,접착제,,B00178MQ8S,Aleene's Tacky Bonding 접착제,Aleene's,5581,5581,4.3,1937.0,"Aleene's 오리지널 Tacky Glue Sticks는 흰색 점착성 접착제와 동일한 우수한 품질을 제공하지만 쉽게 미끄러질 수 있는 포뮬러로 제공됩니다! 가장 신뢰할 수 있는 다목적 접착제 중 하나인 Aleene's 오리지널 점착성 접착제 스틱은 거의 모든 표면에 사용할 수 있습니다. 지저분해지지 않는 포뮬러는 매우 강하고 영구적이며 투명하게 건조되어 공예, 취미, DIY 및 가정 수리에 적합합니다. 점착성 접착제 스틱 2개(0.28온스)가 특징입니다. 쉽게 미끄러지는 포뮬러 지저분해지지 않습니다 강력하고 영구적인 접착력 투명하게 건조됩니다","Aleene's 오리지널 Tacky Glue Sticks는 시중의 다른 접착제 스틱보다 강한 접착력을 제공합니다. 강력하고 영구적인 접착력과 지저분해지지 않는 이 접착제 스틱은 종이, 리본, 폼 등을 위한 완벽한 선택입니다. 어린이 친화적이며 학교 및 가정 프로젝트에 적합합니다. 중성 및 사진 안전.","['접착제', '스틱', '지저분하다', '영구', '뮬러', '점착', '접착', '가정', '투명하다', '건조']"
사무용품,접착제 및 풀,접착제,,B001E3TG48,"Scotch MMM600824S 영구 접착제 스틱 (24개 팩), 투명",Scotch Brand,25040,22146,4.7,498.0,"편리한 보관 트레이의 다용도 접착제 스틱은 가정 및 사무실 필수품입니다. 판지, 원단, 종이 및 사진을 접착합니다. 무산성. 깨끗하게 건조됩니다. 세탁 가능.","스카치 MMM600824S 영구 접착제 스틱 (24개 팩), 투명","['스틱', '접착제', '투명', '영구', '세탁', '건조', '깨끗하다', '다용', '무산', '보관']"
사무용품,접착제 및 풀,접착제,,B01NCP64T0,"Krazy Glue Elmer's 오리지널 크레이지 슈퍼 접착제 다목적 인스턴트 리페어, 3피스",Krazy Glue,8808,8808,4.7,5784.0,"Xoffice 용품 학교 및 미술 용품 Elmers는 목재, 고무, 유리, 세라믹 및 플라스틱에 적합합니다","Elmer's 제품은 접착제, 공예, 가정 수리 및 사무용품 제품 라인을 보유한 미국 기반 회사입니다. Krazy Glue, probond 접착제 및 x-acto 절단 도구를 포함한 다른 브랜드 외에도 인기 있는 PVA 기반 합성 접착제인 Elmer's Glue-all의 제조업체로 가장 잘 알려져 있습니다.","['접착제', '기반', '회사', '사무', '고무', '공예', '도구', '라인', '리페', '목재']"
사무용품,접착제 및 풀,접착제,,B0762R941V,"Elmer's E301 세척 가능한 학교 접착제, 35.4g(1.2온스), 액체",Elmer's,6412,5955,4.2,22.0,"1개로 판매됩니다. 판지, 천, 가죽, 종이 및 목재를 위한 강력하고 다재다능한 다목적 흰색 접착제. 학교 프로젝트에 이상적입니다. 깨끗하게 건조됩니다. 세탁 가능. 안전하고 무독성.","Elmer's E301 세척 가능한 학교 접착제, 35.4g(1.2온스), 액체","['접착제', '학교', '가능하다', '액체', '세척', '목적', '가죽', '강력하다', '건조', '깨끗하다']"
사무용품,접착제 및 풀,접착제,,B01796P5P2,Universal UNV76752 36.9g(1.3온스) 투명 접착제 스틱 적용 및 건조 (12/팩),Universal,18226,18226,5.0,2.0,"종이, 판지, 사진, 원단에 사용할 수 있도록 세척 및 중성 제품입니다. 접착제는 깨끗하고 주름이 생기지 않습니다. 학교에서 사용하기 좋습니다. 손과 옷을 쉽게 씻을 수 있습니다. 보관 자료에 이상적입니다.","Universal® 접착제 스틱은 세척 및 중성 접착제로 편리하고 사용하기 쉬운 스틱으로 제공됩니다. 종이, 판지, 사진 및 원단에 사용하기 좋습니다. 단단한 접착제는 깨끗하고 주름이 생기지 않아 보관 자료에 이상적입니다. 학교, 어린이집 및 공예 프로젝트에 사용하기 좋습니다. 액체 접착제보다 지저분하지 않으며 손과 옷을 쉽게 씻을 수 있습니다.","['접착제', '스틱', '학교', '자료', '깨끗하다', '보관', '사진', '세척', '손', '원단']"
사무용품,접착제 및 풀,접착제,,B007VBXC38,"Scotch 접착식 도트 롤러 밸류 팩, 0.78.7cm x 14.9m(0.31인치 x 45피트), 4팩, 가정, 사무실 및 학교 프로젝트에 적합 (6055BNS)",Scotch,40843,31356,4.6,1622.0,"편리한 밸류 팩에 4개의 어플리케이터 직장과 가정에서 대량 사용자에게 적합합니다 양면 접착제를 빠르고 쉽게 말릴 수 있습니다 깔끔하게 바를 수 있으며 건조 시간이 없고 주름이 생기지 않습니다 종이 기반 가정, 사무실 및 학교 프로젝트에 적합합니다 포스터 보드, 예술 및 공예 프로젝트, 사진 장착, 영수증 장착 등에 적합한 어플리케이터입니다!","Scotch 접착 도트 롤러 밸류 팩. 편리한 트레이에 4개의 어플리케이터가 있어 직장과 가정의 대량 사용자에게 적합합니다. 접착 도트 롤러는 양면 접착제를 빠르고 지저분하게 바를 수 있는 방법이며 리필이 가능합니다. 접착제는 쉽게 말릴 수 있으며 접착제나 접착제 스틱과 달리 건조 시간과 주름이 없습니다. 롤러는 깔끔한 절단과 안전한 고정을 위해 양면 접착제의 미세한 도트 패턴을 적용합니다. 깔끔하고 전문적인 결과물./Scotch Adhesive Dot Roller offers an innovative way to apply permanent adhesive. Neater than glue, the dot roller delivers clean, precise placement for straight or curved applications. Double-sided adhesive dots on a liner dispense easily and smoothly to the end of the roll. Hinged cover protects the tape. Adhesive dots are acid-free and safe for color photos. Ideal for making charts, presentations, and other home, office, and school projects. Refill cartridge makes it fast and easy to refill with no threading.","['접착제', '가정', '도트', '롤러', '어플', '깔끔하다', '케이', '접착', '양면', '프로젝트']"
사무용품,접착제 및 풀,접착제,,B001IZEZYS,"Avery Glue Stic 밸류 팩, 화이트, 세탁 가능, 무독성, 7.4g(0.25온스), 영구 접착제 스틱 18개 (98089)",AVERY,15331,15331,4.6,349.0,"접착제 스틱은 부드럽게 붙어 뭉치거나 주름을 최소화합니다 화이트 크래프트 접착제는 종이, 사진, 판지, 폼 보드, 원단, 유리 등을 포함한 다양한 표면에 적절하게 접착됩니다 지저분한 잔여물에 대해 걱정할 필요가 없습니다. 강한 접착 접착제로 손과 옷에서 쉽게 씻어낼 수 있습니다 어린이에게 안전합니다. 공예 접착제 스틱은 무독성, 중성, ACMI 인증을 받았으며 ASTM D 4236을 준수합니다 다목적 접착제 스틱은 학교 프로젝트, 예술 및 공예, 스크랩북 등에 적합합니다","Avery 접착제 스틱으로 필요한 모든 부분에 자신 있게 접착제를 바르세요. 캡을 들어 올리고 베이스를 비틀기만 하면 쉽게 부착할 수 있습니다. 흰색 접착제는 부드럽게 발라 뭉치거나 주름을 최소화하고 깨끗하게 건조됩니다. 다양한 재료에 단단히 접착되지만 손과 옷을 쉽게 씻을 수 있는 영구 접착제로 부드러운 터치로 강하게 고정할 수 있습니다. 이 영구 접착제 스틱은 세척할 수 있을 뿐만 아니라 중성 및 무독성으로 아이들을 위한 완벽한 접착제, 공예용 접착제 스틱 및 학교 접착제 스틱입니다. 캡이 길어 작은 손으로 쉽게 잡고 열 수 있습니다. 학교 프로젝트, 예술 및 공예, 3D 프린팅 또는 슬라임을 만들기 위한 슬라임 키트 등 Avery 글루 스틱은 다용도로 사용할 수 있으며 작업을 완료할 수 있습니다. 흰색 접착제는 종이, 사진, 판지, 폼 보드, 원단, 유리 등에 접착됩니다. 이 공예 접착제 스틱은 휴일 동안에도 좋습니다. 선물 포장지에 마지막 마무리 터치를 매끄럽게 넣거나 접착제 스틱을 한 번 문지르면 봉투를 맞춤형 인사말 카드에 밀봉할 수 있습니다. 모든 Avery 접착제 스틱은 무독성, 사진 안전, ACMI 인증을 받았으며 ASTM D 4236을 준수합니다. 제품에는 18개의 흰색 접착제 스틱이 함께 제공됩니다.","['접착제', '스틱', '공예', '무독성', '접착', '흰색', '손', '영구', '사진', '부드럽다']"
사무용품,접착제 및 풀,접착제,,B010116SSA,"Elmer's 다목적 접착제 스틱, 39.7g(1.4온스)",Elmer's,10373,10373,4.4,9.0,"종이, 판지, 폼 보드 등에 접착 사용하기 쉽고 비누와 물로 세척할 수 있습니다 빠르고 무색 건조 무독성, 중성, 사진 안전 가정과 사무실에 이상적인 접착제","Elmer's 다목적 접착제 스틱은 지저분함 없이 쉽게 접착할 수 있습니다. 접착제는 폼 보드, 컴퓨터 용지 및 판지를 포함한 다양한 종이 유형에 사용할 수 있습니다. 부드럽고 사용하기 쉬운 포뮬러는 오래 지속되는 강한 결합으로 빠르고 깨끗하며 무색 건조됩니다. 가정이나 사무실에서 사용하기에 이상적인 이 무독성 공예 접착제는 안전하고 세탁이 가능하므로 젖은 천으로 닦거나 비누와 물로 씻어 지저분하지 않은 예술 및 공예품을 만들 수 있습니다. 또한 중성이며 사진에 사용하기에 안전합니다.","['접착제', '폼', '스틱', '가정', '건조', '목적', '무독성', '무색', '물', '보드']"
사무용품,접착제 및 풀,접착제,,B009GIIKO0,"Aleene's 29682 다목적 터보 점착성 접착제, 113.4g(4온스)",Aleene's,5526,4528,4.7,1909.0,35분 안에 건조됩니다 다공성 및 반다공성 표면에 사용할 수 있습니다 영감과 기술 찾기,I Love to Create - Aleene의 Always Ready 터보 점착성 접착제. 작업을 빠르게 완료할 수 있는 튼튼한 접착제가 필요할 때 접착제를 사용할 수 있습니다. 이 접착제는 최대 50% 빠르게 건조되며 더 많은 레진이 있어 깨끗하고 유연한 우수한 접착력을 제공합니다. 무독성 흐르지 않는 포뮬러는 냄새가 적고 대부분의 공예 표면에 사용하기에 안전합니다. 혁신적인 캡으로 병을 항상 반전 상태로 보관할 수 있어 빠르고 쉬운 접착 흐름을 제공합니다. 이 패키지에는 터보 점착성 접착제 118.3ml(4온스) 1병이 포함되어 있습니다. ASTM d 4236 준수. 미국에서 제작.,"['접착제', '터보', '점착', '빠르다', '다공', '접착', '표면', '건조']"
사무용품,접착제 및 풀,접착제,,B000XAOSHS,"Tombow 62191 MONO 멀티 액체 접착제, 24.9g (0.8온스), 1팩 다목적 접착제, 듀얼 팁 디스펜서로 정밀하게 풀 커버리지 적용",Tombow,8296,8296,4.7,5890.0,메모리 북 및 종이 공예에 적합합니다 무산성 사진 안전 이중 팁 세탁 가능 영구 또는 재배치 가능한 액체 접착제-팁 2개 - 펜 팁과 넓은 팁 수입품,"Tombow는 오늘날 시장에서 가장 훌륭하고 혁신적인 이그제큐티브 펜, 사무실, 예술 및 공예 제품을 제공하는 데 열정을 쏟고 있습니다. Tombow MONO 다목적 액체 접착제는 하나의 인체 공학적 디스펜서에 이중 어플리케이터가 특징입니다. 펜 팁은 작은 영역이나 미세한 접착제 라인에 적합하며 넓은 팁은 넓은 영역에서 잘 작동합니다. 투명하고 깨끗하게 건조되는 강력하고 영구적인 결합과 끈적한 마감으로 건조되는 일시적인 탈착식 결합을 제공합니다. 이중 접착제로 사진, 인쇄 용지, 섬유, 버튼, 제품 라벨 모크업, 집에서 만든 스티커 메모 등에 이상적입니다. Tombow MONO 다목적 접착제는 중성 및 무독성입니다. 문서 준비부터 스크랩북, 미술 프로젝트에 이르기까지 어떤 프로젝트에서든 Tombow 제품은 타의 추종을 불허하는 품질과 디자인을 기대할 수 있습니다.","['접착제', '펜', '목적', '이중', '액체', '넓다', '결합', '스펜서', '사진', '프로젝트']"
사무용품,접착제 및 풀,접착제,,B0746QFFZM,"Scotch Scrapbookers 양방향 어플리케이터가 있는 접착제, 45.4g(1.6온스), (3팩)",Scotch,22146,22146,4.6,420.0,"정확하고 제어된 적용을 위한 두 가지 팁 PVC 프리 접착제 무독성, 사진 안전 스크랩북에 적합합니다 접착제 어플리케이터 45.4g(1.6온스) - 47ml, 3개 팩",Scotch 2방향 어플리케이터가 있는 Scrapbookers 접착제는 적절한 양의 접착제를 정확하게 분배합니다. 스폰지 팁으로 넓은 영역을 덮거나 정밀 팁으로 약간의 소량을 바르거나 어플리케이터가 있는 이 접착제는 전문적인 결과를 제공합니다. 접착제 어플리케이터 1.6온스 - 47ml,"['접착제', '어플', '케이', '정확하다', '방향']"
사무용품,접착제 및 풀,접착제,,B00006IFC8,"Saunders UHU 접착제 스틱, 40g(1.4온스), 블루 (99653)",Saunders,8310,8310,4.5,298.0,"한 번의 스트로크로 강하고 오래 지속되는 결합을 형성합니다 파란색으로 칠해져 덩어리 없이 깨끗하게 건조됩니다 특허받은 스레드 캡은 공기를 차단하여 건조함을 방지합니다 세탁 가능, 중성, 무독성 - ASTM D-4236 준수 종이, 판지 및 사진에 이상적입니다","문지르는 접착제는 한 번의 스트로크로 강하고 오래 지속되는 결합을 형성합니다. 접착제 스틱은 종이, 판지, 사진 또는 천에 덩어리 없이 부드럽게 부착됩니다. 립스틱 타입 어플리케이터는 사용을 위해 비틀어 넣고 접을 수 있어 지저분해지지 않습니다. 컬러 스틱은 정확하게 바를 수 있도록 보라색으로 변하며 깨끗하게 건조됩니다. 접착제는 무산성, 무취, 사진 안전 및 세탁이 가능합니다. 무독성 접착제는 ASTM D-4236을 준수합니다.","['접착제', '사진', '스틱', '형성', '무독성', '세탁', '판지', '번의', '종이', '준수']"
사무용품,접착제 및 풀,접착제,,B00005C8R6,"크레욜라 접착제 스틱 세트, 학교 용품, 2개, 각 0.32ml",Crayola,9681,9681,4.5,204.0,"크레욜라 글루 세트: 2개의 접착제 스틱이 특징이며, 각 0.822g (0.83온스). 학교 용품: 크레욜라 접착제 스틱은 파란색이며 건조한 투명으로 만들어져 학생들이 접착한 것을 볼 수 있으며 깨끗한 마지막 모습을 유지할 수 있습니다. 글루 스탠드: 각 접착제 스틱의 넓은 베이스는 학생들이 책상에 접착제를 세워 굴러가지 않도록 합니다. 안전하고 무독성: 3세 이상 어린이에게 이상적입니다.",CRAYOLA -이 세척 가능한 접착제 스틱은 파란색으로 바뀌고 건조하여 아이들이 접착된 것을 볼 수 있으며 깔끔한 최종 룩을 위해 균일하게 바를 수 있습니다. 분실과 끈적이는 지저분함을 방지하기 위해 바닥에 독특한 캡이 끼워 넓은 스탠드업 베이스를 만듭니다. 접착제 레벨 게이지는 남은 양을 보여줍니다. 세탁 가능한 안전한 무독성으로 종이 원단과 판지에 적합합니다. 5.7g(0.2온스) 스틱 2개 포함. 미국에서 제작./By,"['접착제', '스틱', '크레욜', '학생', '건조하다', '글루', '넓다', '무독성', '베이스', '학교']"
사무용품,접착제 및 풀,접착제,,B001681M5M,"Aleene's 매우 두꺼운 226.8g(8온스) 점착성 접착제, 236.6ml(8액량 온스), 화이트, 236.6ml(8액량 온스)",Aleene's,9999,9999,4.6,188.0,열과 추위를 견딜 수 있으며 부드러워지거나 갈라지지 않습니다 무독성 포뮬러 226.8g(8온스) 스퀴즈 병으로 제공됩니다 ilovetocreate에서 영감과 기술을 찾아보세요,많은 공예품과 디자인을 만들 때 Aleene의 매우 두꺼운 점착성 접착제의 다양성을 감상할 수 있습니다. 이 수성 포뮬러는 빠르게 흡수되고 건조되며 다양한 표면에서 작동합니다. 특히 아이들을 위한 뜨거운 접착제의 훌륭한 대안입니다. 빠르게 잡을 수 있고 빠르게 고정됩니다. 프로젝트를 위한 강력한 조합입니다. 흐르지 않고 깨끗하게 건조됩니다,"['접착제', '빠르다', '건조', '점착', '두껍다', '뮬러', '흡수', '무독성', '강력하다', '고정']"
사무용품,접착제 및 풀,접착제,,B001PMJYAO,"UHU Stic 영구 투명 접착 접착제 스틱, 8.2g(0.3온스), 팩당 스틱 12개(99450)",UHU,20068,20068,4.6,2401.0,무산성으로 사진에 이상적입니다. 깨끗하게 건조되고 주름이 생기지 않으며 세탁이 가능합니다. 원 스트로크 품질. 특허받은 캡 디자인으로 건조를 방지합니다. 접착제 스틱 12개 팩,"한 번의 스트로크로 강하고 오래 지속되는 결합을 형성합니다. 깔끔하고 깔끔한 사진 앨범과 스크랩북을 빠르고 쉽게 만들 수 있습니다. 중성 및 사진 안전. 종이, 판지 및 사진에 이상적입니다. 깨끗하게 건조됩니다. 세탁 가능. 무독성 - ASTM D-4236을 준수합니다. 접착 유형: 스틱; 글로벌 제품 유형: 접착제/접착제 스틱; 건조 색상: 투명; 적용 시 색상: 투명.","['스틱', '건조', '접착제', '사진', '투명', '깔끔하다', '깨끗하다', '세탁', '접착']"
사무용품,접착제 및 풀,접착제,,B00006IFC9,"UHU 투명 접착제 스틱 (SAU99655), 화이트",UHU,10138,10138,4.2,119.0,원산지: 미국 제품의 패키지 높이는 2.5cm(1인치)입니다 제품의 패키지 길이는 2.5cm(1인치)입니다 제품의 패키지 너비는 2.5cm(1인치)입니다,Saunders 투명 접착제 스틱 - 40g - 1개 - 투명,"['패키지', '투명', '접착제', '스틱', '화이트', '미국']"
사무용품,접착제 및 풀,접착제,,B09NL3TMK1,"ARTEZA 다목적 공예 접착제, 4팩, 공예용 빠른 건조 투명 접착제, 목재, 원단, 플라스틱, 유리, 금속, 세라믹, 주얼리, 모델, 종이, 패브릭 퓨전 및 바느질 없는 프로젝트에 이상적",ARTEZA,13988,12880,4.3,79.0,"우수한 접착 결합: 다목적 접착제로 다른 브랜드와 달리 강력하고 빠른 결합을 경험하십시오. 공예용 투명 접착제로 설계된 이 제품은 내구성이 뛰어나고 영구적인 결합을 보장하여 탁월한 목재 접착제, 패브릭 접착제 영구 및 플라스틱 접착제입니다. 다양한 소재와 호환 가능: 당사의 다용도 접착제는 단순한 종이 접착제나 세라믹 접착제가 아닙니다. 목재, 금속, 유리, 판지, 종이, 세라믹 등에 부착되도록 제조되어 스크랩북, 카드 제작 및 모델 제작을 위한 공예 접착제로 빠르게 건조되는 투명 솔루션으로 기능합니다. 세탁 가능 및 무독성: 안전을 최우선으로 생각합니다. 당사의 다목적 공예 접착제는 완전히 무독성이며 유해한 화학 물질이 없습니다. 안전하고 효과적인 원단 융합 접착제, 모델 접착제 또는 주얼리 접착제로 자신 있게 사용할 수 있습니다. ARTEZA 아티스트가 제작: Arteza는 영감을 주는 제품을 만드는 데 열정을 쏟고 있습니다. 우리에게 예술은 인간 경험의 표현이며 모든 사람이 미술 용품을 이용할 수 있도록 노력합니다. 고객 관리 약속: 저희는 여러분의 공예 경험을 중요하게 생각합니다. 저희 제품이 고객의 기대에 미치지 못하는 경우, 당사는 이를 올바르게 만들기 위해 최선을 다하고 있습니다. 제품에 문제가 있는 경우 저희에게 연락해 주시면 만족을 보장해 드리겠습니다.",,"['접착제', '공예', '세라믹', '목재', '목적', '제작', '투명', '경험', '결합', '빠르다']"
사무용품,접착제 및 풀,접착제,,B00135M3OC,"Tombow - 모노 멀티 액체 접착제, 0.88 온스, 액체",Tombow,9057,9057,4.4,516.0,접착제_타입 - 액체 색상_건조 - 투명 Color_On_Application - 투명 세탁 가능 - 가능 용량_볼륨 - 0.88 oz,"Twin tip liquid glue for versatile application and purpose. Strong permanent bond dries clear, but has a white color when wet so you can see the application easily. Wide tip for large area and pen tip for precision application. Ideal for paper, cardboard and more. Great for office, school, home, craft and more. Acid free, photo safe and washable.","['액체', '투명', '접착제', '타입', '세탁', '볼륨', '모노', '멀티', '건조']"
사무용품,접착제 및 풀,접착제,,B0767PZDL1,"Art Glitter Glue Designer Dries 투명 접착제 113.4g(4온스), 초미세 금속 팁, 표준",QIUB,17547,17547,4.8,3269.0,"산업용 강도 디자이너 접착제 - 118.3ml(4온스) 병 공예가, 스탬퍼 및 스크랩북커에게 적합합니다! 종이 아트, 아세테이트 투명도, 접착 비닐, 아크릴, 가죽, 플레더, 스웨이드, 세라믹, 깃털 퀼, 목재, 금속, 폴리머 클레이, 수축 플라스틱, 인공 및 말린 꽃, 유리, 비즈, 바위, 껍질, 세탁 불가능한 섬유, 잎, 콘크리트 및 대부분의 표면과 같은 다양한 표면에 부착됩니다 초미세 금속 팁! 수성 접착제 - 40도 미만의 날씨에 배송되면 제품이 손상될 수 있습니다",Art Glitter Glue Designer Dries 투명 접착제 113.4g(4온스) 초미세 금속 팁 포함,"['금속', '접착제', '미세', '투명', '표면', '플라스틱', '산업', '비즈', '비닐', '불가능하다']"
사무용품,접착제 및 풀,접착제,,B00290JBPO,"Prang 세척 가능한 접착제 스틱, 투명, 36g(1.3온스), 1개입",Prang,7797,7797,4.2,174.0,"교실에 적합: 끈적하고 지저분한 접착제 용기와 작별 인사를 하세요! 접착제 스틱은 깔끔한 트위스트 업 용기에 담겨 제공되어 쉽게 사용할 수 있습니다. 세탁 가능: 손과 대부분의 옷을 쉽게 씻을 수 있어 교실과 거실에서도 번거롭지 않습니다. 다양한 용도: 종이, 사진 및 원단에 사용하기에 적합합니다. 주름 없이 건조되어 프로젝트에 깨끗하고 전문적인 느낌을 줍니다. 어린이에게 안전함: AP 인증 무독성. 만 3세 이상 어린이에게 안전합니다. 세척 및 무취. 신뢰할 수 있는 브랜드: Prang AP 인증 무독성 세척 가능한 접착제 스틱으로 사랑하는 사람들이 안전하게 즐겁게 놀 수 있어 재미있고 쉬운 경험을 할 수 있습니다. Prang 제품은 Ticonderoga, Dixon, Pacon, Tru-Ray, UCreate, Fadeless, Classroom Keepers, Bordette, Creativity Street, Spectra, Strathmore, Canson, Daler-Rowney, Lyra, Das, Maimeri, Princeton Artist Brush 등을 포함하는 Dixon Ticonderoga 제품군의 일부입니다.","1882년부터 Prang Art & Craft 솔루션은 소중한 창의적인 고객의 열정을 불러 일으키기 위해 타협하지 않는 품질을 유지해 왔습니다. 끈적거리고 지저분한 접착제 용기와 작별 인사를 하세요! 접착제 스틱은 깔끔한 트위스트 업 용기에 담겨 제공되어 쉽게 사용할 수 있습니다. 공예 프로젝트, 사진 앨범, 패브릭 견본 등과 잘 어울립니다. 갈라지거나 벗겨지지 않습니다. 안전하고 세척 가능하며 냄새가 없습니다. AP 인증 무독성.","['접착제', '세척', '스틱', '안전하다', '용기', '가능하다', '인증', '무독성', '교실', '깔끔하다']"
사무용품,접착제 및 풀,접착제,,B01NCQAFGD,"Elmer's 사라지는 보라색 액체 학교 접착제, 141.7g(5온스), 1개입",Elmer's,11481,11481,4.4,156.0,"사라지는 보라색 포뮬러는 아이들이 접착제가 어디에 있는지 정확하게 볼 수 있도록 도와줍니다 깨끗하게 건조되고 부드럽게 바르면 지저분해지지 않습니다 최고의 교사 브랜드인 어린 학습자에게 이상적이며, 포스터 프레젠테이션, 공예 등에 적합합니다 안전하고 무독성 포뮬러로 교실과 가정에 적합합니다 141.7g(5온스) 액체 학교 접착제 1병 포함","보라색으로 발리며 깨끗하게 건조됩니다. elmer의 사라지는 보라색 액체 접착제는 아이들이 어디에 붙어있는지 정확하게 볼 수 있도록 도와주며, 깨끗하게 건조되어 매번 완벽한 프로젝트를 할 수 있습니다! 액상 학교 접착제는 부드럽게 부착되며 다양한 아티스트 공예 재료에 적합합니다. 이 Elmer's 접착제는 세척이 가능하여 쉽게 세척할 수 있습니다. 안전한 무독성 포뮬러를 추가하면 교실, 가정 및 청소년에게 이상적인 접착제인 Elmer's의 1위 교사 브랜드의 일부인 이유를 알 수 있습니다.","['접착제', '보라색', '액체', '건조', '깨끗하다', '뮬러', '학교', '정확하다', '가정', '안전하다']"
사무용품,접착제 및 풀,접착제,,B0783RQ17M,"Elmer's 액체 PVA 접착제, 세탁 가능, 화이트, 118ml - 슬라임 제작에 적합",Elmer's,11066,8988,4.6,123.0,"무지개 색상으로 맞춤 설정할 수 있는 접착제 슬라임을 만드세요 어린이 친화적이고 세탁이 가능합니다(3세 미만 어린이에게는 적합하지 않음) 깔끔한 결과와 이상적인 공예를 위해 흐르지 않습니다 부드러운 포뮬러로 더 나은 슬라임 베이스를 만듭니다 PVA 접착제는 종이, 천 및 모든 종류의 공예 프로젝트에 이상적입니다","슬라임을 만들고 싶으신가요? Elmer's 세척 가능한 PVA 접착제로 시작하세요. 부드러운 흰색 접착제 포뮬러는 색상을 맞춤 설정할 수 있는 슬라임 베이스를 만듭니다. Elmer's 접착제 슬라임 레시피를 따르기만 하면 됩니다. 아이들을 위해 특별히 제작되었고 세척 및 흐르지 않는 포뮬러가 특징인 Elmer's 크래프트 접착제는 수업 작업, 예술 및 DIY 프로젝트를 위한 확실한 선택입니다. 종이, 천 및 기타 모든 종류의 공예 아이디어에 물건을 부착하는 데에도 이상적입니다. Elmer's 액체 접착제를 사용하여 다채로운 오리지널 슬라임을 만들고 다양한 프로젝트에 사용할 수 있습니다. *만 3세 미만의 어린이는 사용할 수 없습니다.","['접착제', '슬라임', '어린이', '프로젝트', '공예', '뮬러', '맞춤', '베이스', '부드럽다']"
사무용품,접착제 및 풀,접착제,,B005V5MY9O,UHU 99648 UHU Stic 영구 투명 접착 접착제 스틱 0.82g(0.03온스),UHU,5761,5761,3.8,36.0,각 1개씩 판매됩니다. 무산성으로 사진에 이상적입니다. 깨끗하고 주름이 생기지 않습니다. 원 스트로크 품질. 특허받은 캡 디자인으로 건조를 방지합니다. 세탁 가능.,"한 번의 스트로크로 강하고 오래 지속되는 결합을 형성합니다. 덩어리 없이 부드럽게 발립니다. 깔끔하고 깔끔한 사진 앨범과 스크랩북을 빠르고 쉽게 만들 수 있습니다. 중성 및 사진 안전. 종이, 판지 및 사진에 이상적입니다. 깨끗하게 건조됩니다. 세탁 가능. 특허받은 캡은 공기를 차단하여 건조를 방지합니다.","['사진', '건조', '깔끔하다', '방지', '세탁', '깨끗하다', '캡', '특허', '결합', '공기']"
사무용품,접착제 및 풀,접착제,,B003O3J2B8,"Uhu 컬러 접착제 스틱, 40g(1.5온스) 블루, 블루 문지름 및 건조 투명, 세탁 가능, 용제 없음, 스크류 온 캡, 12개 팩, 9U 99653",UHU,60233,60233,4.4,284.0,"한 번의 스트로크로 강력하고 오래 지속되는 결합을 형성합니다 파란색으로 쉽게 바를 수 있습니다 - 파란색으로 발리며 깨끗하게 건조됩니다 특허받은 스크류 캡은 공기를 차단하고 건조를 방지합니다 파란색 접착제 스틱 12개 트레이 세탁 가능, 중성 및 무독성","UHU는 가정, 사무실 및 학교에서 사용할 수 있는 종이, 판지, 사진 및 스티로폼을 위한 종합적인 접착제를 제공합니다. 8.2g(0.8온스), 21g(0.75온스) 및 40g(1.5온스) 접착제 스틱으로 제공되는 UHU는 모든 모양과 크기의 프로젝트에 적합한 깨끗하고 편리하며 빠르게 건조되는 접착제 스틱을 제공합니다!","['접착제', '스틱', '건조', '파란색', '스크류', '블루', '세탁', '캡', '깨끗하다']"
사무용품,접착제 및 풀,접착제,,B00OY0T97M,"Aleene's Always Ready Tacky Glue, 113.4g(4온스), 오리지널",Aleene's,7617,7617,4.7,5733.0,깨끗하고 유연하게 건조됩니다 물 정화 118.3ml(4온스) 사이즈로 제공됩니다. 병 뚜껑 스탠드 포함 영감과 기술 찾기,"Aleene의 Always Ready Tacky Glues는 좋아하는 공예용 접착제를 항상 사용할 준비가 되어 있습니다! 병을 항상 뒤집은 상태로 유지할 수 있는 캡 스탠드가 장착된 이 편리한 새로운 형식으로 빠르고 쉽게 접착할 수 있습니다. 무독성, 믿을 수 없을 정도로 다재다능하며 매우 강한 Tacky Glues는 거의 모든 공예 표면에 사용할 수 있는 접착제입니다. 미국에서 가장 좋아하는 공예 접착제 제작자.","['접착제', '스탠드', '공예', '형식', '건조', '깨끗하다', '다재다능하다', '뚜껑', '무독성', '물']"
사무용품,접착제 및 풀,접착제,,B0CYTRV4H6,"패브릭 접착제, 19.5ml 3개, Westlake 아트 자수 가위가 있는 다목적 접착제 세트, 영구 및 세탁 가능, 수리 및 공예용 바느질 없는 패브릭 접착제, 쉬운 사용, [3팩]",westlake art,18240,18240,,,"완벽한 사이즈 모음 집, 사무실 책상에 보관하거나 패브릭 비상 사태를 대비하여 지갑에 휴대하기에 적합합니다. 3개의 0.66 액량 온스 미니어처 병으로 제공됩니다","실/종이 가위 번들 - 11cm - 18g - 주황색, 'Try Me' 사이즈 3팩 패브릭 끈끈한 팩, - 3개 팩","['브릭', '접착제', '가위', '사태', '끈끈', '대비', '모음', '목적', '미니어처', '바느질']"
사무용품,접착제 및 풀,접착제,,B00K257LRS,"ELMERS Board Mate 엑스트라 스트렝스 접착제 스틱, 24.8 g(9 온스), 1팩 (E145)",Elmer's,11066,11066,4.1,217.0,"자신있게 선물하세요! 영구적인 결합, 깨끗한 건조 세탁 가능 사진 안전, 무독성, 무산성. Elmer의 골판지 또는 폼 보드에 종이를 붙이는 데 좋습니다.","Elmer's Products, Inc. is a company rich in history and tradition. Since the 1940's the Elmer's family of products has developed to meet the ever-changing needs of consumers. They range from a full line of adhesives, arts, crafts, and educational products for children to a complete offering of craft, hobby, office, and home repair products for adults. Elmer's Board Mate Extra Strength Glue Sticks are everyone's favorite for easy, no-mess bonding. The extra strength formula bonds clear and strong and works on a variety of paper types, including cardboard, foam board, display board, computer paper, and more. Each Elmer's Extra Strength Glue Stick goes on smooth and dries fast, clear and colorless. It is acid-free, washable, safe and non-toxic. You can trust your best work to Elmer's. Through years of growth and innovation Elmer's has proven its longstanding commitment to quality and fulfillment of consumers' inherent need to imagine, build and learn.","['폼', '선물', '결합', '골', '깨끗하다', '무독성', '무산', '보드', '사진', '세탁']"
사무용품,접착제 및 풀,접착제,,B07T5G69FJ,"Avery Glue Sticks 사라지는 퍼플 색상, 36g(1.37온스), 세척 가능, 무독성, 영구 접착제, 접착제 스틱 12개(00226)",AVERY,37699,26107,4.4,20.0,보라색으로 투명하게 건조됩니다. 건조되면 사라지는 보기 쉬운 보라색 접착제로 적절한 양의 접착제를 바르세요 접착제는 부드럽게 부착되어 뭉침이나 주름을 최소화합니다 강하고 영구적인 접착제이지만 손과 옷에서 쉽게 씻어낼 수 있습니다 어린이에게 안전합니다. 글루 스틱은 무독성 무산성 ACMI 인증을 받았으며 ASTM D 4236을 준수합니다 큰 접착제 스틱은 더 많은 표면적을 커버합니다. 학교 프로젝트와 더 많은 접착제가 필요한 예술 및 공예에 탁월한 선택입니다,"AVERY 사라지는 보라색 접착제 스틱 12개 벌크 팩으로 필요한 모든 부분에 자신있게 접착제를 바르세요. 캡을 들어 올리고 베이스를 비틀기만 하면 쉽게 부착할 수 있습니다. 마르면 사라지는 눈에 띄는 보라색 접착제로 적절한 양의 접착제를 바르세요. 접착제는 부드럽게 발라 뭉치거나 주름을 최소화합니다. 부드러운 터치로 강하게 고정됩니다. 영구 접착제는 다양한 소재에 단단히 접착되지만 손과 옷에서 쉽게 씻어낼 수 있습니다. 보라색 접착제는 종이, 사진, 판지, 폼 보드, 원단, 유리 등에 접착됩니다. AVERY 글루 스틱은 모든 학생의 학용품 목록에 추가할 수 있는 훌륭한 중성 접착제입니다. 더 큰 36g(1.2온스) 스틱은 더 많은 표면적을 커버하며 더 많은 접착제가 필요한 프로젝트에 적합합니다. 학교 프로젝트, 스크랩북, 예술 및 공예, 3D 인쇄 또는 슬라임을 만들기 위한 슬라임 키트 등 AVERY Glue Sticks는 작업을 완료할 수 있는 다목적 접착제입니다. AVERY 글루 스틱은 휴일 동안에도 좋습니다. 선물 포장에 마지막 마무리 터치를 매끄럽게 하거나 접착 스틱을 한 번 문질러 맞춤형 인사말 카드에 봉투를 밀봉하십시오. 모든 AVERY 접착제 스틱은 무독성이며 사진에 안전하며, ACMI 인증을 받았으며 ASTM D 4236을 준수합니다.","['접착제', '스틱', '보라색', '글루', '접착', '부드럽다', '프로젝트', '무독성', '영구']"
사무용품,접착제 및 풀,접착제,,B00006IFC7,"UHU Stic 영구 접착제 스틱, 21g(0.75온스), 투명 건조",Saunders,7659,7659,4.6,317.0,무산성으로 사진에 이상적입니다. 깨끗하고 주름이 생기지 않습니다. 원 스트로크 품질. 특허받은 캡 디자인으로 건조를 방지합니다. 세탁 가능.,"한 번의 스트로크로 강하고 오래 지속되는 결합을 형성합니다. 덩어리 없이 부드럽게 발립니다. 깔끔하고 깔끔한 사진 앨범과 스크랩북을 빠르고 쉽게 만들 수 있습니다. 중성 및 사진 안전. 종이, 판지 및 사진에 이상적입니다. 깨끗하게 건조됩니다. 세탁 가능. 특허받은 캡은 공기를 차단하여 건조를 방지합니다./Rub-on adhesive in glue stick works without wrinkling paper, cardboard, photos or fabric. Lipstick-type applicator twists up for use and retracts for no-mess storage. Washable adhesive is acid-free, odor-free and photo-safe. ACMI certified glue conforms to ASTM D-4236.","['건조', '사진', '세탁', '방지', '깔끔하다', '깨끗하다', '캡', '특허', '결합', '공기']"
사무용품,접착제 및 풀,접착제,,B073WNCBB6,"2팩 - Aleene's 오리지널 ""Tacky"" 접착제 - 113.4g(4온스)",Aleene's,8296,8296,4.8,538.0,"방수: 접착제는 실내 및 실외 사용을 위해 방수 기능이 있습니다. 다양한 표면: 접착제는 목재, 직물, 유리, 금속, 플라스틱, 세라믹 및 종이에 사용할 수 있습니다. 오래 지속됨: 접착제는 깨끗하게 건조되며 오래 지속되는 프로젝트를 위해 강한 접착력을 제공합니다. 쉬운 적용: 접착제는 브러시가 달린 병에 담겨 제공되어 쉽게 바르고 제어할 수 있습니다. 벌크 팩: 패키지에는 여러 프로젝트를 위한 접착제 2병이 포함되어 있습니다.",Aleene's 오리지널 Tacky GlueTM의 최고를 가져다 주시고 빠르게 건조되는 알레엔의 빠른 건조를 받으실 수 있습니다! Aleene's 퀵 드라이 태키는 다른 공예 접착제보다 50% 이상 빠르게 건조하고 흡수합니다!,"['접착제', '건조', '빠르다', '지속', '프로젝트', '방수']"
사무용품,접착제 및 풀,접착제,,B0055CARP6,"Cra-Z-art 점보 세척 가능한 접착제 스틱, 2개입 (11306N-48)",Cra-Z-Art,6066,6066,4.1,463.0,"대형 스틱 세탁 가능 2팩 수량 학교 품질 무산성 점보 접착제 스틱 2개 세탁 가능, 20g 스틱 2개","Cra-Z-art 점보 세척 가능한 접착제 스틱, 2개입 (11306N-48)","['스틱', '접착제', '점보', '세탁', '세척', '개입', '가능하다', '학교', '무산', '대형']"
사무용품,접착제 및 풀,접착제,,B0013CBHMO,"Elmer's Extra Strength 접착제 스틱, 24.9g(8.7온스), 12개입",Elmer's,41550,41550,4.4,229.0,"가정 및 사무실에서 사용할 수 있는 유대감을 제공합니다 Elmer의 일반 접착제 스틱보다 2배 빠르게 건조됩니다 디스플레이 보드, 폼 보드, 판지, 컴퓨터 용지 등에 이상적입니다 안전하고 무독성이며 세척 가능한 접착제 무산성 및 사진에 안전한 포뮬러","라벨 부착, 봉투 밀봉, 프레젠테이션 보드에 사진 또는 차트 장착과 같은 가정 및 사무실 주변 작업에 이상적입니다. Elmer의 엑스트라 스트렝스 접착제 스틱은 부드럽게 부착되며 지저분해지지 않습니다. 이 접착제 스틱은 Elmer의 일반 접착제 스틱보다 2배 빠르게 접착되어 빠르고 반응성이 뛰어난 결과를 제공합니다. 세척 가능, 무독성, 중성 및 사진 안전 포뮬러가 특징인 Elmer's 엑스트라 스트렝스 접착제 스틱은 판지, 폼 보드, 디스플레이 보드 및 컴퓨터 용지를 포함한 다양한 종이 유형에 적합합니다.","['접착제', '스틱', '보드', '빠르다', '사진', '일반', '부착', '사무실', '세척', '폼']"
사무용품,접착제 및 풀,접착제,,B073JY6Q56,Elmer's 액체 글리터 접착제,Elmer's,9958,9958,4.5,147.0,"Add a bold, glittery pop to your art projects and homemade Slime! No-run formula is Washable, safe, nontoxic and flexible when dry The #1 teacher Brand, it's ideal for paper, cloth, arts, crafts and School projects The ideal sparkly base for making Slime at home or in the classroom Includes: one, 6-ounce bottle of black glitter glue","Make your mark on art projects and create slime packed with an explosion of glittery color using elmer’s classic liquid glitter glue. Washable, safe, nontoxic, easy to use and flexible when dry, Elmer's school glue is great for making homemade glitter slime, crafting, school projects and more. Elmer’s glitter glue also features a no-run formula for reliable results every time. Smooth and packed with sparkly color, just add a few common household ingredients (such as contact lens solution and baking soda) to create custom slime.","['접착제', '액체', '글리터']"
사무용품,접착제 및 풀,접착제,,B003O3KLCC,"Uhu 99648 글루 스틱, 8.2g, 다목적 접착제 스틱, 세척 가능, 영구적, 학교, 공예, 스크랩북용, 2.8g(0.22온스) 스틱 24개 팩",STAEDTLER,18143,18143,3.9,21.0,"한 번의 스트로크로 강하고 오래 지속되는 결합을 형성합니다 뭉침 없이 부드럽게 발립니다 특허받은 나사산 캡은 공기를 차단하여 건조를 방지합니다 세탁 가능, 중성, 무독성 - ASTM D-4236 준수 종이, 판지 및 사진에 이상적입니다","소형(8.2g(0.3온스) UHU 화이트 접착제 스틱(99648, 8.2g(0.3온스)은 한 번의 스트로크로 강하고 오래 지속되는 결합을 형성합니다. 덩어리 없이 부드럽게 발립니다. 세탁 가능, 중성 및 사진 안전. 종이, 판지 및 사진에 이상적입니다. 특허받은 나사산 캡은 공기를 차단하여 건조함을 방지합니다. 무독성 - ASTM D-4236을 준수합니다. 24개 팩.","['스틱', '사진', '강하다', '무독성', '방지', '번의', '부드럽다', '나사산', '형성', '세탁']"
사무용품,접착제 및 풀,접착제,,B01MU4TC7M,Elmer's 사라지는 퍼플 스쿨 접착제 스틱,Elmer's,6135,6135,4.7,744.0,"영구 결합이 형성되기 전에 최대 5분 동안 쉽게 조절 가능 어린 학습자, 포스터 프레젠테이션, 공예 등에 이상적입니다 학교 접착제 스틱은 매끄럽게 바르고 건조하여 깔끔하게 보입니다 다양한 유형의 종이 공예품을 만드는 데 적합합니다 무독성, 세척 및 사진 안전 포뮬러로 교실과 가정에 적합합니다","Elmer's Re-Stick 접착제 스틱으로 아이들이 재미있고 좌절감 없이 접착하는 방법을 배울 수 있도록 도와주세요. 최대 5분 동안 재배치 가능하며, 아이들이 재미를 망칠 걱정 없이 문제를 해결하고 프로젝트를 완성하는 것을 볼 수 있습니다. 이 친근한 기능은 또한 학교 프로젝트 또는 과학 박람회 전시에서 사진과 그래프를 정확하게 배치하는 것을 목표로 하는 고학년 학생들에게 적합합니다. Elmer's 재사용 가능한 접착제 스틱은 부드럽고 건조하며 무독성이며 세척 가능하며 사진 안전 포뮬러가 특징입니다. 부모님과 선생님들이 최고의 교사 브랜드를 신뢰하는 것은 놀라운 일이 아닙니다. Elmer's.","['스틱', '접착제', '사진', '가능하다', '학교', '안전', '건조하다', '무독성', '뮬러', '배치']"
사무용품,접착제 및 풀,접착제,,B078WS6SV4,"Office Works 8-gram 접착제 스틱, 72 피스",CTG,32450,32450,,,"포장: 총 72개 접착제 스틱 (3개 팩) 용량: 각 측정 8g 무독성, 건강과 안전을 보장합니다. 예술과 공예, 학교, 직장 및 일상 사용에 이상적입니다.","Office Works is a one-stop-shop for all kinds of stationery products. We carry a wide selection of office essentials and school supplies that are a must-have partner. Great for everyday use, we offer all colours and styles of different pens, permanent markers, white board dry-erase markers, scissors, glue sticks, highlighters, file organizers, and much more! They are available in bulk so if you're working a corporate job, planning a workshop, our brand is perfect for you. Always striving to provide you with the best office and school supplies, we're here to ensure that you're prepped with all the tools you need to execute any kind of projects efficiently and effectively.","['접착제', '스틱', '학교', '피스', '포장', '측정', '직장', '일상', '예술', '안전']"
사무용품,접착제 및 풀,접착제,,B00NDOKSK2,"탈착식 재사용 가능한 접착제 스틱, 1.4kg(0.55온스), 재배치 가능한 스틱, 2팩 (패키지에는 OfficeSupplyExpress 접이식 펜 포함)",3M,11066,11066,4.5,302.0,"종이, 사진 및 기타 가벼운 물건에 적합합니다 무산성, 무독성 비누와 물로 손과 가정용 표면을 쉽게 청소할 수 있습니다 산성 *, 무독성","탈착식 재사용 가능한 접착제 스틱, 1.4kg(0.45온스), 재배치 가능한 스틱, 2팩","['가능하다', '스틱', '탈착', '무독성', '접착제', '재사용', '배치', '비누', '가볍다', '가정']"
사무용품,접착제 및 풀,접착제,,B003W0H3FA,"Crayola 글리터 접착제, 9개",Crayola,10096,10096,4.6,419.0,글리터 글루 펜 모든 예술 및 공예 프로젝트에 완벽한 반짝임을 더합니다 9개의 1.0ml(0.35온스) 글리터 글루 튜브 포함 접착제 색상: 실버,"Crayola 글리터 접착제, 9개","['글리터', '접착제', '글루', '프로젝트', '펜', '튜브', '완벽하다', '예술', '실버', '반짝임']"
사무용품,접착제 및 풀,접착제,,B00D6GQMCU,글루 스틱 30 퍼플 40g(1.4온스),Creativity Street,57879,47436,4.1,241.0,30개/팩으로 판매됩니다. 여러 공예 프로젝트를 위한 보라색 접착제 스틱. 40g(1.4온스) 스틱은 편리한 사용을 위해 30개 팩으로 제공됩니다. 세척 가능한 무독성 접착제는 다양한 표면에 사용할 수 있습니다.,"다목적 접착제 스틱은 깔끔하고 쉽고 종이, 원단 및 판지를 접착하기에 적합합니다. 클릭 온 씰 캡으로 접이식 적용. 세척 가능, 표준 퍼플의 무독성 스틱. 각 상자에는 30개의 접착제 스틱이 포함되어 있습니다./Glue Sticks - 30 piece packs of washable, non-toxic sticks available in standard clear and disappearing purple. Great for gluing school projects or around the house.","['스틱', '접착제', '퍼플', '무독성', '세척', '프로젝트', '원단', '공예', '글루', '깔끔하다']"
사무용품,접착제 및 풀,접착제,,B005J39K5Y,Yamato Nori 라이스 스틱 페이스트- 55g 튜브,ヤマト,9681,7021,4.4,49.0,,모든 유형의 종이 제품에 탁월한 접착제. 이 접착제는 쌀 전분으로 만들어졌으며 무독성이며 연기가 없으며 손가락 끝으로 종이에 실제로 바를 수 있습니다(브러시가 약간 덜 지저분하지만 재미있지는 않습니다!). 짜기 쉬운 튜브에는 55g의 접착제가 포함되어 있습니다. 이 사이즈를 담고 있는 플라스틱 튜브는 블루 핑크 그린과 옐로우로 제공됩니다. 주문은 재고가 있는 튜브 색상으로 채워집니다. 접착제 자체는 투명하고 무색이며 투명하고 무색으로 건조됩니다. (주문 당 하나의 튜브만 있습니다; 사진은 튜브가 들어 있는 색상을 보여줍니다.) 스크랩북 북메이킹 및 종이 접기 프로젝트에 이상적입니다.,"['튜브', '접착제', '종이', '북', '투명하다', '무색', '쉽다', '손가락', '사진', '블루']"
사무용품,접착제 및 풀,접착제,,B000F8R1UE,"Prang 롤온 액체 접착제, 그린, 47.9g(1.6온스), 1개입",Prang,9584,9584,4.1,42.0,"재미있는 사용: 학생과 선생님들이 가장 좋아하는 Prang의 녹색 접착제는 깨끗하게 건조되고 젊은이와 노인 모두에게 즐거움을 선사합니다. 건조하지 않는 팁으로 쉽게 바를 수 있습니다. 지저분해지지 않음: Dabber 팁을 사용하면 지저분함 없이 원하는 곳에 접착제를 넣을 수 있습니다. 접착제는 빠르게 건조됩니다. 다양한 용도: Prang 액체 접착제는 모든 유형의 공예 및 예술 프로젝트를 위해 종이에 접착됩니다. 어린이에게 안전함: 수성 포뮬러. AP 인증 무독성. 신뢰할 수 있는 브랜드: Prang AP 인증 무독성 롤온 액체 접착제로 사랑하는 사람들이 안전하게 즐겁게 놀 수 있어 재미있고 쉬운 경험을 할 수 있습니다. Prang 제품은 Ticonderoga, Dixon, Pacon, Tru-Ray, UCreate, Fadeless, Classroom Keepers, Bordette, Creativity Street, Spectra, Strathmore, Canson, Daler-Rowney, Lyra, Das, Maimeri, Princeton Artist Brush 등을 포함하는 Dixon Ticonderoga 제품군의 일부입니다.",1882년부터 PRANG Art & Craft 솔루션은 소중한 창의적인 고객의 열정을 불러 일으키기 위해 타협하지 않는 품질을 유지했습니다. 이제 당신은 그것을 볼 수 있습니다! 녹색 접착제는 녹색으로 변합니다 - 깨끗하게 건조됩니다! Dabber 팁을 사용하면 지저분함 없이 원하는 곳에 접착제를 놓을 수 있습니다. 접착제는 빠르게 건조됩니다. 학생과 선생님들이 가장 좋아하는 PRANG의 녹색 접착제는 어린이와 노인 모두에게 즐거움을 선사합니다.,"['접착제', '건조', '녹색', '지저분하다', '액체', '학생', '노인', '빠르다', '무독성', '롤온']"
사무용품,접착제 및 풀,접착제,,B075D9PH5W,REPTILE 프리미엄 공예 접착제 2온스 건조 클리어 주문 및 냉동 위 배송,REPTILE,11758,11758,4.7,260.0,"매우 강하고, 영구적으로 유연한 접착제, 무독성, 물로 정화합니다. FREEZE. 화씨 32도 이하로 배송하지 마십시오. 동결된 제품에 대해서는 환불하지 않습니다. 어린이 친화적. 고밀도 접착력. 1년의 유통 기한. 드라이 클리어 사용하기 전에 잘 흔들립니다. 자외선을 사용하지 않으면 제품이 변색됩니다. 젖은 부분에는 사용하지 마시고, 사용 후 물로 뚜껑을 세척하십시오. 정밀한 오프닝을 위한 핀이 있는 팁의 구멍. 조각을 함께 붙이기 전에 끈적거리게 하십시오. 세라믹, 목재, 유리, 가죽, 판지, 팝시클 스틱, PVC 및 기타 많은 재료에 사용할 수 있습니다. 정크 저널, 스크랩북 및 책바인딩에 적합합니다. 모든 컨테이너, 접착제 및 라벨은 미국에서 제조 및 제조됩니다.",,"['접착제', '클리어', '물', '제조', '동결', '변색', '밀도', '미국', '무독성', '목재']"
사무용품,접착제 및 풀,접착제,,B00VRFD6X0,"Avery 글루 스틱 다양한 색상 밝음, 세탁 가능, 무독성, 6g(0.2온스) 영구 접착제 스틱, 4팩 (00102)",AVERY,8171,8171,4.3,107.0,건조 후에도 밝게 유지되는 생생한 색상으로 색상과 접착제를 동시에 사용할 수 있습니다 접착제 스틱은 부드럽게 붙어 뭉치거나 주름을 최소화합니다 강력하고 영구적인 접착제이지만 손과 옷에서 쉽게 씻을 수 있습니다 어린이에게 안전합니다. 접착제 스틱은 무독성이며 ACMI 인증을 받았습니다 컬러 접착제 스틱은 마커와 페인트의 재미있는 대안입니다. 학교 프로젝트 및 예술 및 공예에 적합합니다,"Avery Glue Stic Brights로 색상과 접착제를 동시에 사용할 수 있습니다. 캡을 들어 올리고 베이스를 비틀기만 하면 쉽게 부착할 수 있습니다. Avery Glue Stic Brights는 마커와 페인트의 재미있는 대안입니다. 건조 후에도 밝게 유지되는 생생한 색상으로 적절한 양의 접착제를 바르십시오. 접착제는 부드럽게 발라 뭉치거나 주름을 최소화합니다. 부드러운 터치로 강하게 고정됩니다. 영구 접착제는 다양한 소재에 단단히 접착되지만 손과 옷을 쉽게 씻을 수 있습니다. 종이, 사진, 판지, 폼 보드, 원단 등에 컬러 접착제로 접착됩니다. Avery Glue Stic Brights는 레퍼토리에 사용할 수 있는 훌륭한 중성 접착제입니다. 학교 프로젝트, 예술 및 공예 또는 슬라임을 만들기 위한 슬라임 키트 등 이 접착제 스틱은 다용도로 사용할 수 있으며 작업을 완료할 수 있습니다. 이 접착제 스틱은 휴일 동안에도 좋습니다. 선물 포장에 마지막 마무리 터치를 매끄럽게 넣거나 다채로운 맞춤형 인사말 카드를 만들 수 있습니다. 모든 Avery 접착제 스틱은 무독성, 사진 안전, ACMI 인증을 받았으며 ASTM D 4236을 준수합니다.","['접착제', '스틱', '영구', '무독성', '부드럽다']"
사무용품,접착제 및 풀,접착제,,B078WFHHHK,"Elmer's 매지컬 액체 슬라임 액티베이터 (258.8ml (8.75 플루이드 온스) 및 Elmer's 세척 가능한 컬러 접착제, 슬라임을 만들기에 적합, 레드, 그린, 블루",Elmer's,15442,15442,4.7,20.0,"멋지고 생생한 접착제는 예술, 공예 및 슬라임에 색감을 더합니다 비누와 물로 세척할 수 있는 특별히 고안된 접착제 안전하고 무독성이며 아이들이 사용할 수 있도록 제작되었습니다 식용 색소 없이 다채로운 접착제 슬라임을 만드는 데 좋습니다 최고의 선생님 브랜드로, 장식, 미술 프로젝트 및 공예에 적합합니다","Elmer's 세척 가능한 컬러 접착제로 끝없는 창의력을 탐험하세요. 이 공예 접착제의 생생한 색조는 예술 프로젝트, 장식, 공예 등에 다채로운 터치를 더합니다. 화려한 색상의 슬라임을 만드는 데에도 좋습니다. 베이킹 소다 및 콘택트 렌즈 용액과 같은 몇 가지 일반적인 가정용 재료와 혼합하기만 하면 됩니다. 세척 및 무독성, Elmer's 접착제는 창의력을 발휘할 수 있는 쉽고 지저분하지 않은 방법입니다. 최고의 선생님 브랜드인 Elmer's로 접착제 슬라임과 공예 작품을 색상으로 폭발시키세요.","['접착제', '공예', '슬라임', '세척', '무독성', '최고', '생생하다', '예술', '장식', '프로젝트']"
사무용품,접착제 및 풀,접착제,,B007V0641G,Aleene's 29618 투명 젤 점착성 접착제 펜 2팩,Aleene's,8697,8697,4.5,274.0,"펜 형태의 영구적인 무독성 접착제는 정밀한 적용이 필요한 디테일이 있는 작은 공예품 및 프로젝트에 적합합니다 빠르게 건조되는 다목적 공예 접착제 2팩, 각 펜에는 0.63 플루이드 온스가 포함되어 있습니다. 접착제",매우 투명한 두껍고 매우 끈적한 접착제가 필요할 때 선택이 명확합니다. 병에 담긴 것과 동일한 독점적인 포뮬러를 제공하는 Aleene's 투명 젤 점착성 접착제 펜은 투명하고 건조한 투명하게 적용되므로 프로젝트에 탁한 잔여물에 대해 걱정할 필요가 없습니다.,"['접착제', '펜', '투명하다', '프로젝트', '투명', '점착', '적용', '형태', '끈', '디테일']"
사무용품,접착제 및 풀,접착제,,B001AS994E,"Scotch 재배치 가능한 접착제 스틱, 13.9g(0.5온스), 무산성 및 무독성 (6314-CFT)",Scotch,8033,8033,4.3,207.0,"종이에 탁월하며 도포 후 조절 가능 레이아웃, 공예 및 학교 프로젝트에 적합합니다 지저분해지지 않습니다. 손과 가정 표면에서 쉽게 청소할 수 있습니다 무독성 및 무산성 13.9g(0.48온스)","Scotch 접착 가능한 접착제 스틱을 사용하면 부착 후 접착된 물건을 조정하고 이동할 수 있습니다. . . 학교 프로젝트, 스크랩북, 공예 및 레이아웃 작업에 적합합니다. 비누와 물로 손과 가정 표면을 청소합니다. 비누와 따뜻한 물로 옷에서 씻을 수 있습니다. 무독성 및 산성 프리.","['무독성', '학교', '접착', '가정', '공예', '레이아웃', '무산', '물', '비누', '손']"
사무용품,종이,복사 및 다목적 용지,,B07K8WHH5J,"Amazon Basics 다용도 복사 프린터 용지, 21.6 x 27.9cm(8.5 x 11인치), 9.1kg(20파운드), 8심, 4000장, 92 밝음, 화이트",Amazon Basics,60926,60926,4.8,173185.0,"가정 또는 사무실에서 사용할 수 있는 21.6 x 27.9cm(8.5 x 11인치) 흰색 복사기 및 프린터 용지 8장 (4,000장) 다용도 레터 사이즈 복사 용지는 레이저/잉크젯 프린터, 복사기 및 팩스와 함께 작동합니다 일관된 잉크 및 토너 분포를 위해 9.1kg(20파운드) 무게의 종이를 매끄럽게 합니다. 빠르게 건조되고 용지 걸림을 방지합니다 밝은 흰색 용지(92GE, 104유로)는 선명한 인쇄와 생생한 색상을 위한 훌륭한 대비를 제공합니다 전문적인 품질의 결과를 제공하는 버진 복사 용지. 황변을 방지하기 위한 중성 크기: 21.6 x 27.9 cm 레터 사이즈 시트; 케이스 크기: 30 x 45.7 x 22.9 cm; 무게: 41kg","Amazon Basics 다용도 복사 프린터 용지, 21.6 x 27.9cm(8.5 x 11인치) 9.1kg(20파운드) 용지 - 8 Ream 케이스 (4,000장), 92 GE 브라이트 화이트/Amazon Basics","['용지', '프린터', '복사', '다용', '흰색', '화이트', '케이스', '복사기', '방지']"
사무용품,종이,복사 및 다목적 용지,,B00U03708C,"Hammermill 프린터 용지, 9.1kg(20파운드) 복사 용지, 21.6 x 27.9cm(8.5 x 11 - 10 Ream)(5,000장) - 92 밝음, 미국 제조",Hammermill,104913,104913,4.7,42849.0,"HAMMERMILL 베스트셀러 프린터 용지 - 내부에 10개의 개별 종이가 포함된 복사 용지 한 상자를 받게 됩니다. 각 종이는 9.1kg(20파운드) 500장, 밝은 92장, 21.6cm x 27.9cm(8.5인치 x 11인치) 흰색 복사 용지가 있습니다 99.99% 걸림 방지 프린터 용지 - 모두가 용지 걸림을 싫어합니다. Hammermill 용지 품질을 신뢰할 수 있어 프린터가 원활하게 작동할 수 있습니다. 아래로 스크롤하여 제품 설명을 확인하세요 COLORLOK 기술 포함 - Hammermill 복사 용지의 색상은 30% 더 밝습니다. 검정색은 최대 60% 더 굵고 잉크는 3배 빠르게 건조되어 번짐이 적습니다. 중성 Hammermill 용지는 오래 지속되는 보관 품질을 보장합니다 미국에서 제작 - Hammermill 복사 및 인쇄 용지는 100% 미국에서 제작되어 가계도 농부를 포함한 미국에서 240만 개의 지속 가능한 산림 일자리를 지원합니다. Hammermill 제품은 단순한 종이 그 이상입니다 정품 HAMMERMILL 품질인지 확인하세요 - 페이지 상단의 제품 제목 아래에서 ""배송 및 판매업체""를 찾아보세요 기타 용지 옵션 - 아래로 스크롤하여 프리미엄 프레젠테이션 품질의 컬러 복사 용지, 커버 중량 용지 및 사진 인쇄용 광택 용지를 포함한 모든 목적에 맞는 Hammermill 인쇄 및 복사 용지를 비교하십시오","The Hammermill Paper 99.99. 고속 디지털 프린터에서 Hammermill 복사 용지를 사용하여 000장을 사용하거나 Hammermill 용지 구매를 교체해 드립니다. 당사는 매년 1,350만 장 이상의 종이를 테스트하여 각 시트가 일관성이 있는지 확인합니다. 그런 다음 모든 종류의 프린터 및 복사기 장비에서 용지를 테스트하여 종이가 모든 기계에서 항상 잘 작동하는지 확인합니다. 정품 Hammermill 품질인지 확인하십시오. 페이지 상단의 제품 제목 아래에서 ""아마존에서 배송 및 판매""를 찾아보세요. 미국 가계도 농부를 포함한 미국 전역의 수백만 명의 지속 가능한 산림 근로자에게 ""단순한 종이 그 이상""입니다. Hammermill 종이는 인증된 지속 가능하게 관리되는 산림의 재생 가능한 자원으로 만들어집니다. 당사는 사업이 몇 세대 동안 지속되기를 원하며 이는 환경을 잘 관리한다는 것을 의미합니다. 이 Hammermill 복사 용지는 다목적 인쇄 및 복사 사용을 위한 경제적인 용지입니다. 21.6 x 27.9cm(8.5 x 11인치) 레터 사이즈 용지와 205 x 14 리갈 사이즈 용지. Hammermill 복사 용지는 단일 스트림 (500 장의 용지)으로 제공되며 종이로 포장된 3 개의 스트림 (1,500 장), 5 개의 스트림 (2,500 장), 400 장 6 팩 (2,400 장), 8 개의 스트림 (4,000 장), 10 스트림 (5,000 장)의 경우에 사용할 수 있습니다. 의 벌크 팩에서 750장, 400장 싱글 팩. 전체 팔레트 및 트럭 적재로도 제공됩니다. 페이지 상단에 나와 있는 사이즈와 스타일 이름 중에서 선택하세요. 딱 맞는 복사 용지는 교정, 양식, 게시판, 설명서 및 팩스에도 적합합니다.","['용지', '복사', '종이', '프린터', '미국', '지속', '스트림', '인쇄', '가능하다']"
사무용품,종이,복사 및 다목적 용지,,B073H4VVC7,"Amazon Basics 다용도 복사 프린터 용지, 9.1kg(20파운드), 화이트, 96가지 밝기, 21.6 x 27.9cm(8.5 x 11인치), 1개, 총 500장",Amazon Basics,12548,12548,4.7,23544.0,"가정 또는 사무실에서 사용할 수 있는 21.6 x 27.9cm(8.5 x 11인치) 흰색 복사기 및 프린터 용지 1장(총 500장) 다용도 레터 사이즈 복사 용지는 레이저/잉크젯 프린터, 복사기 및 팩스와 함께 작동합니다 일관된 잉크 및 토너 분포를 위해 9.1kg(20파운드) 무게의 종이를 매끄럽게 합니다. 빠르게 건조되고 용지 걸림을 방지합니다 황변을 방지하기 위한 무산성 밝은 흰색(96GE)는 선명한 인쇄와 생생한 색상을 위한 훌륭한 대비를 제공합니다","Amazon Basics 다용도 복사 프린터 용지 - 96 브라이트 화이트, 21.6 x 27.9cm(8.5 x 11인치), 1 램 (500장)/Amazon Basics","['용지', '프린터', '복사', '다용', '흰색', '방지', '복사기', '화이트', '라이트', '분포']"
사무용품,종이,복사 및 다목적 용지,,B0B579K9GG,"Amazon Basics 다용도 복사 프린터 용지, 8.5x27.9cm(3.3x11인치), 10.9kg(24파운드), 1500장 (500개 3팩), 97 브라이트, 화이트",Amazon Basics,37381,37381,4.7,592.0,"다목적 복사 프린터 용지, 레이저/잉크젯 프린터, 복사기 및 팩스와 함께 작동합니다 10.9kg(24파운드) 복사 용지 3개(개당 500장, 총 1500장) 포함 더 나은 대비를 위한 밝은 흰색, 97GE 밝기 레벨 중성 소재로 시간이 지남에 따라 종이가 황변되는 것을 방지합니다 제품 크기: 8.5 x 11 인치 (WxL, 시트 당)",아마존 브랜드,"['복사', '프린터', '용지', '흰색', '다용', '대비', '라이트', '레벨', '레이저', '목적']"
사무용품,종이,복사 및 다목적 용지,,B00BT2MG2I,"Hammermill 프린터 용지, 프리미엄 다용도 용지 10.9kg(24파운드), 21.6 x 27.9cm(8.5 x 11인치) - 5 묶음(2,500장) - 97 밝기, 미국 제조, 105810C",Hammermill,57048,61175,4.8,7425.0,"프리미엄 복사 용지 - Hammermill 프리미엄 10.9kg(24파운드) 다용도 복사 용지는 모든 사무실 및 가정용 인쇄 장비에서 효과적으로 사용될 수 있도록 설계된 다용도 시트를 제공합니다. 수백만 가지의 지속 가능한 산림 작업을 지원하기 위해 100% 미국에서 제작되었습니다. COLORLOK 기술 - 이 다목적 복사기 용지는 30% 더 밝고 60% 더 진한 검정색에 대해 ColorLok 기술을 특징으로 하며 잉크가 3배 빠르게 건조됩니다. 또한, 산성 성분이 없는 이 흰색 복사 용지는 시간이 지나도 변색되지 않습니다. - Hammermill 종이의 품질을 보장합니다. 밝은 마감 - 이 복사 용지에 높은 97 밝기와 무거운 무게의 기본 무게가 결합되어 자랑스럽게 배포할 고품질 문서를 제작합니다. 제안서, 뉴스레터, 양식, 다이렉트 메일, 송장 등을 인쇄하는 데 적합합니다. 미국에서 지속 가능한 방식으로 제조 - 오리지널 Hammermill 프린터 용지는 Forest Stewardship Council(FSC)의 인증을 받았으며, 이는 제3자로부터 인증되고 지속 가능하게 관리되는 숲의 재생 가능한 자원으로 제조됨을 의미합니다.","Hammermill 프리미엄 다목적 복사 용지는 모든 사무실 및 가정용 인쇄 장비를 효과적으로 사용할 수 있도록 설계된 다용도 시트를 제공합니다. 높은 97 밝기와 무거운 기본 무게가 결합되어 자랑스럽게 배포할 프린터 용지를 만듭니다. 제안서, 뉴스레터, 양식, 보고서, 팩스, 다이렉트 메일, 송장, 서신 등을 위한 완벽한 복사 용지입니다. 이 다목적 복사 및 인쇄 용지를 사용하면 모든 가정 및 사무실 프린터/기계에서 일관되게 신뢰할 수 있는 결과를 얻을 수 있습니다. 또한 ColorLok 기술이 적용되어 30% 더 밝고 60% 더 진한 검정색이며 번짐 방지를 위해 3배 빠르게 건조되는 잉크가 특징입니다. 이 중성 백지는 시간이 지남에 따라 시트가 황변하는 것을 방지하여 오래 지속되는 보관 품질을 보장합니다. - 매년 1350만장 이상의 종이를 테스트하여 각 시트의 일관성을 보장합니다. 그런 다음 저희는 모든 종류의 프린터 및 복사기 장비에서 종이를 테스트하여 여러분이 매번 모든 기계에서 사용할 수 있도록 합니다. Hammermill 용지를 구입하면 숲을 보존하고 회복하는 데 도움이 된다는 것을 알고 계셨나요? 미국 가계 농부를 포함한 미국 전역의 수백만 명의 지속 가능한 산림 노동자에게는 ""단순한 종이 그 이상""입니다. Hammermill 프린터 용지는 인증된 지속 가능하게 관리되는 숲의 재생 가능한 자원으로 만들어지므로 저희 제품은 기분 좋게 사용할 수 있습니다. 정품 HAMMERMILL 품질인지 확인하십시오: 페이지 상단의 제품 제목 아래에 있는 ""아마존에서 판매되고 배송됨""을 찾아보세요.","['용지', '가능하다', '복사', '지속', '미국', '프린터', '다용', '시트', '종이', '인쇄']"
사무용품,종이,복사 및 다목적 용지,,B073H7VJ39,"Amazon Basics 30% 재활용 다용도 복사 프린터 용지 - 21.6 x 27.9cm(8.5 x 11인치), 1연 (500장)",Amazon Basics,13282,13282,4.7,3067.0,"가정 또는 사무실용 30% 재활용 다목적 복사기 및 프린터 용지 21.6 x 27.9cm(8.5 x 11인치) 화이트 1 연 (500장) 다용도 레터 사이즈 복사 용지는 레이저/잉크젯 프린터, 복사기 및 팩스 기계와 함께 작동합니다 일관된 잉크 및 토너 분포를 위한 부드러운 9.1kg(20파운드) 무게의 용지. 빠르게 건조되고 종이 걸림을 방지합니다 밝은 백지 (92 GE; 104 Euro)는 선명한 인쇄와 생생한 색상을 위한 훌륭한 대비를 제공합니다 무산성 종이는 황변을 방지하고 전문적인 품질의 결과를 제공합니다 기후 서약 친화적: 엄격한 환경, 사회 및 경제적 표준에 따라 관리되는 숲의 FSC 인증 용지","Amazon Basics 30% 재활용 복사 프린터 용지, 21.6 x 27.9cm(8.5 x 11인치) 9.1kg(20파운드) 용지 - 1연(500장), 92 GE 브라이트 화이트/Amazon Basics","['용지', '프린터', '복사', '재활용', '화이트', '복사기', '종이', '다용', '방지', '품질']"
사무용품,종이,복사 및 다목적 용지,,B00UFX19H0,HP 프린터 용지 | 21.6 x 27.9cm(8.5 x 11인치) 용지 | 복사 및 인쇄 9.1kg(20파운드) | 5 Ream 케이스 - 2500장 | 92 브라이트 미국산 - FSC 인증 | 200350C,HP Papers,47588,47588,4.8,71900.0,"미국에서 제작: HP Papers 는 재생 가능한 산림 자원에서 공급되며 북미에서 0% 삼림 벌채로 생산을 달성했습니다. 이미지를 참조하십시오. 완벽한 일상 사무용 용지: 가정, 학교 및 사무실에서 대량 인쇄를 위한 우수한 품질, 신뢰성 및 신뢰성. 일상적인 흑백 인쇄에 적합합니다. 지속 가능 인증: HP Copy&Print20 9.1kg(20파운드) 프린터 용지는 Forest Stewardship Council (FSC) 인증을 받았으며 LEED(Leadership in Energy and Environmental Design)에 따라 MR1 신용 충족에 기여합니다. 이미지를 참조하십시오. Colorlok 기술 인쇄 용지: Colorlok 기술은 더 생생한 색상, 더 대담한 블랙 및 빠른 건조를 제공합니다. 이미지를 참조하십시오. 무산성 용지: HP Copy&Print20 인쇄 및 복사 용지는 시간이 지남에 따라 황변을 방지하여 보관 품질을 높이기 위해 오래 지속되는 외관을 보장합니다.","HP Papers HP 하드웨어 및 소모품 및 기타 모든 제조업체 및 모델의 인쇄 및 복사 장비와 함께 사용할 때 탁월한 인쇄 용지 성능을 제공하도록 최적화된 비코팅 인쇄 용지 프리미엄 라인입니다. 1996년에 출시된 HP Papers 제품은 Hewlett-Packard Company의 허가를 받아 종이 제품 분야에서 세계적으로 인정받는 리더인 Sylvamo가 75개국 이상에서 독점적으로 전 세계적으로 제조 및 판매합니다. 일상적인 복사부터 풀 컬러 프레젠테이션에 이르기까지 다양한 인쇄 응용 프로그램을 지원하도록 설계된 다양한 제품을 통해 매번 일관된 고품질 인쇄 성능을 보장할 수 있습니다. HP Copy&Print20 용지는 9.1kg(20파운드)로 가정, 학교 및 사무실에서 매일 인쇄할 수 있는 매우 부드럽고 경제적인 다목적 용지입니다. HP Copy&Print20은 뛰어난 가치로 HP 품질과 신뢰성을 제공합니다. 울트라 화이트 쉐이드 (92 밝기, 155 백색도) 및 ColorLok 기술은 보고서, 학교 작업 및 모든 일반적인 인쇄 요구 사항에 더 밝은 색상과 대담한 검정색을 제공합니다. HP Copy&Print20 프린터 용지는 21.6 x 27.9cm 레터 사이즈 용지로 제공됩니다.","['용지', '인쇄', '복사', '일상', '신뢰', '인증', '참조', '이미지', '프린터', '학교']"
사무용품,종이,복사 및 다목적 용지,,B0018MN4RA,"BAZIC 50장 21.6 x 27.9cm(8.5 x 11인치) 화이트 다용도 용지, 9.1kg(20파운드) (75gsm), 복사 용지 팩스 레이저 및 일반 인쇄, 학교 사무실용 보고서 문서 전단지 만들기, 50장",BAZIC Products,6814,5997,3.8,4271.0,"팩 당 50장. 일상적인 인쇄에 이상적인 이 21.6 x 27.9cm(8.5 x 11인치) 레터 사이즈 용지는 레이저 및 잉크젯 프린터, 복사기 및 표준 팩스와 함께 작동합니다. 9.1kg(20파운드) 용지. 용지 무게는 9.1kg(20파운드)이며 경제적인 인쇄를 제공하며 용지 걸림을 방지합니다. 매끄러운 표면은 일관된 토너와 잉크 수용성을 보장합니다. ⭐ 50장만 포함되어 있습니다. 밝은 흰색 용지는 더 나은 대비를 제공하며 85 밝기는 글자, 이미지 및 색상의 더 생생하고 선명한 외관을 촉진합니다. ⭐ 사용하기에 안전합니다. 무산성. 변색 및 황변 방지, 시간이 지남에 따라 문서를 선명하게 유지합니다. 보관 품질을 높이기 위해 오래 지속되는 외관을 보장합니다. 사용 다용도 용지는 일반 용지를 사용하는 모든 장비에 매일 사용하기에 적합한 용지입니다. 보고서, 문서, 메모, 교정 및 일반 인쇄에 적합한 용지입니다.",,"['용지', '인쇄', '문서', '일반', '외관', '보장', '보고서', '방지', '선명하다', '다용']"
사무용품,종이,복사 및 다목적 용지,,B0CR6LDXHQ,"Amazon Basics - 30% 재활용 다용도 복사 프린터 용지, 10장, 5000개(500개 10팩), 21.6cm x 35.6cm x 5.1cm(8.5인치 x 14인치 x 2인치), 화이트",Amazon Basics,133278,133278,4.9,18.0,"21.6 x 35.6cm(8.5 x 14인치) 리갈 사이즈 30% 재활용 다목적 복사 용지 10개 (총 5,000장) 레이저/잉크젯 프린터, 복사기 및 팩스와 호환됩니다 경제적인 인쇄 및 용지 걸림 방지를 위한 고품질 9.1kg(20파운드) 무게 이상적인 인쇄 대비를 위한 밝은 화이트 색상, 92GE 밝기 오래 지속되는 내구성을 위한 무산성. 수입 소재로 미국에서 제작되었습니다",아마존 브랜드,"['용지', '화이트', '프린터', '재활용', '인쇄', '복사', '밝기', '경제', '구성', '다용']"
사무용품,종이,복사 및 다목적 용지,,B01EGC0V7Y,"Hammermill 프린터 용지, 9.1kg(20파운드) 복사 용지, 21.6 x 27.9cm(8.5 x 11인치) - 1 램 (500장) - 92 밝음, 미국 제조",Hammermill,27686,27686,4.7,34602.0,"HAMMERMILL 가장 잘 팔리는 프린터 용지 - 9.1kg(20파운드) 500장, 밝은 92장, 21.6 x 27.9cm(8.5 x 11인치) 흰색 복사 용지 1개를 받게 됩니다 99.99% 걸림 방지 프린터 용지 - 모두가 종이 걸림을 싫어합니다...Hammermill 용지 품질을 신뢰할 수 있어 프린터가 원활하게 작동하도록 할 수 있습니다. 아래로 스크롤하여 자세한 내용을 확인하세요 COLORLOK 기술 포함 - Hammermill 복사 용지의 색상은 30% 더 밝습니다. 검정색은 최대 60% 더 굵고 잉크는 번짐을 줄이기 위해 3배 빠르게 건조됩니다. 중성 해머밀 용지는 오래 지속되는 보관 품질을 보장합니다 미국에서 제작 - Hammermill 복사 및 인쇄 용지는 100% 미국에서 제작되어 2를 지원합니다. 가계도 농부를 포함하여 미국에서 4백만 개의 지속 가능한 산림 일자리. 해머밀은 단순한 종이 그 이상입니다 정품 HAMMERMILL 품질인지 확인하세요 - 페이지 상단의 제품 제목 아래에 있는 ""배송 및 판매처""를 찾아보세요 기타 용지 옵션 - 프리미엄 프레젠테이션 품질의 컬러 복사 용지, 커버 중량 용지 스톡, 사진 인쇄용 광택 용지 등 모든 목적으로 Hammermill 인쇄 및 복사 용지를 비교하려면 아래로 스크롤하십시오","Hammermill Paper 99.99% 걸림 방지 보장: 고속 디지털 프린터에서 Hammermill 복사 용지를 사용하여 10,000장에 한 번 이상 걸림이 발생하지 않습니다. 그렇지 않으면 Hammermill 용지 구매를 교체해 드리겠습니다. 당사는 매년 1,350만 장 이상의 종이를 테스트하여 각 시트가 일관성이 있는지 확인합니다. 그런 다음 모든 종류의 프린터 및 복사기 장비에서 용지를 테스트하여 종이가 모든 기계에서 항상 잘 작동하는지 확인합니다. 정품 HAMMERMILL 품질인지 확인하세요: 페이지 상단의 제품 제목 아래에서 ""아마존에서 배송 및 판매""를 찾아보세요. 미국 가계도 농부를 포함한 미국 전역의 수백만 명의 지속 가능한 산림 근로자에게 ""단순한 종이 그 이상""입니다. Hammermill 종이는 인증된 지속 가능하게 관리되는 산림의 재생 가능한 자원으로 만들어집니다. 당사는 사업이 몇 세대 동안 지속되기를 원하며 이는 환경을 잘 관리한다는 것을 의미합니다. 이 Hammermill 복사 용지는 다목적 인쇄 및 복사 사용을 위한 경제적인 용지입니다. 21.6 x 27.9cm(8.5 x 11인치) 레터 사이즈 용지와 205 x 14 리갈 사이즈 용지. Hammermill 복사 용지는 단일 스트림 (500 장의 용지)과 종이로 포장된 3 개의 스트림 (1,500 장), 5 개의 스트림 (2,500 장), 400 장 6 팩 (2,400 장), 8 개의 스트림 (4,000 장), 10 개의 스트림 (5,000 장)의 경우에 사용할 수 있습니다. 의 벌크 팩에서 750장, 400장 싱글 팩. 전체 팔레트 및 트럭 적재로도 제공됩니다. 페이지 상단에 나와 있는 사이즈와 스타일 이름 중에서 선택하세요.","['용지', '복사', '종이', '프린터', '미국', '스트림', '지속', '가능하다', '인쇄']"
사무용품,종이,복사 및 다목적 용지,,B0BCLC7Y4R,"BAZIC 100장 파스텔 컬러 다용도 종이 21.6cm x 27.9cm(8.5 x 11인치), 컬러 복사 용지 팩스 레이저 인쇄, 사무실 학교용(100/팩), 2팩",BAZIC Products,23531,23531,4.4,30.0,"⭐ 파스텔 색상. 사랑스러운 파스텔 색상 모음은 모든 예술 프로젝트나 문서를 돋보이게 합니다. 창의력을 발휘하세요. 지속 가능. 100% 재활용 가능. 사용된 모든 시트에 대해 기분이 좋습니다. 두께: 250gsm. 사이즈: 27.9x21.6cm. 프린터 호환. 복사기, 일반 종이, 팩스 기계, 레이저 프린터, 잉크젯 프린터 및 타이핑 기계에 권장합니다. ⭐ 다용도. 다용도 용지는 보고서, 문서, 메모, 교정 및 일반 인쇄에 적합한 용지입니다. ⭐ 수많은 공예에 적합합니다. 교사 용품, 교실, 학교 및 사무용품의 벌크 팩으로 제공되어 비용을 절감할 수 있습니다.",,"['다용', '프린터', '파스텔', '용지', '레이저', '인쇄', '팩스', '문서', '컬러', '학교']"
사무용품,종이,복사 및 다목적 용지,,B01FIK0PXI,HP Papers,HP Papers,39389,39389,4.8,52430.0,"미국에서 제작: HP Papers 는 재생 가능한 산림 자원에서 공급되며 북미에서 0% 삼림 벌채로 생산을 달성했습니다. HP 기술에 최적화: 모든 HP Papers 장비는 물론 다른 모든 프린터 및 복사기 장비에서도 프리미엄 성능을 제공합니다. 완벽한 일상 사무용 용지: 가정, 학교 및 사무실에서 대량 인쇄를 위한 우수한 품질, 신뢰성 및 신뢰성. 일상적인 흑백 인쇄에 적합합니다. 지속 가능 인증: HP Office20 9.1kg(20파운드) 프린터 용지는 Forest Stewardship Council (FSC) 인증을 받았으며 LEED(Leadership in Energy and Environmental Design)에 따라 MR1 신용 충족에 기여합니다. ColorLok 기술 인쇄 용지: ColorLok 기술은 더 생생한 색상, 더 대담한 블랙 및 빠른 건조를 제공합니다. 무산성 용지: HP Office 9.1kg(20파운드) 인쇄 및 복사 용지는 시간이 지남에 따라 황변을 방지하여 보관 품질을 높이기 위해 오래 지속되는 외관을 보장합니다.","1996년에 출시된 HP Paper는Hewlett-Packard Company의 라이선스 하에 종이 제품 분야에서 세계적으로 인정받는 선두 기업인 International Paper를 통해 75여 개국에서 독점적으로 전 세계적으로 제조 및 판매됩니다. HP Office20 프린터 용지는 21.6 x 27.9cm(8.5 x 11인치) 레터 사이즈 용지, 21.6 x 27.9cm(8.5 x 11인치) 3홀 펀치 레터 사이즈 용지, 21.6 x 35.6cm(8.5 x 14인치) 리걸 규격 용지로 . 일상적인 복사부터 풀컬러 프레젠테이션까지 다양한 인쇄 적용 사례를 지원하도록 설계된 광범위한 제품을 통해 항상 일관된 고품질 인쇄 성능을 보장할 수 있습니다.","['용지', '인쇄', '일상', '프린터', '세계', '보장', '지속', '인증', '복사', '장비']"
사무용품,종이,복사 및 다목적 용지,,B000E7BLLG,"HP 인쇄 용지, 216 x 279mm(8.5 x 11인치) 용지, 올인원 10kg(22파운드), 5 림케이스 2,500장, 밝기 96, 미국에서 제조, FSC 인증, 207000C",HP Papers,77379,77379,4.8,9012.0,"미국에서 제조 - HP 종이는 재생 가능한 산림 자원으로 만들어지며, 북미 지역에서 0% 산림 벌채로 생산됩니다. 이미지를 참조하세요. HP 기술에 최적화 - 모든 HP 용지는 HP 장비와 다른 모든 프린터 및 복사기 장비에서 프리미엄 성능을 제공합니다. - 이미지를 참조하세요. 컬러 문서를 인쇄해야 할 때 완벽한 사무실 용지 - HP 올인원22는 일반 다용도 인쇄 용지보다 더 두껍고 더 밝고 더 하야며, 모든 잉크젯/레이저 프린터 및 복사기에 최적화되어 있습니다. 지속 가능성 인증 - HP 올인원 22 10kg(22파운드) 인쇄 용지는 Forest Stewardship Council(FSC) 인증을 받았으며, Leadership in Energy and Environmental Design(LEED)의 MR1 크레딧 기준을 충족합니다. 이미지를 참조하세요. Colorlok 기술 인쇄 용지 - Colorlok 기술은 더 선명한 색상, 더 진한 검은색, 더 빠른 건조를 제공합니다. 이미지를 참조하세요.","HP 용지는 HP 하드웨어와 소모품 및 다른 모든 제조사와 모델의 인쇄 및 복사 장비와 함께 사용할 때 탁월한 인쇄 용지 성능을 제공하도록 최적화된 프리미엄 라인의 비코팅 인쇄 용지입니다. 1996년에 출시된 HP 용지는 종이 제품 분야에서 세계적으로 인정받는 선두업체인 International Paper에 의해 Hewlett-Packard 회사의 라이센스 하에 전세계 75개국 이상에서 독점적으로 제조되고 판매됩니다. 일상적인 복사부터 풀 컬러 프레젠테이션까지 다양한 인쇄 상황을 지원하도록 설계된 다양한 제품으로 인쇄할 때마다 일관된 고품질 인쇄 결과를 얻을 수 있습니다. HP 올인원22는 일반 다용도 인쇄 용지보다 더 두껍고 더 밝고 더 하얀 10kg(22파운드)의 매우 매끄러운 용지입니다. HP 올인원22는 몇몇 색상의 일상적인 인쇄에 완벽하며, 양면 인쇄에 적합합니다. 울트라 화이트 쉐이드 및 ColorLok 기술은 보고서, 학교 과제 및 전문적인 비즈니스 문서를 위한 더 밝은 색상과 더 진한 검은색을 제공합니다. HP 올인원22는 모든 잉크젯/레이저 프린터 및 복사기에 최적화되어 있습니다. HP 올인원22 인쇄 용지는 216 x 279mm(8.5 x 11인치) 레터 사이즈 용지로 판매됩니다.","['용지', '인쇄', '참조', '이미지', '올인', '최적화', '올인원', '복사기', '제조', '프린터']"
사무용품,종이,복사 및 다목적 용지,,B000CD0U82,"Boise Paper X-9 다용도 복사 용지 - 10 Ream (5,000장) | 21.6 x 35.6cm(8.5 x 14인치) 레터 | 92 브라이트 화이트 - 9.1kg(20파운드)",BOISE POLARIS,103875,103875,4.6,4051.0,"일관된 성능과 탁월한 작동 능력을 위해 설계되었습니다 종이 시트 사이즈 - 21.6cm x 35.6cm(8.5인치 x 14인치) 글자 | 밝기 - 92 | 무게 - 9.1kg(20파운드) | 부드러움 - 170 | 불투명도 – 91 | Ream – 10 | 시트 - 5,000 자랑스러운 미국 제조 | Fsc 보관 체인 인증 무산성 용지 | 레이저 보장 | 99.99% 걸림 방지 성능 보장 이 제품은 독립적인 사무 장비 테스트의 글로벌 리더인 Keypoint Intelligence - Buyers Lab에서 성능 테스트를 거쳤습니다","당사의 판매 1위 브랜드인 BOISE X-9 다용도 복사 용지는 실망시키지 않을 것입니다. 수십 년간의 과학, 연구 및 테스트로 신뢰할 수 있고 일관된 시트를 만들었습니다. X-9 다용도 복사 용지는 가정, 사무실 또는 고속 인쇄 환경에서 신뢰할 수 있는 품질을 제공합니다.","['용지', '테스트', '성능', '다용', '시트', '복사', '보장', '일관', '신뢰']"
사무용품,종이,복사 및 다목적 용지,,B00OYINKW4,"일본 라이스 페이퍼 인쇄 가능한 B5 사이즈 용지 (30장), 레이저 및 잉크젯 프린터용 다용도 복사 용지, 일본산, 화이트",ONAO,13836,13836,4.7,824.0,"[ 일본산 라이스 페이퍼 ] 인쇄 가능한 고품질 일본 대마 종이입니다. 이 수제 용지는 인사말 카드, 감사 메모, 웨딩 카드, 계약서, 의식 초대장, 전단지, 전단지, 레스토랑 메뉴 종이, 젓가락 포장 등과 같은 다양한 용도에 가장 적합합니다. [ 일본 전통 종이 ] 자연스러운 질감을 손상시키지 않도록 긴 헴프 섬유로 정제되었습니다. 산림 벌채 방지를 고려한 프린터용 100% 비목재(대마) 일본 종이 [프린터 친화적] 잉크젯 프린터, 잉크 리본 프린터, 레이저 프린터 및 PPC 복사본(열 복사기, 열 프린터)을 지원합니다. [ 레터 용지 사용 ] 복사 및 인쇄뿐만 아니라 필기에도 적합합니다. 일반 펜이나 브러시 펜으로 부드럽게 쓰고 칠할 수 있습니다. [ 제품 정보] 일본산 / 용지 사이즈: B5 사이즈(182mm x 257mm, 7.25인치 x 10.1인치) / 용지 두께: 0.12mm / 시트 수: 30장",,"['프린터', '일본산', '용지', '종이', '복사', '인쇄', '전단지', '라이스', '레이저']"
사무용품,종이,복사 및 다목적 용지,,B01N4IXVFC,"밝은 흰색 종이 - 다용도 사무실 프린트 필기 복사 용지 - 전단지, 포스터, 디자인 제안, 비즈니스 문서 | 21.6 x 35.6cm(8.5 x 14인치) | 31.8kg(70파운드) 텍스트 (12.7kg(28파운드) 본드) | 중성 용지 | 당 100장 팩",S Superfine Printing,31841,31841,4.8,39.0,"컬러 인쇄에 적합 - 매끄러운 표면과 98가지 밝기의 고품질 밝은 화이트 12.7kg(28파운드) 본드 / 31.8kg(70파운드) 텍스트 용지(105gsm). 전단지, 브로셔, 디자인 제안서, 풀 컬러 사진, 포스터, 비즈니스 문서 및 문구류, 편지 및 프레젠테이션에 적합합니다. 각 시트는 21.6 x 35.6cm(8.5 x 14인치) (법적 사이즈)입니다. 99.99% 걸림 방지 보장 - 프리미엄 용지 비용 없이 풍부한 색상 재현, 우수한 이미지 품질 및 탁월한 불투명도를 제공합니다! 신뢰할 수 있는 성능은 문제 없는 작동을 보장하므로 우수한 인쇄 작품을 만드는 데 집중할 수 있습니다. 보관 안전 - 무산성 및 리그닌 프리로 종이를 보존하고 시간이 지남에 따라 색이 바래거나 부서지는 것을 방지하고 오래 지속되는 품질의 외관을 보장합니다! 프린터 호환 - 가정 및 사무실 레이저 및 잉크젯 프린터 및 복사기와 잘 작동합니다. 안전하고 안전한 패키지 - 이 100개의 밝은 흰색 종이 시트 벌크 세트는 안전한 배송 및 보관을 보장하기 위해 안전하게 박스에 포장되어 있어 상황이 발생했을 때 편리한 종이를 사용할 수 있습니다! 개인, 사무실 및 학교용으로 완벽한 종이 선택!",,"['종이', '안전하다', '용지', '보장', '사무실', '흰색', '방지', '우수하다', '인쇄', '비즈니스']"
사무용품,종이,복사 및 다목적 용지,,B0798F1ZFM,Epson 다용도 플러스 페이퍼 - S450217-4 21.6cm x 27.9cm(8.5 x 11인치) (500장),Epson,24957,24957,4.7,995.0,"신뢰할 수 있는 일상적인 사용을 위한 경제적인 양면 사무용 용지. 선명한 블랙 텍스트와 밝은 색상. 경제적인 품질 — 모든 잉크젯 및 레이저 프린터, 복사기 및 팩스와 함께 작동합니다. 만족 보장: 99.99% 번거롭지 않은 인쇄.","일상적인 초안, 문서 및 보고서에 이상적입니다. Epson 프로 인화지부터 미술 미디어 등에 이르기까지 가정이나 비즈니스를 위한 우수한 미디어를 보유하고 있습니다.","['경제', '일상', '미디어', '플러스', '비즈니스', '다용', '레이저', '만족', '무용', '문서']"
사무용품,종이,복사 및 다목적 용지,,B0050MRB8M,"PrintWorks 다용도 용지, 9.1kg(20파운드), 밝기 92, 200장, 21.6 x 27,9cm (8.5 x 11인치) (00019), 흰색",PrintWorks,19570,19570,4.3,203.0,"White 20lb 8.5” x 11” multipurpose paper for everyday use 200 Sheets, poly wrapped for package durability 92 bright white for better contrast and color reproduction Guaranteed for use with laser/inkjet printers, copiers and fax machines Perfect for printing reports, presentations, school projects and more Made in the USA from domestically sourced, SFI(Sustainable Forest Initiative) certified wood fibers Premium Printworks quality since 1964. Satisfaction guaranteed","Printworks Multipurpose Paper is a high quality multipurpose paper for all of your everyday printing needs. Its smooth finish and everyday weight make it the perfect choice for all of your printing projects. Printworks Multipurpose Paper is available in multiple pack counts to fit your specific usage needs: from 200 sheets for quick-print projects to 1200 sheets for multi-user, in-home/office printers. Printworks Multipurpose Paper offers affordable everyday printing that is guaranteed to give you great results on all printers, faxes and copiers. This multipurpose paper is 92 bright and 20lbs and sure to meet your need for quality and value.For over 50 years, we have been the experts on coatings, paper finishes and the total printing process. The Printworks family of multipurpose papers is the perfect choice for a wide variety of printing needs. Whether you are printing recipes, driving directions, school reports or presentations for that I've-got-to-impress business meeting, Printworks has a grade of paper specifically engineered to meet your needs. Printworks brand copy paper is designed and engineered with you in mind. Stringently specified. Meticulously crafted. Assured quality. Satisfyingly affordable. All come with a 100% Satisfaction Guarantee.","['흰색', '용지', '밝기', '다용']"
사무용품,종이,복사 및 다목적 용지,,B00NJG9G3O,"Hammermill 프린터 용지, 프리미엄 레이저 프린트 14.5kg(32파운드), 27.9 x 43.2cm(11 x 17인치) - 1연(500장) - 98 밝기, 미국 제조, 104653R",Hammermill,52172,52172,4.7,1025.0,"색상 집약적인 인쇄용 - Hammermill 27.9 x 43.2cm(11 x 17인치) 14.5kg(32파운드) 프리미엄 레이저 프린터 용지는 전문적인 외관, 색상 집약적인 인쇄를 위해 설계되었습니다. 이 프리미엄 복사 용지는 모든 레이저 및 컬러 프린터에서 작동하도록 제작되었습니다. 매우 매끄러운 표면 - 이 프리미엄 컴퓨터 용지는 우수한 색상 이미지와 텍스트를 위해 특별히 고안된 무거운 무게와 매우 매끄러운 마감이 특징입니다. 최대 2400dpi 해상도를 담을 수 있는 흰색 프린터 용지입니다. 무산성 용지 - 이 중성 흰색 프린터 용지는 시간이 지남에 따라 시트가 황변하는 것을 방지하여 오래 지속되는 보관 품질을 보장합니다. 전문적인 디자인 제안, 다이렉트 메일, 브로셔 및 풀 컬러 프레젠테이션에 이상적인 복사기 용지입니다. 미국에서 지속 가능하게 제작 - 오리지널 Hammermill 복사 용지는 LEED(에너지 및 환경 디자인 리더십)에서 종이 및 목재 제품에 대한 ""MR1 성능""에 기여하는 산림 관리 이사회(FSC) 인증을 받았습니다.","Hammermill 프리미엄 레이저 프린트 27.9 x 43.2cm(11 x 17인치) 14.5kg(32파운드) 복사 용지는 색상 집약적인 인쇄 또는 최상의 외관을 필요로 하는 모든 프로젝트를 위해 설계되었습니다. 98 밝기의 프리미엄 화이트 프린터 용지는 모든 레이저 및 컬러 프린터에서 작동하도록 제작되었습니다. 프리미엄 복사 용지로 무거운 무게와 매우 매끄러운 마감이 특징이며, 우수한 색상 이미지와 텍스트를 위해 특별히 제작되었습니다. 최대 2400dpi 해상도를 담을 수 있는 Hammermill 프리미엄 레이저 인쇄 용지는 탁월한 인쇄 대비와 실제 색상 재현을 제공합니다. 전문적인 디자인 제안, 브로셔, 뉴스레터, 양식, 보고서, 팩스, 다이렉트 메일, 송장, 서신 및 풀 컬러 프레젠테이션을 생산하는 레이저 프린터 용지입니다. 99.99. 고속 디지털 프린터에 Hammermill 복사 용지를 사용하는 000장 그렇지 않으면 Hammermill 용지 구매를 대체할 것입니다. 매년 1350만 장 이상의 종이를 테스트하여 각 시트의 일관성을 보장합니다. 그런 다음 저희는 모든 종류의 프린터 및 복사기 장비에서 종이를 테스트하여 매번 모든 기계에서 사용할 수 있도록 합니다. Hammermill 용지를 구입하면 숲을 보존하고 회복하는 데 도움이 된다는 것을 알고 계셨나요? 미국 가계 농부를 포함한 미국 전역의 수백만 명의 지속 가능한 산림 노동자에게는 ""단순한 종이 그 이상""입니다. Hammermill 프린터 용지는 인증된 지속 가능하게 관리되는 숲의 재생 가능한 자원으로 만들어집니다. 당사는 몇 세대 동안 사업이 지속되기를 원하며 이는 우리 환경을 잘 관리한다는 것을 의미합니다. 오리지널 HAMMERMILL 품질인지 확인하십시오. 페이지 상단의 제품 이름 아래에 있는 ""아마존에서 배송하고 판매""를 찾아보세요.","['용지', '프린터', '프리미엄', '레이저', '복사', '인쇄', '지속', '미국', '가능하다', '종이']"
사무용품,종이,복사 및 다목적 용지,,B00BX9MDRK,"해머밀 종이, 레이저 인쇄 용지",Hammermill,80856,80856,4.7,5200.0,재활용 내용물: 0% PCW 색상: 흰색 밝기: 98 (미국) / 112 (국제),"Hammermill Premium Laser Print 8.5” x 11” 24lb copy paper is designed for color-intensive printing or any project that needs to look its best. This premium white printer paper, with a 98 brightness, is manufactured to run in all laser and color printers. It’s premium copying paper that features a heavier weight and an ultra-smooth finish that is specially formulated for superior color images and text. Capable of holding up to 2400 dpi resolution, the Hammermill Premium Laser printing paper provides excellent print contrast and true color reproduction. It’s laser printer paper that produces professional-looking design proposals, brochures, newsletters, forms, reports, faxes, direct mail, invoices, correspondences and full-color presentations. Our 99.99. 000 sheets using Hammermill copying paper on your high-speed digital printer or we will replace your Hammermill paper purchase. We test more than 13.5 million sheets of paper every year to make sure that each sheet is consistent. Then we test our papers on all kinds of printer and copier equipment to ensure that it will work for you, every time, on every machine. Did you know that you are helping to conserve and restore forests when you buy Hammermill paper? “It’s More Than Just Paper” to us and millions of sustainable forestry workers across America, including American family tree farmers. Hammermill printer papers are made with renewable resources from certified sustainably managed forests. We want our business to last for generations and that means taking good care of our environment. MAKE SURE IT’S ORIGINAL HAMMERMILL QUALITY: look for “Ships from and sold by Amazon” at the top of the page, under the product title.","['흰색', '해머', '종이', '재활용', '인쇄', '용지', '밝기', '미국', '레이저', '내용물']"
사무용품,종이,복사 및 다목적 용지,,B0006L01I4,"Kokuyo KB 용지, 용지 두께 0.09mm, 64gsm, 80 브라이트 (ISO), FSC 인증, 일본 수입 (1, A5)",KOKUYO,21883,21883,4.5,20221.0,[일반 용지] Kokuyo KB 용지는 잉크젯 및 열전사 프린터 및 PPC 복사기와 같은 다양한 유형의 프린터에 사용할 수 있습니다. 이렇게 하면 각 프린터의 특수 용지를 주문하고 보관하는 번거로움을 줄일 수 있습니다. [0.09mm 두께] 용지는 양면 인쇄를 견딜 수 있을 만큼 두껍으며 회의 및 프레젠테이션에 사용되는 재료와 비슷합니다. [무산성 종이] 종이의 산화 분해를 방지하고 장기간 보관에 적합합니다. [FSC 인증] 눈길을 끄는 색상의 FSC 인증 펄프로 만든 환경 친화적인 제품입니다. [고품질] Kokuyo KB 용지는 프린터 걸림 및 용지 얼룩 등과 같은 문제를 줄일 수 있으므로 고품질은 프린터의 내구성에 정말 도움이 됩니다.,,"['용지', '프린터', '인증', '종이', '보관']"
사무용품,종이,복사 및 다목적 용지,,B07PV2Z7BF,"1InTheOffice 옐로우 복사 용지, 옐로우 컬러 복사 용지, 프린터 용지 21.6 x 27.9cm(8.5 x 11인치) 레터 사이즈, 9.1kg(20파운드) 밀도, (500장)",1InTheOffice,33226,33226,4.5,40.0,"노란색 복사 용지 21.6cm x 27.9cm 레터 사이즈. 총 500장, 9.1kg(20파운드) 밀도. 매일 사용하기에 적합합니다 노란색 용지는 흰색 시트가 자르지 않을 때 프린터 및 복사 용지에 이상적인 선택입니다 이 노란색 복사 용지는 21.6 x 27.9cm(8.5 x 11인치) 크기로 월간 뉴스레터, 대학 종이, 바인더 등에 이상적인 크기입니다 모든 사무실 기계, 레이저 및 잉크젯 프린터, 일반 종이 팩스 기계와 호환됩니다 1InTheOffice 평생 , 무산성 제품으로 시간이 지나도 노랗게 변하거나 부서지지 않습니다",,"['용지', '복사', '프린터', '노란색', '기계', '종이', '옐로우', '밀도']"
사무용품,종이,복사 및 다목적 용지,,B008KPAB74,"Relay MP, 다용도 복사 용지, 9.1kg(20파운드), 21.6cm(8.5인치) x 27.9cm(11인치), 92 밝기 - 10 연 상자 / 5,000장 (013020",Relay,96936,96936,4.5,511.0,"다목적 복사 용지 - 경제적인 다목적 백지는 모든 유형의 프린터 및 복사기에 사용할 수 있습니다 무산성 프린터 용지 - 문서의 수명을 연장하는 아카이브 품질을 더하기 위한 무산성 프린터 용지 작동하도록 설계된 프린터 용지 - 소형 및 대형 오프셋 프레스, 복사기, 레이저 및 잉크젯 프린터를 포함한 디지털 이미징 장비, 일반 종이 팩스 기계에서 작동합니다 10 REAM 용지 케이스 - 릴레이는 10 연한 종이 케이스에 제공되며 탁월한 작동 능력과 인쇄 능력을 제공합니다 미국에서 제작 프린터 용지 - 8. 12.7 x 27.9cm(5 x 11인치) 복사 용지는 미국에서 제작되었으며 대량","Relay MP는 경제적인 다목적 사무용 용지입니다. 92가지 밝기. 대용량 요구 사항에 적합합니다. 탁월한 작동 및 인쇄성. 무산성. 화이트. 고속 및 저속 복사기, 오프 세트 프레스용으로 설계되었습니다. 기본 WT. : 9.1kg (20파운드). 소형 및 대형 오프셋 프레스, 복사기, 레이저 및 잉크젯 프린터를 포함한 디지털 이미징 장비, 일반 종이 팩스 기계에서 작동합니다. 일관된 잉크와 토너 수용성을 위한 평평하고 균일한 표면. 비침을 최소화하기 위한 높은 불투명도. 지속 가능한 산림 계획.","['용지', '프린터', '복사기', '복사', '종이', '무산', '목적', '오프셋', '일반', '인쇄']"
사무용품,종이,복사 및 다목적 용지,,B07FQTX7TP,7503 강화 프리미엄 다용도 복사 용지 9.1kg(20파운드) 21.6cm x 27.9cm(8.5인치 x 11인치) 3홀 1림/500장,DocuCopy,47159,47159,4.0,31.0,9.1kg(20파운드). 용지 무게 바인딩 가장자리에 튼튼한 강화 스트립(27.9cm(11인치)) 3홀 펀치 500장 1림 92 밝음,DocuCopy 다목적 용지는 인쇄 및 바인딩 재료를 향상시키기 위해 설계되었습니다. 강화된 가장자리가 바인딩 가장자리를 따라 시트에 움푹 들어가게 되어 정상적인 사용 시 바인딩에서 찢어지지 않는 강력하고 안전한 시트를 만듭니다. DocuCopy 강화 용지는 프린터 또는 복사기 트레이에 평평하게 놓을 수 있으며 일반 용지처럼 쉽게 사용할 수 있습니다. 500장 1장.,"['용지', '강화', '바인', '가장자리', '시트', '림', '홀', '트레이', '정상', '강력하다']"
사무용품,종이,복사 및 다목적 용지,,B0CPTHQH96,"다용도 복사 프린터 용지, 21.6 x 27.9cm(8.5 x 11인치), 9.1kg(20파운드), (화이트, 10 REAMS/1 케이스)",UBMOVE,96880,96880,4.0,3.0,"다용도 레터 사이즈 복사 용지는 매일 사용하기에 적합합니다. 가정, 학교 및 사무실에서 대량 인쇄를 위한 훌륭한 품질, 내구성 및 신뢰성. 21.6cm x 27.9cm(8.5인치 x 11인치) 흰색 복사기 및 프린터 용지 1케이스/10 드림(5000장), 9.1kg(20파운드). 프린터 호환, 레이저/잉크젯 프린터, 복사기 및 팩스 기계에 권장합니다. 밝은 백지는 모든 영역에서 더 나은 결과를 위해 우수하고 전문적인 인쇄물을 제공합니다. 매끄러운 마감으로 다양한 문서 인쇄 및 복사 요구 사항을 위한 다용도 옵션으로 용지 걸림을 방지합니다. 크고 작은 사무실에서 매일 사용할 수 있도록 설계된 훌륭한 사무실 용지. 오래 사용할 수 있는 중성 제품으로 전문적인 외관으로 대량 작업 및 일반 복사를 위한 훌륭한 선택입니다.",,"['용지', '복사', '프린터', '사무실', '훌륭하다', '복사기', '다용', '케이스', '대량', '전문']"
사무용품,종이,복사 및 다목적 용지,,B0BX4TWX3S,"22.9 x 30.5cm(9 x 12인치) 화이트 일반 용지 - 복사, 인쇄 및 필기를 위한 다용도 사무실 용지 | 잉크젯 및 레이저 프린터 호환 | 10.9kg(24파운드) 본드 / 27.2kg(60파운드) 텍스트 / 90gsm - 매끄러운 마감 | 250장 팩 당 ets",S Superfine Printing,37381,37381,4.1,8.0,"컬러 인쇄에 적합 - 매끄러운 마감과 94가지 밝기의 고품질 10.9kg(24파운드) 본드 / 27.2kg(60파운드) 텍스트 용지(90gsm). 전단지, 브로셔, 디자인 제안서, 풀 컬러 사진, 포스터, 비즈니스 문서 및 문구류, 편지 및 프레젠테이션에 적합합니다. 각 시트는 22.9 x 30.5cm(9 x 12인치)입니다. 99.99% 걸림 방지 보장 - 프리미엄 용지 비용 없이 풍부한 색상 재현, 우수한 이미지 품질 및 탁월한 불투명도를 제공합니다! 신뢰할 수 있는 성능은 문제 없는 작동을 보장하므로 우수한 인쇄 작품을 만드는 데 집중할 수 있습니다. 보관 안전 - 무산성 및 리그닌 프리로 종이를 보존하고 시간이 지남에 따라 색이 바래거나 부서지는 것을 방지하고 오래 지속되는 품질의 외관을 보장합니다! 프린터 호환 - 가정 및 사무실 레이저 및 잉크젯 프린터 및 복사기와 잘 작동합니다. 개인, 사무실 및 학교용으로 완벽한 종이 선택! 안전하고 안전한 패키지 - 이 백지 250장 벌크 세트는 안전한 배송 및 보관을 보장하기 위해 안전하게 박스에 포장되어 있어 상황이 일어날 때 편리한 종이를 사용할 수 있습니다!",,"['보장', '안전하다', '용지', '인쇄', '종이', '프린터', '사무실', '보관', '잉크젯', '컬러']"
사무용품,종이,복사 및 다목적 용지,,B000H0ZDUA,"Pacon 네온 다목적 용지, 옐로우, 21.6 x 27.9cm(8-1/2 x 11인치), 100장",Pacon,22644,22644,4.0,127.0,"다목적 10.9kg(24파운드). 본드 페이퍼; 한쪽 면에 컬러 터지는 종이. 포스터나 표지판에 주목을 받으세요 인쇄, 복사에 적합하며 레이저 프린터와 호환됩니다 핫 형광 색상은 메시지에 생명을 불어넣습니다 재활용 가능. 블랙 라이트 아래에서 색상이 빛납니다!","메시지를 생생하게 표현하는 핫 형광 색상. 다목적 10.9kg(24파운드). 본드 페이퍼는 한쪽에 색칠되어 있으며 매력적인 상단 시트가 있는 필름으로 포장된 패키지로 제공됩니다. 네온 옐로우 용지의 크기는 21.6cm x 27.9cm(8.5인치 x 11인치)이며 100장의 종이가 포함되어 있습니다. 인쇄, 복사에 적합하며 레이저 프린터와 호환됩니다. 재활용 가능.","['목적', '호환', '종이', '레이저', '메시지', '복사', '본드', '옐로우', '용지', '인쇄']"
사무용품,종이,복사 및 다목적 용지,,B009ZMP31K,"Hammermill 프린터 용지, 그레이트 화이트 100% 재활용 용지, 21.6 x 27.9cm(8.5 x 11인치) - 1연 (500장) - 92 밝음, 미국 제조, 086790R",Hammermill,29985,29985,4.6,4959.0,"HAMMERMILL 프린터 용지 - Hammermill 그레이트 화이트 21.6 x 27.9cm(8.5 x 11인치) 프린터 및 복사 용지는 여러분만큼 열심히 작동합니다. 이 신뢰할 수 있는 일상적인 복사 용지는 모든 장비를 효율적으로 사용할 수 있으며 쉽게 읽을 수 있도록 뚜렷한 대비를 가지고 있습니다. 100% 재활용 용지 - Hammermill 그레이트 화이트 재활용 프린터 용지는 소비자 사용 후 섬유로 제작되었습니다. 정밀하고 정확한 시트, 일관된 수분 함량 및 컬 컨트롤이 있는 다용도 용지로 부드럽고 문제 없는 성능을 보장합니다. 99.99% 걸림 방지 보장 - 고속 디지털 장비에서 10,000장의 재활용 용지에 두 개 이상의 걸림을 경험하지 않을 것을 보장합니다. 그렇지 않으면 Hammermill 종이 구매를 교체해드립니다. Hammermill 품질을 보장합니다. 미국에서 지속 가능하게 제작 - Hammermill 복사 용지는 Sustainable Forestry Initiative Inc.(SFI) 인증을 받았습니다. 100% 미국에서 제작된 이 제품은 가계 농부를 포함한 미국에서 240만 개의 지속 가능한 산림 일자리를 지원합니다. 다용도 - 다양한 크기로 제공되는 이 재활용 9.1kg(20파운드) 복사기 용지는 양식, 게시판, 팩스, 법률 서류, 메모, 가격표, 복사 등에 이상적입니다. GSM-75","Hammermill 그레이트 화이트 21.6 x 27.9cm(8.5 x 11인치) 100% 재활용 용지는 여러분만큼 열심히 작동합니다. 이 신뢰할 수 있는 일상적인 복사기 용지는 모든 장비를 효율적으로 사용할 수 있으며 쉽게 읽을 수 있도록 뚜렷한 대비를 가지고 있습니다. 이 재활용 프린터 용지는 소비자 사용 후 섬유로 만들어집니다. 정확하고 정확한 시트, 일관된 수분 함량 및 컬 컨트롤이 특징인 다용도 레터 사이즈 컴퓨터 용지로 부드럽고 문제 없는 성능을 보장합니다. 양식, 게시판, 팩스, 법률 서류, 메모, 가격표, 사본 등을 위한 모든 가정 및 사무실 프린터에 이상적입니다. 99.99% 걸림 방지 보장은 고속 디지털 프린터에 Hammermill 복사 용지를 사용하여 10,000장 이상 걸림을 경험하지 못한다는 것을 의미합니다. 그렇지 않으면 Hammermill 종이 구매를 대체할 것입니다. 매년 1,350만 장 이상의 종이를 테스트하여 각 시트가 일관되게 있는지 확인합니다. 그런 다음 모든 종류의 프린터 및 복사기 장비에서 종이를 테스트하여 매번 모든 기계에서 사용할 수 있도록 합니다. Hammermill 종이를 구입하여 숲을 보존하고 복원하는 데 도움이 된다는 것을 알고 계셨나요? 미국 가계 농부를 포함하여 미국 전역의 수백만 명의 지속 가능한 산림 근로자에게 ""단순한 종이 그 이상""입니다. Hammermill 프린터 용지는 인증된 지속 가능하게 관리되는 숲의 재생 가능한 자원으로 만들어집니다. 저희는 저희 사업이 몇 세대 동안 지속되기를 원하며 이는 환경을 잘 관리하는 것을 의미합니다. 정품 Hammermill 품질을 확인하세요: 페이지 상단의 제품 제목 아래에 있는 ""배송과 판매처""를 찾아보세요.","['용지', '프린터', '재활용', '미국', '보장', '종이', '가능하다', '복사', '지속', '화이트']"
사무용품,종이,복사 및 다목적 용지,,B000GAU95A,"Discovery 프리미엄 셀렉션 레이저, 잉크젯 복사 및 다용도 용지",Grupo Portucel Soporcel,119428,119428,3.7,7.0,밝기_백분율 - 97% 밝기_표준 - 97 GE/110 ISO 원산지 - 포르투갈 재활용 - 아님,"다목적 레터 사이즈 용지는 고품질의 밝은 흰색 용지로 훌륭한 인상을 남깁니다. 모든 유형의 인쇄에 이상적입니다. 9.1kg(20파운드). 용지는 레이저 프린터, 잉크젯 프린터, 다기능 프린터, 팩스 기계 및 복사기와 호환됩니다.","['용지', '프린터', '레이저', '밝기', '잉크젯', '셀렉', '능', '다기', '다용', '목적']"
사무용품,종이,복사 및 다목적 용지,,B07GZ2ZVH9,7594 강화 프리미엄 다용도 복사 용지 10.9kg(24파운드) 21.6 x 27.9cm(8.5 x 11인치) 3홀 1팩/100장,DocuCopy,27630,27630,5.0,1.0,24# 용지 무게 강화된 바인딩 가장자리(27.9cm(11인치)) 3홀 펀치 100장 1팩 92 밝음,DocuCopy 다목적 용지는 인쇄 및 바인딩 재료를 향상시키기 위해 설계되었습니다. 강화된 가장자리가 바인딩 가장자리를 따라 시트에 움푹 들어가게 되어 정상적인 사용 시 바인딩에서 찢어지지 않는 강력하고 안전한 시트를 만듭니다. DocuCopy 강화 용지는 프린터 또는 복사기 트레이에 평평하게 놓을 수 있으며 일반 용지처럼 쉽게 사용할 수 있습니다. 100장 1팩.,"['용지', '강화', '바인', '가장자리', '시트', '홀', '트레이', '정상', '강력하다', '프린터']"
사무용품,종이,복사 및 다목적 용지,,B010HB76XU,"HP 프린터 용지 8.5 x 11 용지 복사 9.1kg(20파운드) 10장 - 5,000장 92 브라이트 FSC 인증 200230C",HP Papers,110052,110052,4.3,178.0,"시트 크기 - 21.6 x 27.9cm(8.5 x 11인치) | 개수 - 10 | 시트 양 - 5000 | 문진 - 9.1kg(20파운드). 완벽한 일상 사무실 용지 - 가정, 학교 및 사무실에서 대량 인쇄를 위한 우수한 품질, 신뢰성 및 신뢰성. 일상적인 흑백 인쇄에 적합합니다. 무산성 복사 용지 - HP Copy20 9.1kg(20파운드) 프린터 용지는 산림 관리 협의회(FSC) 인증을 받았으며 LEED(Leadership in Energy and Environmental Design)에 따라 MR1 신용 충족에 기여합니다 일상적인 사용을 위한 설계 - 모든 HP Papers 제품은 HP 장비뿐만 아니라 다른 모든 프린터 및 복사기 장비에서도 프리미엄 성능을 제공합니다. Colorlock Tecknology - 우수한 프린터 용지로 더 생생한 색상, 더 대담한 블랙 및 빠른 건조를 제공합니다.","HP papers HP 하드웨어 및 소모품 및 기타 모든 제조업체 및 모델의 인쇄 및 복사 장비와 함께 사용할 때 탁월한 인쇄 용지 성능을 제공하도록 최적화된 비코팅 인쇄 용지 프리미엄 라인입니다. 1996년에 출시된 HP 용지는 Hewlett-Packard 회사의 허가를 받아 종이 제품 분야에서 세계적으로 인정받는 리더인 International Paper를 통해 75개국 이상에서 독점적으로 전 세계적으로 제조 및 판매됩니다. 일상적인 복사부터 풀 컬러 프레젠테이션에 이르기까지 다양한 인쇄 응용 프로그램을 지원하도록 설계된 다양한 제품을 통해 매번 일관된 고품질 인쇄 성능을 보장할 수 있습니다. HP Copy20 용지는 9.1kg(20파운드)로 가정, 학교 및 사무실에서 매일 인쇄할 수 있는 매우 부드럽고 경제적인 다목적 용지입니다. HP Copy20은 대용량 흑백 인쇄 및 복사를 위해 특별히 제작되었습니다. ColorLok 기술로 설계된 HP Copy20 용지는 보고서 및 인상적인 비즈니스 문서를 위해 더 밝은 색상과 대담한 검정색을 제공합니다. HP Copy20 프린터 용지는 8개로 제공됩니다. 5 x 11 레터 사이즈 용지.","['용지', '인쇄', '복사', '프린터', '일상', '장비', '사무실', '성능']"
사무용품,종이,복사 및 다목적 용지,,B07PV3JYWM,"1InTheOffice 컬러 복사 용지, 그린 복사 용지, 인쇄 용지 21.6 x 27.9cm(8.5 x 11인치), 레터 사이즈, 그린, 밀도 9.1kg(20파운드), (500장)",1InTheOffice,33226,33226,4.9,45.0,"녹색 복사 용지는 매끄럽고 평평한 마감으로 색상 코딩에 탁월하며 포인트에 인쇄하기에 적합합니다 종이는 30% 재활용 재료를 포함합니다. 무산성; 시간이 지나도 노랗거나 부서지지 않습니다 뉴스레터, 전단지, 양식, 학교/미술 프로젝트, 보고서, 색상 코딩 등을 위한 이상적인 컬러 복사 용지입니다. 21.6cm x 27.9cm(8.5인치 x 11인치) 레터 사이즈. 총 500장, 밀도 9.1kg(20파운드), 매일 사용하기에 적합합니다 모든 사무실 기계, 레이저 및 잉크젯 프린터, 일반 종이 팩스 기계와 호환됩니다",,"['용지', '복사', '인쇄', '코딩', '기계', '밀도', '종이', '컬러', '그린', '탁월하다']"
사무용품,종이,복사 및 다목적 용지,,B0B96ZJW3S,"블랙 카드 스톡 프린터 용지 200장, 14.5kg(32파운드)/120gsm, A4 문구 용지, 예술 공예, 편지, 초대장, 레이저 및 잉크젯 프린터용 두꺼운 종이 접기 종이 시트 (블랙)",vidabita,37381,37381,3.7,26.0,"밸류 팩: 패키지에는 200장의 블랙 프린터 용지가 포함되어 있어 항상 충분합니다. 이 두꺼운 종이는 드로잉, DIY 프로젝트, 편지, 창의적인 예술 및 공예 프로젝트에 이상적입니다. 프리미엄 품질: 120gsm 리그닌과 중성지로 제작되어 분해가 가능하고 환경 친화적입니다. 내구성과 고품질로 개인용으로 완벽한 선택입니다. 레터 사이즈 용지: 21cm x 29.7cm 블랙 프린터 용지, 20.4kg 고중량 커버 용지 92가지 밝기, 매끄러운 마감. 모든 상황에 적합: 충분히 두꺼운 종이는 결혼식, 기념일, 생일, 졸업식, 비즈니스 문서 인쇄 또는 편지 쓰기와 같은 많은 경우에 이상적입니다. 프린터 호환: 잉크젯 및 레이저를 포함한 프린터와 잘 작동하여 매일 걸림 없이 인쇄할 수 있습니다.","3가지 색상의 A4 용지 200장은 화이트, 아이보리, 블랙 등 모든 상황에 적합합니다. 오래 지속되는 내구성이 뛰어난 120gsm 종이로 제작되어 다양한 용도에 적합합니다.","['용지', '프린터', '종이', '블랙', '편지', '두껍다', '예술', '프로젝트', '공예', '제작']"
사무용품,종이,복사 및 다목적 용지,,B07FF8SGFZ,"1InTheOffice 파스텔 컬러 카피 페이퍼, 모듬, 8.5 x 11 인치 글자 사이즈, 20lb 밀도, (400 시트)",1InTheOffice,29902,29902,4.5,140.0,"8.5"" x 11"" 글자 사이즈. 총 400장, 밀도 20lb; 매일 사용하기에 좋습니다. 다양한 색상: 핑크, 그린, 골드 로드, 블루 및 카나리아 모든 사무실 기계, 레이저 및 잉크젯 프린터, 일반 용지 팩스 기계와 호환됩니다. 30%의 재활용 내용물 포함 1InTheOffice 평생 보증, 애시드프리, 시간이 지남에 따라 노란색이나 무늬가 생기지 않습니다.",,"['글자', '기계', '밀도', '호환', '핑크', '그린', '내용물', '노란색', '레이저', '로드']"
사무용품,종이,복사 및 다목적 용지,,B07PRN3N5B,"Hammermill 프린터 용지, 프리미엄 컬러 12.7kg(28파운드) 복사 용지, 21.6 x 27.9cm(8.5 x 11-8 Ream)(4,000장) - 100 밝음, 미국산, 102467C",Hammermill,124497,124497,2.6,10.0,"프리미엄 컬러 복사 용지 - Hammermill 프리미엄 컬러 복사 12.7kg(28파운드) 용지는 작업을 최고로 보여주기 위해 설계된 하이테크 시트를 제공하므로 디자인 제안, 풀 컬러 프레젠테이션, 사진, 브로셔 등에 자신 있게 사용할 수 있습니다. 매우 밝은 마감 - 100가지 밝기로 이 복사 용지는 탁월한 이미지 대비와 실제 색상 재현을 위해 매우 밝습니다. 매우 매끄러운 종이 표면은 우수한 토너 접착력과 무거운 토너 사용을 위한 안정적인 표면을 제공합니다. 99.99% 걸림 방지 보장 - 고속 디지털 장비에서 10,000장의 컴퓨터 용지에 두 번 이상 걸림이 발생하지 않음을 보장합니다. 그렇지 않으면 Hammermill 용지 구매를 교체해 드리겠습니다. Hammermill 종이 품질을 신뢰할 수 있습니다. 기타 용지 옵션 - 프리미엄 프레젠테이션 품질의 컬러 복사 용지, 커버 중량 용지, 사진 인쇄용 광택 용지, 15가지 파스텔 색조의 다목적 복사 용지를 포함한 모든 목적을 위한 Hammermill 인쇄 및 복사 용지가 있습니다. 미국에서 지속 가능한 제작 - 오리지널 Hammermill 프린터 용지는 산림 관리 협의회(FSC) 인증을 받았으며, 이는 타사 인증을 받고 지속 가능하게 관리되는 산림의 재생 가능한 자원으로 만들어졌습니다.","Hammermill 프리미엄 컬러 카피 12.7kg(28파운드) 용지는 작업을 최상의 상태로 보여줄 수 있도록 설계된 첨단 인쇄 용지를 제공합니다. 디자인 제안서 또는 풀 컬러 프레젠테이션부터 사진, 전단지 또는 브로셔에 이르기까지 중요한 고객 대면 문서를 모두 보려면 이 프린터 용지를 선택하십시오. 100가지 밝기의 이 프리미엄 복사 용지는 탁월한 이미지 대비와 트루 컬러 재현을 위해 매우 밝습니다. 매우 매끄러운 종이 표면은 우수한 토너 접착력과 더 안정적인 표면을 제공하여 토너를 더 많이 사용할 수 있습니다. 이 프리미엄 복사 및 인쇄 용지를 사용하면 디지털 인쇄 장비, 컬러 복사기 및 컬러 레이저 프린터에서 일관되게 신뢰할 수 있는 결과를 얻을 수 있습니다. 이 중성 백지는 시간이 지남에 따라 시트가 황변되는 것을 방지하여 오래 지속되는 보관 품질을 보장합니다. 99.99. 고속 디지털 프린터에서 Hammermill 컴퓨터 용지를 사용하여 000장을 사용하거나 Hammermill 용지 구매를 교체해 드립니다. 당사는 매년 1,350만 장 이상의 종이를 테스트하여 각 시트가 일관성이 있는지 확인합니다. 그런 다음 모든 종류의 프린터 및 복사기 장비에서 용지를 테스트하여 모든 기계에서 항상 작동하는지 확인합니다. Hammermill 종이를 구입할 때 숲을 보존하고 복원하는 데 도움이 된다는 사실을 알고 계셨나요? 미국 가계도 농부를 포함한 미국 전역의 수백만 명의 지속 가능한 산림 근로자에게 ""단순한 종이 그 이상""입니다. Hammermill 프린터 용지는 인증된 지속 가능하게 관리되는 산림의 재생 가능한 자원으로 만들어 졌기 때문에 제품 사용에 대해 기분이 좋아질 수 있습니다. 정품 HAMMERMILL 품질인지 확인하세요: 페이지 상단의 제품 제목 아래에서 ""아마존에서 배송 및 판매""를 찾아보세요.","['용지', '컬러', '복사', '프린터', '프리미엄', '가능하다', '종이', '지속', '인쇄', '미국']"
사무용품,종이,복사 및 다목적 용지,,B08TDPLDSD,"Paper | Hydronote 24.5kg(55파운드) 다용도 복사 용지 21.6 x 27.9cm(8.5 x 11인치) 화이트 | 찢어짐 방지, 방수 프린터 용지 | 레이저, 잉크젯 프린터, 복사기 및 인쇄 프레스 용지, 100장",TerraSlate,76175,76175,4.3,60.0,"다용도 및 내구성 - TerraSlate Hydronote 화이트 복사 용지는 방수 및 찢어짐 방지 합성 컴퓨터 용지입니다. 레이저, 잉크젯 및 오프셋 프린터, 복사기 및 인쇄기와 호환됩니다. 양면에 인쇄할 수 있는 방수 용지는 일반적으로 사용 가능한 인쇄 옵션과 함께 사용하도록 제작되었습니다. 물보다 더 많은 것을 배출합니다 - 이 레이저 용지는 실내 및 실외 응용 모두에서 잘 작동하며 변화하는 환경 조건에서 인쇄물을 보존합니다. 액체, 화학 물질 및 대부분의 용제에 강한 접이식 내구성 있는 복사기 용지입니다. 비용 효율적이고 내구성이 뛰어난 복사 용지 - TerraSlate Hydronote 복사 용지는 내구성 있는 인쇄 요구 사항에 큰 가치를 제공합니다. 라미네이트 소재로 흔히 볼 수 있는 것처럼 젖었을 때 거품이 생기거나 분리되지 않습니다. 말아서 구부리고 걱정 없이 열대 우림에서 하이킹을 할 수도 있습니다. 완벽한 인쇄 품질 - 미국에서 고품질 소재로 제작된 이 레터 용지는 매끄럽고 색이 바래지 않아 깔끔한 선과 선명한 색상의 이미지를 제공합니다. 이 18.1kg(40파운드) 본드(24.5kg(55파운드) 커버) / 150GSM 두꺼운 용지는 연필, 펜, 마커, 샤피 또는 크레용으로 쓸 수도 있습니다. FSC 검증 프레젠테이션 용지 - 이 프린터 용지는 산림 관리 협의회(FSC)의 요구 사항을 충족합니다. 즉, 이 두꺼운 프린터 용지는 윤리적 생산의 황금 표준을 사용하여 제조되었다는 것입니다. 이 소재는 사회적으로 유익하고 환경적으로 적절하며 경제적으로 실행 가능한 숲에서 공급됩니다.","젖거나 더러워지는 것을 두려워하지 않는 인쇄 가능한 인쇄물이 필요할 때 Hydronote 프린터 용지가 여러분을 보호해 드립니다. Hydronote는 모든 인쇄 요구 사항을 충족하는 내구성이 뛰어나고 다재다능하며 비용 효율적인 솔루션입니다. 레이저 및 잉크젯 프린터와 호환되는 Hydronote는 방수 및 찢어짐 방지 기능이 있어 실외 또는 혹독한 환경에서 사용하기에 적합합니다. 이 방수 용지는 일반 용지처럼 느껴지며 양면에 검은색 또는 생생한 색상으로 인쇄할 수 있습니다. Hydronote는 내구성을 더하기 위해 일반 컴퓨터 프린터 용지보다 두껍습니다. 탁월한 차트, 포스터, 간판, 태그 또는 현장 설명서(한글이 아닐 수 있음)를 위해 찢어짐 방지 기능을 유지하면서 접거나 구멍을 뚫고 자를 수 있습니다. Hydronote로 인쇄하면 수명이 길고 오래 지속되는 기능을 위해 인쇄할 수 있습니다. Hydronote 빈 복사 용지는 잉크젯이나 레이저 프린터를 통해 쉽게 인쇄할 수 있으며 펜, 연필 또는 마커로 쓸 수 있습니다. 잉크젯을 사용하여 인쇄한 후 시트가 말릴 수 있지만 책처럼 무거운 물체를 사용하여 평평하게 만들 수 있습니다.","['용지', '인쇄', '프린터', '구성', '레이저', '잉크젯', '복사', '방수', '방지']"
사무용품,종이,복사 및 다목적 용지,,B07JL2NLYT,"21.6 x 27.9cm(8-1/2 x 11인치) 다목적 변조 방지 무단 복사 방지 그린 보안 용지, (100개 팩)",NextDayLabels,23531,23531,3.9,148.0,"보안 용지: 100개 팩, 21.6 x 27.9cm(8-1/2 x 11인치), 24# 변조 방지 복사 방지 대본 녹색 보안 용지. 무단 사본: 원본 기밀 문서의 무단 사본을 방지하여 변호사, 학교, 계약, 정부 기관 또는 법률 보안 문서에 이상적입니다. 팬터그래프: 이 시트에는 원본 문서를 복사하거나 스캔할 때 ""무단 복사""가 표시되는 변조 방지 팬토 그래프가 포함되어 있습니다. 레이저 / 잉크젯 프린터: 모든 레이저, 잉크젯, 복사기 및 인쇄 프레스에 사용할 수 있습니다 고품질 제품: Next Day Labels TM이 미국에서 제작 - 100% 보장","다목적 무단 복사 그린 보안 용지는 기밀 문서의 무단 사본을 방지합니다. 이 시트를 복사할 때 ""승인되지 않은 사본""이라는 문구가 표시되어 모든 사람에게 이 문서가 원본 문서가 아님을 알립니다. 이 용지는 100장 팩으로 제공되며 크기는 21.6 x 27.9cm(8.5 x 11인치)(레터 사이즈)이며 24# 녹색 보안 용지로 제작되었습니다.","['방지', '복사', '문서', '무단', '보안', '용지', '사본', '원본', '변조', '기밀']"
사무용품,종이,복사 및 다목적 용지,,B00AE1BY6E,"Washi Paper 인쇄 가능한 A4 프린터 용지(50장), TAIREISHI 인쇄용 일본 용지, 레이저 및 잉크젯 프린터용 다용도 복사 용지, 일본산(47303)",ONAO,17728,17728,4.5,582.0,"[일본산 와시 종이] 인쇄 가능한 고품질 일본 종이입니다. 이 수제 종이는 인사말 카드, 감사 메모, 청첩장, 계약서, 행사 초대장, 전단지, 전단지, 레스토랑 메뉴 및 젓가락 포장지와 같은 다양한 용도에 적합합니다. [전통적인 일본 종이] 표면은 일본 종이 고유의 차분한 질감을 가지고 있으며 흰색 레이온 섬유가 짜여져 있습니다. 뒷면에는 질감이 있는 패턴이 있습니다. 보기 좋을 뿐만 아니라 받는 사람에게 고품질의 느낌을 제공합니다. [프린터 친화적] 잉크젯 프린터, 잉크 리본 프린터, 레이저 프린터 및 PPC 복사기(열 복사기 및 열전사 프린터)와 호환됩니다. *잉크젯 프린터를 사용할 때 레이온 섬유에 잉크를 바르면 약간의 번짐이 발생할 수 있지만 전반적인 인쇄 품질은 좋습니다. [필기 친화적] 복사 및 인쇄뿐만 아니라 손글씨에도 적합합니다. 일반 펜이나 브러시 펜으로 부드럽게 쓰고 그릴 수 있습니다. [제품 정보] 일본산 / 용지 크기: A4 사이즈 (210mm x 297mm, 8.35"" x 11.7"") / 용지 두께: 0.12mm / 시트 수: 50장",,"['프린터', '용지', '인쇄', '일본산', '종이', '잉크젯', '질감', '복사기', '잉크']"
사무용품,종이,복사 및 다목적 용지,,B0CNQ8VT7D,"Rite in the Rain 내후성 벌크 복사기 용지, 21.6cm x 27.9cm(8.5인치 x 11인치), 20# 화이트, 500장 팩(No. 208511X)",Rite in the Rain,138430,126533,4.7,237.0,"내후성 용지: 팩 당 흰색 20# 복사 용지 500장. 전천후 용지는 젖었을 때 흐려지지 않으며 물, 땀, 기름기, 진흙을 막아주고 실수로 세탁한 사고에서도 살아남을 수 있습니다. 프린터 용지가 빗속에서 제대로 유지되는지 확인하십시오. 복사/레이저 인쇄: 방수 합성 섬유와 달리, Rite in the Rain 인쇄 및 양면 인쇄 중에 정전기를 수집하지 않으며 기계에서 녹을 위험이 없습니다. HP, Brother, Lexmark, Canon, Epson, Xerox와 같은 레이저 프린터에 사용하기에 이상적입니다. 잉크젯 프린터에는 적합하지 않습니다. Rite in the Rain Paper에 인쇄된 것은 씻겨지지 않습니다. 빗속에서 쓰기: 젖었을 때는 표준 #2 연필이나 전천후 펜을 사용하십시오. 종이가 건조되면 표준 볼펜과 영구 마커가 작동합니다. 수성 잉크는 Rite in the Rain Paper에 구슬을 바르거나 씻어낼 수 있습니다. 실제 용지: Rite in the Rain 는 목재 기반의 재생 가능한 용지이기 때문에 표준 복사 용지처럼 찢고, 자르고, 태우고, 재활용이 가능합니다. 트레일 지도, 표지판, 야외 포스터 또는 내후성이 필요한 모든 형태의 Rite in the Rain 제품. 재활용성: Rite in the Rain의 내구성에도 불구하고 합성 또는 폴리 코팅 방수 용지는 사실이 아닌 표준 복사 및 다목적 용지만큼 재활용 가능합니다.","특허받은 Rite in the Rain 전천후 복사기 용지에 전천후 양식, 차트, 지도 및 워크시트를 복사하거나 레이저로 인쇄하십시오. 어떤 기상 조건에서도 견딜 수 있는 종이에 기존 데이터 시트를 편리하게 사용할 수 있습니다. 한 장의 경우, Rite in the Rain 제품을 사용하면 환경에 관계없이 효율적으로 작업할 수 있습니다. 종이는 20# 본드 중량입니다. 완전히 재활용 가능한 목재 기반 종이. 양면 복사 또는 레이저 인쇄. 잉크젯 프린터에는 적합하지 않습니다.","['용지', '인쇄', '복사', '가능하다', '재활용', '레이저', '종이', '표준', '프린터', '천후']"
사무용품,종이,복사 및 다목적 용지,,B0D2Y2HZJF,"스레드 커터 및 자수 가위 번들 - 11c 및 HP 프린터 용지 21.6 x 27.9cm(8.5 x 11인치) 복사 및 인쇄 9.1kg(20파운드) 1팩 400장 92장 브라이트 제조, 2팩",Suretails,44513,44513,,,"시트 사이즈 - 21.6 x 27.9cm(8.5 두께 - 9.1kg(20파운드). 밝기 - 92 브라이트 화이트 HP Copy&Print20 9.1kg(20파운드) 프린터 용지는 산림 관리 협의회(FSC) 인증을 받았으며 LEED(Leadership in Energy and Environmental Design)에 따라 MR1 신용 충족에 기여합니다 가정, 학교 및 사무실에서 대량 인쇄를 위한 우수한 품질, 신뢰성 및 신뢰성 HP Copy&Print20 인쇄 및 복사 용지는 시간이 지남에 따라 황변을 방지하여 보관 품질을 높이기 위해 오래 지속되는 외관을 보장합니다","스레드 커터 및 자수 가위 번들 - 11c 및 HP 프린터 용지 21.6x27.9cm(8.5x11인치) 복사 및 인쇄 9.1kg(20파운드) 1팩 400장 92 Bright Made i, - 2팩","['용지', '인쇄', '복사', '프린터', '가위', '라이트', '신뢰', '자수', '커터', '스레드']"
사무용품,종이,복사 및 다목적 용지,,B0D3FJTFMB,"Hygloss 다양한 밝은 색지 - 10.9kg(24파운드), 89gsm, 중성, 변색 방지, 21.6 x 27.9cm(8.5 x 11인치) 레터 사이즈 컬러 복사 용지, 144장, 12가지 색상",Hygloss,29251,29251,4.6,170.0,"생생한 색조 - 생생한 색조의 Hygloss 컬러 프린터 용지로 프로젝트를 밝게 하세요. 문서를 돋보이게 하고 관심을 끌기에 적합합니다. 탁월한 두께 - 10.9kg(24파운드). (89gsm) 컬러 복사 용지는 고품질의 느낌을 보장하여 내구성을 제공하며 전문적이고 창의적인 용도로 번짐을 방지합니다. 표준 복사 용지보다 20% 두껍습니다! 변색 방지 품질 - 대담한 색상을 유지하도록 제작된 이 컬러 용지는 21.6 x 27.9cm(8.5 x 11인치) 색상으로 색이 바래지 않도록 설계되어 시간이 지나도 프로젝트를 신선하고 생생하게 유지할 수 있습니다. 무산성 및 리그닌 무첨가! 대용량 팩의 편리함 - 이 팩에는 21.6 x 27.9cm(8.5 x 11인치) 컬러 복사 용지 144장이 포함되어 있어 집, 학교 또는 사무실에서 크고 작은 프로젝트 모두에 이상적입니다. 다용도 - Hygloss 컬러 용지는 모든 유형의 프린터 및 복사기와 호환되므로 컬러 인쇄, 예술 및 공예, 프레젠테이션 등에 완벽한 선택입니다.","Hygloss의 생생한 컬러 용지로 프로젝트를 밝게 하세요! 10.9kg(24파운드)의 무게로 제작되었습니다. 두께와 튼튼한 89gsm 무게의 이 프리미엄 컬러 프린터 용지는 중성이며 리그닌이 없습니다. 색이 바래지 않고 다양한 용도로 사용할 수 있도록 설계되어 문서, 공예 및 프레젠테이션이 장기적으로 화려한 색조를 유지할 수 있습니다. 이 다채로운 용지는 여러 수량으로 제공됩니다. 21.6x27.9cm(8.5x11인치) 레터 크기(A4) 또는 27.9x43.2cm(11x17인치) 원장 크기(A3)를 선택하든, 이 용지는 모든 표준 프린터 및 복사기에 완벽한 크기로 전문적이고 창의적인 요구 모두에 이상적인 선택입니다. 사무실 문서를 색상 코드로 효율적으로 정리하거나 다음 아트 프로젝트에 색상을 추가하려는 경우 변색 방지 컬러 용지가 작업에 달려 있습니다. 밝은 용지는 눈길을 끄는 전단지, 기억에 남는 보고서를 위한 다채로운 복사 용지 또는 학교 활동을 위한 다양한 컬러 용지로도 적합합니다. 또한 Hygloss에서 생산되므로 내구성이 뛰어나고 신뢰할 수 있는 고품질 제품을 얻을 수 있습니다. Hygloss의 컬러 복사 용지는 프린터 사용을 위한 또 다른 컬러 용지가 아닙니다. 메시지를 향상시키는 데 도움이 되는 다용도 도구입니다. 생생한 뉴스레터를 위해 컬러 프린터 용지 21.6x27.9cm(8.5x11인치) 또는 27.9x43.7cm(11x17인치) 컬러 복사 용지로 사용하거나 진정으로 눈에 띄는 다양한 유인물을 위해 21.6 x 10.9kg(24파운드) 다양한 컬러 용지는 스크랩북을 위한 밝은 색상의 용지나 맞춤형 초대장을 만들기 위한 다채로운 프린터 용지가 필요한 경우 공예에도 적합합니다. 이 컬러 복사 용지를 사용하면 상상력만큼 무한한 가능성을 누릴 수 있습니다. 따라서 완벽하게 색칠하고 깊은 인상을 남길 수 있도록 디자인된 복사 용지를 시장에 있다면 Hygloss 밝은 색용지를 찾으실 필요가 없습니다. 모든 인쇄물에 엄청난 에너지를 가져다 줄 것을 약속하는 컬러 복사 용지입니다. 오늘 팩을 구입하고 고품질의 컬러 인쇄 용지가 만들 수 있는 차이를 확인하세요!","['용지', '컬러', '복사', '프린터', '생생하다', '프로젝트', '색', '방지']"
사무용품,종이,복사 및 다목적 용지,,B00AE1BXSS,"Washi Paper 인쇄 가능한 B5 프린터 용지(50장), TAIREISHI 인쇄용 일본 용지, 레이저 및 잉크젯 프린터용 다용도 복사 용지, 일본산(47308)",ONAO,16343,16343,4.3,59.0,"[일본산 와시 종이] 인쇄 가능한 고품질 일본 종이입니다. 이 수제 종이는 인사말 카드, 감사 메모, 청첩장, 계약서, 행사 초대장, 전단지, 전단지, 레스토랑 메뉴 및 젓가락 포장지와 같은 다양한 용도에 적합합니다. [전통적인 일본 종이] 표면은 일본 종이 고유의 차분한 질감을 가지고 있으며 흰색 레이온 섬유가 짜여져 있습니다. 뒷면에는 질감이 있는 패턴이 있습니다. 보기 좋을 뿐만 아니라 받는 사람에게 고품질의 느낌을 제공합니다. [프린터 친화적] 잉크젯 프린터, 잉크 리본 프린터, 레이저 프린터 및 PPC 복사기(열 복사기 및 열전사 프린터)와 호환됩니다. *잉크젯 프린터를 사용할 때 레이온 섬유에 잉크를 바르면 약간의 번짐이 발생할 수 있지만 전반적인 인쇄 품질은 좋습니다. [필기 친화적] 복사 및 인쇄뿐만 아니라 손글씨에도 적합합니다. 일반 펜이나 브러시 펜으로 부드럽게 쓰고 그릴 수 있습니다. [제품 정보] 일본산 / 종이 크기: B5 사이즈 (182mm x 257mm, 7.25"" x 10.1"") / 용지 두께: 0.12mm / 시트 수: 50장",,"['프린터', '종이', '인쇄', '일본산', '용지', '잉크젯', '질감', '복사기', '잉크']"
사무용품,종이,복사 및 다목적 용지,,B0CR6MF8H4,"MECCANIXITY 75장 A4 컬러 프린트 복사 용지 21.6cm x 27.9cm(8.5인치 x 11인치) 종이 접기 용지 프린터 용지 80gsm 인쇄, 문서 복사, 아트 크래프트, 라이트 블루",MECCANIXITY,13143,13143,5.0,2.0,"컬러 복사 용지는 특히 잉크젯 및 복사기 인쇄용으로 브로셔, 포스터, 초대장, 메뉴, 양식, 보고서, 인증서 내부 페이지, 영수증 용지 및 기타 예술 프로젝트에 널리 사용됩니다. 무게: 80gsm, 총 사이즈: 약 21 x 29.7cm/8.5x11.7인치(너비*길이). 매끄럽고 사랑스러운 파스텔 표면의 컬러 용지는 탁월한 다이 커팅, 스코어링 및 폴딩 특성뿐만 아니라 우수한 잉크 저항, 스냅 및 저항성을 제공합니다. 컬러 용지는 인쇄, 절단, 접기, 드로잉, 붙여넣기, 낙서를 통해 DIY 공예품을 자유롭게 만들고 커스터마이징할 수 있습니다. 모니터는 동일하게 보정되지 않았으며, 사진에 표시된 항목 색상이 실제 물체와 약간 다를 수 있습니다. 실제 제품을 표준으로 사용하십시오.",,"['용지', '컬러', '인쇄', '복사', '저항', '접기']"
사무용품,종이,복사 및 다목적 용지,,B0BJP68P9Z,"Odaro 열 프린터 용지 21.6 x 27.9cm(8.5 x 11인치) 레터 사이즈 용지, 다용도 사무실 백지 - 200장, M08F, M832, MT800, MT800Q 및 기타 레터 휴대용 프린터와 호환",Odaro,38766,38766,4.5,448.0,"수량 및 크기: 프린터 용지 한 상자에 100장이 있습니다. Odaro 용지 사이즈는 미국 레터 용지 사이즈와 동일합니다 - 21.6cm x 27.9cm(8.5 x 11인치) 호환 기계: US Letter 감열지는 Letter 감열식 프린터를 지원할 수 있습니다. M08F, M832, MT800 MT800Q 및 기타 Letter 열 프린터와 같습니다. 참고: 감열지는 레이저 프린터, 잉크젯 프린터 또는 복사기를 지원하지 않습니다. 걸림 방지 인쇄 경험: 모두가 종이 걸림을 싫어합니다. Odaro 프린터 용지가 프린터를 매끄럽게 유지할 수 있다고 믿을 수 있습니다. 안전 감열지: Odaro 프린터 용지는 품질이 좋고 환경 친화적이며 무해하므로 안심하고 사용할 수 있습니다. 다양한 용도: 이력서, 계약서, 계약, 숙제, 질문 수집 등에 사용하기에 이상적인 선택입니다.",,"['프린터', '용지', '감열지', '호환', '열']"
사무용품,종이,복사 및 다목적 용지,,B0CYGRZFSL,"Washi Paper 인쇄 가능한 A4 [두꺼운 시트] 프린터 용지 (25장), TAIREISHI 인쇄용 일본 용지, 레이저 및 잉크젯 프린터용 다용도 복사 용지, 일본산(47342)",ONAO,13711,13711,,,"[일본산 와시 종이] 인쇄 가능한 고품질 일본 종이입니다. 이 수제 종이는 인사말 카드, 감사 메모, 청첩장, 계약서, 행사 초대장, 전단지, 전단지, 레스토랑 메뉴 및 젓가락 포장지와 같은 다양한 용도에 적합합니다. [전통적인 일본 종이] 표면은 일본 종이 고유의 차분한 질감을 가지고 있으며 흰색 레이온 섬유가 짜여져 있습니다. 뒷면에는 질감이 있는 패턴이 있습니다. 보기 좋을 뿐만 아니라 받는 사람에게 고품질의 느낌을 제공합니다. [두꺼운 중량] 이 용지는 일반 용지보다 두껍고 단단합니다. [프린터 친화적] 잉크젯 프린터, 잉크 리본 프린터, 레이저 프린터 및 PPC 복사기(열 복사기 및 열전사 프린터)와 호환됩니다. *잉크젯 프린터를 사용할 때 레이온 섬유에 잉크를 바르면 약간의 번짐이 발생할 수 있지만 전반적인 인쇄 품질은 좋습니다. [제품 정보] 일본산 / 용지 크기: A4 사이즈 (210mm x 297mm, 8.35"" x 11.7"") / 용지 두께: 0.15mm / 시트 수: 25장",,"['프린터', '용지', '일본산', '종이', '인쇄', '두껍다', '잉크젯', '가능하다', '레이저']"
사무용품,종이,복사 및 다목적 용지,,B0BCJ7LPNX,"MECCANIXITY 25장 컬러 복사 용지 21.6cm(8 1/2인치) 프린터 용지 9.5kg(10파운드)/75gsm 형광 옐로우, 사무실 인쇄, 문서 복사, 초대장, 양식, 아트 프로젝트용",MECCANIXITY,10373,10373,3.6,7.0,"컬러 복사 용지는 특히 잉크젯 및 복사기 인쇄용으로 브로셔, 포스터, 초대장, 메뉴, 양식, 보고서, 인증서 내부 페이지, 영수증 용지 및 기타 예술 프로젝트에 널리 사용됩니다. 색상: 형광 노란색, 무게: 9.5kg(20파운드), 총 사이즈: 약 21 x 29.7cm/8.5x11.7인치(너비*길이). 매끄럽고 사랑스러운 파스텔 표면의 컬러 용지는 탁월한 다이 커팅, 스코어링 및 폴딩 특성뿐만 아니라 우수한 잉크 저항, 스냅 및 저항성을 제공합니다. 다양한 형광등을 포함하여 16가지 색상을 선택할 수 있어 예술 프로젝트를 정교하게 만듭니다. 컬러 용지는 인쇄, 절단, 접기, 드로잉, 붙여넣기, 낙서를 통해 DIY 공예품을 자유롭게 만들고 커스터마이징할 수 있습니다. 모니터는 동일하게 보정되지 않았으며, 사진에 표시된 항목 색상이 실제 물체와 약간 다를 수 있습니다. 실제 제품을 표준으로 사용하십시오.",,"['용지', '컬러', '프로젝트', '인쇄', '복사', '예술', '양식', '형광', '저항', '초대장']"
사무용품,종이,복사 및 다목적 용지,,B0C1TPQ9HJ,"Bold 종이 150개 팩(각 색상 30개), 21.6 x 27.9cm(8-1/2 x 11인치), 110 GSM 13.2kg(30파운드) 다채로운 컴퓨터 프린터 용지",Fine Stationery,22146,22146,4.2,17.0,"다채로운 볼드 페이퍼에 인쇄하여 뉴스레터, 발표 또는 초대장 텍스트를 자신만의 독특한 작품으로 바꾸세요. 당사의 레터 용지는 복사기 용지와 동일한 크기로 21.6cm x 27.9cm(8-1/2 x 11인치) 크기의 다채로운 양면 용지로 거의 모든 컴퓨터 및 프린터로 쉽게 인쇄할 수 있습니다. 종이는 13.2kg(30파운드)입니다. 본드는 9.1kg(20파운드)보다 눈에 띄게 무거운 고품질 스톡입니다. 대부분의 복사기 용지의 결합 무게. 화려한 풀 컬러로 디자인을 미리 인쇄했습니다. 잉크 카트리지 비용을 절약할 수 있습니다! 팩당 150장. 봉투는 포함되지 않습니다.","레터 용지에 인쇄하여 뉴스레터, 발표 또는 초대장 텍스트를 자신만의 독특한 작품으로 바꾸세요. 네온 페이퍼 팩은 21.6 x 27.9cm(8-1/2 x 11인치) 크기의 다채로운 양면 시트입니다. 복사기 용지와 동일한 크기이며 거의 모든 컴퓨터 및 프린터로 쉽게 인쇄할 수 있습니다. 자홍색, 파란색, 노란색, 초록색, 주황색의 각 색상 30개를 받게 됩니다. 종이는 13.2kg(30파운드)입니다. 본드는 9.1kg(20파운드)보다 눈에 띄게 무거운 고품질 스톡입니다. 대부분의 복사기 용지의 결합 무게. 팩당 150장. 봉투는 포함되지 않습니다.","['용지', '인쇄', '복사기', '프린터', '컴퓨터', '종이', '뉴스레터', '독특하다', '동일하다', '무겁다']"
사무용품,종이,복사 및 다목적 용지,,B00OYINJFW,"Washi Paper 인쇄 가능한 B5 프린터 용지(100장), TAIREISHI 인쇄용 일본 용지, 레이저 및 잉크젯 프린터용 다용도 복사 용지, 일본산(47311)",ONAO,23268,23268,4.4,79.0,"[ 일본산 와시 종이 ] 인쇄 가능한 고품질 일본 종이입니다. 이 수제 용지는 인사말 카드, 감사 메모, 웨딩 카드, 계약서, 행사 초대장, 전단지, 전단지, 레스토랑 메뉴 종이, 젓가락 포장 등과 같은 다양한 용도에 가장 적합합니다. [ 전통적인 일본 종이 ] 종이 표면은 일본 종이 특유의 차분한 질감을 가지고 있으며 흰색 레이온 섬유가 짜여져 있습니다. 뒷면은 질감이 있는 종이입니다. 보기에도 좋을 뿐만 아니라 만질 때 받는 사람에게 고품질의 느낌을 줍니다. [ 프린터 친화적] 잉크젯 프린터, 잉크 리본 프린터, 레이저 프린터 및 PPC 복사기(열 복사기, 열전사 프린터)를 지원합니다. *잉크젯 프린터를 사용할 때 레이온 섬유에 잉크를 바르면 약간의 번짐이 발생할 수 있지만 전체 인쇄는 괜찮습니다. [ 레터 용지 사용 ] 복사 및 인쇄뿐만 아니라 손글씨에도 적합합니다. 일반 펜이나 브러시 펜으로 부드럽게 쓰고 칠할 수 있습니다. [ 제품 정보] 일본산 / 종이 크기: B5 사이즈 (182mm x 257mm, 7.25"" x 10.1"") / 용지 두께: 0.12mm / 시트 수: 벌크 100장",,"['프린터', '종이', '일본산', '용지', '인쇄', '잉크젯', '전단지', '레이온', '레이저']"
사무용품,종이,복사 및 다목적 용지,,B0CT9PDXCM,"1InTheOffice 퍼플 복사 용지, 난초, 21.6 x 27.9cm(8.5 x 11인치) 레터 사이즈, 밀도 9.1kg(20파운드), (500장)",1InTheOffice,33226,33226,,,"퍼플 복사 용지 500장 팩, 표준 21.6 x 27.9cm(8 1/2 x 11인치) 레터 사이즈. 표준 편지(21.6 x 27.9cm(8.5 x 11인치)) 뉴스레터, 브로셔, 초대장, 공지 사항, 전단지, 양식 등에 이상적입니다. 이 용지는 학교 프로젝트, 프레젠테이션, 스크랩북, 초대장, 우편 등 모든 요구 사항에 적합합니다. 선명한 인쇄와 최소한의 비침이 필요한 일상적인 프로젝트를 위한 Orchid 프린터 용지입니다. 1InTheOffice 평생 보장, 무산성; 시간이 지나도 노랗거나 부서지지 않습니다","1InTheOffice 퍼플 복사 용지로 문서 프레젠테이션을 업그레이드하세요. 이 팩에는 21.6 x 27.9cm(8.5 x 11인치) 레터 사이즈 용지 500장이 포함되어 있으며, 각 용지는 생생한 난초 색조를 자랑합니다. 9.1kg(20파운드) 밀도의 이 시트는 견고한 느낌을 제공하여 전단지, 차트 및 기타 중요한 문서에 내구성을 보장합니다./프린터, 복사기 및 팩스 기계를 포함한 다양한 사무실 기계와 호환되도록 설계된 이 파스텔 라일락 컬러 복사 용지는 탁월한 다이 커팅, 스코어링, 접이식 특성 및 잉크 홀드아웃을 제공합니다. 전문적인 보고서를 작성하거나 프로젝트에 부드러운 색조를 주입할 때 이 용지는 이상적인 선택입니다./중성 구조로 장기간 보관 프로젝트에 안전한 옵션으로 시간이 지남에 따라 황변 및 분해에 대한 우려를 없애줍니다. 이 보라색 복사 용지는 환경 친화성에 대한 헌신을 반영하여 인증된 관리 숲에서 공급됩니다./이 고품질 디자인 시트로 삶을 더 쉽게 만들어 보세요. 일상적인 문서에 세련미를 더하는 데 적합합니다. 용지 당 500매로 프로젝트 도중에 부족할 걱정 없이 인쇄 요구 사항을 충족할 수 있는 충분한 공급량을 확보할 수 있습니다. 모든 인쇄 요구 사항에 대해 신뢰할 수 있고 시각적으로 매력적인 옵션을 위해 1InTheOffice 퍼플 복사 용지를 선택하십시오.","['용지', '복사', '프로젝트', '퍼플', '요구', '문서', '인쇄', '표준', '기계', '옵션']"
사무용품,종이,복사 및 다목적 용지,,B07NK2CP6D,"1InTheOffice 컬러 복사 용지, 난초, 21.6 x 27.9cm(8.5 x 11인치) 레터 사이즈, 9.1kg(20파운드) 밀도, (500장)",1InTheOffice,34472,34472,4.6,193.0,"21.6cm x 27.9cm(8.5인치 x 11인치) 레터 사이즈. 총 500장, 9.1kg(20파운드) 밀도. 매일 사용하기에 적합합니다 Ream Orchid 컬러 복사 용지 1개 모든 사무실 기계, 레이저 및 잉크젯 프린터, 일반 종이 팩스 기계와 호환됩니다 30% 재활용 소재 포함 1InTheOffice 평생 , 무산성 제품으로 시간이 지나도 노랗게 변하거나 부서지지 않습니다",,"['용지', '컬러', '밀도', '복사', '기계', '종이', '재활용', '잉크젯', '일반', '프린터']"
사무용품,종이,복사 및 다목적 용지,,B0CZVQ8N2S,FIDELITY Onion Skin 화이트 페이퍼 - 21.6 x 27.9cm(8 1/2 x 11인치) 4.5kg(10파운드) 본드 스무스 (100),FIDELITY,20733,20733,3.0,2.0,"[프리미엄 품질] 100% 목재 섬유로 제작된 이 4.5kg(10파운드) 본드 어니언 스킨 페이퍼는 탁월한 강도와 매끄러운 표면으로 탁월한 잉크 수용력을 자랑합니다. [다용도 사용] 캘리그래피, 종이접기, 중국 랜턴, 색종이 및 포장지 또는 총구 장전용 솜에도 이상적입니다! [친환경] 염소 성분이 함유되지 않아 종이 요구 사항에 맞는 친환경 선택을 보장합니다. [인쇄 호환성] 오프셋 잉크 및 표준 바인딩 프로세스에 적합하며 최적의 결과를 얻기 위한 취급 및 사전 테스트에 대한 권장 사항이 있습니다. [사이즈 옵션] 프로젝트의 특정 요구 사항을 충족하기 위해 표준 레터 사이즈와 풀 사이즈 시트로 제공됩니다.","Fidelity 어니언 스킨 페이퍼는 다양한 공예, 캘리그래피 및 전문적인 요구 사항을 충족하는 선택입니다. The Paper Mill Store에서 제공하는 고품질의 진정한 양파 스킨 페이퍼는 4.5kg(10파운드)의 내구성과 섬세함이 완벽하게 조화를 이룹니다. 100% 목재 섬유 구성. 매끄럽고 코팅되지 않은 표면은 탁월한 잉크 수용성을 보장하여 디테일한 캘리그래피 및 생생한 예술 프로젝트에 이상적입니다. 종이의 유연성과 강도는 작품의 무결성을 손상시키지 않으면서 복잡한 종이 접기에 적합합니다. 중국 랜턴을 만들거나, 맞춤형 포장지를 디자인하거나, 수제 색종이 조각으로 이벤트에 특별한 느낌을 더하든, Fidelity 어니언 스킨 페이퍼는 우아함과 품질을 더합니다. 일상적인 프로젝트를 위한 편리한 21.6 x 27.9cm(8.5 x 11인치) 레터 사이즈 또는 더 큰 작업을 위해 전체 63.5 x 96.5cm(25 x 38인치) 시트로 제공되는 이 용지는 모든 요구 사항을 충족하도록 설계되었습니다. Fidelity 어니언 스킨 페이퍼로 전통과 혁신의 조화를 받아들이고 창의적인 프로젝트를 향상시키세요.","['페이퍼', '스킨', '어니언', '요구', '프로젝트', '종이', '충족', '잉크', '탁월하다', '캘리그래피']"
사무용품,종이,복사 및 다목적 용지,,B0CFGG1FWW,"Kodak 프린터 용지 21.6 x 27.9cm(8.5 x 11인치) | 9.1kg(20파운드) 복사 용지 92 밝음 | 3개 | 1,500장",Alliance,49153,49153,5.0,2.0,"다목적 복사 용지 - KODAK 다목적 9.1kg(20파운드) 복사 용지는 전자 이미징 장비뿐만 아니라 기존의 오프셋 프레스에서도 잘 작동하는 고품질 옵션입니다. 일상적인 사용에 이상적 - 모든 가정 및 사무실 프린터 및 모든 이미징 장비에 사용하기에 완벽한 이 KODAK 다목적 용지는 양면 인쇄를 위해 비침을 최소화하기 위해 불투명도가 뛰어납니다. 또한 시간이 지남에 따라 황변을 방지하기 위해 무산성입니다. 유연한 용도: 이 사무용 용지를 사용하여 소규모 또는 홈 비즈니스에 우위를 부여하십시오. 프레젠테이션이나 프로젝트를 위해 생생한 컬러 문서를 인쇄하십시오. 고객 우편물이나 홍보 자료에 완벽한 이 용지는 무한한 기회를 위한 빈 캔버스입니다. 레이저/잉크젯 프린터, 복사기 및 팩스와 함께 작동합니다 9.1kg(20파운드). 하위. 21.6 x 27.9cm(8-1/2 x 11인치) 당 500",,"['용지', '프린터', '목적', '복사', '완벽하다', '인쇄', '장비', '이미징']"
사무용품,종이,복사 및 다목적 용지,,B01C68C5PQ,"하프 레터 사이즈 시트 - 21.6 x 14.9cm(8.5 x 5.5인치) 복사 용지, 화이트 메모 시트, 10.9kg(24파운드) 두꺼운 용지, 팩당 250장 (21.6 x 14cm(8.5",S Superfine Printing,24791,24791,4.4,102.0,하프 레터 사이즈 용지 - 14cm x 21.6cm 밝은 흰색 10.9kg(24파운드) 본드 / 27.2kg(60파운드) 텍스트 (90gsm) 용지 스톡으로 제작 잉크젯 또는 레이저 프린터/복사기와 함께 작동합니다 단색 용지 (구멍 펀치 없음) 팩당 250장,,"['용지', '시트', '하프', '본드', '단색', '두껍다', '레이저', '메모', '복사', '복사기']"
사무용품,종이,복사 및 다목적 용지,,B0CRRNN8RC,"감열지 2 1/4 x 85-55 GSM, 다용도 POS 영수증 용지 롤 50개 - 높은 인쇄 요구를 위한 화이트 금전 등록기 신용 카드 용지",REYMOMIN,48461,48461,4.9,18.0,"범용 핏: 당사의 감열지 롤은 Verifone, Casio, First data, Samsung, Hypercom 등과 원활하게 통합됩니다. 다양한 기계에 이상적이며 효율적이고 선명한 인쇄를 보장합니다. 친환경 우수성: 당사의 2 1/4 감열지 롤은 100% BPA 프리, 챔피언 친환경 선택입니다. 품질 저하 없이 지속 가능성을 선택하세요. 모든 프린트는 녹색 효과를 보장합니다! 다양한 호환성: 1.4cm(0.5인치) 코어가 있는 열전사 프린터 용지 롤은 다양한 용도로 사용할 수 있습니다. 계산기 롤, 신용 카드 기계 용지 롤 역할을 할 수 있으므로 POS(Point of Sale) 시스템의 다양성을 재정의할 수 있습니다. 안전하게 포장된 광택: 당사의 영수증 용지는 롤이 흩어지는 것을 방지하는 상자에 담겨 배송됩니다. 내부에는 수축 포장된 5개 세트가 있어 편의를 위해 손상과 먼지로부터 보호합니다. 필요한 것만 풀고 나머지는 깨끗하게 유지합니다. 오래 지속되는 인상: 프린트 수명을 늘리세요! 당사의 신용 카드 용지 롤은 6.4 x 21.4cm(2 1 4 x 85인치)로 매번 깨끗하고 선명한 인쇄를 보장하여 정밀성과 전문성으로 지속적인 인상을 남깁니다. 장기적으로 감동하세요! 혁명적인 인쇄: 걸림 없는 매끄러운 인쇄를 제공하는 삼중 레이어 기술로 고급 열에 민감한 코팅이 된 영수증 용지 롤로 잉크 없는 경이로움을 경험하십시오.",,"['롤', '용지', '인쇄', '신용', '보장', '감열지', '영수증', '지속', '카드', '깨끗하다']"
사무용품,종이,복사 및 다목적 용지,,B0BZLBFWK3,프리미엄 A3 사이즈 프린터 용지 - 매끄럽고 밝은 화이트 인쇄 표면 - 전문적인 품질 - 11.69 x 16.53 인치 - 297 x 420 mm (100장),Nuburi Office Supply,39998,39998,4.0,2.0,"A3 사이즈 프리미엄 프린터 용지 - 치수 (297 x 420mm) 패키지 당 100장 - 80GSM / 9.5kg(20파운드) 레이저, 잉크젯, 복사기, 팩스, 양면 복사 A3 용지는 유럽 및 국제 표준 크기의 용지입니다 대형 인쇄물 만들기 | 컬러 다이어그램 | 플로우 차트 | 계층 차트 | 포스터 | 그리기에도 좋습니다","Nuburi Office Supply 브랜드 프리미엄 프린터 용지. Nuburi의 프리미엄 80 GSM 용지는 직장이나 놀이, 가정 또는 사무실에 이상적입니다. 가장 중요한 모든 문서에 대해 선택하는 프리미엄 비즈니스 용지입니다. A3는 A4 용지 두 장의 크기입니다. 큰 사이즈로 대형 인쇄물, 컬러 다이어그램, 플로우 차트, 계층 차트, 포스터에 적합하며 그리기에도 좋습니다. 일관되게 매끄러운 인쇄 표면으로 인상적인 전단지와 유인물이 튀어 나옵니다. 중요한 인쇄물에 색상을 추가하여 오래 지속되는 인상을 남깁니다. 만족 보장. 100% 만족하지 않으면 반품하세요.","['용지', '프리미엄', '차트', '프린터', '인쇄물', '인상', '다이어그램', '인쇄', '플로우', '중요하다']"
사무용품,종이,복사 및 다목적 용지,,B07MWFG6ZG,"A4 백서 | 복사, 인쇄, 글쓰기용 | 210 x 297 mm (8.25 x 11.7 인치) | 250장 팩 (9.1kg(20파운드)",S Superfine Printing,41536,41536,4.5,4.0,"치수 210 x 297mm. (21cm x 29.7cm) A4는 미국 레터 사이즈(21.6cm x 27.9cm/8.5인치 x 11인치)와 비슷합니다 프리미엄 품질의 종이로 모든 사무실 환경에 이상적인 추가 아이템입니다. 고품질은 개인 사용, 사무실 학교 용품, 미술 프로젝트, 비즈니스 커뮤니케이션, 포스터, 인쇄 문서 등을 위한 완벽한 선택입니다. 양면 매끄러운 마감 표면과 96도 밝기 등급으로 눈길을 끄는 프레젠테이션을 디자인하고 예술적인 디자인을 돋보이게 하는 데 적합합니다. 색상을 잘 유지하고 풍부하고 생생한 색상과 선명한 이미지를 제공하여 완벽한 결과를 제공합니다. 문서, 예술 및 인쇄 작품이 노랗고 부서지기 쉬운 중성 및 리그닌 프리 용지 250장이 가득합니다. 종이, 텍스트 및 이미지를 보존하고 오래 사용할 수 있습니다. 이 종이는 SFI 목재 섬유로 제작되었습니다. 9.1kg(20파운드) -75gsm / 10.9kg(24파운드) 중에서 선택하세요. - 90gsm / 12.7kg(28파운드). - 인쇄, 필기 등을 위한 105gsm 완벽한 용지 선택.",,"['인쇄', '종이', '완벽하다', '선택', '사무실', '예술', '디자인', '용지', '이미지', '문서']"
사무용품,종이,복사 및 다목적 용지,,B07RZ8PWC2,"Office Depot® 다용도 프린터 및 복사 용지, 화이트, 리갈(21.6cm x 35.6cm(8.5인치 x 14인치)), 11장당 500장, 9.1kg(20파운드), 96가지 밝기, 1808",Office Depot,34611,34611,5.0,2.0,"모든 문서를 선명하고 전문적으로 만들어 아이디어가 마땅히 받아야 할 관심을 받을 수 있도록 합니다. 매끄러운 마감과 산성이 없는 구성으로 오래 지속되는 Office Depot 브랜드 다용도 용지는 복사, 유인물 및 기타 인쇄물을 빛나게 합니다. ColorLok 기술로 번짐 없이 밝은 색상과 선명한 텍스트를 제공합니다. 부드럽고 깨끗한 마감과 정밀하게 절단된 가장자리로 문제 없이 먹이를 먹을 수 있습니다. 중성 Office Depot 종이는 시간이 지나도 노랗거나 색이 바래지 않습니다. 다용도 용지는 대부분의 프린터, 복사기 및 올인원에 적합합니다.","모든 문서를 선명하고 전문적으로 만들어 아이디어가 마땅히 받아야 할 관심을 받을 수 있도록 합니다. 매끄러운 마감과 산성이 없는 구성으로 오래 지속되는 Office Depot 브랜드 다용도 용지는 복사, 유인물 및 기타 인쇄물을 빛나게 합니다. ColorLok 기술로 번짐 없이 밝은 색상과 선명한 텍스트를 제공합니다. 부드럽고 깨끗한 마감과 정밀하게 절단된 가장자리로 문제 없이 먹이를 먹을 수 있습니다. 중성 Office Depot 종이는 시간이 지나도 노란색이나 색이 바래지 않습니다. 다용도 용지는 대부분의 프린터, 복사기 및 올인원에 적합합니다. SFI 인증. 리갈 사이즈, 9.1kg(20파운드) 용지는 1개당 500장이 함께 제공됩니다.","['용지', '다용', '선명하다', '마감', '복사', '프린터', '산성', '문서', '복사기', '문제']"
사무용품,종이,복사 및 다목적 용지,,B000FA3UHA,"Mead 종이 다목적 타이핑 용지, 21.6 x 27.9cm(8-1/2 x 11인치), 화이트 (39100), 100장",Mead,34611,34611,4.1,387.0,"일반 흰색 용지는 타이핑에 적합합니다 21.6 x 27.9cm(8-1/2 x 11인치) 페이지 사이즈 팩당 100장 포함 고품질, 중간 중량 본드 용지 6.8kg(15파운드). 종이",Mead 타이핑 페이퍼 팩은 타이핑 요구 사항을 위한 훌륭한 선택입니다. 중간 중량 용지는 흰색이며 줄이 쳐져 있어 프로젝트에 빈 배경을 제공합니다. 6.8kg(15파운드). 종이. 각 페이지의 크기는 21.6 x 27.9cm(8-1/2 x 11인치)이며 팩당 100장이 있습니다.,"['타이핑', '용지', '종이', '흰색', '중량', '중간', '페이지', '페이퍼', '훌륭하다', '프로젝트']"
사무용품,종이,복사 및 다목적 용지,,B07PV26Y1J,"1InTheOffice 블루 복사 용지 21.6 x 27.9cm(8.5 x 11인치), 컬러 복사 용지, 레터 사이즈, 밀도 9.1kg(20파운드), (500장)",1InTheOffice,31841,31841,4.4,96.0,"복사 용지 21.6 x 27.9cm(8.5 x 1총 500장, 밀도 9.1kg(20파운드), 매일 사용하기에 적합합니다 블루 컬러 프린터 용지는 무산성입니다. 시간이 지나도 노랗거나 부서지지 않습니다 모든 사무실 기계, 레이저 및 잉크젯 프린터, 일반 종이 팩스 기계와 호환됩니다 이 블루 컬러 용지는 더 영구적인 솔루션을 위해 문서를 보존하기 위해 라미네이트할 수도 있습니다. 창의적인 옵션은 무한합니다 30% 소비자 사용 후 재활용 성분이 포함되어 있습니다. 1InTheOffice 평생 지원",,"['용지', '컬러', '복사', '블루', '기계', '밀도', '프린터', '성분', '노랗다', '라미']"
사무용품,종이,복사 및 다목적 용지,,B0CR6M3NLT,"MECCANIXITY 75장 A4 컬러 프린트 복사 용지 21.6cm x 27.9cm(8.5인치 x 11인치) 종이 접기 용지 프린터 용지 75gsm 인쇄, 문서 복사, 아트 크래프트, 브라이트 그린",MECCANIXITY,13143,13143,,,"컬러 복사 용지는 특히 잉크젯 및 복사기 인쇄용으로 브로셔, 포스터, 초대장, 메뉴, 양식, 보고서, 인증서 내부 페이지, 영수증 용지 및 기타 예술 프로젝트에 널리 사용됩니다. 무게: 75gsm, 총 사이즈: 약 21 x 29.7cm/8.5x11.7인치(너비*길이). 매끄럽고 사랑스러운 파스텔 표면의 컬러 용지는 탁월한 다이 커팅, 스코어링 및 폴딩 특성뿐만 아니라 우수한 잉크 저항, 스냅 및 저항성을 제공합니다. 컬러 용지는 인쇄, 절단, 접기, 드로잉, 붙여넣기, 낙서를 통해 DIY 공예품을 자유롭게 만들고 커스터마이징할 수 있습니다. 모니터는 동일하게 보정되지 않았으며, 사진에 표시된 항목 색상이 실제 물체와 약간 다를 수 있습니다. 실제 제품을 표준으로 사용하십시오.",,"['용지', '컬러', '인쇄', '복사', '저항', '접기']"
사무용품,종이,복사 및 다목적 용지,,B08L9DDMSM,TINA 싱글 사이드 블랙 카본 복사 용지 타이핑 및 필기 박스 100장 F4 사이즈(21 x 33cm(8.25 x 13인치)),TINA,13836,13836,4.5,98.0,"【경제적】: A4 문서 사이즈 탄소 복사 용지는 100장 팩으로 제공되어 비용 효율적이고 가성비가 뛰어난 오래 사용할 수 있습니다. 각 시트는 원하는 만큼 재사용할 수 있으므로 더 많은 비용을 절약할 수 있습니다! 탄소 복사 전사지를 사용하면 이동 중에도 쉽게 복제하거나 여러 장의 복사본을 만들 수 있습니다. 【고성능】: 탄소 없는 복사 용지와 비교했을 때, 당사의 탄소 복사 용지는 세 번째 또는 네 번째 복사 후에도 각인을 할 수 있습니다. 이는 잉크 코팅이 높은 커버리지와 강도를 가지고 있기 때문입니다. 색이 바래지 않고 명확한 결과를 제공하는 탄소 복사 시트를 사용하여 동일한 문서를 반복해서 쓰거나 타이핑하는 데 시간을 낭비하지 마세요! 【쉬운 사용】: 당사의 카본지는 중요한 문서를 간단하게 복제할 수 있도록 설계되었습니다. 시트는 단면으로 코팅되어 손으로 쉽게 복사할 수 있으며 얼룩 없이 깔끔하고 깨끗하게 유지됩니다! 또한, 당사의 탄소 시트는 특히 트레이싱 및 패턴 전달과 관련하여 예술 및 공예 및 수공예 프로젝트에 대한 간단한 솔루션을 제공합니다! 【다용도】: 카본지는 다양한 법률 문서의 일반적인 영수증, 양식, 편지 및 사본 등 중소기업에 인기 있는 선택입니다. 당사의 카본지는 A4 사이즈로 제공되므로 원고나 타자기 문서 전체를 복사할 수 있을 만큼 충분히 커서 한 장당 최대 사용을 제공합니다. 가정 및 사무실에서 사용하기에 적합합니다. 【만족 보장】: 저희는 가치를 제공한다고 믿으며 배송되는 모든 제품이 최고 품질임을 보장합니다. 어떤 이유로든 당사의 탄소 복사 용지 팩이 고객의 기대에 미치지 못한다고 생각되신다면 저희에게 연락해 주시면 저희가 귀하에게 맞는 것을 제공해 드리겠습니다.",탄소 복사 용지를 사용해 보셨습니까?/당사의 카본지를 사용하면 입력 및 필기 문서를 쉽게 복사할 수 있습니다./탄소 복사 용지는 절대 바래지 않으므로 복사본은 원본 문서만큼 선명합니다./이제 자신 있게 복사하거나 전송할 수 있으며 말할 것도 없이 반복해서 시작하는 소중한 시간을 절약할 수 있습니다./탄소지로 무엇을 할 수 있습니까?/교활함을 느끼신다면 탄소 종이 공예품이 많이 있습니다./이 탄소 종이 공예품으로 친구 및 가족과 시간을 보내십시오. 오늘 구매하세요!/사용 방법:/타자기를 사용하여 여러 개의 사본을 만들려면 2~4단계를 반복하십시오./그런 다음 모든 시트를 타자기에 넣고 마치 한 장처럼 타이핑을 시작합니다./사양:,"['복사', '탄소', '문서', '용지', '카본', '시트', '타자기', '타이핑', '반복']"
사무용품,종이,복사 및 다목적 용지,,B005E27I0O,Pacon 101048 21.6 x 27.9cm(8-1/2 x 11인치) 파스텔 본드 페이퍼 100개,Pacon,18655,18655,4.0,2.0,,"배열 본드 페이퍼, 9.1kg(20파운드), 21.6cm(8-1/2인치) x 27.9cm(11인치), 100/팩, 파스텔 모듬","['페이퍼', '파스텔', '본드', '배열']"
사무용품,종이,복사 및 다목적 용지,,B0C91PMWJP,"블루 복사 용지, 컬러 복사 용지 21.6 x 27.9cm(8.5 x 11인치) 블루 림 20#, 블루 복사 용지, 프린터용 복사 용지 - 500장",Always23,34611,34611,,,"블루 복사 용지 500장 팩, 표준 21.6cm(8 1/2인치) x 27.9cm(11인치) 레터 사이즈. 표준 편지(21.6 x 27.9cm(8.5 x 11인치)) 뉴스레터, 브로셔, 초대장, 공지 사항, 전단지, 양식 등에 이상적입니다. 이 용지는 학교 프로젝트, 프레젠테이션, 스크랩북, 초대장, 우편 등 모든 요구 사항에 적합합니다. 선명한 인쇄와 최소한의 비침이 필요한 일상적인 프로젝트를 위한 파스텔 프린터 용지입니다. 산성 및 리그닌이 함유되지 않은 이 파스텔 용지는 시간이 지나도 색이 바래거나 부서지지 않습니다. 가정, 학교 및 사무용품에 훌륭한 추가 아이템입니다. 복사기, 레이저 프린터, 오프셋 프레스 및 스피릿 복제기와 호환됩니다. 500장, Always23 평생 .","제품 구성: 블루 복사 용지 팩, 컬러 복사 용지. 500장,/색상: 블루/사이즈: 21.6cm x 27.9cm/고품질 디자인의 컬러 복사 용지로 삶을 편하게 만드세요./프린터용 복사 용지는 튼튼하고 사용하기 쉽습니다./이 21.6 x 27.9cm(8 1/2 x 11인치) 블루 20# 컬러 복사 용지로 사무실에 필수품을 갖추고 있는지 확인하세요./20# 기본 무게 덕분에 이 21.6 x 27.9cm(8 1/2 x 11인치) 표준 레터 사이즈 컬러 복사 용지는 일상용으로 적합합니다./복사기 및 레이저 프린터부터 오프셋 프레스 및 스피릿 복제기에 이르기까지 다양한 응용 분야에서 대량 사용./생생한 블루 색상을 자랑하는 이 복사 용지는 약간의 피자와 함께 선명하고 명확한 보고서를 보내는 데 이상적입니다./매력적인 초대장을 만들거나 학교, 사무실 또는 시설에서 일상적인 문서를 멋지게 꾸미는 데 사용하세요./인증된 관리 숲에서 공급되는 이 복사 용지는 환경 친화적입니다./또한 시간이 지남에 따라 황변 및 분해를 제거하기 위해 무산성으로 보관하거나 장기간 사용하기에 이상적입니다./각 용지는 500장의 용지가 포함되어 있으므로 인쇄 도중에 용지가 부족하면 문제가 되지 않습니다!/행복할 수 있도록 디자인!! !","['용지', '복사', '블루', '프린터', '컬러', '프레', '표준', '초대장', '학교']"
사무용품,종이,복사 및 다목적 용지,,B07RLHWJ49,A4 사이즈 다용도 색지 인쇄 접이식 종이 수공예 타이핑 용지 수동 커팅 아트 공예 용지 사무실 학교 잉크젯 프린터용 (스카이 블루-100장/70g),NUOBESTY,15221,15221,3.4,6.0,"친환경 종이 소재로 제작되어 안전하고 무독성이며 쉽게 깨지거나 색이 바래지 않으며 인체에 해를 끼치지 않습니다. DIY 공예 및 학교 프로젝트를 위한 장식 아이템. 자르고 붙이는 데 사용하기 쉽습니다. 아이들, 종이 크레인, 꽃 및 기타 공예품과 함께 수공예품을 만드는 훌륭한 도구입니다. 창의적이고 재미있고, 친구들에게 보낼 수 있으며 소장 장식으로 사용할 수 있습니다.",,"['공예', '종이', '학교', '장식', '색', '공예품', '용지', '도구', '무독', '블루']"
사무용품,종이,복사 및 다목적 용지,,B00NJUYIA6,Xerox Business 3R3761 27.9 x 43.2cm(11 x 17인치) 9.1kg(20파운드) 다용도 용지 500장,Xerox,26162,26162,,,다용도 - 대부분의 작업에 적합합니다. 대용량 및 저용량 프린터 및 복사기를 포함한 모든 유형의 장비에 매일 사용하도록 설계되었습니다 크기: 43.7 x 27.9 x 5.6 cm 더 하얗고 높은 불투명도 고속 디지털 인쇄 장비에서 99.99% 걸림 없음 ColorLok 기술로 잉크젯 인쇄로 더 진한 검정색과 생생한 색상을 제공합니다 열대우림 연합에서 FSC 인증,"전문 프린터이든, 전체 사무실에서 구매하거나, 500장을 만들거나, 직장에서 레이저 인쇄를 하든, 홈 오피스에서 데스크탑 프린터를 사용하든, Vitality 용지로 항상 더 나은 결과를 기대할 수 있습니다. ColorLok 기술은 잉크젯 인쇄로 더 대담한 검정색과 생생한 색상을 제공하여 인상적인 결과를 제공합니다. 매끄러운 고품질 디자인으로 고속 디지털 인쇄 장비에서 99.99% 걸림 방지 기능이 있습니다. 프린터 용지는 모든 유형의 프린터 및 복사기에서 작동하도록 설계되었으며 대용량 인쇄에 적합합니다.","['인쇄', '프린터', '용지', '장비', '검정색', '복사기', '생생하다', '디지털', '잉크젯', '다용']"
사무용품,종이,복사 및 다목적 용지,,B0C91SVDZC,"그린 복사 용지, 컬러 복사 용지 21.6 x 27.9cm(8.5 x 11인치) 그린 림 20#, 그린 복사 용지, 프린터용 복사 용지 - 500장",Always23,32256,32256,5.0,3.0,"그린 복사 용지 500장 팩, 표준 21.6cm x 27.9cm(8 1/2인치 x 11인치) 레터 사이즈. 표준 편지(21.6 x 27.9cm(8.5 x 11인치)) 뉴스레터, 브로셔, 초대장, 공지 사항, 전단지, 양식 등에 이상적입니다. 이 용지는 학교 프로젝트, 프레젠테이션, 스크랩북, 초대장, 우편 등 모든 요구 사항에 적합합니다. 선명한 인쇄와 최소한의 비침이 필요한 일상적인 프로젝트를 위한 파스텔 프린터 용지입니다. 산성 및 리그닌이 함유되지 않은 이 파스텔 용지는 시간이 지나도 색이 바래거나 부서지지 않습니다. 가정, 학교 및 사무용품에 훌륭한 추가 아이템입니다. 복사기, 레이저 프린터, 오프셋 프레스 및 스피릿 복제기와 호환됩니다. 500장, Always23 평생 .","제품 구성: 녹색 복사 용지 팩, 컬러 복사 용지. 500장,/색상: 그린/사이즈: 21.6cm x 27.9cm/고품질 디자인의 컬러 복사 용지로 삶을 편하게 만드세요./프린터용 복사 용지는 튼튼하고 사용하기 쉽습니다./이 21.6 x 27.9cm(8 1/2 x 11인치) 그린 20# 컬러 복사 용지로 사무실에 필수품을 갖추고 있는지 확인하십시오./20# 기본 무게 덕분에 이 21.6 x 27.9cm(8 1/2 x 11인치) 표준 레터 사이즈 컬러 복사 용지는 일상용으로 적합합니다./복사기 및 레이저 프린터부터 오프셋 프레스 및 스피릿 복제기에 이르기까지 다양한 응용 분야에서 대량 사용./생생한 그린 색상을 자랑하는 이 복사 용지는 약간의 피자와 함께 선명하고 명확한 보고서를 보내는 데 이상적입니다./매력적인 초대장을 만들거나 학교, 사무실 또는 시설에서 일상적인 문서를 멋지게 꾸미는 데 사용하세요./인증된 관리 숲에서 공급되는 이 복사 용지는 환경 친화적입니다./또한 시간이 지남에 따라 황변 및 분해를 제거하기 위해 무산성으로 보관하거나 장기간 사용하기에 이상적입니다./각 용지는 500장의 용지가 포함되어 있으므로 인쇄 도중에 용지가 부족하면 문제가 되지 않습니다!/행복할 수 있도록 디자인!! !","['용지', '복사', '그린', '프린터', '컬러', '학교', '초대장', '프레', '표준']"
사무용품,종이,복사 및 다목적 용지,,B0CR6MPQVX,"MECCANIXITY 125장 A4 컬러 프린트 복사 용지 21.6cm x 27.9cm(8.5인치 x 11인치) 종이 접기 용지 프린터 용지 80gsm 인쇄, 문서 복사, 아트 공예, 라이트 그린",MECCANIXITY,22838,22838,5.0,1.0,"컬러 복사 용지는 특히 잉크젯 및 복사기 인쇄용으로 브로셔, 포스터, 초대장, 메뉴, 양식, 보고서, 인증서 내부 페이지, 영수증 용지 및 기타 예술 프로젝트에 널리 사용됩니다. 무게: 80gsm, 총 사이즈: 약 21 x 29.7cm/8.5x11.7인치(너비*길이). 매끄럽고 사랑스러운 파스텔 표면의 컬러 용지는 탁월한 다이 커팅, 스코어링 및 폴딩 특성뿐만 아니라 우수한 잉크 저항, 스냅 및 저항성을 제공합니다. 컬러 용지는 인쇄, 절단, 접기, 드로잉, 붙여넣기, 낙서를 통해 DIY 공예품을 자유롭게 만들고 커스터마이징할 수 있습니다. 모니터는 동일하게 보정되지 않았으며, 사진에 표시된 항목 색상이 실제 물체와 약간 다를 수 있습니다. 실제 제품을 표준으로 사용하십시오.",,"['용지', '컬러', '인쇄', '복사', '저항', '접기']"
사무용품,종이,복사 및 다목적 용지,,B00J6U8X7W,복사 용지 A6 1박스 (1000개) 영수증에 적합,,38766,38766,4.1,75.0,,복사 용지 A6 1박스 (1000개) 영수증에 이상적입니다,"['용지', '영수증', '복사', '박스', '적합']"
사무용품,종이,복사 및 다목적 용지,,B00GD0JJO4,"Office Depot Copy Fax 레이저 잉크젯 프린터 용지, 21.6 x 27.9cm(8 1/2 x 11인치) 레터 사이즈, 9.1kg(20파운드), 92 미국 / 105 유로 브라이트 화이트, 무산성, 립, 총 500장 (273646/Ream)",Office Depot,21467,21467,4.8,35.0,"싱글 림 1개(500장), 21.6 x 27.9cm(8.5 x 11인치) 레터 사이즈, 9.1kg(20파운드). 밀도, 92 US / 105 유로 브라이트 일상적인 복사 및 인쇄에 적합합니다. 9.1kg(20파운드) 밀도 용지는 매일 사용하기에 이상적입니다 선명한 텍스트와 이미지를 위한 105 (유로), 92 (미국) 밝기 인쇄, 복사 및 팩스 애플리케이션에 필요한 신뢰할 수 있는 성능을 제공합니다 중성 종이는 시간이 지나도 황변하거나 색이 바래지 않습니다","Office Depot 브랜드 273646 백지는 모든 레이저 및 잉크젯 가정 및 사무실 복사기, 일반 종이 팩스 기계 및 올인원에 적합합니다. 9.1kg(20파운드) 밀도 용지는 일상적인 사용에 이상적이며, 생생한 텍스트와 이미지를 위한 92(미국) 밝기","['미국', '밀도', '용지', '유로', '라이트', '레이저', '복사', '인쇄', '이미지', '잉크젯']"
사무용품,종이,복사 및 다목적 용지,,B0CZ8M8V9F,"LINGLONG 프리미엄 천공 용지 21.6 x 27.9cm(8.5 x 11인치) 하프 시트 14cm(5.5인치) 인쇄 용지 9.5kg(20파운드) 500장, 명세서, 송장용 미국 레터 용지 (21.6 x 27.9cm(8.5 x 5-1/2인치)), 500장)",LINGLONG,29583,29583,4.5,2.0,"천공 용지 8.5 x 11인치 천공 용지 8.5 x 14.4cm(3.3 x 5-1/2인치) 천공 용지 21.6 x 27.9cm(8.5 x 11인치) 9.5kg(20파운드), 500장",,"['용지', '천공', '하프', '프리미엄', '인쇄', '시트', '송장', '미국', '명세서']"
사무용품,종이,복사 및 다목적 용지,,B000H102U0,"Pacon 네온 다용도 21.6 cm x 27.9 cm, 100장, 핑크 (104319)",Pacon,24874,24874,4.0,33.0,"10.9 kg. 중성 핑크 종이 레이저 및 잉크젯 프린터, 복사기 및 오프셋 프린터에 적합합니다 컬러 한 면 인쇄 작업에 전문적이고 인상적인 터치를 더합니다 뜨거운 형광 색상으로 메시지를 생생하게 전달합니다 블랙 라이트 아래에서 색상이 빛납니다!","Pacon Neon Pink Bond is an ideal surface for a number of printing projects. The 24 lb. paper is perfect for laser and inkjet prints as well as photocopiers and offset printers. Easily add a professional and impressive touch to any printed work. Acid-free paper is colored on one side. Pacon Neon Red Multi-Purpose Papers bring your messages to life on acid-free and recyclable paper. Pacon offers customers an extensive line of arts and crafts products, strengthening its ability to be a single-source supplier for educational aids, paper products and arts and crafts.","['프린터', '핑크', '형광', '오프셋', '다용', '더하다', '뜨겁다', '라이트', '레이저', '메시지']"
사무용품,종이,복사 및 다목적 용지,,B014GAVSXM,"블루 파스텔 컬러 메뉴 용지 - 21.6 x 35.6cm(8.5 x 14인치) (리걸 사이즈) - 문서, 발표, 메뉴 예술 및 공예용 | 100장 벌크 팩",S Superfine Printing,34611,34611,4.4,38.0,"예술과 공예 시간을 새로운 수준으로 끌어올리세요 - 9.1kg(20파운드) 본드 / 22.7kg(50파운드) 텍스트 / 75GSM 종이로 예술과 공예 시간에 새로운 생명을 불어넣으세요. 각 시트는 21.6 x 35.6cm(8.5 x 14인치) 크기이며 편지, 레스토랑 메뉴, 예술 및 공예, 전단지, 초대장, 비즈니스 문서, 포스터 등에 적합합니다! 대담하고 생생한 색상 - 이 컬러 용지 100장 팩은 다양한 파스텔 색상으로 제공되어 모든 예술 프로젝트를 돋보이게 합니다! 색상은 사진에 묘사된 것과 정확히 같습니다. 바래지 않는 프리미엄 용지 - 이 파스텔 컬러 용지는 100% 무산성 및 리그닌이 함유되지 않아 종이를 보존하고 부서지기 쉽고 색이 바래고 노란색으로 보이는 것을 방지합니다. 이 종이는 오래 사용할 수 있도록 제작되었습니다 프린터를 위한 완벽한 크기의 컬러 용지 - 다양한 가정 또는 사무실 레이저 및 잉크젯 프린터에 이 용지를 사용할 수 있습니다. 대부분의 프린터에 맞는 완벽한 크기와 두께입니다. 종이는 잉크를 크게 흡수하여 번지거나 번지거나 색이 바래지 않는 완벽한 결과를 만듭니다. 모든 선생님의 용품 옷장에 꼭 필요한 제품 - 모든 선생님은 용품 옷장에 이 프리미엄 공예 종이를 쌓아야 합니다. 학년 동안 교실 주변의 다양한 학생 프로젝트와 장식을 위해 항상 편리합니다.",,"['용지', '종이', '예술', '컬러', '공예', '완벽하다', '메뉴', '파스텔', '프린터', '선생님']"
사무용품,종이,복사 및 다목적 용지,,B0CR1MLKDV,"Phomemo A4 감열지 - 화이트 퀵 드라이 프린터 용지, Phomemo M08F, M832, M833 휴대용 열 프린터와 호환되는 다용도 A4 감열지, 210mm x 297mm(8.27 x 11.69인치), 200장",Phomemo,38766,38766,4.7,32.0,"Phomemo A4 화이트 퀵 드라이 감열지, 너비 210mm x 297mm(8.27 x 11.69인치), 블랙 텍스트, 상자 200장. Phomemo M08F/M832/M833/M834 휴대용 A4 프린터와 호환됩니다. 10년 보관. 다양한 호환성 - 이 A4 감열지는 Phomemo M832.M833, M834 휴대용 A4 프린터와 호환됩니다. Phomemo A4 감열지는 선명하게 인쇄되며 인쇄 자국을 남기지 않으며, 글씨가 흐려지거나 검게 변하지 않으며, 표면에 코팅이 있어 글씨를 빠르게 건조할 수 있습니다. 또한 방수, 내유성 및 내마모성이 있습니다. 다양한 사용 - 이 A4 감열지는 학교, 사무실, 야외 작업, 비즈니스 회의 등 어디에서나 사용할 수 있습니다. 열 인쇄 기술로 잉크가 필요하지 않으며 휴대가 간편하고 편리합니다. 안전한 인쇄 - Phomemo 인쇄지는 BPA 프리로 노인과 어린이가 안전하게 사용할 수 있으며 환경 친화적이며 오염이 없으며 강한 접착력과 방수 기능이 있습니다.",,"['감열지', '인쇄', '휴대', '프린터', '호환', '퀵', '글씨', '드라이', '방수', '안전하다']"
사무용품,종이,복사 및 다목적 용지,,B0BDX8XRH3,"MECCANIXITY 컬러 복사 용지 21.6cm(8 1/2인치) 프린터 용지 10kg(22파운드)/80gsm 라이트 블루 100장 사무실 인쇄, 문서 복사, 초대장, 양식, 아트 프로젝트용",MECCANIXITY,19376,19376,3.3,24.0,"컬러 복사 용지는 특히 잉크젯 및 복사기 인쇄와 호환되므로 브로셔, 포스터, 초대장, 메뉴, 양식, 보고서, 증명서 내부 페이지, 영수증 용지 및 기타 예술 프로젝트에 널리 사용됩니다. 색상: 라이트 블루, 무게: 10kg(22파운드), 총 사이즈: 약 21 x 29.7cm/8.5x11.7인치(너비*길이). 매끄럽고 사랑스러운 파스텔 표면의 컬러 용지는 탁월한 다이 커팅, 스코어링 및 접이식 특성뿐만 아니라 잉크 저항, 스냅 및 저항성을 제공합니다. 다양한 형광등을 포함한 16가지 색상을 선택할 수 있어 예술 프로젝트를 정교하게 만듭니다. 컬러 용지는 인쇄, 절단, 접기, 드로잉, 붙여넣기, 낙서로 DIY 공예품을 자유롭게 만들고 맞춤 설정할 수 있습니다. 모니터는 동일하게 보정되지 않으며, 사진에 표시된 품목 색상은 실제 물체와 약간 다를 수 있습니다. 실제 제품을 표준으로 삼아 주세요.",,"['용지', '컬러', '인쇄', '복사', '프로젝트', '블루', '예술', '라이트', '초대장', '저항']"
사무용품,종이,복사 및 다목적 용지,,B0CVHX8284,"21.6 x 14cm(8.5 x 5.5인치) 하프 레터 시트 파스텔 컬러 용지 - 복숭아 - 예술 및 공예 및 문구 인쇄에 적합 | 복사, 쓰기, 인쇄용 일반 9.1kg(20파운드) 본드(64gsm) 용지 | 팩당 250장 - 1개",S Superfine Printing,27686,27686,,,"프리미엄 품질 - 사랑스러운 파스텔 색상과 매끄러운 표면을 가진 고품질 9.1kg(20파운드) 본드 / 22.7kg(50파운드) 텍스트 / 75GSM 종이로 제작되었습니다. 재생 가능한 산림 자원에서 책임감 있게 관리되고 수확됩니다. 다용도 - 예술 및 공예, 포스터, 전단지, 초대장, 청첩장, 메뉴 등에 적합합니다. 색상은 사진에 묘사된 것과 똑같습니다. 탁월한 인쇄 성능 - 이 용지는 다양한 가정 또는 사무실 레이저 및 잉크젯 프린터에 사용할 수 있습니다. 대부분의 프린터에 맞는 완벽한 크기와 두께입니다. 종이는 잉크를 크게 흡수하여 번지거나 번지거나 색이 바래지 않는 고품질의 전문적인 프린트를 만듭니다. 오래 지속되는 강도 - 산성 및 리그닌이 없는 이 파스텔 용지는 시간이 지나도 색이 바래거나 부서지지 않습니다. 가정, 학교 및 사무용품에 훌륭한 추가 아이템입니다. 모든 선생님의 공급 옷장에 꼭 필요한 제품 - 모든 선생님은 이 프리미엄 공예 종이를 소모품 옷장에 쌓아야 합니다. 학년도 동안 교실 주변의 다양한 학생 프로젝트와 장식에 항상 유용합니다!",,"['용지', '공예', '인쇄', '종이', '파스텔', '예술', '가정', '본드', '프린터', '프리미엄']"
사무용품,종이,복사 및 다목적 용지,,B0CYGPQZ6Z,"Washi 종이 시트 컬러 A4 사이즈 [옐로우] 프린터 용지 (20장), 인쇄, 인사말, 초대장, 공예용 레이저 및 잉크젯 인쇄 가능, 일본산 (47352)",ONAO,12188,12188,,,"[일본산 와시 종이] 인쇄 가능한 고품질 일본 종이입니다. 이 수제 용지는 인사말 카드, 감사 메모, 웨딩 카드, 계약서, 행사 초대장, 전단지, 전단지, 레스토랑 메뉴 종이, 젓가락 포장 등과 같은 다양한 용도에 가장 적합합니다. [전통적인 일본 종이] 노란색 종이 표면은 일본 종이 특유의 차분한 질감을 가지고 있으며 흰색 레이온 섬유가 짜여져 있습니다. 뒷면은 질감이 있는 종이입니다. 보기에도 좋을 뿐만 아니라 만질 때 받는 사람에게 고품질의 느낌을 줍니다. [레터 용지 사용] 복사 및 인쇄뿐만 아니라 손글씨에도 적합합니다. 일반 펜이나 브러시 펜으로 부드럽게 쓰고 칠할 수 있습니다. [프린터 친화적] 잉크젯 프린터, 잉크 리본 프린터, 레이저 프린터 및 PPC 복사기(열 복사기, 열전사 프린터)를 지원합니다. *잉크젯 프린터를 사용할 때 레이온 섬유에 잉크를 바르면 약간의 번짐이 발생할 수 있지만 전체 인쇄는 괜찮습니다. [제품 정보] 일본산 / 용지 크기: A4 사이즈 (210mm x 297mm, 8.35"" x 11.7"") / 용지 두께: 0.12mm / 시트 수: 20장",,"['종이', '프린터', '일본산', '용지', '인쇄', '잉크젯', '레이저', '시트', '복사기']"
사무용품,종이,복사 및 다목적 용지,,B0BH8WQMVS,"Domtar Lettermark 펀치 및 천공 잉크젯, 레이저 복사 및 다용도 용지 - 화이트",Domtar,77033,77033,,,"대담한 블랙과 생생한 색상을 위한 ColorLok 기술 레이저 프린터 및 복사기와 호환 가능 바닥에서 8.9cm(3-1/2인치) 미세 천공 양식, 송장, 명세서 등에 적합합니다","Lettermark 천공 용지를 사용하면 전문적인 품질의 문서를 편리하고 쉽게 만들 수 있습니다. ColorLok 기술은 잉크젯 인쇄로 더 진한 검정색과 생생한 색상을 생성하고 레이저 인쇄로 더 나은 품질과 성능을 제공합니다. 10.9kg(24파운드). 용지는 레이저 프린터, 데스크탑 잉크젯 프린터 및 복사기와 잘 작동합니다. 종이는 바닥에서 8.9cm(3-1/2인치)에 미세 구멍이 뚫려 있습니다. 레터 사이즈 용지는 양식, 송장, 명세서, 쿠폰 등에 적합합니다.","['레이저', '용지', '프린터', '천공', '잉크젯', '명세서', '인쇄', '미세', '생생하다', '송장']"
사무용품,종이,복사 및 다목적 용지,,B0BTGK1X99,A4 사이즈 프린터 용지 - 90gsm (250장),Nuburi Office Supply,17935,17935,4.7,20.0,"A4 사이즈 프리미엄 프린터 용지 - 90 GSM / 9.5kg(21파운드) - 21cm x 29.7cm(8.25인치 x 11.75인치) 레이저, 잉크젯, 복사기, 팩스, 양면 복사. 섬세하고 전문적인 고대비 품질의 B&W 및 컬러 프린트에 이상적입니다. 품질 보장 - 100% 만족하지 않으면 반품하십시오. 250장 패키지.","Nuburi 사무용품 브랜드 비즈니스 용지. Nuburi의 컬러 & 디자인 프린트 90 용지는 작업이나 놀이에 이상적입니다. 가정 또는 사무실. 디자인, 차트 및 그래픽을 색상으로 인쇄하는 데 이상적이며 매우 상세한 대비를 보여줍니다. 매끄러운 표면과 밝은 흰색으로 모든 컬러 인쇄에 이상적입니다. 프리미엄 품질과 두께가 추가되어 제안서, 보고서 및 마케팅에 이상적입니다. 오래 지속되는 인상을 남기세요. 고객 만족을 보장합니다. 100% 만족하지 못하셨다면 반품하세요.","['용지', '컬러', '프린터', '프리미엄', '프린트', '대비', '디자인', '보장', '만족하다', '인쇄']"
사무용품,종이,복사 및 다목적 용지,,B00E6K0BTA,Kromekote 화이트 페이퍼 - 21.6 x 27.9cm(8 1/2 x 11인치) 10pt 커버 광택 C/1S 패키지 당 200개,,49860,49860,4.6,15.0,,"Kromekote C/1S는 매끄러운 고광택 표면과 우수한 레이플랫으로 유명한 코팅된 단면 커버 용지입니다. Kromekote와 하이 화이트 색상으로 디자인하는 것을 좋아할 것입니다. 놀랍도록 유연한 표면과 수용성이 뛰어난 코팅으로 다양한 프로젝트에 아름다움과 성공을 선사합니다. Kromekote의 뒷면은 라인 아트 및 하프톤 인쇄 및 코팅되지 않은 용지에 사용되는 모든 공정에 적합한 코팅되지 않은 표면을 보여줍니다. 인사말 카드, 명함을 인쇄하거나 태그를 걸 때 Kromekote는 저렴한 가격에 캐스트 코팅지를 위한 최고의 선택입니다.","['코팅', '표면', '용지', '인쇄', '커버', '화이트', '디자인', '라인', '레이', '단면']"
사무용품,종이,복사 및 다목적 용지,,B0BRCN198C,Nuburi - A4 사이즈 프린터 용지 - 전문 문서에 적합 - 80gsm / 9.5kg(20파운드) (40장),Nuburi Office Supply,9625,9625,4.7,40.0,"A4 사이즈 프리미엄 프린터 용지 - 80 GSM / 9.5kg - 21 x 29.7cm(8.25 x 11.75인치) 레이저, 잉크젯, 복사기, 팩스, 양면 복사. 섬세하고 전문적인 고대비 품질의 흑백 및 컬러 인쇄에 이상적입니다. 품질 보장 - 100% 만족하지 않으면 반품하십시오. 40장 패키지.","Nuburi Office Supply 브랜드 비즈니스 용지. Nuburi의 프리미엄 80 GSM 용지는 직장이나 놀이, 가정 또는 사무실에 이상적입니다. 가장 중요한 모든 법률 문서에 대해 선택하는 프리미엄 비즈니스 용지입니다. 양식 및 다이렉트 메일과 같은 품목에 이상적입니다. 일관되게 매끄러운 인쇄 표면은 인상적인 전단지와 유인물을 만듭니다. 중요한 인쇄물에 색상을 추가하여 오래 지속되는 인상을 남깁니다. 만족 보장. 100% 만족하지 않으면 반품하세요.","['용지', '프리미엄', '중요하다', '프린터', '비즈니스', '인상', '인쇄', '보장', '문서', '전문']"
사무용품,종이,복사 및 다목적 용지,,B000X7ML84,"Sparco 다용도 복사 용지, 5000/ct",Sparco,101465,101465,3.5,2.0,고속 복사기 및 레이저 프린터와 호환 가능 아카이브 사용을 위한 무산성 높은 밝기 다양한 용도로 사용할 수 있는 프리미엄 품질,다용도 용지는 고속 복사기 및 레이저 프린터를 위해 설계되었습니다. 중성 종이는 9.1kg(20파운드)입니다. 무게.,"['프린터', '용지', '복사기', '레이저', '고속', '호환', '프리미엄', '중성', '종이', '아카이브']"
사무용품,종이,복사 및 다목적 용지,,B01M1CYE89,"PrintWorks Professional Presentaions, 소책자, 매뉴얼, 카탈로그 등을 위한 천공 종이, 8.5 x 11, 10.9 kg, 왼쪽에서 1.3 cm, 500장, 화이트 (04112)",PrintWorks,39153,39153,4.3,68.0,"PrintWorks Professional 고품질 미리 구멍이 뚫린 용지는 전문 소책자, 설명서, 카탈로그 또는 보고서를 탈착식 페이지로 인쇄하려는 모든 사무실 또는 조직에 비용 효율적인 솔루션입니다. PrintWorks 04112 퍼프 용지는 시트의 왼쪽 가장자리에서 깨끗한 수직 마이크로 퍼프 1.3cm (0.5인치)를 가지고 있어 찢어 아웃 시트로 문서를 인쇄할 수 있습니다. 수업 과제 또는 서명이 필요한 양식. 마이크로 퍼프는 쉽게 찢을 수 있도록 제조되었습니다. 따라서 종이를 찢어지거나 문서를 손상시킬 염려가 없습니다. 수직으로 천공된 종이는 평평하게 펼쳐져 있어 데스크톱 및 대용량 생산 인쇄 및 복사 모두에 이상적입니다. PrintWorks 용지는 잉크젯 및 레이저 장치에서 걸림 없이 작동합니다. 1964년부터 프리미엄 프린트웍스 품질. 국내 소싱된 친환경 종이로 미국에서 제작되었습니다. 한 개당 500장, 8.5 x 27.9 cm, 화이트, 10.9 kg, 쉽게 열 수 있는 폴리 랩에 포장됩니다.","집, 사무실 또는 대기업에서 일하든, PrintWorks Professional은 미리 구멍이 뚫린 용지는 프레젠테이션 및 회계 요구 사항에 적합합니다. 몇 분 안에 전문적인 고품질 문서를 만들고 인쇄하기만 하면 됩니다. 소책자, 설명서, 명세서, 상품권 등을 인쇄할 때 사용할 수 있습니다. PrintWorks는 단일, 다중 또는 수직 및 수평 천공의 조합으로 전체 라인을 커버합니다./천공된 용지는 쉽게 찢어지는 깨끗한 마이크로 퍼펙트를 가지고 있으며 시트는 평평하게 놓을 수 있어 레이저 및 잉크젯 데스크탑과 대용량 생산 프린터 및 복사기 모두에서 걸림 없이 사용할 수 있습니다./PrintWorks 프로페셔널 퍼프 용지는 21.9 x 29.9 x 35.4 및 27.9 x 43.9 cm 포맷으로 제공됩니다. 10.9kg (22파운드) - 필요에 따라 종이를 인쇄/복사기 장비에 맞출 수 있습니다./PrintWorks Professional은 Paris Corporation 브랜드입니다. 1964년부터 당사는 가정, 사무실 및 대량 생산 시설에서 사용할 수 있는 고품질 양식 및 특수 종이 제조 분야의 전문가였습니다. 저희 제품은 미리 구멍이 뚫린 용지부터 처방전을 확보하고 공란을 확인하는 색지/카드용지, 라벨 및 티셔츠 전사지에 이르기까지 다양합니다. 저희는 환경을 유지하기 위해 적극적으로 일하는 북미 공장에서 종이를 공급합니다. PrintWorks 제품을 구입하면 환경을 보존하는 데 도움이 됩니다. 종이를 만들기 위해 수확한 모든 나무에 대해 더 많은 것이 그 자리에 심어집니다. PrintWorks Professional 천공 용지가 환경에 좋다는 것을 알고 책임감 있게 인쇄할 수 있습니다.","['용지', '종이', '인쇄', '천공', '퍼프', '구멍', '미리', '사무실', '생산', '마이크로']"
사무용품,종이,복사 및 다목적 용지,,B07PV382RK,"1InTheOffice 컬러 복사 용지 21.6x27.9cm(8.5x11인치), 옐로우 컬러 복사 용지, 프린터 용지, 밀도 9.1kg(20파운드), 레터 사이즈, 500장",1InTheOffice,26855,26855,3.6,8.0,"생생한 21.6 x 27.9cm(8.5 x 11인치) 레터 크기의 용지 500장이 특징인 이 노란색 복사 용지로 인쇄물을 바꾸세요. 인쇄 프로젝트에 색상을 추가하기에 적합합니다. 9.1kg(20파운드) 밀도로 설계된 이 프리미엄 프린터 용지는 다양한 기계에서 최적의 성능을 보장하여 문서가 선명한 그래픽과 대담한 텍스트를 보여줄 수 있도록 합니다. 노란색의 생동감으로 프레젠테이션, 전단지 및 공예품을 업그레이드하여 작품을 돋보이게 하고 지속적인 인상을 남깁니다. 각 종이 프린터 시트의 매끄러운 질감과 내구성은 청중을 사로 잡는 전문가 품질의 인쇄물을 보장합니다. 전문 문서와 창의적인 벤처 모두에 이상적인 이 21.6 x 27.9cm(8.5 x 11인치) 컬러 복사 용지는 인상적인 인쇄의 가능성을 열어줍니다.","1InTheOffice 컬러 복사 용지 21.6x27.9cm(8.5x11인치), 옐로우 컬러 복사 용지, 프린터 용지, 밀도 9.1kg(20파운드), 레터 사이즈, 500장/표준 21.6 x 27.9cm(8.5 x 11인치) 레터 크기의 화려한 500장 팩인 1InTheOffice의 옐로우 컬러 복사 용지로 인쇄 프로젝트에 활력을 불어넣으세요. 이 프린터 용지는 탄력적인 9.1kg(20파운드)의 밀도를 자랑하며 복사기와 프린터 전반에서 완벽한 성능을 보장하여 완벽한 선명도와 생동감으로 인쇄물을 빛나게 합니다. 매혹적인 노란색 색조는 프레젠테이션, 전단지 및 창의적인 벤처에 역동적인 터치를 더하여 청중에게 지속적인 영향을 줍니다. 탁월함을 위해 제작된 각 시트는 매끄러운 질감과 인상적인 내구성을 발산하여 인쇄 재료를 전문적인 표준으로 향상시킵니다. 비즈니스 문서와 상상력이 풍부한 공예 모두에 이상적인 이 컬러 복사 용지는 놀라운 시각적 커뮤니케이션을 위한 무한한 가능성을 열어줍니다./주요 포인트:/- 선명한 21.6 x 27.9cm(8.5 x 11인치) 옐로우 레터 사이즈의 500장/- 9.1kg(20파운드) 밀도는 프린터 및 복사기에서 최고의 성능을 보장합니다./-시선을 사로잡는 노란색은 프레젠테이션, 전단지 및 창의적인 프로젝트를 향상시킵니다./- 부드러운 질감과 내구성으로 프리미엄 품질의 인쇄물을 보장합니다./- 전문적인 문서 및 창의적인 작업에 적합합니다./- 생생하고 강렬한 색상으로 인쇄물을 업그레이드하십시오./- 다재다능하고 신뢰할 수 있으며 다양한 인쇄 요구 사항에 적합합니다./- 탁월한 인쇄 품질과 색상 광택으로 지속적인 인상을 남깁니다.","['용지', '복사', '프린터', '컬러', '인쇄', '보장', '인쇄물', '밀도', '옐로우', '인상']"
사무용품,종이,복사 및 다목적 용지,,B000YCWOVW,Elite Image 다용도 용지(ELI45000),Elite Image,74997,74997,3.0,9.0,"더 대담한 블랙과 생생한 색상을 위한 ColorLok 기술 고품질, 밝은 백지 레이저 및 잉크젯 프린터, 복사기, 팩스 기계 및 오프셋 인쇄와 호환됩니다 5 연, 2500장 / 카톤","고품질의 밝은 백지는 대담한 블랙과 생생한 색상을 위한 ColorLok 기술을 특징으로 합니다. 용지는 레이저 및 잉크젯 프린터, 복사기, 팩스 기계 및 오프셋 인쇄에 사용하도록 설계되었습니다. 9.1kg(20파운드). 용지는 뛰어난 성능을 제공합니다.","['용지', '기계', '백지', '팩스', '대담하다', '잉크젯', '인쇄', '오프셋', '프린터', '레이저']"
사무용품,종이,복사 및 다목적 용지,,B01BFP7M90,"21.6 x 35.6cm(8.5 x 14인치) 카나리아 파스텔 컬러 용지 - 예술 및 공예 및 문구 인쇄에 적합 | 리갈, 메뉴 사이즈 | 9.1kg(20파운드) 본드(64gsm) 용지 | 팩당 50장",S Superfine Printing,22506,22506,4.3,99.0,"프리미엄 품질 - 부드럽고 사랑스러운 파스텔 표면의 고품질 9.1kg(20파운드) 본드(64gsm) 종이로 제작되었습니다. 재생 가능한 산림 자원에서 책임감 있게 관리되고 수확됩니다. 다용도 - 예술 및 공예, 포스터, 전단지, 초대장, 청첩장, 메뉴 등에 적합합니다. 탁월한 성능 - 탁월한 다이 커팅, 스코어링, 폴딩 특성 및 잉크 홀드아웃, 스냅을 제공하고 프린터 품질 성능을 제공합니다. 오래 지속되는 강도 - 산성 및 리그닌이 없는 이 파스텔 용지는 시간이 지나도 색이 바래거나 부서지지 않습니다. 가정, 학교 및 사무용품에 훌륭한 추가 아이템입니다. 50장 벌크 팩 - 각 시트는 21.6 x 35.6cm(8.5 x 14인치)이며 팩당 50장으로 제공됩니다.","9.1kg(20파운드) 파스텔 컬러 용지는 모든 종이에 적합합니다! 부드럽고 톱니 같은 마감으로 탁월한 인쇄 능력을 제공하며 다양한 유형의 디지털 프린터에서 작동하도록 설계되었습니다. 색연필 및 마커와 같은 전통적인 공예 재료와 완벽하게 작동합니다. 다른 기능으로는 탁월한 다이 커팅, 스코어링 및 폴딩 특성, 우수한 잉크 홀드아웃, 스냅 및 저항성이 있습니다./특징:/Fine Cardstock은 모든 인쇄 용지에 필요한 다양한 제품을 생산합니다. 브리스톨 종이, 피지 종이, 커버 용지, 스톡 용지, 광택 카드스톡, 흰색 카드스톡, 컬러 카드용지 및 기타 사무용 종이 제품과 같은 독특한 사무용품을 확인하십시오. 또한 봉투, 합판, 라벨, 색인 카드, 메모 패드 및 시트, 카드 및 봉투 등과 같은 추가 사무용품을 확인하세요!/집이나 사무실에서 편안하게 맞춤형 프로젝트를 시작하세요.","['용지', '카드', '종이', '탁월하다', '파스텔', '인쇄', '사무', '공예', '스톡', '컬러']"
사무용품,종이,복사 및 다목적 용지,,B0BLSDJSFW,"Odaro 21.6 x 27.9cm(8.5 x 11인치) 레터 사이즈 감열식 프린터 용지, 다용도 사무실 화이트 폴더 용지 - 100장, M08F, MT800, MT800Q 및 기타 레터 휴대용 프린터와 호환",Odaro,30456,30456,4.4,80.0,"호환 기계: US Letter 감열지는 Letter 감열식 프린터를 지원할 수 있습니다. M08F, MT800 MT800Q 및 기타 Letter 열 프린터와 같습니다. 참고: 감열지는 레이저 프린터, 잉크젯 프린터 또는 복사기를 지원하지 않습니다. 수량 및 크기: 프린터 용지 한 상자에 100장이 있습니다. Odaro 용지 사이즈는 미국 레터 용지 사이즈와 동일합니다 - 21.6cm x 27.9cm(8.5 x 11인치) 다양한 용도: 이력서, 계약서, 계약, 숙제, 질문 수집 등에 사용하기에 이상적인 선택입니다. 걸림 방지 인쇄 경험: 모두가 종이 걸림을 싫어합니다. Odaro 프린터 용지가 프린터를 매끄럽게 유지할 수 있다고 믿을 수 있습니다. 안전 감열지: Odaro 프린터 용지는 품질이 좋고 환경 친화적이며 무해하므로 안심하고 사용할 수 있습니다.",,"['프린터', '용지', '감열지', '감열식']"
사무용품,종이,복사 및 다목적 용지,,B0CR1N1214,"Phomemo US Letter 감열지 - 화이트 퀵 드라이 연속 프린터 용지, 다용도 감열지 호환 M832/M833/M834 휴대용 레터 열 프린터, 216mm x 6.5m, 4롤",Phomemo,30456,30456,4.5,706.0,"Phomemo US Letter 감열지 연속 화이트 퀵 드라이 용지, Phomemo M08F/M832/M833/M834 휴대용 레터 열 프린터와 호환되는 다용도 감열지, 216mm x 6.5m(8.5x275 3/5인치), 상자 4롤. 다양한 호환성 - 이 미국 레터 감열지는 Phomemo, Munbyn, Jadens, HPRT 및 기타 휴대용 레터 프린터와 호환됩니다. 레이저 또는 잉크젯 프린터에는 적합하지 않습니다. Phomemo US Letter 감열지는 명확하게 인쇄되며 인쇄 자국을 남기지 않습니다. 글씨가 흐려지거나 검게 변하지 않으며 표면에 코팅이 있어 글씨가 빠르게 건조됩니다. 또한 방수, 내유성 및 내마모성이 있습니다. 다양한 사용 - 학교, 사무실, 야외 작업, 비즈니스 회의 등 어디에서나 사용할 수 있는 US Letter 감열지. 열 인쇄 기술로 잉크가 필요하지 않으며 휴대가 간편하고 편리합니다. 안전한 인쇄 - Phomemo 인쇄지는 BPA 프리로 노인과 어린이가 안전하게 사용할 수 있으며 환경 친화적이며 오염이 없으며 강한 접착력과 방수 기능이 있습니다. 이것은 US Letter 연속 감열지이며 원하는 길이를 선택할 수 있습니다.",,"['감열지', '인쇄', '프린터', '휴대', '호환', '연속', '열', '안전하다', '화이트', '퀵']"
사무용품,종이,복사 및 다목적 용지,,B00BLQ0ABG,"Pacon 101650 다목적 용지, 화이트, 레터 - 21.3cm X 27.9cm",Pacon,25636,25636,4.5,2.0,"9.1kg(20파운드). 잉크젯 및 레이저 프린터와 호환되는 다목적 용지 학교, 가정 또는 사무실에서 사용하기 편리합니다 화이트 시트 150장 팩 각 패키지는 필름으로 포장되어 배송됩니다 재활용 가능",다용도 9.1kg(20파운드). 복사기 및 레이저 및 잉크젯 프린터와 호환되는 종이. 각 패키지에는 150장의 시트가 포함되어 있으며 매력적인 상단 시트로 필름으로 포장되어 배송됩니다. 재활용 가능.,"['시트', '화이트', '필름', '프린터', '포장', '레이저', '패키지', '재활용', '호환', '잉크젯']"
사무용품,종이,복사 및 다목적 용지,,B00009AJBN,"Kokuyo 컬러 레이저 및 컬러 복사 용지(LBP&PPC), A4, 180gsm 0.22mm 두께 무광 용지, 100장, 양면 인쇄, 98 밝기(ISO), 일본 수입(LBP-F31)",KOKUYO,27686,27686,4.4,1520.0,"[종이 공예에 이상적] 두께가 180g/m2 0.22mm이고 단단한 질감으로 포스터, 메뉴, 카드, 파일 스파인 라벨, POP 및 기타 종이 공예품을 만드는 데 적합합니다. [고품질 인쇄] 특수 코팅으로 잉크 침투를 제어합니다. 이는 뒷면 얼룩을 방지하고 고해상도 사진, 그래픽 이미지 및 텍스트를 명확하게 재현합니다. [튼튼한 용지] 용지의 두께는 0.22mm로 주름에 강하고 비침을 최소화하여 전문적인 인쇄 작업에 이상적입니다. [높은 호환성] 대부분의 컬러 흑백 레이저 프린터, 컬러 흑백 복사기, 잉크젯 프린터 및 EPSON, 캐논 및 HP와 같은 열 전사 프린터와 호환됩니다. [ISO 인증] 이 용지는 약 98%(ISO)의 흰색으로 국제 표준을 충족하는 일관된 색상 출력을 보장합니다.",,"['용지', '컬러', '인쇄', '프린터', '종이', '흑백', '레이저']"
사무용품,종이,복사 및 다목적 용지,,B0B4BR66DL,"양면 광택 디지털 C2S 용지 - 컬러 레이저 인쇄, 디자인 제안서, 전단지, 브로셔에 적합 | 8.5 x 27.9cm(11 x 11인치) | 36.3kg(80파운드) 텍스트(14.5kg(32파운드) 본드) | 96 밝은 | 무산성 광택 코팅 | 100장",S Superfine Printing,34611,34611,3.9,69.0,"컬러 인쇄에 적합 - 양면 광택 표면과 96가지 밝기의 고품질 화이트 14.5kg(32파운드) 본드 / 36.3kg(80파운드) 텍스트 용지(120gsm). 전단지, 브로셔, 디자인 프로포즈, 풀 컬러 사진, 포스터 및 프레젠테이션에 적합합니다. 99.99% 걸림 방지 보장 - 프리미엄 용지 비용 없이 풍부한 색상 재현, 우수한 이미지 품질 및 탁월한 불투명도를 제공합니다! 신뢰할 수 있는 성능은 문제 없는 작동을 보장하므로 우수한 인쇄 작품을 만드는 데 집중할 수 있습니다. 보관 안전 - 무산성 및 리그닌 프리로 종이를 보존하고 시간이 지남에 따라 색이 바래거나 부서지는 것을 방지하고 오래 지속되는 품질의 외관을 보장합니다! 프린터 호환 - 컬러 및 흑백 레이저 및 디지털 프린터에서 최적의 성능. 안전하고 안전한 패키지 - 이 100장의 광택 백지 벌크 세트는 안전한 배송 및 보관을 보장하기 위해 안전하게 박스에 포장되어 있어 상황이 일어날 때 편리한 종이를 사용할 수 있습니다!",,"['광택', '컬러', '보장', '안전하다', '용지', '인쇄', '양면', '텍스트', '종이', '본드']"
사무용품,종이,복사 및 다목적 용지,,B0BCJ4CH9C,"MECCANIXITY 50장 컬러 복사 용지 21.6cm(8 1/2인치) 프린터 용지 9.5kg(10파운드)/75gsm 형광 핑크, 사무실 인쇄, 문서 복사, 초대장, 양식, 아트 프로젝트용",MECCANIXITY,10373,10373,,,"컬러 복사 용지는 특히 잉크젯 및 복사기 인쇄용으로 브로셔, 포스터, 초대장, 메뉴, 양식, 보고서, 인증서 내부 페이지, 영수증 용지 및 기타 예술 프로젝트에 널리 사용됩니다. 색상: 형광 핑크; 무게: 9.5 kg; 총 사이즈: 약 21 x 29.7cm/8.5x11.7인치(너비*길이). 매끄럽고 사랑스러운 파스텔 표면의 컬러 용지는 탁월한 다이 커팅, 스코어링 및 폴딩 특성뿐만 아니라 우수한 잉크 저항, 스냅 및 저항성을 제공합니다. 다양한 형광등을 포함하여 16가지 색상을 선택할 수 있어 예술 프로젝트를 정교하게 만듭니다. 컬러 용지는 인쇄, 절단, 접기, 드로잉, 붙여넣기, 낙서를 통해 DIY 공예품을 자유롭게 만들고 커스터마이징할 수 있습니다. 모니터는 동일하게 보정되지 않았으며, 사진에 표시된 항목 색상이 실제 물체와 약간 다를 수 있습니다. 실제 제품을 표준으로 사용하십시오.",,"['용지', '컬러', '프로젝트', '복사', '인쇄', '예술', '형광', '핑크', '저항', '양식']"
사무용품,종이,복사 및 다목적 용지,,B0BZKX87QX,"감열식 프린터 용지 21.6 x 27.9cm(8.5 x 11인치) - Betife 다용도 미국 레터 감열식 인쇄지, Brother PJ762/PJ763MFi, Phomemo M08F, HPRT MT800/MT800Q 프린터용 (200장)",Betife,38766,38766,4.5,68.0,"【사양 및 특징】고품질 미국 레터 감열지 200장 포함, 감열지 크기: 21.6cm x 27.9cm(8.5인치 x 11인치) (레터 열전사 프린터에만 해당, 레이저 또는 잉크젯 프린터 또는 복사기에는 적합하지 않음) 【높은 호환성】US Letter 감열지는 M08F Letter, MT800 MT800Q, PJ 시리즈 및 기타 열 프린터와 같은 다양한 휴대용 프린터와 호환됩니다. 【걸림 방지 및 변색 방지】고급 제조 공정을 통해 용지 걸림에 대한 걱정 없이 인쇄할 수 있으며 감열지 잉크의 디스플레이 시간을 최대 10년까지 연장할 수 있습니다(어둡고 건조한 곳에 보관). 감열 인쇄 용지를 위한 최고의 선택입니다. 【다양한 용도】다양한 휴대용 인쇄 시나리오, 계약, 계약, 이력서, 숙제, 설문지 등에 이상적입니다. 【고품질 감열지】각 생산 공정은 종이의 품질을 보장하기 위해 전문적이고 엄격하게 설계되었습니다. 모든 인쇄물을 최대한 활용할 수 있습니다.",,"['프린터', '감열지', '인쇄', '용지', '휴대', '방지', '감열식', '계약', '미국']"
사무용품,종이,복사 및 다목적 용지,,B002J7AOCG,"Kokuyo KB 종이, A4, 재활용 다용도 인쇄 및 복사 용지, 68 밝음(ISO), 두께 0.1mm, 66gsm, 500장, 일본 수입(KB-SS39)",KOKUYO,57588,57588,4.2,465.0,[일반 용지] Kokuyo KB 용지는 잉크젯 및 열전사 프린터 및 PPC 복사기와 같은 다양한 유형의 프린터에 사용할 수 있습니다. 이렇게 하면 각 프린터의 특수 용지를 주문하고 보관하는 번거로움을 줄일 수 있습니다. [고품질] Kokuyo KB 용지는 프린터 걸림 및 용지 얼룩 등과 같은 문제를 줄일 수 있으므로 고품질은 프린터의 내구성에 정말 도움이 됩니다. [무산성 종이] 종이의 산화 분해를 방지하고 장기간 보관에 적합합니다. [환경 친화적] 환경 영향을 줄이기 위해 재활용 펄프가 포함되어 있습니다. [0.1mm 두께] 용지는 양면 인쇄를 견딜 수 있을 만큼 두껍습니다.,,"['용지', '프린터', '종이', '환경', '재활용', '인쇄', '보관']"
사무용품,종이,복사 및 다목적 용지,,B08M5BZ5KZ,"A4 양면 인쇄 용지 및 복사 용지, xerographic 용지 크기 21.1cm x 29.7cm(8.35인치 x 11.75인치), 1리암(500장)-70GSM",N/V,29071,29071,5.0,4.0,"다기능 A4 복사 용지는 100% 중성 목재 펄프 중성 베이스 용지를 사용하여 균일한 섬유, 적당한 백색도 및 효과적인 눈부심 방지 기능을 가지고 있습니다. 양면 복사, 고속 복사, 레이저 인쇄, 잉크젯 인쇄 등에 적합한 다기능 사무용 용지입니다. 사이즈: 8.5""*11.7"", 500장/팩. 안정적인 용지 품질: 쉽게 부서지기 쉽고 노랗게 변하지 않으며 문서를 오랫동안 보관할 수 있습니다 종이는 정전기 제거 처리를 거쳐 표면이 매끄럽고 섬세하며 기계가 부드럽게 작동하여 사무실 효율성을 향상시킵니다.","제품 설명: 백색도 ≥95% 순수한 흰색과 밝음, 환경 친화적, 시각적으로 편안하고 건강에 유익합니다. 불투명 ≥85% 종이는 균일하고 불투명하며 양면에 사용하여 자원을 절약할 수 있습니다. 수분 함량 4~7%, 낮은 수분 함량, 기계를 통과한 후 말림 없음. pH 7.2±0.2PH의 중성 종이는 사무실 장비를 부식시키지 않으며 문서를 장기간 보관하기에 좋습니다. 사이즈 정도 ≥ 1mm 중립 사이즈로 장비의 마모를 크게 줄이고 장비의 수명을 연장합니다. 부드러움≥15S 용지 표면은 매끄럽고 섬세하며 기계가 부드럽게 작동하여 사무실 효율성을 향상시킵니다. 두께 ≥90μm로 두께, 우수한 강성, 용지 걸림 없음, 용지 걸림 없음.","['용지', '복사', '중성', '기계', '장비', '양면', '종이', '인쇄', '사무실', '균일하다']"
사무용품,종이,복사 및 다목적 용지,,B09MHZFR5H,"COLORWING A4 감열지 - HPRT MT800 MT800Q Phomemo M08F 및 Brother PJ762 PJ763MFi 휴대용 A4 프린터와 호환되는 다목적 용지, 200장",COLORWING,38766,38766,4.4,178.0,"[용지 사이즈] A4 사이즈 시트(20.3 x 29.9cm(8.2 x 11.7인치), 무게: 0.9kg(2파운드), A4 휴대용 프린터용 감열지 200장. [긴 수명] 당사의 감열지는 기술적으로 개조되었으며 최대 10년의 유효 기간을 보장합니다. [프린터와의 높은 호환성] 이 A4 감열지는 HPRT MT800 MT800Q, Phomemo M08F, Brother PJ762 PJ763MFi 프린터와 호환됩니다. [광택 디자인] 문서와 그림을 밝고 선명하게 유지하고 선명한 인쇄 품질을 보장합니다. [공지 및 팁] 당사의 인쇄 용지는 열 이미징 기술을 사용하며 레이저 프린터, 잉크젯 프린터 및 복사기에는 사용할 수 없습니다.",,"['프린터', '감열지', '인쇄', '보장', '용지', '휴대', '선명하다', '호환', '목적', '개조']"
사무용품,종이,복사 및 다목적 용지,,B0CR44DSFD,"75% 면 25% 리넨 비즈니스 용지, 85gsm 21.6 x 27.9cm(8.5 x 11인치) 잉크젯 프린터 용지, 방수 화이트 복사 용지 - 100장 인쇄 용지(낮은 전분)",Gnatural,27686,27686,4.3,406.0,"✅탁월한 호환성: 리넨 프린터 용지는 뛰어난 다기능 인쇄 기능을 갖추고 있으며 다양한 인쇄 장치와 원활하게 통합되어 다양한 인쇄 요구 사항 및 프로젝트에 적합합니다. 내구성 및 오래 지속됨: 당사의 비즈니스 용지는 면-린넨 혼방 덕분에 물에 노출되어도 무결성을 유지합니다. 일반 종이와 관련된 황변 및 취약성에 대한 걱정은 작별 인사를 하세요. ✅고급스러운 품질: 75% 면과 25% 리넨을 혼합하여 제작된 리넨 복사 용지는 고급스러운 품질을 자랑합니다. 독특한 섬유 혼합물은 고귀하고 정교한 질감과 외관을 부여하여 인쇄물에 맛과 독특함을 더합니다. ✅탁월한 다용도: 당사의 복사 용지는 다양한 인쇄 요구 사항을 충족하기 위해 다양한 용도로 사용할 수 있습니다. 사무실 문서, 전문 프로젝트, 예술 작품 또는 특별 행사 등 린넨 종이는 최적의 선택입니다. ✅전문적인 애프터 서비스: 이 인쇄 용지를 선택하면 전문적인 애프터 서비스를 받을 수 있습니다. 구매 또는 사용 중에 발생하는 문제에 관계없이 시기 적절하고 사려 깊은 지원과 솔루션을 받을 수 있어 일관되고 만족스러운 사용자 경험을 보장합니다.",,"['용지', '인쇄', '리넨', '복사', '전문', '린넨', '종이', '서비스', '애프터', '요구']"
사무용품,종이,복사 및 다목적 용지,,B01LZQBZPO,"PrintWorks 하프 시트 천공 용지, 8.5 x 11, 10.9kg(24파운드), 500장, 화이트 (04118)",PrintWorks,20761,20761,4.3,312.0,"PrintWorks Professional 고품질 천공 용지는 전문 명세서, 세금 양식, 배송 문서, 게시판, 플래너 페이지 등을 인쇄하려는 모든 사무실 또는 조직을 위한 비용 효율적인 솔루션입니다. PrintWorks 04118 퍼프 용지는 시트 하단 가장자리에서 14cm(5.5인치)의 깨끗한 수평 마이크로퍼프가 있어 접거나 쉽게 찢을 수 있습니다. 구멍이 뚫린 종이로 서류를 간단하고 쉽게 처리할 수 있습니다. 템플릿을 지원하는 대부분의 비즈니스, 회계 및 배송 소프트웨어와 호환됩니다. 천공 용지 21.6 x 27.9cm(8.5 x 11인치)는 평평하게 펼쳐져 데스크톱 및 대량 생산 인쇄 및 복사 모두에 이상적입니다. PrintWorks 용지는 잉크젯 및 레이저 장치에서 걸림 없이 작동합니다. 1964년부터 프리미엄 PrintWorks 품질. 국내에서 공급되는 환경 친화적인 종이로 미국에서 제작되었습니다. 연 당 500장, 21.6 x 27.9cm(8.5 x 11인치), 화이트, 10.9kg(24파운드), 쉽게 열 수 있는 폴리 랩에 포장됩니다.","가정, 사무실 또는 대기업에서 일하든, PrintWorks Professional 미리 구멍이 뚫린 용지는 프레젠테이션 및 회계 요구 사항에 적합합니다. 몇 분 안에 전문적인 고품질 문서를 만들고 인쇄하기만 하면 됩니다. 소책자, 설명서, 명세서, 상품권 등을 인쇄할 때 사용할 수 있습니다. PrintWorks는 단일, 다중 또는 수직 및 수평 천공의 전체 라인을 커버합니다./천공 용지는 쉽게 찢어지는 깨끗한 마이크로 퍼프를 가지고 있으며 시트는 평평하게 놓여 레이저 및 잉크젯 데스크톱과 대용량 생산 프린터 및 복사기 모두에서 걸림 없이 사용할 수 있습니다./PrintWorks 프로페셔널 퍼프 용지는 21.6 x 27.9cm(8.5 x 11인치), 21.6 x 35.6cm(8.5 x 14인치), 27.9 x 43.210.9kg(24파운드) - 필요에 따라 종이를 인쇄/복사기 장비에 맞출 수 있습니다./PrintWorks Professional은 Paris Corporation의 브랜드입니다. 1964년부터 당사는 가정, 사무실 및 대량 생산 시설에서 사용할 수 있는 고품질 양식 및 특수 종이 제조 분야의 전문가였습니다. 당사의 제품은 미리 구멍이 뚫린 용지와 미리 뚫린 용지부터 처방전 확인 및 빈 칸을 컬러 용지/카드스톡, 라벨 및 티셔츠 전사까지 다양합니다. 당사는 환경을 유지하기 위해 적극적으로 노력하는 북미 공장에서 종이를 공급합니다. PrintWorks 제품을 구입하면 환경을 보존하는 데 도움이 됩니다. 종이를 만들기 위해 수확된 모든 나무에 대해 더 많은 나무를 그 자리에 심습니다. PrintWorks Professional 천공 용지가 환경에 좋다는 것을 알고 책임감 있게 인쇄할 수 있습니다.","['용지', '천공', '인쇄', '종이', '환경', '퍼프', '시트', '생산', '사무실', '구멍']"
사무용품,종이,복사 및 다목적 용지,,B097WTC8H1,프리미엄 A4 (21.1cm x 29.7cm) 프린터 용지 - 12.7kg(28파운드) 본드 / 31.8kg(70파운드) 텍스트 (105gsm) 밝은 흰색 용지 (40장),Desktop Publishing Supplies,13780,13780,4.4,309.0,"A4 사이즈 용지 - 210mm x 297mm - 8.3"" x 11.7"" 프리미엄 품질 재고 - 31.8kg(70파운드) 텍스트 용지 *(12.7kg(28파운드) 본드 / 105gsm에 해당)* 밝은 화이트 색상 - 94가지 밝기 잉크젯, 레이저 및 복사기 프린터 호환 팩당 40장","Desktop Publishing Supplies Inc.의 프리미엄 A4 프린터 용지는 210mm x 297mm(8.3인치 x 11.7인치)의 정확한 A4 크기로 제작되었습니다. 이 스톡은 고품질 12.7kg(28파운드) 본드 브라이트 백지(31.8kg(70파운드) 텍스트, 105gsm)로 제작되었습니다. A4 용지는 잉크젯 및 레이저 프린터(복사기 및 팩스 기계 포함)에서 작동합니다. 자랑스러운 미국 제조!","['용지', '프린터', '프리미엄', '텍스트', '본드', '레이저', '제작', '복사기', '잉크젯']"
사무용품,종이,복사 및 다목적 용지,,B003SYOFMY,"Rite In The Rain 내후성 레이저 프린터 용지, A4 용지 크기 21 x 29.7cm, 20# 화이트, 200장 팩 (No. 8512)",Rite in the Rain,57311,57311,4.4,124.0,"내후성 용지: 팩 당 화이트 20# 복사 용지 200장. 전천후 용지는 젖었을 때 부풀지 않으며 물, 땀, 기름, 진흙을 막아주고 심지어 실수로 세탁기에 넣어도 견딜 수 있습니다. 프린터 용지가 빗물에 잘 견디는지 확인하십시오. 복사/레이저 인쇄: 방수 합성 섬유와 달리, Rite in the Rain은 인쇄 및 양면 인쇄 시 정전기를 발생시키지 않으며 기계에서도 녹지 않습니다. 다음과 같은 레이저 프린터에 사용하기에 이상적입니다: HP, 형제, 렉스마크, 캐논, 엡슨, 제록스. 잉크젯 프린터용이 아닙니다. Rite in the Rain Paper에 인쇄된 제품은 지워지지 않습니다. 우천 시에도 필기 가능: 젖었을 때는 #2 Ticonderoga와 같은 표준 연필이나 Fisher Space 펜처럼 전천후 펜을 사용하십시오. 종이가 건조되면 표준 볼펜 및 영구 마커를 사용할 수 있습니다. 수성 잉크는 Rite in the Rain Paper에 구슬처럼 맺히거나 씻겨질 수 있습니다. 실제 용지: Rite in the Rain은 목재 기반의 재생 가능한 종이이기 때문에 표준 복사 용지처럼 찢어지고 자르거나 태우거나 재활용할 수 있습니다. Rite in the Rain 트레일 지도, 표지판, 야외 포스터 또는 내후성 기능이 필요한 모든 양식을 위한 제품. 재활용 가능: Rite in the Rain의 내구성에도 불구하고, 합성 또는 폴리 코팅 방수 용지의 사실이 아닌 표준 복사 및 다목적 용지만큼 재활용 가능합니다.","특허 받은 21 cm x 29.7 cm Rite in the Rain 전천후 복사기 용지에 양식, 차트, 지도 및 워크시트를 복사하거나 레이저 인쇄하여 전천후 제품을 만들어보세요. 이제 어떤 기상 조건에서도 살아남을 수 있는 종이에 기존 데이터 시트를 편리하게 사용할 수 있습니다. Rite in the Rain을 사용하면 환경에 관계없이 효율적으로 작업할 수 있습니다. 종이는 20# 본드 중량입니다. 완전히 재활용 가능한 목재 기반 종이! 양면 복사 또는 레이저 인쇄! 잉크젯 프린터용은 아닙니다.","['용지', '복사', '인쇄', '레이저', '프린터', '종이', '천후', '표준', '후성', '재활용']"
사무용품,종이,복사 및 다목적 용지,,B004E3G3P0,XER3R4299 - 제록스 프리미엄 바인더 용지,Xerox,41536,41536,3.9,28.0,,,"['프리미엄', '제록스', '용지', '바인더']"
사무용품,종이,복사 및 다목적 용지,,B07643HQQ7,"500장 21.9 x 27.9cm(8-1/2 x 11인치) 2 파트 용지, 송장, 영수증, 명서 등에 적합 (화이트/옐로우)",NextDayLabels,44306,44306,4.4,10.0,"21.4 x 27.9cm(8-1/2 x 11인치) 24#, 1 파트 레이저, 1 수평 perf @ 1 1/2 인치 시트의 1.3cm(1/2인치)는 흰색이고 다른 1.3cm(1/2인치)는 노란색입니다 14.4cm(5-1/2인치) 수평 미세 천공 1개 풀 시트 500장 팩 Next Day Labels TM이 미국에서 제작 - 100% 보장",,"['시트', '파트', '수평', '흰색', '레이저', '미국', '미세', '보장', '송장', '영수증']"
사무용품,종이,복사 및 다목적 용지,,B0BL3W1684,"Neenah® Brights® 밝은 컬러 복사 용지, 레터 사이즈 (21.6cm x 27.9cm(8 1/2인치 x 11인치)), 14.5kg(32파운드), 브라이트 레드, 50장 팩",Neenah,17326,17326,,,종이,"Neenah 크리에이티브 컬렉션 특수 용지로 가장 밝고 웅장한 아이디어를 만들어보세요. 각 시트는 일상 및 특별한 행사 프로젝트를 위한 생생한 색상을 특징으로 하며 복사기, 잉크젯 및 레이저 프린터와 호환되어 눈에 띄고 인상적인 인쇄물을 제공합니다. 또한, 리그닌과 산성이 없어 시간이 지나도 황변 현상이 없습니다. 다채로운 교실 프로젝트부터 종이 공예 및 스크랩북에 이르기까지, Creative Collection 크리에이티브 컬렉션 용지는 학교 프로젝트, 전단지, 브로셔, 표지판, 쿠폰 및 포스터에 적합합니다. 밝은 용지는 디자인 계획을 보완하고 문서에 주의를 기울입니다. 완벽한 캔버스 역할을 하면서 풀 컬러 잉크를 절약할 수 있습니다. 견고한 14.5kg(32파운드) 스톡은 내구성을 보장하고 종이에 독특한 느낌을 줍니다. 다용도 용지는 대부분의 프린터, 복사기 및 올인원에 적합합니다. 밝은 빨간색 종이 숲 관리 협의회(FSC) 인증 50장 - 세계 최고의 보존 기관이 지원하는 엄격한 환경 및 사회적 표준에 따라 관리되는 숲에서 나오는 목재/종이로 제작되었습니다. 리더십 임업 - 특정 환경 표준을 충족하는 산림 또는 소싱 프로그램에서 숲과 환경을 더 잘 보호하는 관행을 지원합니다.","['종이', '용지', '환경', '프로젝트', '숲', '크리에이티브', '프린터', '표준', '컬러', '컬렉션']"
사무용품,종이,복사 및 다목적 용지,,B00HV5HNJI,"Office Depot 컬러 카피 용지, 그린, 20.5 cm x 27.9 cm 글자 크기, 20 lb. 밀도, 300 시트 팩 (372-283)",Office Depot,30470,30470,4.6,15.0,"300장의 그린 카피 페이퍼 팩(21.6cm x 27.9cm 글자 사이즈) 학교, 가정, 사무실, 공예 프로젝트에 적합합니다 대부분의 레이저 및 잉크젯 프린터, 복사기 및 팩스 기계와 호환됩니다 30% 재활용 소재로 제작 배송 중 손상을 방지하기 위해 수축 포장",컬러 카피 용지,"['카피', '용지', '그린', '글자', '컬러', '수축', '공예', '기계', '레이저', '밀도']"
사무용품,종이,복사 및 다목적 용지,,B09JDF9D8D,"Domtar DMR8823 21.6 x 27.9cm(8.5 x 11인치). 9.1kg(20파운드) 맞춤 컷 시트 복사 용지 92 Bright44용, 화이트 - 연 당 500장",Domtar,84623,84623,,,"대담한 블랙과 생생한 색상을 위한 ColorLok 기술 레이저 프린터 및 복사기와 호환 가능 14cm(5-1/2인치) 미세 천공 양식, 송장, 명세서 등에 적합합니다","Lettermark 천공 용지를 사용하면 전문적인 품질의 문서를 편리하고 쉽게 만들 수 있습니다. ColorLok 기술은 잉크젯 인쇄로 더 진한 검정색과 생생한 색상을 생성하고 레이저 인쇄로 더 나은 품질과 성능을 제공합니다. 9.1kg(20파운드). 용지는 레이저 프린터, 데스크탑 잉크젯 프린터 및 복사기와 잘 작동합니다. 종이는 14cm(5-1/2인치)로 미세 천공되어 있습니다. 레터 사이즈 용지는 양식, 송장, 명세서, 쿠폰 등에 적합합니다.","['용지', '프린터', '천공', '레이저', '생생하다', '미세', '복사기', '송장', '명세서', '양식']"
사무용품,종이,복사 및 다목적 용지,,B00H88W2BM,"Neenah Royal Sundance 종이, 21.6 x 27.9 cm, 10.9 kg, 리넨 마감, 브릴리언트 화이트, 500장 (75101)",Neenah,36785,36785,4.3,92.0,"리넨 마감: 이 Royal Sundance 용지는 레터 헤드, 제안, 보고서, 법률 문서 및 기타 직장 소통에 이상적입니다 글자 21.6 x 27.9 cm 레터 사이즈 용지: 21.6cm x 27.9cm 리넨 마감 브릴리언트 화이트 페이퍼 500장을 받게 됩니다 용지 무게: 10.9kg(22파운드). 프린터 호환성: 잉크젯 및 레이저를 포함한 프린터와 잘 작동하여 매일 걸림 없이 인쇄할 수 있습니다. 또한, 리그닌으로 제작되어 오래 지속되는 결과를 제공합니다 FSC 인증: Royal Sundance 종이는 책임감 있는 임업에 대해 FSC 인증을 받았습니다. 잉크젯 또는 레이저 프린터 및 복사기 보장","Royal Sundance Paper는 특징과 품질 간의 완벽한 균형을 이룹니다. 일상적인 문서 및 서신에 대해 이 10.9kg (22파운드) 용지는 다이렉트 메일, 초대장, 메뉴, 럭셔리 태그 등을 위한 완벽한 선택입니다! 각 시트는 산과 리그닌이 없어 오래 지속됩니다. 각 팩에는 500장이 포함되어 있으므로 항상 손에 충분합니다","['용지', '프린터', '리넨', '마감', '화이트', '지속', '브릴리언트', '완벽하다', '인증', '잉크젯']"
사무용품,종이,복사 및 다목적 용지,,B0CYGVBRWQ,"Washi 종이 시트 A4 사이즈 [플레인 화이트] 프린터 용지 (100장), 인쇄, 인사말, 초대장, 공예용 레이저 및 잉크젯 인쇄 가능, 일본산 (47360)",ONAO,24653,24653,,,"[일본산 와시 종이] 인쇄 가능한 고품질 일본 종이입니다. 이 수제 용지는 인사말 카드, 감사 메모, 웨딩 카드, 계약서, 행사 초대장, 전단지, 전단지, 레스토랑 메뉴 종이, 젓가락 포장 등과 같은 다양한 용도에 가장 적합합니다. [전통적인 일본 종이] 종이 표면은 일본 종이 특유의 차분한 질감을 가지고 있습니다. 뒷면은 질감이 있는 종이입니다. 보기에도 좋을 뿐만 아니라 만질 때 받는 사람에게 고품질의 느낌을 줍니다. [레터 용지 사용] 복사 및 인쇄뿐만 아니라 손글씨에도 적합합니다. 일반 펜이나 브러시 펜으로 부드럽게 쓰고 칠할 수 있습니다. [프린터 친화적] 잉크젯 프린터, 잉크 리본 프린터, 레이저 프린터 및 PPC 복사기(열 복사기, 열전사 프린터)를 지원합니다. *잉크젯 프린터를 사용할 때 레이온 섬유에 잉크를 바르면 약간의 번짐이 발생할 수 있지만 전체 인쇄는 괜찮습니다. [제품 정보] 일본산 / 종이 크기: A4 사이즈 (210mm x 297mm, 8.35"" x 11.7"") / 용지 두께: 0.10mm / 시트 수: 100장",,"['종이', '프린터', '일본산', '인쇄', '용지', '잉크젯', '시트', '카드', '펜']"
사무용품,종이,복사 및 다목적 용지,,B08V1Z7QJB,"Indigo A4 화이트 다용도 복사기 80gsm 용지 160gsm 카드 팩 (80 GSM, 100장)",indigo,31841,31841,4.1,3730.0,"A4 사이즈 (210 X 297mm) 80gsm 용지는 레이저 및 잉크젯 프린터, 복사기 및/또는 표준 팩스 기계와 쉽게 사용할 수 있습니다 80gsm 용지는 모든 종류의 프린터에 적합합니다 160gsm 화이트 카드 예술, 공예 및 취미를 위한 사무실 및 가정에 적합합니다",Indigo A4 White Multipurpose Copier 80gsm Paper 100 Sheets Pack,"['용지', '카드', '복사기', '프린터', '화이트', '취미', '종류', '잉크젯', '팩스', '예술']"
사무용품,종이,복사 및 다목적 용지,,B00H3QRCJQ,"PrintWorks Professional 8.9cm(3 1/2인치) 천공 종이, 500장, 10.9kg(22파운드), 화이트 (04130)",PrintWorks,35095,35095,4.4,173.0,"PrintWorks Professional의 고품질 미리 구멍이 뚫린 용지는 전문적인 명세서, 송장, 통지, 다이렉트 메일, 상품권, 쿠폰 등을 인쇄하려는 모든 사무실 또는 조직에 비용 효율적인 솔루션입니다. PrintWorks 04130 퍼프 용지는 시트의 하단 가장자리에서 깨끗한 수평 마이크로 퍼프 8.9cm(3.5인치)를 가지고 있어 고객이 쉽게 찢고 지불 및/또는 정보를 송금할 수 있습니다. 퍼포레이티드 스테이트먼트 페이퍼로 서류를 간단하고 쉽게 처리할 수 있습니다. 템플릿을 지원하는 대부분의 비즈니스 및 회계 소프트웨어와 호환됩니다. 천공된 종이 21.4 x 27.9cm(8.5 x 11인치) 평평하게 펼쳐져 있어 데스크톱 및 대용량 생산 인쇄 및 복사 모두에 이상적입니다. PrintWorks 용지는 잉크젯 및 레이저 장치에서 걸림 없이 작동합니다. 1964년부터 프리미엄 프린트웍스 품질. 국내 소싱된 친환경 종이로 미국에서 제작되었습니다. 한 개당 500장, 8.5 x 27.9 cm, 화이트, 10.9 kg, 쉽게 열 수 있는 폴리 랩에 포장됩니다.","집, 사무실 또는 대기업에서 일하든, PrintWorks Professional은 미리 구멍이 뚫린 용지는 프레젠테이션 및 회계 요구 사항에 적합합니다. 몇 분 안에 전문적인 고품질 문서를 만들고 인쇄하기만 하면 됩니다. 소책자, 설명서, 명세서, 상품권 등을 인쇄할 때 사용할 수 있습니다. PrintWorks는 단일, 다중 또는 수직 및 수평 천공의 조합으로 전체 라인을 커버합니다./천공된 용지는 쉽게 찢어지는 깨끗한 마이크로 퍼펙트를 가지고 있으며 시트는 평평하게 놓을 수 있어 레이저 및 잉크젯 데스크탑과 대용량 생산 프린터 및 복사기 모두에서 걸림 없이 사용할 수 있습니다./PrintWorks 프로페셔널 퍼프 용지는 21.9 x 29.9 x 35.4 및 27.9 x 43.9 cm 포맷으로 제공됩니다. 10.9kg (22파운드) - 필요에 따라 종이를 인쇄/복사기 장비에 맞출 수 있습니다./PrintWorks Professional은 Paris Corporation 브랜드입니다. 1964년부터 당사는 가정, 사무실 및 대량 생산 시설에서 사용할 수 있는 고품질 양식 및 특수 종이 제조 분야의 전문가였습니다. 저희 제품은 미리 구멍이 뚫린 용지부터 처방전을 확보하고 공란을 확인하는 색지/카드용지, 라벨 및 티셔츠 전사지에 이르기까지 다양합니다. 저희는 환경을 유지하기 위해 적극적으로 일하는 북미 공장에서 종이를 공급합니다. PrintWorks 제품을 구입하면 환경을 보존하는 데 도움이 됩니다. 종이를 만들기 위해 수확한 모든 나무에 대해 더 많은 것이 그 자리에 심어집니다. PrintWorks Professional 천공 용지가 환경에 좋다는 것을 알고 책임감 있게 인쇄할 수 있습니다.","['용지', '종이', '인쇄', '천공', '생산', '미리', '사무실', '퍼프', '구멍', '환경']"
사무용품,종이,복사 및 다목적 용지,,B0BDX7MM44,"MECCANIXITY 컬러 복사 용지 21.6cm(8 1/2인치) 프린터 용지 9.5kg(21파운드)/75gsm 형광 오렌지 100장 사무실 인쇄, 문서 복사, 초대장, 양식, 아트 프로젝트용",MECCANIXITY,16606,16606,2.5,3.0,"컬러 복사 용지는 특히 잉크젯 및 복사기 인쇄와 호환되므로 브로셔, 포스터, 초대장, 메뉴, 양식, 보고서, 증명서 내부 페이지, 영수증 용지 및 기타 예술 프로젝트에 널리 사용됩니다. 색상: 형광 오렌지; 무게: 9.5kg(21파운드); 총 사이즈: 약 21 x 29.7cm/8.5x11.7인치(너비*길이). 매끄럽고 사랑스러운 파스텔 표면의 컬러 용지는 탁월한 다이 커팅, 스코어링 및 접이식 특성뿐만 아니라 잉크 저항, 스냅 및 저항성을 제공합니다. 다양한 형광등을 포함한 16가지 색상을 선택할 수 있어 예술 프로젝트를 정교하게 만듭니다. 컬러 용지는 인쇄, 절단, 접기, 드로잉, 붙여넣기, 낙서로 DIY 공예품을 자유롭게 만들고 맞춤 설정할 수 있습니다. 모니터는 동일하게 보정되지 않으며, 사진에 표시된 품목 색상은 실제 물체와 약간 다를 수 있습니다. 실제 제품을 표준으로 삼아 주세요.",,"['용지', '컬러', '프로젝트', '인쇄', '복사', '양식', '오렌지', '형광', '저항', '초대장']"
사무용품,종이,복사 및 다목적 용지,,B082JY7SZG,"NextDayLabels - 500장 팩, 21.6 x 27.9cm(8-1/2 x 11인치) 레터 사이즈 천공 용지 (카나리아, 성능 @ 8.9cm(3-2/3인치) 및 19.1cm(7-1/3인치))",NextDayLabels,43849,43849,4.0,88.0,"전체 수평 천공 @ 8-1/2 x 11 (레터 사이즈) 500장 다량 20# 파스텔 카나리아 색상 송장, 명세서, 작업 티켓, 상품권, 다이렉트 메일, 맞춤 양식 등에 적합합니다 모든 레이저, 잉크젯, 복사기 및 오프셋 프린터와 함께 작동합니다 Next Day Labels TM으로 미국에서 제작 - 100% 보장","페이지 당 3장 노란색 천공 용지/당사의 21.6 x 27.9cm(8-1/2 x 11인치) 20# 옐로우 색상은 8.9cm(3 2/3인치) 및 19.1cm(7 1/3인치)의 2개의 미세 구멍이 있는 고품질 종이로 만들어져 송장, 명세서 등을 만들 수 있도록 설계되었습니다./100% 환불/고객의 행복이 저희의 최우선 순위입니다. 저희는 제품에 절대적으로 자신이 있으며 고객이 완전히 만족할 수 있도록 노력하겠습니다. 실제 품목을 볼 수 없으므로 상점에서 실제 제품을 구매하는 것보다 사실상 품목을 구매하는 것이 더 어려울 수 있습니다. Next Day Labels는 이를 이해합니다. 저희 제품이 원하시는 모든 제품이 아니라면 반품하시면 100% 환불을 받으실 수 있습니다.","['천공', '송장', '명세서', '품목', '카나리아', '용지', '상품권', '상점', '사실', '복사기']"
사무용품,종이,복사 및 다목적 용지,,B004VXT3XM,"Rite In The Rain 내후성 복사기 용지, 28cm x 43cm, 20# 화이트, 200장 팩 (No. 8517)",Rite in the Rain,114193,114193,4.8,41.0,"내후성 용지: 팩 당 200장의 흰색 20# 복사 용지 젖었을 때 으스스해지지 않으며 물, 땀, 기름, 진흙을 막아주고 심지어 실수로 세탁된 사고에서도 견딜 수 있는 용지입니다. 복사/레이저 인쇄: Rite in the Rain Copy 용지에 자신만의 양식, 요금, 지도, 워크시트 및 기타 중요한 문서를 인쇄합니다. 다른 합성 섬유의 연결을 해제할 수 있는 Rite in the Rain은 혹독한 조건에서도 씻거나 지워지지 않습니다. 잉크젯 프린터용이 아닙니다. 포함 사항: 연필이나 전천후 펜을 사용하면 노트를 그대로 유지할 수 있습니다. 종이가 건조되면 표준 볼펜이 작동합니다. 수성 잉크는 Rite in the Rain sheets에 구슬이 박혀 있습니다. 인쇄: 합성섬유와 달리, Rite in the Rain은 인쇄와 양면 인쇄하는 동안 정전기를 수집하지 않으며 기계에서 녹을 위험이 없습니다. 재활용성: Rite in the Rain의 내구성에도 불구하고 완전히 재활용 가능합니다. 다른 흰색 또는 인쇄된 용지와 마찬가지로 Rite in the Rain 용지를 재활용하기만 하면 됩니다.","특허받은 11.7 인치 x 42 cm Rite in the Rain 전천후 복사기 용지에 전천후 양식, 차트, 지도 및 워크시트를 복사하거나 레이저 인쇄하십시오. 이제 어떤 기상 조건에서도 살아남을 수 있는 종이에 기존 데이터 시트를 편리하게 사용할 수 있습니다. Rite in the Rain을 사용하면 환경에 관계없이 효율적으로 작업할 수 있습니다. 종이는 20# 본드 중량입니다. 완전히 재활용 가능한 목재 기반 종이! 양면 복사 또는 레이저 인쇄! 잉크젯 프린터용이 아닙니다.","['용지', '인쇄', '종이', '복사', '재활용', '레이저', '시트', '천후', '조건', '잉크젯']"
사무용품,종이,복사 및 다목적 용지,,B07BPKDHBH,"A4 사이즈 프리미엄 프린터 용지 - 전문 문서 인쇄에 적합 - 9.5kg(20파운드) - 21.1 x 29.7cm(8.3 x 11.75인치) (100장, 화이트)",Double A,13129,13129,4.6,285.0,"A4 사이즈 프리미엄 프린터 용지 - 80 GSM, 9.5kg(20파운드) - 21 x 29.7cm(8.25 x 11.75인치) 레이저, 잉크젯, 복사기, 팩스, 양면 복사 40장, 100장, 500장 팩으로 판매됩니다 섬세하고 전문적인 고대비 품질의 흑백 및 컬러 인쇄에 이상적입니다 품질 보장 - 100% 만족하지 않으면 반품하십시오.","고품질의 적당히 밝은 흰색 복사 용지./일관되게 매끄러운 용지가 프린터에 걸리지 않습니다./양면 - 양면에 인쇄./프리미엄 품질의 색상과 흑백 인쇄물을 디테일과 선명함으로 제공합니다./복사 또는 인쇄 작업에 이상적입니다.//용지 색상: 백지./두께: 80 GSM./사이즈: A4 - 너비 x 길이: 210mm x 297mm.//TISI 표준 인증./국제 표준화 기구(ISO 9001:2008) 인증/환경 관리 인증./산업 보건 및 안전 관리 시스템 인증 (ISO 18001:2007)/인증(ISO 14001:2004)//40장, 100장, 500장 팩으로 판매됩니다./100% 만족하지 않으면 반품하세요.//권장 사항: 화염과 습기로부터 멀리하십시오./","['용지', '인증', '인쇄', '양면', '복사', '프린터', '프리미엄', '전문', '만족하다', '흑백']"
사무용품,종이,복사 및 다목적 용지,,B000ETQQAA,"Kokuyo 컬러 레이저 및 컬러 복사 용지(LBP&PPC), A4, 150gsm 0.17mm 두께 무광택 용지, 100장, 양면 인쇄, 98 브라이트 (ISO), 일본 수입 (LBP-F1310)",KOKUYO,47851,47851,4.4,232.0,"[종이 공예에 이상적] 두께가 150g/m2 0.17mm이고 단단한 질감으로 카탈로그, 메뉴, POP 및 기타 종이 공예품을 만드는 데 적합합니다. [고품질 인쇄] 특수 코팅으로 잉크 침투를 제어합니다. 이는 뒷면 얼룩을 방지하고 고해상도 사진, 그래픽 이미지 및 텍스트를 명확하게 재현합니다. [튼튼한 용지] 용지의 두께는 0.17mm로 주름에 강하고 비침을 최소화하여 전문적인 인쇄 작업에 이상적입니다. [높은 호환성] 대부분의 컬러 레이저 프린터, 흑백 레이저 프린터, 컬러 복사기, 흑백 복사기 및 EPSON, 캐논 및 HP와 같은 잉크젯 프린터와 호환됩니다. [ISO 인증] 이 용지는 약 98%(ISO)의 흰색으로 국제 표준을 충족하는 일관된 색상 출력을 보장합니다.",,"['용지', '컬러', '인쇄', '프린터', '레이저', '흑백', '종이', '복사기']"
사무용품,종이,복사 및 다목적 용지,,B08164BP6R,"24.1 x 14.9cm(9-1/2 x 5-1/2인치) 플레인 연속 NCR 컴퓨터 용지 2 파트, 1.3cm(1/2인치) 여백 천공 2000장, 도트 매트릭스 프린터용 2가지 색상 1000세트 핀 피드 인쇄 용지, 화이트/페이지 잉크",FirstZi,48461,48461,3.8,8.0,"【중복】2000장, 도트 매트릭스 프린터용 컴퓨터 용지 폼 1000세트 24.1cm x 14cm(9.5인치 x 5.5인치) 연속 공급 【모든 도트 매트릭스 프린터와 호환, 걸림 없음, 얼룩 없음】연속 공급 용지는 프리미엄 종이로 만들어졌으며 OKI, HP, 엡손, 파나소닉, 캐논 등과 같은 모든 브랜드의 도트 매트릭스 프린터와 호환됩니다. 탁월한 색상 효과 【1.3cm(1/2인치) 여백 구멍】가장자리를 쉽게 제거할 수 있으며 크기는 21.6cm(8-1/2인치) x 14cm(5-1/2인치) 입니다 【부드럽게 공급, 선명한 인쇄】레이저 절단, 종이 조각 없음, 프린터로 부드럽게 공급할 수 있음, 풀 컬러로 명확하게 인쇄, 수년간 색이 바래지 않음 【다목적 인쇄 용지 양식】송장, 재고, 티켓, 지폐 목록, 문서 등에 적합합니다.","프리미엄 24.1 x 14.1cm(9-1/2 x 5-1/2인치) 박스 당 2000장, 1000세트 2파트 연속 공급 용지 형태 모든 도트 매트릭스 프린터와 호환 가능. 걸림 방지, 얼룩 방지. 부드럽게 먹이고 명확하게 인쇄합니다. 풀 컬러, 종이 조각 없음, 프린트 헤드 보호 선명한 텍스트, 수년간 바래지 않음","['용지', '프린터', '공급', '도트', '매트릭스', '인쇄', '연속', '부드럽다', '호환', '종이']"
사무용품,지우개 및 수정 용품,지우개,,B0C23SW847,"Sherr 연필용 캡 지우개 2000개, 다양한 색연필 상단 지우개, 화살표 모양 연필 지우개, 토퍼, 연필 토퍼, 지우개 탑, 어린이 교사 학교 교실 가정 용품",Sherr,63696,63696,5.0,5.0,"제품 구성: 퍼플, 로즈 레드, 블루, 오렌지, 옐로우, 레드, 그린을 포함한 7가지 색상의 연필 지우개 토퍼 2000개를 받게 됩니다. 풍부한 수량으로 일상적인 사용 및 교체 요구 사항을 충족할 수 있습니다 신뢰할 수 있고 쉬운 사용: 펜슬 탑 지우개는 고품질 TPR로 만들어져 신뢰할 수 있고 견고하며 연필 필기 자국을 쉽게 지울 수 있어 편리한 사용 경험을 제공합니다 간편한 보관: 연필 지우개는 약 2.4 x 0.8cm(0.94 x 0.3인치) 크기로 휴대가 간편하고 가벼우며 필통, 지갑, 가방에 쉽게 넣을 수 있으며 대부분의 연필에 바르기에 적합하며 휴대가 쉽습니다 흥미로운 디자인: 캡 지우개는 실용적일 뿐만 아니라 장식용 아이템으로 연필 위에 직접 놓을 수 있으며 다양한 색상이 다양한 펜과 어울릴 수 있습니다. 흥미롭고 재미있는 다양한 용도: 지우개 캡은 연필 자국을 제거하는 데 도움이 되며 교실, 사무실, 학교, 레스토랑, 서점, 도서관 및 기타 장소에서 사용하기에 적합하며 학생들을 위한 교실 활동 도구로도 사용할 수 있습니다","특징: 2000개의 펜슬 캡 지우개가 제공되며, 휴대가 간편하고 컴팩트하며 필통과 가방에 쉽게 넣을 수 있으며 휴대가 편리합니다. 생일, 어린이날, 노동절 및 기타 중요한 날에 가족, 친구, 학생, 반 친구, 동료 및 기타 사람들을 위한 선물로 연필용 캡 지우개를 대량으로 보낼 수 있습니다. 펜슬 토퍼는 그린, 로즈 핑크, 옐로우, 퍼플, 오렌지, 화이트, 블루를 포함한 7가지 색상으로 디자인되어 다양한 연필과 잘 어울리며 좋은 분위기를 선사합니다. 사양: 소재: TPR 색상: 퍼플, 로즈 레드, 블루, 오렌지, 옐로우, 레드, 그린 사이즈: 연필 토퍼 지우개: 0.94 x 0.3 inches/ 0.94 x 0.3 inch 패키지 구성: 펜슬 토퍼 지우개 2000개. 참고: 수동 측정, 사이즈에 약간의 오차가 있을 수 있습니다. 화면 디스플레이의 차이로 인해 색상이 약간 다를 수 있습니다. 작은 물건, 질식 위험이 있는 경우 어린 아이들의 손이 닿지 않는 곳에 보관하세요.","['지우개', '연필', '토퍼', '캡', '휴대', '펜슬', '레드', '퍼플', '옐로우', '오렌지']"
사무용품,지우개 및 수정 용품,지우개,,B0B323BK12,"Mr. Pen - 지우개, 10팩, 연필 지우개, 파스텔 색상, 연필용 지우개, 미스터 펜 학교, 대형 블록 고무 학교",Mr. Pen,11066,9681,4.7,2805.0,"오래 지속되는 연필 지우개 벌크 팩을 찾고 계십니까? 더 이상 보지 마세요. 펜 연필 지우개가 여러분의 요구를 충족시킬 것입니다. 저희 패키지에는 파스텔 색연필 지우개 10개가 포함되어 있습니다. 모두 5가지 파스텔 색상으로 같은 스타일입니다. Mr. Pen 연필 지우개는 100% 라텍스 프리 제품으로 무독성 소재로 만들어졌으며 어린이와 학생에게 안전합니다. 프리미엄 파스텔 연필 지우개는 매우 부드럽고 신축성이 있어 사용할 때 종이를 손상시키지 않습니다. 또한 라텍스 프리 연필 지우개는 쉽게 깨지지 않습니다. 각 지우개는 보호용 판지 슬리브에 제공되며 개별적으로 포장됩니다. 각 지우개의 크기는 6.4 x 2.5 x 1.3cm(2.5 x 이 연필 지우개는 단순히 어린이 지우개가 아닙니다. 이 연필 지우개는 글을 쓰거나 그림을 그릴 때 범했을 수 있는 실수를 바로 잡는 데 적합하기 때문에 예술가나 건축가를 위한 전문적인 목적으로 사용할 수 있습니다. Mr. Pen 연필 지우개는 귀여운 외관 디자인으로 아이들을 위한 선물로 사용할 수 있습니다. 당신을 위한 훌륭한 선택, 선물로 아이들을 위한 보상으로 사용하거나 심지어 선생님도 교실에서 보상으로 사용하여 학생들을 위한 쾌활한 환경을 조성할 수 있습니다.",,"['지우개', '연필', '파스텔']"
사무용품,지우개 및 수정 용품,지우개,,B00P0PFIW0,"Tombow 67304 MONO 모래 지우개, 2팩 Silica Eraser 색연필과 잉크 자국을 제거하기 위해 디자인된 제품",Tombow,9002,9002,4.5,4200.0,2팩. 천연 고무 라텍스 및 실리카 그릿. 잉크 얼룩을 제거합니다. 환경 친화적.,"천연고무 라텍스와 실리카 그릿 지우개는 볼펜, 롤러볼 및 일부 마커를 포함한 색연필과 잉크 얼룩을 제거합니다. 아트워크 하이라이트를 손쉽게 만들 수 있습니다. 환경 친화적이며, 모두 천연 소재로 제작한 제품입니다.","['제거', '잉크', '환경', '색연필', '그릿', '천연', '지우개', '라텍스', '얼룩', '실리카']"
사무용품,지우개 및 수정 용품,지우개,,B08WHJBGVW,"June Gold 15피스 아트 지우개 세트, 화이트 비닐 3개(단단함), 핑크 고무 3개(미디엄), 반죽 3개(소프트), 접이식 3개(정밀), 접이식 리필 3개",June Gold,11066,11066,4.6,394.0,"포함: 화이트 비닐 3개(단단함), 핑크 고무 3개(미디엄), 반죽 3개(소프트), 접이식 3개(정밀함), 접이식 리필 3개. 다양한 지우개 스타일로 정밀하게 지우고 블렌딩할 수 있습니다. 찢어지지 않고 얼룩을 남기지 않고 종이를 청소할 수 있도록 설계되었습니다. 화이트 비닐: 이 지우개는 단단하고 연마성이 뛰어나 어두운 자국, 잉크 및 색연필을 제거하는 데 가장 적합합니다. 각 지우개는 5.08 x 2.54 x 1.27cm(2 x 1 x 0.5인치) 또는 5.08 x 2.54 x 1.27cm입니다. 핑크 고무: 이 지우개는 견고함과 부드러움의 완벽한 균형을 가지고 있어 모든 프로젝트에 사용할 수 있는 다목적 지우개입니다. 각 지우개는 5.9 x 2.4 x 0.8 cm 또는 6 x 1 x 0.3 cm입니다. 기술: 이 부드러운 지우개는 그림이나 스케치를 혼합, 음영, 매끄럽게 하고 수정하는 데 적합합니다. 각 지우개는 10.2 x 7.6 x 0.7cm(4 x 펜: 화이트 비닐과 유사하지만 정밀한 지우기를 위해 접이식 펜 형태로 되어 있습니다. 각 펜의 길이는 13.3cm(5.25인치)이며 각 지우개는 9.5 x 0.7cm(3.75 x 0.25인치) 또는 9.5 x 0.66cm입니다.",,"['지우개', '접이식', '화이트', '비닐', '고무', '핑크', '단단하다', '펜', '리필', '미디엄']"
사무용품,지우개 및 수정 용품,지우개,,B00G2F8XX8,Ad-Tech 5655 접착제 러너 지우개,Adtech,7603,7603,4.6,1172.0,"접착제 러너 잔여물을 지웁니다 사무실, 학교 프로젝트, 스크랩북, 카드 제작 등에 적합합니다",접착제 러너 오류로 인한 대부분의 끈적한 잔여물을 지웁니다,"['접착제', '학교', '프로젝트', '카드', '지우개', '제작', '스크랩', '사무실', '북', '끈']"
사무용품,지우개 및 수정 용품,지우개,,B09TXNL5RR,"고무 시멘트 지우개 6개, 접착제 러너 지우개, 종이 플라스틱 등에서 접착제 및 잔류물을 제거하기 위한 접착제 잔여물 픽업 지우개",zhuohai,9681,9681,4.5,129.0,"제품 특성: 이 시멘트 지우개는 천연 고무를 소재로 채택하여 유연성이 높고 이상한 냄새가 없으며 깨지기 어렵고 마모와 찢어짐을 견딜 수 있으며 자극이 없으며 이상적인 접착제 및 잔여물 지우개입니다 광범위한 사용: 이 스케이트보드 지우개는 카드, 보드 등의 접착제를 제거하는 DIY 아트 프로젝트에 적합하며 샌더, 신발, 스케이트보드, 유리, 플라스틱, 가죽, 나무 등을 청소하는 데에도 훌륭한 도우미입니다 사용 방법: 이 청소용 지우개는 일반 지우개처럼 잘 작동하여 접착제나 기타 잔여물을 청소할 수 있습니다. 종이나 플라스틱 표면을 가벼운 힘으로 앞뒤로 닦기만 하면 됩니다. 비누 물이나 세제를 사용하여 세척 효과를 강화할 수도 있습니다. 제품 사양: 패키지에는 고무 시멘트 픽업 6개가 있으며, 1개의 크기는 17.8 x 12.7 x 0.8cm(7 x 5 x 0.3인치)입니다 일상적인 경험: 시멘트 클리너는 작고 휴대가 가능하며 반복적으로 사용할 수 있습니다. 청소 요구 사항에 맞게 원하는 크기나 모양으로 자를 수 있습니다",,"['지우개', '접착제', '청소', '시멘트', '플라스틱', '고무', '픽업', '종이', '스케이트보드', '제거']"
사무용품,지우개 및 수정 용품,지우개,,B07S7SYVJC,"학교 문구 사무실 교정 용품용 모래 지우개 2팩, 잉크/연필 자국 제거, 볼펜/만년필 지우기용 모래 및 고무 입자",RuiLing,12451,12451,4.3,96.0,"회색 모래 헤드: 만년필, 젤 펜, 볼펜 등을 지우는 데 사용됩니다. 흰색 고무 헤드: 연필을 지우고 흔적을 남기지 않습니다. 고품질: 친환경, 무독성, 특별한 포뮬러 및 천연 고무 소재. 미세한 모래 입자가 종이 손상을 줄여줍니다. 적당한 크기, 편안한 촉감. 다양한 제안: 연필, 만년필, 젤 펜, 볼펜 등을 지우는 데 사용됩니다. 패키지 구성품: 1x 샌드 지우개 + 1x 샌드 & 고무 지우개. 화이트 사이즈: 68x16x10mm; 색상: 그레이.","제품 이름: 샌드 지우개 종류: 모래 / 모래 + 고무 색상: 그레이, 화이트 사이즈: 68x16x10mm 무게: 30g 다양한 제안: 연필, 만년필, 젤 펜, 볼펜 등을 지우는 데 사용됩니다. 흰색 고무 헤드: 연필을 지우는 데 사용되며 깨끗하고 흔적이 남지 않습니다. 회색 모래 헤드: 만년필, 젤 펜, 볼펜 등을 지우는 데 사용됩니다. 적당한 사이즈, 편안한 촉감. 미세한 모래 입자가 종이의 손상을 줄여줍니다. 친환경, 무독성, 특수 포뮬러, 천연 고무 소재. 패키지 구성: 모래 지우개 1개. 모래 및 고무 지우개 1개. 참고: 사용 중에 부드럽고 천천히 지워 주세요.","['모래', '고무', '지우개', '만년필', '연필', '볼펜', '헤드', '펜', '입자', '샌드']"
사무용품,지우개 및 수정 용품,지우개,,B07ZQLTHLR,"Blue Summit Supplies 핑크 지우개 벌크, 아동용 교실 지우개, 핑크 벌크 지우개, 학교용 연필 지우개, 벌크 핑크 학교 지우개, 100팩",Blue Summit Supplies,34611,33226,4.8,232.0,"저렴한 품질의 핑크 교실 지우개 100팩으로 대량 학용품을 구입하면 비용을 절약하세요 아동용 벌크 핑크 지우개는 교실 또는 가정에서 교실 지우개로 사용하기에 이상적입니다 내구성이 뛰어난 하이 폴리머 지우개는 학교를 위한 완벽한 핑크 지우개로, 초등학생이 있는 교실에 이상적인 선택입니다 학교용 핑크 지우개는 아이들을 위해 교실 지우개로 사용하도록 특별히 설계되었습니다 당사의 벌크 핑크 지우개 100팩은 학년 내내 교실에서 아이들이 사용할 수 있는 충분한 핑크 웨지 지우개를 의미합니다",,"['지우개', '핑크', '교실', '학교', '아동']"
사무용품,지우개 및 수정 용품,지우개,,B0CPPJ9CZQ,"롤러 지우개 12개, 귀여운 연필 지우개, 면도 롤러 케이스, 쉽게 집고 제거할 수 있음, 동물 테마의 재미있는 파티 선물 및 학교 용품 개학 선물",deli,17991,17991,4.0,2.0,"양면 디자인: 한쪽 끝은 지우기에 사용되고 다른 쪽 끝은 파편 수집에 사용됩니다. 부드러운 고무 엣지 그립은 편안하고 깨끗하며 깔끔하며 부드러운 가장자리로 닦는 편안함을 향상시킵니다. 파편 수집 디자인: 커버와 롤러가 있는 고무, 청소하기 쉽고, 성가신 고무 파편을 집어들 수 있습니다. 이물질을 흡수하는 롤러로 지울 때 파편이 흩어지는 것을 방지합니다 쉽게 교체할 수 있는 지우개 코어: 사용 후 다시 사용하고 싶다면 같은 크기의 교체용 지우개를 구입할 수 있습니다. 아이들을 위한 이상적인 선물: 친환경 PVC 소재로 제작되어 안전하고 내구성이 뛰어나며 매끄럽고 쉽게 연필 자국을 제거할 수 있습니다. 패키지 구성: 3가지 사랑스러운 스타일의 롤러 지우개 12팩이 함께 제공되어 반 친구 및 친구들과 사용하고 공유하기에 충분합니다.",,"['롤러', '지우개', '파편', '선물', '고무', '구성', '연필', '부드럽다', '제거', '디자인']"
사무용품,지우개 및 수정 용품,지우개,,B004WQHDMQ,"Vanish Four in One 아트 지우개 (1팩) - 지저분해지지 않는 연필 지우개, 단단한 고무 지우개, 비닐 및 반죽 지우개 교체",Acurit,12589,9404,4.6,1122.0,"The Vanish Eraser로 흑연, 숯, 색연필, 파스텔 등을 지울 수 있습니다. Acurit. 부스러기를 만드는 대신 Vanish는 스트로크로 굴려 끝에 멋지고 깨끗한 스트립을 남깁니다. 값비싼 종이를 손상시키지 않고 흑연이 번지지 않으며 잉크 아래의 선을 지울 수도 있습니다. 숯과 파스텔을 위한 훌륭한 블렌더로, 엉망이 되지 않고 색연필 작업을 정리할 수 있습니다. 싱글 사라지는 지우개 | 치수 6.4cm x 1.9cm x 1.9cm(2.5인치 x 0.75인치 x 0.75인치)","Acurit 의 혁신적인 새 지우개는 전통적인 지우개 시리즈 전체를 대체합니다! Vanish 4 in 1 지우개는 흑연에서 숯, 색연필에서 파스텔까지 모든 것을 지울 수 있는 독특하고 유연한 구성을 가지고 있습니다! 더 이상 하나의 그림에 지우개로 가득 찬 상자가 필요하지 않습니다. Vanish는 껌 지우개, 단단한 고무 지우개, 비닐 지우개, 부드러운 반죽 지우개까지 대체합니다. 단단한 종이에서 날카로운 흑연 선을 지울 수 있을 만큼 강력하지만 부드러운 종이에서 숯 스트로크를 제거할 수 있을 만큼 부드럽습니다. Vanish 지우개는 종이를 청소할 뿐만 아니라 자체적으로 청소합니다! 지워진 모든 라인에 부스러기 더미를 만드는 대신, Vanish는 스트로크로 굴러가며 끝에 깨끗하고 좋은 스트립만 남깁니다. 6.4 x 1.9 x 1.9cm(2 1/2 x 3/4 x 3/4인치) 크기로 Vanish 지우개를 쉽게 잡을 수 있으며, 깔끔한 웨이퍼로 슬라이스하여 깨끗한 모서리로 좁은 부분에 들어갈 수 있습니다. 번짐 없이 스케치를 정리하고, 잉크 작업 아래의 선을 지우고, 숯과 파스텔을 위한 블렌더로, 색연필 작업을 정리하는 데 사용하세요. 지우개에서 원하는 모든 것을 사용할 수 있습니다. 주요 특징: 지저분하지 않고 쉽게 청소할 수 있습니다. 부스러기가 남지 않으며 끝 부분에 깨끗한 롤만 있으면 라텍스 프리입니다! 흑연이 번지지 않습니다. 값비싼 종이를 손상시키지 않습니다. 완벽한 용도: 껌 지우개 교체 드로잉, 일러스트레이션 등 한 지점으로 쉽게 모양을 잡을 수 있습니다. 블렌더로 좋습니다.","['지우개', '흑연', '종이', '숯', '색연필', '파스텔', '깨끗하다', '부드럽다', '스트로', '부스러기']"
사무용품,지우개 및 수정 용품,지우개,,B08WH82MP3,"June Gold 대형 흰색 비닐 지우개 10개 - 어두운 흑연, 일부 잉크 및 일부 색상을 위한 튼튼한 지우개",June Gold,13836,9681,4.7,870.0,"포함: 10개의 대형 흰색 비닐 지우개가 개별 포장되어 있습니다 강도: 이 지우개는 단단하고 연마성이 뛰어나 어두운 자국, 잉크 및 색연필을 제거하는 데 가장 적합합니다. 품질: 찢어지지 않고 얼룩을 남기지 않고 종이를 깨끗하게 할 수 있도록 설계되었습니다. 디자인: 각 지우개는 라텍스 프리, BPA 프리 및 무독성입니다. 가정, 교실 및 사무실에 적합합니다. 사이즈: 각 지우개는 2 x 1 x 0.5 인치 또는 5.08 x 2.54 x 1.27cm입니다.",,"['지우개', '흰색', '프리', '대형', '잉크', '일부', '비닐', '사무실', '교실', '깨끗하다']"
사무용품,지우개 및 수정 용품,지우개,,B07XDDG1CL,"Neliblu Incredible Value 프리미엄 연필 지우개, 밝은 네온 끌 큰 지우개 - 아동용 연필 벌크 지우개 48개 팩, 아동용 멋진 지우개 팩",Neliblu,17991,17991,4.6,610.0,"다용도 및 효율성: Neliblu의 에센셜 지우개 세트는 예술가와 학생부터 전문가에 이르기까지 광범위한 청중을 대상으로 합니다. 연필, 스케치 및 드로잉에 적합합니다. 고품질 소재: 내구성이 뛰어난 무독성 고무로 제작된 이 연필 지우개는 깨끗하고 쉽게 지울 수 있어 종이에 흠집이 생기지 않습니다. 모든 요구 사항을 충족하는 풍부한 공급: 48개의 멋진 지우개 팩은 교실, 사무실 또는 미술 스튜디오 등 다양한 설정을 위한 창의성의 보물창고입니다. 이 수량을 마음대로 사용할 수 있으므로 예술적 영감의 순간이나 집중적인 학습 세션을 위한 준비를 항상 가질 수 있습니다. 사용자 친화적인 디자인: 이 휴대용 지우개는 편안한 그립을 위해 신중하게 설계되어 세부적인 지우기 작업을 위한 정밀한 제어를 제공합니다. 세심한 작업에 이상적입니다. 먼지 없는 경험: Neliblu의 지우개는 최소한의 잔여물을 남기고 깨끗한 작업 공간을 유지합니다. 특히 예술가들은 자신의 작품에 대한 방해받지 않는 시각을 감상할 것입니다.",,"['지우개', '연필', '작업', '아동', '멋지다', '예술가', '깨끗하다']"
사무용품,지우개 및 수정 용품,지우개,,B0B8R4JCG1,200팩 핑크 지우개 벌크 라텍스 프리 소프트 지우개 연필 지우개 어린이 교사 및 학교 및 사무용품용,Kolewo4ever,51231,51231,5.0,2.0,"풍부한 수량: 200개의 핑크 지우개 벌크, 다양한 장식 및 교체 요구 사항을 충족할 수 있는 충분한 수량을 받게 됩니다. 이 연필 지우개는 사실적인 귀여운 장난감입니다 안전 및 무독성: 당사의 연필 지우개는 PVC 및 라텍스 프리로 팁이 깨지지 않도록 방지하고 페이지를 신선하고 깨끗하게 유지합니다. 핑크 지우개는 번짐 없이 대부분의 연필 자국을 지울 수 있으며 부드러운 소재는 종이나 자국을 남기지 않습니다. 학교 용품을 위한 최고의 선택입니다 적합한 사이즈: 다채로운 지우개는 표준 크기의 연필에 맞습니다. 약 2.5 x 1 x 1 cm/1 x 0.4 x 0.4 인치. 이 연필 지우개 토퍼는 종이가 긁히거나 찢어지지 않습니다. 부드러운 느낌의 지우개 캡은 깨끗하고 얼룩을 줄이고 연필 자국을 쉽게 제거할 수 있습니다 멋진 디자인: 학교용 핑크 지우개는 아이들을 위해 교실 지우개로 사용하도록 특별히 설계되었으며, 향상된 소재의 일반 표준 사이즈로 매일 사용할 수 있을 만큼 내구성이 뛰어납니다. 세게 구부리거나 많은 압력을 가해도 쉽게 깨지지 않으므로 어린이와 학생에게 적합합니다 다양한 용도: 저희 지우개는 학교에 완벽한 핑크 지우개로, 초등학생과 함께 교실에서 이상적인 선택이며, 기분을 좋게 할 수 있으며 어린이와 성인, 학교 및 사무실 모두에게 적합하며 좋은 사용 경험을 선사합니다","풍부한 수량: 200개의 핑크 지우개 벌크로 제공되며 다양한 장식 및 교체 요구 사항을 충족할 수 있는 충분한 수량입니다. 이 연필 지우개는 사실적인 귀여운 장난감입니다. 안전 및 무독성: 당사의 연필 지우개는 PVC 및 라텍스 프리로 팁이 부러지는 것을 방지하고 페이지를 신선하고 깨끗하게 유지합니다. 핑크 지우개는 번짐 없이 대부분의 유형의 연필 자국을 지울 수 있으며 부드러운 소재는 종이에 자국을 남기지 않습니다. 학용품을 위한 최고의 선택입니다. 적합한 사이즈: 당사의 다채로운 지우개는 표준 크기의 연필에 맞으며, 약 2.5 x 1 x 1 cm/1 x 0.4 x 0.4 인치입니다. 이 연필 지우개 토퍼는 종이가 긁히거나 찢어지지 않습니다. 부드러운 느낌의 지우개 캡은 깨끗하게 얼룩을 줄이고 연필 자국을 쉽게 제거할 수 있습니다. 멋진 디자인: 학교용 핑크 지우개는 아이들을 위해 교실 지우개로 사용하도록 특별히 설계되었으며, 향상된 소재의 일반 표준 크기로 매일 사용할 수 있을 만큼 내구성이 뛰어납니다. 세게 구부리거나 많은 압력을 가해도 쉽게 깨지지 않아 어린이와 학생에게 적합합니다. 다양한 용도: 저희 지우개는 학교에 완벽한 핑크 지우개로, 초등학생이 있는 교실에서 이상적인 선택이며, 기분을 좋게 할 수 있으며 어린이와 성인, 학교 및 사무실 모두에게 적합하며 멋진 사용 경험을 선사합니다","['지우개', '연필', '핑크', '학교', '자국', '어린이', '깨끗하다', '종이', '선택', '부드럽다']"
사무용품,지우개 및 수정 용품,지우개,,B091BJ6NY8,"June Gold 접이식 펜 지우개 스틱 리필 12팩 - 라텍스 프리, 화이트 비닐 및 정밀 지우개",June Gold,8240,8240,4.5,293.0,"포함: 12개의 접이식 화이트 비닐 지우개 리필 강도: 이 라텍스 프리 지우개는 내구성이 뛰어나고 연마성이 뛰어나 어두운 자국, 잉크 및 색연필을 제거하는 데 가장 적합합니다. 품질: 찢어지지 않고 얼룩을 남기지 않고 용지를 지우도록 설계된 정밀 지우기. 사용: 이 세트 사이즈는 가정, 교실 및 사무실에 적합합니다. 호환성: 이 지우개는 June Gold를 포함한 다양한 브랜드와 호환됩니다. 현재 사용 중인 지우개와 9.5 x 0.66 cm (3.75 x 0.25 인치) 크기의 지우개와 비교해보세요.",,"['지우개', '화이트', '프리', '라텍스', '리필', '정밀', '접이식', '비닐', '스틱', '교실']"
사무용품,지우개 및 수정 용품,지우개,,B000KTAMJU,파버카스텔 먼지 방지 비닐 지우개 각,Faber-Castell,5470,5470,4.6,2705.0,지우개 1개 깨끗하게 지워집니다,"The dust-free eraser of Faber-Castell guarantees clean, soft and lubrication-free erasers. Less eraser is created because the eraser remains roll up. The quality eraser in white does not contain any dangerous dyes.","['지우개', '파버카스텔', '비닐', '방지', '먼지', '깨끗하다']"
사무용품,지우개 및 수정 용품,지우개,,B01H0GK0F6,"GENERAL PENCIL CO. GPBM2-BP Factis 펜 스타일 지우개 카드, 화이트",Darice,10165,10165,4.8,395.0,전통적인 비즈니스 방식을 통해 신뢰를 얻는 것이 저희의 목표입니다 Darice 당사는 항상 고객에게 광범위한 제품을 최저 가격으로 제공하기 위해 최선을 다하고 있습니다 스페인에서 제조 패키지 크기: 1.3cm (H) x 20.9cm (L) x 6.6cm (W),"섬세한 디테일, 하이라이트, 레터링, 저널링, 캘리그래피 등에 이상적인 아티스트 품질의 플라스틱 지우개. 이 패키지에는 12.7cm(5인치) 길이의 기계식 지우개 1개가 포함되어 있습니다. 라텍스 프리. 수입품.","['지우개', '패키지', '화이트', '아티스트', '기계', '디테일', '라텍스', '비즈니스', '섬세하다', '수입품']"
사무용품,지우개 및 수정 용품,지우개,,B08P7J4GW7,"접착제 잔여물 픽업 지우개, 고무 시멘트 지우개, 고무 클리닝 지우개, 종이 플라스틱 등에서 접착제 및 잔여물 제거용, 12개입",Zonon,13836,13836,4.5,175.0,"충분한 수량: 총 12개의 접착제 지우개가 패키지에 포함되어 있으며, 충분한 양으로 다양한 청소 요구 사항과 교체 요구 사항을 충족할 수 있습니다. 친구 또는 가족과 공유할 수도 있습니다 사이즈 정보: 각 지우개의 치수는 약 7 x 5 x 0.8 cm/2.76 x 1.97 x 0.32 인치, 너무 습하거나 작지 않음, 청소 활동에 들고 사용하기에 적합하며 작은 영역에 들어가기 위해 작은 모양으로 자르기에 적절하여 훌륭한 청소 효과를 제공합니다 신뢰할 수 있는 소재: 천연 고무 소재로 제작된 당사의 접착제 잔여물 지우개는 종이, 플라스틱 및 기타 표면에서 접착제와 잔여물을 제거하기 위해 강력한 세척이 가능합니다. 쉽게 깨지지 않으며, 유연하고 가벼우며 사용 및 보관이 쉽고 내구성이 뛰어나고 재사용이 가능하며 오랫동안 사용할 수 있습니다 실용적인 기능: 고무 시멘트 지우개의 주요 기능은 대부분의 접착 잔여물을 제거하는 것입니다. 가정 및 학교 프로젝트, 스케이트 보드 클리너, 스케이트 보드 신발 및 샌딩 디스크, 종이 공예 및 카드 제작에 이상적이며 대부분의 예술가 또는 장인에게 적합합니다 사용 방법: 이 청소용 모래 지우개는 일반 지우개처럼 잘 작동하여 접착제나 기타 잔여물을 청소하는 데 도움이 됩니다. 종이나 플라스틱 표면을 가벼운 힘으로 앞뒤로 닦기만 하면 됩니다. 비누 물이나 세제를 사용하여 세척 효과를 강화할 수도 있습니다","특징: 적합한 용도: 고무 시멘트 지우개는 대부분의 접착 잔여물을 제거하는 데 실용적이어서 가정 및 학교 프로젝트, 스케이트 보드 클리너, 스케이트 보드 신발 및 샌딩 디스크, 종이 공예 및 카드 제작에 쉽게 적용할 수 있습니다. 세심한 디자인: 청소 후 접착제 지우개가 표면 얼룩을 일으키는 경우 얼룩을 잘라 다음 번에 계속 사용할 수 있으며 사용 수명을 연장할 수 있습니다. 또한 청소 기능을 더 잘 수행하기 위해 작은 영역에 들어갈 수 있도록 모양으로 자를 수 있습니다. 사양: 소재: 고무 사이즈: 약 7 x 5 x 0.8cm/2.76 x 1.97 x 0.32인치. 색상: 사진과 같음. 수량: 총 12개 패키지 구성: 접착제 잔여물 지우개 12개. 참고: 수동 측정, 사이즈에 약간의 오차가 있을 수 있습니다. 화면 차이로 인해 색상이 약간 다를 수 있습니다. 사용하지 않을 때는 끈적이는 먼지를 방지하기 위해 상품 및 기타 물건을 포장할 수 있습니다.","['지우개', '접착제', '청소', '고무', '종이', '스케이트', '제거', '작다', '보드', '제작']"
사무용품,지우개 및 수정 용품,지우개,,B01H0GK146,"General Pencil CO. GPBM2-3RBP Factis 펜 스타일 지우개 리필 3개 카드 처리, 1팩, 흰색",Darice,7880,7880,4.6,418.0,전통적인 방식의 사업을 통해 여러분의 신뢰를 얻는 것이 저희의 목표입니다. Darice는 항상 고객에게 매우 다양한 제품들을 가장 저렴한 가격으로 제공하기 위해 최선을 다하고 있습니다. 제조국 스페인. 패키지 크기: 높이 8.9cm x 길이 22.1cm x 너비 14.5cm (3.5 x 8.7 x 5.7인치).,"Darice는 60년 넘게 고객에게 공예품 분야에서 최고의 가치와 셀렉션을 제공하는 데 자부심을 가지고 있으며, 놀라운 고객 서비스를 통해 고객의 기대치를 뛰어넘기 위해 항상 노력하고 있습니다. 전통적인 방식의 사업을 통해 여러분의 신뢰를 얻는 것이 저희의 목표입니다.","['신뢰', '사업', '전통', '흰색', '공예품', '노력', '놀랍다', '리필', '서비스', '셀렉']"
사무용품,지우개 및 수정 용품,지우개,,B000OZF13W,"Faber Castell Faber-Castell 퍼펙션 지우개 연필, 브러시 포함(3팩)",Faber-Castell,6772,6772,4.5,2045.0,Faber Castell 파버-카스텔 퍼펙션 지우개 펜슬 브러시 포함,"액체, 수성, 볼포인트 및 타자기 잉크를 스틱 형태로 위한 화이트 하드 지우개. 끝 부분의 편리한 브러시로 지우기 쉽습니다. 완벽한 7058-B, 독일에서 제작.","['지우개', '브러시', '퍼펙션', '제작', '수성', '스틱', '액체', '연필', '완벽하다', '잉크']"
사무용품,지우개 및 수정 용품,지우개,,B000XZTIIM,Design 반죽 고무 지우개 엑스트라 라지 (SAN70532) - 개별 판매,Prismacolor,5249,5249,4.0,461.0,"다용도 Prismacolor 프리미어 반죽 지우개는 지우고 싶은 부분에 맞게 빠르게 모양을 잡을 수 있습니다. 색연필, 파스텔 및 분필까지 빠르게 작업할 수 있도록 설계되었습니다. 손바닥에 부드럽게 반죽하여 지우개 자체를 쉽게 청소할 수 있습니다. 이 패키지에는 Prismacolor 반죽 지우개 1개가 포함되어 있습니다. 수입품.","Sanford Ink Corporation Products - 디자인 반죽 고무 지우개, XL, 그레이 - 1개 판매 지우개는 분필, 숯 및 파스텔을 제거하고 강조하는 데 탁월합니다. 어떤 모양으로든 반죽할 수 있으며 표면을 매끄럽고 밝게 유지합니다.","['지우개', '반죽', '고무', '판매', '파스텔', '분필', '빠르다']"
사무용품,지우개 및 수정 용품,지우개,,B0060RZBUG,"Tombow 57302 모노 샌드 및 고무 지우개, 1팩. 종이 손상 없이 연필과 잉크 표시를 쉽게 지울 수 있습니다",Tombow,12395,14750,4.4,1391.0,"모래와 고무로 만든 이 양면 지우개는 연필과 잉크 표시를 지우는 데 사용할 수 있습니다 연필 자국을 지우기 위한 고무 측면 샌드 지우개 면은 볼펜, 롤러볼 및 마커 잉크를 포함한 잉크 자국을 제거합니다 슬리브는 지우개를 먼지와 얼룩으로부터 보호합니다 종이를 손상시키지 않습니다","모래와 고무가 혼합된 양면 지우개는 연필과 잉크 표시를 지우는 데 사용할 수 있습니다. 고무 측면은 연필 표시와 볼펜, 롤러볼 및 일부 마커를 포함한 샌드 사이드 지우개 잉크 마킹을 지웁니다. 종이를 손상시키지 않습니다. 지우개 슬리브가 먼지와 얼룩으로부터 보호합니다.","['지우개', '잉크', '고무', '연필', '표시', '손상', '종이', '샌드', '롤러', '먼지']"
사무용품,지우개 및 수정 용품,지우개,,B013ZA7HCU,Daiso 모래 지우개(잉크 및 연필용) 3개 (일본 수입),Daiso,6911,6911,4.2,582.0,잉크 및 연필용 2개,Daiso 모래 지우개(잉크 및 연필용) 3개 (일본 수입),"['잉크', '연필', '지우개', '일본', '수입', '모래']"
사무용품,지우개 및 수정 용품,지우개,,B008UG7FA4,"파버카스텔 먼지 방지 비닐 지우개, FC1871202-BP (2개 팩), 라지",Faber-Castell,39195,11426,4.5,55.0,"Faber-Castell 먼지 방지 비닐 지우개, 2개 팩",Faber-Castell 먼지 방지 비닐 지우개,"['지우개', '비닐', '방지', '먼지', '파버카스텔', '라지']"
사무용품,지우개 및 수정 용품,지우개,,B08TZNLX4Z,"1InTheOffice 핑크 연필 지우개 토퍼, 연필용 지우개 헤드, 지우개 캡, 핑크, 144팩",1InTheOffice,13836,13836,4.3,5.0,캡 지우개로 문서나 초안 이미지를 쉽게 조정할 수 있습니다 캡 지우개의 각진 팁으로 빠르고 깨끗하게 표시를 지울 수 있습니다. 모서리는 미세한 선을 제거하는 데 사용할 수 있으며 좁은 공간에서도 사용할 수 있습니다 편리한 캡 디자인으로 사무실이나 교실에서 각 연필에 지우개를 놓거나 지울 수 있는 펜을 놓을 수 있습니다 저희 지우개 탑은 웨지 모양으로 완벽한 크기로 제공되어 거의 모든 표준 연필의 끝에 맞추기에 이상적입니다 144개 / 박스로 판매: 12개의 핑크 웨지 모양 지우개 박스,,"['지우개', '연필', '캡', '핑크', '박스']"
사무용품,지우개 및 수정 용품,지우개,,B019QROV9S,"Sharpie Clear View 하이라이터 스틱, 끌 팁, 다양한 형광, 8개입",SHARPIE,11038,11038,4.7,12307.0,시스루 팁이 있는 하이라이터로 깔끔하고 고르게 강조할 수 있습니다 끌 팁으로 넓은 선과 좁은 선 사이를 전환할 수 있습니다 매우 생생한 형광 잉크가 페이지에서 튀어 나옵니다 많은 펜 및 마커 잉크의 번짐을 방지하여 작업을 깨끗하게 유지합니다 다양한 색상의 스틱 형광펜 8개 포함,"Sharpie® Clear View® 하이라이터 스틱의 시스루 팁과 얇은 그립으로 정밀한 하이라이트를 즐기세요. 투명한 팁과 매끄럽고 섬세한 끌 끝으로 텍스트에 눈을 고정시키고 페이지 전체에서 정확하게 강조할 수 있습니다. 한편, 슬림한 배럴은 잡기 쉽고 노트북이나 백팩에 넣을 수 있는 슬림한 외관을 가지고 있습니다. 형광펜 잉크는 대부분의 펜 및 마커 잉크 위에 표시할 때 번짐을 방지합니다(강조하기 전에 잉크를 말리십시오). Sharpie 클리어 뷰를 사용하면 하이라이트를 언제 중지해야 하는지 항상 알 수 있습니다.","['잉크', '펜', '형광', '강조', '스틱', '하이라이터', '방지', '페이지', '슬림', '시스루', '잉크', '형광', '펜', '라이터', '스틱', '강조', '슬림', '방지', '시스루', '번짐']"
사무용품,지우개 및 수정 용품,지우개,,B0D1G4HMP4,"PerKoop 영감을 주는 연필 지우개, 흰색 지우개, 작은 블록 지우개, 동기 부여 벌크 지우개, 멋진 학생 지우개, 어린이, 아티스트, 교사, 가정 교실, 신학기 사무용품(50개)",PerKoop,33226,26301,5.0,3.0,"충분한 수량과 다양한 디자인: 패키지에는 8가지 텍스트로 된 영감을 주는 흰색 지우개 50개가 포함되어 있으며, 멋지고 눈길을 사로잡으며 사용하고 교체할 수 있으며 학생, 교사, 사무실 직원 및 다른 사람들과 공유할 수도 있습니다 사이즈에 대해 자세히 알아보기: 각 동기 부여 지우개의 크기는 약 4 x 2 x 0.8cm(1.57 x 0.79 x 0.31인치), 작고 가벼우며 일상 생활에서 휴대하고 보관할 수 있어 너무 많은 공간을 차지하지 않습니다 신뢰할 수 있는 소재: 동기를 부여하는 흰색 지우개는 고품질 PVC 소재로 만들어져 부드럽고 신뢰할 수 있으며 종이를 찢거나 손상시키지 않고 실수를 효과적으로 닦아낼 수 있어 오랫동안 사용할 수 있으며 멋진 사용 경험을 제공합니다 섬세하고 눈길을 끄는 이 학생용 드로잉 지우개는 귀여운 패턴으로 장식된 UV 프린팅을 채택하고 동기 부여 단어는 많은 격려를 불러일으키고 학습을 더 적극적으로 만들 수 있습니다 광범위한 적용 범위: 이 작은 지우개는 글쓰기, 드로잉, 숙제, 낙서, 스케치 등과 같은 다양한 용도로 사용할 수 있습니다. 가정, 교실, 사무실, 개학 시즌에도 좋습니다","특징: 멋진 선물: 이 영감을 주는 지우개는 선생님, 학생, 동료, 이웃, 서랍 등을 위한 멋지고 사려 깊은 선물이 될 수 있습니다. 적합 및 휴대성: 영감을 주는 지우개는 매일 사용하기에 적합하고 휴대가 간편하며, 가방이나 필통 등에 넣어 편리하게 사용할 수 있습니다. 사양: 소재: PVC 색상: 주로 흰색. 사이즈: 약 4 x 2 x 0.8cm(1.57 x 0.79 x 0.31인치). 패키지 구성: 지우개 50개. 참고: 수동 측정, 사이즈에 약간의 오차가 있을 수 있습니다. 화면 디스플레이의 차이로 인해 색상이 약간 다를 수 있습니다.","['지우개', '멋지다', '흰색', '영감', '동기', '휴대', '학생', '가정', '작다', '신뢰']"
사무용품,지우개 및 수정 용품,지우개,,B0B6CWKRRT,"핑크 지우개 - 정사각형 지우개, 아동용 지우개, 고무 지우개, 60개, 학용품, 미술 및 사무용 벌크 지우개",EXTRIC,13836,11066,3.9,305.0,"어린이, 학교, 가정 및 사무실을 위한 60개의 대형 프리미엄 핑크 연필 지우개가 포함되어 있습니다. 글쓰기, 스케치 등에 적합합니다. 100% 라텍스 프리, 하이 폴리머 대형 지우개. 사이즈: 3/4 x 1 1/8인치. 고품질 고무 소재로 만든 부드럽고 유연한 지우개. 편안하고 안전한 그립과 디테일한 지우개를 위한 핑크 베벨 지우개. 경사진 모서리로 지우는 것을 더 잘 제어할 수 있습니다. 얼룩 방지 - 긁힘, 찢어짐, 손상 또는 종이에 자국을 남기지 않고 깨끗하게 지울 수 있습니다.",,"['지우개', '핑크', '고무', '대형']"
사무용품,"클립, 집게 및 링",링,,B07MP9LSCL,책 바인더 링 5.1cm(2인치) 사무실 루스 리프 링(20팩) 니켈 도금 실버,GOTOONE,8296,8296,4.7,1897.0,"【안전한 금속 잠금】북 바인더 링은 밝은 니켈 도금으로 매끄럽고 반짝이며 녹을 방지하고 강한 신축성 및 안전 버클 디자인입니다. 【쉬운 사용】 이 루즈 리프 링은 당겨서 열고 쥐어 닫을 수 있습니다. 타이트한 잠금 디자인으로 책을 접을 때 흩어지지 않고 정리할 수 있습니다. 【큰 사이즈】이 5.1cm(2인치) 북 바인더 링은 철로 만들어져 강하고 색이 바래지 않으며 내구성 및 반복적인 사용으로 균열이나 구부러짐이 없습니다. A4 용지 450장을 넣을 수 있는 최대 용량. 【훌륭한 용도】책 바인더 링은 교실, 회사, 사무실 또는 가정에서 문서 스택, 책, 종이, 사진 앨범, 열쇠, 샤워 커튼 후크, 스크랩북, 카드, 소책자, 루스 리프 링, 메모 파일링, 키링, 바인딩 레시피, 샘플 북, 샘플 홀더, 계약 또는 파일 등을 고정하는 데 적합합니다. 【위험 부담 없는 구매】 100% 환불, 클릭하여 장바구니에 루스 리프 링을 추가하여 새로운 삶을 경험하십시오. 궁금한 사항이 있으시면 저희에게 연락하십시오. 최고의 서비스를 제공해 드리겠습니다.",,"['링', '바인더', '리프', '북', '책', '디자인', '도금', '니켈', '사무실', '샘플']"
사무용품,"클립, 집게 및 링",링,,B09BP2KJ7L,"U Brands Classic Catalina 펠트 팁 펜, 소프트 터치 배럴, 로즈 골드 악센트, 미디엄 포인트, 1.0mm, 3개입",U Brands,14085,14085,4.5,51.0,"15개입 북 링 세트를 사용하여 사무실, 가정 또는 교실에서 정리, 생산성 및 창의력을 향상시키세요 이 다용도 액세서리는 사무실, 집, 교실 또는 기타 공간을 다양한 방법으로 정리할 수 있습니다 인사말 카드, 페인트 색상, 테이크 아웃 메뉴, 플래시 카드, 머리끈, 스카프 및 생각할 수 있는 모든 것을 추적하세요 5.1cm(2인치) 크기로 동일한 실버 색상의 더 큰 7.6cm(3인치) 크기로 제공됩니다 다른 정리 제품과 함께 사용하여 완벽하고 응집된 시스템을 제공합니다","창의성과 정리 수준을 높여야 합니까? U Brands에는 여러분을 위한 도구가 있습니다. 가정, 교실 또는 사무실에서 사용하기에 이상적인 15개입 북 링 세트를 사용하면 작업 환경, 홈 오피스 또는 교실을 분류할 수 있습니다. 메탈릭 실버 표면과 5.1cm(2인치) 크기의 이 제품은 최고의 정리 액세서리가 될 수 있는 다재다능함을 제공합니다. 종이 기념품을 함께 보관하여 쉽게 볼 수 있습니다. 헤어 타이를 한 곳에서 쉽게 찾을 수 있는지 확인하십시오. 옷장 속 액세서리를 깔끔하게 정리하세요! • U Brands는 완전하고 다양한 문구류, 사무실 및 가정용 제품 라인에 중점을 둔 역동적이고 새로운 회사입니다. 저희는 가장 독특하고 영감을 주는 문구 및 홈 오피스 제품을 개발하고 있습니다. 당사의 약속은 훌륭한 품질과 가치로 혁신적이고 창의적인 디자인을 제공하는 것입니다.","['정리', '교실', '사무실', '액세서리', '개입', '가정', '오피스', '카드', '실버', '홈']"
사무용품,"클립, 집게 및 링",링,,B0CQPXJYSB,"루스 리프 바인더 링 2.5cm(1인치) (30팩) 사무실 북 링, 니켈 도금 스틸 바인더 링, 열쇠 고리, 금속 북 링, 학교용, 실버",BGJRBY,5526,5526,4.5,24.0,"표준 사이즈: 내부 지름 2.5cm(1인치), 최대 9.1kg(20파운드) 용지 175장 보관, 루즈 리프 바인더 링 30개 고품질: 내구성이 뛰어난 멀티 레이어, 니켈 도금 강철로 제작, 서비스 및 녹 방지 작동 지침: 사용하기 편리합니다. 개봉 후 정렬 불량이 발생했습니다. 바인더 링 자체가 스프링이나 기타 탄성 장치를 사용하지 않았기 때문에 더 단단히 닫은 후 물린 조임을 방지하기 위해 이 디자인이 사용되었습니다 다기능: 이 편리한 링을 사용하여 문서를 묶거나 다양한 재료를 함께 연결할 수 있습니다. 느슨한 잎, 메모 파일링, 열쇠 고리, 스크랩북, 바인딩 레시피, 사진, 책, 샘플 북, 스크랩북, 계약 또는 파일에 적합합니다 팁: 이 루스 리프 링의 크기가 작기 때문에 삼키거나 꼬집는 것을 방지하기 위해 어른과 함께 해야 합니다.","색상: 실버 패키지: 30개 이 빨대를 독특하게 만드는 이유. 오른쪽 사이즈: 내부 지름 1인치/25mm 다양한 용도: 이 편리한 링을 사용하여 문서를 묶거나 다양한 재료를 함께 연결할 수 있습니다. 느슨한 잎, 메모 파일링, 열쇠 고리, 스크랩북, 바인딩 레시피, 사진, 책, 샘플 북, 스크랩북, 계약서 또는 파일에 적합합니다.","['링', '북', '스크랩', '파일', '바인더', '열쇠', '리프', '방지', '고리', '편리하다']"
사무용품,"클립, 집게 및 링",링,,B0C2CCPNY8,"바인더 링 2.5cm(1인치), 금속 링, 책 링, 종이 링, 열쇠 고리, 바인더 링, 금속 링, 사무용품 120개",otylzto,8296,8296,4.6,59.0,컨테이너 포함 바인더 링 120개 링 사이즈: 1인치(내부 지름) 투명한 보관 용기가 있는 패키지로 보관하기 쉽습니다 저희 반지는 니켈 도금으로 쉽게 녹슬지 않습니다 당사의 바인더 링은 튼튼하고 많은 종이를 담을 수 있으며 사용하기 쉽습니다,"Otylzto 바인더 링 2.5cm(1인치) 120개, 금속 링, 책 링, 종이 링, 열쇠 고리, 바인더 링, 금속 링, 사무용품","['링', '바인더', '금속', '종이', '보관', '열쇠', '사무', '고리', '책']"
사무용품,"클립, 집게 및 링",링,,B0C7ZRPLH1,"루스 리프 바인더 링 2.5cm(1인치) (60팩) 사무실 북 링, 니켈 도금 스틸 바인더 링, 열쇠 고리, 금속 북 링, 학교용, 실버",BGJRBY,8296,8296,4.3,50.0,"표준 사이즈: 내부 지름 2.5cm(1인치), 최대 9.1kg(20파운드) 용지 175장 보관, 루즈 리프 바인더 링 100개 고품질: 내구성이 뛰어난 멀티 레이어, 니켈 도금 강철로 제작되어 내구성이 뛰어나고 녹슬지 않습니다 작동 지침: 사용하기 편리합니다. 개봉 후 정렬 불량이 발생했습니다. 바인더 링 자체가 스프링이나 기타 탄성 장치를 사용하지 않았기 때문에 더 단단히 닫은 후 물린 조임을 방지하기 위해 이 디자인이 사용되었습니다 다기능: 이 편리한 링을 사용하여 문서를 묶거나 다양한 재료를 함께 연결할 수 있습니다. 느슨한 잎, 메모 파일링, 열쇠 고리, 스크랩북, 바인딩 레시피, 사진, 책, 샘플 북, 스크랩북, 계약 또는 파일에 적합합니다 팁: 이 루스 리프 링의 크기가 작기 때문에 삼키거나 꼬집는 것을 방지하기 위해 어른과 함께 해야 합니다.","색상: 실버 패키지: 60개 이 빨대를 독특하게 만드는 이유. 오른쪽 사이즈: 내부 지름 1인치/25mm 다양한 용도: 이 편리한 링을 사용하여 문서를 묶거나 다양한 재료를 함께 연결할 수 있습니다. 느슨한 잎, 메모 파일링, 열쇠 고리, 스크랩북, 바인딩 레시피, 사진, 책, 샘플 북, 스크랩북, 계약서 또는 파일에 적합합니다.","['링', '북', '스크랩', '파일', '바인더', '리프', '열쇠', '고리', '편리하다', '바인더']"
사무용품,"클립, 집게 및 링",링,,B08MQN23RG,"바인더 링 2.5cm(1인치) 100개-튼튼한 책 링 - 인덱스 카드, 플래시 카드 및 종이용 루즈 리프 바인더 링 - 사무실 학교 용품용 니켈 도금 금속 링 - 튼튼한 실버 종이 링",BINDER RINGS ANYTIME,11066,11066,4.6,735.0,"【고품질 소재】: 낙하 방지 잠금 디자인의 프리미엄 니켈 도금 강철로 제작되었습니다. 이 바인더 링은 모양을 유지하도록 설계되었으며 오래 사용할 수 있도록 튼튼하게 제작되었습니다. 매일 많이 사용해도 구부러지거나 녹슬거나 긁히지 않습니다 【견고함】: 북 링의 걸쇠는 쉽게 열 수 있지만 제자리에 단단히 고정됩니다. 타이트한 잠금으로 컬렉션을 정리하고 열쇠고리를 고정할 수 있을 만큼 튼튼합니다 【부드러운 클래스프】: 가장 부드럽게 열리는 인덱스 카드 링, 종이를 구멍 안으로 밀어 넣고 걸쇠를 쉽게 닫습니다. 이 반지는 모든 작업을 효과적으로 정리할 수 있도록 해줍니다 【톤 고정】: 각 버라이어티 팩에는 재밀봉 가능한 가방에 100개의 플래시 카드 링이 포함되어 있습니다. 각 링은 직경 2.5cm(1인치)로 최대 175장의 낱장 종이, 플래시 카드 세트, 소책자, 워크시트, 인덱스 카드 또는 작업 카드를 담을 수 있습니다 【정리】: 저희 링 클립은 교실, 사무실 또는 가정에서 더 잘 정리할 수 있는 좋은 방법입니다. 모든 성인과 아이들이 쉽게 사용할 수 있도록 효과적으로 설계되었습니다","소재: 금속 색상: 실버 팩: 바인더 링 100개. 당사의 목표는 각 고객에게 합리적인 비용으로 오래 지속되는 물품을 제공하는 것입니다. 효율성을 위한 디자인. 2.5cm(1인치)로 플래시카드, 종이 또는 메모를 분류할 때 얼마나 쉽게 열고 닫을 수 있는지 놀라게 될 것입니다. 가장 매끄럽고 빠르게 열리는 걸쇠로 디자인되어 재료가 미끄러지지 않습니다. 최대 175장의 종이를 담을 수 있는 이 플래시 카드용 링은 고품질 금속으로 만들어졌으며 외부는 니켈 도금으로 최대 175장의 용지 또는 인덱스 카드와 같은 튼튼한 작업을 견딜 수 있습니다. 다양한 용도로 사용할 수 있습니다. 사무실 직원이든 교실의 선생님이든 집에서 부모든 이 바인딩 링 클립은 편리한 정리 도움이 됩니다. 표준 사이즈는 스케치북, 스크랩북, 일기, 사진 앨범, 열쇠고리 또는 소책자를 고정할 수 있도록 정밀하게 제작되었습니다.","['링', '카드', '정리', '플래시', '종이', '튼튼하다', '인덱스', '고정', '바인더', '도금']"
사무용품,"클립, 집게 및 링",링,,B0D1GT4L3K,"바인더 링, 60팩 다양한 사이즈 (1.9cm(0.75인치), 2.5cm(1인치), 3.8cm(1.5인치), 5.1cm(2인치)) - 인덱스 카드, 책 링, 루스 리프 바인더 클립용 니켈 도금 스틸 페이퍼 링",,11066,11066,5.0,3.0,"탁월한 가치 팩: Optomni 1.9cm 링 15개, 2.5cm 링 30개, 3.8cm 링 10개, 5cm 링 5개를 포함한 총 60개의 바인더 링으로 놀라운 가치를 제공하여 최고의 가격을 보장합니다. 프리미엄 니켈 도금 스틸: 고품질 니켈 도금 강철로 제작된 이 북링은 견고하고 내구성이 뛰어나 어떤 환경에서도 오래 사용할 수 있습니다. 쉬운 취급: 종이 링은 1.9cm(0.75인치) 및 2.5cm(1인치) 크기의 미세한 2.2mm 와이어 게이지가 특징이며, 가장 작은 루스 리프 바인더 링도 도구 없이 쉽게 열고 닫을 수 있습니다. 다양한 용도에 이상적: 가정, 학교 또는 사무실 환경에 적합합니다. 인덱스 카드, 플래시 카드, 낱장 종이, 레시피를 정리하거나 쉽게 사용할 수 있도록 열쇠 고리로 사용하세요. 다양한 사이즈: 이 세트에는 1.9cm, 2.5cm, 3.8cm, 5.1cm 바인더 링이 포함되어 있어 각 사이즈의 충분한 수량을 제공하여 일상적인 모든 정리 요구 사항을 충족합니다.",,"['링', '바인더', '카드', '니켈', '도금', '환경', '가치', '스틸', '인덱스', '리프']"
사무용품,"클립, 집게 및 링",링,,B07RN4QGW2,"루스 리프 바인더 링 2.5cm(1인치) (100팩) 사무실 금속 북 링, 니켈 도금 스틸 키링, 학교용, 실버",BGJRBY,11066,11066,4.7,3752.0,"표준 사이즈: 내부 지름 2.5cm(1인치), 최대 9.1kg(20파운드) 용지 175장 보관, 루즈 리프 바인더 링 100개 고품질: 내구성이 뛰어난 멀티 레이어, 니켈 도금 강철로 제작되어 내구성이 뛰어나고 녹슬지 않습니다 작동 지침: 사용하기 편리합니다. 개봉 후 정렬 불량이 발생했습니다. 바인더 링 자체가 스프링이나 기타 탄성 장치를 사용하지 않았기 때문에 더 단단히 닫은 후 물린 조임을 방지하기 위해 이 디자인이 사용되었습니다 다기능: 이 편리한 링을 사용하여 문서를 묶거나 다양한 재료를 함께 연결할 수 있습니다. 느슨한 잎, 메모 파일링, 열쇠 고리, 스크랩북, 바인딩 레시피, 사진, 책, 샘플 북, 스크랩북, 계약 또는 파일에 적합합니다 팁: 이 루스 리프 링의 크기가 작기 때문에 삼키거나 꼬집는 것을 방지하기 위해 어른과 함께 해야 합니다.","색상: 실버 패키지: 100개 이 빨대를 독특하게 만드는 이유. 오른쪽 사이즈: 내부 지름 1인치/25mm 다양한 용도: 이 편리한 링을 사용하여 문서를 묶거나 다양한 재료를 함께 연결할 수 있습니다. 느슨한 잎, 메모 파일링, 열쇠 고리, 스크랩북, 바인딩 레시피, 사진, 책, 샘플 북, 스크랩북, 계약서 또는 파일에 적합합니다.","['링', '북', '파일', '스크랩', '편리하다', '바인더', '리프', '열쇠', '사진', '실버']"
사무용품,"클립, 집게 및 링",링,,B07DN8TXG5,"5.1cm(2인치) (15팩) 루즈 리프 바인더 링, 니켈 도금 스틸 바인더 링, 키체인 키링, 금속 책 링, 실버, 학교, 가정 또는 사무실용",KTOJOY,6911,6911,4.7,5002.0,"훌륭한 소재: 루스 리프 링은 철 소재로 만들어져 강하고 지속 가능합니다. 다층 니켈 도금 스틸 링은 녹을 방지하고 색상이 바래지 않습니다 사이즈: 지름 50mm/2인치(외부 링), 15피스 루즈 리프 링 쉬운 작동: 사용하기 편리합니다. 당겨 열고 쥐어 짜기만 하면 됩니다. 바인더 링 자체가 스프링이나 기타 탄성 장치를 사용하지 않았기 때문에 개봉 후 정렬이 잘못되었습니다 다양한 용도: 바인더 링은 루스 리프, 메모 파일링, 열쇠 고리, 스크랩북, 제본 레시피, 사진, 책, 샘플 북, 스크랩북, 샘플 홀더, 계약 또는 파일에 적합합니다","니켈 도금 스틸 루스 리프 바인더 링 15개. 특징: 독특한 디자인: 바인더 링 자체가 스프링이나 기타 탄성 장치를 사용하지 않았기 때문에 개봉 후 정렬 불량이 발생하여 더 단단히 닫은 후 바이트 타이트함을 만들기 위해 이 디자인이 사용되었습니다. 사양: 소재: 금속. 사이즈: 2 인치 / 50 mm 지름 패키지: 15개 안내: 물과 산성 환경으로부터 멀리하세요. 구매하기 전에 품목의 치수를 확인하십시오. 열거나 닫을 때 더 많은 힘을 사용할 수 있습니다. 작은 부품, 만 3세 미만의 어린이에게는 적합하지 않습니다. 재질 물체에 약간의 오류가 있을 수 있습니다","['링', '바인더', '리프', '도금', '북', '스틸', '니켈', '자체', '정렬', '책']"
사무용품,"클립, 집게 및 링",링,,B08BKX2RL8,"루스 리프 바인더 링 2.5cm(1인치) (100팩) - 튼튼한 북 링, 인덱스 카드 링, 키링, 플래시 카드 링, 노트북 종이 링, 사무실, 학교 또는 가정용 금속 링",OFFPLEX,9958,9958,4.7,1241.0,"다기능: 바인더 링 2.5cm(1인치)는 문서, 인덱스 카드, 플래시카드, 스크랩북, 레시피, 메뉴, 사진 앨범, 열쇠 보관 등을 정리하기에 적합합니다 부드럽게 열고 닫힘: 편리한 종이 링의 독특한 디자인으로 쉽게 사용할 수 있습니다. 고생할 필요가 없습니다. 당겨서 열고 쥐어 짜기만 하면 됩니다 보관 용량: 다층 금속 링은 최대 175장까지 담을 수 있습니다. 집, 사무실 또는 학교 생활을 정리하기에 이상적인 세트입니다 견고함 및 내구성: 프리미엄 품질의 니켈 도금 강철로 제작; 계속 사용해도 균열, 깨짐, 녹 또는 은색이 바래지 않습니다 편리한 보관: 보관 상자에 포장되어 사용하지 않을 때 노트북 링을 정리하고 보호할 수 있습니다. 각 팩에는 총 100개가 포함되어 있습니다",,"['링', '보관', '카드', '정리', '금속', '바인더', '북', '사무실', '노트북', '종이']"
사무용품,"클립, 집게 및 링",링,,B08MZ64MTC,"(60팩) 루스 리프 바인더 링 다양한 사이즈 (2.9cm(1.1인치), 3.8cm(1.25인치), 3.8cm(1.5인치), 5.1cm(2인치)), 가정, 학교 또는 사무실용 프리미엄 니켈 도금 스틸 북 링, 인덱스 카드 링, 열쇠 고리, 종이 링",OFFPLEX,11066,11066,4.8,418.0,"다기능: 다양한 루스 리프 링은 문서, 인덱스 카드, 플래시 카드, 스크랩북, 레시피, 메뉴, 사진 앨범, 열쇠 보관 등을 정리하기에 적합합니다 다양한 사이즈: 패키지에는 5cm x 5개, 3.8cm x 10개, 3.2cm x 15개, 2.5cm x 30개의 금속 링이 포함되어 있습니다 견고함 및 내구성: 프리미엄 품질의 니켈 도금 강철로 제작; 계속 사용해도 균열, 깨짐, 녹 또는 실버 색상이 바래지 않습니다 부드럽게 열고 닫힙니다: 편리한 종이 링의 독특한 디자인으로 쉽게 사용할 수 있습니다. 고생할 필요가 없습니다. 당겨서 열고 짜서 닫기만 하면 됩니다 편리한 보관: 보관 상자에 포장되어 사용하지 않을 때 노트북 링을 정리하고 보호할 수 있습니다. 각 팩에는 총 60개가 포함되어 있습니다",,"['링', '보관', '카드', '리프', '정리', '북', '도금', '열쇠', '인덱스', '니켈']"
사무용품,"클립, 집게 및 링",링,,B08XWLC9R1,"루스 리프 바인더 링 5.1cm(2인치) (20팩) - 프리미엄 니켈 도금 스틸 북 링, 인덱스 카드용 금속 링, 인덱스 카드 링, 사무실, 학교 또는 가정용",OFFPLEX,7603,7603,4.6,175.0,"다기능: 바인더 링 5.1cm(2인치)는 문서, 인덱스 카드, 플래시카드, 스크랩북, 레시피, 메뉴, 사진 앨범, 열쇠 보관 등을 정리하기에 적합합니다 부드럽게 열고 닫힘: 편리한 종이 링의 독특한 디자인으로 쉽게 사용할 수 있습니다. 고생할 필요가 없습니다. 당겨서 열고 쥐어 짜기만 하면 됩니다 보관 용량: 다층 금속 링은 최대 350장까지 담을 수 있습니다. 집, 사무실 또는 학교 생활을 정리하기에 이상적인 세트입니다 견고함 및 내구성: 프리미엄 품질의 니켈 도금 강철로 제작; 계속 사용해도 균열, 깨짐, 녹 또는 은색이 바래지 않습니다 편리한 보관: 보관 상자에 포장되어 사용하지 않을 때 노트북 링을 정리하고 보호할 수 있습니다. 각 팩에는 총 20개가 포함되어 있습니다",,"['링', '카드', '보관', '정리', '인덱스', '학교', '금속', '니켈', '도금', '바인더']"
사무용품,"클립, 집게 및 링",링,,B0C7ZS4L1K,"5.1cm(2인치) (38팩) 루즈 리프 바인더 링, 니켈 도금 스틸 바인더 링, 키체인 키링, 금속 책 링, 실버, 학교, 가정 또는 사무실용",KTOJOY,8296,8296,4.2,23.0,"훌륭한 소재: 루스 리프 링은 철 소재로 만들어져 강하고 내구성이 뛰어납니다. 다층 니켈 도금 스틸 링은 녹을 방지하고 색상이 바래지 않습니다 사이즈: 2 인치 / 50 mm 직경 (외부 링), 38 피스 루즈 리프 링 쉬운 작동: 사용하기 편리합니다. 당겨 열고 쥐어 짜기만 하면 됩니다. 바인더 링 자체가 스프링이나 기타 탄성 장치를 사용하지 않았기 때문에 개봉 후 정렬이 잘못되었습니다 다양한 용도: 바인더 링은 루스 리프, 메모 파일링, 열쇠 고리, 스크랩북, 제본 레시피, 사진, 책, 샘플 북, 스크랩북, 샘플 홀더, 계약 또는 파일에 적합합니다 주의 사항: 작은 부품, 만 3세 미만의 어린이에게는 적합하지 않습니다","니켈 도금 스틸 루즈 리프 바인더 링 38개. 특징: 독특한 디자인: 바인더 링 자체가 스프링이나 기타 탄성 장치를 사용하지 않았기 때문에 개봉 후 정렬 불량이 발생하여 더 단단히 닫은 후 바이트 타이트함을 만들기 위해 이 디자인이 사용되었습니다. 사양: 소재: 금속. 사이즈: 2 인치 / 50 mm 지름 패키지: 15개 안내: 물과 산성 환경으로부터 멀리하세요. 구매하기 전에 품목의 치수를 확인하십시오. 열거나 닫을 때 더 많은 힘을 사용할 수 있습니다. 작은 부품, 만 3세 미만의 어린이에게는 적합하지 않습니다. 재질 물체에 약간의 오류가 있을 수 있습니다","['링', '바인더', '리프', '루즈', '북', '스틸', '니켈', '도금', '샘플', '부품']"
사무용품,"클립, 집게 및 링",링,,B0B1D8B8G1,"7.6cm(3인치) (12팩) 루즈 리프 바인더 링, 엑스트라 라지 사무실 북 링, 니켈 도금 스틸 바인더 링, 키체인 키링, 금속 북 링, 실버, 학교, 가정, 사무실용",AKONEGE,10581,10581,4.8,168.0,"메탈 북 링 사이즈: 3인치/76mm 직경(내부 링), 최대 600장 A4 용지, 12팩 엑스트라 라지 루스 리프 바인더 링 프리미엄 소재: 튼튼하고 내구성이 뛰어난 금속, 다층 니켈 도금 강철로 제작되어 녹을 방지하고 색상이 바래지 않습니다 쉽게 열고 닫을 수 있습니다: 링 입구의 상단과 하단을 위아래로 밀어 링을 쉽게 열 수 있습니다 문서를 묶거나 다양한 재료를 함께 연결하는 데 적합합니다. 느슨한 잎, 메모 파일링, 열쇠 고리, 스크랩북, 제본 레시피, 사진, 책, 샘플 북, 계약서 또는 파일에 적합합니다 시중의 기존 제품보다 큰 제품으로 더 많은 용도로 사용할 수 있습니다. 커튼 링, 공구 홀더, 열쇠고리 또는 보관함을 포함하되 이에 국한되지 않습니다","점보 사이즈 7.6cm(3인치) 루즈 리프 바인더 링, 사무실, 학교, 학생, 교사, 가정 또는 여행용/사이즈: 7.6cm (외경)/수량: 12팩/색상: 실버/튼튼한 초대형 금속 O링, 금속으로 제작, 니켈 도금 표면, 강하고 내구성이 뛰어나며 녹슬지 않고 쉽게 열고 닫을 수 있으며 사용하기 쉽고 작은 사이즈로 휴대가 간편하며 인생에서 가장 일반적으로 사용됩니다./다기능 금속 링은 북 링, 인덱스 카드 링, 워드 카드 링, 플래시 카드 링, 노트북 링, 파일 링, 키체인 키링, 앨범 링, 욕실 커튼 링 등으로 사용할 수 있으며 필요한 물건을 정리하고 걸 수 있습니다./가정, 학교, 사무실 또는 여행에 적합한 이 플립 차트 링은 유용할 수 있습니다./문서를 쉽게 묶거나 다양한 재료를 함께 연결할 수 있으며, 느슨한 잎, 메모 파일링, 열쇠 고리, 스크랩북, 제본 레시피, 사진, 책, 샘플 북, 계약서 또는 파일에 적합합니다.","['링', '북', '파일', '금속', '바인더']"
사무용품,"클립, 집게 및 링",링,,B01KLC259A,"Antner 루스 리프 바인더 링 100개, 지름 1.9cm(0.75인치), 니켈 도금 북 바인더 링, 금속 종이 링 키체인 키링 인덱스 카드 노트북 링 학교 사무실용",Antner,16606,10373,4.4,2056.0,"패키지에는 100팩 1.9cm(0.75인치) 실버 바인더 링이 포함되어 있으며, 각 링은 125장의 종이를 담을 수 있습니다 느슨한 잎, 메모 파일링, 키링 및 샘플 홀더와 같은 다양한 용도로 사용할 수 있습니다 접은 후에도 흩어지지 않고 단단히 닫혀 책을 정리할 수 있습니다 스틸 메탈 라운드 링은 두 부분으로 나눌 수 있으며 링 중앙에 위치한 금속 회전 리벳으로 함께 고정됩니다 수많은 루스 리프 소책자, 종이 카드, 이름표, 지침 가이드 또는 플라스틱 플레이트를 쉽게 연결할 수 있습니다","Antner 100팩 (1.9cm(0.75인치)) 루스 리프 바인더 링 니켈 도금 금속 북 링, 실버 재료: 금속 색상: 실버 지름(외부): 1.9 센티미터 수량: 팩당 100개 시트 용량: 약 125장 제품 특징: - 니켈 도금이 된 견고한 금속으로 제작된 니켈 도금은 시간이 지남에 따라 녹과 부식을 방지하며 수년간 정기적으로 사용할 수 있도록 제작되었습니다. - 모든 바인딩, 공예 및 정리 요구 사항을 위한 다용도 옵션으로 노트, 플래너, 문서, 공예 등을 바인딩하는 데 이상적입니다. - 이 둥근 링은 부드럽게 열리고 닫히므로 필요에 따라 페이지를 쉽게 추가, 제거 또는 재정렬할 수 있습니다. - 학교, 사무실, 가정 또는 필요한 모든 곳에서 사용하기에 적합하며 메모, 유인물, 보고서, 레시피 및 기타 느슨한 문서를 깔끔하게 정리할 수 있습니다. - 이 세트에 100개의 링이 포함되어 있어 오래 사용할 수 있습니다. 집, 사무실 및 낱장 종이를 편집하고 배열해야 하는 모든 곳에 보관하세요. 링은 또한 열쇠나 작은 장신구를 보관할 수 있는 새로운 열쇠고리를 만듭니다.","['링', '금속', '니켈', '바인더', '종이', '도금', '리프', '실버', '정리']"
사무용품,"클립, 집게 및 링",링,,B0B8T3Z3HZ,"바인더 링, 1.9cm(3/4인치) - 100팩 금속 링, 튼튼한 스틸 북 링 - 종이 링, 키링, 바인더 링, 인덱스 카드용 금속 링, 가정, 학교 및 사무실에 적합",EXTRIC,10373,10373,4.7,890.0,"바인더 링 1.9cm(3/4인치) - 표준 사이즈 링 클립 내부 지름 1.9cm(0.75인치), 최대 9.1kg(20파운드)의 175장을 담을 수 있습니다. 용지 - 루스 리프 바인더 링 100개 포함. 내구성이 뛰어난 품질의 1.9cm(3/4인치) 바인더 링 - 내구성이 뛰어난 최고 등급의 녹 방지 니켈 도금 금속 바인더 링으로 제작되어 지속적으로 사용해도 갈라지거나 부서지거나 색이 바래지 않습니다. 쉽게 열 수 있는 바인더 링 - 전문가와 학생들이 사용하는 이 편리한 루스 리프 링은 사용하기 쉽습니다. 가장 부드럽게 열고 닫을 수 있는 작은 바인더 링으로 종이를 쉽게 추가하고 제거할 수 있습니다. 다기능 인덱스 카드 링 - 플래시 카드 링은 문서, 스크랩북, 레시피, 키링 홀더를 정리하는 데 적합하며 인덱스 카드용 플래시 카드 링과 링 클립으로 사용할 수 있습니다. 책 링 1.9cm(3/4인치) - 사무용품, 어린이 학교 프로젝트, 종이 채우기, 노트북 링 제작 및 모든 가정 정리 및 프로젝트에 사용하기 좋습니다!",,"['링', '바인더', '카드', '종이', '인덱스', '금속']"
사무용품,"클립, 집게 및 링",링,,B07NNRX1BK,"5.1cm(2인치) 블랙 루스 리프 바인더 링, 니켈 도금 스틸 메탈 북 링, 학교, 가정 또는 사무실용(18팩)",Cykemo,9168,9168,4.6,175.0,"【제품 구성】니켈 도금 스틸 링 【프리미엄 품질】튼튼한 강철로 제작되어 과도한 사용을 견딜 수 있습니다. 강한 니켈 도금은 갈라지지 않고 견고하며 잘 마모됩니다 【패키지 구성】바인더 링 5.1cm(2인치) 18개 【다양한 용도】루스 리프, 메모 파일링, 열쇠 고리, 스크랩북 등에 적합합니다 【완벽한 쇼핑 경험】 저희는 저희의 말을 지지합니다. 만약 저희 제품이 기대하는 대로 배송하지 못하면 반품하시면 전액 환불해 드립니다.","독특한 디자인: 바인더 링 자체는 스프링이나 기타 탄성 장치를 사용하지 않기 때문에 닫힌 후 더 단단히 고정하려면 개봉 후 정렬이 잘못 생기면 됩니다. 당기고 쥐어 짜서 닫기만 하면 됩니다. 다양한 용도: 바인더 링은 루스 리프, 메모 파일링, 키링, 스크랩북, 바인딩 레시피, 사진, 책, 샘플 북, 스크랩북, 계약 또는 파일에 적합합니다. 팁: 아이들은 삼키거나 꼬이는 것을 방지하기 위해 성인과 함께 사용해야 합니다. 저희는 당사의 말을 지킵니다. 만약 제품이 기대하는 대로 전달되지 못하면 간단히 반품하면 아무런 질문 없이 전액 환불해 드립니다. 저희의 프로모션 오퍼를 활용하세요 - 지금 바로 북링을 장바구니에 추가하세요!","['링', '북', '바인더', '도금', '스크랩', '리프', '니켈', '파일', '구성', '기대하다']"
사무용품,"클립, 집게 및 링",링,,B08Z472HMW,"루스 리프 바인더 링 2.5cm(1인치) (45팩) - 사무실, 학교 또는 가정용 튼튼한 책 링, 금속 링, 인덱스 카드 링, 키링, 플래시 카드 링, 노트북 종이 링",OFFPLEX,8296,8296,4.7,356.0,"표준 사이즈: 직경 2.5cm 루스 리프 링은 문서, 인덱스 카드, 플래시 카드, 스크랩북, 레시피, 메뉴, 사진 앨범, 열쇠 보관 등을 정리하기에 적합합니다 부드럽게 열고 닫힙니다: 편리한 종이 링의 독특한 디자인으로 쉽게 사용할 수 있습니다. 고생할 필요가 없습니다. 당겨서 열고 짜서 닫기만 하면 됩니다 보관 용량: 다층 금속 링은 9.1kg 종이를 최대 175장까지 담을 수 있습니다. 집, 사무실 또는 학교 생활을 정리하기에 이상적인 세트입니다 견고함 및 내구성: 프리미엄 품질의 니켈 도금 강철로 제작; 계속 사용해도 균열, 깨짐, 녹 또는 실버 색상이 바래지 않습니다 편리한 보관: 보관 상자에 포장되어 사용하지 않을 때 노트북 링을 정리하고 보호할 수 있습니다. 각 팩에는 총 45개가 포함되어 있습니다",,"['링', '보관', '카드', '정리', '종이', '학교', '사무실', '금속', '노트북', '플래시']"
사무용품,"클립, 집게 및 링",링,,B0BNHSQ319,"루스 리프 바인더 링, 2.5cm(1인치) 60피스 사무실 책 링 금속 소형 바인더 링, 플래시 카드 링, 다양한 색상 노트북 종이 링, 학교, 가정 또는 사무실용 인덱스 카드 링(6가지 색상)",Fantasyon,9681,9681,4.7,31.0,"금속 바인더 링: 패키지에는 60개의 혼합 메탈릭 컬러 북 링이 포함되어 있습니다. 내부 직경: 2.54cm, 6가지 색상: 레드, 화이트, 블루, 그린, 핑크, 블랙, 각 색상 10개 사용하기 쉬움: 인덱스 카드용 컬러 링 클립은 당겨서 열고 닫기 위해 쥐어 짜기 쉽습니다. 단단히 잠긴 디자인으로 물건을 정리하여 흩어지거나 떨어지지 않습니다. 다기능 루스 리프 링: 이 미니 메탈 링은 문서, 인덱스 카드, 플래시 카드, 스크랩북, 레시피, 메뉴, 사진 앨범, 열쇠 보관 등을 정리하기에 적합합니다",,"['링', '카드', '바인더', '인덱스', '정리', '금속', '플래시', '컬러', '메탈', '북']"
사무용품,"클립, 집게 및 링",링,,B06Y2Y2812,"Antner 2.5cm(1인치) (50팩) 루스 리프 바인더 링 니켈 도금 금속 북 링, 작은 바인더 링 키체인 키링, 인덱스 카드용 플래시 카드, 학교 사무실 가정용, 실버",Antner,8226,8226,4.5,801.0,"50팩 2.5cm(1인치) 용량으로 최대 125장의 실버 바인더 링을 담을 수 있습니다 루스 리프, 메모 파일링, 열쇠 고리 및 샘플 홀더와 같은 다양한 용도 단단히 닫혀 접힌 후에도 흩어지지 않으며 책을 정리할 수 있습니다 스틸 메탈 라운드 링은 두 개의 반쪽으로 나눌 수 있으며 링 중앙에 있는 금속 회전 리벳으로 함께 고정됩니다 수많은 루스 리프 소책자, 종이 카드, 이름표, 사용 설명서 또는 플라스틱 접시를 쉽게 연결할 수 있습니다",,"['링', '리프', '바인더', '카드', '금속', '실버']"
사무용품,"클립, 집게 및 링",링,,B093V8VS6V,"HAUTOCO 100피스 1.9cm(0.75인치) 바인더 링, 1.9cm(3/4인치) 니켈 도금 소형 책 링 루즈 리프 바인더 링 플래시 카드, 인덱스 카드, 노트북, 학교, 사무실, 가정용",HAUTOCO,9404,9404,4.6,724.0,"외부 지름 크기 19mm(0.75인치) 금속 바인더 링, 팩당 100개, 매일 사용하기에 충분합니다 실버 메탈 오피스 북 링, 니켈 도금, 견고하고 내구성이 뛰어나며 녹이 슬거나 깨지지 않습니다 책, 루스 리프, 스크랩북, 앨범 바인딩 레시피, 샘플 북, 키체인 키링, 플래시 카드 등에 적합합니다 사용하기 쉽습니다. 당겨서 열고 짜서 닫기만 하면 됩니다. 쉽고 빠르게 사용할 수 있습니다",,"['링', '북', '바인더', '카드', '책', '리프', '도금', '니켈', '플래시', '노트북']"
사무용품,"클립, 집게 및 링",집게,,B08NTVPS29,"Mr. Pen - 바인더 클립, 100개, 다양한 크기와 색상, 종이 클립, 바인더 클립 모음, 종이 바인더 클립, 컬러 바인더 클립, 종이 클립, 종이 클립, 종이 클립, 종이 클램프, 금속 바인더 클립, 클립",Mr. Pen,13642,13642,4.7,1258.0,"강화 강철로 만든 100개의 고품질의 다채로운 바인더 클립은 추가적인 강력한 고정력을 제공합니다 사이즈: 3.2cm x 10개, 2.5cm x 10개, 1.9cm x 20개, 1.5cm x 60개, 다양한 크기의 바인더 클립은 다양한 사용 요구 사항을 충족시킬 수 있습니다. 손잡이는 똑바로 세워 두거나 평평하게 접거나 제거할 수 있습니다 사무실, 작업장, 학교, 가정, 파일 분류에 이상적입니다. 스프링 타이트 클립은 많은 양의 느슨한 종이를 함께 안전하게 고정하는 데 도움이 됩니다",,"['클립', '종이', '바인더']"
사무용품,"클립, 집게 및 링",집게,,B09PQHNHCB,"FINDMAG Chip Clips 튼튼한 스테인리스 스틸 칩 백 클립, 푸드 백 클램프, 주방 사무실에서 커피 백, 칩 백, 종이 시트를 밀봉하는 데 적합 - 8개 팩",FINDMAG,12451,9958,4.7,3054.0,"【탁월한 제조 기술】당사의 스테인리스 스틸 칩 백 클립은 다양한 색상의 에나멜 페인트로 코팅되어 수년간 내구성을 보장합니다. 플라스틱 클립과 달리, 이 견고하고 내구성이 뛰어난 클립은 모서리가 둥글어 부상이나 베일 위험이 없습니다. 이 클립은 평생 지속될 것이라고 믿을 수 있습니다. 【표준 사이즈】이 크고 튼튼한 클립은 7.6cm(3인치) 너비이며 강력한 스프링이 있어 더 많은 힘을 가하고 더 가깝게 물려 단단히 밀봉합니다. 이 클립은 작거나 큰 가방과 함께 사용하기에 적합하며 내용물을 완전히 밀봉하고 더 오래 신선하게 유지합니다. 【타이트한 밀봉】당사의 칩 백 클립은 스프링을 포함한 실제 스테인리스 스틸로 만들어져 단단한 밀봉을 보장합니다. 주방에서 칩, 콘플레이크, 분유, 커피콩, 빵 및 냉동 야채 백과 같은 다양한 봉지를 밀봉하는 데 사용할 수 있습니다. 클립은 사무실, 차고, 창고 또는 내구성 있는 클립이 필요한 모든 곳에서도 사용할 수 있습니다. 【다목적 사용】이 클립은 다양한 유형의 가방을 밀봉하는 데 적합하며 다양한 용도에 이상적입니다. 주방에서 음식 봉투를 밀봉하거나 사무실에서 중요한 문서를 정리하는 데 사용할 수 있습니다. 다재다능하고 실용적이어서 모든 가정에 꼭 필요한 제품입니다. 【제품 구성】저희 세트에는 원형 각도의 다양한 색상의 튼튼한 클립 8개와 친절한 고객 서비스가 포함되어 있습니다. 구매에 대해 질문이나 우려 사항이 있으시면 항상 기꺼이 도와드리겠습니다. 지금 주문하시고 이 고품질 칩백 클립의 편리함과 내구성을 즐기세요!",,"['클립', '밀봉', '백', '구성', '스틸', '튼튼하다', '스테인리스', '주방', '사무실']"
사무용품,"클립, 집게 및 링",집게,,B00006IBAO,"Officemate 프롱 서류철, 용량 2.75 베이스 박스, 인치, 50개 완성 세트, 사무실 제품",Officemate,6398,6398,4.6,2099.0,"전체 2피스 패스너에는 프롱 베이스와 컴프레서가 포함되어 있습니다 자주 수정하거나 추가해야 하는 파일 폴더에 사용하기에 이상적입니다 베이스와 압축기 모두 밝게 마감된 부식 방지 강철로 제작되었습니다 중앙에서 중앙까지 7cm(2-3/4인치), 시트 용량 5.1cm(2인치) 잠금 압축기는 베이스 프롱 위로 미끄러져 종이를 단단히 압축하여 귀중한 파일 및 보관 공간을 절약합니다",완벽한 투피스 패스너에는 프롱 베이스와 컴프레서가 포함되어 있습니다. 잠금 컴프레서가 베이스 프롱 위로 미끄러져 종이를 단단히 압축하여 귀중한 파일링 및 보관 공간을 절약합니다. 자주 수정하거나 추가해야 하는 파일 폴더에 사용하기에 이상적입니다. 일반 2홀 펀치 용지에 맞습니다. 61cm(2피트) 부식 방지 강철로 만든 투피스 프롱 패스너.,"['프롱', '베이스', '파일', '패스', '컴프레서', '피스', '강철', '단단하다', '수정', '방지']"
사무용품,"클립, 집게 및 링",집게,,B081QMJ517,"ACCO 아이디얼 (A7072610) 페이퍼 클램프(나비 클램프), 매끄러운 마감, No.1 사이즈(라지), 12개/박스",ACCO Brands,16066,16536,4.6,601.0,사무용품.,업데이트.,"['집게', '페이퍼', '업데이트', '아이디얼', '사무', '박스', '매끄럽다', '마감', '나비']"
사무용품,"클립, 집게 및 링",집게,,B07DGWY474,"Coideal 12팩 대형 블랙 불 바인더 종이 클립, 금속 경첩 클립 파일 클램프, 공예, 음식 가방, 드로잉, 사진, 가정 주방 사무실 (6.4cm(2 1/2인치))",Coideal,17991,13836,4.7,2330.0,"약 너비 63mm(2.5인치), 초대형 사이즈 및 다용도 색상은 크리스마스 선물 프로젝트 또는 프레임 프로젝트 등에 적합합니다. 이 다기능 대형 클립은 상점, 가정 또는 사무실에서 공예품, 사진, 달력, 레시피, 그림, 음식 가방, 종이를 정리하거나 전시하기에 적합합니다 점보 바인더 클립은 견고하며 종이를 함께 고정할 수 있는 매우 강한 그립감을 가지고 있습니다 블랙 힌지 클립은 손잡이에 작은 구멍이 있어 벽, 문, 광고판 등에 클립을 쉽게 걸 수 있습니다 제품 구성 - 대형 블랙 메탈 종이 클립 12개",,"['클립', '종이', '대형', '블랙', '가방', '가정', '바인더', '프로젝트', '사무실', '사진']"
사무용품,"클립, 집게 및 링",집게,,B078Y2GMZ1,"Coideal Smiling 바인더 종이 클립 - 40피스 19mm 미니 컬러 금속 펀 클립 클램프, 귀여운 스마일 얼굴, 다양한 색상, 사무실용 (1.9cm(0.75인치), 스몰)",Coideal,11066,11066,4.8,1794.0,"신축성이 뛰어난 내구성 있는 스틸 클립으로 문서를 정리하세요. 이 웃는 바인더 클립의 다양한 색상을 사용하여 종이를 쉽게 분류할 수 있습니다. 가정, 학교 또는 직장에 완벽한 이 작은 클립은 사진, 종이 또는 가방을 함께 보관할 수 있는 좋은 방법입니다. 이 파일 바인더 클립을 쉽게 열고 닫을 수 있으며 문서에 단단히 고정됩니다. 귀여운 상자에 포장된 40개의 금속 종이 클립을 받게 됩니다.",,"['클립', '종이', '바인더', '귀엽다', '금속', '문서', '클립', '종이', '바인더', '귀엽다', '금속', '문서']"
사무용품,"클립, 집게 및 링",집게,,B079SMDTFB,"Officemate 프리미엄 프롱 패스너, 전체 세트, 2.5 cm, 사무실 종이 클램프 50개 박스 (99710), 실버",Officemate,14404,14404,4.6,76.0,종이와 문서를 쉽고 안전하게 고정합니다 2.5cm(1인치) 용량 중앙에서 중앙까지 가는 프롱 패스너 베이스와 함께 사용할 수 있습니다 전체 세트 일반 2홀 펀치 용지에 맞습니다,종이와 문서를 쉽고 안전하게 고정합니다. 프리미엄 프롱 패스너는 최고 품질이며 무거운 게이지 부식 방지 강철을 사용합니다. 일반 2홀 펀치 용지에 맞습니다. 압축기는 종이를 고정할 수 있도록 베이스 위에 단단히 맞습니다. 0.6m (1피트) 용량의 프롱 패스너 중심에서 중심까지 표준 6.4m (2 ¾박스 50개.,"['프롱', '패스', '종이', '고정', '홀', '일반', '박스', '문서', '안전하다', '프리미엄']"
사무용품,"클립, 집게 및 링",집게,,B079SNXLJS,"Officemate 프리미엄 프롱 패스너, 베이스만 포함, 2.5 cm, 오피스 페이퍼 클램프 100개 박스 (99713)",Officemate,14667,14667,4.6,180.0,종이와 문서를 쉽고 안전하게 고정합니다 2.5cm(1인치) 용량 중앙에서 중앙까지 가는 프롱 패스너 베이스와 함께 사용할 수 있습니다 베이스만 포함 일반 2홀 펀치 용지에 맞습니다,프리미엄 프롱 패스너는 최고 품질이며 무거운 게이지 부식 방지 강철을 사용합니다. 2.5cm(1인치) 용량의 프롱 패스너 베이스. 종이와 문서를 쉽고 안전하게 고정합니다. 중심에서 중심까지 표준 6.3cm(2 ¾인치). 일반 2홀 펀치 용지에 맞습니다. 박스 100개.,"['프롱', '패스', '베이스', '홀', '종이', '고정', '문서', '박스', '안전하다', '용지']"
사무용품,"클립, 집게 및 링",집게,,B0882VF81P,"Mr. Pen - 바인더 클립, 3.2cm(1.25인치), 25팩, 미디엄, 컬러 바인더 클립, 미디엄 사이즈, 컬러 바인더 클립, 클립, 종이 클립, 바인더 클립, 서류 클립, 사무실 클립",Mr. Pen,9681,9681,4.8,1829.0,"패키지에는 6가지 생생한 색상의 3.2cm / 32mm 컬러 바인더 클립 25개가 포함되어 있습니다: 레드, 라이트 블루, 다크 블루, 그린, 옐로우, 퍼플 최대 1.3cm(1/2인치)의 종이를 담을 수 있는 중간 사이즈 바인더 클립 튼튼한 소재로 만든 바인더 클립: 내구성이 뛰어나고 녹 방지 강화 스틸은 매우 강한 고정력을 제공합니다 스프링 타이트 클립은 많은 양의 느슨한 종이를 안전하게 고정시키는 데 도움이 됩니다 다양한 용도: 사무실, 집, 학교 및 공예를 위한 이 큰 종이 바인더 클립을 구입하십시오. 문서 그룹에 즉각적인 바인딩을 제공하고, 오픈 냉동 채소 및 칩 봉지를 닫는 데 이상적입니다",,"['클립', '바인더', '종이', '컬러', '미디엄', '블루', '사무실']"
사무용품,"클립, 집게 및 링",집게,,B0BXXSS1F7,"6개-7.6cm(3인치) 너비 스테인리스 스틸 종이 클램프 튼튼한 식품 가방 클램프, 씰 클립, 칩 클립 금속 힌지 클립 파일 클램프 주방 및 사무실용 (골드)",Golden Pearl,9681,9681,4.7,95.0,"크기: 3 x 2.4 인치 고품질 소재: 클립은 430 스테인리스로 제작되었습니다 강력하고 타이트한 밀봉: 봉지를 닫고 밀폐하여 음식을 신선하게 유지하고 음식을 더 잘 보관할 수 있습니다 다양한 사용: 7.6cm(3인치) 너비의 클립은 가정 주방 사무실에서 사용하기에 적합합니다. 모든 종류의 식품 비닐 봉투, 신선 및 냉동 식품을 사용하기 좋습니다. 사진, 종이, 옷, 양말 또는 고쳐야 하는 모든 것에 사용할 수 있습니다. 날카로운 구멍으로 인해 아이들이 이 씰 클립을 가지고 놀지 못하게 하십시오.","다양한 사용: 7.6cm(3인치) 너비의 클립은 가정 주방 사무실에서 사용하기에 적합합니다. 모든 종류의 식품 비닐 봉투, 신선 및 냉동 식품을 사용하기 좋습니다. 사진, 종이, 옷, 양말 또는 고쳐야 하는 모든 것에 사용할 수 있습니다.","['클립', '식품', '집게', '주방', '종이', '옷', '신선', '스테인리스', '사진', '씰']"
사무용품,"클립, 집게 및 링",집게,,B08SGYR4G4,"엑스트라 라지 불 클립 스테인리스 스틸 - Coideal 2피스 30cm XXL 점보 블랙 메탈 바인더 종이 클립 클램프 사무실 학교, 드로잉용(29.2cm(11 4/5인치))",Coideal,23531,23531,4.5,1286.0,"벽, 문, 게시판 등에 편리하게 걸 수 있도록 손잡이에 작은 구멍이 있는 오버사이즈 바인더 클립을 사용하여 문서와 작품을 쉽게 걸 수 있습니다. 고품질 410 스테인리스 스틸로 제작된 점보 클립은 방진, 녹 방지 및 믿을 수 없을 정도로 내구성이 뛰어나 깨지지 않으며 앞으로 몇 년 동안 사용할 수 있습니다. 30cm(11.8인치) 길이의 xxl 불 클립은 드로잉 보드 및 기타 큰 표면에 사용하기에 완벽한 크기입니다. 당사의 클립은 두꺼운 스프레이 페인트 코팅이 되어 있어 녹을 효과적으로 방지하고 가장자리가 손바닥에 잘리지 않도록 하여 장기간 편안하게 사용할 수 있습니다. 각 패키지에는 2개의 초대형 스테인리스 스틸 불독 클립이 포함되어 있어 즉시 시작하는 데 필요한 모든 것을 갖추고 있습니다.",,"['클립', '스틸', '스테인리스', '녹', '드로잉', '불', '바인더', '방지', '점보']"
사무용품,"클립, 집게 및 링",집게,,B0CJR32GHC,"종이 클립 및 바인더 클립 및 종이 클립 340개, 다양한 크기의 종이 클립 300개 및 금속 종이 클램프 클립 40개 포함, 사무실 책상 가정 용품용, 라지/미디엄/소형 사이즈",Zxglxinyao,6911,6911,3.0,2.0,"탁월한 소재: 종이 클립 바인더 클립은 다양한 크기의 고품질 금속 소재로 만들어졌으며 표면이 매끄럽고 구부러지거나 변형되지 않으며 쉽게 부러지거나 색이 바래지 않으며 긁힘 방지, 안정적이고 신뢰할 수 있으며 내구성이 뛰어나 오랫동안 사용할 수 있습니다. 종이 클립 세트: 다양한 크기의 종이 클립의 매끄러운 표면 디자인은 종이에 흠집을 남기지 않습니다. 노트 종이 클립은 쉽게 부착하고 분리할 수 있으며 쉽게 떨어지지 않고 종이를 단단히 고정할 수 있어 다양하고 개인화된 요구 사항을 충족합니다. 사무실 및 가정용 종이 클램프: 스프링 타이트 클립은 느슨한 종이나 문서의 큰 스택을 안전하고 안전하게 고정하여 종이를 찢지 않고 미끄러지거나 당겨지는 것을 방지하여 시스템을 정리할 수 있습니다. 보관 상자 디자인: 다양한 종이 클립과 바인더 클립은 구획이 있는 투명 플라스틱 용기에 분류되어 보관되어 필요한 크기를 빠르게 찾을 수 있습니다. 다양한 크기의 종이 클램프를 사용하여 다양한 두께의 문서와 용지를 관리할 수 있습니다. 다양한 용도: 바인더 클립과 종이 클립을 사용하여 다양한 문서와 종이를 분류할 수 있습니다. 문서, 전단지, 송장, 티켓, 사진, 명함, 봉투, 메모 등을 정리하는 데 적합합니다. 사무직 근로자, 책상 근로자, 교사 및 기타 사람들에게 이상적이며 사무실 또는 가정용으로 적합합니다.","종이 클립과 바인더 클립 세트의 장점은 무엇입니까? ♥ 사무실 종이 클립과 바인더 클립은 고품질 금속 소재로 만들어져 튼튼하고 쉽게 구부러지지 않으며 내구성이 뛰어납니다. ♥ 풍부한 사이즈로 다양한 크기의 종이 클립과 바인더 클립을 사용하여 다양한 두께의 파일과 용지를 관리할 수 있습니다. ♥ 당사의 다양한 바인더와 종이 클램프는 칸이 있는 투명 플라스틱 용기에 분류되어 보관되므로 필요한 크기를 빠르게 찾을 수 있습니다. ♥ 사무실, 가정, 기숙사 및 기타 장소에서 사용하기에 적합하며 사무직 근로자, 책상 근로자, 교사 및 기타 사람들에게 적합합니다. ♥ 문서/폴더 분류, 파일, 종이, 송장, 메모, 사진 등에 적합합니다. 사양: 재료: 금속 색상: 실버 및 블랙 수량: 340개 패키지 구성: 바인더 클립: 8개 - 25mm/1인치. 12개 - 19mm/0.47인치. 20개 - 15mm/0.6인치. 종이 클립: 50개 - 50mm/2인치. 100개 - 33mm/1.3인치. 150개 - 28mm/1.1인치. 판매 후 : 종이 클립 바인더 클립에 대해 궁금한 점이 있으시면 제때 저희에게 연락하시면 최대한 빨리 질문을 해결해 드리겠습니다. 유용한 팁: 치수는 수동으로 측정되므로 약간의 오차가 있을 수 있습니다. 모니터 색상 설정으로 인해 온라인 이미지와 색상이 약간 다를 수 있습니다. 실제 제품을 참조하십시오. 양해 부탁드립니다.","['클립', '종이', '바인더', '사무실', '문서', '가정', '집게', '분류', '근로자', '금속']"
사무용품,"클립, 집게 및 링",집게,,B095CWRNTQ,"HAHIYO 바인더 클립 종이 클램프 스프링 스틸 튼튼한 미디엄 너비 3.2cm(1.25인치) 너비 0.9cm(0.39인치) 용량, 날카로운 가장자리 없음, 튼튼하고 타이트한 그립, 재사용 가능한 화이트 메탈 브라이트 마감, 홈 오피스 학교용, 13팩",HAHIYO,13005,13005,4.7,199.0,"강한 소재: 금속 솔리드로 제작되어 내구성이 뛰어날 뿐만 아니라 사용하기 쉬우며, 반복해서 사용 후에도 탁월한 타이트하고 안전한 그립감. 뛰어난 그립력: 스프링 타이트 바인더는 자국을 남기지 않고 종이 더미를 안전하게 고정합니다. 금속은 충분히 두껍기 때문에 모양이 너무 쉽게 구부러지지 않습니다. 다기능: 직장에서만 사용할 수 있을 뿐만 아니라 가정, 사무실 및 학교에서 일상에도 적합합니다. 음식을 신선하게 유지하기 위해 가방을 닫고 영수증, 레시피, 쇼핑에 필요한 쿠폰을 함께 자르고, 물건을 후크에 걸고, 충전 코드를 제자리에 유지하고, 치약 롤업 튜브의 끝을 단단히 유지합니다. 서류 작업(문서)이 완료되는 곳 어디에서나 도구를 정리할 수 있습니다. 다양한 예술 및 공예 프로젝트에 필요합니다. 80장의 종이를 편안하게 고정할 수 있습니다. 사이즈: 너비: 32mm(1.26인치), 용량: 10mm(0.39인치), 두께: 0.3mm.",녹 방지 강철 구조로 제작되어 오래 지속되고 재사용 가능합니다. 좋은 그립력과 훌륭한 품질! 상상할 수 있는 한 인생에서 많은 용도로 사용할 수 있습니다!,"['종이', '유지', '스프링', '고정', '금속', '클립', '바인더', '안전하다', '재사용', '제작']"
사무용품,"클립, 집게 및 링",집게,,B079SMDXMW,"Officemate 프리미엄 프롱 패스너, 컴프레서 전용, 사무실 종이 클램프 100개 박스 (99715)",Officemate,15567,15567,4.4,271.0,종이와 문서를 쉽고 안전하게 고정합니다 모든 7cm(2-3/4인치) 중앙에서 중앙 갈래 패스너 베이스와 함께 사용할 수 있습니다 컴프레서 전용 압축기는 종이를 고정하기 위해 베이스 위에 단단히 맞습니다,종이와 문서를 쉽고 안전하게 고정합니다. 부식 방지 강철로 제작되었습니다. 압축기는 종이를 고정하기 위해 베이스 위에 단단히 맞습니다. 표준 7.4m(2-3/4피트) 중앙에서 중앙 베이스로 모든 프롱을 위한 컴프레서. 254cm(100인치) 박스.,"['종이', '고정', '중앙', '베이스', '컴프레서', '안전하다', '패스', '단단하다', '압축기', '프롱']"
사무용품,"클립, 집게 및 링",집게,,B0CPF2LZLL,"바인더 클립, 미디엄 바인더 클립 48개, 2.5cm(1인치) 바인더 종이 클립, 바인더 클립 미디엄 및 종이 클립, 종이 클램프, 클립 사무실, 가정, 학교용 사무용품 (멀티컬러)",OOTDAY,7742,7742,4.5,9.0,"【높은 비용 효율성】 상자에는 블루, 그린, 옐로우, 핑크, 각각 12개, 총 48개의 2.5cm(1인치) 고품질 바인더 클립이 포함되어 있습니다. 일상적인 필요에 맞게 보관하고 사용하기 편리합니다. 【다양한 용도】 당사의 중형 종이 클램프는 사무실, 가정, 학교 및 공예에 적합합니다. 종이 클립을 사용하여 문서, 옷 그룹, 냉동 채소, 칩 봉지 및 야외 응용 프로그램을 즉시 바인딩할 수 있습니다. 【내구성 및 재사용 가능한 클립】 당사의 종이 클립은 강한 강화 강철로 만들어졌으며 내구성이 뛰어나고 녹 방지 기능이 있어 매우 강한 그립감을 제공합니다. 종이 클램프의 전체 몸체는 파우더 코팅 마감과 니켈 도금 손잡이로 매끄럽고 부식 방지 기능이 있어 장기간 재사용할 수 있습니다. 【섬세한 구조 디자인】이 표준 미디엄 클립은 원래 미디엄 클립에 비해 너비 2.5cm(1인치), 용량 1.3cm(0.5인치)입니다. 손잡이와 용량은 더 큽니다. 바인더 종이 클립은 100장의 종이를 담을 수 있습니다. 게다가, 전체 구조의 타이트함이 완벽하며, 사무실 클립의 손잡이는 쉽게 열 수 있으며 바인더 클립의 흔적을 남기지 않습니다. 【필요한 이유】 이 컬러 바인더 클립은 일상적인 가정과 사무실을 더 정리하고 색상을 더합니다. 최고의 가성비를 가져와보세요!",,"['클립', '종이', '바인더', '사무실', '미디엄', '가정', '손잡이', '집게']"
사무용품,"클립, 집게 및 링",집게,,B07MQD52NG,"금속 경첩 클립 100개, 사진, 태그 가방, 상점, 사무실, 종이 및 가격표용 구멍이 있는 브론즈 소형 불독 클립 (22mm/0.87인치)",SUMAJU,11744,11744,4.7,607.0,"1 소재: 스테인리스 스틸, 좋은 신축성과 내구성 2 각 불독 클립 사이즈: 약 너비 2.2cm(7/8인치) 3 패키지: 100 피스 클립이 이 패키지에 들어 있습니다 4개의 불독 클립 디자인: 클립 끝에 작은 구멍이 있어 코르크 보드 벽, 문, 광고판에 클립을 쉽고 편리하게 걸 수 있습니다 5 완벽한 용도: 공예나 치수 추가, 작은 클립은 가격표, 사진, 지도, 도면, 상점, 가정 또는 사무실에서 서류를 정리하거나 전시하는 데 가장 적합합니다",,"['클립', '불독', '가격표', '구멍', '상점', '작다', '사무실', '사진', '패키지']"
사무용품,"클립, 집게 및 링",집게,,B0969L6QGS,"30팩 블랙 메탈 불독 바인더 클립, 푸드 백, 종이 사진, 공예 걸이 아트, 홈 오피스 용품 (3.8cm)",Fannuoncc,13822,13822,4.4,48.0,"패키지: 30개. 색상: 블랙 사이즈: 3.8cm 금속 불독 바인더 클립, 가정, 사무실 또는 학교에서 사진, 지도, 표지판, 종이, 레시피를 정리하고 관리하거나 전시하는 데 가장 적합합니다","30팩 블랙 메탈 불독 바인더 클립, 음식 가방, 종이 사진, 공예 걸이 아트, 홈 오피스 용품(3.88cm)","['사진', '클립', '바인더', '종이', '불독', '블랙', '오피스', '걸이', '공예', '메탈']"
사무용품,"클립, 집게 및 링",집게,,B0CQBZ1XPX,6피스 엑스트라 라지 불 클립 스테인리스 스틸 클립 튼튼한 종이 클램프 30cm XXL 길이 점보 종이 클램프 대형 바인더 클립 점보 사무실 학교용 (29.2cm(11 4/5인치)),Tandefio,28378,28378,5.0,2.0,"초대형 금속 클립: 필요에 더 잘 맞도록 각 종이 클램프는 약 30cm(11.8인치)까지 확대되어 클립 보드, 드로잉 보드, 포스터 또는 지도, 스낵 백 밀봉, 책 고정 등에 이상적이며 일상 생활에서 매우 유용합니다 6가지 색상: 고품질 스프레이 페인트 코팅 초대형 종이 클립은 블루, 블랙, 라이트 그린, 핑크, 형광 그린, 반투명 블루의 6가지 색상으로 제공되어 즐거운 경험을 제공합니다 걸기 쉬움: 스테인리스 스틸 클램프의 손잡이는 벽, 문, 게시판 및 기타 장소에 물건을 걸 수 있는 작은 구멍이 있어 파일, 문서를 쉽게 찾고 사용할 수 있습니다 견고함 및 내구성: 튼튼한 금속 클립은 고품질 410 스테인리스 스틸로 만들어졌으며 녹 방지 및 방진 기능이 있으며 물린 힘이 좋으며 쉽게 변형되거나 깨지지 않아 오랫동안 사용할 수 있습니다 다양한 용도: 걸 수 있는 대형 금속 클립은 정교한 장인 정신을 가지고 있으며, 가장자리는 뾰족한 거친 부분이 없이 매끄 럽습니다. 사무실, 학교, 가정에 널리 적합하며 텐트 고정, 캐노피 조임, 포스터 클램프, 드로잉 종이, 캔버스 등에도 사용할 수 있습니다","특징: 튼튼한 가방 클립은 고품질 소재로 만들어져 내구성이 뛰어나고 견고하며 신뢰할 수 있으며 가장자리가 매끄럽고 사용 중에 손가락이 다치지 않으므로 안심하고 사용할 수 있습니다. 대형 종이 클램프 점보는 6가지 밝은 색상이 있으므로 필요에 따라 다른 색상을 선택할 수 있습니다. 각 클립의 손잡이에 작은 구멍이 있어 걸기 편리합니다. 사양: 소재: 410 스테인리스 스틸 색상: 블루, 블랙, 라이트 그린, 핑크, 형광 그린, 프로스트 블루 사이즈: 약 11.8인치/30cm 패키지 구성: 튼튼한 금속 클립 6개. 참고: 수동 측정, 사이즈에 약간의 오차가 있을 수 있습니다. 화면 디스플레이의 차이로 인해 색상이 약간 다를 수 있습니다.","['클립', '집게', '종이', '튼튼하다', '스틸', '스테인리스', '금속', '그린', '블루', '대형']"
사무용품,"클립, 집게 및 링",집게,,B01F840KXO,"넓은 금속 칩 클립 7.6cm(3인치) 10개, 스낵 식품 가방 밀봉 클립, 스테인리스 스틸 종이 클램프, 튼튼한 주방 식품 패키지 및 사무실용",IPOW,17991,17991,4.7,5889.0,"강력함 - 강력하고 민첩한 스프링으로 오픈 스낵 백을 단단히 고정할 수 있습니다. 음식을 공기로부터 보호하고 더 오래 신선하게 유지할 수 있도록 도와줍니다. 칩 백, 시리얼 백, 크래커 백 등을 밀봉하는 데 적합합니다. 다기능 - 강력한 스프링이 있는 7.6cm(3인치) 너비의 클램프는 음식을 신선하게 유지하는 데 사용할 뿐만 아니라 공예 용품을 잡거나 종이 파일을 정리하는 데에도 사용할 수 있습니다. 이 다용도 클립은 가정과 사무실에서 사용하기에 매우 편리합니다. 내구성 - 프리미엄 스테인리스 스틸로 제작되었습니다. 내구성이 뛰어난 스프링이 특징입니다. 녹 방지 코팅으로 멋지고 반짝입니다. 친근한 플라스틱 클립을 버리고 IPOW 스틸 클립을 사용해보세요! 좋은 가치 - 내구성이 뛰어난 스틸 클램프 10개 세트. 절대 깨지거나 스프링 장력을 잃지 않습니다! 온 가족을 위한 한 번의 투자. 확실히 가정 및 주방 유틸리티 제품입니다. 신뢰할 수 있는 제품 - 고객의 요청에 귀를 기울였습니다. 프레스 손잡이의 가장자리를 포함한 모든 모서리는 광택 처리되고 무뎌져 걱정 없이 IPOW 클립을 사용할 수 있습니다. IPOW 친밀한 고객 서비스를 제공합니다. 궁금한 사항이 있으시면 언제든지 문의하십시오.",,"['클립', '백', '스틸', '스프링', '강력하다', '집게', '구성', '주방', '밀봉', '스테인리스']"
사무용품,"클립, 집게 및 링",집게,,B0BQBVP7C4,"컬러 점보 종이 클립, 300피스 50mm(2인치) 종이 클립 종이 클립 종이 클립 다채로운 클립 가정, 학교 및 사무실 사용에 이상적 컬러 (멀티컬러)",ZYFOFFICE,13822,10276,4.7,56.0,"사이즈: 50 x 11mm / 2.0x0.43인치 (길이 x 너비) 이 대형 종이 클립은 5.1cm(2인치) 크기로 더 두껍고 두꺼운 종이를 담을 수 있으며 큰 파일이나 카드를 정리하는 데에도 적합합니다. 코팅된 종이 클립은 5가지 다른 컬러가 함께 제공되어 삶이나 작업을 더 즐겁고 다채롭게 만듭니다. 모든 컬러 종이 클립은 플라스틱 상자에 포장되어 먼지로부터 깨끗하게 유지하고 쉽게 꺼낼 수 있으며 책상과 서랍을 깔끔하게 유지할 수 있습니다. 추가 종이 클립 보관 장치를 구입할 필요가 없습니다. 다용도: 사무실, 학교 및 일상 파일 문서를 클립하는 데 사용할 수 있을 뿐만 아니라 DIY, 책갈피, 사진 앨범 클립, 명함 홀더 및 봉투 클립으로도 사용할 수 있습니다. 24시간 서비스: 고품질 종이 클립이 여러분의 기대를 뛰어넘을 것이라고 믿습니다. 종이 클립 색상에 문제가 있는 경우 저희에게 연락하시면 24시간 이내에 문제를 해결해 드리겠습니다.",,"['클립', '종이', '컬러']"
사무용품,"클립, 집게 및 링",집게,,B0BVZV8XPC,"대형 바인더 클립 5.1cm(2인치) (12팩), 사무실 및 학교용 종이 클램프 (실버)",YCVIORING,20761,20761,4.7,89.0,"점보 바인더 클립 12개, 용량 2.3cm(0.9인치), 너비 5.1cm(2인치).",XL 바인더 페이퍼 클립 페이퍼 클램프 12개 더 많은 종이나 문서를 고정해야 할 때 원하는 종이 클립이 될 것입니다.,"['클립', '종이', '바인더', '페이퍼', '집게', '학교', '점보', '실버', '사무실', '문서']"
사무용품,"클립, 집게 및 링",집게,,B0CTLVS824,"200팩 녹색 종이 클립 작은 종이 클립, 28mm / 1.1인치 금속 종이 클립 비닐 코팅 종이 클립, 사무실 학교 및 가정용 장식용 금속 종이 클램프 종이 클립",Seimneire,6911,6911,,,"패키지 및 사이즈: 각 패키지에는 200개의 금속 종이 클립이 포함되어 있습니다. 종이 클립 사이즈: 1.10 인치 x 0.35 인치 / 28mm x 9mm (길이 x 너비), 일상 생활과 사무실에서 사용하기에 충분합니다. 제품 소재: 작은 종이 클립은 내구성이 뛰어나고 쉽게 변형되지 않는 고품질 금속 소재로 지지됩니다. 표면의 컬러 코팅으로 종이 클립의 부식 방지 기능이 뛰어납니다. 디자인 특징: 일반 종이 클립과는 달리, 저희 종이 클립은 다양한 색상을 선택할 수 있으며, 더 아름답고 패셔너블하며 문서와 종이를 잘 장식할 수 있습니다. 다용도: 귀여운 종이 클립은 가정, 학교 및 사무실에서 사용할 수 있습니다. 종이 클립을 사용하여 종이와 문서를 고칠 수 있으며 더 정돈되어 생활과 작업 공간을 더 잘 정리할 수 있습니다. 간편한 보관: 종이 클립을 포장하고 보관할 수 있는 작은 상자나 가방만 있으면 되므로 너무 많은 공간을 차지하지 않으며 즉시 휴대하고 사용하기 편리합니다.","사양: 색상: 레드, 퍼플, 그린, 블루, 4가지 색상 중에서 선택할 수 있습니다. 소재: 철, PVC 사이즈: 1.10 인치 x 0.35 인치 / 28mm x 9mm (길이 x 너비). 패키지 구성: 종이 클립 200개. 특징: 1. 고품질 금속 소재로 제작된 이 종이 클립은 내구성이 뛰어나고 변형에 강합니다. 표면의 다채로운 코팅은 탁월한 부식 방지 기능을 제공합니다. 2. 다양한 색상 중에서 선택할 수 있어 문서와 종이에 아름다움과 패션을 더합니다. 장식 요소로도 사용할 수 있습니다. 3. 이 사랑스러운 종이 클립은 가정, 학교 및 사무실에서 사용할 수 있습니다. 종이와 문서를 안전하게 고정하여 보다 체계적으로 만들고 깔끔한 작업 공간을 유지하는 데 도움이 됩니다. 많은 공간을 차지하지 않고 작은 상자나 가방에 쉽게 포장하고 보관할 수 있어 편리하게 휴대하고 필요할 때마다 즉시 사용할 수 있습니다. 주의 사항: 1. 색상은 디스플레이에 따라 다를 수 있습니다. 양해 부탁드립니다. 2. 수동 측정으로 인해 1-2mm 오차가 있을 수 있으며, 입찰 전에 신경 쓰지 마십시오.","['종이', '클립', '금속', '공간', '문서', '작다', '사무실']"
사무용품,"클립, 집게 및 링",집게,,B08F3K4MYD,"6.4cm(2.5인치) 불독 종이 클립, 금속 바인더 클립 종이 클램프 20개, 홈 오피스 음식 가방 파일 고정용",Greeney,20761,16606,5.0,3.0,"사이즈: 6.4cm(2.5인치). 불독 클립 20개. 널리 사용됩니다. 당사의 종이 클램프는 사무실, 가정 및 학교 일상 사용에 적합합니다. 대형 바인더 클립은 식품 클램프 및 옷 고정에도 사용할 수 있습니다. 사용과 제거가 쉽습니다. 중간 바인더 클립을 사용하여 많은 종이를 빠르게 고정할 수 있습니다. 그 중 하나를 제거하고 싶을 때 꺼낼 수 있어 스테이플러보다 훨씬 편리합니다. 느슨한 종이를 수집하세요. 금속 클립은 느슨한 종이를 안전하게 고정하는 데 도움이 됩니다. 중요한 파일의 손실을 방지하고 책상을 깔끔하게 유지합니다. 여러 번 사용하세요. 당사의 바인드 클립은 내구성이 뛰어나고 녹 방지 기능이 있는 고품질 금속으로 제작되었습니다. 블랙 불독 클립은 재사용이 가능합니다.","특징 ➤내구성. 당사의 바인드 클립은 내구성이 뛰어나고 녹 방지 기능이 있는 고품질 금속으로 제작되었습니다. ➤다양한 사용. 당사의 금속 불독 클립은 사무실, 가정 및 학교에서 매일 사용하기에 적합합니다. 사양 사이즈: 6.4cm 색상: 실버 수량: 20개 재료: 금속 용도: 사무실, 가정 및 학교, 음식 클램프 및 옷 고정에 적합합니다. 신뢰할 수 있는 서비스 질문이 있으시면 언제든지 저희에게 알려주십시오. 최선을 다해 도와드리겠습니다. 고객 만족이 저희의 동기입니다.","['클립', '금속', '종이', '불독', '집게', '고정', '사무실', '방지', '가정', '학교']"
사무용품,"클립, 집게 및 링",집게,,B0CZ3FM9TQ,"소형 멀티컬러 바인더 클립 120개, 사무실 직장 학교 및 가정 용품용 종이 클램프 (120)",,6911,6911,5.0,1.0,"소재: 바인더 클립은 고강도 금속으로 만들어졌으며 녹 방지, 내구성이 뛰어나고 강력합니다 사이즈: 소형, 120개는 모두 15mm/0.6인치입니다 색상: 랜덤 멀티컬러 용도: 사무실 및 학교 용품 유용한 팁: 이 바인더 클립은 물체를 단단히 고정할 수 있습니다. 아기의 손이 닿지 않는 곳에 보관하고 아이들이 실수로 클립에 묶이는 것을 방지합니다","소형 멀티 컬러 바인더 클립 120개, 사무실 직장 학교 및 가정 용품용 종이 클램프","['클립', '바인더', '학교', '소형', '멀티', '컬러', '사무실', '방지', '가정', '종이']"
사무용품,"클립, 집게 및 링",집게,,B09YTZGYMB,Bull Clip BLLNDX 2피스 145mm/5.7인치 대형 실버 메탈 불독 클립 파일 머니 바인더 클램프 바인더 종이 클램프 홈 오피스 학교 용품 불독 클립,BLLNDX,11066,11066,5.0,3.0,"스테인리스 스틸 색상의 산악 티켓 홀더. 뛰어난 탄력성과 강한 클램핑력을 가진 대형 금속 클립. 집, 사무실 또는 학교에서 사진, 지도, 표지판, 종이, 레시피, 식탁보, 문서, 학교 가방을 정리하거나 전시하는 데 이상적입니다. 바인더는 손잡이에 작은 구멍이 있어 벽, 문, 게시판 등에 바인더를 쉽게 걸 수 있습니다. 메탈릭 실버 야마가타 티켓 클립. 대형 금속 클램프의 길이는 14.5cm(5.7인치)입니다.","스테인리스 스틸 색상의 산악 티켓 홀더. 뛰어난 탄력성과 강한 클램핑력을 갖춘 대형 금속 클립. 가정, 사무실 또는 학교에서 사진, 지도, 표지판, 종이, 식탁보를 정리하거나 전시하는 데 이상적입니다. 집, 사무실 또는 학교에서 사진, 지도, 표지판, 종이, 레시피, 식탁보, 문서, 학교 가방을 정리하거나 전시하는 데 이상적입니다. 바인더는 손잡이에 작은 구멍이 있어 벽, 문, 게시판 등에 바인더를 쉽게 걸 수 있습니다. 스테인리스, 문서, 학교 가방 바인더는 손잡이에 작은 구멍이 있어 벽, 문, 게시판 등에 바인더 클립을 쉽게 걸 수 있습니다. 스테인리스 스틸, 내구성이 뛰어나고 깨지지 않는 대형 금속 클램프는 14.5cm(5.7인치) 길이입니다. 바인더는 손잡이에 작은 구멍이 있어 벽, 문, 게시판 등에 바인더를 쉽게 걸 수 있습니다. 메탈릭 실버 야마가타 티켓 클립. 대형 금속 클램프의 길이는 14.5cm(5.7인치)입니다.","['바인더', '학교', '클립', '대형', '집게', '금속', '문', '작다', '벽', '종이']"
사무용품,"클립, 집게 및 링",집게,,B0CPSDVY1V,"VNDUEEY 12팩 스테인리스 스틸 칩 백 클립, 식품 가방용 칩 클립, 주방 및 사무실에서 커피 백을 밀봉할 수 있는 튼튼한 금속 클립, 종이 시트, 밀폐 씰-7.6cm(3인치), 블랙",VNDUEEY,8850,8850,4.7,46.0,【정밀한 디자인】당사의 스테인리스 스틸 칩 백 클립은 내구성 있는 코팅으로 코팅되었으며 안전과 수명을 위해 둥근 모서리가 있습니다. 【훌륭한 사이즈】7.6cm(3인치) 너비의 이 칩 클립은 강력한 스프링을 자랑하며 작거나 큰 가방에 단단히 밀봉되어 내용물을 신선하게 유지합니다. 【안전한 밀봉】스프링을 포함한 스테인리스 스틸로 제작된 이 칩 백 클립은 간식부터 냉동 야채에 이르기까지 다양한 가방을 단단히 밀봉합니다. 【다용도】주방에서 봉지를 밀봉하는 데 편리할 뿐만 아니라 사무실에서 문서와 파일을 정리할 수 있는 효율적인 종이 클램프의 두 배가 되는 바인더 클립입니다. 【제품 구성】12팩 칩 클립과 친절한 고객 서비스로 필요한 모든 지원을 받으실 수 있습니다.,,"['클립', '밀봉', '백', '가방', '스테인리스', '스틸', '종이', '구성', '단단하다', '사무실']"
사무용품,"클립, 집게 및 링",집게,,B08FSGX7F9,E-outstanding 금속 파일 패스너 50개 2홀 프롱 종이 패스너 금속 바인더 클립 루스 리프 바인딩 클램프 8cm,E-outstanding,13836,13836,4.6,11.0,"니켈 도금 금속 소재, 섬세한 장인 정신, 매끄러운 표면, 가볍고 얇음, 녹 방지, 부식 방지, 긴 사용 수명으로 제작되었습니다. 종이에 구멍을 뚫고 패스너의 발가락에 놓고 압축기로 고정하십시오. 간단한 구조, 작은 사이즈, 빠른 릴리즈 메커니즘, 쉽게 구부리고 바인딩할 수 있음, 조절 가능한 수납량, 공간 절약. 향상된 안전성, 견고성 및 견고함을 제공하며 움직일 때 종이가 떨어질 염려가 없습니다. 더욱 안전하고 견고하며 휴대가 간편합니다. 사이즈: 8cm. 색상: 실버. 수량: 50개/박스.","사양: 소재: 금속, 니켈 도금. 수량: 50개/박스. 사이즈: 8cm. 색상: 실버. 특징 대용량, 최대 50mm. 고품질: 니켈 도금 금속 소재, 섬세한 장인 정신, 매끄러운 표면, 가볍고 얇음, 녹 방지, 부식 방지, 긴 사용 수명. 간단한 구조, 작은 사이즈, 퀵 릴리즈 메커니즘, 쉽게 구부리고 바인딩할 수 있음, 조절 가능한 수납 양, 공간 절약. 향상된 안전성, 견고성 및 견고함을 제공하며 움직일 때 종이가 떨어질 염려가 없습니다. 더욱 안전하고 견고하며 휴대가 간편합니다. 종이를 안전하고 질서 있게 유지하는 좋은 도우미로 중요한 문서, 문서 및 종이를 쉽고 깔끔하게 정리하고 정리할 수 있습니다.","['종이', '금속', '방지', '견고하다', '니켈', '안전하다', '패스', '바인더', '도금', '릴리즈']"
사무용품,"클립, 집게 및 링",집게,,B0863F5PRD,"12개 반투명 플라스틱 클립 불독 바인더 종이 클램프 홈 오피스 스쿨 샵 용품 파일 사진 식품 가방, 5.1cm(2인치)",Teensery,12451,12451,4.2,7.0,"소재: 튼튼한 플라스틱으로 제작되어 내구성이 뛰어나며 오랜 시간 동안 견딜 수 있습니다 라지 사이즈, (약) 너비 50 mm/2 인치, 물건을 고정하기 위한 강한 그립 그림, 사진, 달력, 음식 가방, 상점, 가정 또는 사무실에서 종이를 정리하거나 전시하는 데 적합합니다 클램프는 작은 구멍이 있어 벽, 문 또는 칠판에 편리하게 걸 수 있습니다 패키지 포함: 12개의 대형 플라스틱 바인더 클램프, 4가지 색상 혼합(투명, 블루, 그린, 오렌지)","사양: 소재: 플라스틱 길이: 5cm 색상: 투명, 블루, 그린, 오렌지 수량: 12개/팩 특징: 불독 클립 힘은 스프링에 의해 제공되며, 강한 탄성을 가지고 있습니다. 그림, 사진, 달력, 음식 가방, 상점, 가정 또는 사무실에서 종이를 정리하거나 전시하는 데 적합합니다. 참고: 조명과 화면 설정 차이로 인해 상품의 색상이 사진과 약간 다를 수 있습니다. 수동 측정으로 인해 약간의 치수 차이가 있을 수 있습니다.","['플라스틱', '사진', '가방', '집게', '종이', '블루', '전시', '음식', '상점', '사무실']"
사무용품,"클립, 집게 및 링",집게,,B0B9JSVJ5T,"금속 불독 바인더 클립 20개, 3.1cm(1.2인치) 경첩 종이 클립 클램프, 식품 가방, 사진 사진, 예술 공예, 홈 오피스 용품용 (브론즈)",YETOOME,8296,8296,4.7,20.0,"패키지 포함: 1.2 인치 (30 mm) 브론즈 불독 클립 20개를 받게 되며, 이는 매일 사용하는 요구 사항을 완벽하게 충족시킵니다. 고품질: 힌지 클립은 프리미엄 금속으로 제작되었습니다. 표면은 니켈 도금, 내마모성 및 녹 방지 기능이 있어 금속 클립은 내구성이 뛰어나고 산화에 강하며 쉽게 변색되지 않습니다. 내구성 있는 불독 클립: 고탄력 스프링 종이 클램프, 튼튼하고 내구성이 뛰어납니다. 적절한 장력으로 종이를 잘 잡을 수 있을 뿐만 아니라 편안하고 반복적으로 사용할 수 있지만 느슨해지지 않습니다. 불독 클립 디자인: 핸들 상단의 페깅 홀을 사용하면 벽, 문, 코르크 보드, 광고판 및 모든 곳에 푸시 핀이 있는 사진용 클립보드 클립을 걸 수 있습니다. 다양한 용도: 미니 클립은 종이, 카드 및 공예품, 사진, 달력, 레시피, 지폐, 통지, 종이, 드로잉, 식품 가방 등과 같은 작고 가벼운 물건을 정리하고 전시하는 데 적합합니다. 금속 불독 클립은 가정, 사무실, 학교 및 상점에 적합합니다.",,"['클립', '불독', '종이', '금속', '구성', '사진', '식품', '브론즈', '집게', '가방']"
사무용품,"클립, 집게 및 링",집게,,B0CTH74CZX,빈티지 여성용 손 모양 책 클립 종이 클립 문서 핸드북 보관 클립 씰 클램프 커피 티 푸드 백 장식 클립 사무실 학교용 (스타일-1),Bulbasaur,17714,17714,,,"【매력적인 디자인】- 빈티지 여성용 손 모양의 책 클립은 세심한 디테일로 제작되어 독특하고 예술적인 디자인을 보여주어 어떤 설정에도 우아함을 더합니다. 골드 메탈 마감과 종이 클립 기능으로 사무실, 학교 또는 가정용으로 이상적인 액세서리입니다. 【다용도 보관 솔루션】- 이 금속 클립은 문서, 저널 또는 파일을 제자리에 안전하게 고정하는 데 사용할 수 있어 정리와 필수 용지를 쉽게 꺼낼 수 있습니다. DIY 기능을 사용하면 보관 환경 설정을 사용자 지정하고 깔끔한 환경을 만들 수 있습니다. 【고품질 소재】- 고품질 금속으로 제작된 이 책 클립은 일상적인 마모와 찢어짐을 견딜 수 있도록 설계되어 신뢰할 수 있고 오래 지속되는 제품을 제공합니다. 골드 컬러 코팅은 고급스러운 느낌을 더하여 친구와 가족을 위한 완벽한 선물입니다. 【다양한 용도】- 이 빈티지 여성용 손 모양의 책 클립은 사무실 회의, 학교 수업 또는 가정에서의 개인적인 사용과 같은 다양한 행사에 적합합니다. 독특한 디자인과 실용적인 기능으로 어떤 환경에서도 꼭 필요한 아이템입니다. 【독특한 선물 아이디어】- 이 골드 메탈 종이 클립은 독특하고 예술적인 디자인을 좋아하는 모든 사람에게 완벽한 선물입니다. 실용성과 우아함은 친구, 가족 또는 동료에게 적합한 선물로 오래 지속되는 인상을 남깁니다.",빈티지 여성용 손 모양 책 클립 종이 클립 문서 핸드북 보관 클립 씰 클램프 커피 티 푸드 백 장식 클립 사무실 학교용,"['클립', '책', '디자인', '손', '종이', '학교', '보관', '선물', '독특하다', '사무실']"
사무용품,"클립, 집게 및 링",집게,,B0CJRRX1T9,"골드 칩 클립, 백 클립, 대형 금속 힌지 클립, 스테인리스 스틸 백 클립 7.6cm(3인치) 종이 클립 클램프, 사무실 사진 사진, 주방 음식 가방(8개)",erduoduo,8296,8296,4.5,11.0,"스테인리스 스틸 및 튼튼한 금속 백 클립, 칩, 커피, 빵 또는 시리얼 백을 단단히 밀봉하여 음식을 신선하게 유지합니다. 가정, 주방, 사무실, 식료품 저장실, 캠핑용 실용적인 불 클립 - 가정, 사무실 또는 학교에서 사진, 지도, 표지판, 종이, 레시피를 정리, 관리 또는 전시하는 데 가장 적합합니다. DIY 놀이방 아트 디스플레이에 적합합니다. 스트롱 와이드 클램프: 7.6cm(3인치) 너비의 클램프는 모든 크기의 식품 가방에 적합합니다. 이 클립은 음식을 더 오래 신선하게 유지합니다. 낭비를 방지하기 위한 재사용 가능한 단단한 금속 클립 홈 사이즈 8팩 골드 칩 클립",패션 & 간결한 골드 클립: 클립의 표면은 골드 색상으로 도금되어 심플하고 스타일리시하며 가구와 잘 어울립니다. 신뢰할 수 있는 품질: 이 골드 백 클립은 304 스테인리스 스틸로 만들어졌으며 견고하고 방수 기능이 있으며 내구성이 뛰어납니다,"['클립', '골드', '백', '스틸', '스테인리스', '음식', '사진', '금속', '사무실', '집게']"
사무용품,"클립, 집게 및 링",집게,,B08JWK6T8S,"OLYMPX 표준 2홀 펀치용 프롱 종이 패스너 컴프레서 100개, 2.5~8.9cm(1~3.5인치) 용량, 종이 패스너 프롱 베이스용 7.9cm(2.75인치) 센터, 박스당 100개",Olympx,17991,13143,4.5,158.0,"프리미엄 품질 — 우수한 강도와 내구성을 위해 부식 방지, 강화 및 도금 강철로 제작되었습니다. 섬세한 솜씨, 매끄러운 표면, 가볍고 얇고 녹 및 부식 방지, 긴 수명으로 우수한 강도와 내구성을 위한 헤비 게이지, 고급 소재. 미국에서 제작. 청소 및 정리 — 이 제품은 중요한 서류의 청결과 구성을 유지하는 데 중요한 역할을 합니다. 책/인쇄 스타일로 문서를 안전하게 묶고 배열하도록 설계되어 타이트하고 깔끔한 프레젠테이션을 보장합니다. 대용량 — 이 상자에는 100개의 종이 패스너 컴프레서 바가 포함되어 있습니다. 각 컴프레서는 7cm(2 3/4인치) 홀 센터로 설계되어 대부분의 표준 프롱 패스너와 호환됩니다. 이 컴프레서는 헤비 게이지, 고급 소재로 제작되어 탁월한 강도와 내구성을 보장합니다. 간편한 사용 — 이 프리미엄 컴프레서는 문서를 쉽게 추가하고 제거할 수 있도록 설계되었습니다. 간단한 구조, 작은 사이즈, 퀵 릴리즈 메커니즘, 편의를 위해 쉽게 조절 가능. 이 프리미엄 컴프레서는 문서를 쉽게 추가하고 제거할 수 있도록 제작되었습니다. 다용도 — 이 패스너 컴프레서 바는 종이 프롱 패스너 베이스의 모든 표준 게이지에 매끄럽게 맞도록 신중하게 설계되어 일상적인 서류 정리 및 문서 보관 요구 사항에 대한 호환성과 다양성을 보장합니다. 중요한 보고서를 정리하거나, 문서를 보관하거나, 사무실 서류 작업을 관리할 때 이 컴프레서 바는 안정적이고 효율적인 지원을 제공합니다.","종이 패스너 컴프레서 바 - 박스당 100개 잠금 압축기는 베이스 프롱 위로 미끄러져 종이를 단단히 압축하여 귀중한 파일링과 보관 공간을 절약합니다. 자주 수정하거나 추가해야 하는 파일 폴더에 사용하기에 이상적입니다. 우수한 강도와 내구성을 위해 2홀 종이 프롱 패스너(포함되지 않음)와 함께 사용하세요. 헤비 게이지, 고급 소재와 함께 사용하세요. 코인 가장자리는 매끄럽고 안전합니다. 미국에서 제작. W H A T Y O U W I L L G E T 제품 사양: 제품 이름: 금속 종이 프롱 컴프레서 바 색상: 실버 톤 소재: 스틸 ⋆ 용량: 8.9cm(3.5인치). 패키지 구성: 상자에 총 100개의 종이 압축기 제품 장점: ✔ 안전하고 단단하며 타이트한 핏을 제공하며, 움직일 때 종이가 떨어질 염려가 없습니다. ✔ 안전하고 견고하며 휴대가 간편합니다. 파일을 관리하는 데 도움이 됩니다. ✔ ✔ 우수한 강도와 내구성을 위해 부식 방지, 강화 및 코팅 강철로 제작되었습니다. ✔ 이 프리미엄 종이 압축기는 문서를 쉽게 추가하고 제거할 수 있도록 제작되었습니다. 100% 만족 보장 안심하고 구매하세요. 저희는 제품을 지지하며 30일 환불 및 교체 을 제공합니다!","['종이', '컴프레서', '패스', '프롱', '제작', '구성', '문서', '프리미엄', '게이지', '우수하다']"
사무용품,"클립, 집게 및 링",집게,,B0CKVJBGLX,30피스 20x8mm 금속 소형 클립 DIY 클립 미끄럼 방지 스웨터 보관 악어 클램프 플랫 마우스 다목적 클립 랜야드 의류 안경 공예 사무실 강한 그립 클립 (골드),ONLYKXY,11481,11481,,,"소재: 작은 클립은 금속으로 만들어져 내구성이 뛰어나며 쉽게 색이 바래거나 깨지지 않습니다. 디자인: 소형 악어 클램프에는 환경 보호 고무 케이스가 있어 옷, 종이, 안경을 긁힘으로부터 보호할 수 있으며 강화할 수도 있습니다. 기능: 플랫 마우스 클립은 미끄럼 방지 스웨터 클립, 배지 홀더 클립, 헤어 클립, DIY 클립, 사무실 종이 클램프 등으로 사용할 수 있습니다. 사이즈 및 패키지: 각 클립의 총 길이는 약 20mm(0.78인치), 너비는 약 8mm(0.31인치)입니다. 각 패키지에는 30개의 클립이 포함되어 있습니다. 주방 식품 패키지, 사진, 공예품, 디스플레이 아트워크 빨래집게, 사무실 학교 종이 사진 파일, ID 배지 홀더 랜야드 주얼리 악어 클램프, 납작하고 얇은 옷걸이에 널리 사용됩니다","제품 이름: 클립********* 패키지 포함: 금속 클립 30개********* 특징: * 사무실, 가정, 주방에 널리 사용됨********* * 고품질 소재로 제작되어 잘 만들어졌으며 신뢰할 수 있습니다********* 참고: ********* 조명 효과, 모니터의 밝기, 대비 설정 등으로 인해 사진과 실제 제품의 색상 톤에 약간의 차이가 있을 수 있습니다. ********* 수동 측정으로 인해 1-2mm 오차가 있을 수 있습니다. ********* 구매 전에 요구 사항에 맞는지 클립의 자세한 크기를 확인하십시오. 감사합니다. ********* ONLYKXY 주셔서 감사합니다. 질문이 있으시면 언제든지 이메일을 보내주십시오. *********","['클립', '사무실', '집게', '패키지', '악어', '사진', '금속', '종이']"
사무용품,"클립, 집게 및 링",집게,,B0CXST162Y,"종이 클립 16개, 5.1cm(2인치) 멀티컬러 삼각형 홀더 클램프 핀 보관 및 분류 시트 파일 사무실 학교 및 개인 문서 파일 정리용 (16)",,6911,6911,,,"사이즈: 2"" x 1.3"" 색상: 16개, 랜덤 색상 소재: 두꺼운 플라스틱 및 합금 용도: 시트 파일, 사무실 학교 및 개인 문서 파일 정리를 위한 보관 및 분류",클램프,"['파일', '정리', '시트', '문서', '보관', '분류', '사무실', '개인', '집게', '학교']"
사무용품,"클립, 집게 및 링",집게,,B0BG9WF17F,10피스 소형 칩 클립 2.5cm(1인치) 금속 식품 가방 클립 바인더 클립 힌지 클립 종이 클램프 튼튼한 주방 식품 패키지 및 사무실용 (빈티지 브론즈),Tighall,9528,9528,4.0,9.0,"강력함 - 강하고 민첩한 스프링으로 오픈 스낵 백을 단단히 고정할 수 있습니다. 습한 공기로부터 음식을 보호하고 더 오래 신선하게 유지할 수 있도록 도와줍니다. 내구성 - 프리미엄 스테인리스 스틸로 제작되었습니다. 내구성이 뛰어난 스프링이 특징입니다. 녹 방지 코팅으로 멋지고 반짝입니다. 친근한 플라스틱 클립을 버리고 Tighall 클립을 사용해 보세요! 더 이상 날카로운 모서리가 없습니다 - 모든 가장자리를 매끄럽게 하여 손가락에 매우 친숙합니다. 더 이상 '칼 모양' 가장자리에 대해 걱정하지 마세요. 가볍지만 튼튼함 - 가벼운 바디이지만 매우 강한 스프링입니다. 휴대가 쉽고, 작은 물건이나 남은 음식, 메모와 문서를 보관할 수 있습니다. 가정 및 사무실에서 널리 사용 - 부엌에서 가방, 씰 칩, 콘플레이크, 분유 커피 콩, 빵, 냉동 야채 백을 밀봉하여 음식을 오랫동안 신선하게 유지합니다. 사무실, 차고, 창고 또는 내구성 있는 클립이 필요한 모든 곳에서도 사용할 수 있습니다! 종이를 정리하여 책상을 깨끗하게 유지합니다.",Tighall 10팩 시크 칩 백 클립: - 더 이상 날카로운 모서리가 없습니다. - 견고하고 내구성이 뛰어난 스프링으로 장시간 사용할 수 있습니다. - 그립감이 좋음. - 식품 가방 및 칩 백 및 사무실 정리를 위한 밀폐 씰 △ 사이즈: 2.5cm 너비 △ 패키지 포함: 바인더 클립 10개. △ 색상: 빈티지 브론즈,"['클립', '백', '스프링', '구성', '가방', '사무실', '식품', '유지', '음식', '날카롭다']"
사무용품,"클립, 집게 및 링",집게,,B0B3MBSVQ4,"소형 불 클립, 30팩 미니 금속 경첩 클립 22mm, 작은 바인더 종이 클램프 작은 클립 태그 가방 상점, 사무실 및 가정 주방실용",YuGtcen,8850,8850,5.0,3.0,"내구성 및 견고함: 실용적인 바인더 클립은 프리미엄 스틸로 만들어져 견고하고 두꺼운 구조로 단단한 그립감을 제공합니다. 금속 클립은 탄력 있는 스프링으로 디자인되어 튼튼하고 내구성이 뛰어나며 반복적인 사용에도 미끄러지지 않습니다 금속 불독 클립: 힌지 클립은 공예품, 달력, 사진, 레시피, 통지서, 종이, 신문, 음식 가방 및 그림을 정리하고 전시하는 데 적합합니다. 종이 클램프는 가정, 사무실, 상점 및 학교에 적합합니다. 소형 금속 클립: 각 대형 종이 클립은 길이 6.4cm, 너비 5.4cm이며 컴팩트하고 휴대가 가능하여 일상적인 요구 사항을 충족합니다. 로즈 골드, 화이트, 골드 및 블랙 힌지 클립이 있어 작동이 쉽고 빠르고 강력한 클램핑이 가능합니다 강한 그립 및 타이트함: 당사의 미디엄 바인더 클립과 귀여운 작은 클립은 교사의 사무용품으로 훌륭한 선택입니다. 고탄성 스프링이 장착된 바인더 종이 클립은 견고한 그립을 보장하여 중요한 문서가 떨어지는 것을 방지합니다. 가방이 새는 것을 유발하는 습기와 부패로부터 음식을 보호합니다 편리한 사용: 손잡이에 작은 구멍이 있어 벽, 코르크, 문, 보드 및 광고판에 클립으로 쉽게 걸 수 있습니다",,"['클립', '종이', '바인더', '금속', '작다', '견고하다', '가방', '골드', '구성', '가정']"
사무용품,"클립, 집게 및 링",집게,,B08YY46TVV,"바인더 클램프, 48피스 25mm/1인치 블랙 코팅 바인더 클립 미디엄 메탈 바인더 클램프 미디엄 페이퍼 바인더 클립 페이퍼 클립 페이퍼 클램프 사무실 홈 스쿨용 (블랙)",iRIIRIO,9681,9681,4.6,15.0,"25mm/1인치 바인더 클램프 48개, 중형 종이 클립 ~ 100장 수용 가능. 금속으로 제작, 녹 방지, 견고하고 내구성이 뛰어나며 재사용 가능. 은색 팔이 있는 블랙 삼각형 모양. 사무실 홈 스쿨에 널리 사용되며, 종이, 지폐, 북마크, 케이블, 양말에 적합합니다. 금속 클립은 투명한 상자에 포장되어 쉽게 고르고 보관할 수 있습니다. 간단하고 정확한 작업과 삶을 위해.","간단하고 정확한 작업과 삶을 위해 가장 인기 있는 사이즈, 블랙 코팅 48피스 25mm/1인치 바인더 클램프가 포함되어 있습니다.","['바인더', '클립', '집게', '블랙', '페이퍼', '홈', '정확하다', '금속', '미디엄', '사무실']"
사무용품,"클립, 집게 및 링",집게,,B07CGGG645,"4팩 불독 덕빌 금속 바인더 클립, 송장 지폐 클립 유틸리티 종이 클립 사무실 가정 학교용 (브론즈, 40mm)",Heatleper,10512,10512,4.7,57.0,"소재: 전기 도금이 있는 고품질 합금으로 제작되어 신축성이 좋고 내구성이 뛰어납니다. 사이즈: S: 1.18 inch/3cm; M: 1.57 inch/4cm; L: 1.97 inch/5cm; XL: 2.56 inch/6.5cm. 공예나 치수 추가에 완벽한 작은 클립은 가격표, 사진, 지도, 도면, 종이를 정리하거나 전시하는 데 가장 적합합니다. 사무실 학교 또는 일상 생활에서 사용하기 좋으며 밝은 색상과 패션 디자인을 사랑합니다. 정리를 더 재미있게 만드세요. 손잡이에 작은 구멍이 있어 벽, 문, 광고판 등에 클립을 쉽게 걸 수 있어 쉽게 사용할 수 있습니다. 패키지 구성품: 4 x 클립 (M 코드/40mm)","Zittop은 주방&가정 문제를 해결하고 깔끔하고 깔끔한 주방&가정 환경을 제공하는 데 집중합니다. 이 바인더 클립은 창의적인 프로젝트에 독특한 외관을 더합니다. 또한, 종이를 고정하거나 공예품을 장식하거나 기능성 용품으로 적합합니다. 데스크톱에 스타일을 더하세요. 이 바인더 클립을 사용하여 플래너 페이지를 강조하거나 메모, 영수증 등을 함께 보관할 수 있습니다. 사양: -소재: 합금 -사이즈: S: 1.18인치/3cm; M: 1.57인치/4cm; L: 1.97인치/5cm; XL: 2.56인치/6.5cm. -색상: 블랙, 브론즈, 골드, 로즈 골드 패키지 포함: 클립 4개(M 코드/40mm)","['클립', '바인더', '가정', '종이', '정리', '주방', '브론즈', '작다', '더하다', '깔끔하다']"
사무용품,"클립, 집게 및 링",집게,,B01CZOZPYO,"Yueton 플라스틱 불독 클립 24개, 유틸리티 종이 클립, 가정용 힌지 클립, 사무실용용 (투명)",Blovess,10373,10373,4.4,159.0,"투명 컬러 플라스틱 불독 클립 사이즈: 30*30*18mm 상단에 페깅 구멍이 있어 어디에나 걸 수 있어 쉽게 사용할 수 있습니다 가정, 사무실에서 사용하기 좋은 클립 24개 팩","투명 컬러 플라스틱 불독 클립 24개 팩. 색상: 투명 사이즈: 30*30*18mm 가정, 사무실에서 사용하기 좋은 클립","['클립', '투명', '플라스틱', '사무실', '불독', '가정', '컬러']"
사무용품,"클립, 집게 및 링",집게,,B09DCY2188,"6팩 백 클립, 스테인리스 스틸 칩 클립, 칩 클립 백 클립 푸드 클립, 음식용 백 클립, 튼튼한 밀폐 주방 클립 스낵 클립 푸드 백 클램프 클립 6팩",Joyberg,8296,8296,4.8,1947.0,"안전 소재: 이 가방 클립은 스테인리스 스틸로 만들어졌습니다. 광택 공정을 거칩니다. 강하고 내구성이 뛰어나며 냄새가 나지 않아 플라스틱처럼 갈라지지 않습니다. 감자 칩이나 대부분의 다른 종류의 음식을 신선하게 보관하세요. 밀폐 밀봉: 당사의 백 클립은 강력한 스프링을 사용하여 가방을 단단히 밀봉하고 스프링을 단단히 잡아 쉽게 새지 않습니다. 공기나 물로부터 음식을 보호하면 음식을 더 오래 신선하게 유지할 수 있습니다. 인간적인 디자인: 칩 백 클립 가장자리는 무딘 원형으로 손에 긁히거나 긁히지 않습니다. 이 칩 클립은 가족의 안전을 보장합니다. 다용도: 가정과 사무실을 위한 대형 경량 칩 클립. 빵, 캔디 백, 감자 칩, 캔디 및 견과류와 같은 다양한 오픈 비닐 봉지와 식품 가방에 적합합니다. 종이, 사진, 사진 또는 배경 프레임 클립에도 사용할 수 있습니다. 제품 구성: 6팩 백 클립, 안전을 위한 친절한 7*24 고객 서비스.",,"['클립', '백', '음식', '안전', '가방']"
사무용품,"클립, 집게 및 링",집게,,B0D46Z199R,"골드 러브 하트 모양 종이 클립 200개, 재미있는 2cm(0.8인치) 작은 종이 클립, 작은 미니 종이 클립 종이 클램프 사무실 학교 가정 책상 오거나이저용 (골드 100개, 로즈 100개)",HORNYPOOT,12312,12312,4.8,22.0,✅사랑스러운 사이즈: 미니 하트 모양의 종이 클립은 약 20x9mm/0.78x0.35인치입니다. 믿을 수 없을 정도로 귀엽고 가벼우며 매끄러운 표면과 가장자리가 있어 문서가 찢어지거나 표시되지 않습니다.,"매우 귀여운 작은 하트 모양 종이 클립 200개, 치수 0.78 x 0.35인치 2개. 골드 종이 클립 100개와 로즈 골드 종이 클립 100개, 하트 모양 종이 클립, 미니 다채로운 종이 클립, 사무실, 학교 및 가정용 데스크톱 정리용 금속 종이 클립. 고품질 금속으로 제작된 하트 모양의 미니 하트 모양 종이 클립은 모양이나 색상을 잃지 않고 오래 사용할 수 있습니다. 스크랩북, 카드 제작 및 기타 종이 공예 프로젝트에 이상적이며 집, 사무실 및 학교를 장식하기에 적합합니다.","['종이', '클립', '하트', '골드', '미니', '학교', '사무실', '작다']"
사무용품,"클립, 집게 및 링",집게,,B0B9MGBQ3N,엑스트라 라지 불 클립 2팩 실버 점보 스테인리스 스틸 클립 30.5cm(12인치) 종이 클램프 홀더 드로잉 보드 포스터 클램핑 백용,GUKBIAY,20747,20747,4.9,22.0,"점보 클립은 스테인리스 스틸 금속 소재로 만들어졌으며 실버 페인트, 방진 및 녹 방지 기능이 있습니다. 클립 손잡이에 작은 구멍이 있어 벽, 게시판 등에 클립을 쉽게 걸 수 있습니다. 자이언트 클립은 30cm(12인치) 길이로 사무실, 스튜디오 및 가정에 적합합니다. 견고함 & 내구성: 고강도 클램핑력, 반복적인 사용 후에도 느슨해지지 않습니다 드로잉 보드, 포스터 보드와 지도를 걸고, 강아지 사료 가방을 고정하여 부패를 방지합니다. 초대형 스테인리스 스틸 불 클립 2개가 제공됩니다.",,"['클립', '스테인리스', '스틸', '보드', '드로잉', '불', '포스터', '방지', '실버']"
사무용품,"클립, 집게 및 링",집게,,B09X9YRS9D,미니 나선형 클립 HSCGIN 30피스 골드 메탈 원형 나선형 종이 클립 원형 종이 클램프 학교 사무실 일상 생활 문서 분류 크리에이티브,HSCGIN,11066,11066,5.0,4.0,"원형 종이 클립 나사 클립. 색상: 골드. 소재: 금속 철. 사이즈: 20mm/0.78인치. 포장: 30개. 소재: 금속 철 소재로 제작되었으며, 둥근 종이 클립은 플라스틱으로 코팅되었습니다. 외부 컬러 플라스틱 소재는 내구성과 녹 방지 기능을 향상시킵니다. 매끄러운 표면은 종이에 긁힘이나 자국을 방지하고 즐거운 사용자 경험을 위해 긴 수명을 제공합니다. 디자인: 나선형 모양의 원형 종이 클립은 문서나 문서를 일반 문서보다 더 단단히 고정할 수 있으며, 동시에 참신한 스타일로 더욱 매력적이고 장식적으로 만들어 줍니다. 사무실, 학교 및 일상 생활의 문서뿐만 아니라 DIY, 책갈피, 앨범 홀더, 카드 홀더 및 봉투 홀더에도 적합합니다. 용도: 원형 종이 클립은 문서를 분류하고, 문서를 다양한 유형과 다양한 장면으로 구별하는 데 적합하며 문서, 테스트 용지, 브로셔, 봉투, 포스터 및 티켓 등을 적절하게 보관할 수 있어 바쁘고 피곤한 삶에 약간의 관심으로 작업 과정에서 편안하고 행복하게 느낄 수 있습니다.","원형 종이 클립 나사 클램프 색상: 골드 소재: 금속 철 사양: 20mm/0.78인치 포장: 30개 용도: 원형 종이 클립은 문서를 분류하고, 문서를 다양한 유형과 다양한 장면으로 구별하는 데 적합하며 문서, 시험지, 브로셔, 봉투, 포스터 및 티켓 등을 적절하게 보관할 수 있습니다. 바쁘고 피곤한 삶에 도움이 됩니다. 작업 과정에서 편안하고 행복한 느낌을 주는 약간의 관심","['문서', '클립', '종이', '원형', '분류', '봉투', '철', '금속', '나선형', '홀더']"
사무용품,"클립, 집게 및 링",집게,,B08JLPM69H,"20팩 불독 클립 5.1cm(2인치) 대형 경첩 종이 클립 금속 경첩 클립, 공예, 음식 가방, 그림, 사진, 가정 주방 및 사무실 사용, 블랙, 51mm",Orcielo,13836,13836,4.6,379.0,"내구성 및 견고함: Bulldog 바인더 클립은 프리미엄 스테인리스 스틸로 만들어져 견고하고 두꺼운 구조로 더 단단한 그립감을 제공합니다. 탄력성이 뛰어난 스프링, 튼튼하고 내구성이 뛰어나며 반복적으로 사용해도 느슨해지지 않습니다 훌륭한 사이즈 및 휴대성: 각 블랙 힌지 클립은 5.1cm(2인치) 너비로 일상적인 요구 사항을 충족하는 엑스트라 라지 사이즈입니다. Bulldog 바인더 종이 클립은 많은 종이를 담을 수 있을 만큼 튼튼합니다. 쉬운 작동, 빠른 클램핑 실용적인 이젤 클립: 금속 힌지 클립은 공예품, 사진, 달력, 레시피, 청구서, 고지, 종이, 그림 및 식품 가방을 정리하고 전시하는 데 적합합니다. 가정, 사무실, 학교 및 상점에 적합합니다 강력한 그립 및 타이트함: 불독 바인더 종이 클립은 견고한 그립을 보장하기 위해 고탄성 스프링이 내장되어 있습니다. 중요한 문서가 떨어지는 것을 방지합니다. 습기와 부패로부터 음식을 보호합니다 편리한 사용: 손잡이에 작은 구멍이 있어 벽, 문, 코르크 보드 및 광고판에 클립을 쉽게 걸 수 있습니다",,"['클립', '종이', '견고하다', '바인더', '힌지', '가정', '경첩', '구성', '그림', '금속']"
사무용품,"클립, 집게 및 링",집게,,B096VBHVSX,"38피스 스테인리스 스틸 클립, 3cm(1.25인치) 3.8cm(2인치) 5cm(2.5인치) 6.4cm(3인치) 튼튼한 백 클립 사무실 종이 클램프 넓고 신선한 공기 밀폐 그립 큐비클 후크 푸드 클립 불독 클립 주방 학교 사무실용",Wokape,12451,12451,3.9,30.0,"❥제품 구성---------이 세트에는 5가지 크기의 스테인리스 스틸 클립 38개가 포함되어 있습니다. 3cm/1.2인치 스테인리스 스틸 클립 10개, 4cm/1.5인치 스테인리스 스틸 클립 10개, 5cm/2인치 스테인리스 스틸 클립 6개, 6cm/2.5인치 스테인리스 스틸 클립 6개, 7.5cm/3인치 스테인리스 스틸 클립 6개가 포함되어 있습니다. 수량과 다양한 크기로 일상 생활, 학교 또는 사무실의 모든 요구를 충족시킬 수 있습니다. ❥5가지 사이즈 옵션--------5가지 사이즈의 스테인리스 스틸 클립(3cm, 3.8cm, 5cm, 6.3cm, 7.6cm)을 제공합니다. 필요에 따라 다양한 클립을 선택할 수 있습니다. 스테인리스 스틸 클립은 손잡이에 작은 구멍이 있습니다. 클립의 도움으로 벽, 문, 게시판 등에 문서나 음식을 쉽게 걸 수 있습니다. 이 크기의 클립은 다양한 크기의 다양한 식품 포장 가방과 다양한 두께의 종이에 완벽하게 적용 할 수 있습니다. ❥튼튼한 걸쇠------강력한 스프링이 튼튼한 고정력을 제공합니다. 강한 그립은 흩어진 지폐, 문서 등을 고정할 수 있으며 쉽게 떨어지지 않습니다. 학교 또는 사무실 책상을 정리하는 데 좋은 도우미입니다! 클립은 가방을 단단히 밀봉하여 음식이 여분의 공기와 접촉하지 않도록 방지하여 부패와 부패를 일으키고 음식을 더 오래 신선하게 유지합니다 ❥고품질 및 내구성-------튼튼한 스테인리스 스틸로 제작되어 클립이 더 오래 지속됩니다. 우수한 품질의 크롬 마감 스테인리스 스틸 금속 클립은 방진 및 녹 방지 처리가 되어 있으며 절대 깨지지 않으며 내구성이 뛰어납니다. 플라스틱 클립과 달리, 더 견고하고 내구성이 뛰어나며 재사용이 가능하며 밀폐되어 밀봉됩니다. 강한 스프링이 잘 밀봉되어 플라스틱처럼 갈라지지 않습니다. ❥다양한 용도------- 이 스테인리스 스틸 클립은 학교와 사무실에서 메모, 엽서, 종이, 쇼핑 목록 또는 지폐를 정리하는 데 사용할 수 있습니다. 또한 감자 칩, 시리얼, 우유 파우더, 커피 콩, 크래커, 빵, 콩, 냉동 음식, 향신료 등과 같은 음식을 신선하게 유지하기 위해 주방에서 사용할 수 있습니다. 궁금한 사항이 있으시면 언제든지 문의해 주십시오. 24시간 이내에 해결해드리겠습니다.","🌈Wokape 스테인리스 스틸 클립 38개, 3.0cm 3.8cm 5.1cm 6.4cm 7.6cm 튼튼한 가방 클립 사무실 종이 클램프 넓고 신선한 유지 공기 타이트 씰 그립 큐비클 후크 푸드 클립 주방 학교 사무실용 불독 클립 🌈제품 구성: 10개 3cm/1.2인치 스테인리스 스틸 클립 10피스 4cm/1.5인치 스테인리스 스틸 클립 5cm/2인치 스테인리스 스틸 클립 6개 6개 6cm/2.5인치 스테인리스 스틸 클립 7.5cm/3인치 스테인리스 스틸 클립 6개 Intotal 38개 🌈사양: 소재: 스테인리스 스틸 색상: 실버 사이즈: 3""/2.5""/2""/1.5""/1.1"" 수량: 18개 / 세트 🌈왜 스테인리스 스틸 클립을 선택해야 할까요? 고품질 및 내구성----- Wokape 클립은 녹 방지, 견고하고 내구성이 뛰어난 고품질 스테인리스 스틸로 만들어졌으며 다른 플라스틱 클립처럼 깨지거나 색이 바래지 않습니다. 5가지 사이즈 선택 ------ 5가지 다른 사이즈로 주방이나 사무실의 모든 요구 사항을 충족시킬 수 있습니다. 다양한 식품 포장이나 두께가 다른 문서 용지에 적용할 수 있습니다. 완벽한 애프터 서비스----- 제품에 품질 문제가 있거나 사용 중 문제가 있는 경우 제때에 저희에게 연락하십시오. 만족스러운 해결책을 제공해 드리겠습니다.","['클립', '스틸', '스테인리스', '구성', '사무실', '학교', '음식', '튼튼하다']"
사무용품,"클립, 집게 및 링",집게,,B0CWLC47N8,50피스 미니 나선형 클립 금속 원형 나선형 종이 클립 원형 종이 클램프 학교 사무실 일상 생활 문서 분류 크리에이티브,XGNG,15221,15221,,,"소재: 둥근 종이 클립은 금속 철 소재로 만들어졌으며 표면은 플라스틱으로 코팅되었습니다. 외부 색상의 플라스틱 소재는 내구성과 녹 방지 기능을 향상시킵니다. 매끄러운 표면은 종이에 긁힘이나 자국을 방지할 수 있으며 수명이 길어 즐거운 사용자 경험을 제공합니다. 디자인: 나선형 원형 종이 클립은 일반 종이 클립보다 문서나 문서를 더 단단히 고정하며, 참신한 스타일로 사무실, 학교 및 일상 생활의 문서에 적합할 뿐만 아니라 DIY, 책갈피, 사진 앨범 홀더, 카드 홀더, 봉투 홀더에도 적합합니다. 목적: 원형 종이 클립은 문서를 분류하고 다양한 유형과 시나리오로 나누는 데 적합합니다. 문서, 시험지, 브로셔, 봉투, 포스터, 티켓 등을 적절하게 보존하여 바쁘고 피곤한 삶에 새로운 차원을 더할 수 있습니다. 흥미롭기 때문에 작업 중에 편안하고 행복하게 느껴집니다. 최고의 선물: 공예 애호가에게 줄 수 있으며 완벽한 선물이 될 것입니다. 제품에 대해 궁금한 점이 있으시면 언제든지 저희에게 연락하십시오. 고객 만족은 저희의 가장 큰 추구입니다.","제품 설명: 원형 종이 클립 나사 클램프. 색상: 골드 소재: 금속 철. 사양: 20mm / 0.78인치 포장: 50개 목적: 원형 종이 클립은 문서를 분류하고 다양한 유형과 시나리오로 나누는 데 적합합니다. 문서, 시험지, 브로셔, 봉투, 포스터, 티켓 등을 적절하게 보존하여 바쁘고 피곤한 삶에 새로운 차원을 더할 수 있습니다. 흥미롭기 때문에 작업 중에 편안하고 행복하게 느껴집니다.","['종이', '클립', '문서', '원형', '분류', '금속', '봉투', '나선형', '홀더']"
사무용품,"클립, 집게 및 링",집게,,B07C7478T2,"대형 금속 힌지 클립, 20팩 불독 클립 5.1cm(2인치) 불 클립 바인더 종이 클램프 식품 가방, 사진, 홈 오피스 용품용",Aniann,13836,13836,4.4,106.0,"다용도 원형 클램프: 이 불독 클립은 문서, 종이, 책을 정리하고 관리하기 위한 필수적이고 유용한 사무용품 액세서리입니다. 또한 사진을 전시하고, 식품 가방을 밀봉하는 데 사용할 수 있으며 가정, 사무실, 학교에서 널리 사용됩니다. 걸이용 클립: 힌지 클립 패스너는 손잡이에 작은 구멍이 있어 벽, 문, 게시판에 클립을 걸 수 있습니다. 매우 편리하고 실용적입니다. 강력하고 튼튼한 금속 경첩 클립: 강한 스프링이 있는 머니 파일 바인더 클립은 견고한 고정력과 대용량을 만들어 많은 종이나 현금을 담을 수 있습니다. 고품질 소재: 이 원형 바인더 클립은 내구성이 뛰어난 스테인리스 스틸 소재로 만들어졌으며 표면에 크롬 마감, 녹 및 부식 방지 기능이 있습니다. 파손이나 변형에 대해 걱정할 필요가 없으며 긴 사용 시간. 사이즈 및 수량: 51mm 실용적인 힌지 클립 불독 클립, 20팩 실버 불독 페이퍼 클립 클램프가 함께 제공됩니다.","금속 힌지 클립, 5.1cm(2인치) 대형 실버 벽걸이 불독 페이퍼 클립 클램프 머니 파일 바인더 클립, 사진, 홈 오피스 공급자용 (51mm, 20팩) 사양: 소재: 스테인레스 스틸 색상: 실버 사이즈: 2 Inch/51mm 패키지 구성: 밀폐 씰 그립 클립 20개","['클립', '불독', '힌지', '바인더', '집게', '금속', '실버', '종이', '사진']"
사무용품,"클립, 집게 및 링",집게,,B0BN1PGT88,"PYD Life 바인더 클립 엑스트라 라지, 승화 머그 인쇄용 13cm(5.1인치) 길이, 3cm(1.3인치) 용량 블루 메탈 대형 종이 클램프 수축 랩 필름 승화 오븐 액세서리 2개",PYD Life,15498,15498,4.3,15.0,"사양: 초대형 바인더 클립은 길이 13cm(5.1인치), 용량은 3.3cm(1.3인치)이며 갈색 선물 상자 하나에 2개가 함께 제공됩니다. 내구성 및 재사용 가능: 고품질 스테인리스 스틸로 만든 초대형 바인더 클립은 내구성이 뛰어나고 재사용이 가능합니다. 아이디어 승화 도구: 바인더 클립은 머그잔이나 텀블러의 손잡이를 고정하기에 적합한 적절한 크기의 초대형 사이즈로 포장이 더 타이트하게 줄어들고 전체 랩 인쇄 효과를 더 완벽하게 만듭니다. 간편한 사용: 바인더 클립은 사용하기 쉽습니다. 수축 포장하기 전에 머그잔이나 텀블러의 손잡이를 고정하기만 하면 됩니다. 승화 인쇄 후 벗길 수 있습니다. 대형 바인더 클립은 문서를 그룹화하고 오픈 백을 닫는 데에도 사용할 수 있습니다. 다양한 용도: 대형 바인더 클립은 가정, 사무실, 학교 일상용으로 적합합니다. 주부, 선생님, 학생 등.",,"['바인더', '클립', '승화', '인쇄', '대형', '초대형', '구성', '수축', '머그잔', '랩']"
사무용품,"클립, 집게 및 링",집게,,B07CJPWCHW,"불 힌지 클립 로즈 골드 - Coideal 10피스 5.1cm(2인치) 대형 금속 바인더 종이 클립 클램프 사진 사진, 식품 가방, 사무용품용 (50mm)",Coideal,12451,12451,4.6,876.0,"다용도 불독 클립 - 가정, 사무실 또는 학교에서 사진, 지도, 표지판, 종이, 레시피를 정리, 관리 또는 전시하는 데 가장 적합합니다 걸이용 클립 - 원형 바인더 클립은 손잡이에 작은 구멍이 있어 벽, 문, 게시판 등에 클립을 쉽게 걸 수 있습니다 내구성 있는 금속 클립 - 우수한 품질의 크롬 마감 스테인리스 스틸 금속 클립, 방진 및 녹 방지, 절대 깨지지 않으며 내구성이 뛰어납니다 튼튼하고 튼튼한 금속 클립 - 강한 스프링은 견고한 고정력과 높은 용량을 제공합니다 다용도 원형 클램프 - 원형 클램프 입구는 다양한 경우에 나무 보드와 함께 사용할 수 있습니다",,"['클립', '금속', '원형', '사진', '집게', '종이', '다용', '구성', '튼튼하다', '바인더']"
사무용품,"클립, 집게 및 링",집게,,B07MV5BC1Q,"칩 클립 백 클립 푸드 클립 3가지 사이즈 18팩, 가방용 튼튼한 스테인리스 스틸 클립, 다목적 밀폐 씰 클립 큐비클 후크 사무실 학교 가정용",Jxystore,11066,11066,4.6,1546.0,"❤ 패키지 구성 - 7.6cm(3인치) x 6개, 6.4cm(2.5인치) x 6개, 5.1cm(2인치) x 6개, 저희 제품은 가격에 가장 적합한 수량을 제공합니다. ❤ 스테인리스 스틸로 제작 - 방진 및 녹 방지, 절대 깨지지 않으며 내구성이 뛰어납니다. 플라스틱 및 깨지기 쉬운 클립과 달리, 매우 견고하고 내구성이 뛰어납니다. 걸이용 클립 - 원형 바인더 클립은 손잡이에 작은 구멍이 있어 벽, 문, 게시판 등에 클립을 쉽게 걸 수 있습니다. 가정, 사무실 또는 학교에서 사진, 지도, 표지판, 종이, 레시피를 정리, 관리 또는 전시하는 데 가장 적합합니다. ❤ 타이트 씰링 - 밀봉 클립이 내장된 탄성 스프링, 더 많은 힘을 물고 물기 가까이, 가방을 완전히 닫아 공기 또는 물로부터 음식을 보호하고 냉동고 화상을 방지하고 음식이 오래되는 것을 방지합니다. 음식의 신선함을 훨씬 오래 유지합니다. 다목적 사용 - 이 스테인리스 스틸 칩 백 클립은 사무실뿐만 아니라 주방, 차고, 창고 또는 내구성 있는 클립이 필요한 곳 어디에서나 사용할 수 있습니다! 감자 칩 백, 시리얼 백, 크래커 팩, 빵, 콩, 냉동 식품, 향신료 등에 적합합니다.","칩 클립 백 클립 푸드 클립, 18개 세트 사양: 소재: 고품질 스테인리스 스틸 색상: 사진과 같은 실버 3가지 사이즈: 7.6cm, 6.4cm, 5cm 수량: 18개/세트 (각 사이즈 6개) Jxystore 칩 클립은 개봉된 가방을 간단하고 편리하며 쉽게 닫고 다시 밀봉할 수 있는 방법을 제공합니다. 브러시드 스틸 구조로 오래 지속되는 내구성을 보장합니다. 이 튼튼한 스틸 클립은 책이나 잡지를 자르는데 사용할 수 있으며 핸즈프리 독서를 위해 저렴한 플라스틱 칩 클립을 영원히 대체합니다. 감자 칩, 시리얼, 쿠키, 밀가루, 설탕, 냉동 음식, 커피, 개 및 고양이 사료, 기타 모든 것에 사용할 수 있습니다. 상상력을 발휘하세요.......","['클립', '스틸', '백', '구성', '스테인리스', '음식', '가방', '사무실', '방지']"
사무용품,"클립, 집게 및 링",집게,,B088H55LS1,"10.2cm(4인치) 대형 불독 클립, 10팩 스테인리스 스틸 파일 머니 바인더 클립, 클램프, 금속 식품 가방 종이 클립, 홈 오피스 학교 용품용(화이트)",HomeImpel,20761,20761,4.2,47.0,"패키지 포함: 대형 스테인리스 스틸 불독 클립 10개. 소재: 스테인리스 스틸, 좋은 신축성과 내구성. 사이즈: 4인치 / 102mm. 집, 사무실 또는 학교에서 사진, 지도, 표지판, 종이, 레시피, 식탁보, 파일, 가방을 정리하거나 전시하기에 적합합니다. 이 대형 바인더 클립은 손잡이에 작은 구멍이 있어 벽, 문, 게시판 등에 클립을 쉽게 걸 수 있습니다.","내구성 있는 금속 클립 - 우수한 품질의 스테인리스 스틸 금속 클립, 방진 및 녹 방지, 내구성이 뛰어납니다. 강력하고 튼튼한 클립 - 강한 스프링은 견고한 고정력과 높은 용량을 제공합니다. 다용도 원형 클램프 - 원형 클램프 입구는 다양한 경우에 나무 보드와 함께 사용할 수 있습니다. 만족스럽지 않으시면 주저하지 마시고 저희에게 연락해 주십시오","['클립', '스테인리스', '스틸', '대형', '집게', '금속', '구성', '가방', '종이', '바인더']"
사무용품,"클립, 집게 및 링",집게,,B0CHJQFPBN,"컬러 바인더 클립, 다양한 사이즈, 귀여운 속이 빈 웃는 얼굴이 있는 종이 클램프, 클립 사무용품, 사무실, 교사 선물 및 주방용 (스몰-20팩, 금속)",Twinkle Club,11066,11066,3.8,3.0,"【다양한 소재 및 크기】: 이 종이 파일 폴더는 PC와 금속의 두 가지 소재로 제공되므로 고객이 선호도에 따라 원하는 옵션을 선택할 수 있습니다. 폴더는 소형과 중간 크기의 두 가지 크기로 제공되어 고객이 요구 사항에 따라 다양한 유형의 문서를 저장할 수 있는 유연성을 제공합니다. 【편리하고 노동력 절약】: 폴더는 간단한 푸시 인 및 풀 아웃 기능으로 사용하기 쉽고 종이를 안전하게 보관할 수 있으며 나중에 쉽게 꺼낼 수 있습니다. 【안전성 및 내구성】: 종이 파일 폴더는 느슨한 용지를 안전하게 고정하여 종이 한 장도 잡을 수 있습니다. 또한 내구성이 뛰어나고 견고하며 운송 중 마모와 찢어짐을 견딜 수 있습니다. 【다용도】: 이 귀여운 종이 클립 폴더는 사무실용뿐만 아니라 가정 및 학교에서도 적합합니다. 클립은 종이, 사진을 담을 수 있으며 케이블 오거나이저, 책갈피, 명함 홀더, 봉투 클립 등으로도 사용할 수 있습니다. 파일 폴더의 캔디 색상 구성과 웃는 얼굴 패턴은 삶에 색감을 더합니다. 【패키지 구성】: 총 20개의 작은 클립이 투명 상자에 포장되어 있으며 총 10개의 중간 클립이 투명 상자에 포장되어 있습니다. 플라스틱 용기는 클립을 쉽게 보관하고 꺼낼 수 있습니다.","특정 매개 변수/카테고리: 클립/소재: 플라스틱/금속/제품 크기: 0.79 × 0.62""(스몰) \ 0.87 × 0.71""(미디엄)/기능: 종이 보관","['클립', '종이', '폴더', '구성', '파일', '금속', '안전하다', '중간', '보관', '사무']"
사무용품,"클립, 집게 및 링",집게,,B091MS2SJ6,"520피스 컬러 종이 클립 다양한 사이즈, 스몰 미디엄 및 라지 (2.8cm(1.1인치), 3.3cm(1.3인치) 및 5.1cm(2인치)), 사무실, 학교, 가정 용품을 위한 다채로운 종이 클립 - 컬러",DANRONG,12451,12451,4.7,513.0,"종이 클립 다양한 크기 - 50개의 대형 종이 클립, 70개의 중간 종이 클립 및 400개의 작은 종이 클립을 포함하여 6가지 색상과 3가지 크기의 종이 클립 520개가 있습니다. 고품질 소재 - 컬러 종이 클립은 내구성이 뛰어난 스테인리스 스틸로 만들어졌으며 표면에 플라스틱이 부착되어 종이에 흔적이 남지 않습니다. 편리한 사용 - 고품질 종이 클립은 재사용이 가능합니다. 다양한 크기의 종이 클립이 플라스틱 용기에 분리되어 쉽게 사용할 수 있습니다. 다용도 - 종이 클립은 일상적인 문서와 봉투를 분류하는 데 사용할 수 있습니다. 사무실, 학교, 일상용으로 적합합니다. 평생 서비스 - 종이 클립에 불만이 있으시면 언제든지 저희에게 연락하십시오. 전액 환불해 드리거나 상품을 다시 보내드립니다.",,"['종이', '클립', '컬러', '학교', '플라스틱', '사무실', '종이', '클립', '컬러', '학교', '플라스틱', '사무실']"
사무용품,"클립, 집게 및 링",집게,,B07WR665MB,"20팩 5cm 광택 스틸 클립, 금속 불독 바인더 클립, 대형 힌지 종이 클립 식품 가방, 그림 사진, 미술 공예품, 가정 사무실 용품",HomeImpel,16606,16606,4.6,221.0,"✔ Size: 2 inch / 51mm ✔ Package Included: 20 pcs Bulldog Clips ✔ Material: stainless steel, good elasticity and durable ✔ Practical Binder Clips - Best for organizing, managing or displaying your photos, maps, signs, paper, recipes at home, office or school","Hanging Clips - The round binder clips incorporate a small hole in the handles which will be easy for you to hang the clip on walls, doors, bulletin boards and more.   Durable Metal Clips - Superior quality chrome-finished stainless steel metal clips, dustproof and rustproof, never break and durable for use.   Strong Heavy-duty Clips - Strong springs create solid holding power and high capacity.   Multiuse Round Clamp - The round clamp mouth can be used with a wooden board in many occasions.","['클립', '힌지', '미술', '가정', '공예품', '광택', '그림', '금속', '대형', '바인더']"
사무용품,"클립, 집게 및 링",집게,,B07TLKSHDZ,"대형 불독 클립, 실버 스테인리스 스틸 파일 머니 바인더 클립 클램프/금속 식품 백 종이 클립 가정용 사무실 학교 종이 용품",XMHF,22977,22977,4.5,43.0,"사진, 지도, 표지판, 종이, 조리법, 식탁보, 파일, 가정, 사무실 또는 학교의 가방을 정리하거나 표시하는 데 적합합니다. 바인더 클립은 손잡이에 작은 구멍이 들어있어 벽, 문, 게시판 등에 클립을 쉽게 걸 수 있습니다. 좁은 그립 디자인은 큰 종이를 강력하게 고정하고 손상시키지 않습니다. 스테인리스 스틸 금속 소재, 절대 깨지지 않으며 내구성이 좋습니다. 참고: 모서리와 가장자리가 약간 날카울 수 있습니다. 어린이나 노인에게서 멀리 두십시오. 패키지 구성: 24 x 불독 클립","금속 불독 클립은 집, 사무실 또는 학교에서 드로잉, 그림, 사진, 지도, 간판, 종이, 레시피를 정리하거나 전시하는 데 이상적입니다. 벽, 문, 게시판 또는 원하는 위치에 클립을 걸 수 있는 구멍이 있는 손잡이. 스프링 타이트한 디자인은 파일을 함께 묶어서 종이가 미끄러지거나 당겨지는 것을 방지합니다. 사이즈: 2인치/5cm 패키지 구성: 24 x 불독 클립","['클립', '종이', '불독', '학교', '사무실', '구성', '금속', '파일', '스틸', '손잡이']"
사무용품,"클립, 집게 및 링",집게,,B0CZTPHKL4,화이트 플라스틱 칩 백 클립 밀봉 식품 클립 스낵 백 클립 사진 클립 바인더 클립 종이 클램프 힌지 클립 클램프 및 링 20개,YuanHolumid,9681,9681,,,1,1,"['클립', '집게', '백', '힌지', '화이트', '플라스틱', '종이', '식품', '스낵', '사진']"
사무용품,"클립, 집게 및 링",집게,,B0D1YB5Q6N,"12.7cm(5인치) 대형 클립, 실버 스테인리스 스틸 파일 머니 바인더 클립 클램프 금속 식품 가방 종이 클립 홈 오피스 학교 종이 용품 6팩",HomeplusTG3,9681,9681,,,"가정, 사무실 및 학교에서 사진, 지도, 표지판, 종이, 레시피, 식탁보, 문서, 가방을 전시하는 데 좋습니다. 바인더 손잡이에는 작은 구멍이 있어 벽, 문, 게시판 등에 쉽게 걸 수 있습니다 특수 스프링은 내구성이 뛰어나고 반복적으로 사용해도 느슨해지지 않습니다. 100% 스테인리스 스틸 소재, 절대 파손되지 않으며 내구성이 뛰어납니다. 참고: 모서리와 가장자리가 약간 예리할 수 있으므로 어린이나 노인의 손이 닿지 않는 곳에 보관하십시오. 패키지 구성: 6 x 클립","제품 설명: 가정, 사무실 및 학교에서 사진, 지도, 표지판, 종이, 레시피, 식탁보, 문서, 가방을 전시하는 데 이상적입니다. 바인더 손잡이에는 작은 구멍이 있어 벽, 문, 게시판 등에 쉽게 걸 수 있습니다. 특수 스프링은 내구성이 뛰어나고 반복적으로 사용해도 느슨해지지 않습니다. 사이즈: 5인치/12cm 패키지 구성: 클립 6개 무게: 270g","['구성', '클립', '종이', '가방', '학교', '바인더', '손잡이', '사진', '사무실', '벽']"
사무용품,"클립, 집게 및 링",집게,,B0871MCW3P,"종이 클립, 40팩 10.2cm(4인치) 대형 종이 클립 - 100mm 엑스트라 라지 멀티컬러 점보 코팅 종이 클립 빅 시트 홀더 사무실 학교 문서 정리용",Gute,15221,11066,4.8,1069.0,"【초대형 종이 클립】: 오버사이즈 종이 홀더는 10.2cm(4인치) 100mm가 있어 더 두껍고 두꺼운 종이를 담을 수 있으며 큰 파일이나 카드를 정리하는 데에도 적합합니다 【강한 금속 구조】: 내구성을 위해 비닐 코팅된 프리미엄 품질의 금속 종이 클립. 부드러운 점보 종이 클립으로 느슨한 페이지를 함께 보관하세요. 매끄러운 마감으로 종이의 찢어짐을 방지합니다. 【재미있고 실용적인 분류 클립】: 장식용 종이 클립은 다양한 모양으로 쉽게 부착하고 분해할 수 있으며 매우 매력적이고 재미있게 사용할 수 있습니다. 다양한 색상으로 문서를 색상 코딩 할 수 있으며, 문서 폴더 분류에 가장 적합합니다(색상은 사진과 다를 수 있습니다) 【다양한 용도】: 이 금속 클립은 종이, 문서, 브로셔, 명함, 레시피 등을 정리하는 데 이상적입니다. 점보 종이 클립은 25-30장을 담을 수 있으며, 작은 종이 클립은 10-15장을 담을 수 있습니다. 【정교한 패키지】: 편리한 6개의 구획 보관함이 함께 제공됩니다. 깨지거나 긁힐 염려가 없습니다. 책상, 사무실 또는 공예 캐비닛에 Gute 종이 클립을 추가하세요. 종이용 클립은 훌륭한 가정 및 사무실 정리를 유지하는 데 도움이 됩니다.",,"['종이', '클립', '문서', '정리', '사무실', '점보', '금속']"
사무용품,"클립, 집게 및 링",집게,,B09WJWV8HT,빈티지 여성용 손 모양 책 클립 골드 메탈 종이 클립 문서 핸드북 보관 클립 씰 클램프 커피 티 푸드 백 장식 클립 사무실 학교 가정 DIY 사용,WAYUTO,22132,22132,4.7,23.0,"프리미엄 소재: 고품질 금속으로 제작되어 신축성이 좋으며 내구성이 뛰어나 문서 및 기타 물건을 쥐고 싶은 물건을 보관할 수 있습니다 독특한 디자인: 왜곡 없이 색이 바래지 않는 창의적이고 심플한 할로우 메탈 바인더 클립이 매우 강합니다. 파일을 덮지 않는 독특한 디자인, 특별한 모양의 밝은 색상과 좋은 장식 조정 사용: 강한 스프링은 견고한 유지력과 높은 용량을 만듭니다. 손 모양의 책 클립은 다양한 경우에 나무 보드 또는 자석과 함께 사용할 수 있습니다 다양한 용도: 종이 클립은 문서, 봉투 및 포스터를 정리할 수 있습니다. 바인더 클립은 재사용이 가능하며 장시간 작동이 가능하며 종이, 문서, 사진, 노트북 등을 정리하는 데 사용하기 쉽습니다. 사무실, 학교, 일상 가정 및 DIY 사용에 적합한 종이 클립은 더 많은 재미를 선사합니다 소재 및 사이즈: 소재: 금속 전체 사이즈: 약. 103 x 50 x 30mm/4.06 x 1.97 x 1.18인치(길이 x 너비 x 높이)","특징: 1. 프리미엄 소재: 고품질 금속으로 제작되어 신축성이 좋으며 내구성이 뛰어나 문서 및 기타 물건을 잡고 싶은 물건을 넣을 수 있습니다. 2. 독특한 디자인: 왜곡 없이 색이 바래지 않는 창의적이고 심플한 할로우 메탈 바인더 클립. 파일을 덮지 않는 독특한 디자인, 특별한 모양의 밝은 색상과 좋은 장식. 3. 조정 사용: 강한 스프링은 견고한 유지력과 높은 용량을 만듭니다. 손 모양의 책 클립은 나무 보드 또는 자석과 함께 다양한 경우에 사용할 수 있습니다. 4. 다양한 용도: 종이 클립은 문서, 봉투 및 포스터를 정리할 수 있습니다. 바인더 클립은 재사용이 가능하며 장시간 작동이 가능하며 종이, 문서, 사진, 노트북 등을 정리하는 데 사용하기 쉽습니다. 사무실, 학교, 일상 가정 및 DIY 사용에 적합한 종이 클립은 더 많은 재미를 선사합니다. 사양: 소재: 금속. 전체 사이즈: 약 103 x 50 x 30mm/4.06 x 1.97 x 1.18인치(길이 x 너비 x 높이) 패키지 구성: 금속 클립 1개. 참고: 1. 수동 측정으로 인해 약간의 사이즈 오차가 있을 수 있습니다. 2. 컴퓨터 및 사이트 설정에 따라 약간의 색상 차이가 있을 수 있습니다.","['클립', '문서', '종이', '금속', '가능하다', '바인더', '물건', '디자인', '독특하다', '정리']"
사무용품,"클립, 집게 및 링",집게,,B09PQCC2T4,"10팩 7.6cm(3인치) 너비 스테인리스 스틸 솔리드 프레시 킵 칩 클립 튼튼한 푸드 백 클램프, 주방 사무실용 다목적 에어 타이트 그립 클립, 커피 백, 종이 시트 밀봉",BamLue,11066,8850,4.3,25.0,"【내구성 및 지속성】스테인리스 스틸 소재로 제작되어 플라스틱 클립처럼 갈라지지 않습니다. 견고하고 견고하며 각 클립의 무게는 약 23g이며 수년간 사용할 수 있습니다. 【세련된 디자인】브러시드 텍스처는 현대적인 주방에 완벽하게 어울리는 클립에 우아한 외관을 제공합니다. 참고: 가장자리와 모서리가 약간 날카로울 수 있으므로 어린이의 손이 닿지 않는 곳에 보관하세요. 【내구성 및 지속성】강력한 스프링은 튼튼한 고정력을 제공하여 가방을 단단히 밀봉하고 음식이 추가 공기와 접촉하는 것을 방지하여 부패와 현상을 유발하는 음식을 더 오래 신선하게 유지합니다! 【다양한 용도】주방의 칩, 콘플레이크, 분유, 커피콩, 빵, 냉동 채소 봉지를 밀봉합니다. 사무실에서 메모, 엽서, 서류를 정리하는 데에도 사용할 수 있습니다. 【제품 구성】5가지 색상으로 덮인 튼튼한 클램프 10개. 각 색상에는 클립 2개가 함께 제공됩니다. 너비 7.6cm(3인치), 다양한 식품 가방에 적합합니다.",,"['클립', '밀봉', '튼튼하다', '주방', '구성', '가방', '집게', '음식', '백', '스테인리스']"
사무용품,"클립, 집게 및 링",집게,,B08M7DGCCH,"100피스 플라스틱 종이 패스너 다채로운 플라스틱 문서 파일 패스너 2홀 바인더 클립 종이, 루스 리프 바인딩 클램프",Goeielewe,10553,10553,3.6,28.0,"1. 사이즈(각각): 8 x 1.2cm / 3.1"" x 0.5"" (L*W); 스트랩 사이즈: 17.5 x 0.4cm / 6.9"" x 0.2"" (L*W) 2. 색상: 화이트, 레드, 블루, 그린, 옐로우; 타입: 100개 파일 패스너 3. 종이에 구멍을 뚫고, 패스너 프롱 위에 놓고 압축기로 고정하십시오. 사무실, 학교 등에 적용 가능 4. 내구성, 방수 및 녹 방지, 쉬운 부착 및 쉬운 분리 5. 일반 2홀 펀치 용지에 맞습니다. 학교, 사무실 및 은행에서 사용하기에 적합합니다","특징: 1. 서류, 연재, 파일을 정리하는 데 좋습니다. 2. 이 종이 패스너는 문서를 잘 고정할 수 있습니다. 3. 시트 프로텍터 또는 낱장 용지를 바인딩하는 데 적합합니다. 4. 실용적인 홈 오피스 학교 용품. 5. 종이에 구멍을 뚫고 패스너 프롱 위에 놓고 압축기로 고정하십시오. 사무실, 학교 등에 사용할 수 있습니다. 설명: -소재: 플라스틱 -사이즈: 8 x 1.2cm / 3.1"" x 0.5"" (L*W) -색상: 화이트, 레드, 블루, 그린, 옐로우 패키지 구성: 플라스틱 종이 패스너 100개","['패스', '종이', '학교', '플라스틱', '사무실', '파일', '고정', '레드', '문서', '용지']"
사무용품,"클립, 집게 및 링",집게,,B0CSPR49PC,100피스 작은 로즈 골든 종이 클립 스테인리스 스틸 물방울 모양 종이 클립 책갈피 종이 클립 클램프 메모 용지 사진용 15 x 25mm (로즈 골드),XIXILINRUIYUN,8296,7603,4.7,28.0,"독특한 디자인】이 작은 금색 종이 클립의 표면은 매끄럽고 섬세하며 잡기 쉽고 종이에 흠집이 나지 않습니다. 학생, 교사 및 직원이 사무실, 학교 또는 가정에서 문서를 정리하는 데 매우 적합합니다. 【정교한 솜씨】잘 만들어졌으며 종이를 단단히 고정할 수 있으며 쉽게 미끄러지지 않습니다. 파일을 순서대로 보관하고 검색을 용이하게 하며 좋은 사용 경험을 제공합니다. 【독특한 디자인】물방울 모양의 디자인은 창의적이며 전체 모양이 매끄럽고 아름답습니다. 지루한 공부와 작업에 많은 재미를 가져다 줄 것입니다. 【고품질 소재】부식 방지 기능이 있고 녹슬지 않고 가벼운 고품질 금속 소재로 제작되었습니다. 문서, 파일, 종이, 사진 등을 정리하는 데 사용할 수 있습니다. 【다양한 용도】사이즈는 0.98 x 0.59인치/2.5 x 1.5cm입니다. 문서와 일일 파일을 정리할 수 있을 뿐만 아니라 DIY, 책갈피, 앨범 폴더, 연락처 및 봉투 폴더로도 사용할 수 있습니다.","독특한 디자인】이 작은 금색 종이 클립의 표면은 매끄럽고 섬세하며 잡기 쉽고 종이에 흠집이 나지 않습니다. 학생, 교사 및 직원이 사무실, 학교 또는 가정에서 문서를 정리하는 데 매우 적합합니다.","['종이', '클립', '정리', '문서', '디자인', '파일', '매끄럽다', '독특하다', '작다', '흠집']"
사무용품,"클립, 집게 및 링",집게,,B0CFYDW5JR,"JuTao 바인더 클립 종이 클램프 바인더 클립 종이 클램프, 금속 루즈 리프 바인더, 지폐 홀더 유틸리티 종이 클립, 사무실 홈 스쿨용, 2.5cm(1인치), 블랙, 10개",Generic,6911,6911,,,"품질: 점보 바인더가 있는 강화 강철로 제작된 바인더는 내구성이 뛰어나고 녹 방지 기능이 있으며 평생 재사용이 가능합니다. 사이즈: 12개의 작은 루스 리프 바인더, 길이 2.5cm(1인치), 용량 1.2cm(0.45인치). 디자인: 긴 은색 암이 있는 검은색 삼각형 상단 손잡이로 바인더를 벽, 문, 광고판 등에 쉽게 걸 수 있습니다. 쉽게 사용할 수 있습니다. 장점: 스프링 타이트 클립은 느슨한 종이 더미를 안전하게 고정하고 냉동 야채와 칩을 열린 봉지를 닫는 데 도움이 됩니다. 용도: 이 유형의 바인더는 사무실, 가정 및 학교에서 많은 용도로 사용할 수 있습니다.",이름: 롱 테일 클립 소재: 금속 무게: 18g 포장: 12개 색상: 클래식 블랙 사용: 다양한 용도,"['바인더', '클립', '종이', '블랙', '리프', '집게', '금속', '사무실']"
사무용품,"클립, 집게 및 링",집게,,B07B63W5BX,"Coideal 금속 바인더 종이 클립 - 48피스 2.5cm(1인치) 미디엄 불 클립 클램프 컬러 사무실 사진 파일용 (멀티컬러, 25mm)",Coideal,9681,9681,4.8,68.0,"실용적인 바인더 클립 - 가정, 사무실 또는 학교에서 사진, 그림, 표지판, 종이, 레시피를 정리, 관리 또는 전시하는 데 가장 적합합니다. 당사의 바인더 클립은 사용하기 쉽고 공간을 절약하며 정리된 상태를 유지할 수 있도록 도와줍니다. 컬러 분류 클립으로 문서 구성을 간소화하세요. 중요한 문서를 쉽게 식별하고 종이 더미를 통해 검색하는 시간을 절약할 수 있습니다. 당사의 불독 클립은 오래 사용할 수 있도록 제작되었습니다. 고품질 탄성 강철과 전기 도금 코팅 공정으로 제작되어 튼튼하고 내구성이 뛰어나며 시간이 지나도 녹슬거나 모양이 변하지 않습니다. 당사의 금속 클립은 돈을 보관하는 것부터 글자와 종이를 정리하는 것까지 다양한 용도에 적합합니다. 가정이나 사무실에 꼭 필요한 제품입니다. 당사의 종이 클립은 귀엽고 튼튼한 욕조에 담겨 제공되어 안전하고 정리할 수 있습니다. 더 이상 클립이 깨지거나 긁힐 염려가 없습니다!","Coideal 고품질 다채로운 바인더 클립은 일상 작업에 도움이 되는 훌륭한 사무용품 도구입니다./특징:/참고:/평생 및 환불 서비스를 제공하므로 지금 제품을 사용해 보십시오./무엇보다도, 저희는 최고의 서비스를 제공할 수 있으며, 고객의 우려 사항을 처리하고 적시에 진지하게 이메일을 보낼 것입니다. 문제가 있으면 즉시 저희에게 연락하십시오. 전액 또는 부분 환불을 받을 수 있습니다.","['클립', '종이', '바인더', '정리', '컬러', '사무실', '서비스', '문서', '절약', '제작']"
사무용품,"클립, 집게 및 링",집게,,B00006IBAQ,"Officemate 자체 접착 프롱 페이퍼 패스너, 매트 스틸 마감, 2.5cm(1인치) 용량, 7cm(2.75인치) 베이스, 100개 박스 (99857)",Officemate,18406,18406,4.5,98.0,펀치 문서를 파일 폴더 또는 파일 표면에 부착합니다 자체 접착 패스너는 영구적으로 부착되는 강력한 접착제가 특징입니다 표준 패스너와 동일한 부식 방지 강화 강철로 제작되었습니다,"무광 스틸 마감 자체 접착 프롱 패스너, 30.5cm(1피트) 용량, 중심에서 중심까지 7cm(2-3/4인치). 부식 방지 강화 강철로 제작되었으며 강력한 접착 접착제가 있어 제자리에 영구적으로 유지됩니다. 펀칭된 문서를 파일 폴더 또는 파일 표면에 부착합니다. 미국에서 제작. 100개/상자./Self-adhesive fasteners attach punched documents to any file folder or filing surface. Strong adhesive keeps fastener permanently attached. Fasteners are crafted from the same corrosion-resistant, tempered steel as standard fasteners.","['접착', '패스', '파일', '부착', '제작', '자체', '프롱', '강철', '강화', '마감']"
사무용품,"클립, 집게 및 링",집게,,B0BN68163F,"24팩 대형 금속 경첩 클립, 3가지 사이즈 불독 클립, 대형 불 클립, 스테인리스 스틸 칩 클립 백 클립 식품 클립, 식품 가방, 그림, 사진, 가정 주방 사무용품용 바인더 종이 클립 클램프",CACASO,17575,17575,4.2,12.0,"🌟3가지 다른 크기의 칩 클립: 15.2 x 7.6cm(6 x 3인치) 불독 클립, 20.3 x 6.4cm(8 x 2.5인치) 불독 클립, 25.4 x 5.1cm(10 x 2인치) 불독 클립을 포함한 24개의 칩 클립을 받게 됩니다. 3가지 사이즈로 다양한 식품 가방에 적합하며 다양한 일상 요구 사항을 충족할 수 있습니다. 🌿고품질: 대형 불 클립은 스테인리스 스틸로 만들어졌으며 녹 방지, 변색 방지, 강하고 내구성이 뛰어납니다. 플라스틱 클립과 달리, 내구성이 뛰어나고 오래 사용할 수 있습니다. 📌타이트한 씰: 백 클립에는 강한 바이트 힘과 쉽게 열 수 있는 강력한 스프링이 내장되어 있어 단단한 고정력과 대용량을 제공합니다. 부패를 방지하기 위해 열린 식품 봉투를 잘 밀봉하여 음식을 더 오래 신선하게 유지할 수 있습니다. 음식 클립은 주방과 보관에 적합합니다. 작은 구멍 디자인 및 휴대성: 금속 불독 클립은 손잡이에 작은 구멍이 있어 벽, 문, 광고판 등과 같은 어디에나 쉽게 걸 수 있습니다. 컴팩트하고 휴대가 간편하며 작동이 쉽고 가방을 단단히 밀봉할 수 있습니다. 여행, 사무실, 가정 등에 적합합니다. 다양한 용도: 이 스테인리스 스틸 칩 클립은 스낵 백, 칩 백, 시리얼 백, 쿠키 백, 커피 백 등에 적합합니다. 사무실에서 메모와 문서 그림을 정리하는 데 적합할 뿐만 아니라 집에서 사진, 지도, 엽서를 전시하는 데에도 좋습니다.",,"['클립', '백', '불독', '식품', '가방', '스테인리스', '방지', '대형', '스틸']"
사무용품,"클립, 집게 및 링",집게,,B0C6MXM9PX,"골드 메탈 힌지 클립 50개, 소형 불독 클립, 경첩 바인더 클립, 미니 클램프 금속 바인더 클립, 불독 바인더 종이 클립, 사진, 사무실, 종이, 가격표 걸기용",IFAMIO,12451,12451,5.0,1.0,업데이트됩니다,업데이트됩니다,"['클립', '바인더', '종이', '업데이트', '불독', '힌지', '집게', '소형', '사진', '사무실']"
사무용품,"클립, 집게 및 링",집게,,B09YN8CBLR,엑스트라 라지 불 클립 2팩 20cm 블루 스테인리스 스틸 클립 점보 종이 클램프 드로잉 보드 포스터 클램핑 백용,GUKBIAY,13836,13836,4.2,11.0,"점보 클립은 블루 페인트가 있는 스테인리스 스틸 금속 소재로 만들어졌으며 방진 및 녹 방지 기능이 있습니다. 클립 손잡이에 작은 구멍이 있어 클립을 벽, 게시판 등에 쉽게 걸 수 있습니다. 자이언트 클립은 길이 20cm(7.8인치)로 사무실, 스튜디오 및 가정에 적합합니다. 견고함 및 내구성: 고강도 클램핑력, 반복 사용 후에도 느슨해지지 않습니다 드로잉 보드, 포스터 보드 및 지도를 걸기에 적합하며, 강아지 사료 가방을 고정하여 부패를 방지합니다. 초대형 스테인리스 스틸 불 클립 2팩이 제공됩니다. (참고: 스테인리스 스틸 클립은 배송 중에 긁힘을 유발할 수 있지만 사용에는 영향을 주지 않습니다.)",,"['클립', '스테인리스', '스틸', '보드', '불', '포스터', '방지', '블루', '드로잉']"
사무용품,"클립, 집게 및 링",집게,,B09ZXM8QWN,"두꺼운 금속 불 클립 10개, 6.4cm(2-1/2인치) 대형 블랙 힌지 클립, 식품 가방 클립, 튼튼한 파일 클램프 사진 종이 클립, 그림 바인더 클립, 드로잉 보드, 사무실 주방용",Bivethoi,11758,11758,3.9,5.0,"두꺼운 디자인: 인화지 클립의 전반적인 두꺼운 디자인으로 클램핑을 더 단단하게 만들고 드로잉 보드를 쉽게 고정할 수 있습니다. 금속 백 클립은 손잡이 부분에 작은 구멍이 있으며 로프와 함께 사용하여 사진, 사진, 아트 페인팅 등을 걸 수 있습니다. 다양한 용도: 금속 공예 클립의 표면은 유지력을 높이기 위해 분사되어 드로잉 종이, 음식 가방, 그림, 예술 사진, 사무실 문서, 주방 레시피, 가정용 식탁보 등을 보관하기에 이상적입니다. 패키지 구성: 금속 그림 클립 10개, 블랙 클립 길이: 2.63인치 / 67mm, 최대 클립 사이즈: 1.54인치 / 39mm, 색상: 매트 블랙. 금속 힌지 클램프는 가정 프로젝트, 사무실 프로젝트, 미술 프로젝트 및 갤러리 전시회 등에 적합합니다. 고품질 소재: 금속 그림 클립은 고품질 철로 만들어져 강하고 내구성이 뛰어나며 쉽게 구부러지지 않습니다. 금속 패키지 클립의 표면은 페인트되어 쉽게 녹슬지 않습니다. 안심하고 구매하세요: Bivethoi의 제품을 선택하게 되어 큰 영광입니다. 제품에 대해 궁금한 점이 있으시면 언제든지 저희에게 연락해 주십시오. 24시간 이내에 만족스러운 해결책을 제공해 드리겠습니다.","Bivethoi에서 구매: 고품질 제품은 작업 효율성을 향상시키고 작업을 더 편리하게 만듭니다. Bivethoi 제품은 포장 전에 전담 품질 검사관의 테스트를 거쳤으므로 안심하고 구입할 수 있습니다. 제품 장점: 인화지 클립의 전반적인 두꺼운 디자인으로 클램핑을 더 단단하게 만들고 드로잉 보드를 쉽게 고정할 수 있습니다. 금속 백 클립은 손잡이 부분에 작은 구멍이 있으며 로프와 함께 사용하여 사진, 사진, 아트 페인팅 등을 걸 수 있습니다. 금속 공예 클립의 표면은 유지력을 높이기 위해 분사되어 드로잉 종이, 음식 가방, 사진, 아트 사진, 사무실 문서, 주방 레시피, 가정용 식탁보 등을 보관하기에 이상적입니다. 제품 사양: 소재: 철 마감 유형: 페인트 블랙 클립 길이: 2.63인치 / 67mm 최대 클립 사이즈: 1.54인치 / 39mm 색상: 매트 블랙 패키지 구성: 금속 그림 클립 10개. 안심하고 구매하세요: Bivethoi의 제품을 선택하게 되어 큰 영광입니다. 30일 무료 반품을 제공하며, 제품에 대해 궁금한 점이 있으시면 언제든지 저희에게 연락해 주십시오. 24시간 이내에 만족스러운 해결책을 제공해 드리겠습니다.","['클립', '금속', '사진', '블랙', '드로잉', '그림', '사무실', '두껍다', '보드', '종이']"
사무용품,"클립, 집게 및 링",집게,,B0CGJC455H,"바인더 종이 클립 불독 덕빌 금속 바인더 클립, 송장 지폐 클립 유틸리티 종이 클립 종이 클램프 공예, 음식 가방, 드로잉, 가정 주방 사무실 사진용 (브론즈, M-40mm)",BeeSpring,10373,10373,5.0,2.0,"M-바인더 클립: 이 크고 튼튼한 클립은 40mm(1.57인치) 너비이며 강력한 스프링이 있어 더 큰 힘을 가하고 단단히 밀봉할 수 있습니다. 이 클립은 내용물을 완전히 밀봉하고 더 오랫동안 신선하게 유지하기 위해 소형에서 큰 가방과 함께 사용하기에 적합합니다. 패키지 구성: 클립 4개. 전기 도금을 한 고품질 합금으로 제작되어 탄력성과 내구성이 뛰어납니다. 가정, 사무실에서 사진, 지도, 표지판, 종이, 레시피를 정리, 관리 또는 전시하는 데 가장 적합합니다 걸이용 클립: 물방울 바인더 클립은 손잡이에 작은 구멍이 있어 벽, 문, 게시판 등에 클립을 쉽게 걸 수 있습니다. 씰링 클립 내장 탄성 스프링, 더 많은 힘을 물고 물린 닫힘 당신의 조직을 재미있게 만드십시오: 공예나 치수를 추가하는 데 적합하며, 작은 클립은 가격표, 사진, 지도, 그림, 종이를 정리하거나 전시하는 데 가장 적합합니다. 사무실이나 일상 생활에서 사용하기 좋으며 모두가 밝은 색상과 패션 디자인을 좋아합니다. 다용도 - 이 스테인리스 스틸 칩 백 클립은 사무실뿐만 아니라 주방, 차고, 창고 또는 내구성 있는 클립이 필요한 곳 어디에서나 사용할 수 있습니다! 감자 칩 백, 시리얼 백, 크래커 팩, 빵, 콩, 냉동 식품, 향신료 등에 적합합니다.","BeeSpring 브론즈 불독 클립은 공예, 음식 가방, 그림, 가정 주방 사무실의 사진에 적합합니다. 놓칠 수 없습니다. 사양: - 색상: 브론즈 - 소재: 합금 - 사이즈: 1.57인치/4cm (M) - 패키지 포함: 4 x 불독 클립 특징: - 공예나 치수 추가에 적합하며, 작은 클립은 상점에서 가격표를 표시하는 데 가장 좋습니다! - 종이를 고정하거나 공예품을 장식하거나 기능적인 용품으로 사용하기에 적합합니다. - 이 바인더 클립을 사용하여 플래너 페이지에 포인트를 주거나 메모, 영수증 등을 함께 보관할 수 있습니다. - 이 바인더 클립은 창의적인 프로젝트에 독특한 외관을 더합니다. 눈길을 끄는 패션 룩으로 공예품 등을 장식하세요!","['클립', '종이', '바인더', '사무실', '공예', '불독', '백', '작다', '사진', '브론즈']"
사무용품,"클립, 집게 및 링",집게,,B0BFQQJRF2,"대형 금속 경첩 클립 - 16팩 5.1cm(2인치) 칩 클립 식품 가방용 실버 바인더 종이 클립 클램프, 사진 사진용, 가정 주방 사무실 학교 용품(51mm)",TANGMENGXI,12451,12451,3.1,2.0,"【걸이용 클립】 - 둥근 바인더 클립은 손잡이에 작은 구멍이 있어 벽, 문, 게시판 등에 클립을 쉽게 걸 수 있습니다 【내구성 있는 금속 클립】 - 우수한 품질의 크롬 마감 스테인리스 스틸 금속 클립, 깨지지 않고 내구성이 뛰어납니다 【강력하고 튼튼한 금속 클립】 - 강한 스프링이 견고한 고정력과 대용량을 만들어 식품 봉투를 밀봉하는 데 가장 적합합니다 【실용적인 불 클립】 - 가정, 사무실 또는 학교에서 사진, 지도, 표지판, 종이, 레시피를 정리하고 관리하거나 전시하는 데 가장 적합합니다 【다용도 원형 클램프】 - 둥근 클램프 입구는 다양한 상황에서 나무 보드와 함께 사용할 수 있습니다","실버 불독 클립: 고품질 광택 스틸 클립은 가정, 사무실, 소매 또는 무역 부스 모티브에 맞는 깔끔하고 심플한 디자인을 통합합니다. 그리고 가장 중요한 것은 매우 강한 고정력으로 절대 놓치지 않을 것입니다. 사무실, 상점, 데이터 및 콜센터, 무역 박람회 부스 및 창고에 적합합니다. 주방, 작업장, 창고, 서재, 공예실, 미디어 룸 등에는 말할 필요도 없습니다. 제품 특징: -프리미엄 스틸 소재 -강한 스프링 -매끄러운 가장자리. 다기능 스틸 클립: -둥근 손잡이 -씰 스낵 백 -디스플레이 사진 -지폐 정리","['클립', '스틸', '금속', '사무실', '가정', '둥글다', '강하다', '집게', '사진', '학교']"
사무용품,"클립, 집게 및 링",집게,,B09ZNM4XG5,"3가지 크기의 다채로운 대형 종이 클립 250피스 세트, 플라스틱 보관 상자 포함 - 내구성이 뛰어나고 녹 방지 사무실 문구류",ZILAMGOO,11066,11066,4.6,197.0,"【다양한 사이즈】: 이 세트에는 3가지 크기의 크고 다채로운 종이 클립 250개가 포함되어 있습니다: 9.9cm(3.9인치) 10개, 4.8cm(1.9인치) 60개, 2.8cm(1.1인치) 180개. 모든 클립은 편리한 플라스틱 보관 상자에 담겨 제공됩니다. 【녹 방지 및 내구성】: 이 종이 클립은 고품질의 비닐 코팅 금속으로 만들어져 부식 방지 및 매끄러운 표면을 보장하여 문서의 손상이나 자국을 방지합니다. 【다용도】: 학교, 사무실 및 일상 사용에 이상적입니다. 이 클립은 DIY 프로젝트, 사진 앨범, 명함 홀더, 책갈피, 봉투 홀더 등에도 사용할 수 있습니다. 【사용자 친화적】: 고품질 종이 클립은 재사용이 가능하며 사용하기 쉽습니다. 각 사이즈는 플라스틱 상자 안의 별도의 칸에 포장되어 쉽게 접근하고 정리할 수 있습니다. 【우수한 고객 서비스】: 30일 무료 반품 정책을 제공합니다. 구매에 만족하지 않으면 언제든지 반품할 수 있습니다.",,"['클립', '방지', '종이', '플라스틱', '상자', '홀더', '사무실', '구성', '녹', '보관']"
사무용품,"클립, 집게 및 링",집게,,B0BN4ZFGB1,"초대형 불독 클립, 2팩 불독 클립 블랙 스테인리스 스틸 문서 바인더 종이 클립, 포스터, 드로잉 보드, 가정, 사무용품, 학용품-30cm(11.8인치)",komstuon,21730,21730,4.2,9.0,"komstuon 초대형 불독 클립 길이 30cm(11.8인치) 길이, 검은색 대형 종이 클립, 완벽한 드로잉 보드 대형 클립, 2팩 당사의 대형 불독 클립은 대부분의 인기 판매자보다 길며 물건을 더 잘 담을 수 있습니다. 블랙 에나멜 페인트를 사용하여 매끄럽고 손에 상처를 주지 않습니다. 당사가 사용하는 배송 포장은 독립적인 상자 포장으로 제품을 쉽게 꺼내고 보관할 수 있습니다. 추가 바인더 클립은 손잡이에 작은 구멍이 있어 벽, 문, 게시판 등 또는 원하는 곳에 클립을 걸 수 있습니다. 강력한 스프링은 강력한 클램핑력을 제공하며 안정적인 클램핑력, 내구성, 고강도 클램핑력, 처짐 없이 반복적으로 사용할 수 있습니다 드로잉 보드, 종이, 포스터에 적합합니다. 집, 사무실, 학교에서 그림, 책, 지도, 종이, 옷, 가방을 전시하세요",,"['클립', '종이', '불독', '보드', '드로잉', '클램핑력', '대형', '초대형', '바인더', '블랙']"
사무용품,"클립, 집게 및 링",집게,,B0BKQGHMKG,"바인더 클립 16개, 멀티컬러 종이 바인더 클립 금속 와이어 바인더 클립 할로우 페이퍼 클램프 서류, 바느질, 공예, 어린이, 선생님, 사무실 학교 용품용(S)",Cyrank,14528,14528,4.5,4.0,"다기능 클립: 다양한 색상의 종이 클립을 사용하여 문서와 종이 공예품을 식별할 수 있으며, 종이, 메모, 영수증, 가방, 책갈피, 파일, 티켓, 옷, 기타 작은 물건 등을 보관하기에 이상적입니다. 학생, 작가, 독자 등에 적합합니다. 다양한 색상: 저희 바인더 클립은 8가지 색상을 가지고 있습니다: 블루 2개, 실버 2개, 블랙 2개, 골드 2개, 로즈 골드 2개, 퍼플 2개, 그린 2개, 브론즈 2개. 이 귀여운 바인더 클립으로 다양한 종이 파일을 쉽게 인식할 수 있습니다. 창의적인 디자인: 혁신적이고 심플한 할로우 아웃 디자인, 창의적이고 패셔너블하며 어떤 텍스트도 가리지 않습니다. 다양한 색상의 종이 클립은 학교나 사무실 생활을 흥미롭게 만들고 일할 때 더 많은 재미를 더합니다. 프리미엄 소재: 다채로운 종이 바인더 클립은 고품질 철 와이어 소재로 만들어졌으며 신축성 있는 스프링 기술로 세련되어 신축성이 좋고 참신하며 심플한 스타일입니다. 다양한 용도: 속이 빈 다양한 색상의 바인더 클립은 사무실, 비즈니스, 학교, 가정, 상점 등에 적합합니다.",,"['클립', '종이', '바인더', '학교', '사무실', '창의', '디자인', '할로우', '골드', '신축']"
사무용품,"클립, 집게 및 링",집게,,B09RH4Z6DR,"16cm(6.3인치) 대형 클립, 5팩 스테인리스 스틸 파일 머니 바인더 클립, 클램프, 금속 식품 가방 종이 클립 홈 오피스 학교 용품용 (블랙)",HomeImpel,20761,20761,4.1,8.0,"패키지 포함: 5 피스 대형 스테인리스 스틸 불독 클립. 소재: 고품질 스테인리스 스틸로 제작, 좋은 신축성과 내구성. 사이즈: 6.3 인치 / 160 mm, 두꺼운 문서를 많이 담을 수 있습니다 집, 사무실 또는 학교에서 사진, 지도, 표지판, 종이, 레시피, 식탁보, 파일, 가방을 정리하거나 전시하는 데 적합합니다. 이 대형 바인더 클립은 손잡이에 작은 구멍이 있어 벽, 문, 게시판 등에 클립을 쉽게 걸 수 있습니다.","내구성 있는 금속 클립 - 우수한 품질의 스테인리스 스틸 금속 클립, 방진 및 녹 방지, 내구성이 뛰어납니다. 강력하고 튼튼한 클립 - 강한 스프링이 견고한 고정력과 대용량을 만듭니다. 다용도 원형 클램프 - 둥근 클램프 입구는 다양한 상황에서 나무 보드와 함께 사용할 수 있습니다. 제품에 만족하지 못하셨다면 주저하지 마시고 저희에게 연락하십시오","['클립', '스테인리스', '스틸', '집게', '대형', '금속', '구성', '종이', '가방', '바인더']"
사무용품,"클립, 집게 및 링",집게,,B0CWDSY19F,4피스 나비 금속 종이 클립 책 클립 바인더 클립 빈티지 불렛 정크 저널 클립 노트북 액세서리 장식 클립 사무실 가정 DIY 사용 학교 문구 브론즈,DUOYUZHIYU,13836,13836,4.6,3.0,"소재: 이 종이 클립은 금속으로 만들어져 녹슬지 않고 쉽게 바래지 않으며 쉽게 깨지지 않으며 자주 사용할 수 있습니다. 사무실, 가정 및 일상용으로 적합합니다. 정교한 디자인: 나비 바인더 클립은 절묘합니다. 날개의 질감이 선명하게 보입니다. 사용하면 종이나 책에 실제 나비처럼 보입니다. 조직을 더 흥미롭게 만드세요. 다양한 용도: 이 종이 클립은 문서를 정리하고 노트북, 책갈피, 스크랩북, 달력 마커 및 기타 품목을 안전하게 고정하고 정리할 수 있으며 DIY, 책갈피, 사진 앨범 클립 및 봉투 클립으로도 사용할 수 있습니다. 장식적인 감각: 이 장식용 바인더 클립은 실용적인 목적을 제공할 뿐만 아니라 그림, 사진, 봉투, 책, 불렛 저널, 정크 저널 또는 아트 저널을 장식하는 데에도 사용할 수 있습니다. 페이지에 시각적 흥미와 개성을 더하세요. 사이즈 및 포장 - 5x3cm(1.9x1.2인치). 패키지에는 나비 바인더 클립 4개가 포함되어 있습니다","이 영수증 클립은 균열, 손상 또는 색이 바래지 않는 강한 금속으로 만들어져 자주 사용할 수 있습니다.","['클립', '바인더', '장식', '종이', '나비', '책', '금속', '가정', '정리', '사진']"
사무용품,"클립, 집게 및 링",집게,,B0D62VSCJH,"오렌지 작은 종이 클립 20개, 오렌지, 귀여운 작은 종이 클립, 닥스훈트 모양의 종이 클립, 귀여운 종이 클립 책갈피 플래너 클립, 사무용품 선물 바인더 및 종이 클립, 클램프 및 링",WsjiaboFux,9681,9681,,,1,1,"['클립', '종이', '작다', '오렌지', '귀엽다', '집게', '책갈피', '선물', '사무', '바인더']"
사무용품,"클립, 집게 및 링",집게,,B07M9DYNZ2,"12개 5cm 너비 불독 클립, 실버 스테인리스 스틸 파일 머니 바인더 클립 클램프/금속 푸드 백 페이퍼 클립 드로잉 보드, 그림, 사진 및 가정 주방 사무용품",COMOK,15221,15221,,,"스테인리스 스틸 금속 소재, 절대 깨지지 않으며 내구성이 뛰어납니다. 5.1cm(2인치) 사이즈로 많은 경우에 사용하기에 충분합니다. 스프링 타이트 디자인은 파일을 함께 묶어 종이가 미끄러지거나 빠지는 것을 방지합니다. 강하고 튼튼한 금속 클립 - 강한 스프링이 견고한 고정력과 대용량을 만듭니다. 바인더 클립은 손잡이에 작은 구멍이 있어 벽, 문, 게시판 등에 클립을 쉽게 걸 수 있습니다.",제품 이름: 불독 클립 종류: Bq-8050; 사이즈: 52 x 40 mm / 2 x 1.57 인치; 구멍 직경: 6 mm / 0.24 인치; 색상: 실버 톤; 무게: 141g. 제품 이름: 불독 클립 12개,"['클립', '불독', '금속', '이름', '파일', '강하다', '바인더', '구멍', '스테인리스', '스틸']"
사무용품,"클립, 집게 및 링",집게,,B07766Z6WD,"Sunmns 300피스 대형 종이 클립, 사무실 학교 및 개인용, 5.1cm(2인치)",Sunmns,11066,11066,4.6,99.0,"패키지에는 2인치(5cm) 은종이 클립 300개가 포함되어 있습니다 금속으로 제작 미끄럼 방지, 컴팩트한 디자인 매끄러운 표면은 종이의 걸림과 자국을 방지합니다 재사용 가능한 투명 플라스틱 케이스에 포장되어 책상이나 서랍을 정리할 수 있습니다",,"['클립', '방지', '종이', '학교', '자국', '개인', '금속', '대형', '디자인', '매끄럽다']"
사무용품,"클립, 집게 및 링",집게,,B0CZYQSHF4,"종이 클립 451피스 흑백 다양한 미디엄 28mm 환경 기술 종이 클립, PVC 프리 컬러 종이 클립, 종이 클립 다양한 색상, 흑백 소형 종이 클립",ZHUNBABA,9542,9542,4.7,364.0,"--패키지 구성: 28mm 귀여운 종이 클립 451개. 저희 종이 클립은 2가지 색상으로 제공됩니다. 다양한 소형 종이 클립 색상으로 문서를 쉽게 색상 코딩할 수 있으며 문서 폴더 분류에 가장 적합합니다. 다양한 색상의 종이 클립을 사용하면 책상용 종이 클립 홀더가 강렬한 작업을 할 때 휴식을 취할 수 있습니다. --편리한 보관: 종이 클립은 튼튼한 직사각형 플라스틱 종이 클립 홀더 용기에 정돈되어 있으며 10개의 분리된 칸이 있어 휴대가 쉽고 책상과 서랍을 깔끔하게 보관할 수 있습니다. 구획화된 종이 클립 홀더는 종이 클립을 다채롭게 꺼낼 수 있으며 엉킴이 없습니다. --녹 방지 및 내구성: 환경 보호 기술로 만든 프리미엄 품질의 금속 종이 클립, 매끄러운 점보 종이 클립 표면은 종이에 걸리거나 자국을 방지합니다. 재미있는 종이 클립은 휴식 방지 및 얼룩 방지 기능이 있습니다. 내구성이 뛰어난 스테인리스 스틸로 제작되어 귀엽고 섬세합니다. 쉽게 깨지지 않아 오랫동안 사용할 수 있습니다. --다용도: 흑백 종이 클립은 사무실 종이, 학교 문서를 클립하는 데 사용할 수 있을 뿐만 아니라 DIY, 책갈피, 사진 앨범 클립, 명함 홀더로도 사용할 수 있습니다. 작은 종이 클립은 일일 메모와 봉투를 분류하고 표시하는 데 사용할 수 있습니다. --우수한 서비스: 저희는 평생 서비스를 제공하는 제조업체로 고객 만족을 위해 노력합니다. ZHUNBABA 컬러 페이퍼 클립에 대한 질문을 해결하고 가장 만족스러운 답변을 드리겠습니다.","451개의 종이 클립은 다양한 요구 사항을 충족하며 오래 사용할 수 있습니다. 특징: ♥ 종이 클립 중간 사이즈. 내구성이 뛰어난 스테인리스 스틸로 만들어졌으며 환경 기술로 제작되었습니다. ♥종이 클립은 걱정 없이 사용할 수 있으며 종이에 흔적이 남지 않습니다. ♥ 동일한 크기의 종이 클립은 쉽게 사용할 수 있도록 별도의 칸에 분리되어 있습니다. ♥ 일상 문서와 봉투를 분류하는 데 사용됩니다. 사무실, 학교, 일상용으로 적합합니다. ♥ 어린이, 교사, 학생, 직원, 공무원 등을 위한 책상을 위한 완벽한 종이 클립 홀더. 사양: ♥ 사이즈: 28 mm ♥ 색상: 2가지 색상 ♥ 수량: 450개의 종이 클립 스몰 평생 서비스: ♥ 종이 클램프 클립에 불만이 있으시면 언제든지 저희에게 연락하십시오. ♥ 전액 환불 또는 재발송해 드립니다. 미니 종이 바인더 클립에 대한 불만이 있으시면 언제든지 저희에게 연락하십시오. ♥ 전액 환불 또는 재발송해 드립니다.","['종이', '클립', '홀더']"
사무용품,"클립, 집게 및 링",집게,,B09FLDYVR5,"12개 20mm 바인더 클립 금속 종이 클램프 클립 장식 노트 레터 홈 스쿨 사무용품, 하트 모양",Lind Kitchen,11066,11066,4.6,5.0,"특별한 디자인: 턴 백 클립의 손잡이는 다양한 목적에 맞게 접거나 분해할 수 있습니다. 창의적인 하트 모양의 디자인으로 제품을 더 아름답고 넉넉하게 만들고, 곡선형 가장자리 디자인으로 종이를 단단히 고정할 수 있습니다. 다양한 용도: 우아한 바인더는 가정, 학교 또는 사무실에서 전단지, 사진, 드로잉, 문서, 티켓 및 테스트 종이를 정리하고 관리하거나 전시하는 데 가장 적합합니다. 정교한 선물: 바인더는 아름답게 디자인되었습니다. 학생, 친구, 교사 및 동료에게 이상적인 선물입니다. 생일, 할로윈, 크리스마스 및 사무용품을 위한 훌륭한 선물입니다. 용도: 다양한 크기의 바인더를 사용하면 다양한 두께의 문서를 분류하여 질서 있고 안전하게 유지할 수 있을 뿐만 아니라 사진/그림/엽서 / 카드를 벽에 놓을 수도 있습니다. 사무실, 학교 및 공예에 적합합니다. 당신이 종이 데이터 수집자라면, 이 바인더가 당신이 가장 좋아하는 것이 될 것이라고 믿습니다.",이름: 러브 하트 바인더 클립 소재: 금속 색상: 로즈 골드 사이즈: 20mm/0.78인치,"['바인더', '종이', '디자인', '클립', '선물', '하트', '금속', '사무', '아름답다', '문서']"
사무용품,"클립, 집게 및 링",집게,,B0D16XY1SP,"40팩 소형 불독 클립 1.9cm(0.78인치) 금속 힌지 클립 힌지 바인더 클립 클램프 드로잉 태그, 가방, 드로잉, 공예, 사무실 및 가정 주방에 이상적 (블랙)",Coufce,9265,9265,,,"신뢰할 수 있는 소재: 고품질 스테인리스 스틸로 제작된 이 클립은 오래 사용할 수 있도록 탁월한 강도와 내구성을 제공합니다. 컴팩트한 사이즈 및 수량: 각 패키지에는 40개의 작은 불독 클립이 포함되어 있으며 각 클립은 약 2cm(0.8인치) 너비입니다. 편리한 걸기: 이 클립은 상단에 구멍이 있어 어디에나 걸 수 있어 쉽게 접근하고 보관할 수 있습니다. 다용도 사용: 가정, 사무실, 학교 또는 기타 행사에 적합한 이 클립은 사진, 지도, 표지판, 종이 등을 전시하기에 적합합니다.","Coufce 소형 불독 클립 금속 경첩 클립 힌지 바인더 클립 클램프 사양: 재료: 금속 사이즈: 1.9cm 색상: 로즈 골드 또는 블랙, 브론즈, 로즈 골드, 실버 또는 블랙 패키지 구성: 불독 클립 40개. 참고: 1. 수동 측정, 사이즈에 약간의 오차가 있을 수 있습니다. 2. 화면 디스플레이의 차이로 인해 색상이 약간 다를 수 있습니다.","['클립', '불독', '블랙', '금속', '힌지', '소형', '패키지', '골드', '집게', '가정']"
사무용품,"클립, 집게 및 링",집게,,B0CHLJHM24,뼈 모양 종이 클립 귀여운 책갈피 클립 금속 종이 클립 대형 사무실 종이 클립 장식 종이 클램프 100개,ccHuDE,6911,6911,,,"소재: 금속 사이즈: 18 x 38 mm (너비 x 길이) 수량: 100개 (색상 무작위 배송) 사진 앨범, 책갈피, 레터 홀더, 종이 홀더, 머니 클립을 만드는 데 널리 사용됩니다 가정, 사무실, 학교, 일상 사용 등에 적합합니다. 가족, 친구, 아이들을 위한 좋은 선물입니다","가정, 사무실, 학교, 일상 사용 등에 적합합니다. 가족, 친구, 아이들을 위한 좋은 선물입니다","['클립', '종이', '사무실', '홀더', '선물', '가족', '금속', '학교', '가정', '일상']"
사무용품,"클립, 집게 및 링",집게,,B0CNVS4LXX,"대형 금속 불독 클립, 엑스트라 라지 바인더 클립 5개, 점보 17.8cm(7인치), 칩 및 기타 푸드 백, 작업, 예술, 사무실 및 주방용 자이언트 바인더 클립",CARLKEMIAN,23531,23531,4.8,39.0,"【불독 클립 라지】이 초대형 바인더 클립은 너비가 17.8cm(7인치)이며 최대 입구는 5.1cm(2인치)입니다. 약 4cm(1.6인치) 두께의 종이 400장을 쉽게 고정할 수 있습니다. 【고품질 대형 금속 불독 클립】튼튼한 대형 금속 클립은 두꺼운 강판으로 만들어졌으며 광택, 아연 도금 및 마지막으로 두꺼운 페인트로 코팅되어 클립이 산화나 녹 없이 충분히 견고하고 내구성이 뛰어나며 항상 아름다운 외관을 유지합니다. 【우수한 밀봉 클립】강력한 클램핑력을 제공하여 음식을 추가 공기와 접촉하고 부패를 일으키는 것을 방지하기 위해 가방을 단단히 밀봉하여 음식을 더 오랫동안 신선하게 유지합니다. 【편리한 보관】이 불 클립에는 둥근 구멍이 있습니다. 둥근 구멍의 직경은 0.8cm(0.3인치)입니다. 벽, 문, 게시판 등에 쉽게 걸 수 있습니다. 【다용도 엑스트라 라지 바인더 클립 점보 15.2cm(6인치)】이 블랙 초대형 종이 클램프는 음식 클립, 클립보드 클립, 서류 작업용 클립, 게시판 클립, 공예용 금속 클립, 사무실 클립, 사진을 걸 수 있는 클립, 드로잉 보드 클립, 벽걸이 클립 등으로 사용할 수 있습니다.",,"['클립', '바인더', '금속', '대형', '불독', '음식', '라지']"
사무용품,"클립, 집게 및 링",집게,,B09XB2BLLH,"금속 불독 클립 HSCGIN 15피스 50mm/2인치 대형 금속 경첩 클립 다기능 실버 불 바인더 종이 클램프 파일 클램프 사진 사진용, 가정 주방 사무실 학교 용품 칩 클립",HSCGIN,12866,12866,5.0,4.0,"대형 금속 힌지 클립 50mm. 색상: 실버. 소재: 스테인리스 스틸. 사양: 50mm/1.96인치. 포장: 15개. 디자인: 밝은 색상, 내구성 및 광택, 클립 끝에 작은 구멍이 있어 코르크보드 벽, 문, 포스터에 클립을 쉽고 편리하게 걸 수 있습니다. 소재: 내구성이 뛰어난 금속 클립, 고품질 크롬 도금 스테인리스 스틸 금속 클립, 먼지 및 녹 방지, 절대 깨지지 않음, 내구성. 다용도 금속 클립: 문서, 지폐, 사진, 잡지, 메모, 포스터, 레시피, 테이블보를 집이나 학교에서 정리하는 데 적합하며 사무실 문서 및 예술 프로젝트에 적합합니다.","대형 금속 힌지 클립 50mm. 색상: 실버. 소재: 스테인리스 스틸. 사이즈: 50mm/1.96인치. 포장: 15개. 다용도 금속 클립: 가정이나 학교에서 문서, 지폐, 사진, 잡지, 메모, 포스터, 레시피, 식탁보를 정리하는 데 적합하며 사무실 용지 및 예술 프로젝트에 적합합니다.","['클립', '금속', '사진', '학교', '구성', '실버', '포스터', '대형', '스틸', '스테인리스']"
사무용품,"클립, 집게 및 링",집게,,B0C6N1ZFXC,"실버 메탈 힌지 클립 50개, 소형 불독 클립, 경첩 바인더 클립, 미니 클램프 금속 바인더 클립, 불독 바인더 종이 클립, 사진, 사무실, 종이, 가격표 걸기용",IFAMIO,12451,12451,5.0,2.0,"대량 수량: 모든 정리 요구 사항에 적합한 50개의 작은 실버 메탈 힌지 클립 팩을 구입하십시오. 이 대량 수량을 사용하면 가장 필요할 때 클립이 부족하지 않습니다. 고품질 소재: 고품질 금속으로 제작된 이 힌지 바인더 클립은 내구성이 뛰어나고 오래 사용할 수 있도록 제작되었습니다. 강력한 그립감을 제공하여 사진, 종이, 가격표 등을 제자리에 안전하게 고정합니다. 소형 휴대용 사이즈: 각 불독 클립은 약 너비 2cm(0.8인치). 이 미니 불독 클립은 작고 가벼우며 휴대와 보관이 편리하므로 어디를 가든 휴대할 수 있습니다. 구멍이 있는 클립: 각 금속 바인더 클립은 상단에 구멍이 있어 사진, 가격표 또는 문서를 쉽게 걸고 전시할 수 있습니다. 후크, 와이어 또는 못에 걸어 쉽게 정리할 수 있습니다. 다양한 사용: 이 힌지 클립은 다양한 용도에 적합합니다. 가정, 학교 및 사무실에서 종이를 정리하고 상점에 사진이나 가격표를 걸 때 사용하세요.","소형 금속 경첩 클립 세트 50개 사양 소재: 내구성 있는 금속 사이즈: 약. 너비 2cm(0.8인치). 패키지 구성: 50피스 x 금속 힌지 클립 실버 메탈 힌지 클립 50개로 삶을 정리하세요. 이 작은 불독 클립은 사진, 가격표 등을 걸기에 적합합니다. 고품질 금속으로 제작되어 강한 그립감을 제공하여 물건을 제자리에 안전하게 고정합니다. 대량 수량 50개로 가장 필요할 때 클립이 부족하지 않습니다. 컴팩트한 휴대용 사이즈로 휴대와 보관이 편리합니다. 각 클립은 상단에 구멍이 있어 쉽게 걸고 전시할 수 있습니다. 사무실을 정리하거나 상점에 사진을 걸거나 가방과 태그를 안전하게 보관해야 할 때 이 다용도 클립은 작업에 적합합니다. 내구성이 뛰어난 다목적 금속 힌지 클립으로 종이, 사진, 태그 및 문서를 쉽게 정리하거나 전시할 수 있습니다. 당사의 금속 클립 팩이 최고인 이유는 무엇일까요? 대량 수량 고품질 소재 소형 휴대용 사이즈. 걸이용 구멍 디자인 다양한 사용 만족 보장 저희는 여러분이 종이용 불독 클립에 만족하시길 바라며, 구매에 만족하실 수 있도록 최선을 다하고 있습니다. 어떤 이유로든 만족하지 못하셨다면 저희에게 알려주시면 기꺼이 환불해 드리겠습니다. 작은 금속 클램프를 지금 주문하세요!","['클립', '금속', '힌지', '사진', '불독', '휴대', '정리', '종이', '바인더', '가격표']"
사무용품,"클립, 집게 및 링",집게,,B0C54SWWSQ,엑스트라 라지 불 클립 30.5cm(12인치) 2팩 블랙 점보 스테인리스 스틸 클립 종이 클램프 홀더 드로잉 보드 포스터 클램핑 백용,GUKBIAY,20747,20747,4.8,7.0,"점보 클립은 스테인리스 스틸 금속 소재와 블랙 페인트로 만들어졌으며 방진 및 녹 방지 기능이 있습니다. 클립 손잡이에 작은 구멍이 있어 클립을 벽, 게시판 등에 쉽게 걸 수 있습니다. 거대한 클립은 30cm(12인치/12인치) 길이로 사무실, 스튜디오 및 가정에 적합합니다. 견고함 및 내구성: 고강도 클램핑력, 반복 사용 후에도 느슨해지지 않습니다 드로잉 보드, 포스터 보드 및 지도를 걸기에 적합하며, 강아지 사료 가방을 고정하여 부패를 방지합니다. 초대형 스테인리스 스틸 불 클립 2팩이 제공됩니다.",,"['클립', '보드', '스틸', '스테인리스', '포스터', '블랙', '방지', '드로잉', '불']"
사무용품,"클립, 집게 및 링",집게,,B0BKQJ4KHG,"바인더 클립 16개, 멀티컬러 종이 바인더 클립 금속 와이어 바인더 클립 할로우 종이 클램프 서류 작업, 바느질, 공예, 어린이, 교사, 사무실 학교 용품(L)",Cyrank,24362,24362,5.0,2.0,"창의적인 디자인: 혁신적이고 심플한 할로우 아웃 디자인, 창의적이고 패셔너블하며 텍스트를 가리지 않습니다. 멀티컬러 종이 클립은 학교나 사무실 생활을 흥미롭게 만들고 일할 때 재미를 더합니다. 다양한 색상: 바인더 클립은 8가지 색상이 있습니다: 블루 2개, 실버 2개, 블랙 2개, 골드 2개, 로즈 골드 2개, 퍼플 2개, 그린 2개, 브론즈 2개. 다기능: 다양한 색상의 종이 클립을 사용하여 문서와 종이 공예품을 식별할 수 있으며, 종이, 메모, 영수증, 가방, 책갈피, 파일, 티켓, 옷, 기타 작은 물건 등을 보관하는 데 이상적입니다. 학생, 작가, 독자 등에 적합합니다. 용도: 종이 클램프는 사무실, 비즈니스, 학교, 가정 등에 적합합니다. 소재: 고품질 철 와이어 소재로 제작되었으며 신축성 있는 스프링 기술로 세련되어 신축성이 좋고 참신하며 심플한 스타일입니다.",,"['종이', '클립', '바인더', '사무실', '학교', '디자인', '창의', '심플', '컬러', '와이어']"
사무용품,"클립, 집게 및 링",집게,,B0CVGZ2V48,PRETYZOOM 25피스 폴더 서브 파일 클립 가방 클립 패키지 클립 큐비클 클립 에어 머니 보관 클립 칩 클립 바인더 종이 클램프 씰 클립 아이언 클램프 야외 스테인리스 스틸 사무실,PRETYZOOM,12243,12243,,,"바인더 클립 중형 및 대형: 이 머니 클립은 지갑의 물건이 누락되는 것을 효과적으로 방지하고 실용적이고 편리합니다. 책 클립: 작은 현금 클립은 어떤 주머니에도 잘 맞으며 어떤 경우에도 적합합니다. 금속 불독 클립: 실용적이고 편리하며 이 제품을 구입할 수 있습니다. 지폐 고정 클립: 머니 클립은 지갑의 물건이 미끄러지거나 떨어지는 것을 방지하여 지갑을 깔끔하게 정리할 수 있습니다. 불독 클립: 머니 클립은 수표, 신용 카드, 현금, 티켓 등을 보관하기에 적합하며 지갑을 정리하는 데 도움이 됩니다.",,"['클립', '멀다', '지갑', '물건', '방지', '실용', '편리하다', '현금', '집게', '불독']"
사무용품,"클립, 집게 및 링",집게,,B093PR3CJL,"컬러 불독 종이 클립 20개, 3.8cm(1.5인치) 금속 미니 바인더 클립 머니 클램프 태그 가방, 상점, 사무실 및 가정 주방용 - 블랙",Quluxe,18406,18406,4.6,6.0,"⭐사이즈: 39 x 36 x 22 mm/1.53 x 1.41 x 0.86 인치 (길이 x 너비 x 높이) ⭐다양한 색상: 네 가지 색상 중에서 선택할 수 있습니다. 더 아름답게 보일 뿐만 아니라 사용하기 더 편리합니다. ⭐걸 수 있는 클립: 로즈 골드 바인더는 손잡이에 작은 구멍이 있어 벽, 문, 광고판 등에 쉽게 걸 수 있습니다. ⭐강력한 클립: 강한 스프링이 견고한 고정력과 대용량을 만듭니다. ⭐다양한 용도: 공예나 치수 추가에 완벽하며, 작은 클립은 상점, 가정 또는 사무실에서 가격표, 사진, 지도, 드로잉, 서류를 정리하고 표시하는 데 가장 적합합니다.",제품 사양 사이즈: 39 x 36 x 22 mm/1.53 x 1.41 x 0.86 인치 (길이 x 너비 x 높이) 소재: 메탈; 색상: 블랙 총 중량: 130g 패키지 구성 파일 클램프 20개. 저희 제품이나 서비스에 대한 의견이 있으시면 언제든지 연락 주시기 바랍니다. 고객님을 위해 봉사하게 되어 영광입니다. 저희 제품을 선택해 주셔서 감사드리며 행복한 삶을 기원합니다!,"['클립', '블랙', '사무실', '바인더', '선택', '집게', '상점', '가정', '작다']"
사무용품,"클립, 집게 및 링",집게,,B08NZBV2SM,"3.8cm(1.25인치) 레드 불독 바인더 종이 클립/금속 힌지 클립 파일 클램프, 공예품, 식품 가방, 드로잉, 사진용, 가정 주방 및 사무실 용, 12팩.",grwanpen,11744,11744,4.5,149.0,"소재: 스테인리스 스틸, 좋은 신축성과 내구성. 점보 바인더 클립은 견고하며 종이를 함께 고정할 수 있는 매우 강한 그립감을 가지고 있습니다. 레드 힌지 클립은 손잡이에 작은 구멍을 통합하여 벽, 문, 광고판 등에 클립을 쉽게 걸 수 있습니다. 이 종이 클립은 많은 종이를 담을 수 있는 매우 강한 그립감을 가지고 있습니다. 각 클립 사이즈: 약 1. 너비 63.5cm(25인치).",,"['클립', '종이', '힌지', '강하다', '레드', '바인더']"
사무용품,"클립, 집게 및 링",집게,,B0CR3HNHM7,"골드 종이 클립 50개, 작은 금속 와이어 할로우 아웃 다목적 유틸리티 클립, 송장 지폐 종이 클립, 사무실, 홈 스쿨용",Motroce,9681,9681,5.0,2.0,"풍부한 수량: 이 패키지에는 투명 보관 상자에 깔끔하게 정리된 50개의 골드 종이 클립이 포함되어 있으며 각 클립은 7 x 33mm입니다. 일상적인 사용 요구 사항을 수용할 수 있는 충분한 수량으로 일상적인 사무실 작업에 우아한 느낌을 더합니다. 고품질 소재: 고품질 금속으로 제작된 이 종이 클립은 풍부하고 생생한 색상을 자랑하며 녹을 방지하고 구부러짐에 강합니다. 매끄러운 표면은 종이의 얼룩을 방지하고 장기간 사용할 수 있도록 내구성을 보장합니다. 세련된 디자인: 작은 물고기를 닮은 유쾌한 속이 빈 디자인이 특징인 이 매력적인 바인더 클립은 세련되고 귀엽고 독특하며 문서와 종이 공예품을 장식하는 데 이상적입니다. 학교나 사무실 생활에 재미를 더합니다. 편리한 보관 및 사용: 이 클립은 쉽게 접근할 수 있어 책상과 서랍을 깔끔하게 유지합니다. 매끄러운 코팅으로 긁힘 없이 종이를 부착하고 분리할 수 있어 번거롭지 않게 사용할 수 있습니다. 다용도 기능: 청구서, 문서 및 보고서를 수집하는 데 완벽할 뿐만 아니라 이 골드 종이 클립은 학교 또는 사무실 문서를 정리하는 데에도 적합합니다. 또한 책, 사진, 포스터를 장식하는 역할을 하며 다양한 공예 목적으로 다용도로 사용할 수 있습니다.","골드 종이 클립 50개, 소형 금속 와이어 할로우 아웃 다목적 유틸리티 클립, 송장 지폐 종이 클립, 사무실, 홈 스쿨용","['클립', '종이', '사무실', '골드', '문서', '목적', '금속']"
사무용품,"클립, 집게 및 링",집게,,B0D47ZCVFR,"1InTheOffice 종이 패스너, 프롱 패스너, 금속 패스너, 5.1cm(2인치), 중앙에서 중앙까지 7cm(2.75인치), 100팩",1InTheOffice,8296,8296,4.7,3.0,길이 5.1cm(2인치) 크기의 파일 패스너는 내구성이 뛰어난 금속 구조로 서류와 문서를 안전하게 묶는 데 도움이 됩니다. 패스너는 금속 구조로 튼튼하고 내구성이 뛰어나며 실버 마감으로 다른 사무용품과 쉽게 조화를 이룹니다. 금속 패스너는 강하게 고정되며 프롱을 들어 올려 쉽게 제거하거나 재배치할 수 있습니다. 프롱을 종이에 삽입하고 함께 누르기만 하면 됩니다. 종이 패스너는 사무실이나 집에서 중요한 문서와 서류를 정리하는 데 이상적입니다. 프롱 패스너 5.1cm(2인치)는 각각 7cm(2.75인치) 중앙에서 중앙까지 측정된 100개로 제공됩니다.,"1InTheOffice 종이 패스너, 프롱 패스너, 금속 패스너, 5.1cm(2인치), 중앙에서 중앙까지 7cm(2.75인치), 100팩/1InTheOffice 종이 패스너는 종이를 효율적으로 고정할 수 있는 종합적인 솔루션입니다. 100개의 피스가 포함된 이 팩은 전문적이고 개인적인 필요에 맞는 고품질 프롱 패스너를 충분히 공급할 수 있도록 합니다. 내구성이 뛰어난 금속으로 제작된 이 패스너는 수명과 견고한 성능을 보장합니다. 5.1cm(2인치) 길이와 7cm(2.75인치) 중앙에서 중앙 디자인으로 다양한 문서 크기에 맞게 다용도로 사용할 수 있어 다양한 서류 정리 요구 사항을 수용할 수 있습니다. 사무실, 교실 및 가정용으로 이상적인 이 금속 패스너는 신뢰할 수 있고 안전한 고정력을 제공하여 종이가 미끄러지거나 잘못 놓이는 것을 방지합니다. 편리함과 내구성을 모두 제공하는 필수 프롱 패스너로 서류 정리 시스템을 단순화하여 문서를 쉽게 정리할 수 있습니다./주요 포인트:/- 한 팩에 종이 패스너 100개 팩./- 오래 사용할 수 있는 내구성 있는 금속 구조./- 중심에서 중앙까지 7cm(2.75인치) 디자인의 다용도 5.1cm(2인치) 길이./- 사무실, 교실 및 가정용으로 이상적입니다./- 종이를 안정적이고 안전하게 고정합니다./- 효율적인 문서 정리를 위한 종합적인 솔루션/- 종이가 미끄러지거나 잘못 놓이는 것을 방지합니다./- 전문적이고 개인적인 서류 정리에 필요한 편리하고 필수적인 도구.","['패스', '종이', '중앙', '금속', '프롱', '정리', '서류', '구성', '문서', '고정']"
사무용품,"클립, 집게 및 링",집게,,B07ZS2QKG2,"OLYMPX 2.5cm(1인치) 용량 프리미엄 금속 프롱 페이퍼 패스너 베이스 500개, 종이 파일 클립 폴더 액세서리용 7.9cm(2.75인치) 베이스, 5박스 팩, 박스 당 100개 베이스",Olympx,30456,30456,4.4,44.0,"높은 용량: OLYMPX의 각 상자에 500개의 고품질 종이 패스너로 광범위한 작업을 수행합니다. 프롱 당 2.5cm(1인치) 용량을 자랑하는 이 제품은 두꺼운 프레젠테이션을 쉽게 만들 수 있습니다. 헤비 게이지, 프리미엄 소재로 제작된 이 패스너는 우수한 강도와 오래 지속되는 내구성을 보장합니다. 간편한 사용: 사용자 친화성을 염두에 두고 설계된 OLYMPX의 프리미엄 프롱 패스너는 폴더를 추가하고 제거하는 과정을 단순화합니다. 간단한 구조, 퀵 릴리즈 메커니즘 및 조절 가능한 동반으로 원활한 경험을 보장합니다. 패스너는 컴팩트하고 공간을 절약하며 편리하게 구부릴 수 있어 다용도로 사용할 수 있습니다. 깔끔한 정리: 신중하고 효율적인 패스너로 중요한 서류의 청결과 정리를 유지하세요. 책/인쇄 스타일로 문서를 안전하게 묶고 정리하여 깔끔하고 쉽게 사용할 수 있습니다. 타의 추종을 불허하는 다용도: 표준 펀칭 게이지에 맞게 제작된 이 패스너는 일상적인 서류 정리 및 문서 보관 요구 사항을 수용합니다. 다양한 용도로 사용할 수 있는 필수 도구입니다. 우수한 장인: OLYMPX의 패스너는 부식 방지, 강화 및 도금 강철로 제작되어 놀라운 강도와 수명을 보여줍니다. 섬세한 솜씨, 매끄러운 표면 및 녹 방지 디자인으로 수명이 연장되어 신뢰성과 우수성을 제공합니다.","2.5cm(1인치) 용량의 프롱 페이퍼 패스너 베이스 500팩으로 문서를 안전하게 고정하세요./프리미엄 프롱 패스너 베이스로 페이지를 잃지 않고 문서를 단단히 결합하십시오. 책/인쇄 스타일을 함께 안전하게 보관하고 정리하는 데 사용되는 베이스 유닛입니다. 베이스는 헤비 게이지 소재로 제작되었습니다. 부식 방지, 강화 및 도금 강철로 탁월한 강도와 내구성을 제공합니다.//사양:/- 실버./- 2.5cm(1인치) 용량./- 미국에서 제작./- 표준 7cm(2.75인치) 간격./-팩당 500개의 패스너(베이스만 해당)./- 일반 2홀 펀치 용지와 함께 작동합니다./- 우수한 강도와 내구성을 위한 헤비 게이지, 고급 소재.//제품 특징:/프리미엄 품질 - 우수한 강도와 내구성을 위해 부식 방지, 강화 및 도금 강철로 제작되었습니다. 미국에서 제작./깨끗함 - 기본 유닛은 중요한 서류가 깨끗하고 표시되지 않도록 도와줍니다./대용량 - 각 프롱 패스너는 2.5cm(1인치) 용량으로 두꺼운 프리젠테이션을 만들 수 있습니다./간편한 사용 - 이 프리미엄 프롱 패스너 베이스는 폴더를 쉽게 추가하고 제거할 수 있도록 제작되었습니다./다용도 - 모든 표준 펀칭 게이지에 맞게 설계되었습니다.//저희는 고객님의 안전과 만족을 최우선으로 두고 있으며, 고객님께서 선택한 제품에 만족하시길 바랍니다. 그렇기 때문에 저희는 고품질 제품을 제공하기 위해 엄격한 과정을 거칩니다.//100% 만족 보장/안심하고 구매하세요! 저희는 제품에 자부심을 가지고 30일 환불 / 교체 보증을 제공합니다!","['패스', '베이스', '제작', '프롱', '프리미엄', '정리', '게이지', '우수하다', '문서', '구성']"
사무용품,"클립, 집게 및 링",집게,,B08M32P6SG,"400피스 프롱 페이퍼 패스너 컴프레서 5.1cm(2인치) 용량 금속 바인딩 클립, 6.4cm(2-3/4인치) 베이스, 표준 2홀 펀치, 실버",MIVIDE,27575,27575,4.4,14.0,"【프리미엄 품질】우수한 강도와 내구성을 위해 부식 방지, 강화 및 도금 강철로 제작되었습니다 【쉬운 사용】종이에 구멍을 뚫고 패스너 프롱 위에 놓고 압축기로 고정하십시오 【공간 절약】서류를 안전하게 고정하고, 중요한 문서와 서류를 정리하여 깨끗하고 손상되지 않습니다 【대용량】총 400개의 종이 패스너 (박스 8개, 박스 당 50개). 각 프롱 패스너는 5.1cm(2인치) 용량입니다 【다용도】모든 표준 펀칭 게이지에 맞게 설계되었습니다. 일일 서류 정리 및 문서 보관에 적합합니다","5.1cm(2인치) 용량 프롱 페이퍼 패스너 세트 (400 세트) -섬세한 솜씨로 뛰어난 강도와 내구성을 위한 헤비 게이지, 고급 소재, 매끄러운 표면, 가볍고 얇고 녹 및 부식 방지, 긴 사용 수명. - 더 이상 안전하고 단단하며 타이트하게 제작되어 움직일 때 종이가 떨어질 염려가 없습니다. - 이 프리미엄 프롱 패스너는 폴더를 쉽게 추가하고 제거할 수 있도록 제작되었습니다. - 표준 6.4cm(2-3/4인치) 간격과 5.1cm(2인치) 용량의 일반 2홀 펀치 용지에 맞습니다. 사양: - 소재: 스틸 - 색상: 실버 톤 - 용량: 5cm - 치수: 80mm x 10mm (길이*폭) - 패키지 포함: 400PCS 금속 사무실 패스너 (전체 세트)","['패스', '프롱', '표준', '제작', '서류', '홀', '구성', '부식', '실버', '안전하다']"
사무용품,"클립, 집게 및 링",집게,,B08JHDVJGM,"바인더 클립 미디엄 금속 클램프 3.2cm(1-1/4인치), 3.2cm(1.25인치), 32mm (실버, 26개)",nctinystore,10373,10373,4.8,601.0,바인더 클립,"다양한 사이즈 색상 (마이크로, 미니, 스몰, 미디엄, 라지) (실버, 골든, 블랙, 블루, 핑크, 옐로우, 그린)","['클립', '실버', '바인더', '미디엄', '핑크', '집게', '옐로우', '스몰', '블루', '블랙']"
사무용품,"클립, 집게 및 링",집게,,B0C5BFKBWT,"OLYMPX 8.9cm(3.5인치) 용량 프리미엄 금속 프롱 종이 패스너 베이스 및 컴프레서 세트 50개, 실버/매트 마감",Olympx,24916,24916,3.7,7.0,"대용량 — 총 50개의 종이 패스너. 각 프롱 패스너는 8.9cm(3.5인치) 용량으로 두꺼운 프레젠테이션을 만들 수 있습니다. 우수한 강도와 내구성을 위한 헤비 게이지, 고급 소재. 프리미엄 품질 — 헤비 게이지와 고급 소재로 제작되어 섬세한 기술로 우수한 강도와 내구성을 제공합니다. 매끄럽고 가벼우며 얇은 표면을 가지고 있습니다. 각 세트는 우수한 강도와 내구성을 위해 부식 방지, 강화 및 도금 강철로 제작되었습니다. 미국에서 제작. 깨끗하고 정리 유지 — 종이와 문서를 쉽고 안전하게 고정합니다. 중요한 서류 작업을 단단히 압축하여 귀중한 파일링과 보관 공간을 절약할 수 있습니다. 타이트한 방식으로 문서를 고정하고 정리하는 데 사용됩니다. 쉬운 사용 — 완벽한 투피스 패스너에는 프롱 베이스와 컴프레서가 포함되어 있습니다. 이 프리미엄 프롱 패스너는 폴더에서 문서를 쉽게 추가하고 제거할 수 있도록 제작되었습니다. 간단한 구조, 작은 사이즈, 퀵 릴리즈 메커니즘, 쉽게 구부리고 스테이플링할 수 있음, 조절 가능한 유입 및 공간 절약. 이 프리미엄 노치 잠금 규칙은 폴더를 쉽게 추가하고 제거할 수 있도록 제작되었습니다. 다용도 — 가정, 직장 및 학교에서 생산성을 높이기 위해 가장 광범위한 고정 장치에 대한 당사의 패스너를 신뢰할 수 있습니다. 두 개의 구멍이 있는 모든 표준 펀칭 게이지에 맞게 설계되었습니다. 일상적인 서류 정리 및 문서 보관에 적합합니다. 부드럽고 안전한 주석 및 동전 가장자리가 특징입니다.","8.9cm(3.5인치) 용량 프롱 페이퍼 패스너 세트(50세트)/완전한 2피스 종이 패스너 세트로 문서를 안전하게 고정하여 페이지를 잃지 않고 운반할 수 있습니다!/완벽한 투피스 패스너에는 프롱 베이스와 컴프레서가 포함되어 있습니다. 잠금 압축기는 베이스 프롱 위로 미끄러져 종이를 단단히 압축하여 귀중한 파일링과 보관 공간을 절약합니다. 자주 수정하거나 추가해야 하는 파일 폴더에 사용하기에 이상적입니다./7cm(2.75인치) 간격과 8.9cm(3.5인치) 용량의 일반 2홀 펀치 용지에 맞습니다. 부식 방지 강철로 만든 투피스 프롱 패스너. 우수한 강도와 내구성을 위한 헤비 게이지, 고급 소재. 코인 가장자리는 매끄럽고 안전합니다. 미국에서 제작./W H A T Y O U W I L L G E T/제품 사양:/제품 이름: 금속 사무실 패스너 (전체 세트) ⋆ 색상: 실버 매트 ⋆ 소재: 스틸 ⋆ 용량: 8.9cm ⋆ 패키지 구성: 상자에 총 50개의 종이 패스너/제품 장점:/✔ 더 안전하고 단단하며 타이트하며 더 이상 움직일 때 종이가 떨어지는 것에 대해 걱정할 필요가 없습니다./✔ 안전하고 견고하며 휴대가 간편합니다. 유지 관리를 위한 좋은 도우미./✔ 안전하게 배치되어 중요한 파일, 문서 및 서류를 정확하고 쉽게 분류하고 정리할 수 있습니다./✔ 우수한 강도와 내구성을 위해 부식 방지, 강화 및 코팅 강철로 제작되었습니다./✔ 이 프리미엄 프롱 패스너는 폴더를 쉽게 추가하고 제거할 수 있도록 제작되었습니다./100% 만족 보장 안심하고 구매하세요! 저희는 제품을 지지하며 30일 환불 및 교체 을 제공합니다!","['패스', '프롱', '제작', '종이', '안전하다', '구성', '문서', '우수하다', '프리미엄', '피스']"
사무용품,"클립, 집게 및 링",집게,,B07RS9XY51,yyangz 50개/박스 금속 파일 패스너 2홀 금속 바인더 클립 종이 패스너 루스 리프 바인딩 클램프 8cm,RuiLing,13282,13282,3.8,61.0,"종류: 50pcs 금속 파일 패스너, 사이즈: 8cm, 대용량, 최대 50mm. 매일 서류 정리 및 보관에 적합합니다. 고품질: 니켈 도금 금속 소재로 제작되어 정교한 솜씨, 매끄러운 표면, 가볍고 얇음, 녹 및 부식 방지, 긴 사용 수명. 간단한 구조, 작은 사이즈, 퀵 릴리즈 메커니즘, 쉽게 구부리고 스테이플링할 수 있음, 조절 가능한 바인딩 텐트레인, 공간 절약. 추가적인 보안을 제공하여 견고하고 타이트하며 더 이상 옮길 때 종이가 떨어질 염려가 없습니다. 훨씬 안전하고 튼튼하며 휴대가 간편합니다. 서류를 안전하게 순서대로 보관할 수 있는 좋은 도우미로 중요한 파일, 문서 및 종이를 깔끔하고 쉽게 분류하고 정리할 수 있습니다.","종류: 금속 파일 패스너 사이즈: 8cm 색상: 실버 톤 소재: 금속, 니켈 도금 수량: 50개/박스 대용량, 최대 50mm. 고품질: 훌륭한 솜씨, 매끄러운 표면, 가볍고 얇음, 녹 및 부식 방지, 긴 수명을 갖춘 니켈 도금 금속 소재로 제작되었습니다. 간단한 구조, 작은 사이즈, 퀵 릴리즈 메커니즘, 쉽게 구부리고 스테이플링할 수 있음, 조절 가능한 바인딩 입구로 공간 절약. 추가적인 보안을 제공하며 견고하고 타이트하게 움직일 때 종이가 떨어질 염려가 없습니다. 훨씬 안전하고 견고하며 휴대가 간편합니다. 종이를 안전하고 순서대로 보관할 수 있는 좋은 도우미로, 중요한 파일, 문서 및 종이를 깔끔하고 쉽게 분류하고 정리할 수 있습니다","['금속', '종이', '파일', '패스', '안전하다', '바인더', '도금', '니켈', '정리', '견고하다']"
사무용품,"클립, 집게 및 링",집게,,B0B1M7NRPW,20피스 귀여운 과일 당근 만화 무 노트 클립 클립 귀여운 종이 클립 사무실 문구 학교 유용한 어린이 훌륭한 생일 선물,YYANGZ,11066,11066,5.0,1.0,"고품질 소재: 금속 소재로 만든 당근 종이 클립, 환경 보호, 안전 및 건강. 만화 종이 클립은 사무실 장식으로 책상을 밝힐 뿐만 아니라 사무실 종이 도우미도 수용할 수 있습니다. 제품 크기: 길이 35mm / 1.37인치, 너비 13mm / 0.51인치. 정교한 선물: 당근 종이 클립은 생일을 위한 흥미로운 선물이며 휴일을 위한 완벽한 선물입니다. 소녀와 여성을 위한 정교하고 실용적인 작은 선물은 서로 사이의 거리를 줄이고 우정을 향상시킬 수 있습니다. 축하 선물로서, 그 특성은 모든 사람이 기억할 것입니다. 다양한 용도: 사무용품 및 책상 액세서리에 매우 적합하며 노트북, 스크랩북, 캘린더 마크 및 기타 품목에 널리 사용됩니다. 문서, 청구서, 편지 및 보고서를 쉽게 분류할 수 있습니다. 이 사랑스러운 바인더는 사무실 문서를 위한 좋은 도우미이므로 작업과 공부의 재미를 쉽게 경험할 수 있습니다.","제품 소재: 금속 제품 모양: 당근 제품 크기: 길이 35mm/1.37인치, 너비 13mm/0.51인치","['선물', '클립', '종이', '사무실', '당근', '생일', '문서', '만화', '도우미', '책상']"
사무용품,"클립, 집게 및 링",집게,,B0D2K7SNT4,칩 및 음식용 15.2cm(6인치) 대형 비닐 봉투 클립 - 이 다용도 클립으로 사무실이나 가정을 깨끗하게 유지하세요,bepisof,12866,12866,,,"""사이즈 및 색상 - 15.2 x 8.5cm(6 x 3.35인치) 총 6팩 칩 백 클립, 색상 - 퍼플, 오렌지, 로즈 레드, 그린, 블루, 옐로우. 미끄럼 방지 기능이 있는 고품질 플라스틱과 고무는 우수한 밀봉을 유지합니다. 칩 및 기타 식품 봉투를 위해 특별히 설계된 대형 비닐 봉투 클립으로 간식을 신선하고 바삭하게 유지하세요. 이 가방 클립은 음식 봉투를 위한 편리하고 체계적인 보관 솔루션을 제공합니다. 지저분한 흘림과 어수선한 캐비닛에 작별 인사를 하세요. 이 클립은 주방이나 식료품 저장실에서 높은 빈도를 견딜 수 있을 만큼 충분히 크고 단단합니다. 다용도 디자인의 이 플라스틱 클립은 다양한 음식 가방에 사용할 수 있어 필수 주방 액세서리입니다.","색상: 퍼플, 오렌지, 로즈 레드, 그린, 블루, 옐로우 사이즈: 길이 15.2cm(6인치) x 너비 8.9cm(3.35인치) 소재: 플라스틱, 고무 패키지: 대형 클립 6개. 내구성이 뛰어나고 세척이 쉽고 마모에 강하며 오래 지속되는 성능을 보장합니다. 단순하면서도 효과적인 디자인으로 쉽게 열고 닫을 수 있어 좋아하는 간식을 꺼낼 때 번거롭지 않은 경험을 제공합니다. 이 백 클립은 칩 및 기타 식품 백을 밀봉하는 데 완벽할 뿐만 아니라 다양한 기타 보관 요구 사항에도 편리합니다.","['클립', '봉투', '음식', '플라스틱', '백', '대형', '유지', '블루', '비닐', '보관']"
사무용품,"클립, 집게 및 링",집게,,B0BZMD2T7R,저널 클립 황동 골드 클립 빈티지 바인더 클립 금속 종이 클립 튼튼한 불독 경첩 클립 노트북 클립 플랫 대형 파일 바인더 클립 클램프 사무실 학교 플래너 여행용,XDONEF,14390,14390,5.0,10.0,"황동 소재: 이 독특한 골드 종이 클립은 0.8mm 두께의 단단한 황동으로 제작되어 내구성과 신뢰성을 보장하면서 미적 매력을 유지합니다. 녹 방지, 변색 방지 및 변형되지 않습니다. 내부가 완전히 평평하여 종이를 망치지 않습니다. 정교한 장인 정신: 구멍이 있는 튼튼한 불독 클립은 스탬핑 오목/볼록한 표면 공정을 채택하고 세련된 패턴으로 조각되어 고급스러운 느낌으로 부드러운 빈티지 골든 룩을 만들어 공부와 생활에 완벽한 추가 아이템입니다. 강력하고 편리함: 두꺼운 매우 긴 스프링은 견고한 그립력과 대용량을 제공하며 문서 및 기타 원하는 물건을 단단히 고정할 수 있습니다. 대형 바인더 클립은 뒷면 손잡이에 작은 구멍이 있어 어디에나 걸 수 있어 쉽게 꺼낼 수 있습니다. 다용도 불 클립: 종이, 송장, 지폐, 사진, 엽서, 잡지, 메모, 표지판, 레시피, 스케치, 수채화 보드 및 팔레트를 정리하는 데 가장 적합합니다. 사무실 서류 및 미술 프로젝트에 적합하며 탁월한 취향을 보여줍니다. 🎁사이즈: 각 금속 힌지 클립은 4.4x4x2.1cm(1.7x1.5x0.8인치)이며 최대 100장의 A4 용지를 고정할 수 있습니다. 무게: 31.2g 패키지: 1 x 황동 종이 클립 + 1 x 금속 보관 병. 선생님, 학생, 작가, 점원, 화가, 디자이너, 여행자, 플래너, 예술가 등을 위한 이상적인 선물.",,"['클립', '종이', '황동', '바인더', '금속', '튼튼하다', '대형', '불독', '빈티', '구멍']"
사무용품,"클립, 집게 및 링",집게,,B08R78GK99,"NUOBESTY 금속 바인더 클립 종이 클램프, 로즈 골드 하트 모양 파일 클립 바인더 클립-20개",NUOBESTY,13379,13379,,,"바인더 클립은 금속으로 만들어져 내구성이 뛰어나고 재사용이 가능합니다. 종이에서 쉽게 열고 제거할 수 있어 서류, 사진 및 문서 등을 쉽게 정리할 수 있습니다. 음식 클립, 옷, 사무실 문서에 적합하며 사무실, 학교, 가정에서 사용하기에 적합합니다. 쉽게 열고 문서에 단단히 고정하십시오. 영수증, 다이어리, 시험지, 재료, 스낵 백, 헤드셋 케이블, 데이터 케이블 등을 보관하고 정리할 수 있습니다. 밝은 로즈 골드 색상과 신축성이 좋은 프리미엄 스테인리스 스틸 소재.","금속 바인더 클립 종이 클램프, 로즈 골드 하트 모양 파일 클립 바인더 클립-20개 설명 고품질 금속 소재로 제작된 이 바인더 클립 세트는 내구성이 뛰어나고 오래 사용할 수 있습니다. 영수증, 다이어리, 테스트 종이, 재료, 간식 가방, 헤드셋 케이블, 데이터 케이블 등을 보관하고 정리할 수 있습니다. 언제든지 쉽게 휴대할 수 있으며 문서를 완전히 사용할 수 있습니다. 당사의 금속 바인더 클립을 선택해야 하는 이유 - 색상: 로즈 골드. - 소재: 금속. - 사이즈: 5.00 x 2.50 x 1.00 cm/1.97 x 0.98 x 0.39 인치. - 바인더 클립은 금속으로 만들어져 내구성이 뛰어나고 재사용이 가능합니다. 종이에서 쉽게 열고 제거할 수 있어 서류, 사진 및 문서 등을 쉽게 정리할 수 있습니다. - 영수증, 다이어리, 시험지, 재료, 간식 가방, 헤드셋 케이블, 데이터 케이블 등을 보관하고 정리할 수 있습니다. - 음식 클립, 옷, 사무실 문서에 적합하며 사무실, 학교, 가정에서 사용하기에 적합합니다. - 밝은 로즈 골드 색상과 신축성이 뛰어난 프리미엄 스테인리스 스틸 소재. - 하트 모양의 디자인, 아름답지만 실용적이며 가정, 사무실, 학교 등에 적합합니다. 고객 서비스 제품에 대해 궁금한 점이 있으시면 ""판매자 연락처"" 버튼을 클릭하여 이메일을 보내주십시오. 최대한 빨리 회신해 드리겠습니다.","['클립', '바인더', '금속', '문서', '케이블', '종이', '사무실', '정리', '골드', '구성']"
사무용품,"클립, 집게 및 링",집게,,B01GDZLJD2,"Coolrunner 금속 바인더 클립, 사무실 클립, 유틸리티 페이퍼 클립 48개",Coolrunner,9681,9681,4.6,38.0,"그립 클립은 메모 및 기타 중요한 종이를 담을 수 있습니다 상단에 페깅 구멍이 있어 어디에나 걸 수 있어 쉽게 꺼낼 수 있습니다 클립은 튼튼한 니켈 도금 강철로 만들어져 안전하게 고정됩니다 사이즈: 25*43*12mm 48개 팩, 색상은 무작위로 발송될 수 있습니다","특징: 클립은 몇 종이나 두께가 9mm인 종이를 담을 수 있는 매우 강한 그립감을 가지고 있습니다. 서류와 서류를 정리하고 컬러 코딩하는 데 좋습니다. 또한, 공예품, 모델링 및 DIY 프로젝트에서 클리핑, 그립 및 클램핑 등을 위해 집, 사무실 또는 작업장에서 다양한 용도로 널리 사용됩니다. 종이를 함께 보관하는 데 이상적입니다. 매달려 있는 구멍. 소재: 스테인레스 스틸 각 클립 크기: 25*43*12mm 패키지 포함사항 : 48 x 골드 불독 클립","['클립', '종이', '사무실', '서류', '구멍']"
사무용품,"클립, 집게 및 링",집게,,B0CQVSB16T,"바인더 클립 및 종이 클립 조합, 상자 포함, 28mm 종이 클립 및 3가지 사이즈 컬러 금속 클립 학교/사무실/가정용",KetterlePPE,13836,13836,5.0,2.0,"【고품질】이 바인더 클립은 고품질 금속으로 만들어졌으며 다채로운 녹 방지 도금 코팅으로 표면에 칠해져 있으며 니켈 도금 손잡이는 접을 수 있습니다. 【쉬운 사용】바인더 클립은 스테이플 자국을 남기지 않고 쉽게 고정하고 제거할 수 있으며 가정, 학교 및 사무실에서 널리 사용됩니다.",저희는 이 61피스 금속 바인더 클립과 박스 콤보가 있는 종이 클립을 신중하게 디자인했습니다. 작은 친구들의 일상적인 사용을 용이하게 하기 위해 그리드가 있는 투명 상자는 필요한 바인더 클립의 크기와 선호하는 색상을 한 눈에 볼 수 있습니다. 빈 상자는 부품 및 주얼리 보관 상자로 사용할 수 있으며 실용적이고 아름답습니다,"['클립', '바인더', '상자', '종이', '금속', '학교', '도금', '사무실', '가정']"
사무용품,"클립, 집게 및 링",집게,,B0CHF4D4LR,"플라스틱 칩 백 클립 10개, 투명 종이 클립 클램프, 음식 가방 파일 사진 아트 공예에 적합, 주방 사무실 학교용",Kopida,8406,8406,,,"소재: 플라스틱으로 제작되어 스타일리시하고 청소하기 쉽습니다. 둥근 모서리는 거친 부분으로부터 보호하며 절단에 대해 걱정할 필요가 없습니다. 독특한 디자인: 각 클립은 투명하고 심플하며 스타일리시하여 집, 주방 또는 사무실을 예술 작품처럼 만듭니다! 단단한 밀봉: 클립은 강한 스프링 힘과 물린 힘을 가지고 있습니다. 가방을 완전히 밀폐하여 공기 또는 물 침식으로부터 음식을 보호하고 음식을 더 오래 신선하게 유지합니다. 다기능: 부엌뿐만 아니라 사무실이나 내구성 있는 클립이 필요한 곳에서도 사용할 수 있습니다! 간식(감자 칩, 비스킷, 빵, 견과류, 젤리)을 밀봉하는 데 매우 적합하며 문서, 영수증, 사진 등을 정리하는 데에도 사용할 수 있습니다. 사이즈 및 수량: 패키지에는 10개의 플라스틱 클립이 포함되어 있으며 2가지 크기: 3.8cm 및 5cm입니다. (각 사이즈 5개)","사이즈: 38mm, 50mm(수동 측정, 참고용)./유형: 바인더 종이 클립/소재: 플라스틱/포장 목록: 바인더 종이 클립 10개./참고:/* 조명과 화면 차이로 인해 제품의 색상이 사진과 약간 다를 수 있습니다./* 수동 측정으로 인해 0.5-1cm 오차가 있을 수 있습니다.","['클립', '플라스틱', '사무실', '사진', '음식', '종이', '힘', '주방', '밀봉', '바인더']"
사무용품,"클립, 집게 및 링",집게,,B083TJ1WWP,불독 클립 4피스 75mm/3인치 합금 불독 그립 클립 사진 지도 종이 지폐,Longdex,13697,13697,4.8,14.0,"가정, 사무실 또는 작업장에서 공예, 모델링 및 DIY 프로젝트에서 클리핑, 그립 및 클램핑 등을 위해 다양한 용도로 널리 사용됩니다. 클립의 그립은 매우 강하며 용지가 쉽게 부서지지 않으며 가장 두꺼운 22mm 두께의 종이를 자를 수 있습니다. 벽에 쉽게 걸 수 있도록 손잡이에 작은 구멍을 통합하여 벽, 문, 광고판 등에 클립을 걸 수 있습니다. 공예나 치수 추가에 완벽한 이 클립은 상점, 가정 또는 사무실에서 가격표, 사진, 지도, 드로잉, 종이를 정리하고 표시하는 데 가장 적합합니다. 사이즈(대략): 75x73x33mm/2.95x2.87x1.30인치(길이x너비x높이). 수량: 4개.","사양:/소재: 합금/사이즈(대략): 75x73x33mm/2.95x2.87x1.30인치(길이x너비x높이)/색상: 실버/무게: 48g/개/수량: 4개/특징:/클립의 그립은 매우 강하며 용지가 쉽게 부서지지 않으며 가장 두꺼운 22mm 두께의 종이를 자를 수 있습니다./또한 가정, 사무실 또는 작업장에서 공예, 모델링 및 DIY 프로젝트에서 클리핑, 그립 및 클램핑 등을 위한 다양한 용도로 널리 사용됩니다./벽에 쉽게 걸 수 있도록 손잡이에 작은 구멍을 통합하여 벽, 문, 광고판 등에 클립을 걸 수 있습니다./공예나 치수 추가에 완벽한 이 클립은 상점, 가정 또는 사무실에서 가격표, 사진, 지도, 드로잉, 종이를 정리하고 표시하는 데 가장 적합합니다.","['클립', '종이', '가정', '사무실', '공예', '벽', '사진', '지도', '불독', '문']"
사무용품,"클립, 집게 및 링",집게,,B0D1KKSLN2,"별 종이 클립 80개, 장식용 종이 클립, 창의적인 금속 달과 별 모양 종이 클립, 재미있고 귀여운 종이 클립 골드 문스타 모양 종이 클립 책갈피 사무실 문서 파일 정리용",Capiant,12451,12451,,,"【경량 및 내구성】- 금속 달 및 별 모양 종이 클립은 가볍고 휴대가 간편하며 내구성이 뛰어나며 쉽게 깨지지 않아 장기간 사용할 수 있습니다. 귀여운 종이 클립은 문서 분류에 적합합니다. 【소재】- 장식용 종이 클립은 녹 방지 플라스틱 코팅이 된 금속 소재로 만들어져 쉽게 변색되지 않고 쉽게 녹슬지 않습니다. 【다양한 용도】- 중간 모양의 종이 클립에 작은 초승달이 있는 사랑스러운 5포인트 별이 있어 문서와 드로잉 용지를 정리할 수 있으며 장식용 종이 클립은 사무실, 가정 및 일상용으로 적합합니다. 【재미있는 디자인】- 로맨틱한 별 모양의 이 컬러 종이 클립은 밝은 부식 방지 표면을 가지고 있습니다. 【용지 손상 없음】- 금속 종이 클립은 사용 시 종이를 쉽게 손상시키지 않으며 책갈피 등으로도 사용할 수 있습니다. 둥근 모서리는 종이가 손상되지 않고 최대한 손상되지 않도록 합니다.","별 종이 클립 80개, 장식용 종이 클립, 창의적인 금속 달과 별 모양 종이 클립, 재미있고 귀여운 종이 클립 골드 문스타 모양 종이 클립 책갈피 사무실 문서 파일 정리용","['종이', '클립', '금속', '문서', '손상', '장식', '책갈피', '사무실', '재미있다', '정리']"
사무용품,"클립, 집게 및 링",집게,,B0B4VV65G4,"푸시 핀이 있는 불독 클립 12팩, 강한 스프링이 있는 종이 파일 클립, 금속 바인더 클립, 커피 티 푸드 백용 씰 클램프(블랙, 63mm)",YUCHIYA,22146,22146,4.6,1003.0,"♥ 특수 폐쇄 공정이 있는 차세대 스프링, 양쪽 끝에 볼트 고정, 스프링이 더 이상 떨어지지 않습니다. 매우 길고 두꺼운 강한 스프링은 견고한 고정력과 높은 그립 용량을 만들어 매우 얇은 종이 한 조각에서 두꺼운 종이에 고정할 수 있습니다. ♥ 환경 친화적인 고품질 철 소재, 상단 도금 공예가 있는 빈티지 색상, 단순하지만 실용적인 디자인으로 탄력성, 부식 방지 및 뛰어난 내구성을 보장합니다. ♥ 걸 수 있는 손잡이 구멍--상단의 고정 구멍을 사용하면 벽, 문, 코르크 보드, 광고판 및 어디에나 쉽게 접근할 수 있도록 푸시 핀으로 클립을 걸 수 있습니다. ♥ DIY 공예 및 장식 액세서리에 적합하며 문서 및 서류를 정리하기에 좋습니다. 데이터 분류, 사무실 관리, 테스트 용지 분류, 사진/그림/지도/가격표 디스플레이, 커피/차/식품 가방 클립으로도 사용할 수 있어 사무실, 학교 및 가정 생활을 효율적이고 다채롭게 유지할 수 있습니다. ♥ 사이즈: 길이 63mm 너비 55mm* 높이 6mm. 소재 두께: 0.5mm","제품 사용: 커피 백, 선반 클립, 문구 티켓 홀더, 수공예 클립 등. (정교한 외관) 불독 클립/종이 클립/바인더 클립/파일 클램프/머니 클램프 사이즈 사양 50mm 사양: 길이 50mm 너비 46mm* 높이 5.5mm. 소재 두께: 0.45mm 63mm 사양: 길이 63mm 너비 55mm* 높이 6mm. 소재 두께: 0.5mm","['클립', '종이', '스프링', '사양', '고정', '집게', '공예', '분류', '두껍다', '바인더']"
사무용품,"클립, 집게 및 링",집게,,B08M5V3JG9,엑스트라 라지 불 클립 2팩 30.5cm(12인치) 블루 점보 스테인리스 스틸 클립 종이 클램프 홀더 드로잉 보드 포스터 클램핑 백용,GUKBIAY,19362,19362,4.5,154.0,"점보 클립은 블루 페인트가 있는 스테인리스 스틸 금속 소재로 만들어졌으며 방진 및 녹 방지 기능이 있습니다. 클립 손잡이에 작은 구멍이 있어 클립을 벽, 게시판 등에 쉽게 걸 수 있습니다. 거대한 클립은 30cm(12인치/12인치) 길이로 사무실, 스튜디오 및 가정에 적합합니다. 견고함 및 내구성: 고강도 클램핑력, 반복 사용 후에도 느슨해지지 않습니다 드로잉 보드, 포스터 보드 및 지도를 걸기에 적합하며, 강아지 사료 가방을 고정하여 부패를 방지합니다. 초대형 스테인리스 스틸 불 클립 2팩이 제공됩니다. (참고: 스테인리스 스틸 불독 클립은 배송 중에 긁힘을 유발할 수 있지만 사용에는 영향을 주지 않습니다!!!)",,"['클립', '스테인리스', '스틸', '보드', '블루', '드로잉', '포스터', '방지', '불']"
사무용품,"클립, 집게 및 링",집게,,B07KY4MM2S,집안 100개 핏불 모양의 종이 클립 종이 클립 클립 수집가나 사무실 선물용으로 좋습니다 - 뚜껑과 선물 상자가 있는 라운드 틴으로 제공됩니다.,Butler in the Home,23531,23531,4.1,12.0,집안의 집사 Pitbull 모양 종이 클립 수집가나 사무실 선물용으로 좋습니다. 나를 고르고 싶은 분들을 위한 멋진 사무실 선물! 감사합니다. 이 Pitbull 모양 종이 클립은 사무실 공간을 밝게 합니다. Pitbull 모양의 종이 클립을 안전하게 보관할 수 있는 뚜껑이 달린 편리한 틴으로 제공됩니다. 집안의 버틀러가 당신에게 가져왔습니다! 홈 스토어에서 다른 훌륭한 모양의 종이 클립을 확인하십시오!,,"['클립', '종이', '사무실', '선물', '집안', '뚜껑', '수집가']"
사무용품,"클립, 집게 및 링",집게,,B00880BQYI,"uxcell 소형 불독 클립, 공예 사진 사진용 실버 메탈 힌지 클립, 사무실 가정용 미니 바인더 클립 종이 파일 클램프, 3.5cm(1.2인치), 10팩",uxcell,15304,15304,4.4,3.0,"내구성이 뛰어난 금속 바인더 클립: 불독 클립은 견고하며 종이를 함께 고정할 수 있는 매우 강한 그립감을 가지고 있습니다 편리한 사용: 힌지 클립은 손잡이에 작은 구멍이 있어 클램프를 벽, 문, 코르크 보드에 쉽게 걸 수 있습니다 실용적인 불독 클립: 작은 불독 클립은 공예품, 사진, 달력, 레시피, 청구서, 고지, 종이, 그림 및 음식 가방을 정리하고 전시하는 데 적합합니다. 가정, 사무실 및 상점에 적합합니다 강력한 그립: 고탄성 스프링이 내장된 바인더 클립은 문서를 제자리에 안전하게 고정하여 미끄러지거나 떨어지는 것을 방지합니다 컴팩트한 사이즈: 각 종이 파일 클램프는 너비 3cm(1.2인치), 총 60개이며 컴팩트하고 휴대가 가능하여 일상적인 요구 사항을 충족합니다","불 힌지 종이 클램프는 3.1cm(1.2인치) 크기로 10개 팩으로 제공됩니다. 내구성이 뛰어난 구조로 이 실버 불독 클립은 오래 지속되는 신뢰성을 제공합니다. 작고 가벼워 휴대와 보관이 쉽습니다. 이 금속 힌지 클립은 공예, 사진, 사진 및 기타 창의적인 프로젝트에 적합합니다. 손상 없이 물건을 안전하게 고정할 수 있습니다. 특징: 쉬운 작동, 빠른 클램핑 강한 그립감을 제공하며, 평평한 표면은 문서를 보관하는 동안 파손되지 않습니다. 문서, 파일, 영수증, 티켓, 종이 등을 고정할 수 있는 강력한 마찰력을 가지고 있습니다. 순서대로 보관하고 쉽게 꺼낼 수 있습니다. 사양: 제품 이름: 사무실 바인더 클립. 소재: 스테인리스 스틸 색상: 실버 톤 클램프 너비: 3cm/1.2"" 최대 열린 폭: 1.5cm/0.6"" 총 중량: 37g/1.3oz 각 사이즈(약): 3.2 x 3 x 2cm/1.2"" x 1.2"" x 0.8"" (L*W*T) 패키지 구성: 10 x 사무실 바인더 클램프 참고: 1. 개별 컴퓨터 모니터의 차이로 인해 화면의 색상이 실제 색상을 정확하게 반영하지 못할 수 있습니다. 2. 측정 방법이나 도구가 다르기 때문에 약간의 편차(1-3cm 범위)가 있을 수 있습니다.","['클립', '종이', '집게', '바인더', '불독', '고정', '사무실', '힌지', '사진', '실버']"
사무용품,"클립, 집게 및 링",집게,,B0CPPM4PCS,"10팩 마그네틱 칩 클립, 백 클립 푸드 클립, 식품 포장용 마그네틱 클립, 자석 클립 칩 클립 자석, 냉장고용 플라스틱 다채로운 스낵 클립",WUDIME,9681,9681,4.5,255.0,"안전한 씰 백 클립 - 이 푸드 클립의 상단 끝은 실리콘으로 특별히 설계되어 스낵 백을 안전하게 잡고 간식을 신선하고 건조하게 유지하기 위해 단단히 밀봉할 수 있습니다. 마그네틱 칩 클립 - 당사의 클립은 뒷면에 자석이 장착되어 있어 냉장고에 쉽게 부착할 수 있습니다. 칩 백 클립은 칩 백을 밀봉하는 데 유용할 뿐만 아니라 메모, 사진, 삽화, 영수증 및 기타 작은 물건을 보관하기에 편리합니다. 대형 오프닝 푸드 클립 - 이 빵 클립은 내구성이 뛰어난 두꺼운 플라스틱 소재로 만들어져 쉽게 깨지지 않습니다. 강력한 스테인리스 스틸 스프링으로 이 칩 클립은 최대 5.1cm(2인치)까지 열 수 있으며 다양한 크기의 가방을 단단히 잡을 수 있습니다. 다용도 마그네틱 클립 - 튼튼한 칩 클립은 꼬리 끝에 구멍이 있어 벽, 칠판 또는 후크가 있는 기타 표면에 쉽게 걸 수 있습니다. 이 기능은 저장 공간을 절약할 뿐만 아니라 필요할 때마다 편리하게 잡을 수 있습니다. 제품 구성 - 이 식품 패키지용 클립은 10개 팩으로 제공됩니다. 생생한 색상 배열은 생생한 터치를 더하여 냉장고, 가정, 주방 및 사무실에 질서와 정리를 제공합니다.","WUDIME 마그네틱 칩 클립 10팩, 식품 클립 가방 클립, 식품 포장용 마그네틱 클립, 자석 클립 칩 클립 자석, 냉장고용 플라스틱 다채로운 스낵 클립","['클립', '그네', '백', '자석', '식품', '푸드', '스낵', '플라스틱']"
사무용품,"클립, 집게 및 링",집게,,B0CCVJW45Y,"10팩 칩 클립 백 클립 푸드 클립, 5가지 색상 고무 테두리, 7.6cm(3인치) 스테인리스 스틸 종이 클램프, 식품 가방, 공예 드로잉, 가정 및 사무실용 대형 불독 클립",komstuon,23531,23531,5.0,2.0,"클립 실리콘 스트립: 클립 가장자리에 실리콘 스트립이 있어 더 나은 타이트함을 제공합니다. 종이에 사용하면 종이를 아름답게 보호합니다. 용지가 인쇄물에서 끼지 않습니다. 두꺼운 소재: 불독 클립은 두꺼운 고품질 스테인리스 스틸 소재로 만들어졌으며 튼튼한 스프링, 견고하고 내구성이 뛰어납니다. 긴 수명을 위해 튼튼한 스테인리스 스틸 소재로 제작되었습니다. 세척이 쉽고 녹슬지 않습니다. 보이는 저렴한 시트 스타일 클립과는 다릅니다 5가지 색상: 5가지 색상의 실리콘 스트립(빨간색, 주황색, 보라색, 파란색, 녹색)이 장착되어 있어 다양한 문서나 식품 가방을 쉽게 구별할 수 있습니다. 필요한 품목을 빠르게 찾을 수 있습니다. 다양한 유형의 가방을 분류하고 다양한 유형의 문서를 분류하는 것이 편리합니다. 선명한 색상이 칙칙한 색상보다 더 아름답게 보입니다 걸이용 구멍: 손잡이에 작은 구멍이 있어 벽, 문, 게시판 등에 클립을 걸기에 편리합니다. 또는 원하는 곳 어디에서든지 사용하기 더 편리합니다. 다기능: 이 스틸 클립은 7.6cm(3인치) 길이이며 더 나은 밀봉을 위한 실리콘 클로저가 특징이며, 음식을 밀봉하고, 문서를 정리하고, 사진을 걸 때 사용할 수 있습니다. 가족 생활, 학교 및 사무실에 없어서는 안될 좋은 제품입니다.",칩 클립 백 클립 푸드 클립,"['클립', '실리콘', '스틸', '가방', '편리하다', '문서', '스트립', '스테인리스', '종이', '구멍']"
사무용품,"클립, 집게 및 링",집게,,B07KWFVV4S,100개 음표 모양의 종이 클립 종이 클립 수집가나 사무실 선물로 적합 - 뚜껑과 선물 상자가 있는 원형 틴 케이스 제공 (블랙),Butler in the Home,23531,23531,4.3,20.0,Butler in the Home 음악 노트 모양의 종이 클립은 종이 클립 수집가 또는 사무실 선물로 적합합니다 나를 데리러 가야 하는 모든 사람을 위한 훌륭한 사무실 선물! :) 이 음악 노트 모양의 종이 클립은 사무실 공간을 밝게 합니다. 음표 모양의 종이 클립을 안전하게 보관할 수 있도록 뚜껑이 달린 편리한 틴 케이스에 제공됩니다 Butler in the Home이 제공합니다. 홈 스토어에 있는 버틀러를 확인하셔서 다른 멋진 모양의 종이 클립을 확인하세요!,,"['클립', '종이', '사무실', '선물', '수집가', '케이스', '노트', '음표', '음악', '뚜껑']"
사무용품,"클립, 집게 및 링",집게,,B0CTCB31X2,STOBOK 10피스 스테인리스 스틸 악어 클립 식품 보관 가방 클립 감자 칩 백 클립 미용사 클립 가정용 식품 가방 클램프 가방 실러 클립 금속 덕빌 다용도,STOBOK,24777,24777,5.0,1.0,"다용도 밀봉 클립: 식품 백 밀봉 클립 - 씰 클램프는 다양한 플라스틱 또는 종이 패키지 식품 백을 밀봉하는 데 사용됩니다. 주방, 거실, 사무실, 기숙사 또는 여행에서 사용할 수 있습니다. 포테이토 칩 백 클립: 클립 디자인, 쉽게 열고 닫을 수 있으며 강한 밀봉으로 패키지의 모든 것을 신선하고 보호합니다. 강한 힌지 오프닝이 있는 클립으로 제작되었습니다. 스테인리스 스틸 클립: 음식 핀 가방 클립 - 친구나 가족을 위한 완벽한 선물이 될 수 있으며 이 도구를 좋아할 것입니다. 헤어라인 광택 마감의 스테인리스 스틸 소재로 멋지게 보입니다. 악어 클립: 가정과 상점에서 사용하기에 충분한 밀봉 클립이 있습니다. 또한 일상 생활에서 사용할 수 있습니다. 스테인리스 스틸 턱 클립은 음식, 간식 등을 신선하게 유지할 수 있는 완벽한 밀봉이 있습니다. 편리한 밀봉 클램프: 이 씰 푸어 푸드 백 클립은 공기와 물이 입구를 통해 들어가지 않도록 안전하게 고정합니다.",,"['클립', '밀봉', '백', '식품', '스테인리스', '스틸', '가방', '집게']"
사무용품,"클립, 집게 및 링",집게,,B094D4F6SQ,"스테인리스 스틸 불독 클립 6개, 대형 클립 파워 메탈 철 선반 옷핀 아트 이젤 클립 청구 정보 작은 티켓 클립 사무실 보관함 정리",dordol,19376,19376,4.4,5.0,"내구성이 뛰어나고 가벼워 일시적으로 큰 종이를 안전하고 안전하게 고정할 수 있습니다 바인더 클립은 손잡이에 작은 구멍이 있어 벽, 문, 게시판 등에 클립을 쉽게 걸 수 있습니다 100% 스테인리스 스틸로 제작되었으며, 심지어 스프링에도 사용할 수 있습니다! 방진 및 녹 방지, 절대 깨지지 않으며 내구성이 뛰어납니다 스테인리스 스틸 산악 티켓 클립은 문서와 서류를 정리하고 색상 코딩하는 데 적합하며 사진, 지도, 표지판, 종이, 레시피, 식탁보, 파일, 가방을 전시하거나 가정/사무실 보관을 위한 훌륭한 도구입니다 패키지 포함: 6pcs 스테인레스 스틸 불독 클립 (3* 엑스트라 라지, 3* 미디엄 사이즈)",레터 클립은 종이를 함께 묶는 데 사용되며 종이를 손상시키지 않고 빠르고 쉽게 제거할 수 있습니다./엑스트라 라지: 약 400장의 A4를 담을 수 있습니다./M: 약 300장의 A4를 담을 수 있습니다.,"['클립', '스틸', '종이', '스테인리스', '엑스트라', '작다', '사무실', '라지', '정리', '장의']"
사무용품,"클립, 집게 및 링",집게,,B0CHHGYRX4,"칩 백 클립, 8팩 대형 스테인리스 스틸 밀폐 백 클립, 주방 및 사무실에 적합 (실버)",Fanng,12395,12395,4.5,2765.0,,"칩 백 클립, 8팩 대형 스테인리스 스틸 밀폐 백 클립은 주방 및 사무실에 적합합니다","['클립', '백', '주방', '스틸', '스테인리스', '사무실', '밀폐', '대형', '적합', '실버']"
사무용품,"클립, 집게 및 링",집게,,B002YK4IHA,"ACCO 황동 종이 파스너, 1.9cm(3/4인치), 도금, 박스 1개, 박스 당 파스너 100개(71703)",ACCO Brands,11066,11066,4.7,3491.0,"클래식 황동 파스너 - 파스너는 문서를 철하는 쉽고 효과적인 방법을 제공합니다. 황동 도금은 제품 수명을 연장하고 부식을 방지하며 매력적인 광택을 더합니다. 1.9cm(3/4인치) 프롱 - 셀프 피어싱 포인트가 있는 강력한 1.9cm(3/4인치) 황동 도금 프롱이 종이를 쉽게 뚫고 안전하게 고정합니다. 지름 0.8cm(5/16인치)의 매력적인 원형 헤드는 깔끔한 외관을 자랑합니다. 튼튼한 고정 - 매끄럽고 튼튼한 파스너는 사무실의 필수품입니다. 종이를 깔끔하고 안전하게 보관합니다. 헤드가 커서 사용하기 쉽고, 황동은 매력적인 광택을 제공합니다. 재사용 가능 - 내구성이 훌륭한 프롱은 유연성이 뛰어나 여러 번 재사용이 가능합니다. 무엇이든 묶어야 할 때 사용하세요. 서류철, 문서, 스크립트 등과 함께 사용하기 좋습니다. 100개 파스너 - 한 박스에 파스너 100개가 있어서 향후 프로젝트에서 넉넉한 용량의 파스너를 제공합니다.","반짝이는 모든 것이 금은 아닙니다 - 황동일 때도 있습니다! 이 견고한 황동 도금 파스너는 문서를 안전하게 보관할 수 있는 효과적이고 매력적인 방법을 제공합니다. 황동 도금은 제품 수명을 연장하고 부식을 방지하고 매력적인 광택을 더합니다. 튼튼한 파스너의 1.9cm(3/4인치) 프롱은 종이를 쉽게 뚫고 안전하게 고정하는 셀프 피어싱 포인트로 설계되었습니다. 이 세련된 파스너는 종이를 깔끔하고 안전하게 고정하며, 헤드가 커서 사용하기 쉽습니다. 지름 0.8cm (5/16인치)의 매력적인 원형 헤드는 깔끔한 외관을 자랑합니다. 프롱은 유연성이 뛰어나서 무제한으로 재사용할 수 있습니다. 이 깔끔하고 작은 파스너는 서류철, 문서, 스크립트 등 다양한 용도로 사용할 수 있습니다. 또한 창의적인 공예 수업에도 적합합니다. 한 박스에 파스너 100개가 있어서 향후 프로젝트에서 넉넉한 용량의 파스너를 제공합니다.","['파스', '황동', '매력', '프롱', '깔끔하다', '종이', '안전하다', '도금', '문서', '고정']"
사무용품,"클립, 집게 및 링",집게,,B07VVVPBKD,"Office 플라스틱 패스너 파일링 클립 2홀 종이 파일 바인더, 5.1cm(2인치) 용량, 6.4cm(2.75인치) 베이스 표준, 다양한 색상 폴더 액세서리 (50세트)",aufodara,12451,12451,,,문서 파일링 스트립 폴더 종이 패스너 액세서리 2피스 종이 바인더 클립 소재: 플라스틱 및 코팅 스틸 와이어 두 개의 구멍 간격: 80MM; 문서 시트 두께: 최대 50mm 용량 색상: 멀티컬러 50 세트 사무실 학교 다채로운 플라스틱 종이 패스너 클램프 바인딩,,"['종이', '플라스틱', '패스', '파일', '폴더', '클립', '문서', '바인더', '액세서리', '홀']"
사무용품,"클립, 집게 및 링",집게,,B0922N2H2R,"작은 금속 불독 클립, 30팩 2.8cm 스테인리스 스틸 금속 경첩 종이 클립 클램프 (블랙)",HomeImpel,16606,16606,5.0,6.0,"패키지: 금속 클립 30개. 사이즈: 약 3 x 2.7cm, 1.18 x 1.06 인치. 소재: 고품질 스테인리스 스틸 금속, 방진 및 녹 방지, 절대 깨지지 않고 내구성이 뛰어납니다. 가격표, 사진, 지도, 드로잉, 상점, 가정 또는 사무실에서 종이를 정리하거나 전시하기에 적합합니다. 칩, 콘플레이크, 우유 파우더, 커피 콩, 빵, 냉동 채소 봉투를 밀봉하는 데에도 사용할 수 있습니다.",,"['금속', '클립', '종이', '스테인리스', '스틸', '밀봉', '불독', '봉투', '방진', '방지']"
사무용품,"클립, 집게 및 링",집게,,B0C9Y89V5X,"ONYBELI 9팩 대형 칩 백 클립, 식품 가방 클립, 다양한 사이즈, 플라스틱 헤비 씰 그립, 사무실, 교사 선물 및 주방용 컬러 대형 종이 클립 (블루, 핑크, 민트 그린)",Generic,7742,7742,4.0,2.0,"수량 및 사이즈: 패키지에 클립 9개를 받게 됩니다 - 3개의 대형 사이즈(15.2x8.9cm) 및 6개의 스몰 사이즈(7.6x6.4cm), 3가지 색상이 포함되어 있습니다: 로즈 레드, 그린, 블루 단단한 밀봉 효과: 강한 그립감을 가지고 있으며, 더 많은 힘을 물고 조금 더 가까워지면 가방을 완전히 닫아 음식을 공기나 물로부터 보호합니다. 음식을 더 오래 보관할 수 있습니다. 튼튼하고 내구성이 뛰어난 소재: 고품질 ABS와 고무로 제작, 두꺼운 직경과 리턴 모양의 금속 스프링 피스, 더 오래 사용할 수 있습니다. 다양한 용도: 저희 클립은 가정 주방에서만 사용할 수 있을 뿐만 아니라 사무실, 차고, 창고 또는 내구성 있는 클립이 필요한 곳 어디에서나 사용할 수 있으며 가방을 닫고 밀폐된 상태로 유지합니다. 세심한 디자인: 부드러운 미끄럼 방지 및 골지 이빨이 있어 바이트를 더 타이트하고 효과적으로 유지하며, 가방을 닫고 밀폐된 상태로 유지합니다. 미끄럼 방지 효과가 있는 고무 척 디자인은 작동이 더 편안합니다.","당사의 9팩 칩 백 클립은 사용하기 쉽고 빵, 캔디 음식, 과일, 간식 등과 같은 다양한 식품 백을 개봉 후 쉽게 밀봉할 수 있습니다. 다양한 가방을 닫고 밀폐하여 가정 주방 사용 및 보관에 적합합니다. 다양한 크기와 충분한 수를 모든 패키지에 적용할 수 있습니다. 필요에 맞는 칩 백 클립 세트","['클립', '가방', '백', '음식', '주방', '효과', '밀폐', '유지', '대형', '물']"
사무용품,"클립, 집게 및 링",집게,,B0CP3YVDQR,16팩 칩 클립 백 클립 식품 패키지 클립 바인더 미니 핑거 씰링 클램프 식품 보관 문구 종이 봉투용 (칩 클립),Koonafy,11024,11024,4.0,2.0,"패키지 구성: 다양한 아이템을 분류하는 데 도움이 되는 16개의 미니 핑거 클립(8가지 혼합 색상)이 제공됩니다. 클립의 크기는 약 2 x 3cm(0.8 x 1.2인치)로 사용 효과에 영향을 주지 않고 공간을 절약합니다. 강한 그립: 손가락 클립은 미끄럼 방지, 타이트하고 쉽게 떨어지지 않는 강력한 그립을 가지고 있어 느슨한 종이나 기타 물건을 단단히 고정시켜 직장, 공부 및 일상 생활에 큰 도움이 됩니다. 완벽한 디자인: 종이에 상처를 주지 않는 매끄러운 가장자리로 손바닥 디자인을 모방합니다. 또한 가장자리는 미끄럼 방지 접촉부를 사용하여 뚜렷한 자국이나 주름을 남기지 않고 그립을 추가하여 잡고 열 수 있습니다. 고품질: 당사의 손가락 클립은 플라스틱 소재로 만들어져 재사용이 가능하며 녹슬지 않으며 수직으로 고정하고 쉽게 떨어지지 않으며 한 번에 최대 55장의 A4 용지를 고정할 수 있을 만큼 튼튼합니다. 다양한 용도: 이 귀여운 손가락 클립은 유틸리티 클립으로, 종이 클립, 문구 클립, 음식 클립 및 책갈피에 사용하거나 로프에 사용하여 사진이나 기념품을 걸 수 있습니다.","특징: 안전하고 건강한 소재: 무독성 내구성 플라스틱으로 제작되었습니다. 단색 4개 및 반투명 색상 4개: 핑크, 퍼플, 그린, 블루 한 사이즈, 각 색상 클립 2개. 인체 공학적 디자인: 손가락 모양에 맞게 디자인되었으며 미끄럼 방지 효과가 있는 미끄럼 방지 손잡이와 골지 톱니가 특징이며, 편안한 그립감으로 쉽게 열 수 있습니다. 사랑스러운 스낵 클립: 이 클립은 빵, 칩, 사탕 등이 있는 모든 종류의 가방, 비닐 봉투/공예 가방/종이 가방에 적합합니다. 열었을 때 씰 클립은 음식을 신선하고 바삭하게 유지합니다. 모든 상황: 가정 주방뿐만 아니라 사무실 또는 내구성 있는 클립이 필요한 곳 어디에서나 사용할 수 있습니다. 또한 화이트보드 등에 사진이나 그림을 전시하세요. 사양: 색상: 핑크, 퍼플, 그린, 블루 소재: PVC 사이즈: 2cm x 3cm 패키지 구성: 미니 클립 16개","['클립', '종이', '구성', '방지', '손가락', '미끄럼', '디자인', '고정', '패키지', '미니']"
사무용품,"클립, 집게 및 링",집게,,B002Q1169U,"ACCO 70324 투피스 종이 패스너, 8.9cm(3-1/2인치) 용량, 6.4cm(2-3/4인치) 센터, 50/박스 (ACC70324)",ACCO Brands,41716,41716,3.3,6.0,16% 두꺼운 강철. 날카로운 모서리가 없습니다. 무광 마감.,"16% 두꺼운 강철로 더욱 내구성이 뛰어난 패스너입니다. 날카로운 모서리가 없습니다. 무광 마감. 프롱 베이스와 컴프레서. 용량 (텍스트): 8.9cm, 파일 패스너 유형: 투피스 프롱, 중앙에서 중앙까지: 6.4cm.","['패스', '피스', '프롱', '날카롭다', '두껍다', '마감', '모서리', '무광', '강철', '중앙']"
사무용품,"클립, 집게 및 링",집게,,B07ZHHY1LK,돼지 모양의 종이 클립 종이 클립 수집가나 사무실 선물로 적합 - 뚜껑과 선물 상자가 있는 원형 틴 케이스 제공 (실버),Butler in the Home,23531,23531,4.8,70.0,Butler in the Home 종이 클립 수집가 또는 사무실 선물로 적합한 돼지 모양의 종이 클립 나를 데리러 가야 하는 모든 사람을 위한 훌륭한 사무실 선물! :) 이 돼지 모양의 종이 클립은 사무실 공간을 밝게 합니다. 돼지 종이 클립을 안전하게 보관할 수 있도록 뚜껑이 달린 편리한 틴 케이스에 제공됩니다 Butler in the Home이 제공합니다. 홈 스토어에 있는 버틀러를 확인하셔서 다른 멋진 모양의 종이 클립을 확인하세요!,,"['클립', '종이', '돼지', '사무실', '선물', '수집가', '케이스', '뚜껑']"
사무용품,"클립, 집게 및 링",집게,,B09B2QVZMD,100 카운트 졸업 모자 모양의 종이 클립 종이 클립 수집가나 사무실 선물로 적합 - 뚜껑과 선물 상자가 있는 원형 틴 케이스 제공 - 실버 메탈,Butler in the Home,23531,23531,5.0,4.0,Butler in the Home 종이 클립 수집가에게 적합한 모양의 종이 클립. 100개 패키지/틴으로 제공됩니다. 사무실 공간이나 비즈니스를 밝히기에 좋습니다. 어린이 또는 성인에게 적합합니다! 이 모양의 종이 클립은 사무실 공간을 밝게 합니다. 뚜껑이 달린 편리한 틴 케이스에 들어 있어 모양이 잡힌 종이 클립을 안전하게 보관할 수 있습니다. Butler in the Home이 제공합니다. 홈 스토어에 있는 버틀러를 확인하셔서 다른 멋진 동물 모양의 종이 클립을 확인하세요!,,"['클립', '종이', '사무실', '공간', '선물', '케이스', '뚜껑', '수집가']"
사무용품,"클립, 집게 및 링",집게,,B09B2P9FVN,100개 캥거루 모양의 종이 클립 종이 클립 수집가나 사무실 선물로 적합 - 뚜껑과 선물 상자가 있는 원형 틴 케이스 제공 - 브라운,Butler in the Home,23531,23531,,,Butler in the Home 종이 클립 수집가에게 적합한 모양의 종이 클립. 100개 패키지/틴으로 제공됩니다. 사무실 공간이나 비즈니스를 밝히기에 좋습니다. 어린이 또는 성인에게 적합합니다! 이 모양의 종이 클립은 사무실 공간을 밝게 합니다. 뚜껑이 달린 편리한 틴 케이스에 들어 있어 모양이 잡힌 종이 클립을 안전하게 보관할 수 있습니다. Butler in the Home이 제공합니다. 홈 스토어에 있는 버틀러를 확인하셔서 다른 멋진 동물 모양의 종이 클립을 확인하세요!,,"['종이', '클립', '사무실', '수집가', '뚜껑', '선물', '공간', '케이스']"
사무용품,"클립, 집게 및 링",집게,,B09B2Q7WHW,100개 요리사 모자 모양의 종이 클립 종이 클립 수집가나 사무실 선물로 적합 - 뚜껑과 선물 상자가 있는 원형 틴 케이스 제공 - 화이트,Butler in the Home,23531,23531,4.7,3.0,Butler in the Home 종이 클립 수집가에게 적합한 모양의 종이 클립. 100개 패키지/틴으로 제공됩니다. 사무실 공간이나 비즈니스를 밝히기에 좋습니다. 어린이 또는 성인에게 적합합니다! 이 모양의 종이 클립은 사무실 공간을 밝게 합니다. 뚜껑이 달린 편리한 틴 케이스에 들어 있어 모양이 잡힌 종이 클립을 안전하게 보관할 수 있습니다. Butler in the Home이 제공합니다. 홈 스토어에 있는 버틀러를 확인하셔서 다른 멋진 동물 모양의 종이 클립을 확인하세요!,,"['클립', '종이', '사무실', '공간', '선물', '뚜껑', '케이스', '수집가']"
사무용품,"클립, 집게 및 링",집게,,B087WJ7C6J,"대형 칩 백 클립 멀티 컬러 내구성 있는 식품 가방 클립, 커피, 칩, 사무실 문서 클램프용 헤비 씰 그립, 9팩(빅 3개+중앙값 6개)",YAPULLYA,9681,9681,4.5,37.0,"내구성이 뛰어나고 견고하며, 식품 등급 ABS 플라스틱과 금속으로 제작되었으며, 고무 그립 표면이 있어 가방을 효과적으로 고정합니다 다양한 크기와 색상이 다양한 크기의 패키지와 다양한 가방에 적합합니다. 주방 보관 및 정리용으로 매우 유용합니다 다용도 클립. 이 제품은 집, 사무실, 커피, 냉동 채소, 견과류 등의 칩과 스낵 백, 음식, 과일 및 종이용으로 사용할 수 있습니다. 음식을 더 오래 신선하게 유지하십시오. 좋은 손 느낌 - 미끄럼 방지 고무 그립으로 사용하기 쉽습니다. 패키지에는 9개, 라지 사이즈 3개, 스몰 사이즈 6개, 라지 사이즈 (라지-15.2cm/6""x 8.5cm/3.3"", 스몰--7.5cm/3""x6.5cm/2.5"")가 포함됩니다. 다양한 색상: 레드, 그린, 블루.","패키지 구성:/대형 레드 클립 1개./작은 빨간색 클립 2개./대형 블루 클립 1개./소형 블루 클립 2개./대형 녹색 클립 1개./작은 녹색 클립 2개./사이즈:/라지-15.2cm/6""x 8.5cm/3.3""/스몰--7.5cm/3""x6.5cm/2.5""","['클립', '가방', '블루', '패키지', '스몰', '라지', '구성', '백', '사무실', '레드']"
사무용품,"클립, 집게 및 링",집게,,B0CKQHVXP1,"불 종이 클립 사무실용 10.2cm(4인치) 불독 바인더 클립 패키지용 마그네틱 씰 클립 3피스 백 클립 푸드 칩 백 클립 포함, 자석 스낵 클립 포함, 가정 주방용",Guqqeuc,9681,9681,,,"자석이 있는 바인더 종이 클립: 불독 클립은 뒷면에 자석이 있어 할 일 목록을 잡고 냉장고나 문에 있는 불 클립을 당겨 해야 할 일을 상기시킬 수 있습니다 1 모두에게 적합: 칩 백 클립은 다양한 식품 가방과 완벽하게 어울릴 수 있으며 칩, 견과류, 오트밀 및 기타 음식을 신선하게 유지하는 데 도움이 됩니다. 물론 불 바인더 클립은 다양한 송장, 영수증 및 다양한 크기의 종이에 적합하여 더 잘 정리하고 분류할 수 있도록 도와줍니다 우수한 밀봉: 문서 클립의 양면은 톱니 모양으로 설계되어 다양한 가방과 종이를 더 잘 잡을 수 있어 미끄러지지 않지만 플라스틱 톱니는 종이나 가방을 동시에 긁지 않습니다 다용도 사용: 사무실 바인더 클립은 주방, 사무실, 학교 또는 공예 작업장 등 다양한 상황과 사람들에게 널리 사용됩니다. 자석 불독 클립은 흩어져 있는 작은 물건을 고정하는 데 도움이 되며 학생, 교사, 사무실 직원이 사용하기에 매우 적합합니다 소재 및 사이즈: 밀봉 클립은 주로 플라스틱과 스테인리스 스틸 스프링 클립으로 만들어졌으며 안전한 소재로 사용할 수 있습니다. 식품 가방 클립의 크기는 10cm x 6.5cm/4인치 x 2.6인치이며 큰 사이즈는 큰 가방과 종이에 더 잘 맞습니다","제품 파라미터 소재: 플라스틱 + 스테인리스 스틸 클립. 사이즈: 10cm *6.5cm/4""*2.6"" 수량: 3개 모델: 불 클립 대형 칩 백 클립./제품 특징 특징 1: 자석이 달린 불독 클립은 냉장고에 부착할 수 있습니다. 특징 2: 흩어진 종이, 송장, 시험지 등을 묶는 것이 편리합니다. 특징 3: 식품 패키지 클립, 공기 또는 물과의 접촉으로 음식이 부드러워지는 것을 방지하기 위해 잘 밀봉됩니다. 특징 4: 장소: 사무실, 학교, 가정, 공예","['클립', '종이', '가방', '자석', '특징', '불독', '불', '백', '바인더', '사무실']"
사무용품,"클립, 집게 및 링",집게,,B0922S9VQH,"50세트 플라스틱 파일 패스너 2홀 페이퍼 패스너 바인더 클립, 혼합 색상",Teensery,12451,12451,3.9,5.0,"소재: 파일 패스너는 표면이 매끄러운 플라스틱으로 만들어져 가볍지만 내구성이 뛰어납니다 사이즈(약. ): 구멍 공간은 8cm/3.1 인치입니다. 구입하기 전에 사이즈를 신중하게 확인하십시오 재사용 가능: 다양한 두께의 문서에 적합하며 자유롭게 변형하고 구부리기 쉽습니다 문서를 정리하고 바인딩하는 데 사용되며, 문서나 종이가 떨어지거나 누락될 염려가 없습니다 패키지에 포함된 항목: 50세트 플라스틱 파일 패스너, 무작위 색상으로 배송","사양: 소재: 플라스틱 색상: 혼합 색상 구멍 공간: 7.9cm 수량: 50 세트/팩 특징: 다양한 두께의 문서에 적합하며 쉽게 변형되고 구부러집니다. 문서를 정리하고 바인딩하는 데 사용되며, 문서나 종이가 떨어지거나 누락될 염려가 없습니다. 참고: 조명과 화면 설정 차이로 인해 상품의 색상이 사진과 약간 다를 수 있습니다. 수동 측정으로 인해 약간의 치수 차이가 있을 수 있습니다.","['문서', '플라스틱', '패스', '파일', '바인더', '혼합', '공간', '구멍', '클립', '변형']"
사무용품,"클립, 집게 및 링",집게,,B0CGSNYFXT,"가운데 손가락 모양의 종이 클립, 종이 클립 수집가 또는 사무실 선물에 적합 - 뚜껑과 선물 상자가 있는 둥근 틴 케이스에 제공(화이트 과육)",Butler in the Home,23531,23531,4.8,5.0,Butler in the Home 종이 클립 수집가에게 적합한 모양의 종이 클립. 100개 패키지/틴으로 제공됩니다. 사무실 공간이나 비즈니스를 밝게 하는 데 좋습니다. 어린이 또는 성인에게 적합합니다! 이 모양의 종이 클립은 사무실 공간을 밝게 해줍니다. 모양의 종이 클립을 안전하게 보관할 수 있도록 뚜껑이 달린 편리한 틴으로 제공됩니다. Butler in the Home에서 가져왔습니다! Butler in the Home 스토어에서 다른 멋진 동물 모양의 종이 클립을 확인하세요!,재미있고 귀여운 이 모양의 종이 클립은 재미있는 모양의 종이 클립 라인에 새로 추가되었습니다. 다양한 모양과 색상을 사용할 수 있습니다. 이 귀여운 종이 클립은 선물로도 좋습니다!,"['종이', '클립', '사무실', '선물', '수집가', '뚜껑', '재미있다', '귀엽다', '공간']"
사무용품,"클립, 집게 및 링",집게,,B0CHRPLLXD,"튼튼한 스테인리스 스틸 칩 클립 2개, 스테인리스 스틸 칩 백 클립, 크고 튼튼한 클립, DIY 칩 클립, 플랫 클램프, 사무실, 학교, 사진, 간식, 주방, 음식 패키지 파일용",DGBRSM,11066,11066,,,"고품질 소재: 고품질 스테인리스 스틸로 제작되어 녹 방지 성능이 뛰어나고 녹슬지 않으며 신뢰할 수 있고 내구성이 뛰어나며 오랫동안 사용할 수 있습니다. 제품 크기: 약 2.5 x 1.5 x 1인치/6.4 x 3.8 x 2.6cm(2.5 x 1.5 x 1인치). DIY 디자인: 칩 클립 세트의 양쪽에 정보를 표시하여 쉽게 분류할 수 있습니다. 또한 클립은 똑바로 세워져 있으며 지폐 스틱은 라벨(알림)처럼 고정됩니다. 적용 범위: 주방, 사무실, 학용품. 문서, 메모, 사진, 스낵 백 등을 매일 사용합니다. 제품 구성: 스테인리스 스틸 칩 클립 2개.",설명: 소재: 스테인리스 스틸 색상: 사진과 같음. 크기: 약. 6.4 x 3.8 x 2.6cm(2.5 x 1.5 x 1인치) 제품 구성: 스테인리스 스틸 칩 백 클립 2개,"['클립', '스테인리스', '스틸', '백', '사진', '구성', '튼튼하다', '사무실', '주방']"
사무용품,"클립, 집게 및 링",집게,,B0B1DPS5S4,"휴대용 파인애플 투명 플라스틱 휴대용 종이 디스펜서 종이 클리퍼 1개, 학교 사무실용 멀티 컬러 금속 리필 클립 50개 포함",mollensiuer,9667,9667,,,"소재: 플라스틱, 금속 및 수지. 사이즈: 바인더 클립 디스펜서 길이 11.5cm(4.5인치), 너비 2.4cm(0.95인치). 리필 클립 길이 1.5cm(0.6인치), 너비 1cm, 높이 0.5cm(0.2인치). 두께에 따라 약 35-40장의 종이를 담을 수 있습니다. 문서, 프레젠테이션, 보고서, 과제 등을 바인딩하는 데 사용되며 중요한 문서를 처리하고 관리할 수 있습니다. 클립은 종이를 손상시키지 않고 반복해서 삭제하고 재사용할 수 있습니다. 사무실, 가정 또는 학교에서 사용하기에 매우 적합합니다. 수량: 귀여운 파인애플 휴대용 종이 빠른 클립 디스펜서 1개와 멀티 컬러 금속 클립 50개.","소재: 플라스틱, 금속 및 수지. 사이즈: 바인더 클립 디스펜서 길이 11.5cm, 너비 2.4cm. 리필 클립 길이 1.5cm(0.6인치), 너비 1cm, 높이 0.5cm(0.2인치). 두께에 따라 약 35-40장의 종이를 담을 수 있습니다. 용량: 두께에 따라 약 35-40장의 종이를 담을 수 있습니다. 색상: 투명. 패키지 포함: 귀여운 파인애플 휴대용 종이 패스트 클립 디스펜서 1개와 멀티 컬러 메탈 클립 50개. 안내: ◆1. 빛과 디스플레이의 이유로 인해 색상이 약간 다를 수 있습니다. 이것은 피할 수 없습니다. 양해 부탁드립니다! ◆2. 수동 측정에 따라 약간의 치수 차이가 있을 수 있습니다. ◆3. 몰드는 생각만큼 크지 않을 수 있습니다. 구입하기 전에 사진의 사이즈 정보를 읽어주세요!","['클립', '종이', '스펜서', '휴대', '금속', '파인애플', '컬러', '리필', '멀티', '플라스틱']"
사무용품,"클립, 집게 및 링",집게,,B0BXPJB7R1,"사각형 플라스틱 클립 튤립 꽃 패턴 바인더 종이 클램프 6개, 홈 오피스 학교 상점 용품, 파일 사진 사진용, 투명",Teensery,13836,13836,,,"소재: 이 종이 클램프는 투명도가 높고 견고하고 내구성이 뛰어난 고품질 아크릴로 만들어져 오랜 시간 동안 견딜 수 있습니다 사이즈(약 ): 이 바인더 클립의 전체 크기는 40 x 40 x 16mm/1.6 x 1.6 x 0.63 인치 (길이 x 너비 x 높이)입니다. 구입하기 전에 사이즈를 신중하게 확인하십시오 귀여운 패턴으로 디자인된 종이 클램프는 밝고 사랑스러워 보이며 그림, 사진, 달력, 음식 가방, 종이, 메모 등을 정리하거나 전시하기에 적합합니다. 종이 클램프는 가정, 사무실, 학교, 교실, 소매점 등에 적합합니다. 친구와 사랑하는 사람을 위한 선물로도 좋은 선택입니다 패키지에는 다음이 포함됩니다: 튤립 꽃 패턴이 있는 사각형 모양의 투명 아크릴 바인더 종이 클립 6개","사양: 소재: 아크릴 색상: 투명 사이즈: 4.1cm x 4.1cm x 1.6cm 모양: 정사각형 수량: 6개/팩 특징: 좋은 품질의 소재로 제작되어 내구성이 뛰어나고 오래갑니다. 쉽게 열고 종이, 사진, 그림 또는 엽서에 단단히 고정하세요. 가정, 학교 또는 사무실에서 종이를 보관하거나 문서를 정리할 때 좋습니다. 참고: 조명과 화면 설정 차이로 인해 제품의 색상이 사진과 약간 다를 수 있습니다. 수동 측정으로 인해 약간의 치수 차이를 허용하십시오.","['종이', '사진', '집게', '바인더', '클립', '투명', '아크릴', '패턴', '학교', '사무실']"
사무용품,"클립, 집게 및 링",집게,,B0C3H1RWLC,"600피스 사무실 클립 세트, 바인더 클립 종이 클립 힌지 클립 플랫 엄지 압정 바인더 및 종이 클립 학교 시험 용지 보관 사무실 파일 정리용 (블랙)",QINLECTRI,12298,12298,1.0,1.0,"600피스 클립 및 클립 클립, 표준 핀 및 도브테일 클립 세트: 클립 22개, 종이 클립 170개, 표준 압정 400개, 도브테일 클립 8개로 다양한 시나리오와 위치에서 요구 사항을 충족합니다. 고품질 소재: 세트의 제품은 견고한 윤곽으로 만들어졌으며 블랙 코팅 표면, 매끄러운 표면 및 내구성이 뛰어납니다. 사이즈: Binderclips 3.5*2x1cm(1.33*0.75*0.4인치) 종이 클립 2.8x1cm(1.1x0.33x0.4x0.04인치) 표준 압정 1.1x1.1cm(0.4x0.4x0.4인치) 도브테일 클립 3.2x3.4x2.6cm(1.25x1.37x1인치), 4가지 유형의 클립이 칸과 함께 투명 플라스틱 용기에 분류되어 있어 필요한 것을 빠르게 찾고 깔끔하게 유지할 수 특징: 4가지 스타일의 사무용품이 제공되며, 다양한 스타일의 시나리오와 재사용 가능한 문서 정리 방법을 충족할 수 있습니다. 당사의 종이 클립과 종이 클립, 표준 압정 및 도브테일 클립 세트는 학교 사무실, 가정 등과 같은 다양한 시나리오에 적합합니다. 선생님, 학생 또는 회사원이든 상관없이 저희 세트는 당신에게 완벽합니다.",,"['클립', '종이', '압정', '표준', '도브테일', '사무실', '시나리오']"
사무용품,"클립, 집게 및 링",집게,,B08DMWZR76,100 카운트 기린 모양의 종이 클립 종이 클립 수집가나 사무실 선물로 적합 - 뚜껑과 선물 상자가 있는 원형 틴 케이스 제공 (실버),Butler in the Home,23531,23531,4.7,52.0,Butler in the Home 종이 클립 수집가 또는 사무실 선물로 적합한 기린 모양의 종이 클립 나를 데리러 가야 하는 모든 사람을 위한 훌륭한 사무실 선물! :) 기린 모양의 종이 클립은 사무실 공간을 밝게 합니다. 기린 모양의 종이 클립을 안전하게 보관할 수 있도록 뚜껑이 달린 편리한 틴 케이스에 제공됩니다 Butler in the Home이 제공합니다. 홈 스토어에 있는 버틀러를 확인하셔서 다른 멋진 모양의 종이 클립을 확인하세요!,,"['클립', '종이', '기린', '사무실', '선물', '케이스', '뚜껑', '수집가']"
사무용품,"클립, 집게 및 링",집게,,B0D2Y54N69,"마그네틱 클립, 냉장고 마그네틱 클립, 가방 클립, 칩 클립, 식품 보관을 위한 밀폐 씰이 있는 마그네틱 백 클립, 9피스, 멀티컬러",Teackbd,13836,13836,,,"【패키지 구성】9가지 색상의 자석 가방 클립 9개(너비 6.5cm(2.5인치) x 길이 10.2cm(4인치) x 높이 2.5cm(1인치) 【내구성 및 고품질 소재】무취, 두껍고 강하며 여러 번 사용해도 깨지지 않는 스프링 장력이 뛰어납니다. 밀봉 클립을 사용하면 음식을 신선하게 유지하는 데 좋습니다. 튼튼하고 내구성이 뛰어나 장기간 사용할 수 있습니다. 【뒷면에 자석 포함】이 유용한 클립을 냉장고에 쉽게 보관할 수 있도록 보관하십시오. 레시피, 메모, 사진 등과 같은 가벼운 물체를 보관하는 데 사용할 수 있습니다. 【미끄럼 방지 및 타이트한 밀봉】이 푸드 클립에는 고무 골지 톱니가 있습니다. 신축성 있는 스프링이 내장되어 있어 더 많은 힘을 물고 더 가까이 물립니다. 봉지를 완전히 닫아 공기나 물로부터 음식을 보호하고 냉동고 화상을 방지하고 음식이 교차 맛과 부패로부터 방지합니다. 【다양한 사용】컬러 마그네틱 클립은 사진, 메모, 쇼핑 목록, 냉장고, 화이트 보드, 금속 캐비닛 사무실 또는 기타 금속 표면에 끌 수 있는 지폐를 게시하는 데 이상적입니다.",,"['클립', '그네', '냉장고', '구성', '방지', '음식', '보관', '메모', '자석', '물']"
사무용품,"클립, 집게 및 링",집게,,B0B3R3N856,"식품 포장용 실버 백 클립 6팩, 칩 클립 백 클립 푸드 클립, 음식, 사무실 주방 가정용 보관용 스테인리스 스틸 튼튼한 백 클립",ANZNKU,7603,7603,4.6,675.0,"【사이즈 및 색상 및 수량】세트에는 7.7 x 2 x 2.5cm(3 x 0.8 x 1인치)의 실버 칩 클립 6개가 포함되어 있어 모든 봉지를 밀봉하기에 충분하고 완벽하고 더 나은 체계적인 삶을 누릴 수 있습니다. 【고품질 소재】당사의 스틸 칩 백 클립은 양면 밝은 냉간 압연 스틸 스트립으로 찍혀 있습니다. 이 소재는 강한 인성을 가지고 있으며 스테인리스 스틸 구조로 인해 매우 스타일리시합니다. 표면은 니켈로 전기 도금되어 녹슬지 않습니다. 사용 후 직접 물로 세척할 수 있으며 세척이 쉽습니다. 【인체 공학적 디자인】푸드 클립 핸들은 아크 라인, 인체 공학적 디자인으로 설계되어 잡기 더 편안합니다. 클립 가장자리는 뭉툭하고 둥글게 디자인되어 사용 중에 식품 포장 백에 구멍이 나거나 사용 중에 손에 긁히지 않습니다. 이 칩 클립은 가족을 완전히 안전하게 보호합니다. 【다용도】가방 클립은 7.6cm(3인치) 너비로 대부분의 패키지에 적합합니다. 두껍고 견고하며 아름답고 실용적인 스테인리스 스틸 칩 클립은 지폐 클립, 밀봉 클립 등으로 사용할 수 있습니다. 주방 사무실 가정용으로 물건을 더 안전하게 보관할 수 있습니다 【품질 】ANZNKU는 항상 고객에게 최고 품질의 주방용품을 제공하기 위해 노력합니다. 저희 제품에 대해 궁금한 점이 있으시면 언제든지 저희에게 연락하십시오. 기꺼이 서비스를 제공하겠습니다.",,"['클립', '백', '스틸', '스테인리스', '디자인', '주방', '세척', '학적', '식품', '실버']"
사무용품,"클립, 집게 및 링",클립,,B09241ZST4,"110피스 – 바인더 클립, 다양한 사이즈, 금속 바인더 종이 클립, 서류, 칩백, 사무실, 문서, 교사 및 학교 용품용 블랙 페이퍼 클립",Luney,13836,8296,4.7,634.0,"【유용함】저희 종이 클립은 사무실, 가정, 초등학교, 대학, 교실 및 학교에서 사용할 수 있습니다. 당사의 다양한 크기의 종이 클립은 미완성 식품 패키지, 칩 백, 종이 및 서류 정리, 책상 액세서리, 문서, 사진을 위한 필수품입니다. 【편리함】6가지 크기의 금속 바인더 클립은 다양한 두께의 문서를 관리할 수 있어 다양한 요구 사항을 충족할 수 있습니다. 또한 저렴한 문서 폴더를 교체할 수도 있습니다. 【고품질】당사의 종이 클램프는 내구성이 뛰어나고 튼튼한 금속으로 제작되었습니다. 이 클립을 부드럽고 쉽게 열 수 있습니다. 귀여운 블랙 바인더 종이 클립은 일상 생활에 필수적인 여성, 공부 학생에게 훌륭한 선물입니다. 【패키지 구성】6가지 다양한 크기의 금속 클립 110개, 5.1cm(2인치) 점보 클립 2개, 4.6cm(1.6인치) 엑스트라 빅 클립 3개, 3.2cm(1.25인치) 대형 클립 5개, 3.5cm(15인치) 미디엄 클립 15개, 1.9cm(0.75인치) 소형 클립 20개, 165.2cm(0.6인치) 미니 클립 20개가 제공됩니다. 【중요】저희 제품에 만족하지 못하거나 질문이 있으시면 저희에게 연락하시면 24시간 이내에 회신해 드리겠습니다.",,"['클립', '종이', '문서', '바인더', '금속', '구성', '사무실', '서류', '패키지', '학교']"
사무용품,"클립, 집게 및 링",클립,,B0B2LN4HVD,"종이 클립 및 바인더 클립, 350피스 컬러 종이 클립 다양한 사이즈, 컬러 바인더 클립 다양한 사이즈(라지, 미디엄, 스몰) 사무실 및 학교 용품용",Viemior,9390,9390,4.6,232.0,"【1】다채로운 종이 클립 다양한 사이즈: 패키지에는 5.1cm(2인치) 대형 종이 클립 60개 + 종이 클립 중형 3.3cm(1.3인치) 100개 + 소형 종이 클립 2.8cm(1.1인치) 8개 + 소형 바인더 클립 1.9cm(0.7인치) 12개 + 미니 바인더 클립 20개 1.5cm(0.6인치) 총 350개의 종이 바인더 클립은 다양한 크기로 제공되며, 눈길을 사로잡습니다. 주변 환경을 정리할 수 있도록 도와주며, 더 이상 성가신 지저분하지 않으며, 사무실, 학교, 직장, 공부, 가정용으로 이상적입니다. 【2】고품질: 당사의 종이 바인더 클립은 고품질 금속 고급 니켈 도금 공정, 부식 방지 및 매끄러운 표면으로 만들어져 종이 긁힘을 방지합니다. 귀여운 종이 클립 세트는 바쁘고 피곤한 삶을 장식합니다. 【3】다양한 장면 사용: 점보 종이 클립, 중간 종이 클립, 미니 종이 클립 및 다양한 바인더 클립을 사용하여 문서, 폴더, 포스터, 봉투, 전단지를 정리하고 인덱스 카드에 사용자 이름과 비밀번호를 정리할 수 있습니다. 종이 클립 컬러는 일과 삶을 보다 효율적이고 깔끔하게 만듭니다. 【4】간편한 보관: 컬러 코팅 종이 클립과 바인더 클립은 재사용 가능한 플라스틱 용기에 담겨 있으며 각 크기에 맞는 6개의 분리된 칸이 있어 쉽게 찾고 보관할 수 있습니다. 교실, 사무실 및 가정에 적합합니다. 【5】재미있고 다채롭고 유용한 선물: 당사의 다채로운 종이 클립 바인더 클립은 선생님을 위한 귀엽고 기능적인 작은 선물로 좋습니다. 색상은 아이들이 더 재미있게 사용할 수 있으며 어떤 용도로 사용했는지 배우고 배울 가능성이 높기 때문에 남아 및 여아 홈스쿨링 액세서리에도 적합합니다.",,"['클립', '종이', '바인더', '컬러']"
사무용품,"클립, 집게 및 링",클립,,B0BJLD4QL2,"바인더 클립 종이 클립 다양한 사이즈, 블랙 바인더 클립 점보 종이 클립 340개, 사무실, 학교 용품, 바인더 및 종이 클립용 대형 종이 클립, 수납 공간이 있는 컨테이너 포함",EHME EHME EHME,13836,13836,4.7,522.0,"다양한 사이즈로 사무실 책상 액세서리 요구 사항 충족 - 점보 340피스 바인더 클립 및 종이 클립 세트, 각 팩에는 150, 100, 50개의 다양한 종이 클립(28mm, 33mm, 50mm)이 포함되어 있습니다. 종이 바인더 클립(15mm, 19mm, 25mm)도 20개, 12개, 8개도 구입하세요! 편리한 패키지 - 바인더 클립 및 파프 클립용 약 직사각형 14 x 9.9 x 3.5cm(5.5 x 3.9 x 1.3인치) 하드 플라스틱 재사용 가능한 홀더, 5개의 칸, 소형, 중형, 대형 바인더 클립 및 종이 클립이 단독으로 배치되어 있으며 배송 시 서로 연결되거나 혼합되지 않습니다. 견고하고 신뢰할 수 있음 - EHME 바인더 클립은 강화 강철로 만들어졌으며 불투명한 블랙 마감의 강한 금속 클램프, 녹 방지 종이, 문서 파일 보관 시트, 각 종이 클립은 내구성을 높이기 위해 금속으로 만들어졌으며 미끄러짐을 방지하면서 형태를 함께 유지하는 데 이상적입니다 다양한 사용 - 종이 클립과 바인더 클립, 20가지 이상의 다양한 용도, 서류 작업을 위한 클립, 파일 정리, 서류를 안전하게 보관, 사무실, 학교, 가정에서 사용, 고객 문서를 함께 묶습니다 좋은 가치 100% 만족 - 340개의 벌크 바인더 클립과 종이 클립을 저렴한 가격에 제공하며, 의견이 있으시면 훌륭한 고객 서비스를 받으실 수 있습니다",,"['클립', '종이', '바인더', '사무실']"
사무용품,"클립, 집게 및 링",클립,,B0BQPLNXHK,"350팩 종이 클립 및 바인더 클립 세트 - 바인더 및 종이 클립 다양한 사이즈, 수납 공간, 실버 종이 클립 및 블랙 바인더 클립 가정, 학교, 사무용품용",Luxurecourt,13559,13559,4.8,356.0,"관련 파일을 함께 보관 - 350팩 종이 클립과 바인더 클립 세트로 파일을 쉽게 분류하고 정리할 수 있습니다. 서류가 영구적으로 바인딩되지 않으면 필요에 따라 파일을 이동하고 제거할 수 있습니다! 모든 필요에 맞는 다양한 사이즈 - 각 팩에는 160, 100, 50개의 다양한 종이 클립(28mm, 33mm, 50mm)이 포함되어 있습니다. 종이 바인더 클립 20, 12, 8개(15mm, 19mm, 25mm)도 구입하세요! 편리한 패키지 - 다양한 바인더 클립과 종이 클립은 칸이 있는 투명 플라스틱 용기에 분류되어 있어 필요한 것을 빠르게 찾고 테이블이나 서랍을 정리할 수 있습니다. 오래 사용할 수 있는 디자인 - 내구성이 뛰어난 니켈 도금 스테인리스 스틸로 제작된 금속 바인더 및 문서 및 지폐용 종이 클립은 사용 및 재사용이 가능합니다. 또한, 이 내구성 있는 실버 클립은 쉽게 녹슬지 않습니다. 다양한 용도 - 학교 또는 사무실에서 사용할 수 있도록 제작된 바인더와 종이 클립은 선생님, 학생 및 책상 작업자에게 적합합니다. 가정용 서류를 위해 집에 보관하세요!",,"['클립', '종이', '바인더', '파일']"
사무용품,"클립, 집게 및 링",클립,,B08MDZNDXN,"【80팩】바인더 클립, Limque 종이 클립, 귀여운 속이 빈 웃는 얼굴이 있는 종이 클램프, 다양한 사이즈 클립 80개, 사무실, 교사 선물 및 주방용",Limque,22146,13808,4.8,1625.0,"【 더 나은 서비스 제공】저희는 고객에게 더 나은 품질과 서비스를 제공하기 위해 최선을 다하고 있습니다. 어떤 이유로든 언제든지 문의하십시오. 【귀여운 바인더 및 종이 클립】클립은 금속으로 만들어졌으며 녹 방지, 내구성이 뛰어나고 훌륭한 색상으로 제작되었습니다. 당신을 미소짓게 하기 때문에 일과 삶을 더 재미있게 만듭니다. 【3가지 다른 사이즈 클립】19mm/0.75인치 (64개), 25mm/1인치 (8개), 32mm/1.25인치 (8개), 다양한 크기의 바인더 클립은 다양한 사용 요구 사항을 충족할 수 있습니다. 다양한 색상으로 더 잘 분류할 수 있습니다. 【사용】사무실(파일을 깔끔하게 정리하세요), 학교(교사가 문서를 묶을 수 있음), 가정(어린이 서류 또는 지폐에 사용), 주방에서 가방을 닫고 부분적으로 사용되는 냉동 채소, 도시락 가방 등에 적합합니다. 매우 편리합니다. 【패키지 구성】투명 상자에 담긴 총 80개의 클립, 보관 및 가져오기 편리한 플라스틱 용기.",,"['클립', '바인더', '종이', '가방', '사무실', '서비스', '주방', '귀엽다', '구성', '교사']"
사무용품,"클립, 집게 및 링",클립,,B0BV9FFXGL,"종이 클립 바인더 클립, 350피스 종이 클립 바인더 클립 다양한 사이즈, 대형 중형 소형 종이 클립 + 중형 미니 바인더 클립 포함 - 실버 종이 클립, 블랙 바인더 클립",Viemior,11052,8836,4.8,260.0,"【1】훌륭한 사이즈 조합 - 총 350개의 종이 바인더 클립, 5.1cm(2인치) 대형 종이 클립 60개 + 중간 사이즈 3.3cm(1.3인치) 100개 + 소형 종이 클립 2.8cm(1인치) 150개 + 중형 바인더 클립 2.5cm(1인치) 8개 + 소형 바인더 클립 1.9cm(0.75인치) 20개 + 미니 바인더 클립 20개 여러 개의 종이 클립과 바인더 클립을 하나의 패키지에 결합하기 좋습니다. 【2】보관 및 사용이 편리함 - 종이 클립 대형, 종이 클립 중간, 종이 클립 소형, 바인더 클립 중간, 바인더 클립 소형 및 마이크로 바인더 클립은 각 크기에 6개의 분리된 칸이 있는 플라스틱 용기에 있습니다. 저희 용기는 최소한의 공간을 차지하여 많은 것을 제공합니다. 한 공간에 있는 모든 것이 매우 쉽습니다. 【3】녹 방지 및 내구성 - 실버 종이 클립은 니켈 코팅되어 녹 방지 기능이 있으며 매끄러운 표면으로 종이에 걸리거나 자국을 잘 방지합니다. 블랙 바인더 클립은 고품질 금속 철로 만들어져 강하고 내구성이 뛰어나며 재사용이 가능합니다. 프리미엄 소재로 수명을 업그레이드합니다. 【4】다양한 장면 사용: 점보 종이 클립, 중간 종이 클립, 미니 종이 클립 및 다양한 바인더 클립을 사용하여 문서, 폴더, 포스터, 봉투, 전단지를 정리하고 인덱스 카드에 사용자 이름과 비밀번호를 정리할 수 있습니다. 사무실을 정리하고 청소하는 데 도움이 됩니다. 【5】완벽한 선물 - 유용한 사무실 클립은 생일 선물, 선생님 선물, 개학 선물, 추수감사절 선물, 크리스마스 선물, 새해 선물로 적합하며 사무실, 학교 및 가정 일상 용품에 적합합니다.",,"['클립', '종이', '바인더', '선물', '소형', '중간']"
사무용품,"클립, 집게 및 링",클립,,B074XTSCWK,"Amazon Basics 바인더 종이 클립, 미디엄 클립(소형 박스), 24개, 12개 2팩, 블랙",Amazon Basics,9958,6772,4.8,11948.0,"미디엄 바인더 종이 클립(24개)은 너비 3.2cm(1.25인치)입니다 145장 용량 또는 두께 1.5cm(0.6인치) 내구성과 매우 강한 그립을 위해 견고한 강철로 제작되었습니다 쉽게 부착하고 제거할 수 있습니다 재사용 가능, 다시 모양이 바뀝니다 느슨한 종이나 노트 카드 더미를 고정하고, 가방을 닫은 클리핑 등에 이상적입니다","Amazon Basics 바인더 종이 클립, 미디엄, 박스당 클립 12개, 2팩/Amazon Basics","['클립', '종이', '미디엄', '바인더', '박스', '제거', '더미', '강철', '강하다', '견고하다']"
사무용품,"클립, 집게 및 링",클립,,B0BRQSY8S3,"바인더 클립, 종이 바인더 클립, 종이 클램프 다양한 사이즈, (라지, 미디엄, 스몰, XS) 사무실 학교용 종이 클립, 84팩 (핑크)",YCVIORING,17852,17852,4.7,86.0,"보관: 컨테이너는 칸으로 디자인되었으며 각 칸에는 한 가지 크기로 보관되어 클립 보관 및 사용이 편리합니다. 사이즈: 바인더 클립 84개, 15mm x 50개, 19mm x 20개, 25mm x 10개, 32mm x 4개, 다양한 사이즈로 다양한 사용 요구 사항을 충족할 수 있습니다. 내구성: 부드러운 바인더 클립은 신축성이 좋은 고품질 금속 소재로 만들어져 파일과 문서를 정리하기에 적합합니다. 다양한 용도: 사무실, 가정, 학교 및 공예품을 위한 종이 클립을 구입하십시오. 반복적인 사용에 이상적이며 제거하면 클립이 다시 돌아옵니다. 패키지: 투명 상자에 귀여운 종이 클립, 보관 및 가져오기 편리합니다.","바인더 클립은 강화 강철로 만들어졌으며 내구성이 뛰어나고 사용하기 강한 클립은 문서를 매우 강하게 잡을 수 있으며 사무실과 학교에 적합하며 4가지 사이즈로 다양한 사용 요구 사항을 충족합니다. 특징 포함: 3.2cm x 4개, 2.5cm x 10개, 1.9cm x 20개, 1.5cm x 50개. 종이에 녹슬지 않습니다. 보관 디자인. 바인더 클립과 패키지는 모두 재사용이 가능합니다. 파일을 함께 묶어 용지가 미끄러지거나 당겨지는 것을 방지합니다. 강화 스틸 구조로 매우 강한 고정력을 제공합니다. 적용 목적: 모두. 장소: 호텔, 사무실, 학교, 레스토랑, 상점 및 공예품.","['클립', '바인더', '종이', '보관', '사무실', '학교', '강하다', '디자인', '공예품', '칸']"
사무용품,"클립, 집게 및 링",클립,,B0D183KMHR,바인더 및 종이 클립,Pagcsnh,11052,11052,4.7,24.0,바인더 클립 종이 클립 다양한 사이즈,,"['클립', '종이', '바인더']"
사무용품,"클립, 집게 및 링",클립,,B08B1BBBPZ,"종이 클립 바인더 클립, 컬러 사무실 클립 세트 - 다양한 사이즈 종이 클립 종이 클램프 고무 밴드, 사무실 및 학교 용품, 문서 정리용",XILILAI,26301,13808,4.8,2599.0,"【창의적인 디자인】300개의 다양한 색상의 바인더 클립, 종이 클립 및 고무 밴드 세트는 삶과 작업의 다양한 요구 사항을 쉽게 충족할 수 있습니다. 풍부한 색상으로 사무실이나 학교에서 문서를 작업할 때 항상 행복한 기분과 창의력을 발휘할 수 있습니다. 【다양한 색상 및 사이즈】미니 바인더 클립 20개, 소형 바인더 클립 12개, 중형 바인더 클립 8개, 점보 종이 클립 50개, 일반 종이 클립 140개, 범용 고무 밴드 70개가 재사용 가능한 플라스틱 용기에 보관되어 쉽게 찾고 보관할 수 있습니다. 【귀여운 선물】귀여운 사무용품은 생일 선물, 추수감사절 선물, 개학 선물, 완벽한 선물, 여성, 청소년, 어린이 동료 선생님을 위한 흥미로운 선물입니다. 【다양한 장면 사용】다양한 바인더 클립, 종이 클립 및 고무 밴드를 사용하여 문서, 봉투, 플라이어 및 포스터를 정리할 수 있습니다. 정교한 사무용품은 가정, 학교 또는 사무실에서 사용하기에 이상적입니다. 【100% 고객 만족】저희는 전문 판매자입니다. 제품에 만족하지 못하셨다면 메시지를 보내주시면 질문하지 않고 전액 환불을 받으실 수 있습니다.",,"['클립', '종이', '선물', '바인더', '사무실', '고무', '밴드', '학교', '문서']"
사무용품,"클립, 집게 및 링",클립,,B0B8MFLK8D,340피스 종이 클립 바인더 클립 교사 용품 교실 종이 클립용 교사 용품 작은 바인더 클립 종이 클립 다양한 크기 사무용품 학교 용품,Jie Tiansha,13836,13836,4.8,527.0,"【Paperclips 바인더 클립 프리미엄 소재】 바인더 클립은 고품질 금속 철로 만들어졌으며 손잡이는 고급 니켈 도금 기술로 가공되었으며, 종이 클립은 플라스틱으로 코팅된 금속 철로 만들어졌습니다. 이 프리미엄 소재는 클립의 높은 매끄러움, 내구성 및 녹 방지 기능을 제공하여 오래 사용할 수 있습니다. 【종이 클립 바인더 클립】바인더 클립은 교사/동료/청소년/사무실 직원과 같이 항상 바인더, 종이 클립이 필요한 사람들에게 적합합니다. 바인더 클립 세트는 생일 선물, 추수감사절 선물, 신학기 선물로도 좋습니다. 【다양한 용도】크고 작은 종이 클립, 다양한 크기의 블랙 바인더 클립을 사용하여 문서, 폴더, 포스터, 봉투, 전단지를 정리할 수 있습니다. 작은 물체는 일과 삶을 보다 효율적이고 깔끔하게 만듭니다 【다양한 사용】크고 작은 종이 클립, 다양한 크기의 블랙 바인더 클립을 사용하여 문서, 폴더, 포스터, 봉투, 전단지를 정리하세요. 작은 물체로 작업과 삶을 보다 효율적이고 깔끔하게 만듭니다 【간편한 보관】 대형 종이 클립, 중간 종이 클립, 작은 종이 클립, 중간 바인더 클립, 작은 바인더 클립 및 미니 바인더 클립은 각 크기에 6개의 분리된 칸이 있는 플라스틱 용기에 담겨 있습니다. 쉽게 사용할 수 있으며 책상과 서랍을 깔끔하게 유지합니다 【서비스】바인더 클립용 JieTiansha 종이 클립을 믿어주셔서 감사합니다. 평생 무료 기술 지원. 어떤 이유로든 만족하지 못하셨다면 교환 또는 전액 환불을 위해 저희에게 연락하십시오",,"['클립', '바인더', '종이', '작다']"
사무용품,"클립, 집게 및 링",클립,,B096RDNN4X,"바인더 클립 종이 클립, 컬러 종이 클립 340개, 바인더 클립, 종이 클램프, 미니 바인더, 칩 클립, 사무실 및 학용품용 사무실 클립 세트, 다양한 사이즈",LEOBRO,13143,13143,4.8,396.0,"340피스 사무실/학교 용품 키트: 28mm 종이 클립 100개, 50mm 종이 클립 50개, 19mm 바인더 클립 18개, 25mm 백 클립 16개, 고무 밴드 80개, 푸시 핀 70개, 키 태그 6개, 대량으로 개별적으로 자주 구입할 필요가 없어 시간과 비용을 절약할 수 있습니다. 다양한 색상으로 제공되며 눈길을 사로잡으며 주변 환경을 정리할 수 있도록 도와주며, 더 이상 성가신 지저분하지 않으며, 사무실, 학교, 직장, 공부, 가정용으로 이상적입니다. 바인더 클립 및 종이 클립: 150피스 프리미엄 품질의 금속 종이 클립, 비닐 코팅, 녹 방지, 매끄러운 표면은 종이에 걸림이나 자국을 잘 방지합니다. 사무실/학교/일상 종이 파일 문서에 적합하며 책갈피, 사진 앨범 클립 등으로 사용할 수 있습니다. 34개의 고품질 금속 바인더 클립은 매우 타이트하며 저렴한 플라스틱 클립처럼 부서지지 않으며 종이, 파일, 문서, 지폐를 클립하는 데 도움이 됩니다. cere용 가방 클립 al, 칩, 쿠키 등. 고무 밴드 및 푸시 핀: 80개의 프리미엄 고무 밴드, 각각 지름 3.8cm(1.5인치), 두께 0.1cm(1/16인치), 최대 40.6cm(16인치)까지 늘어날 수 있으며 파스텔, 종이, 눈금자, 지도, 포스터, 돈, 네일 아트 브러시, 데이터 라인, 칩 백 등을 바인딩할 수 있습니다. 2.2cm(7/8인치) 압정 70개, 종이, 사진, 포스터, 전단지, 카드 등을 게시판, 코르크 보드, 폼 보드, 카드 보드, 벽 등에 고정할 수 있습니다. 추적을 위한 키 태그: 6개의 귀여운 키 태그, 6.1cm x 2.1cm(2.4인치 x 0.8인치), 중간 빈 용지 라벨을 꺼내서 쓸 수 있어 어디로 가는지 추적할 수 있습니다. 가볍지만 열쇠를 잡을 수 있을 만큼 튼튼하며, 열쇠와 연결하여 서랍/캐비닛/안전/방 등의 열쇠를 빠르게 찾을 수 있습니다. 분실을 방지하기 위해 강아지 태그 또는 이름표로도 사용할 수 있습니다. 깔끔하고 접근 가능한 포장: 크고 투명한 플라스틱 용기, 내부에 플라스틱 칸막이가 있는 제품은 카테고리와 크기에 따라 8개의 칸에 별도로 포장되어 있습니다. 예쁘고 깔끔하게 필요한 것을 쉽게 찾을 수 있습니다. 스크류 탑, 안전, 스스로 튀어나오지 않음, 보관에 적합하며 분실을 방지합니다. (참고: 문제가 있으시면 주저하지 마시고 저희에게 알려주십시오. 문제를 빠르고 효과적으로 해결해 드리겠습니다!)",,"['클립', '종이', '바인더', '사무실', '방지', '태그', '학교', '플라스틱', '열쇠', '고무']"
사무용품,"클립, 집게 및 링",클립,,B0BDRW3M33,"종이 클립 바인더 클립, 400피스 컬러 사무실 클립 세트, 컬러 종이 클립 및 바인더 클립, 바인더 클립 다양한 사이즈 및 종이 클립 다양한 사이즈 문서 정리에 적합한 다양한 사이즈",AnutriON,11620,11620,4.8,593.0,"종이 클립 및 바인더 클립 세트: 다양한 크기의 다채로운 종이 클립 (1.1inch/28mm, 1.3inch/33mm, 2inch/50mm). 다양한 크기(0.6인치/15mm, 0.75인치/19mm, 1인치/25mm)의 컬러 바인더 클립은 총 400개로 다양한 요구 사항을 충족합니다. 프리미엄 소재 및 경제적: 당사의 종이 바인더 클립은 부드러운 컬러 코팅 마감과 니켈 도금 손잡이가 있는 강화 솔리드 스틸로 만들어졌으며 컬러 플라스틱 코팅 종이 클립은 프리미엄 품질의 금속으로 만들어졌으며 비닐 코팅, 높은 매끄러움, 내구성 및 녹 방지 기능이 있어 오래 사용할 수 있습니다. 합리적인 가격으로 총 400개가 있어 훨씬 경제적입니다. 편리한 보관: 다양한 색상의 대형 종이 클립, 중형 종이 클립, 작은 종이 클립, 다양한 색상의 중간 바인더 클립, 작은 바인더 클립, 미니 바인더 클립은 각 크기에 6개의 분리된 칸이 있는 플라스틱 용기에 들어 있습니다. 쉽게 접근할 수 있어 분실을 방지하고 책상과 서랍을 깔끔하게 유지합니다. 바인더 클립 및 종이 클립 오거나이저: 다양한 크기와 다양한 색상은 다양한 두께, 유형 및 장면의 정보 라벨링 및 문서 구성에 적합하며 바쁘고 피곤한 삶을 장식하고 작업 과정에 더 편안하고 관심을 느끼게 합니다. 다용도: 저희 종이 클립과 바인더 클립 세트는 사무실, 가정 및 학교 일상용으로 적합하며 학생, 교사 등에 적합합니다. 또한 음식 클램프, 의류 디자인, 가구, 사진 걸이 및 축제 선물로 좋습니다.",,"['클립', '종이', '바인더', '컬러']"
사무용품,"클립, 집게 및 링",클립,,B078MMPWZX,"Mr. Pen - 다양한 색상의 중형, 소형 및 미니 바인더 클립, 종이 클립 점보, 점보 및 소형 종이 클립, 고무 밴드, 다양한 바인더 클립, 종이 클립, 고무 밴드, 다양한 고무 밴드",Mr. Pen,8102,8102,4.6,2487.0,"패키지 구성: 중형 (3.2cm) 바인더 클립 4개, 소형 (0.75인치) 바인더 클립 6개, 미니 (1.6cm) 바인더 클립 12개, 점보 (4.8cm) 종이 클립 100개, 레귤러 (3.2cm) 종이 클립 100개, 재사용 가능한 플라스틱 용기에 50 사이즈 #18 포장 쉬운 저장을 위한 쉬운 금속 암이 있는 다양한 색상의 바인더 클립(레드, 블루, 그린, 퍼플)은 종이 더미를 안전하게 고정합니다: 중간 크기(3.2cm(1.25인치) 바인더 클립 4개, 소형(1.9cm(0.75인치)) 바인더 클립 6개, 강화 강철로 제작된 미니(1.6cm) 바인더 클립 12개가 매우 강한 고정력을 제공합니다 다양한 색상의 종이 클립(레드, 블루, 그린, 퍼플): 점보 (4.8cm) 종이 클립 100개, 일반 (3.2cm) 종이 클립 100개, 아연 도금 도금으로 제작되어 부식으로부터 클립을 보호합니다 가정 및 사무실 사용을 위한 다양한 색상의 범용 고무 밴드(레드, 블루, 그린, 옐로우): +50 사이즈 #18은 43.2cm(17인치) 당길 수 있습니다. 쉬운 보관을 위한 재사용 가능한 플라스틱 용기",,"['클립', '종이', '바인더', '고무', '점보', '밴드', '소형', '쉽다', '그린', '레드']"
사무용품,"클립, 집게 및 링",클립,,B0C9TQD6RV,"바인더 클립 종이 클립 600개, Vomulato 컬러풀하고 귀여운 클립 세트, 종이 클립 종이 클램프 포함, 한 팩에 6가지 사이즈, 사무실 학교 및 개인 사용",Vomulato,13836,13836,4.5,34.0,"【한 팩에 6가지 사이즈】종이 클립 사이즈 (1.1인치/28mm, 1.3인치/33mm, 2인치/50mm). 컬러 바인더 클립 사이즈(0.75인치/19mm, 1인치/25mm, 1.26인치/32mm), 다양한 사용 요구 사항을 충족합니다. 각 클립 유형의 수를 보여주는 광고의 두 번째 사진에 주의하세요. 【녹 방지 및 내구성】실버 종이 클립은 니켈 코팅되어 녹 방지 기능이 있으며 매끄럽게 쉽게 제거할 수 있으며 자국, 인쇄 또는 종이에 손상을 남기지 않습니다. 컬러 바인더 클립은 고품질 금속 철로 만들어져 내구성이 뛰어나고 훌륭한 색상입니다. 일과 삶을 더 재미있게 만듭니다. 【다양한 장면 사용】사무실, 학교, 도서관, 병원 및 개인 일상 문서 분류에 유용할 뿐만 아니라 서류, 봉투, 돈을 고정하거나 커튼을 고정하는 데 유용할 뿐만 아니라 부엌에서도 음식 가방을 닫아 둘 수 있습니다. 다양한 용도로 사용할 수 있습니다. 【편리한 보관】종이 클립과 바인더 클립 세트는 멋진 보관 용기에 담겨 제공됩니다. 책상을 정리하는 데 도움이 되며 쉽게 접근할 수 있어 분실을 방지합니다. 【 더 나은 서비스 제공】바인더 클립 종이 클램프 다양한 사이즈, 선생님이나 교직원을 위한 훌륭한 선물. 👉 👉 저희는 고객에게 더 나은 품질과 서비스를 제공하기 위해 최선을 다하고 있습니다. 어떤 이유로든 만족하지 못하셨다면 저희에게 연락하여 교환 또는 전액 환불을 받으십시오.","바인더 클립 종이 클립 600개, Vomulato 다채로운 귀여운 클립 세트, 종이 클립 종이 클램프 포함, 한 팩에 6가지 사이즈, 사무실 학교 및 개인 사용","['클립', '종이', '바인더', '개인', '클램프', '학교', '사무실', '방지']"
사무용품,"클립, 집게 및 링",클립,,B0CGWQM5C5,"Office Supplies 종이 클립 바인더 클립 - 600피스 컬러 사무실 클립 세트, 다양한 크기의 종이 클립 종이 클램프 고무 밴드 문서 정리용 푸시 핀, 홈 오피스 교사 학교 용품",CAVEGER,18822,18822,4.8,206.0,"다채로운 종이 클립 다양한 사이즈: 2팩 컬러 종이 클립 및 바인더 클립 세트에는 다양한 크기의 바인더 클립, 종이 클립, 고무 밴드 및 푸시 핀 600개가 포함되어 있어 가정, 학교 또는 사무실에서 다양한 요구 사항을 충족하는 다양한 옵션을 제공합니다. 눈길을 끄는 다양한 색상으로 제공되며 풍부한 색상으로 항상 행복한 기분과 창의성을 가질 수 있습니다. 완벽한 책상 오거나이저 및 액세서리로 주변을 정리할 수 있으며 더 이상 성가신 지저분함이 없습니다. 프리미엄 품질 소재: 고품질 금속으로 제작된 이 클립과 바인더 클립은 내구성이 뛰어나고 부식에 강합니다. 프리미엄 블랙 및 다채로운 코팅 마감으로 종이 클램프가 아름다움과 녹 방지 기능을 모두 제공합니다. 강력한 그립력을 제공하여 종이가 안전하게 묶여 있도록 합니다. 다양한 용도: 바인더 클립 및 종이 클립 세트는 가정, 학교 또는 사무실에서 매일 사용할 수 있도록 만들어졌으며 교사, 학생 및 사무실 전문가에게 적합합니다. 종이, 봉투, 파일러 및 포스터를 정리할 뿐만 아니라 식품 클램프, 옷 디자인, 가구, 사진 걸이, 카드 홀더 또는 케이블 오거나이저, DIY 책갈피 및 축제 선물로도 사용할 수 있습니다. 더 많은 가능성을 탐색할 수 있습니다. 편리한 보관: 투명 플라스틱 용기 2개(1팩은 다채로운 클립 세트이며 1팩은 블랙 클립 세트)가 포함되어 있습니다. 각 그리드에는 다양한 크기의 금속 클립이 있습니다. 대형 종이 클립, 작은 종이 클립, 중간 바인더 클립, 작은 바인더 클립, 미니 바인더 클립, 고무 밴드 및 블랙 푸시 핀. 쉽게 접근할 수 있어 분실을 방지하고 책상과 서랍을 깔끔하게 유지합니다. (참고: 블랙에만 푸시 핀이 있습니다.) 귀엽고 유용한 선물: 교실 및 사무실 클립 키트는 귀엽고 기능적이어서 선생님에게 생일 선물, 추수감사절 선물, 개학 선물로 완벽한 선물이며, 십대 소녀와 소년을 위한 홈스쿨링 액세서리로 훌륭한 학용품입니다. 저희는 탁월한 고객 서비스를 제공하는 것에 자부심을 느낍니다. 홈 오피스 에센셜 종이 클립 바인더 클립에 관한 문제나 질문이 있으시면 언제든지 저희에게 연락하십시오. 고객 만족을 최우선으로 생각합니다.",,"['클립', '종이', '바인더', '선물', '사무실', '핀', '블랙']"
사무용품,"클립, 집게 및 링",클립,,B0CM68VHM5,"골드 하트 종이 클립 150개, 귀여운 미니 종이 클립 바인더 클립, 사무실 학교 용품, 문서 정리 금속 레터 홀더, 튼튼하고 타이트한 그립, 긁힘 방지, 찢어짐 방지, 2cm(0.8인치), 20mm",YUXIANLB,6966,6966,4.8,6.0,"【0.1cm(0.78인치) 그립 스트롱 골드 종이클립】YUXIANLB 2cm(0.78인치) 귀여운 종이 클립은 금속 철 소재로 만들어져 컴팩트하고 내구성이 뛰어나며 정교한 솜씨로 제작되었습니다. 종이 클립의 표면은 레이어로 코팅되어 있으며 매끄러운 표면으로 사용하기 매우 쉽습니다. 이 프리미엄 사무실 종이 클립은 부식 방지 및 마찰 방지 기능이 있어 장기간 사용하기에 적합하며 문서에 흔적을 남기지 않습니다. 【정교한 러브 하트 모양】진주 빛과 밝은 골드 색상의 종이 클립은 타원형 외부 링 디자인을 채택하여 대부분의 문서 또는 루스 리프 종이 시트를 분류하고 정리하는 데 적합하며 내부 링은 하트 모양으로 디자인되어 책갈피용 YUXIANLB 종이 클립은 앨범 홀더, 명함 홀더 및 봉투 홀더를 장식하는 데 도움이 되어 사무실 작업 중에 재미와 편리함을 제공하며 학교에서 학습에 더 많은 재미를 더합니다. 또는 일상 생활. 또는 【녹 방지 및 내구성 있는 종이 클립】 하나의 패키지에 150개의 작은 바인더 클립이 있으며, 치수는 0.78 x 0.9cm(0.78 x 0.33인치)/20 x 9mm이며 우아하고 작은 하트 모양으로 세련되고 단순해 보입니다. 금속 소재 표면은 녹 방지 및 내구성을 보장하기 위해 도금되어 있습니다. 이 세련되고 재미있는 미니 종이 클립 홀더는 학교나 사무실 생활을 더욱 체계적으로 만들어줍니다. 【다기능 사용】타원형 종이 클립은 미끄럼 방지 기능이 있으며 예술 및 공예 프로젝트에 매우 다용도로 사용할 수 있으며 매우 타이트하고 안전한 그립감을 제공합니다. 레터 홀더, 문서 오거나이저, 파일 클립, 명함 홀더, 사진 홀더, 책갈피, 사진 앨범 클립, 청첩장 장식으로 사용할 수 있습니다. YUXIANLB 미니 사무실 종이 클립은 작업 효율성을 향상시키는 데 도움이 됩니다. 【부드럽고 참신한 금속 클립】이 20mm 종이 클립은 학생, 교사 및 동료에게 완벽한 선물입니다. 개학 시즌과 추수감사절에 선생님과 반 친구들에게 YUXIANLB 금속 종이 클립을 주는 좋은 선택이 될 것입니다. 간단하고 아름답고 가볍고 내구성이 뛰어나며 보관하기 쉬운 종이 클립은 책상 물건과 잘 어울립니다.","카테고리:/종이클립/색상:/골드/소재:/Iron/기능:/스크랩북, 카드 제작 및 기타 종이 공예 프로젝트에 적합하며 가정, 사무실, 학교 장식에 적합합니다. 9 cm/2 0.9cm(0.33인치)/포장 목록:/150개 × 종이 클립","['클립', '종이', '홀더', '방지', '사무실', '금속', '학교', '하트', '골드', '구성']"
사무용품,"클립, 집게 및 링",클립,,B0C1CSDZJM,"바인더 클립 120개, 다양한 사이즈, 투명 보관 용기가 있는 사무실 클립, 불독 클립, 종이 클립, 사무용품",otylzto,9681,9681,4.7,408.0,"바인더 클립 120개, 다양한 사이즈, 블랙 색상 사이즈: 4.1cm x 7.6cm(1.6인치) x 7.6cm(1.3인치) x 12.5cm(1.75인치) x 63.5cm(0.75인치), 1.5cm(0.6인치) x 190.9 전기영동 공정을 거친 강한 소재로 쉽게 녹슬지 않습니다 멋지고 투명한 스트로지 용기가 포함되어 있어 보관하기 쉽습니다 사무실 클립, 사용하기 좋습니다",,"['클립', '용기', '사무실', '보관', '바인더', '투명하다', '투명', '종이', '전기', '사무']"
사무용품,"클립, 집게 및 링",클립,,B0BHQWGG5S,"종이 클립 바인더 클립 클립 - 종이 클립 및 바인더 클립 340개, 종이 클립 홀더 300개, 바인더 클립 홀더 40개, 사무실, 가정 등을 위한 다양한 크기의 바인더 클립 및 종이 클립",WDDBHSKN,9528,9528,4.3,10.0,"【포장 구성】: 종이 클립: 2.8cm x 150개, 3.3cm x 100개, 2x50개, 다양한 크기의 종이 클립을 사용하여 다양한 두께의 문서를 관리합니다. 바인더: 0.6""x20개, 0.75""x12개, 1"" x8개, 다양한 크기의 바인더를 사용하여 다양한 두께의 종이를 고정합니다. 【종이클립】: 종이 클립은 문서, 영수증, 메모, 편지, 인쇄물 등을 분류하는 데 매우 적합합니다. 폴더의 문서에 사용하면 부풀어 오르지 않으며 폴더 외부에 임시 라벨과 메모를 부착하는 데 편리합니다. 【튼튼한 원단】: 다양한 크기의 종이 클립 바인더는 단단한 금속으로 만들어졌으며 오랫동안 재사용할 수 있습니다. 부드러운 파우더 코팅으로 종이를 손상시키지 않습니다. 사무실, 가족 및 학교에서 매일 사용하기에 적합할 뿐만 아니라 학생과 교사에게도 적합합니다. 【바인더】: 바인더는 많은 종이, 지폐 또는 편지를 그룹화하는 데 적합하며 책상을 깔끔하고 정돈된 상태로 유지합니다. 또한, 바인더는 포지티브 클로저, 칩, 시리얼 또는 기타 비클로저 백이 필요한 모든 것에 적합합니다. 【품질 】: 두꺼운 상자를 사용하여 종이 클립/바인더를 포장하여 운송 중에 다양한 크기의 종이 클립/바인더가 섞이는 것을 방지합니다. 이 구매에 만족하지 않으시면 DGiant Dragon에 제때에 연락해 주시면 만족스러운 답변을 드리겠습니다.",,"['클립', '종이', '바인더', '문서']"
사무용품,"클립, 집게 및 링",클립,,B08L53LRFN,"바인더 클립 종이 클립, Sopito 300피스 컬러 사무실 클립 세트, 종이 클램프 포함, 종이 클립 고무 밴드, 사무실 및 학교 용품용, 다양한 사이즈",Sopito,19376,13282,4.8,3440.0,"패키지 구성: 바인더 클립 50개(3가지 사이즈: 15mm/0.59인치, 19mm/0.75인치, 25mm/0.98인치), 종이 클립 170개(2가지 사이즈: 28mm/1.1인치, 50mm/1.97인치) 및 범용 고무 밴드 80개(4가지 색상), 총 300개로 다양한 요구 사항과 다양한 스타일을 충족합니다. 프리미엄 소재 및 경제성: 바인더 클립은 고품질 금속 철로 만들어졌으며 손잡이는 고급 니켈 도금 기술로 처리됩니다. 종이 클립은 플라스틱으로 코팅된 금속 철로 만들어졌습니다. 이 프리미엄 소재는 클립의 높은 매끄러움, 내구성 및 녹 방지 기능을 제공하며 오래 사용할 수 있으며 총 300개에 저렴한 가격으로 훨씬 경제적입니다. 효율적인 문서 정리함: 다양한 크기와 다양한 색상은 다양한 두께, 유형 및 장면의 정보 라벨링 및 문서 정리에 적합하며 바쁘고 피곤한 삶을 장식하여 작업 과정에 더 편안하고 흥미를 느끼게 합니다. 무제한 적용: 문서, 시험지, 전단지, 리필, 봉투, 포스터 및 티켓을 잘 정리하십시오. 음식 클램프, 옷 디자인, 가구, 사진 걸이 및 축제 선물로 적합합니다. 사무실, 학교 및 가정 일상 용품에 적합합니다. 제품에 대해 궁금한 점이 있으시면 저희에게 연락하시면 24시간 이내에 답변해 드리겠습니다.",,"['클립', '종이', '바인더', '정리', '문서', '사무실', '철로', '학교', '밴드', '프리미엄']"
사무용품,"클립, 집게 및 링",클립,,B0CCRBPNV5,"종이 클립 바인더 클립 300개, 종이 클립, 다양한 사이즈, 바인더 클립, 다양한 사이즈, 블랙 종이 클립, 블랙 바인더 클립",NEEWAY,9681,9681,4.6,14.0,"다양한 사이즈: 이 300피스 블랙 종이 클립과 블랙 바인더 클립 세트에는 다양한 크기, 28mm 소형 종이 클립 110개, 33mm 중형 종이 클립 100개, 50mm 점보 종이 클립 50개, 15mm 미니 바인더 클립 20개, 19mm 소형 바인더 클립 12개, 25mm 중형 바인더 클립 8개, 케이터링이 포함되어 있습니다. 당신의 다른 문서에 당신의 다른 문서 정리 요구 사항. 프리미엄 품질: 고품질 소재로 제작된 이 종이 클립과 바인더 클립은 내구성과 강력한 고정력을 보장하여 종이를 깔끔하게 정리할 수 있습니다. 클래식 블랙: 모든 종이 클립과 바인더 클립은 검은색으로 제공되어 사무실, 학교 및 가정과 같은 다양한 환경에 적합한 매끄럽고 전문적인 외관을 제공합니다. 편리한 보관: 각 크기의 종이 클립과 바인더 클립은 쉽게 보관하고 휴대할 수 있도록 신중하게 포장되어 엉키거나 분실되는 것을 방지합니다. 다용도 용도: 이 종이 클립과 바인더 클립은 문서 정리에 적합할 뿐만 아니라 공예, 메모 정리, 파일 라벨링 등에 적합하며 매우 다재다능하고 실용적입니다.",,"['클립', '종이', '바인더', '블랙', '정리', '문서']"
사무용품,"클립, 집게 및 링",클립,,B0B8JN8VXV,"Mr. Pen - 귀여운 바인더 클립, 80개, 다양한 색상 및 사이즈, 바인더 클립, 다양한 사이즈, 바인더 클립 미디엄, 소형 바인더 클립, 클립, 사무용품, 귀여운 종이 클립",Mr. Pen,10872,10872,4.8,361.0,"Mr. Pen 스마일리 바인더 클립은 문서, 사진 등을 보관하기에 좋습니다. 3가지 크기의 80개 팩으로 제공되므로 집이나 사무실 어디에서나 사용할 수 있습니다! 이 귀여운 바인더 클립은 강도와 내구성을 높이기 위해 강화 강철로 제작되었습니다. 녹 방지 코팅으로 장기간 사용 후에도 새 것처럼 보입니다. 스프링 타이트 클립은 느슨한 종이의 큰 스택을 단단히 고정하여 운반이 쉽고 분실이나 손상을 방지합니다. Mr. Pen 스마일리 바인더 클립은 다양한 방법으로 사용할 수 있는 다용도 사무용품입니다. 클립의 손잡이는 똑바로 유지하거나 평평하게 접거나 제거할 수 있어 보다 전문적인 기능을 제공합니다. 귀여운 바인더 클립은 사무실, 가정 또는 학교에서 매일 사용하기에 적합합니다. 클립은 종이, 사진 등을 함께 고정하는 데 사용할 수 있습니다. 케이블 홀더, 책갈피, 명함 홀더 및 봉투 클립으로도 사용할 수 있습니다.",,"['클립', '바인더', '귀엽다', '종이', '홀더', '사진', '스마일리', '방지', '사무', '사무실']"
사무용품,"클립, 집게 및 링",클립,,B0CMGLWM4Z,155피스 종이 바인더 클립 세트 다양한 사이즈 바인더 종이 클립 캔디 컬러 종이 클립 문서 정리 바인더 클립 컨테이너 포함 퍼플,ccHuDE,11066,11066,5.0,1.0,"소재: 금속 사이즈: 종이 클립 길이 28mm, 50mm, 바인더 클립 길이 25mm, 19mm 패키지: 155개 (28mm 종이 클립 100개, 50mm 클립 40개, 25mm 바인더 클립 5개, 19mm 바인더 클립 10개) 종이, 메모, 영수증, 책갈피, 파일, 티켓 보관에 이상적입니다 사무실, 비즈니스, 학교, 가정 등에 적합합니다","사무실, 비즈니스, 학교, 가정 등에 적합합니다","['클립', '종이', '바인더', '비즈니스', '사무실', '학교', '가정']"
사무용품,"클립, 집게 및 링",클립,,B09NZHLZ1T,"종이 클립 바인더 클립, 340피스 종이 클립 다양한 사이즈, 바인더 클립 다양한 사이즈, 실버 종이 클립, 블랙 바인더 클립",FUDAO FAMILY,9681,9681,4.7,662.0,"편리한 보관: 대형 종이 클립, 중간 종이 클립, 작은 종이 클립, 중간 바인더 클립, 작은 바인더 클립 및 미니 바인더 클립은 각 크기에 대해 6개의 분리된 칸이 있는 플라스틱 용기에 놓여 있습니다. 쉽게 사용할 수 있으며 책상과 서랍을 깔끔하게 유지합니다. 다양한 사이즈: 블랙 바인더 클립용 다양한 사이즈(15mm, 19mm, 25mm), 은색 종이 클립용 다양한 크기(28mm, 33mm, 50mm)는 다양한 요구 사항과 다양한 스타일을 충족합니다. 다기능: 340팩 종이 바인더 클립은 파일을 함께 묶어 종이가 미끄러지거나 빠지는 것을 방지하고, 다양한 크기의 바인더 클립을 사용하여 다양한 두께의 파일을 관리하고, 특정 물건을 고정하고 밀봉하는 데 도움이 됩니다. 녹 방지 및 내구성: 사무실 클립은 부드러운 파우더 코팅 마감과 니켈 도금 손잡이가 있는 프리미엄 강한 금속 클램프로 만들어져 녹 방지, 강하고 내구성이 뛰어나며 재사용이 가능하여 일상적인 필요에 적합합니다. 용도: 사무실, 가정 및 학교 일상용으로 적합하며 학생, 교사 등에 적합합니다. 식품 클램프, 옷, 가구 및 야외 용도로도 사용할 수 있습니다.",,"['클립', '바인더', '종이', '방지']"
사무용품,"클립, 집게 및 링",클립,,B0BNSL9K96,"점보 종이 클립, 5.1cm(2인치) 대형 종이 클립 150개, 서류 작업, 사무실, 학교 및 개인 사용을 위한 다양한 컬러 종이 클립",SOTMALTK,11066,5512,4.9,1038.0,"점보 종이 클립 - 50mm(2인치) 대형 컬러 종이 클립 150개. 종이 클립 색상 - 다양한 색상의 다채로운 종이 클립은 화려한 색상을 가지고 있으며 매우 매력적입니다. 쉬운 접근 - 150개의 대형 다채로운 종이 클립은 섬세한 플라스틱 상자에 보관되어 쉽게 꺼낼 수 있습니다. 프리미엄 소재 - 당사의 컬러 코팅 종이 클립은 내구성이 뛰어난 프리미엄 금속으로 만들어졌으며 매끄러운 표면으로 종이에 긁힘을 남기지 않습니다. 다기능 - 컬러 장식용 종이 클립은 DIY 책갈피, 사진 앨범 클립, 명함 홀더 및 봉투 클립으로 사용할 수 있습니다.",,"['클립', '종이', '컬러', '대형', '프리미엄', '점보']"
사무용품,"클립, 집게 및 링",클립,,B0BHNJ3WT3,"핑크 바인더 클립 종이 클립, 380피스 다양한 사이즈 종이 클립 종이 클램프 고무 밴드 파일, 종이, 가정 용품용",DANRONG,12451,12451,4.7,266.0,"패키지에 포함된 항목: 바인더 클립 43개(3가지 사이즈: 15mm/0.59인치, 19mm/0.75인치, 25mm/0.98인치), 종이 클립 260개(2가지 사이즈: 33mm/1.3인치, 50mm/2인치) 및 77개의 범용 고무 밴드, 총 380개, 다양한 요구 사항과 다양한 스타일을 충족합니다. 다양한 크기의 바인더 클립, 종이 클립 및 고무 밴드 세트는 삶과 작업의 다양한 요구 사항을 쉽게 충족시킬 수 있습니다. 풍부한 색상으로 사무실이나 학교에서 문서를 작업할 때 항상 행복한 기분과 창의력을 발휘할 수 있습니다. 당사의 종이 클립 및 바인더 클립 세트는 사무실, 가정 및 학교 일상 사용에 적합하며 학생, 교사 등에 적합합니다. 또한 음식 클램프, 의류 디자인, 가구, 사진 걸이 및 축제 선물로 좋습니다. 편리한 보관: 다양한 색상의 대형 종이 클립, 중형 종이 클립, 다양한 색상의 중간 바인더 클립, 작은 바인더 클립 및 미니 바인더 클립, 범용 고무 밴드는 각 크기에 6개의 분리된 칸이 있는 플라스틱 용기에 담겨 있습니다. 쉽게 접근할 수 있어 분실을 방지하고 책상과 서랍을 깔끔하게 유지합니다. 24시간 서비스: 고품질 종이 클립이 여러분의 기대를 뛰어넘을 것이라고 믿습니다. 종이 클립 색상에 문제가 있는 경우 저희에게 연락하시면 24시간 이내에 문제를 해결해 드리겠습니다.",,"['클립', '종이', '바인더', '고무', '밴드']"
사무용품,"클립, 집게 및 링",클립,,B0CSYMBS1H,"바인더 클립 및 종이 클립, 금속 종이 클램프 로즈 골드 바인더 클립 다양한 사이즈",Qimailer,13836,13836,4.5,2.0,"패키지 구성 - 바인더 클립 32mm(1.25인치) 6개, 25mm(1인치), 12개, 1.9cm(0.75인치) 24개, 다양한 사용 요구 사항을 충족할 수 있습니다 강력한 소재 - 당사의 바인더 클립은 강화 강철로 만들어져 내구성이 뛰어나고 녹 방지 기능이 있습니다 다양한 용도 - 바인더 종이 클램프는 사무실, 가정 및 학교에서 매일 사용하기에 적합합니다. 식품 클램프, 옷, 가구 및 실외 용도로도 사용할 수 있습니다. 약속-고객이 저희의 최우선 순위입니다. 어떤 이유로든 만족하지 못하셨다면 저희에게 알려주시면 24시간 이내에 답변을 드리며 즉시 전액 환불 또는 교환을 받으실 수 있습니다.",,"['바인더', '클립', '클램프', '종이', '구성', '학교', '가정', '강력하다', '강철', '강화']"
사무용품,"클립, 집게 및 링",클립,,B003BUJWXW,"BAZIC 소형 3/4"" (19mm) 다양한 색상 금속 바인더 클립, 사무실 학교 용품용 접이식 종이 클램프 클립, 가정용 주방 보관 도구 (20/팩), 1팩",BAZIC Products,8296,8296,4.7,31.0,"✅ 작은 0.6cm 다양한 색상 바인더 클립. 이 바인더 클립의 효율적인 삼각형 디자인은 탁월한 강도와 최적의 압축을 제공하면서도 쉽게 풀 수 있습니다. 견고하고 균일한 그립은 최대 용량에서도 사실상 미끄러짐을 방지합니다. 손잡이가 접을 수 있어 서류 정리 및 보관이 간편합니다. 하나의 손잡이는 편리한 걸이를 제공합니다. ✅ 모든 작업을 처리할 수 있습니다. 다양한 오피스 클립, 핀 및 링과 함께 작업을 결합해보세요. ✅ 변신 + 신뢰성. BAZIC Products는 1998년부터 학교 및 사무실 제품에서 타협하지 않는 품질을 제공하고 있습니다. 지속적인 개선을 위해 최선을 다하고 있으며, 지속적인 업계 선두주자가 되어 자랑스럽게 생각합니다. ✅ 저희의 비전에 충실합니다. 제품의 무결성과 고객 만족에 집중함으로써 신뢰할 수 있는 브랜드를 구축했습니다. 고객의 요구에 맞는 솔루션을 보장하기 위해 고객 통찰력을 사용합니다. ✅ 미국에서 판매 및 유통됩니다. 신뢰할 수 있는 공장과 협력하여 고객에게 보내기 전에 제품이 최고 수준으로 유지되도록 합니다. 각 제품은 로스앤젤레스에 있는 본사에서 배송되며, 제품 무결성에 완전히 만족하실 때까지 절대 남기지 않습니다.",,"['클립', '신뢰', '바인더', '보관', '학교', '손잡이', '지속', '작업', '사무실', '무결']"
사무용품,"클립, 집게 및 링",클립,,B09476MD83,"점보 종이 클립, 10.2cm(4인치) 종이 클립 라지, 30팩 종이 클립, 가정, 학교 및 사무실에서 사용하기에 이상적, 컬러 바인더 클립",Harniruco,13836,8296,4.7,209.0,"❤️【종이클립】: 30팩 10.2cm(4인치) 컬러 대형 종이 클립, 사무실, 학교 및 일상 사용에 적합하며 일상적인 DIY 프로젝트, 책갈피, 사진 앨범, 명함 홀더 및 봉투 클립 제작에도 적합합니다 ❤️【내구성 있는 점보 종이 클립】: 컬러 종이 클립은 비닐 코팅 마감의 녹 방지 금속 와이어로 제작되었습니다 ❤️【컬러 클립】: 종이 클립은 6가지 밝은 색상으로 제공됩니다: 레드, 그린, 옐로우, 블루, 화이트, 핑크. 각 패키지의 수와 색상은 무작위로 포장됩니다. ❤️【대형 종이 클립】: 매끄러운 표면으로 종이에 걸리거나 자국을 방지합니다 ❤️【필요한 경우 저희에게 연락하세요】당사는 귀하가 구매에 만족하고 제품의 품질을 지켜주기를 바랍니다. 어떤 이유로든 구매에 만족하지 않으시면 저희에게 연락하십시오",,"['클립', '종이', '컬러', '사무실', '점보', '학교', '방지', '대형', '일상', '만족하다']"
사무용품,"클립, 집게 및 링",클립,,B0C9QZX76J,"바인더 클립 엑스트라 라지 미디엄 스몰 미니 및 마이크로를 포함한 다양한 사이즈, 사무용품 파일 클램프 종이 클립, 6개의 박스에 6가지 사이즈, 학교용 금속 블랙 클립 208개",POPUFOX,25470,25470,4.9,61.0,"패키지 구성: 6가지 크기의 고품질 블랙 바인더 클립 208개, 투명 상자 6개, 보관 및 가져오기에 편리한 플라스틱 용기로 다양한 사용 요구 사항을 충족할 수 있습니다. 훌륭한 소재: 튼튼한 강화 강철로 제작되어 견고하고 내구성이 뛰어나며 녹 방지 기능이 있습니다. 부드러운 파우더 코팅 마감과 니켈 도금 손잡이로 종이 클램프를 계속 사용하고 재사용할 수 있습니다. 제거하면 클립이 다시 모양으로 돌아옵니다. 간편한 정리: 스프링 타이트 클립은 미끄러지거나 떨어질 위험 없이 느슨한 종이의 큰 스택을 단단히 고정하고 스테이플의 표시를 남기지 않고 파일을 깔끔하게 정리할 수 있도록 도와줍니다. 다양한 용도: 사무실, 학교, 교실 및 가정에서 교사나 점원이 문서를 묶는 데 적합하며, 학생들은 시험지를 정리하고, 다양한 크기는 미완성 식품 패키지, 칩백, 사진, 케이블 홀더 및 책갈피에도 필수적입니다. 간편한 사용: 팔을 꼬집어 쉽고 안전하게 열거나 제거할 수 있습니다. 클래식한 디자인, 곡선형 클램핑 입구는 종이의 손상을 방지합니다. 혼란스러운 삶과 작별 인사를 하세요. 이 제품은 공부와 일을 위한 필수적인 파트너입니다.",,"['클립', '종이', '정리', '패키지', '바인더', '구성', '방지', '파일', '클램프', '블랙']"
사무용품,"클립, 집게 및 링",클립,,B0CT5TZT5R,"50팩 10.2cm(4인치) 점보 종이 클립, 비닐 코팅 멀티컬러 엑스트라 라지 메가 종이 클립, 사무실, 학교, 문서 정리 사무용품 액세서리",Calonge,11066,11066,5.0,1.0,"초대형 종이 클립: 오버사이즈 종이 홀더는 10.2cm(4인치) 100mm로 더 두꺼운 종이를 담을 수 있으며 큰 파일이나 카드를 정리하는 데에도 적합합니다 다양한 색상: 10가지 색상, 각 색상당 4개, 총 40개의 종이 홀더가 함께 제공됩니다. 다양한 색상으로 문서를 쉽게 색상 코딩할 수 있으며 문서 폴더 분류에 가장 적합합니다. 강한 금속 구조: 내구성을 위해 비닐 코팅된 프리미엄 품질의 금속 종이 클립. 부드러운 점보 종이 클립으로 느슨한 페이지를 함께 보관하세요. 매끄러운 마감으로 종이가 찢어지거나 찢어지는 것을 방지합니다. 좋은 품질: 고품질 강철로 제작되어 내구성이 뛰어나고 수명이 길며 쉽게 손상되지 않습니다. 중요한 모든 문서를 빠르게 보관할 수 있습니다. 다양한 용도: 머니 클립, 종이 홀더 또는 레터 홀더로 사용할 수 있습니다. 학교, 가정 및 사무실에 적합합니다.","50팩 10.2cm(4인치) 점보 종이 클립, 비닐 코팅 멀티 컬러 엑스트라 라지 메가 클립 사무실 학교 문서 정리 사무용품 액세서리","['종이', '클립', '문서', '홀더', '비닐', '학교', '점보', '정리', '사무실', '코팅']"
사무용품,"클립, 집게 및 링",클립,,B078Y2GMZ1,"Coideal Smiling 바인더 종이 클립 - 40피스 19mm 미니 컬러 금속 펀 클립 클램프, 귀여운 스마일 얼굴, 다양한 색상, 사무실용 (1.9cm(0.75인치), 스몰)",Coideal,11066,11066,4.8,1794.0,"신축성이 뛰어난 내구성 있는 스틸 클립으로 문서를 정리하세요. 이 웃는 바인더 클립의 다양한 색상을 사용하여 종이를 쉽게 분류할 수 있습니다. 가정, 학교 또는 직장에 완벽한 이 작은 클립은 사진, 종이 또는 가방을 함께 보관할 수 있는 좋은 방법입니다. 이 파일 바인더 클립을 쉽게 열고 닫을 수 있으며 문서에 단단히 고정됩니다. 귀여운 상자에 포장된 40개의 금속 종이 클립을 받게 됩니다.",,"['클립', '종이', '바인더', '귀엽다', '금속', '문서', '클립', '종이', '바인더', '귀엽다', '금속', '문서']"
사무용품,"클립, 집게 및 링",클립,,B07KCF2JXV,"105피스 다채로운 종이 클립 금속 하트 종이 클립, 사무실 문구, 학교 용품용",Frienda,9681,9681,4.7,995.0,"좋은 소재: 내구성이 뛰어난 스테인리스 스틸로 제작되어 귀엽고 섬세하며 녹슬거나 부서지지 않아 오랫동안 사용할 수 있습니다 특징: 사이즈 (길이 x 너비): 금속 종이 클립 크기는 약 23 x 20mm/0.9 x 0.79인치로 다양한 파일을 표시하고 배치하는 데 적합합니다. 6가지 색상의 하트 모양 종이 클립: 레드, 핑크, 골드, 퍼플, 그린, 블루 포함 수량: 총 105피스, 다양한 맞춤형 요구 사항을 충족합니다 멋진 외관과 패션: 귀여운 하트 모양은 단순하지만 창의적이고 패셔너블하여 공부와 작업에 많은 기쁨을 가져다 줄 것입니다. 일상 생활을 장식하세요 다기능: 다양한 색상을 사용하여 문서와 종이 공예품을 식별할 수 있습니다. 책갈피 및 장식용 메모 클립, 머니 클립, 종이 홀더 또는 레터 홀더로도 사용할 수 있습니다. 학생, 작가, 독자 등에 적합합니다",,"['종이', '클립', '하트', '귀엽다', '장식', '금속', '홀더', '피스']"
사무용품,"클립, 집게 및 링",클립,,B0CD5FZC37,"골드 종이 클립 바인더 클립 세트, 160피스 골드 사무용품 및 액세서리, 골드 종이 클립 및 대형 소형 종이 바인더 클립 푸시 핀, 가정, 학교, 사무용품, 책상 액세서리용",YSHIHE,9958,9958,4.9,17.0,"【밸류 팩 다양한 사이즈 조합】바인더 클립 20개(15mm, 19mm), 종이 클립 100개(28mm, 50mm), 매일 사용하기에 충분한 원형 지도 핀 40개를 포함한 골드 종이 클립 바인더 클립 세트 160개를 받게 되며, 6가지 스타일로 사무실 책상 액세서리의 다양한 요구 사항을 충족할 수 있습니다. 【편리한 보관 및 사용】사무용품을 보관할 수 있는 완벽한 사무실 보관 상자 정리함 - 골드 종이 클립, 대형 골드 종이 클립, 작은 골드 바인더 클립, 대형 골드 바인더 클립, 중간 골드 바인더 클립, 작은 골드 바인더 클립, 골드 라운드 지도 핀은 각 크기별로 6개의 분리된 칸이 있는 플라스틱 용기에 담겨 있어 보관 및 꺼내기가 쉽습니다. 【우수한 내구성 소재】골드 바인더 클립은 금속으로 만들어졌으며 표면은 전기 도금되어 아름답고 매끄럽게 만들어졌으며 녹 방지 기능이 있으며 강하고 오래 사용할 수 있습니다. 지구본 핀에는 두 가지 옵션이 있습니다. 골드 핀이 있는 아크릴 투명 구형이며, 다른 하나는 전기 도금 풀 골드 구형으로, 나무 또는 부드러운 보드에 모든 물체를 고정하는 데 사용할 수 있습니다. 사무용품으로 모두 튼튼하고 오래 지속되며 사무실 문서를 더 특별하고 아름답게 만들 수 있습니다. 【다양한 용도】종이 클립과 바인더 클립은 사무실에서 수백 가지 용도로 사용할 수 있으며, 서류 작업을 위한 클립, 파일 정리, 서류를 안전하게 보관하고, 사무실, 학교, 가정에서 사용할 수 있습니다. 클라이언트 문서를 함께 묶을 수 있습니다. 이 지도 핀은 메모, 지도, 사진, 포스터, 메모, 달력, 영수증, 책갈피, 파일, 티켓, 지도, DIY 종이 프로젝트 등을 고정하는 데 사용할 수 있습니다. 게시판 및 코르크 보드에 적합한 사무용품 세트. 【완벽한 선물】유용한 골드 사무용품 및 액세서리는 생일 선물, 교사 선물, 개학 선물, 추수감사절 선물, 크리스마스 선물, 새해 선물로 적합하며 사무실, 학교 및 가정 일상 용품으로 적합합니다.","제품 설명: 책상 위의 지저분함에 지치셨나요? 이 골드 종이 클립 바인더 클립 세트는 책상을 정리하는 데 도움이 됩니다! 바인더 클립 20개(15mm, 19mm), 종이 클립 100개(28mm, 50mm), 매일 사용하기에 충분한 원형 지도 핀 40개를 포함한 골드 종이 클립 바인더 클립 세트 160개를 받게 되며, 6가지 스타일로 다양한 요구 사항을 충족할 수 있습니다. 제품 특징: 1. 매우 합리적인 가격의 다양한 수량 블랙 사무용품 - 바인더 클립 20개(15mm, 19mm), 종이 클립 100개(28mm, 50mm), 원형 지도 핀 40개 포함. 2. 탁월한 소재 조합 - 금속으로 만들어졌으며 표면은 아름답고 매끄럽게 만들기 위해 전기 도금되었으며 녹 방지, 강하고 오래 지속되며 재사용이 가능합니다. 3. 쉬운 보관을 위한 대형 정리 상자 - 쉬운 보관 대형 종이 클립, 작은 종이 클립, 작은 바인더 클립 및 미니 바인더 클립 및 지도 핀. 4. 사무실, 가정 및 기타 장소에 적합한 완벽한 조합으로 공부 및 직장 엘리트를 위한 최고의 선택입니다. 패키지 구성: 사무실 보관 상자 1개. 골드 바인더 클립 20개 - (15mm, 19mm) 골드 종이 클립 100개 - (28mm, 50mm) 골드 라운드 지도 핀 40개.","['클립', '골드', '바인더', '종이', '핀', '지도', '사무실', '보관', '사무', '선물']"
사무용품,"클립, 집게 및 링",클립,,B09P65NJ63,"128피스 다채로운 종이 클립 및 바인더 클립 세트, 10가지 종류의 귀여운 패턴 종이 클립, 중형 및 소형 바인더 사무실, 장식 및 학교 용품에 적합",Auson,17852,17852,4.4,26.0,"【키트 구성】10개의 컬러 종이 클립(총 100개) + 대형 스마일 바인더 클립 8개 + 다양한 문서, 작업 및 장식 요구 사항을 위한 작은 스마일 바인더 클립 20개. 【더 많은 모양과 색상】다채로운 종이 클립은 10개의 사랑스러운 패턴과 5가지 색상을 가지고 있어 사용 중에 색상과 패턴에 따라 문서를 잘 분류할 수 있습니다. 【고품질 소재 및 공정】고품질 금속으로 제작되어 녹슬지 않으며 반복적으로 사용할 수 있으며 쉽게 느슨해지지 않으며 종이를 손상시키지 않습니다. 문서를 보호하고 정리하며 장식할 수 있습니다. 【다양한 용도】사무실, 가정 및 학교 일상 사용에 적합하며 문서, 테스트 종이, 전단지, 포스터 및 티켓을 적절하게 보관할 수 있으며 식품 보관 가방, 실내 장식, 사진 걸이 및 휴일 선물로 사용할 수 있습니다. 【만족 보장】저희는 100% 고객 만족을 추구합니다. 제품의 가격과 품질에 만족하지 못하셨다면 직접 문의해주시면 평생 애프터 서비스를 제공해 드리겠습니다","다양한 색상 및 귀여운 모양. 10가지 종류의 모양의 참신한 종이 클립이 포함되어 있습니다(하트, 다이아몬드, 별, 카메라, 행성 등). 각 유형에는 5가지 다양한 색상의 10개가 있어 정말 눈길을 끕니다. 귀여운 웃는 얼굴로 장식된 4가지 색상의 소형 및 중형 바인더 클립. 많은 파일에서 원하는 것을 빠르게 찾을 수 있습니다. 녹 방지 및 내구성 있는 Fancy 종이 클립과 바인더는 PET 도금이 있는 하이 스테인리스 스틸로 만들어져 내구성이 뛰어나고 표면을 매끄럽고 녹이 슬지 않으며 부서지거나 종이에 걸리거나 자국을 남기지 않습니다. 쉬운 정리. 사랑스러운 모양의 장식용 종이 클립은 책상과 서랍을 깔끔하게 유지할 수 있는 쉬운 방법을 제공하며 일상적인 사용의 무거운 하중 요구 사항을 충족합니다. 다양한 모양의 종이 클립은 쉽게 사용할 수 있도록 개별 가방에 담겨 제공됩니다. 종이 클립 10팩과 바인더 클립 28개가 투명 상자에 담겨 있습니다. 최대 50장을 담을 수 있습니다. 넓은 플랫폼이 있는 큰 종이 클립은 신뢰할 수 있는 고품질 성능을 제공합니다. 최대 50장을 담을 수 있는 대용량의 귀여운 종이 클립입니다. 물론 2-3장의 종이를 잘 고정할 수 있습니다. 2가지 다른 크기의 바인더 클립으로 더 많은 종이를 보관할 수 있습니다. 파일 분류. 혼합 모양의 종이 클립은 파일을 멋지게 꾸미고 노트북, 책갈피, 스크랩북, 캘린더 마커 및 기타 물건을 안전하게 부착하고 정리할 수 있습니다. 사무실, 가정, 장식, DIY 및 일상 사용에 적합합니다. 패키지에는 128개의 종이 클립 및 바인더 세트 10개의 봉투(5가지 색상: 블루, 퍼플, 실버, 골드. , 로즈 골드) 1. 카메라 0개 10개 다이아몬드 10개 행성","['클립', '종이', '바인더', '장식', '문서', '귀엽다']"
사무용품,"클립, 집게 및 링",클립,,B0C2P34S82,"48팩 엑스트라 라지 바인더 클립 5.1cm(2인치), 사무실 및 가정 용품용 대형 종이 클램프, 블랙",Baxrou,17935,17935,4.7,96.0,"【패키지 구성】점보 바인더 클립 48개, 너비 5.1cm(2인치), 용량 2cm(0.8인치). 【강한 소재】큰 종이 클램프는 강화 강철로 만들어졌으며 내구성이 뛰어나고 녹 방지 기능이 있으며 은색 암이 있는 검은색 삼각형 모양으로 계속 사용하고 재사용할 수 있습니다. 【다양한 용도】엑스트라 라지 바인더 클립은 문서 그룹을 즉시 바인딩하고 사무실, 가정, 학교에서 열린 냉동 채소와 칩 봉지를 닫는 데 이상적입니다. 【편리함】스프링 타이트 클립은 미끄러지거나 떨어질 위험 없이 느슨한 종이를 단단히 고정하는 데 도움이 됩니다. 【평생 친절한 서비스】 대형 바인더 클립을 좋아하지 않는 이유가 무엇이든 저희에게 알려주십시오. 전액 환불하거나 교체품을 보내드립니다.",,"['클립', '바인더', '종이', '사무실', '구성', '대형', '라지', '엑스트라', '가정', '클램프']"
사무용품,"클립, 집게 및 링",클립,,B09PV494JW,"로즈 골드 메탈 바인더 클립 55개, 2가지 사이즈, 귀여운 고양이 모양 바인더 클립 25개 및 고양이 종이 클립 30개, 로즈 골드 종이 책갈피 클립, 고양이 사무용품, 사무실 홈 스쿨용 투명 상자 포함",Eersida,13836,13836,4.4,105.0,"패키지 구성: 1.9cm(3/4인치) 너비의 바인더 블립 15개, 2.5cm(1인치) 너비의 바인더 클립 10개, 고양이 종이 클립 30개, 투명 상자가 제공됩니다. 충분한 수량으로 다양한 요구 사항을 충족할 수 있습니다 적합한 사이즈: 너비 1.9cm(3/4인치) 고양이 바인더 클립은 19 x 40mm/0.75 x 1.57인치, 2.5cm(1인치) 로즈 골드 너비 바인더 클립은 25 x 45mm/0.98 x 1.77인치, 고양이 종이 클립의 크기는 40 x 20mm/1.57 x 1.57 x 0.79 인치, 휴대가 간편하고 실용적입니다 견고한 소재: 이 귀여운 종이 클립은 고품질 합금 소재와 전기 도금 로즈 골드로 만들어져 믿을 수 있고 견고하며 쉽게 색이 바래거나 부서지지 않으며 신축성이 좋고 사용하기 유연합니다 로즈 골드 고양이 디자인: 로즈 골드 고양이 모양의 종이 클립과 금속 바인더 클립, 로즈 골드 광택의 사랑스러운 디자인, 매력적이고 흥미롭습니다. 삶에 많은 재미를 더합니다 다양한 용도: 고양이 사무실 용품은 가격표, 사진, 지도, 그림, 종이를 정리하거나 전시하는 데에도 적합하며 책상을 깨끗하고 깔끔하게 만들어 기분 좋은 분위기를 선사합니다","특징: 귀여운 고양이 모양을 채택한 이 동물 종이 클립은 어린이, 친구, 반 친구, 동료 및 고양이 애호가를 위한 선물로 사용할 수 있습니다. 이 고양이 종이 클립은 가격표, 사진, 지도, 그림, 종이, 티켓 등을 보관하기에 적합하며 가정, 사무실 및 학교에 적합합니다. 사양: 소재: 전기 도금 로즈 골드가 있는 합금 색상: 사진과 같음 사이즈: 바인더 클립: 19 x 40 mm/0.75 x 1.57 inch 및 25 x 45 mm/0.98 x 1.77 inch 책갈피 클립: 40 x 20 mm/ 1.57 x 0.79 인치 패키지 구성: 고양이 모양 바인더 클립 25개. 고양이 모양의 책갈피 클립 30개. 참고: 수동 측정이므로 사이즈에 약간의 오차가 있을 수 있습니다. 화면 디스플레이의 차이로 인해 색상이 약간 다를 수 있습니다.","['클립', '고양이', '종이', '바인더', '골드']"
사무용품,"클립, 집게 및 링",클립,,B09W1Z63DG,"골드 종이 클립 및 바인더 클립 세트, 푸시 핀이 있는 금속 다양한 사이즈 바인더, 책상, 책상 액세서리용 귀여운 골드 사무용품",CREECHWA,9681,9681,4.7,626.0,"최고의 정리 키트 - 완벽한 바인더 종이 클립 다양한 크기의 패키지를 공개합니다. 중간 바인더 클립 7개, 소형 바인더 클립 15개, 종이 클립 30개, 푸시 핀 20개, 홀더 1개로 구성되어 있어 정리에 필요한 포괄적이고 세련된 접근 방식을 제공합니다 정교한 품질 - 프리미엄 소재로 작업 공간을 향상시키세요 - 우수한 탄력성을 가진 고품질 강철로 꼼꼼하게 제작되었습니다. 종이 바인더 클립과 푸시 압정의 표면은 광택이 나는 금속 도금으로 장식되어 내구성, 먼지 방지 및 재사용 가능성의 추가 이점을 보장합니다 다용도 - 이 다기능 사무용품으로 조직의 능력을 높이세요. 귀여운 골드 바인더 클립, 종이 클립 및 압정 세트는 세련된 동반자입니다. 책상용 골드 사무용품 - 다양한 퍼블릭 도메인에서 이 귀여운 사무용품의 무한한 잠재력을 발휘하세요. 무조건 만족 보장 - 모든 제품은 최적의 성능과 탁월한 품질을 보장하기 위해 세심한 테스트를 거칩니다. 어떤 이유로든 완전히 만족하지 못하셨다면 번거롭지 않은 반품 정책으로 완벽한 만족을 보장합니다",,"['클립', '바인더', '종이', '골드', '사무', '보장', '책상', '귀엽다', '만족', '세련되다']"
사무용품,"클립, 집게 및 링",클립,,B0CN4CWCFH,"Mr. Pen - 바인더 클립, 120개, 다양한 사이즈, 다채로운 바인더 클립, 다양한 사이즈, 바인더 클립 미디엄, 소형 바인더 클립, 클립 사무용품, 종이 클립, 바인더 클립 스몰",Mr. Pen,11066,11066,4.8,12.0,"Mr. Pen 바인더 클립 세트는 120개의 클립으로 구성된 다채로운 모음으로, 다양한 정리 요구 사항에 맞게 6가지 크기로 제공되며, 모두 투명하고 둥근 용기에 깔끔하게 제공되어 쉽게 선택할 수 있습니다. 파스텔 색조로 제작된 이 바인더 클립은 모든 사무실이나 공부 공간에 미적 매력을 더하고 기능성과 현대적이고 세련된 외관을 결합했습니다. 내구성을 위해 설계된 이 클립은 튼튼한 금속으로 만들어져 종이가 찢어지거나 미끄러지지 않고 서로 묶여 있습니다. 접이식 암은 쉽게 부착하고 제거할 수 있으며 문서를 걸 수 있도록 똑바로 세울 수 있어 임시 및 장기 정리에 적합합니다. 이 다용도 클립은 문서 고정 및 패키지 닫기부터 임시 후크 역할까지 다양한 용도에 이상적이며 전문적 및 개인적 요구 사항을 모두 쉽게 충족합니다.",,"['클립', '바인더', '문서', '종이', '구성', '정리', '요구', '임시']"
사무용품,"클립, 집게 및 링",클립,,B0CFT4HXCP,"40팩 10.2cm(4인치) 점보 종이 클립, 비닐 코팅 멀티컬러 엑스트라 라지 메가 종이 클립, 사무실, 학교, 문서 정리 사무용품 액세서리",Tatibana,13836,13836,5.0,10.0,"초대형 종이 클립: 오버사이즈 종이 홀더는 10.2cm(4인치) 100mm로 더 두꺼운 종이를 담을 수 있으며 큰 파일이나 카드를 정리하는 데에도 적합합니다 다양한 색상: 10가지 색상, 각 색상당 3개, 총 30개의 종이 홀더가 함께 제공됩니다. 다양한 색상으로 문서를 쉽게 색상 코딩할 수 있으며 문서 폴더 분류에 가장 적합합니다. 강한 금속 구조: 내구성을 위해 비닐 코팅된 프리미엄 품질의 금속 종이 클립. 부드러운 점보 종이 클립으로 느슨한 페이지를 함께 보관하세요. 매끄러운 마감으로 종이가 찢어지거나 찢어지는 것을 방지합니다. 좋은 품질: 고품질 강철로 제작되어 내구성이 뛰어나고 수명이 길며 쉽게 손상되지 않습니다. 중요한 모든 문서를 빠르게 보관할 수 있습니다. 다양한 용도: 머니 클립, 종이 홀더 또는 레터 홀더로 사용할 수 있습니다. 학교, 가정 및 사무실에 적합합니다.",,"['종이', '클립', '홀더', '문서', '구성', '금속', '비닐', '학교', '점보', '정리']"
사무용품,"클립, 집게 및 링",클립,,B0CF2NPYKW,"Office Binder 종이 클립 다양한 사이즈 세트 (스몰, 미디엄, 라지) 멀티컬러 (로즈 골드, 골드, 실버), 42팩",YOPINK,13836,13836,4.7,14.0,"패키지 구성: 실버 소형 바인더 클립 24개(19mm/0.75인치), 골드 미디엄 바인더 클립 12개(25mm(1인치), 로즈 골드 대형 바인더 클립 6개(32mm/1.26인치). 상자에 3가지 크기의 바인더 클립이 있어 사용하기 편리합니다. 반복적으로 사용하기에 이상적이며, 클립을 제거하면 다시 튀어 나옵니다. 탄력성이 좋은 고품질 스테인리스 스틸 와이어로 만든 부드러운 바인더 클립. 사무실, 비즈니스, 학교 및 가정에 적합합니다. 전통적인 바인더 클립과 비교했을 때, 밝은 색상으로 특별하고 재미있는 느낌을 줍니다. 패키지: 박스 당 클립 42개.","다양한 사이즈: 3가지 사이즈와 3가지 색상의 클립 포함: 작은 종이 클립, 1.9cm(3/4인치) (24팩), 실버 중간 크기의 종이 클립, 2.5cm(1인치) (12팩), 골드 대형 종이 클립, 3.2cm(1-1/4인치) (6팩), 로즈 골드. 투명 상자에 42개가 들어 있어 보관 및 가져오기에 편리합니다. 간편한 사용: 클립을 종이에서 쉽게 열고 제거할 수 있어 서류, 사진 및 문서 등을 쉽게 정리할 수 있습니다. 특징: 바인더 클립은 금속으로 만들어져 내구성이 뛰어나고 재사용이 가능합니다. 미끄러지거나 떨어질 위험 없이 열기가 지나치게 힘들지 않습니다. 제거하면 클립이 다시 튀어 나옵니다. 용도: 다양한 크기의 바인더 클립을 사용하여 다양한 두께의 파일 용지를 분류하여 정리하고 안전하게 보관할 수 있을 뿐만 아니라 사진/그림/엽서/카드를 벽에 건네줄 수도 있습니다. 사무실 학교 및 공예용으로 적합합니다. 종이 데이터 수집가라면 이 바인더 클립이 가장 좋아하는 클립이 될 것이라고 믿습니다.","['클립', '바인더', '골드', '종이', '실버', '개인', '제거']"
사무용품,"클립, 집게 및 링",클립,,B0BRGHXWD7,"Mr. Pen - 대형 바인더 클립, 5.1cm(2인치), 12팩, 로즈 골드, 5.1cm(2인치) 바인더 클립, 대형 바인더 클립 점보, 사무실 클립, 종이 클램프, 종이용 종이 바인더 클립, 바인더 종이 클립",Mr. Pen,13642,13642,4.8,1229.0,"Mr. Pen 로즈 골드 바인더 클립은 문서, 사진 등을 보관하기에 좋습니다. 12개 팩으로 제공되므로 집이나 사무실 어디에서나 사용할 수 있습니다! 이 대형 바인더 클립은 강도와 내구성을 높이기 위해 강화 강철로 제작되었습니다. 녹 방지 코팅으로 장기간 사용 후에도 새 것처럼 보입니다. 스프링 타이트 클립은 느슨한 종이의 큰 스택을 단단히 고정하여 운반이 쉽고 분실이나 손상을 방지합니다. Mr. Pen 로즈 골드 바인더 클립은 다양한 방법으로 사용할 수 있는 다용도 사무용품입니다. 클립의 손잡이는 똑바로 유지하거나 평평하게 접거나 제거할 수 있어 보다 전문적인 기능을 제공합니다. 당사의 대형 바인더 클립은 사무실, 가정 또는 학교에서 매일 사용하기에 적합합니다. 클립은 종이, 사진 등을 함께 고정하는 데 사용할 수 있습니다. 케이블 홀더, 책갈피, 명함 홀더 및 봉투 클립으로도 사용할 수 있습니다.",,"['클립', '바인더', '종이', '대형', '골드', '사무실', '홀더', '방지', '사진', '고정']"
사무용품,"클립, 집게 및 링",클립,,B0BXWG4GNZ,"종이 클립, 점보 및 미디엄 (5.1cm(2인치) 및 3.3cm(1.3인치)) 컬러 종이 클립 200개, 대형 종이 클립 다양한 색상 사이즈, 서류 작업, 사무실, 학교 및 개인 사용을 위한 종이 클립",SOTMALTK,5526,5526,4.8,420.0,"점보 및 중형 종이 클립 - 다양한 크기의 종이 클립 200개, 중간 사이즈 3.3cm(1.3인치) (100개) 및 대형 사이즈 5.1cm(2인치) (100개) 포함. 종이 클립 색상 - 다양한 색상의 다채로운 종이 클립은 화려한 색상을 가지고 있으며 매우 매력적입니다. 쉬운 접근 - 다채로운 크기의 종이 클립은 섬세한 플라스틱 상자에 보관되어 쉽게 꺼낼 수 있습니다. 고품질 - 당사의 컬러 코팅 종이 클립은 내구성이 뛰어난 프리미엄 금속으로 만들어졌으며 매끄러운 표면으로 종이에 긁힘을 남기지 않습니다. 다기능 - 컬러 장식용 종이 클립은 DIY 책갈피, 사진 앨범 클립, 명함 홀더 및 봉투 클립으로 사용할 수 있습니다.",,"['클립', '종이', '컬러', '점보', '대형']"
사무용품,"클립, 집게 및 링",클립,,B0BGS6V6FN,"바인더 종이 클립 30개의 귀여운 선인장 종이 클립 창의적인 장식 JruiZhp 문구 종이 클립 종이 클립 및 바인더 가정, 학교 및 사무실용 (B)",JruiZhp,14750,14750,4.7,11.0,"【사이즈】【사이즈】28*35cm/1.1*1.38인치 【소재 질감】소재: 금속으로 제작. 부식 방지, 매끄러운 표면으로 문서에 찢어지거나 흔적을 남기지 않습니다. 【적용 시나리오】종이 클립은 사무실, 학교 및 일상 사용에 매우 적합합니다. 바인더는 미끄러지거나 떨어지지 않고 많은 수의 느슨한 종이를 단단히 고정할 수 있습니다. 【외관】사랑스러운 선인장 디자인은 정교하고 컴팩트하며 패셔너블하며 보편적입니다. 이 작고 귀여운 아이템은 사무실 작업에 재미를 더합니다. 【패키지】패키지에는 30개의 종이 클립이 있어 자유롭게 사용할 수 있습니다.","제품 설명 【사이즈】28*35cm/1.1*1.38인치 【소재 질감】소재: 금속으로 제작. 부식 방지, 매끄러운 표면으로 문서에 찢어지거나 흔적을 남기지 않습니다. 【적용 시나리오】종이 클립은 사무실, 학교 및 일상 사용에 매우 적합합니다. 바인더는 미끄러지거나 떨어지지 않고 많은 수의 느슨한 종이를 단단히 고정할 수 있습니다. 【외관】사랑스러운 선인장 디자인은 정교하고 컴팩트하며 패셔너블하며 보편적입니다. 이 작고 귀여운 아이템은 사무실 작업에 재미를 더합니다. 【패키지】패키지에는 30개의 종이 클립이 있어 자유롭게 사용할 수 있습니다.","['종이', '클립', '패키지', '사무실', '바인더', '선인장', '학교', '귀엽다', '흔적', '사랑스럽다']"
사무용품,"클립, 집게 및 링",클립,,B0CWK5FRNS,"로즈 골드 종이 클립 500개, 다양한 사이즈, 소형, 중형 및 대형 종이 클립, 가정, 학교 및 사무실에서 사용하기에 이상적",NEEWAY,11066,11066,4.8,6.0,"멀티 사이즈 로즈 골드 우아함: NEEWAY의 다양한 크기의 골드 종이 클립 세트로 사무실이나 학용품에 세련된 느낌을 더하세요. 이 디럭스 팩에는 2.8cm(1.1인치) 200개, 3.3cm(1.3인치) 200개, 5.1cm(2인치) 상당한 5.1cm(2인치) 종이 클립 100개가 포함되어 있어 모든 정리 요구 사항을 우아하게 충족합니다. 손상 없는 탁월한 그립감: NEEWAY의 소형, 중형 및 대형 종이 클립으로 문서를 자신 있게 정리하세요. 매끄러운 마감으로 용지가 찢어지거나 주름 없이 손상되지 않도록 합니다. 깨끗한 상태로 작업을 보존하는 데 관심이 있는 교사 및 전문가에게 적합합니다. 오래 지속되고 녹이 슬지 않음: NEEWAY의 점보 종이 클립은 시각적으로 매력적일 뿐만 아니라 오래 사용할 수 있도록 제작되었습니다. 녹 방지 코팅은 오래 지속되는 내구성과 성능을 약속하여 지속적인 사용을 통해 클립 사무용품을 반짝이고 기능적으로 유지합니다. 원활한 정리: 클립 사무용품으로 작업 공간이나 교실을 깔끔하게 유지하세요. 이 세트는 다양한 크기로 제공되므로 항상 적절한 크기의 종이 클립을 손끝에서 사용할 수 있습니다. 또한, 편리한 포장으로 엉킴을 방지하고 쉽게 꺼낼 수 있습니다. 모든 시나리오를 위한 클립: NEEWAY의 로즈 골드 종이 클립은 기능성과 스타일을 위해 제작된 다양한 크기로 제공됩니다. 프레젠테이션을 정리하거나, 공예 프로젝트를 관리하거나, 문구류에 감각을 더하든, 이 종이 클립은 사무실, 학교 또는 가정 등 모든 환경에 적합합니다. 다양한 기능을 수용하고 모든 종이 관련 작업을 쉽게 할 수 있습니다.","브랜드: NEEWAY 수량: 500개 색상: 로즈 골드 다양한 사이즈: 스몰, 미디엄, 라지(2.8cm, 3.3cm, 5cm)","['클립', '종이', '골드', '정리', '작업', '지속', '사무실']"
사무용품,"클립, 집게 및 링",클립,,B0CP24PN6P,"종이 클립 500개 다양한 사이즈, 스몰, 미디엄 및 라지(2.8cm(1.1인치), 3.3cm(1.3인치) 및 5.1cm(2인치)) 종이 클립, 사무실, 학교, 가정 용품용 비닐 코팅 종이 클립(핑크)",FUDAO FAMILY,8850,8850,5.0,8.0,"다양한 사이즈 - 이 핑크 종이 클립 500개 세트에는 2.8cm(1.1인치) 소형 종이 클립 200개, 3.3cm(1.3인치) 중형 종이 클립 200개, 5.1cm(2인치) 대형 종이 클립 100개가 포함되어 있습니다. 다양한 크기와 두께의 문서를 정리하는 데 적합합니다. 보호를 위한 비닐 코팅 - 각 종이 클립은 비닐로 코팅되어 중요한 문서를 긁거나 손상시키는 것을 방지하는 보호층을 제공합니다. 코팅은 또한 내구성과 편안한 그립감을 더해 다루기 쉽습니다. 강력하고 신뢰할 수 있는 고정력 - 이 종이 클립은 문서를 제자리에 안전하게 보관할 수 있는 강력한 고정력을 제공합니다. 몇 장이든 두꺼운 종이 더미든, 이 클립은 미끄러지거나 떨어지지 않고 함께 고정됩니다. 세련된 핑크 디자인 - 이 핑크 종이 클립으로 돋보이세요! 생생한 핑크 색상은 사무용품에 재미와 개성을 더합니다. 작업 공간에 색상을 추가하거나 약간의 감각을 좋아하는 사람들에게 선물로 적합합니다. 오래 사용할 수 있는 대량 - 총 500개의 핑크 종이 클립 세트는 사무실이나 개인적인 필요에 충분한 공급을 제공합니다. 학생, 전문가 또는 DIY 애호가이든, 이 종이 클립은 오래 사용할 수 있습니다.","핑크 종이 클립 500개, 다양한 사이즈, 비닐 코팅 종이 클립. 이 다용도 세트에는 2.8cm(1.1인치) 소형 종이 클립 200개, 3.3cm(1.3인치) 중형 종이 클립 200개, 5.1cm(2인치) 대형 종이 클립 100개가 모두 세련된 핑크 색상으로 포함되어 있습니다. 각 클립은 추가적인 보호를 위해 비닐로 코팅되어 중요한 문서를 손상시키지 않습니다. 강력한 고정력으로 다양한 크기의 종이를 미끄러지지 않고 안전하게 고정합니다. 생생한 핑크 디자인은 작업 공간에 재미있는 터치를 더하고 훌륭한 선물 옵션입니다. 많은 양의 이 세트는 사무실이나 개인 조직에서 오래 사용할 수 있습니다.","['종이', '클립', '핑크', '코팅', '비닐', '문서']"
사무용품,"클립, 집게 및 링",클립,,B0C2DCKRYT,STOBOK 30피스 종이 클립 파일 폴더 컬러 사무용품 폴더 바인더 폴더 잎 모양 종이 클립 종이 클립 토끼 사무실 종이 클립 파일 클립 학교 종이 클립 종이 클램프,STOBOK,13282,13282,5.0,1.0,"【UTE 종이 클립】명함, 명함, 파일, 메모, 메모, 사진, 메모, 티켓 또는 책, 스크랩북 및 공책에 적합합니다. 이 사랑스러운 종이 클립은 학습 및 작업 문서를 효과적으로 유지할 수 있습니다. 【종이 바인더 클립】밀봉 종이 클립. 당사의 종이 클립은 정교한 장인 정신으로 잘 만들어졌으며 쉽게 변형되거나 색이 바래거나 깨지지 않습니다. 실용적인 종이 클립은 생일이나 크리스마스와 같은 행사를 위한 훌륭한 선물이나 기념품이며 인사말 카드나 노트북을 위한 아름다운 장식입니다. 【금속 폴더】 작고 정교하며 독특하며 창의적이어서 이 작은 종이 클립은 휴대와 보관이 매우 편리합니다. 식물 모양의 컬러 종이 클립은 책상과 서랍을 깔끔하게 유지하고 일상적인 사용의 무거운 하중 요구 사항을 충족하는 쉬운 방법을 제공합니다. 【금속 북마크】잎 모양이 특징이며, 매우 장식적이며 가정, 사무실, 공부 및 사용에 필수적이며 매우 다재다능합니다. 창의적인 몬스테라 디자인의 종이 클립은 귀엽고 정교하여 작업이나 공부를 재미있게 끝낼 수 있습니다. 【잎 종이 클립】 잎 모양 디자인은 정교하고 창의적입니다. 종이 클립일 뿐만 아니라 좋은 장식품이기도 합니다. 책갈피 및 장식용으로 이상적이며 책, 노트북, 스크랩북 및 기타 표시해야 하는 물건에 고정할 수 있습니다. 학생, 사무실, 작가, 독자 등에 적합합니다.","패키지 목록 종이 클립 30개. 특징 -색상: 녹색 작은 종이 클립. -소재: 금속, PP 장식용 종이 클립. -사이즈: 3.90X1.90X0.20cm/1.53X0.75X0 작은 종이 클립. -이 사랑스러운 종이 클립은 창의적인 종이 클립으로 공부 및 작업 문서를 효과적으로 유지할 수 있습니다. -컴팩트한 사이즈, 가벼운 무게의 종이 클립은 종이 클립 홀더에 쉽게 보관할 수 있으며 가정, 사무실 등 학생 종이 클립에 적합합니다. -창의적이고 사랑스러운 잎 모양의 종이 클립은 파일을 더 독특하게 만들 수 있으며 문서 용지에 좋은 선물 종이 클립이 될 수 있습니다. -명함, 명함, 파일, 메모, 사진, 메모, 티켓을 자르거나 책, 스크랩북 및 노트북 잎 종이 클립에 적합합니다. -이 작은 종이 클립을 사용하여 문서, 지폐, 편지 및 보고서를 쉽게 정리할 수 있으며 필요한 종이 클립 토끼에 더 잘 맞습니다. 상품 설명 문서 클립 카드나 사진을 전시할 종이 클립을 찾고 계십니까? 그런 다음 이 종이 클립은 신중하게 준비됩니다. 바인더 종이 클립은 쉽게 변형되지 않고 서비스 수명을 견딜 수 있는 프리미엄 소재를 사용합니다. 사무실 문서 클립. 이 종이 클립은 잡기 쉽고 잎 모양이 특징이며 매우 사랑스럽고 품목에 색다른 모습을 제공합니다. 【UTE 종이 클립】명함, 명함, 파일, 메모, 메모, 사진, 메모, 티켓 또는 책, 스크랩북 및 공책에 적합합니다. 이 사랑스러운 종이 클립은 학습 및 작업 문서를 효과적으로 유지할 수 있습니다. 【종이 바인더 클립】밀봉 종이 클립. 당사의 종이 클립은 정교한 장인 정신으로 잘 만들어졌으며 쉽게 변형되거나 색이 바래거나 깨지지 않습니다. 실용적인 종이 클립은 생일이나 크리스마스와 같은 행사를 위한 훌륭한 선물이나 기념품이며 인사말 카드나 노트북을 위한 아름다운 장식입니다. 【금속 폴더】 작고 정교하며 독특하고 창의적이며","['클립', '종이', '메모', '문서', '잎']"
사무용품,"클립, 집게 및 링",클립,,B0CYT8T8MB,"10.2cm(4인치) 대형 종이 클립, 엑스트라 라지 종이 클립 20개 - Timenu 멀티컬러 메가 점보 자이언트 컬러 종이 클립, 사무실, 학교 문서 정리용",Timenu,7742,7742,4.9,1166.0,"【엑스트라 라지 사이즈】이 오버사이즈 종이 클립은 10.2cm(4인치) 100mm로 더 두꺼운 종이를 담을 수 있으며 큰 파일을 정리하는 데에도 적합합니다. 【다양한 색상】5가지 색상, 각 색상당 4개, 총 20개의 종이 홀더가 함께 제공됩니다. 다양한 색상으로 문서를 쉽게 색상 코딩할 수 있으며 문서 폴더 분류에 가장 적합합니다. 【PET 코팅】PET 코팅 공정으로 제작된 클립은 일반 시장에서 볼 수 있는 PVC 백으로 만든 제품과 다릅니다. 부드러운 느낌, 환경 보호, 아름다운 색상. 【다양한 용도】이 컬러 클립은 DIY, 종이, 문서, 브로셔, 명함, 레시피, 사진 앨범 클립, 명함 홀더 및 봉투 클립 등을 정리하는 데 이상적입니다. 【튼튼한 클립】 고품질 강철로 제작되어 내구성이 뛰어나고 수명이 길며 쉽게 손상되지 않습니다. 중요한 모든 문서를 빠르게 보관할 수 있습니다.","10.2cm(4인치) 대형 종이 클립, 초대형 종이 클립 20개 - Timenu 멀티 컬러 메가 점보 자이언트 컬러 종이 클립, 사무실 학교 문서 정리용","['클립', '종이', '문서', '컬러', '정리', '홀더', '명함', '라지', '자이언트', '점보']"
사무용품,"클립, 집게 및 링",클립,,B0CNW5H62P,"미디엄 바인더 클립 48개, OOTDAY 바인더 클립, 2.5cm(1인치) 바인더 종이 클립, 바인더 클립 미디엄 및 종이 클립, 종이 클램프, 클립 사무실, 가정, 학교용 사무용품 (4가지 색상)",OOTDAY,7742,7742,4.6,3.0,"【높은 비용 효율성】 상자에는 블루, 그린, 옐로우, 핑크, 각각 12개, 총 48개의 2.5cm(1인치) 고품질 바인더 클립이 포함되어 있습니다. 일상적인 필요에 맞게 보관하고 사용하기 편리합니다. 【내구성 및 재사용 가능한 클립】 당사의 종이 클립은 강한 강화 강철로 만들어졌으며 내구성이 뛰어나고 녹 방지 기능이 있어 매우 강한 그립감을 제공합니다. 종이 클램프의 전체 몸체는 파우더 코팅 마감과 니켈 도금 손잡이로 매끄럽고 부식 방지 기능이 있어 장기간 재사용할 수 있습니다. 【섬세한 구조 디자인】이 표준 미디엄 클립은 원래 미디엄 클립에 비해 너비 2.5cm(1인치), 용량 1.3cm(0.5인치)입니다. 손잡이와 용량은 더 큽니다. 바인더 종이 클립은 103장의 종이를 담을 수 있습니다. 게다가, 전체 구조의 타이트함이 완벽하며, 사무실 클립의 손잡이는 쉽게 열 수 있으며 바인더 클립의 흔적을 남기지 않습니다. 【다양한 용도】 당사의 중형 종이 클램프는 사무실, 가정, 학교 및 공예에 적합합니다. 종이 클립을 사용하여 문서, 옷 그룹, 냉동 채소, 칩 봉지 및 야외 응용 프로그램을 즉시 바인딩할 수 있습니다. 【필요한 이유】 이 컬러 바인더 클립은 일상적인 가정과 사무실을 더 정리하고 색상을 더합니다. 최고의 가성비를 가져와보세요!",,"['클립', '종이', '바인더', '미디엄', '사무실', '클램프', '가정', '손잡이']"
사무용품,"클립, 집게 및 링",클립,,B0CB7KLCSN,"마카롱 컬러 종이 클립, 450피스 종이 클립 다양한 사이즈, 라지 스몰(2.8cm(1.1인치) 및 5.1cm(2인치)) 종이 클립, 서류 작업, 사무실, 학교 및 개인 사용을 위한 종이 클립",Teackbd,13836,13836,4.8,95.0,"소형 및 대형 종이 클립: 다양한 크기, 450개의 큰 종이 클립, 2.8cm(1.1인치) 종이 클립 300개, 5.1cm(2인치) 종이 클립 150개, 대형 종이 클립은 더 두꺼운 종이를 보관하기에 적합합니다. 종이 클립: 민트 그린, 체리 핑크, 라벤더 퍼플의 세 가지 색상. 편리한 보관: 종이 클립은 투명한 플라스틱 용기에 담겨 있으며, 다양한 색상의 클립이 분리된 칸에 분리되어 쉽게 사용할 수 있습니다. 다용도: 사무실, 학교 및 일상용으로 적합하며 일상 DIY, 책갈피, 사진 앨범, 명함 홀더 및 봉투 클립 제작에도 사용됩니다. 종이 클립에 대해 궁금한 점이 있으시면 저희에게 연락하시면 24시간 이내에 문제를 해결해 드리겠습니다.","사양:/사이즈: 2.8cm(1.1인치) & 5.1/색상: 마카롱 (민트 그린, 체리 핑크, 라벤더 퍼플)/패키지: 마카롱 색종이 클립 450개(300개 2.8cm 종이 클립 + 5.1cm 종이 클립 150개)/특징:/녹슬지 않습니다./좋은 연성, 쉽게 깨지지 않습니다./종이를 손상시키지 않고 매끄러운 표면./다기능, 책갈피, 스낵 클립 등으로 사용할 수 있습니다.","['클립', '종이', '마카롱']"
사무용품,"클립, 집게 및 링",클립,,B0BZCXWS65,"골드 종이 클립, 200개 대형 사이즈, 5.1cm(2인치) 점보 종이 클립, 내구성이 뛰어나고 세련된 금 도금 종이 클립",NEEWAY,8850,8850,4.7,72.0,"골드 5.1cm(2인치) 종이 클립: 골드 5.1cm(2인치) 종이 클립은 반짝이는 골드 색상으로 시선을 사로잡아 문서 정리에 고급스러움과 세련미를 더합니다. 충분한 수납 용량: 5.1cm(2인치) 점보 골드 종이 클립은 넉넉한 고정 용량을 특징으로 하여 더 많은 수의 시트와 문서를 안전하게 보관할 수 있습니다. 광범위한 보고서, 두꺼운 문서 또는 고중량 파일을 다룰 때 이 점보 종이 클립은 안전하고 신뢰할 수 있는 그립을 제공하여 용지가 제자리에 단단히 고정됩니다. 견고함 및 내구성: 이 골드 대형 종이 클립은 고품질 금속으로 만들어져 강도와 내구성을 보장합니다. 구부러지거나 부러지지 않아 오래 사용할 수 있습니다. 편리한 보관: 대형 골드 종이 클립의 대량 포장으로 쉽게 보관하고 정리할 수 있어 작업 공간을 깔끔하고 정돈된 상태로 유지할 수 있습니다. 다용도: 이 골드 메탈 종이 클립은 문서 정리 및 보고서 작성에 적합할 뿐만 아니라 책 마킹, 예술 및 공예 및 기타 창의적인 용도에도 적합하며 다양한 요구 사항을 충족합니다.",,"['종이', '클립', '골드', '문서', '구성', '대형', '점보', '정리', '보관', '보고서']"
사무용품,"클립, 집게 및 링",클립,,B0BBVLYQRV,"바인더 클립 소형 종이 클램프 클립 다양한 색상, 2.5cm(1인치), 48피스",ZZTX,11066,8185,4.9,248.0,"바인더 클립은 강화 강철로 만들어졌으며 내구성이 뛰어나고 녹 방지 기능이 있습니다 바인더 종이 클립은 사용과 제거가 매우 쉽고 편리합니다 손잡이는 똑바로 세워 놓거나 평평하게 접거나 제거할 수 있습니다 작은 바인더 클립은 느슨한 종이를 안전하게 고정하는 데 도움이 됩니다 사무실, 작업장, 학교, 가정, 파일 분류에 이상적입니다",,"['클립', '바인더', '종이', '제거', '학교', '분류', '강철', '강화', '고정', '구성']"
사무용품,"클립, 집게 및 링",클립,,B094X26KBM,"종이 클립, 중간 사이즈 종이 클립 200개, 매끄럽고 내구성이 뛰어난 다양한 색상 코팅 종이 클립, 사무실 학교 및 개인용",Deoot,9681,9681,4.8,636.0,"컬러 종이 클립: 이 다채로운 종이 클립은 집, 학교 또는 사무실에서 서류를 정리하기에 좋습니다. 이 종이 클립은 매력적이며 개성 있는 문서를 더 빛나게 합니다. 중간 종이 클립: 종이 클립 중간 사이즈: 33 x 8mm(1.3 x 0.31인치) / (길이 x 너비), 컬러 종이 클립으로 종이 더미를 정리하세요. 매끄럽고 내구성이 좋음: 이 종이 클립은 표면에 플라스틱 코팅이 된 금속으로 만들어져 귀엽고 섬세합니다. 프리미엄 품질의 금속 종이 클립은 쉽게 녹슬거나 부서지지 않으며 오랫동안 사용할 수 있습니다. 수량: 박스 당 200개, 종이 클립은 재사용 가능한 투명 상자에 포장되어 책상이나 책상 서랍을 정리할 수 있어 종이 클립을 보관하기에 매우 편리합니다. 다양한 용도: 부착 및 제거가 쉽고, 문서를 정리하기에 완벽하며, 장식용 종이 클립은 종이에 단단히 고정되며 바로 미끄러지지 않습니다. 가정, 학교 또는 사무실에서 사용하기에 좋습니다.",,"['종이', '클립', '정리', '학교', '중간', '사무실']"
사무용품,"클립, 집게 및 링",클립,,B0CW669RN8,60피스 장식용 종이 클립 창의적인 금속 달과 별 모양 종이 클립 재미있고 귀여운 종이 클립 골드 문스타 모양 종이 클립 책갈피 플래너 클립 사무실 문서 파일 정리 학교용,Bremorou,7465,7465,5.0,2.0,"경량 및 내구성: 금속 달과 별 모양 종이 클립은 가볍고 휴대가 간편하며 내구성이 뛰어나고 쉽게 깨지지 않아 장기간 사용할 수 있습니다. 귀여운 종이 클립은 문서를 분류하는 데 적합합니다 고품질 소재: 장식용 종이 클립은 녹 방지 플라스틱 코팅이 된 금속 소재로 만들어져 쉽게 변색되지 않고 녹슬지 않습니다 재미있는 디자인: 이 작은 문스타 모양의 종이 클립은 로맨틱한 별과 달 모양과 밝고 부식 방지 표면이 특징입니다 다양한 용도: 멋진 종이 클립은 종이를 쉽게 손상시키지 않으며 미끄럼 방지 특성을 향상시킵니다. 재미있고 귀여운 종이 클립은 책갈피 등으로도 사용할 수 있습니다. 다기능 적용: 중앙에 5개의 별과 작은 달이 있는 모양의 종이 클립으로 문서와 드로잉 용지를 정리할 수 있습니다. 사무실, 가정 및 일상용으로 적합한 웨딩 종이 클립","사양: 이름: Moonstar 모양 종이 클립 색상: 골드 소재: 금속 기능: 노트북, 책갈피, 스크랩북, 캘린더 마커 및 기타 항목을 안전하게 보관하고 정리할 수 있습니다. 제품 크기: 1×1인치/2.6×2.6cm 포장 사이즈: 5.9× 4.1 × 0.75인치/15 × 10.5 × 0.75인치 포장: 가방 순 중량: 1.69oz/48g. 총 무게: 49g/1.72온스./제품 구성:/문스타 모양 종이 클립 60개.","['클립', '종이', '금속', '귀엽다', '정리', '문서', '책갈피', '방지', '스타', '재미있다']"
사무용품,"클립, 집게 및 링",클립,,B0CM97JJC8,"십자가 금속 종이 클립 50개, 작은 성경 종이 클립, 컬러 바인더 종이 클립, 귀여운 장식 종이 클립, 서류 작업, 사무실, 학교용, 골드",ccHuDE,12451,12451,,,"소재: 금속 사이즈: 34 x 21.5mm (길이 x 너비) 패키지: 50개 귀여운 디자인, 종이 클립과 책갈피로 사용됩니다 기독교 또는 성경 공부하는 사람들을 위한 훌륭한 종교 선물",기독교 또는 성경 공부하는 사람들을 위한 훌륭한 종교 선물,"['클립', '종이', '성경', '선물', '공부', '귀엽다', '금속', '기독교', '사람', '훌륭하다']"
사무용품,"클립, 집게 및 링",클립,,B0CG3BBRS3,"러브 하트 모양 종이 클립 100개, 2cm(0.8인치) 귀여운 미니 종이 클립 사무실 학교 홈 데스크 오거나이저용(골드)",yuntop,8296,8296,4.8,99.0,"프리미엄 소재: 러브 하트 미니 종이 클립은 밝은 골드 색상의 프리미엄 스테인리스 스틸 소재로 만들어졌으며 색이 바래지 않고 매끄럽고 예쁘고 내구성이 뛰어납니다. 섬세한 디자인: 저희 종이 클립은 하트 모양으로 디자인되었으며, 클래식한 하트 모양의 디자인은 심플해 보이지만 종이 클립을 독특하게 만들고 사용 시 재미를 더합니다. 귀여운 사이즈: 미니 하트 종이 클립은 약 5.1 x 0.9 cm / 0.78 x 0.35 인치입니다. 매우 귀엽고 부피가 크지 않습니다. 문서를 찢거나 표시하지 않는 매끄러운 표면과 가장자리. 다양한 용도: 이 금속 귀여운 종이 클립은 청첩장 클립, 책갈피, 사진 앨범 클립, 명함 홀더 및 봉투 클립에 사용할 수 있습니다. 사무실, 학교 또는 가정에서 사용하기에 좋습니다. 포장 목록: 보관 상자에 하트 모양의 종이 클립 100개를 받게 되며, 휴대와 보관이 쉽고, 사용하기 쉽고, 오랫동안 사용할 수 있는 충분한 수량입니다","골드 종이 클립 러브 하트 모양 종이 클립, 미니 하트 골드 컬러 클립 금속 종이 클립 사무실 학교 홈 데스크 오거나이저용 러브 하트 모양의 미니 종이 클립은 고품질 금속으로 제작되어 모양이나 색상을 잃지 않고 오래 사용할 수 있습니다. 매우 귀여운 작은 하트 종이 클립 100개, 치수는 2 x 0.9cm(0.78 x 0.35인치)입니다. 스크랩북, 카드 놀이 및 기타 종이 공예 프로젝트에 사용할 수 있으며 가정, 사무실, 학교 장식에 적합합니다. 사양: 재료: 금속 사이즈: 길이: 0.79인치/20mm 수량: 100개/박스 색상: 골드 패키지 구성: 종이 클립 100개(상자 포함)","['클립', '종이', '하트', '골드', '미니', '귀엽다', '러브', '사무실', '학교', '금속']"
사무용품,"클립, 집게 및 링",클립,,B09XQS3SKB,"#1 매끄러운 종이 클립, 600 중간 종이 클립 (각 100개 6상자), 사무실 학교 및 개인 사용을 위한 종이 클립, 일상 DIY, 3.2cm(1-2/7인치) 실버 종이 클립 표준 사이즈 (No. 1 종이 클립 S, 부드러움, 부드러움. )",PAPERPAL,13836,13836,4.7,1250.0,"600개 - No.1 부드러운 종이 클립 6박스, 각 100개가 포함되어 있습니다. 👉33mm(1-2/7인치) x 8mm(1/3인치) - 고품질 강철로 제작되어 사용 시 강력한 미끄럼 방지 그립을 얻을 수 있습니다. 내구성 및 재사용 가능 - 녹 방지 마감이 특징이며, 장기간 사용 후에도 새 것처럼 밝습니다. 10장 용량 - 10장의 종이를 담을 수 있으며 쉽게 제거할 수 있어 자국, 프린트 또는 종이에 손상을 남기지 않습니다. 다용도 - 사무실, 학교, 도서관, 병원 및 개인 일일 문서 분류, 서류, 봉투, 돈 또는 사진을 고정하는 데 유용할 뿐만 아니라 특수 책갈피, 독특한 목걸이, 임시 헤어 클립, 경제적인 음식 클립 등과 같은 DIY로도 사용할 수 있습니다.",,"['클립', '종이', '사무실', '학교', '개인', '부드러움', '방지']"
사무용품,"클립, 집게 및 링",클립,,B0D25BT1Y9,바인더 클립 종이 클립 키트 (실버 및 블랙 키트),Pupzrica,8296,8296,5.0,1.0,"【최고의 가성비 세트】- 사무용품 클립 키트에는 종이 클립 90개, 바인더 클립 11개, 힌지 클립 10개, 푸시 핀 35개가 포함되어 있습니다. 재활용 가능한 플라스틱 용기에 담긴 별도의 칸에 깔끔하게 배치되어 쉽게 접근하고 보관할 수 있습니다. 【프리미엄 품질】- 고품질 소재로 제작된 이 종이 클립, 힌지 클립 및 바인더 클립은 내구성과 강력한 고정력을 보장하여 종이를 깔끔하게 정리할 수 있습니다. 【다양한 용도】- 다양한 바인더 클립, 힌지 클립, 압정 및 종이 클립을 사용하여 모든 문서, 우편, 팜플렛 및 포스터를 정리하세요. 이 미적 사무실 필수품은 가정, 학교, 사무실에서 사용하기에 적합합니다 【완벽한 선물】- 재미있고 실용적인 사무용품 키트는 휴일, 개학 행사, 추수감사절, 심지어 여성, 청소년, 동료 및 교사를 위한 사려 깊은 선물로 이상적인 선물입니다. 【PUPZRICA 】- 고객 중심의 판매자로서 저희는 고객 만족의 가치를 믿습니다. 문제가 있을 경우 주저하지 마시고 저희에게 연락해 주십시오. 그리고 360일 무위험 100% 전액 환불 , 우리는 결말을 책임질 것입니다.","사무실 및 학교 용품, 종이 클립 세트","['클립', '종이', '바인더', '키트', '사무실', '힌지', '선물', '사무', '학교', '깔끔하다']"
사무용품,"클립, 집게 및 링",클립,,B084TLJ481,"푸시 핀, 종이 클립, 바인더 클립 세트 학교 문구류 사무실 가정 용품(핑크)",BATINO,9958,9958,4.6,42.0,"이 클립은 미끄러지거나 떨어질 위험 없이 느슨한 종이의 큰 겹을 안전하게 고정시킵니다. 바인더 클립: 두 가지 사양, 강력한 클램핑 힘, 녹이 슬지 않음, 편리한 파일 분류 및 보관. 안전하게 결합할 수 있는 좋은 방법을 제공하여 정보 손실을 방지합니다. 압정은 코르크 보드, 게시판, 사진 벽, 지도, 폼 보드 및 공예 프로젝트에 적합합니다. 사무실, 가정, 학교, 공예, 전문 용도 등에서 널리 사용되며 다양한 품목을 표시하고 정리하는 데 적합하며 문서 분류를 보다 편리하게 만듭니다. 패키지 포함: 푸시 핀, 종이 클립 및 바인더 클립 1박스 핑크 조합 세트. 제품에 대해 궁금한 점이 있으시면 언제든지 문의하십시오. 여러분의 만족이 저희의 가장 큰 목표입니다.","사양: 색상: 핑크 대형 바인더 클립: 너비: 1.9cm/0.7인치, 높이: 1.1cm/0.4인치 작은 바인더 클립: 너비: 1.5cm/0.6인치, 높이: 0.9cm/0.4인치 종이 클립: 2.8x0.8cm/1.1x0.3인치 푸시 핀 길이: 2.25cm/0.89인치 패키지 크기: 100x100x27mm 바인더 클립: 두 가지 사양, 강력한 클램핑 힘, 녹이 슬지 않음, 편리한 파일 분류 및 보관. 안전하게 결합할 수 있는 좋은 방법을 제공하여 정보 손실을 방지합니다. 사무실, 가정, 학교, 공예, 전문 용도 등에서 널리 사용되며 다양한 품목을 표시하고 정리하는 데 적합하며 문서 분류를 보다 편리하게 만듭니다. 참고: 수동 측정으로 인해 1-3mm 오차가 있을 수 있습니다. 이해해 주셔서 감사합니다.","['클립', '바인더', '분류', '편리하다', '종이', '안전하다', '공예', '사무실', '사양', '학교']"
사무용품,"클립, 집게 및 링",클립,,B0BYS9Z41F,"바인더 클립 - 260피스 다양한 사이즈 바인더 클립 종이 클립 클램프 XL, 라지, 미디엄, 스몰, XS 및 마이크로 사무실, 가정, 학교용 [2023 업그레이드]",Apoulin,20761,20761,4.7,1659.0,"사이즈 - 6가지 사이즈 바인더 클립, 5.1cm(2인치) (12팩), 3.8cm(1.5인치) (12팩) 3.2cm(1.25인치) (16팩), 2.5cm(1인치) (30팩), 1.9cm(0.75인치) (60팩), 1.3cm(0.5인치)(130팩) 다양한 크기의 바인더 클립은 다양한 사용 요구 사항을 충족할 수 있습니다. 장점 - 스프링 타이트 바인더 클립은 파일을 함께 묶어 종이가 미끄러지거나 당겨지는 것을 방지합니다. 강화 강철 구조로 매우 강한 고정력을 제공합니다. 스테이플 자국을 남기지 않고 종이를 함께 고정합니다. 사용 - 종이 클립 홀더는 사무실, 가정, 학교 사용, 특히 학생, 교사가 문서를 묶을 때 적합합니다. 손잡이는 접거나 묶을 수 있도록 제거할 수 있습니다. 보관 - 이 바인더 클립은 철 소재로 만들어져 강하고 내구성이 뛰어나며 블랙 및 실버 색상입니다. 쉬운 보관을 위한 재사용 가능한 플라스틱 용기에 포장됩니다 약속 - 저희는 12개월 과 45일 100% 환불 또는 무료 교환 을 제공합니다. 언제든지 저희에게 연락해 주십시오.",,"['클립', '바인더', '종이', '학교', '가정', '사무실', '강하다', '보관']"
사무용품,"클립, 집게 및 링",클립,,B0CRTNYB14,"골드 종이 클립 500개, 다양한 사이즈, 스몰, 미디엄, 라지 종이 클립, 가정, 학교 및 사무실에서 사용하기에 이상적",NEEWAY,11066,11066,5.0,5.0,"멀티 사이즈 골드 우아함: NEEWAY의 다양한 크기의 골드 종이 클립 세트로 사무실이나 학용품에 세련된 느낌을 더하세요. 이 디럭스 팩에는 2.8cm(1.1인치) 200개, 3.3cm(1.3인치) 200개, 5.1cm(2인치) 상당한 5.1cm(2인치) 종이 클립 100개가 포함되어 있어 모든 정리 요구 사항을 우아하게 충족합니다. 손상 없는 탁월한 그립감: NEEWAY의 소형, 중형 및 대형 종이 클립으로 문서를 자신 있게 정리하세요. 매끄러운 마감으로 용지가 찢어지거나 주름 없이 손상되지 않도록 합니다. 깨끗한 상태로 작업을 보존하는 데 관심이 있는 교사 및 전문가에게 적합합니다. 오래 지속되고 녹이 슬지 않음: NEEWAY의 점보 종이 클립은 시각적으로 매력적일 뿐만 아니라 오래 사용할 수 있도록 제작되었습니다. 녹 방지 코팅은 오래 지속되는 내구성과 성능을 약속하여 지속적인 사용을 통해 클립 사무용품을 반짝이고 기능적으로 유지합니다. 원활한 정리: 클립 사무용품으로 작업 공간이나 교실을 깔끔하게 유지하세요. 이 세트는 다양한 크기로 제공되므로 항상 적절한 크기의 종이 클립을 손끝에서 사용할 수 있습니다. 또한, 편리한 포장으로 엉킴을 방지하고 쉽게 꺼낼 수 있습니다. 모든 시나리오를 위한 클립: NEEWAY의 골드 종이 클립은 기능성과 스타일을 위해 다양한 크기로 제공됩니다. 프레젠테이션을 정리하거나, 공예 프로젝트를 관리하거나, 문구류에 감각을 더하든, 이 종이 클립은 사무실, 학교 또는 가정 등 모든 환경에 적합합니다. 다양한 기능을 수용하고 모든 종이 관련 작업을 쉽게 할 수 있습니다.","NEEWAY의 프리미엄 500피스 골드 페이퍼 클립 세트로 정리와 스타일을 향상시키세요. 내구성을 위해 제작되었으며 우아하게 디자인된 이 종이 클립은 서류 작업에 필요한 모든 요구 사항을 충족하기 위해 다양한 크기로 제공됩니다. 가정, 학교 또는 사무실에서 사용할 수 있는 NEEWAY 골드 종이 클립은 기능뿐만 아니라 문서에 세련미를 더하도록 설계되었습니다.","['클립', '종이', '골드', '정리', '사무실', '작업', '우아하다', '더하다', '지속', '가정']"
사무용품,"클립, 집게 및 링",클립,,B08J7TFSB4,"골드 블루 바인더 클립 및 종이 클립 세트(3-in-1 박스), 사무실 학교 용품 교사 교실 일상 사용",PTSGCAI,20761,20761,4.7,161.0,"■패키지 구성 - 25mm 바인더 클립 12개, 일반 종이 클립 80개(2사이즈, 40mm/50mm), 선인장 모양 종이 클립 32개. 재사용 가능한 투명 아크릴 상자에 포장되어 책상이나 책상 서랍을 정리할 수 있습니다. ■소재 - 프리미엄 스테인리스 스틸로 제작되어 매끄러운 마감, 오래 지속되고 클립하기 매우 쉽고 갈라짐이나 긁힘이 없습니다. ■적용 - 패셔너블한 금속 종이 액세서리 세트에는 종이 정리 요구 사항에 맞는 다양한 품목이 있습니다. 바인더 클립과 종이 클립은 종이, 메모, 영수증, 책갈피, 파일, 티켓, 기타 작은 물건 등을 보관하기에 이상적입니다. ■사용하기 쉬운 바인더 클립 세트 - 여러 문서를 함께 보관할 수 있으며, 클립은 미끄러지거나 떨어질 위험 없이 큰 느슨한 종이를 안전하게 고정합니다. 팔을 꼬집어 쉽게 제거할 수 있어 언제든지 문서를 완전히 꺼낼 수 있습니다. 프리미엄 골드 마감으로 책상에 매력을 더합니다 ■매력적인 디자인 - 골드와 오션 블루, 세련되고 패셔너블하여 사무실/가정 작업 공간 책상을 아름답게 만듭니다.",,"['클립', '종이', '바인더', '책상', '골드', '프리미엄', '마감', '정리', '문서', '사무실']"
사무용품,"클립, 집게 및 링",클립,,B07RJV1R6M,"BAZIC 바인더 클립 다양한 사이즈 블랙, 스몰 미디엄 라지 종이 클램프 페이퍼 클립, 사무용품, 가정용(12/팩), 1팩",BAZIC Products,8988,8988,4.0,14.0,"⭐ 혼합 사이즈. 한 팩에는 9개의 소형 (3/4인치)(19mm)와 중형 32mm(1 1/4인치)(32mm)가 포함되어 있습니다. 클래식 블랙과 실버 색상. 책상과 서류를 깔끔하고 전문적으로 보이게 유지하세요. ⭐ 강력한 그립. 이 종이 클립의 효율적인 삼각형 디자인은 타의 추종을 불허하는 강도와 최적의 압축을 제공하면서도 쉽게 풀립니다. ⭐ 고품질 소재. 강화 강철로 제작: 녹 방지, 견고하고 균일한 그립은 최대 용량에서도 사실상 미끄러짐을 방지합니다. 손잡이를 접을 수 있어 서류 정리 및 보관이 간편합니다. ⭐ 넓은 적용. 사무실, 가정, 학교, 학생, 문서, 서류, 파일, 옷, 사진, 포스터 걸기에 좋습니다. 식품 클램프, 보관 및 실외 응용 분야로도 사용할 수 있습니다. ⭐ 클래식한 디자인. 낱장 종이의 큰 겹을 단단히 고정하십시오. 열린 냉동 채소와 칩 백을 닫습니다. 저희 제품은 대량 구매 가능합니다.",,"['서류', '종이', '클립', '클램프', '방지', '가정', '블랙', '디자인', '클래식', '보관']"
사무용품,"클립, 집게 및 링",클립,,B09WR12BR4,"Vinaco 종이 클립 및 바인더 클립 300개, 다양한 사이즈, 컬러 종이 클립 (5.1cm(2인치) 라지/3.3cm(1.3인치) 미디엄), 바인더 클립 (2.5cm(1인치) 미디엄/1.9cm(0.75인치) 스몰/1.5cm(0.6인치) 미니) 및 고무 밴드 홈 오피스 스쿨용",Vinaco,17561,17561,4.7,2413.0,"1, 【고비용 성능】: 5.1cm(2인치) 대형 종이 클립 50개 및 3.3cm(1.3인치) 중형 종이 클립 120개. 컬러 고무 밴드 80개. 미디엄 바인더 클립 2.5cm(1인치) 8개, 소형 바인더 클립 12개, 1.9cm(0.75인치) 및 1.5cm(0.6인치) 미니 바인더 클립 30개. 대량으로 개별적으로 자주 구입할 필요가 없어 시간과 비용을 절약할 수 있습니다. 다양한 색상으로 제공되며 눈길을 사로잡으며 주변 환경을 정리할 수 있도록 도와주며, 더 이상 성가신 지저분하지 않으며, 사무실, 학교, 직장, 공부, 가정용으로 이상적입니다. 2, 【고품질】: 종이 클립과 바인더 클립은 고품질 금속 고급 니켈 도금 공정, 부식 방지 및 매끄러운 표면으로 만들어져 종이 긁힘을 방지합니다. 고무 밴드는 천연 고무로 만들어져 부드럽고 신축성이 있으며 재사용이 가능합니다. 귀여운 사무용품이 바쁘고 피곤한 삶을 장식합니다. 3. 【효율적인 문서 오거나이저】: 종이 클립과 바인더 클립은 다양한 크기와 다양한 색상으로 다양한 두께, 유형 및 장면의 정보 라벨링 및 문서 구성에 적합하며 바쁘고 피곤한 삶을 장식하여 작업 과정에 더 편안하고 관심을 느낄 수 있습니다. 4. 【다양한 장면 사용】: 다양한 바인더 클립, 종이 클립 및 고무 밴드를 사용하여 문서, 봉투, 전단지 및 포스터를 정리할 수 있습니다. 정교한 사무용품은 가정, 학교 또는 사무실에서 사용하기에 이상적입니다. 5. 【최고의 제품을 누릴 자격이 있음】: 고객은 저희의 최우선 순위입니다. 어떤 이유로든 종이 클립과 바인더 클립에 만족하지 못하셨다면 저희에게 알려주십시오. 24시간 이내에 회신해 드리며 즉시 전액 환불 또는 교체를 받으실 수 있습니다.",,"['클립', '종이', '바인더', '고무', '밴드', '미디엄', '문서']"
사무용품,"클립, 집게 및 링",클립,,B0BNPSF52Y,"대형 종이 클립 200개, 서류용 점보 스무스 종이 클립, 다양한 색상, 50mm(2인치), 사무실, 학교 및 가정에 적합 (라지, 멀티컬러)",WUYIPPD,19376,19376,4.7,20.0,"패키지 - 2인치/50mm 재사용 가능한 다양한 색상 코팅 대형 종이 클립 200개, 각 색상 50개. 다양한 색상 - 종이 클립은 라이트 핑크, 화이트, 라이트 그린, 민트 그린의 네 가지 색상으로 제공됩니다. 부드러운 종이 클립 - 문서를 찢거나 손상시키지 않습니다. 내구성 - 부식 방지 마감의 고품질 색상 코드 강철로 제작되어 오래 사용할 수 있습니다. 쉬운 액세스 - 모든 종이 클립은 플라스틱 상자에 그룹화되어 쉽게 사용할 수 있습니다.","패키지: 200 피스 2인치/50mm 재사용 가능한 다양한 색상 코팅 거대한 종이 클립, 각 색상 50개. 다양한 색상: 종이 클립은 4가지 색상으로 제공됩니다. 라이트 핑크, 화이트, 라이트 그린, 민트 그린. 부드러운 종이 클립: 문서를 찢거나 손상시키지 않습니다. 내구성: 오래 사용할 수 있도록 부식 방지 마감의 고품질 색상 코드 강철로 제작되었습니다. 쉬운 접근: 모든 종이 클립은 플라스틱 상자에 묶여 있어 쉽게 사용할 수 있습니다.","['클립', '종이', '그린', '라이트', '화이트', '쉽다', '강철', '구성', '대형', '마감']"
사무용품,"클립, 집게 및 링",클립,,B016BI5DII,"Kikkerland OR73-GD 골드 와이어 클립, 종이 클립",Kikkerland,13296,13296,4.7,1159.0,강철로 제작 메탈릭 골드 색상 강력한 클램핑을 위한 스프링 장착 쉬운 사용을 위한 곡선형 릿지 치수 4.1 x 3 x 2.5cm(1.6 x 1.2 x,다목적 클립 6개 패키지. 플레어를 더하기 위한 골드 마감의 클래식 와이어 스프링 디자인. 보고서를 함께 자르고 메모를 부착하는 등 다양한 기능을 제공합니다!,"['클립', '골드', '와이어', '스프링', '플레어', '메탈', '강철', '곡선', '더하기', '디자인']"
사무용품,"클립, 집게 및 링",클립,,B08XZGHRFD,"미디엄 바인더 클립, 72팩, 2.5cm(1인치), 블랙 종이 바인더 클립, 중간 종이 클립, 사무실 클립, 사무실, 가정, 학교용 보관 용기 포함",JIURUN,10096,10096,4.7,223.0,"[패키지 구성]: 72팩 미디엄 소형 바인더 클립, 2.5-25.4mm 너비. 그리고 이 바인더 클립은 쉽게 보관할 수 있도록 재사용 가능한 수납 공간 확장 용기에 제공됩니다. [프리미엄 소재]: 이 바인더 클립은 고품질 녹 방지 강화 강철로 만들어졌으며 부드러운 블랙 코팅 마감과 니켈 도금 손잡이가 있어 강하고 프리미엄이며 재사용이 가능합니다. 그리고 이 바인더는 프리미엄 및 녹 방지 기능이 있습니다. [정리에 좋음]: 종이 클립은 파일을 함께 묶어 종이가 미끄러지거나 빠지는 것을 방지합니다. 문서 분실 방지. 이 작은 클립은 느슨한 종이의 큰 스택을 안전하게 고정하고 모든 음식을 공기 중에 닫힙니다. [다양한 용도]: 당사의 작은 종이 클립은 파일 분류, 휴대폰 홀더, 간단한 후크, 케이블 홀더 및 문서 즉시 바인딩 그룹을 포함하고 냉동 채소와 칩 봉지 등을 포함하여 사무실, 작업장, 학교, 가정에 적합합니다. 작은 바인더 클립은 스테이플러와 종이 클립에 비해 너무 두꺼운 느슨한 종이 더미를 빠르고 일시적으로 묶을 수 있습니다. [좋은 서비스]: 종이 클립에 문제가 있으면 ""질문하기""를 통해 JIURUN 연락해 주세요. 24시간 이내에 답변을 드리겠습니다. 제품에 품질 문제가 있는 경우 즉시 전액 환불 또는 교체를 받으실 수 있습니다.",,"['클립', '종이', '바인더', '방지', '프리미엄', '사무실', '작다']"
사무용품,"클립, 집게 및 링",클립,,B09Y63SV1V,"퍼플 대형 종이 클립, 내구성 및 녹 방지 코팅 플래너 점보 종이 클립 50개, 사무용품 결혼식 초대 카드 책갈피에 적합",Supfoxer,17991,17991,4.7,252.0,"프리미엄 퍼플 종이 클립 50mm/2인치, 2.3cm(0.9인치) 너비 디자인의 초대형 사이즈로 대용량 종이 작업을 정리할 수 있도록 도와줍니다. 큐브 투명 아크릴 상자와 함께 포장되어 책상에 우아한 사무용품이 있습니다. 흰색 비닐 코팅된 금속 와이어로 만든 팻 페이퍼 클립, 매끄러운 표면으로 손상 없이 종이를 쉽게 고정할 수 있습니다.",,"['종이', '클립', '코팅', '퍼플', '사무', '방지', '와이어', '아크릴', '손상', '상자']"
사무용품,"클립, 집게 및 링",클립,,B0CWR53Q3S,하트 모양 바인더 클립 골드 메탈 바인더 클립 하트 모양 손잡이 귀여운 종이 클램프 종이 클립 책갈피 송장 지폐 클립 사무실 홈 스쿨용 10개,SHINEOFI,16024,16024,4.5,2.0,"이 제품은 바인더 클립으로, 금속 소재를 채택하여 내구성이 뛰어나고 녹슬지 않습니다. 전문적인 디자인이 특징이며, 심플하고 넉넉하며 신선하며 사무실 물건, 교사 및 기타 필요한 사람들에게 적합합니다. 이 사무실 클립은 잘 연마되어 손을 다치지 않습니다. 사무실이나 가정용으로 적합합니다. 책갈피, 노트북, 달력 마커, 스크랩북, 메모장, 장식용 메모 클립 읽기. 종이 바인더 클립은 유용하고 창의적이며 단순하며 넉넉하고 신선하며 보관하기 쉽습니다. 금속 소재를 채택하여 쉽게 변형되거나 부서지지 않으며 내구성이 뛰어나고 녹슬지 않습니다. 다양한 필요에 맞는 충분한 양의 바인더 클립이 있는 섬세한 디테일. 실용적이고 눈에 잘 띄기 때문에 학생, 교사 및 기타 필요한 사람들에게 적합합니다.",,"['클립', '바인더', '사무실', '종이', '사람', '신선하다', '넉넉하다', '금속', '채택', '책갈피']"
사무용품,"클립, 집게 및 링",클립,,B0BYFD1P5H,"96피스 점보 모양 종이 클립, 보관 상자 포함, 8가지 색상, 재미있고 귀여운 종이 클립 책갈피 플래너 클립 재미있는 사무용품 학교 선물 웨딩 장식",OWLFAVO,13836,13836,4.9,32.0,"패키지 구성: 수량: 96개 밸류 벌크 팩, 각 색상 12개, 보관: 금속 주석 1개, 사이즈: 5cm X 2.4cm, 금속 와이어 지름 Φ 1.2mm 사랑스러운 디자인: 화이트, 골드, 그린, 블랙, 레드, 블루, 퍼플, 핑크, 총 8가지 눈길을 끄는 색상으로 일하거나 공부하는 동안 재미와 기쁨을 선사합니다 고품질: 고품질 금속 소재로 제작되어 어린이에게 안전하며 무독성이며 색이 바래지 않으며 강하고 내구성이 뛰어나며 오래 사용할 수 있습니다 기능성 사용: 종이를 단단히 고정시켜 책갈피, 사진 홀더, 메모 클립, 캘린더 마커 등으로 사용할 수 있습니다. 정교한 선물: 실용적인 작은 선물과 동료, 독서 애호가, 학생, 어린이 및 친구를 위한 재미있는 선물. 가정, 대학 및 사무실에 이상적입니다",금속 TIn 점보 종이 클립 80개,"['클립', '선물', '종이', '금속', '재미있다', '보관', '구성', '책갈피', '점보', '어린이']"
사무용품,"클립, 집게 및 링",클립,,B07Y9JZL8V,"귀여운 바인더 클립, 로즈 골드 메탈 종이 클램프 작은 바인더 종이 클립, 박스 포함, 사무실 학교 가정용(12개) (하트 타입)",LAMXTX,11066,11066,4.7,74.0,"【우수한 소재】이 금속 바인더 클립의 신중하게 선택한 고강도 금속은 열처리되고 견고하며 내구성이 뛰어나며 쉽게 변형되지 않습니다. 전기 도금 페인트 공정으로 이 바인더 클립은 부식과 녹 방지 기능이 뛰어납니다 【간편한 사용】이 작은 바인더 클립 세트는 적절한 장력을 특징으로 하며 종이를 단단히 고정할 뿐만 아니라 사용하기 쉽습니다. 이 튼튼한 로즈 골드 바인더 클립은 약 40장의 A4 종이를 담을 수 있습니다 【정교한 기술】이 종이 클램프는 곡선형의 가장자리 디자인으로 특별히 설계되어 종이를 단단히 고정시키면서 문서를 보호하기 위해 종이를 손상시키지 않습니다. 이 바인더 클립의 디테일은 Jixiangdou의 품질 추구를 보여줍니다 【창의적인 디자인】일반 바인더 클립과 달리, 이 예쁜 바인더 클립은 Jixiangdou 수석 디자이너가 디자인했습니다. 세련되고 우아한 로즈 골드가 들어간 이 재미있는 바인더 클립은 러브 패턴, 고양이, 선인장 등을 포함한 다양한 창의적인 스타일을 제공합니다. 【애프터 서비스】이 금속 종이 클램프의 경우 100% 고객 지원을 받을 수 있습니다. 바인더 페이퍼 클립에 대해 궁금한 사항이 있으시면 언제든지 문의하십시오. 더 나은 고객 경험을 제공하기 위해 최선을 다하고 있습니다","귀여운 바인더 클립, 로즈 골드 메탈 종이 클립 작은 바인더 상자, 사무실, 학교 및 가족에게 적합합니다","['바인더', '클립', '종이', '골드', '디자인', '작다', '금속', '클램프']"
사무용품,"클립, 집게 및 링",클립,,B09TW5JDTD,"120팩 미니 바인더 클립, 블랙 바인더 클립, 작은 종이 클립 15mm 1.6cm(5/8인치) 홈 스쿨 오피스 및 비즈니스용 마이크로 사이즈 사무실 클립.",OWLKELA,10512,10512,4.7,659.0,"밸류 패키지: 120팩 고품질 미니 블랙 바인더 클립, 1.5cm(0.6인치) 클립이 많아 일상적인 필요에 적합합니다. 우수한 소재: 당사의 작은 클립은 강한 강화 강철로 만들어졌으며 강하고 녹 방지 기능이 있습니다. 부드러운 파우더 코팅 마감과 니켈 도금 손잡이는 수년간 사용할 수 있도록 부식 방지 기능이 있습니다. 정리에 좋음: 바인더 클립의 스프링 타이트 클립은 느슨한 종이의 큰 스택을 단단히 고정하는 데 도움이 되며, 클립은 열린 식품 가방을 닫는 데에도 적합합니다. 보관이 쉽고 생활에 편리함을 제공합니다. 다양한 용도: 당사의 미니 종이 클램프는 사무실, 가정 및 학교에서 매일 사용하기에 적합합니다. 문서 그룹, 음식 가방, 옷 및 야외 응용 프로그램을 보관할 수 있는 즉각적인 바인딩을 제공하는 데 사용할 수 있습니다. 💪쉬운 사용: 사무실 클립의 스테인리스 스틸 손잡이는 쉽게 열 수 있으며 손잡이는 똑바로 세워 놓거나 평평하게 접거나 제거할 수 있습니다. 당사의 작은 바인더 클립은 재사용이 가능합니다.",,"['클립', '바인더', '사무실', '작다', '손잡이', '미니', '종이', '가방', '강하다', '블랙']"
사무용품,"클립, 집게 및 링",클립,,B0885RD6NQ,"Mr. Pen - 종이 클립, 450팩, 실버, 종이 클립, 다양한 사이즈, 종이 클립, 종이 클립, 대형 종이 클립, 서류 작업용 클립, 작은 종이 클립, 큰 종이 클립, 종이 클립 모음, 클립",Mr. Pen,6717,6717,4.7,2171.0,"포함: 450 실버 종이 클립 다양한 사이즈: 200 x 1인치, 200 x 1 1/4인치, 50 x 2인치 사무실, 학교 및 일상용으로 적합하며 일상적인 DIY 프로젝트, 책갈피, 사진 앨범, 명함 홀더 및 봉투 클립 만들기에도 적합합니다 아연 도금 도금으로 제작되어 클립을 부식으로부터 보호합니다 매끄러운 표면으로 종이에 걸리거나 자국을 방지합니다",,"['클립', '종이', '실버', '도금']"
사무용품,"클립, 집게 및 링",클립,,B0BFDZC6W4,"300피스 미디엄 바인더 클립 종이 클립 사무실 용품 종이 클램프 교사 학생 학교 사무실 비즈니스 서류 용품 (블랙, 3.2cm(1.25인치))",Yexiya,47076,47076,4.7,34.0,"넉넉한 패키지: 패키지에 1.25인치/32mm 미디엄 바인더 클립 300개를 받을 수 있습니다. 최대 80장의 종이를 고정할 수 있습니다. 충분한 수의 바인더 클립 매체는 일상적인 사용 요구 사항을 쉽게 충족할 수 있습니다. 친구들과 공유하여 편리함을 제공할 수도 있습니다 고품질 소재: 매끄러운 표면과 도금 손잡이가 있는 신뢰할 수 있는 금속 소재로 제작된 이 클립 사무용품은 지속 및 녹 방지 기능이 있으며 깨지거나 변형되지 않으며 견고하고 신뢰할 수 있으며 일상적인 필요에 맞게 재사용이 가능하며 고품질 강화 스틸 소재는 좋은 그립감을 제공하여 종이가 흩어지는 것을 방지합니다 쉬운 사용: 종이 클립과 바인더 클립은 많은 양의 느슨한 종이를 안전하게 고정하는 데 도움이 됩니다. 임시 바인딩 용지가 필요한 느슨한 끝을 위한 충분한 공간이 있을 때까지 양쪽 손잡이를 세게 누르기만 하면 됩니다. 문서를 바로 꺼내기 위해 다시 세게 눌러 종이를 쉽게 제거할 수 있습니다. 쉽고 편리합니다 다양한 용도: 당사의 서류용 클립은 학교, 가정 및 사무실에서 사용하기에 적합하며 문서 페이지를 함께 보관할 수 있을 뿐만 아니라 휴대폰 홀더, 간단한 후크 및 케이블 홀더와 같은 DIY 유용한 장치에도 사용할 수 있습니다. 종이 클립은 미완성 간식, 의류, 가구 및 야외 응용 분야에 사용할 수 있습니다 실용적이고 유용한 선물: 이 종이 바인더 클립은 종이를 안전하게 보관할 수 있으며, 가족, 친구, 동료, 반 친구 또는 선생님에게 제공하여 문서를 정리할 수 있습니다. 아이들이 물건을 깔끔하게 정리하는 습관을 개발할 수 있도록 책 바인딩 클립을 준비할 수도 있습니다",,"['클립', '종이', '바인더', '친구', '문서', '사무실']"
사무용품,"클립, 집게 및 링",클립,,B079CB56K6,"Coideal 컬러 소형 종이 클립 비닐 코팅, 200팩 28mm 다양한 색상 미니 종이 클립 홀더 다채로운 학교, 사무실용",Coideal,9681,9681,4.7,1522.0,"안전한 비닐 스테이플 - 이 컬러 종이 클립은 비닐 코팅되어 있어 색상을 쉽게 볼 수 있으며 코팅으로 폴더나 종이에 더 강하게 고정되며 종이에 긁히지 않습니다 실용적인 분류 클립 - 다양한 색상으로 문서를 쉽게 색상 코딩할 수 있으며 문서 폴더 분류에 가장 적합합니다 편리한 사용 - 장식용 종이 클립은 부착과 제거가 쉽고, 종이에 단단히 고정할 수 있으며 미끄러지지 않으며 홈 오피스 및 학교에서 사용하기에 좋습니다 다기능 금속 클립 - 머니 클립, 종이 홀더 또는 레터 홀더 등에 적합합니다. 정교한 패키지 - 종이 클립은 귀여운 통에 포장되어 있습니다. 깨지거나 긁힐 염려가 없습니다",,"['종이', '클립', '비닐', '홀더', '코팅', '학교', '폴더', '고정', '실용', '분류']"
사무용품,"클립, 집게 및 링",클립,,B086MY3PTD,50 카운트 로즈 골드 미니 종이 클립 3/5 인치 매우 귀여운 작은 종이 클립 책갈피 클립 (로즈 골드),MEI YI TIAN,9681,9681,4.3,287.0,"1. 미니 사이즈의 밝은 로즈 골드 컬러 종이 클립, 사랑스럽고 완벽한 기능; 2. 15mm x 5.6mm(0.6인치 x 0.22인치) 크기의 작은 종이 클립 50개 3. 고품질 스테인리스 스틸과 로즈 골드 도금 마감으로 제작되었습니다 4. 스크랩북, 카드 제작, 책갈피 및 기타 종이 공예 프로젝트에 적용 가능합니다 5. 패키지: 패키지당 판지에 담긴 50개의 로즈 골드 작은 종이 클립.",,"['클립', '종이', '골드', '작다', '책갈피', '제작', '패키지', '미니']"
사무용품,"클립, 집게 및 링",클립,,B0CCTJGQXB,"종이 클립 720개, 종이 클립 중간 사이즈, 종이 클립 사무용품, No.1 부드러운 종이 클립 표준 사이즈(각 120개 6박스)",BESGHEWO,9681,9681,4.7,105.0,"벌크 패키지 포함: 720피스 종이 클립 사무용품 세트, 6개의 작은 상자에 들어 있습니다. 표준 중간 사이즈 33mm 종이 클립 1개, 각 상자 120개. 매끄럽고 견고함: 종이 클립 찢어지지 않음, 중간 크기의 종이 클립은 매끄럽게 마감되어 쉽게 접근할 수 있으며 가장자리가 문서가 찢어지거나 표시되지 않으며 사용 시 미끄럼 방지 그립 내구성 및 녹 방지: 종이 클립에 니켈 코팅을 한 고품질 강철로 만들어졌으며 녹 방지 기능이 있으며 장기간 사용 후에도 새 것처럼 밝습니다 고품질 사무실 클립: 저희 종이 클립은 강하고 재사용이 가능하며 밝은 실버 색상으로 10-15장 용량의 서류를 바인딩하여 쉽게 제거할 수 있으며 자국, 인쇄물 또는 파프에 손상을 남기지 않습니다 다양한 용도: 이 중간 크기의 종이 클립은 사무실, 학교에 적합합니다. 교실, 도서관, 병원 및 개인 일상 문서를 정리하여 서류, 봉투, 사진 또는 카드를 고정할 수 있으며 DIY 공예 프로젝트, 특별 책갈피, 임시 헤어 클립 및 음식 클립 등으로 사용할 수 있습니다.",,"['클립', '종이', '중간', '방지']"
사무용품,"클립, 집게 및 링",클립,,B0BG5FY9TB,"자이언트 종이 클립 점보 - 56피스 10.2cm(4인치) 엑스트라 라지 컬러 장식 종이 클립 부드럽고 재미있는 빅 바인더 종이 클립 (7가지 색상, 10cm)",ForTomorrow,13669,13669,4.8,257.0,"4 인치 슈퍼 라지 사이즈: 4 인치 점보 페이퍼 클립은 최대 50장의 종이를 담을 수 있으며 초대형 용량은 대부분의 사용 시나리오에 적합합니다. 동시에, 견고한 금속 구조는 큰 클램핑력을 가지고 있어 물건을 안정적으로 고정할 수 있습니다. 다양한 색상: 7가지 다른 색상, 각 색상마다 8개, 총 56개의 종이 홀더가 있습니다. 다양한 색상으로 문서를 색상 코딩 할 수 있어 문서 폴더 분류에 가장 적합합니다. PET 코팅: 종이 클립의 표면은 PET 코팅으로 감싸져 있으며, 이는 일반 시장에서 볼 수 있는 비닐이 만든 제품과 다릅니다. 다양한 상황에 적합: 초대형 종이 클립은 사진, 영수증, 쿠폰, 서류 정리에 사용할 수 있으며 DIY 장식, 책갈피 또는 스낵 백 밀봉 클립에도 사용할 수 있습니다. 견고한 금속 구조: 이 오버사이즈 컬러 클립은 고품질 금속으로 만들어져 쉽게 변형되거나 손상되지 않으며 장기간 반복적으로 사용할 수 있습니다.",,"['클립', '종이', '금속', '견고하다', '코팅', '점보', '초대형', '컬러', '문서', '라지']"
사무용품,"클립, 집게 및 링",클립,,B09MVS357L,"점보 종이 클립, 5.1cm(2인치) 대형 종이 클립, 클립 100개 (점보, 퍼플)",FUDAO FAMILY,7742,7742,4.8,449.0,"사이즈: 50 x 11mm / 2.0 x 0.43인치 (길이 x 너비). 패키지에는 100개의 대형 종이 클립이 포함되어 있습니다. 재사용 가능한 투명 상자에 포장되어 책상이나 책상 서랍을 정리할 수 있습니다. 밝은 부식 방지 마감, 매끄러운 표면은 종이에 걸리거나 자국을 방지합니다. 용도: 사무실, 가정 및 학교 일상용으로 적합하며 학생, 교사 등에 적합합니다.",사이즈: 5cm | 색상: 퍼플 | 수량: 100/팩 특징: 모든 제품은 재사용 가능한 플라스틱 용기에 포장되어 쉽게 보관할 수 있습니다! 고품질 - 종이 클립은 고품질 금속을 사용하여 쉽게 깨지지 않으며 종이를 손상시키지 않습니다. 일상적인 사무실 및 학교에서 사용하기에 적합합니다. 작업 과정에서 더 쉽게 느낄 수 있도록 도와줍니다! 지금 구매하세요 -- 100% 만족 보장!,"['종이', '클립', '가능하다', '점보', '사무실', '포장', '퍼플', '학교', '대형', '책상']"
사무용품,"클립, 집게 및 링",클립,,B0882T9GFN,"Mr. Pen - 더블 클립, 소, 50팩 19mm(0.75인치) 블랙, 작은 집게, 서류 집게, 바인딩 클립 소, 소형, 사무용, 미니 사이즈",Mr. Pen,9681,9681,4.8,2166.0,"패키지에 포함된 항목: 1.9cm 블랙 바인더 클립 50개 1.9cm 블랙 바인더 클립 50개 (보관 + 50장) 튼튼한 소재로 만든 바인더 클립: 강화 스틸, 내구성 및 녹 방지 스프링 타이트 클립은 많은 양의 느슨한 종이를 안전하게 고정시키는 데 도움이 됩니다 팔의 핀치로 쉽게 제거할 수 있어 언제든지 문서를 완전히 꺼낼 수 있습니다 내구성이 뛰어나고 재사용 가능한 바인더 클립 (스프링 모양으로 되돌아옴), 가정, 사무실 또는 학교에 이상적입니다",,"['클립', '바인더', '블랙', '구성', '집게', '스프링']"
사무용품,"클립, 집게 및 링",클립,,B09TW64MGB,"5.1cm(2인치) 엑스트라 라지 바인더 클립 48팩, 점보 종이 클립, 큰 종이 클램프, 바인더 클립 대형 사이즈, 가정, 학교 및 사무용품용",OWLKELA,26301,19722,4.8,205.0,"점보 바인더 클립은 강화 강철로 만들어져 장기적인 내구성을 보장하고 무제한 재사용이 가능한 유연성을 유지합니다. 스틸 암으로 조립된 클립은 문서에 매우 강한 그립을 제공합니다. 바인더 클립은 느슨한 종이 더미를 안전하게 고정하고 사무실, 가정, 학교 및 공예품을 위해 모든 음식을 공기 중에 닫아 두는 데 이상적입니다. 스프링 타이트 클립은 느슨한 종이의 큰 스택을 안전하게 고정하는 데 도움이 됩니다. 영구적인 바인딩을 위해 니켈 도금 손잡이를 제거할 수 있습니다. 클립은 사용 후 다시 구부릴 수 있는 기능으로 재사용할 수 있습니다. 이 대형 종이 클립은 사무용품에 훌륭한 추가 아이템이 될 것입니다. 저희 제품이나 구매와 관련하여 질문이 있으시면 언제든지 OWLKELA 에 문의하십시오. 고객 만족을 최우선으로 생각합니다.",,"['클립', '종이', '바인더', '느슨하다', '재사용', '점보', '안전하다', '대형', '고정', '학교']"
사무용품,"클립, 집게 및 링",클립,,B09XDY4JY1,골드 점보 종이 클립 20피스 오버사이즈 골드 페이퍼 클립 50mm/2인치 미끄럼 방지 매끄러운 마감 스틸 와이어 사무용품 액세서리,Supfoxer,8850,8850,4.7,20.0,"【대형 종이 클립】길이 5cm(1.975인치), 너비 2.3cm(0.95인치)의 골드 종이 클립, 대용량 종이 작업을 위한 좋은 대패 도구입니다. 【내구성 있는 디자인】전기 도금 공정을 거친 프리미엄 품질의 금속 종이 클립, 내구성이 뛰어나고 녹 방지 기능으로 장시간 사용할 수 있습니다. 【다양한 사용】이 넓은 종이 클립은 종이, 문서, 브로셔, 명함, 레시피, 특히 크고 두꺼운 종이를 정리할 수 있습니다. 【사양】각 종이 클립당 4.8 x 2.3cm(1.97 x 0.9인치), 원형 투명 상자는 6.8 x 1.7cm(2.68 x 0.68인치)입니다. 【재사용 가능】이 매우 넓은 종이 클립은 종이에서 쉽게 제거하고 조일 수 있으며 투명 상자에 보관할 수 있습니다.",,"['종이', '클립', '골드', '방지', '구성', '넓다', '상자', '투명']"
사무용품,"클립, 집게 및 링",클립,,B0C4YF7XK9,"하트 모양 종이 클립 200개, 골드 귀여운 바인더 미니 종이 클립 1.9cm(0.78인치), 재미있는 맞춤형 작은 종이 클립, 스테인리스 스틸, 멋진 종이 클립 홀더, 책상, 학교, 사무실용",,11066,11066,4.8,18.0,"【골드 하트 종이 클립】 하트 종이 클립 200개를 받게 되며, 각 작은 클립의 크기는 약 0.78 x 0.9cm(0.78 x 0.33 인치)이며 귀여운 장식용 종이 클립은 편의를 위해 투명 플라스틱 상자에 포장되어 있습니다. 【재미있는 맞춤형 작은 종이 클립】 귀여운 하트 모양의 디자인과 밝고 생생한 색상으로 학교나 사무실 생활을 더욱 흥미롭게 만들고 동시에 작업을 더 체계적으로 만들고 작업 효율성을 향상시키는 데 도움이 됩니다. 【고품질】 공예 클립은 녹 방지 및 내구성이 뛰어납니다. 소재 하트 클립은 스테인리스 스틸로 쉽게 깨지지 않으며 정교한 장인 정신, 사무실 종이 클립은 표면이 매끄럽고 문서에 자국을 남기지 않습니다. 【다기능】 골드 하트 모양 종이 클립은 문서와 종이 공예품을 고정하는 데 좋을 뿐만 아니라 재미있는 하트 종이 클립을 책갈피로 사용하거나 웨딩 카드 장식, 파일 정리 및 일상적인 용도로 사용할 수 있습니다. 집을 장식하고, 그림을 걸거나, 가벼운 스트링, 휴일 장식, 밀폐 간식 가방 등에 사용할 수 있습니다. 【아름다운 선물】 클래식한 하트 모양의 웨딩 페이퍼 클립 디자인은 심플하고 스타일리시해 보이며 지루한 삶에 화려함을 더합니다. 이 제품은 파티와 생일을 위한 매우 귀여운 사무용품 선물입니다. 또한 여성, 학생, 사무실 근로자, 파일 관리자, 디자이너, 비서, 변호사, 사무원, 플래너 등을 위한 훌륭한 선물 아이디어입니다.","설명 제품 이름: 미니 하트 모양 종이 클립 200개(박스형) 색상: 골드 소재: 스틸 와이어 제품 사용 기능: 일상 DIY, 선생님, 학생, 사무실 근로자, 디자이너, 책, 노트북 및 학교에 적합합니다.","['클립', '종이', '하트', '사무실', '골드', '귀엽다', '장식', '선물', '스틸', '사무']"
사무용품,"클립, 집게 및 링",클립,,B0D1C4T8VC,"122팩 바인더 클립, 바인더 클립, 다양한 사이즈, 미디엄 스몰 미니 및 마이크로, 종이 클램프 종이 클립 컬러 바인더 클립 사무용품",Vevona,12451,12451,4.9,26.0,"【내구성 있는 소재】고품질 강화 강철로 제작되어 견고하고 내구성이 뛰어나며 표면 코팅 마감, 녹 및 부식 방지 기능이 있습니다. 분해가 쉽고 재사용이 가능합니다. 문서를 보호하기 위한 곡선형 가장자리 디자인. 【대용량】패키지에는 32mm(1.25인치) 12개, 25mm(1인치) 20개, 19mm(0.75인치) 40개, 15mm(0.6인치) 50개, 보관 가능한 플라스틱 상자 1개가 있는 총 122개가 포함되어 있습니다. 4가지 색상: 핑크, 블루, 그린, 옐로우. 다양한 바인더 클립은 일상적인 요구 사항을 충족하기에 충분합니다. 【강력한 그립】스프링 타이트 오피스 클립은 느슨한 종이 더미를 안전하게 고정하는 데 도움이 됩니다. 강한 그립으로 종이가 미끄러지지 않도록 하고 유연한 바인딩이 있어 스테이플로 남은 자국과 작별 인사를 합니다. 책상을 깔끔하게 정리할 수 있습니다. 【다양한 용도】사무실, 가정, 학교 또는 공예에서 매일 사용하기에 적합합니다. 수업 노트, 프로젝트 문서 세트, 책갈피, DIY 공예품, 음식 가방 정리, 옷 및 야외 캠핑을 위한 즉각적인 바인딩을 제공하는 데 사용할 수 있습니다. 【빠른 정리】다채로운 바인더로 문서를 쉽게 정리하고 분류할 수 있습니다. 다양한 색상의 종이 클램프를 사용하여 다양한 주제 또는 범주를 구별하여 문서를 빠르게 찾고 관리할 수 있습니다.",,"['클립', '바인더', '종이', '정리', '문서', '구성', '바인딩', '클램프', '가능하다', '빠르다']"
사무용품,"클립, 집게 및 링",클립,,B08PTH1ZP9,"코끼리 모양 종이 클립 20개, 투명 상자, 로즈 골드 및 옐로우 골드, 재미있고 귀여운 종이 클립 책갈피 플래너 클립, 재미있는 사무용품 학교 선물 웨딩 장식",OWLFAVO,9681,9681,4.8,1362.0,"패키지 포함: 사이즈 3.9cm X 2.5cm 각 클립. 색상: 로즈 골드 클립 10개, 옐로우 골드 클립 10개, 보관: 투명 아크릴 상자 1개 고품질: 고품질 금속 소재로 제작되어 어린이에게 안전하며 무독성이며 색이 바래지 않으며 강하고 내구성이 뛰어나며 오래 사용할 수 있습니다 사랑스러운 디자인: 반짝이는 메탈릭 광택과 밝은 색상으로 눈길을 사로잡는 귀여운 스타일로 작업하거나 공부하는 동안 재미와 기쁨을 선사합니다 기능적 사용: 종이를 안전하게 고정시키고, 책갈피, 사진 홀더, 메모 클립, 캘린더 마커 등으로 사용할 수 있습니다. 정교한 선물: 동료, 독서 애호가, 학생, 어린이 및 친구를 위한 실용적인 작은 선물과 재미있는 선물. 가정, 학교 및 사무실에 이상적입니다","고품질의 귀여운 종이 클립, 일상 작업에 도움이 되는 훌륭한 사무용품 도구. 특징: 재미있는 종이 클립, 로즈 골드와 옐로우 골드 색상으로 정리함을 더 재미있게 만듭니다. 밝은 색상과 패션 디자인. 필요한 종이를 쉽게 찾을 수 있습니다. 클립의 소재는 스테인리스 스틸입니다. 녹슬지 않고 밝은 색상이 잘 바래지 않습니다. 참고: 클립의 수명에 영향을 줄 수 있으므로 너무 두꺼운 책이나 문서를 너무 오래 묶지 마십시오. 배울 수 있는 클립을 사용하는 방법이 훨씬 더 많으므로 비디오를 보고 새로운 용도를 활용하세요. 평생 및 환불 서비스를 제공하는 지금 저희 제품을 사용해 보시는 건 어떨까요? 무엇보다도, 저희는 최고의 서비스를 제공할 수 있으며, 고객의 우려 사항을 처리하고 적시에 진지하게 이메일을 보내드립니다. 문제가 있는 경우 즉시 저희에게 연락하십시오. 전액 또는 부분 환불을 받을 수 있습니다.","['클립', '종이', '골드', '재미있다', '선물', '옐로우', '귀엽다', '상자', '작업', '디자인']"
사무용품,"클립, 집게 및 링",클립,,B0C2MV8RMP,"종이 클립, 다채로운 종이 클립 600개, 중간 사이즈 (2.8cm(1.1인치)), 학교, 사무실 및 개인 사용을 위한 코팅 종이 클립, 녹슨 및 내구성",XUELUN,13836,13836,4.8,9.0,"【제품 사이즈】중형 종이 클립 600개, 2.8cm(1.1인치). 【파일 마크】다양한 색상의 종이 클립은 다양한 문서의 레벨을 나타낼 수 있습니다. 종이 클립을 사용하여 문서를 분리하면 섞이지 않습니다. 【녹슨 & 내구성】부식 방지를 위해 비닐 코팅이 된 프리미엄 품질의 금속 종이 클립, 매끄러운 표면은 종이에 걸리거나 자국을 방지합니다. 【편리한 보관】분리된 용기는 종이 클립을 정리하고 접근이 가능하며 엉키지 않게 합니다. 【다용도】사무실, 학교 및 일상 파일 문서를 클립하는 데 사용할 수 있을 뿐만 아니라 DIY, 책갈피, 사진 앨범 클립, 명함 홀더 및 봉투 클립으로도 사용할 수 있습니다.",,"['클립', '종이', '문서', '사무실', '분리', '학교', '파일', '녹슨', '코팅', '방지']"
사무용품,"클립, 집게 및 링",클립,,B0C4Z4SLV7,"핑크 클립 하트 할로우 아웃 메탈 바인더 클립 노트 레터 페이퍼 클립 사무용품 종이 클램프, 바인더 클립, 서류 작업, 가정, 학교용 클립",Htppzjr,7742,7742,4.7,4.0,1,1,"['클립', '바인더', '할로우', '학교', '하트', '핑크', '페이퍼', '클램프', '종이', '작업']"
사무용품,"클립, 집게 및 링",클립,,B0D4CWNZRP,"종이 클립 200개, 5.1cm(2인치) 다채로운 종이 클립, 큰 종이 클립, 재사용 가능한 종이 클립, 학교, 사무실, 폴더, 책갈피, DIY 앨범 등",,5526,5526,5.0,14.0,제품 이름 - 200개의 컬러 종이 클립. 이 제품은 50mm 길이이며 실린더에 배치됩니다,,"['클립', '종이', '학교', '폴더', '컬러', '책갈피', '재사용', '이름', '앨범', '실린더']"
사무용품,"클립, 집게 및 링",클립,,B0CX7Y6V7S,50피스 오렌지 모양 종이 클립 귀여운 과일 책갈피 종이 클립 박스 포함 홈 오피스 용품 문서 정리용,tiecawk,12174,12174,,,"패키지 구성: 오렌지 모양의 종이 클립 50개를 얻을 수 있으며, 플라스틱 상자에 포장되어 쉽게 보관할 수 있습니다. 충분한 수량으로 사용, 공예 제작, 고정 및 친구 및 가족과 휴일 선물로 공유할 수 있습니다. 각 사이즈: 약 3.5*2.7cm/1.3*1인치. 고품질 소재: 이 귀여운 과일 오렌지 종이 클립은 재사용이 가능하여 장시간 사용할 수 있습니다. 이 금속 종이 클립은 혁신적이고 단순한 모양으로 디자인되어 문서와 종이 공예품을 쉽게 식별할 수 있습니다. 참신한 디자인: 창의적인 과일 오렌지 디자인의 종이 클립은 귀엽고 정교하며 재미있는 방식으로 작업이나 공부를 끝낼 수 있습니다. 사무실, 학교 또는 가정, 파티에 적합합니다. 다양한 사용: 책갈피 및 장식용으로 이상적이며 책, 노트북, 스크랩북 및 기타 표시해야 하는 물건에 고정할 수 있습니다. 학생, 사무실, 작가, 독자 등에 적합합니다. 내구성이 뛰어나고 쉽게 깨지지 않아 장시간 사용할 수 있습니다. 이 구매에 대해 불만이 있으시면 언제든지 저희에게 연락해 주십시오. 24시간 이내에 해결해 드릴 것을 약속드립니다.","패키지 구성: 오렌지 모양의 종이 클립 50개를 얻을 수 있으며, 플라스틱 상자에 포장되어 쉽게 보관할 수 있습니다. 충분한 수량으로 사용, 공예 제작, 고정 및 친구 및 가족과 휴일 선물로 공유할 수 있습니다. 각 사이즈: 약 3.5*2.7cm/1.3*1인치. 고품질 소재: 이 귀여운 과일 오렌지 종이 클립은 재사용이 가능하여 장시간 사용할 수 있습니다. 이 금속 종이 클립은 혁신적이고 단순한 모양으로 디자인되어 문서와 종이 공예품을 쉽게 식별할 수 있습니다. 참신한 디자인: 창의적인 과일 오렌지 디자인의 종이 클립은 귀엽고 정교하며 재미있는 방식으로 작업이나 공부를 끝낼 수 있습니다. 사무실, 학교 또는 가정, 파티에 적합합니다. 다양한 사용: 책갈피 및 장식용으로 이상적이며 책, 노트북, 스크랩북 및 기타 표시해야 하는 물건에 고정할 수 있습니다. 학생, 사무실, 작가, 독자 등에 적합합니다. 내구성이 뛰어나고 쉽게 깨지지 않아 장시간 사용할 수 있습니다. 이 구매에 대해 불만이 있으시면 언제든지 저희에게 연락해 주십시오. 24시간 이내에 해결해 드릴 것을 약속드립니다.","['종이', '클립', '오렌지', '디자인', '귀엽다', '과일', '장시간', '사무실', '고정', '구성']"
사무용품,"클립, 집게 및 링",클립,,B0CZ6KVQYQ,"대형 종이 클립 200개, 5.1cm(2인치) 점보 종이 클립, 서류 작업, 사무실, 학교 및 개인 사용을 위한 Ceative 컬러 종이 클립",NEEWAY,8850,8850,5.0,1.0,"우아하고 독특함: 이 프리미엄 대형 종이 클립 세트로 사무용품을 업그레이드하세요. 각 세트는 골드, 화이트, 핑크 종이 클립의 조합으로 작업 공간에 세련되고 독특한 룩을 연출합니다. 프리미엄 품질: 디테일에 세심한 주의를 기울여 제작된 이 점보 종이 클립은 고품질 소재로 만들어져 내구성과 신뢰할 수 있는 성능을 보장합니다. 사이즈 및 수량: 이 세트에는 200개의 종이 클립이 포함되어 있으며, 각 클립의 길이는 5.1cm(2인치)입니다. 이 사이즈는 여러 페이지나 두꺼운 문서를 함께 안전하게 고정하는 데 적합합니다. 눈길을 끄는 디자인: 골드, 화이트, 핑크의 혼합 색상은 서류 작업에 우아함과 매력을 더합니다. 이 대형 종이 클립은 문서를 정리할 뿐만 아니라 작업의 시각적 매력을 향상시킵니다. 완벽한 선물: 이 정교한 세트 멀티 컬러 종이 클립은 전문가, 학생 또는 세련되고 기능적인 사무용품을 좋아하는 모든 사람에게 완벽한 선물입니다.",,"['클립', '종이', '작업', '대형', '화이트', '서류', '세련되다', '사무', '문서', '완벽하다']"
사무용품,"클립, 집게 및 링",클립,,B0BWZ15P8D,Operitacx 20피스 종이 클립 리본 장식 종이 클립 귀여운 종이 클립 종이 클립 바인더 액세서리 재미있는 종이 클립 대형 종이 클립 작은 종이 클립 학생 십자가 금속 외계인,Operitacx,11343,11343,5.0,1.0,"장식용 종이클립: 유용하고 좋은 경험을 제공하기 때문에 친구들과 공유할 수 있습니다. 로즈 골드 종이 클립: 훌륭한 솜씨로 이 다용도 종이 클립은 매끄럽고 아름답습니다. 골드 종이 클립: 사진, 파일, 메모, 메모에 적합하며 사용 방법은 간단하고 실용적입니다. 저널링 종이 클램프: 강한 클램핑력, 견고한 구조, 이 종이 클립은 쉽게 변형되지 않으며 신뢰할 수 있습니다. 나비 매듭 모양의 클립: 클램핑, 단단한 구조, 이 종이 클립은 쉽게 변형되지 않으며 신뢰할 수 있습니다.",,"['클립', '종이', '변형', '신뢰', '메모', '골드', '구조']"
사무용품,"클립, 집게 및 링",클립,,B09HDJ8N86,"직사각형 중형 종이 클립, 바인더 클립, 쉬운 그립, 다양한 색상, 사무용품, 8개/세트",Yi Concept,13836,13836,4.9,24.0,"금속 바인더 플립 클립. 큰 사이즈로 종이를 더 잘 잡을 수 있습니다. 무역 박람회, 학교 또는 사무실을 위한 경품 행사를 다시 진행하십시오.","학교나 사무실을 위한 완벽한 프로모션 아이템! 금속 바인더 플립 클립. 큰 사이즈로 종이를 더 잘 잡을 수 있습니다. 무역 박람회, 학교 또는 사무실을 위한 훌륭한 경품 행사. 맞춤 주문 가능","['클립', '사무실', '학교', '바인더', '종이', '경품', '플립', '금속', '무역', '행사']"
사무용품,"클립, 집게 및 링",클립,,B0BQHRQG6L,"귀여운 하트 종이 클립 퍼플 종이 클립, 선물 아이디어 (퍼플, 50팩)",HiQin,11066,11066,5.0,41.0,"러브 하트 모양의 퍼플 컬러 종이 클립. 50개/틴 팩. 사이즈: 3cm x 3cm. 내구성이 뛰어나고 기능적입니다. 결혼식 초대장 카드 브라이덜 샤워 발표 베이비 샤워를 위한 장식용 종이 클립. 파티 봉투와 함께 하는 훌륭한 파트너. 종이에 완성된 사랑의 하트 모양을 보여주세요. 일상 사무실 생활 학교 생활을 밝게 하세요! 선물용으로도 좋습니다. 재미있는 사무용품 선물, 여성을 위한 휴일 선물, 동료 상사 학생 선생님을 위한 감사 선물 ...",,"['선물', '종이', '클립', '하트', '퍼플', '샤워', '생활']"
사무용품,"클립, 집게 및 링",클립,,B00342VCSK,"Charles Leonard 바인더 클립, 메탈릭, 다양한 색상, 미니, 12팩 (80122)",Charles Leonard,3961,3961,4.4,89.0,정리에 이상적입니다 견고한 강화 강철 니켈 도금 손잡이 탈착식 핸들 메탈릭 색상,정리 및 정리에 이상적입니다. 클립은 훌륭한 현대적인 룩을 위해 다양한 메탈릭 색상으로 제공됩니다. 평평하거나 매달린 사용을 위해 견고한 강화 스프링 스틸 구조로 제작되었습니다. 니켈 도금 손잡이는 영구적인 바인딩을 위해 제거 가능합니다.,"['정리', '메탈', '손잡이', '강화', '견고하다', '클립', '니켈', '도금', '바인딩', '강철']"
사무용품,"클립, 집게 및 링",클립,,B0CWP4KCSH,100피스 하트 종이 클립 다채로운 종이 클립 금속 하트 종이 클립 귀여운 작은 종이 클립 재미있는 하트 클립 하트 모양 종이 클립 어린이 사무용품 종이 클램프 문구 학교 용품,Bremorou,9459,9459,4.3,8.0,"정교한 디자인: 다채로운 종이 클립은 하트 모양으로 디자인되어 단순하지만 창의적이고 패셔너블해 보이기 때문에 문서를 돋보이게 하고 공부와 작업 과정에 많은 재미를 선사합니다. 고품질 소재: 하트 종이 클립은 표면이 매끄러운 특수 금속 소재로 만들어져 쉽게 구부리거나 변형되지 않으며 쉽게 부러지거나 색이 바래지 않으며 안정적이고 신뢰할 수 있으며 내구성이 뛰어나며 장기간 사용하기에 적합합니다. 다양한 옵션: 책의 색상이나 오늘날의 분위기에 따라 원하는 종이 클립 색상을 선택하십시오. 멀티 컬러 혼합 색상, 총 100개, 하트 모양 종이 클립은 약 0.9 x 2cm(0.9 x 0.88 인치)/2.3 × 2cm(0.9 x 0.88인치)로, 작은 크기, 경량, 사용 및 보관이 쉽습니다. 멋진 종이 클립은 투명한 보관 상자에 포장되어 쉽게 배치하고 보관할 수 있습니다. 간편한 사용: 이 하트 페이퍼 클립은 비닐 코팅으로 코팅되어 있으며, 코팅은 폴더나 종이에 종이 클립을 더 안정적으로 만들고 금속 하트 종이 클립이 종이에 자국이나 녹을 남기는 것을 방지하고 종이에 흠집을 내지 않습니다. 다용도: 이 재미있는 하트 클립은 종이를 안전하게 고정하며 미끄러지지 않습니다. 귀여운 러브 하트 종이 클립은 사무실, 학교, 가정 등에서 사용할 수 있습니다. 책, 숙제, 종이, 일기, 문서, 잡지, 사무용품 등에 적합합니다.","사양:/이름: 하트 종이 클립/색상: 색상/소재: 금속/기능: 사무실의 고정 책 페이지, 파일 정리/제품 크기: 0.9× 0.88""/2.3 × 2cm/포장 사이즈: 3.9 × 3.5 × 0.72 인치/10 × 9 × 0.75 인치/포장: 박스 포장/순 중량: 3.1온스/90g/총 무게: 90g/3.1온스./제품 구성:/하트 종이 클립 100개","['종이', '클립', '하트', '포장', '금속']"
사무용품,"클립, 집게 및 링",클립,,B09DYPNVWM,"종이 클립 400개, 금속 코팅 종이 클립, 다양한 사이즈, 미디엄 및 라지, 스트라이프 컬러 종이 클립 교사 용품 (2.8cm(1.1인치), 5.1cm(2인치))",Joyberg,6980,6980,4.8,554.0,"ZEBRA 스트라이프 페이퍼 클립: 학용품 사무용품용 종이 클립은 얼룩말 스트라이프 디자인을 사용합니다. 5가지 색상은 2.8cm(1.1인치) 종이 클립(300피스)과 5.1cm(2인치) 종이 클립(100개)이 있는 4가지 색상으로 제공됩니다. 사용할 수 있는 충분한 수량의 400개가 있습니다. 고품질: 종이 클립은 고품질 금속 리턴 바늘로 만들어졌으며 비닐 코팅, 부식 방지 및 매끄러운 표면으로 종이 긁힘을 방지합니다. 편리한 설치 및 분해로 미끄러지지 않고 종이를 단단히 고정할 수 있습니다. 간편한 보관: 두 가지 크기의 얼룩말 줄무늬 종이 클립은 투명 플라스틱 보관 상자에 담겨 있습니다. 책상을 깨끗하게 하고 사무실을 잘 정리할 수 있는 쉬운 보관. 다기능 종이 클립: 금속 종이 클립 교사 용품은 사무실 폴더뿐만 아니라 DIY, 책갈피, 사진 앨범 폴더, 명함 폴더, 봉투 폴더 등에도 사용할 수 있습니다. 다양한 유형의 파일의 다양한 색상의 종이 클립 폴더로 파일을 빠르게 분류할 수 있습니다. 포함 사항: 400피스 금속 종이 클립 교사 용품, 7*24 친절한 고객 서비스로 안심할 수 있습니다.",,"['종이', '클립', '폴더', '금속', '스트라이프', '교사', '보관']"
사무용품,"클립, 집게 및 링",클립,,B08GC669Y9,"선인장 바인더 클립, 귀여운 로즈 골드 미디엄 바인더 클립, 아크릴 크리스탈 박스, 사무실 학교 및 가정 용품용",Supfoxer,12451,12451,4.6,43.0,"【내구성】선인장 사무실 장식 금속 바인더 클립, 전기 도금 페인트 공예로 부드러운 미끄럼 방지, 변형 및 변색 없음, 오랫동안 반복 사용. 【다양한 사용】쉽게 열고 닫을 수 있으며 사무실, 가정, 학교 및 가격표, 사진, 지도, 그림, 종이를 정리하거나 전시하는 것과 같은 공예품에 사용할 수 있습니다. 【사양】19mm x 36mm(0.74 x 1.41인치), 박스 당 12개 【귀여운 모양】 전통적인 사무실 클립과 비교했을 때, 선인장 모양의 이 클립은 특별하고 재미있는 느낌을 줍니다. 【서비스】로즈 골드 종이 클립에 대한 질문이 있으시면 저희에게 연락해 주십시오. 온라인으로 지원을 제공해 드리겠습니다.",,"['클립', '사무실', '선인장', '바인더', '가정', '골드', '귀엽다', '박스', '학교', '종이']"
사무용품,"클립, 집게 및 링",클립,,B0C7BJ5V7G,"120팩 미니 바인더 클립, 컬러 바인더 클립, 소형 종이 클립 15mm 1.6cm(5/8인치) 홈 스쿨 사무실 및 비즈니스용 마이크로 사이즈 사무실 클립",OWLKELA,13836,10373,4.7,134.0,"밸류 패키지: 120팩 고품질 미니 컬러 바인더 클립, 1.5cm(0.6인치) 클립이 많아 일상적인 필요에 적합합니다. 우수한 소재: 당사의 작은 클립은 강한 강화 강철로 만들어져 견고하고 녹 방지 기능이 있습니다. 부드러운 파우더 코팅 마감과 니켈 도금 손잡이는 수년간 사용할 수 있도록 부식 방지 기능이 있습니다. 정리에 좋음: 바인더 클립의 스프링 타이트 클립은 느슨한 종이의 큰 스택을 단단히 고정하는 데 도움이 되며, 클립은 열린 식품 가방을 닫는 데에도 적합합니다. 보관이 쉽고 생활에 편리함을 제공합니다. 다양한 용도: 당사의 미니 종이 클램프는 사무실, 가정 및 학교에서 매일 사용하기에 적합합니다. 문서 그룹, 음식 가방, 옷 및 야외 응용 프로그램을 보관할 수 있는 즉각적인 바인딩을 제공하는 데 사용할 수 있습니다. 💪쉬운 사용: 사무실 클립의 스테인리스 스틸 손잡이는 쉽게 열 수 있으며 손잡이는 똑바로 세워 놓거나 평평하게 접거나 제거할 수 있습니다. 당사의 작은 바인더 클립은 재사용이 가능합니다.",,"['클립', '바인더', '사무실', '미니', '종이', '손잡이', '방지', '컬러', '가방', '작다']"
사무용품,"클립, 집게 및 링",클립,,B0C1X1CYT7,"300피스 컬러 종이 클립, 종이 클립 점보, 대형 종이 클립 5.1cm(2인치), 종이 클립, 가정, 학교 및 사무실에서 사용하기에 이상적, 다채로운 색상",Teackbd,13088,13088,4.8,31.0,"패키지 포함: 300피스 다채로운 종이 클립. 점보 종이 클립 사이즈: 2.0 x 0.5 인치(길이 x 너비) 코팅 종이 클립은 6가지 다른 클로러와 함께 제공되며, 다양한 색상이 플라스틱 용기에 분리되어 쉽게 사용할 수 있습니다. 삶과 사무실 작업을 더 즐겁고 다채롭게 만듭니다. 넓은 용도 대형 종이 클립 - 브로셔, 명함, 플래너 클립, 다이어리, 광택 사진 페이지 등을 부착하는 데 사용할 수 있습니다. 종이 클립에 대해 궁금한 점이 있으시면 저희에게 연락하시면 24시간 이내에 문제를 해결해 드리겠습니다.",,"['클립', '종이', '피스', '점보', '사무실', '대형']"
사무용품,"클립, 집게 및 링",클립,,B0C59F81TP,500피스 블랙 바인더 클립 2.5cm(1인치) 미디엄 종이 클램프 금속 블랙 종이 클립 교사 학생 소녀 소년 교실 비즈니스 사무실 및 학교 사무용품,Jetec,38766,38766,4.4,11.0,"충분한 수량: 총 500개의 작은 바인더를 받게 됩니다. 충분한 양의 종이 클립은 일상적인 사용 요구 사항을 충족할 수 있으며 다양한 경우에 사용할 수 있습니다 고품질 금속: 이 종이 클램프는 고품질 금속 소재로 만들어졌으며 재사용이 가능합니다. 블랙 바인더 클립은 녹슬지 않으며 매우 견고하여 안심하고 사용할 수 있습니다 상세 사이즈: 각 미니 종이 바인더 클립은 약 2.5 x 1.5cm(1 x 0.6인치)입니다. 작은 크기의 작은 바인더 클립은 종이, 작은 물건 등을 자르기에 적합합니다 반복 가능하고 쉬운 작동: 이 미니 종이 바인더 클립은 느슨한 종이를 함께 고정하는 데 도움이 되며 재사용이 가능합니다. 너무 많은 노력 없이 종이를 클립하려면 가벼운 핀치만 있으면 됩니다 다양한 용도: 사무실, 학교, 교실 등에서 이 미니 블랙 클립을 사용할 수 있습니다. 친구, 가족, 반 친구, 동료 등과 공유하거나 선물할 수도 있습니다",,"['종이', '클립', '바인더', '블랙', '작다', '금속', '미니', '가능하다', '충분하다', '친구']"
사무용품,"클립, 집게 및 링",클립,,B0D3V8CMN9,12피스 5.1cm(2인치) 녹색 교실 관리 대형 바인더 클립 대형 바인더 클립 큰 종이 클램프 거대한 교사 바인더 클립 사무실 학교 가정 용품용,Weekgrat,22146,22146,,,"패키지 구성: 이 바인더 클립은 교사를 위해 특별히 설계되었습니다. ""GRADE, MAKE COPIES, FILE, SEND HOME, TO BE GRADED, MONDAY, TUESDAY, WEDNESDAY, SATURDAY, SUNDAY""와 같은 다양한 내용이 표시된 12개의 바인더 클립을 받게 됩니다. 교실에서 효율적인 관리를 촉진하고 일상적인 교육 과제를 쉽게 정리할 수 있습니다 특별한 디자인: 바인더 클립은 매혹적인 유칼립투스 이미지가 눈에 띄게 특징이며, 교육 도구에 아름다운 미학을 더합니다. 이 독특한 디자인은 조화로운 색상 구성과 결합되어 학생들에게 매력적이고 시각적으로 즐거운 경험을 제공하여 공부를 더욱 즐겁게 만듭니다 견고한 소재: 고품질 금속으로 제작된 이 선생님 바인더 클립은 녹 방지, 견고함, 재사용이 가능하므로 오래 지속되는 서비스를 보장합니다. 이러한 요소는 바인더 클립이 오랫동안 유지되도록 하여 교실에서의 일상적인 요구 사항을 효과적으로 충족시킵니다 대형 사이즈: 이 바인더 클립은 5.1cm(2인치) 크기로 제공되어 큰 낱장 시트를 단단히 고정하는 데 이상적입니다. 큰 사이즈로 효율적인 정리를 제공하고 교재를 효과적으로 관리하여 서류를 정리할 공간이 없습니다 다용도: 교실에만 국한되지 않는 이 견고하고 사용자 친화적인 바인더 클립은 학생의 사무실 작업, 학교 프로젝트 및 기타 전문적인 시나리오에서 사용할 수 있습니다. 생생한 색상과 인쇄된 알림은 파일과 필수 문서를 깔끔하게 묶습니다. 또한 식품 클램프, 의류 포장 및 가구 및 실외 응용 분야로도 사용할 수 있어 일상 생활에서 필수적인 도구입니다","특징: 교실 관리를 위해 특별히 설계된 12개의 바인더 클립 세트를 자랑하는 선생님 바인더 클립 세트로 정리와 편리함의 영역으로 빠져보세요. 각 클립에는 'GRADE', 'MAKE COPIES', 'FILE', 'SEND HOME', 'TO BE GRADED', 'MONDAY'부터 'SUNDAY'까지의 요일과 같은 뚜렷한 태그가 새겨져 있어 조직 요구 사항에 맞는 우아한 솔루션을 제공합니다. 이 바인더 클립은 금속으로 만들어져 내구성, 경도 및 재사용이 가능합니다. 오래 지속되는 품질을 갖춘 이 바인더 클립은 일상적인 교실 요구 사항을 충족하도록 설계되었으며 장기간 사용하기에 충분합니다. 사양: 소재: 금속. 사이즈: 약 5cm 패키지 구성: 대형 바인더 클립 12개. 참고: 수동 측정, 사이즈에 약간의 오차가 있을 수 있습니다. 화면 디스플레이의 차이로 인해 색상이 약간 다를 수 있습니다.","['클립', '바인더', '교실', '정리', '대형', '구성', '일상', '관리', '견고하다', '요구']"
사무용품,"클립, 집게 및 링",클립,,B0CP22CNY9,"종이 클립 500개 다양한 사이즈, 스몰, 미디엄 및 라지(2.8cm(1.1인치), 3.3cm(1.3인치) 및 5.1cm(2인치)) 종이 클립, 사무실, 학교, 가정 용품용 비닐 코팅 종이 클립 (화이트)",FUDAO FAMILY,8850,8850,4.9,12.0,"다양한 사이즈: 이 백지 클립 500개 세트는 2.8cm(1.1인치) 소형 종이 클립 200개, 3.3cm(1.3인치) 중형 종이 클립 200개, 5.1cm(2인치) 대형 종이 클립 100개를 포함한 다양한 크기를 제공합니다. 다양한 크기의 종이 클립은 다양한 문서 정리 요구 사항을 충족하여 파일을 순서대로 보관할 수 있습니다. 보호를 위한 비닐 코팅: 각 종이 클립은 비닐로 코팅되어 중요한 문서를 긁거나 손상시키는 것을 방지하는 보호층을 제공합니다. 비닐 코팅은 편안한 그립감을 제공하며 오래 지속되는 내구성을 보장합니다. 다양한 용도: 이 종이 클립은 문서를 정리하기에 완벽할 뿐만 아니라 공예, 학교 과제 또는 DIY 프로젝트에도 적합합니다. 흰색 외관은 물건을 제자리에 안전하게 고정하면서 전문적인 느낌을 더합니다. 프리미엄 품질 소재: 당사의 종이 클립은 고품질 소재로 만들어져 견고함과 내구성을 보장합니다. 견고한 구조로 구부러지거나 부서지지 않고 반복적으로 사용할 수 있어 신뢰할 수 있는 종이 클립을 제공합니다. 효율적인 정리: 이 종이 클립 세트를 사용하면 문서, 종이, 청구서 및 메모를 쉽게 분류하고 고정할 수 있어 작업 공간을 깔끔하게 정리할 수 있습니다.","이 프리미엄 흰색 종이 클립 모음은 다재다능하고 실용적인 사무용 문구 제품입니다. 소형, 중형, 대형 등 다양한 크기 옵션을 제공하여 문서를 정리하고 고정하기 위한 다양한 요구 사항을 충족합니다. 고품질 소재로 제작된 이 종이 클립은 견고하고 내구성이 뛰어나며 구부러지거나 미끄러지지 않습니다. 강력한 고정력을 제공하여 파일을 깔끔하게 정리할 수 있습니다. 비닐 코팅은 보호층을 추가하여 중요한 문서의 긁힘이나 손상을 방지하면서 편안한 그립감을 제공합니다. 문서 정리, 공예, 학교 과제 또는 DIY 프로젝트에 적합합니다. 전문적인 흰색 외관으로 다양한 물건을 안전하게 보관할 수 있습니다. 파일, 종이, 청구서 및 메모를 쉽게 정리할 수 있으며 깔끔하고 정돈된 작업 공간을 유지하여 생산성을 향상시킵니다. 고품질 사무용 문구 제품과 탁월한 고객 서비스를 제공하는 신뢰할 수 있는 브랜드입니다.","['종이', '클립', '정리', '문서', '코팅', '비닐', '견고하다', '보호', '파일', '학교']"
사무용품,"클립, 집게 및 링",클립,,B0BFGHXZS6,"바인더 클립 32개, 미디엄 블랙, 3.2cm(1.25인치) 종이 클램프, 금속 종이 바인더 클립, 제품, 가정, 사무용품, 학교 및 주방용 바인더 사무실 클립",JEFURE,5886,5886,4.7,146.0,"패키지 포함: 32개의 고품질 3.2cm(1.25인치) 블랙 바인더 클립, 매일 사용하기에 적합합니다. 훌륭한 소재: 당사의 바인더 클립은 강화 강철로 만들어졌으며 매끄러운 파우더 코팅 마감 및 니켈 도금 손잡이는 내구성이 뛰어나고 녹 방지 기능이 있으며 블랙 삼각형 모양으로 실버 암이 있어 똑바로 세우거나 평평하게 접거나 제거할 수 있어 수년 동안 재사용할 수 있습니다 장점: 스프링 타이트 클립은 미끄러지거나 떨어질 위험 없이 많은 양의 느슨한 종이를 안전하게 고정시키는 데 도움이 됩니다. 스테이플의 흔적을 남기지 않고 종이를 함께 고정합니다 다양한 용도: 사무실, 가정, 학교 및 공예품을 위한 벌크 종이 클램프를 구입하십시오. 문서 그룹에 즉시 바인딩을 제공하고, 오픈 냉동 채소 및 칩 봉지를 닫는 데 이상적입니다 친절한 만족 서비스: 저희 바인더 클립에 만족하지 못하셨다면 이메일을 보내주시면 24시간 무료입니다.",,"['클립', '바인더', '종이', '블랙', '가정', '사무실', '클램프', '고정', '학교']"
사무용품,"클립, 집게 및 링",클립,,B0D1R54Q4M,"귀여운 종이 클립 120개, 골드 키 모양 와이어 종이 클립 60개, 집 모양 종이 클립 미니 클립 사무실 학교 용품 결혼식 책갈피 초대장 스크랩북 플래너용",DAJISI,17991,17991,,,"프리미엄 소재: 이 키 모양의 와이어 종이 클립은 주로 신뢰할 수 있는 금속 소재로 만들어졌으며 가볍고 안전하며 튼튼합니다. 부식 방지를 위해 비닐 코팅이 된 프리미엄 품질의 금속 종이 클립, 매끄러운 표면은 종이에 걸리거나 자국을 방지합니다. 섬세한 디자인: 저희 종이 클립은 집과 열쇠 모양으로 디자인되었으며, 클래식한 디자인은 단순해 보이지만 종이 클립을 독특하게 만들고 사용 시 재미를 더합니다. 간편한 사용: 이 귀여운 종이 클립은 작고 가벼워 사용하기 쉽고 종이, 노트북 등을 보관하는 데 사용할 수 있으며 사용하지 않을 때 쉽게 제거할 수 있으며 세련된 디자인도 외관에 영향을 주지 않습니다. 다양한 용도: 이 금속 귀여운 종이 클립은 청첩장 클립, 책갈피, 사진 앨범 클립, 명함 홀더 및 봉투 클립에 사용할 수 있습니다. 사무실, 학교 또는 가정에서 사용하기에 좋습니다. 포장 목록: 집 모양의 종이 클립 60개, 열쇠 모양 와이어 종이 클립 60개, 총 120개가 제공됩니다. 충분한 수량은 사용 요구 사항을 충족하며 가족과 공유할 수 있습니다","특징: 이 다채로운 금속 종이 클립은 귀여운 외관을 가지고 있으며, 고객은 이 집과 열쇠 모양에도 관심을 가질 것입니다. 당사의 집 모양의 종이 클립은 고객의 종이 작업에 재미있는 추가 아이템입니다. 직업에 대한 열정이 눈에 띄고 주택 구매 과정을 친구 및 가족과 공유하고 싶은 즐거운 경험으로 만드는 데 도움이 될 것입니다! 사양: 제품 이름: 미니 종이 클립 소재: 스테인리스 스틸. 색상: 골드 패키지 구성: 귀여운 종이 클립 120개.","['클립', '종이', '귀엽다', '집', '디자인', '금속', '와이어', '열쇠']"
사무용품,"클립, 집게 및 링",클립,,B0785J55FR,"로즈 골드 와이어 바인더 클립 및 귀여운 종이 클립 세트 다양한 사이즈, 2 라지 6 미디엄 10 스몰 스무스 스테인리스 할로우 오피스 클램프 클립",VENCINK,15082,15082,4.7,531.0,"제품 구성 - 대형 와이어 바인더 클립 2개, 중간 와이어 바인더 클립 6개, 소형 와이어 바인더 클립 10개, 보관 상자에 담긴 워터 드롭 페이퍼 클립 20개. 프리미엄 스테인리스 스틸 바인더/종이 클립 다양한 사이즈: 대형 로즈 골드 바인더 클립 - (2.165 인치 / 50 mm); 미디엄 로즈 골드 바인더 클립 - (1.299 인치 / 33 mm); 스몰 로즈 골드 바인더 클립 - (0.748 인치 / 19 mm); 귀여운 물방울 모양의 종이 클립 20개 - (1인치/25mm) 내구성이 뛰어난 금속 맞춤형 바인더/종이 클립: 사무실 바인더 클립과 종이 클립 세트는 신축성이 좋은 고품질의 부드러운 스테인리스 스틸 와이어 소재로 제작되었습니다. VENCINK 와이어 바인더 종이 클립 세트는 소녀, 어린이, 고등학교 학생, 사무실 근로자, 기록 보관소, 디자이너, 비서, 변호사, 책상용 사무원 등에 적합합니다 종이, 문서, 사진, 노트북 등을 정리하는 데 사용하기 쉽습니다. 사무실, 학교 또는 일상 생활에서 더 많은 재미를 선사합니다.",,"['클립', '바인더', '종이', '와이어', '골드', '사무실', '스테인리스']"
사무용품,"클립, 집게 및 링",클립,,B0B9M3S3SC,"귀여운 종이 클립 150개, 다양한 색상의 책갈피 클립, 학생, 어린이, 교사를 위한 재미있는 사무용품 선물 (랜덤 모양)",YETOOME,9681,9681,3.9,63.0,"독특한 모음: 곰, 달, 나무, 토끼, 물방울 등을 포함한 150개의 무작위 모양의 귀여운 종이 클립. 종이, 달력, 노트북 또는 스크랩북을 정리하고 장식하는 데 도움이 됩니다. 종이 클립 모양은 무작위이며 모든 스타일에서 사용할 수 없을 수도 있습니다! 구입하신 모든 제품은 독특합니다. 저희는 여러분에게 약간의 놀라움을 선사할 수 있기를 기대합니다. 녹 방지 및 내구성: 코팅 종이 클립은 PET 코팅이 된 높은 스테인리스 스틸로 만들어져 내구성이 뛰어나고 표면을 매끄럽고 녹슬지 않으며 깨지거나 종이에 걸리거나 자국을 남기지 않습니다. 최대 20장 보관: 넓은 플랫폼의 플라스틱 종이 클립은 신뢰할 수 있는 고품질 성능을 제공합니다. 최대 20장을 담을 수 있는 대용량의 귀여운 종이 클립입니다. 간편한 정리: 혼합 모양의 종이 클립은 책상과 서랍을 깔끔하게 유지할 수 있는 쉬운 방법을 제공하며 일상적인 사용의 무거운 하중 요구 사항을 충족합니다. 모든 재미있는 종이 클립은 쉽게 꺼낼 수 있도록 걸이용 구멍이 있는 가방에 담겨 제공됩니다. 사무실, 가정 및 일상용으로 적합합니다. 다양한 용도: 이 장식용 종이 클립은 사무실, 학교, 책갈피, 노트북, 달력 마커, 스크랩북, 스티커 메모 등에 적합합니다. 이 귀여운 종이 클립은 일상 사무실이나 학교 생활을 밝게 해줍니다. 일하거나 공부하는 동안 재미와 즐거움을 제공합니다.",,"['종이', '클립', '귀엽다', '사무실', '일상', '무작위', '독특하다', '스크랩', '달력', '노트북']"
사무용품,"클립, 집게 및 링",클립,,B0BN2CBPMW,"바인더 클립 - 소형 바인더 클립 144개, 바인더 클립, 소형 바인더 클립, 바인더 클립, 클립 사무용품",EXTRIC,12451,12451,4.8,965.0,"바인더 클립 팔을 꼬집어 쉽게 제거할 수 있으며 자국이 남지 않습니다 강화 강철로 제작되었으며 녹 방지 기능이 있어 매우 강한 그립감을 제공합니다. 부드러운 블랙 코팅 마감과 니켈 도금 손잡이 내구성 및 재사용 가능 - 가정, 사무실, 학교, 공예품, 문서 제본, 열린 칩 패키지 닫기 등에 이상적입니다",,"['클립', '바인더', '소형']"
사무용품,"클립, 집게 및 링",클립,,B0CP24YBC5,"500피스 종이 클립 다양한 사이즈, 스몰, 미디엄 및 라지(2.8cm(1.1인치), 3.3cm(1.3인치) 및 5.1cm(2인치)) 종이 클립, 사무실, 학교, 가정 용품용 비닐 코팅 종이 클립(블랙)",FUDAO FAMILY,8850,8850,5.0,3.0,"다용도 다양한 사이즈 - 이 블랙 종이 클립 500개 세트에는 2.8cm(1.1인치) 소형 종이 클립 200개, 3.3cm(1.3인치) 중형 종이 클립 200개, 5.1cm(2인치) 대형 종이 클립 100개가 포함되어 있습니다. 다양한 크기와 두께의 문서를 정리하는 데 적합합니다. 보호를 위한 비닐 코팅 - 각 종이 클립은 비닐로 코팅되어 중요한 문서를 긁거나 손상시키는 것을 방지하는 보호층을 제공합니다. 코팅은 또한 내구성과 편안한 그립감을 더해 다루기 쉽습니다. 강력하고 신뢰할 수 있는 고정력 - 이 종이 클립은 문서를 제자리에 안전하게 보관할 수 있는 강력한 고정력을 제공합니다. 몇 장이든 두꺼운 종이 더미든, 이 클립은 미끄러지거나 떨어지지 않고 함께 고정됩니다. 다용도 - 문서를 정리하는 것 외에도 이 검은색 종이 클립은 공예, 삽화 또는 DIY 프로젝트에 이상적입니다. 세련된 블랙 디자인은 종이, 메모 또는 기타 물건을 안전하게 보관하면서 전문성을 더합니다. 오래 사용할 수 있는 대량 - 총 500개가 있는 이 검은색 종이 클립 세트는 사무실이나 개인적인 필요에 충분한 공급을 제공합니다. 학생, 전문가 또는 DIY 애호가이든, 이 종이 클립은 오래 사용할 수 있습니다.","다양한 크기의 블랙 종이 클립 500개, 비닐 코팅 종이 클립. 이 다용도 세트에는 2.8cm(1.1인치) 소형 종이 클립 200개, 3.3cm(1.3인치) 중형 종이 클립 200개, 5.1cm(2인치) 대형 종이 클립 100개가 포함되어 있습니다. 각 클립은 추가적인 보호를 위해 비닐 코팅되어 긁힘을 방지하고 내구성을 보장합니다. 강력한 고정력으로 문서를 안전하게 정리할 수 있습니다. 세련된 블랙 디자인은 전문적인 터치를 더하여 사무, 공예 및 DIY 프로젝트와 같은 다양한 응용 분야에 적합합니다. 오래 사용할 수 있는 대용량 팩을 구입하고 스타일리시하게 정리하세요.","['클립', '종이', '코팅', '블랙', '비닐', '문서', '정리']"
사무용품,"클립, 집게 및 링",클립,,B0CS6BXMJ4,"SHIDOW Carl 슬라이드 클립, 종이 클립, 가방 클립, 다채로운 플라스틱 미디엄 바인더 클립 사무실용 (30개)",SHIDOW,11066,11066,,,"현대적이고 컴팩트한 반투명 클립. 다양한 색상 - 포함 (블루 5개, 그린 5개, 핑크 5개, 퍼플 5개, 옐로우 5개, 투명 5개). 슬림한 디자인으로 파일링 시스템에서 공간을 덜 차지합니다. 작고 편리하며 사용하기 쉬운 칼 클립. 패키지에는 칼 슬라이드 30개가 포함되어 있습니다.","다양한 색상 - 포함 - 블루 5개, 그린 5개, 핑크 5개, 퍼플 5개, 옐로우 5개, 투명 5개. - 현대적이고 컴팩트한 반투명 클립. - 슬림한 디자인으로 파일링 시스템에서 공간을 덜 차지합니다./패키지에는 칼 슬라이드 30개가 포함되어 있습니다. - 작고 편리하며 사용하기 쉬운 칼 클립.","['클립', '칼', '슬라이드', '현대', '옐로우', '반투명', '블루', '디자인', '쉽다', '슬림']"
사무용품,"클립, 집게 및 링",클립,,B0C27W2PH1,"대형 종이 클립 280개, 5.1cm(2인치) 점보 종이 클립, 실버 클립, 스테인리스 스틸 종이 클립, 대형 종이 클립 사무실 교사 용품 학교 용품 교사 용품",Joyberg,7049,7049,4.8,367.0,"고품질: 우수한 금속으로 제작된 이 대형 종이 클립은 매끄러운 표면과 인상적인 내구성을 자랑하며 녹을 방지하고 종이를 긁지 않고 안전한 미끄럼 방지 그립을 보장합니다. 5.1cm(2인치) 실버 종이 클립 280개가 포함되어 있어 모든 요구 사항을 충족할 수 있습니다. 5.1cm(2인치) 종이 클립: 50mm(2인치) x 11mm(0.43인치) 크기의 대형 종이 클립은 설치와 제거가 용이하여 미끄러지지 않고 종이를 단단히 고정할 수 있습니다. 편리한 보관: 이 종이 클립은 투명하고 재사용 가능한 플라스틱 용기에 담겨 있어 보관이 쉽고 책상을 깔끔하게 유지하여 잘 정리된 작업 환경을 조성합니다. 다기능 종이 클립: 다양한 디자인의 이 교사 용품 종이 클립은 공식 문서 정리 및 학교 서류 정리뿐만 아니라 DIY 프로젝트, 책갈피, 앨범 폴더, 명함 홀더 및 봉투 걸쇠에도 사용할 수 있습니다. 가정과 직장 모두에서 수많은 용도로 사용할 수 있는 이 종이 클립은 재사용이 가능하며 앞으로 몇 년 동안 사용할 수 있도록 설계되었습니다. 포함 사항: 280개의 금속 교사 용품 실버 종이 클립을 받게 되며, 7x24 친절한 고객 서비스 팀이 지원하여 마음의 평화를 보장합니다.",,"['종이', '클립', '교사', '대형', '실버', '정리']"
사무용품,"클립, 집게 및 링",클립,,B0D14T21Q5,200팩 레드 종이 클립 컬러 종이 클립 서류 작업용 28mm/1.1인치 비닐 코팅 종이 클립 장식 종이 클립 사무실 학교 가정용,Hariendny,7465,7465,5.0,2.0,"【밸류 패키지】패키지에는 200개의 빨간색 종이 클립이 포함되어 있습니다. 길이: 1.1인치/28mm, 너비: 0.33인치/8.5mm로 일상적인 요구 사항을 충족할 수 있습니다 【고품질 소재】작은 금속 종이 클립은 고품질 금속으로 만들어져 견고하고 내구성이 뛰어나며 쉽게 바래지 않습니다 【종이 보호】빨간색 종이 클립의 매끄러운 표면과 가장자리는 문서가 찢어지거나 자국을 남기지 않으므로 안심하고 사용할 수 있습니다 【간편한 휴대】장식용 종이 클립은 작고 휴대가 간편하며 책상을 깨끗하게 유지하는 데 도움이 되며 백팩에 휴대할 수도 있습니다. 【다양한 용도】작은 종이 클립은 종이, 문서, 봉투, 사진 앨범, 책갈피, 명함, 공예품, 미술 용품 등을 자르기에 이상적입니다.",설명: 소재: 스테인리스 스틸 색상: 레드 제품 구성: 종이 클립 200개,"['종이', '클립', '휴대', '구성', '빨간색', '문서', '레드', '금속', '작다', '간편하다']"
사무용품,"클립, 집게 및 링",클립,,B0CRVJPW7J,"러브 하트 모양 종이 클립 200개, 2cm(0.8인치) 귀여운 미니 종이 클립 스테인리스 스틸 금속 소형 종이 클립 사무실 학교 가정 책상 오거나이저용 (로즈 골드)",Jeffdad,10512,10512,4.3,3.0,"【생생한 디자인】골드 하트 모양의 종이 클립으로 작업 공간에 스타일과 정리를 더하세요. 우아한 골드 종이 클립은 세련미를 발산하여 일상 작업에 장난기 넘치는 요소를 더합니다. 【내구성 및 신뢰성】Love 미니 종이 클립은 고품질 스테인리스 스틸 소재로 만들어져 내구성이 뛰어나고 쉽게 바래지 않으며 일상적인 사용을 견딜 수 있으며 종이를 안전하게 고정합니다. 【귀엽고 매력적인 사이즈】미니 하트 종이 클립은 약 2 x 1cm / 0.78 x 0.35인치 크기입니다. 매우 귀엽습니다. 하트 모양의 종이 클립은 프로젝트에 기발한 느낌을 더하는 데 적합하며 골드 종이 클립은 우아함과 세련미를 발산합니다. 【다용도 사용】집, 사무실 또는 학교에서 문서를 정리해야 할 때 이 종이 클립은 다양한 용도로 사용할 수 있습니다. 초대장 클립, 책갈피, 사진 앨범 클립, 명함 홀더 및 봉투 클립에 적합합니다. 사무실, 학교 또는 가정용으로 적합합니다. 꼭 필요한 문구 아이템입니다. 【포장 목록】하트 모양의 종이 클립 200개가 제공됩니다. 포함된 종이 클립 보관 상자를 사용하여 종이 클립을 정리하고 쉽게 꺼낼 수 있습니다. 휴대와 보관이 쉬우며, 200피스 수량으로 매일 사용하기에 충분합니다.","고객님, 저희 스토어에 오신 것을 환영합니다.//제품 이름: 종이 클립/소재: 스틸 와이어 + 전기 도금/색상: 골드/제품 크기(cm): 2*1CM/도착 포장: pp 상자/포장 목록: 200 골드 미니 러브 페이퍼 클립/박스//고품질 소재로 제작된 이 종이 클립은 종이를 안전하게 고정하면서 매력을 더하도록 설계되었습니다. 하트 모양의 종이 클립은 프로젝트에 재미있는 요소를 추가하기에 적합하며 우아한 골드 종이 클립은 세련미를 발산합니다.//지금 주문하고 작업 공간에 창의력을 더하세요!","['클립', '종이', '골드', '하트', '더하다', '미니']"
사무용품,"클립, 집게 및 링",클립,,B08HQBBB57,"KIDMEN 로즈골드 키트, 바인더 클립 세트, 종이 클립, 푸시 핀, 총 226개",KIDMEN,11066,11066,4.8,544.0,"패키지 포함: 소형 바인더 클립 8개(2.5cm/1인치), 엑스트라 스몰 바인더 클립 18개(1.9cm/0.75인치), 종이 클립 100개(2.8x0.8cm(1.1x0.3인치)), 푸시 핀 100개(2cm/0.7인치), 모든 로즈골드 이 세트는 종이, 메모, 영수증, 책갈피, 파일, 티켓, 기타 작은 물건 등을 보관하기 위한 것입니다. 푸시 핀은 게시판, 코르크 보드, 폼 보드, 지도 등에 중요한 메시지를 고정하는 데 사용됩니다 박스 포함 세트는 어수선한 책상에서 벗어나 내구성이 뛰어나고 녹 방지 및 재사용이 가능하여 사무실을 아름답고 깨끗하게 만듭니다 우아한 로즈 골드 디자인, 친구나 동료를 위한 패션 선물로 좋습니다 저희 거래에 만족하지 않으시면 먼저 저희에게 연락하십시오! 가능한 한 빨리 응답할 것입니다!",,"['클립', '개인', '핀', '골드', '바인더', '종이', '보드', '가능하다']"
사무용품,"클립, 집게 및 링",클립,,B0CPWQXL34,"멀티컬러 귀여운 종이 클립, 부드러운 스테인리스 스틸 튤립 꽃 종이 클립, 라지 여아 및 여성용 사무용품/DIY/결혼식/축하/파티용 (박스 포함 20개)",KetterlePPE,9681,9681,4.4,9.0,"사이즈: 36mm x 26mm, 와이어 1mm) 20개 / 박스",,"['종이', '박스', '클립', '튤립', '부드럽다', '결혼식', '귀엽다', '꽃', '라지', '멀티']"
사무용품,"클립, 집게 및 링",클립,,B0B9HH63D6,"바인더 클립 종이 클램프, 다양한 사이즈 (미니, 스몰, 미디엄, 라지), 사무실 학교 용품용 클립 100개 (핑크)",YOPINK,16606,16606,4.8,612.0,"특징: 바인더 클립은 금속으로 만들어져 내구성이 뛰어나고 재사용이 가능합니다. 미끄러지거나 떨어질 위험 없이 지나치게 열리지 않는 매우 강한 고정력을 가지고 있습니다. 제거 시 클립이 다시 들어갑니다. 전통적인 블랙 바인더 클립과 비교했을 때, 밝은 핑크 색상은 특별하고 재미있게 느낄 수 있습니다. 다양한 사이즈: 4가지 크기의 바인더 클립, 1.5cm(0.6인치) (40팩), 1.9cm(0.75인치) (45팩), 2.5cm(1인치) (10팩), 3.2cm(1.25인치) (5팩), 투명 상자에 100개, 보관 및 가져오기에 편리합니다. 간편한 사용: 클립은 종이에서 쉽게 열고 제거할 수 있어 서류, 사진 및 문서 등을 쉽게 정리할 수 있습니다. 용도: 다양한 크기의 바인더 클립을 사용하여 다양한 두께의 파일 용지를 분류하여 정리하고 안전하게 보관할 수 있을 뿐만 아니라 사진/사진/엽서/카드를 벽에 걸 수 있습니다. 사무실 학교 및 공예에 적합합니다. 종이 데이터 수집가라면 이 바인더 클립이 가장 좋아하는 것이 될 것이라고 믿습니다. 약속: 제품을 받으신 후 제품에 문제가 있는 경우 아마존 계정에서 ""연락처"" 버튼을 클릭하여 이메일을 보내주십시오.","YOPINK 바인더 클립은 강화 강철로 만들어졌으며 내구성이 뛰어나고 재사용이 가능하며 스틸 암으로 조립되어 문서를 매우 강하게 잡을 수 있습니다. 가정, 학교 및 사무용품에 이상적입니다. 필요한 제품이 될 것이라고 믿습니다. 제품 정보: 1. 다양한 사이즈: 대형 바인더 클립: 3.2cm 너비, 1.9cm 용량, 5팩 중간 바인더 클립: 너비 2.5cm, 용량 1.3cm, 10팩 작은 바인더 클립: 1.9cm 너비, 0.3cm 용량, 45팩 미니 바인더 클립: 1.9cm 너비, 0.5cm 용량, 40팩 2. 모든 종이 클립은 투명한 상자에 담겨 있어 보관 및 가져오기 편리합니다. 3. 색상: 핑크 4. 패키지 사이즈: 10.2 x 10.2 x 8.6 cm; 무게: 303.3 g. 제품 특징: 1. 종이에 녹슬지 않습니다. 2. 강화 스틸 구조로 매우 강한 고정력을 제공합니다. 3. 파일을 함께 묶어 용지가 미끄러지거나 당겨지는 것을 방지합니다. 4. 바인더 클립과 패키지는 모두 재사용이 가능합니다. 용도: 목적: 모두. 장소: 호텔, 사무실, 학교, 가정 및 공예.","['클립', '바인더', '종이', '학교', '사진', '재사용', '사무실', '강하다', '가능하다', '핑크']"
사무용품,"클립, 집게 및 링",클립,,B0D79BHYJ1,"4피스 골든 할로우 아웃 롱 테일 와이어 바인더 클립 종이 바인더 클립 대형 51mm 바인더 및 종이 클립, 작고 가벼운 무게, 클램프 및 링, 사무용품, 바인더 및 종이 클립",Junfamilee,7742,7742,,,1,1,"['클립', '바인더', '종이', '할로우', '피스', '테일', '클램프', '작고', '와이어', '사무']"
사무용품,"클립, 집게 및 링",클립,,B0D22V4HZD,"종이 클립 미디엄 3.3cm(1.3인치), 사무실용 컬러 종이 클립 480개",,6911,6911,4.9,22.0,"제품 구성: 3.3cm(1.3인치) 크기의 종이 클립 480개가 있으며 6가지 색상으로 제공됩니다. 다용도: 귀여운 종이 클립은 DIY 프로젝트, 책갈피, 봉투, 사진 앨범, 지폐 및 식품 봉지 밀봉에 적합합니다. 색상 코딩 용지: 다채로운 파프 rclips는 종이 더미에서 특정 용지 더미를 식별하는 데 좋습니다. 아무 말도 남기지 않고 쉽게 착용하고 벗을 수 있습니다. 예약을 위한 평평한 용기가 함께 제공됩니다. 다양한 용도: 종이 클립은 사무실 및 학교 서류 작업에 널리 사용됩니다. 또한, DIY, 지폐와 같은 일상 생활에서도 사용됩니다.",,"['종이', '클립', '지폐', '더미', '용지']"
사무용품,"클립, 집게 및 링",클립,,B07RH9G2K6,"멀티컬러 귀여운 종이 클립, 다양한 사이즈, 부드러운 스테인리스 스틸 드롭 모양 종이 클립, 대형 및 소형 사무용품 결혼식 여성 소녀 어린이 학생용, 300팩",KOOTIKO,15221,15221,4.8,883.0,"재사용 가능한 상자에 담긴 드롭 모양의 다양한 색상의 귀여운 종이 클립 300개. 종이 클립 다양한 사이즈: 대형 종이 클립 60개(3.3x2cm(1.3x0.8인치)) 및 240개 소형 종이 클립(2.5x1.5cm). 밝은 멀티 컬러, 골드/로즈 골드/블랙/퍼플/실버/그린 종이 클립이 있는 귀여운 종이 클립 세트. 장식용 종이 클립은 이 다양한 색상을 사용하여 학교, 사무실 및 가정에서 문서, 노트북, 사진, 종이 또는 장식 청첩장 및 기타 장식 물건을 정리할 수 있습니다. 책갈피, 사진 및 레터 홀더, 종이 공예, 종이 문서 정리 및 청첩장 장식과 같은 일상 생활에서 다용도로 사용할 수 있는 멀티컬러 미끄럼 방지 종이 클립. 소녀, 어린이, 여성, 고등학생, 사무실 근로자, 기록 보관소, 디자이너, 비서, 변호사, 사무원, 플래너에게 적합합니다.","Kootiko 다양한 색상의 드롭 모양 종이 클립, 다양한 사이즈, 크고 작은 종이 클립은 일상 생활에서 다양한 요구를 충족시킬 수 있습니다. 소녀, 어린이, 여성, 고등학생, 사무실 근로자, 기록 보관소, 디자이너, 비서, 변호사, 사무원, 플래너 등에 적합한 부드러운 종이 클립! 사양: 색상: 로즈 골드/골드/블랙/실버/퍼플/그린 소재: 스테인리스 스틸 (금속 종이 클립) 스타일: 눈물 방울 모양 종이 클립 대형 종이 클립 크기: 1.3*0.8인치 (33*20mm) 작은 종이 클립 사이즈: 1*0.6인치 (25*15mm) 패키지 포함: 30 x 대형 골드 종이 클립 30 x 대형 로즈 골드 종이 클립 40 x 작은 금 금 종이 클립 작은 로즈 골드 종이 클립 40개, 소형 블랙 종이 클립 40개, 작은 은색 종이 클립 40개, 작은 보라색 종이 클립 40개, 작은 녹색 종이 클립 40개","['종이', '클립', '작다', '골드', '대형']"
사무용품,"클립, 집게 및 링",클립,,B0CG4JCLJR,"점보 종이 클립 300개, 퍼플 및 화이트 대형 종이 클립, 50mm(2인치) 종이 클립, 사무실 학교 문서 정리용",FUDAO FAMILY,11066,11066,4.8,8.0,"생생한 색상 다양성: 이 세트에는 보라색 150개와 흰색 5cm 종이 클립 150개가 포함되어 있어 문서를 돋보이게 할 수 있는 다채로운 배열을 제공합니다. 강력하고 신뢰할 수 있음: 고품질 금속 및 비닐 코팅으로 제작된 이 대형 종이 클립은 문서를 안전하게 고정하도록 설계되어 중요한 종이를 정리할 수 있습니다. 넉넉한 수량: 6칸 컨테이너에 300개의 조각이 깔끔하게 정리되어 있어 다양한 작업을 처리할 수 있는 종이 클립을 충분히 공급할 수 있습니다. 효율적인 보관: 용기는 점보 종이 클립을 잘 정리하여 필요할 때 필요한 색상을 쉽게 찾을 수 있습니다. 다용도 용도: 사무실 및 창의적인 사용 모두에 적합한 이 다채로운 종이 클립은 문서 정리, 공예 또는 프로젝트에 색채를 추가하는 데 적합합니다.","보라색과 흰색 점보 종이 클립 300개 세트는 문서를 정리하고 관리하기 위한 완벽한 선택입니다. 세트에는 150개의 보라색 클립과 150개의 흰색 클립이 포함되어 있습니다. 각 종이 클립은 고품질 금속 소재로 만들어졌으며 매끄러운 표면으로 꼼꼼하게 제작되어 내구성과 오래 사용할 수 있습니다. 많은 수의 종이, 파일 또는 메모를 고정하거나 공예품, 사진 전시 또는 임시 라벨 제작에 사용할 때 이 대형 종이 클립은 탁월한 그립력과 안정적인 지지력을 제공합니다. 물건을 제자리에 단단히 고정하여 미끄러지거나 흩어지는 것을 방지합니다. 보라색과 흰색의 조합은 생생한 느낌을 더하여 문서 정리가 더욱 눈길을 끌고 질서 있게 만듭니다. 또한, 세트에는 종이 클립을 정리하고 쉽게 휴대할 수 있는 편리한 보관 상자가 함께 제공됩니다. 보라색과 흰색 5.1cm(2인치) 점보 종이 클립 300개 세트는 가정, 사무실, 학교 및 직장에 이상적인 선택이며 모든 고정 요구 사항에 맞는 안정적이고 내구성 있는 솔루션을 제공합니다. 이 세트로 문서 정리를 단순화하고 향상시켜 보다 편리하고 효율적이며 즐겁게 만들 수 있습니다!","['클립', '종이', '정리', '문서', '흰색', '보라색', '고정', '점보', '사무실', '제작']"
사무용품,"클립, 집게 및 링",클립,,B07X152KMN,"골드 바인더 클립 종이 클램프, 다양한 사이즈 세트 (스몰, 미디엄, 라지), 사무실 학교 및 가정 용품용, 골드",YOPINK,19362,19362,4.9,299.0,"다양한 사이즈: 3가지 다른 크기의 바인더 클립, 1.9cm(3/4인치) (24팩), 2.5cm(1인치) (12팩), 3.2cm(1-1/4인치) (6팩), 투명 상자에 42개가 포함되어 있어 보관 및 가져오기에 편리합니다. 간편한 사용: 클립은 종이에서 쉽게 열고 제거할 수 있으며, 서류, 사진 및 문서 등을 쉽게 정리할 수 있습니다. 특징: 바인더 클립은 금속으로 만들어져 내구성이 뛰어나고 재사용이 가능합니다. 미끄러지거나 떨어질 위험 없이 열기 어렵지 않습니다. 클립을 제거하면 다시 접힙니다. 전통적인 블랙 바인더 클립과 비교했을 때, 밝은 골드 색상은 특별하고 재미있는 느낌을 선사합니다. 용도: 다양한 크기의 바인더 클립을 사용하여 다양한 두께의 파일 용지를 분류할 수 있을 뿐만 아니라 벽에 사진/그림/엽서/카드를 손으로 쓸 수 있습니다. 사무실 학교 및 공예에 적합합니다. 종이 데이터 수집가라면 이 바인더 클립이 가장 좋아하는 제품이 될 것이라고 믿습니다. 약속 : 제품을 받으시면 제품에 문제가 있을 경우 아마존 계정에서 ""판매 연락처"" 버튼을 클릭하여 이메일을 보내주십시오.",골드 바인더 클립 종이 클램프,"['클립', '바인더', '골드', '종이', '학교', '클램프', '사무실', '제거', '사진']"
사무용품,"클립, 집게 및 링",클립,,B0D3LGS1C6,"종이 클립 240개, 대형 점보 종이 클립 5.1cm(2인치), 사무실용 컬러",,6911,6911,4.8,7.0,"제품 구성: 5.1cm(2인치) 크기의 대형 종이 클립 240개가 있으며 많은 종이를 담을 수 있습니다. 다용도: 종이 클립은 DIY 프로젝트, 책갈피, 봉투, 사진 앨범, 지폐 및 식품 봉지 밀봉에 적합합니다. 색상 코딩 용지: 컬러 종이 클립은 종이 더미에서 특정 용지 더미를 식별하는 데 좋습니다. 아무 말도 남기지 않고 쉽게 착용하고 벗을 수 있습니다. 예약을 위한 평평한 용기가 함께 제공됩니다. 다양한 용도: 대형 종이 클립은 사무실 및 학교 서류 작업에 널리 사용됩니다. 또한, DIY, 지폐와 같은 일상 생활에서도 사용됩니다.",,"['종이', '클립', '대형', '컬러', '더미', '지폐', '용지']"
사무용품,"클립, 집게 및 링",클립,,B096VD5ZDX,"종이 클립 바인더 클립 엄지 압정 세트, 154피스 럭셔리 로즈 골드 사무용품 선물 세트, 점보 종이 클립, 대형 소형 종이 클램프 바인더 클립 투명 푸시 핀 사무실 학교 책상 정리함",Koqye,23268,23268,4.7,11.0,"패키지 구성 - 점보 종이 클립 10개(2 x 5.1cm(0.78 x 2인치)), 대형 5.1cm(2인치) 종이 클립 30개, 소형 2.8cm(1.1인치) 종이 클립 50개, 소형 2.5cm(1인치) 바인더 클립 12개, 미니 0.3cm(0.3인치) 바인더 클립 12개, 투명 푸시 핀 40개, 총 154개. 다양한 크기와 다양한 품목이 다양한 사용 요구 사항을 충족합니다. 다용도 - 종이 클립은 종이, 사진, 공예품, 페이팅, 지도, 문서 또는 책갈피를 만드는 데 사용됩니다. 바인더 클립은 두꺼운 파일, 문서, 메모, 스낵 백, 칩 백을 클램핑하는 데 사용됩니다. 엄지 압정은 코르크 보드에 그림을 표시하고, 포스터 걸기, 할 일 목록, 알림 등에 사용됩니다. 사무실 직원, 선생님, 사업가, 대학, 남성, 여성에게 적합합니다. 우아한 외관 - 밝은 로즈 골드 색상은 반짝이고 아름답게 보이며 사무실이나 학교 생활에 더 많은 재미를 선사합니다. 클립은 도금 공정이 있는 튼튼한 강철로 만들어져 색이 바래지 않고 쉽게 구부러지지 않습니다. 편리한 보관 - 바인더 클립 세트는 보관을 위해 튼튼한 용기에 포장되어 있습니다. 컨테이너는 7개의 섹션으로 분리되어 있어 원하는 것을 쉽게 찾을 수 있습니다. 품질 서비스 - 제품에 문제가 있는 경우 이메일을 보내주시면 언제든지 문제를 해결해 드리겠습니다.",,"['클립', '종이', '바인더', '소형', '사무실', '대형', '점보', '문제', '백', '보관']"
사무용품,"클립, 집게 및 링",클립,,B0CQMPRHDG,바인더 종이 클립 푸시 핀 금속 바인더 클립 컬러 종이 클립 귀여운 미니 엄지 압정 종이 정리함 클립 보관 상자 포함 학교 사무실용 퍼플,ccHuDE,11066,11066,,,"소재: 플라스틱 및 금속 사이즈: 바인더 클립 길이 15mm, 19mm, 종이 클립 길이 28mm 패키지: 65개 (푸시 핀 20개, 종이 클립 25개, 15mm 바인더 클립 13개, 19mm 바인더 클립 7개) 종이, 메모, 영수증, 청구서 및 기타 작은 물건을 보관하기에 적합합니다 이 세트는 책상이나 서랍을 깨끗하고 정리하여 편리함과 편리함을 제공합니다",이 세트는 책상이나 서랍을 깨끗하고 정리하여 편리함과 편리함을 제공합니다,"['클립', '종이', '바인더', '편리하다', '정리', '서랍', '금속', '깨끗하다', '보관', '핀']"
사무용품,"클립, 집게 및 링",클립,,B0BTL39BTS,"바인더 클립, 대형 바인더 클립 24개, 소형 바인더 클립, 대형 바인더 클립, 4.6cm(1.6인치) 클립 사무용품, 금속 클립, 바인더 클립, 종이 클램프, 사무실 클립, 종이 바인더 클립, 큰 바인더 클립 FXJHUDH",FXJHUDH,8850,8850,4.7,215.0,"패키지 구성 - 1.8cm(0.75인치) 용량의 대형 4.1cm(1.6인치) 너비의 바인더 클립 24개. 당사의 대형 바인더 클립은 가장 저렴한 가격으로 최고의 수량을 제공합니다. 작은 바인더 클립은 재사용 가능한 투명 상자에 담겨 제공됩니다. 다채롭고 아름다운 클립 사무용품, 금속 클립, 바인더 클립, 종이 클램프. 필요한 이유 - 사무실 클립은 미끄러질 위험 없이 느슨한 종이를 단단히 고정하는 데 도움이 됩니다. 종이 바인더 클립은 쉽게 제거할 수 있어 문서에 빠르게 액세스할 수 있습니다. 큰 바인더 클립은 모든 음식을 공기를 밀폐시킵니다. 내구성 및 재사용 가능 - 재사용에 이상적이며, 종이 클립은 제거하면 모양이 돌아옵니다. 이상적인 사무용품, 학용품 및 교사 용품. 강력한 소재 - 바인딩 클립은 강화 강철로 만들어져 내구성이 뛰어나고 녹 방지 기능이 있습니다. 실버 암이 있는 삼각형 모양으로 매우 강한 그립감을 제공합니다. 다양한 용도 - 사무실, 학교, 가정 및 공예용 종이 클램프를 구입하세요. 이 바인더 클립은 문서 그룹을 즉시 바인딩하고 열린 냉동 채소 및 칩 봉지를 닫는 데 이상적입니다. 칩 클립, 백 클립으로 사용할 수 있습니다.",,"['클립', '바인더', '종이', '대형']"
사무용품,"클립, 집게 및 링",클립,,B0C98JKCCK,"블랙 바인더 클립, 144팩, 2.5cm(1인치), 표준 25mm 클램프, 블랙, 미디엄 클립, 폴드 클램프, 미디엄 바인더 종이 클립, 중간 사이즈, 중간 종이 클립, 사무실 클립",honsing,21467,21467,4.8,63.0,"소재: 당사의 바인더 클립은 튼튼한 강철로 만들어졌으며 부드러운 파우더 코팅 마감과 니켈 도금 핸들, 내구성이 뛰어나고 녹 방지 기능이 있습니다. 스프링 타이트: 스프링 타이트 클립은 느슨한 용지의 큰 스택을 안전하게 고정하는 데 도움이 됩니다 다양한 용도: 저희 클립은 느슨한 종이 더미를 빠르고 일시적으로 묶습니다. 모든 음식을 공기 중에 닫습니다. 재사용 가능: 클립은 재사용이 가능하며 팔의 핀으로 쉽게 제거할 수 있어 언제든지 문서에 완전히 액세스할 수 있습니다. 용도: 당사의 바인더 종이 클램프는 사무실, 가정 및 학교에서 매일 사용하기에 적합합니다. 식품 클램프, 옷, 가구 및 실외 용도로도 사용할 수 있습니다.",,"['클립', '클램프', '바인더', '종이', '스프링', '미디엄', '재사용', '블랙', '중간', '느슨하다']"
사무용품,"클립, 집게 및 링",클립,,B09WTYZ2Y5,"대형 종이 클립, 골드 종이 클립, 5.1cm(2인치) 종이 클립, 점보 종이 클립 100/팩",FUDAO FAMILY,7742,7742,4.9,382.0,"사이즈: 50 x 11mm / 2.0 x 0.43인치 (길이 x 너비) 패키지에는 100개의 대형 종이 클립이 포함되어 있습니다. 재사용 가능한 투명 상자에 포장되어 책상이나 책상 서랍을 정리할 수 있습니다. 밝은 부식 방지 마감, 매끄러운 표면은 종이에 걸리거나 자국을 방지합니다. 용도: 사무실, 가정 및 학교 일상용으로 완벽하며 학생, 교사 등에 적합합니다.",사이즈: 5cm | 색상: 골드 | 수량: 100/팩 특징: 모든 제품은 재사용 가능한 플라스틱 용기에 포장되어 쉽게 보관할 수 있습니다! 고품질 - 종이 클립은 고품질 금속을 사용하여 쉽게 깨지지 않으며 종이를 손상시키지 않습니다. 일상 사무실 및 학교용으로 적합합니다. 작업 과정에서 더 쉽게 느낄 수 있도록 도와줍니다!,"['종이', '클립', '학교', '사무실', '방지', '재사용', '책상', '가능하다', '대형', '포장']"
사무용품,"클립, 집게 및 링",클립,,B0CHRFG329,100피스 귀여운 종이 클립 작은 황금 종이 클립 스테인리스 스틸 물방울 모양 종이 클립 책갈피 클립 미니 바인더 클립 메모 종이 사진용 15x25mm,Mozeat Lens,8434,8434,4.5,6.0,"【독특한 디자인】이 작은 금색 종이 클립의 표면은 매끄럽고 섬세한 표면으로 종이를 긁지 않고 잡기 쉽습니다. 학생, 교사 및 전문가가 교실, 사무실 또는 집에서 문서를 정리하는 데 이상적입니다. 【정교한 제작】이 클립은 종이에 안정적으로 고정되며 미끄러지지 않습니다. 파일을 정리하고 쉽게 검색할 수 있어 만족스러운 사용자 경험을 약속합니다. 【독특한 디자인】물방울 모양은 상상력이 풍부하며 전체적인 외관이 우아합니다. 이것은 평범한 공부나 일에 약간의 즐거움을 줄 것입니다. 【프리미엄 소재】종이 클립은 고품질 금속 소재로 만들어져 녹슬지 않으며 가볍습니다. 문서, 파일, 종이, 사진 등을 깔끔하게 정리하는 데 사용할 수 있습니다. 【다양한 용도】사이즈는 0.98 x 0.59인치/2.5 x 1.5cm입니다. 이 클립은 다용도로 사용할 수 있습니다. 문서와 일상 파일을 정리하는 데 유용하며 DIY 도구, 책갈피, 앨범 패스너, 연락처 키퍼 및 봉투 홀더로도 사용할 수 있습니다.",소재: 스테인리스 스틸. 색상: 골드 포장: 가방/제품 구성: 종이 클립 100개.,"['클립', '종이', '정리', '파일', '문서', '작다', '독특하다', '디자인', '책갈피', '스틸']"
사무용품,"클립, 집게 및 링",클립,,B0BVFBDWLS,"60피스 컬러 바인더 클립 종이 클램프 다양한 사이즈 소형, 중형, 대형 바인더 종이 클립",Aksiko,7603,7603,4.7,225.0,"바인더 종이 클립은 느슨한 종이의 큰 스택을 안전하게 고정합니다 다양한 크기의 바인더 클립은 강화 강철로 만들어져 내구성이 뛰어나고 녹 방지 기능이 있습니다 다양한 색상의 바인더 클립은 재사용이 가능하며 스프링 타이트 클립은 탁월한 고정력을 제공합니다 패키지에는 60개의 다채로운 바인더 종이 클립이 포함되어 있습니다: 3.3cm(1.3인치) 10개, 2.5cm(1인치) 15개, 1.9cm(0.75인치) 35개, 올인원 박스 다양한 용도: 음식 클립, 옷, 사무실 문서에 사용할 수 있으며 사무실, 학교, 가정에서 사용하기에 매우 적합합니다.",,"['클립', '바인더', '종이', '사무실']"
사무용품,"클립, 집게 및 링",클립,,B0CYBPNJH1,"바인더 클립 4.6cm(1.6인치) (36팩), 대형 바인더 클립 큰 종이 클립 클램프, 사무실 및 가정 용품용, 블랙 Aellabus",Aellabus,13836,13836,4.9,30.0,"패키지 포함: 대형 바인더 클립 36팩, 너비 41mm(1.6인치), 용량 1.8cm(0.75인치). 일상적인 요구 사항을 충족할 수 있습니다. 강력한 소재: 당사의 바인더 클립은 강화 강철로 만들어졌으며 오래 지속되고 녹 방지 기능이 있으며 은색 암이 있는 검은색 삼각형 모양으로 수명이 더 깁니다. 다기능: 당사의 대형 바인더 클립은 문서 그룹을 즉시 바인딩하고 열린 냉동 채소 및 칩 봉지를 닫는 데 이상적입니다. 간편한 사용: 대형 바인더 클립은 느슨한 종이를 단단히 고정하는 데 도움이 됩니다. 다양한 용도: 당사의 대형 종이 클램프는 사무실, 가정 및 학교 일상용, 학생, 교사 등에 적합합니다.","당사의 바인더 클립은 강화 강철로 만들어졌으며 사용하기 강하며 스틸 암으로 조립되어 문서에 매우 강한 그립감을 제공합니다./사양:/-종이에 녹이 슬지 않습니다./- 36피스, 블랙 메탈 아이언./- 너비 4.1cm(1.6인치), 용량 1.8cm(0./- 바인더 클립과 패키지는 모두 재사용이 가능합니다./- 불투명한 블랙 마감의 강력한 금속 클램프/- 파일을 함께 묶고 종이가 미끄러지거나 빠지는 것을 방지합니다./- 강화 강철 구조로 매우 강한 고정력을 제공합니다./사용자: 모두./용도: 호텔, 사무실, 학교, 레스토랑, 상점 및 공예품.","['클립', '바인더', '종이', '대형', '강하다', '사무실', '블랙', '클램프', '강화', '강철']"
사무용품,"클립, 집게 및 링",클립,,B08VCZ11NP,"BAZIC 종이 클립 메가 점보 100mm, 컬러 코팅 종이 클립, 사무실 학교용 초대형 종이 클립 컬러 문서 클램프 (10/팩), 1팩",BAZIC Products,11620,7603,4.8,45.0,"⭐ 슈퍼 점보 사이즈. 10.2cm(4인치) 길이의 다양한 색상의 종이 클립 10개. 오버사이즈 종이 홀더는 더 두꺼운 종이를 담을 수 있으며 큰 파일이나 카드를 정리할 수 있습니다. 가정, 사무실 또는 학교용으로 이상적입니다. ⭐ 부식 방지. 밝고 다양한 색상의 비닐 코팅 금속 와이어 및 매끄러운 마감. 단단히 잡고 찢어짐과 찢어짐을 방지합니다. 녹 방지 및 내구성, 오래 지속되며 여러 번 재사용이 가능합니다. ⭐ 모든 작업을 처리할 수 있습니다. 거대한 클립 바인딩 서류, 문서를 사용하여 책상을 정리하세요. 크고 작은 두꺼운 느슨한 종이를 다양한 색상의 종이 클립과 함께 안전하게 고정합니다. 다채로운 냉기. 밝은 색상의 종이 클립 색상으로 색상 코드 구성이 가능합니다. 사무용품에 추가하기 완벽한 종이 클립은 문구류, 패스너, 봉투 등에 사용할 수 있습니다! ⭐ 다용도. 대형 종이 클립은 교실에서 아이들과 함께 재미있는 예술 및 공예 프로젝트에도 사용할 수 있습니다. SIM 트레이를 열고, 전기 제품을 재설정하고, 봉투, DIY 주얼리 걸쇠, 헤어 클립 등을 열어보세요.",,"['종이', '클립', '방지', '가능하다', '문서', '정리', '사무실', '두껍다', '구성', '컬러']"
사무용품,"클립, 집게 및 링",클립,,B07CTYLW58,"Officemate PVC 프리 컬러 코팅 종이 클립, 통당 450개 사무실 종이 클램프(97229)",Officemate,15262,15262,4.7,8122.0,"450개의 종이 클립 - 세트에는 300개의 No.2 종이 클립과 150개의 거대한 종이 클립이 포함되어 있으며 편리한 보관통에 포장되어 있습니다. 색상 코드 - 종이 클립은 빨강, 노랑, 녹색, 파랑, 자주색 및 검정 6가지 색상으로 제공됩니다. 내구성 - 부식 방지 마감처리된 고품질 색상 코드 강철로 만들어졌으며 오래 사용할 수 있습니다. 제품 및 포장은 PVC 프리 제품입니다. 다용도 - 가정, 학교 또는 사무실에서 사용하기에 적합합니다. 종이 클립으로 정리하면 깔끔하게 유지할 수 있습니다. 매끄러운 마감 - 톱니 모양의 와이어로 문서가 찢어지거나 손상되지 않습니다.","450가지 컬러 코팅 종이 클립(150개의 거대한 및 300개의 #2) 편리한 종이 클립, 책상 위 또는 서랍 칸막이 보관통 색상 코딩에 적합합니다. 다채로운 색상. 제품과 포장은 100% PVC 프리입니다.","['종이', '클립', '포장', '통', '프리', '보관', '편리하다', '사무실', '거대하다', '코팅']"
사무용품,"클립, 집게 및 링",클립,,B0CLLCMKS1,"M&G 중간 바인더 클립 24개, 3.2cm(1.25인치) 블랙 종이 클립, 80장 용량, 가정, 학교 및 사무용품용 클립 (32mm)",M&G,8157,5706,4.5,14.0,"강하고 내구성: 이 튼튼한 바인더 클립은 프리미엄 철 소재로 만들어져 강하고 내구성이 뛰어나며 쉽게 변형되거나 깨지지 않습니다. 일상적인 사용과 장기 보관 요구 사항을 충족합니다. 사이즈 정보: 금속 바인더 클립의 직경은 32mm(1.25인치)로 A4 또는 레터 사이즈 용지를 최대 80장까지 담을 수 있으며 대부분의 일상 사용에 적합합니다. 패키지 포함: 상자에 담긴 검은색 종이 클립 24개, 매일 사용하고 교체하기에 충분한 수량. 휴대성: 바인더 클립 상자는 작고 컴팩트하며 휴대와 보관이 편리하며 정교한 포장으로 학생, 교사, 동료 및 친구에게 이상적인 선물입니다. 다용도: 이 중간 바인더 클립은 가정, 사무실 및 학교에서 사용하기에 적합하며 문서 정리 및 고정에 적합하며 패키지를 밀봉하고 데이터 케이블 및 기타 품목을 보관하는 데에도 사용할 수 있습니다.",,"['클립', '바인더', '보관', '휴대', '강하다', '구성', '상자', '종이', '중간', '일상']"
사무용품,"클립, 집게 및 링",클립,,B08M3CGTPR,"점보 종이 클립, 5.1cm(2인치) 대형 종이 클립, 종이 클립 100개 (점보, 핑크)",FUDAO FAMILY,7742,7742,4.8,522.0,"사이즈: 50 x 11mm / 2.0 x 0.43인치 (길이 x 너비) 패키지에는 100개의 대형 종이 클립이 포함되어 있습니다. 재사용 가능한 투명 상자에 포장되어 책상이나 책상 서랍을 정리할 수 있습니다. 밝은 부식 방지 마감, 매끄러운 표면은 종이에 걸리거나 자국을 방지합니다. 용도: 사무실, 가정 및 학교 일상용으로 완벽하며 학생, 교사 등에 적합합니다.",사이즈: 5cm | 색상: 핑크 | 수량: 100/팩 특징: 모든 제품은 재사용 가능한 플라스틱 용기에 포장되어 쉽게 보관할 수 있습니다! 고품질 - 종이 클립은 고품질 금속을 사용하여 쉽게 깨지지 않으며 종이를 손상시키지 않습니다. 일상 사무실 및 학교용으로 적합합니다. 작업 과정에서 더 쉽게 느낄 수 있도록 도와줍니다! 지금 구매하세요 -- 100% 만족 보장!,"['종이', '클립', '가능하다', '점보', '핑크', '사무실', '포장', '학교', '대형', '책상']"
사무용품,"클립, 집게 및 링",클립,,B0BS3W3FRT,"엑스트라 라지 바인더 클립 6.1cm(2.4인치) (36팩), 업그레이드 자이언트 바인더 클립 대형 종이 클립 클램프, 사무실 및 가정 용품용, 블랙 Aellabus",Aellabus,31841,31841,4.8,52.0,"업그레이드 엑스트라 라지 사이즈: 전통적인 대형 바인더 클립은 길이 5.1cm(2인치), 용량 2cm(0.8인치)이지만 업그레이드 초대형 사이즈는 길이 6.1cm(2.4인치), 용량은 3.3cm(1.3인치)입니다. 36팩의 대형 바인더 클립이 있어 일상적인 요구 사항을 충족합니다. 강력한 소재: Aellabus 바인더 클립은 강화 강철로 만들어졌으며 내구성이 뛰어나고 녹 방지 기능이 있으며 은색 암이 있는 검은색 삼각형 모양으로 수명이 더 깁니다. 다기능: Aellabus 대형 바인더 클립은 문서 그룹에 즉각적인 바인딩을 제공하고 열린 냉동 채소 및 칩 봉지를 닫는 데 이상적입니다. 간편한 사용: 대형 바인더 클립은 느슨한 종이를 단단히 고정하는 데 도움이 됩니다. 다양한 용도: 당사의 대형 종이 클램프는 사무실, 가정 및 학교 일상 사용, 학생, 교사 등에 적합합니다.","당사의 바인더 클립은 강화 강철로 만들어졌으며 내구성이 뛰어나고 사용하기 강하며 스틸 암으로 조립되어 문서에 매우 강한 그립감을 제공합니다.//사양://-종이에 녹이 슬지 않습니다./- 36피스, 블랙 메탈 아이언./- 너비 6.1cm(2.4인치), 용량 3.3cm(1/- 바인더 클립과 패키지는 모두 재사용이 가능합니다./- 불투명한 블랙 마감의 강력한 금속 클램프/- 파일을 함께 묶고 종이가 미끄러지거나 빠지는 것을 방지합니다./- 강화 강철 구조로 매우 강한 고정력을 제공합니다.///사용자: 모두./용도: 호텔, 사무실, 학교, 레스토랑, 상점 및 공예품.","['클립', '바인더', '대형', '종이', '클램프', '강철', '강하다', '강화', '블랙', '사무실']"
사무용품,"클립, 집게 및 링",클립,,B0CD31LRWV,"Mr. Pen - 귀여운 바인더 클립, 18개, 6가지 스타일, 바인더 클립 미디엄, 소형 바인더 클립, 클립 사무용품, 귀여운 종이 클립, 바인더 클립, 소형, 바인더 클립, 미니 클립, 소형 바인더 클립 1.9cm(3/4인치)",Mr. Pen,6911,6911,4.5,44.0,"Mr. Pen 바인더 클립은 고양이, 소나무, 모래시계와 같은 6가지 세련된 디자인이 특징인 18개 세트로 제공되며 문서에 세련미를 더합니다. 이 클립은 로즈 골드 마감의 튼튼한 금속으로 만들어져 장기간 사용할 수 있도록 우아함과 탄력성을 모두 제공합니다. 종이를 정리하거나 가방을 닫거나 책갈피로 사용하기에 완벽한 이 바인더 클립은 사무실, 학교 또는 가정을 위한 다용도 도구입니다. 클립은 미끄러지지 않고 여러 페이지를 안전하게 고정하도록 설계되어 문서를 제자리에 유지합니다. 이 바인더 클립은 실용적인 목적을 제공할 뿐만 아니라 책상 액세서리로도 사용할 수 있어 작업 공간의 미학을 향상시킵니다.",,"['클립', '바인더', '소형', '문서', '귀엽다', '종이']"
사무용품,"클립, 집게 및 링",클립,,B0CPS5LD34,"엑스트라 라지 바인더 클립 6.1cm(2.4인치) (60팩), 대형 바인더 클립 큰 종이 클립 클램프, 사무실 및 가정 용품용, 블랙",COLOGO,49846,49846,4.7,253.0,"업그레이드 엑스트라 라지 사이즈: 전통적인 대형 바인더 클립은 길이 5.1cm(2인치), 용량 2cm(0.8인치)이지만 업그레이드 초대형 사이즈는 길이 6.1cm(2.4인치), 용량은 3.3cm(1.3인치)입니다. 60팩의 대형 바인더 클립이 있어 일상적인 요구 사항을 충족합니다. 강력한 소재: 당사의 바인더 클립은 강화 강철로 만들어졌으며 내구성이 뛰어나고 녹 방지 기능이 있으며 은색 암이 있는 검은색 삼각형 모양으로 수명이 더 깁니다. 편리함: 당사의 대형 바인더 클립은 문서 그룹을 즉시 바인딩하고 열린 냉동 채소 및 칩 봉지를 닫는 데 이상적입니다. 간편한 사용: 대형 바인더 클립은 느슨한 종이를 단단히 고정하는 데 도움이 됩니다. 용도: 이 대형 종이 클램프는 사무실, 가정 및 학교 일상용, 학생, 교사 등에 적합합니다.","당사의 바인더 클립은 강화 강철로 만들어졌으며 내구성이 뛰어나고 사용하기 강하며 스틸 암으로 조립되어 문서에 매우 강한 그립감을 제공합니다./사양:/-종이에 녹이 슬지 않습니다./- 60피스, 블랙 메탈 아이언./- 너비 60mm(2.4인치), 용량 1.3인치/- 바인더 클립과 패키지는 모두 재사용이 가능합니다./- 불투명한 블랙 마감의 강력한 금속 클램프/- 파일을 함께 묶고 종이가 미끄러지거나 빠지는 것을 방지합니다./- 강화 강철 구조로 매우 강한 고정력을 제공합니다./사용자: 모두./용도: 호텔, 사무실, 학교, 레스토랑, 상점 및 공예품.","['클립', '바인더', '대형', '종이', '블랙', '강철', '클램프', '강하다', '강화', '사무실']"
사무용품,"클립, 집게 및 링",클립,,B0D52GVLCW,골드 하트 모양 종이 클립 2cm(0.8인치) 작은 종이 클립 귀여운 미니 종이 클립 초대장 종이 클립 장식 종이 클립 사무실 학교 홈 데스크 오거나이저용 120개 (골드),HCwelli,6911,6911,4.9,10.0,"[패키지 구성]: 120개의 골드 하트 모양 종이 클립이 포함되어 있으며, 각 클립은 20mm x 13mm(0.79인치 x 0.52인치)입니다. 편리한 플라스틱 상자에 담겨 제공되어 쉽게 보관하고 휴대할 수 있습니다. [내구성 및 녹 방지]: 당사의 귀여운 작은 클립은 녹 방지 마감의 고품질 스테인리스 스틸로 제작되었습니다. 이 미니 종이 클립은 구부러지거나 부서지지 않고 매일 사용할 수 있도록 설계되었습니다. [미적 디자인]: 창의적인 하트 모양이 특징인 이 골드 종이 클립은 문서에 우아함과 독특함을 더하여 일반 종이 클립보다 훨씬 매력적입니다. [부드러운 종이 클립]: 매끄러운 표면으로 쉽게 부착하고 제거할 수 있어 종이에 손상이나 자국을 방지합니다. [다기능 클립]: 이 다용도 종이 클립은 일상적인 문서 정리에 적합하며 장식용 책갈피, 사진 앨범 클립, 명함 홀더, 봉투 클립 및 베이비 샤워 및 결혼식과 같은 특별한 행사 초대장 클립으로도 사용할 수 있습니다.",,"['클립', '종이', '골드', '하트', '방지']"
사무용품,"클립, 집게 및 링",클립,,B0BQC3VVG3,"종이 클립 180개, 오렌지 2.9x0.8cm 종이 클립 책갈피 귀여운 종이 클립 작은 종이 클립 사무실 학교 종이 파일 정리용",Cyrank,18960,18960,,,"【프리미엄 소재】귀여운 종이 클립은 고품질 플라스틱으로 덮인 와이어 소재, 녹 방지 도금 공정으로 만들어졌으며 작은 종이 클립 사무용품은 견고하고 내구성이 뛰어나며 녹슬지 않으며 수명이 깁니다. 【편리한 사용】패키지에 총 180개의 금속 종이 클립이 있으며, 코팅 종이 클립은 문서를 정리할 수 있습니다. 주황색 2.9x0.8cm 종이 클립은 사무실 및 가정용으로 적합합니다. 【다양한 용도】학생 문구 및 사무용품으로 완벽한 책갈피 및 장식품, 종이 클립 사무실은 가정, 상점, 사무실 등의 대부분의 사람들에게 적합합니다. 【유용한 종이 파일 정리 도구】이 귀여운 종이 클립은 문서, 메모, 시험지, 보고서 등을 보관할 수 있습니다. 귀여운 종이 클립은 편리하고 실용적입니다. 【다용도】작은 주황색 종이 클립은 책 용지를 표시하는 데 이상적인 도구이며, 중간 종이 클립은 읽은 페이지를 기억하는 데 도움이 됩니다.",,"['종이', '클립', '귀엽다', '사무실', '정리']"
사무용품,"클립, 집게 및 링",클립,,B0CCDBMXXH,"금속 종이 클립 200개, 종이 클립 대형 종이 클립 다양한 사이즈, 종이 클립 5.1cm(2인치) 종이 클립 벌크, 컬러 코팅 종이 클립 홀더 책상 클립 사무용품 홈 오피스 학교 정리용",Vilnadu,6911,6911,4.8,15.0,"쉽게 구부리지 마세요: 금속성이며 예쁘고, 컬러 코팅 종이 클립은 내구성이 뛰어난 프리미엄 금속으로 만들어졌으며 튼튼하고 내구성이 뛰어나고 녹슬지 않습니다. 깨지지 않고 여러 번 다양한 모양으로 구부릴 수 있습니다. 완벽한 사이즈: 종이 클립 중간 사이즈: 1.3 x 0.31 인치 / 33 x 8mm (길이 x 너비). 폴더나 파일 캐비닛의 공간을 차지하는 불독 클립이나 바인더 클립 없이 많은 양의 문서를 함께 보관할 수 있습니다. 종이 클립은 많은 수의 종이를 매우 쉽게 담을 수 있으며, 종이가 미끄러지지 않습니다. 종이 클립은 매끄러운 표면으로 종이에 흠집을 남기지 않습니다. 편리한 보관: 금속 종이 클립은 튼튼하고 작은 시스루 플라스틱 케이스에 들어 있어 쉽게 찾을 수 있으며 정리된 상태를 유지합니다. 평평하여 거의 모든 서랍에 넣을 수 있고, 컴퓨터 모니터 아래에 놓을 수 있으며, 파일 홀더의 파일 폴더와 함께 옆에 서서 엉키지 않습니다. 모든 클립은 분리되어 쉽게 접근할 수 있습니다. 사랑스럽고 다채롭고 반짝이는 클립: 종이 클립은 핫핑크, 옐로우, 그린, 블루, 퍼플, 블랙의 6가지 색상으로 제공됩니다. 생생한 메탈릭 색상은 지루한 근무일에 약간의 밝기를 더하고 지루하고 지루한 사무실 문서를 밝게 해줍니다. 지루한 작업을 덜 지루하게 만들었습니다. 다양한 용도: 이 클립은 컬러 코딩 용지를 통해 다양한 카테고리로 정리하기에 좋습니다. 집에서 파일링 및 정리에 매우 유용하고 유용합니다. 이 제품은 사무실 환경에서 사용할 수 있습니다. 직장에서 책상에 적합하며 책갈피 걸기 그림 공예, 음식 가방 보관 등에 사용할 수 있습니다.","재사용 가능한 욕조에 제공됩니다. 6가지 색상으로 제공됩니다. 색상 코딩에 적합하며 연성이 좋으며 쉽게 깨지지 않습니다. 종이를 손상시키지 않고 매끄러운 표면. 다기능, 책갈피, 스낵 클립 등으로 사용할 수 있습니다.","['클립', '종이', '지루하다', '파일', '정리', '금속', '컬러']"
사무용품,"클립, 집게 및 링",클립,,B08KWCPTLQ,64피스 다채로운 소형 바인더 클립 2.5cm(1인치) 길이 사무실용,Ufmarine,10830,10830,4.8,1710.0,"패키지 구성 - 소형 사이즈의 바인더 클립 64개, 길이 2.5cm(1인치), 용량 1.3cm(0.5인치) 내구성 있는 소재 - 강화 강철로 만든 바인더 클립 2.5cm(1인치)는 내구성이 뛰어나고 녹 방지 기능이 있습니다 필요한 이유 - 많은 양의 느슨한 종이를 안전하게 고정하고 모든 음식을 공기 상태로 유지합니다 다양한 용도 - 이 작은 종이 클립은 문서 그룹을 즉시 바인딩하고 열린 냉동 채소와 칩 봉지를 닫는 데 이상적입니다. ►평생 친절한 서비스: 바인더 클립에 문제가 있으면 이메일을 보내주시면 즉시 문제를 해결하거나 아마존 창고에 이 품목을 다시 보내달라고 요청할 것입니다",,"['클립', '바인더', '구성', '소형', '종이', '문제', '문서', '사무', '봉지', '방지']"
사무용품,"클립, 집게 및 링",클립,,B0D456C5RD,"나비 종이 클립 책갈피 금속 아트 클립 사무용품 세트 바인더 폴더 금속 파일 홀더 노트북 스크랩북 파일 정리함 20개, 골드",Ynxee,11066,11066,,,"디자인: 나비 모양의 종이 클립은 정교한 장인 정신을 채택하여 종이를 손상시키지 않고 미끄럼 방지 기능을 향상시킵니다. 이 귀여운 종이 클립은 동료, 친구 및 개인적인 용도로 사용하기에 적합하며 작업을 더 즐겁고 패셔너블하게 만듭니다. 사이즈: 나비 클립 사이즈는 약 3.5 x 2.7 cm/1.4 x 1.1 인치입니다. 재료: 금속. 색상: 골드 쉬운 사용: 나비 종이 클립은 밝은 색상, 가볍고 휴대가 간편하여 사무실, 공부, 가정 및 일상용으로 적합합니다. 집, 사무실 또는 학교에서 사용할 때 이 다채로운 장식용 종이 클립은 당신을 웃게 만들 것입니다. 다양한 용도: 나비 모양의 종이 클립은 북마크, 페이지 내부 폴더, 파일 분류, 파일 및 드로잉 용지 정리로 사용할 수 있으며 다양한 용도로 사용할 수 있습니다.",특징: 이 나비 종이 클립은 귀여운 나무처럼 보일 뿐만 아니라 책갈피를 빠르고 정확하게 찾을 수 있는 정교하고 독특한 페이지 마커를 가지고 있습니다. 색상: 골드. 사이즈: 약 3.5 x 2.7 cm/1.4 x 1.1 인치. 패키지 구성: 나비 클립 x 20,"['클립', '종이', '나비', '파일', '골드', '금속', '사무실', '정교하다', '폴더', '페이지']"
사무용품,"클립, 집게 및 링",클립,,B0CG5B6BWY,23피스 핑크 바인더 클립 종이 클립 금속 불 힌지 클립 바인더 클립 종이 클립 세트 다양한 크기 사무실 가정 학교 용품 상자 포함,YOWPEY,8296,8296,3.0,1.0,"❤【패키지 구성】: 티켓 클립 5개, 바인더 클립 3개, 재사용 가능한 투명 상자에 담긴 종이 클립 15개로 책상이나 책상 서랍을 정리할 수 있습니다. ❤ 【고품질 소재】우수한 신축성과 금속 도금 표면을 가진 고품질 강철로 제작되어 내구성이 뛰어나고 녹 방지 및 재사용이 가능합니다. 【다양한 용도】바인더와 종이 클립은 신문, 메모, 사진, 송장, 책갈피, 문서 및 청구서를 자를 수 있습니다. 티켓 클립은 무거운 종이를 정리하는 데 사용할 수 있습니다. 【용도】학교, 도서관, 박물관, 사무실 및 회사와 같은 공공 장소에서 널리 사용할 수 있어 데스크톱을 정리하고 작업 효율성을 향상시키는 데 좋습니다. ❤【사려 깊은 서비스】 저희 제품에 만족하지 못하셨다면 언제든지 저희에게 연락하십시오.","고급 사무용품 세트 종이 클립 바인더 클립 23개/제품 장점:/고급 니켈 도금 기술이 적용된 고품질 금속으로 제작된 강철 표면은 매끄럽고 내구성이 뛰어나며 녹 방지 기능이 있습니다./문서, 봉투, 포스터, 사진, 사진, 메모, 영수증, 책갈피, 파일 및 메모를 정리하세요./생일 선물, 추수감사절 선물, 크리스마스 선물 및 여성, 동료, 청소년, 어린이 및 교사를 위한 학교 선물로 적합합니다. 고품질 사무실, 학교 및 가정용 액세서리 셀렉션./제품 사양:/색상: 핑크/수량:/대형 바인더 5개./소형 바인더 3개./종이 클립 15개./오거나이저 1개/유용한 팁:/1. 수동 측정, 1-3cm 수동 오차는 양해 부탁드립니다./2. 디스플레이 차이와 촬영 조명의 이유로 사진과 실제 물체 사이에 색상 차이가 있을 수 있습니다.","['클립', '바인더', '종이', '사진', '정리', '선물', '학교', '구성', '금속', '메모']"
사무용품,"클립, 집게 및 링",클립,,B0CPPLWJT7,"귀여운 종이 클립 100개 다양한 모양의 작은 종이 클립, 로즈 골드 사무용품 여성 소녀 학생 장식용 책상 정리함",OohFaice,6744,6744,4.4,2.0,"가치 있는 세트: 이 사무용품 세트에는 내구성이 뛰어나고 재사용 가능한 플라스틱 홀더에 금속 종이 클립 100개가 포함되어 있습니다. 로즈 골드 종이 클립은 사쿠라(40개), 크리스마스 트리(30개) 및 선물 상자(30개) 모양으로 디자인되었습니다. 다양한 용도: 이 작은 종이 클립은 문서, 책갈피, 초대장 장식, 카드, 사진 및 편지 홀더로 사용할 수 있습니다. 원더 클립은 재미있는 홈 오피스 용품 및 교사 용품입니다. 프리미엄 소재: 코팅된 종이 클립은 밝은 로즈 골드 색상의 전기 도금이 있는 프리미엄 금속 와이어로 만들어졌으며 매끄럽고 색이 바래지 않으며 예쁘고 내구성이 뛰어납니다. 귀여운 사이즈: 3x3cm/1.18 x 1.18인치보다 작습니다. 8.5x8.5x2.5cm 크기의 플라스틱 상자에 포장됩니다. 휴대, 보관 및 사용이 쉽습니다. 참신한 외관: 저희의 멋진 종이 클립은 사쿠라, 크리스마스 트리 및 선물 상자를 포함한 창의적인 모양을 가지고 있습니다. 상황에 따라 다양한 모양을 선택할 수 있습니다.",,"['클립', '종이', '작다', '상자', '골드', '사무', '사쿠라', '금속', '귀엽다', '구성']"
사무용품,"클립, 집게 및 링",클립,,B0CLLJ4N7F,클립 사무용품 집 종이 클립 부동산 중개인 선물 사무실 종이 클립 만화 창의적인 집 모양 종이 클립 사무실 가정 교실 책상 액세서리 용품 (블루),Noveread,11066,11066,4.5,4.0,"풍부한 수량: 블루 색상의 집 모양 종이 클립 100개를 받게 되며, 귀엽고 실용적이며 일상 생활에서 사용 및 교체 요구 사항을 충족할 수 있는 충분한 수량으로 다른 사람들과 공유할 수 있습니다 부동산 중개인 용품: 이 금속 종이 클립은 대부분의 사람들의 미학에 맞춰 섬세하고 아름답게 보이는 집 모양으로 디자인되어 고객에게 깊은 인상을 남기고 주택 구매 경험을 더욱 즐겁게 만듭니다 적합한 사이즈: 금속 장식용 종이 클립은 약 2.5 x 3.5cm(1 x 1.35인치)이며 일상 업무, 공부 서류를 정리하기에 적합한 크기이며, 매우 귀엽고 창의적인 책갈피로 이상적이며 휴대와 보관이 쉽고 많은 편리함을 제공합니다 쉬운 사용: 당사의 만화 종이 클립은 고품질 금속 소재로 만들어져 안전하고 견고하며 쉽게 깨지거나 색이 바래지 않습니다. 작고 가벼우며, 종이, 노트북 등을 보관할 수 있는 이상적인 선택입니다. 사용하지 않을 때 쉽게 제거할 수 있으며 세련된 디자인으로 외관에 영향을 주지 않습니다 다양한 용도: 이 하우스 페이퍼 클립은 사무실, 가정 및 학교에서 종이, 사진 앨범, 카드, 봉투 등을 정리하는 데 사용할 수 있으며 DIY 액세서리 또는 책갈피로 사용할 수 있습니다. 창의적인 집 모양 디자인으로 어린이와 친구를 위한 재미있는 선물이 됩니다","특징: 사무실 필수품: 혁신적으로 디자인된 집 모양의 종이 클립으로 서류를 정리하세요. 이 놀라운 사무용품은 클립처럼 유용할 뿐만 아니라 창의적인 책갈피로도 사용할 수 있습니다. 이제 바쁜 작업에서 재미와 창의성을 느낄 수 있습니다. 다양한 용도: 만화에서 영감을 받은 창의적인 종이 클립은 단순히 종이를 묶기 위한 것이 아닙니다. 책갈피, 사진 홀더 또는 공예 프로젝트의 일부로 사용하세요. 다용도로 사용할 수 있는 사무용품입니다. 사양: 소재: 금속. 색상: 사진과 같음. 사이즈: 그림과 같음. 패키지 구성: 집 모양 종이 클립 100개. 참고: 수동 측정, 사이즈에 약간의 오차가 있을 수 있습니다. 화면 디스플레이의 차이로 인해 색상이 약간 다를 수 있습니다.","['종이', '클립', '집', '창의', '금속', '디자인', '사무실', '책갈피', '사무', '사진']"
사무용품,"클립, 집게 및 링",클립,,B0CYM2XVNK,"바인더 클립, 로즈 골드-24개, 4.6cm(1.6인치), 용량 1.6cm(0.66인치), 대형 바인더 클립, 종이 바인더 클립, 대형 종이 클립, 사무실 클립, 훌륭한 바인더 클립",makanu,13157,13157,4.7,406.0,"소재: 당사의 바인더 클립은 튼튼한 강철로 만들어졌으며 부드러운 파우더 코팅 마감과 니켈 도금 핸들, 내구성이 뛰어나고 녹 방지 기능이 있습니다. 사이즈: 블랙 스프링 타이츠: 스프링 타이트 클립은 느슨한 용지의 큰 스택을 클립 사이즈 3.8cm(1.25인치), 훌륭한 문서 보조 도구입니다. 다양한 용도: 저희 클립은 느슨한 종이 더미를 빠르고 일시적으로 묶습니다. 모든 음식을 공기 중에 닫습니다. 재사용 가능: 클립은 재사용이 가능하며 팔의 핀으로 쉽게 제거할 수 있어 언제든지 문서에 완전히 액세스할 수 있습니다. 용도: 당사의 바인더 종이 클램프는 사무실, 가정 및 학교에서 매일 사용하기에 적합합니다. 식품 클램프, 옷, 가구 및 실외 용도로도 사용할 수 있습니다.","바인더 클립, 홈 스쿨 사무용품용//15mm(5/8인치) ----용지 30장./19mm(3/4인치) ----용지 40장./25mm(1인치)----종이 55장./32mm(1-1/4인치) ----용지 80장./41mm(1-5/8인치) ----용지 150장./51mm(2인치) ----용지 240장./","['클립', '바인더', '용지', '종이', '장인', '훌륭하다', '사무실', '스프링', '문서', '대형']"
사무용품,"클립, 집게 및 링",클립,,B0CP4572WG,"소형 바인더 클립 1.9cm(3/4인치) 길이 60개, 사무실용 블랙 소형 종이 클립, 표준 사이즈",Ufmarine,8296,8296,4.8,60.0,"패키지 포함: 60개의 바인더 클립 1.9cm(3/4인치) 길이, 0.8cm(0.35인치) 캡티가 있으며, 다이얼 사무실 및 가정용으로 적합합니다. 당사의 바인더 클립은 녹 방지 및 재사용 가능한 강화 강철로 제작되었습니다. 정리에 좋음: 이 작은 클립은 느슨한 종이 더미를 단단히 고정시키며, 클립은 열린 음식 봉지를 닫거나 그림을 걸기에 적합합니다. 간편한 사용: 스테이플의 흔적을 남기지 않고 쉽게 고정하고 제거할 수 있으며 재사용이 가능합니다. ►평생 친절한 서비스: 사무실 클립에 문제가 있으면 직접 이메일을 보내 주시면 즉시 문제를 해결하거나 아마존 창고에 이 품목을 다시 보내달라고 요청할 것입니다.",,"['클립', '바인더', '가능하다', '고정', '사무실', '재사용', '문제', '종이', '소형']"
사무용품,"클립, 집게 및 링",클립,,B0CBB238MK,"로즈 골드 종이 클립, 200개 대형 사이즈, 5.1cm(2인치) 점보 종이 클립, 학교 및 사무용품",NEEWAY,8850,8850,4.8,49.0,"프리미엄 품질 소재: 로즈 골드 코팅으로 5.1cm(2인치) 종이 클립 200개 세트는 탁월한 질감과 내구성을 제공하여 문서 정리를 위한 세련되고 효율적인 솔루션을 제공합니다. 대용량 세트: 각 팩에는 200개의 대형 종이 클립이 포함되어 있어 대용량 사무실 및 공부 요구 사항을 충족할 수 있는 충분한 공급을 보장합니다. 강력한 고정력: 5.1cm(2인치) 크기의 점보 종이 클립은 여러 장의 종이를 안전하게 보관할 수 있어 깔끔하고 정리된 문서를 보장합니다. 다용도 용도: 사무실, 학교, 가정 및 기타 다양한 설정에 적합한 이 종이 클립은 문서 정리, 폴더 라벨링, 공예 등에 사용할 수 있어 작업 효율성과 정리를 향상시킵니다. 미학적이고 실용적: 로즈 골드 코팅은 종이 클립에 우아함을 더하여 실용적일 뿐만 아니라 시각적으로 매력적으로 만들어 사무실 환경의 미학을 향상시킵니다.",,"['종이', '클립', '정리', '골드', '사무실', '문서', '효율', '코팅', '보장', '학교']"
사무용품,"클립, 집게 및 링",클립,,B0C9WTXV5W,"책갈피용 사쿠라 스타일 종이 클립, 사무실 학교 파일 플래너 커버 용품용 귀여운 벚꽃 종이 클립 7팩",HINZIC,13836,13836,4.8,7.0,프리미엄 소재: 이 사쿠라 종이 클립은 고품질 금속 소재로 만들어져 쉽게 깨지거나 녹슬지 않으며 색이 바래지 않으며 내구성이 뛰어나 장시간 사용할 수 있습니다. 귀여운 체리 디자인: 이 책갈피 종이 클립은 벚꽃 모양으로 특별히 디자인되어 매우 귀엽고 우아하며 정교하고 독특한 페이지 마커를 찾습니다. 휴대용 및 경량: 이 페이지 마커 클립은 작고 가벼워 휴대가 간편합니다. 언제 어디서나 마커로 휴대할 수 있어 매우 편리합니다. 훌륭한 선물 아이디어: 이 책갈피 클립은 페이지 마킹이 절실히 필요한 학교 및 사무실에서 가족과 친구들에게 멋진 선물입니다. 귀여운 외관을 매우 좋아할 것입니다. 패키지 포함: 책갈피용 사쿠라 스타일 종이 클립 7팩,"HINZIC 책갈피용 사쿠라 스타일 종이 클립, 사무실 학교 파일 플래너 커버 용품용 귀여운 벚꽃 종이 클립 7팩 제품 세부 정보 소재: 금속 색상: 멀티컬러. 사이즈: 길이 5.7-6.2cm 수량: 7 제품 특징 프리미엄 소재: 이 사쿠라 종이 클립은 고품질 금속 소재로 만들어져 쉽게 깨지거나 녹슬지 않으며 색이 바래지 않으며 내구성이 뛰어나 장시간 사용할 수 있습니다. 귀여운 체리 디자인: 이 책갈피 종이 클립은 벚꽃 모양으로 특별히 디자인되어 매우 귀엽고 우아하며 정교하고 독특한 페이지 마커를 찾습니다. 휴대용 및 경량: 이 페이지 마커 클립은 작고 가벼워 휴대가 간편합니다. 언제 어디서나 마커로 휴대할 수 있어 매우 편리합니다. 훌륭한 선물 아이디어: 이 책갈피 클립은 페이지 마킹이 절실히 필요한 학교 및 사무실에서 가족과 친구들에게 멋진 선물입니다. 귀여운 외관을 매우 좋아할 것입니다.","['클립', '종이', '귀엽다', '책갈피', '휴대', '페이지', '사쿠라', '디자인', '학교', '선물']"
사무용품,"클립, 집게 및 링",클립,,B0BTHZRW43,"종이 클립 다양한 사이즈, 대형 종이 클립, 작은 종이 클립, 종이 클립, 골드 종이 클립 300개, (각 100개 3박스)",FUDAO FAMILY,11066,8850,4.9,89.0,"다양한 사이즈: 533.4 x 2.8cm, 228.6 x 5.1cm. 포함: 300 골드 종이 클립. 3개의 재사용 가능한 투명 상자에 포장되어 책상이나 책상 서랍을 정리할 수 있습니다. 밝은 부식 방지 마감, 매끄러운 표면은 종이에 걸리거나 자국을 방지합니다. 용도: 사무실, 가정 및 학교 일상용으로 적합하며 학생, 교사 등에 적합합니다.","다양한 사이즈: 533.4 x 2.8cm, 228.6 x 5.1cm 색상: 골드 수량: 300 개 특징: 모든 제품은 재사용 가능한 플라스틱 용기에 포장되어 쉽게 보관할 수 있습니다! 고품질 - 종이 클립은 고품질 금속을 사용하여 쉽게 깨지지 않으며 종이를 손상시키지 않습니다. 일상적인 사무실 및 학교에서 사용하기에 적합합니다. 작업 과정에서 더 쉽게 느낄 수 있도록 도와줍니다!","['종이', '클립', '골드', '학교', '방지', '재사용', '책상', '가능하다', '포장', '사무실']"
사무용품,"클립, 집게 및 링",클립,,B0BJNMJQPZ,"종이 클립 다양한 사이즈, 서류 작업용 종이 클립 700개 - 대형 종이 클립, 중형 및 소형 종이 클립 (50mm, 33mm 및 28mm) - 실버",Viemior,9681,9681,4.7,294.0,"【1】실버 종이 클립 - 대용량 종이 클립 700개에는 5.1cm(2인치) 점보 종이 클립 50개, 3.3cm(1.3인치) 중간 크기의 종이 클립 200개, 2.8cm(1.1인치) 미니 종이 클립 450개가 포함되어 있어 작업과 삶을 보다 효율적이고 깔끔하게 만듭니다. 【2】내구성 및 녹 방지 코팅 - 코팅 종이 클립은 고품질 금속 고급 니켈 도금 공정으로 만들어졌으며 녹 방지 및 매끄러운 표면으로 종이에 걸리거나 자국을 잘 방지합니다. 【3】간편한 보관 - 귀여운 종이 클립은 분리된 칸이 있는 재사용 가능한 플라스틱 상자에 별도로 보관되어 쉽게 찾고 보관할 수 있습니다. 【4】다양한 장면 사용 - 종이 클립, 소형, 중형 종이 클립 및 거대한 종이 클립을 사용하여 문서, 폴더, 포스터, 봉투, 전단지를 정리하고 인덱스 카드에 사용자 이름과 비밀번호를 정리할 수도 있습니다. 【5】교실, 사무실 및 가정을 위한 훌륭한 선물: 당사의 표준 종이 클립은 선생님에게 작은 선물로 사용할 수 있으며 남아 및 여아용 홈스쿨링 액세서리에도 적합합니다.",,"['종이', '클립', '방지']"
사무용품,"클립, 집게 및 링",클립,,B076DZKKNV,"32mm(1/4인치) 종이 홀딩 바인더 클립 종이 클립, 노트 레터, 종이 바인더 클램프, 사무실, 가정, 학교, 기관, 종이 보관 용량 파일 정리 및 안전-12개",DAHSHA,5526,5526,4.4,597.0,"팩 구성: 12개의 강하고 오래 지속되는 재사용 가능한 블랙 바인더 클립, 작은 사이즈. 클립 오거나이저: 이 바인딩 클립은 작은 메모, 시험지, 파일 및 목록을 하나의 파일에 깔끔하게 보관할 수 있는 완벽한 크기입니다. 치수: 0.64cm (0.45인치). 넓음. 가정, 학교 및 사무실에서 사용하기 좋습니다! 품질: 고급 프리미엄 품질, 오래 지속되는 금속 소재로 제작되었습니다. 철제 손잡이가 달린 튼튼하고 내구성이 뛰어난 바인딩 클립은 걸거나 클립된 소재에 평평하게 접거나 영구적으로 바인딩을 위해 제거할 수 있습니다. 1년",,"['클립', '종이', '파일', '바인더', '작다', '가정', '사무실', '구성', '학교', '지속']"
사무용품,"클립, 집게 및 링",클립,,B0C4GSJ8NL,STOBOK 9피스 당근 종이 클립 재미있는 종이 클립 만화 종이 클립 장식 종이 클립 작은 바인더 클립 푸시 미니 종이 과일 장식 학생 종이 클립 야채 책갈피 금속 사무실,STOBOK,8711,7880,,,"만화 종이 클립 -- 당사의 종이 클립은 정교한 장인 정신으로 잘 만들어졌으며 쉽게 변형되거나 색이 바래거나 깨지지 않습니다. 푸시 -- 사랑스럽고 흥미로운 모양 디자인이 특징인 종이 클립은 창의적이고 매력적입니다. 당근 모양의 종이 클립 -- 메모, 사진, 메모, 파일, 명함을 자를 수 있습니다. 또한 종이 클립은 방금 읽은 페이지를 상기시킬 수 있습니다. 창의적인 종이 클립 -- 섬세한 모양이 특징이며, 매우 장식적이며 가정, 사무실, 공부 및 사용에 필수적이며 매우 다재다능합니다. 채소 종이 클립 -- 이 사랑스러운 종이 클립은 공부 및 작업 문서를 효과적으로 순서대로 유지할 수 있습니다.",,"['종이', '클립', '장식']"
사무용품,"클립, 집게 및 링",클립,,B0C1Z3QLVX,"Elisel 종이 클립, 200피스 중간 사이즈 (3.3cm(1.3인치) 컬러 종이 클립, 내구성 및 녹 방지 코팅 종이 클립, 사무실, 학교 및 개인용으로 적합 (핑크)",Elisel,6495,6495,4.8,57.0,"패키지 구성: 33mm(1.3인치) 재사용 가능한 컬러 코팅 종이 클립 200개. 매끄럽고 내구성: 이 종이 클립은 표면에 플라스틱으로 코팅된 금속으로 만들어졌으며 귀엽고 섬세합니다. 매끄러운 표면은 종이에 흠집을 남기지 않습니다. 사용 장면: 폴더 사무실, 학교 및 일상 문서 파일뿐만 아니라 DIY, 책갈피, 앨범 홀더, 명함 홀더 및 봉투 홀더로도 사용할 수 있습니다 편리한 보관: 재사용 가능한 투명 상자에 포장된 컬러 코팅 종이 클립과 책상이나 책상 서랍을 깔끔하게 보관할 수 있는 편리한 보관","사무실이나 가정에 관계없이 종이 클립은 항상 편리합니다. 색상을 믹스 앤 매치하고, 다양한 파일을 표시하고, 지루한 분류를 쉽게 해결할 수 있습니다.","['종이', '클립', '코팅', '구성', '사무실', '홀더', '컬러', '편리하다', '재사용', '파일']"
사무용품,"클립, 집게 및 링",클립,,B07V47L58X,골드 페이퍼 클립 12개 대형 페이퍼클립 메탈클립 학교 사무용품 개인 문서 정리,Hztyyier,10747,10747,4.5,42.0,"재미있는 디자인: 모양이 보이지 않게 디자인된 이 종이 클립은 귀엽고 흥미롭습니다. 메모를 새로운 모습으로 만들 수 있습니다. 전기 도금 기술을 채택하여 부식에 강할 뿐만 아니라 더 반짝이고 아름답게 보입니다. 고품질: 강한 클립 힘과 튼튼한 구조를 가진 프리미엄 소재, 미끄럼 방지, 쉽게 퇴색되거나 변형되지 않습니다. 견고하고 단단한 소재로 내구성이 뛰어나고 반복적인 사용을 보장합니다. 다용도 용도: 종이 클립, 파일 클립, 책갈피, 사진 또는 글자 홀더 등으로 사용할 수 있으며 메모, 카드, 책을 표시할 수 있습니다. 가정, 사무실 및 학교에서 사용할 수 있는 다용도 종이 클립. 간편한 보관: 모든 종이 클립은 깨끗한 플라스틱 상자에 담겨 있어 먼지로부터 깨끗하게 유지하고 휴대와 보관이 편리하며 책상을 청소하고 깔끔하게 유지할 수 있습니다. 이상적인 선물: 한 세트에 총 12개의 클립이 있으며, 독특한 화살표 모양의 디자인으로 훨씬 더 많은 재미를 선사합니다. 어린이와 학생에게 보상으로 좋은 선물로 완벽합니다.",,"['클립', '종이', '디자인', '강하다', '보관', '학교', '선물', '메모', '유지', '깨끗하다']"
사무용품,"클립, 집게 및 링",클립,,B09X9QPRPD,"미니 종이 클립, 로즈 골드 아기 종이 클립 120개, 20mm/0.79인치 작은 러브 모양 종이 클립, 사무실 가정 학교 용품용(로즈 골드)",Forlity,11066,8850,4.9,18.0,"프리미엄 소재: 전기 도금 공정이 있는 금속 와이어로 제작되어 녹 방지 및 변형되지 않아 오랫동안 사용할 수 있습니다. 작은 사이즈: 이 작은 종이 클립은 0.35인치*0.79인치(20mm*9mm), 아크릴 원형 상자는 2.6인치*2.7인치*0.68인치입니다. 패키지: 아크릴 라운드 박스가 있는 작은 로즈 골드 종이 클립 120개, 쉽게 분리하고 보관할 수 있습니다. 다양한 용도: 이 아기 디자인은 초대 카드를 장식하고 지폐, 송장, 봉투 또는 다양한 영수증을 정리하는 데 사용할 수 있습니다. 귀여운 디자인: 사랑의 하트 모양의 미니 사이즈, 귀여운 미니 디자인으로 일상 작업에 더 많은 재미를 더합니다.",,"['클립', '종이', '작다', '골드', '디자인', '미니', '아기', '귀엽다', '아크릴']"
사무용품,"클립, 집게 및 링",클립,,B0BYJGNYX2,"골드 바인더 클립, 소형, 고양이 모양 1.9cm(3/4인치) 미디엄 골드 종이 클립, 사무실 장식 용품용 (12개)",Supfoxer,13836,13836,4.8,27.0,고양이 애호가 사무실 책상 용품을 위한 골드 바인더 클립,,"['클립', '골드', '사무실', '바인더', '고양이', '책상', '종이', '장식', '애호가', '소형']"
사무용품,"클립, 집게 및 링",클립,,B085CHT794,"HAHIYO Paperclips 100mm(4인치) 엑스트라 라지 종이 클립, 견고하고 밝은 블루 비닐 코팅, 긁힘 방지 찢어짐 방지, 책갈피용 페이지 정리, 홈 오피스 학교 14팩",HAHIYO,13005,13005,4.7,1027.0,"비닐(플라스틱) 코팅 종이 클립은 더 강한 그립감: 플라스틱 코팅 종이 클립이 일반 금속 제품보다 그립감이 좋고 오래 지속된다는 것을 알게 될 것입니다. 완벽하게 녹 방지 기능이 있으며 페이지에 자국을 덜 남깁니다! 견고함: 이 종이 클립은 표면에 플라스틱 코팅이 된 금속으로 만들어져 쉽게 구부러지지 않고 사용하기 쉽고 내구성이 뛰어납니다. 반복해서 사용한 후에도 매우 타이트하고 안전한 그립. 종이 클립은 종이를 더 안전하게 고정할 수 있습니다. 종이 20장을 클립하세요. 다기능: 직장뿐만 아니라 가정, 사무실 또는 학교에서 매일 사용하기에도 좋습니다. 다른 많은 용도로 편리합니다 ---메모, 사진, 영수증, 레시피, 쇼핑 요구 사항에 맞는 쿠폰, 스낵 백을 밀봉하고 상상할 수 있는 리본을 말아 올릴 수 있습니다. 서류(문서)가 완료되는 곳 어디에서나 정리할 수 있는 도구입니다. 다양한 예술 및 공예 프로젝트에는 종이 클립이 필요합니다. 사이즈: 길이: 4-(10cm), 너비: 1-(2.6cm), 두께: 2.4mm.",발에 쌓인 서류에 묻히지 마세요. 이제 이 아름답고 거대한 비닐 코팅 종이 클립을 사용하면 폴더를 다채롭게 만들 수 있습니다! 각각 폴더 내부에 물건을 고정하는 꽤 튼튼한 클립이 있습니다. 인생은 좋습니다,"['클립', '종이', '코팅', '비닐', '방지', '플라스틱', '서류', '안전하다', '금속', '정리']"
사무용품,"클립, 집게 및 링",클립,,B093X44SQT,"450개의 블루 컬러 종이 클립 다양한 사이즈 소형, 중형, 대형 종이 클립 서류용, 가정, 학교 및 사무실에 이상적 (모음, 블루)",Kempshott,13836,13836,4.8,2164.0,"다양한 사이즈 - 블루 종이 클립 450개, 다양한 사이즈는 5.1cm(2인치) 점보 종이 클립 100개, 미디엄 사이즈 3.3cm(1.3인치) 종이 클립 150개, 2.5cm(1인치) 소형 종이 클립 200개가 포함되어 있습니다 찢어지지 않음 - 블루 컬러 페이퍼클립 매끄러운 마감 및 가장자리는 문서가 찢어지거나 표시되지 않습니다 내구성 및 녹 방지 코팅 - 종이 클립에 튼튼한 니켈 코팅으로 벗겨지거나 녹슬지 않습니다 정리 및 자체 보관 - 구획화된 용기는 종이 클립을 정리하고 쉽게 사용할 수 있으며 엉키지 않습니다 다용도 및 재사용 가능 - Kempshott 블루 컬러 종이 클립은 사무실, 학교 또는 가정에서 수천 가지 다양한 용도로 사용할 수 있습니다. 앞으로 몇 년 동안 반복해서 재사용 가능",,"['클립', '종이', '블루', '컬러', '학교', '가정', '코팅', '사무실', '정리', '재사용']"
사무용품,"클립, 집게 및 링",클립,,B0D3YFH3T3,"종이 클립 120개 세트, 집 모양 종이 클립 60개 및 키 모양 종이 클립 60개, 사무실, 가정, 부동산 중개인 및 부동산 중개인을 위한 선물 (골드)",Hesena,20761,19376,5.0,8.0,"정교한 솜씨: 신뢰할 수 있는 금속 소재로 제작된 이 열쇠 모양의 와이어 종이 클립은 가볍고 안전하며 튼튼합니다. 쉽게 깨지거나 색이 바래지 않아 오래 사용할 수 있습니다. 부동산 용품: 세련되게 디자인된 작은 금속 종이 클립으로 작업 공간을 즐겁게 하세요. 대부분의 미학에 적합하며 작업에 아름다움을 더하고 부동산 전문가에게 적합합니다. 간편한 사용: 이 다채로운 종이 클립은 작고 가벼우며 사용하기 쉽습니다. 종이, 노트북 등을 안전하게 보관할 수 있으며 외관을 손상시키지 않고 쉽게 제거할 수 있습니다. 패키지 정보: 집 모양 종이 클립 60개, 열쇠 모양 와이어 종이 클립 60개, 투명 보관 상자 2개, 총 122개가 제공됩니다. 이 충분한 수량으로 필요를 충족하고 가족과 공유할 수 있습니다. 향상된 경험: 사랑스러운 외관으로 집과 열쇠 모양이 특징인 다채로운 금속 종이 클립은 작업을 즐겁게 할 뿐만 아니라 고객의 관심을 사로잡고 기억에 남는 인상을 남깁니다.",,"['종이', '클립', '부동산', '금속', '열쇠', '작업', '집', '중개인', '안전하다', '와이어']"
사무용품,"클립, 집게 및 링",클립,,B01316D7T0,"28mm 컬러 페이퍼 클립, 480피스, 혼합, 미디엄 (A1-28MM480PCSCLRPC)",Office Style,14833,16398,4.8,583.0,"정리된 포장: 재밀봉 가능한 뚜껑이 있는 편리한 6개의 구획 보관함이 함께 제공됩니다. 이 투명 아크릴 유닛은 모든 것을 제자리에 보관하기에 적합합니다 무지개 색상: 이 장식용 종이 클립은 6가지 밝고 재미있는 색상으로 제공됩니다: 라임 그린, 틸, 가지, 자홍색, 노란색, 주황색이므로 종이를 정리할 수 있습니다! 내구성 및 우수한 제작: 프리미엄 품질의 플라스틱 코팅 철로 제작된 즐거운 종이 클립은 수년 동안 사용할 수 있도록 제작되었습니다. 스테인리스 스틸과 플라스틱 코팅으로 제작되었습니다 재미있는 사용: 이 종이 클립은 매우 매력적이고 재미있게 사용할 수 있습니다 다용도: 휴대용 수납 공간은 사무실 업무, 학교 업무, 예술 프로젝트, 비전 보드 및 색상 코드 정리가 필요할 수 있는 모든 종류의 시각적 프로젝트에 적합합니다",사무실+스타일 컬러 종이 클립은 모든 사무실에 생기를 더합니다. 밝은 색상의 종이 클립은 표준 회색 클립보다 더 눈에 띄고 덜 지루합니다. 편리한 6칸 플라스틱 투명 용기에 담겨 제공되며 다시 닫을 수 있는 뚜껑이 있어 쉽게 보관할 수 있습니다. 종이 클립은 길이가 28mm이며 모든 종이 클리핑에 필요한 내구성이 뛰어납니다.,"['종이', '클립', '제작', '플라스틱', '정리', '재미있다', '사무실', '업무', '컬러', '구성']"
사무용품,"클립, 집게 및 링",클립,,B0CNBJCPPD,VILLCASE 30피스 Little Feet 종이 클립 종이 클립 금속 종이 클립 바인더 클립 발자국 모양 책갈피 종이 클립 대형 노트북 클립 종이 클립 드로잉 파일 폴더 어린이 오버몰딩,VILLCASE,11897,11897,5.0,2.0,"작은 종이 클립 -- 휴대가 간편하고 가볍고 휴대와 사용이 편리하며 서랍에 넣을 수 있습니다. 컬러 종이 클립 -- 발자국 모양의 종이 클립, 금속 발자국 책갈피 클립, 파일 영수증 클램프, 메모 사진 사인 클립, 파티 초대장, 선물, 노트북 사무실용. 금속 종이 클립-- ✨ 소재: 이 발 모양의 종이 클립은 사랑스럽고 정교합니다. 쉽게 녹슬거나 부서지지 않으며 오랫동안 사용할 수 있습니다. 쉽게 바래지 않고 심플한 디자인이지만 매우 귀엽기 때문에 종이를 잘 자를 수 있습니다. 레터 종이 클립 -- 가정 및 사무실을 위한 서류 작업 및 문서 정리를 위한 작은 종이 클립. 대형 종이 클립 - 사진 클립, 카드 홀더, 웨딩 장식, 메모 클립 등으로 사용할 수 있습니다.","패키지 포함 풋프린트 종이 클립 30개. 특징 -소재: 금속 종이 클립 라지 -색상: 혼합 색상 종이 클립 사무실 -사이즈: 2.60X3.20X0.10cm/1.02X1.26X0 금속 종이 클립. -사진 클립, 카드 홀더, 웨딩 장식, 메모 클립 및 더 많은 종이 클립으로 사용할 수 있습니다. -내구성이 뛰어난 금속 소재로 제작된 종이 클립은 내구성이 뛰어나고 가벼우며 바인더 클립을 휴대하기 편리합니다. -심플한 디자인, 세련된 디테일 및 정교한 솜씨로 종이 클립은 발 종이 클립을 사용하기 편리합니다. -사용할 수 있는 충분한 수량이나 이 종이 클립을 친구나 가족 페이지 마커와 공유할 수 있습니다. -이 종이 클립은 풋프린트 모양으로 디자인되어 가정용 금속 종이 클립을 위한 완벽한 장식 조각입니다. 상품 정보 금속 마킹 클립. 이 종이 클립은 홈 오피스 및 학교에서 사용하기에 좋습니다. 큰 종이 클립은 강한 클리핑력과 견고한 구조의 금속으로 제작되어 쉽게 변형되지 않으며 신뢰할 수 있습니다. 종이 클립. 독특한 공간 디자인 종이 클립은 창의적이고 매력적입니다","['클립', '종이', '금속']"
사무용품,"클립, 집게 및 링",클립,,B0895SXJ51,"48팩 중형 종이 클립 (1인치/25mm), 웃는 얼굴 바인더 클립, 다양한 색상",Wankko,15082,15082,4.7,72.0,"내구성 있는 클립 - 신축성이 좋은 고품질 강철로 제작되었습니다 분류에 편리한 컬러 바인더 클립 - 다양한 색상으로 더 잘 분류할 수 있습니다 데스크탑 오거나이저를 위한 훌륭한 도우미 - 가정, 학교 또는 직장에 적합하며 사진, 종이 또는 가방을 함께 보관할 수 있습니다 사용하세요 플레인 블랙이 지루하다면 이 현대적인 색상의 바인더 클립이 당신을 위한 것입니다 제품 구성 - 금속 종이 클립 48개","사이즈: 1인치/25mm 색상: 다양한 색상 포장: 재사용 가능한 투명 보관 상자에 포장된 다채로운 금속 바인더 클립 48개가 안심하고 휴대하고 보관할 수 있습니다. 고품질 컬러 미소 바인더 클립, 일상 작업에 도움이 되는 훌륭한 사무용품 도구. 이 Wankko 컬러 메탈 클립으로 하루 종일 파일을 멋지게 꾸밀 수 있습니다. 당신의 미소와 친구들을 보여주세요. 이 귀여운 바인더 클립도 미소를 짓고 있습니다. 매일 행복하고 그들처럼 미소를 지을 수 있기를 바랍니다. 보온 팁: 저희는 최고의 서비스를 제공해드릴 수 있으며, 고객의 우려사항을 신속하고 진지하게 이메일을 보내드리겠습니다. 문제가 있으시면 한 번에 문의하십시오.","['클립', '바인더', '미소', '종이', '컬러', '포장', '분류', '금속', '구성', '훌륭하다']"
사무용품,"클립, 집게 및 링",클립,,B0BFWQWP2J,"50피스 발바닥 종이 클립 미니 귀여운 강아지 모양 종이 클립 개 애호가 선물 고양이 발바닥 종이 클립 재미있는 종이 클립 동물 책갈피 직장 학교 어린이 학생 교사 사무용품, 블랙",Sabary,9681,9681,4.4,53.0,"풍부한 수량: 패키지에 50개의 강아지 종이 클립이 있어 일하거나 공부하는 동안 좋은 기분을 선사할 수 있으며 집, 사무실, 교실, 공부방, 도서관, 독서실 및 기타 장소에서 사용하기에 충분합니다 사랑스러운 강아지 발바닥 디자인: 강아지 발 모양으로 디자인된 이 종이 클립은 사랑스럽고 창의적이며 스크랩북, 책갈피, 미술 공예, 달력 마커, 레터 홀더, 의미 있는 사진 등에 적합합니다. 종이 공예품을 더 매력적이고 쉽게 식별할 수 있습니다 안심하고 사용: 고품질 PET 코팅 금속 소재로 제작된 귀여운 종이 클립은 강하고 신뢰할 수 있으며 쉽게 색이 바래거나 부서지지 않으며 문서를 긁거나 찢어지지 않으며 오랫동안 보관하고 부착할 수 있습니다 휴대용 사이즈: 약 3 x 3 cm/1.18 x 1.18 인치 크기의 이 미니 종이 클립은 작고 가벼우며 휴대가 편리하며 많은 공간을 차지하지 않고 케이스나 가방에 보관할 수 있습니다 달콤한 선물: 학생, 선생님, 독서 애호가, 직장 근로자 및 개를 사랑하는 다른 사람들에게 클립 사무용품을 보낼 수 있습니다. 이 실용적이고 장식적인 선물로 기뻐할 것입니다","특징: 강아지 학용품은 사진, 파일, 메모, 보고서, 지폐 종이, 티켓, 레시피 및 기타 사무실 시트를 수집하는 데 널리 사용할 수 있어 공간을 정리하고 깔끔하게 유지할 수 있습니다. 이 모양의 종이 클립은 파일을 안전하게 보관하거나 스낵 백을 밀봉할 수 있어 쉽게 이동하거나 떨어지지 않으며 어수선함을 줄여줍니다. 사양: 소재: PET 코팅 금속 소재 색상: 블랙 사이즈: 약 3 x 3 cm/1.18 x 1.18 인치. 수량: 50개 패키지 구성: 종이 클립 50개. 참고: 수동 측정이므로 사이즈에 약간의 오차가 있을 수 있습니다. 화면 디스플레이의 차이로 인해 색상이 약간 다를 수 있습니다. 작고 뾰족한 부분이 있을 수 있으므로 제품을 신중하게 사용하고 어린 아이들로부터 멀리 두십시오.","['종이', '클립', '강아지', '발바닥', '선물']"
사무용품,"클립, 집게 및 링",클립,,B09XTGNX5H,"종이 클립, 300개, 종이 클립, 종이 클립, 골드 종이 클립, 28mm(1.1인치) 소형 종이 클립",FUDAO FAMILY,7742,7742,4.8,251.0,"사이즈: 28 x 8mm / 1.1 x 0.31 인치 (길이 x 너비) 패키지에는 300개의 골드 종이 클립이 포함되어 있습니다. 재사용 가능한 투명 상자에 포장되어 책상이나 책상 서랍을 정리할 수 있습니다. 밝은 부식 방지 마감, 매끄러운 표면은 종이에 걸리거나 자국을 방지합니다. 용도: 사무실, 가정 및 학교 일상용으로 완벽하며 학생, 교사 등에 적합합니다.",사이즈: 2.8cm | 색상: 골드 | 수량: 300/팩 특징: 모든 제품은 재사용 가능한 플라스틱 용기에 포장되어 쉽게 보관할 수 있습니다! 고품질 - 종이 클립은 고품질 금속을 사용하여 쉽게 깨지지 않으며 종이를 손상시키지 않습니다. 일상적인 사무실 및 학교에서 사용하기에 적합합니다. 작업 과정에서 더 쉽게 느낄 수 있도록 도와줍니다!,"['종이', '클립', '골드', '가능하다', '학교', '사무실', '방지', '재사용', '책상', '포장']"
사무용품,"클립, 집게 및 링",클립,,B003XOXUK2,"ACCO 종이 클립, 점보, 스무스, 골드, 클립 50개/박스 (72532)",ACCO Brands,8490,8490,4.8,3334.0,골드 톤 종이 클립 - 이 종이 클립은 진짜 금으로 만들지는 않았지만 금만큼 좋으며 문서를 안전하게 보관할 수 있습니다. 부드러운 골드 마감으로 오래 지속되는 광택을 제공합니다. 점보 클립 - 이 대형 점보 클립은 점보 프로젝트를 고정하기에 완벽한 선택입니다. 매력적이고 견고하며 에세이와 프레젠테이션에 약간의 광택을 더하는 데 이상적입니다. 20장 용량 - 튼튼한 스틸 와이어 클립은 한 번에 최대 20장까지 담을 수 있도록 설계되었습니다. 매끄러운 프레젠테이션과 안정적인 그립을 위한 매끄러운 마감. 클립 50개 - 골드 페이퍼 클립 50개가 들어있는 박스로 중요한 조각을 쉽게 고정할 수 있습니다.,금만큼 좋은 것은 거의 없지만 이 골드 톤 종이 클립은 꽤 가깝게 제공되어 문서를 안전하게 보관할 수 있습니다. 매끄러운 골드 마감으로 강한 스틸 와이어를 덮어 오래 지속되는 광택을 제공합니다. 점보 클립은 더 많은 실질적인 프로젝트를 확보하기 위한 완벽한 선택이며 클래스와 폐쇄를 모두 제공합니다. 매력적이고 튼튼합니다 - 에세이와 프레젠테이션에 약간의 광택을 더하는 데 이상적입니다. 이 강력한 스틸 클립은 최대 20장의 종이를 안전하게 고정합니다. 안정적인 그립을 위한 부드럽고 매끄러운 마감. 50개의 클립 박스로 중요한 조각을 쉽게 고정할 수 있습니다.,"['클립', '골드', '종이', '점보', '광택', '마감', '매끄럽다', '고정', '박스', '스틸']"
사무용품,"클립, 집게 및 링",클립,,B0B93QGQ9B,"종이 클립 100개 금속 와이어 할로우 아웃 클립 다목적 유틸리티 클립 송장 지폐 종이 클립 스테인리스 스틸 걸이식 옷 핀 학교 주방 야외 사무실용 (골드, 스몰)",Sabary,13836,13836,4.1,48.0,"녹 방지 및 매끄러운 표면: 골드 클립은 주로 골드 색상 도금 표면이 있는 스테인리스 스틸로 만들어져 매끄럽고 아름답습니다. 쉽게 변색되거나 깨지지 않으며 녹 방지 및 방풍 기능이 있어 오랫동안 사용할 수 있습니다 충분한 사용: 약 32 x 7 x 14mm/1.25 x 0.27 x 0.55 인치의 금속 골드 와이어 클립 총 100개를 받게 되며, 작고 가벼운 무게로 너무 많은 공간을 차지하지 않고 보관하거나 케이스나 가방에 넣기 쉽습니다 할로우 아웃 디자인 및 유틸리티: 세련되고 실용적인 할로우 아웃 디자인으로 사무실 클립은 송장 청구서 용지, 파일 및 보고서를 수집하는 데 사용할 수 있을 뿐만 아니라 옷, 의미 있는 그림, 스낵 가방 및 미술 공예품을 보관하는 데에도 사용할 수 있어 사무실과 가정에서 많은 편리함을 제공합니다 공간을 밝히세요: 귀여운 바인더 클립은 밝은 색상의 금색으로 귀엽고 혁신적으로 보이며 사무실, 교실, 공부방 및 독서실에서 실용적이며 문서와 종이 공예품을 식별할 수 있습니다. 집에서 옷핀이나 사진 클립으로도 사용할 수 있습니다 작고 사려 깊은 선물: 시크한 클립은 반짝이고 예쁘며, 생일, 할로윈, 결혼식, 기념일, 크리스마스, 스승의 날과 같은 중요한 행사에 엄마, 아버지, 자매, 친구, 룸메이트, 동료, 교사 등에 보낼 수 있습니다. 이 정교한 클립을 받으면 행복하고 기뻐할 것입니다",,"['클립', '골드', '할로우', '사무실', '실용', '종이', '가방', '금속', '옷', '디자인']"
사무용품,"클립, 집게 및 링",클립,,B09W5BYT28,"미디엄 바인더 클립 및 종이 클립 (24개) 3.2cm(1.25인치), 사무실, 가정, 학교용 블랙 메탈 미디엄 종이 클램프",Qimailer,10373,10373,4.6,25.0,"패키지 구성 - 32mm(1.25인치), 24개, 블랙, 다양한 사용 요구 사항을 충족할 수 있습니다 필요한 이유 - 스프링 타이트 클립은 스테이플 자국을 남기지 않고 많은 양의 느슨한 종이를 안전하게 고정하는 데 도움이 됩니다 튼튼한 소재 - 바인더 클립은 강화 강철로 만들어져 내구성이 뛰어나고 녹 방지 기능이 있습니다 다양한 용도 - 당사의 바인더 종이 클램프는 사무실, 가정 및 학교에서 매일 사용하기에 적합합니다. 식품 클램프, 옷, 가구 및 실외 응용 분야에도 사용할 수 있습니다. 약속-고객이 저희의 최우선 순위입니다. 어떤 이유로든 만족하지 못하셨다면 저희에게 알려주시면 32시간 이내에 답변을 드리며 즉시 전액 환불 또는 교환을 받으실 수 있습니다.",,"['종이', '클립', '바인더', '클램프', '학교', '미디엄', '사무실', '구성', '가정', '블랙']"
사무용품,"클립, 집게 및 링",클립,,B0CMWZZZPG,"바인더 클립 100개, 다양한 사이즈, 블랙 종이 클램프, 미디엄, 스몰, 미니 3가지 사이즈, 사무실, 학교 및 가정용 박스 포함",FUDAO FAMILY,8850,8850,4.5,6.0,"바인더 클립 100개 팩, 다양한 사이즈, 블랙 페이퍼 클램프: 이 제품에는 사무실, 학교 및 가정용으로 적합한 다양한 크기의 바인더 클립 100개가 포함되어 있습니다. 다양한 사이즈 옵션: 팩에는 중형 (2.54cm), 30개의 소형 (0.75인치), 미니 사이즈(1.7cm) 바인더 클립 60개가 포함되어 있습니다. 다양한 크기의 문서와 종이에 맞는 다양한 크기로 다양한 클리핑 요구 사항을 충족합니다. 오거나이저 액세서리: 바인더 클립 세트는 파일, 문서, 영수증 및 기타 사무실 또는 학용품을 정리하도록 설계되어 책상을 깔끔하고 깔끔하게 유지합니다 다기능: 이 금속 바인더 클립은 그림, 삽화, 달력, 포스터 등을 벽에 걸거나 음식 봉지를 밀봉하거나 와이어를 걸 때 사용할 수 있습니다. 편리한 사용: 종이 클램프는 한 손으로 열리고 종이를 제자리에 단단히 고정하여 문서를 쉽게 추가하거나 제거할 수 있습니다","다양한 크기의 바인더 클립 100개 팩, 블랙 페이퍼 클램프는 사무실, 학교 및 가정에 꼭 필요한 실용적인 도구입니다. 다양한 문서 두께에 대한 다양한 클리핑 요구 사항을 충족하기 위해 10개의 중간 사이즈(2.5cm(1인치), 30개의 소형 사이즈(1.9cm(0.75인치)) 및 60개의 미니 사이즈(1.7cm(0.68인치)) 바인더 클립이 포함되어 있습니다. 클립의 매끄러운 블랙 디자인은 전문적이고 깔끔한 터치를 더하여 다양한 문서와 종이를 완벽하게 보완하여 사무실이나 가정 공간의 미학을 향상시킵니다. 이 제품에는 클립을 보관하고 정리할 수 있는 편리한 상자가 함께 제공되어 쉽게 사용할 수 있으며 깔끔하게 정리할 수 있습니다. 이 클립은 문서와 종이를 고정하는 데 적합할 뿐만 아니라 전시, 공예, 임시 라벨링 및 기타 다양한 목적에도 사용할 수 있습니다. 사무실, 공부 및 일상 생활에 편리함을 제공하는 다기능 실용적인 도구입니다.","['클립', '바인더', '종이', '문서', '사무실', '깔끔하다', '클램프', '가정', '블랙', '편리하다']"
사무용품,"클립, 집게 및 링",클립,,B0CNLL7943,"중간 종이 클립, 종이 클립 중간 사이즈, 700피스 클립 사무용품 서류 작업용, 가정, 학교 및 교사 용품에 이상적",Jicsetk,10221,10221,4.7,184.0,"중간 종이 클립은 종이 클립에 니켈 코팅을 한 강철로 만들어졌으며 녹 방지 기능이 있으며 장기간 사용 후에도 새 것처럼 밝을 수 있습니다. 부식 방지, 매끄러운 표면으로 종이에 걸리거나 자국을 방지합니다. 700피스 3.3cm(1.3인치) 실버 종이 클립이 포함되어 있어 모든 요구 사항을 충족할 수 있습니다. 33mm(1.3인치) 크기의 사무용품 종이 클립은 강하고 재사용이 가능하며 10장 용량의 서류 작업을 바인딩하여 쉽게 제거할 수 있으며 자국, 인쇄 또는 종이에 손상을 남기지 않습니다. 학용품 종이 클립은 투명하고 재사용 가능한 플라스틱 용기에 담겨 있어 책상과 서랍을 깔끔하게 보관할 수 있습니다. 종이 클립 중간 사이즈는 사무실, 학교 또는 가정에서 사용할 수 있으며 수년 동안 재사용 할 수 있습니다. 공식 문서를 제출하거나 학교 서류를 정리하는 데 사용할 수 없으며 DIY 프로젝트, 책갈피, 앨범 폴더, 명함 홀더 및 봉투 걸쇠에도 사용할 수 있습니다. 중간 크기의 종이 클립 표준 사이즈는 사무실 설정/일상 생활에서 필요한 사람들에게 유용합니다.","3.3cm(1.3인치) 점보 종이 클립 700개, 실버 클립, 스테인리스 스틸 종이 클립 미디엄, 교사 용품 학교 용품용 종이 클립 사무실/종이 클립은 니켈로 코팅된 강철로 만들어져 스테이플처럼 문서를 손상시키지 않고 쉽게 붙이고 제거할 수 있습니다. 견고하고 녹 방지 기능이 있는 당사의 페이퍼클립은 반복해서 사용할 수 있습니다.","['클립', '종이', '중간', '학교', '방지', '서류', '사무실', '재사용']"
사무용품,"클립, 집게 및 링",클립,,B0CWNC87RG,"골드 러브 하트 모양 종이 클립 100개, 재미있는 2cm(0.8인치) 작은 종이 클립, 작은 미니 종이 클립 종이 클램프 사무실 학교 홈 데스크 오거나이저용",HORNYPOOT,7589,7589,4.8,22.0,"✅사랑스러운 사이즈: 미니 하트 모양 종이 클립은 약 20x9mm/0.78x0.35인치입니다. 믿을 수 없을 정도로 귀엽고 가벼우며 매끄러운 표면과 가장자리가 있어 문서가 찢어지거나 표시되지 않습니다. 프리미엄 소재: 미니 하트 모양의 종이 클립은 고품질 스테인리스 스틸로 만들어졌으며 밝은 색상, 변색, 매끄러움 및 내구성이 있습니다. ✅정교한 디자인: 저희 종이 클립은 하트 모양으로 디자인되었으며 클래식하고 심플한 디자인으로 다른 제품과 차별화되어 사용에 재미를 더합니다. 포장: 휴대와 보관이 쉽고 사용자 친화적이며 장기간 사용하기에 충분한 양의 하트 모양의 종이 클립 100개를 받게 됩니다. ✅다양한 용도: 이 귀여운 금속 종이 클립은 청첩장, 책갈피, 사진 앨범 클립, 명함 홀더 및 봉투 클립에 사용할 수 있습니다. 사무실, 학교 또는 가정용으로 적합합니다.","매우 귀여운 작은 하트 모양 종이 클립 100개, 치수 2 x 0.9cm(0.78 x 0.35인치). 골드 종이 클립, 하트 모양 종이 클립, 미니 다채로운 종이 클립, 사무실, 학교 및 가정용 데스크톱 정리용 금속 종이 클립. 고품질 금속으로 제작된 하트 모양의 미니 하트 모양 종이 클립은 모양이나 색상을 잃지 않고 오래 사용할 수 있습니다. 스크랩북, 카드 제작 및 기타 종이 공예 프로젝트에 이상적이며 집, 사무실 및 학교를 장식하기에 적합합니다.","['클립', '종이', '하트', '미니', '학교', '사무실', '금속', '디자인', '작다', '귀엽다']"
사무용품,"클립, 집게 및 링",클립,,B0BWXTQR4P,"중형 종이 클립, 200개, 종이 클립, 골드 종이 클립, 32mm(1.3인치) 종이 클립",FUDAO FAMILY,7742,7742,4.8,49.0,"사이즈: 32mm/1.3인치, 중간 크기의 종이 클립. 패키지에는 200개의 골드 종이 클립이 포함되어 있습니다. 재사용 가능한 투명 상자에 포장되어 책상이나 책상 서랍을 정리할 수 있습니다. 밝은 부식 방지 마감, 매끄러운 표면은 종이에 걸리거나 자국을 방지합니다. 용도: 사무실, 가정 및 학교 일상용으로 적합하며 학생, 교사 등에 적합합니다.",사이즈: 3.3cm | 색상: 골드 | 수량: 200/팩 특징: 모든 제품은 재사용 가능한 플라스틱 용기에 포장되어 쉽게 보관할 수 있습니다! 고품질 - 종이 클립은 고품질 금속을 사용하여 쉽게 깨지지 않으며 종이를 손상시키지 않습니다. 일상적인 사무실 및 학교에서 사용하기에 적합합니다. 작업 과정에서 더 쉽게 느낄 수 있도록 도와줍니다!,"['종이', '클립', '골드', '가능하다', '학교', '사무실', '재사용', '방지', '책상', '포장']"
사무용품,"클립, 집게 및 링",클립,,B09HBVJDTH,"OWLKELA 컬러 바인더 클립 100개, 종이 클램프, 종이 바인더 클립, 다양한 사이즈, 금속 블랙 바인더 클립, 사무실, 가정 및 학교 용품에 이상적",OWLKELA,9265,9265,4.7,260.0,"【패키지】5가지 사이즈 컬러 바인더 슬립: 4.1cm(1.6인치) x 6개, 3.3cm(1.3인치) x 8개, 2.5cm(1인치) x 10개, 1.9cm(0.75인치) x 30개, 1.5cm(0.6인치) x 46개. 다양한 크기의 바인더 클립은 다양한 사용 요구 사항을 충족할 수 있습니다 【최고 품질】튼튼한 강화 강철로 제작되어 내구성이 뛰어나고 녹 방지 기능이 있습니다. 바인더 클립은 재사용이 가능하며 탁월한 고정력을 제공합니다. 【다용도】종이 클립 홀더는 식품 가방, 스티커 메모, 옷, 사무실 문서 및 공예품에 사용할 수 있습니다. 사무실, 작업장, 학교, 가정, 파일 분류에 이상적입니다. 【편리함】5가지 크기의 종이 클립으로 다양한 두께의 문서를 관리할 수 있습니다. 스프링 타이트 클립은 많은 양의 느슨한 종이를 함께 안전하게 고정하여 용지가 미끄러지거나 빠지는 것을 방지합니다. 【유용한 팁】저희 제품에 만족하지 못하거나 질문이 있으시면 저희에게 연락하시면 24시간 이내에 회신해 드리겠습니다.",,"['클립', '바인더', '종이', '사무실', '학교', '가정', '방지', '문서', '컬러']"
사무용품,"클립, 집게 및 링",클립,,B0CSXXLM98,"바인더 클립 및 종이 클립, 금속 종이 클램프 다채로운 바인더 클립 다양한 사이즈",Qimailer,8296,8296,5.0,1.0,"패키지 포함 - 다채로운 바인더 클립 19mm(0.75인치), 40개로 다양한 사용 요구 사항을 충족할 수 있습니다 필요한 이유 - 스프링 타이트 클립은 스테이플의 흔적을 남기지 않고 느슨한 종이를 단단히 고정하는 데 도움이 됩니다 강력한 소재 - 당사의 바인더 클립은 강화 강철로 만들어져 내구성이 뛰어나고 녹 방지 기능이 있습니다 다양한 용도 - 바인더 종이 클램프는 사무실, 가정 및 학교에서 매일 사용하기에 적합합니다. 식품 클램프, 옷, 가구 및 실외 용도로도 사용할 수 있습니다. 약속-고객이 저희의 최우선 순위입니다. 어떤 이유로든 만족하지 못하셨다면 저희에게 알려주시면 24시간 이내에 답변을 드리며 즉시 전액 환불 또는 교환을 받으실 수 있습니다.",,"['클립', '바인더', '종이', '클램프']"
사무용품,"클립, 집게 및 링",클립,,B0D5HQ35SW,100피스 다채로운 동물 책갈피 클립 귀여운 종이 클립 개 모양 종이 클립 재미있는 사무실 선물 사랑스러운 6가지 색상 개 모양 마킹 클립 여성 남성 교사 학생용,,12451,12451,,,"【제품 구성】세트에는 6가지 색상의 다채로운 강아지 모양 종이 클립 100개가 포함되어 있으며, 다양한 색상과 매일 사용할 수 있는 충분한 양이 있습니다 【귀여운 모양】장식용 종이 클립은 귀여운 강아지 모양과 반짝이는 외관으로 디자인되어 문서를 정리하는 과정에서 많은 재미를 더할 수 있습니다 【내구성 있는 소재】귀여운 종이 클립은 금속 및 PET 소재로 만들어져 매끄럽고 밝은 표면으로 쉽게 녹슬거나 깨지지 않으며 종이에 긁힘이나 자국을 남기지 않습니다. 【다양한 사용】동물 모양의 종이 클립은 파일, 종이, 사진, 문서, 메모, 달력 등을 정리하는 데 사용할 수 있습니다. 책갈피를 만들고 페이지를 표시하는 데에도 사용할 수 있습니다. 【이상적인 선물】다채로운 코팅 종이 클립은 친구, 선생님, 학생, 동료 등을 위한 선물로 적합합니다. 실용적이고 흥미롭기 때문에 서류 작업에 사용할 수 있습니다.","제품 구성:/강아지 모양 종이 클립 100개./설명:/재료: 금속, PET/제품 크기: 3.2*2.5*0.12cm","['클립', '종이', '귀엽다', '강아지', '선물', '문서', '정리', '책갈피', '동물', '금속']"
사무용품,"클립, 집게 및 링",클립,,B0CWTZ985F,"귀여운 종이 클립, 오리 모양 종이 클립 책갈피 60개, 동료를 위한 작은 선물, 귀여운 학교 용품, 독특한 사무용품 종이 클립 귀여운 사무용품 재미있는 선물 종이 클립 홀더",Daxtril,11066,11066,5.0,4.0,"【정리에 뛰어들기】오리 재미있는 종이 클립으로 종이 티슈에 오리를 만들어보세요! 이 60개의 노란색 클립은 귀여운 학용품과 독특한 사무용품 애호가들이 하루를 보낼 수 있습니다! 【노란색 종이 클립 60개】완벽하게 포장되어 멋지고 기발합니다. 이 사랑스러운 종이 클립은 실용성과 재미를 선사합니다. 【다양한 상황에 적합】결혼식 초대장, 브라이덜 샤워 안내 및 베이비 샤워를 위한 장식용 종이 클립. 【다양한 사용】귀엽고 사랑스러운 디자인은 스크랩북, 노트북, 정크 잡지 아트 잡지와 함께 사용할 수 있습니다. 【선생님 친구를 위한 선물】훌륭한 사무용품 선물, 학용품 선물. 완벽한 생일 선물, 학생들을 위한 학교 선물.",,"['클립', '종이', '선물', '귀엽다', '사무', '오리', '독특하다', '잡지', '완벽하다', '재미있다']"
사무용품,"클립, 집게 및 링",클립,,B0D11VTKFR,"귀여운 종이 클립, 나비 클립, 파일 정리 또는 장식용 부드러운 금속 종이 클립 - 가정, 사무실, 학교에 적합 (20개/박스, 핑크, 골드, 로즈 골드)",Upquzzfy,9681,9681,4.7,5.0,"【사이즈 및 색상】20개의 종이 클립이 들어 있는 각 상자에는 3가지 색상, 핑크, 골드 및 로즈 골드, 2.7 x 3.5cm(1.0 x 1.38인치)로 사무실이나 집에서 다양한 프로젝트를 할 수 있습니다. [버터플라이 뷰티] 다채로운 장식용 나비 종이 클립은 생생한 날개 패턴으로 종이, 메모, 카드 등에 매력적인 악센트를 더합니다. [다용도 사용] 가정, 사무실 또는 교실에서 사용하기에 이상적인 이 귀여운 종이 클립은 종이, 영수증, 메모 등을 정리하는 데에도 사용할 수 있습니다. 단단하고 부드러운 그립감. 파티, 결혼식 및 기타 장식에도 사용할 수 있습니다. [고품질 소재] 이 종이 클립은 고품질 금속으로 만들어졌으며 내구성이 뛰어나며 쉽게 변형되지 않으며 종이가 쉽게 손상되지 않습니다. [선물할 가치가 있음] 일상 도구의 실용성과 기발한 터치를 모두 높이 평가하는 친구, 가족 또는 동료에게 선물하기에 이상적입니다.",,"['종이', '클립', '골드', '사무실', '장식', '정리', '귀엽다', '금속', '나비', '메모']"
사무용품,"클립, 집게 및 링",클립,,B094BG3SXL,". Mr. Pen - 동물 모양의 종이 클립, 귀여운 종이 클립, 다양한 색상, 재미있는 종이 클립, 멋진 종이 클립, 종이 클립, 아동용 종이 클립, 동물 종이 클립, 30개입",Mr. Pen,8240,8240,4.7,515.0,"패키지에는 30개의 동물 종이 클립이 포함되어 있습니다. 컬러 종이 클립으로 종이 더미를 정리하세요. 고품질의 세련된 금속과 아름답고 쾌활한 디자인의 조합은 일상 생활에서 다양한 창의력을 촉진합니다. 종이 클립은 잘 만들어진 투명 플라스틱 정리함 상자와 함께 제공되어 깔끔하게 보관할 수 있습니다. Mr. pen 동물 종이 클립은 사무실, 학교 및 일상 파일 문서에 적합합니다. DIY, 스크랩북, 캘린더 마커, 사진 앨범 클립 및 봉투 클립으로도 사용할 수 있습니다. 동물 종이 클립은 생일이나 크리스마스를 위한 이상적인 작은 선물 또는 기념품이며 인사말 카드나 노트북을 위한 파티 장식입니다.",,"['클립', '종이', '동물']"
사무용품,"클립, 집게 및 링",클립,,B07BJ25687,"대형 불 종이 클립 골드, Coideal 3피스 145mm 대형 금속 파일 바인더 클립 클램프 사무실, 식품 가방용 (14.7cm(5 7/10인치))",Coideal,13836,13836,4.5,1286.0,"편리한 걸이용 클립 - 스틸 클립은 손잡이에 작은 구멍이 있어 로프에 걸 수 있으며 잡지 바나 책장, 그립 엽서 또는 메모에 걸 수 있습니다. 아름답고 편리합니다 다용도 골드 클립 - 집, 사무실 또는 학교에서 그림, 사진, 지도, 표지판, 종이, 레시피, 식탁보를 정리하거나 전시하는 데 가장 적합합니다 내구성이 뛰어난 불 클립 - 스테인리스 스틸 소재로 견고하고 내구성이 뛰어나며 깨지지 않고 내구성이 뛰어납니다 초대형 사무실 클립 - XL 바인더 종이 클립은 14.5cm(5.7인치) 길이로 약 300장을 편안하게 담을 수 있습니다 제품 구성 - 대형 스테인리스 스틸 불독 클립 3개",,"['클립', '구성', '스틸', '사무실', '종이', '대형', '스테인리스', '불', '골드', '바인더']"
사무용품,"클립, 집게 및 링",클립,,B0CX937ZHY,"귀여운 하트 종이 클립 100개, 부드러운 스테인리스 스틸 하트 와이어 종이 클립 소형 사무용품 결혼식 여성 소녀 어린이 학생 종이 문서 정리용",EllaYIDOI,8850,8850,,,"프리미엄 소재: 내구성이 뛰어난 스테인리스 스틸로 제작되어 사랑스럽고 섬세하며 쉽게 녹슬거나 깨지지 않으며 오랫동안 사용할 수 있습니다. 치수 (길이 X 너비): 금속 하트 모양의 종이 클립은 약 3 x 2.8cm(1.18 x 1.1인치)이며 크기가 작고 무게가 가볍고 사용과 보관이 쉽습니다. 충분한 수량: 다양하고 개인화된 요구 사항을 충족하는 총 100개. 아름답고 패셔너블함: 사랑스러운 하트는 단순해 보이지만 창의적이고 패셔너블합니다. 공부와 작업에 많은 재미를 가져다 줄 것입니다. 일상 생활을 장식하세요. 다기능: 골드 종이 클립을 사용하여 문서와 종이 제품을 고정할 수 있습니다. 책갈피 및 장식용 메모 폴더, 머니 클립, 종이 클립 또는 레터 클립으로도 사용할 수 있습니다. 학생, 작가, 독자 등에 적합합니다.",사양: 색상: 골드 소재: 금속 제품 크기: 0.9inx0.9in/2.4cmx2.4cm 패키지 세부 정보: 100 x 미니 종이 클립 참고: 수동 측정으로 인해 크기와 무게에 약간의 오차가 있을 수 있습니다. 모니터의 차이로 인해 약간의 색상 차이가 있을 수 있습니다.,"['클립', '종이', '하트', '학생', '차이', '골드', '금속', '문서', '사랑스럽다', '스테인리스']"
사무용품,"클립, 집게 및 링",클립,,B09283H554,"종이 클립, 100피스 5.1cm(2인치) 종이 클립 라지(50MM), 내구성 및 녹 방지 코팅 종이 클립, 사무실, 학교 및 개인용으로 적합한 대형 종이 클립",Vannise,12908,12908,4.8,394.0,"1. 【편리한 보관】: 재활용 가능한 플라스틱 용기에 50mm(2인치) 대형 종이 클립 100개가 있어 점보 종이 클립을 먼지로부터 깨끗하게 유지하고 책상을 깔끔하고 깔끔하게 유지합니다. 2. 【매끄럽고 찢어지지 않음】: 비닐 코팅 종이 클립은 부식을 방지하고 매끄러운 표면은 종이에 걸리거나 자국이나 녹을 방지합니다. 3. 【녹 방지 및 내구성】: 고품질 스틸 와이어로 만든 대형 프리미엄 종이 클립은 쉽게 녹슬거나 깨지지 않습니다. 점보 종이 클립은 오랫동안 사용할 수 있으며 환경 친화적이며 경제적입니다. 4. 【다양한 기능】: 큰 종이 클립은 일상적인 파일 정보를 클립하는 데 사용할 수 있을 뿐만 아니라 책갈피, 사진 앨범 클립, 명함 홀더 및 봉투 클립으로도 사용할 수 있습니다. 5. 【훌륭한 애프터 서비스】: 안심하고 쇼핑하세요. 고객 서비스는 항상 연중무휴 24시간 도움을 드릴 준비가 되어 있습니다. 부드러운 종이 클립의 적합성을 테스트해 주셔서 감사합니다. 고품질 제품과 서비스는 항상 저희의 최우선 순위입니다.",,"['클립', '종이', '방지', '서비스', '대형']"
사무용품,"클립, 집게 및 링",클립,,B09YYPRVYK,"엑스트라 라지 바인더 클립 5.1cm(2인치) (6팩), 사무실 및 학교용 종이 클램프, 로즈 골드",YCVIORING,12451,12451,4.7,89.0,"점보 바인더 클립 6개, 용량 2.3cm(0.9인치), 너비 5.1cm(2인치). 당사의 바인더 클립은 강화 강철로 만들어져 내구성이 뛰어나고 녹 방지 기능이 있습니다. 당사의 대형 바인더 클립은 문서 그룹에 즉각적인 바인딩을 제공하고, 열린 냉동 채소 및 칩 봉지를 닫는 데 이상적입니다. 이 대형 종이 클램프는 사무실, 가정 및 학교 일상용, 학생, 교사 등에 적합합니다. 큰 바인더 클립은 많은 양의 느슨한 종이를 함께 안전하게 고정하는 데 도움이 됩니다.",XL 로즈 골드 바인더 페이퍼 클립 페이퍼 클램프 6개 더 많은 종이나 문서를 고정해야 할 때 원하는 종이 클립이 될 것입니다.,"['클립', '바인더', '종이', '클램프', '골드', '페이퍼', '문서', '고정', '대형', '학교']"
사무용품,"클립, 집게 및 링",클립,,B086131CKZ,"바인더 클립, Lumeiy 종이 클립 162개, 다양한 색상 및 4가지 사이즈",Lumeiy,17991,17991,4.6,535.0,"패키지 구성: 4가지 사이즈의 바인더 클립 162개: 스몰 86개(1.5cm), 미디엄 60개(0.75인치), 라지 9개(2.5cm), 7개 X 라지(3.25cm). 각 사이즈는 핑크, 블루, 옐로우, 그린의 네 가지 색상으로 제공됩니다. 프리미엄 소재: 프리미엄 강한 금속으로 제작된 패키지의 금속 클램프는 내구성이 뛰어나고 녹에 강합니다. 사무실 클립은 종이나 공예품이 미끄러지거나 풀리지 않고 매우 강한 고정력을 제공합니다. 다양한 용도: 다양한 크기의 이 컬러 폴드 백 클립은 다양한 두께에 따라 종이나 문서를 꾸준히 고정할 수 있습니다. 종이 클램프는 일상적인 DIY, 사무실, 책갈피, 사진 앨범, 케이블, 명함 홀더 및 봉투 클립 등에 사용할 수 있습니다. 편리한 사용: 쉽게 쥐어 짜서 열고 마음대로 떼고 잡을 수 있습니다. 점보 종이 클립을 사용하여 시간을 낭비하지 않고 느슨한 종이 더미를 빠르고 깔끔하게 묶을 수 있습니다. 고객 서비스: 질문이 있으시면 언제든지 저희에게 연락하십시오. Lumeiy 항상 여러분을 위해 여기 있습니다.",,"['클립', '종이', '강하다', '바인더', '패키지', '프리미엄', '클램프', '구성', '사무실', '금속']"
사무용품,"클립, 집게 및 링",클립,,B0CQM56CDB,리본 금속 사무실 지폐 다용도 종이 클립 20개,FUNOMOCYA,10235,10235,,,"모양 종이 클립: 강한 클램핑력, 견고한 구조, 이 종이 클립은 쉽게 변형되지 않으며 신뢰할 수 있습니다. 종이 클립: 사무실뿐만 아니라 학교에서도 사용할 수 있으며 다기능이며 편리합니다. 종이 클립: 일상 생활과 작업에 매우 실용적입니다. 정교한 장인 정신으로 인기와 실용성을 보장합니다. 섬세한 종이 클립: 실용적이고 편리하며 낮음, 합리적인 가격에 이 제품을 구입할 수 있습니다. 지폐 고정 클립: 장식용 종이 클립은 설치 및 분해가 편리하며 사용하기 편리합니다.",,"['클립', '종이', '편리하다', '실용', '지폐', '사무실']"
사무용품,"클립, 집게 및 링",클립,,B07HP8QDSD,100개 아기 젖병 성별 드러내는 모양의 종이 클립 종이 클립 수집가나 사무실 선물로 적합 - 뚜껑과 선물 상자가 있는 원형 틴 케이스 제공 (블루),Butler in the Home,23531,23531,4.9,48.0,Butler in the Home 아기 젖병 모양의 종이 클립은 종이 클립 수집가 또는 사무실 선물로 좋습니다 나를 데리러 가야 하는 모든 사람을 위한 훌륭한 사무실 선물! :) 이 아기 젖병 모양의 종이 클립은 사무실 공간을 밝게 합니다. 아기 젖병 모양의 종이 클립을 안전하게 보관할 수 있도록 뚜껑이 달린 편리한 틴 케이스에 제공됩니다 Butler in the Home이 제공합니다. 홈 스토어에 있는 버틀러를 확인하셔서 다른 멋진 모양의 종이 클립을 확인하세요!,,"['클립', '종이', '젖병', '아기', '사무실', '선물', '수집가', '케이스', '뚜껑']"
사무용품,"클립, 집게 및 링",클립,,B0CL22TYQW,"핑크 바인더 클립 종이 클램프 다양한 사이즈, 금속 종이 바인더 클립, 홈 스쿨 및 사무실 비즈니스용 서류 클립 208개",YCVIORING,33226,33226,4.0,1.0,"핑크 바인더 클립 종이 클램프 다양한 사이즈, 금속 종이 바인더 클립, 홈 스쿨 및 사무실 비즈니스용 서류 클립 208개","핑크 바인더 클립 종이 클램프 다양한 사이즈, 금속 종이 바인더 클립, 홈 스쿨 및 사무실 비즈니스용 서류 클립 208개","['클립', '종이', '바인더', '홈', '핑크', '클램프', '스쿨', '서류', '사무실', '비즈니스']"
사무용품,"클립, 집게 및 링",클립,,B0CP31PPRG,STOBOK 바인더 클립 금속 종이 클립 작은 종이 클립 작은 클립 작은 파일 클립 바인더 종이 클립 종이 클램프 문서 클립 귀여운 스테인리스 스틸 테스트 종이 클립 사무실 7개,STOBOK,10512,10512,,,"바인더 클립: 사무실 클립. 이 장식용 바인더 클립은 중요한 문서, 월간 청구서, 봉투, 메모, 학교 프로젝트 또는 보고서를 정리하고 분류하는 데 이상적입니다. ✅대형 바인더 클립: 대형 바인더 클립 점보. 바인더 클립은 영수증, 다이어리, 시험지, 파일 자료, 스낵 백, 헤드셋 케이블, 데이터 케이블 등을 보관하고 정리할 수 있습니다. ✅패션 바인더 클립: 컬러 바인더 클립. 다양한 필요에 맞는 충분한 양의 바인더 클립이 있는 섬세한 디테일. 책, 노트북 및 스크랩북에 대해 읽은 페이지를 분류합니다. 종이용 클램프 클립: 귀여운 바인더 클립. 사무실 물건, 교사 및 종이 또는 기타 물건을 정리하고 싶은 사람들에게 매우 유용한 사무실 및 가정 용품. 프리미엄 튼튼한 금속으로 제작된 패키지의 금속 클램프는 내구성이 뛰어나고 녹 방지 기능이 있습니다. 종이용 귀여운 바인더 클립: 바인더 클립 대형. 이 클립은 종이나 공예품이 미끄러지거나 풀리지 않고 매우 강한 고정력을 제공합니다. 점보 종이 클립을 사용하여 시간을 낭비하지 않고 느슨한 종이 더미를 빠르고 깔끔하게 묶을 수 있습니다.","패키지 목록 바인더 클립 7개. 특징 -사이즈: 5.70X3.20X1.50cm/2.24X1.26X0 대형 바인더 클립 점보. -소재: 스테인리스 스틸 바인더 클립 색상. -색상: 작은 바인더 클립과 같음. -스테인리스 스틸 소재로 제작된 이 바인더 클립은 실용적이고 내구성이 뛰어나 마이크로 바인더 클립을 오래 사용할 수 있습니다. -이 클립은 종이나 공예 미니 바인더 클립이 미끄러지거나 풀리지 않고 매우 강한 고정력을 제공합니다. -바인더 클립은 영수증, 다이어리, 시험지, 파일 자료, 스낵 백, 헤드셋 케이블, 데이터 케이블 등 대형 바인더 클립을 보관하고 정리할 수 있습니다. -창의적인 모임 디자인, 아름답지만 실용적이며 가정, 사무실 등 사무실 클립에 적합합니다. -바인더 클립은 꼼꼼하게 만들어졌으며 색상이 쉽게 벗겨지지 않으며, 종이 클립은 단단히 고정되어 있으며 강한 인성 종이 클립입니다. 상품 설명 마이크로 바인더 클립. 이 사무실 바인더 클립은 광택이 잘 되어 손을 다치지 않습니다. 바인더 클립 미디엄. 바인더 클립으로, 금속 소재를 채택하여 내구성이 뛰어나고 녹슬지 않습니다. 사무실용 바인더 클립은 전문적인 디자인, 단순하고 넉넉하며 신선하며 사무실 용품, 교사 및 필요한 기타 사람들에게 적합합니다","['클립', '바인더', '종이', '사무실']"
사무용품,"클립, 집게 및 링",클립,,B003BUHW20,"BAZIC 소형 3/4"" (19mm) 블랙 메탈 바인더 클립, 사무실 학교 용품, 가정 주방 보관 도구 (20/팩), 1팩",BAZIC Products,12548,12548,4.1,22.0,"✅ 작은 1.9cm(3/4인치) 블랙 바인더 클립. 이 바인더 클립의 효율적인 삼각형 디자인은 탁월한 강도와 최적의 압축을 제공하면서도 쉽게 풀 수 있습니다. 견고하고 균일한 그립은 최대 용량에서도 미끄러짐을 사실상 방지합니다. 손잡이를 접을 수 있어 파일링 및 보관이 간편합니다. 하나의 손잡이는 편리한 행거를 제공합니다. ✅ 어떤 작업에도 대처하세요. 다양한 오피스 클립, 핀 및 링으로 작업을 함께 묶으세요. ✅ 평판 + 신뢰성. BAZIC Products는 1998년부터 학교 및 사무실 제품에 탁월한 품질을 제공하고 있습니다. 지속적인 개선에 전념하고 있으며, 지속적인 업계 리더가 되는 것을 자랑스럽게 생각합니다. ✅ 저희의 비전에 충실합니다. 제품의 무결성과 고객 만족에 중점을 두어 신뢰할 수 있는 브랜드를 구축했습니다. 당사는 고객의 요구에 맞는 솔루션을 보장하기 위해 고객 통찰력을 사용합니다. ✅ 미국에서 판매 및 유통. 신뢰할 수 있는 공장과 협력하여 고객에게 보내기 전에 제품이 최고 수준의 기준을 충족하는지 확인합니다. 각 제품은 로스앤젤레스에 있는 본사에서 배송되며 제품 무결성에 완전히 만족할 때까지 절대 떠나지 않습니다.",,"['클립', '바인더', '신뢰', '링', '보관', '무결', '지속', '탁월하다', '작업', '블랙']"
사무용품,"클립, 집게 및 링",클립,,B0BZRKD695,100피스 골드 하트 종이 클립 귀여운 작은 종이 클립 재미있는 하트 클립 어린이 사무용품 종이 클램프 웨딩 장식 공예 스크랩북 여성 문서 노트 분류 정리 종이 클립,Teaaha,12451,12451,4.8,143.0,"고품질: 스몰 하트 페이퍼 클립 골드는 녹 방지 및 내구성이 뛰어나며, 하트 종이 클립의 소재는 비닐 코팅이 된 스테인리스 스틸이며 정교한 솜씨, 부식 방지, 사무실 종이 클립이 매끄러운 표면을 가지고 있으며 귀여운 종이 클립의 걸림이나 자국을 방지하여 장기간 사용할 수 있습니다. 사이즈 세부 정보: 하트 종이 클립은 약 3 x 2.8cm(1.18 x 1.1인치)이며 크기가 작고 가벼워 사용과 보관이 쉽습니다. 웨딩 종이 클립은 투명한 가방에 보관되며 가정, 사무실, 교실에서 사용하는 것 외에도 편리한 어린이 사무용품 하트 모양의 귀여운 종이 클립을 휴대할 수 있습니다. 정교한 디자인: 맞춤형 하트 모양 미끄럼 방지 종이 클립은 귀여운 패턴과 반짝이는 색상을 채택하고 귀엽고 섬세한 금속 저널링 종이 클램프는 폴더와 파일을 정리하는 데 도움이 됩니다. 귀여운 종이 클립은 작업 효율성을 향상시킬 수 있으며 작은 종이 클립은 학교 또는 사무실 생활을 정리하고 재미있는 하트 클립은 작업에 재미를 더합니다. 다기능: 골드 하트 종이 클립을 사용하여 문서와 종이 공예품을 고칠 수 있습니다. 재미있는 하트 클립을 책갈피로 사용할 수 있을 뿐만 아니라 종이 클램프를 사용하여 웨딩 카드를 장식하고 파일을 정리하고 매일 사용할 수 있습니다. 어린이 사무용품 종이 클립은 집에 올 때 기분을 좋게 하기 위해 사진, 종이 클립과 같이 집을 장식하는 데에도 사용할 수 있습니다. 훌륭한 선물: 골드 하트 종이 클립은 일상적인 문서를 클립하는 데 사용할 수 있을 뿐만 아니라 하트 종이 클립은 책갈피, 앨범 홀더, 명함 홀더 및 봉투 홀더로도 사용할 수 있습니다. 클래식한 하트 모양의 종이 클립 디자인, 단순해 보이지만 창의적이고 세련된 골드 종이 클립 하트는 지루한 삶을 꾸밀 수 있습니다. 작은 하트 페이퍼 클립 골드는 선물을 위한 최고의 선택입니다.",,"['클립', '종이', '하트', '귀엽다', '골드']"
사무용품,"클립, 집게 및 링",클립,,B078SCLZRG,250피스 로즈 골드 귀여운 종이 클립 드롭 모양 (티어드롭) 스테인리스 스틸 종이 클립 사무실 학교 용품 결혼식 초대장 스크랩북 책갈피 어린이 여성 플래너 (2.5cm(1인치)),DEEDYGO,11620,11620,4.8,1470.0,"내구성이 뛰어나고 재사용 가능한 상자에 담긴 드롭 모양 종이 클립 250개(2.5 x 1.5cm(1 x 0.6인치)) (7.3 x 7.3 x 3cm(2.8 x 2.9 x 밝은 로즈 골드 색상의 프리미엄 스테인리스 스틸 소재, 매끄럽고 예쁘고 내구성이 뛰어납니다 책갈피, 사진 홀더, 레터 홀더, 문서 정리, 결혼식 초대장 장식 등과 같은 다목적 귀여운 종이 클립. 휴대하고 원하는 대로 사용하기 쉽고, 사무실에서 일할 때, 학교에서 학습, 일상 사용 등에 재미와 편리함을 제공합니다. 소녀, 어린이, 여성, 학생, 사무실 직원, 기록 보관소, 디자이너, 비서, 변호사, 책상 직원, 플래너 등에 적합합니다.",,"['종이', '클립', '사무실', '드롭', '초대장', '스테인리스', '스틸', '홀더', '여성', '책갈피']"
사무용품,"클립, 집게 및 링",클립,,B0B9W16FLC,"450팩 메탈릭 컬러 종이 클립, 다양한 사이즈 대형 중형 소형 종이 클립, 부드럽고 내구성이 뛰어난 점보 미니 빅 종이 클립, 교실 책갈피 책상 사무실 홈 크래프트 플래너용",Zo.Yehaa,13836,13836,4.7,179.0,"√제품 구성: 총 450개의 컬러 페이퍼 클립, 50mm(2인치), 중형 종이 클립 100개, 33mm(1.3인치), 28mm(1.1인치) 미니 클립 200개가 포함되어 있습니다. 다양한 요구 사항을 충족시키기 위해 다양한 색상 혼합! √다채로운 종이 클립: 금속 색상의 종이 클립은 더 매력적이며 학교 가정 개인 비즈니스 문서 정리 마킹 작업에 이상적입니다. √고품질 소재: 이 종이 클립은 표면에 플라스틱으로 코팅된 금속으로 만들어졌습니다. 부드럽고 내구성이 뛰어나며 녹슬지 않아 오랫동안 사용할 수 있습니다. √보관 상자 포함: 재사용 가능한 투명 상자에 담긴 3가지 크기의 종이 클립이 있어 제자리에 고정됩니다. 사용 및 보관이 편리합니다. √귀여운 선물: 이 컬러 귀여운 종이 클립 팩은 완벽한 선물입니다. 또한 책상 학교 서류를 정리할 수 있는 좋은 도우미입니다.",3가지 사이즈 밝은 컬러 종이 클립 450개,"['클립', '종이', '컬러', '구성', '중형', '미니', '책상', '금속', '귀엽다', '보관']"
사무용품,"클립, 집게 및 링",클립,,B0711YV8PN,"PTC 사무실 180PCS 컬러 종이 클립 금속 책갈피 메모 노트 페이퍼 클립, 28mm",PTC,8296,8296,4.8,167.0,"소재: 금속 및 플라스틱. 클립 길이는 28m/1.1인치이며 너비는 9mm/0.35인치입니다. 미끄러지지 않고 종이를 제자리에 유지하고, 찢어짐 없이 단단히 종이를 유지합니다. 가정, 학교 또는 사무실에서 사용하기 좋습니다. 재사용 가능한 투명 박스에 포장되어 데스크톱이나 책상 서랍을 정리하고 종이 클립을 편리하게 보관할 수 있습니다.","종이 클립은 좋은 품질과 기능적이며 사무실, 학교 및 가정에서 널리 사용됩니다.","['클립', '종이', '사무실', '학교', '유지', '가정', '금속', '널리', '노트', '단단하다']"
사무용품,"클립, 집게 및 링",클립,,B09LCRV7WJ,100피스 종이 클립 금속 원형 나선형 클립 다채로운 원형 종이 클립 학교 사무실 일상 생활 문서 분류용,Chinco,15221,13836,4.6,106.0,"요구 사항 충족: 받으시는 패키지에는 골드, 블랙, 라이트 그린, 블루, 핑크의 5가지 색상의 원형 종이 클립 100개가 포함되어 있습니다. 각 클립은 약 2.5 x 2.5cm(0.98 x 0.98인치)입니다. 충분한 수와 다양한 색상으로 색상 매칭 및 일상 사용 요구 사항을 충족할 수 있습니다 디테일 디자인: 금속 철 소재로 제작된 원형 종이 클립은 플라스틱으로 코팅되어 있습니다. 컬러 플라스틱 소재의 외부 레이어는 내구성과 녹 방지 기능을 향상시킵니다. 매끄러운 표면은 종이의 긁힘이나 자국을 방지하여 오랫동안 사용할 수 있으며 멋진 사용 경험을 제공합니다 매력적인 나선형 모양: 나선형 모양이 특징인 원형 종이 클립은 일반 종이보다 문서나 파일을 더 단단히 고정할 수 있으며, 참신한 스타일로 사무실, 학교 및 일상 생활의 문서에 적합할 뿐만 아니라 DIY, 책갈피, 앨범 클립, 카드 클립 및 봉투 클립에도 사용할 수 있습니다 편안하고 재미있는 느낌: 다양한 색상의 원형 종이 클립은 다양한 유형과 장면의 문서를 분류하고 구별하는 데 적합하며 문서, 시험 용지, 전단지, 봉투, 포스터 및 티켓 등을 적절하게 보관할 수 있어 바쁘고 피곤한 삶에 약간의 흥미를 더하여 작업 과정에서 편안하고 재미있게 느낄 수 있습니다 사랑스러운 선물: 원형 종이 클립을 준비하는 것은 자녀의 소원과 기대를 표현하는 이상적인 방법이며, 또한 학교에 돌아갈 때 또는 생일, 추수감사절 또는 기타 휴일에 선생님에게 열심히 일한 것에 대한 감사를 표할 수 있습니다. 아름다운 외관과 실용적인 기능을 위한 선물을 좋아할 것입니다","특징: 편리하고 문제 절약: 원형 종이 클립은 사무실에 직접 넣을 수 있는 플라스틱 상자로 포장되어 필요할 때마다 사용할 수 있으며 필요하지 않을 때 보관할 수 있도록 상자에 다시 넣으면 편리하고 문제를 절약할 수 있습니다. 다른 사람들과 공유: 충분한 수량과 분류된 색상으로 동료, 동료 또는 반 친구들과 공유하기에 적합하며 단조로운 삶에 다른 색상을 추가하면서 편리함과 실용적인 목적을 제공합니다. 사양: 소재: 금속 철. 색상: 골드, 블랙, 라이트 그린, 블루, 핑크 사이즈: 2.5 x 2.5 cm/0.98 x 0.98 인치 수량: 100개 패키지 구성: 원형 종이 클립 100개. 참고: 수동 측정, 사이즈에 약간의 오차가 있을 수 있습니다. 화면 디스플레이의 차이로 인해 색상이 약간 다를 수 있습니다. 패키지에 포장된 원형 종이 클립은 혼합 색상입니다. 색상 간에 약간의 양적 차이가 있습니다.","['클립', '종이', '원형', '문서', '일상', '플라스틱', '분류', '나선형', '금속', '편리하다']"
사무용품,"클립, 집게 및 링",클립,,B0BV6GMD8H,100피스 귀여운 종이 클립 로즈 골드 하트 종이 클립 재미있는 미니 종이 클립 어린이 사무용품 웨딩 장식 공예 스크랩북 여성 문서 노트 분류 정리 종이 클램프,Teaaha,12451,12451,4.8,29.0,"고품질: 하트 페이퍼 클립은 녹 방지 및 내구성이 뛰어나며, 클립의 소재는 비닐 코팅이 된 스테인리스 스틸이며 정교한 솜씨, 부식 방지, 매끄러운 표면, 작은 하트 페이퍼클립 로즈골드에 걸림이나 자국을 방지하여 장기간 사용할 수 있습니다 사이즈 세부 정보: 하트 모양의 귀여운 종이 클립은 약 3 x 2.8cm(1.18 x 1.1인치)로, 크기가 작고 무게가 가벼워 사용과 보관이 쉽습니다. 종이 클립은 투명 가방에 보관되어 있으며 로즈 골드 종이 클립 하트 외에도 집, 사무실, 교실에서 사용할 수 있습니다. 편리한 어린이 사무용품을 휴대할 수 있습니다 다기능: 미끄럼 방지 종이 클립을 사용하여 문서와 종이 공예품을 수리할 수 있습니다. 책갈피로 사용할 수 있을 뿐만 아니라 웨딩 카드를 장식하고 파일을 정리하며 일상용으로 사용할 수 있습니다. 또한 집에 돌아올 때 기분을 좋게 하기 위해 사진 걸기와 같이 집을 장식하는 데에도 사용할 수 있습니다. 정교한 디자인: 맞춤형 작은 종이 클립은 귀여운 패턴과 반짝이는 색상을 채택하고 귀엽고 섬세합니다. 사무용품 클립은 폴더와 파일을 정리하고 작업 효율성을 향상시키고 학교 또는 사무실 생활을 정리하고 작업에 더 많은 재미를 더하는 데 도움이 됩니다 훌륭한 선물: 로즈 골드 종이 클립은 일상적인 문서를 클립하는 데 사용할 수 있을 뿐만 아니라 책갈피, 앨범 홀더, 명함 홀더, 봉투 홀더로도 사용할 수 있습니다. 클래식한 하트 모양의 종이 클립 디자인, 단순해 보이지만 창의적이고 스타일리시하여 지루한 삶을 꾸밀 수 있습니다. 바인더 클립은 선물로 최고의 선택입니다.","특징:/가벼운 종이 클립 디자인, 튼튼한 소재, 종이, 메모장, 노트북, 저널, 스크랩북 및 표시해야 하는 모든 것에 쉽게 고정할 수 있습니다./고급스럽고 아름다우며 귀여운 종이 클립 하트. 지루한 스트립이나 검은색 종이 클램프를 교체하십시오. 일하거나 공부하는 동안 칭찬을 즐기세요.//용도:/이 작은 로즈 골드 종이 클립은 책, 노트북, 스크랩북 및 표시해야 하는 기타 물건에 클립으로 고정할 수 있습니다. 사무실, 학교 또는 가정용으로 적합합니다.//제품 사양://제품 이름: 하트 모양 종이 클립/색상: 로즈 골드/소재: 철 와이어/크기: 1.18 x 1.1인치/3 x 2.8cm/중량: 100g/총 중량: 101g/포장 방법: 가방/패키지 크기: 16 x 9 x 1.5cm//제품 구성:/귀여운 종이 클립 100개.","['클립', '종이', '하트', '골드', '귀엽다', '정리', '방지']"
사무용품,"클립, 집게 및 링",클립,,B0CMTKSFSN,"종이 클립, 80팩 10.2cm(4인치) 메가 라지 종이 클립 - 100mm 엑스트라 라지 멀티컬러 점보 코팅 종이 클립 큰 시트 홀더 사무실 학교 문서 정리용",Gute,17991,17991,4.8,1069.0,"【초대형 종이 클립】: 오버사이즈 종이 홀더는 10.2cm(4인치) 100mm로 더 두꺼운 종이를 담을 수 있으며 큰 파일이나 카드를 정리하는 데에도 적합합니다 【강력한 금속 구조】: 내구성을 위해 비닐 코팅이 된 프리미엄 품질의 금속 종이 클립. 부드러운 점보 종이 클립으로 느슨한 페이지를 함께 보관하세요. 매끄러운 마감으로 종이가 찢어지거나 찢어지는 것을 방지합니다. 【재미있고 실용적인 분류 클립】: 장식용 종이 클립은 다양한 모양으로 쉽게 부착하고 분해할 수 있으며 매우 매력적이고 재미있게 사용할 수 있습니다. 다양한 색상으로 문서를 쉽게 색상 코딩할 수 있으며, 문서 폴더 분류에 가장 적합합니다(색상은 사진과 다를 수 있습니다) 【다양한 용도】: 이 금속 클립은 종이, 문서, 브로셔, 명함, 레시피 등을 정리하는 데 이상적입니다. 점보 종이 클립은 25-30장을 담을 수 있으며, 작은 종이 클립은 10-15장을 담을 수 있습니다. 【정교한 패키지】: 편리한 6칸 보관함이 함께 제공됩니다. 깨지거나 긁힐 염려가 없습니다. 책상, 사무실 또는 공예 캐비닛에 Gute 종이 클립을 추가하세요. 종이용 클립은 훌륭한 가정 및 사무실 정리를 유지하는 데 도움이 됩니다.",,"['종이', '클립', '정리', '문서', '금속', '점보', '사무실']"
사무용품,"클립, 집게 및 링",클립,,B09GF2M29X,HAHIYO 종이 클립 튼튼한 10.2cm(4인치) 길이 14팩 종이 클립 튼튼하고 타이트한 그립 녹 방지 재사용 가능한 금속 브라이트 로즈 골드 홈 오피스 학교용,HAHIYO,13836,13836,4.6,783.0,"튼튼함: 금속 솔리드로 제작되어 종이를 고정하고, 구부리기 쉽지 않지만 사용하기 쉽고, 내구성이 뛰어나고, 반복해서 사용한 후에도 단단히 고정되는 그립감이 뛰어납니다. 기능성. 구부리는 능력에 대한 권리를 가지고 있지만 많은 종이를 안전하게 고정할 수 있는 충분한 강성을 유지합니다. 금속은 충분히 두꺼워 모양이 너무 쉽게 구부러지지 않습니다. 직장에서 꼭 있어야 할 아이템, 가정, 사무실 또는 학교에서 매일 사용하기에 좋습니다. 메모, 영수증, 레시피, 쿠폰을 함께 정리하는 등 다양한 용도로 편리합니다. 서류(문서)를 완성하는 곳 어디에서나 도구를 정리할 수 있습니다. 다양한 예술 및 공예 프로젝트에는 종이 클립이 필요합니다. 30장의 종이를 편안하게 고정할 수 있습니다. 사이즈: 길이: 100mm(4인치), 너비: 25mm(1인치), 두께: 2.2mm.",이 종이 클립은 부식 방지를 위해 니켈 아연 도금(밝고 반짝이는 로즈 골드) 처리되었습니다. 이제 문서와 정리를 제어할 수 있습니다!,"['종이', '고정', '클립', '정리', '금속', '튼튼하다', '방지', '문서', '충분하다', '골드']"
사무용품,"클립, 집게 및 링",클립,,B0BBLR1LF3,"ZZTX 블랙 바인더 클립 종이 클램프 클립 스몰 사이즈, 2.5cm(1인치), 36팩",ZZTX,6966,6966,4.7,178.0,"바인더 클립은 강화 강철로 만들어졌으며 내구성이 뛰어나고 녹 방지 기능이 있습니다 바인더 종이 클립은 사용과 제거가 매우 쉽고 편리합니다 손잡이는 똑바로 세워 놓거나 평평하게 접거나 제거할 수 있습니다 바인더 클립은 느슨한 종이를 안전하게 고정시키는 데 도움이 됩니다 사무실, 작업장, 학교, 가정, 파일 분류에 이상적입니다",,"['클립', '바인더', '종이', '제거', '학교', '분류', '강철', '강화', '고정', '구성']"
사무용품,"클립, 집게 및 링",클립,,B0CRHNBFJJ,"귀여운 종이 클립, 60피스 강아지 모양 종이 클립 동물 책갈피 클립, 다양한 색상, 여성, 남성, 동료, 교사, 학생, 소녀, 소년, 개 애호가를 위한 재미있는 사무실 선물",Daxtril,11066,11066,3.8,8.0,"【강아지 모양 종이 클립 6가지 색상】6가지 색상의 작은 책갈피가 있는 귀여운 강아지 모양의 종이 클립. 반짝이는 외관의 귀여운 디자인으로 삶에 많은 재미를 더합니다. 【벌크 다채로운 종이 클립 60개】실버 10개 + 레드 10개 + 블루 10개 + 골든 10개 + 옐로우 10개 + 그린 10개. 【다양한 상황에 적합】결혼식 초대장, 브라이덜 샤워 안내 및 베이비 샤워를 위한 장식용 종이 클립. 【다양한 사용】귀엽고 사랑스러운 디자인은 스크랩북, 노트북, 정크 잡지 아트 잡지와 함께 사용할 수 있습니다. 【선생님 친구를 위한 선물】훌륭한 사무용품 선물, 학용품 선물. 완벽한 생일 선물, 학생들을 위한 학교 선물.",,"['클립', '선물', '종이', '귀엽다', '강아지', '책갈피', '디자인', '잡지', '샤워', '학생']"
사무용품,"클립, 집게 및 링",클립,,B0CN19XG17,"OTOTO 귀여운 종이 클립 30개 - 동료를 위한 작은 선물, 귀여운 학교 용품, 독특한 사무용품, 종이 클립 귀여운 사무용품, 재미있는 선물, 종이 클립 홀더",OTOTO,13766,13766,4.6,243.0,"정리에 뛰어들세요 - OTOTO Sardines의 재미있는 종이 클립으로 종이 정리에 재미를 더하세요! 물고기 모양이며 틴에 꼭 맞는 이 클립 30개, 블루 15개, 아쿠아 15개는 귀여운 학용품과 독특한 사무용품 애호가들에게 인기가 있습니다! 완벽하게 포장되어 멋지고 기발한 제품 - 이 귀여운 종이 클립은 실용성과 재미를 선사합니다. 동료를 위한 작은 선물, 귀여운 사무용품 또는 학생을 위한 선물로 이상적이며, 일상적인 일상을 바다 모험으로 바꿔줍니다! 정어리 스타일, 진지한 기능 - 이 작은 종이 클립의 귀여운 디자인 도구는 날카로운 모서리 없이 설계되어 종이가 찢어지지 않습니다. 편리한 보관도 간단합니다. 사용 후 뚜껑을 다시 넣기만 하면 됩니다! 교실 용품 및 공부 필수품에 정말 훌륭한 추가 아이템입니다. 눈길을 끄는 선물 - 여성을 위한 사무실 선물이나 트위스트가 있는 재미있는 선물을 찾고 계십니까? 정어리 테마 종이 클립은 특히 어부를 위한 선물이나 동료를 위한 기발한 사무실 선물을 좋아하는 사람들에게 훌륭한 선택입니다 집안일을 OTOTOTally 즐겁게 만듭니다! - 넷플릭스, 버즈피드, 뉴욕 타임즈에 등장하며 5억 개 이상의 온라인에서 사랑받고 있는 디자인 상을 받은 OTOTO 스튜디오의 기기는 집안일을 없애줍니다! 일상에서 스핀할 준비가 되셨나요? 귀엽고 멋진 도구를 사용하면 모든 작업이 재미있는 장면입니다!","OTOTO 정어리 - 재미있는 종이 클립 30개, 동료를 위한 작은 선물, 귀여운 학교 용품, 독특한 사무용품, 종이 클립 귀여운 물고기 모양 클립","['클립', '종이', '선물', '귀엽다', '사무', '재미있다', '작다', '동료', '정어리', '독특하다']"
사무용품,"클립, 집게 및 링",클립,,B0CJHY4P3Z,MECCANIXITY 금속 와이어 할로우 아웃 클립 32mm 귀여운 미니 바인더 종이 클립 블랙 의류 빌 종이 사무용품용 50개,MECCANIXITY,11066,11066,4.0,7.0,"이 종이 클립은 주로 사무실에서 종이, 문서 및 메모를 정리하는 데 사용되며, 청첩장을 함께 보관하고, 생일 또는 파티 카드를 고정하고, 기타 DIY 공예 프로젝트를 하고, 옷을 보관하고, 가방 및 예술 공예품을 집에서 밀봉하는 데에도 사용됩니다. 패키지 구성: 50 x 종이 클립; 와이어 직경: 1mm; 전체 크기: 32 x 8mm / 1.26 x 0.31 인치 (길이 x 너비); 소재: 금속 내부 금속 소재로 클립을 견고하고 내구성이 뛰어나며 쉽게 변형되지 않습니다. 찢어지는 페이지와 미끄럼 방지를 줄이면서도 아름다운 외관을 유지할 수 있습니다 설치 단계: 1. 먼저 종이를 정리하세요. 2. 그런 다음 클립을 사용하여 페이지를 잘 잡습니다 제품은 작은 종이 클립이며, 잡을 수 있는 페이지 수는 종이의 두께와 관련이 있습니다","이게 뭐야? 이 종이 클립은 주로 사무실에서 종이, 문서 및 메모를 정리하는 데 사용되며, 청첩장을 함께 보관하고, 생일 또는 파티 카드를 고정하고, 기타 DIY 공예 프로젝트를 하고, 옷을 보관하고, 가방 및 미술 공예품을 집에서 밀봉하는 데에도 사용됩니다. 무엇을 받게 됩니까? 패키지 구성: 50 x 종이 클립 와이어 직경: 1mm 전체 사이즈: 32 x 8mm / 1.26 x 0.31 인치(길이 x 너비). 재료: 금속 제품에 장점이 있습니까? 내부 금속 소재로 클립을 견고하고 내구성이 뛰어나며 쉽게 변형되지 않습니다. 페이지가 찢어지고 미끄럼 방지 기능이 있으며 아름다운 외관을 유지할 수 있습니다. 사용 방법 설치 단계: 1. 먼저 종이를 정리하세요. 2. 그런 다음 클립을 사용하여 페이지를 잘 잡습니다. 무엇을 알아야 하나요? 제품은 작은 종이 클립이며, 잡을 수 있는 페이지 수는 종이의 두께와 관련이 있습니다.","['종이', '클립', '페이지', '금속', '보관', '구성', '정리', '와이어']"
사무용품,"클립, 집게 및 링",클립,,B0CBNDG7BT,"크리스마스 30피스 귀엽고 다채로운 종이 클립, 6가지 모양, 재미있는 종이 클립 책갈피 플래너 클립, 재미있는 사무용품 학교 선물 웨딩 장식, 독점 크리스마스 세트",OWLFAVO,8296,8296,4.7,26.0,"패키지 구성: 수량: 30개, 총 6가지 모양, 각 모양 5개, 보관: 투명 아크릴 상자 1개, 금속 와이어 지름 Φ1.2mm 사랑스러운 디자인: 그린 트리, 퍼플 스타킹, 핑크 스타, 옐로우 선물, 레드 캔들, 블루 벨, 크리스마스에 눈길을 끄는 6가지 모양 고품질: 고품질 금속 소재로 제작되어 안전하고 신뢰할 수 있으며 무독성, 변색 방지, 강하고 내구성이 뛰어나 장시간 사용 가능 기능성 사용: 종이를 단단히 고정시켜 책갈피, 사진 홀더, 메모 클립, 캘린더 마커 등으로 사용할 수 있습니다. 정교한 선물: 실용적인 작은 선물과 동료, 독서 애호가, 학생 및 친구들에게 재미있는 선물. 가정, 대학 및 사무실에 이상적입니다",,"['선물', '클립', '크리스마스', '종이', '재미있다', '구성', '금속', '책갈피']"
사무용품,"클립, 집게 및 링",클립,,B0BHNDGN1Z,"핑크 점보 종이 클립, 5.1cm(2인치) 종이 클립 265개, 가정, 학교 및 사무실에서 사용하기에 이상적인 서류 작업용 대형 파프 클립 (5.1cm(2인치), 핑크)",DANRONG,12451,12451,4.8,361.0,"점보 종이 클립-이 대형 클립은 50 x 11mm / 2.0x0.43인치(길이 x 너비)입니다. 프리미엄 소재 및 경제성 - 이 프리미엄 소재는 사무실 종이 클립에 높은 매끄러움, 내구성 및 녹 방지 기능을 제공하며 오래 사용할 수 있으며 저렴한 가격으로 훨씬 경제적입니다. 다용도: 사무실, 학교 및 일상 파일 문서를 클립하는 데 사용할 수 있을 뿐만 아니라 DIY, 책갈피, 사진 앨범 클립, 명함 홀더 및 봉투 클립으로도 사용할 수 있습니다. 패키지: 패키지에는 260개의 대형 종이 클립이 포함되어 있습니다. 재사용 가능한 투명 상자에 포장되어 책상이나 책상 서랍을 정리할 수 있습니다. - 당사는 제품을 지지하며 제품에 문제가 발생하면 질문 없이 환불을 제공합니다. 아마존 메시징 시스템을 통해 당사에 직접 연락하기만 하면 됩니다. 기꺼이 도와드리고 질문에 답변해 드리겠습니다.",,"['클립', '종이', '대형', '사무실', '패키지', '학교', '점보', '책상', '질문', '프리미엄']"
사무용품,"클립, 집게 및 링",클립,,B07JWF85V4,"BAZIC 바인더 클립 미디엄 32mm(1 1/4인치) 블랙, 종이 클램프 종이 클립, 사무실 학교 용품 가정 주방용 종이 클립 (12/팩), 1팩",BAZIC Products,8296,8296,5.0,8.0,"⭐ 종이 홀더. 클래식 블랙 및 실버 색상. 팩 당 12개 유닛. 편리한 보관을 위해 판지 상자에 담겨 배송됩니다. 책상과 서류를 깔끔하고 깨끗하며 전문적으로 보이게 하세요. ⭐ 강력한 그립. 이 페이퍼클립의 효율적인 삼각형 디자인은 탁월한 강도와 최적의 압축을 제공하면서도 쉽게 풀 수 있습니다. ⭐ 고품질 소재. 강화 강철로 제작: 녹 방지, 견고하고 균일한 그립은 최대 용량에서도 미끄러짐을 방지합니다. 손잡이를 접을 수 있어 파일 정리 및 보관이 간편합니다. ⭐ 다양한 용도: 사무실, 가정, 학교, 학생, 교사가 문서, 종이, 파일, 옷, 사진, 포스터 걸기에 좋습니다. 식품 클램프, 보관 및 실외 응용 분야로도 사용할 수 있습니다. ⭐ 기능성. 많은 양의 느슨한 종이를 함께 안전하게 고정하십시오. 냉동 채소와 칩 봉지를 닫습니다. 저희 소모품은 대량 수량으로 제공됩니다.",,"['종이', '보관', '클립', '가정', '클램프', '방지', '파일', '블랙', '사무실', '학교']"
사무용품,"클립, 집게 및 링",클립,,B074VNZYDH,ACCO Brands RPD76070 - FM32 Flat Clinch 종이 클립,ACCO Brands,22076,22076,4.8,159.0,"#1 사이즈 종이 클립, 10장 용량, 미끄럼 방지 리지드 와이어는 미끄러질 위험을 방지합니다 종이 클립은 표준 와이어 구조가 특징입니다. 아연 아연 도금 도금은 부식을 방지하고 실버 색상을 제공합니다 박스 20개, 종이 클립/박스 100개(총 2000개), 미국에서 제작.","표준 와이어 구조의 종이 클립은 비용 효율적이며 고품질 종이 고정 기능을 제공합니다. 최대 10장의 시트를 안전하게 담을 수 있으며 아연 도금 도금은 부식을 방지합니다. 미끄러질 위험을 없애기 위해 매끄럽거나 미끄럼 방지 리지드 와이어로 제공됩니다. 실버 마감, 박스 20개, 박스당 종이 클립 100개, 총 2000개.","['종이', '클립', '방지', '도금', '와이어', '박스', '아연', '미끄럼', '구조', '위험']"
사무용품,"클립, 집게 및 링",클립,,B0C5WV2C5V,하트 종이 클립 골드 러브 하트 모양 작은 종이 클립 로즈 골드 귀여운 금속 저널링 종이 클램프 종이 클립 여성용 종이 문서 노트 분류 웨딩 장식 공예 100개,KALIONE,7742,7742,4.8,40.0,"패키지 구성: 총 100개의 작은 하트 종이 클립 골드가 플라스틱 케이스와 함께 제공되어 편리하게 보관할 수 있습니다. 적합한 사이즈: 미니 하트 종이 클립은 약 2.1 x 2.4cm(0.82 x 0.94인치) 크기입니다. 프리미엄 소재: 러브 하트 모양의 미니 종이 클립은 고품질 금속으로 제작되어 모양이나 색상을 잃지 않고 오래 사용할 수 있습니다. 재사용이 가능하고 내구성이 뛰어납니다. 특별한 디자인: 맞춤형 하트 모양 미끄럼 방지 종이 클립은 미니 하트 모양 디자인으로 귀엽지만 사무실, 학교 또는 가정에서 사용하기에 실용적입니다. 다양한 용도: 로즈 골드 하트 종이 클립은 파일, 종이 또는 문서 분류 및 정리, 스크랩북 만들기, 독특한 책갈피 만들기, 봉투 보관, 맞춤형 카드 만들기 등과 같은 다양한 용도로 사용할 수 있습니다.",참고:/수동 측정으로 인해 크기와 무게에 특정 오차가 있을 수 있습니다./모니터 차이로 인해 약간의 색상 차이가 있을 수 있습니다.,"['종이', '하트', '클립', '골드', '미니', '만들기', '맞춤', '러브', '작다', '문서']"
사무용품,"클립, 집게 및 링",클립,,B08XQ3KN72,Rurili 창의적인 금속 달과 별 모양 종이 클립 특수 모양 전기 도금 보이지 않는 핀 사무실 문서 파일 정리 학교 문구용 50개 (실버),LLHDKF,12451,15221,4.8,107.0,"☆ 소재: 금속 재질의 종이 클립은 표면이 매끄럽고 녹이 슬거나 부서지기 어렵고 종이에 걸리거나 자국이 남지 않습니다. ☆ 사이즈: 26mm / 1.02인치. ☆ 이 종이 클립은 파일을 멋지게 꾸미고, 노트북, 책갈피, 스크랩북, 달력 마커 및 기타 물건을 안전하게 부착하고 정리할 수 있도록 도와줍니다. 사무실, 가정 및 일상용으로 적합합니다. ☆ 정교한 디자인: 귀여운 달과 별 모양의 특수 금속 도금 공예품은 일과 삶을 더 잘 꾸밀 수 있다고 믿습니다. 사무실, 학교 및 일상 파일 문서를 클립하는 데 사용할 수 있을 뿐만 아니라 DIY, 책갈피, 사진 앨범 클립, 명함 홀더 및 봉투 클립으로도 사용할 수 있습니다.",,"['클립', '종이', '사무실', '파일', '금속', '특수', '책갈피', '정리', '학교', '문서']"
사무용품,"클립, 집게 및 링",클립,,B00T8W329W,"U Brands 바인더 클립, 대형 5.1cm(2인치) 너비, 2.5cm(1인치) 용지 보관 용량, 블랙 및 실버 스틸, 12개",U Brands,13836,8656,4.8,1448.0,"5.1cm(2인치) 너비와 최대 2.5cm(1인치)의 종이를 담을 수 있는 대형 바인더 클립 12개 실버 스틸 암이 있는 클래식 블랙 메탈은 견고함을 제공합니다 짜서 쉽게 열고 단단히 잡을 수 있습니다 바인더 클립은 내구성이 뛰어나고 재사용이 가능하여 장시간 작동합니다 U Brands의 다른 U Brands 블랙, 화이트, 그레이 사무실 도구와 매치하여 클래식한 오피스 룩을 연출하세요","U Brands가 디자인한 이 클래식한 블랙 바인더 클립은 홈 오피스, 교실 및 직장에서 중요한 서류를 정리할 때 안정성을 더합니다. 바인더 클립은 5.1cm(2인치) 또는 51mm 너비와 2.5cm(1인치) 용지 보관 용량을 특징으로 합니다. 스틸 암으로 조립된 클립은 문서를 매우 강하게 잡을 수 있어 정리하고 작업할 준비가 되어 있습니다. 사용 후 다시 원래 모양으로 구부릴 수 있도록 클립을 재사용할 수 있습니다. 링 바인더에 이상적인 이 클립은 사무용품에 큰 도움이 됩니다. 포장은 클립을 보관하고 사무실 공간에 깔끔하게 보관할 수 있는 편리한 방법을 제공하는 동시에 낭비를 줄일 수 있습니다. U Brands의 다른 U Brands 사무실 도구와 매치하여 사무실 공간을 업그레이드하세요. U Brands 제품은 여러분을 염두에 두고 디자인되었습니다!","['클립', '바인더', '사무실', '블랙', '보관', '클래식', '스틸', '대형', '디자인', '실버']"
사무용품,"클립, 집게 및 링",클립,,B09PKK4PT6,"60피스 귀여운 종이 클립 강아지 모양 종이 클립 동물 책갈피 클립, 여성 남성 동료, 개 애호가를 위한 재미있는 사무실 선물",Wayilea,12534,12534,4.7,71.0,"강아지 모양의 귀여운 종이 클립. 60개, 빛나는 외관. (레드 10개 + 퍼플 10개 + 실버 10개 + 골든 10개 + 블랙 10개 + 그린 10개) 사무실 학교 용품 및 책 독서 애호가를 위한 종이 클립 책갈피 메모 클립. 청소년 동료, 여성 남성을 위한 크리스마스 선물. 동료 강아지 애호가를 위한 휴일 선물 사무실 선물.",,"['클립', '종이', '선물', '강아지', '애호가', '동료', '사무실', '책갈피', '남성', '여성']"
사무용품,"클립, 집게 및 링",클립,,B09VFVMP1G,"종이 클립, 대형 종이 클립, 점보, 50mm, 5.1cm(2인치), 스무스, 100개/박스 (라이트 핑크)",YOPINK,11066,11066,4.8,108.0,"점보 클립 100개, 50mm/2인치, 0.4인치/10mm 너비 디자인, 플래너에 적합. 대형 점보 종이 클립은 점보 프로젝트를 안전하게 보관할 수 있는 완벽한 선택입니다. 매력적이고 견고하며 에세이와 프레젠테이션에 약간의 광택을 더하는 데 이상적입니다. 고품질 전기 도금 금속 종이 클립, 매끄러운 와이어 마감으로 종이를 손상시키지 않으며 탄력성과 내구성이 뛰어납니다. 가정, 학교 또는 사무실에서 사용하기에 적합하며 종이 클립, 파일 클립, 책갈피, 사진/레터 홀더 등으로 적합합니다. 일상 문서와 봉투를 분류하는 데 사용됩니다. 사무실, 학교, 일상용으로 적합합니다.","YOPINK 컬러 종이 클립은 고품질 소재로 만들어져 내구성이 뛰어나고 재사용이 가능하며 미끄럼 방지 및 매끄러움. 가정, 학교 및 사무용품에 이상적입니다. 필요한 제품이 될 것이라고 믿습니다.","['클립', '종이', '점보', '학교', '사무실', '매끄럽다', '가정', '구성', '대형']"
사무용품,"클립, 집게 및 링",클립,,B076GZZB4K,"종이 클립 책갈피 개와 개 뼈 모양, 귀여운 사무용품, 강아지 애호가 선물, 틴 2개 팩",HiQin,11066,11066,4.7,159.0,"귀여운 책갈피와 종이 클립 강아지는 뼈를 좋아합니다. 총 60개, 개 30마리 + 뼈 30개, 스틸 틴 박스 2개가 들어 있습니다. 사무실 학교 용품 및 책 독서 애호가를 위한 종이 클립 책갈피 메모 클립은 청첩장 카드와 같은 파티 카드에도 적합합니다. 귀엽고 사랑스러운 디자인, 데일리 플래너, 노트북, 캘린더 마커와 함께 사용할 수 있습니다 어린이 강아지 애호가를 위한 발렌타인 선물.",,"['클립', '강아지', '종이', '귀엽다', '뼈', '애호가', '책갈피', '선물', '카드', '발렌타인']"
사무용품,"클립, 집게 및 링",클립,,B0996BG125,"핑크 점보 종이 클립, 대형, 미끄럼 방지 및 부드러움, 클립 50개/박스",YOPINK,12451,12451,4.8,87.0,"점보 핑크 종이 클립 50개, 50mm/2인치, 0.9인치 너비 디자인, 플래너에 적합합니다. 고품질 전기 도금 금속 종이 클립, 부드러운 와이어 마감으로 종이를 손상시키지 않으며 신축성과 내구성이 뛰어납니다. 가정, 학교 또는 사무실용, 종이 클립, 파일 클립, 책갈피, 사진/글자 홀더 등으로 적합합니다. 대형 점보 종이 클립은 점보 프로젝트를 안전하게 보관할 수 있는 완벽한 선택입니다. 매력적이고 견고하며 에세이 및 프레젠테이션에 약간의 광택을 더하는 데 이상적입니다. 제품을 받으면 제품에 문제가 있으면 이메일을 보내주십시오.","설명 YOPINK 종이 클립은 고품질 소재로 만들어졌으며 내구성이 뛰어나고 재사용이 가능하며 미끄러지지 않고 매끄럽습니다. 가정, 학교 및 사무용품에 이상적입니다. 저는 그것이 당신에게 필요한 제품이라고 믿습니다. 특징 -색상: 핑크. - 종이에 녹이 슬지 않습니다. - 핑크 점보 종이 클립 50개, 50mm 및 23mm 너비 디자인, 플래너에 적합합니다. - 종이 클립과 패키지는 모두 재사용이 가능합니다. - 모든 종이 클립은 투명 상자에 담겨 있어 보관과 가져오기에 편리합니다. 용도: 목적: 모두. 장소: 호텔, 사무실, 학교, 레스토랑, 상점 및 공예.","['종이', '클립', '점보', '핑크', '학교', '가능하다', '대형', '가정', '디자인', '재사용']"
사무용품,"클립, 집게 및 링",클립,,B07JX893X4,집안의 동물 고양이 모양의 종이 클립 실버 주석과 선물 상자 종이 클립 수집가나 동물 애호가에게 적합합니다.,Butler in the Home,23531,23531,4.6,85.0,"실버 주석에 뚜껑이 있는 실버 주석에 40개의 고양이 모양의 종이 클립 (무게로 포장) 고양이, 동물 또는 애완 동물 애호가에게 좋습니다. 어린이와 어른에게 좋습니다! 이 고양이 종이 클립은 사무실 공간을 밝게 합니다. 고양이 종이 클립을 안전하게 보관할 수 있는 뚜껑이 달린 편리한 실버 틴으로 제공됩니다. 집안의 버틀러가 당신에게 가져왔습니다!",,"['고양이', '클립', '종이', '동물', '실버', '주석', '집안', '애호가', '뚜껑']"
사무용품,"클립, 집게 및 링",클립,,B007TR2DLG,"Officemate 바인더 클립, 골드, 다양한 사이즈, 통안에 클립 30개 (31022)",Officemate,10844,10844,4.7,4125.0,"유지력이 탁월해 파일을 정리하고 안전하게 유지합니다. 손잡이는 손작업을 하거나 걸기 위해 세워져서 유지될 수 있으며, 보관을 위해 평평하게 접거나 영구적인 바인딩을 위해 제거할 수 있습니다. 다양한 사이즈: 미디엄 6개, 스몰 12개, 미니 클립 12개","우수한 유지력, 파일을 정리하고 안게 유지합니다. 다양한 크기의 30개의 바인더 클립 미니 12개, 스몰 12개, 미디엄 6개가 포함되어 있습니다. 손작업을 위해 손잡이를 접거나 바인딩을 위해 제거할 수 있습니다. 편리하고 재보관 가능한 책상 상단 또는 책상 서랍 보관 통에 포장되어 있습니다. 골드 색상으로 제공되어 문서와 폴더에 이그제큐티브 룩을 연출할 수 있습니다.","['유지', '클립', '보관', '바인딩', '책상', '손', '작업', '정리', '제거', '손잡이']"
사무용품,"클립, 집게 및 링",클립,,B07D347HKS,"NXG 20팩 멀티컬러 금속 와이어 바인더 클립 세트, 10피스 2.25인치, 1.57인치 종이 금속 클립, 사무실 용품 학교 액세서리 - 다채로운 빈 종이 정리함",NX Garden,13836,13836,4.5,202.0,"소재: 고품질 스프링 스틸, 컬러 도금, 좋은 신축성, 내구성 및 녹 방지. 디자인: 혁신적이고 심플한 속이 빈 디자인, 어떠한 텍스트도 가리지 않습니다. 스타일리쉬: 사용하기 쉽습니다. 컬러풀하고 귀여운 외관이 당신의 삶을 더욱 재미있게 만듭니다. 다용도: 서류, 메모, 영수증, 가방, 책갈피, 파일, 티켓, 옷, 기타 작은 물건을 보관하기에 이상적입니다. 용도: 사무실, 비즈니스, 학교, 가정 등에 적합합니다.","이 클립은 구부러지지 않고, 옷감핀은 거의 모든 물체에 고정됩니다./색상: 멀티 (그린, 퍼플, 로즈 골드, 골드, 블랙)/사이즈(대략. ):1.57인치 및 2.25인치/용도: 간단하고 실용적인 디자인이며 사용하기 쉽습니다./단단한 그립감을 잡아주며 많은 용도를 가지고 있습니다./서류, 서류, 티켓, 옷, 작은 물품 등을 보관하기에 이상적입니다./옷 라인에 이상적이며, 가방 밀봉은 대신 신선하게 유지하고, 종이 클립, 복도에 액세서리를 정리하는 등/신선함을 유지하고 중요한 종이를 함께 클립 등을 위해 식품 백을 봉합할 수 있습니다./색상은 매우 예쁘고 반짝입니다./멋진 선물이 될 것입니다./패키지: 20pcs 금속 바인더 클립 (중간 10개와 스몰 10개)","['클립', '종이', '디자인', '옷', '금속', '서류', '가방', '사무실', '골드', '컬러']"
사무용품,"클립, 집게 및 링",클립,,B09KTYW32L,"종이 클립 400개, 미디엄 점보 종이 클립, 컬러 종이 클립, 학교 사무실 개인용(5.1cm(2인치))",acDesign,15221,15221,4.8,144.0,"내구성이 뛰어난 녹 방지 코팅이 된 400가지 컬러 코팅 종이 클립 미디엄은 벗겨지거나 녹슬지 않으며 연성이 잘 깨지지 않으며 방수 및 미끄럼 방지 기능이 있습니다 종이 클립은 문서 분류 및 표시, 식품 봉투 밀봉, 메모 표시 및 수동 사용에 사용됩니다. 큰 사이즈로 많은 양의 문서와 종이를 안전하게 묶고 쉽게 제거할 수 있습니다 종이 클립의 매끄러운 표면은 종이를 가로질러 쉽게 미끄러져 추가, 조정 또는 제거할 수 있습니다. 매끄러운 표면은 문서를 찢어지거나 손상시키지 않습니다 종이 클립은 가정, 학교, 사무실, 도서관에도 적합할 뿐만 아니라 DIY, 책갈피, 앨범 홀더, 명함 홀더, 봉투 홀더 등에도 적합합니다 보관을 돕는 작은 가방이 함께 제공되어 테이블을 깨끗하고 깔끔하게 정리하여 제품을 쉽게 잃어버리지 않고 재사용 할 수 있습니다",,"['종이', '클립', '홀더', '문서', '사무실', '학교', '미디엄', '매끄럽다', '방지', '제거']"
사무용품,"클립, 집게 및 링",클립,,B0C2M7YJV9,"바인더 클립 - 2.5cm(1인치) 48개, 책상용 종이 클립 홀더가 있는 종이 바인더 클립, 사무실, 학교, 가정용 중형 종이 클램프",,13822,13822,5.0,1.0,"바인더 클립은 튼튼한 강철로 특별히 가공되어 내구성이 뛰어나고 녹 방지 기능이 있습니다. 멀티 컬러 2.5cm(1인치) 클립, 48개로 사무실이나 공부 요구 사항을 충족할 수 있습니다. 보관 용기도 함께 제공됩니다. 종이 바인더 클립은 느슨한 종이를 빠르게 묶을 수 있습니다. 다양한 색상의 바인더 클립은 서로 다른 파일을 쉽게 구별할 수 있습니다. 재사용 가능한 바인더 클립, 훌륭한 문서 도우미, 교체 준비, 환경 친화적입니다. 바인더 클립은 일상 사무실, 가정 및 학교에서 사용하기에 적합합니다.","패키지 구성: 2.5cm(1인치) 종이 바인더 클립 48개, 바인더 클립 1개, 메시 오거나이저","['클립', '바인더', '종이', '사무실', '학교', '가정', '구성']"
사무용품,"클립, 집게 및 링",클립,,B0C6S8TC5V,"102팩 클립 사무용품 집 모양 종이 클립 50개, 키 모양 와이어 종이 클립 50개, 투명 보관 상자 2개, 에이전트 사무실, 가정, 교실, 책상 액세서리, 선물용 (실버)",Gueevin,17991,17991,4.9,92.0,"패키지 정보: 집 모양 종이 클립 50개, 열쇠 모양 와이어 종이 클립 50개, 투명 보관 상자 2개, 총 102개가 제공됩니다. 충분한 수량은 사용 요구 사항을 충족하며 가족과 공유할 수 있습니다 우아한 디자인: 당사의 작은 금속 종이 클립은 대부분의 사람들의 미학에 맞춰 세련된 외관으로 디자인되어 섬세하고 아름답게 보이며 작업에 기쁨을 가져다 줄 것이며 대부분의 사람들에게 적합합니다 정교한 솜씨: 이 키 모양의 와이어 종이 클립은 주로 신뢰할 수 있는 금속 소재로 만들어져 가볍고 안전하며 견고하며 쉽게 깨지거나 색이 바래지 않습니다. 신뢰할 수 있는 소재로 오랫동안 사용할 수 있습니다 쉬운 사용: 이 다채로운 종이 클립은 작고 가벼워 사용하기 쉽고 종이, 노트북 등을 보관하는 데 사용할 수 있으며 사용하지 않을 때 쉽게 제거할 수 있으며 세련된 디자인으로 외관에 영향을 주지 않습니다 좋은 사용 경험: 이 다채로운 금속 종이 클립은 귀여운 외관을 가지고 있으며, 고객은 이 집과 열쇠 모양에 관심을 가질 것입니다. 이는 좋은 사용 경험을 제공하고 좋은 추억을 남길 것입니다",,"['종이', '클립', '와이어', '외관', '보관', '디자인', '집', '금속', '열쇠', '세련되다']"
사무용품,"클립, 집게 및 링",클립,,B0CJ913D7C,"바인더 클립 다양한 사이즈 60팩, 블랙, 미니, 스몰, 미디엄, X 미디엄, 바인더 종이 클립, 폴드 클램프, 사무용품, 책상 용품, 플라스틱 상자 포함",makanu,12465,12465,4.7,17.0,"소재: 당사의 바인더 클립은 튼튼한 강철로 만들어졌으며 부드러운 파우더 코팅 마감과 니켈 도금 핸들, 내구성이 뛰어나고 녹 방지 기능이 있습니다. 사이즈: 다양한 사이즈 (32mm 15개, 25mm 15개, 19mm 15개, 15mm 15개) 사무실 학교 홈 데스크 용품 다양한 용도: 저희 클립은 느슨한 종이 더미를 빠르고 일시적으로 묶습니다. 모든 음식을 공기 중에 닫습니다. 재사용 가능: 클립은 재사용이 가능하며 팔을 꼬집어 쉽게 제거할 수 있어 언제든지 문서에 완전히 액세스할 수 있습니다. 용도: 당사의 바인더 종이 클램프는 사무실, 가정 및 학교에서 매일 사용하기에 적합합니다. 식품 클램프, 옷, 가구 및 실외 용도로도 사용할 수 있습니다.",,"['클립', '바인더', '클램프', '종이', '사무실', '학교', '미디엄', '재사용']"
사무용품,"클립, 집게 및 링",클립,,B074K7NQVQ,"Amazon Basics 점보 사이즈 사무실 종이 클립, 미끄럼 방지, 1000개 (100개 10팩), 실버, A7072557",Amazon Basics,20747,20747,4.7,4113.0,"점보 사이즈 종이 클립 10박스 세트, 각 상자에는 총 1,000개의 종이 클립을 위한 100개의 종이 클립이 포함되어 있습니다 종이를 단단히 고정시키면서도 쉽게 제거하여 문서에 완전히 액세스할 수 있습니다 각 점보 사이즈 종이 클립은 최대 20장의 종이를 담을 수 있습니다(일반 종이 클립의 두 배) 부식 방지를 위한 아연 아연 도금 도금이 있는 표준 와이어 구조. 전문적인 외관을 위한 실버 색상 미끄럼 방지 마감으로 안전한 배치를 위해 표면을 따라 리지가 포함되어 있습니다. 가정, 학교 또는 사무실에 이상적입니다","Amazon Basics 점보 사이즈 사무실 종이 클립, 미끄럼 방지, 박스 당 100개, 10팩/Amazon Basics","['종이', '클립', '방지', '점보', '미끄럼', '사무실', '실버', '아연', '박스', '도금']"
사무용품,"클립, 집게 및 링",클립,,B0CH1NXF9G,Mr. Pen - 클립,Mr. Pen,6911,6911,4.7,28.0,"이 세트에는 Mr. 펜 코너 종이 클립으로 광범위한 사용과 정리가 가능합니다. 팩은 4가지 패셔너블한 색상으로 나뉘어져 있으며, 각 색상마다 5개의 클립이 있어 색상 코딩과 세련된 문서 처리에 적합합니다. 클래식한 그린, 생생한 레드, 매끄러운 그레이, 우아한 크림이 특징인 매력적인 팔레트가 있는 이 코너 클립은 파일을 정리하고 쉽게 꺼낼 수 있도록 하면서 서류 작업에 개성을 더합니다. 각 코너 클립은 긴 면이 5.1cm(2인치), 짧은 면은 3.8cm(1.5인치)로 부피를 추가하지 않고 종이를 안전하게 고정할 수 있도록 설계되어 보고서, 프레젠테이션 또는 보관에 이상적입니다. Mr. Pen 코너 종이 클립은 견고하고 탄력적인 소재로 만들어져 종이를 미끄러지거나 찢거나 손상시키지 않고 여러 페이지를 단단히 고정할 수 있습니다. 이 클립은 페이지를 그룹화할 뿐만 아니라 북마크, 쿠폰 확보, 스크랩북을 위한 창의적인 터치로 사무실, 학교 및 공예 애호가에게 필수적인 도구입니다.",,"['클립', '종이', '코너', '고정', '페이지', '정리']"
사무용품,"클립, 집게 및 링",클립,,B0B3CX9JFV,"Whaline 고양이 모양 금속 바인더 클립 80개, 아크릴 크리스탈 박스 포함, 3가지 디자인, 로즈 골드, 귀여운 고양이 종이 클립, 사무실, 가정, 학교, 파티, 초대장, 카드, 장식, 종이 책갈피, 고양이 애호가 선물",Whaline,20761,20761,4.9,17.0,"패키지 수량 - 패키지에는 3가지 다른 디자인의 바인더 클립 80개와 아크릴 바인더 클립 홀더 1개가 포함되어 있으며 많은 양의 풍부한 색상으로 사용할 수 있습니다. 귀여운 고양이 스타일 - 종이 클립은 모두 로즈 골드 색상으로 고양이 모양으로 만들어져 매우 귀엽고 독특합니다. 3가지 유형의 클립은 다양한 요구 사항을 충족할 수 있습니다. 투명 상자에는 쉽게 보관할 수 있는 칸막이가 있습니다. 품질 보장 - 바인더 클립은 프리미엄 금속 소재로 만들어졌으며 상자는 아크릴로 만들어졌으며 클립은 녹 방지 기능이 있으며 강하고 내구성이 뛰어나며 재사용이 가능하여 일상적인 필요에 적합합니다. 측정 - 고양이 종이 클립은 4 x 2cm / 1.6 x 0.8인치, 고양이 긴 꼬리 클립은 3.8 x 1.9cm / 1.5 x 0.7인치, 고양이 물고기 클립은 3.4 x 1.7cm/1.3 x 0.7인치입니다. 다기능 - 종이가 미끄러지거나 빠지는 것을 방지하기 위해 파일을 함께 묶어 보관합니다. 사무실, 가정 및 학교 일상용으로 적합하며 학생, 교사 등에 적합합니다. 고양이 애호가를 위한 선물이 될 수도 있습니다.","특징 및 장점: 패키지에는 3가지 다른 디자인의 바인더 클립 80개와 아크릴 바인더 클립 홀더 1개가 포함되어 있으며 많은 양의 풍부한 색상으로 사용할 수 있습니다. 튼튼한 금속 소재로 제작된 3가지 유형의 클립은 다양한 요구 사항을 충족시킬 수 있습니다. 사무실, 가정 및 학교 일상 사용에 적합하며 학생, 교사 등에 적합합니다. 사양: 색상: 로즈 골드. 소재: 금속 패키지 구성: 바인더 클립 80개","['클립', '고양이', '바인더', '종이', '아크릴', '패키지', '금속', '귀엽다', '사무실', '디자인']"
사무용품,"클립, 집게 및 링",클립,,B00LBR798M,"Midori 종이 클립, 꽃, 18피스 (43317006)",Designphil,9598,9598,4.2,52.0,"일본 문구 브랜드의 파스텔 컬러 종이 클립 P-51 Midori Midori 종이 클립 P-51 클립 꽃, 18개 모델: 43317006 가방에 담긴 다양한 색상 18개 0개","일본 문구 브랜드 Midori의 파스텔 컬러 종이 클립 P-51, 다양한 색상 18개. MAPKA (51% 펄프)로 만든 가방에 담겨 있습니다","['클립', '종이', '파스텔', '컬러', '일본', '문구', '꽃', '가방', '피스', '펄프']"
사무용품,"클립, 집게 및 링",클립,,B0D2TPPG9H,"340피스 종이 클립 바인더 클립 교사 용품 교실 종이 클립 작은 바인더 클립 종이 클립 다양한 사이즈, 학교, 사무실(블랙)",XUELUN,13836,13836,,,"【340개(바인더+클립】종이 클립 바인더 클립 300개, 다양한 사이즈 포함(28mm100피스 150개, 33mm 및 50mm 종이 클립 50개), 바인더 클립 40개(15mm 12피스 19mm 8피스 25mm) 【종이 클립 바인더 클립 프리미엄 소재】 바인더 클립은 고품질 금속 철로 만들어졌으며 손잡이는 고급 니켈 도금 기술로 가공되었습니다. 종이 클립은 플라스틱으로 코팅된 금속 철로 만들어졌습니다. 이 프리미엄 소재는 클립의 높은 매끄러움, 내구성 및 녹 방지 기능을 제공하여 오래 사용할 수 있습니다. 【종이 클립 바인더 클립】바인더 클립은 선생님/동료/청소년/사무실 근로자와 같이 바인더, 종이 클립이 필요한 사람들에게 적합합니다. 바인더 클립 세트는 생일 선물, 추수감사절 선물, 개학 선물로도 좋습니다. 【다양한 용도】크고 작은 종이 클립, 바인더 클립을 다양한 크기의 블랙으로 사용하여 문서, 폴더, 포스터, 봉투, 전단지를 정리하세요. 작은 물체로 일과 삶을 더 효율적이고 깔끔하게 만듭니다 【다양한 사용】크고 작은 종이 클립, 다양한 크기의 검은색 바인더 클립을 사용하여 문서, 폴더, 포스터, 봉투, 전단지를 정리하세요. 작은 물체는 일과 삶을 보다 효율적이고 깔끔하게 만듭니다 【쉬운 보관】 대형 종이 클립, 중간 종이 클립, 작은 종이 클립, 중간 바인더 클립, 작은 바인더 클립 및 미니 바인더 클립은 각 크기에 대해 6개의 분리된 칸이 있는 플라스틱 용기에 담겨 있습니다. 쉽게 사용할 수 있으며 책상과 서랍을 깔끔하게 유지합니다","340피스 종이 클립 바인더 클립 교사 용품 교실 종이 클립 작은 바인더 클립 종이 클립 다양한 크기, 학교, 사무실(블랙)","['클립', '바인더', '종이', '작다', '피스']"
사무용품,"클립, 집게 및 링",클립,,B085CJGNPV,HAHIYO 종이 클립 대형 5.1cm(2인치) 길이 블루 종이 클립 비닐 코팅 긁힘 방지 페이지 찢어짐 방지 책갈피 정리 홈 오피스 학교 80팩,HAHIYO,11620,11620,4.6,1570.0,"비닐(플라스틱) 코팅 종이 클립은 더 강한 그립감: 플라스틱 코팅 종이 클립이 일반 금속 제품보다 그립감이 좋고 오래 지속된다는 것을 알게 될 것입니다. 완벽하게 녹 방지 기능이 있으며 페이지에 자국을 덜 남깁니다! 견고함: 이 종이 클립은 표면에 플라스틱 코팅이 된 금속으로 만들어져 쉽게 구부러지지 않고 사용하기 쉽고 내구성이 뛰어납니다. 반복해서 사용한 후에도 매우 타이트하고 안전한 그립. 종이 클립은 종이를 더 안전하게 고정할 수 있습니다. 종이 30장을 클립으로 고정하세요. 다기능: 직장뿐만 아니라 가정, 사무실 또는 학교에서 매일 사용하기에도 좋습니다. 다른 많은 용도로 편리합니다 ---메모, 사진, 영수증, 레시피, 쇼핑 요구 사항에 맞는 쿠폰, 스낵 백을 밀봉하고 상상할 수 있는 리본을 말아 올릴 수 있습니다. 서류(문서)가 완료되는 곳 어디에서나 정리할 수 있는 도구입니다. 다양한 예술 및 공예 프로젝트에는 종이 클립이 필요합니다. 사이즈: 길이: 50mm(2인치), 너비: 11mm(0.43인치), 두께: 1.3mm.",발에 쌓인 서류에 묻히지 마세요. 이제 이 아름다운 비닐 코팅 종이 클립으로 폴더를 다채롭게 만들 수 있습니다! 인생은 좋습니다,"['종이', '클립', '코팅', '방지', '비닐', '플라스틱', '페이지', '서류', '금속', '학교']"
사무용품,"클립, 집게 및 링",클립,,B0D31NZQDF,"700개의 종이 클립 다양한 사이즈 미디엄 및 점보 사이즈 사무실 대형 종이 클립 소형 종이 클립 (모음, 실버)",,13836,13836,4.7,85.0,"다양한 크기의 종이 클립: 종이 클립 세트에는 5.1cm(2인치) 점보 종이 클립 50개, 3.3cm(1.3인치) 중간 종이 클립 200개, 2.8cm(1.1인치) 소형 종이 클립 450개가 포함되어 있습니다. 내구성 및 신뢰성: 이 종이 클립은 고품질의 프리미엄 금속으로 만들어져 종이를 손상시키지 않고 문서를 안전하게 고정합니다. 내구성이 뛰어나고 구부러지거나 부서지지 않습니다. 다용도: 이 교사 전용 종이 클립은 사무실, 학교 또는 가정에서 다용도로 사용할 수 있으며 문서를 정리할 뿐만 아니라 책갈피, 메모, 사진 앨범, 카드 홀더, 봉투 홀더 등과 같은 일상적인 DIY 프로젝트에도 사용할 수 있습니다. 편리한 보관: 이 멀티 사이즈 종이 클립은 6개의 분리된 칸이 있는 견고하고 컴팩트한 상자에 들어 있어 쉽게 보관하고 사용할 수 있습니다. 사무실, 책상 및 서랍을 깔끔하게 유지합니다. 판매 후 보호: 다양한 크기의 실버 종이 클립 700개를 받게 됩니다. 질문이 있으시면 언제든지 저희 7x24 친절한 고객 서비스 팀의 지원을 받아 저희에게 연락하여 구매가 완전히 쉬워지도록 하십시오.",,"['종이', '클립', '사무실', '홀더', '다용', '실버', '보관', '점보', '문서', '소형']"
사무용품,"클립, 집게 및 링",클립,,B0C8HL1Q3S,"소형 바인더 클립, 72팩, 1.9cm(3/4인치), 1.9cm(0.75인치), 표준 19mm, 블랙, 소형 바인더 종이 클립, 폴드 클램프, 소형, 소형 종이 클립, 사무실 클립, 마이크로 바인더 클립",Diadem,11080,11080,4.7,98.0,"소재: 당사의 바인더 클립은 튼튼한 강철로 만들어졌으며 부드러운 파우더 코팅 마감과 니켈 도금 핸들, 내구성이 뛰어나고 녹 방지 기능이 있습니다. 스프링 타이트: 스프링 타이트 클립은 느슨한 용지의 큰 스택을 안전하게 고정하는 데 도움이 됩니다 다양한 용도: 저희 클립은 느슨한 종이 더미를 빠르고 일시적으로 묶습니다. 모든 음식을 공기 중에 닫습니다. 재사용 가능: 클립은 재사용이 가능하며 팔의 핀으로 쉽게 제거할 수 있어 언제든지 문서에 완전히 액세스할 수 있습니다. 용도: 당사의 바인더 종이 클램프는 사무실, 가정 및 학교에서 매일 사용하기에 적합합니다. 식품 클램프, 옷, 가구 및 실외 용도로도 사용할 수 있습니다.",,"['클립', '바인더', '소형', '종이', '클램프', '느슨하다', '사무실', '스프링', '타이', '재사용']"
사무용품,"클립, 집게 및 링",클립,,B0D3TKV3WR,275피스 바인딩 종이 클립 금속 종이 클램프 학교 바인더 클립 홈 오피스 종이 클립 빅 헤드 푸시 핀 지도 마킹 핀 작은 고무 밴드 보관 상자 포함 그린,GSHLLO,12451,12451,,,"소재: 금속, 플라스틱 사이즈: 바인더 클립: 길이 28mm, 종이 클립: 길이 19mm, 압정: 길이 21mm, 고무 밴드: 지름 25mm 수량: 275개 (보관함 포함) 삶과 직장의 다양한 요구를 쉽게 충족시킬 수 있습니다 풍부한 색상으로 문서를 다룰 때 항상 창의력을 발휘할 수 있습니다",풍부한 색상으로 문서를 다룰 때 항상 창의력을 발휘할 수 있습니다,"['클립', '종이', '고무', '창의력', '보관', '밴드', '발휘', '바인더', '문서', '풍부하다']"
사무용품,"클립, 집게 및 링",클립,,B0CD7HY2HM,"미디엄 바인더 클립 2.5cm(1인치) 블랙 72개, 바인더 클립 25mm 2.5cm(1인치) 교사 학교 사무실 및 비즈니스용",Panpub,12465,12465,4.8,18.0,"소재: 당사의 바인더 클립은 튼튼한 강철로 만들어졌으며 부드러운 파우더 코팅 마감과 니켈 도금 핸들, 내구성이 뛰어나고 녹 방지 기능이 있습니다. 사이즈: 2.5cm 25mm 블랙 클립, 72개, 일상적인 필요에 적합합니다. 다양한 용도: 저희 클립은 느슨한 종이 더미를 빠르고 일시적으로 묶습니다. 모든 음식을 공기 중에 닫습니다. 재사용 가능: 클립은 재사용이 가능하며 팔의 핀으로 쉽게 제거할 수 있어 언제든지 문서에 완전히 액세스할 수 있습니다. 용도: 당사의 바인더 종이 클램프는 사무실, 가정 및 학교에서 매일 사용하기에 적합합니다. 식품 클램프, 옷, 가구 및 실외 용도로도 사용할 수 있습니다.","바인더 클립, 홈 스쿨 사무용품용//15mm(5/8인치) ----용지 30장./19mm(3/4인치) ----용지 40장./25mm(1인치)----종이 55장./32mm(1-1/4인치) ----용지 80장./41mm(1-5/8인치) ----용지 150장./51mm(2인치) ----용지 240장./","['클립', '장인', '용지', '바인더', '종이', '학교', '사무실', '클램프', '재사용', '블랙']"
사무용품,"클립, 집게 및 링",클립,,B07V698BBF,"디스펜서가 있는 다채로운 장식용 바인더 클립, 홀로그램 종이 문서 금속 클램프 아트워크, 스낵 백 밀봉 클립, 사무실 학교용 재사용 가능한 정리함 10개, 25mm 미디엄 사이즈 (무지개)",MultiBey,15221,12451,4.6,184.0,"1. [멋진 디자인]: 매력적인 무지개 오로라 다채로운 접이식 긴 꼬리 클립, 화려하고 가볍고 고급스러운 스타일로 사무실/가정 작업 공간 책상을 아름답게 만듭니다. 2. [소재]: 프리미엄 스테인리스 금속으로 제작, 매끄러운 마감, 오래 지속되며 클립이 매우 쉽고 갈라지거나 긁히지 않습니다. 3. [용도] 서류, 영수증, 편지, 학업, 사무실 서류 및 지폐를 잘 정리하는 데 훌륭한 아이템으로, 일상적인 커피 빈백, 티백 등을 밀봉하는 데에도 사용할 수 있습니다. 또한 신학기, 크리스마스를 위한 창의적인 선물. 4. [사이즈]: 바인더 클립 크기는 25mm x 48mm(1인치 x 1.9인치)이며 아크릴 홀더 디스펜서 크기는 83mm x 60mm x 43mm입니다. 5. [패키지]: 사각형 아크릴 케이스에 클립 10개. 귀하는 100% 만족 보장을 공유합니다. Multibey.",,"['클립', '사무실', '무지개', '아크릴', '스펜서', '밀봉', '바인더', '서류', '금속', '정리']"
사무용품,"클립, 집게 및 링",클립,,B09V54SJN6,250피스 컬러 종이 클립 플라스틱 상자 플라스틱 코팅 금속 종이 클립 사무실 문구용 2.8cm(1.1인치) 10가지 색상,ZILAMGOO,9681,7063,4.6,197.0,"【 제품 장점】: 10가지 색상, 2.8cm(1.1인치) 클립, 250개는 플라스틱 보관 상자에 제공됩니다. 【녹 방지 및 내구성】: 비닐 코팅이 된 고품질 금속으로 제작된 이 종이 클립은 부식에 강하며 종이에 자국을 남기지 않습니다. 【좋은 작업을 위한 다용도】: 학교 또는 가정 프로젝트, DIY 공예, 명함 홀더, 책갈피 만들기 등에 이 종이 클립을 사용하십시오. 【쉬운 사용】: 플라스틱 보관 상자에 250개의 종이 클립이 있는 이 다채로운 클립은 정리되어 있어 필요할 때마다 쉽게 꺼낼 수 있습니다. 또한, 반복해서 재사용할 수 있습니다. 【우수한 서비스】: 30일 무료 반품이 가능합니다. 장바구니에 담으실 수 있습니다. 마음에 들지 않으시면 언제든지 반품하실 수 있습니다.",,"['클립', '종이', '플라스틱', '상자', '코팅', '보관', '금속']"
사무용품,"클립, 집게 및 링",클립,,B002HHLJY0,"Officemate Easy Grip 미디엄 바인더 클립, 다양한 메탈릭 색상, 12팩 (31054)",Officemate,11149,11149,4.7,241.0,"이 클립은 빠르고 쉽게 바인딩할 수 있습니다. 미디엄 사이즈, 너비 3.2cm(1-1/4인치), 용량 1.6cm(5/8인치) 손잡이는 다루거나 걸기 위해 똑바로 세워 둘 수 있으며, 보관을 위해 평평하게 접거나 영구적으로 바인딩을 위해 제거할 수 있습니다. 12개의 다양한 밝은 메탈릭 색상 클립이 포함되어 있습니다.",편안하고 잡기 쉬운 바인더 클립은 탁월한 고정력을 가지고 있어 파일을 정리하고 안전하게 유지합니다. 이 클립은 종이 더미를 보관하거나 칩 봉지를 닫는 데 사용할 수 있습니다. 다양하고 재미있는 메탈릭 색상으로 제공됩니다.,"['클립', '메탈', '미디엄', '바인더', '보관', '평평하다', '손잡이', '더미', '딩할', '똑바로']"
사무용품,"클립, 집게 및 링",클립,,B0CB3SB54J,"208피스 바인더 클립 종이 클램프 다양한 사이즈, 금속 종이 바인더 클립, 블랙 바인딩 서류 클램프 벌크, 학교 교사용 사무용품",STOLCA,24916,24916,4.9,56.0,"구매해야 하는 이유: 우아한 블랙, 클래식한 디자인, 매우 비용 효율적인 종이 바인더 클립 세트, 6가지 사이즈가 포함되어 있습니다: 엑스트라 라지, 라지, 미디엄, 스몰, 엑스 스몰 및 마이크로는 공부, 직장 및 생활에 없어서는 안될 파트너입니다! 제품 구성: 다양한 사이즈의 총 208피스 바인더 클립 키트는 다양한 사용 요구 사항을 충족할 수 있습니다. 5.1cm x 12개, 4.1cm x 24개, 3.2cm x 24개, 2.5cm x 48개, 1.9cm x 40개, 1.5cm x 60개. 또한 100% 만족 보장 및 애프터 서비스를 받으실 수 있습니다. 제품 또는 포장 품질에 대한 질문이 있으시면 만족스러운 답변을 위해 저희에게 연락하십시오. 사용 방법: 종이 클립을 사용하면 많은 종이를 안전하게 보관할 수 있어 어수선한 데스크톱과 작별 인사를 할 수 있습니다! 미끄러지거나 떨어질 위험 없이 카드 홀더로도 사용할 수 있으며, 손잡이를 위로 유지하여 스티커 메모를 잡을 수 있습니다. 게다가, 케이블 정리함으로 사용하는 것도 좋은 생각입니다! 더 많은 용도가 여러분을 기다리고 있습니다! 제품 구성: 강화 강철로 제작되었습니다. 내구성이 뛰어나고 재사용이 가능합니다(모양으로 다시 튀어 나옵니다). 손잡이는 똑바로 세우거나 접거나 제거할 수 있습니다. 프리미엄 블랙 코팅 마감으로 종이 클램프가 아름다움과 녹 방지 기능을 모두 제공합니다. 다양한 용도: 사무실, 가정, 학교 및 공예용으로 이 종이 클램프를 구입하세요. 문서 그룹을 즉시 바인딩하고 열린 냉동 채소 및 칩 봉지를 닫는 데 이상적입니다.",,"['종이', '클립', '바인더', '클램프', '블랙', '구성', '라지', '학교', '피스', '손잡이']"
사무용품,"클립, 집게 및 링",클립,,B0D3CVS681,Teacher Supplies 대형 바인더 클립 대형 5.1cm(2인치) 교사 종이 클립 사무용품 종이 클램프 교실 학생 학교 사무실 비즈니스 서류 작업 용품 (5개),,11066,11066,5.0,1.0,"교사 바인더 세트: [등급] 바인더, [사본 만들기] 바인더, [등급] 바인더, [등급] 바인더, [집으로 보내기] 바인더를 포함한 다양한 색상의 5.1cm(2인치) 바인더 클립 5개를 받게 됩니다. 다양한 유형의 바인더 클립은 일상 작업을 쉽고 편리하게 관리할 수 있도록 도와줍니다 쉬운 사용: 대형 바인더 클립의 스프링 클램프는 많은 양의 느슨한 종이를 단단히 고정할 수 있으며 두 개의 손잡이를 눌러 문서를 쉽게 묶을 수 있어 사용하기 매우 편리합니다 고품질 소재: 이 바인더 클립은 신뢰할 수 있는 금속 소재로 만들어졌으며 매끄러운 표면, 녹 방지, 쉽게 부러지거나 변형되지 않으며 일상적인 요구 사항을 충족할 수 있습니다. 고품질 강화 스틸은 그립감이 좋으며 종이가 빠지지 않습니다 보다 효율적인 작업: 이 선생님 바인더 클립은 견고하고 사용하기 쉬우며 밝은 색상으로 제공되며 일상적인 파일을 쉽게 관리하고 보다 효과적으로 가르칠 수 있도록 다양한 알림이 있습니다 다양한 용도: 당사의 사무용품은 학생, 교사 등에 적합할 뿐만 아니라 동료, 간호사 등에게도 제공하여 문서를 쉽게 정리하고 물건을 깨끗하고 정리하는 습관을 개발할 수 있습니다","특징: 당사의 대형 교사 바인더는 녹 방지 기능이 있으며 사용하기 쉽습니다. 이 교사 용품은 일상적인 파일을 쉽게 관리하고 보다 효율적으로 가르칠 수 있도록 도와줍니다. 소재: 금속. 색상: 사진과 같음. 사이즈: 5cm 패키지 포함: 바인더 클립 5개. 참고: 수동 측정, 사이즈에 약간의 오차가 있을 수 있습니다. 화면 디스플레이의 차이로 인해 색상이 약간 다를 수 있습니다.","['바인더', '클립', '교사', '종이', '대형', '일상', '관리', '작업']"
사무용품,"클립, 집게 및 링",클립,,B0B1JCVLJX,교사 필수품 대형 바인더 클립 5.1cm(2인치) 교사 바인더 종이 클립 사무실 학교 용품 교실 관리 교사 용품(귀여운 요일) 6개,Tenare,13559,13559,4.4,203.0,"6피스 교사 대형 바인더 클립 세트: 다양한 색상의 5.1cm(2인치) 교사 바인더 클립이 있으며 ""월요"", ""화요일"", ""수요일"", ""목요일"", ""금요일"", ""오늘"", 큰 사이즈는 많은 느슨한 종이를 안전하게 고정하는 데 도움이 되며 작업을 위한 파일을 쉽게 관리할 수 있습니다 편리한 사용: 교사용 바인더 클립 사이즈는 스테이플러와 종이 클립에 너무 두꺼운 낱장 종이를 쉽게 묶을 수 있습니다. 또는 종이에 구멍을 뚫고 싶지 않은 경우 사용할 수 있습니다. 이 금속 교실 바인더 클립은 재사용 가능한 플라스틱 용기에 포장되어 쉽게 보관할 수 있습니다 고품질 소재: 교사용 대형 바인더 클립은 부드러운 블랙, 레드, 옐로우, 화이트, 그린, 블루 코팅 마감의 고품질 금속으로 만들어졌으며 녹 방지 기능이 있으며 단단하고 재사용이 가능한 도금 손잡이로 일상적인 교실에서 필요한 것을 충족시킬 수 있습니다 다양한 용도: 이 교사 필수품 종이 클램프는 학생, 교사 등이 매일 사무실, 교실 및 학교에 적합합니다. 식품 클램프, 의류 패키지, 가구 및 야외 응용 분야에도 사용할 수 있어 인생에서 필요하고 간단한 도구가 될 것입니다 다양한 기능: 이 교사 바인더 클립은 튼튼하고 다양한 알림이 인쇄되어 밝은 색상으로 사용하기 쉽습니다. 이 사무실 클립은 파일을 함께 묶어 종이가 미끄러지거나 당겨지는 것을 방지하고 특정 물건을 고정하고 밀봉하는 데 도움이 됩니다. 휴대폰 홀더, 간단한 후크 등과 같은 유용한 작은 도구로 DIY 할 수 있습니다",,"['클립', '바인더', '교사', '종이', '교실', '대형', '사무실']"
사무용품,"클립, 집게 및 링",클립,,B07B92NH1R,"Coideal 블랙 바인더 클립 미디엄, 3.2cm(1.25인치) 블랙 메탈 종이 클립 24피스 32mm 접이식 불 클립 클램프 사무실 학교용 (3.2cm(1 1/4인치))",Coideal,12451,9958,4.7,581.0,"일상 사용을 위한 다용도 바인더 클립: 실용적이고 효율적인 바인더 클립은 사진, 그림, 표지판, 종이 및 레시피를 정리, 관리 또는 표시하기 위한 솔루션입니다. 가정, 사무실 또는 학교 환경에 이상적인 이 클립은 삶을 더 단순하게 만듭니다. 사용자 친화적인 금속 클립: 금속 클립으로 편안함을 경험하십시오. 손잡이는 접거나 제거할 수 있어 다양한 용도에 유연성을 제공합니다. 집, 사무실 또는 학교에 있든 이 블랙 클립은 창의력을 발휘할 수 있는 무한한 가능성을 제공합니다. 견고하고 내구성이 뛰어난 불독 클립: 고품질 탄성 강철로 정밀하게 제작되었으며 전기 도금 공정으로 마감된 이 불독 클립은 탁월한 탄력성과 찢어짐 방지 기능을 자랑합니다. 올바른 장력은 편안하고 재사용 가능한 느낌을 유지하면서 종이를 안전하게 고정합니다. 더 이상 사용 시 절뚝거리는 것에 대해 걱정할 필요가 없습니다. 다양한 용도로 사용할 수 있는 다기능 금속 클립: 종이 관리 외에도 이 클립은 머니 클립, 종이 홀더 또는 레터 홀더로 사용할 수 있습니다. 적응성은 일상적인 정리 무기고의 필수적인 부분이 됩니다. 마음의 평화를 위한 우아한 포장: 각 클립 세트는 귀여운 욕조에 우아하게 포장되어 완벽한 상태로 도달할 수 있습니다. 파손이나 긁힘에 대해 걱정할 필요가 없습니다. 고객 만족을 최우선으로 합니다.",,"['클립', '종이', '사무실', '금속', '블랙', '학교', '바인더']"
사무용품,"클립, 집게 및 링",클립,,B08B3HYZMB,멀티컬러 Paperclips 금속 종이 클립 컬러 종이 클램프 노트 클립 학교 사무실 결혼식용 (100피스),CTZD,11066,11066,4.7,385.0,"좋은 소재---이 종이 클립은 내구성이 뛰어난 스테인리스 스틸로 만들어져 귀엽고 섬세하며 쉽게 변형되거나 산화되지 않습니다. 오랫동안 사용할 수 있습니다. 사이즈(길이 x 너비)--- 작은 클립 크기는 약 25 x 15mm/1 x 0.59인치, 대형 사이즈는 약 33 x 20mm/1.3 x 0.78인치, 다양한 파일을 표시하고 정렬하는 데 적합합니다. 섬세한 디자인---종이 클립은 물방울 모양의 반짝이는 색상으로 귀엽고 정교하여 학교나 사무실 생활을 흥미롭게 만들고 일할 때 더 많은 재미를 더합니다. 6가지 색상의 물방울 모양 종이클립: 블랙, 골드, 핑크 골드, 퍼플, 그린 및 블루 포함, 다양한 색상을 효과적으로 분류할 수 있어 하루를 더 체계적으로 정리할 수 있습니다. 패키지 포함---스몰 사이즈: 80개, 라지 사이즈: 20개, 다양하고 개인화된 요구 사항을 충족합니다. 다기능---다양한 색상을 사용하여 문서와 종이 공예품을 식별할 수 있습니다. 책갈피 및 장식용 메모 클립, 머니 클립, 종이 홀더 또는 레터 홀더로도 사용할 수 있습니다. 학생, 작가, 독자 등에 적합합니다.",,"['클립', '종이', '물방울', '홀더', '학교', '골드', '사무실', '귀엽다', '섬세하다', '컬러']"
사무용품,"클립, 집게 및 링",클립,,B0CG5C592Z,"OWLKELA 6.1cm(2.4인치) 엑스트라 점보 바인더 클립 2개, 대형 종이 클립, 큰 종이 클램프, 바인더 클립 대형 사이즈, 가정, 학교 및 사무용품용",OWLKELA,9265,9265,4.6,33.0,"점보 바인더 클립은 강화 강철로 만들어져 장기적인 내구성을 보장하고 무제한 재사용이 가능한 유연성을 유지합니다. 스틸 암으로 조립된 클립은 문서에 매우 강한 그립을 제공합니다. 바인더 클립은 느슨한 종이 더미를 안전하게 고정하고 사무실, 가정, 학교 및 공예품을 위해 모든 음식을 공기 중에 닫아 두는 데 이상적입니다. 스프링 타이트 클립은 느슨한 종이의 큰 스택을 안전하게 고정하는 데 도움이 됩니다. 영구적인 바인딩을 위해 니켈 도금 손잡이를 제거할 수 있습니다. 클립은 사용 후 다시 구부릴 수 있는 기능으로 재사용할 수 있습니다. 이 대형 종이 클립은 사무용품에 훌륭한 추가 아이템이 될 것입니다. 저희 제품이나 구매와 관련하여 질문이 있으시면 언제든지 OWLKELA 에 문의하십시오. 고객 만족을 최우선으로 생각합니다.",,"['클립', '종이', '바인더', '대형', '학교', '고정', '가정', '점보', '재사용', '느슨하다']"
사무용품,"클립, 집게 및 링",클립,,B0BM3XDTSF,"바인더 클립 소형 바인더 클립 40팩, 1.9cm(0.75인치) 소형 종이 클립, 미디엄 바인더 클립, 종이 클립, 불독 클립, 미니 클립, 로즈 골드 바인더 클립, 학교, 사무실에 적합",LAGEBONA,6911,6911,4.9,70.0,"패키지 구성: 1.9cm(3/4인치) 블랙 바인더 클립 40개, 1.9cm(3/4인치) 로즈 골드 바인더 클립 50개(보관 + 50장) 다양한 용도: 사무실, 가정, 학교 및 공예용 종이 클램프를 구입하십시오. 문서 그룹을 즉시 바인딩하고 냉동 채소 및 칩 봉지를 닫는 데 이상적입니다 강력한 소재: 바인드 클립은 강화 강철로 만들어져 내구성이 뛰어나고 녹 방지 기능이 있습니다 장점: 스프링 타이트 클립은 느슨한 종이의 큰 스택을 미끄러지거나 떨어질 위험 없이 단단히 고정시키는 데 도움이 되며 스테이플의 흔적을 남기지 않고 종이를 함께 고정합니다 평생 친절한 서비스: 큰 클립에 문제가 있으면 이메일을 보내 주시면 즉시 해결하거나 아마존 창고에 이 품목을 다시 보내달라고 요청할 것입니다",,"['클립', '바인더', '종이', '골드', '학교', '사무실', '고정', '구성', '소형']"
사무용품,"클립, 집게 및 링",클립,,B0CJXC2VR9,"STOBOK 푸셔 클램 클립 디스펜서용 예비 클램프 1세트, 종이 클립 리필 클립 바인더 종이 클립 미니 클립 종이 클립 점보 종이 클리퍼 문서 클리퍼 패스트 클램 클립 디스펜서",STOBOK,9681,9681,,,"종이 클립 디스펜서 금속: 클립을 반복해서 부착, 제거 및 재사용할 수 있습니다. 매끄럽고 손가락이 긁히지 않습니다. 넓은 종이 클립: 좋은 소재로 제작되어 견고하고 내구성이 뛰어나 오래 사용할 수 있습니다. Pez 리필: 고품질 소재로 제작되어 내구성이 뛰어나고 실용적입니다. 종이 스테이플러: 소재로 제작되어 내구성이 뛰어나고 실용적입니다. 종이클립: 소재로 제작되어 실용적이고 내구성이 뛰어납니다.","패키지 목록 클램 클립 디스펜서 1개, 리필 클립 100개. 특징 - 사이즈: 약 12.50X2.50X2.50cm/4.91X0.98X0.98인치 클램베이크. - 색상: 랜덤 컬러 종이 클리퍼. - 소재: 스테인리스 스틸, ABS 클램 클립 리필. - 클립이 매끄럽고 손가락 종이 클립 점보를 쉽게 긁지 않습니다. - 한 손으로 조작하여 사용하기 편리하며 시간과 노력을 절약할 수 있습니다. - 공부 및 사무실에 적합하며 종이와 사무실 문서 디스펜서를 클립하는 데 사용할 수 있습니다. - 단단한 클램핑, 더 깔끔하게 쌓을 수 있으며 종이 문서 클리퍼가 쉽게 손상되지 않습니다. - 우수한 소재로 제작되어 튼튼하고 내구성이 뛰어나 점보 종이 클립을 오래 사용할 수 있습니다. 상품 정보 클램 클립 리필은 당신을 위한 제품 중 하나입니다. 클램 전문적이면서도 종이 클립을 찾고 계십니까? 한 번에 여러 작업을 수행할 수 있는 견고하고 신뢰할 수 있는 도구를 찾고 계십니까? 그렇다면 더 이상 찾으실 필요가 없습니다! 당사의 전문 종이 리필 클립 세트는 고객의 요구를 충족해야 합니다","['클립', '종이', '램', '리필', '제작', '스펜서', '구성', '클리퍼', '실용', '문서']"
사무용품,"클립, 집게 및 링",클립,,B0CTHXYQQK,"바인더 클립 다양한 사이즈, 사무용품, 사무실용 종이 클립, 메탈릭 종이 클램프, 다채로운 바인더 클립",Yuanhees,15221,15221,4.8,34.0,"패키지 구성 - 바인더 클립 다양한 사이즈, 32mm(1.25인치) 6개, 25mm(1인치), 12개, 1.9cm(0.75인치) 19mm(0.75인치) 다채로운 바이너 클립 24개로 다양한 사용 요구 사항을 충족할 수 있습니다 필요한 이유 - 스프링 타이트 클립은 스테이플의 흔적을 남기지 않고 느슨한 종이를 단단히 고정하는 데 도움이 됩니다 강력한 소재 - 당사의 바인더 클립은 강화 강철로 만들어져 내구성이 뛰어나고 녹 방지 기능이 있습니다 다양한 용도 - 바인더 종이 클램프는 사무실, 가정 및 학교에서 매일 사용하기에 적합합니다. 식품 클램프, 옷, 가구 및 실외 용도로도 사용할 수 있습니다. 약속-고객이 저희의 최우선 순위입니다. 어떤 이유로든 만족하지 못하셨다면 저희에게 알려주시면 25시간 이내에 답변을 드리며 즉시 전액 환불 또는 교환을 받으실 수 있습니다.",,"['클립', '바인더', '종이', '클램프', '구성', '사무']"
사무용품,"클립, 집게 및 링",클립,,B0CFQYTS2R,"88피스 바인더 클립 꽃 바인더 클립 바인더 종이 클립 컬러 바인더 클립 대형 바인더 클립 사무용품 금속 클립, 박스 포함, 사무실, 학교, 가정용, 1.9cm(0.75인치), 2.4cm(0.98인치)",,20761,20761,4.4,3.0,"충분한 수량 및 크기: 저희 패키지에는 약 19mm(0.75인치) 및 25mm(0.98인치) 크기의 바인더 클립 88개가 포함되어 있으므로 더 이상 소모품이 부족하지 않습니다. 다양한 크기로 종이를 몇 개 담을 수 있든 많은 종이를 담을 수 있어 모든 클리핑 요구 사항에 맞는 실용적인 솔루션입니다 다용도 및 다용도: 당사의 사무실 클립은 서류를 함께 보관할 수 있는 것이 아닙니다. 다양한 용도로 이 클립은 스낵 백을 밀봉하거나 케이블을 관리하거나 DIY 사진 홀더로 사용할 수 있어 사무실이나 가정에 진정으로 실용적인 추가 아이템입니다 귀엽고 세련됨: 귀여운 딸기와 도트 디자인으로 제공되는 장식용 바인더 클립으로 평범한 사무용품과 작별 인사를 하세요. 이 사랑스러운 프린트는 일상적인 종이에 즐거움을 더합니다. 독특한 패턴은 문구류를 재미있게 만들뿐만 아니라 사무용품 속에서 쉽게 찾을 수 있습니다 신뢰할 수 있는 데스크탑 오거나이저: 책상을 깨끗하고 분류하여 종이를 지저분하지 않게 유지하세요. 당사의 종이 바인더 클립은 문서를 관리하고 정리할 수 있는 간단하면서도 효율적인 솔루션을 제공합니다. 좋은 소재, 귀여운 패턴 및 다양한 크기로 인해 바쁜 사무실이나 집에서 모든 데스크톱에 좋은 도우미가 됩니다. 이 바인더 클립을 사용하여 질서 있고 안전하며 시각적으로 즐거운 작업 공간을 만드세요 고품질 소재 및 디자인: 바인더 종이 클립은 매끄러운 표면을 가진 고품질 금속으로 만들어져 내구성을 보장할 뿐만 아니라 종이의 손상을 방지합니다. 고품질 소재는 지속적으로 유용하고 안전한 클리핑을 보장하여 문서를 정리하는 데 도움이 됩니다","특징: 이 플래너 클립은 교실, 사무실, 가정 등에 사용할 수 있어 종이와 파일을 깔끔하게 정리할 수 있습니다. 사무실 바인더 용품은 친구, 가족, 반 친구, 선생님, 동료 등을 위한 실용적인 선물로 간주될 수 있습니다. 사랑스러운 디자인은 지루한 작품에 터치를 더합니다. 사양: 소재: 매끄러운 표면의 고품질 금속 색상: 사진과 같음. 사이즈: 약 0.75인치/19mm 및 0.98인치/25mm 패키지 구성: 바인더 클립 1.9cm(0.75인치) 40개 바인더 클립 2.5cm(1인치) 48개 박스 2개. 참고: 수동 측정, 사이즈에 약간의 오차가 있을 수 있습니다. 화면 디스플레이의 차이로 인해 색상이 약간 다를 수 있습니다.","['클립', '바인더', '종이', '사무실', '가정', '디자인', '실용', '사무', '정리', '금속']"
사무용품,"클립, 집게 및 링",클립,,B09Q964B1R,MECCANIXITY 종이 클립 미디엄 사이즈 5.1cm 비닐 코팅 페이지 찢어짐 방지 박스 포함 사무실 홈 그린 카운트 100,MECCANIXITY,14667,14667,4.4,10.0,"이 종이 클립은 주로 서류, 문서, 사무실 메모를 정리하는 데 사용되며 결혼식 초대장을 함께 보관하는 데 널리 사용되며 생일 또는 파티 카드 및 기타 DIY 공예 프로젝트를 가정에서 고정하는 데 사용됩니다. 사이즈 유형: 미디엄; 패스너 용량: 약 15페이지; 전체 크기: 50 x 11 mm / 2 x 0.43 인치 (L*W); 와이어 직경: 1.4mm; 코팅 여부: 예, 비닐 코팅; 색상: 녹색; 패키지: 100 x 종이 클립. 내부 금속 소재는 클립을 튼튼하고 내구성이 뛰어나게 만들어 쉽게 변형되지 않습니다. 비닐로 잘 코팅되어 녹을 방지하고 페이지가 찢어지거나 미끄러지지 않도록 할 뿐만 아니라 아름다운 외관을 유지할 수 있습니다. 설치 단계: 1. 먼저 종이를 깔끔하게 정리하세요. 2. 클립을 사용하여 페이지를 잘 잡습니다. 제품은 중간 크기의 종이 클립이며 저희가 제공하는 페이지 수는 참조용입니다. 잡을 수 있는 페이지 수는 용지의 두께와 관련이 있습니다.","이것이 무엇인가요? 이 종이 클립은 사무실, 가정 및 수제 공예 사용자를 위한 다기능 도구입니다. 주로 종이, 문서, 사무실 메모를 정리하는 데 사용되며 결혼식 초대장을 함께 보관하는 데 널리 사용되며 생일 또는 파티 카드 및 기타 DIY 공예 프로젝트를 가정에서 고정하는 데 사용됩니다. 제품 구성: 저희가 제공하는 종이 클립은 다음과 같은 사이즈로 제공됩니다. 사이즈 유형: 미디엄 패스너 용량: 약 15 페이지. 전체 크기: 50 x 11 mm / 2 x 0.43 인치 (길이*폭). 와이어 직경: 1.4mm 코팅 여부: 있음, 비닐 코팅 색상: 그린 내용물: 종이 클립 100개. 제품의 장점이 있습니까? 내부 금속 소재는 클립을 튼튼하고 내구성이 뛰어나며, 쉽게 변형되지 않습니다. 비닐로 잘 코팅되어 녹을 방지하고 페이지가 찢어지거나 미끄러지지 않도록 할 뿐만 아니라 아름다운 외관을 유지할 수 있습니다. 어떻게 사용하나요? 설치 단계: 1. 먼저 종이를 깔끔하게 정리하세요. 2. 클립을 사용하여 페이지를 잘 잡습니다. 무엇을 알아야 하나요? 제품은 중간 크기의 종이 클립이며 저희가 제공하는 페이지 수는 참조용입니다. 잡을 수 있는 페이지 수는 용지의 두께와 관련이 있습니다.","['클립', '페이지', '종이', '코팅', '비닐', '사무실', '정리', '가정', '구성', '공예']"
사무용품,"클립, 집게 및 링",클립,,B0BZY6K1M7,60피스 러브 모양 종이 클립 로즈 골드 하트 종이 클립 러브 골드 종이 클립 재미있고 귀여운 종이 클립 금속 종이 클립 러브 하트 모양 책갈피 플래너 클립 사무실 학교 결혼식 용품용,Teaaha,11204,11204,4.7,29.0,"고품질: 골드 러브 페이퍼 클립은 프리미엄 금속 소재로 만들어져 어린이에게 안전하며 무독성이며 변색되지 않으며 튼튼하고 구부러지지 않습니다. 이 종이 클립의 작은 사랑 모양은 성경이나 책에서 아름답게 보일 것입니다. 귀여운 디자인: 눈길을 끄는 사랑 모양 하트 종이 클립, 반짝이는 메탈릭 광택과 밝은 색상으로 시각적 효과를 더할 수 있습니다. 종이 클립은 일하거나 공부할 때 행복하게 만듭니다. 안전한 종이 클립: 러브 셰이프 하트 페이퍼 클립 골드는 사용하기 쉽고 후크를 풀 수 있으며, 클립을 제거해도 손가락이나 옷에 흠집이 나지 않습니다. 작은 러브 하트 페이퍼 클립 골드는 촉감이 섬세하며 책갈피로 사용할 수 있습니다. 아동용 사무용품 종이 클립은 장소 마커일 뿐만 아니라 스테이플링하는 대신 페이지를 함께 자르기에 좋습니다. 창의적인 종이 클립: 웨딩 페이퍼 클립 러브 모양은 레트로 스타일 저널을 만드는 데 도움이 되며, 이 러브 모양 바인더 클립은 페이지에 천체력을 추가하는 데 적합합니다. 재미있는 러브 페이퍼 클립은 상단 가장자리에 리본이나 레이스를 추가하거나 베이비 샤워 또는 결혼식 초대장에 추가하기에 적합하며 우아하면서도 아름답습니다. 훌륭한 선물: 사랑 모양의 실용적인 종이 클립은 동료, 독서 애호가, 소녀, 어린이, 여성, 학생, 직장인, 파일 관리자, 디자이너, 비서, 변호사, 사무원, 플래너 등을 위한 재미있는 작은 선물이 될 수 있습니다. 러브 클립은 가정, 학교 및 사무실 선물로 이상적입니다.","제품 사양//제품 이름: 하트 종이 클립 사랑 모양 60개/색상: 골드+로즈 골드/소재: 철/기능: 종이 클립 책갈피, 사무실 문구류./제품 크기: 1.1 × 0.4 × 0.3 인치/3.3 × 1.2 × 0.12 인치/패키지 사이즈: 5.9 × 4.1 × 0.75 인치/15 × 10.5 × 0.75-/포장 방법: 가방/순중량: 2.3oz/66g/총 중량: 2.3oz/66g//제품 구성:/골드 종이 클립 30개 + 로즈 골드 러브 페이퍼 클립 30개/","['클립', '종이', '러브', '골드', '페이퍼', '하트', '사랑']"
사무용품,"클립, 집게 및 링",클립,,B0C9R4MKLJ,"Officemate 340가지 다양한 종이 클립 및 바인더 클립, 재사용 가능한 보관 통, 실버/블랙 (31040)",Officemate,18836,18836,4.5,21.0,"총 300개의 비닐 코팅 실버 종이 클립(381 x 2.8cm(150 x 1.1인치), 254 x 3.3cm(100 x 1.3인치), 127 x 5.1cm(50 x 2인치) 종이 클립) 총 블랙 바인더 클립 40개(50.8 x 1.5cm(20 x 0.6인치), 30.5 x 1.9cm(12 x 0.75인치), 20.3 x 2.5cm(8 x 1인치) 스크류 온 뚜껑이 있는 편리한 보관 통 필수 다양한 클립으로 채워진 편리한 통 가정, 학교 또는 사무실에 적합합니다","총 종이 클립 300개(381 x 2.8cm(150 x 1.1인치), 254 x 3.3cm(100 x 1.3인치), 127 x 5.1cm(50 x 2인치) 종이 클립) 및 총 바인더 클립 40개(50.8 x 1.5cm(20 x 0.6인치), 30.5 x 1.9cm(12 x 0.75인치), 20.3 x 2.5cm(8 x 1인치) 바인더 클립튼튼한 재사용 재사용 가능한 플라스틱 욕조 스크류 온 뚜껑 포함","['클립', '종이', '바인더', '재사용', '통', '뚜껑', '보관', '블랙', '실버', '가능하다']"
사무용품,"클립, 집게 및 링",클립,,B07P2GG9X6,Frienda 105 피스 멀티컬러 종이 클립 학교 사무실 용품용 금속 종이 클립,Frienda,12451,12451,4.6,63.0,"Good material: made of durable stainless steel, cute and delicate, not easy to rust and break, you can use them for a long time Feature: size (L x W): the metal paperclips size is about 42 x 30 mm, suitable for marking and arranging different files; Flamingos-shaped paperclips in 6 colors: including red, pink, gold, yellow, green and blue Quantity: totally 105 pieces, meet your diversified and personalized needs Good-looking and fashion: the cute flamingos shape looks simply, but creative and fashion, will bring much delight in your studies and work; Decorate you daily life Multi-functional: you can use different color to identify your documents and paper crafts; Also can be applied as bookmarks and decorative memo clips, money clip, paper holder or letter holder; Suitable for students, writer, reader and so on","105 Pieces multicolor flamingos-shape paperclips metal paper clips for school office supplies  Features: Made of stainless steel material, not easy to rust and break; Creative metal paper clips shape like heart, and the surface is electroplated, cute and delicate, suitable for marking and arranging different file.  Characteristics: Size (L x W): the paperclips size about 42 x 30 mm, suitable for marking and arranging different file, including 6 colors: includes red, pink, gold, yellow, green and blue.  Wide applications: Easy to use for organizing papers and documents, can be applied as bookmarks and decorative memo clips, money clip, paper holder or letter holder, etc.; Great for home, school, and office, suitable for students, writer, reader and so on.  Specifications: Quantity: totally 105 pieces Material: stainless steel Size (L x W): about 42 x 30 mm  Package includes: 105 x Flamingos-shape Paperclips 1 x Storage box","['클립', '종이', '학교', '피스', '컬러', '사무실', '멀티', '금속']"
사무용품,"클립, 집게 및 링",클립,,B091MS2SJ6,"520피스 컬러 종이 클립 다양한 사이즈, 스몰 미디엄 및 라지 (2.8cm(1.1인치), 3.3cm(1.3인치) 및 5.1cm(2인치)), 사무실, 학교, 가정 용품을 위한 다채로운 종이 클립 - 컬러",DANRONG,12451,12451,4.7,513.0,"종이 클립 다양한 크기 - 50개의 대형 종이 클립, 70개의 중간 종이 클립 및 400개의 작은 종이 클립을 포함하여 6가지 색상과 3가지 크기의 종이 클립 520개가 있습니다. 고품질 소재 - 컬러 종이 클립은 내구성이 뛰어난 스테인리스 스틸로 만들어졌으며 표면에 플라스틱이 부착되어 종이에 흔적이 남지 않습니다. 편리한 사용 - 고품질 종이 클립은 재사용이 가능합니다. 다양한 크기의 종이 클립이 플라스틱 용기에 분리되어 쉽게 사용할 수 있습니다. 다용도 - 종이 클립은 일상적인 문서와 봉투를 분류하는 데 사용할 수 있습니다. 사무실, 학교, 일상용으로 적합합니다. 평생 서비스 - 종이 클립에 불만이 있으시면 언제든지 저희에게 연락하십시오. 전액 환불해 드리거나 상품을 다시 보내드립니다.",,"['종이', '클립', '컬러', '학교', '플라스틱', '사무실', '종이', '클립', '컬러', '학교', '플라스틱', '사무실']"
사무용품,"클립, 집게 및 링",클립,,B08GP7LBGD,"700 Rubex 종이 클립, 실버 종이 클립, 스몰, 미디엄, 큰 다양한 크기의 종이 클립, 내구성 및 녹 방지, 사무실 학교 문서 정리 클립에 적합 (실버 700 개)",RUBEX,6911,6911,4.7,180.0,"녹 방지 및 내구성: 부식 방지를 위해 비닐로 코팅된 프리미엄 품질의 금속 종이 클립, 매끄러운 표면은 종이의 걸림이나 자국을 방지합니다. 다양한 용지 클립 크기: 700개 다양한 사이즈, 실버 종이 클립. 종이 클립에는 2.8 cm 종이 클립 450개, 1.3 cm 200개, 5 cm 종이 클립 50개가 포함되어 있습니다. 라지, 미디엄 및 스몰 사이즈 다용도: 사무실, 학교 및 일상 파일 문서를 클립하는 데 사용할 수 있을 뿐만 아니라 DIY, 책갈피, 사진 앨범 클립, 명함 홀더 및 서류 작업용 봉투 클립으로 사용할 수 있습니다 편리한 보관: 다양한 크기의 종이 클립은 책상과 종이를 정리할 수 있도록 3개의 다른 실버 종이 클립이 있는 플라스틱 용기에 제공됩니다. 평생 서비스: 안심하고 쇼핑하세요. 저희의 코팅된 종이 클립의 적합성을 테스트할 수 있도록 모든 주문에 대해 전액 환불 및 교체 서비스를 제공합니다",,"['클립', '종이', '실버', '방지']"
사무용품,"클립, 집게 및 링",클립,,B00D1GEQPU,"Midori 종이 클립, 동물 고양이, 18피스 (43298006)",Designphil,9556,9556,4.2,37.0,파스텔 컬러 종이 클립 다양한 색상 18개 0개 가방 원산지: 일본 제품의 패키지 높이는 2.5cm(1인치)입니다 제품의 패키지 길이는 2.5cm(1인치)입니다,"일본 문구 브랜드 Midori의 파스텔 컬러 종이 클립 P-51, 다양한 색상 18개. MAPKA (51% 펄프)로 만든 가방에 담겨 있습니다","['클립', '종이', '패키지', '파스텔', '컬러', '일본', '가방', '피스', '펄프', '문구']"
사무용품,"클립, 집게 및 링",클립,,B0CP1SCFM7,"종이 클립, 종이 클립 600개(각 100개 박스 6개), 프리미엄 종이 클립, 3.8cm(1-2/7인치) 실버 종이 클립 미디엄 (3.3cm(1.3인치)), 사무실, 학교, 가정용 녹 방지 금속 종이 클립",Kalerr,6855,6855,4.7,100.0,"효율적인 종이 관리 - Kalerr 종이 클립으로 정리 시스템을 업그레이드하세요. 길이는 3.3cm(1.3인치)이며 100피스 6팩(총 600개)으로 제공되며, 작업 공간을 깔끔하게 유지하고 문서를 안전하게 보관할 수 있는 충분한 공급품을 제공합니다. 강력한 그립, 지속적인 품질 - 내구성이 뛰어난 스틸 코어 소재로 제작된 이 클립은 견고한 고정력과 오래 지속되는 내구성을 제공하여 문서를 안정적으로 함께 보관할 수 있습니다. 매끄러운 표면, 종이 친화적인 디자인 - 녹 방지 니켈 도금 마감으로 매끄러운 표면을 보장하여 문서의 무결성을 유지하면서 걸림과 찢어짐을 방지합니다. 신뢰할 수 있는 정리 동반자 - Kalerr 종이 클립은 미끄러짐과 변형을 방지하도록 설계되어 최소한의 조정으로 문서를 깔끔하게 정리할 수 있습니다. 다용도 정리 솔루션 - 봉투부터 영수증까지, Kalerr 종이 클립은 모든 문서를 순서대로 보관할 수 있는 다용도 솔루션을 제공하여 일상 작업을 쉽게 간소화합니다.",,"['종이', '클립', '문서', '방지', '정리', '지속', '매끄럽다', '다용', '깔끔하다', '유지']"
사무용품,"클립, 집게 및 링",클립,,B0D48GVQMG,"골드 하트 종이 클립 100개, 귀여운 사랑 모양 종이 클립 작은 종이 클램프 미니 금속 정리 종이 클립 사무용품 문서 분류 웨딩 장식 오거나이저 여성용 (골드)",,10373,10373,5.0,2.0,"【제품 구성】: 투명 포장 상자가 있는 골드 종이 클립 100개, 각 작은 종이 클립 홀더의 크기는 2.4 x 5.2 x 0.1cm(0.94 x 0.87 x 0.05인치) / 6.4 x 5.2 x 0.1cm(0.94 x 0.87 x 0.05인치)입니다. 수량은 일상적인 사무실 요구 사항을 충족하기에 충분하며 동료, 가족 및 반 친구들과 공유할 수도 있습니다. 【창의적이고 귀여운 러브 페이퍼 클립】: 재미있는 종이 클립은 황금빛 반짝이는 색상의 귀여운 러브 패턴을 채택하여 매우 섬세하고 귀엽습니다. 귀여운 바인더 클립은 사무실, 가정 및 학교에서 사용하기에 매우 적합하며 일상 생활과 직장에 좋은 분위기를 선사합니다. 【고품질 소재】: 이 장식용 종이 클립은 고품질 아연 합금 소재로 만들어져 쉽게 깨지지 않으며 녹 방지 기능이 있으며 오래 지속되므로 문서를 단단히 고정하고 쉽게 흩어지지 않습니다. 이 결혼식 초대장 액세서리는 금속 도금 공정으로 만들어졌으며 황금빛 광택 표면, 매끄럽고 둥근 표면으로 쉽게 바래지 않습니다. 【쉽고 편리한 작동】: 당사의 종이 클램프는 작고 가벼워 파일을 합리적으로 계획하고 정리할 수 있어 책상을 깨끗하고 깔끔하게 만들 수 있으며 작은 하트 종이 클립에는 박스 포장이 장착되어 있어 간단하고 편리하며 보관 및 휴대가 매우 쉽습니다. 【합리적이고 다양한 기능】: 작은 하트 페이퍼 클립 골드는 파일 폴더, 책갈피, 사진 앨범 홀더, 봉투 홀더, 명함 홀더, 맞춤형 카드 홀더, 스크랩북 만들기 등에 적용할 수 있는 다양한 용도로 사용할 수 있습니다. 미니 종이 클립은 웨딩 카드 장식, 초대장 장식, 사진 벽 걸기, 종이 공예 만들기 등과 같은 많은 창의적인 용도로 삶에 재미를 더합니다.","기능: 1. 귀여운 금색 하트 모양의 종이 클립은 쉽게 보관할 수 있도록 플라스틱 상자에 포장되어 사무실 요구 사항을 충족하기에 충분한 양입니다. 2. 고품질 금속으로 제작되어 전기 도금 공정을 사용하여 견고하고 재사용이 가능한 종이 클립은 매우 작고 가벼워 보관 및 휴대가 매우 쉽습니다. 3. 클래식한 하트 모양의 종이 클립 디자인, 창의적이고 패셔너블하며 파일, 종이, 문서, 스크랩북, 창의적인 책갈피, 봉투 홀더, 카드 등을 분류하고 정리하는 데 적합합니다./카테고리: 페이퍼클립 색상: 골드 소재: 아연 합금 기능: 골드 하트 모양의 종이 클립, 문서 및 메모 정리 등. 제품 크기: 0.94×0.87×0.4인치/2.4 × 2.2 × 0.04인치 포장: 가방 포장 목록: 종이 클립 100개","['종이', '클립', '귀엽다', '하트', '홀더', '골드', '포장', '창의', '장식', '작다']"
사무용품,"클립, 집게 및 링",클립,,B0CRVPSLNV,"50팩 엑스트라 라지 바인더 클립 6.1cm(2.4인치), 업그레이드 대형 바인더 클립 큰 종이 클립 클램프, 사무실 및 가정 용품용, 블랙",KAKAMINA,41536,41536,4.9,17.0,"초대형 사이즈: 전통적인 대형 바인더 클립은 길이 5.1cm(2인치), 용량은 2cm(0.8인치)이지만 업그레이드 초대형 사이즈는 길이 6.1cm(2.4인치), 용량은 3.3cm(1.3인치)입니다. 50팩의 대형 바인더 클립이 있어 일상적인 요구 사항을 충족합니다. 강력한 소재: 당사의 바인더 클립은 강화 강철로 만들어졌으며 내구성이 뛰어나고 녹 방지 기능이 있으며 은색 암이 있는 검은색 삼각형 모양으로 수명이 더 깁니다. 다기능: 당사의 대형 바인더 클립은 문서 그룹에 즉각적인 바인딩을 제공하고 냉동 채소와 칩 봉지를 닫는 데 이상적입니다. 편리함: 큰 바인더 클립은 느슨한 종이의 큰 스택을 안전하게 고정하는 데 도움이 됩니다. 용도: 이 대형 종이 클램프는 사무실, 가정 및 학교 일상용, 학생, 교사 등에 적합합니다.","당사의 바인더 클립은 강화 강철로 만들어졌으며 내구성이 뛰어나고 사용하기 강하며 스틸 암으로 조립되어 문서에 매우 강한 그립감을 제공합니다.//사양://-종이에 녹이 슬지 않습니다./- 50피스, 블랙 메탈 아이언/- 너비 6.1cm(2.4인치), 용량 3.3cm(1/- 바인더 클립과 패키지는 모두 재사용이 가능합니다./- 불투명한 블랙 마감의 강력한 금속 클램프/- 파일을 함께 묶고 종이가 미끄러지거나 빠지는 것을 방지합니다./- 강화 강철 구조로 매우 강한 고정력을 제공합니다.///사용자: 모두./용도: 호텔, 사무실, 학교, 레스토랑, 상점 및 공예품.","['클립', '바인더', '대형', '종이', '블랙', '사무실', '강철', '강하다', '클램프', '강화']"
사무용품,"클립, 집게 및 링",클립,,B0CM6233CL,"소형 바인더 클립, 36팩, 1.9cm(3/4인치), 표준 19mm, 할로우 아웃 실버, 용량 0.7cm(0.31인치), 접이식 클램프, 바인더 클립 소형 사이즈, 소형 종이 클립, 사무실 클립, 마이크로 바인더 클립",makanu,13157,13157,4.9,39.0,"소재: 당사의 바인더 클립은 튼튼한 강철로 만들어졌으며 부드러운 파우더 코팅 마감과 니켈 도금 핸들, 내구성이 뛰어나고 녹 방지 기능이 있습니다. 스프링 타이트: 스프링 타이트 클립은 느슨한 용지의 큰 스택을 안전하게 고정하는 데 도움이 됩니다 다양한 용도: 저희 클립은 느슨한 종이 더미를 빠르고 일시적으로 묶습니다. 모든 음식을 공기 중에 닫습니다. 재사용 가능: 클립은 재사용이 가능하며 팔의 핀으로 쉽게 제거할 수 있어 언제든지 문서에 완전히 액세스할 수 있습니다. 용도: 당사의 바인더 종이 클램프는 사무실, 가정 및 학교에서 매일 사용하기에 적합합니다. 식품 클램프, 옷, 가구 및 야외 용도로도 사용할 수 있습니다.",,"['클립', '바인더', '소형', '종이', '클램프', '스프링', '사무실', '느슨하다', '재사용', '타이']"
사무용품,"클립, 집게 및 링",클립,,B075FH9QD5,"SUMAJU 컬러 종이 클립 500개, 미디엄 33mm/1.3인치 다양한 종이 클립 비닐 코팅 클립, 사무실 학교 및 개인용",SUMAJU,11730,11730,4.8,460.0,"1 소재: 종이 클립은 비닐 코팅 마감의 금속 구조가 특징입니다. 2 패키지: 패키지에 500개의 다양한 색상의 종이 클립이 있습니다. 3 사이즈: 1.3x0.3인치/3.3x0.7cm 각 종이 클립 소형 4가지 색상: 컬러 페이퍼 클립 밝은 색상으로 색상 코드 구성을 가능하게 합니다. 5가지 상황: 이 종이 클립은 가정, 학교 또는 사무실에서 사용하기에 완벽하며, 클립, 종이 클립,",,"['클립', '종이', '학교', '컬러', '비닐', '사무실', '코팅', '패키지']"
사무용품,"클립, 집게 및 링",클립,,B0B93ZX9V7,"다채로운 종이 클립 400개, 다양한 사이즈, 2.9cm(11/10인치) 200개 및 5.1cm(2인치) 종이 클립 200개, PVC 코팅 대형 종이 클립, 분류에 적합, 옐로우 그린 블루 핑크, 9 x 9 x 6cm(3.57 x 3.57 x 2.35인치)",SAIOM,8296,8296,5.0,17.0,"1. 다양한 사이즈: 종이 클립 400개, 5.1cm(2인치) 종이 클립 200개, 옐로우 50개, 그린 50개, 블루 50개, 핑크 50개, 2.8cm(1.1인치) 종이 클립 200개, 옐로우 50개, 그린 50개, 블루 50개, 핑크 50개가 포함되어 있어 완벽한 분류입니다. 2. 고품질 소재: 컬러 종이 클립은 내구성이 뛰어난 스테인리스 스틸로 만들어졌으며 부식 방지를 위해 PVC 코팅이 되어 있으며, 매끄러운 표면은 종이에 걸리거나 자국을 방지합니다. 3. 편리한 보관: 모든 크기의 종이 클립은 6개의 분리된 칸이 있는 플라스틱 용기에 담겨 있어 쉽게 접근할 수 있으며 책상과 서랍을 깔끔하게 보관할 수 있습니다. 4. 다용도 : 사무실, 학교 및 일상 파일 문서를 클립하는 데 사용할 수 있을 뿐만 아니라 DIY, 책갈피, 사진 앨범 클립, 명함 홀더 및 봉투 클립으로도 사용할 수 있습니다. 5. 평생 서비스: 안심하고 쇼핑하십시오. 종이 클립에 불만이 있으시면 언제든지 저희에게 연락하십시오. 전액 환불해 드리거나 상품을 다시 보내드립니다.","사무실, 학교 또는 가정과 상관없이 종이 클립은 항상 편리합니다. 투명 상자에 4가지 색상의 2가지 크기의 종이 클립 400장을 제공합니다. 각 사이즈와 색상별로 50개씩 제공됩니다. 모든 종류의 재료를 분류하는 데 적합합니다. 사이즈, 색상 및 수량: 1.1인치(28mm) 200개, 옐로우 50개, 그린 50개, 블루 50개, 핑크 50개, 핑크 50인치(50mm) 200개, 옐로우 50개, 그린 50개, 블루 50개, 핑크 28mm 종이 클립은 10-15장, 50mm 페이퍼 클립을 담을 수 있습니다. 25-30장. 다용도 400피스 컬러 종이 클립, 다양한 사이즈, 서류 작업을 위한 미디엄, 대형 종이 클립, 가정, 학교 및 사무실 분류 사용에 이상적입니다.","['클립', '종이', '핑크', '그린', '옐로우', '블루', '분류', '학교', '사무실']"
사무용품,"클립, 집게 및 링",클립,,B0D1BG84SM,"종이 클립 120개, 집 모양 종이 클립 60개, 키 모양 와이어 종이 클립 60개, 어린이, 학생, 학교, 사무실, 가정, 교실, 책상 액세서리, 선물용",LonlyEagle,17991,17991,,,"【풍부한 수량】집 모양 종이 클립 60개, 열쇠 모양 와이어 종이 클립 60개, 총 120개가 제공됩니다. 충분한 수량으로 사용 요구 사항을 충족하며 가족과 공유할 수 있습니다 【부동산 중개인 용품】당사의 작은 금속 종이 클립은 대부분의 사람들의 미학에 맞춰 세련된 외관으로 디자인되어 섬세하고 아름답게 보이며 작업에 기쁨을 가져다 줄 것이며 대부분의 사람들에게 적합합니다 【프리미엄 소재】 페이퍼 클립은 밝은 골드 색상의 프리미엄 스테인리스 스틸 소재로 만들어졌으며 색이 바래지 않고 매끄럽고 예쁘고 내구성이 뛰어납니다. 【쉬운 사용】 당사의 만화 종이 클립은 고품질 금속 소재로 만들어져 안전하고 견고하며 쉽게 깨지거나 바래지 않습니다. 작고 가벼우며, 종이, 노트북 등을 보관할 수 있는 훌륭한 선택입니다. 사용하지 않을 때 쉽게 제거할 수 있으며 세련된 디자인으로 외관에 영향을 주지 않습니다 【다양한 용도】책갈피, 사진 홀더, 레터 홀더, 문서 정리, 결혼식 초대장 장식 등과 같은 다목적 귀여운 종이 클립.","【풍부한 수량】집 모양 종이 클립 60개, 열쇠 모양 와이어 종이 클립 60개, 총 120개가 제공됩니다. 충분한 수량으로 사용 요구 사항을 충족하며 가족과 공유할 수 있습니다","['종이', '클립', '와이어', '집', '세련되다', '공유', '디자인', '열쇠', '금속', '사람']"
사무용품,"클립, 집게 및 링",클립,,B0C19SWBFH,"Tofficu 종이 클립 100개, 창의적인 작은 돼지 모양의 종이 클립, 사무실용 종이 클램프 종이 클립",Tofficu,14404,14404,,,"【사이즈】패키지에는 종이 클립 100개가 포함되어 있습니다. 사이즈: 2.8 x 5.1 x 0.1cm(1.1 x 2 x 【내구성】철로 제작되어 강하고 내구성이 뛰어나며 깨지지 않으며 폴더나 종이를 더 단단히 고정할 수 있습니다. 【돼지 모양】만화 돼지 모양 디자인 종이 클립, 귀여운 디자인, 스크랩북, 노트북과 잘 어울리며 창의성과 매력으로 가득합니다. 【매끄러운 표면】종이 클립은 표면이 매끄럽고 설치 및 제거가 쉬워 종이를 단단히 고정하고 떨어지지 않으며 종이에 흠집이 나지 않습니다. 【다용도】지갑, 종이 클립, 책갈피, 노트북, 사진 앨범, 명함 홀더, 레터 홀더에 적합합니다",【】 【사이즈】패키지에는 종이 클립 100개가 포함되어 있습니다. 사이즈: 2.8 x 5.1 x 0.1cm(1.1 x 2 x,"['종이', '클립', '돼지', '표면', '홀더', '패키지', '고정', '노트북', '매끄럽다', '단단하다']"
사무용품,"클립, 집게 및 링",클립,,B002MCZA40,"Officemate 자이언트 종이 클립, 각 클립 100개 박스 10개 팩 (총 클립 1,000개) (99914)",Officemate OIC,22810,23212,4.8,6636.0,밝은 부식 방지 마감,"가정, 학교 또는 사무실에 적합합니다. 종이 클립은 최고 품질의 강철로 만들어집니다. 밝은 부식 방지 마감이 특징입니다. 거대한 종이 클립, 각 50mm(2피트) 길이. 각 100개의 박스 10개 팩(총 1000개의 클립). 미국에서 제작.","['클립', '종이', '방지', '마감', '박스', '부식', '학교', '강철', '거대하다', '미국']"
사무용품,"클립, 집게 및 링",클립,,B07333K7GD,JANYUN 150피스 대형 바인더 클립 6가지 다양한 사이즈 종이 클램프 클립 종이 금속 클립 사무실 학교 가정 용품(블랙),JANYUN,18766,18766,4.7,574.0,"패키지에 포함된 항목: 패키지에는 6가지 크기의 바인더 페이퍼 클립 150개가 포함되어 있습니다. 또한 튼튼한 플라스틱 원형 보관 상자와 안전한 보관을 위한 뚜껑이 함께 제공됩니다. 문서 메모 레터 용지를 보관할 수 있는 충분한 수량 클립이 있습니다. 소재: 이 바인더 클립은 금속 강화 강철과 니켈 와이어 손잡이로 만들어졌습니다. 이 종이 클립은 강하고 내구성이 뛰어나며 견고하며 녹 방지 기능이 있어 오랫동안 재사용할 수 있습니다. 다양한 사이즈: 0.6인치/15mm 80개, 0.75인치/19mm 30개, 1인치/25mm 25개, 1.3인치/32mm 5개, 1.65인치/42mm 5개, 2인치/51mm 5개, 대형, 중형, 소형, 미니 사이즈 종이 바인더 클립 등 6가지 다양한 크기의 금속 종이 바인더 클립에는 150개가 있습니다. 다양한 용도: 당사의 바인더 클립은 사무실, 가정 및 학교에서 널리 사용되며, 특히 학생, 교사가 문서를 바인딩하여 흩어진 종이를 함께 만들고 파일을 깔끔하게 정리할 수 있습니다. 다양한 크기의 바인더 클립은 다양한 두께의 종이를 분류하는 데 사용할 수 있습니다. 식품 클램프, 옷, 가구 및 실외 응용 분야에도 사용할 수 있습니다. 사용하기 쉬운 이 바인더 클립은 사용하기 쉽습니다. 문서를 정리할 때 손잡이를 단단히 누른 다음 적절한 위치에 놓기만 하면 됩니다. 이 클립은 문서를 깔끔하게 유지할 수 있으며 매우 실용적인 도구입니다.",,"['클립', '바인더', '종이', '문서', '금속', '손잡이', '보관', '대형', '사무실', '정리']"
사무용품,"클립, 집게 및 링",클립,,B002JFVBH0,"Universal 종이 클립, 점보 비닐 코팅 와이어, 모듬, 4.4cm(1-3/8인치) 길이, 250개",Universal,17589,8711,4.7,47.0,250개씩 판매됩니다. 개별 시트를 손상시키지 않고 문서를 쉽게 넣고 뺄 수 있습니다. 컬러 코딩 또는 신호에 이상적입니다.,비닐 코팅 클립은 종이를 손상시키지 않고 안전하게 고정하고 밀어 넣고 뺄 수 있습니다. 다양한 밝은 색상은 코딩 신호 및 플래깅에 이상적입니다. 클립/클램프 유형: 해당 없음): 다양한 소재): 비닐 코팅 와이어 용량 (텍스트): 해당 없음. 측정 단위: 팩,"['클립', '코팅', '비닐', '신호', '코딩', '종이', '손상', '와이어', '플래깅', '고정']"
사무용품,"클립, 집게 및 링",클립,,B0D53GJTSD,"사무용품 100개, 종이 정리함 클립, 재사용 가능한 금속 종이 클램프, 휴대용 종이 클램 클립 디스펜서 리필 클립(다채로운 50개 + 실버 50개), 소형 보관함 2개, 수동 스테이플러, 바인더 및 종이 클립",Luhaomisky,7742,7742,,,1,1,"['종이', '클립', '휴대', '소형', '금속', '램', '리필', '바인더', '보관', '사무']"
사무용품,"클립, 집게 및 링",클립,,B0CM8P437L,"귀여운 골드 새 모양 종이 클립 50개, 창의적인 장식 동물 모양 종이 클립, 문서 정리 책 마크 사무실 가정 학교 문구 종이 클립 및 바인더 (비둘기)",JruiZhp,13794,13794,4.4,3.0,"소재: 귀여운 종이 클립은 금속으로 만들어져 강하고 내구성이 뛰어나며 쉽게 녹슬거나 부서지지 않으며 오랫동안 사용할 수 있습니다. 창의적인 디자인: 만화 플라밍고와 비둘기 디자인 종이 클립은 창의적이고 매력적입니다. 사랑스러운 모양과 반짝이는 색상으로 쉽게 주의를 끌 수 있어 일하거나 공부하는 동안 재미와 즐거움을 제공합니다. 마감 처리로 책상에 우아함을 더합니다. 색상 사이즈: 골드, 핑크, 비둘기 (길이 * 너비) 2.6cm/1인치 x 3.3cm/1.2인치, 플라밍고 (길이 * 너비) 4.5cm/1.7인치 x 3.4cm/1.3인치 다양한 용도: 장식용 종이 클립은 문서, 편지, 메모 등을 묶는 데 사용할 수 있습니다. 사무실이나 학교 또는 귀여운 종이 클립에 집이나 여행을 장식하고 정리하세요. 미니 클립: 이 귀여운 만화 종이 클립은 생일 선물, 추수감사절 선물, 개학 선물로 적합하며 선물로 적합합니다.",,"['클립', '종이', '선물', '귀엽다', '비둘기', '장식', '창의', '정리', '만화', '사무실']"
사무용품,"클립, 집게 및 링",클립,,B0BWNG7LVY,"2팩 투명 엑스트라 라지 바인더 종이 클립, 칠판 또는 냉장고에 자석 스틱 포함, 20.9cm(7.9인치) 튼튼하고 실용적인 주방 사무실 학교 도구",Uinxan,13282,13282,4.2,15.0,"고품질 GPPS(투명), 다른 제품과 비교했을 때, 저희 제품은 더욱 정교하고 고급스럽습니다. 물건을 단단히 고정하고 사용하기 더 편리합니다. 20cm(7.8인치) 너비는 거의 모든 음식 가방과 종이에 맞습니다. 2개의 스테인리스 스틸 스프링, 더 강하고 내구성이 뛰어나며 당신을 위한 최고의 도구 또는 친구를 위한 선물입니다. 뒷면에 4개의 자석이 있어 이 편리한 도우미를 칠판이나 냉장고에 쉽게 사용할 수 있어 쉽게 꺼낼 수 있습니다. 가벼운 물체를 고정하는 데 사용할 수 있습니다. 말뚝, 못, 후크 또는 라인에 걸 수 있는 손잡이에 구멍이 있는 바인더 종이 클립 - 보관이 쉽습니다 좋은 밀봉 효과로 음식을 신선하게 유지하고 종이가 떨어지지 않도록 합니다. 이 튼튼한 백 칩은 비닐 봉투를 밀봉하여 감자 칩이나 건조한 애완 동물 사료와 같은 대부분의 다른 종류의 음식을 신선하게 유지하는 데 유용합니다. 큰 그립 표면은 공기와 습기를 차단하기 위해 봉지를 단단히 밀봉하기 때문입니다. 음식을 더 오래 보관할 수 있습니다 다기능 밀봉 클립, 이 가방 클립은 빵, 칩, 견과류 등과 같은 주방 음식을 보관하기에 적합할 뿐만 아니라 사무실 문서를 정리하는 데에도 사용할 수 있습니다",,"['음식', '밀봉', '클립', '종이', '가방', '고정', '바인더', '사무실', '도구', '단단하다']"
사무용품,"클립, 집게 및 링",클립,,B012DGQ8EK,"Acco Brands A7072050 바인더 클립, 미디엄, 박스당 12개, 박스 6개 = 미디엄 클립 72개",ACCO Brands,21398,21398,4.7,150.0,"중간 사이즈, 1.6cm(5/8인치) 용량, 3.2cm(1 1/4인치) 너비, 박스당 클립 12개 실버 암이 있는 블랙 바인더 클립은 종이 더미를 안전하게 고정합니다. 강화 스틸 구조 프로 재사용에 이상적이며, 클립을 제거하면 모양이 돌아옵니다","Acco Brands A7072050 바인더 클립, 미디엄, 박스당 12개","['클립', '박스', '미디엄', '바인더', '프로', '개중', '고정', '구조', '더미', '블랙']"
사무용품,"클립, 집게 및 링",클립,,B0BQBSB6PG,"컬러 점보 종이 클립, 300피스 50mm(2인치) 종이 클립 종이 클립 종이 클립 다채로운 클립 가정, 학교 및 사무실 사용에 이상적 컬러 (실버)",ZYFOFFICE,13822,9944,4.7,56.0,"사이즈: 50 x 11mm / 2.0x0.43 인치 (길이 x 너비) 이 대형 종이 클립은 5.1cm(2인치)로 더 두꺼운 종이를 담을 수 있으며 큰 파일이나 카드를 정리하는 데에도 적합합니다. 코팅 종이 클립은 5가지 다른 클로러와 함께 제공되어 삶이나 일을 더 즐겁고 다채롭게 만듭니다. 모든 컬러 종이 클립은 플라스틱 상자에 포장되어 먼지로부터 깨끗하게 유지되며 쉽게 접근할 수 있으며 책상과 서랍을 깔끔하게 유지할 수 있습니다. 종이 클립 저장 장치를 추가로 구입할 필요가 없습니다. 다용도: 사무실, 학교 및 일상 파일 문서를 클립하는 데 사용할 수 있을 뿐만 아니라 DIY, 책갈피, 사진 앨범 클립, 명함 홀더 및 봉투 클립으로도 사용할 수 있습니다. 24시간 서비스: 저희는 고품질 종이 클립이 여러분의 기대를 뛰어넘을 것이라고 믿습니다. 컬러 종이 클립에 문제가 있는 경우 저희에게 연락하시면 24시간 이내에 문제를 해결해 드리겠습니다.",,"['클립', '종이', '컬러', '유지', '학교', '사무실', '파일', '문제']"
사무용품,"클립, 집게 및 링",클립,,B08T94P4CK,"미디엄 바인더 클립, 30개, 라지, 블랙, 3.2cm(1.25인치) 종이 바인더 클립 클램프, 종이 클립 메탈 폴드 블랙 바인더 클립, 박스 포함, 바인더 클립 32mm, 교사 학교 사무실 및 비즈니스용",JIURUN,9127,9127,4.2,40.0,"★[패키지 구성]: 너비 32mm(1.25인치) 미디엄 바인더 클립 30개. 그리고 이 바인더 클립은 재사용 가능한 구획화된 용기에 담겨 제공되어 쉽게 보관할 수 있습니다. 깨지거나 긁힐 염려가 없습니다. ★[프리미엄 소재]: 당사의 바인더 클립은 강한 금속 소재와 고품질 탄성 강철로 제작되었습니다. 강화 강철로 제작, 프리미엄(스프링 모양). 강한 금속 클램프와 실버 암은 재사용이 가능합니다. 플레이트는 녹 방지를 위해 부드러운 블랙 코팅이 되어 있습니다. ★[필요한 이유]: 이 종이 클램프는 느슨한 종이의 큰 스택을 단단히 고정하고 모든 음식을 공기 중에 닫힙니다. 팔을 꼬집어 쉽게 제거할 수 있어 언제든지 문서에 완전히 액세스할 수 있습니다. 손잡이는 똑바로 세우거나 평평하게 접거나 제거할 수 있습니다. ★[다양한 용도]: 블랙 바인더 클립은 문서 그룹을 즉시 바인딩하고 사무실, 가정, 학교에서 열린 냉동 채소와 칩 봉지를 닫는 데 적합합니다. 머니 클립, 종이 홀더 또는 레터 홀더 등에 사용할 수 있습니다. 미끄러지거나 떨어질 위험 없이 스테이플의 흔적을 남기지 않고 종이를 함께 고정합니다. ★[좋은 서비스]: 바인더 클립에 문제가 있으면 ""질문하기""를 통해 JIURUN 연락을 주시면 24시간 이내에 답변을 드리겠습니다. 제품에 품질 문제가 있는 경우 즉시 전액 환불 또는 교체를 받으실 수 있습니다.",,"['클립', '바인더', '종이', '블랙', '클램프', '사무실', '제작', '강철', '강하다', '고정']"
사무용품,"클립, 집게 및 링",클립,,B0C2CFWWSB,"페이지 넘기용 컬러 대형 독서 종이 클립, 바인더 클립, 사무실 학교 가정 책상 용품용 종이 클램프, 16개 (BC-01)",BOSLISA,6911,6911,,,"필요한 이유 - 문서를 읽을 때 다른 무엇보다 적절한 바인더 클립이 필요합니다. 페이지를 더 잘 넘기고 문서가 손상될 수 있는 잦은 페이지 넘김을 방지하는 데 도움이 됩니다. BOSLISA의 독서 시리즈 바인더 클립은 올바른 선택이며 최대 50페이지를 함께 담을 수 있습니다. 우수한 품질 - 고급 매트 코팅이 된 고품질 풀 ABS로 만든 BOSLISA의 종이 클립은 내구성이 뛰어나고 재사용이 가능합니다. 일년 내내 이 클립의 편리함을 즐길 수 있습니다! 견고한 소재 - 클램프 금속은 내구성과 녹 방지를 위해 강화 강철로 제작되었습니다. 완벽한 선물 아이디어 - 사무원, 재무 및 회계, 교사 및 학생과 같은 많은 종이 파일이나 문서를 분류해야 하는 사람들에게 완벽한 선물 아이디어. 또한 사용을 만족시키면서 매우 아름다운 장식입니다. 패키지 구성 - 3.8cm(1.5인치) 바인더 클립 x 16개. 클립은 종이, 메모, 사진, 그림, 스티커, 영수증, 양피지, 책갈피, 파일, 티켓, 기타 작은 물건 등을 보관하기에 이상적입니다.","1. 필요한 이유 - 문서를 읽을 때 다른 무엇보다 적절한 바인더 클립이 필요합니다. 페이지를 더 잘 넘기고 문서가 손상될 수 있는 잦은 페이지 넘김을 방지하는 데 도움이 됩니다. BOSLISA의 독서 시리즈 바인더 클립은 올바른 선택이며 최대 50페이지를 함께 담을 수 있습니다. 2. 우수한 품질 - 고급 매트 코팅이 된 고품질 풀 ABS로 만든 BOSLISA의 종이 클립은 내구성이 뛰어나고 재사용이 가능합니다. 일년 내내 이 클립의 편리함을 즐길 수 있습니다! 3. 견고한 소재 - 클램프 금속은 내구성과 녹 방지를 위해 강화 강철로 제작되었습니다. 4. 완벽한 선물 아이디어 - 사무원, 재무 및 회계, 교사 및 학생과 같은 많은 종이 파일이나 문서를 분류해야 하는 사람들에게 완벽한 선물 아이디어. 또한 사용을 만족시키면서 매우 아름다운 장식입니다. 5. 패키지 구성 - 3.8cm(1.5인치) 바인더 클립 x 16개. 클립은 종이, 메모, 사진, 그림, 스티커, 영수증, 양피지, 책갈피, 파일, 티켓, 기타 작은 물건 등을 보관하기에 이상적입니다.","['클립', '종이', '페이지', '바인더', '문서', '방지', '선물', '아이디어', '파일', '완벽하다']"
사무용품,"클립, 집게 및 링",클립,,B08HLQYG65,"동물 모양 종이 클립, 재미있는 종이 클립, 다양한 색상 종이 클립, 코팅 종이 클립, 책갈피 클립 사무용품, 학생, 어린이, 교사용",N/N,19376,19376,4.4,144.0,"【패키지 구성】- 150개의 귀여운 모양의 종이 클립(동물, 나무, 꽃, 자동차 등), 물건을 정리하고 종이, 달력, 노트북 또는 스크랩북을 장식하는 데 도움이 됩니다. 클립은 종이를 손상시키지 않고 최대 20장의 시트를 함께 잘 보관할 수 있습니다. 【 녹 방지 및 내구성】- 코팅된 종이 클립은 PET 코팅된 고품질 스테인리스 스틸로 만들어져 내구성이 뛰어나고 표면이 매끄럽고 녹슬거나 깨지거나 종이 자국을 남기지 않습니다. 【다용도】 종이 클립뿐만 아니라 독서 클립으로도 훌륭합니다. 이 현대적인 스테이플은 생일이나 크리스마스와 같은 행사에 이상적인 작은 선물이나 기념품으로 인사말 카드나 공책을 위한 예쁜 장식입니다. 【 쉬운 정리】 동물 모양의 컬러 종이 클립은 책상과 서랍을 깔끔하게 유지하고 매일 사용하는 무거운 짐을 충족하는 쉬운 방법을 제공합니다. 모든 재미있는 종이 클립은 쉽게 꺼낼 수 있도록 걸이용 구멍이 있는 가방에 담겨 제공됩니다. 【 파일 분류 】 혼합 모양의 종이 클립은 파일을 꾸미고 노트북, 책갈피, 스크랩북, 캘린더 마커 및 기타 품목을 안전하게 부착하고 정리할 수 있도록 도와줍니다. 사무실, 가정 및 일상 사용에 적합합니다.","【패키지 구성】 150개의 귀여운 종이 클립(동물, 나무, 꽃, 자동차 등), 종이, 달력, 노트북 또는 스크랩북을 정리하고 장식하는 데 도움이 됩니다. 클립은 종이를 손상시키지 않고 최대 20장의 시트를 함께 보관할 수 있습니다. 【 녹 방지 & 내구성 】 코팅된 종이 클립은 PET 코팅이 된 높은 스테인리스 스틸로 만들어져 내구성이 뛰어나고 표면을 매끄럽게 만들고, 녹슬고, 깨지고, 종이에 걸리거나 자국을 남기지 않습니다. 【다용도】 종이 클립뿐만 아니라 독서 클립으로도 훌륭합니다. 이 현대적인 스테이플은 생일이나 크리스마스 같은 행사에 이상적인 작은 선물 또는 기념품으로 인사말 카드나 공책을 위한 예쁜 장식품입니다. 【 간편한 정리 】 동물 모양의 컬러 종이 클립은 책상과 서랍을 깔끔하게 유지하는 쉬운 방법을 제공하며 일상적인 사용에 필요한 무거운 짐을 충족시킵니다. 모든 재미있는 종이 클립은 쉽게 꺼낼 수 있도록 걸이용 구멍이 있는 가방에 들어 있습니다. 【 파일 분류 】 혼합 모양의 종이 클립은 파일을 깔끔하게 정리하고, 노트북, 책갈피, 스크랩북, 달력 마커 및 기타 품목을 안전하게 부착하고 정리할 수 있도록 도와줍니다. 사무실, 가정 및 일상 사용에 적합합니다.","['종이', '클립', '정리', '구성', '동물', '코팅', '스크랩', '북', '파일', '노트북']"
사무용품,"클립, 집게 및 링",클립,,B0BHVZ525B,"200팩 퍼플 종이 클립 컬러 사무실 클립, 작은 종이 클립 2.9cm(1.1인치) / 28mm 비닐 코팅 종이 클립 학교 용품, 금속 종이 클램프 장식 종이 클립 사무실 학교 가정용",Qjaiune,7742,7742,4.8,50.0,"✿패키지 구성: 소형 컬러 페이퍼 클립 200개, 금속 종이 클립 길이: 1.1인치/28mm, 너비: 0.33인치/8.5mm, 색상: 퍼플. 작은 장식용 종이 클립은 삶에 색을 더할 수 있습니다. ✿다양한 용도: 작은 코팅 종이 클립으로 데스크탑의 용지를 효과적으로 정리할 수 있습니다. 튼튼한 종이 클립은 종이, 문서, 봉투, 사진 앨범, 책갈피, 명함, 수공예품, 미술 용품을 고정하는 데 매우 적합하며 긁기, 선물 포장에도 적합합니다. 고품질 소재: 작은 금속 종이 클램프는 고품질 금속으로 만들어져 견고하고 내구성이 뛰어납니다. 사무실 종이 클립의 표면은 비닐 코팅으로 부식 방지 기능이 있으며 종이에 흔적을 남기지 않습니다. ✿간편한 휴대: 학용품 종이 클립은 작고 휴대가 간편하여 책상을 깨끗하게 유지하고 배낭에 넣을 수도 있습니다. 사무실, 학교, 가정, 교실 및 대학에서 없어서는 안될 도구입니다. ✿서비스 정보: 저희는 고객에게 고품질의 제품을 제공하기 위해 최선을 다하고 있습니다. 30일 이내에 잘못된 사이즈를 구입하는 등 제품에 100% 만족하지 못하셨다면 언제든지 저희에게 연락해 주십시오. 24시간 이내에 만족스러운 해결책을 제공해 드리겠습니다.","회사 소개: Qjaiune 소비자에게 만족스러운 고품질 제품을 제공하는 것을 자랑스럽게 생각합니다. 당사의 모든 제품은 포장 전에 엄격한 품질 검사를 거쳤으므로 안심하고 구입할 수 있습니다. 고객의 요구를 충족시키는 것이 Qjaiune의 최우선 순위입니다. 저희는 제품을 통해 작업을 더 쉽게 하기 위해 최선을 다하고 있습니다. Qjaiune 제품의 품질을 완전히 신뢰할 수 있습니다. 제품 장점: 작은 코팅 종이 클립은 데스크톱의 종이를 효과적으로 정리할 수 있습니다. 튼튼한 종이 클립은 종이, 문서, 봉투, 사진 앨범, 책갈피, 명함, 수공예품, 미술 용품을 고정하는 데 매우 적합하며 긁기, 선물 포장에도 적합합니다. 학용품 종이 클립은 작고 휴대가 간편하여 책상을 깨끗하게 유지하고 배낭에 넣을 수도 있습니다. 사무실, 학교, 가정, 교실 및 대학에서 없어서는 안될 도구입니다. 제품 사양: 재료: 금속 마감 유형: 비닐 코팅 길이: 1.1인치/28mm 너비: 0.33인치/8.5mm 색상: 퍼플 패키지 구성: 작은 색종이 클립 200개. 팁: 수동 측정시 1-2mm의 오차가 있을 수 있습니다. 서비스 정보: Qjaiune 고객에게 고품질 제품을 제공하기 위해 최선을 다하고 있습니다. 30일 이내에 잘못된 사이즈를 구입하는 등 제품에 100% 만족하지 못하셨다면 언제든지 저희에게 연락해 주십시오. 24시간 이내에 만족스러운 해결책을 제공해 드리겠습니다.","['종이', '클립', '작다', '금속', '사무실', '코팅', '학교']"
사무용품,"클립, 집게 및 링",클립,,B0CV7LS7FS,KUJOBUY 미니 바인더 클립 팩 1.3cm(1/2인치) 블랙 12/박스 12개 오피스 블랙 미니 클립 재사용 바인더 클립에 이상적 미디엄 미니 바인더 클립 사무실 클립 종이 클립,KUJOBUY,6911,6911,,,정교한 블랙 색상의 바인더 클립으로 문서의 프레젠테이션을 향상시키세요. 스몰 사이즈는 모든 디테일에 전문적인 프레젠테이션을 제공합니다. 이 12개의 클립 박스는 종이를 깔끔하게 정리하면서 매끄럽고 전문적인 외관을 제공합니다. 클립은 강한 그립감을 제공하여 종이를 안전하게 고정할 수 있습니다. 클래식 블랙 색상의 바인더 클립은 모든 바인딩 요구 사항을 충족하는 내구성 있고 다양한 솔루션을 제공합니다.,,"['클립', '바인더', '블랙', '미니', '종이', '테이', '프레', '전문', '박스']"
사무용품,"클립, 집게 및 링",클립,,B0D22WY7HR,"점보 종이 클립 42개, 대형 Papeclips 10.2cm(4인치) 사무실용",Ufmarine,9681,9681,4.6,6.0,"제품 구성: 10.2cm(4인치) 크기의 대형 종이 클립 42개가 있으며 많은 종이를 담을 수 있습니다. 다용도: 종이 클립은 DIY 프로젝트, 책갈피, 봉투, 사진 앨범, 지폐 및 식품 봉지 밀봉에 적합합니다. 색상 코딩 용지: 컬러 종이 클립은 종이 더미에서 특정 용지 더미를 식별하는 데 좋습니다. 아무 말도 남기지 않고 쉽게 착용하고 벗을 수 있습니다. 예약을 위한 평평한 용기가 함께 제공됩니다. 다양한 용도: 대형 종이 클립은 사무실 및 학교 서류 작업에 널리 사용됩니다. 또한, DIY, 지폐와 같은 일상 생활에서도 사용됩니다.",,"['종이', '클립', '대형', '더미', '지폐', '용지']"
사무용품,"클립, 집게 및 링",클립,,B0CK893MXV,"멀티컬러 바인더 클립, 소형 바인더 클립, 60팩, 1.9cm(0.75인치), 작은 클립, 종이 바인더 클립, 바인더 클립 소형, 소형 종이 클립, 사무실 클립, 마이크로 바인더 클립, 미니 바인더 클립",WUYIPPD,13836,13836,5.0,6.0,"패키지 구성 - 소형 바인더 클립 60개, 4가지 색상(로즈 골드, 골드, 실버, 핑크), 19mm/0.75인치, 모든 클립이 투명 상자에 포함되어 있습니다. 이 작은 바인더 클립은 강도와 내구성을 높이기 위해 강화 강철로 제작되었습니다. 녹 방지 코팅으로 장기간 사용 후에도 새 것처럼 보입니다. 스프링 타이트 클립은 느슨한 종이의 큰 스택을 단단히 고정하여 운반이 쉽고 분실이나 손상을 방지합니다. YCVIORING 바인더 클립은 문서, 사진 등을 보관하기에 적합합니다. 60개 팩으로 제공되므로 집이나 사무실 어디에서나 사용할 수 있습니다! 저희는 고객님께 양질의 쇼핑 경험을 제공하고자 합니다. 제품을 받으면 문의 사항이 있으시면 저희에게 연락하십시오.","멀티컬러 바인더 클립, 로즈 골드 바인더 클립 15개, 실버 바인더 클립 15개, 핑크 바인더 클립 15개, 골드 바인더 클립 15개,","['클립', '바인더', '소형', '골드', '종이']"
사무용품,"클립, 집게 및 링",클립,,B09289RHX8,"종이 클립, 200팩, 종이 클립, 종이 클립, 사무실, 학교 및 일상 사용에 적합, 일상 DIY, 종이 클립, 클립에도 사용 (실버)",Tontomtp,8296,5124,4.6,1260.0,"종이 클립은 사무실, 학교 및 일상 사용에 매우 적합합니다. 일상적인 DIY 프로젝트, 사진 앨범, 명함 홀더 및 봉투 홀더, 책갈피에도 적합합니다. 내구성이 뛰어나고 녹 방지 코팅은 아연 도금으로 만들어져 종이 클립이 부식을 방지하고 재사용이 가능하며 매끄러운 표면으로 문서에 찢어지거나 자국을 남기지 않습니다. 당사의 종이 클립은 모두 플라스틱 용기에 담겨 있습니다. 저희 제품은 쉽게 꺼낼 수 있도록 도와주며 책상과 서랍을 깔끔하게 유지할 수 있습니다. 종이 클립은 사용하기 쉽고 종이에 단단히 고정할 수 있으며 미끄러지지 않으며 사무실 작업, 홈 오피스 및 학교에서 사용하기에 매우 적합합니다. 독특하고 섬세한 종이 클립은 평생 을 제공합니다.","종이 클립 200팩(실버) 실버 200팩. 클립: 당사의 종이 클립은 모두 플라스틱 용기에 담겨 있습니다. 저희 제품은 쉽게 꺼낼 수 있도록 도와주며 책상과 서랍을 깔끔하게 유지할 수 있습니다. 수량: 200팩 종이 클립은 오랫동안 사용할 수 있습니다. 품질: 종이 클립은 비닐 코팅으로 부식을 방지하며 매끄러운 표면은 종이에 걸리거나 자국을 방지합니다. 용도: 종이 클립은 사용하기 쉽고 종이에 단단히 고정할 수 있으며 미끄러지지 않으며 사무실 작업, 홈 오피스에 매우 적합하며 일상적인 DIY에도 사용됩니다. 서비스: 독특하고 섬세한 종이 클립은 평생 을 제공합니다. 제품에 품질 문제가 발생할 때마다 저희에게 연락하시면 항상 도와드리겠습니다.","['종이', '클립', '일상', '방지', '사무실', '실버', '학교']"
사무용품,"클립, 집게 및 링",클립,,B001H9ZD5U,"Acco 재활용 #1 종이 클립, 100개 (A7072365A)",ACCO Brands,2811,2811,4.6,837.0,"#1 사이즈 클립은 최대 10장의 시트를 담을 수 있습니다. 상자 당 100개의 종이 클립 매끄러운 실버 마감의 내구성 있는 와이어 구조로 신뢰할 수 있는 재사용이 가능하도록 모양을 유지합니다 90% 재활용 소재로 만든 종이 클립, 50% 소비자 사용 후 폐기물, 미국에서 제작",재활용 종이 클립은 90% 재활용 소재로 만들어졌으며 그 중 50%는 소비자 사용 후 폐기물입니다. 모양을 유지하고 반복해서 재사용할 수 있을 만큼 내구성이 뛰어납니다. 매끄러운 마감으로 클립이 종이에 쉽게 끼우고 뺄 수 있습니다. #1 사이즈 클립은 최대 10장까지 담을 수 있습니다. 박스 당 100개.,"['클립', '종이', '재활용', '폐기물', '구성', '재사용', '유지', '마감', '매끄럽다', '소비자']"
사무용품,"클립, 집게 및 링",클립,,B0C2835DK2,Henoyso 24피스 대형 불 강아지 클립 10.2cm(4인치) 황소 종이 바인더 클립 실버 메탈 푸드 백 클립 걸이식 종이 게시판 클립 머니 사진 바인더 종이 클립 클램프 홈 오피스 학교 용품용,Henoyso,23531,23531,5.0,7.0,"총 수량: 100mm(4인치) 불 클립 24개를 받게 되며, 각 제품은 약 250장의 종이를 담을 수 있으며 매일 사용하고 교체할 수 있는 충분한 수량입니다. 다른 사람들과 공유할 수도 있습니다 걸 수 있는 디자인: 이 종이 클립 점보는 손잡이에 7mm 구멍이 있어 문, 벽, 게시판, 칠판 및 기타 원하는 장소에 걸 수 있으며 공간을 많이 차지하지 않고 정리하기 쉽습니다 강력한 소재: 불 종이 클립은 금속 철로 만들어졌으며 표면은 코팅되어 강하고 매끄럽고 마모에 강하며 쉽게 녹슬거나 변형되지 않으며 여러 번 다시 부착할 수 있습니다 다용도: 실버 메탈 클립은 종이, 영수증, 포스터, 송장, 지도, 사진, 카드, 문서 및 식품 가방에도 사용할 수 있어 개인 물품을 더 잘 정리할 수 있습니다 적용 용도: 대형 바인더 클립은 가정, 사무실, 학교, 스튜디오 및 기타 장소에 적합하며 다양한 요구 사항을 충족합니다. 매우 실용적이며 가족, 친구 및 반 친구에게 선물로 줄 수 있습니다","특징: 실버 종이 클립은 영수증, 포스터, 송장, 지도, 사진, 카드 등을 정리하고 보관할 수 있어 일상 생활에 많은 편리함을 제공합니다. 이 종이 바인더 클립은 보관 및 전시품을 걸 수 있는 작은 구멍으로 설계되었습니다. 사양: 소재: 금속 철. 색상: 실버 사이즈: 약 4인치/100mm 패키지 구성: 종이 바인더 클램프 24개. 참고: 수동 측정, 사이즈에 약간의 오차가 있을 수 있습니다. 화면 디스플레이의 차이로 인해 색상이 약간 다를 수 있습니다.","['클립', '종이', '바인더', '실버', '사진', '정리', '불']"
사무용품,"클립, 집게 및 링",클립,,B0BW9S5RLJ,"작은 바인더 클립, 블랙 바인더 클립 스몰 사이즈, 바인더 종이 클립, 마이크로 바인더 클립, 클립 사무용품, 1.9cm(3/4인치), 70개",EHME EHME EHME,8296,8296,4.7,38.0,"점보 박스 패키지에는 70개의 소형 1.9cm(3/4인치) 너비 바인더 클립 1cm(0.4인치) 용량(보관 + 50장) 편리한 홀더 - 이 금속 블랙 일반 바인더 클립을 보관할 수 있는 편리하고 내구성이 뛰어난 플라스틱 상자가 함께 제공되어 학교 사무실 책상 표면을 정리하기에 적합합니다. 견고하고 신뢰할 수 있음 - 고품질 표준 바인더 클립 세트 소재는 강화 강철로 만들어져 내구성이 뛰어나고 녹 방지 기능이 있습니다 종이를 안전하게 보관하세요 - 스프링 타이트 클립은 느슨한 종이, 주방 식품 가방 정리 클립, 사무실 또는 학교 가정 일상 사용 바인더 클램프를 많이 쌓는 데 도움이 됩니다 【좋은 가성비 100% 만족】 70개의 내구성 있는 블랙 바인더 클립으로 합리적인 가격에 제공되며, 의견이 있으시면 훌륭한 고객 서비스를 제공합니다",,"['클립', '바인더', '블랙', '구성', '종이', '사무실', '학교', '보관', '편리하다', '정리']"
사무용품,"클립, 집게 및 링",클립,,B0BS135VW2,330피스 중형 소형 바인더 클립 2.5cm(1인치) 블랙 종이 클립 금속 종이 클램프 사무실 학교 비즈니스 교사 학생용,FVSEC,31841,31841,5.0,6.0,"【대형 패키지】330개의 중형 소형 바인더 클립이 제공되며, 각 크기는 너비 25mm(1.0인치)로 최대 55장의 종이를 고정할 수 있습니다. 일상적인 사용 및 교체 요구 사항을 충족할 수 있는 충분한 수량이며, 친구들과 공유하여 관계를 촉진할 수 있습니다. 【높은 유틸리티】종이 클램프는 강한 클램핑력과 견고함을 가지고 있어 실제 필요에 따라 여러 장의 종이를 단단히 고정할 수 있어 종이가 떨어질 위험을 줄입니다. 곡선 모양의 클립의 디자인은 적당한 인장력을 가지고 있어 집을 때 종이를 쉽게 손상시키지 않으므로 분류된 파일 저장을 쉽고 빠르게 실현할 수 있어 바인더 클립은 사무실 파일링에 좋은 보조 도구입니다. 【실질적이고 내구성】금속 바인더 클립은 스프링 클립과 두 개의 긴 손잡이 스틸 와이어로 구성되어 있습니다. 스프링 클립은 금속 기질로 만들어졌으며 표면이 칠해져 부식과 녹을 방지하므로 재사용할 수 있으며 쉽게 느슨해지지 않아 수명을 연장합니다. 【다기능 사용】블랙 바인더 클립은 적당한 크기이며 보관 및 휴대가 편리합니다. 사무실과 가정에서 다양한 요구 사항을 충족하고 데이터 케이블 분류, 휴대폰 홀더 및 간식 밀봉과 같은 사용 경험을 향상시키기 위해 다양한 창의적인 용도로 사용할 수 있습니다. 【다양한 용도】종이 바인더 클립은 쉽게 고정하고 제거할 수 있습니다. 스테이플과 비교했을 때, 바인더 클립은 흔적을 쉽게 남기지 않는 장점이 있으며, 종이 클립과 비교했을 때 더 많은 종이를 더 단단히 고정할 수 있습니다. 따라서 바인더 클립은 사무실, 가정 및 기타 장소에서 더 인기가 있습니다.","제품 설명:/고강도 중형 소형 바인더 금속 종이 클립 클램프, 사무실과 생활의 다양한 요구 사항을 충족합니다./특징:/--그루브 컬링 디자인을 채택하여 종이를 단단히 고정하고 쉽게 손상되지 않습니다./-스프링 클립은 부식 방지, 녹 방지 및 내구성이 뛰어난 코팅 페인팅 공정을 채택합니다./-고강도 클립은 재사용이 가능하며 쉽게 느슨해지지 않으며, 클립 가격은 합리적이고 비용 효율적입니다./--큰 효과가 있는 작은 사이즈, 다양한 요구 사항을 충족하는 다양한 크기로 다양한 문서를 빠르게 분류합니다./--다양한 창의적인 용도로 바인더 클립은 사무실, 가정 및 기타 장소에서 널리 사용됩니다./사양:/종류: 바인더 클립/색상: 블랙/소재: 금속 기판/사이즈: 1.0인치/25mm 너비//사용 방법:/1단계: 긴 손잡이의 끝을 잡고 스프링 클립을 제어하고 여러 장의 종이를 꺼내서 스프링 클립으로 고정하십시오./2단계: 긴 손잡이의 끝을 잡고 바깥쪽으로 약간의 힘을 가한 다음 클램핑된 종이를 제거합니다./제품 구성:/2.5cm(1인치) 블랙 바인더 클립 330개./참고:/수동 측정이므로 사이즈에 약간의 오차가 있을 수 있습니다./화면 디스플레이의 차이로 인해 색상이 약간 다를 수 있습니다.","['클립', '종이', '바인더', '고정', '사무실', '스프링', '금속', '구성', '블랙', '요구']"
사무용품,"클립, 집게 및 링",클립,,B09YPRWW83,"화이트 점보 종이 클립, 20피스 50mm 5cm(1.97인치) 대형 와이드 종이 클립 코팅 와이어 미디엄 사무용품 액세서리",Supfoxer,11066,11066,4.7,177.0,"프리미엄 소재: 비닐 코팅된 1.2mm 직경의 금속 와이어, 녹 및 변형 없음, 오래 사용할 수 있습니다. 패키지: 5cm 화이트 페이퍼 클립 20개, 원형 아크릴 투명 상자로 휴대와 보관이 쉽습니다. 용도: 이 넓은 대형 종이 클립은 문서, 스크랩북, 책갈피 등에 유용하며 일반 클립보다 넓고 귀엽습니다. 더 많은 재미를 가져다줍니다: 화이트 비닐로 코팅되어 일반 종이 클립보다 더 많은 재미를 더합니다. 쉬운 사용: 매끄러운 표면의 이 대형 종이 클립은 종이에서 꺼낼 때 손상 없이 종이를 쉽게 고정할 수 있습니다.",,"['클립', '종이', '화이트', '대형', '코팅', '재미', '넓다', '비닐', '와이어', '일반']"
사무용품,테이프,사무용 테이프 디스펜서,,B07B7MBG8P,Amazon Basics 사무실 책상 테이프 디스펜서 - 3팩,Amazon Basics,21176,21176,4.7,4001.0,"가정, 사무실, 학교 또는 비즈니스에 이상적인 재사용 가능한 블랙 플라스틱 테이프 디스펜서 3팩 책상이나 테이블에 놓아 언제 어디서나 편리하게 분배할 수 있습니다 디스펜서를 제자리에 유지하기 위한 무게감 있는 코어 및 미끄럼 방지 폼 베이스 일회용 디스펜서보다 낭비가 적고 경제적입니다 테이프 크기 1.3cm(1/2인치) 및 너비 1.9cm(3/4인치), 최대 3800cm(1500인치) 길이까지 사용할 수 있습니다",Amazon Basics 사무실 책상 테이프 디스펜서 - 3팩/Amazon Basics,"['디스펜서', '테이프', '사무실', '책상', '가정', '경제', '낭비', '미끄럼', '방지', '베이스']"
사무용품,테이프,사무용 테이프 디스펜서,,B000Y52D5G,"Scotch 매직 테이프, 디스펜서 포함 6롤, 다양한 용도, 보이지 않음, 수리를 위해 설계, 1.9 x 254.4cm(3/4 x 1000인치), 박스형(810K6C38)",Scotch,33918,17977,4.8,20041.0,"패키지에는 클래식 블랙 데스크탑 디스펜서가 포함되어 있습니다 용기 라벨링, 찢어진 돈 고정, 스캔을 위한 영수증 부착과 같은 100가지 용도 사무실, 가정 및 학교에서 선호하는 테이프 롤을 부드럽게 당겨 쉽게 자를 수 있습니다 펜, 연필 또는 마커로 쓰세요 롤 위에는 서리가 내리지 만 작업 중에는 보이지 않습니다 수백만 명이 선호함","Scotch Magic Tape 810K6C38 밸류 팩에는 테이프 6롤이 포함되어 있으며 무게감 있는 베이스가 있는 Scotch C 38 클래식 블랙 데스크탑 사무실 테이프 디스펜서가 포함되어 있습니다. Scotch 매직 테이프는 사무실, 가정 및 학교에서 선호하는 테이프입니다. 부착시 보이지 않으며 사본에 표시되지 않습니다. 영구적인 종이 수리에 이상적인 테이프입니다. 펜, 연필 또는 마커로 쓸 수 있으며 롤을 부드럽게 꺼낼 수 있습니다. Scotch 매직 테이프는 쉽게 자를 수 있으며 매우 신뢰할 수 있습니다. 각 테이프 롤은 1.9cm(3/4인치)입니다. x 1000인치 2.5cm(1인치) 코어. 테이프는 사진에 안전합니다./In 1930, 3M engineer Richard Drew invented an attractive, moisture-proof material to help grocers and bakers seal up their packages. Over 70 years later, Scotch tape boasts over 400 varieties sold under the Scotch and 3M™ brands./Now indispensible in homes and offices, Scotch tapes offer specialty and general solutions for many projects--from crafts and gift-wrapping to mounting and everyday sealing./","['테이프', '롤', '선호', '디스펜서', '매직', '보이지', '사무실', '데스크탑', '부드럽다', '부착']"
사무용품,테이프,사무용 테이프 디스펜서,,B00006IF79,"Scotch 데스크탑 테이프 디스펜서, 블랙, 6.9cm(2.7인치) x 6.9cm(2.7인치) x 16.4cm(6.4인치), 테이프 디스펜서 1개",Scotch,8988,8282,4.7,9310.0,"클래식 테이프 디스펜서: 다양한 Scotch 오피스 테이프 제품과 함께 작동하는 Scotch 클래식 데스크탑 테이프 디스펜서 1개 한 손 디스펜싱: 경제적인 디스펜서는 한 손으로 분배할 수 있는 무게감 있는 베이스와 수년간 지속되는 고품질 커팅 블레이드를 가지고 있습니다 100% 재활용 플라스틱: 이 사무용 테이프 디스펜서는 100% 재활용 플라스틱으로 만든 환경 친화적인 선택입니다 리필 가능: 교체 가능한 코어 허브는 최대 2.5cm(1인치)까지 담을 수 있습니다. 최대 1.9cm(0.75인치)의 코어 컬러 투명 테이프. 너비 3.8cm(1.5인치). 롱 테이프 별도 판매: 테이프는 포함되어 있지 않습니다. Scotch Magic Tape, Scotch Super-Hold Tape, Scotch 양면 테이프 또는 Scotch 벽 안전 테이프를 사용하여 디스펜서를 채우십시오 패키지 구성: 테이프 디스펜서 1개가 포함되어 있습니다. 디스펜서는 6.9cm(2.7인치)입니다. x 6.9cm(2.7인치). x 6.4인치 SCOTCH 브랜드: 최고의 프로젝트는 Scotch 가정 및 사무실 테이프로 시작합니다 재료: 폴리스티렌","Scotch 클래식 데스크탑 테이프 디스펜서는 Scotch 매직 테이프를 포함한 다양한 테이프를 한 손으로 분배할 수 있는 무게감 있는 베이스가 있는 경제적인 테이프 디스펜서입니다. 100% 재활용 플라스틱으로 제작된 이 소형 테이프 디스펜서는 시중의 다른 디스펜서에 비해 환경 친화적인 선택입니다. 저렴하고 신뢰할 수 있는 이 제품은 교체 가능한 허브와 미끄럼 방지 베이스가 있는 클래식 스타일의 책상 테이프 디스펜서입니다. 허브는 2.5cm(1인치)입니다. 최대 2.5cm(1인치)까지 담을 수 있습니다. 최대 1.9cm(0.75인치)의 코어 테이프. 너비 3.8cm(1.5인치). 긴 길이. 테이프는 포함되지 않습니다. 최고의 프로젝트는 Scotch 가정 및 사무실 테이프로 시작됩니다./In 1930, 3M engineer Richard Drew invented an attractive, moisture-proof material to help grocers and bakers seal up their packages. Over 70 years later, Scotch/®/tape boasts over 400 varieties sold under the Scotch/®/and 3M™ brands./Now indispensible in homes and offices, Scotch/®/tapes offer specialty and general solutions for many projects--from crafts and gift-wrapping to mounting and everyday sealing.//Scotch/®/Magic™ Tape/Frosty on the roll but invisible on paper, Scotch/®/Magic™ Tape features the original matte-finish design for a strong hold and seamless look. This tape pulls off the roll and cuts smoothly, resisting splits and tears for a sturdy piece. Thanks to its gentle adhesive, you can stick then re-stick each piece as your project demands, then jot a helpful note with a pen or pencil on top when you're done./Ideal Use:/All home and office needs and craft projects./Scotch/®/GiftWrap Tape/Keep your presents secure and looking fabulous with Scotch/®/GiftWrap Tape. Featuring a unique satin finish, this tape pulls smoothly from the roll and disappears on most gift-wrap papers for a seamless close. The paper holds together, and your gift takes on a professional appearance./Ideal Use:/Gift-wrapping./Scotch/®/MultiTask Tape/For those everyday jobs, Scotch/®/MultiTask Tape features a strong, moisture-resistant material ideal for a wide range of taping tasks. Thanks to its high-quality performance and unique design with crystal clarity, it's easy to subtly add a strip to a project for a professional look and a secure hold./Ideal Use:/General tasks around the home and office, including household mending and sealing./Scotch/®/Double-Sided Tape/Versatile and convenient, Scotch/®/Double-Sided Tape offers a mess-free alternative to glue sticks for those light-duty attaching and mounting tasks. Featuring a two-sided adhesive, this tape comes in both a permanent and removable style so you can match the proper tape to the task. As a bonus, this tape is photo-friendly so you can keep your memories securely attached and looking good./Ideal Use:/Craft projects, mounting, sealing, gift-wrapping, and decorating./Scotch/®/Removable Tape/Scotch/®/Removable Tape features a unique adhesive that holds papers securely, while allowing you to remove or reposition each strip as needed. Because of its matte-finish, this tape adds a professional touch to layouts or posters. For those moments when you require a little explanation, jot a quick note on top with a pen or pencil./Ideal Use:/General tasks around the home and office. Great for art, graphic design, or architectural layout projects./Scotch/®/Pop-Up Tape/Offering handy pre- cut strips, Scotch/®/Pop-Up Tape puts convenience and organization at your fingertips. With several dispenser types to choose from, you can wear tape on your wrist, stick a tape disk to your desk, or use a mountable or portable dispenser where you need it most. The one-handed dispensing method allows you to work without pausing, so you can finish projects with ease and efficiency./Ideal Use:/Gift-wrapping, desk, and home-office use.//Scotch/®/Packaging Tape/For strapping, sealing, and protecting packages, nothing compares to Scotch/®/Packaging Tapes. Ideal for shipping and storing, each tape is tear- and split-resistant for high-quality containment./Scotch/®/Scissors/An ideal tool for home, office, and school, Scotch/®/Scissors offer high-quality performance and comfortable grip. Featuring titanium-fused or stainless steel blades, each scissor is designed to cut smoothly and accurately./Scotch/®/Cutting Tools/Scotch™ Cutters offer a faster, safer way to make clean, straight cuts. Ideal for gift-wrapping, opening mail, or cutting coupons, these tools offer speed and convenience for today's Scotch/®/users./Post-it/®/Notes/Keep organized with the conveniently compact Post-it/®/Notes. Featuring a gentle adhesive that won't mar the surface, Post-it/®/Notes offer a wide variety of colors and sizes to suit your noting needs.","['테이프', '디스펜서', '클래식', '허브', '플라스틱', '데스크탑', '베이스', '손', '재활용', '코어']"
사무용품,테이프,사무용 테이프 디스펜서,,B07RN1JWWS,데스크탑 테이프 디스펜서 - 미끄럼 방지 베이스 - 중량 테이프 롤 디스펜서 - 사무실 홈 스쿨에 적합 (테이프 미포함) 2팩,Manaloom,20761,17714,4.8,1657.0,"블랙 플라스틱 고중량 테이프 디스펜서 2개가 포함되어 있습니다. 디스펜서를 제자리에 유지하기 위한 무게감 있는 미끄럼 방지 고무 베이스. 너비 1.3cm(1/2인치) 및 너비 1.9cm(3/4인치), 최대 3.8cm(1500인치) 길이의 테이프 크기를 수용합니다. 스카치 매직 테이프(810K6) 및 스테이플 인비저블 테이프(52477)와 잘 작동합니다. 고품질 커팅 블레이드는 수년간 지속됩니다.",,"['테이프', '디스펜서', '중량', '미끄럼', '방지', '베이스', '홈', '사무실', '데스크탑', '롤']"
사무용품,테이프,사무용 테이프 디스펜서,,B0006HVL8C,"Scotch 데스크탑 테이프 디스펜서, 블랙 투톤, 디스펜서 1개/팩(C60-BK)",Scotch,12451,7257,4.7,6995.0,무게감 있는 베이스가 있는 디럭스 투톤 데스크탑 테이프 디스펜서 가정과 사무실에서 필요한 모든 것을 위해 Scotch Brand의 다른 고품질 제품을 사용해보세요 매끄러운 웨이브 디자인으로 어떤 장식에도 잘 어울립니다 한 손으로 쉽게 분배하는 데 이상적입니다 고품질 커팅 블레이드는 수년간 지속됩니다 부착된 허브는 분실되거나 잘못 배치되지 않습니다 미끄럼 방지 베이스,Scotch 데스크탑 오피스 테이프 디스펜서는 무게감 있는 베이스가 있는 디럭스 블랙 투톤 데스크탑 테이프 디스펜서입니다. 매끄러운 웨이브 디자인으로 어떤 장식에도 잘 어울립니다. 무게감 있는 미끄럼 방지 베이스는 한 손으로 쉽게 분배하기에 이상적입니다. 손실을 방지하기 위해 테이프 허브가 부착되어 있으며 수년간 지속되도록 설계된 고품질 커팅 블레이드가 있습니다. 2.5cm(1인치) 표준 테이프를 분배합니다. 코어 최대 1.9cm(3/4인치). 너비 1500인치 긴 길이. Scotch 테이프 디스펜서를 사용하면 좋아하는 테이프를 편리하게 사용할 수 있습니다!,"['테이프', '디스펜서', '데스크탑', '베이스', '투톤', '분배', '방지', '허브', '블랙', '블레이드']"
사무용품,테이프,사무용 테이프 디스펜서,,B0CV9GQWXV,"Scotch 스테인리스 스틸 리필 가능한 디스펜서 및 Scotch 매직 테이프 2롤, 66% 식물 기반 접착제, 1.9cm x 1.397cm(0.75인치 x 550인치), 보이지 않는 테이프, 사무용품 및 학용품",Scotch,13836,9681,4.4,75.0,"스타터 팩: 이 스타터 키트에는 휴대용 테이프 디스펜서, 66% 식물 기반 접착제로 만든 보이지 않는 Scotch 매직 테이프 리필 롤 2개, 쉽게 리필 보관을 위한 떼어낼 수 있는 바닥이 포함되어 있습니다 스테인리스 스틸 디스펜서: 리필 가능한 금속 디스펜서는 프로젝트 후에도 오래 사용할 수 있도록 제작되었으며 모든 책상이나 서랍에 세련되게 추가할 수 있도록 설계되었습니다 간편한 사용: 디스펜서는 인체 공학적으로 설계되었습니다. 금속 블레이드는 테이프를 쉽게 자르고, 쉽게 리필하고, 편리하게 보관할 수 있으며, 다음 학년 프로젝트를 위해 항상 준비됩니다 식물 기반 접착제: 포함된 매트 테이프는 예상되는 보이지 않는 마감과 66% 식물 기반 접착제의 접착력을 결합했습니다 재활용 용지, 플라스틱 프리 포장: 수축 랩 및 커브 사이드 재활용 없이 간단한 100% 재활용 크래프트 종이 포장으로 제공됩니다 클래식 인비저블 백 투 스쿨 테이프: 66% 식물 기반 접착제로 만든 클래식 매트 Scotch 매직 테이프는 표면에 혼합되어 보이지 않는 마감을 제공합니다 지속적인 약속: 모든 Scotch 스테인리스 스틸 리필 가능한 디스펜서는 평생 *","매끄럽고 내구성이 뛰어난 Scotch 스테인리스 스틸 리필 가능한 테이프 디스펜서로 전환하여 적은 플라스틱을 사용하십시오. 세련된 격자 무늬 디자인의 리필 가능한 금속 디스펜서는 학교, 교실 또는 사무용품에 세련되고 평생 추가할 수 있습니다. Scotch Brand는 거의 100년 동안 신뢰를 받아왔으며, 모든 프로젝트에 도움이 되는 최고의 접착 도구를 제공하기 위해 끊임없이 혁신하고 있습니다. 이 스타터 팩을 한 번 구입하면 매립지에서 플라스틱 디스펜서를 제거하는 데 도움이 됩니다. 내구성이 뛰어난 인체 공학적으로 설계된 금속 디스펜서는 수년 동안 사용했던 플라스틱 휴대용 디스펜서를 대체합니다. 포함된 두 개의 무광 마감 보이지 않는 테이프 롤은 처음부터 작업을 올바르게 완료할 수 있도록 도와줍니다. 인체 공학적으로 설계된 디스펜서를 다시 채우려면 엄지와 검지를 사용하여 디스펜서의 벽을 서로 부드럽게 밀어냅니다. 빈 테이프 코어를 잡고 제거하십시오. 새 테이프 롤로 교체하십시오. 리필. 재사용. 반복: 휴대용 스테인리스 스틸 사무용 테이프 디스펜서를 평생 재사용하고 Scotch 브랜드 테이프로 리필하고 포함된 리필 롤로 반복하십시오. 금속 블레이드는 테이프를 쉽게 자를 수 있으며 날카로운 날에는 주의하십시오. 더 많은 식물 기반 재료를 사용하려는 가정에서는 라벨링, 기숙사 장식의 가벼운 걸기, 예술 및 공예 수리와 같은 좋아하는 테이프 프로젝트를 위해 Scotch Tape를 사용하세요. 학교 프로젝트에 적합합니다. 66% 식물 기반 접착제로 제작된 이 테이프는 오리지널 Scotch 매직 테이프에서 알고 기대하는 것과 동일한 뛰어난 성능을 가지고 있습니다. 이 식물 기반 접착 테이프는 강도와 유지력을 가지고 있으며 오리지널 매직 테이프처럼 사라집니다. 무광 마감의 이 테이프는 다양한 표면에 잘 어울리는 깔끔한 마감을 제공합니다. 출생 또는 결혼 증명서 또는 찢어진 대학 교과서 및 도서관 책과 같이 찢어지거나 찢어진 문서를 고정하는 데 적합하며 펜, 연필 또는 마커로 쓸 수 있기 때문에 학교 프로젝트에 적합합니다. 스타터 팩에는 리필 및 재사용 가능한 휴대용 Scotch 스테인리스 스틸 테이프 디스펜서 1개와 66% 식물 기반 접착제로 만든 1.9 x 1.3 cm(3/4 x 550 인치) 매직 테이프 2롤이 포함되어 있습니다.","['테이프', '디스펜서', '리필', '기반', '식물', '접착제', '가능하다', '매직', '프로젝트', '스테인리스']"
사무용품,테이프,사무용 테이프 디스펜서,,B09HQSKC7S,"데스크탑 테이프 디스펜서 접착 롤 홀더 1개, 무게감 있는 미끄럼 방지 베이스, 핑크 (테이프 미포함)",Yiautao,9681,9681,4.1,678.0,데스크탑 테이프 디스펜서에는 필요한 길이의 테이프를 쉽고 빠르게 절단할 수 있는 고품질 블레이드가 있습니다. 오래 지속되며 테이프를 즉시 깔끔하게 잘라냅니다. 견고한 미끄럼 방지 베이스와 표면에 강한 그립감을 제공하는 무게. 데스크탑 테이프 디스펜서는 프리미엄 플라스틱 소재로 만들어져 패션 외관을 갖추고 있으며 장시간 사용할 수 있습니다. 최대 1.9cm(0.75인치) 테이프에 사용할 수 있습니다. 봉투를 밀봉하거나 다양한 장식 아이템을 편리하게 테이핑하는 데 사용할 수 있습니다. 현대적이고 세련된 공간 절약 디자인으로 사무실 책상이나 가정용으로 없어서는 안될 필수품입니다.,,"['테이프', '데스크탑', '디스펜서', '방지', '미끄럼', '베이스']"
사무용품,테이프,사무용 테이프 디스펜서,,B0CG1JLN6K,"2피스 아크릴 테이프 디스펜서 책상 - 내구성이 뛰어나고 스타일리시하며 가정, 사무실 또는 학교용으로 다용도 - 표준 테이프 롤에 적합 - 쉬운 정리를 위한 편리한 데스크탑",XUENIN,13836,13836,4.3,137.0,"XUENIN 테이프 디스펜서: 고품질 아크릴 소재로 제작되어 내구성과 견고함을 보장합니다. 두 개의 펜을 담을 수 있는 두 개의 칸이 있어 편리하게 사용할 수 있습니다. 매끄럽고 현대적인 디자인은 모든 책상이나 작업 공간에 우아함을 더합니다. 독특한 디자인: 금속 커터는 날카롭고 매끄러운 절단 경험을 제공합니다. 가볍고 휴대가 간편한 디자인으로 인해 테이프 디스펜서는 바닥에 두 개의 미끄럼 방지 나노 패드가 장착되어 있습니다(보호 필름을 제거하려면 주의하세요). 편리한 사이즈: 이 테이프 디스펜서는 가정, 사무실 또는 학교용으로 적합합니다. 길이 12.7cm(5인치), 너비 4.7cm(1.75인치), 높이 7.9cm(2.75인치)의 1.9cm(3/4인치) 테이프에 완벽하게 맞습니다. 표준 테이프 롤에 적합합니다. 정교한 포장: 패키지에는 오리지널 데스크탑 테이프 디스펜서 2개, 클래식 광택 투명 테이프 2개, 교체용 강력 접착 패드가 포함되어 있습니다. 만족스러운 고객 서비스: 테이프 디스펜서를 사용하면 작업 공간을 깔끔하게 정리할 수 있습니다. 더 이상 테이프를 찾거나 테이프 끝을 찾는 데 어려움을 겪지 마세요. 번거롭지 않게 테이프를 쉽게 분배할 수 있습니다. 질문이 있으시면 언제든지 저희에게 연락하십시오.",,"['테이프', '디스펜서', '디자인', '편리하다', '아크릴', '매끄럽다', '작업', '롤', '데스크탑', '정리']"
사무용품,테이프,사무용 테이프 디스펜서,,B09TR78FZF,10팩 데스크탑 테이프 디스펜서 테이프 롤 디스펜서 미끄럼 방지 베이스 테이프 디스펜서 책상 테이프 디스펜서 사무실 홈 스쿨용 (테이프 미포함),Lanties,45691,45691,3.9,51.0,"편리함을 즐기세요: 패키지에는 블랙 테이프 디스펜서 10팩(테이프는 포함되어 있지 않음)이 포함되어 있습니다. 가족, 친구, 동료 등과 충분한 양으로 공유할 수 있으며 일상 생활에서 필요한 사항을 충족하여 편리함을 충분히 즐길 수 있습니다 테이블 탑 공간 절약: 데스크탑 테이프 디스펜서는 약 16 x 6.6 x 6.6cm(6.3 x 2.6 x 2.6인치) 크기로 휴대가 간편하고 컴팩트합니다. 테이블 위에 직접 놓아도 너무 많은 공간을 차지하지 않습니다 긴 사용 수명: 강하고 튼튼한 플라스틱 소재를 채택한 책상 테이프 디스펜서는 쉽게 깨지지 않으며, 스테인리스 스틸 블레이드는 녹슬지 않으며 잘 보관하면 수명이 깁니다. 집이나 사무실에 놓고 편리함을 즐기세요 기능적이고 실용적: 책상용 테이프 홀더에는 디스펜서를 고정하기 위해 테이블에 접착할 수 있는 접착 패드가 부착되어 있어 쉽게 미끄러지지 않습니다. 블레이드가 단단히 설치되어 쉽게 떨어지지 않아 사용 과정이 더 안전합니다 적절한 용도: 블랙 테이프 디스펜서는 선물 포장 테이프, 양면 테이프, 고정 테이프, 투명 테이프 등을 자를 수 있으므로 사무실, 가정, 학교, 상점, 레스토랑 및 테이프가 필요한 기타 장소에 적합합니다",,"['테이프', '디스펜서', '책상', '편리하다', '사무실', '테이블']"
사무용품,테이프,사무용 테이프 디스펜서,,B01EVKRC50,"OfficeGoods 아크릴 테이프 디스펜서 - 가정, 사무실 또는 학교의 세련된 책상을 위한 아름다운 모던 액세서리 - 표준, 대형 및 초대형 테이프 롤 보관 - 골드",OfficeGoods,23531,23531,4.7,1675.0,"OfficeGoods 아크릴 테이프 디스펜서로 기능과 스타일을 결합하세요. 마침내 매력적인 사무실 도구를 사용할 수 있습니다. 이 테이프 디스펜서는 지루한 표준 테이프 디스펜서만큼 효과적입니다. 대기업 또는 소규모 비즈니스 소유자, 근로자, 학생 등에 필수적이고 편리하게 사용할 수 있습니다! 이 머스트 해브 모던 디스펜서는 한 손으로 사용할 수 있을 만큼 튼튼합니다. 무게가 있어 양손을 사용하지 않고도 테이프를 떼어낼 수 있습니다. 각 모서리의 고무 버튼 풋은 안정성을 향상시킵니다. 이 디스펜서는 1.9cm(3/4인치) 테이프를 사용하는 것이 가장 좋습니다. 치수는 길이 12.7cm(5인치) x 너비 4.4cm(1.75인치) x 높이 7cm(2.75인치)입니다. 표준, 대형 및 초대형 테이프 롤을 담을 수 있도록 설계되어 매력적일 뿐만 아니라 다용도로 사용할 수 있습니다! 이 아크릴 테이프 디스펜서는 사무실, 학교 또는 집에서 아름다움을 통해 창의력을 발휘할 수 있도록 영감을 줄 것입니다. 골드 또는 실버 메탈 장식이 있는 헤비 폴리쉬 아크릴로 제작되었습니다. 로고가 있는 파란색 상자 안에 버블 백에 포장되어 배송됩니다. 삽입 카드도 있으며, 제품을 받으면 제품의 상태를 양호하게 유지할 수 있도록 잘 포장되어 있습니다. 가위, 스테이플러, 스테이플 리무버 등 더 많은 OfficeGoods 제품을 확인하세요.",,"['테이프', '디스펜서', '아크릴', '사무실', '표준', '포장', '초대형', '아름답다', '매력', '대형']"
사무용품,테이프,사무용 테이프 디스펜서,,B01D1SLEVQ,Excell ET-227 블루/그레이 프리미엄 트윈 롤 스틸 데스크 탑 디스펜서: 5.1cm(2인치)의 넓이(중심부 7.6cm(3인치)),GGR Supplies,38503,32256,4.8,1246.0,매우 넓은 녹 방지 블레이드가 있는 고품질 멀티 트랙 테이프 디스펜서로 테이프 끝을 절삭날에 정렬하는 작업 시간을 줄입니다. 흡착 컵 발이 함께 제공되는 안전한 스틸 데스크탑 테이프 디스펜서는 디스펜서를 작업 표면에 고정하여 미끄러지지 않고 안정성을 보장합니다. 테이프를 자르는 데 사용되는 안전한 톱니 블레이드에는 블레이드를 덮기 위해 수동으로 밀어 올릴 수 있는 안전 가드가 함께 제공됩니다. 2.5cm(1인치) 너비의 롤러 2개가 함께 제공되므로 디스펜서를 5.1cm(2인치) 너비의 롤 1개 또는 개별 2.5cm(1인치) 너비의 테이프 롤 2개에 사용할 수 있습니다.,"프리미엄 스틸 데스크 탑 디스펜서.//제품 설명/T.R.U. ET-117, ET-227 및 ET-337은 디스펜서를 작업 표면에 고정할 수 있는 가중 고무 안감 베이스가 함께 제공되는 고품질 스틸 데스크탑 디스펜서로, 장착할 필요가 없는 경우에는 안감을 장착하지 않아도 됩니다. 디스펜서는 중심부 직경이 7.6cm(3인치)인 테이프에 사용할 수 있으며, 지지/고정할 수 있는 최대 외부 롤 직경은 12.7cm(5인치)입니다. 따라서 사무용품 테이프(예: T.R.U. 셀로 테이프)와 완벽하게 호환됩니다. 디스펜서의 칼날에는 수동으로 밀어서 칼날을 덮거나 열 수 있는 안전 가드가 있습니다. 두께가 3mil 이하인 테이프에 더 잘 작동합니다./종류:/T.R.U. ET-117: 최대 2.5cm(1인치) 너비의 롤 1개를 담을 수 있습니다. 중심부 7.6cm(3인치). 12.7cm(5인치)의 직경. T.R.U. ET-227: 최대 5.1cm(2인치) 너비의 롤 1개 또는 각각 최대 2.5cm(1인치) 너비인 롤 2개를 담을 수 있습니다. 중심부 7.6cm(3인치). 12.7cm(5인치)의 직경. T.R.U. ET-337: 최대 7.6cm(3인치) 너비의 롤 1개를 담을 수 있습니다. 각각 최대 2.5cm(1인치) 너비인 롤 2개 또는 3개를 담을 수 있습니다. 중심부 7.6cm(3인치). 12.7cm(5인치)의 직경.","['디스펜서', '롤', '테이프', '직경', '중심부', '스틸', '작업', '고정', '블레이드']"
사무용품,테이프,사무용 테이프 디스펜서,,B0BRN4H1T9,"BOMEI PACK 테이프 디스펜서 책상, 블랙 1팩, 12롤 투명 테이프, 2.5cm(1인치) 코어, 선물 포장, 학교, 사무실 및 가정용",BOMEI PACK,16592,16592,4.3,119.0,"사이즈: 투명 테이프 홀더 사이즈는 길이 12cm(4.75인치), 너비 6.5cm(2.5인치), 높이 5.5cm(2.1인치), 코어는 2.5cm(1인치)입니다. 투명 테이프 사이즈는 너비 18mm(0.75인치), 길이 1000인치/25.4m입니다. 미니 ZIDE: 소형 책상 테이프 디스펜서는 책상 공간을 절약하고 휴대와 사용이 쉽습니다. 밸류 팩: 총 1팩 데스크탑 테이프 디스펜서와 12롤 투명 테이프 리필 롤. 장점: 블랙 디스펜서는 재활용 ABS 플라스틱으로 만들어졌으며 경제적이고 신뢰할 수 있으며 클래식합니다 용도: 사무실 테이프 디스펜서 책상은 책상이나 매끄러운 표면에 부착되며 사용 시 테이프 디스펜서가 미끄러지는 것을 방지합니다. 문서, 메모, 봉투를 밀봉하고 가벼운 물건을 포장하고 선물 포장에 이상적입니다. 사무실, 학교, 가정, 작업장 등에 좋은 도구입니다",,"['테이프', '디스펜서', '책상', '투명', '사무실', '포장', '롤', '학교', '가정', '블랙']"
사무용품,테이프,사무용 테이프 디스펜서,,B09YLS9G1X,"데스크탑 테이프 디스펜서 튼튼한 책상 액세서리 플로럴 오피스 테이프 디스펜서, 무게감 있는 미끄럼 방지 베이스, 마카롱 그린",ROSEUP,13836,9681,4.0,327.0,"당사의 사무용 테이프 디스펜서를 사용하면 가위로 테이프를 자르거나 입으로 물지 않아도 됩니다. 더 중요한 것은 며칠 전에 구입한 테이프가 다시 손실될 염려가 없으므로 찾는 노력과 시간을 절약할 수 있습니다. 밝은 마카롱 색상으로 삶을 밝혀줍니다. 미끄럼 방지 베이스가 있는 튼튼한 테이프 디스펜서는 어디에서나 사용할 수 있습니다. 아이들을 위한 최고의 선물이며 사무실, 학교 및 상점에서도 사용할 수 있습니다. 저희는 고품질의 선도적인 애프터 세일 고객 서비스를 강조합니다. 저희는 저희 제품을 지지하고 있습니다. 문제가 있으시면 구매자 센터를 통해 이메일을 통해 문의하시면 효율적인 솔루션을 누리실 수 있습니다. 서비스 시 24시간.",,"['테이프', '디스펜서', '서비스', '튼튼하다', '베이스', '방지', '미끄럼', '마카롱']"
사무용품,테이프,사무용 테이프 디스펜서,,B0887SDR6B,"KIDMEN 사무실 테이프 디스펜서, 투명 아크릴 테이프 디스펜서-로즈 골드",KIDMEN,11066,11066,4.6,1198.0,"소재: 아크릴; 색상: 로즈 골드; 사이즈: 12.2x3.5x6.6cm 매끄럽고 세련된 투명 아크릴 로즈골드 테이프 디스펜서, 표준 2.5cm(1인치) 테이프 롤(직경)에 맞습니다 한 손으로 쉽게 분배할 수 있는 미끄럼 방지 발이 특징입니다 작은 톱니로 날카롭고 테이프를 자르기 쉽습니다 로즈 골드 테이프 디스펜서는 사무실 직원, 학생, 선생님, 주부에게 적합하며 친구에게 이상적인 선물입니다.",,"['테이프', '골드', '디스펜서', '아크릴', '투명', '사무실']"
사무용품,테이프,사무용 테이프 디스펜서,,B00443P4JQ,"Scotch C38bk 데스크탑 테이프 디스펜서, 2.5cm(1인치) 코어, 무게감 있는 미끄럼 방지 베이스, 블랙",Scotch,11010,11010,4.5,79.0,각 1개씩 판매됩니다. 최대 3.8cm(1.5인치) 길이의 테이프를 담을 수 있도록 설계되었습니다. 경제적이고 신뢰할 수 있는 클래식 스타일 데스크탑 테이프 디스펜서. 클래식 블랙. 미국에서 제작. 한 손으로 분배할 수 있는 무게감 있는 베이스. 교체 가능한 2.5cm(1인치). 허브. 6.9cm(2.7인치). x 6.9cm(2.7인치). x 16.3cm(6.4인치),빠르고 쉽게 한 손으로 분배할 수 있는 무게감 있는 미끄럼 방지 베이스. 최대 3.8cm(1.5인치) 길이의 테이프를 담을 수 있도록 설계되었습니다.,"['테이프', '베이스', '클래식', '데스크탑', '디스펜서', '미끄럼', '손', '방지', '블랙', '분배']"
사무용품,테이프,사무용 테이프 디스펜서,,B0B552ZSL1,"1InTheOffice 테이프 디스펜서 책상, 사무실 데스크탑 테이프 디스펜서, 미끄럼 방지 베이스, 2.5cm(1인치) 코어, 블랙 (4팩)",1InTheOffice,24916,24916,4.4,2.0,"이 사무실 데스크탑 테이프 디스펜서 4팩은 모든 사무실에 필수적인 도구를 제공합니다. 2.5cm(1인치) 코어 디스펜서는 미끄럼 방지 베이스가 있어 미끄러지거나 미끄러지는 것을 방지합니다. 각 디스펜서는 내구성이 뛰어난 플라스틱으로 만들어져 오래 사용할 수 있으며 블랙 색상은 세련미를 더합니다. 이 블랙 테이프 디스펜서는 테이프를 빠르고 쉽게 분배할 수 있도록 설계되었으며, 한 손으로 작동하여 효율적으로 사용할 수 있습니다. 테이프 디스펜서는 모든 표준 2.5cm(1인치) 코어 테이프 롤과 호환되므로 다재다능하고 비용 효율적인 사무실 솔루션입니다. 책상 테이프 디스펜서의 가볍고 컴팩트한 디자인으로 보관 및 운반이 쉬워 모든 사무실에 완벽한 동반자가 됩니다.","1InTheOffice 테이프 디스펜서 2.5cm(1인치) 코어, 사무실 데스크탑 테이프 디스펜서, 테이프 디스펜서 책상, 미끄럼 방지 베이스, 블랙, 4팩/b>/모든 직장에는 이 1InTheOffice 테이프 디스펜서 책상이 필요합니다. 미끄럼 방지 베이스와 2.5cm(1인치) 코어가 있어 모든 테이프 롤을 보관하기에 이상적인 액세서리입니다. 어두운 색조로 모든 사무실 디자인을 보완합니다. 이 4팩의 테이프 디스펜서를 구입하면 절대 다 떨어지지 않습니다. 1InTheOffice의 테이프 디스펜서 데스크의 도움으로 사무실을 생산적이고 체계적으로 유지하세요./간편한 사용/이 테이프 디스펜서는 한 손으로 쉽게 사용할 수 있도록 설계되었습니다. 잡기 쉬운 손잡이가 있어 테이프를 쉽게 떼어낼 수 있습니다./내구성/이 테이프 디스펜서는 내구성이 뛰어나고 오래 지속되는 고품질 소재로 제작되었습니다. 미끄럼 방지 베이스가 있어 사용할 때 책상에서 미끄러지는 것을 방지합니다./공간 절약/이 테이프 디스펜서는 작고 컴팩트하게 설계되어 너무 많은 공간을 차지하지 않고 책상에 쉽게 장착할 수 있습니다./다용도./이 테이프 디스펜서는 2.5cm(1인치) 코어를 포함한 다양한 테이프 크기에 맞게 설계되었습니다. 포장, 밀봉 및 라벨링에 사용할 수 있어 다용도 사무실 도구입니다./매력적인 디자인/이 테이프 디스펜서는 우아하면서도 현대적인 디자인으로 책상에서 멋지게 보입니다. 블랙 색상은 작업 공간에 클래식한 느낌을 더합니다.","['테이프', '디스펜서', '사무실', '책상', '방지', '코어', '베이스', '블랙', '미끄럼', '디자인']"
사무용품,테이프,사무용 테이프 디스펜서,,B07CT3WGX6,"Officemate 튼튼하고 무거운 2-in-1 테이프 디스펜서, 재활용품, 블랙 (96660)",Officemate,55538,55538,4.6,5175.0,"무게감 있는 베이스로 5.1cm(2인치) 포장 테이프와 1.9cm(3/4인치) 테이프를 한 손으로 쉽게 분배할 수 있습니다. 5.1cm(2인치) 포장 테이프와 1.9cm(3/4인치) 테이프 롤을 담을 수 있습니다. 펜, 연필 및 가위를 보관할 수 있는 구획 슬롯이 특징입니다. 우편실, 배송 부서 및 샘플 룸에 완벽합니다. 30% 재활용 소재로 제작","테이프 건을 사용하는 것보다 쉽습니다. 한 손으로 배분할 수 있도록 무거운 무게의 디스펜서가 제자리에 유지됩니다. 베이스의 고무 발은 디스펜서가 움직이지 않게 합니다. 서로 다른 사이즈 테이프 7.6cm(3인치) 포장과 1.9cm(3/4인치) 표준 테이프 두 개를 담을 수 있습니다. 우편실, 배송 부서, 샘플 룸 또는 심지어 집에서 공예 프로젝트를 할 때 사용할 수 있는 날카로운 날. 미니 선박 스테이션으로 사용하세요.","['테이프', '포장', '디스펜서', '손', '베이스', '샘플', '무겁다', '우편', '부서']"
사무용품,테이프,사무용 테이프 디스펜서,,B0BZHZNX76,WELSTIK 사무실 테이프 디스펜서 - 미끄럼 방지 베이스가 있는 우아한 데스크탑 테이프 디스펜서 - 테이프 디스펜서 화이트,WELSTIK,11066,11066,4.2,46.0,"날카로운 날: WELSTIK 사무용 테이프 디스펜서는 부드럽고 정확한 테이프 절단 경험을 위한 날카로운 날이 있어 테이프의 들쭉날쭉하거나 거친 가장자리의 번거로움을 줄여줍니다. 세련된 디자인: 매끄럽고 현대적인 디자인의 이 테이프 디스펜서 책상 액세서리는 작업 공간에 현대적인 우아함을 더하고 기능과 미학을 혼합합니다. 미끄럼 방지 베이스: 미끄럼 방지 베이스가 장착된 WELSTIK 데스크탑 테이프 디스펜서는 테이프를 강하게 당기는 동안에도 책상에 견고하게 유지되어 생산성을 향상시킵니다. 절단. 튼튼한 커터: 가벼운 테이프용으로 설계된 것이 아니라 다양한 테이프 유형과 두께를 처리할 수 있는 튼튼한 커터가 포함되어 있어 다용도 사무실 동반자입니다. 컴팩트한 사이즈: 소형 테이프 디스펜서는 작은 책상이나 붐비는 작업 공간에 이상적인 선택이며, 최소한의 공간을 차지하면서 최대의 유용성을 제공합니다.",,"['테이프', '디스펜서', '베이스', '미끄럼', '방지', '책상', '공간', '날카롭다', '사무실', '디자인']"
사무용품,테이프,사무용 테이프 디스펜서,,B07VYK11V1,"Amazon Basics 디스펜서가 있는 양면 테이프, 좁은 너비, 1.3 x 640.1cm(1/2 x 255인치), 3팩, 반투명",Amazon Basics,8448,8448,4.2,9073.0,"디스펜서가 있는 더블 스틱 테이프 롤 3팩. 앞면과 뒷면 모두에 영구 접착제로 안정적이고 눈에 띄지 않는 접착력을 제공합니다 정확한 결과를 위한 좁은 너비 양면 디자인은 가벼운 부착 및 장착 작업을 위해 접착에 대한 지저분해지지 않는 대안을 제공합니다 이 테이프는 휴대용 디스펜서에 제공되어 빠르고 휴대가 간편합니다 가정용, 학교 프레젠테이션, 미술 프로젝트 등을 위한 훌륭한 대안 크기: 1.2 x 640.1cm(0.5 x 255인치) (WxL)","Amazon Basics 디스펜서가 있는 양면 테이프, 1.3cm x 2.7m(1/2인치 x 7야드), 3팩/Amazon Basics","['디스펜서', '테이프', '양면', '좁다', '대안', '접착', '휴대', '지저분하다', '빠르다', '가정']"
사무용품,테이프,사무용 테이프 디스펜서,,B08TTYQFST,"귀여운 테이프 디스펜서, 핑크 테이프 디스펜서 책상, 사무실 데스크탑 테이프 디스펜서, 재미있고 참신한 테이프 디스펜서 펜 홀더, 레트로 카세트 80년대 책상 액세서리 정리함",Aobopar,18005,18005,4.6,358.0,"【프리미엄 소재】이 귀여운 테이프 디스펜서는 주로 ABS 플라스틱으로 만들어져 안전하며 스테인리스 스틸 테이프 디스펜서는 테이프를 쉽게 자를 수 있도록 도와줍니다 【레트로 카세트 테이프 디자인】이 레트로 카세트 테이프 디스펜서 디자인은 이 펜 홀더를 눈길을 사로잡습니다. 펜 홀더뿐만 아니라 테이프 디스펜서로도 사용할 수 있습니다 【다기능】이 귀여운 펜 홀더일 뿐만 아니라 숨겨진 재미있는 테이프 디스펜서이기도 합니다. 최대 30개의 펜이나 연필과 종이 클립, 푸시 핀, 탄성 밴드 또는 스테이플과 같은 작은 문구 용품을 담을 수 있습니다 【교체 가능한 테이프 롤】테이프 롤은 교체할 수 있으며, 테이프가 다 떨어지면 빠르고 쉽게 새 것으로 교체할 수 있습니다 【이상적인 선물】눈길을 사로잡는 레트로 카세트 테이프 디자인과 프리미엄 소재로 제작된 이 참신한 테이프 디스페저는 졸업식, 생일, 개학 및 크리스마스에 좋은 선물이 될 수 있습니다. 4가지 색상을 사용할 수 있으며 다양한 색상으로 남아 및 여아 모두에게 적합하며 사무실, 학교 및 가정용으로 적합합니다",,"['테이프', '디스펜서', '펜', '카세트', '레트로', '홀더', '귀엽다', '디자인']"
사무용품,테이프,사무용 테이프 디스펜서,,B0CCV47QMX,"투명 아크릴 테이프 디스펜서, 미끄럼 방지 테이프 커터 홀더, 표준 테이프 롤에 적합, 투명 테이프 및 리필 가능한 디스펜서, 가정, 사무실 및 학교용 데스크탑 테이프 디스펜서 아크릴",JEFURE,10512,10512,4.2,34.0,"【표준 사이즈】테이프 롤이 있는 투명 아크릴 테이프 디스펜서는 12.9 x 5 x 6.2cm(5 x 1.9 x 2.45인치)로 표준 2.5cm(1인치) 테이프 리필 롤 롤에 맞습니다. 【부드러운 커팅】아크릴 데스크탑 테이프 디스펜서는 고정된 작고 날카로운 톱니 모양의 날이 있어 테이프를 자르기 쉽고 녹슬지 않으며 안전합니다. 미끄럼 방지】 사무실 투명 아크릴 테이프 디스펜서는 무게가 증가하며 각 무게는 155g(5.5온스)입니다. 또한 디스펜서 바닥에 논스틱 접착제로 데스크톱을 손상시키지 않고 미끄럼 방지 성능을 향상시킵니다. 【유연한 롤러】JEFURE 미끄럼 방지 테이프 커터 홀더의 튼튼한 휠은 우발적인 손상을 방지합니다. 두 개의 펜 슬롯으로 디스펜서를 사용할 때 간단한 펜 홀더 역할을 할 수 있습니다. 【광범위한 사용】투명 아크릴 데스크탑 테이프 디스펜서는 실용성과 아름다움을 하나로 결합했습니다. 아크릴 테이프 디스펜서는 대부분의 사무실 환경에 잘 어울리며 책상을 더 아름답게 만듭니다. 디스펜서가 있는 테이프는 사무실과 공부에서 좋은 도우미가 될 것이며 동료, 친구, 자신 또는 원하는 모든 사람에게 선물하기 위한 최고의 선택입니다.",,"['테이프', '디스펜서', '아크릴', '방지', '투명', '롤', '사무실', '미끄럼', '표준', '홀더']"
사무용품,테이프,사무용 테이프 디스펜서,,B0CSXK7GJD,투명 테이프 디스펜서 - 사무실 및 학교 책상용 나무 다람쥐 귀여운 디자인 - 1.3cm x 635cm(1/2인치 x 250인치) 테이프 포함,ROLUXENTIA,8296,8296,4.1,3.0,ROLUXENTIA 투명 테이프 디스펜서 - 사무실 및 학교 데스크톱을 위한 귀여운 나무 다람쥐 디자인 - 1.3cm x 635cm(1/2인치 x 250인치) 테이프 포함,ROLUXENTIA 투명 테이프 디스펜서 - 사무실 및 학교 데스크톱을 위한 귀여운 나무 다람쥐 디자인 - 1.3cm x 635cm(1/2인치 x 250인치) 테이프 포함,"['테이프', '학교', '투명', '디스펜서', '사무실', '디자인', '다람쥐', '나무', '귀엽다', '데스크톱']"
사무용품,테이프,사무용 테이프 디스펜서,,B07Z2KVY5Z,VIBRANZ-LAB 귀여운 테이프 디스펜서 책상 홈 오피스 책상 용품 재미있는 책상 액세서리 꽃 사무실 테이프 디스펜서 귀여운 사무실 용품 여성용 책상 무게감 있는 미끄럼 방지 베이스,VIBRANZ LAB,21467,21467,4.4,1428.0,"모던 데스크 꽃무늬 테이프 디스펜서: 사무실의 친구와 동료들이 부러워할 것입니다! 완벽한 선물: 특별한 사람을 위한 이상적인 문구류. 그들은 당신을 사랑할 것입니다! 이것은 패션이기 때문입니다. 멋지고 멋지고, 귀엽고, 시크하고, 스타일리시하고, 예쁘고 실용적입니다. 스타일 있는 매치 효율성! 고품질 커팅 블레이드가 있는 무게감 있는 베이스로 한 손으로 분배하기에 적합합니다. 테이프는 포함되어 있지 않습니다 자신이나 사랑하는 사람을 위해 지금 구매하세요. VIBRANZ-LAB에서 어울리는 가위와 스테이플러를 구입하세요.",,"['테이프', '책상', '사무실', '디스펜서', '귀엽다', '멋지다', '사람', '베이스', '사랑', '꽃']"
사무용품,테이프,사무용 테이프 디스펜서,,B0002LCRMG,"Scotch 데스크톱 테이프 디스펜서 실버테크, 투톤(C60-St), 블랙/실버, 1팩",Scotch,5387,5387,4.7,15195.0,중량감 있는 베이스의 디럭스 투톤 실버/블랙 데스크톱 테이프 디스펜서. 매끄러운 웨이브 디자인으로 어떤 장식에도 잘 어울립니다. 한 손 디스펜싱을 위한 가중 베이스. 고품질 커팅 블레이드는 수년간 지속됩니다. 부착된 허브는 분실되거나 잘못 배치되지 않습니다.,"Scotch 데스크탑 테이프 디스펜서는 세련된 웨이브 디자인으로 가정, 사무실 또는 교실의 모든 장식을 보완합니다. 부착된 테이프 허브는 분실되지 않습니다. 무거운 무게로 필요할 때 한 손으로 쉽게 분배할 수 있습니다. 최대 1.9cm(3/4인치) x 32m(36야드)의 2.5cm(1인치) 코어에 표준 테이프를 분배합니다. 디스펜서는 실버와 블랙 색상입니다. 디스펜서 1개 포함. 가정과 사무실에서 필요한 모든 것을 위해 Scotch Brand의 다른 고품질 제품을 사용해보세요. 무게감 있는 미끄럼 방지 베이스는 한 손으로 쉽게 분배하기에 이상적입니다./In 1930, 3M engineer Richard Drew invented an attractive, moisture-proof material to help grocers and bakers seal up their packages. Over 70 years later, Scotch/®/tape boasts over 400 varieties sold under the Scotch/®/and 3M™ brands./Now indispensible in homes and offices, Scotch/®/tapes offer specialty and general solutions for many projects--from crafts and gift-wrapping to mounting and everyday sealing.//Scotch/®/Magic™ Tape/Frosty on the roll but invisible on paper, Scotch/®/Magic™ Tape features the original matte-finish design for a strong hold and seamless look. This tape pulls off the roll and cuts smoothly, resisting splits and tears for a sturdy piece. Thanks to its gentle adhesive, you can stick then re-stick each piece as your project demands, then jot a helpful note with a pen or pencil on top when you're done./Ideal Use:/All home and office needs and craft projects./Scotch/®/GiftWrap Tape/Keep your presents secure and looking fabulous with Scotch/®/GiftWrap Tape. Featuring a unique satin finish, this tape pulls smoothly from the roll and disappears on most gift-wrap papers for a seamless close. The paper holds together, and your gift takes on a professional appearance./Ideal Use:/Gift-wrapping./Scotch/®/MultiTask Tape/For those everyday jobs, Scotch/®/MultiTask Tape features a strong, moisture-resistant material ideal for a wide range of taping tasks. Thanks to its high-quality performance and unique design with crystal clarity, it's easy to subtly add a strip to a project for a professional look and a secure hold./Ideal Use:/General tasks around the home and office, including household mending and sealing./Scotch/®/Double-Sided Tape/Versatile and convenient, Scotch/®/Double-Sided Tape offers a mess-free alternative to glue sticks for those light-duty attaching and mounting tasks. Featuring a two-sided adhesive, this tape comes in both a permanent and removable style so you can match the proper tape to the task. As a bonus, this tape is photo-friendly so you can keep your memories securely attached and looking good./Ideal Use:/Craft projects, mounting, sealing, gift-wrapping, and decorating./Scotch/®/Removable Tape/Scotch/®/Removable Tape features a unique adhesive that holds papers securely, while allowing you to remove or reposition each strip as needed. Because of its matte-finish, this tape adds a professional touch to layouts or posters. For those moments when you require a little explanation, jot a quick note on top with a pen or pencil./Ideal Use:/General tasks around the home and office. Great for art, graphic design, or architectural layout projects./Scotch/®/Pop-Up Tape/Offering handy pre- cut strips, Scotch/®/Pop-Up Tape puts convenience and organization at your fingertips. With several dispenser types to choose from, you can wear tape on your wrist, stick a tape disk to your desk, or use a mountable or portable dispenser where you need it most. The one-handed dispensing method allows you to work without pausing, so you can finish projects with ease and efficiency./Ideal Use:/Gift-wrapping, desk, and home-office use.//Scotch/®/Packaging Tape/For strapping, sealing, and protecting packages, nothing compares to Scotch/®/Packaging Tapes. Ideal for shipping and storing, each tape is tear- and split-resistant for high-quality containment./Scotch/®/Scissors/An ideal tool for home, office, and school, Scotch/®/Scissors offer high-quality performance and comfortable grip. Featuring titanium-fused or stainless steel blades, each scissor is designed to cut smoothly and accurately./Scotch/®/Cutting Tools/Scotch™ Cutters offer a faster, safer way to make clean, straight cuts. Ideal for gift-wrapping, opening mail, or cutting coupons, these tools offer speed and convenience for today's Scotch/®/users./Post-it/®/Notes/Keep organized with the conveniently compact Post-it/®/Notes. Featuring a gentle adhesive that won't mar the surface, Post-it/®/Notes offer a wide variety of colors and sizes to suit your noting needs.","['테이프', '디스펜서', '실버', '블랙', '베이스', '분배', '손', '데스크톱', '디자인', '부착']"
사무용품,테이프,사무용 테이프 디스펜서,,B01HNWNGKS,Heavy Base 미끄럼 방지 책상 테이프 디스펜서 한 손 디스펜싱 (화이트),BeeChamp,16606,16606,4.7,280.0,"✔️아름다운 색상 대비: 화이트 바디와 블랙 테이프 휠, 색상 대비가 선명하고 우아합니다. 눈길을 사로잡는 책상 위에서 보는 것이 즐겁습니다. ✔️실제 무게: 약 미끄럼 방지 패드가 있는 400g/14온스), 무거운 무게와 그립 패드는 물건을 제자리에 잡고 한 손으로 테이프를 당길 때 단단히 접지됩니다. ✔️비용 및 공간 절약: 직경 2.5cm(1인치) 코어, 너비 1.3cm(1/2인치) 또는 1.9cm(3/4인치), 최대 3.8cm(1500인치) 길이의 테이프 롤용으로만 구입하면 됩니다. 그리고 책상 공간을 거의 차지하지 않습니다. ✔️날카로운 스테인리스 스틸 커터: 커팅 블레이드가 매우 날카로워 조금만 당겨도 테이프를 자를 수 있습니다. 블레이드는 부식 방지 스테인리스 스틸로 만들어져 오랜 시간이 지나도 깨끗하고 날카롭게 유지됩니다. ✔️잃어버릴 부품을 쉽게 리필할 수 있습니다: 부착된 스윙 아웃 테이프 허브는 후면으로 회전하고 만족스러운 클릭 사운드로 앞면의 슬롯에 끼워집니다. 이 디자인은 테이프를 당길 때 휠이 미끄러지는 것을 방지하며, 부품이 분실되거나 잘못 배치되지 않습니다.",,"['테이프', '방지', '책상', '날카롭다', '휠', '대비', '미끄럼', '부품', '블레이드', '손']"
사무용품,테이프,사무용 테이프 디스펜서,,B0BFGGNLC8,"디스펜서 포함 24팩 투명 테이프, 투명 테이프 및 리필 가능한 디스펜서, 수리, 선물 포장, 1.8cm x 28야드",JEFURE,34611,30456,4.5,38.0,"【가치 있는 포장】투명 디스펜서 24개, 10cm(3.9인치) X 2.5cm(1인치) X 7.5cm(2.9인치) 24개의 무료 투명 포장 테이프, 1.8cm x 28야드 오랫동안 사용하기에 충분합니다. 【투명 디스펜서】모양 커팅 블레이드는 수년간 지속되며 손상되거나 부식될 염려가 없습니다. 또한, 매직 테이프 디스펜서의 단단한 쉘은 쉽게 부서지지 않습니다. 디스펜서로 테이프를 빠르고 쉽게 부착할 수 있어 시간 효율적입니다. 【투명 테이프】투명 테이프는 내구성이 뛰어나고 매끄럽고 찢어짐 방지 기능이 있으며 쉽게 다루고 부착할 수 있습니다. 보이지 않는 테이프로 인해 정보가 차단될 염려가 없습니다. 【특별한 디자인】디스펜서 디자인의 테이프를 사용하면 적시에 보충할 수 있도록 접착 테이프의 양을 더 잘 관찰할 수 있습니다. 또한, 투명 테이프 디스펜서는 표준 크기의 테이프에 적합하므로 테이프를 교체하고 보완하는 데 편리합니다. 【군중에게 적합】테이프 리필은 사무실, 학교, 가정, 작업장 등에 이상적입니다. 성인과 어린이 모두에게 매우 좋은 도우미가 될 수 있습니다. 테이프 디스펜서 리필 롤은 일상적인 포장, 포장, 우편 및 예술 및 공예에 사용하는 동안 부드럽게 풀립니다.",,"['테이프', '디스펜서', '투명', '포장', '리필']"
사무용품,테이프,사무용 테이프 디스펜서,,B0CG8JZG21,"디스펜서 및 리필이 있는 투명 테이프, 선물 포장, 가정, 학교 및 사무용품에 사용, 1.8 x 254.4cm(0.7 x 1000인치), 8팩",ALSISK,13836,13836,4.6,173.0,"프리미엄 품질: Alsisk 투명 테이프는 고품질 소재로 만들어져 모든 패키지 또는 문서에서 선명하고 매끄러운 외관을 보장합니다. 간편한 절단: 당사의 사무용 테이프는 사용자를 염두에 두고 설계되어 쉽게 자를 수 있습니다. 지나치게 끈적거리거나 자르기 어려운 테이프로 더 이상 고생하지 않아도 됩니다. 다용도 사용: 선물 포장, 봉투 밀봉 또는 문서 부착에 완벽한 이 투명 테이프는 모든 사무실이나 가정에서 필수품입니다. 패키지 포함: 디스펜서가 있는 투명 테이프 롤 8팩 제품 크기: 1.8*2540cm(너비xL, 테이프)",,"['테이프', '투명', '가정', '선물', '디스펜서', '문서', '패키지', '포장']"
사무용품,테이프,사무용 테이프 디스펜서,,B099VX84L2,"OWLKELA - 6팩 투명 테이프 및 리필 가능한 디스펜서, 투명 테이프 리필, 가정, 학교용 디스펜서가 있는 사무실 테이프, 롤 당 1.8cm x 28야드",OWLKELA,12451,12451,4.5,316.0,"【우수한 소재】고품질 커팅 블레이드는 수년간 지속됩니다. 당사의 포장 테이프는 테이프 디스펜서에서 매우 쉽게 자를 수 있으며 테이프의 끝이 고르게 찢어집니다. 【심플한 디자인】투명 테이프 디스펜서는 휴대가 간편하고 가벼운 구조로 이동 중에도 사용할 수 있습니다. 최대 3,500cm(1500인치) 길이의 1.3cm(1/2인치) 및 1.9cm(3/4인치) 너비의 테이프(2.5cm(1인치) 코어)를 담을 수 있습니다. 【테이프 리필】투명 테이프의 내부 직경은 2.5cm(1인치)이며 표준 테이프 디스펜서에 적합하며 자르고 사용하기 쉽습니다. 【밸류 팩】투명 디스펜서 6개와 투명 포장 테이프 6개가 제공됩니다. 테이프 리필은 사무실, 학교, 가정, 작업장 등에 적합합니다. 【다양한 용도】편지 보호, 봉투 밀봉, 문서 수선, 선물용 포장 테이프, 가벼운 물체 포장, 찢어진 종이 또는 페이지 붙여 넣기.",,"['테이프', '투명', '디스펜서', '리필', '포장', '사무실', '가볍다', '가정', '학교']"
사무용품,테이프,사무용 테이프 디스펜서,,B0CQYLZ59M,공룡 테이프 디스펜서 책상 테이프 디스펜서 귀여운 데스크탑 테이프 디스펜서 테이프 홀더 사무실 테이프 책상 디스펜서,dgudgu,20747,20747,4.5,5.0,"【사무실 눈길을 사로잡습니다】이 독특하고 멋진 테이프 디스펜서는 트리케라톱스 모양으로 모든 책상에 개성을 더합니다. 공룡 테이프 디스펜서로 사무실이나 작업 공간에 선사 시대의 재미를 선사 시대의 재미를 선사합니다! 【내구성】내구성이 뛰어난 고품질의 안전한 레진으로 제작된 테이프 디스펜서 책상에는 필요한 길이의 테이프를 쉽고 빠르게 절단할 수 있는 고품질 블레이드가 있습니다. 【유용하고 멋진 선물】공룡 모양의 장식뿐만 아니라 일상 및 사무용품으로도 사용할 수 있으며 사무실, 가정 또는 학교 작업 공간에 훌륭한 추가 아이템이 되며 모든 환경에 재미를 더할 것입니다. 이 데스크탑 테이프 디스펜서는 어린이, 청소년 또는 공룡을 사랑하는 모든 사람에게 완벽한 선물입니다. 【쉬운 사용】책상 테이프 디스펜서는 디테일한 스탠딩 공룡이 특징이며, 꼬리 부분에 테이프 커터로 롤러 테이프를 고정합니다. 이 테이프 책상 디스펜서는 표준 크기의 테이프 롤을 담을 수 있으며 사용하기 쉽습니다. 테이프가 포함되어 있지 않습니다! 【참신한 책상 액세서리!】선사 시대 디자인은 어떤 장식에도 충격을 줍니다. 놀라울 정도로 사실적인 디테일의 전체 공룡 모양으로 트리케라톱스를 위한 이 기발한 책상 테이프 홀더는 모든 책상이나 사무실에 장식적이고 기능적입니다.",이 테이프 디스펜서는 기능적일 뿐만 아니라 훌륭한 대화 시작이자 사무실에 약간의 개성을 더할 수 있는 완벽한 방법입니다. 그렇다면 이 공룡 테이프 디스펜서로 일상 생활에 선사 시대의 재미를 더해보세요. 오늘 주문하시고 책상을 멋지게 꾸며보세요!,"['테이프', '디스펜서', '책상', '공룡', '사무실', '재미', '선사시대', '멋지다', '장식', '더하다']"
사무용품,테이프,사무용 테이프 디스펜서,,B0B8ZRZH9X,"BBTO 해바라기 귀여운 테이프 디스펜서, 2롤 테이프 세트 정교한 꽃 테이프 디스펜서, 재미있는 책상 테이프 디스펜서, 사무실 가정 학교 소녀 여성 책상 용품",BBTO,12451,12451,3.7,42.0,"실용적이고 귀여운 디자인: 당사의 책상 테이프 디스펜서는 튼튼한 목재와 튼튼한 날로 만들어져 사용하기 쉬우며, 작업 공간과 책상에 아름다움을 더할 수 있는 세련되고 매끄러운 외관을 더합니다 제품 구성: 패키지에는 재미있는 테이프 디스펜서 1개와 테이프 2롤이 포함되어 있습니다. 가족, 친구, 동료 등과 충분한 양으로 공유할 수 있으며 일상 생활에서 필요한 사항을 충족하여 편리함을 충분히 즐길 수 있습니다 테이블 탑 공간 절약: 테이프 홀더는 약 16 x 9 x 8 cm/6.3 x 3.5 x 3.2 인치이며, 휴대가 간편하고 컴팩트합니다. 테이블 위에 직접 놓을 수 있으며 너무 많은 공간을 차지하지 않으며 훨씬 더 편리합니다 작업 효율성 향상: 디스펜서가 있는 이 사무용 테이프는 테이프를 사용해야 할 때 훨씬 더 편리함을 제공합니다. 견고한 구조와 미끄럼 방지 베이스로 테이프를 빠르게 벗겨낼 수 있어 작업 효율성을 어느 정도 향상시킵니다 적절한 용도: 이 사무실 테이프 디스펜서는 선물 포장 테이프, 양면 테이프, 고정 테이프, 투명 테이프 등을 자를 수 있습니다. 사무실, 가정, 학교, 상점, 레스토랑 및 테이프가 필요한 기타 장소에 적합합니다","특징: 섬세한 선물: 리필이 있는 테이프 디스펜서는 가족, 친구, 어린이 등을 위한 멋진 생일 선물일 뿐만 아니라 직원, 학생 등을 위한 기념품으로도 적합합니다. 아름다운 해바라기 모델링으로 어린이와 성인이 좋아할 것입니다. 실용적인 접착 테이프: 재미있는 테이프 디스펜서의 테이프 롤은 멋진 은폐가 있어 봉투를 밀봉하고, 편지를 보호하고, 파일을 우편으로 보내고, 찢어진 페이지나 찢어진 종이를 함께 붙이는 데 적합합니다. 사양: 소재: 나무와 칼날 색상: 주로 노란색과 초록색. 사이즈: 약 16 x 9 x 8 cm/6.3 x 3.5 x 3.2 인치. 패키지 구성: 재미있는 테이프 디스펜서 1개. 테이프 롤 2개. 참고: 수동 측정, 사이즈에 약간의 오차가 있을 수 있습니다. 화면 디스플레이의 차이로 인해 색상이 약간 다를 수 있습니다. 청소년은 상처를 피하기 위해 부모의 지도에 따라 사용해야 합니다.","['테이프', '디스펜서', '재미있다', '롤', '책상', '작업', '선물', '공간', '편리하다', '사무실']"
사무용품,테이프,사무용 테이프 디스펜서,,B0CLH2P3XS,"데스크탑 테이프 디스펜서 귀여운 테이프 디스펜서 클라우드 테이프 커터, 무지개 화이트 테이프 디스펜서 홀더 포함, 홈 스쿨 사무실 문구 용품",Mabor,11758,11758,5.0,3.0,"다양한 용도: 무지개 테이프 디스펜서는 사무실, 학교 및 가족 활동, 스크랩북, 예술 프로젝트 등에 매우 적합합니다. 클라우드 테이프 커터는 일상 작업에 사용할 수 있어 상자를 닫고, 선물을 포장하고, 메모를 붙이고, 문서를 밀봉하고, 종이 테이프로 장식하는 등의 작업을 쉽게 할 수 있습니다. 편리한 사용: 공예 테이프 디스펜서는 쉽고 빠르게 테이프를 자를 수 있어 가위를 사용하는 번거로움을 없애줍니다. 데스크탑 테이프 디스펜서는 선물 포장 테이프, 양면 테이프, 고정 테이프, 투명 테이프 등을 자를 수 있습니다. 무지개 테이프는 작은 DIY 아트 프로젝트 장식, 귀여운 문구 및 재미있는 학습 자료입니다. 정교한 디자인: 클라우드 박스 커터는 정교하게 제작되었으며 우수한 소재로 만들어져 귀엽고 신뢰할 수 있으며 휴대가 가능하며 재사용이 가능하며 멋진 경험을 제공합니다. 블레이드는 단단히 설치되어 쉽게 떨어지지 않아 사용 과정을 더 안전하게 만듭니다. 클라우드 테이프 디스펜서와 무지개 테이프 세트는 사람들에게 적합한 문구류입니다. 테이프 디스펜서 책상 특징: 무지개 테이프 디스펜서는 플라스틱과 스테인리스 스틸로 만들어졌으며 매끄럽고 둥근 모서리가 있으며 거친 부분이 없으며 녹이 슬지 않으며 피부를 손상시키지 않습니다. 귀여운 테이프 디스펜서를 집이나 사무실에 놓기만 하면 편리하게 즐길 수 있습니다. 크기 및 구성 요소: 재미있는 테이프 디스펜서는 약 11.3x4.3x6.2cm/4.45x1.69x2.44인치입니다. 충전 테이프가 있는 흰색 테이프 디스펜서 홀더를 받게 됩니다. 패키지에는 마스킹 테이프 디스펜서와 무지개 테이프가 포함되어 있습니다. 테이프의 내부 코어는 2.6cm(1인치)로 어린이, 친구 및 가족에게 좋은 선물입니다. 디스펜서가 있는 포장 테이프는 책상 위에 작은 장식으로 놓을 수 있어 재미를 더할 수 있습니다. 가볍고 컴팩트한 크기입니다.","클라우드 테이프 커터는 사용하기 쉽습니다. 테이프를 커터에 삽입하고 위로 당겨 맞춤형 크기를 만들 수 있습니다. 편리하고 가벼운 테이프 커터로 책상 서랍에 매우 적합합니다. 승화 테이프 디스펜서는 잘 제작되어 좋은 경험을 제공합니다. 흰색 테이프 홀더는 사무실, 학교 및 가족 활동, 스크랩북, 예술 프로젝트 등에 적합합니다. 친구와 동료에게 적합한 선물입니다./색상/화이트/소재:/플라스틱 및 스테인리스 스틸/제품 크기:/외부: 11.3x4.3x6.2cm/4.45x1.69x2.44인치, 내부: 2.6cm/1.02inches./패키지 크기:/16x16x4.5cm/제품 무게:/80.2g/포장 무게:/96.4g/패키지 구성 요소:/클라우드 테이프 디스펜서 책상과 무지개 테이프 롤.","['테이프', '디스펜서', '무지개', '커터', '클라우드']"
사무용품,테이프,사무용 테이프 디스펜서,,B0CSZ9XVTL,"사무실, 가정 및 학교용 다채로운 데스크탑 테이프 디스펜서, 내구성이 뛰어나고 세련된 사무용품, 미끄럼 방지 베이스, 마카롱 핑크",SHOIKOM,11066,11066,4.4,17.0,"⭐【날카롭고 효율적】이 테이프 디스펜서는 쉽고 효율적인 테이프 절단을 위해 날카로운 모서리로 설계되어 빠르고 정확한 테이프 사용을 위한 완벽한 도구입니다. ⭐【미끄럼 방지 디자인】무게감 있는 미끄럼 방지 베이스는 안정성을 보장하고 사용 중에 미끄러짐을 방지합니다. 【적용 모델】최대 1.9cm(3/4인치) 너비의 사무실 테이프와 함께 사용하기에 적합한 테이프 디스펜서는 선물 포장, 스크랩북 및 기타 DIY 프로젝트를 포함한 다양한 작업에 사용할 수 있습니다. 【마카롱 핑크 색상】마카롱 핑크 색상은 작업 공간에 생동감을 더합니다. 실용적일 뿐만 아니라 사무실 책상에 미적 즐거움을 더합니다. 【완벽한 책상 동반자】책상용으로 설계된 이 테이프 디스펜서는 사무실과 홈 책상 모두에 이상적이며 작업 공간에 편리함과 효율성을 더합니다.",,"['테이프', '디스펜서', '방지', '사무실', '효율', '책상', '미끄럼', '작업', '마카롱', '더하다']"
사무용품,테이프,사무용 테이프 디스펜서,,B08129RF7G,"1InTheOffice 책상 테이프 디스펜서, 블랙 ""4팩"" (데스크탑 테이프 디스펜서)",1InTheOffice,26301,26301,4.5,96.0,"영구적이고 쉬운 로드 테이프 코어 미끄럼 방지, 패딩 처리된 베이스는 표면을 긁지 않습니다 2.5cm(1인치) 코어가 있는 표준 테이프를 분배합니다 ""4팩"", 디스펜서만 포함, 테이프는 별도로 판매됩니다 1InTheOffice 만족 보장 지원","1InTheOffice 책상 테이프 디스펜서, 블랙 ""4팩"" (데스크탑 테이프 디스펜서)/세련된 블랙 색상의 1InTheOffice 데스크 테이프 디스펜서는 편리한 4팩으로 제공되어 모든 작업 공간에 필수적인 도구입니다. 이 데스크탑 테이프 디스펜서는 다양한 작업을 위해 테이프를 효율적으로 분배할 수 있는 세련되고 실용적인 솔루션을 제공합니다. 컴팩트한 디자인과 견고한 구조로 모든 책상이나 워크스테이션에 쉽게 맞아 필요할 때마다 테이프를 쉽게 사용할 수 있습니다. 매끄러운 블랙 마감은 모든 사무실 환경에 전문성을 더하며, 인체 공학적 디자인으로 편안하고 쉽게 테이프를 분배할 수 있습니다. 내구성을 위해 제작된 이 디스펜서는 미끄럼 방지 베이스가 있어 사용 중에 미끄러짐을 방지하고 안정성과 사용성을 향상시킵니다./주요 포인트:/- 편리함과 가치를 위한 세련된 블랙 데스크탑 테이프 디스펜서 4팩./- 컴팩트한 디자인으로 모든 책상이나 워크스테이션에 쉽게 맞습니다./- 견고한 구조로 오래 지속되는 내구성을 보장합니다./- 인체 공학적 디자인으로 편안하고 쉬운 테이프 디스펜싱을 제공합니다./- 미끄럼 방지 베이스가 미끄러짐을 방지하여 안정성을 향상시킵니다./- 사무실, 학교 또는 가정 환경의 다양한 작업에 이상적입니다./- 세련된 블랙 마감으로 모든 작업 공간에 전문적인 느낌을 더합니다./- 어떤 환경에서도 효율적인 테이프 디스펜싱을 위한 필수 도구./책상 테이프 디스펜서는 작업 흐름을 간소화할 뿐만 아니라 작업 공간에 우아함을 더합니다. 다용도 기능과 세련된 디자인으로 사무실, 학교 또는 가정에서 사용하기에 적합합니다. 1InTheOffice DeskTape 디스펜서 4팩으로 정리와 효율성을 높이세요. 필요할 때마다 항상 손끝에 테이프를 사용할 수 있습니다.","['테이프', '디스펜서', '블랙', '작업', '책상', '디자인', '방지', '세련되다', '데스크탑', '공간']"
사무용품,테이프,사무용 테이프 디스펜서,,B07BW44HKM,"Scotch 데스크탑 디스펜서, 블랙, 테이프 미포함, 디스펜서 1개/팩 (C18-B-0)",Scotch,8988,7257,4.6,1871.0,"필요할 때 한 손으로 쉽게 분배할 수 있는 이상적인 선택입니다 가정, 사무실 또는 학교를 위한 Scotch Brand의 신뢰할 수 있고 클래식한 디자인 다양한 마감에 맞는 검은색의 심플한 미학이 특징입니다 리필이 쉽습니다. 2.5cm(1인치) 수납 가능. 코어 테이프, 최대 1.9cm(3/4인치). 너비 1500인치 롱 디스펜서에는 제자리에 고정할 수 있는 미끄럼 방지 베이스가 포함되어 있습니다 고품질 커팅 블레이드는 수년간 지속됩니다 테이프는 별도로 판매됩니다 가정과 사무실에서 필요한 모든 것을 위해 Scotch Brand의 다른 고품질 제품을 사용해보세요","Scotch 클래식 데스크탑 테이프 디스펜서(C18)는 가정, 사무실 또는 학교에서 한 손으로 디스펜싱할 수 있는 훌륭한 선택입니다. 리필 가능한 디스펜서는 다양한 테이프에 적합하며 클래식한 블랙 색상입니다. 표준 2.5cm(1인치)를 담을 수 있습니다. 코어 테이프로 최대 1.9cm(3/4인치)까지 테이프를 고정할 수 있습니다. 너비 1500인치 긴 길이. 계속 리필할 때 수년 동안 사용할 수 있는 고품질 커팅 블레이드는 Scotch Brand에 의존할 수 있습니다. 무게감 있는 베이스로 한 손으로 분배할 수 있습니다. Scotch 데스크탑 디스펜서로 항상 테이프를 준비하십시오.","['테이프', '디스펜서', '손', '리필', '가정', '사무실', '데스크탑', '클래식', '블레이드', '선택']"
사무용품,테이프,사무용 테이프 디스펜서,,B074HBDBJD,"Acrimet 프리미엄 데스크탑 테이프 디스펜서, 플라스틱, 미끄럼 방지 베이스 (튼튼함) (단색 그린 색상)",Acrimet,20636,20636,4.6,1109.0,"내구성 및 오래 지속됨: 고품질 프리미엄 플라스틱으로 제작된 테이프 디스펜서는 바쁜 환경에서 일상적인 사용을 견딜 수 있도록 제작되었습니다. 견고한 구조는 내구성을 보장하여 모든 포장 요구 사항에 대한 신뢰할 수 있는 솔루션을 제공합니다 특수 블레이드: 스테인리스 스틸 블레이드는 내구성과 수명을 보장하며, 번거롭지 않은 테이프 디스펜싱을 위해 정확하고 일관된 절단을 제공합니다 미끄럼 방지 베이스: 당사의 테이프 디스펜서는 표면에 단단히 고정되는 미끄럼 방지 베이스가 있어 사용 중에 미끄러지거나 움직이는 것을 방지합니다. 이 안정성은 생산성을 향상시키고 좌절감을 최소화하여 가정과 사무실 모두에 적합합니다 쉬운 테이프 로딩: 테이프 디스펜서는 사용자 친화적인 디자인으로 새 테이프 롤을 쉽게 넣을 수 있습니다. 간단한 메커니즘(플라스틱 코어)으로 테이프 롤을 빠르게 교체할 수 있어 시간과 좌절감을 절약할 수 있습니다. 완벽한 테이프 피팅; 표준 테이프와 호환됩니다. 2.5cm(1인치) 플라스틱 코어가 함께 제공됩니다. 전체 치수: 길이 15.2cm(6인치) / 너비 7.6cm(3인치) / 높이 7.6cm(3인치). (*테이프는 포함되어 있지 않습니다) 다재다능하고 현대적인 디자인: Acrimet 테이프 디스펜서는 현대적인 디자인을 자랑하며 모든 작업 공간에 우아함을 더합니다. 깔끔한 라인과 세련된 외관으로 실용적인 목적을 제공할 뿐만 아니라 현대적인 미학과 견고한 내구성을 매끄럽게 결합하여 어디에서나 다용도로 사용할 수 있습니다",,"['테이프', '디스펜서', '플라스틱', '방지', '베이스', '현대', '미끄럼', '구성', '디자인', '롤']"
사무용품,테이프,사무용 테이프 디스펜서,,B0CG9Y989G,"ELYPRO 사무실 책상용 모던 테이프 디스펜서 - 우아하고 미니멀한 디자인, 헤비 메타 제작, 공간 절약, 사무실 및 가정 사용 또는 세련된 선물로 적합 - 보너스 테이프 롤 포함 (블랙)",ELYPRO,27686,27686,4.1,14.0,"우아한 디자인: ELYPRO 책상 디스펜서는 기능적일 뿐만 아니라 모든 사무실이나 가정 설치에 세련된 추가 아이템입니다. 내구성이 뛰어난 금속으로 제작되어 어떤 장식과도 매끄럽게 조화를 이루는 매끄럽고 현대적인 디자인을 자랑합니다. 유선형 스타일: 사무실이나 작업 공간에서 현대적인 우아함을 더하는 현대적인 금속 디자인. 선물 준비된 포장: ELYPRO 책상 디스펜서는 정교한 상자에 담겨 제공되어 동료, 친구 또는 가족에게 이상적인 선물입니다. 또한 각 디스펜서에는 테이프 롤 1개가 포함되어 있어 시작할 수 있습니다. 공간 절약 솔루션: 기능을 희생하지 않으면서 책상 공간을 최대화하는 컴팩트한 구조. 세 가지 세련된 색조: 화이트, 블랙 또는 실버 중에서 선택하여 전문적인 미학과 완벽하게 어울립니다. 바로 굴릴 수 있음: 각 디스펜서에는 즉시 사용할 수 있는 보너스 테이프 롤이 포함되어 있습니다. 다용도 및 신뢰성: 모든 사무실 환경에 이상적인 이 디스펜서는 스타일과 지속적인 성능을 위해 제작되었습니다.","형태와 기능의 완벽한 균형을 이루는 모던 메탈 테이프 디스펜서로 작업 공간을 업그레이드하세요. 단순함과 우아함을 염두에 두고 설계된 금속 구조는 내구성과 현대적인 외관을 제공하여 모든 전문적인 환경에 쉽게 맞습니다. 컴팩트한 사이즈로 기능을 손상시키지 않으면서 공간을 절약할 수 있어 공간을 어지럽히 지 않고 필요한 도구를 사용할 수 있습니다. 화이트, 블랙, 실버의 세 가지 정교한 색조로 제공되며, 실용적인 물건 그 이상입니다. 또한 보너스 테이프 롤이 포함되어 있어 상자에서 꺼내자마자 바로 사용할 수 있습니다.","['디스펜서', '공간', '테이프', '사무실', '롤', '우아하다', '책상', '디자인', '현대', '절약']"
사무용품,테이프,사무용 테이프 디스펜서,,B0BX966G64,"디스펜서가 있는 18팩 투명 테이프, 1.8 x 254.4cm(0.7 x 1000인치) 투명 테이프 및 리필 가능한 디스펜서, 공예 작업, 선물 포장, 수리, 가정 및 학교용 디스펜서 벌크가 있는 사무실 테이프 롤",JEFURE,26301,26301,4.1,14.0,"【가치 있는 포장】투명 디스펜서 18개, 10cm(3.9인치) X 2.5cm(1인치) x 7.5cm(2.9인치) 18개의 무료 투명 포장 테이프, 1.8cm x 28야드 오랫동안 사용하기에 충분합니다. 【투명 디스펜서】모양 커팅 블레이드는 수년간 지속되며 손상되거나 부식될 염려가 없습니다. 또한, 매직 테이프 디스펜서의 단단한 쉘은 쉽게 부서지지 않습니다. 디스펜서로 테이프를 빠르고 쉽게 부착할 수 있어 시간 효율적입니다. 【투명 테이프】투명 테이프는 내구성이 뛰어나고 매끄럽고 찢어짐 방지 기능이 있으며 쉽게 다루고 부착할 수 있습니다. 보이지 않는 테이프로 인해 정보가 차단될 염려가 없습니다. 【특별한 디자인】디스펜서 디자인의 테이프를 사용하면 적시에 보충할 수 있도록 접착 테이프의 양을 더 잘 관찰할 수 있습니다. 또한, 투명 테이프 디스펜서는 표준 크기의 테이프에 적합하므로 테이프를 교체하고 보완하는 데 편리합니다. 【군중에게 적합】테이프 리필은 사무실, 학교, 가정, 작업장 등에 이상적입니다. 성인과 어린이 모두에게 매우 좋은 도우미가 될 수 있습니다. 테이프 디스펜서 리필 롤은 일상적인 포장, 포장, 우편 및 예술 및 공예에 사용하는 동안 부드럽게 풀립니다.",,"['테이프', '디스펜서', '투명', '포장', '리필']"
사무용품,테이프,사무용 테이프 디스펜서,,B0BVC1HY57,"문어 테이프 디스펜서, 해상 사무실 장식, 고딕 사무용품, 독특한 책상 액세서리, 14cm(5.5인치)",Wowser,29015,29015,4.1,56.0,"테이프 디스펜서는 사지 사이에 테이프 커터로 롤러 홀더를 고정하는 디테일한 문어가 특징입니다. 테이프는 포함되지 않습니다 소재: 수지, 플라스틱, 금속 사이즈: 길이 14cm x 너비 6.9cm x 높이 6.4cm, 표준 테이프 롤 1개 보관 이 미끄럼 방지 독특한 디스펜서를 책상, 테이블, 카운터 또는 선물 포장 스테이션에 쉽게 놓을 수 있는 독립형 모든 사무실이나 작업 공간을 보완하는 동시에 기능적인 공급품으로도 완벽한 악센트",,"['테이프', '디스펜서', '독특하다', '문어', '사무실', '책상', '홀더', '롤러', '보완', '보관']"
사무용품,테이프,사무용 테이프 디스펜서,,B0923VMSSM,"Excell Dualcore 책상 테이프 디스펜서 (2.5cm(1인치)+7.6cm(3인치) 코어), 펜 펜슬 홀더 포함, 가정, 사무실, 상점, 소매점 및 창고 포장 목적의 테이프 디스펜서 책상",EXCELL,26315,26315,4.5,22.0,"듀얼 코어 - 2.5cm(1인치) 및 7.6cm(3인치) 코어에 맞습니다. 필요에 따라 테이프 크기를 쉽게 전환할 수 있습니다. 사무실/학교에 적합 - 펜 연필 홀더는 책상을 깔끔하게 유지합니다. 특허 블레이드는 테이프를 똑바로 절단합니다. 테이프의 가장자리는 직선입니다. 작업을 완벽하게 만드세요. 한 손 디스펜싱 - 미끄럼 방지 패드와 모래 가중 베이스로 한 손으로 선물을 포장하거나 패키지를 쉽게 포장할 수 있습니다. 제품 구성 - Excell 데스크탑 테이프 디스펜서 1개 포함 (테이프 너비: 19mm(1인치) / 25mm (3인치), 1인치+7.6cm(3인치) 코어) 전문적인 품질 - 저희는 제품의 품질에 대해 매우 확신합니다. 질문이 있으시면 저희에게 연락하십시오.",,"['테이프', '코어', '책상', '디스펜서', '포장', '홀더', '사무실', '손', '펜']"
사무용품,테이프,사무용 테이프 디스펜서,,B09Q2WCDJZ,"데스크탑 테이프 디스펜서 미끄럼 방지 베이스, 사무실, 레스토랑, 꽃 가게, 케이크 샵 포장용, 핑크",QILIMA,9681,9681,4.1,252.0,"중요!!! : 받으신 제품이 손상된 경우 언제든지 아마존 고객 서비스에 문의하십시오. 무조건 환불 및 반품을 지원합니다. 감사합니다! 쉬운 사용: 먼저 하단 나노 테이프의 릴리즈 필름을 떼어내고, 테이프 디스펜서를 평평한 표면에 고정하십시오. 한 손으로 조작할 수 있습니다. 귀여운 디자인: 책상 테이프 디스펜서는 핑크, 블루, 그린의 3가지 색상이 있습니다. 귀여운 색상과 외관 디자인, 공부 테이블에 없어서는 안될 아이템입니다. 제품 크기: 표준 테이프는 최대 1.9cm(3/4인치) 너비까지 고정됩니다. 2.5cm(1인치) 플라스틱 코어는 표준이며 쉽게 교체할 수 있습니다. 인기 있는 스카치 인비저블을 포함하여 좋아하는 모든 테이프를 담을 수 있습니다. 테이프 롤을 교체하는 데 몇 초밖에 걸리지 않습니다. 고품질: 테이프 홀더는 프리미엄 플라스틱과 금속으로 만들어져 테이블 위에서 더 안정적으로 사용할 수 있습니다. 내구성이 뛰어나고 무게가 있는 고품질 테이프 디스펜서로 오래 사용할 수 있습니다.",,"['테이프', '디스펜서', '핑크', '고정', '플라스틱', '디자인', '표준', '귀엽다', '테이블']"
사무용품,테이프,사무용 테이프 디스펜서,,B0CSZ8TH7P,"데스크탑 사무실 테이프 디스펜서 - 사무실, 가정 및 학교를 위한 귀여운 테이프 디스펜서, 책상을 위한 완벽한 동반자, 미끄럼 방지 베이스 디자인 - 마카롱 핑크",SHOIKOM,12451,10235,4.8,12.0,"⭐【날카롭고 효율적】이 테이프 디스펜서는 쉽고 효율적인 테이프 절단을 위해 날카로운 모서리로 설계되어 빠르고 정확한 테이프 사용을 위한 완벽한 도구입니다. ⭐【미끄럼 방지 디자인】무게감 있는 미끄럼 방지 베이스는 안정성을 보장하고 사용 중에 미끄러짐을 방지합니다. 【적용 모델】최대 1.9cm(3/4인치) 너비의 사무실 테이프와 함께 사용하기에 적합한 테이프 디스펜서는 선물 포장, 스크랩북 및 기타 DIY 프로젝트를 포함한 다양한 작업에 사용할 수 있습니다. 【완벽한 책상 동반자】책상용으로 설계된 이 테이프 디스펜서는 사무실과 홈 책상 모두에 이상적이며 작업 공간에 편리함과 효율성을 더합니다. 【마카롱 핑크 색상】마카롱 핑크 색상은 작업 공간에 생동감을 더합니다. 실용적일 뿐만 아니라 사무실 책상에 미적 즐거움을 더합니다.",,"['테이프', '사무실', '디스펜서', '방지', '책상', '작업', '미끄럼', '완벽하다', '마카롱', '효율']"
사무용품,테이프,사무용 테이프 디스펜서,,B07K226VYT,"데스크탑 테이프 디스펜서 접착 롤 홀더(2.5cm(1인치) 및 7.6cm(3인치) 코어에 적합), 무게감 있는 미끄럼 방지 베이스 블랙",ihomecooker,19376,13836,4.5,9659.0,2.5cm(1인치) 코어 및 7.6cm(2.992인치) 수동 측정으로 작은 테이프와 큰 롤 테이프 모두에 맞습니다. 당사의 데스크탑 테이프 디스펜서는 어디에나 놓을 수 있는 편리한 제품입니다. 다양한 장식 아이템을 편리하게 테이핑하여 조각을 부착하거나 책상을 장식하는 데 사용할 수 있습니다. 적합한 테이프 너비: 최대 2.8cm 너비 고품질 블레이드: 데스크탑 테이프 디스펜서는 필요한 길이의 테이프를 쉽고 빠르게 자를 수 있는 고품질 블레이드가 있습니다. 오래 지속되며 테이프를 즉각적이고 깔끔하게 잘라냅니다. 미끄럼 방지 패드: 멀리 서거나 책상에 앉아서 편리하게 사용할 수 있습니다. 무게감 있는 베이스와 미끄럼 방지 패드는 표면을 강하게 잡을 수 있을 만큼 단단합니다. 따라서 다양한 각도에서 안전하고 쉽게 사용할 수 있습니다. 한 손 디스펜싱: 이 멋진 제품은 필요한 양의 테이프를 분배하면서 멀티 태스킹이 가능합니다. 타이핑이나 글을 쓰는 동안 휴대폰으로 통화할 때 쉽게 사용할 수 있습니다. 집이나 사무실에 이 제품을 갖게 되어 기쁩니다. 저렴한 비용으로 믿을 수 있는 제품을 얻을 수 있는 행운을 고려하십시오. 노트 롤 테이프는 포함되어 있지 않습니다. 매장에서 판매되는 테이프 디스펜서는 매장의 모든 테이프와 호환되어 쉽게 사용할 수 있습니다.,,"['테이프', '디스펜서', '편리하다', '방지', '미끄럼', '데스크탑', '롤', '블레이드', '장식', '코어']"
사무용품,테이프,사무용 테이프 디스펜서,,B0943Y6L8X,"버트 테이프 디스펜서 – 남성을 위한 재미있는 선물 - 이상한 물건, 남성용 책상 액세서리 - 참신하고 재미있는 사무용품 남성을 위한 개그 선물 - 교사 선물 남성용 보스 선물 - 동료를 위한 외출용 선물",Butt Supplies,15442,15442,4.5,3341.0,"재미있는 선물 - 가장 재미있는 남성용 사무실 액세서리가 배경과 조화를 이룹니다. 재미있는 책상 액세서리 버트 스테이션은 다릅니다. 머리를 돌리는 것으로 알려져 있으며, 책상에 개성을 더할 것입니다! 완벽한 패키지 - 선물과 재미있는 개그 선물을 남기는 기억에 남는 동료입니다. 남성을 위한 재미있는 생일 선물이나 재미있는 사무실 장식으로도 완벽합니다! 테이프 롤, 종이 클립, 펜, 스티커 메모장. 모두를 위한 즐거움 - 책상용 멋진 사무실 도구나 성인, 친구 또는 가족을 위한 재미있는 선물을 찾고 계신다면 더 이상 찾으실 필요가 없습니다! 엉덩이는 십대 소년, 소녀, 남성 또는 여성에게 적합합니다 독특하고 실용적 - 개그 선물은 훌륭한 대화를 시작할 뿐만 아니라 상사나 재미있는 책상 장식을 위한 선물이기도 합니다. 변기에는 종이 클립과 숨겨진 메시지를 보관할 수 있습니다. 웃음을 불러일으키세요 - 망설이지 마세요! 직장을 위한 재미있는 책상 액세서리나 남성을 위한 재미있는 선물은 없었습니다. 모든 것을 가진 남성을 위한 독특하고 부적절하며 재미있는 동료 선물입니다.",,"['선물', '재미있다', '남성', '책상', '액세서리', '개그', '동료', '사무실']"
사무용품,테이프,사무용 테이프 디스펜서,,B0CXPHJBPT,2피스 다기능 보이지 않는 테이프 세트 리필 가능한 테이프 디스펜서 쓰기 가능한 테이프 사무실 학교 문구 용품 테이프 디스펜서 리필 롤 홀더 코어 데스크탑 귀여운 미니 테이프 디스펜서,Juroicessry,11066,11066,5.0,1.0,1,1,"['테이프', '디스펜서', '리필', '가능하다', '홀더', '학교', '피스', '코어', '사무실', '보이지']"
사무용품,테이프,사무용 테이프 디스펜서,,B07VPCXGNG,"데스크탑 테이프 디스펜서 - 사무실, 학교 및 가정 용품용 실리콘 미끄럼 방지 가중 베이스 테이프 커터 (퓨어 화이트)",SF ITEM,10373,10373,4.4,300.0,"ABS 수지 소재로 제작되어 내구성이 뛰어납니다. 2.5cm(1인치) 용량. 코어 테이프, 최대 1.9cm(3/4인치). 너비 3.8cm(1500인치). 긴 길이 한 손으로 분배할 수 있는 실리콘 미끄럼 방지 가중 베이스. 사무실, 학교, 가정 및 미술 용품. 사용 팁: 테이프를 자를 때 먼저 테이프의 한쪽을 아래로 눌러 테이프가 약간 부서지도록 한 다음 눌러 즉시 테이프를 자를 수 있으며 미세한 톱니 날로 테이프를 깔끔하게 절단할 수 있습니다.",,"['테이프', '가정', '학교', '가중', '미끄럼', '실리콘', '방지', '베이스', '사무실']"
사무용품,테이프,사무용 테이프 디스펜서,,B0CL4ZRG34,"미니 소형 테이프 디스펜서 책상 핑크 색상, 사무실 귀여운 테이프 디스펜서, 무게감 있는 미끄럼 방지 베이스",Urradia,6911,6911,3.9,16.0,"튼튼한 책상 액세서리 테이프 디스펜서는 필요한 길이의 테이프를 쉽고 빠르게 절단할 수 있습니다 견고한 미끄럼 방지 베이스와 표면에 강한 그립감을 제공하는 무게 데스크탑 테이프 디스펜서는 프리미엄 플라스틱 소재로 만들어져 패션 외관을 갖추고 있으며 장시간 사용할 수 있습니다. 크리스마스를 위한 최고의 선물이며 사무실, 학교 및 상점에서도 사용할 수 있습니다.",,"['테이프', '디스펜서', '미끄럼', '방지', '베이스', '책상', '사무실', '학교', '소형', '견고하다']"
사무용품,테이프,사무용 테이프 디스펜서,,B01LXXOB28,"Scotch 데스크탑 테이프 디스펜서, 선물 포장에 적합, 메탈릭 블랙, 2.5cm(1인치) 코어, 디스펜서 1개(C17-MB-0)",Scotch,16329,14390,4.6,486.0,사무용품 테이프 롤 포함 학교 및 미술 용품 스타일리시하고 리필 가능.,이 엣지있는 스카치 데스크탑 디스펜서로 집이나 사무실 작업 공간에 스타일과 우아함을 더하세요. 디스펜서는 한 손으로 테이프를 쉽게 분배할 수 있도록 설계되었으며 최대 3.8cm(1.5인치) 길이의 롤을 다룰 수 있습니다. 또한 프리미엄 메탈릭 블랙 마감이 특징입니다.,"['디스펜서', '테이프', '데스크탑', '롤', '메탈', '블랙', '학교', '선물', '더하다', '리필']"
사무용품,테이프,사무용 테이프 디스펜서,,B0BZHRQFSD,"귀여운 데스크탑 테이프 디스펜서 미끄럼 방지 베이스, 롤 1개 포함, 1.3cm(0.5인치) X 33야드 사무실 테이프 - 홈 오피스 용품 재미있는 책상 액세서리 사무실 테이프 디스펜서, Makaron 핑크",AMOGATO,9681,9681,3.9,8.0,"【패키지 구성】 테이프 디스펜서 1개와 사무실 테이프 롤 1개. 【다양한 용도】- 세련되고 현대적인 디자인으로 책상에 잘 어울리며 완벽한 홈 오피스 및 선물 포장 테이프 디스펜서로 사용할 수 있습니다. 【쉬운 작동】—테이프 디스펜서에는 고품질의 날카로운 톱니 블레이드가 있어 테이프를 쉽게 찢을 수 있습니다. 【테이프 분리기 소재】 테이프 디스펜서 책상은 고품질 플라스틱 소재로 만들어져 쉽게 깨지지 않으며 스테인리스 스틸 블레이드가 특징이며, 쉽게 녹슬지 않으며 자르기 쉽습니다. 【고객 만족이 가장 중요합니다】-Amogato는 최고의 쇼핑 경험을 제공합니다. 문제가 있거나 요청이 있으시면 언제든지 저희에게 연락하십시오. 문제를 해결하기 위해 최선을 다할 것입니다. 또한 저희 제품에 만족하지 못하셨다면 전액 환불해 드릴 수 있습니다.",,"['테이프', '디스펜서', '사무실', '책상', '홈', '문제', '오피스', '블레이드', '롤']"
사무용품,테이프,사무용 테이프 디스펜서,,B09NRKP9NJ,"WELSTIK 데스크탑 사무실 테이프 디스펜서 미끄럼 방지 베이스, 사무실, 레스토랑, 꽃집, 케이크 가게에서 포장용, 핑크",WELSTIK,9681,9681,3.9,1070.0,"쉬운 사용: 먼저 하단 나노 테이프의 릴리즈 필름을 떼어내고 테이프 디스펜서를 평평한 표면에 고정하십시오. 한 손으로 조작할 수 있습니다. 최대 1.9cm(3/4인치) 너비의 표준 테이프를 고정합니다. 2.5cm(1인치) 플라스틱 코어도 표준이며 쉽게 교체할 수 있습니다. 인기 있는 스카치 인비저블을 포함하여 좋아하는 테이프를 모두 담을 수 있습니다. 테이프 롤을 교체하는 데 몇 초밖에 걸리지 않습니다. 특수 스테인리스 스틸 블레이드는 오래 사용할 수 있도록 제작되어 균일한 절단을 제공합니다. 패셔너블한 외관, 미끄럼 방지 베이스, 어디에서나 사용할 수 있습니다. 독특한 선물 - 이 사무실 책상 스테이션을 친구, 동료 및 학생에게 선물하는 재미. 크리스마스 선물, 생일 선물 또는 모든 행사에 적합합니다.",,"['테이프', '선물', '사무실', '디스펜서', '방지', '고정', '표준', '베이스', '미끄럼']"
사무용품,테이프,사무용 테이프 디스펜서,,B0CY2Q4QK5,테이프 디스펜서 교체 코어 투명 테이프 디스펜서 코어 소형 플라스틱 테이프 디스펜서 인서트 학교 사무실 가정 용품 테이프 디스펜서 액세서리 12개,Humyoun,9681,9681,4.0,2.0,"풍부한 필수품: 12개의 테이프 디스펜서 교체 코어가 포함된 패키지로 항상 준비할 수 있습니다. 충분한 가용성으로 가정, 사무실 또는 학교에서 원활한 작업 흐름을 제공합니다. 테이프 디스펜서에 이상적으로 맞도록 구입하기 전에 제품 크기를 확인하는 것을 잊지 마십시오 휴대성 및 다용도: 약 2.5cm(1인치) 너비의 작은 크기로 당사의 투명 테이프 디스펜서 코어는 작고 운반하기 쉽습니다. 이 코어의 휴대용 특성으로 학교 배낭, 사무실 가방 또는 주머니에 쉽게 휴대할 수 있습니다 신뢰할 수 있는 소재 품질: 당사의 테이프 디스펜서 인서트는 플라스틱 소재로 제작되어 뛰어난 내구성과 수명을 자랑합니다. 투명한 플라스틱 구조로 재사용이 가능하고 마모에 강하며 유행을 타지 않는 매력을 더합니다. 가정, 사무실, 학교 또는 스튜디오에서 테이프 디스펜서의 오래 지속되는 동반자 역할을 합니다 쉬운 사용: 주로 테이프 디스펜서의 스풀에 적용되는 이 교체 코어는 쉽게 설치할 수 있습니다. 테이프 디스펜서에 삽입하고 베이스에 끼우기만 하면 모두 사용할 수 있습니다. 이 편리한 기능으로 테이프 디스펜싱을 쉽게 만들어 소중한 시간과 에너지를 절약할 수 있습니다 사려 깊은 선물 가능성: 이 테이프 디스펜서 코어는 사려 깊고 실용적인 선물이 될 수 있습니다. 사무실 동료, 홈 오피스를 설치하는 가족, 문구류가 필요한 부하 직원, 학교 시즌 친구, 반 친구 및 지인에게 이상적입니다. 기능적이고 실용적인 테이프 디스펜서 코어로 사려 깊은 제스처를 보여주세요","특징: 투명한 색상이 특징인 이 고품질 소형 테이프 디스펜서 코어는 시각적으로 매력적일 뿐만 아니라 매우 견고하고 오래 지속됩니다. 이 테이프 디스펜서 교체 코어는 동료, 가족, 친구 및 반 친구에게 이상적인 선물이 될 수 있습니다. 실용성은 사려 깊은 고려를 반영하는 동시에 받는 사람의 작업 또는 학습 환경의 효율성과 구성을 개선하는 데 도움이 됩니다. 사양: 소재: 플라스틱 색상: 투명. 사이즈: 너비 약 2.5cm(1인치). 패키지 구성: 테이프 디스펜서 교체 코어 12개. 참고: 수동 측정, 사이즈에 약간의 오차가 있을 수 있습니다. 화면 디스플레이의 차이로 인해 색상이 약간 다를 수 있습니다.","['테이프', '디스펜서', '코어', '학교', '사무실', '플라스틱', '친구', '사려', '깊다']"
사무용품,테이프,사무용 테이프 디스펜서,,B0D4GLCHZF,"고슴도치 테이프 디스펜서, 책상 액세서리 선물, 12.1 x 8.3 x 7cm(4.75 x 3.25 x 2.75",Needzo,27533,27533,4.0,2.0,사랑스러운 디자인: 이 고슴도치 테이프 디스펜서는 귀엽고 디테일한 디자인으로 책상에 기발한 느낌을 더하여 기능적이고 장식적입니다. 내구성 있는 구조: 고품질 수지로 제작된 이 테이프 디스펜서는 견고하고 오래 사용할 수 있도록 제작되어 장기간 사용할 수 있습니다. 컴팩트한 사이즈: 12.1 x 8.3 x 7cm(4.75 x 3.25 x 2.75인치) 크기로 모든 책상에 완벽한 크기로 공간을 차지하지 않고 편리함을 제공합니다. 간편한 테이프 교체: 테이프 홀더는 쉽게 교체할 수 있도록 설계되어 테이프를 빠르고 쉽게 교체할 수 있습니다. 완벽한 선물: 동물 애호가와 사무실 근로자 모두에게 이상적인 이 독특한 테이프 디스펜서는 어떤 경우에도 훌륭한 선물입니다.,,"['테이프', '디스펜서', '책상', '선물', '디자인', '고슴도치', '제작', '완벽하다']"
사무용품,테이프,사무용 테이프 디스펜서,,B08T7MJNQB,"클래식 데스크탑 테이프 디스펜서, 2.5cm(1인치) 코어, 미끄럼 방지 베이스 - 프리미엄 롤 보이지 않는 투명 테이프 1개 포함, 사무실, 가정, 학교에 적합 (레드)",DBKMPZ,13836,13836,4.4,174.0,"✪【사이즈 정보】: 당사의 데스크탑 테이프 디스펜서는 길이 150mm/5.9인치, 너비 55mm/2.16인치, 높이 68mm/2.67인치입니다. 적합한 테이프 너비: 최대 2.54cm 너비 ✪【고품질 블레이드】: 데스크탑 테이프 디스펜서는 필요한 길이의 테이프를 쉽고 빠르게 자를 수 있는 고품질 블레이드가 있습니다. 오래 지속되며 테이프를 즉각적이고 깔끔하게 잘라냅니다. ✪【미끄럼 방지 패드】: 멀리 서거나 책상에 앉아서 편리하게 사용할 수 있습니다. 무게감 있는 베이스와 미끄럼 방지 패드는 표면을 강하게 잡을 수 있을 만큼 단단합니다. 따라서 다양한 각도에서 안전하고 쉽게 사용할 수 있습니다. ✪【한 손 디스펜싱】: 이 멋진 제품은 필요한 양의 테이프를 분배하면서 멀티 태스킹이 가능합니다. 타이핑이나 글을 쓰는 동안 휴대폰으로 통화할 때 쉽게 사용할 수 있습니다. ✪【경제적이고 신뢰할 수 있음】: 집이나 사무실에 이 제품을 갖게 되어 기쁩니다. 저렴한 비용으로 믿을 수 있는 제품을 얻을 수 있는 행운을 고려하십시오. 또한, 함께 사용할 수 있는 테이프 한 장도 제공합니다.",사양: 색상: 레드 소재: ABS(플라스틱)+금속 수량: 디스펜서 1개 사이즈: 15x6x6.8cm /5.9x2.4x2.7인치 적합한 테이프 너비: 최대 2.5cm 너비,"['테이프', '디스펜서', '방지', '미끄럼', '데스크탑', '블레이드', '베이스', '패드', '사무실', '레드']"
사무용품,테이프,사무용 테이프 디스펜서,,B0CPMYJ132,"Excell 트윈 프리미엄 와이드 메탈 멀티 롤 데스크탑 테이프 디스펜서, ET-12271, 너비 5.1cm(2인치), 코어 7.6cm(3인치)",ICO,35996,30456,4.9,18.0,고품질: 매우 넓은 녹 방지 블레이드가 있는 멀티 트랙 테이프 디스펜서로 테이프 끝을 최첨단에 정렬하는 작업 시간을 줄입니다. 안전성: 흡착판 컵 발이 있는 스틸 데스크탑 테이프 디스펜서는 디스펜서를 작업 표면에 고정하여 미끄러지지 않고 안정성을 보장합니다. 안전 디스펜서의 블레이드에는 수동으로 밀어 올려 블레이드를 덮거나 덮을 수 있는 안전 가드가 있습니다. 2.5cm(1인치) 너비의 롤러 2개가 함께 제공되므로 최대 5.1cm(2인치) 너비의 단일 롤 또는 각각 최대 2.5cm(1인치) 너비의 롤 2개로 디스펜서를 사용할 수 있습니다. 디스펜서는 코어 직경이 7.6cm(3인치)인 테이프에 사용할 수 있으며 지지할 수 있는 최대 외부 롤 직경은 12.7cm(5인치)이며 사무용품 테이프와 완벽하게 작동합니다.,"이 테이프 디스펜서는 신뢰할 수 있고 내구성이 뛰어난 테이프 디스펜서로, 모든 사무실이나 가정 환경에서 사용하기에 적합합니다. 견고한 금속 구조로 오래 지속되는 성능을 보장합니다. 디스펜서는 코어 직경이 7.6cm(3인치)인 테이프에 사용할 수 있으며 지지할 수 있는 최대 외부 롤 직경은 12.7cm(5인치)이며 사무용품 테이프와 완벽하게 작동합니다. 두께가 3mm 이하인 테이프를 절단하는 데 더 적합합니다. 코어 직경: 3"" (76mm) 테이프 너비: 1""(25.4mm); 2""(50mm)","['테이프', '디스펜서', '롤', '직경', '코어', '블레이드', '외부', '보장', '지지', '안전']"
사무용품,테이프,사무용 테이프 디스펜서,,B0CBTQR2KH,"스타일리시하고 날카로운 데스크탑 테이프 디스펜서 책상용 귀여운 사무실 테이프 디스펜서 - 미끄럼 방지 베이스, 마카롱 핑크",generic,9265,9265,4.0,48.0,"【날카로운 날】사무실 테이프 디스펜서는 날카로운 날이 있어 테이프를 쉽게 절단할 수 있어 필요한 정확한 양의 테이프를 쉽게 분배할 수 있습니다. 【매력적인 디자인】당사의 테이프 디스펜서는 세련되고 눈길을 끄는 디자인으로 모든 사무실 디자인을 보완합니다. 【다용도】최대 1.9cm(3/4인치) 너비의 사무실 테이프와 함께 사용하기에 적합한 테이프 디스펜서는 선물 포장, 스크랩북 및 기타 DIY 프로젝트를 포함한 다양한 작업에 사용할 수 있습니다. 【휴대성】가볍고 컴팩트한 테이프 디스펜서는 어디를 가든 쉽게 휴대할 수 있어 사무실이나 이동 중에도 사용하기에 적합합니다. 【쉬운 사용】당사의 사무실 테이프 디스펜서는 믿을 수 없을 정도로 사용하기 쉽습니다. 주변에 표준 크기의 테이프가 있으면 바로 사용할 수 있습니다.",세련되고 날카로운 책상용 사무실 테이프 디스펜서로 사무실에 필요한 완벽한 솔루션을 손에 넣으세요. 최대 18mm 너비의 테이프를 수용할 수 있도록 설계된 디스펜서에는 바로 사용할 수 있는 테이프 롤이 함께 제공됩니다.,"['테이프', '디스펜서', '사무실', '날카롭다', '디자인']"
사무용품,테이프,사무용 테이프 디스펜서,,B08Z7CBR2X,"IHOMECOOKER 데스크탑 테이프 디스펜서 접착 롤 홀더(2.5cm(1인치) 및 7.6cm(3인치) 코어에 적합), 가중 미끄럼 방지 블루",ihomecooker,13836,13836,4.4,2738.0,"데스크탑 테이프 디스펜서 사이즈: 2.5cm(1인치) 코어와 7.6cm(3인치) 코어로 언제든지 큰 테이프와 작은 테이프 사이에서 전환할 수 있습니다. 대부분의 테이프와 내열성 테이프를 절단하는 데 사용할 수 있습니다. 날카로운 날: 원하는 길이의 테이프를 쉽게 떼어낼 수 있습니다. 테이프는 빠르고 깨끗하게 자를 수 있습니다. 미끄럼 방지 패드 및 충분한 무게: 미끄럼 방지 매트와 충분한 무게로 한 손으로 테이프를 자르고 책상 위에 놓을 수 있습니다. 사무실, 슈퍼마켓 및 수공예품에서 사용할 수 있습니다. 이 테이프 디스펜서 사용의 장점: 이 테이프 디스펜서를 사용하면 테이프와 싸우는 것을 효과적으로 방지하고 테이프 컷을 찾지 못하는 당황을 피할 수 있습니다. 주의: 구입하기 전에 가지고 있는 테이프의 내부 직경을 측정할 수 있습니다. (내부 직경 7.7cm(3.05인치)의 고온 테이프를 사용해 볼 수 있습니다. )가게에서 판매되는 테이프 디스펜서는 저희 매장의 모든 테이프와 호환되어 쉽게 사용할 수 있습니다",,"['테이프', '디스펜서', '방지', '미끄럼', '코어', '충분하다', '직경', '데스크탑', '내부']"
사무용품,테이프,사무용 테이프 디스펜서,,B07VSN25YJ,캔디 컬러 테이프 디스펜서 귀여운 롤 테이프 오거나이저 책상 홈 오피스 용품 (하트 2개),Alysontech,9362,9362,3.8,185.0,"소재: 고품질 플라스틱, 아름답고 내구성 있음 하트: 3.3*3.1"" / 8.5*8cm, 도넛 직경: 2.8"" / 7cm, 원하는 곳 어디에나 놓을 수 있습니다 사랑스럽고 귀여운 디자인과 생생한 색상으로 책상을 밝게 하고 작업 공간을 개인화할 수 있습니다 다양한 장식 아이템을 편리하게 테이핑하여 조각을 부착하거나 책상을 장식하는 데 사용할 수 있습니다 접착 테이프를 쉽게 교체할 수 있으며 다양한 사무실 접착 테이프를 분배할 수 있습니다","특징: 패키지: 4피스 도넛 또는 2피스 하트 선택 가능. 테이프를 자르는데 문제가 있으신가요? 한 손으로 나사를 단단히 만지고 다른 손으로 자르나요? 이 멋진 제품은 테이프를 분배하는 동안 멀티 태스킹이 가능합니다. 타이핑이나 글을 쓰는 동안 전화로 통화하는 동안 쉽게 사용할 수 있습니다. 테이프 디스펜서는 가정과 사무실에서 없어서는 안될 필수품이며, 선물 포장부터 일상적인 밀봉에 이르기까지 많은 프로젝트에 일반적인 솔루션을 제공합니다. 팁: 수동 측정으로 인해 1.3-2.5cm(0.5-1인치) 오차가 있을 수 있습니다. 조명과 컴퓨터 모니터에 따라 색상이 사진과 약간 다를 수 있습니다. 질문이 있으시면 저희에게 연락해 주시면 만족을 위해 최선을 다하겠습니다.","['테이프', '하트', '책상', '장식', '접착', '디스펜서', '피스', '분배', '손', '귀엽다']"
사무용품,테이프,사무용 테이프 디스펜서,,B0BFMBN5ZB,"책상용 프리미엄 화이트 테이프 디스펜서 - 매끄럽고 현대적, 미끄럼 방지, 2.5cm(1인치) + 7.6cm(3인치) 코어, 무게 - 사무실용 이상적인 스카치, 보이지 않는 투명 테이프 홀더 - 데스크톱 작업 공간을 쉽게 정리할 수 있습니다",echomerx,19362,19362,4.6,62.0,"매끄럽고 미니멀한 스타일: 화이트는 클래식하고 유행을 타지 않는 색상으로 모든 사무실 공간에 세련미를 더할 수 있습니다. 흰색 테이프 디스펜서는 책상의 외관을 향상시키고 작업 공간에 전문적이고 미니멀한 느낌을 더하는 데 도움이 됩니다 다른 사무용품과 쉽게 어울립니다: 흰색은 비즈니스를 위한 뉴트럴 색상이며 모든 사무실 장식과 조화를 이루며 가정 또는 상업용 직장에서 다용도로 사용할 수 있습니다. 테이프 디스펜서 흰색 책상은 흰색 종이 클립이나 바인더 클립과 같은 다른 사무용품과 쉽게 어울려 책상에 응집력 있는 외관을 만듭니다 내구성: 튼튼한 ABS 플라스틱 소재로 제작된 이 흰색 테이프 디스펜서 책상은 일상적인 사무실 마모를 견딜 수 있지만 다른 사무실 브랜드보다 오래 지속됩니다. 봉투를 밀봉하거나 포스터를 걸거나 문서를 부착할 때 이 흰색 사무실 테이프 책상 디스펜서로 사용할 수 있습니다 사용 편의성: 높이 7.6cm(3인치)이며 검은색 3M 스카치 테이프 디스펜서 책상과 동일한 설치 공간을 차지합니다. 흰색 책상 테이프 디스펜서는 더 높은 블레이드-접지 거리와 충분한 손가락 공간 덕분에 테이프 스트립을 쉽게 찢고 분배할 수 있어 쉽게 찢을 수 있습니다. 미끄럼 방지 펠트 안감 바닥은 손가락이 당기는 동안 디스펜서가 제자리에 고정되도록 합니다 고품질 블레이드: 크롬 및 스테인리스 스틸 블레이드는 날카로운 톱니로 설계되어 투명 테이프, 보이지 않는 테이프, 마스킹 테이프 및 와시 테이프를 빠르고 선명하게 찢을 수 있습니다. 커다란 곡선형 윤곽 디자인은 찢어진 테이프에 충분한 접착력을 제공하여 릴로 되돌아가지 않습니다","세련되고 세련된 화이트 오피스 테이프 디스펜서를 소개합니다. 현대적인 작업 공간에 완벽한 추가 아이템입니다. 미니멀한 디자인과 선명한 화이트 매트 마감으로 이 디스펜서는 어떤 사무실 장식과도 완벽하게 어울립니다. 디스펜서는 2.5cm(1인치) 및 7.6cm(3인치) 코어가 있어 필요에 따라 다양한 롤 크기로 쉽게 전환할 수 있습니다./디스펜서는 내구성이 뛰어난 플라스틱으로 만들어져 사무실 생활의 일상적인 마모와 찢어짐을 견딜 수 있습니다. 내장된 블레이드는 날카롭고 정확하여 매번 완벽한 길이의 테이프를 쉽게 자를 수 있습니다. 무게가 0.5kg(1파운드)에 불과한 이 디스펜서는 유명 브랜드와 비교할 때 동등하지만 충분히 튼튼하고 책상 주위를 쉽게 이동할 수 있습니다./미니멀한 사무실 룩을 연출하기 위해 -/사양 -/봉투를 밀봉하거나, 포스터를 걸거나, 문서를 부착할 때 이 화이트 오피스 테이프 디스펜서가 여러분을 보호해 드립니다. 그렇다면 왜 기다려야 할까요? 이 세련되고 기능적인 디스펜서를 오늘 사무실에 추가하세요!","['테이프', '디스펜서', '사무실', '책상', '흰색', '공간', '화이트', '블레이드', '미니', '멀다']"
사무용품,테이프,사무용 테이프 디스펜서,,B0BLRL8WLT,FTC 재미있는 카세트 테이프 디스펜서 - 레트로 사무용품 홀더 - 빈티지 책상 장식 액세서리 - 17 x 5 x 11.5cm(6.75 x 1.97 x 4.5인치) (레트로 믹스 테이프),FTC,30456,30456,4.4,82.0,"워크스테이션을 흔들어보세요: 이중 목적 테이프 디스펜서인 FTC 믹스 테이프로 지루한 칸막이 또는 홈 오피스를 펌핑하세요. 이 오버사이즈 레트로 카세트 모양의 테이프 디스펜서는 어떤 공간에도 향수를 불러일으키는 빈티지 분위기를 더합니다. 격렬한 공간 절약: 과거에 급진적이고 지저분한 작업 공간을 남겨주세요. 당사의 독특한 디자인은 모든 사무용품을 하나의 컴팩트한 공간에 보관하여 재미있고 생산적이며 깔끔한 작업 공간을 만듭니다. 흔들리는 디자인: 이 전시용 책상 정리함은 펜, 연필 및 큰 물건을 위한 2개의 칸과 작은 물건을 위한 얕은 칸이 특징입니다. 넓은 베이스는 rad 용품을 똑바로 세워 유지합니다. 록 스타와 같은 테이프: 이 올드 스쿨 리필 가능 디스펜서는 스틸 블레이드로 테이프를 자르고 표준 및 양면 테이프를 쉽게 다룰 수 있습니다. 테이프 코어를 바닥에 삽입하기만 하면 됩니다. 당사는 작지만 강력한 미국 기반 여성 소유 회사로, 더 열심히 일하는 것이 아니라 더 스마트하게 일할 수 있도록 돕기 위해 노력합니다. 부담을 완화하고 쉽게 번성하는 데 필요한 도구를 제공하기 위해 최선을 다하고 있습니다!",,"['테이프', '공간', '디스펜서', '레트로', '디자인', '작업', '믹스', '사무', '빈티', '재미있다']"
사무용품,테이프,사무용 테이프 디스펜서,,B0CMXZCHLL,"1InTheOffice 테이프 디스펜서 책상, 무게감 있는 미끄럼 방지 베이스, 2.5cm(1인치) 코어, 블랙, 3팩",1InTheOffice,20207,20207,4.1,13.0,"이 사무실 데스크탑 테이프 디스펜서 3팩은 모든 사무실에 필수적인 도구입니다. 2.5cm(1인치) 코어 디스펜서는 미끄럼 방지 베이스가 있어 미끄러지거나 미끄러지는 것을 방지합니다. 각 디스펜서는 내구성이 뛰어난 플라스틱으로 만들어져 오래 사용할 수 있으며, 블랙 색상은 세련미를 더합니다. 이 블랙 테이프 디스펜서는 디스펜싱 테이프를 빠르고 쉽게 만들 수 있도록 설계되었으며, 한 손으로 조작하여 효율적으로 사용할 수 있습니다. 테이프 디스펜서는 모든 표준 2.5cm(1인치) 코어 테이프 롤과 호환되므로 다재다능하고 비용 효율적인 사무실 솔루션입니다.","1InTheOffice 테이프 디스펜서 책상, 무게감 있는 미끄럼 방지 베이스, 2.5cm(1인치) 코어, 블랙, 3팩/모든 직장에는 이 1InTheOffice 테이프 디스펜서 책상이 필요합니다. 미끄럼 방지 베이스와 2.5cm(1인치) 코어가 있어 모든 테이프 롤을 보관하기에 이상적인 액세서리입니다. 어두운 색조로 모든 사무실 디자인을 보완합니다. 이 3팩의 테이프 디스펜서를 구입하면 절대 다 떨어지지 않습니다. 1InTheOffice의 테이프 디스펜서 데스크의 도움으로 사무실을 생산적이고 체계적으로 유지하세요./간편한 사용/이 테이프 디스펜서는 한 손으로 쉽게 사용할 수 있도록 설계되었습니다. 잡기 쉬운 손잡이가 있어 테이프를 쉽게 떼어낼 수 있습니다./내구성/이 테이프 디스펜서는 내구성이 뛰어나고 오래 지속되는 고품질 소재로 제작되었습니다. 미끄럼 방지 베이스가 있어 사용할 때 책상에서 미끄러지는 것을 방지합니다./공간 절약/이 테이프 디스펜서는 작고 컴팩트하게 설계되어 너무 많은 공간을 차지하지 않고 책상에 쉽게 장착할 수 있습니다./다용도./이 테이프 디스펜서는 2.5cm(1인치) 코어를 포함한 다양한 테이프 크기에 맞게 설계되었습니다. 포장, 밀봉 및 라벨링에 사용할 수 있어 다용도 사무실 도구입니다./매력적인 디자인/이 테이프 디스펜서는 우아하면서도 현대적인 디자인으로 책상에서 멋지게 보입니다. 블랙 색상은 작업 공간에 클래식한 느낌을 더합니다.","['테이프', '디스펜서', '방지', '책상', '코어', '사무실', '미끄럼', '베이스', '블랙', '디자인']"
사무용품,테이프,사무용 테이프 디스펜서,,B0006HW2QM,"Kantek 아크릴 테이프 디스펜서, 4.6cm(1.8인치) 너비 x 14.2cm(5.6인치) 깊이 x 7.4cm(2.9인치) 높이, 투명 (AD60)",Kantek,29708,20539,4.7,2474.0,미끄럼 방지 달이 있어 한 손으로 서류를 쉽게 꺼낼 수 있습니다. 내구성을 위해 무거운 캐스트 아크릴로 제작되었습니다. 평범한 테이프 롤을 담을 수 있습니다.,Kantek 아크릴 테이프 디스펜서 - 총 1개의 테이프 롤 보관 - 리필 가능 - 투명,"['테이프', '아크릴', '롤', '디스펜서', '투명', '평범하다', '미끄럼', '깊이', '리필', '무겁다']"
사무용품,테이프,사무용 테이프 디스펜서,,B0C611F4YH,"동물 미니 테이프 디스펜서 핫도그 스타일, 물건을 함께 붙이는 가장 맛있는 방법, 홈 오피스용 미니 동물 문구류, 귀엽고 재미있는 책상 용품 어린이 성인용 선물 (WSG12565)",YOBRO,23531,23531,4.4,77.0,밸류 팩: 사무실의 편의를 위해 3/4 와이드 케첩 테이프 롤 3개가 포함된 핫도그 테이프 디스펜서 1개가 포함되어 있습니다. 당사의 테이프 디스펜서는 적합합니다 참신하고 맛있는 책상 액세서리를 찾고 계신다면 이 핫도그 테이프 디스펜서보다 더 이상 찾으실 필요가 없습니다. 맛있는 핫도그를 닮은 미니 동물 디자인이 특징입니다. 1.9cm(3/4인치) 너비의 테이프에 맞고 부드럽게 분배할 수 있습니다. 문구류와 간식을 즐기는 어린이와 성인에게 완벽한 선물입니다. 미니 디자인: 사이즈-15.2x4.1x7.9cm. 이 테이프 디스펜서는 일상적인 요구 사항을 충족할 뿐만 아니라 책상에 재미를 더합니다. 밝은 색상과 재미있는 디자인으로 집이나 사무실에 두든 사람들을 웃게 만들 수 있습니다. 이 테이프 디스펜서는 일상적인 요구 사항을 충족할 뿐만 아니라 책상에 재미를 더합니다. 밝은 색상과 재미있는 디자인으로 집이나 사무실에 두든 사람들을 웃게 만들 수 있습니다. 핫도그와 동물을 좋아하는 친구나 아이들에게 훌륭한 선물입니다. 핫도그 모양의 테이프 디스펜서를 갖고 싶다면 주저하지 말고 지금 주문하세요. 이 귀여운 강아지가 매일 함께하게 하세요! 따뜻한 팁: 이 테이프 디스펜서를 사용할 때는 핫도그를 누르고 잡고 중간이 아닌 한쪽에서 다른 쪽으로 테이프를 찢으십시오.,,"['테이프', '디스펜서', '핫도그', '책상', '동물', '미니', '디자인', '재미있다', '맛있다', '선물']"
사무용품,테이프,사무용 테이프 디스펜서,,B0D4GCL8BC,"고슴도치 테이프 디스펜서, 사무실 책상 액세서리, 12.7 x 7.6 x 9.5cm(5 x 3 x 3.75인치)",Needzo,27533,27533,4.5,2.0,사랑스러운 디자인: 이 고슴도치 테이프 디스펜서는 귀엽고 디테일한 디자인으로 책상에 기발한 느낌을 더하여 기능적이고 장식적입니다. 내구성 있는 구조: 고품질 수지로 제작된 이 테이프 디스펜서는 견고하고 오래 사용할 수 있도록 제작되어 장기간 사용할 수 있습니다. 컴팩트한 사이즈: 12.7 x 7.6 x 9.5cm(5 x 3 x 3.75인치)로 모든 책상에 완벽한 크기로 공간을 많이 차지하지 않으면서 편리함을 제공합니다. 간편한 테이프 교체: 테이프 홀더는 쉽게 교체할 수 있도록 설계되어 테이프를 빠르고 쉽게 교체할 수 있습니다. 완벽한 선물: 동물 애호가와 사무실 근로자 모두에게 이상적인 이 독특한 테이프 디스펜서는 어떤 경우에도 훌륭한 선물입니다.,,"['테이프', '디스펜서', '책상', '디자인', '고슴도치', '제작', '완벽하다', '사무실', '선물']"
사무용품,테이프,사무용 테이프 디스펜서,,B09HL433GT,Streamline Imagined T-Rex 테이프 디스펜서,Streamline Imagined,27353,27353,4.7,318.0,소재: 레진 포장: 컬러 박스 사이즈: 길이 16.3cm x 너비 6.7cm x 높이 8.9cm,,"['포장', '테이프', '컬러', '디스펜서', '박스', '레진']"
사무용품,테이프,사무용 테이프 디스펜서,,B082LX4D8H,"Scotch 웨이브 테이프 디스펜서, 선물 포장에 적합, 86.4cm x 889cm(34인치 x 350인치) 테이프 롤 포함(C20-WAVE-MI)",Scotch,23822,23822,4.7,649.0,"매끄럽고 현대적인 디자인 깨끗하고 단순하지만 전문적입니다 한 손으로 쉽게 분배할 수 있는 무게 리필이 쉽습니다 미끄럼 방지 베이스는 2.5cm(1인치) 크기입니다. 코어 테이프, 최대 1.9cm(3/4인치). 너비 1500인치 롱 용융 잉크 (네이비) 디스펜서 중국에서 3M용 5.4cm(2.1인치). 너비 x 7cm(2.75인치). 높이 x 13.3cm(5.25인치). L",책상을 스타일리시하게 꾸며보세요! 매끄럽고 현대적인 Scotch 데스크탑 웨이브 디스펜서는 오늘날의 현대적인 홈 데코와 잘 어울립니다. 디스펜서는 테이프를 쉽게 분배할 수 있도록 무게가 있으며 최대 3.8cm(1.5인치) 길이의 롤을 처리할 수 있습니다. 좋아하는 Scotch 테이프로 쉽게 리필할 수 있습니다.,"['테이프', '디스펜서', '현대', '롤', '매끄럽다', '웨이브', '분배', '리필', '방지', '미끄럼']"
사무용품,테이프,사무용 테이프 디스펜서,,B07YNHMM7R,"Scotch 데스크탑 테이프 디스펜서, 선물 포장에 적합, 디스펜서 1개 (C19-CLIP-CCW), 블랙",Scotch,11758,9750,4.6,2492.0,"최대 3.2cm(1.25인치) 두께의 표면에 고정 360도 수평 회전 180도 수직 회전 테이블, 책상, 모니터 스탠드, 칸막이 벽 등에 클립으로 고정할 수 있습니다 클립으로 한 손으로 분배할 수 있습니다 사용하기 쉬운 클립으로 이동 중에도 휴대할 수 있습니다 Scotch 매직 테이프 1.9cm x 889cm(3/4인치 x 350인치) 롤 1개 포함","Scotch 클립 앤 트위스트 디스펜서는 이동 중에도 휴대할 수 있어 다른 테이프 디스펜서와 다릅니다. 이중 회전 엔지니어링으로 거의 모든 각도에서 한 손으로 테이핑을 할 수 있습니다. 필요한 곳 어디에나 클립으로 고정한 다음 수평 표면의 경우 360도 비틀거나 최대 3.2cm(1 1/4인치) 두께의 수직 표면에 클립하면 수직으로 180도 비틀기만 하면 됩니다. 테이블, 책상, 모니터 스탠드 또는 칸막이 벽 등 손목을 비틀기만 하면 포장, 수리, 창작 등을 준비할 수 있습니다. Scotch 브랜드 1.9cm(3/4인치) 테이프로 리필할 수 있는 Scotch 클립 & 트위스트 디스펜서는 공간을 절약하는 테이프 디스펜싱 솔루션으로 현재 프로젝트에 집중할 수 있습니다. 책상이나 이동 중에도 클립으로 고정하기만 하면 됩니다. 트위스트. 테이프!","['클립', '테이프', '디스펜서', '고정', '이동', '표면', '트위스트', '수직', '책상', '회전']"
사무용품,테이프,사무용 테이프 디스펜서,,B00QRBCIAQ,"EasyPAG 데스크 테이프 디스펜서 2.5cm 이내 테이프 용도, 레드",EasyPAG,12451,12451,4.7,343.0,1.27cm 너비의 표준 테이프를 디스펜싱하여 부착된 테이프 허브는 분실할 수 없습니다. EasyPag 책상 테이프 디스펜서는 교체용 커터를 추가하여 오래된 커터가 테이프를 자르고 재사용할 수 있습니다. 테이프 디스펜서를 2번째 수명으로 갱신하여 두 번째 사용 기회를 제공합니다. 100% 공업 후 재활용 플라스틱으로 제작 매끄럽고 컴팩트한 디자인으로 책상 공간을 적게 차지합니다. 디스펜서의 치수는 6 x 2-1/2 x 2-1/4-입니다.,테이프 디스펜서는 롤을 잡고 테이프 끝을 액세스할 수 있도록 유지하고 테이프를 자를 수 있는 방법을 제공합니다. 디스펜서는 중앙 스풀 또는 코어가 있으며 테이프를 절단하기 위한 한쪽 끝에 메커니즘을 포함합니다. 탭을 교환하고 디스펜서를 여러 번 재사용할 수 있습니다. EasyPag 책상 테이프 디스펜서는 교체 커터를 추가하여 오래된 커터가 테이프를 자르는데 둔해졌을 때 재사용할 수 있습니다.,"['테이프', '디스펜서', '커터', '재사용', '책상', '오래되다', '추가']"
사무용품,테이프,사무용 테이프 디스펜서,,B09YLQH919,"Whimsical Black Bear 테이프 디스펜서 - 테이블 / 책상 / 사무실 / 선물 포장 - 롯지, 캐빈 데코",Deleon Collections,28378,28378,3.9,40.0,WHIMSICAL 블랙 베어 테이프 디스펜서. 놀라운 사실적인 디테일의 내구성 있는 폴리 레진 소재 치수 길이 15.2cm(6인치) x 너비 8.9cm(3 1/2인치) x 높이 7.6cm(3인치) 곰 애호가를 위한 완벽한 선물 표준 테이프 롤을 고정합니다,Deleon Collection의 귀엽고 기능적인 블랙 베어 테이프 디스펜서로 좋아하는 책상이나 테이블 상단을 장식하세요. 단단하고 내구성이 뛰어난 폴리 레진 소재로 제작되어 놀랍도록 사실적인 디테일이 있습니다. 치수는 길이 15.2cm(6인치) x 높이 7.6cm(3인치) x 너비 8.9cm(3 1/2인치)입니다. 표준 테이프 롤을 담을 수 있습니다,"['테이프', '디스펜서', '표준', '구성', '레진', '롤', '블랙', '폴리', '선물', '사실']"
사무용품,테이프,사무용 테이프 디스펜서,,B0B2RL481G,JIKIOU 데스크탑 테이프 디스펜서 - 미끄럼 방지 베이스 - 가중 테이프 롤 디스펜서 - 사무실 홈 스쿨에 적합 (테이프 미포함) - (3팩 블랙),JIKIOU,16606,16606,4.4,47.0,"블랙 테이프 디스펜서 3팩 포함 디스펜서를 제자리에 유지하기 위한 무게감 있는 코어 및 미끄럼 방지 고무 베이스 일회용 디스펜서보다 낭비가 적고 저렴합니다 테이프 크기 1.3cm(1/2인치) 및 너비 1.9cm(3/4인치), 최대 3800cm(1500인치) 길이까지 사용할 수 있습니다 가정 및 사무실 모두에 적합합니다",,"['디스펜서', '테이프', '사무실', '베이스', '미끄럼', '방지', '블랙', '가중', '고무', '낭비']"
사무용품,테이프,사무용 테이프 디스펜서,,B0C9MZ8PJ8,"Kate Spade New York 귀여운 테이프 디스펜서, 투명 테이프 데스크 디스펜서, 장식용 책상 액세서리, 그림 도트",Kate Spade New York,34555,34555,4.2,10.0,"테이프 홀더는 부드럽고 내구성이 뛰어난 인조 가죽 소재로 포장되어 일상적인 사용을 견딜 수 있습니다 테이프 디스펜서는 투명 테이프 1롤을 담을 수 있으며 필요할 때 쉽게 리필할 수 있습니다 책상 액세서리는 한쪽 끝에 금속 릿지가 있어 찢어지는 모든 테이프를 깔끔하게 자를 수 있습니다 치수는 12.1 x 3.8 x 6.4cm(4.75 x 1.5 x 2.5인치)이며 평평한 베이스가 있어 똑바로 세워지고 테이프를 제거할 때 넘어지는 것을 방지합니다 Kate Spade의 Picture Dot 컬렉션의 어울리는 피스(레터 트레이, 연필 컵, 책상 캐디 등)로 책상 액세서리 세트를 완성하여 책상에 좀 더 개성을 부여하고 스타일리시하게 작업을 완료할 수 있습니다",,"['테이프', '책상', '디스펜서', '액세서리', '투명']"
사무용품,테이프,사무용 테이프 디스펜서,,B011OR2028,Acrimet 프리미엄 데스크탑 테이프 디스펜서 미끄럼 방지 베이스 (튼튼함) (핑크 색상),Acrimet,23545,20636,4.7,2355.0,"현대적이고 세련된 공간 절약형 디자인으로 사무실 책상이나 가정용으로 필수적입니다. 견고한 미끄럼 방지 베이스와 표면에 강한 그립감을 제공하도록 무게감이 있습니다. 상자 닫기, 선물 포장, 메모 붙여넣기, 문서 밀봉, 와시 테이프로 장식 등을 쉽게 할 수 있습니다. 한 손으로 작동. 측면 홈 (슬랙 없음). 완벽한 테이프 피팅. 표준 테이프와 호환됩니다. 특수 스테인리스 스틸 블레이드는 오래 사용할 수 있도록 제작되어 균일한 절단을 제공합니다. 2.5cm(1인치) 플라스틱 코어가 함께 제공됩니다. 전체 치수: 길이 15.2cm / 너비 7.6cm / 높이 7.6cm (*테이프 미포함)",,"['테이프', '방지', '베이스', '미끄럼', '홈', '손', '세련되다', '선물', '상자', '사무실']"
사무용품,테이프,사무용 테이프 디스펜서,,B0CVR2ZTR1,"유니콘 Sitting on a Toilet 테이프 디스펜서, 독특한 책상 액세서리, 재미있는 사무용품, 13.7cm(5.25인치)",Wowser,24763,24763,4.5,2.0,"테이프 디스펜서는 변기에 앉아 있는 다채로운 유니콘이 특징이며, 발 사이에 테이프 커터로 롤러 홀더를 고정합니다. 테이프는 포함되지 않습니다 재료: 수지, 플라스틱, 금속 사이즈: 길이 10.2cm x 너비 4.4cm x 높이 13.2cm (4.25 x 1.75 x 5 이 독특한 디스펜서를 책상, 테이블, 카운터 또는 선물 포장 스테이션에 쉽게 놓을 수 있는 독립형 제품입니다 모든 사무실이나 작업 공간을 보완하는 재미있는 악센트이며 기능적인 공급 장치이기도 합니다",,"['테이프', '디스펜서', '독특하다', '유니콘', '재미있다', '책상', '독립', '금속', '선물', '공급']"
사무용품,테이프,사무용 테이프 디스펜서,,B07BGXV49S,"아크릴 골드 테이프 디스펜서, 투명 아크릴 책상 디스펜서 키트, 현대적인 디자인 사무실 데스크탑 테이프 디스펜서",Geila,15207,15207,4.6,587.0,"★ 소재: 아크릴; 컬러, 골드; 사이즈, 12x3.5x6.5cm/4.7 x 1.4 x 2.6인치 ★ 매끄럽고 세련된 투명 아크릴 골드 테이프 디스펜서. 한 손 디스펜싱 ★ 표준 2.5cm(1인치) 테이프 롤(직경)에 맞습니다 ★ 작고 날카롭고 절단하기 쉬운 테이프 ★ 책상에 생명과 스타일을 더하세요! 아크릴 테이프 디스펜서 - 우아하고 클래식한 디자인, 현대적인 사무용품. 동료, 친구, 자신 또는 특별한 누군가를 위한 선물, 아크릴 테이프 디스펜서로 집이나 사무실에 재미와 화려함을 더하세요.",,"['테이프', '디스펜서', '아크릴', '골드', '디자인', '책상', '현대', '사무실', '투명', '더하다']"
사무용품,테이프,사무용 테이프 디스펜서,,B09Z4BT3B1,Streamline Imagined 블랙 T-Rex 테이프 디스펜서,Streamline Imagined,27353,27353,4.8,91.0,"티렉스에서 테이프를 당기면 현실적인 블랙 티렉스 테이프 디스펜서! 성인, 어린이, 가정, 학교 및 사무실을 위한 대화 시작 또는 완벽한 선물. 미끄럼 방지 무게의 한 손 디스펜싱",이 독특한 블랙 T-Rex 테이프 디스펜서로 개성을 표현하세요. 이 사실적인 공룡은 재미있고 기능적입니다. 책상에 약간의 감각을 더하고 모든 사무실 공간을 멋지게 꾸밀 수 있는 완벽한 방법입니다! 블랙 티렉스 테이프 디스펜서는 용품을 스타일리시하게 정리하면서 큰 인상을 남길 수 있는 쉬운 방법입니다. 이 선사 시대 상품은 작업 공간에 생명과 에너지를 가져다주는 동시에 테이핑 요구 사항에 편리함을 제공합니다. 자신을 위해 하나를 구입하거나 공룡을 사랑하는 친구를 놀라게 하세요. 아이들은 이 재미있고 재미있는 선물을 좋아할 것입니다!,"['테이프', '디스펜서', '블랙', '재미있다', '티렉스', '사무실', '공간', '공룡', '선물', '완벽하다']"
사무용품,테이프,사무용 테이프 디스펜서,,B0876VMC7X,"귀여운 레드 책상 테이프 디스펜서, 12롤 투명 테이프 1팩, 2.5cm(1인치) 코어, 학교, 사무실 및 가정 DIY용, BOMEI PACK",BOMEI PACK,17977,17977,4.3,529.0,"미니 사이즈: 소형 책상 투명 테이프 디스펜서는 책상 공간을 절약하고 휴대와 사용이 쉽습니다. 밸류 팩: 총 1팩 데스크탑 테이프 디스펜서와 12롤 투명 테이프 리필 롤. 장점: 디스펜서는 재활용 ABS 플라스틱으로 만들어져 경제적이고 신뢰할 수 있으며 클래식합니다 용도: 사무용 테이프 디스펜서는 책상이나 매끄러운 표면에 부착되며 사용 시 테이프 디스펜서가 미끄러지는 것을 방지합니다. 사이즈: 투명 테이프 홀더 사이즈는 길이 12cm(4.75인치), 너비 6.5cm(2.5인치), 높이 5.5cm(2.1인치), 코어는 2.5cm(1인치)입니다. 투명 테이프 사이즈는 너비 18mm(0.75인치), 길이 1000인치/25.4m입니다.",,"['테이프', '디스펜서', '투명', '책상', '롤', '코어']"
사무용품,테이프,사무용 테이프 디스펜서,,B0B1Q8HSB1,"BOMEI PACK 데스크탑 테이프 디스펜서 (2.5cm(1인치) 및 7.6cm(3인치) 코어에 맞음), 투명 테이프 리필, 블랙 테이프 홀더가 있는 투명 테이프, 무게감 있는 미끄럼 방지 베이스, 마스킹 테이프용, 내열성 테이프",BOMEI PACK,23378,23378,4.1,58.0,"데스크탑 테이프 디스펜서 사이즈: 2.5cm(1인치) 코어와 7.6cm(3인치) 코어로 언제든지 큰 테이프와 작은 테이프 사이에서 전환할 수 있습니다. 대부분의 테이프와 내열성 테이프를 절단하는 데 사용할 수 있습니다. 투명 테이프 포함: 7.6cm(3인치) 코어 투명 테이프 리필 롤 10개가 포함되어 있어 비용 효율적입니다 튼튼한 베이스: 0.7kg(1.5파운드) 무게의 테이프 디스펜서와 전체 미끄럼 방지 패드는 표면을 강하게 잡을 수 있을 만큼 단단하여 다양한 각도에서 데스크톱에서 테이프를 안전하고 쉽게 자를 수 있습니다 고품질 블레이드: 데스크탑 테이프 디스펜서는 필요한 길이의 테이프를 쉽고 빠르게 절단할 수 있는 고품질 블레이드가 있습니다. 오래 지속되며 테이프를 즉시 깔끔하게 잘라냅니다 다양한 용도: 사무실 테이프 디스펜서는 내열성 테이프, 양면 테이프, 승화 테이프, 스카치 테이프 등과 같은 다양한 테이프에 적합합니다. 테이프 리필은 사무실, 가정, 교실, 선물 포장, DIY 공예에 적합합니다",,"['테이프', '디스펜서', '투명', '코어', '내열성', '데스크탑', '리필']"
사무용품,테이프,사무용 테이프 디스펜서,,B0813XC7X4,"Mr. Pen - 테이프 디스펜서, 2개 팩, 테이프 디스펜서 책상, 사무용품, 책상 용품, 테이프 홀더, 테이프 디스펜서, 블랙 테이프 디스펜서, 데스크탑 테이프 디스펜서, 테이프 데스크 디스펜서, 오거나이저",Mr. Pen,16412,16412,4.5,561.0,"미끄럼 방지 베이스가 있는 가중 사무실 테이프 디스펜서 2개 세트(테이프 미포함) 고품질의 날카로운 스틸 커팅 블레이드 한 손으로 쉽게 분배할 수 있도록 설계되었습니다 모든 표준 크기의 투명 테이프, 사무실 테이프에 맞습니다 최대 1500인치의 테이프를 담을 수 있습니다",,"['테이프', '디스펜서', '책상', '사무실']"
사무용품,테이프,사무용 테이프 디스펜서,,B074H93L4G,Acrimet 프리미엄 데스크탑 테이프 디스펜서 미끄럼 방지 베이스 (튼튼함) (퍼플 색상),Acrimet,20636,20636,4.7,1399.0,"현대적이고 세련된 공간 절약형 디자인으로 사무실 책상이나 가정용으로 필수적입니다. 견고한 미끄럼 방지 베이스와 표면에 강한 그립감을 제공하도록 무게감이 있습니다. 상자 닫기, 선물 포장, 메모 붙여넣기, 문서 밀봉, 와시 테이프로 장식 등을 쉽게 할 수 있습니다. 한 손으로 작동. 측면 홈 (슬랙 없음). 완벽한 테이프 피팅. 표준 테이프와 호환됩니다. 특수 스테인리스 스틸 블레이드는 오래 사용할 수 있도록 제작되어 균일한 절단을 제공합니다. 2.5cm(1인치) 플라스틱 코어가 함께 제공됩니다. 전체 치수: 길이 15.2cm / 너비 7.6cm / 높이 7.6cm (*테이프 미포함)",,"['테이프', '방지', '베이스', '미끄럼', '홈', '손', '세련되다', '선물', '상자', '사무실']"
사무용품,테이프,사무용 테이프 디스펜서,,B0BXLLP31K,"데스크탑 테이프 디스펜서, 사무용품 테이프 홀더, 매직 테이프 디스펜서, 내열성 테이프 디스펜서, 아름다운 로즈 골드 색상.",RUIBAOCHEN,10235,10235,4.1,4.0,"【견고한 소재】데스크탑 테이프 디스펜서는 내구성이 뛰어난 금속 철로 세심하게 제작되었으며 녹에 강한 아름다운 외관을 가지고 있습니다. 튼튼한 소재로 장시간 사용해도 견딜 수 있습니다. 【현대적인 디자인】독특하고 심플한 이 테이프 디스펜서 컷아웃 아이언 디자인은 책상에 스타일과 우아함을 더합니다. 로즈 골드 톤으로 책상에 현대적인 느낌을 더하는 이상적인 액세서리입니다. 【쉬운 사용】구멍 직경이 26mm 이상인 테이프에 적합합니다. 날카로운 톱니 모양의 날로 테이프를 쉽게 찢을 수 있습니다. 한 손으로 분배할 수 있는 충분한 무게를 가지고 있어 작업을 효율적으로 들어 올리는 데 도움이 됩니다. 【휴대】테이프 홀더는 12 x 3.5 x 8cm(4.75 x 1.37 x 3.15인치)이며 공간을 차지하지 않을 정도로 컴팩트합니다. 디스펜서는 작업 공간에 수평으로 놓을 수 있어 항상 쉽게 사용할 수 있습니다. 【완벽한 선물】당사의 테이프 디스펜서는 아름다움과 기능을 결합하여 사무실/학교/가정 행사, 스크랩북, 카드 제작, DIY 공예 아트 프로젝트 등에 적합합니다. 자신, 친구, 동료 또는 인생의 특별한 사람을 위한 완벽한 선물입니다.","당사의 데스크탑 테이프 디스펜서는 내구성이 뛰어난 금속 철로 세심하게 제작되었으며 녹에 강한 아름다운 외관을 가지고 있습니다. 튼튼한 소재는 장시간 사용할 수 있습니다. 당사의 테이프 디스펜서는 아름다움과 기능을 결합하여 사무실/학교/가정 행사, 스크랩북, 카드 제작, DIY 공예 예술 프로젝트 등에 적합합니다. 날카로운 톱니 모양의 날로 테이프를 쉽게 찢을 수 있습니다. 한 손으로 분배할 수 있는 충분한 무게를 가지고 있어 작업을 효율적으로 들어 올리는 데 도움이 됩니다. 테이프 홀더는 12 x 3.5 x 8cm(4.75 x 1.37 x 3.15인치)이며 공간을 차지하지 않을 정도로 컴팩트합니다. 구멍 직경이 1.02인치/26mm 이상인 테이프에 적합합니다. 이 테이프 디스펜서 컷아웃 아이언 디자인은 책상에 스타일과 우아함을 더합니다. 로즈 골드 톤으로 책상에 현대적인 느낌을 더하는 이상적인 액세서리입니다.","['테이프', '디스펜서', '아름답다', '제작', '책상', '더하다', '공간', '현대', '작업', '디자인']"
사무용품,테이프,사무용 테이프 디스펜서,,B01LYWPFEK,"Scotch Facet Design 한 손 디스펜서, 1.9cm(3/4인치) x 350 테이프 롤, 2.5cm(1인치) 코어, 구리(C17-CP)",Scotch,18254,18254,4.7,1364.0,"세련되고 엣지있는 디자인 프리미엄 느낌을 위한 부드러운 터치 탑 한 손으로 쉽게 분배할 수 있는 무게 리필이 쉽습니다 미끄럼 방지 베이스 13 2.5cm(1인치) 코어 테이프, 최대 1.9cm(3/4인치). 너비 1500인치 롱 메탈릭 구리 디스펜서 6.9cm(2.7인치). x 6.9cm(2.7인치). x 6.4인치",이 새로운 엣지있는 Scotch 데스크탑 디스펜서로 집이나 사무실 작업 공간에 스타일과 우아함을 더하세요. 고급스러운 느낌을 위한 부드러운 촉감의 탑이 포함되어 있습니다. 디스펜서는 한 손으로 테이프를 쉽게 분배할 수 있도록 설계되었으며 최대 3.8cm(1.5인치) 길이의 롤을 처리할 수 있습니다! 좋아하는 테이프로 쉽게 리필할 수 있습니다.,"['테이프', '디스펜서', '손', '엣지', '부드럽다', '탑', '코어', '구리', '느낌', '분배']"
사무용품,테이프,사무용 테이프 디스펜서,,B00006IF6Y,3M 테이프 디스펜서 교체용 코어 - 3개입,3M,7479,7479,4.6,1239.0,2.5cm(1인치) 코어 장식 책상 테이프 디스펜서. 추가 코어.,2.5cm(1인치) 코어 데코 책상 테이프 디스펜서. 엑스트라 코어.,"['코어', '테이프', '디스펜서', '책상', '추가', '장식', '엑스트라', '데코', '개입']"
사무용품,테이프,사무용 테이프 디스펜서,,B0CZ5YJ1H7,목재 벽걸이 마스킹 테이프 디스펜서 2.5cm(1인치) 주방 테이프 화가 테이프 디스펜서 냉동고 테이프 마스킹 테이프 홀더 테이프 디스펜서 가정 정리 사무실 레스토랑 19.5 x 11.8 x 4.8cm(7.56 x 4.6 x 1.7인치) (펜,DLUGOPIS,23531,23531,5.0,1.0,"1. 벽걸이 마스킹 테이프 디스펜서: 나무로 만든 마스킹 테이프 디스펜서, 2.5cm(1인치) 흰색 마스킹 테이프 1롤이 포함되어 있습니다. 디스펜서는 테이프와 마커를 모두 담을 수 있어 언제든지 정보를 기록할 수 있습니다. 페인터 테이프 디스펜서는 작업 효율성을 높일 수 있습니다. 참고: 이 제품에는 펜이 포함되어 있지 않습니다. 2. 주방 테이프 디스펜서: 공예 테이프 디스펜서는 고품질 목재 소재로 만들어져 매력적이고 우아하며 신뢰할 수 있고 견고하며 쉽게 깨지지 않습니다. 테이프 스탠드 홀더 크기는 19.2 x 11.7 x 4.3cm(7.5 x 4.6 x 1.7인치)이며 벽, 문에 장착되며 캐비닛 및 식료품 저장실의 눈에 띄지 않아 마스킹 테이프 디스펜서가 무작위로 움직이지 않도록 제품을 안정화할 수 있습니다. 테이프 디스펜서는 장기간 사용할 수 있습니다. 3. 화이트 마스킹 테이프: 흰색 마스킹 테이프는 접착력이 좋으며 다양한 표면에 쉽게 붙일 수 있습니다. 접착제 자국을 남기지 않고 필요에 따라 흰색 마스크 테이프를 조정하거나 교체할 수 있습니다. 콘텐츠를 읽기 어렵게 만드는 컬러 테이프와 달리, 흰색은 보여주고 싶은 것을 더 선명하게 만들 수 있습니다. 4. 쉬운 사용: 2.5cm(1인치) 흰색 마스킹 테이프를 나무 기둥에 넣고 디스펜서 뒷면의 둥근 구멍을 통해 마스킹 테이프 디스펜서와 함께 제공되는 도구를 삽입하고 필요한 곳에 벽 마운트 마스킹 테이프 디스펜서를 설치하면 테이프 롤 홀더를 사용할 수 있습니다. 5. 다양한 용도: 목재 마스킹 테이프 디스펜서는 주방, 레스토랑, 가정, 창고, 사무실 등에서 다양한 상황과 용도로 사용할 수 있습니다. 필요한 길이에 따라 테이프를 쉽게 제거할 수 있습니다. 테이프는 상자, 음식, 조미료 및 음료 병에 부착할 수 있어 날짜를 표시하고 시간 등을 명확하게 알 수 있습니다.",목재 벽걸이 마스킹 마스터 테이프 디스펜서 2.5cm(1인치) 주방 테이프 페인터 테이프 디스펜서 냉동고 테이프 마스킹 테이프 홀더 테이프 디스펜서 가정 정리 사무실 레스토랑 식사 차고용 소재: 나무 색상: 나무. 사이즈: 19.2*11.7*4.3cm 특징: 내구성이 뛰어나고 견고하며 사용하기 쉽습니다. 용도: 홈 오피스 키친,"['테이프', '디스펜서', '마스킹', '흰색', '벽']"
사무용품,테이프,사무용 테이프 디스펜서,,B0CXQ32D7W,24.4 x 14 x 12.7cm(9.6 x 5.5 x 5인치) 목재 마스킹 테이프 디스펜서 공예 테이프 디스펜서 멀티 롤 테이프 디스펜서 테이프 커터 디스펜서 테이프 스탠드 홀더 테이프 롤 홀더 페인팅 주방 사무실 선물용 (마스킹 테이프 없음),DLUGOPIS,40151,40151,,,"1. 마스킹 테이프 디스펜서: 참고: 이 제품에는 마스킹 테이프가 포함되어 있지 않습니다. 컷 도구가 있는 목재로 만든 마스킹 테이프 디스펜서는 멀티 롤 마스킹 테이프를 담을 수 있습니다. 파란색 버튼을 누르고 당기기만 하면 테이프 커터 디스펜서는 테이프를 깔끔하고 즉시 자를 수 있습니다. 멀티 롤 테이프 디스펜서는 8개의 테이프를 담을 수 있어 매일 사용하기에 충분하며 작업 효율성을 높일 수 있습니다. 2. 미끄럼 방지 베이스: 공예 테이프 디스펜서는 고품질 목재 소재로 만들어져 매력적이고 우아하며 신뢰할 수 있으며 견고하며 쉽게 깨지지 않습니다. 베이스에는 미끄럼 방지 실리콘 패드가 있어 제품을 안정화하고 사용 중에 제품이 미끄러지는 것을 방지합니다. 테이프 커터 디스펜서는 시간이 지나도 색이 바래지 않으므로 장기간 사용할 수 있습니다. 3. 아동용 테이프 디스펜서: 테이프 스탠드 홀더 크기는 24.5 x 14 x 12.7cm(9.6 x 5.5 x 5인치)이며 디스펜서의 커팅 스트립은 플라스틱으로 만들어졌으며 컷이 숨겨져 있습니다. 표면은 매끄럽고 손을 다치게 하기 쉽지 않습니다. 테이프가 놓인 스틱과 베이스 사이에 적절한 거리가 있어 사용 중에 테이프가 베이스에 닿지 않아 어린이에게 더 적합합니다. 4. 쉬운 사용: 필요한 마스킹 테이프 수를 넣고 나무 기둥에 마스킹 테이프를 넣고 나무 기둥을 그루브에 놓으면 테이프 롤 홀더는 바로 사용할 수 있으며 작동이 쉽고 절단 효율이 높습니다. 당사의 테이프 스탠드 홀더는 사무실이나 가정에서 많은 공간을 차지하지 않으며 테이프를 놓을 수 있는 충분한 공간을 제공합니다. 어린이 테이프 디스펜서는 아이들의 그림을 그릴 때 좋은 도우미입니다. 5. 다양한 용도: 목재 마스킹 테이프 디스펜서는 가정, 학교, 사무실, 도서관, 주방 등에서 다양한 상황과 용도로 사용할 수 있습니다. 테이프, 라벨 등을 보관할 수 있는 공예 테이프 디스펜서를 사용하여 책상을 깔끔하고 깔끔하게 정리할 수 있습니다. 마스킹 테이프 오거나이저는 데스크탑 장식이 될 수도 있습니다.","24.4 x 14 x 12.7cm(9.6 x 5.5 x 5인치) 목재 마스킹 테이프 디스펜서 공예 테이프 디스펜서 멀티 롤 테이프 디스펜서 테이프 커터 디스펜서 테이프 스탠드 홀더 테이프 롤 홀더 어린이 페인팅 주방 교실 사무실 선물 소재: 나무 색상: 나무. 사이즈: 9.6*5.5*5.0"" 특징: 내구성이 뛰어나고 견고하며 사용하기 쉽습니다. 용도: 홈 스쿨 오피스 주방 선물","['테이프', '디스펜서', '마스킹', '롤', '홀더', '목재']"
사무용품,테이프,사무용 테이프 디스펜서,,B09NTJRXB2,"4팩 데스크탑 테이프 디스펜서 귀여운 4가지 색상 테이프 디스펜서, 선물 포장 테이프 커터, 사무실, 가정, 학교 및 공예용",Generic,12451,12451,4.0,101.0,"☑️【귀여운 디자인】매우 귀여운 테이프 홀더의 빌딩 블록 모양 디자인. 다양한 색상의 테이프 디스펜서 4개가 있으며 가정, 사무실 및 학교에서 사용할 수 있습니다. ☑️【한 손 작동】롤러 디자인으로 테이프를 빠르고 편리하게 다시 장전할 수 있으며 테이프는 쉽게 느슨해지지 않습니다. 테이프를 수평으로 당기고 빠르게 아래로 당겨 블레이드 슬라이드를 사용하여 한 손으로 테이프를 잘라냅니다. ☑️【적절한 사이즈】테이프 디스펜서의 크기는 10.7 x 5.2 x 4cm(4.2 x 2 x 1.6인치)로 모든 가정/사무실 공간에 어울립니다. 테이프 너비≤2cm(0.79인치)에 적합합니다. ☑️【고품질 소재】테이프 디스펜서는 고품질 PP와 ABS 플라스틱 소재로 만들어져 내구성이 뛰어나고 튼튼합니다. 스테인리스 스틸 블레이드로 필요한 길이의 테이프를 쉽고 빠르게 자를 수 있습니다. 오래 지속되며 테이프를 즉각적이고 깔끔하게 잘라냅니다. ☑️【다양한 사용】데스크탑 테이프 디스펜서는 다양한 용도로 사용할 수 있습니다. 스카치 테이프, 보이지 않는 테이프, 와시 테이프, 공예 테이프, 선물 포장, 장식 테이프, 양면 테이프 및 손목 테이프에 사용할 수 있습니다.","제품 특징: 스윙 아웃 테이프 홀더의 롤러는 부드럽게 스크롤되어 테이프를 빠르게 꺼낼 수 있습니다. 튼튼한 테이프 디스펜서의 도움으로 포장, 밀봉, 수리 등을 쉽게 할 수 있습니다. 이 귀여운 데스크탑 테이프 디스펜서는 가정, 사무실 및 학교에서 사용하기에 적합합니다. 가족, 친구 또는 동료에게 이상적인 선물입니다. 어린이에게도 안전합니다. 색상: 화이트, 오렌지, 그린, 옐로우 제품 크기: 4.2*2*1.6인치(10.7*5.2*4cm). 테이프 너비≤0.79인치(2cm)에 적합합니다. 소재: 고품질 PP 및 ABS 플라스틱 소재 무게: 1.75 oz. 패키지 포함: 어린이 책상용 테이프 디스펜서 4개","['테이프', '디스펜서', '가정', '사무실', '빠르다', '귀엽다']"
사무용품,테이프,사무용 테이프 디스펜서,,B0BSF3KDSJ,"테이프 디스펜서 책상 12롤 투명 귀여운 소형 테이프 디스펜서 포장 리필 보이지 않는 테이프 데스크탑 테이프 디스펜서 크리스마스 선물 포장 사무실 가정 학교 용품 (블랙, 인기있는)",Sabary,22146,22146,3.3,15.0,"멋진 조합: 패키지에는 포장 테이프 디스펜서 1개와 테이프 12롤이 포함되어 있습니다. 실용적인 조합은 일상적인 요구 사항과 교체품을 충족시킵니다. 친구 및 아이들과 공유할 수 있습니다 사이즈 세부 정보: 테이프 디스펜서의 크기는 약 10 x 6 x 4cm(3.99 x 2.37 x 1.57인치), 테이프 롤은 1.8cm x 25m(0.71 x 82피트)이며, 적절한 크기로 보관 및 휴대가 편리합니다. 가방에 넣기만 하면 됩니다 쉬운 절단: 소박한 테이프 디스펜서는 톱니 모양의 절삭날이 있어 테이프를 쉽게 자를 수 있습니다. 필요에 따라 테이프를 원하는 길이로 자를 수 있으며 다른 도구 없이 작동이 간단합니다 대부분의 물체에 단단히 부착: 디스펜서용 테이프 롤은 강한 접착력으로 설계되었으며, 아크릴 접착 소재로 종이, 판지 등과 같은 대부분의 물체와 표면에 단단히 부착됩니다. 지속적으로 떨어질 염려가 없습니다 적절한 용도: 투명 테이프 롤 디스펜서는 선물 포장 테이프, 양면 테이프, 고정 테이프, 투명 테이프 등을 자를 수 있으므로 사무실, 가정, 학교, 상점, 레스토랑 및 테이프가 필요한 기타 장소에 적합합니다","특징: 투명 테이프는 포장 밀봉, 종이 포스트, 수리 등에 사용할 수 있습니다. 집, 사무실, 꽃집, 케이크 가게 등에 사용할 수 있습니다. 패키지 테이프는 매트 스타일이 아니므로 투명 테이프 리필은 투명하고 광택이 있으며 수리하려는 대부분의 물건에 적합하며 붙여 넣은 후 보이지 않아 멋진 외관을 유지하고 더 자연스럽고 편리하게 식별할 수 있습니다. 사양: 주요 소재: 플라스틱, 아크릴 색상: 블랙, 투명. 사이즈: 약 테이프 디스펜서 10 x 6 x 4cm(3.99 x 2.37 x 1.57인치), 1.8 x 25 m/0.71 x 82피트 테이프 패키지 구성: 테이프 디스펜서 1개. 테이프 12개. 참고: 수동 측정, 사이즈에 약간의 오차가 있을 수 있습니다. 화면 디스플레이의 차이로 인해 색상이 약간 다를 수 있습니다.","['테이프', '디스펜서', '투명', '롤', '포장']"
사무용품,테이프,사무용 테이프 디스펜서,,B0CVRBMCQV,"다채로운 유니콘 레이잉 다운 테이프 디스펜서, 독특한 책상 액세서리, 기발한 사무용품, 13cm(5.25인치)",Wowser,23378,23378,4.6,3.0,"날개가 달린 롤러 홀더와 꼬리에 테이프 커터를 들고 있는 다채로운 유니콘이 특징인 테이프 디스펜서. 테이프는 포함되지 않습니다 재료: 수지, 플라스틱, 금속 사이즈: 길이 13cm x 너비 5.2cm x 높이 10.2cm (5.25 x 2.25 이 독특한 디스펜서를 책상, 테이블, 카운터 또는 선물 포장 스테이션에 쉽게 놓을 수 있는 독립형 제품입니다 모든 사무실이나 작업 공간을 보완하는 기발한 악센트이며 기능적인 공급 장치이기도 합니다",,"['테이프', '디스펜서', '독특하다', '기발하다', '책상', '유니콘', '홀더', '보완', '롤러', '레이']"
사무용품,테이프,사무용 테이프 디스펜서,,B0CCV21Z5H,Eagle Basics 사무실 홈 스쿨용 사무실 책상 테이프 디스펜서 (블루),Eagle,13836,13836,,,"다기능, 표준 사무실 테이프 및 와시 테이프에 적합합니다 휴대가 간편하고 편리하며 배터리가 필요하지 않습니다 공예 프로젝트, 장착, 밀봉, 선물 포장 및 장식. 스카치 테이프용 클래식 스타일 데스크탑 테이프 디스펜서. 측면에서 쉽게 제거할 수 있습니다",Eagle 테이프 디스펜서를 사용하면 한 손으로만 작업을 할 수 있습니다. 측면에서 쉽게 꺼낼 수 있습니다. 시간을 절약하고 테이프를 낭비하지 않아도 되므로 돈도 절약됩니다. 커팅 블레이드는 장치 내부에 완전히 숨겨져 있습니다. 더 이상 구식 테이프 디스펜서로 다칠 위험을 감수하지 마세요. 작은 크기의 이 테이프 디스펜서는 이동 중에도 휴대할 수 있으며 휴대가 간편하며 배터리가 필요하지 않습니다. 이 테이프 디스펜서를 사용해 본 후에는 테이프로 테이핑하고 싶지 않을 것입니다! 혁신적이고 사용자 친화적인 디자인입니다!,"['테이프', '디스펜서', '휴대', '사무실', '배터리', '절약', '측면', '간편하다']"
사무용품,테이프,사무용 테이프 디스펜서,,B0CR78MJ91,"귀여운 테이프 디스펜서 데스크탑, 만화 플라밍고 테이프 홀더 휴대용 테이프 커터 어린이 학교 사무실 액세서리 테이프 1.9cm(3/4인치) 핑크",Hibucuo,11066,11066,3.5,3.0,"섬세하고 사랑스러운: 귀여운 핑크 플라밍고 테이프 디스펜서는 섬세하고 훌륭한 솜씨로 디자인되어 사무실이나 학용품을 위한 완벽한 액세서리입니다. 테이프 홀더는 사랑스럽고 내구성이 뛰어나며 귀여운 플라밍고 디자인으로 모든 작업 공간에 매력을 더합니다. 【다용도 사무실 필수품】 동물 테이프 커터는 사무실이나 학교에서만 사용할 수 있습니다. 스크랩북, 아트 프로젝트 등을 포함한 다양한 활동에 사용할 수 있는 다용도 도구입니다. 종이를 함께 붙이거나 복잡한 디자인을 만들어야 할 때 이 귀여운 테이프 디스펜서는 필요한 편리함과 정밀성을 제공합니다. DIY 프로젝트를 좋아하거나 창의적인 취미를 즐기는 모든 사람에게 필수적인 액세서리입니다. 【쉬운 사용】테이프 디스펜서는 매끄럽고 둥근 모서리가 특징이며, 피부에 해를 끼칠 수 있는 거친 표면이나 거친 표면이 없습니다. 이 테이프 커터를 자신 있게 사용할 수 있으며, 인체 공학적 디자인으로 편안한 그립감을 보장하여 다루고 작동이 쉽습니다. 【간단하고 가벼움】단순함과 실용성을 염두에 두고 설계된 이 테이프 디스펜서는 간단하고 가볍습니다. 컴팩트한 사이즈로 책상 서랍에 적합하며 사용 시 유연성을 제공합니다. 유니콘 테마는 작업 공간에 장난기 넘치는 터치를 더하여 매력적이고 기능적인 환경을 조성합니다. 【고품질 소재】Hibucuo 테이프 디스펜서는 고급 플라스틱 소재로 만들어졌으며 일상적인 사용을 견딜 수 있도록 제작되었으며 오랫동안 사용할 수 있습니다. 빨리 깨지거나 마모되는 것에 대해 걱정할 필요가 없습니다. 이 튼튼한 테이프 디스펜서는 모든 테이핑 요구 사항에 신뢰할 수 있습니다.","플라밍고 테이프 디스펜서, 롤 테이프 1개 포함 작업 환경을 멋지게 꾸밀 수 있는 재미있는 것을 찾고 계십니까? 테이프 리필 롤이 있는 이 핑크색의 귀여운 테이프 디스펜서 책상은 사무실에 차분한 에너지를 제공하며 모든 문구류에 필요한 사항을 추적할 수 있습니다. 특징: 색상: 핑크 재료: 플라스틱 사이즈: 4.6X3.5X1.1cm 코어 사이즈: 2cm(0.8인치), 다른 투명 테이프 리필 롤을 교체할 수 있습니다.","['테이프', '디스펜서', '사무실', '귀엽다', '플라밍고', '디자인', '액세서리', '커터', '롤', '핑크']"
사무용품,테이프,사무용 테이프 디스펜서,,B09QKD9FC7,"그린 멀티 롤 열 테이프 디스펜서 승화 2.5cm(1인치) 및 7.6cm(3인치) 코어 더블 릴 코어 승화, 열 전달 테이프용, 구획 슬롯이 있는 반자동 테이프 디스펜서",SHDSL,20761,20761,4.4,2709.0,"【코어 2개 포함】--- 직경 2.5cm(1인치) 및 7.6cm(3인치) 스풀, 부품이 누락된 경우 반품 또는 교환을 위해 당사에 문의하십시오. 손으로 쉽게 전환할 수 있는 홀더는 2.5cm(1인치) 코어가 있는 1.9cm(3/4인치) 일반 스카치 테이프 2개와 7.6cm(3인치) 코어가 있는 1cm(3/8인치) 열 테이프 4개에 맞습니다. 수동으로 쉽게 전환할 수 있으며, 절단 테이프의 길이는 동일합니다. 가로챌 길이를 선택할 수도 있습니다. 【쉬운 테이프 리프팅】--- 물레방아에서 몇 개의 이빨을 분리할 때마다 장갑을 낀 상태에서도 손가락으로 테이프를 들어 올릴 수 있는 넓은 공간이 있습니다. 테이프의 너비와 서쪽은 적재할 수 있습니다. 테이프의 총 너비는 3.8cm(1.5인치)를 초과하지 않아야 합니다. 【한 번에 여러 개의 스트랩 절단】--- 회전 풍차 디자인, 귀여운 회전식 물레방아 디자인, 한 번의 쉬운 회전으로 여러 개의 3.8cm(1.5인치) 열 전달 테이프 스트립을 자르고 분배하며 승화 수명을 훨씬 쉽게 만들고 외부 은폐 가능한 커터 블레이드가 켜져 모든 길이로 절단할 수 있습니다. 【높은 안전 사이드 커터 블레이드 디자인】--- 측면 테이프 디스펜서 책상용 커터 블레이드는 어린이 보호 기능을 위한 온/오프 스위치가 내장되어 있으므로 사용하기 전에 전원을 켜기 위해 약간의 힘을 가해야 합니다. 【100% 만족 보장】: 패키지에 설명서(한글이 아닐 수 있음)를 삽입합니다. 주의 깊게 읽으십시오. 완벽한 제품을 얻을 수 있도록 하기 위해서입니다. 질문이 있으시면 주문을 통해 문의하십시오. 100% 만족스러운 솔루션을 제공해 드리겠습니다.",,"['테이프', '코어', '열', '디스펜서', '디자인', '승화', '회전', '커터', '블레이드', '절단']"
사무용품,테이프,사무용 테이프 디스펜서,,B08VDZ3Y1S,"ABEL SimpleWork 데스크탑 테이프 디스펜서, 아쿠아, 2.5cm(1인치) 코어, 미끄럼 방지 가중 베이스, 사무실, 가정, 학교 및 공예용 테이프 커터",ABEL,24916,24916,4.8,245.0,"최대 너비 2.5cm(1인치), 길이 32.9m(36야드)의 코어 테이프를 담을 수 있습니다. 미끄럼 방지 고무 베이스가 있는 무게감 있는 코어 - 모래가 없는 내부, 프리미엄 및 무거운 콘크리트로 한 손으로 책상에 분배할 수 있습니다. 직장, 가정 및 학교에 있는 모든 사람에게 적합합니다. 깨끗하고 아름다운 스트레이트 컷 테이프 엣지 - 투명 테이프, 보이지 않는 테이프, 와시 테이프, 공예 테이프, 장식 테이프 및 양면 테이프를 사용하기 위한 완벽한 홈 오피스 및 선물 포장 테이프 디스펜서. 심플하고 매끄러운 형태의 패션 색상 - 고품질 ABS 소재로 만든 이 세련되고 참신한 테이프 디스펜서는 직장에서 기분을 밝게 하는 데 도움이 됩니다. 최대 너비 2.5cm(1인치), 길이 32.9m(36야드)의 코어 테이프를 담을 수 있습니다. 테이프는 포함되지 않습니다.","ABEL SimpleWork 데스크탑 테이프 디스펜서 - 최고의 테이프 커팅 경험!/특허 받은 테이프 디스펜싱을 위한 컷 테크 블레이드 기술은 기존 테이프 디스펜서보다 60% 적은 노력을 제공합니다./각 블레이드는 프리미엄 스테인리스 스틸로 만들어졌으며 최적의 모양으로 각각 수많은 마이크로 톱니가 포함되어 있습니다./이 디자인은 모든 절단을 보다 안전한 방법으로 빠르고 쉽게 할 수 있도록 합니다./또한, 각 테이프 엣지 컷은 매우 투명하며 거의 직선으로 되어 있어 전통적인 웨이브나 불규칙한 모양의 것보다 더 아름답습니다./이 블레이드는 투명 테이프, 보이지 않는 테이프, 마스킹 테이프, 와시 테이프, 장식 테이프, 선물 포장 테이프 및 양면 테이프와 같은 다양한 종류의 테이프에 적용됩니다./ABEL SimpleWork 데스크탑 테이프 디스펜서는 최대 너비 2.5cm(1인치), 길이 32.9m(36야드)의 코어 테이프를 담을 수 있습니다./테이프는 포함되어 있지 않습니다!","['테이프', '디스펜서', '코어']"
사무용품,테이프,사무용 테이프 디스펜서,,B0BGSD5FR2,"YXQ 재미있는 테이프 디스펜서 참신한 독특한 펜 디스펜서 멋진 레트로 책상 액세서리, 그레이",YXQ,12451,12451,4.4,12.0,"【레트로 카세트 테이프 디자인】이 레트로 카세트 테이프 디자인으로 펜 홀더를 눈길을 사로잡습니다. 펜 홀더일 뿐만 아니라 테이프 디스펜서로도 사용할 수 있습니다 【프리미엄 소재】이 펜 홀더는 주로 ABS 플라스틱으로 만들어져 안전하고 내구성이 뛰어나며 스테인리스 스틸 테이프 디스펜서는 테이프를 쉽게 자를 수 있도록 도와줍니다 【교체 가능한 테이프 롤】테이프 롤은 교체할 수 있으며, 테이프 롤이 다 떨어지면 빠르고 쉽게 새 것으로 교체할 수 있습니다 【대용량】 16.7cm x 5.9cm x 10.9cm/6.57인치 x 2.32인치 x 4.29인치(길이x너비x높이). 최대 30개의 펜이나 연필과 종이 클립, 푸시 핀, 탄성 밴드 또는 스테이플과 같은 작은 문구류를 담을 수 있습니다 【이상적인 선물 선택】눈길을 사로잡는 레트로 카세트 테이프 디자인과 내구성 있는 소재로 펜 홀더는 졸업식, 생일, 개학 및 크리스마스에 훌륭한 선물이 될 수 있습니다. 3가지 색상을 사용할 수 있으며 다양한 색상으로 남아와 여아 모두에게 적합하며 사무실, 학교 및 가정용으로 적합합니다","YXQ 책상 깔끔한 레트로 펜 홀더는 사실적인 모양과 카세트 라벨 및 카세트 휠과 같은 정통 디테일로 집이나 사무실에서 문구류를 정리할 수 있는 멋진 방법입니다. 사양: 소재: ABS+스테인리스 스틸 색상: 그레이 사이즈: 치수(길이x너비x높이): 16.7cm x 5.9cm x 10.9cm/6.57"" x 2.32"" x 4.29"" 제품 구성: 다기능 홀더 1개. 디스펜스 접착 테이프 1개. 참고: 작은 코어 테이프가 포함되어 있지만 액세서리는 표시되지 않습니다.","['테이프', '펜', '레트로', '홀더', '카세트', '롤', '디자인', '디스펜서', '구성']"
사무용품,테이프,사무용 테이프 디스펜서,,B0CB121W2R,"테이프 디스펜서 귀여운, 아동용 테이프 디스펜서 책상 투명 테이프 디스펜서, 무지개 테이프 포함, 재미있는 구름 포장 포장 테이프 디스펜서 홀더, 학교, 사무실, 문구 용품, 공예 예술용",Choisyin,12451,12451,3.5,53.0,"👍귀여운 테이프 디스펜서: 리필 가능한 디스펜서와 함께 컬러 테이프를 받으실 수 있습니다. 패키지에는 마스킹 테이프 디스펜서 1개와 다채로운 테이프 리필 1개가 포함되어 있습니다. 테이프의 내부 직경은 2.5cm(1인치), 2.5cm(1인치) 코어, 표준 테이프 디스펜서에 맞습니다. 테이프 디스펜서 책상을 사용할 때 매우 실용적입니다 데스크톱 테이프 디스펜서: 당사의 포장 테이프 디스펜서는 강하고 튼튼한 플라스틱 소재를 채택하여 만들어졌으며 귀여운 테이프 디스펜서는 쉽게 깨지지 않으며 스테인리스 스틸 블레이드는 녹슬지 않으며 잘 보관하면 수명이 깁니다. 집이나 사무실에 놓고 편리함을 즐기세요 재미있는 테이프 디스펜서: 당사의 귀여운 와시 테이프 디스펜서는 정교하고 훌륭한 솜씨를 가지고 있으며 사랑스럽고 신뢰할 수 있습니다. 휴대용 및 재사용 가능한 디스펜서 👍아동용 테이프 디스펜서: 이 클라우드 테이프 디스펜서 디자인은 독특하지만 사용할 때 매우 실용적입니다. 아이들을 위한 훌륭한 문구 보조 도구입니다. 가볍고 컴팩트한 사이즈: 11.3 x 6.1 x 4.3cm(4.5 x 2.4 x 1.7인치) 학교 사무용품: 무지개 테이프 리필 롤은 쉽고 빠르게 자를 수 있어 가위를 사용하는 번거로움을 없애줍니다. 클라우드 테이프 디스펜서는 선물 포장 테이프, 양면 테이프, 고정 테이프, 투명 테이프 및 기타 DIY 공예 아트 프로젝트 장식을 자를 수 있습니다",,"['테이프', '디스펜서', '포장', '귀엽다']"
사무용품,테이프,사무용 테이프 디스펜서,,B0CGNSP4KG,"미끄럼 방지 베이스가 있는 데스크탑 테이프 디스펜서, 사무실, 레스토랑, 꽃집, 케이크 샵, 퍼플 포장용 다채롭고 튼튼하고 귀여운 테이프 디스펜서",Hibucuo,11066,11066,4.6,6.0,"패셔너블하고 다채로운 외관: 바탕 화면을 색상을 조정하거나 새 책상을 밝게 하는 좋은 방법입니다 표준 테이프 보관: 사이즈: 11.4 x 6.4 x 4.4cm(4.5 x 2.5 x 1.75인치), 분실하거나 잘못 놓기 인기 있는 스카치 인비저블을 포함한 모든 표준 투명 테이프를 담을 수 있습니다. 테이프 롤을 교체하는 데 몇 초밖에 걸리지 않습니다. 견고하고 내구성: 귀여운 다채로운 테이프 디스펜서는 부드러운 마감의 고품질 하드 플라스틱으로 만들어졌으며 스테인리스 스틸 블레이드, 녹 방지 톱니 모양의 가장자리가 테이프를 빠르게 절단합니다. 튼튼함 및 미끄럼 방지: 테이프 디스펜서의 바닥은 사용 시 미끄러지지 않도록 고무에 무게와 코팅되어 한 손으로 쉽게 분배할 수 있습니다. (테이프 미포함) 독특한 선물 - 이 사무실 책상 스테이션을 친구, 직장 동료, 학생, 선생님에게 선물하는 재미가 있습니다. 크리스마스 선물, 생일 선물 또는 모든 행사에 적합합니다.","Hibucuo 다채로운 테이프 디스펜서는 모든 데스크탑을 밝게 해줍니다. 고품질의 내구성이 뛰어난 단단한 플라스틱으로 제작된 이 테이프 디스펜서는 직장, 가정 또는 학교의 모든 사람에게 적합합니다! 저희 책상에서 어떤 이유로 찾을 수 없는 테이프를 끊임없이 검색하시나요? 동료에게 절실히 필요한 테이프를 계속 요청하는 대신, 이 하이 패션 테이프 디스펜서 중 하나를 구입하지 않으시겠습니까? ? 밝은 색상, 고품질 및 뛰어난 내구성으로 이 테이프 디스펜서는 모든 책상에 훌륭한 액세서리가 될 것입니다. 날카로운 테이프 커터로 좌절감을 유발하지 않고 조각을 쉽게 뜯어낼 수 있습니다. 사이즈: 4.5 x 2.5 x 1.75 인치 수량: 1/팩","['테이프', '디스펜서', '선물', '책상', '방지', '구성']"
사무용품,테이프,사무용 테이프 디스펜서,,B08C8ZBMRX,"Clapping Monkey 테이프 디스펜서, 심벌즈 포함, 재미있는 동물 책상 장식, 2.5cm(1인치) 코어, 미끄럼 방지 가중 바나나",Amazeko,27533,27533,4.5,644.0,"원숭이에게서 테이프를 당기면 클래핑 모션으로 생동감 있게 살아납니다 미끄럼 방지 가중 바나나가 있는 한 손 디스펜싱으로 사용하기 쉽고 미끄러지지 않습니다. 최상의 결과를 위해 스카치 및 3M 테이프를 권장합니다(테이프 미포함). 수년간 지속되는 고품질 커터로 쉽고 빠르게 재장전할 수 있습니다. 성인, 어린이, 가정, 학교 및 사무실을 위한 대화 시작 또는 완벽한 선물. 2.5cm(1인치) 코어에 최대 1.9cm(3/4인치) 너비의 테이프를 담을 수 있습니다. 테이프는 포함되어 있지 않지만 원숭이 비즈니스는 항상 포함되어 있습니다.",,"['테이프', '원숭이', '코어', '가중', '방지', '바나나', '미끄럼', '학교', '사무실', '빠르다']"
사무용품,테이프,사무용 테이프 디스펜서,,B0CPWCYTV8,"Mikily's 귀여운 구름 모양 테이프 디스펜서 아동용 다기능 책상 액세서리 학교 사무실 문구류에 적합, 사용하기 쉬운 커터 선물 포장 아트 프로젝트",Mikily‘s,13836,13836,3.7,8.0,"다용도 귀여운 클라우드 테이프 디스펜서: 이 사랑스러운 구름 모양의 테이프 디스펜서는 책상 미학과 기능성을 향상시켜 어린이 학교 프로젝트, 선물 포장에 적합합니다. 편리하고 쉬운 사용: 단순함을 위해 설계된 테이프 디스펜서는 날카로운 날로 테이프를 빠르게 절단할 수 있어 바쁜 학교 또는 사무실 환경에서 한 손으로 쉽게 작동할 수 있습니다. 어린이에게 안전함: 매끄럽고 둥근 모서리와 견고한 디자인으로 이 클라우드 테이프 디스펜서는 어린이에게 안전하고 적합하므로 어린 학생들에게 탁월한 선택입니다. 내구성 및 사랑스러움: 고품질 소재로 제작된 테이프 디스펜서는 내구성이 뛰어나고 매력적이며 교실, 가정 및 사무실에서 반복적으로 사용하기에 이상적입니다. 교사 및 학생에게 이상적: 이 클라우드 테이프 디스펜서는 모든 교육 환경에 실용적인 추가 아이템으로, 예술 프로젝트 및 일상 활동을 돕고 학습 환경에 재미를 더합니다.",,"['테이프', '디스펜서', '사무실', '학교', '프로젝트', '환경', '어린이', '클라우드', '책상', '선물']"
사무용품,테이프,사무용 테이프 디스펜서,,B09ZTXRKDW,"OFFNOVA 승화용 열 테이프 디스펜서 및 테이프 키트, 데스크탑 홀더 및 2롤 33m x 10mm Cricut 등을 위한 내열성 테이프 (핑크)",OFFNOVA,24916,13711,4.5,487.0,"【바로 사용 가능】세트에는 33m x 10mm 내열성 테이프 2롤과 데스크탑 테이프 디스펜서 홀더가 포함되어 있습니다. 키트를 받으면 사용할 수 있으며 다른 열 테이프를 구입할 필요가 없습니다. 【고품질 블레이드】 데스크탑 테이프 디스펜서에는 필요한 길이의 테이프를 쉽고 빠르게 자를 수 있는 날카로운 날이 있습니다. 오래 지속되며 테이프를 즉각적이고 깔끔하게 잘라냅니다. 또한, 필요한 양의 테이프를 분배하면서 멀티 태스킹이 가능합니다. 타이핑이나 글을 쓰는 동안 휴대폰으로 통화할 때 쉽게 사용할 수 있습니다. 【한 손 작동】디스펜서는 내구성이 뛰어난 ABS 플라스틱으로 만들어졌으며 미끄럼 방지 베이스로 설계되었습니다. 표면에 강한 그립감을 가질 수 있을 만큼 단단하며 한 손으로 쉽게 분배할 수 있어 다양한 각도에서 안전하고 쉽게 사용할 수 있습니다. 【고온 저항】테이프는 최대 300°C에 도달할 수 있는 고온 저항성이 있습니다. 움직이지 않고 프로젝트를 단단히 고정할 수 있는 강력한 접착제입니다. 게다가 흔적 없이 프로젝트에서 쉽게 떼어낼 수 있습니다. 【다양한 용도】 이 세트는 다양한 용도로 사용할 수 있으며 주로 열 프레스, 스프레이, 금 도금, 전기 도금, 알루미늄 양극 산화 처리, 회로 보드, 배송 패키지 등에 사용됩니다. 학교, 가정 또는 사무실, 창고 등에 이 제품을 갖게 되어 기쁩니다.",,"['테이프', '디스펜서', '데스크탑', '열', '도금', '저항', '손', '홀더', '분배', '고온']"
사무용품,테이프,사무용 테이프 디스펜서,,B0014E6O1U,"Scotch 3M 매직 테이프, 디스펜서 포함, 1.9cm x 762cm(3/4인치 x 300인치)",Scotch,3864,3864,4.7,590.0,,"Scotch 매직 테이프는 오리지널 매트 마감, 보이지 않는 테이프입니다. 대부분의 용지에서 사라지므로 문서를 쉽게 스캔하고 읽을 수 있습니다. 이 다용도 테이프는 영구적인 종이 수선 및 기타 많은 용도에 이상적입니다. 롤을 부드럽게 당기고 쉽게 자를 수 있으며 갈라지거나 찢어지지 않습니다. 테이프는 마르거나 노랗게 변하지 않습니다. 펜, 연필 또는 마커로 쓰세요. 또한 사진에 안전합니다(ISO 표준 18916에 따라 결정). 테이프는 서랍에 쉽게 보관할 수 있는 컴팩트한 휴대용 디스펜서에 제공됩니다.","['테이프', '매직', '디스펜서', '휴대', '부드럽다', '노랗다', '다용', '롤', '마감', '마르다']"
사무용품,테이프,사무용 테이프 디스펜서,,B0CL55YFQ1,"Basics 데스크탑 테이프 디스펜서, 사무실 책상 테이프 디스펜서, 튼튼한 책상 액세서리 사무실 테이프 디스펜서, 무게감 있는 미끄럼 방지 베이스, 가정, 사무실, 학교 또는 비즈니스에 이상적 (실버)",LASUND,23531,23531,4.0,54.0,"고급 데스크탑 테이프 디스펜서: 타이핑이나 글을 쓰거나 전화를 사용할 때 한 손으로 쉽게 분배할 수 있는 미끄럼 방지 가중 베이스. 테이프 디스펜서의 전체 고무 베이스는 사용 중에 미끄러지거나 표면이 긁히는 것을 방지합니다. 무게감 있는 코어와 미끄럼 방지 폼 베이스로 분배기를 제자리에 고정합니다. 책상이나 테이블에 놓아 언제 어디서나 편리하게 분배할 수 있습니다. 고품질 블레이드: 데스크탑 테이프 디스펜서에는 필요한 길이의 테이프를 쉽고 빠르게 절단할 수 있는 고품질 블레이드가 있습니다. 오래 지속되며 테이프를 즉시 깔끔하게 잘라냅니다. 제품 크기: 12.5 x 6.5 x 5 cm, 경량 부착 및 장착에 이상적입니다. 현대적이고 세련된 공간 절약 디자인으로 사무실 책상이나 가정용으로 없어서는 안될 필수품입니다.",사무실 책상 테이프 디스펜서,"['테이프', '디스펜서', '책상', '사무실', '방지', '베이스', '데스크탑', '미끄럼', '분배', '블레이드']"
사무용품,테이프,사무용 테이프 디스펜서,,B07Y51TSJ6,컨템포러리 울트라 클리어 아크릴 골드 품질 테이프 디스펜서 싱글 핸드 디스펜서,SIRMEDAL,13836,13836,4.6,346.0,"당신의 데크에 스타일과 우아함을 더하세요 - 이 테이프 디스펜서는 투명한 아크릴 소재로 금속 골드 커팅 블레이드와 아름답게 어울립니다. 다른 장비에서 눈에 띄고 모든 사람의 시선을 사로 잡을 수있는 책상 위에 현대적인 느낌을 가져다 줍니다. 탁월한 기능 - 테이프 디스펜서에는 고품질의 날카로운 톱니 날이 있어 테이프를 쉽게 뜯을 수 있습니다. 무게는 단일 손 디스펜싱이 가능하여 작업 효율을 높일 수 있습니다. 내구성 있는 품질 - 프리미엄 소재와 내구성 있는 구조로 일상적인 사용을 보장합니다. 아름다움과 기능을 모두 갖춘 잘 디자인된 테이프 디스펜서는 오래 지속되도록 제작되었습니다. 완벽한 선물 - 테이프 디스펜서는 멋진 모던 룩을 가지고 있습니다. 자신, 가족, 친구, 동료를 위한 멋진 선물 아이디어. 이 화려한 아이템은 누구에게나 특별한 느낌을 줄 것이며 완벽한 문구 액세서리입니다. 100% 만족 보장 - 저희 제품은 최고 수준의 성능과 최고의 품질을 보장하기 위해 신중하게 테스트되었습니다. 귀하가 완전히 만족하지 못한다면, 우리의 번거로움 없는 반품 정책은 고객의 만족에 대한 자신감과 헌신을 보여줍니다.",,"['테이프', '디스펜서', '보장', '느낌', '최고', '선물', '완벽하다', '만족', '아크릴', '구성']"
사무용품,테이프,사무용 테이프 디스펜서,,B0D4B15KJ7,"튼튼한 5.1cm(2인치) 데스크탑 테이프 디스펜서, 듀얼 롤, 미끄럼 방지 베이스",Vimtoba,33226,33226,,,"튼튼한 구조: 오래 지속되는 내구성을 위해 두껍고 튼튼한 금속으로 제작된 이 튼튼한 테이프 디스펜서는 신뢰할 수 있는 성능을 보장합니다. 정밀한 절단: 날카롭고 튼튼한 칼날은 테이프 스트립을 당길 때마다 원하는 길이로 깨끗하게 절단하여 가장자리가 닳거나 고르지 않은 것을 방지합니다. 안정적이고 무거운 베이스: 미끄럼 방지 고무와 상당한 무게가 있는 7.6cm(3인치) 베이스는 안정성을 보장하여 움직이지 않고 한 손으로 테이프를 분배할 수 있습니다. 안전 커버가 있는 날카로운 날: 깨끗한 절단을 위한 고품질 블레이드가 특징입니다. 안전 블레이드 커버 테이프는 사용자를 부상으로부터 보호합니다. 다용도 용도: 사무실, 창고, 가정 및 화가의 응용 분야에 이상적입니다. 이 산업용 테이프 디스펜서는 페인터의 테이프 디스펜서에 적합합니다","튼튼한 5.1cm(2인치) 데스크탑 테이프 디스펜서로 최고의 테이프 디스펜싱의 편리함을 경험하십시오. 5.1cm(2인치) 너비의 테이프와 이중 2.5cm(1인치) 롤을 모두 다룰 수 있도록 설계된 이 견고한 디스펜서는 사무실, 창고, 가정 및 화가의 작업을 포함한 다양한 환경에 적합합니다. 두껍고 내구성이 뛰어난 금속으로 제작된 데스크탑 테이프 디스펜서는 오래 사용할 수 있습니다. 미끄럼 방지 고무와 무거운 무게가 있는 7.6cm(3인치) 베이스는 제자리에 단단히 고정되므로 한 손으로 테이프를 쉽게 분배할 수 있습니다. 고품질 블레이드는 매번 정확하고 깨끗한 절단을 제공하며, 안전 캡은 사용하지 않을 때 블레이드를 덮도록 미끄러져 우발적인 부상을 방지합니다. 길이 22.9cm(9인치), 너비 7.6cm(3인치), 높이 9.7cm(3.8인치)의 이 듀얼 롤 테이프 디스펜서는 쉽고 안전하게 모든 요구 사항을 충족합니다. 미끄럼 방지 테이프 디스펜서 베이스는 제자리에 고정되도록 하며, 안전 블레이드 커버 테이프 기능은 실수로 절단되는 것을 방지합니다. 사무실, 창고, 가정 및 산업 환경을 포함한 다양한 환경에 이상적인 이 산업용 테이프 디스펜서는 여러분이 가장 좋아하는 도구입니다.","['테이프', '디스펜서', '방지', '튼튼하다', '절단', '블레이드', '베이스', '안전', '미끄럼', '데스크탑']"
사무용품,테이프,사무용 테이프 디스펜서,,B0CRYVH4WF,"사무실 테이프 디스펜서 2개, 데스크탑 테이프 디스펜서, 투명 아크릴 테이프 디스펜서(골드+실버)",guiyal,11481,11481,4.5,2.0,"소재: 투명 아크릴, 색상: 골든/실버, 포장 수량: 2개 사이즈: 11.9x3.6x6.6cm(4.7x1.4x2.6인치) 매끄럽고 세련된 투명 아크릴 테이프 디스펜서, 표준 2.5cm(1인치) 테이프 롤(너비)에 맞습니다 미끄럼 방지 베이스: 바닥에 미끄럼 방지 매트 4개가 있어 한 손으로 쉽게 분배할 수 있습니다. 작은 톱니가 날카롭고 절단하기 쉬운 테이프 guiyal 테이프 디스펜서는 사무실 직원, 학생, 선생님, 주부에게 적합하며 친구에게 이상적인 선물입니다.",,"['테이프', '디스펜서', '아크릴', '투명', '방지', '실버', '사무실', '미끄럼']"
사무용품,테이프,사무용 테이프 디스펜서,,B0CQ7XHN39,"귀여운 테이프 디스펜서 동물 책상 테이프 홀더 재미있는 나무늘보 작은 테이프 디스펜서, 사무실 학교 가정 어린이 포장 선물 참신한 투명 테이프 디스펜서 (나무늘보)",UPCSKDA,27686,27686,3.8,6.0,"【재미있는 디자인】: 귀여운 나무늘보 테이프 디스펜서 책상은 테이프를 자르고 작업 시간을 절약할 수 있을 뿐만 아니라 책상에 참신하고 귀여운 장식이기도 합니다. 【적절한 사이즈】: 사이즈는 13.7 x 6.6cm(5.4 x 2.6인치)이며 1.9cm(3/4인치) 테이프에 적합합니다. 패키지에는 테이프 롤이 함께 제공되어 사무실, 선물 포장에 도움이 됩니다. 【프리미엄 품질의 소재】: 이 테이프 홀더는 수지 소재로 만들어져 안전하고 환경 친화적이며 견고하고 내구성이 뛰어나며 날카로운 절단으로 사용하기 쉽습니다. 【쉬운 사용】: 복잡한 설치가 필요 없으며 테이프를 적재하고 부드럽게 당기기만 하면 부드럽고 날카롭고 연속적으로 절단되어 시간과 노력을 절약할 수 있습니다. 작업하고 선물을 포장할 때 손을 자유롭게 할 수 있습니다. 【이상적인 선물】: 동물 모양의 미니 테이프 디스펜서는 반 친구, 동료, 가족, 친구, 기념일, 생일, 크리스마스 및 특히 동물 애호가를 위한 완벽한 선물입니다.",,"['테이프', '선물', '디스펜서', '책상', '귀엽다', '나무늘보', '동물', '포장', '홀더', '부드럽다']"
사무용품,테이프,사무용 테이프 디스펜서,,B08ZS2JXT8,"Excell 책상 테이프 디스펜서(2.5cm(1인치) 코어), 미끄럼 방지 베이스, 가정, 사무실, 선물 가게 및 포장 목적을 위한 데스크탑 테이프 디스펜서 디자인 (1)",EXCELL,23531,23531,4.3,21.0,"사무실/학교에 적합 - 테이프를 똑바로 자르십시오. 테이프의 가장자리는 직선입니다. 작업을 완벽하게 만드세요. 간편한 사용 - 미끄럼 방지 베이스로 선물을 포장하거나 패키지를 쉽게 포장할 수 있습니다. 간편한 휴대성 - 잡기 위한 가죽 터치 디자인의 공간. 휴대가 간편합니다. 제품 구성 - Excell 데스크탑 테이프 디스펜서 1개 포함(너비 1.9cm(3/4인치), 코어 2.5cm(1인치)) 전문적인 품질 - 저희는 제품의 품질에 대해 매우 확신합니다. 질문이 있으시면 저희에게 연락하십시오.",,"['테이프', '디스펜서', '간편하다', '포장', '선물', '데스크탑', '디자인', '미끄럼', '방지', '베이스']"
사무용품,테이프,사무용 테이프 디스펜서,,B0D4QB4H5J,"마스킹 테이프 디스펜서 - 슬라이드 커터가 있는 아동용 목재 공예 테이프 디스펜서, 멀티 테이프 디스펜서 멀티 롤 테이프 홀더 테이프 커터, 선물 포장용, 어린이 학교 선물 (슬라이드 커터)",Niyanghome,41536,41536,4.0,2.0,"【고품질 소재】이 마스킹 테이프 디스펜서는 단단한 목재 소재로 만들어져 내구성이 뛰어나고 쉽게 손상되지 않습니다. 표면에는 통나무의 자연스러운 아름다움을 반영하는 페인트가 포함되어 있지 않습니다. 【슬라이딩 커터】이 공예 테이프 디스펜서에는 손이 다치지 않는 매끄러운 표면의 플라스틱 슬라이딩 커터가 장착되어 있습니다. 버튼을 누르고 당기기만 하면 테이프를 깔끔하게 자를 수 있습니다. 다른 블레이드보다 실용적이고 안전합니다. 어린이에게 더 적합합니다. 【적합한 사이즈】이 멀티 테이프 디스펜서의 전체 크기는 24.8 x 22.7 x 15cm(9.8 x 8.7 x 5.9인치)이며 너비 2.5cm(1인치)의 테이프 롤 8개를 담을 수 있습니다. 스틱의 직경은 3cm(1.2인치)입니다. 잘못된 것을 구입하지 않도록 구입하기 전에 테이프 코어의 크기를 측정하십시오. 【적용 범위】이 재미있는 테이프 디스펜서는 테이프를 함께 모을 수 있어 책상을 깨끗하고 깔끔하게 만들어 테이프를 찾을 수 없습니다. 어떤 유형의 테이프를 사용하든 투명, 와시, 공예 또는 장식용 테이프 등 이 데스크탑 테이프 홀더는 여러분이 가장 좋아하는 도구입니다 【다양한 사용】이 제품에는 테이프가 포함되어 있지 않습니다. 학교, 사무실, 주방, 도서관 또는 가정과 같은 많은 경우에 사용할 수 있으며, 특히 수공예품을 만들고 싶은 사람들에게 완벽한 도구가 될 것입니다. 테이프 홀더는 데스크탑 장식이 될 수도 있습니다.",,"['테이프', '디스펜서', '커터', '멀티', '홀더', '공예']"
사무용품,테이프,사무용 테이프 디스펜서,,B0BGSDBXZ5,"YXQ 카세트 테이프 디스펜서 펜 홀더 책상 깔끔한 컨테이너 사무실 문구 보관함, 청소년 남아 및 여아용 블루",YXQ,13836,13836,4.7,5.0,"【레트로 카세트 테이프 디자인】이 레트로 카세트 테이프 디자인으로 펜 홀더를 눈길을 사로잡습니다. 펜 홀더일 뿐만 아니라 테이프 디스펜서로도 사용할 수 있습니다 【프리미엄 소재】이 펜 홀더는 주로 ABS 플라스틱으로 만들어져 안전하고 내구성이 뛰어나며 스테인리스 스틸 테이프 디스펜서는 테이프를 쉽게 자를 수 있도록 도와줍니다 【교체 가능한 테이프 롤】테이프 롤은 교체할 수 있으며, 테이프 롤이 다 떨어지면 빠르고 쉽게 새 것으로 교체할 수 있습니다 【대용량】 16.7cm x 5.9cm x 10.9cm/6.57인치 x 2.32인치 x 4.29인치(길이x너비x높이). 최대 30개의 펜이나 연필과 종이 클립, 푸시 핀, 탄성 밴드 또는 스테이플과 같은 작은 문구류를 담을 수 있습니다 【이상적인 선물 선택】눈길을 사로잡는 레트로 카세트 테이프 디자인과 내구성 있는 소재로 펜 홀더는 졸업식, 생일, 개학 및 크리스마스에 훌륭한 선물이 될 수 있습니다. 3가지 색상을 사용할 수 있으며 다양한 색상으로 남아와 여아 모두에게 적합하며 사무실, 학교 및 가정용으로 적합합니다","YXQ 책상 깔끔한 레트로 펜 홀더는 사실적인 모양과 카세트 라벨 및 카세트 휠과 같은 정통 디테일로 집이나 사무실에서 문구류를 정리할 수 있는 멋진 방법입니다. 사양: 소재: ABS+스테인리스 스틸 색상: 블루 사이즈: 치수(길이x너비x높이): 16.7cm x 5.9cm x 10.9cm/6.57"" x 2.32"" x 4.29"" 제품 구성: 다기능 홀더 1개. 디스펜스 접착 테이프 1개. 참고: 작은 코어 테이프가 포함되어 있지만 액세서리는 표시되지 않습니다.","['테이프', '펜', '홀더', '카세트', '레트로', '디자인', '구성', '롤', '사무실']"
사무용품,테이프,사무용 테이프 디스펜서,,B0CM796W1B,"JDS 1팩 데스크탑 산업용 금속 테이프 디스펜서 (교체 블레이드 2개) - 사무실, 가정, 학교, 선물 포장 및 공예용 풀 앤 티어 헤비 웨이트 미끄럼 방지 접착 롤 홀더",JDS Toy Store,35996,35996,4.7,7.0,"【최고의 가치】 JDS 데스크탑 테이프 디스펜서는 가정, 사무실 또는 상업용으로 다양하게 선택할 수 있습니다. 5.1cm(2인치) 너비의 테이프 롤 1개, 최대 220야드까지 처리하기에 적합합니다. 【구성】JDS 데스크탑 테이프 디스펜서 1개와 교체용 블레이드 2개 포함 【편리함】고품질 스테인리스 스틸로 만든 톱니 블레이드는 강력한 절삭력을 제공합니다. 과도한 테이프를 낭비하지 않고 깨끗한 라인을 제공하며, 각 디스펜서에 두 개의 추가 블레이드가 포함되어 있습니다. 금속 받침대의 추가 기능으로 다시는 테이프 가장자리를 잃지 않습니다! 【효율성】 멀티태스킹을 쉽고 자신 있게 다양한 작업을 처리할 수 있습니다! 무게감 있는 베이스와 프리미엄 미끄럼 방지 패드는 모든 표면에 단단한 그립을 제공하여 한 손으로 디스펜싱할 수 있습니다. 내구성이 뛰어난 강철 구조로 일상적인 사용을 위한 장기적이고 신뢰할 수 있는 성능을 보장합니다. 【프리미엄】이번 연휴 시즌에 좌절감을 줄이고, 사무실에서 손목 피로를 최소화하거나 포장 과정을 간소화합니다. 쉬운 재장전 기능, 접착제 교체를 위해 휠을 들어 올려 제거한 다음 다시 제자리에 밀어 넣습니다. 접착제 사용이 필요한 작업을 효율적으로 처리합니다! 테이프는 포함되지 않습니다.",,"['테이프', '디스펜서', '블레이드', '사무실', '데스크탑', '처리', '작업', '접착제', '구성', '포장']"
사무용품,테이프,사무용 테이프 디스펜서,,B0BLVJ64GD,"MultiBey 블랙 & 골드 테이프 디스펜서, 블랙 아크릴 테이프 디스펜서 책상 세련된 테이프 홀더 2.5cm(1인치) 코어, 블랙 및 골드 사무실 용품 및 액세서리 학교 홈 오피스용(테이프 디스펜서)",MultiBey,17991,17991,5.0,6.0,"【참신한 테이프 커터】이 귀여운 책상 테이프 디스펜서는 프리미엄 아크릴, 5mm 두께로 만들어져 내구성이 뛰어나고 튼튼합니다. 블랙 아크릴과 럭셔리 골드가 결합되어 책상, 큐비클, 사무실 및 가정에 매끄럽고 세련된 느낌을 더합니다 【미끄럼 방지】 테이프 커터 바닥에 있는 4개의 미끄럼 방지 고무 패드는 책상의 안정성을 향상시키고 필요하지 않을 때 움직이지 않습니다. 책상 위에 단단하고 조용하게 서서 긁힘이나 소음을 일으키지 않습니다 【치수】이 블랙 책상 테이프 디스펜서는 길이 12.9 x 너비 3.5 x 높이 6.4cm(4.72 x 1.38 x 2.52인치)이며 테이프 코어는 약 2.5cm(1인치) 너비를 초과하지 않는 테이프를 담을 수 있습니다. 일반적으로 일상 생활에서 일반 및 표준 테이프를 담을 수 있습니다 【패키지】블랙 앤 골드 아크릴 테이프 디스펜서 1개와 테이프 1개가 제공됩니다 【고객 만족】 이 귀여운 테이프 디스펜서로 Multibey의 100% 만족을 공유합니다! 품목이나 주문에 대해 궁금한 점이 있으시면(DOA, 손상된 품목, 제대로 작동하지 않음, 품목 누락, 잘못된 색상, 패키지 수령 불가 등) 아마존을 통해 직접 메시지를 보내주시면 언제든지 만족스러운 솔루션을 제공하기 위해 여기에 있습니다!","이름: MultiBey 블랙 & 골드 테이프 디스펜서, 블랙 아크릴 테이프 디스펜서 책상 세련된 테이프 홀더 2.5cm 코어, 블랙 앤 골드 사무용품 및 액세서리 학교 홈 오피스용/소재: 아크릴, 금속/색상: 블랙, 골드/스타일: 모던, 심플, 우아함/패키지: 1 x 테이프 홀더, 1 x 테이프/사이즈: 길이 12cm x 너비 3cm x 높이 6cm","['테이프', '블랙', '디스펜서', '책상', '골드', '아크릴', '코어', '홀더', '세련되다', '품목']"
사무용품,테이프,사무용 테이프 디스펜서,,B0923WTMGY,"Excell 책상 테이프 디스펜서(2.5cm(1인치) 코어), 미끄럼 방지 베이스, 가정, 사무실, 선물 가게 및 포장 목적을 위한 데스크탑 테이프 디스펜서 디자인 - 1팩",EXCELL,12451,12451,4.3,24.0,"사무실/학교에 적합 - 테이프를 똑바로 자르십시오. 테이프의 가장자리는 직선입니다. 작업을 완벽하게 만드세요. 간편한 사용 - 미끄럼 방지 베이스로 선물을 포장하거나 패키지를 쉽게 포장할 수 있습니다. 공간 절약 - 현대적인 디자인으로 휴대와 보관이 쉽습니다. 제품 구성 - Excell 데스크탑 테이프 디스펜서 1개 포함(너비 1.9cm(3/4인치), 코어 2.5cm(1인치)) 전문적인 품질 - 저희는 제품의 품질에 대해 매우 확신합니다. 질문이 있으시면 저희에게 연락하십시오.",,"['테이프', '디스펜서', '포장', '데스크탑', '선물', '베이스', '방지', '미끄럼', '디자인', '사무실']"
사무용품,테이프,사무용 테이프 디스펜서,,B004Z4E74M,"Scotch Magic Greener 테이프, 종이 고정용 보이지 않는 테이프, 사무용품 및 학교 용품, 1.9cm x 1650cm(0.75인치 x 650인치), 디스펜서 6개/팩",Scotch,15789,15789,4.7,98.0,"환경 친화적인 테이프: 53% 식물 기반 소재로 제작된 Scotch 매직 그리너 테이프 디스펜서가 있는 6롤 검증된 제품: 이 친환경 테이프는 오리지널 Scotch 매직 테이프와 동일한 뛰어난 성능을 가지고 있습니다 쓰기: 무광 마감으로 펜, 연필 또는 마커를 사용하여 라벨을 쉽게 만들 수 있습니다 이상적인 용도: 집, 사무실 또는 학교에서 수리 또는 빠른 수리를 위해 이 사무용 테이프를 사용하십시오. 사무용품에 추가하기에 좋으며 찢어지거나 찢어진 문서를 고정하기 위한 특히 훌륭한 테이프입니다 사진 안전 테이프: 추억을 만들고 보존합니다 테이프 디스펜서와 함께 사용: 테이프가 테이프 디스펜서를 부드럽게 미끄러집니다(테이프 디스펜서 포함) 패키지 구성: 한 패키지에는 1.9cm(0.75인치) 디스펜서가 있는 6개의 롤이 포함되어 있습니다. x 1.650cm(650인치), 2.5cm(1인치). 코어 SCOTCH 브랜드: 최고의 프로젝트는 Scotch 가정 및 사무실 테이프로 시작됩니다(2022년 NPD 데이터 기반)","Scotch Magic Greener Tape는 찢어짐과 찢어짐을 고치고 문서를 전시하고 상자 안에 패키지를 포장하기 위한 환경 친화적인 선택입니다. 투명 테이프는 53% 식물 기반 소재로 만들어져 오리지널 Scotch 매직 테이프의 친환경 버전입니다. 모든 강도와 유지력을 가지고 있으며 오리지널 매직 테이프처럼 사라집니다. 무광 마감의 이 보이지 않는 테이프는 사용 중인 표면과 잘 어울리며 빠른 수리 또는 프로젝트 추가에 이상적입니다. 이 투명 테이프는 펜, 연필 또는 마커로 쓸 수 있기 때문에 찢어지거나 찢어진 문서 및 학교 프로젝트를 고정하는 데에도 적합합니다. Scotch Magic Greener Tape는 영구적이고 안전한 종이 수선에 이상적이므로 학교 용품이나 사무용품에 추가하기에 좋습니다. 접착 테이프는 롤에서 부드럽게 미끄러지며 테이프 디스펜서에서 바로 편리하게 사용할 수 있도록 쉽게 자를 수 있습니다(테이프 디스펜서는 포함되지 않음). 부착하기 쉬운 디자인으로 사진에 안전합니다. 한 패키지에는 1.9cm(0.75인치) 디스펜서가 있는 6개의 테이프 롤이 포함되어 있습니다. x 1.650cm(650인치), 2.5cm(1인치). 코어.","['테이프', '디스펜서', '롤', '학교', '매직', '패키지', '사무', '프로젝트', '기반', '수리']"
사무용품,테이프,사무용 테이프 디스펜서,,B0BVC15SKS,"재미있는 동물 사무용품, 원숭이 테이프 디스펜서, 독특한 책상 액세서리, 13.9cm(5.25인치)",Wowser,25400,25400,4.2,10.0,"테이프 디스펜서는 바나나 껍질에 놓인 디테일한 원숭이가 바나나 사이에 테이프 커터로 롤러 홀더를 잡고 있습니다. 테이프는 포함되지 않습니다 소재: 수지, 플라스틱, 금속 사이즈: 길이 13.3cm x 너비 7.6cm x 높이 7.9cm, 표준 테이프 롤 1개 보관 이 미끄럼 방지 독특한 디스펜서를 책상, 테이블, 카운터 또는 선물 포장 스테이션에 쉽게 놓을 수 있는 독립형 모든 사무실 또는 작업 공간을 보완하는 동시에 기능적인 용품이기도 합니다",,"['테이프', '디스펜서', '바나나', '독특하다', '책상', '원숭이', '홀더', '롤', '방지', '미끄럼']"
사무용품,테이프,사무용 테이프 디스펜서,,B0CGNQDPMP,"테이프 디스펜서 2개, 도넛 모양 캔디 컬러 테이프 디스펜서 도넛 보이지 않는 테이프 커터 테이프 오거나이저 휴대용 롤 테이프 홀더 사무실 또는 학교 용품용(블루, 그린)",Hibucuo,10096,10096,4.7,3.0,"소재: 고품질 플라스틱, 아름답고 내구성이 뛰어납니다 미니 사이즈 도넛: 7.7x3cm(3x1.2인치), 원하는 곳에 놓을 수 있습니다. 색상: 블루, 핑크 독특하고 귀여운 도넛 모양으로 디자인되어 아이들에게 인기 있고 생생한 색상으로 책상을 밝게 하고 작업 공간을 개인화할 수 있습니다 다양한 장식 아이템을 편리하게 테이핑하여 봉투를 밀봉하거나 조각을 부착하거나 책상을 장식하는 데 사용할 수 있습니다 접착 테이프를 쉽게 교체할 수 있으며 다양한 사무용 접착 테이프를 분배할 수 있습니다","특징: 패키지: 2피스 하트 선택 가능. 테이프를 자르는 데 문제가 있습니까? 테이프를 한 손으로 나사를 만지고 다른 손으로 자르시겠습니까? 이 멋진 제품은 테이프를 분배하는 동안 멀티 태스킹을 할 수 있으며, 타이핑이나 글을 쓰는 동안 전화로 통화하는 동안 쉽게 사용할 수 있습니다. 테이프 디스펜서는 가정과 사무실에서 없어서는 안될 필수품으로, 선물 포장부터 일상적인 밀봉에 이르기까지 많은 프로젝트에 일반적인 솔루션을 제공합니다.","['테이프', '도넛', '디스펜서', '손', '장식', '사무실', '밀봉', '접착', '블루', '분배']"
사무용품,테이프,사무용 테이프 디스펜서,,B0CN17JRFN,"15팩 데스크탑 테이프 디스펜서 미끄럼 방지 베이스 테이프 디스펜서 책상 테이프 디스펜서 테이프 롤 디스펜서, 사무실 홈 스쿨용, 테이프 미포함",Colarr,48461,48461,2.9,4.0,"풍부한 수량: 15개의 블랙 데스크탑 테이프 디스펜서(테이프는 포함되어 있지 않음)를 받게 되며, 신뢰할 수 있고 실용적이며 일상 생활에서 사용 및 교체 요구 사항을 충족할 수 있는 충분한 수량으로 다른 사람들과 공유할 수 있습니다 공간 절약: 각 테이프 디스펜서는 약 16 x 6.6 x 6.6cm(6.3 x 2.6 x 2.6인치) 크기로 휴대가 간편하고 컴팩트하여 공간을 많이 차지하지 않으므로 책상이나 테이블에 넣어 빠르게 사용할 수 있어 많은 편리함을 제공합니다 긴 사용 시간: 당사의 테이프 디스펜서 책상은 고품질 플라스틱 소재를 채택하여 튼튼하고 견고하며 쉽게 깨지거나 변형되지 않으며 색이 바래지 않으며 스테인리스 스틸 블레이드는 쉽게 녹슬지 않으므로 오랫동안 안심하고 사용할 수 있습니다 미끄럼 방지 및 실용성: 테이프 롤 디스펜서는 미끄럼 방지 베이스로 설계되어 디스펜서를 제자리에 고정하여 사용 시 원치 않는 움직임을 방지할 수 있으며 블레이드가 단단히 설치되어 쉽게 떨어지지 않아 사용 과정을 더 안전하게 만듭니다 다양한 용도: 책상 테이프 디스펜서는 사무실, 가정, 학교, 공장, 상점, 레스토랑 및 테이프가 필요한 기타 장소에 적합하며 선물 포장 테이프, 투명 테이프 등을 절단하는 데 사용할 수 있으며 일상적인 사용에 이상적입니다","특징: 이 사무용품은 대부분의 사람들의 미학에 맞춰 심플하고 우아한 블랙 색상으로 제공되며 다양한 장식 스타일과 잘 어울립니다. 책상용 테이프 홀더는 가족, 친구, 동료, 이웃 등을 위한 이상적인 선물이 될 수 있으며 사랑과 보살핌을 보여주며 기꺼이 받을 것입니다. 사양: 소재: 플라스틱, 스테인리스 스틸. 색상: 블랙. 사이즈: 약 16 x 6.6 x 6.6 cm 패키지 구성: 데스크탑 테이프 디스펜서 15개. 참고: 수동 측정, 사이즈에 약간의 오차가 있을 수 있습니다. 화면 디스플레이의 차이로 인해 색상이 약간 다를 수 있습니다. 사진의 테이프는 포함되어 있지 않습니다. 뾰족한 부분이 포함되어 있어 아이들은 긁힘을 방지하기 위해 성인의 감독 하에 사용해야 합니다.","['테이프', '디스펜서', '책상', '방지', '블랙', '미끄럼', '데스크탑']"
사무용품,테이프,사무용 테이프 디스펜서,,B0CFDSX5PF,"Yahenda 보이지 않는 테이프 및 리필 가능한 디스펜서 96개 1.8 x 248.8cm(0.7 x 985인치) 투명 테이프 리필 필기 가능한 테이프 디스펜서 포함, 사무실 홈 스쿨용 책상 테이프",Yahenda,42921,42921,3.9,3.0,"풍부한 선택: 96개의 테이프 홀더와 96개의 쓰기 가능한 테이프를 받게 되며, 강한 접착력으로 사무용 테이프 벌크를 종이, 판지 및 기타 물체에 붙일 수 있습니다. 테이프가 떨어질 염려가 없으며 일상적인 사용에 적합합니다. 수량은 교체 요구 사항을 충족하기에 충분합니다. 가족, 친구 또는 이웃과 공유하는 것도 좋습니다 올바른 사이즈: 미니 테이프 디스펜서의 크기는 약 10.2 x 7.6 x 2.5cm(4 x 3 x 1인치)이며 보이지 않는 테이프 너비는 약 18mm(0.7인치), 길이는 약 2.5cm(999인치), 내부 직경은 약 2.5cm(1인치)로 대부분의 스핀들 테이프 디스펜서에 적합합니다. 디스펜서는 컴팩트하고 휴대가 간편하며 휴대와 보관이 쉽고 부담이 없습니다. 테이프 테이프 를 수용 할 수 있습니다 길이 약 1500인치, 너비 1.3cm(1/2인치), 너비 1.9cm(3/4인치), 지름 2.5cm(1인치) 테이프 커터: 테이프 디스펜서는 고품질 플라스틱 소재로 만들어져 쉽게 깨지지 않으며 스테인리스 스틸 블레이드가 있어 녹슬지 않고 자르기 쉽고 단단히 설치되며 쉽게 떨어지지 않으며 사용하기 쉽고 안전하며 잡기 쉽고 유연하며 신뢰할 수 있습니다 보이지 않는 테이프: 무광 표면의 보이지 않는 테이프는 제공된 테이프 디스펜서로 쉽게 자를 수 있으며 테이프 리필의 끝은 고르게 찢어지며 펜, 연필, 볼펜 또는 마커 펜으로 쉽게 쓸 수 있습니다. 반투명 디자인으로 그림이나 텍스트를 차단하지 않고 단어를 쉽게 쓸 수 있습니다 적용 가능한 장면: 투명 테이프 리필 롤 및 테이프 홀더 세트는 선물 포장 테이프 절단, 테이프 고정 등에 좋은 조합입니다. 보이지 않는 테이프는 파일, 노트북, 찢어진 종이를 수리할 수 있으며 공예, 실수 수정 및 선물 포장에도 도움이 되며 사무실, 가정, 학교, 상점, 레스토랑 및 접착 테이프가 필요한 기타 장소에도 널리 적용됩니다","특징: 디스펜서용 테이프 리필은 섬세하고 실용적으로 설계되어 유창한 사용 경험을 제공합니다. 사랑하는 사람에게 선물로 보내 생일이나 중요한 축제에 놀라움을 선사하여 사랑을 보여줄 수 있습니다. 투명 테이프는 사용이 간단하고 신뢰할 수 있으며 교체 및 공유하기에 충분하며 무게가 가볍고 휴대가 간편하여 많은 편리함을 제공합니다. 사양: 테이프 디스펜서 소재: 플라스틱 테이프 디스펜서 색상: 투명. 사이즈: 테이프 디스펜서: 약 10.2 x 7.6 x 2.5cm(4 x 3 x 1인치). 보이지 않는 테이프: 너비 약 0.7인치/18mm, 길이 985인치/25m, 내부 지름은 약 2.5cm(1인치)입니다. 패키지 구성: 테이프 디스펜서 96개. 보이지 않는 테이프 96개. 참고: 수동 측정, 사이즈에 약간의 오차가 있을 수 있습니다. 화면 디스플레이의 차이로 인해 색상이 약간 다를 수 있습니다. 절단 위험이 있을 경우 어린 아이들의 손이 닿지 않는 곳에 보관하십시오.","['테이프', '디스펜서', '보이지', '리필', '가능하다', '투명']"
사무용품,테이프,사무용 테이프 디스펜서,,B0CM9S3MXN,"클라우드 테이프 디스펜서, 내구성이 뛰어나고 세련된 귀여운 데스크탑 테이프 디스펜서 사무용품, 무지개 테이프 재미있는 클라우드 포장 포장 문구 용품",SHOIKOM,11066,11066,3.9,4.0,"【혁신적인 클라우드 디자인】클라우드 테이프 디스펜서는 작업 공간에 창의성과 기발한 터치를 제공합니다. 독특한 구름 모양은 실용적인 목적을 제공하면서 책상에 재미있는 요소를 더합니다. 【깔끔한 절단을 위한 날카로운 날】디스펜서에는 마모되거나 찢어지지 않고 테이프를 쉽게 자를 수 있는 날카로운 날이 장착되어 있습니다. 들쭉날쭉한 가장자리와 지저분한 테이프와 작별 인사를 하세요! 【매력적이고 눈길을 끄는 제품】귀엽고 매력적인 데스크탑 테이프 디스펜서로 군중 속에서 돋보이세요. 눈길을 끄는 디자인으로 사무실을 방문하는 모든 사람의 관심을 끌 것입니다. 【휴대용 및 다용도】이 테이프 디스펜서는 작고 가벼워 사무실 및 이동 중에도 사용하기에 적합합니다. 밀봉, 포장 또는 장식이 필요한 곳 어디에나 가져가세요. 【쉬운 사용】당사의 테이프 디스펜서는 쉽게 테이프를 분배할 수 있도록 설계되었습니다. 테이프를 스풀에 말아서 블레이드를 밀어 넣고 원하는 길이로 쉽게 떼어낼 수 있습니다. 사용하기 쉽습니다",,"['테이프', '디스펜서', '클라우드', '포장', '디자인', '날카롭다', '사무실', '데스크탑', '매력', '재미있다']"
사무용품,테이프,사무용 테이프 디스펜서,,B011OPUWSE,Acrimet 프리미엄 데스크탑 테이프 디스펜서 미끄럼 방지 베이스 (튼튼함) (딥 블루 색상),Acrimet,20636,20636,4.6,309.0,"현대적이고 세련된 공간 절약형 디자인으로 사무실 책상이나 가정용으로 필수적입니다. 견고한 미끄럼 방지 베이스와 표면에 강한 그립감을 제공하는 무게. 상자 닫기, 선물 포장, 메모 붙여넣기, 문서 밀봉, 와시 테이프로 장식 등을 매일 쉽게 할 수 있습니다. 한 손으로 작동. 측면 홈(슬랙 없음). 완벽한 테이프 피팅. 표준 테이프와 호환됩니다. 특수 스테인리스 스틸 블레이드는 오래 사용할 수 있도록 제작되어 균일한 절단을 제공합니다. 2.5cm(1인치) 플라스틱 코어가 함께 제공됩니다. 전체 치수: 길이 15.2cm / 너비 7.6cm / 높이 7.6cm (*테이프 미포함)",,"['테이프', '미끄럼', '베이스', '방지', '선물', '상자', '사무실', '블루', '블레이드', '붙여넣기']"
사무용품,테이프,사무용 테이프 디스펜서,,B094MNHZ31,Blueshyhall 블링 블링 크리스탈 럭셔리 핸드메이드 다이아몬드 데스크탑 테이프 디스펜서 사무실 문구 패션 소녀 여성용 (시니 크리스탈 AB),Blueshyhall,38766,38766,4.8,17.0,"실용성--당사의 테이프 디스펜서는 기존 크기의 테이프 롤을 담을 수 있으므로 모든 브랜드를 사용할 수 있으며 완벽하게 작동합니다. 미끄럼 방지 베이스 덕분에 튼튼하여 테이프를 빠르게 벗겨내고 잘 사용할 수 있습니다 스타일리시함--이 테이프 디스펜서는 광택이 나고 반짝임을 제공하는 고품질 라인스톤 덕분에 책상을 멋지게 꾸미는 완벽한 방법입니다 고품질 - 날카로운 칼날이 있어 저하되지 않아 테이프를 몇 개 들고 다니기 매우 쉽습니다. 모든 것이 안전하게 만들어졌기 때문에 깨질 염려가 없습니다 완벽한 선물--절대 광택을 잃지 않는 고품질 라인스톤으로 제작되어 항상 책상에서 반짝임을 볼 수 있습니다! 친구와 가족에게 선물뿐만 아니라 회사 기념품으로도 좋은 선택입니다. 이 멋진 라인스톤 세트는 화려하고 고급스러운 제품을 사랑하는 사람들에게 완벽한 선물입니다 사용 가능--사무실, 집, 호텔, 학교 또는 필요한 모든 곳에 이상적입니다",,"['테이프', '완벽하다', '디스펜서', '선물', '라인', '스톤', '사무실', '광택', '블링', '크리스탈']"
사무용품,테이프,사무용 테이프 디스펜서,,B092R48DWB,6피스 투명 눈에 보이는 와시 테이프 디스펜서 멀티 마스킹 테이프 커터 롤 테이프 홀더 오거나이저 데스크탑 사무실 테이프 홀더 DIY 스티커 롤 테이프 커터 홀더 보관 테이프 커팅,Outus,26301,26301,4.3,196.0,"다양한 적용 시나리오: 실용적이고 안전한 테이프 커터, 적용 시나리오는 매우 넓습니다. 사무실, 학교, 가족 활동, 스크랩북, 예술 프로젝트 및 기타 테이프 절단 및 테이프 보관에 매우 적합합니다 내구성 있는 소재: PS 및 ABS 소재로 제작되어 매우 강하고 내구성이 뛰어나며 쉽게 다치지 않으며 수명이 깁니다. 테이프의 보관 및 절단이 통합되어 있습니다. 커터에는 두 개의 톱니가 있습니다. 두 개의 톱니 모양의 가장자리는 손가락을 다치지 않고 테이프를 찢을 수 있을 만큼 거칠습니다. 수공예품을 좋아하는 아이들에게 안전합니다. 필요에 따라 선택할 수 있습니다 다기능: 공예 테이프 또는 마스킹 테이프 및 기타 테이프를 절단하는 데 사용할 수 있습니다. 테이프 보관에도 사용할 수 있습니다. 투명한 프레임 디자인, 내부는 한눈에 투명하며 매우 세련되고 아름답게 보입니다 스태킹 디자인: 테이프 커터의 상단과 하단의 돌출된 지지 다리는 2개의 디스펜서를 쌓을 수 있어 공간을 절약할 수 있어 단단히 접을 수 있어 책상 공간을 절약하고 책상을 깨끗하고 깔끔하게 보이게 합니다 제품 구성: 각각 6개의 테이프 커터, 옐로우, 베이지, 그린 3가지 색상. 일상적인 필요를 충족하기에 충분한 수량; 크기는 10.2 x 8.9 x 6.6cm(4 x 3.5 x 2.6인치)로 다양한 테이프에 적합합니다",,"['테이프', '커터', '보관', '홀더', '구성', '절단']"
사무용품,테이프,사무용 테이프 디스펜서,,B0BZHXDZB2,"귀여운 사무실 테이프 디스펜서 데스크탑 미끄럼 방지 베이스, 롤 1개 포함, 1.3cm(0.5인치) X 33m(33야드) 사무실 테이프 - 홈 오피스 용품 재미있는 책상 액세서리 사무실 테이프 디스펜서, 핑크",AMOGATO,11066,11066,3.7,21.0,"【패키지 구성】 테이프 디스펜서 1개와 사무실 테이프 롤 1개. 【다양한 용도】- 세련되고 현대적인 디자인으로 책상에 잘 어울리며 완벽한 홈 오피스 및 선물 포장 테이프 디스펜서로 사용할 수 있습니다. 【쉬운 작동】—테이프 디스펜서에는 고품질의 날카로운 톱니 블레이드가 있어 테이프를 쉽게 찢을 수 있습니다. 【테이프 분리기 소재】 테이프 디스펜서 책상은 고품질 플라스틱 소재로 만들어져 쉽게 깨지지 않으며 스테인리스 스틸 블레이드가 특징이며, 쉽게 녹슬지 않으며 자르기 쉽습니다. 【고객 만족이 가장 중요합니다】-Amogato는 최고의 쇼핑 경험을 제공합니다. 문제가 있거나 요청이 있으시면 언제든지 저희에게 연락하십시오. 문제를 해결하기 위해 최선을 다할 것입니다. 또한 저희 제품에 만족하지 못하셨다면 전액 환불해 드릴 수 있습니다.",,"['테이프', '디스펜서', '사무실', '책상', '홈', '문제', '오피스', '블레이드', '롤']"
사무용품,테이프,사무용 테이프 디스펜서,,B0CM3SRYPQ,"럭셔리 핸드메이드 다이아몬드 데스크탑 테이프 디스펜서, 데스크탑 테이프 디스펜서 테이프 디스펜서 테이프 홀더 사무실 테이프 디스펜서, 다이아몬드 데스크탑 테이프 디스펜서, 사무실용",Generic,29902,29902,5.0,1.0,"당사의 테이프 디스펜서는 기존 크기의 테이프 롤을 담을 수 있으므로 모든 브랜드를 사용할 수 있으며 완벽하게 작동합니다! 미끄럼 방지 베이스 덕분에 견고합니다. 즉, 테이프를 빠르게 벗겨내고 잘 사용할 수 있습니다! 이 테이프 디스펜서는 오래 지속되는 광택과 반짝임을 제공하는 고품질 라인스톤 덕분에 책상을 멋지게 꾸밀 수 있는 완벽한 방법입니다! 품질이 저하되지 않는 날카로운 날이 있어 테이프를 가지고 다니기가 매우 쉽습니다. 모든 것이 안전하게 만들어져 깨지는 것에 대해 걱정할 필요가 없습니다. 화려함을 좋아하는 모든 사람을 위한 사려 깊은 선물인 이 멋진 라인스톤 테이프 디스펜서는 차를 화려하게 만들고 고급스러운 아이템을 좋아하는 사람들에게 완벽한 선물입니다. 사랑하는 사람에게 관심을 보여주세요! 고품질 커팅 블레이드는 수년간 지속됩니다. 부착된 허브는 분실되거나 잘못 배치되지 않습니다. 내구성이 뛰어나고 견고합니다. 자신과 사랑하는 사람을 위한 완벽한 선물이 될 것입니다","럭셔리 핸드메이드 다이아몬드 데스크탑 테이프 디스펜서, 데스크탑 테이프 디스펜서 테이프 디스펜서 테이프 홀더 사무실 테이프 디스펜서, 다이아몬드 데스크탑 테이프 디스펜서, 사무실용","['테이프', '디스펜서', '데스크탑', '사람', '다이아몬드', '완벽하다', '선물']"
사무용품,테이프,사무용 테이프 디스펜서,,B0B3MKMGCT,"Creative Tape 펜 홀더, 레트로 카세트 테이프 디스펜서, 문구 책상 깔끔한 용기, 사무용품 정리함 연필 컵",NFASHIONSO,13836,13836,4.0,12.0,"안전하고 내구성이 뛰어난 ABS 플라스틱으로 제작되어 스테인리스 스틸 테이프 디스펜서는 테이프를 쉽게 자를 수 있도록 도와줍니다 펜 홀더일 뿐만 아니라 숨겨진 테이프 디스펜서로도 사용할 수 있습니다. 최대 30개의 펜이나 연필, 종이 클립, 푸시 핀, 탄성 밴드 또는 스테이플과 같은 작은 문구류를 담을 수 있습니다 복고풍의 창의적인 카세트 모양, 추억과 역사 감각으로 가득합니다. 졸업식, 생일, 개학 및 크리스마스를 위한 훌륭한 선물입니다. 책상을 정리하고 언제든지 재미를 가져다 주는 데 적합합니다 대략적인 치수(cm): 16.7cm x 5.9cm x 10.9cm",책상 장식뿐만 아니라 보관 방법으로 사무용품을 테이블에 똑바로 세우고 안정적으로 보관할 수 있습니다. 사랑스럽고 실용적인 디자인은 친구에게 선물로 좋은 선택이 될 것입니다.,"['펜', '테이프', '책상', '정리', '디스펜서', '연필', '선물', '카세트', '사무']"
사무용품,테이프,사무용 테이프 디스펜서,,B0CLKVGKWJ,"Handicraft 우주 비행사 스타일 데스크탑 테이프 디스펜서, 스틸 톱니 테이프 커터, 미끄럼 방지 바닥 고무 패드가 있는 수제 테이프 홀더, 책상 액세서리 사무실 및 가정, 우주 비행사 우주 테마",Hunter Jay's,20761,20761,3.8,17.0,"우주 비행사 스타일 디자인: 표준 테이프 디스펜서뿐만 아니라 탁월한 외관과 기능을 갖춘 테이프 디스펜서. 미끄럼 방지 패드가 포함되어 있으며 디스펜싱 중에 미끄러짐을 방지합니다. 가정/사무실: 우주 애호가를 위해 재미있는 테이프 디스펜서는 집이나 직장에 기쁨과 즐거움을 제공합니다. 독특한 외관 때문에 모든 작업 공간에 가장 귀여운 테이프 홀더입니다. 내구성 있는 품질: 이 테이프 디스펜서는 내구성이 뛰어난 품질의 폴리레진으로 만들어져 미학적으로 만족스러울 뿐만 아니라 오래 지속됩니다. 강도와 내구성으로 수년 동안 테이프를 안정적으로 분배할 수 있습니다. 그러나 이 소재를 떨어뜨리면 파손될 수 있습니다. 표준 사이즈 테이프 롤과 호환: 작업, 공예 또는 선물 포장 루틴에 빈티지한 우아함을 더하든, 이 디스펜서는 표준 크기의 테이프 롤을 담을 수 있도록 제작되었기 때문에 일상 업무에 적합합니다.",,"['테이프', '디스펜서', '우주', '표준', '구성', '방지', '비행사', '홀더', '작업', '롤']"
사무용품,테이프,사무용 테이프 디스펜서,,B0BV8FYQKR,"공룡 Sitting on a Toilet 테이프 디스펜서, 독특한 책상 액세서리, 재미있는 사무용품, 14cm(5.5인치)",Wowser,26439,26439,4.5,15.0,"테이프 디스펜서는 발 사이에 테이프 커터로 롤러 홀더를 잡고 있는 화장실에 앉아 있는 디테일한 공룡이 특징입니다. 테이프는 포함되지 않습니다 소재: 수지, 플라스틱, 금속 사이즈: 길이 11.4cm(4.5인치) x 너비 5.1cm(2인치) x 높이 14cm(5.5인치), 표준 이 미끄럼 방지 독특한 디스펜서를 책상, 테이블, 카운터 또는 선물 포장 스테이션에 쉽게 놓을 수 있는 독립형 모든 사무실이나 작업 공간을 보완하는 동시에 기능적인 공급품으로도 완벽한 악센트",,"['테이프', '디스펜서', '책상', '공룡', '독특하다', '사무실', '사무', '보완', '방지', '발']"
사무용품,테이프,사무용 테이프 디스펜서,,B0CY22WMTR,"8팩 와시 테이프 디스펜서 홀더, 투명 아크릴 테이프 디스펜서 커터, 롤 테이프 홀더 오거나이저, 학교, 사무실 및 가정의 커터 마스킹 테이프에 적합, DIY용 (투명)",Tellyouwin,27686,27686,4.6,7.0,"1. 소재: 테이프 디스펜서 책상은 PP+ABS로 만들어져 견고하고 쉽게 깨지지 않으며 독특한 냄새가 없습니다. 2. 패키지 포함: 8팩 투명 책상 와시 테이프 디스펜서 홀더가 있습니다. 책상 마스킹 테이프 디스펜서 오거나이저의 크기는 9.1 x 10.3 x 7cm(3.6 x 4 x 2.75인치)입니다. 3. 이중 톱니 디자인: DIY 테이프를 와시 테이프 디스펜서에 넣을 수 있으며 원하는 테이프 길이를 자를 수 있습니다. 사용하기 쉽고 테이프를 자르기에 편리합니다. 4. 특징: 와시 테이프 디스펜서 홀더는 매우 가볍습니다. 와시 테이프를 쉽게 쌓을 수 있으며 와시 테이프를 스풀에 쉽게 넣을 수 있습니다. 두 손을 사용하여 테이프를 분배하고, 테이프의 끝을 그로브에 눌러 디스펜서에 떨어지지 않도록 합니다. 두께에 따라 5-7개의 테이프 롤에 맞습니다. 5. 다양한 용도: 홈 상단과 눈에 띄는 지지 다리의 하단에는 공간을 절약하기 위해 두 개의 디스펜서를 겹쳐서 사무실/학교/가정 활동, 스크랩북, 예술 프로젝트 등에 적합합니다.","패키지 포함: 아크릴 와시 테이프 디스펜서 홀더 4개. 소재: 아크릴 색상: 투명. 테이프 커터일 뿐만 아니라 테이프를 위한 정교한 홀더이기도 합니다. 각 디스펜서에 여러 개의 테이프를 담을 수 있으며 책꽂이, 스테이플 또는 고무 밴드 등과 같은 작은 사무실 물건에도 넣을 수 있습니다. 고급 아크릴 및 톱니 디자인으로 제작된 테이프 디스펜서는 내구성이 뛰어나며 사무실이나 집에서 와시 테이프, 공예 테이프 및 접착 테이프를 절단하는 데 적합합니다. 이중 톱니 디자인, 하나는 희소한 톱니가 있고 다른 하나는 치아가 더 밀도가 높습니다. 원하는 한쪽을 선택하십시오. 다음 사용을 위해 테이프 헤드를 붙이면 테이프를 다시 찢을 필요가 없습니다.","['테이프', '디스펜서', '홀더', '투명', '아크릴', '사무실']"
사무용품,테이프,사무용 테이프 디스펜서,,B0BZHRS8F6,"귀여운 데스크탑 테이프 디스펜서 미끄럼 방지 베이스, 롤 1개 포함, 1.3cm X 33야드 사무실 테이프 - 홈 오피스 용품 재미있는 책상 액세서리 사무실 테이프 디스펜서, Makaron 퍼플",AMOGATO,11066,11066,4.0,6.0,"【패키지 구성】 테이프 디스펜서 1개와 사무실 테이프 롤 1개. 【다양한 용도】- 세련되고 현대적인 디자인으로 책상에 잘 어울리며 완벽한 홈 오피스 및 선물 포장 테이프 디스펜서로 사용할 수 있습니다. 【쉬운 작동】—테이프 디스펜서에는 고품질의 날카로운 톱니 블레이드가 있어 테이프를 쉽게 찢을 수 있습니다. 【테이프 분리기 소재】 테이프 디스펜서 책상은 고품질 플라스틱 소재로 만들어져 쉽게 깨지지 않으며 스테인리스 스틸 블레이드가 특징이며, 쉽게 녹슬지 않으며 자르기 쉽습니다. 【고객 만족이 가장 중요합니다】-Amogato는 최고의 쇼핑 경험을 제공합니다. 문제가 있거나 요청이 있으시면 언제든지 저희에게 연락하십시오. 문제를 해결하기 위해 최선을 다할 것입니다. 또한 저희 제품에 만족하지 못하셨다면 전액 환불해 드릴 수 있습니다.",,"['테이프', '디스펜서', '사무실', '책상', '홈', '문제', '오피스', '블레이드', '롤']"
사무용품,테이프,사무용 테이프 디스펜서,,B0BBKVPWF6,"테이프 디스펜서 책상 12롤 투명 귀여운 소형 테이프 디스펜서 포장 리필 보이지 않는 테이프 데스크탑 테이프 디스펜서 크리스마스 선물 포장 사무실 가정 학교 용품 (그린, 클래식)",Sabary,19376,19376,4.0,63.0,"멋진 조합: 패키지에는 포장 테이프 디스펜서 1개와 테이프 12롤이 포함되어 있습니다. 실용적인 조합은 일상적인 요구 사항과 교체품을 충족시킵니다. 친구 및 아이들과 공유할 수 있습니다 사이즈 세부 정보: 테이프 디스펜서의 크기는 약 10 x 6 x 4cm(3.99 x 2.37 x 1.57인치), 테이프 롤은 1.8cm x 25m(0.71 x 82피트)이며, 적절한 크기로 보관 및 휴대가 편리합니다. 가방에 넣기만 하면 됩니다 쉬운 절단: 소박한 테이프 디스펜서는 톱니 모양의 절삭날이 있어 테이프를 쉽게 자를 수 있습니다. 필요에 따라 테이프를 원하는 길이로 자를 수 있으며 다른 도구 없이 작동이 간단합니다 대부분의 물체에 단단히 부착: 디스펜서용 테이프 롤은 강한 접착력으로 설계되었으며, 아크릴 접착 소재로 종이, 판지 등과 같은 대부분의 물체와 표면에 단단히 부착됩니다. 지속적으로 떨어질 염려가 없습니다 적절한 용도: 투명 테이프 롤 디스펜서는 선물 포장 테이프, 양면 테이프, 고정 테이프, 투명 테이프 등을 자를 수 있으므로 사무실, 가정, 학교, 상점, 레스토랑 및 테이프가 필요한 기타 장소에 적합합니다",,"['테이프', '디스펜서', '롤', '포장', '투명']"
사무용품,테이프,사무용 테이프 디스펜서,,B0BWYBXQCZ,"양면 테이프 롤러, 접착 스크랩북 접착 테이프, 공예 및 예술 프로젝트를 위한 접착 테이프 디스펜서 러너, 스크랩북용 포토 테이프 3팩",Tamaki,9681,9681,4.4,788.0,"패키지 포함: 편리한 밸류 팩에 3개의 접착 스크랩북 테이프. 각 디스펜서는 8mm x 8m(0.31 x 315인치)의 양면 테이프를 담을 수 있습니다. 이 접착 테이프 디스펜서는 무산성 및 보관 안전, 작고 편리하게 휴대할 수 있습니다. 테이프 롤러는 접착제를 적용하여 걸림 없이 부드럽게 작동하여 필요한 시간과 노력을 줄여줍니다. 쉽게 붙일 수 있는 양면 테이프는 선물 포장, 봉투 밀봉 및 공예에 이상적입니다.",,"['테이프', '접착', '양면', '디스펜서', '스크랩', '공예', '롤러', '편리하다', '북']"
사무용품,테이프,사무용 테이프 디스펜서,,B07HFKLJ6V,Streamline Imagined 귀여운 인어 테이프 디스펜서,Streamline Imagined,27686,27686,4.6,647.0,"Streamline 인어 테이프 디스펜서 - 필수 책상 액세서리 이 귀여운 인어는 여러분을 위한 예상치 못한 선물 테이프와 함께 바다에서 왔습니다. 인어 테이프 디스펜서는 선물 상자에 담겨 제공되어 선생님, 친구 또는 인어 팬에게 훌륭한 선물입니다. 해안 디자인은 바다에서 편안한 하루를 떠올리게 할 것입니다. 이 기발한 테이프 디스펜서는 모든 책상이나 사무실에 장식적이고 기능적입니다. 셀로판 테이프의 표준 롤을 담을 수 있습니다(미포함). 사이즈: 길이 15.9cm x 너비 8.3cm x 높이 10.2cm",,"['테이프', '인어', '디스펜서', '선물', '귀엽다', '바다', '책상']"
사무용품,테이프,사무용 테이프 디스펜서,,B0BWYYZ9R1,"Rooster 참신한 테이프 디스펜서, 동료를 위한 상징적인 선물, 자신감과 행운, 15.2cm(6인치)",Needzo,27533,27533,4.8,7.0,"수탉 테이프 디스펜서는 내구성이 뛰어난 수지 소재로 제작되었습니다 디스펜서의 크기는 15.2 x 7.6 x 10.2cm(6 x 3 x 4인치)입니다 디스펜서 바닥에는 대부분의 표면에 부착되는 고무 그립이 있습니다 수탉은 종종 자신감, 행운, 보호를 나타냅니다 테이프 디스펜서는 상사, 동료, 대학생, 교사 등을 위한 멋진 선물입니다",,"['디스펜서', '테이프', '행운', '자신감', '수탉', '동료', '선물', '보호', '교사', '구성']"
사무용품,테이프,사무용 테이프 디스펜서,,B0CF5NPC72,"MECLOUR 멀티 롤 열 테이프 디스펜서 6피스 승화 2.5cm(1인치) + 7.6cm(3인치) 코어 더블 릴 코어 승화, 열 전달 테이프용, 구획 슬롯 세트가 있는 반자동 테이프 디스펜서",MECOLOUR,23531,23531,4.2,26.0,"편리하고 포괄적인 제품 - 열 전달 테이프 디스펜서는 2.5cm(1인치) 코어, 7.6cm(3인치) 코어, 미니 커터 1개, 열 테이프 2개, 측정 눈금자 1개, 보관 실리콘 링 1개를 포함한 모든 필요한 구성 요소가 포함되어 있어 다양한 작업을 위한 다용도 도구입니다. 듀얼 코어 호환성 - 내열성 테이프 디스펜서는 직경 2.5cm(1인치) 및 7.6cm(3인치)의 스풀이 있어 다양한 코어 크기 사이에서 쉽게 전환할 수 있습니다. 칸막이 슬롯 세트가 있는 반자동 테이프 디스펜서 향상된 생산성 - 열 테이프용 승화 테이프 디스펜서의 귀여운 회전 물레방아 디자인은 한 번의 회전으로 여러 열 전달 테이프 스트립을 동시에 절단하고 분배할 수 있어 승화 작업을 보다 효율적으로 만듭니다. 물레방아에서 몇 개의 이빨을 분리할 때마다 장갑을 낀 상태에서도 손가락을 들어 올릴 수 있는 넓은 공간이 있습니다 높은 안전 사이드 커터 블레이드 디자인--- 측면 테이프 디스펜서 책상용 커터 블레이드는 어린이 보호 기능을 위한 온/오프 스위치가 내장되어 있으므로 사용하기 전에 전원을 켜기 위해 약간의 힘을 가해야 합니다. 정리된 워크스테이션 - 열 테이프 디스펜서에 부착된 펜 홀더는 마커, 샤피, 연필 및 가위를 보관하고 정리할 수 있도록 설계되어 열 프레스 승화, 공예 및 선물 포장 애호가의 요구를 충족합니다.",,"['테이프', '열', '디스펜서', '코어', '승화', '커터', '전달']"
사무용품,테이프,사무용 테이프 디스펜서,,B09YQ6TGMW,글리터 테이프 디스펜서 블링 크리스탈 럭셔리 핸드메이드 다이아몬드 데스크탑 테이프 디스펜서 테이프 홀더 사무실 테이프 홀더 사무실 소녀 여성 책상 사무실 학교 선물 용품 열 전달 테이프 승화 테이프 2개 포함,Eersida,21453,21453,3.7,60.0,"멋진 조합: 데스크탑 테이프 디스펜서 1개와 테이프 2롤을 받게 됩니다. 멋진 조합으로 사용 요구 사항을 충족할 수 있으며 반 친구 및 동료와 공유할 수도 있습니다 휴대용 사이즈: 테이프 홀더의 크기는 약 154 x 65 x 76 mm/ 6.06 x 2.56 x 2.99 인치, 가볍고 휴대가 간편하여 백팩에 쉽게 넣을 수 있으며 많은 수납 공간을 차지하지 않습니다 내마모성 소재: 사무실 테이프 디스펜서는 플라스틱 소재로 만들어져 강하고 마모에 강하며 쉽게 깨지지 않습니다. 표면의 다이아몬드는 신중하게 제작되어 쉽게 떨어지지 않습니다 반짝이는 디자인: 참신한 테이프 디스펜서의 표면은 라인스톤 디자인으로 매우 매력적이고 아름답게 보입니다. 사무실과 공부 공간에 우아함과 세련미를 더할 수 있습니다 다양한 용도: 글리터 테이프 디스펜서 책상은 사무실, 회사, 학교, 교실, 상업 행사, 소매점 및 쇼핑몰에 사용할 수 있으며 책상과 카운터에 장식으로 놓을 수도 있습니다","특징: 실용적인 선물: 책상과 테이프용 귀여운 테이프 홀더를 친구, 이웃, 가족 및 동료에게 보내면 따뜻한 마음과 친절을 보여줄 수 있습니다. 이 선물을 받는 사람은 매우 행복할 것입니다. 편리한 휴대: 귀여운 책상 테이프 디스펜서는 휴대와 사용이 편리합니다. 우아하고 정교한 외관을 가지고 있어 집과 사무실을 더욱 개인화할 수 있습니다. 사양: 소재: 플라스틱 색상: 사진과 같음. 사이즈: 약 154 x 65 x 76 mm/ 6.06 x 2.56 x 2.99 인치. 패키지 구성: 데스크탑 테이프 디스펜서 1개. 테이프 롤 2개. 참고: 수동 측정, 사이즈에 약간의 오차가 있을 수 있습니다. 화면 디스플레이의 차이로 인해 색상이 약간 다를 수 있습니다.","['테이프', '디스펜서', '사무실', '책상', '휴대', '홀더', '데스크탑', '선물']"
사무용품,테이프,사무용 테이프 디스펜서,,B0CF1ZR3ZZ,"무게감 있는 미끄럼 방지 베이스가 있는 데스크탑 테이프 디스펜서, 귀여운 사무실 테이프 디스펜서, 블루",QILIMA,13836,13836,,,"미끄럼 방지 베이스: 당사의 데스크탑 테이프 디스펜서는 무거운 미끄럼 방지 베이스로 설계되어 과도한 사용 중에도 제자리에 고정됩니다. 더 이상 테이프 디스펜서를 쫓지 마세요! 귀엽고 기능적: 이 QILIMA 데스크탑 테이프 디스펜서는 실용성과 사랑스러운 디자인을 결합했습니다. 책상에 귀여움을 더하면서 목적을 완벽하게 제공합니다. 간편한 테이프 디스펜싱: 테이프 디스펜서를 사용하면 번거로움 없이 테이프를 쉽게 분배할 수 있습니다. 매끄러운 절삭날은 정밀한 절단이 가능하며 찢어지거나 고르지 않은 가장자리의 좌절감을 제거합니다. 범용 호환성: 이 테이프 디스펜서는 표준 크기의 테이프 롤과 호환되므로 사무용품에 다양하게 추가할 수 있습니다. 가정, 학교 또는 직장에서 필요하든 상관없이 모두 사용할 수 있습니다. 내구성 있는 구조: 고품질 소재로 제작된 이 테이프 디스펜서는 오래 사용할 수 있도록 제작되었습니다. 기능이나 매력을 잃지 않고 일상적인 사용을 견딜 수 있습니다.",무게감 있는 미끄럼 방지 베이스가 있는 QILIMA 데스크탑 테이프 디스펜서를 소개합니다. 이 귀엽고 기능적인 테이프 디스펜서는 사무실이나 작업 공간에 완벽한 추가 아이템입니다. 무게감 있는 미끄럼 방지 베이스가 특징인 이 테이프 디스펜서는 제자리에 단단히 고정되어 테이프를 분배하는 동안 쫓을 필요가 없습니다. 귀여운 디자인은 책상에 개성을 더하여 즐거운 액세서리가 됩니다. 테이프 디스펜서로 테이프를 디스펜싱하는 것이 그 어느 때보다 쉬워졌습니다. 매끄러운 절삭날은 정밀한 절단이 가능하여 찢어지거나 고르지 않은 가장자리의 좌절감을 제거합니다. 테이프를 잡고 날을 가로질러 당기기만 하면 됩니다. 당사의 테이프 디스펜서는 표준 크기의 테이프 롤과 호환되므로 다양한 용도에 적합합니다. 봉투를 밀봉하거나 선물을 포장하거나 테이프가 필요한 기타 작업에 필요한 경우 이 디스펜서가 여러분을 보호해 드립니다. 이 테이프 디스펜서는 기능적일 뿐만 아니라 오래 사용할 수 있도록 제작되었습니다. 내구성이 뛰어난 소재로 제작되어 기능이나 매력을 잃지 않고 일상적인 사용을 견딜 수 있습니다. QILIMA 데스크탑 테이프 디스펜서로 사무용품을 업그레이드하고 작업 공간에 가져다주는 편리함과 귀여움을 즐기세요. 오늘 주문하고 지저분한 테이프 디스펜서와 작별 인사를 하세요!,"['테이프', '디스펜서', '방지', '베이스', '미끄럼', '데스크탑', '귀엽다', '제작']"
사무용품,테이프,사무용 테이프 디스펜서,,B07S6SB71S,Multibey 아크릴 2.5cm(1인치) 코어 데스크탑 접착 테이프 디스펜서 커터 테이프 포함 대리석 사무실 학교 선물 아이디어 (대리석 인쇄-골드),MultiBey,16024,16024,4.3,235.0,"1. 대리석 커버, 골드 블레이드 및 코어. 사무실, 학교 및 가정뿐만 아니라 현대 예술 작품을 위한 현대적이고 세련된 책상 액세서리. 1. [소재] 고품질 아크릴 ABS 쉘+ 금속 블레이드 및 내부 롤러. 무게감 있는 베이스, 날카로운 날, 테이프를 쉽고 편리하게 자를 수 있습니다. 3. [사이즈] 11.9 x 3.6 x 6.6 cm, 2.5 cm (4.7 x 1.4 x 2.6 인치), 2.5 cm (1 인치)를 초과하지 않는 표준 크기의 접착 테이프 또는 와시 용지에 맞습니다 4. [미끄럼 방지] 바닥에 4개의 투명 미끄럼 방지 매트가 있어 책상에서 더 안정적입니다. 5. [용도] Mutibey 데스크탑 테이프 디스펜서는 편리합니다. 밀봉, 조각 부착, DIY 공예 예술 프로젝트 등과 같은 사무실 가정 또는 학교 활동에 사용할 수 있습니다.",,"['테이프', '학교', '사무실', '대리석', '가정', '데스크탑', '방지', '디스펜서', '현대', '아크릴']"
사무용품,테이프,사무용 테이프 디스펜서,,B09Z3M14FS,Streamline Imagined 빈티지 플라워 테이프 디스펜서,Streamline Imagined,27686,27686,4.5,74.0,"빈티지 플라워 테이프 디스펜서는 최대 너비 1.9cm(3/4인치), 길이 2.5cm(1인치) 길이의 표준 테이프 롤을 담을 수 있습니다(미포함). 제품 사이즈 길이 15.2cm(6인치) x 너비 6.7cm(2.6인치) x 높이 8.9cm(3.25인치) 고품질 수지: 프리미엄 수지로 제작된 이 테이프 디스펜서는 시각적으로 눈에 띄는 것이 아니라 오랜 시간 동안 견딜 수 있도록 제작되었습니다. 견고한 구조로 앞으로 몇 년 동안 책상에서 신뢰할 수 있는 동반자가 될 것입니다. 표준 테이프 롤 호환성: 표준 크기의 테이프 롤을 담을 수 있도록 설계된 이 디스펜서는 작업, 공예 또는 선물 포장 루틴에 빈티지 매력을 더하는 등 일상 작업에 완벽하게 맞습니다. 트위스트가 있는 책상 장식: 빈티지 플라워 테이프 디스펜서로 작업 공간을 높이고 평화, 사랑, 활기찬 창의성의 시간으로 자신을 데려가세요. 독특한 디자인은 긍정성을 퍼뜨리고 인생의 다채로운 순간을 축하하기 위해 끊임없이 상기시켜줍니다. 플라워 파워 디자인: 이 테이프 디스펜서는 단순한 기능적인 도구 그 이상입니다. 대담한 표현 조각입니다. 선명한 빨간색과 노란색 꽃잎과 줄기의 무성한 녹색으로 60년대와 70년대 플라워 파워 무브먼트의 정신을 구현합니다. 그것은 폭발적인 색상과 긍정성의 상징입니다.","빈티지 꽃 테이프 디스펜서를 소개합니다. 꽃의 힘, 평화, 사랑의 멋지고 활기찬 시대로 돌아가는 시간 여행으로, 모두 믿을 수 없을 정도로 멋진 책상 액세서리로 포장되어 있습니다. 빈티지 꽃 테이프 디스펜서는 단순한 사무실 액세서리가 아닙니다. 추억의 길을 걷는 여행, 향수를 축하하며 작업 공간을 밝게 하는 다양한 색상입니다. 봉투를 밀봉하거나, 선물을 포장하거나, 단순히 복고풍의 매력에 감탄할 때 이 디스펜서는 일상 작업에 꽃의 힘을 불어넣습니다. 과거에 대한 감사와 다채롭고 활기찬 미래에 대한 열정을 반영하는 기능적인 예술 작품입니다. 60년대와 70년대의 정신을 받아들이고 빈티지 플라워 테이프 디스펜서로 책상에 향수를 더하세요. 단순한 사무실 도구 그 이상입니다. 항상 사랑, 긍정 및 창의성을 퍼뜨리는 것을 상기시켜줍니다. 오늘 작업 공간에 멋진 분위기를 가져오고 꽃의 힘이 당신의 하루에 영감을 줍니다.","['테이프', '디스펜서', '작업', '플라워', '빈티', '꽃', '단순하다', '책상', '멋지다', '롤']"
사무용품,테이프,사무용 테이프 디스펜서,,B0CTF6Z3QD,"귀여운 작은 테이프 디스펜서, Clound Devil Demon 아동용 테이프 커터 데스크탑, 미끄럼 방지 베이스 - 홈 오피스 용품 재미있는 책상 액세서리 사무실 테이프 디스펜서 학생 소녀 소년 아동용",Hibucuo,8988,8988,,,"사랑스러운 구름 디자인: 사랑스러운 구름 모양의 작은 악마 패턴 사무실 테이프 디스펜서 1개. Cloud Devil 디자인으로 책상을 장식할 수 있습니다 고품질 소재: 테이프 디스펜서는 고품질 플라스틱으로 만들어져 쉽게 깨지지 않으며 스테인리스 스틸 블레이드가 특징이며 녹슬지 않으며 절단이 매우 쉽습니다 사이즈: 11.2x6.2x4.1cm(4.4x2.4x1.6인치), 너비 1.9cm(0.75인치) 미만의 모든 테이프에 적합합니다. 포함: 무지개 테이프 1롤(소형) 쉬운 절단: 귀여운 클라우드 테이프 디스펜서는 날카롭고 단단하며 절단 효율이 높으며 종이 테이프와 PVC 테이프를 절단하는 데 적합합니다 매일, 축제 또는 새로운 학기에 아이들을 위한 훌륭한 선물로, 작은 고양이를 좋아할 것이며, 작은 책상을 장식할 수도 있습니다.","매우 섬세하고 직장에서 책상에 너무 귀여워 보입니다. 귀여운 곰 사무용품으로 지루한 책상 공간을 꾸며보세요. 캐릭터 디자인은 실용적인 사무실 공간에 따뜻한 느낌을 주어 자신에게 완벽한 또는 사랑하는 사람을 위한 선물로 좋습니다. 특징: 색상: 핑크, 그린, 블루, 화이트 사이즈: 11.2cm x 6.7cm x 6.2cm 테이프 길이: 17 야드 블레이드: 스테인리스 스틸. 적용 가능: 테이프 너비 ≤ 1.9cm(0.75인치). 패키지 포함: Clound Devil Design 테이프 디스펜서 1개 레인보우 테이프 롤 1개.","['테이프', '디스펜서', '책상', '귀엽다', '절단', '작다', '디자인', '사무실']"
사무용품,테이프,사무용 테이프 디스펜서,,B0CNVGFNQY,"참신한 테이프 디스펜서, 동물 수달 테이프 디스펜서, 수달 애호가 선물, 귀여운 문구 세트, 책상 사무실용 동물 테이프 커터, 최대 5cm/2인치 너비 x 0.7cm/0.28인치 테이프 보관",Edlike,26301,26301,5.0,2.0,"나무늘보 테이프 디스펜서는 고품질 수지 소재로 만들어졌으며 테이프 디스펜서는 매일 사용할 수 있을 만큼 내구성이 뛰어나고 튼튼합니다. 이 테이프 디스펜서는 테이프를 빠르고 깔끔하게 자를 수 있는 고품질 컷이 있어 손을 보호할 수 있습니다. 학교, 가정 및 사무실에서 책상을 장식할 수 있는 귀여운 동물 문구 아이템입니다. 귀여운 나무늘보 디자인의 실용적인 책상 액세서리, 모든 나무늘보 애호가를 위한 완벽한 선물 아이디어. 테이프 너비 5cm/2인치에 적합합니다. 테이프 두께는 0.7cm/0.28인치입니다 다용도 사무실 데스크탑 테이프 커터 디스펜서는 테이프 롤을 안전하게 고정하도록 인체 공학적으로 설계되었습니다. 몸체는 강하고 무게감 있는 소재로 만들어져 매우 오랫동안 적절한 작동을 보장하고 작동이 쉽고 노동력이 적어 작업 시 절약할 수 있습니다. 저희는 제품의 품질에 자신이 있습니다. 어떤 이유로든 구매에 만족하지 못하는 경우 당사에 문의하십시오. 저희는 30일 환불 및 평생 을 제공합니다. 위험 부담 없는 쇼핑을 위한 100% 만족 보장!","나무늘보 테이프 디스펜서는 고품질 수지 소재로 만들어졌으며 테이프 디스펜서는 매일 사용할 수 있을 만큼 내구성이 뛰어나고 튼튼합니다. 이 테이프 디스펜서는 테이프를 빠르고 깔끔하게 자를 수 있는 고품질 컷이 있어 손을 보호할 수 있습니다. 학교, 가정 및 사무실에서 책상을 장식할 수 있는 귀여운 동물 문구 아이템입니다. 귀여운 나무늘보 디자인의 실용적인 책상 액세서리, 모든 나무늘보 애호가를 위한 완벽한 선물 아이디어. 테이프 너비 5cm/2인치에 적합합니다. 테이프 두께는 0.7cm/0.28인치입니다. 패키지: 수달 테이프 디스펜서 1개","['테이프', '디스펜서', '나무늘보', '책상', '귀엽다', '동물', '애호가', '사무실', '선물', '수달']"
사무용품,테이프,사무용 테이프 디스펜서,,B0BV8BHWNR,"T-Rex 테이프 디스펜서, 재미있는 사무용품, 독특한 책상 액세서리, 14cm(5.5인치)",Wowser,25400,25400,5.0,5.0,"테이프 디스펜서: 꼬리 사이에 테이프 커터로 롤러 홀더를 잡고 등에 놓인 디테일한 공룡이 특징입니다. 테이프는 포함되지 않습니다 소재: 수지, 플라스틱, 금속 사이즈: 길이 14cm x 너비 5cm x 높이 7.6cm, 표준 테이프 롤 1개 보관 이 미끄럼 방지 독특한 디스펜서를 책상, 테이블, 카운터 또는 선물 포장 스테이션에 쉽게 놓을 수 있는 독립형 모든 사무실 또는 작업 공간을 보완하는 동시에 기능적인 용품이기도 합니다",,"['테이프', '디스펜서', '책상', '독특하다', '디테일', '보관', '방지', '미끄럼', '롤러', '롤']"
사무용품,테이프,사무용 테이프 디스펜서,,B08DDCGNR9,투명 아크릴 테이프 디스펜서 책상 접착 테이프 디스펜서 홀더 메탈릭 무지개 톤 2.5cm(1인치) 금속 코어 사무실 학교 가정 문구 용품(투명 및 무지개 톤),NatSumeBasics,16190,16190,4.8,35.0,"【현대적인 디자인】 -- 무지개 톤 테이프 롤러, 무지개 톤 톱니 블레이드 및 바닥에 미끄럼 방지 매트가 있는 화려한 투명 아크릴 바디 데스크탑 사무실 및 학교 테이프 디스펜서, 책상 액세서리에 이상적입니다 【고품질 소재】 -- 내구성이 뛰어난 투명 아크릴과 스테인리스 스틸 소재로 제작되어 어떤 장식과도 잘 어울립니다. 모든 것을 손끝으로 깔끔하게 정리하고 보관할 수 있습니다 【치수】 -- 테이프 홀더 크기는 너비가 25mm(1인치) 미만인 테이프의 경우 120mm x 35mm x 65mm(4.72x1.37x2.55인치))입니다. 사무실 책상 장식에 적합합니다 【용도】 -- 현대적인 디자인은 책상에 잘 어울리며 아름다움과 기능이 모두 결합되어 자신, 친구, 대학생, 사무실 또는 인생의 특별한 사람을 위한 완벽한 선물입니다. 여러분은 최고를 누릴 자격이 있습니다! 【패키지】 -- 패키지 당 흰색 종이 상자에 투명 아크릴 바디 무지개 톤 테이프 디스펜서 1개.",,"['테이프', '투명', '무지개', '톤', '디스펜서', '아크릴', '책상', '사무실', '장식', '현대']"
사무용품,테이프,사무용 테이프 디스펜서,,B0857KSYM2,Pine Ridge 곰 테이프 디스펜서 테이블 탑 - 블랙 베어 책상 테이프 디스펜서 튼튼함 - 귀여운 테이프 디스펜서 블랙 베어 사무용품 - 테이블용 소박한 황야 홈 데코 - 데스크탑 테이프 디스펜서,Pine Ridge,24916,24916,3.5,101.0,"선물 아이디어 - 이 동물 테이프 디스펜서는 야외 또는 검은 곰을 사랑하는 친구, 동료 또는 가족에게 훌륭한 선물입니다! 다용도 - 사무실 책상이나 오두막에 장식하기 위해 놓든, 이 재미있는 테이프 디스펜서는 당신에게 완벽합니다. 치수 - 사무실 액세서리를 추가하는 것은 얼굴에 미소를 짓게 하는 완벽한 방법입니다. 크기는 7.6 x 12.7 x 8.9cm(3 x 5 x 3.5인치)로 모든 크기의 책상이나 테이블에 적합합니다!",Pine Ridge 책상 장식에는 재미있는 블랙 베어 테이프 디스펜서가 포함되어 있습니다. 많은 칭찬을 받을 동물 모양의 테이블 장식 아이템으로 개성을 뽐내세요. 이 제품은 사무실이나 가정 환경에 적합하며 어떤 경우에도 선물로 이상적입니다. 이 제품을 집들이 선물로 주거나 추첨 상품의 일부로 학교에서 선물하세요. 활용 방법은 끝이 없습니다!,"['디스펜서', '테이프', '선물', '책상', '테이블', '사무실', '장식', '블랙', '완벽하다', '재미있다']"
사무용품,테이프,사무용 테이프 디스펜서,,B09BKZPBZ4,"독특한 아크릴 스테이플러, 두꺼운 미끄럼 방지 베이스 테이프 디스펜서 세트 골드, 손쉬운 걸림 방지 데스크탑 스테이플러 밸류 키트, 25장 용량 및 스테이플 100개 보관",Mouchoi,29029,29029,4.1,35.0,"【손쉬운 절약 디자인】최대 50%의 힘을 절약하는 간편한 원 핑거 골드 스테이플러로 고통스러운 스테이플링에 작별 인사를 하세요. 모든 스테이플링 경험을 매끄럽고 스트레스 없이 만듭니다. 【애프터 서비스】번거롭지 않은 애프터 서비스를 위한 스테이플러의 연장 및 전담 고객 지원으로 마음의 평화를 얻으세요. 【기본 파라미터】아크릴 스테이플러는 너비 14.9cm(5.91인치) x 높이 3.8cm(1.42인치) x 깊이 6.1cm(2.4인치)이며 테이프 디스펜서는 너비 16.03cm(6.03인치) x 높이 4.8cm(1.81인치) x 깊이 8.9cm(3.39인치)입니다. 【패셔너블한 외관】골드 제품 라인으로 작업 공간에 화려함을 더하세요. 아름답게 디자인된 골드 스테이플러와 테이프 디스펜서로 고급스러움을 즐기면서 책상을 깨끗하고 간단하게 유지하세요. 【20장 스테이플 용량】스테이플 리무버가 있는 스테이플러 이상은 없습니다! 20매 스테이플링 용량과 최대 100개의 스테이플을 담을 수 있는 이 스테이플러는 사무실, 가정 또는 교실에 적합합니다. 【호환성】0.6cm(1/4인치) 길이의 다리가 있는 표준 크기의 스테이플과 호환되므로 문서를 안전하게 고정할 수 있습니다. 【걸림 방지 스테이플러】걸림 방지 기술로 스테이플이 구부러지거나 실화되는 것을 방지하여 더 부드러운 스테이플링 동작을 보장하므로 일반적인 스테이플러로 걸리거나 실화되어 발생하는 좌절감을 줄이세요.",,"['스테이플러', '방지', '링', '골드', '테이프', '디스펜서', '애프터', '서비스', '손쉽다', '디자인']"
사무용품,테이프,사무용 테이프 디스펜서,,B0CG1BDW3V,"데스크탑 귀여운 사무실 테이프 디스펜서 및 스테이플러 세트 - 한 손 작동을 위한 미니 스테이플러 도구, 핑크",QILIMA,16606,16606,4.6,12.0,컴팩트한 디자인: 이 QILIMA 데스크탑 귀여운 사무실 테이프 디스펜서 및 스테이플러 세트는 데스크톱에 적합한 미니 사이즈로 쉽게 접근하고 보관할 수 있습니다. 간편한 한 손 작동: 한 손 작동 기능으로 스테이플링이 쉽고 편리해져 바쁜 사무실 환경에 이상적입니다. 편안함을 위한 확장된 디자인: 스테이플링 도구의 확장된 디자인은 편안한 그립감을 제공하여 사용할 때마다 부드럽고 편안한 스테이플링을 보장합니다. 자동 리바운드: 스테이플러는 사용 후 자동으로 리바운딩되어 여러 문서를 스테이플링할 때 시간과 노력을 절약합니다. 미끄럼 방지 베이스: 미끄럼 방지 베이스는 커터가 항상 테이블 상단에 단단히 부착되도록 합니다. 이렇게 하면 커터의 위치에 대한 걱정 없이 정확한 절단에 더 집중할 수 있습니다. 뿐만 아니라 미끄럼 방지 베이스는 테이블 상단을 커터로 인한 긁힘과 손상으로부터 보호합니다. 데스크톱에 자국을 남길 걱정 없이 자신 있게 커터를 사용할 수 있습니다.,,"['커터', '스테이플러', '링', '사무실', '미끄럼', '손', '디자인', '베이스', '방지', '편안하다']"
사무용품,테이프,사무용 테이프 디스펜서,,B0BVCVN7MR,"화장실 위에 앉는 난쟁이 테이프 디스펜서, 재미있는 사무용품, 독특한 책상 액세서리, 13.9cm(5.25인치)",Wowser,23641,23641,5.0,5.0,"테이프 디스펜서: 바지 사이에 테이프 커터로 롤러 홀더를 잡고 화장실에 앉아 있는 디테일한 난쟁이가 특징입니다. 테이프는 포함되지 않습니다 소재: 수지, 플라스틱, 금속 사이즈: 길이 10.2cm(4인치) x 너비 5.1cm(2인치) x 높이 13.3cm(5.25 이 미끄럼 방지 독특한 디스펜서를 책상, 테이블, 카운터 또는 선물 포장 스테이션에 쉽게 놓을 수 있는 독립형 모든 사무실 또는 작업 공간을 보완하는 동시에 기능적인 용품이기도 합니다",,"['테이프', '디스펜서', '화장실', '난쟁이', '독특하다', '책상', '미끄럼', '보완', '방지', '바지']"
사무용품,테이프,사무용 테이프 디스펜서,,B08KXQ3DTQ,"3팩 투명 가시성 데스크탑 멀티 와시 마스킹 테이프 디스펜서, 테이프 커터, 롤 테이프 홀더, 사무실 아크릴 테이프 홀더 디스펜서 책상용 (베이지/그린/오렌지)",Pottiis,17991,17991,4.1,99.0,"●한 세트 구성 - 3팩 투명한 가시성 데스크탑 멀티 와시 마스킹 테이프 디스펜서, 색상(베이지/오렌지/그린), 사이즈(약 10.4 x 9.1 x 7.1 cm). ● 소재 - 고급 아크릴과 톱니 디자인으로 제작된 테이프 디스펜서는 내구성이 뛰어나며 사무실이나 가정에서 와시 테이프, 공예 테이프 및 접착 테이프를 절단하는 데 적합합니다. ●간편한 사용 - 플라스틱 톱니는 테이프를 자를 수 있을 만큼 날카롭지만 손가락을 쉽게 자르지는 않습니다. 커터에는 두 가지 사이즈가 있습니다. 필요에 따라 선택할 수 있습니다. 제품 왼쪽에서 도구를 이동하여 공구 크기를 변경할 수 있습니다. 편리하고 실용적입니다. ●다용도 - 테이프 커터일 뿐만 아니라 3개의 디스펜서로 15mm 테이프 롤을 15mm까지 담을 수 있습니다. 공예 테이프나 마스킹 테이프, 메모 롤을 보관할 수 있을 뿐만 아니라 반지, 목걸이 등과 같은 액세서리를 넣을 수 있습니다 ● - 와시 테이프 디스펜서의 쌓기 및 조립 디자인으로 디스펜서 위에 4개의 홈이 있다는 것을 확인할 수 있습니다. 다른 하나는 삽입하여 책상 공간을 절약할 수 있습니다.","제품 크기/소재 -크기: 10.3cm X 9.1cm X 7.1cm (4.1 X 3.6 X 2.8인치). -소재: 박스 본체: PS. -톱니 + 샤프트: ABS. -무게: 107g/개. 패키지 수량 -테이프 커터 3개. -테이프는 포함되어 있지 않습니다. 애플리케이션 쇼 -직경 65 mm, 너비 75 mm의 접착 테이프를 놓을 수 있습니다. nstructions - 1: 샤프트를 오른쪽으로 돌립니다. - 2: 첫 번째 단계가 완료된 후 오른쪽으로 평행하게 당겨 샤프트를 제거합니다. - 3: 샤프트에 테이프를 줄입니다. -4: 샤프트가 상자를 통과한 후 좌측으로 샤프트를 돌립니다. 애플리케이션 시나리오 -간단하고 편리한 사용으로, 다른 길이의 테이프 필요에 따라 빠르게 자를 수 있습니다. 커터가 상대적으로 가볍기 때문에 손을 사용하여 효과를 잡는 것이 좋습니다. - 와시 테이프 디스펜서의 쌓을 수 있고 조립 디자인으로 디스펜서 상단에 4개의 홈이 있다는 것을 알 수 있으며, 다른 하나는 삽입할 수 있어 책상 공간을 절약할 수 있습니다.","['테이프', '디스펜서', '샤프트', '커터', '디자인', '마스킹', '책상', '롤']"
사무용품,테이프,사무용 테이프 디스펜서,,B00M2T3L58,"Monkey Business Jonas 고래 모양 마스킹 테이프 디스펜서, 귀여운 테이프 디스펜서, 7.6cm(3인치) 코어 테이프 디스펜서, 공예 및 사무실 사용에 이상적, 화이트",Monkey Business,27561,27561,4.6,18.0,귀엽고 기능적: 이 귀여운 7.6cm(3인치) 코어로 최대 2.5cm(1인치) 너비의 재미있는 테이프 디스펜서로 작업 공간에 기발함을 더하세요. 공예 및 사무실 사용 모두에 이상적이며 장난기와 실용성을 결합했습니다. 견고한 데스크탑 동반자: 이 책상용 테이프 홀더는 눈길을 끄는 것이 아닙니다. 견고한 테이프 디스펜서 코어로 데스크톱에 신뢰할 수 있는 미끄럼 방지 기능이 추가되었습니다. 간편한 디스펜싱: 테이프 롤로 더듬거리는 것과 작별 인사를 하세요. 7.6cm(3인치) 코어 테이프용으로 설계된 이 테이프 데스크 디스펜서는 재미를 더하면서 작업을 단순화합니다. 매끄럽고 날카로운: 테이프 디스펜서 그 이상으로 책상 예술 작품입니다. 스테인리스 스틸 커팅 블레이드는 깨끗하고 정확한 절단을 보장하며 독특한 디자인과 기능을 혼합합니다. 창의적인 선택: 예술가에게 이상적인 이 장식용 마스킹 페이퍼 디스펜서는 모든 창의적인 공간에서 기능성과 창의성을 모두 자극합니다.,"Monkey Business Jones 고래 모양 마스킹 테이프 디스펜서로 재미와 기능성의 바다로 뛰어들어 보세요! 이 매력적인 7.6cm(3인치) 테이프 디스펜서는 사무실 필수품일 뿐만 아니라 작업 공간에 즐거운 추가 아이템입니다. 실용성과 유머를 결합했습니다. 다양한 테이핑 작업을 처리하도록 설계된 Jones는 공예 애호가와 전문가 모두에게 적합합니다. 튼튼한 베이스는 한 손으로 사용할 수 있는 안정성을 보장하며, 스테인리스 스틸 블레이드는 매번 깔끔한 절단을 보장합니다. Jones는 단순한 기능적인 도구가 아니라 대화를 시작하는 도구입니다. 독특한 고래 모양은 어떤 환경에서도 기발한 느낌을 주어 가정과 사무실 환경 모두에 훌륭한 추가 아이템입니다. 이 재미있는 테이프 디스펜서는 창의성과 일상적인 작업을 혼합하는 것을 좋아하는 모든 사람에게 이상적인 선물입니다. 주요 특징: 7.6cm(3인치) 코어 테이프 롤에 이상적입니다. 미끄럼 방지 베이스와 날카로운 커팅 블레이드가 있는 내구성 있는 디자인. 책상에 개성과 효율성을 더합니다. 미소로 효율성을 받아들이세요! Monkey Business Jones 테이프 디스펜서가 테이핑 작업에 기발한 물결을 더합니다.","['테이프', '디스펜서', '작업', '코어', '사무실', '더하다', '고래', '공예', '마스킹', '보장']"
사무용품,테이프,사무용 테이프 디스펜서,,B07DPMQ9R3,"Bostitch Konnect™ 테이프 디스펜서, 프리미엄 단면 테이프, 책상에 스틱, 블루 (KT-TAPE-BLUE)",Bostitch,16592,16592,3.7,12.0,확장 블레이드는 절단 후 테이프를 고정하여 한 손으로 편리하게 분배할 수 있습니다 1.9cm(3⁄4인치) 프리미엄 단면 오피스 테이프 1롤 포함 표준 Office 테이프의 모든 표준 롤과 호환됩니다 가볍고 슬림한 디자인으로 어떤 책상에도 잘 어울립니다 konnect 코드 관리 레일에 도킹하거나 단독으로 사용할 수 있습니다,Konnect 데스크탑 테이프 디스펜서를 구입하고 모든 테이핑 작업을 즉시 완료하세요! 빠르고 쉬운 절단을 위한 확장 블레이드가 있는 이 소형 테이프 디스펜서는 여러분에게 필요한 유일한 제품입니다. 표준 테이프 디스펜서와 달리 가벼우며 모든 표준 사무실 테이프 롤과 호환됩니다. 하지만 이미 단면 테이프 한 롤이 포함되어 있어 게임에서 앞서 나갈 수 있습니다. 안정성을 위해 커넥터 코드 관리 레일에 부착하고 konnect 시스템의 독특한 기능을 활용하거나 단독으로 사용하십시오. 공간을 어수선하게 만드는 것이 골칫거리일 필요는 없습니다. Bostitch 커넥터는 간단하게 만들기 위해 여기에 있습니다. 특징: 쉬운 절단을 위한 확장 블레이드에는 4가지 색상으로 제공되는 커넥터 코드 관리에 도킹할 수 있는 사무실 테이프 단일 롤이 포함되어 있습니다,"['테이프', '롤', '표준', '디스펜서', '블레이드', '확장', '커넥터', '단면', '절단', '관리']"
사무용품,테이프,사무용 테이프 디스펜서,,B0CT39W9BK,uvbws 미니멀리스트 테이프 디스펜서 12.4cm(4.76인치) 금속 커터 데스크탑 테이프 디스펜서 사무실 학교용(로즈 골드),Generic,12451,12451,,,"소재: 고품질 철로 제작되어 견고하고 내구성이 뛰어납니다. 표면은 가공되어 매끄럽고 거친 부분이 없습니다. 아름답고 실용적: 심플하고 패셔너블한 스타일의 디자인으로 책상에 사랑스러운 느낌을 더합니다. 용도: 테이프는 일상적인 필요를 충족시키기 위해 다양한 길이로 자를 수 있습니다. 사이즈: 총 사이즈는 약 4.7"" x 1.34"" x 3.15""/121mmx 34mmx80mm (길이*너비*높이)입니다. 패키지 구성: 로즈 골드 미니멀리스트 테이프 디스펜서 1개가 제공됩니다.","특징: 1. 고품질 철로 제작되어 매끄럽고 거친 부분이 없는 표면으로 견고하고 내구성이 뛰어납니다. 2. 아름답고 실용적이며 심플하고 패셔너블한 스타일. 3. 테이프는 일상적인 필요에 맞게 다양한 길이로 자를 수 있습니다. 사양: 소재: 철. 사이즈: 4.7 ""x 1.34""x 3.15""/121mmx 34mmx80mm (L*W*H) 색상: 로즈 골드 패키지 구성: 미니멀리스트 테이프 디스펜서 1개. 공지 사항 1. 사이즈는 수동으로 측정되었으므로 1-2mm의 오차가 있을 수 있습니다. 2. 사진 및 화면으로 인해 제품 색상이 약간 다를 수 있습니다.","['테이프', '디스펜서', '구성', '리스트', '미니', '골드', '멀다', '견고하다', '스타일', '매끄럽다']"
사무용품,테이프,사무용 테이프 디스펜서,,B0D3XKC12L,"보이지 않는 다기능 테이프 2개 세트, 리필 가능한 테이프 디스펜서 쓰기 가능한 테이프 사무실 학교 문구 용품 테이프 디스펜서 리필 롤 홀더 코어 데스크탑 귀여운 미니 테이프 디스펜서 (핑크)",JJLFresheners,11841,11841,,,1,1,"['테이프', '디스펜서', '리필', '가능하다', '홀더', '학교', '핑크', '코어', '사무실', '보이지']"
사무용품,테이프,사무용 테이프 디스펜서,,B0CXPCGLD6,"6팩 양면 테이프 롤러, 0.31인치 X 32.8FT 스크랩북 테이프, 공예용 양면 테이프, 스크랩북 용품 접착제 테이프 러너, 어린이 및 성인용 스크랩북 사진 테이프",Feeona,12451,12451,4.1,39.0,"빠른 즉각적인 접착: 당사의 양면 테이프 디스펜서는 마이크로 액슬이 장착되어 있어 접착제를 모든 표면에 쉽고 빠르게 붙일 수 있습니다. 접착제 테이프 롤러는 걸림 없이 부드럽게 작동합니다. 어린이와 성인 모두에게 적합합니다. 지저분하지 않고 깨끗한 테이프 러너: 기존의 양면 테이프 또는 액체 테이프와 달리, 접착제 테이프 롤러는 건조 시간이 없으며 주름이 없어 지저분하거나 잔여물을 남기지 않아 다양한 환경에서 사용하기에 이상적입니다. 초강력 고정력: 스크랩북용 테이프 러너는 중성 및 보관 안전, 컴팩트한 디자인 품질의 소재와 부드러운 접착 테이프는 롤러 테이프 접착제가 매끄럽고 고르게 나오도록 하여 좋아하는 사진을 수십 년 동안 스크랩북에 보관하는 데 이상적입니다. 간편한 사용 및 휴대성: 부드럽게 열기만 하면 더블 스틱 테이프 탄성 커버를 사용하면 테이프 롤러는 쉽게 미끄러지며 걸림이 발생하지 않습니다. 짧은 시간 안에 실수할 경우 청소하고 다시 테이프로 붙일 수 있습니다. 가방, 주머니 또는 학생 필통에 넣을 수 있습니다. 다양한 용도: 이 양면 공예용 테이프는 예술 및 공예 프로젝트, 학교용, 선물 포장, 봉투 및 공예, 스크랩북 및 기타 가정 프로젝트에 이상적입니다.",,"['테이프', '스크랩', '양면', '롤러', '북', '접착제', '부드럽다']"
사무용품,테이프,사무용 테이프 디스펜서,,B0BKSXBGTV,4팩 투명 테이프 미니 디스펜서 세트 1.3cm(1/2인치) 매직 테이프 쓰기 가능한 투명 테이프 휴대용 수리 사무실 학교 가정용(4),BangBoom,12825,12825,4.0,25.0,"【제품 구성】 미니 테이프 커터 4팩과 보이지 않는 쓰기 가능한 테이프 세트가 제공됩니다. 그린, 블루, 핑크, 다크 핑크의 4가지 색상으로 제공됩니다. 테이프 크기: 0.47"" x 59Ft (12mm x 18m). 테이프 디스펜서 사이즈: 2.2 x 1.2 x 0.7인치 (5.5 x 3 x 1.7cm). 【실용적인 사용】 작은 톱니 톱니가 있는 테이프 커터는 커터에 부착하여 테이프를 쉽게 자를 수 있습니다. 테이프를 다 쓴 후에도 계속 사용할 수 있도록 적절한 테이프를 설치할 수도 있습니다. 작은 사이즈로 휴대가 간편합니다. 【수리 및 쓰기 가능】 보이지 않는 테이프는 찢어진 페이지를 쉽게 수리하고 종이를 복원할 수 있습니다. 테이프에 글을 쓸 수 있으며 패치가 쓸 수 없거나 공백을 형성할 염려가 없습니다. 【고품질】 미니 테이프 디스펜서는 매끄러운 표면으로 견고하며 쉽게 깨지지 않으며 내구성이 뛰어납니다. 테이프는 강한 접착력을 가진 고강도 필름으로 찢어지거나 쓸 수 있습니다. 【단어 복사】 복사 테이프를 사용하면 책에서 문장과 실수를 복사할 수 있어 필기에 비해 시간을 절약할 수 있습니다. 참고: 부드러운 종이에 사용하시고 잉크로 인쇄된 텍스트에만 사용하세요.","실용적인 보이지 않는 테이프 세트는 가질 가치가 있습니다! ● 휴대용 사이즈. 보이지 않는 테이프 세트는 작은 사이즈입니다. 주머니, 펜 가방, 필통 등에 넣을 수 있습니다. 항상 가지고 다니며 사용하세요. 다기능 테이프. 수리. 종이가 찢어질 염려가 없습니다. 자국 없이 수리할 수 있습니다. 쓰기 가능. 선명한 필기로 부드럽게 글씨를 쓸 수 있습니다. ▶ 텍스트 복사. 테이프를 텍스트에 붙이고 손으로 부드럽게 누른 다음 테이프를 찢어 텍스트를 복사할 수 있습니다. 필기에 비해 시간을 절약합니다. ● 사용자 친화적 테이프를 커터에 부착하기만 하면 바로 사용할 수 있습니다. 테이프 커터는 테이프를 쉽고 깔끔하게 분리하여 사용 중 걱정과 노력을 줄여줍니다. 테이프 디스펜서는 재사용이 가능합니다. 다양한 유형의 적절한 테이프를 설치하여 사용할 수 있습니다. ● 다양한 사용 범위. 필기 테이프 세트를 사용하여 종이를 수리하고, 선물을 포장하고, 실수를 복사하고, 문서를 밀봉하는 등을 할 수 있습니다. 사무실 직원, 선생님, 학생 등에 선물로 줄 수도 있습니다. 사무실, 학교, 창고 등에 적합합니다. 참고 사항 1. 사용 시 손과 톱날 사이의 거리에 주의하십시오. 2. 부드러운 종이에 사용할 텍스트를 복사하세요. 3. 텍스트 복사는 잉크 인쇄용이며 레이저 인쇄용이 아닙니다. 사양 색상: 4가지 색상 사이즈: 디스펜서 사이즈: 2.2 x 1.2 x 0.7인치 (5.5 x 3 x 1.7cm). 테이프 크기: 0.47"" x 59Ft (12mm x 18m). ● 패키지 구성 보이지 않는 테이프 및 커터 4개.","['테이프', '복사', '수리', '텍스트', '커터', '보이지', '디스펜서', '종이', '부드럽다', '필기']"
사무용품,테이프,사무용 테이프 디스펜서,,B0BWZVW154,"부화 공룡 에그 테이프 디스펜서, 홈스쿨 및 사무실용 선물로 책상 액세서리, 15.2cm(6인치)",Needzo,30303,30303,4.0,13.0,"부화 공룡 테이프 디스펜서는 내구성이 뛰어난 수지 소재로 제작되었습니다 디스펜서의 크기는 15.2 x 12.7 x 10.2cm(6 x 5 x 4인치)입니다 디스펜서 바닥에는 대부분의 표면에 부착되는 고무 그립이 있습니다 공룡은 종종 힘, 결의, 장애물을 극복하는 것을 나타냅니다. 테이프 디스펜서는 상사, 동료, 대학생, 교사 또는 책상에서 약간의 픽업을 고마워하는 모든 사람에게 멋진 선물입니다",,"['디스펜서', '테이프', '공룡', '선물', '책상', '부화', '힘', '바닥', '멋지다', '동료']"
사무용품,테이프,사무용 테이프 디스펜서,,B0D1VJPXL3,"소형 책상 테이프 디스펜서, 튼튼하고 귀여운 데스크탑 테이프 디스펜서, 무게감 있는 미끄럼 방지 베이스, 2.5cm(1인치) 코어 테이프에 적합 (로즈 골드)",yufocusqc,13836,13836,5.0,2.0,"튼튼한 테이프 디스펜서: 시멘트가 있는 플라스틱으로 만들어졌으며 박스 패키지는 0.28kg입니다. 한 손으로 분배할 수 있는 무게로 작업을 효과적으로 향상시킵니다. 이 세 가지 색상은 매력적이고 우아하며 멋집니다. 사이즈: 12 x 6 x 4.7cm/4.7 x 2.36 x 1.85인치로 일반 크기의 책상 테이프 디스펜서보다 약간 작지만 동일한 기능을 가지고 있습니다. 분실하거나 잘못 놓기 어려움 - 표준 테이프 너비 1.8cm/0.7인치를 담을 수 있으며 2.5cm(1인치) 코어 테이프에 사용할 수 있습니다. 고품질: 데스크탑 테이프 디스펜서는 필요한 길이의 테이프를 쉽고 빠르게 절단할 수 있는 고품질 블레이드가 있습니다. 사무실 책상 테이프 디스펜서의 바닥은 사용 시 미끄러지지 않도록 고무로 무게와 코팅되어 있습니다! 다양한 용도: 단위 중량은 0.28kg으로 세련되고 현대적이며 아름다운 사무실 홈 스쿨에 적합합니다. 철제 오리피스, 날카롭고 단단한 높은 절단 효율, 종이 테이프 및 PVC 테이프 절단에 적합합니다. 모든 데스크톱에 우아한 터치를 더합니다. 가볍고 고급스러운 색상 선택으로 책상을 쉽게 장식할 수 있습니다. 100% 만족 서비스: 귀여운 테이프 홀더에 만족하지 않으시면 만족스러운 솔루션을 제공하게 되어 매우 기쁩니다. 더 많은 종류의 테이프 디스펜서를 선택할 수 있습니다.","주요 특징 유형: 책상용 테이프 디스펜서 소재: 시멘트가 있는 플라스틱으로 제작. 사이즈: 12 x 6 x 4.7cm/4.7 x 2.36x 1.85인치 색상: 럭셔리 골드/로즈 골드/실버 좋은 톱니 블레이드. 한 손으로 작동. 패키지: 상자에 포장된 탁상용 테이프 디스펜서 1개(테이프 미포함) 사무실 및 가정 필수품 사무실에서는 말 그대로 테이프를 손끝에 두어 작업 중에 편리함을 제공합니다. 복사기, 책상 위 또는 테이프가 필요할 수 있는 모든 곳에 두십시오. 로즈골드 테이프 디스펜서는 가정용으로도 적합합니다. 훌륭한 선물 아이디어 자신, 친구, 동료 또는 특별한 사람을 위한 장식용 테이프 디스펜서로 사무실이나 가정에 재미와 기발한 것을 더하세요. 책상을 색칠하거나 새 책상을 밝게 하는 좋은 방법입니다!","['테이프', '디스펜서', '책상', '사무실', '가정', '절단', '골드']"
사무용품,테이프,사무용 테이프 디스펜서,,B0CSCRJCTF,테이프 디스펜서 귀여운 나무늘보 테이프 홀더 레진 책상 테이프 커터 나무늘보 테이프 홀더 장식품 참신한 테이프 커팅 도구 가정 학교 사무실 책상 포장 선물 13.5 x 6.6 x 7.4cm(5.3 x 2.6 x 2.9,STUIPIUL,27132,27132,4.6,3.0,"【고품질 수지】이 테이프 홀더는 수지 소재로 만들어져 안전하고 친환경적이며 견고하고 내구성이 뛰어나며 날카로운 절단으로 사용하기 쉽습니다. 【귀엽고 장식적】귀여운 나무늘보 테이프 디스펜서는 테이프를 자르고 작업 시간을 절약할 수 있을 뿐만 아니라 책상을 위한 참신하고 귀여운 장식입니다. 【쉬운 설치】나무늘보 테이프 커터는 설치가 쉽습니다. 테이프를 넣고 부드럽게 당기기만 하면 부드럽고 날카롭고 연속적으로 절단되어 시간과 노력을 절약할 수 있습니다. 【사이즈 정보】나무늘보 테이프 커터는 13.5x6.5x7.3cm(5.3x2.6x2.9인치)로 최대 직경 약 5.1cm(2인치)의 테이프에 적합합니다. 패키지에는 테이프 롤이 함께 제공되어 사무실, 선물 포장에 도움이 됩니다. 【이상적인 선물】이 나무늘보 테이프 홀더는 급우, 동료, 가족, 기념일, 생일, 크리스마스 및 기타 휴일에 친구, 특히 나무늘보 애호가를 위한 이상적인 선물입니다.",부품 목록: 나무늘보 테이프 홀더 1개. 롤러 1개. 테이프 1개. 사양: 제품 이름: 테이프 디스펜서 소재: 레진 모양: 나무늘보 제품 크기: 5.3x2.6x2.9인치/13.5x6.5x7.3cm 테이프 크기: 지름 5cm 참고: 1. 상품의 실제 색상과 사진과 약간의 차이가 있을 수 있습니다. 정확한 색상을 보여드리기 위해 최선을 다하겠습니다. 2. 수동 측정으로 인해 약간의 치수 차이가 있을 수 있습니다.,"['테이프', '나무늘보', '홀더', '선물', '귀엽다', '디스펜서', '커터', '책상']"
사무용품,테이프,사무용 테이프 디스펜서,,B0BVC71YBT,"클럽 테이프 디스펜서가 있는 골프공, 스포츠 테마 데스크탑 액세서리, 독특한 사무용품, 남성용 선물, 8.9cm(3.5인치)",Wowser,17700,17700,4.2,4.0,"테이프 디스펜서는 골프공 측면 사이에 테이프 커터로 롤러 홀더를 잡고 있는 클럽이 있는 디테일한 골프공이 특징입니다. 테이프는 포함되지 않습니다. 소재: 수지, 플라스틱, 금속 사이즈: 길이 9.5cm x 너비 8.3cm x 높이 8.9cm, 표준 테이프 롤 1개 보관 이 미끄럼 방지 독특한 디스펜서를 책상, 테이블, 카운터 또는 선물 포장 스테이션에 쉽게 놓을 수 있는 독립형 모든 사무실 또는 작업 공간을 보완하는 동시에 기능적인 용품이기도 합니다",,"['테이프', '골프공', '디스펜서', '독특하다', '클럽', '선물', '데스크탑', '독립', '남성', '금속']"
사무용품,테이프,사무용 테이프 디스펜서,,B0D3HHPPRH,"열 테이프 디스펜서 승화 - 그린 멀티 롤 세트, 열 전달 및 머그 프레스 기계용 프리컷 3.6cm(1.4인치) 피스, 0.6cm(1+3인치) 코어, 반자동 테이프 디스펜서, 열 전달 테이프",FINFINLIFE,30456,30456,4.5,501.0,"편리함 및 포괄적 - 열 전달 테이프 디스펜서는 2.5cm(1인치) 코어, 7.6cm(3인치) 코어, 랜야드가 있는 미니 커터, 1.3 x 254.4cm(0.5 x 1000인치) 보이지 않는 테이프를 포함한 모든 필요한 구성 요소가 포함되어 있어 다양한 작업을 위한 다용도 도구입니다. 듀얼 코어 호환성 - 내열성 테이프 디스펜서는 직경 2.5cm(1인치) 및 7.6cm(3인치)의 스풀이 있어 다양한 코어 크기 사이에서 쉽게 전환할 수 있습니다. 열 전달 테이프용 테이프 디스펜서는 2.5cm(1인치) 코어가 있는 1.9cm(3/4인치) 일반 스카치 테이프 2개와 7.6cm(3인치) 코어가 있는 1cm(3/8인치) 열 테이프 4개를 담을 수 있습니다. 향상된 생산성 - 열 테이프용 승화 테이프 디스펜서의 귀여운 회전식 물레방아 디자인은 한 번의 회전으로 여러 개의 3.5cm(1.375인치) 열 전달 테이프 스트립을 동시에 절단하고 분배할 수 있어 승화 작업을 보다 효율적으로 만듭니다. 유연한 테이프 절단 - 열 프레스 테이프 디스펜서는 내부 직경이 7.6cm(3인치)인 테이프를 지지하여 맞춤형 길이를 허용합니다. 승화 열 테이프 디스펜서의 안전 스위치는 안전한 사용을 보장하여 사고 위험을 줄입니다. 정리된 워크스테이션 - 열 테이프 디스펜서에 부착된 펜 홀더는 마커, 샤피, 연필 및 가위를 보관하고 정리할 수 있도록 설계되어 열 프레스 승화, 공예 및 선물 포장 애호가의 요구를 충족합니다.",,"['테이프', '열', '디스펜서', '코어', '전달', '승화', '프레']"
사무용품,테이프,사무용 테이프 디스펜서,,B0BJ7B485X,"Gadpiparty 클라우드 테이프 디스펜서, 무지개 테이프가 있는 섬세한 만화 테이프 커터, 소녀, 여성, 가정, 학교, 사무실, 문구류 용품 플라스틱 데스크탑 테이프 디스펜서",Gadpiparty,11481,11481,3.7,14.0,"【멋진 디자인】하늘의 흰 구름에서 영감을 얻었습니다. 당사의 클라우드 와시 테이프 디스펜서 디자인은 독특하지만 사용할 때 매우 실용적입니다. 디자인은 아이들을 위한 좋은 문구 도우미입니다. 【정교한 선물 및 장식】 어린이, 친구 및 가족을 위한 멋진 선물입니다. 또한 책상에 작은 장식품으로 놓을 수 있어 더 재미있게 놀 수 있습니다. 가볍고 컴팩트한 크기로 보관과 휴대가 매우 쉽습니다. 사이즈: 11.30 x 6.10 x 4.30cm / 4.44 x 2.40 x 1.69인치. 【편리한 사용】테이프를 쉽고 빠르게 자를 수 있어 가위나 가위를 사용하는 번거로움을 없애줍니다. 사랑스러운 테이프 디스펜서는 테이프를 보관하는 데 사용되며 내부의 테이프를 볼 수 있습니다. 【정교한 솜씨】당사의 데스크탑 테이프 디스펜서는 정교하며 훌륭한 장인 정신과 좋은 소재를 가지고 있으며 사랑스럽고 신뢰할 수 있습니다. 휴대용 및 재사용 가능한 디스펜서. 【다양한 용도】무지개 테이프 디스펜서와 테이프는 사무실, 학교 및 가족 활동, 스크랩북, 예술 프로젝트 등에 적합합니다. 무지개 테이프와 구름 디스펜서는 상자 닫기, 선물 포장, 메모 붙여넣기, 문서 밀봉, 와시 테이프로 장식 등에 매일 더 쉽게 사용할 수 있습니다.",,"['테이프', '디스펜서', '정교하다', '무지개', '선물', '디자인', '보관', '멋지다', '데스크탑', '클라우드']"
사무용품,테이프,사무용 테이프 디스펜서,,B0145HI7F8,"Acrimet 프리미엄 데스크탑 테이프 디스펜서 점보, 플라스틱, 미끄럼 방지 베이스 (튼튼함) (화이트 색상)",Acrimet,23406,23406,4.4,362.0,"내구성 및 오래 지속됨: 고품질 프리미엄 플라스틱으로 제작된 테이프 디스펜서는 바쁜 환경에서 일상적인 사용을 견딜 수 있도록 제작되었습니다. 견고한 구조는 내구성을 보장하여 모든 포장 요구 사항에 대한 신뢰할 수 있는 솔루션을 제공합니다. 헤비 듀티 작업에 이상적입니다 특수 블레이드: 스테인리스 스틸 블레이드는 내구성과 수명을 보장하며, 번거롭지 않은 테이프 디스펜싱을 위해 정확하고 일관된 절단을 제공합니다 미끄럼 방지 베이스: 당사의 테이프 디스펜서는 표면에 단단히 고정되는 미끄럼 방지 베이스가 특징이며, 사용 중에 미끄러지거나 움직이는 것을 방지합니다. 이 안정성은 생산성을 향상시키고 사무실, 창고, 교실, 가정 또는 공예 공간에서 작업할 때 좌절감을 최소화합니다 쉬운 테이프 로딩: 테이프 디스펜서는 사용자 친화적인 디자인으로 새 테이프 롤을 쉽게 넣을 수 있습니다. 간단한 메커니즘(플라스틱 코어 2개)으로 테이프 롤을 빠르게 교체할 수 있어 시간과 좌절감을 절약할 수 있습니다. 완벽한 테이프 피팅; 표준 테이프와 호환됩니다. 이 점보 테이프 디스펜서는 2개의 플라스틱 코어(2.5cm(1인치) 및 7.6cm(3인치) 크기)가 함께 제공되어 필요에 맞는 적절한 테이프를 선택할 수 있습니다. 전체 치수: 19.길이 1cm / 너비 9.5cm(3 3/4인치) / 높이 9.9cm(3 3/4인치) (*테이프 미포함) 다재다능하고 현대적인 디자인: Acrimet 테이프 디스펜서는 현대적인 디자인을 자랑하며 모든 작업 공간에 우아함을 더합니다. 깔끔한 라인과 세련된 외관으로 실용적인 목적을 제공할 뿐만 아니라 현대적인 미학과 견고한 내구성을 매끄럽게 결합하여 어디에서나 다용도로 사용할 수 있습니다",,"['테이프', '디스펜서', '플라스틱', '방지', '작업', '디자인', '현대', '미끄럼', '구성', '베이스']"
사무용품,테이프,사무용 테이프 디스펜서,,B00JXU6TF8,특허받은 모던 아트 테이프 디스펜서 St202 스테인리스 스틸 실버 색상 고급 책상 액세서리 사무실 정리함 접착 투명 커터 홀더 크리스마스 아버지 발렌타인 데이 선물,ArtsOnDesk,124373,124373,4.3,118.0,"최첨단 기술로 고품질 스테인리스 스틸로 제작되었습니다. 이 테이프 디스펜서는 현대 미술 작품뿐만 아니라 사무실에서 꼭 필요한 제품입니다. 특허받은 독특함. 크리스마스, 휴일, 생일, 결혼식, 졸업식, 발렌타인 데이를 위한 완벽한 선물 / 선물. 최대 너비 0.83인치(인치), 21mm(21인치), 지름 65mm(2.5인치)까지 테이프를 장착할 수 있습니다",,"['테이프', '선물', '디스펜서', '특허', '데이', '크리스마스', '스틸', '스테인리스', '발렌타인', '사무실']"
사무용품,테이프,사무용 테이프 디스펜서,,B0CKY5SHQT,"Scotch® Magic™ 디스펜서 테이프, 1.3cm x 1905cm(1/2인치 x 750인치)",Scotch,8988,9348,4.9,13.0,"출생 증명서, 최종 에세이 및 특별 사진과 같은 원본 문서를 수정하는 것보다 더 중요한 것은 없습니다. 하나의 오리지널은 다른 오리지널을 가질 자격이 있습니다. Scotch 매직 테이프는 가정, 학교 및 홈 오피스에서 선호하는 오리지널 보이지 않는 매트 마감 테이프입니다. 왜? 마법처럼 작동하기 때문에: 보이지 않습니다! 신뢰할 수 있는 3M 접착 기술을 사용하여 강력하고 안전하며 영구적인 밀봉을 제공합니다. 사용하기 쉬운 Scotch 테이프 디스펜서(포함)로 Scotch Magic Tape ro 오리지널 매트 마감, 보이지 않는 테이프. 롤 위에는 서리가 내리지 만 작업 중에는 보이지 않습니다. 수백만 명이 선호합니다. 디스펜서 포함: 리필이 쉽고 편리하게 보관할 수 있으며 항상 준비됩니다.","출생 증명서, 최종 에세이 및 특별 사진과 같은 원본 문서를 수정하는 것보다 더 중요한 것은 없습니다. 하나의 오리지널은 다른 오리지널을 가질 자격이 있습니다. Scotch 매직 테이프는 가정, 학교 및 홈 오피스에서 선호하는 오리지널 보이지 않는 매트 마감 테이프입니다. 왜? 마법처럼 작동하기 때문에: 보이지 않습니다! 신뢰할 수 있는 3M 접착 기술을 사용하여 강력하고 안전하며 영구적인 밀봉을 제공합니다. 또한 사용하기 쉬운 Scotch 테이프 디스펜서(포함)로 Scotch Magic Tape는 부드럽게 굴러가고 시간, 에너지 또는 테이프 낭비 없이 고르게 절단됩니다. 삶의 많은 찢어짐과 눈물을 안전하고 영구적이며 보이지 않게 마법처럼 고쳐보세요. 오리지널 매트 마감, 보이지 않는 테이프. 롤 위에는 서리가 내리지 만 작업 중에는 보이지 않습니다. 수백만 명이 선호합니다. 디스펜서 포함: 리필이 쉽고 편리하게 보관할 수 있으며 항상 준비됩니다. 롤에서 부드럽게 떨어지며 쉽게 자를 수 있습니다. 영구적인 종이 수선용. 펜, 연필 또는 마커로 쓰세요. 사진 안전. 프로젝트에 빠른 수리, 장착 또는 추가에 적합합니다. 마르지 않는 쉽게 부착할 수 있는 디자인.","['테이프', '보이지', '디스펜서', '선호', '영구', '마감', '매트', '롤', '마법', '안전하다']"
사무용품,테이프,사무용 테이프 디스펜서,,B0145HN3UC,"Acrimet 프리미엄 데스크탑 테이프 디스펜서 점보, 플라스틱, 미끄럼 방지 베이스 (튼튼함) (핑크 색상)",Acrimet,23406,23406,4.4,666.0,"내구성 및 오래 지속됨: 고품질 프리미엄 플라스틱으로 제작된 테이프 디스펜서는 바쁜 환경에서 일상적인 사용을 견딜 수 있도록 제작되었습니다. 견고한 구조는 내구성을 보장하여 모든 포장 요구 사항에 대한 신뢰할 수 있는 솔루션을 제공합니다. 헤비 듀티 작업에 이상적입니다 특수 블레이드: 스테인리스 스틸 블레이드는 내구성과 수명을 보장하며, 번거롭지 않은 테이프 디스펜싱을 위해 정확하고 일관된 절단을 제공합니다 미끄럼 방지 베이스: 당사의 테이프 디스펜서는 표면에 단단히 고정되는 미끄럼 방지 베이스가 특징이며, 사용 중에 미끄러지거나 움직이는 것을 방지합니다. 이 안정성은 생산성을 향상시키고 사무실, 창고, 교실, 가정 또는 공예 공간에서 작업할 때 좌절감을 최소화합니다 쉬운 테이프 로딩: 테이프 디스펜서는 사용자 친화적인 디자인으로 새 테이프 롤을 쉽게 넣을 수 있습니다. 간단한 메커니즘(플라스틱 코어 2개)으로 테이프 롤을 빠르게 교체할 수 있어 시간과 좌절감을 절약할 수 있습니다. 완벽한 테이프 피팅; 표준 테이프와 호환됩니다. 이 점보 테이프 디스펜서는 2개의 플라스틱 코어(2.5cm(1인치) 및 7.6cm(3인치) 크기)가 함께 제공되어 필요에 맞는 적절한 테이프를 선택할 수 있습니다. 전체 치수: 19.길이 1cm / 너비 9.5cm(3 3/4인치) / 높이 9.9cm(3 3/4인치) (*테이프 미포함) 다재다능하고 현대적인 디자인: Acrimet 테이프 디스펜서는 현대적인 디자인을 자랑하며 모든 작업 공간에 우아함을 더합니다. 깔끔한 라인과 세련된 외관으로 실용적인 목적을 제공할 뿐만 아니라 현대적인 미학과 견고한 내구성을 매끄럽게 결합하여 어디에서나 다용도로 사용할 수 있습니다",,"['테이프', '디스펜서', '플라스틱', '방지', '작업', '디자인', '현대', '미끄럼', '구성', '베이스']"
사무용품,테이프,사무용 테이프 디스펜서,,B00004YTJF,"Scotch 매직 테이프, 1롤, 다양한 용도, 보이지 않음, 수리용 설계, 1.9 x 1650 cm(3/4 x 650 인치), 디스펜서 (122)",Scotch,4487,4487,4.7,371.0,"오리지널 매트 마감, 보이지 않는 테이프 프로젝트에 빠른 수리, 장착 또는 추가에 적합합니다 롤 위에는 서리가 내리지 만 작업 중에는 보이지 않습니다 수백만 명이 선호함 디스펜서 포함: 리필이 쉽고 편리하게 보관할 수 있으며 항상 준비됩니다 롤에서 부드럽게 떨어지며 쉽게 자를 수 있습니다 영구적인 종이 수선용","출생 증명서, 최종 에세이 및 특별 사진과 같은 원본 문서를 수정하는 것보다 더 중요한 것은 없습니다. 하나의 오리지널은 다른 오리지널을 가질 자격이 있습니다. Scotch 매직 테이프는 가정, 학교 및 홈 오피스에서 선호하는 오리지널 보이지 않는 매트 마감 테이프입니다. 왜? 마법처럼 작동하기 때문에: 보이지 않습니다! 신뢰할 수 있는 3M 접착 기술을 사용하여 강력하고 안전하며 영구적인 밀봉을 제공합니다. 또한 사용하기 쉬운 Scotch 테이프 디스펜서(포함)로 Scotch Magic Tape는 부드럽게 굴러가고 시간, 에너지 또는 테이프 낭비 없이 고르게 절단됩니다. 삶의 많은 찢어짐과 눈물을 안전하고 영구적이며 보이지 않게 마법처럼 고쳐보세요./In 1930, 3M engineer Richard Drew invented an attractive, moisture-proof material to help grocers and bakers seal up their packages. Over 70 years later, Scotch tape boasts over 400 varieties sold under the Scotch and 3M™ brands./Now indispensible in homes and offices, Scotch tapes offer specialty and general solutions for many projects--from crafts and gift-wrapping to mounting and everyday sealing./","['보이지', '테이프', '디스펜서', '영구', '롤', '마감', '매트', '매직', '마법', '부드럽다']"
사무용품,테이프,사무용 테이프 디스펜서,,B0C3Q298W6,"5.1cm(2인치) 데스크탑 테이블 탑 테이프 및 라벨 디스펜서, 5.1cm(2인치) 테이프용 대형 데스크탑 테이프 디스펜서, 흡착 컵 흡착판이 있는 페인트 블루 스틸 프레임 TTD-05",LDS Industry,29071,29071,3.8,7.0,"너비 5.1cm(2인치) 미만의 모든 테이프용 고정식 테이프 디스펜서 매우 날카롭고 내구성이 뛰어난 스테인리스 스틸 블레이드, 테이프 롤을 쉽게 교체할 수 있습니다. 튼튼하고 내구성이 뛰어납니다. 나사 또는 흡입 컵(포함)을 사용하여 바닥이나 테블 상단에 장착할 수 있습니다 작업 중에 테이프를 디스펜서에 고정하기 위한 특수 디자인. 평생 - 100% 번거로움 없는 환불 보장. 안전한 디자인 덕분에 손상 없는 매우 신뢰할 수 있는 밀봉 박스",,"['테이프', '디스펜서', '흡착', '구성', '스틸', '데스크탑', '디자인', '컵']"
사무용품,테이프,사무용 테이프 디스펜서,,B0BVCJ6PV8,"축구 테이프 디스펜서, 스포츠 테마 데스크탑 액세서리, 독특한 사무용품, 남성용 선물, 12.1cm(4.75인치)",Wowser,23448,23448,3.1,4.0,"테이프 디스펜서는 미식축구 측면 사이에 테이프 커터로 롤러 홀더를 고정하는 디테일한 축구공이 특징입니다. 테이프는 포함되지 않습니다. 소재: 수지, 플라스틱, 금속 사이즈: 길이 12.1cm x 너비 7.6cm x 높이 7.9cm, 표준 테이프 롤 1개 보관 이 미끄럼 방지 독특한 디스펜서를 책상, 테이블, 카운터 또는 선물 포장 스테이션에 쉽게 놓을 수 있는 독립형 모든 사무실 또는 작업 공간을 보완하는 동시에 기능적인 용품이기도 합니다",,"['테이프', '디스펜서', '선물', '독특하다', '롤러', '사무', '보완', '보관', '방지', '미식축구']"
사무용품,테이프,사무용 테이프 디스펜서,,B07T3511W8,"Multibey 2019 6팩 사무실 용품 키트 문구류 책상 액세서리 세트 펜 홀더 펜슬 컵, 테이프 디스펜서, 스테이플러, 메모 노트 패드 트레이 (대리석 로즈 골드)",MultiBey,42921,42921,4.2,42.0,"1.SET INCLUDES: 1x heavy dutyStapler, 1x Pen Cup, 1x Tape Dispenser, 1x Adhesive tape, 1x Memo Pad Holder, 950 Pcs Rose gold Staple Remover(1 box). 2.QUALITY MATERIAL: Made of marble white texture durable superior plastic and rose gold stainless steel. 3.SIZE: Stapler size is 5"" x 1-1/5"" x 2-3/5""; Tape dispenser size 5"" x 2-1/2"" x 1-1/5 with 1 tape; Pen Holder size is 5”x3.5”x3.5”; Sticky Note holder size is 3.9"" x 3.7"" x 1.3""(compatible with memo pads 3 x 3 inches). 4.ANTI-SKIP: There are four non-slip rubber bases on their bottom, heavy duty, very stable on the desktop. Elegant stationery for office school N home. Great desk decor or gift idea. 5.LOOKS AWESOME ON YOUR DESK: Modern design, Deluxe two-tone marble white and golden desktop accessories set make your office beautiful and keeps your desk well organized.",,"['홀더', '펜슬', '구류', '노트', '대리석', '레이', '메모', '사무실', '스테이플러', '디스펜서']"
사무용품,테이프,사무용 테이프 디스펜서,,B0CXJ4R1KL,RUIAN 카세트 테이프 디스펜서 펜 홀더 책상 깔끔한 컨테이너 사무실 문구 보관 어린이 청소년 남아 및 여아용 (핑크),,13836,13836,,,"【교체 가능한 테이프 롤】테이프 롤은 교체할 수 있으며, 테이프 롤이 다 떨어지면 빠르고 쉽게 새 것으로 교체할 수 있습니다 【레트로 카세트 테이프 디자인】이 레트로 카세트 테이프 디자인으로 펜 홀더를 눈길을 사로잡습니다. 펜 홀더일 뿐만 아니라 테이프 디스펜서로도 사용할 수 있습니다 【프리미엄 소재】이 펜 홀더는 주로 ABS 플라스틱으로 만들어져 안전하고 내구성이 뛰어나며 스테인리스 스틸 테이프 디스펜서는 테이프를 쉽게 자를 수 있도록 도와줍니다 【이상적인 선물 선택】눈길을 사로잡는 레트로 카세트 테이프 디자인과 내구성 있는 소재로 펜 홀더는 졸업식, 생일, 개학 및 크리스마스에 훌륭한 선물이 될 수 있습니다. 3가지 색상을 사용할 수 있으며 다양한 색상으로 남아와 여아 모두에게 적합하며 사무실, 학교 및 가정용으로 적합합니다 【대용량】 16.7cm x 5.9cm x 10.9cm/6.57인치 x 2.32인치 x 4.29인치(길이x너비x높이). 최대 30개의 펜이나 연필과 종이 클립, 푸시 핀, 탄성 밴드 또는 스테이플과 같은 작은 문구류를 담을 수 있습니다","RUIAN 책상 깔끔한 레트로 펜 홀더는 사실적인 모양과 카세트 라벨 및 카세트 휠과 같은 정통 디테일로 집이나 사무실에서 문구류를 정리할 수 있는 멋진 방법입니다. 사양: 소재: ABS+스테인리스 스틸 색상: 핑크 사이즈: 치수(길이x너비x높이): 16.7cm x 5.9cm x 10.9cm/6.57"" x 2.32"" x 4.29"" 제품 구성: 다기능 홀더 1개. 디스펜스 접착 테이프 1개. 참고: 작은 코어 테이프가 포함되어 있지만 액세서리는 표시되지 않습니다.","['테이프', '펜', '홀더', '카세트', '레트로', '롤', '사무실', '구성', '디자인']"
사무용품,테이프,사무용 테이프 디스펜서,,B0CFSDSNRP,Streamline Imagined Sweetie Fox 테이프 디스펜서,Streamline Imagined,30470,27686,3.5,8.0,"사랑스러운 여우 디자인: 이 테이프 디스펜서는 기능적인 사무실 액세서리가 아니라 예술 작품입니다. 디테일에 세심한 주의를 기울여 제작된 이 제품은 사랑스러운 여우 캐릭터와 달콤한 표정이 특징입니다. 작업 공간에 사랑스러운 귀여움을 불어넣는 매력적이고 재미있는 방법입니다. 내구성이 뛰어난 레진 구조: 고품질 수지로 제작된 이 테이프 디스펜서는 시각적으로 매력적일 뿐만 아니라 오래 사용할 수 있도록 제작되었습니다. 견고하고 견고하여 앞으로 몇 년 동안 테이프를 충실하게 분배할 수 있습니다. 표준 테이프 롤에 적합: 표준 크기의 테이프 롤을 수용하도록 설계된 이 디스펜서는 실용적이고 다재다능합니다. 작업, 공예 또는 일상 작업에 사용할 때 작업 흐름에 원활하게 통합됩니다. 아름다운 오렌지 색상: Sweetie Fox 테이프 디스펜서의 생생한 오렌지 색상은 책상에 에너지와 긍정성을 더합니다. 가장 간단한 작업도 기쁨과 창의성의 원천이 될 수 있음을 시각적으로 상기시켜줍니다. 이 오렌지 테이프 디스펜서는 폴리레진, 금속 및 ABS로 제작되었습니다. 테이프 롤은 포함되지 않습니다. 치수: 길이 17.8cm(7인치) x 너비 6.6cm(2.6인치) x 높이 9.1cm(3.65","Sweetie Fox 테이프 디스펜서를 소개합니다. 작업 공간에 귀여움을 더하기 위해 기능성과 매력이 유쾌한 조화를 이룹니다. 디테일에 세심한 주의를 기울여 제작된 이 테이프 디스펜서는 마음을 사로잡을 사랑스러운 여우 디자인이 특징입니다. 사랑스러운 표정과 매혹적인 태도로 실용적인 도구일 뿐만 아니라 책상에 기발함을 더하는 매력적인 장식 작품이기도 합니다. 테이프 디스펜싱을 쉽게 할 수 있도록 설계된 Sweetie Fox 테이프 디스펜서는 미학과 실용성을 매끄럽게 결합합니다. 컴팩트한 크기와 사용하기 쉬운 디자인으로 사랑스러운 여우 동반자의 존재를 즐기면서 테이프를 쉽게 꺼내고 자를 수 있습니다. 단순한 도구 그 이상으로, 이 테이프 디스펜서는 대화를 시작하고 기쁨의 원천입니다. 고품질 소재로 제작되어 내구성과 수명을 약속하여 앞으로 몇 년 동안 작업 공간에서 사랑받는 부분으로 남을 수 있습니다. 달콤함과 따뜻함으로 일상 업무를 향상시키세요. 헌신적인 문구 애호가이든 주변 환경에 귀여움을 더하고 싶든, Sweetie Fox 테이프 디스펜서는 완벽한 선택입니다. 오늘 이 매력적인 테이프 디스펜서를 집으로 가져와 작업 공간을 좀 더 즐겁게 만드세요.","['테이프', '디스펜서', '작업', '제작', '사랑스럽다', '매력', '공간', '여우', '디자인', '더하다']"
사무용품,테이프,사무용 테이프 디스펜서,,B0BZHYW3NF,"Cute Little Demon 데스크탑 사무실 테이프 디스펜서 미끄럼 방지 베이스 - 홈 오피스 용품 재미있는 책상 액세서리 사무실 테이프 디스펜서, 블루",AMOGATO,11066,11066,2.6,4.0,"【패키지 구성】 사랑스러운 구름 모양의 작은 악마 패턴 사무실 테이프 디스펜서 1개. 【다양한 용도】- 세련되고 현대적인 디자인으로 책상에 잘 어울리며 완벽한 홈 오피스 및 선물 포장 테이프 디스펜서로 사용할 수 있습니다. 【쉬운 작동】—테이프 디스펜서에는 고품질의 날카로운 톱니 블레이드가 있어 테이프를 쉽게 찢을 수 있습니다. 【테이프 분리기 소재】 테이프 디스펜서 책상은 고품질 플라스틱 소재로 만들어져 쉽게 깨지지 않으며 스테인리스 스틸 블레이드가 특징이며, 쉽게 녹슬지 않으며 자르기 쉽습니다. 【고객 만족이 가장 중요합니다】-Amogato는 최고의 쇼핑 경험을 제공합니다. 문제가 있거나 요청이 있으시면 언제든지 저희에게 연락하십시오. 문제를 해결하기 위해 최선을 다할 것입니다. 또한 저희 제품에 만족하지 못하셨다면 전액 환불해 드릴 수 있습니다.",,"['테이프', '디스펜서', '책상', '사무실', '오피스', '블레이드', '문제', '홈']"
사무용품,테이프,사무용 테이프 디스펜서,,B0CPMPF2DL,고양이 테이프 홀더 테이프 디스펜서 책상 귀여운 테이프 디스펜서 고양이 테이프 디스펜서 테이프 디스펜서 어린이 테이프 디스펜서 귀여운 테이프 디스펜서 고양이 피규어 사무실 테이프 고양이 나무,VILLFUL,13974,13697,,,테이프 디스펜서: 가볍고 컴팩트한 크기로 보관 및 휴대가 매우 쉽습니다. 데스크탑 테이프 디스펜서: 테이프를 쉽고 빠르게 자를 수 있어 사용의 번거로움이 없습니다. 귀여운 테이프 디스펜서: 오래 지속되고 테이프를 즉시 깔끔하게 잘라냅니다. 테이프 홀더: 책상 서랍 또는 휴대용으로 편리하고 사랑스러운 고양이 모양의 테이프 디스펜서. 사무용 테이프 커터: 수평으로 당기고 빠르게 아래로 당겨 블레이드 슬라이드를 사용하여 한 손으로 테이프를 자릅니다.,,"['테이프', '디스펜서', '고양이', '귀엽다']"
사무용품,테이프,사무용 테이프 디스펜서,,B0CR78DB5K,"테이프 디스펜서 데스크탑, 귀여운 유니콘 테이프 디스펜서, 핑크 미니 테이프 디스펜서, 무지개 리필 테이프 와시 테이프 디스펜서 데스크탑 테이프 홀더 어린이 학교 사무실 문구 공예용",Hibucuo,11066,11066,,,"귀여운 데스크탑 테이프 디스펜서: 리필 가능한 디스펜서가 있는 무지개 테이프를 받게 됩니다. 패키지에는 테이프 디스펜서 1개와 다채로운 테이프 리필 1개가 포함되어 있습니다. 테이프의 내부 직경은 2.5cm(1인치), 2.5cm(1인치) 코어로 표준 투명 테이프 교체에 적합합니다. 이 테이프 디스펜서 책상을 사용할 때 매우 실용적입니다 유니콘 모양의 테이프 디스펜서: 이 유니콘 테이프 디스펜서는 장난스런 핑크 유니콘 디자인이 특징이며, 리필 가능한 디스펜서는 얼굴에 미소를 가져다 줄 것입니다. 열대 미학이나 책상 위의 팝 색상을 좋아하는 모든 사람에게 적합합니다 【내구성 있는 플라스틱 소재】: 고품질 플라스틱 소재로 제작된 이 유니콘 테이프 디스펜서는 내구성과 수명을 보장합니다. 견고한 구조는 다양한 환경에서 정기적으로 사용할 수 있도록 설계되었습니다. 매력을 잃지 않고 다양한 프로젝트를 진행할 수 있는 신뢰할 수 있는 문구 아이템입니다. 【간단하고 가벼움】1.8cm(0.7인치) 너비의 테이프 롤에 적합한 귀여운 테이프 디스펜서. 테이프 커터는 봉투를 밀봉하거나 다양한 장식 품목을 편리하게 테이핑하는 데 사용할 수 있으며 사무실 책상이나 가정용으로 없어서는 안될 필수 요소입니다 【정교한 솜씨】: 유니콘 테이프 디스펜서는 멋진 소재와 디테일에 주의를 기울인 조합이 특징인 정교한 솜씨를 보여줍니다. 장인 정신은 제품의 내구성과 미학을 모두 반영하여 책상이나 작업 공간에 즐거운 추가 아이템이 됩니다.","무지개 테이프가 있는 유니콘 테이프 디스펜서 작업 환경을 멋지게 꾸밀 수 있는 재미있는 것을 찾고 계십니까? 무지개 테이프 리필 롤이 있는 이 핑크색의 귀여운 테이프 디스펜서 책상은 사무실에 차분한 에너지를 제공하며 모든 문구류에 필요한 사항을 추적할 수 있습니다. 특징: 색상: 핑크 재료: 플라스틱 사이즈: 4.6X3.5X1.1cm 코어 사이즈: 2cm(0.8인치), 다른 투명 테이프 리필 롤을 교체할 수 있습니다.","['테이프', '디스펜서', '유니콘', '리필', '책상', '귀엽다', '무지개']"
사무용품,테이프,사무용 테이프 디스펜서,,B0D1VHWHJL,SEWACC 핑크 플라밍고 테이프 디스펜서 투명 테이프 장식 플라밍고 모양 와시 테이프 커팅 도구 책상 테이프 홀더 여름 하와이 테마 파티 홈 데코,SEWACC,21065,21065,,,"당사의 테이프 디스펜서는 잘 만들어졌으며 좋은 경험을 선사할 것입니다. 사무실, 학교 및 가족 행사, 스크랩북, 미술 프로젝트 등에 적합합니다. 테이프는 편리하고 빠르게 자를 수 있어 가위나 가위를 사용하는 번거로움을 없애줍니다. 가볍고 컴팩트한 사이즈로 보관 및 휴대가 매우 쉽습니다. 디자인은 단순하지만 테이프 디스펜서는 사용할 때 매우 실용적입니다. 우아한 테이프 디스펜서는 테이프를 보관하는 데 사용되며 내부의 테이프를 볼 수 있습니다.",,"['테이프', '디스펜서', '가위', '플라밍고', '보관']"
사무용품,테이프,사무용 테이프 디스펜서,,B0CJXY2VB7,Uonlytech 테이프 디스펜서 귀여운 테이프 커팅 도구 테이프 디스펜서 홈 데스크 테이프 디스펜서 만화 테이프 디스펜서 포장 테이프 디스펜서 데스크탑 레진 사무실 소형 테이프 액세서리,Uonlytech,27686,27686,,,"귀여운 테이프 디스펜서 나무늘보 모양 보이지 않는 테이프 홀더 귀여운 동물 테이프 커터 도구 미끄럼 방지 패드 디자인, 테이프 홀더는 가정, 사무실, 쇼핑몰 및 더 많은 장소에서 널리 사용할 수 있습니다. 테이프 홀더 만화 나무늘보 테이프 디스펜서 테이블 탑 테이프 홀더 홈 오피스용 소형 테이프 커팅 도구, 날카로운 블레이드, 테이프를 빠르고 깔끔하게 잘라냅니다. 실용적인 테이프 디스펜서는 많은 시간과 노력을 절약합니다. 잡기 쉽고 필요한 길이를 쉽게 자를 수 있습니다. 이 테이프 홀더를 사용하여 항상 가위를 찾을 필요가 없습니다. 작은 크기의 실용적이고 장식적인 테이프 커터는 배치하고 보관할 공간을 거의 차지하지 않으며 만화 나무늘보 디자인으로 인해 자신만의 장소를 다른 모습으로 만들 수 있습니다. 튼튼한 소재로 제작된 테이프 디스펜서는 훌륭한 솜씨로 장기간 사용할 수 있습니다.",,"['테이프', '디스펜서', '홀더', '도구', '귀엽다', '나무늘보', '만화']"
사무용품,테이프,사무용 테이프 디스펜서,,B0716C4Y6Y,"투명 데스크탑 테이프 기계 테이프 커팅 머신, 미니 테이프 보관 박스 더블 지그재그 사무실/학교/가족 테이프 분리기 (테이프 제외)",Leoyoubei,12451,12451,4.0,266.0,"다용도, 공예 테이프나 마스킹 테이프, 메모 롤을 정리할 수 있습니다. 약 10.2 x 9.3 x 6.4cm(4 x 3.6 x 2.5인치). 테이프를 여러 개 넣을 수 있습니다. 직경 6.4cm(2.5인치) 이하, 너비 7.6cm(3인치) 이하. 홈의 상단과 눈에 띄는 지지 다리의 하단에 겹쳐 공간을 절약할 수 있습니다 소재: PP+ABS, 안전하고 특이한 냄새가 없으며 커터는 두 가지 크기로 필요에 따라 선택할 수 있습니다. 제품의 왼쪽에서 도구를 움직여 공구 크기를 변경할 수 있으며 편리하고 실용적입니다. 다용도, 두 개의 디스펜서로 15mm 테이프 롤 10개를 담을 수 있습니다. 공예 테이프나 마스킹 테이프, 메모 롤을 보관할 수 있을 뿐만 아니라 반지, 목걸이 등과 같은 액세서리도 보관할 수 있습니다",,"['테이프', '롤', '공예', '마스킹', '메모']"
사무용품,테이프,사무용 테이프 디스펜서,,B09Y5QBPXY,"테이프, 휴대용 캔디 컬러 테이프 디스펜서 하트 모양 테이프 디스펜서 귀여운 롤 테이프 오거나이저 책상 홈 오피스 학교 용품",BEERBINGER,7008,7008,3.5,9.0,"1. 톱니 가장자리는 손가락을 해치지 않으면서 테이프를 찢을 수 있을 만큼 거칠습니다. 2. 독특한 롤 디자인으로 테이프를 안정화하고 사용하기 쉽습니다. 필요한 길이로 자르고 완벽한 결과를 얻을 수 있습니다. 3. 귀여운 디자인과 생생한 색상으로 데스크톱을 밝게 하고 작업 공간을 개인화할 수 있습니다. 4. 고품질 플라스틱과 톱니 디자인으로 제작되어 사무실이나 집에서 와시 테이프, 공예 테이프 및 마스킹 테이프를 절단하는 데 적합합니다. 5. 접착 테이프를 쉽게 교체할 수 있으며 다양한 모양과 색상으로 다양한 목적의 접착 테이프를 분리할 수 있습니다.","특징: 100% 새 제품 및 고품질 톱니 가장자리는 손가락을 해치지 않으면서 테이프를 찢을 수 있을 만큼 거칠습니다. 독특한 롤 디자인으로 테이프를 안정화하고 사용하기 쉽습니다. 필요한 길이로 자르고 완벽한 결과를 얻을 수 있습니다. 귀여운 디자인과 생생한 색상으로 데스크톱을 밝게 하고 개인화할 수 있습니다. 고품질 플라스틱 및 톱니 디자인으로 사무실이나 집에서 테이프, 공예 테이프 및 마스킹 테이프를 절단하는 데 적합합니다. 접착 테이프를 쉽게 교체할 수 있으며 다양한 모양과 색상으로 다양한 목적의 접착 테이프를 분리할 수 있습니다. 선물 포장, DIY 스크랩북, 품목 배송 및 우편물, 책상 보관 및 가정 용품 정리에 적합합니다. 사양: 소재: 플라스틱 러브 하트 사이즈: 약 8x8.5cm / 3.14x3.34인치. 원형 사이즈: 약 7cm / 2.8인치 색상 및 유형: 블루/핑크 러브 하트, 블루/핑크/그린/옐로우 참고: 모니터의 차이로 인해 사진에 실제 색상이 반영되지 않을 수 있습니다. 패키지 구성: 테이프 디스펜서 1개(테이프 미포함)","['테이프', '디자인', '톱', '접착', '하트', '디스펜서', '플라스틱', '롤', '귀엽다']"
사무용품,테이프,사무용 테이프 디스펜서,,B07MCWHKG8,접착 테이프 디스펜서 아크릴 바디 데스크탑 테이프 홀더 1인치 다채로운 메탈 코어 책상 및 사무용품용,MEI YI TIAN,16467,16467,4.6,187.0,"1. 특징 -- 다채로운 무지개 톤 블레이드와 투명한 아크릴 바디 데스크톱 사무실 테이프 디스펜서가 있는 금속 코어; 2. 소재 -- 고품질 아크릴 소재 본체와 내부의 날카로운 스테인레스 스틸 날에 맞습니다. 3. 치수 -- 사이즈는 120mm x 35mm x 65mm(4.72"" x 1.37"" x 2.55"")이며, 순 중량은 150g입니다. 4. 적용 -- 현대적인 디자인은 책상에 멋지게 보이며, 쉽고 한 손 디스펜싱을 위한 우아한 테이프 디스펜서, 훌륭한 선물 아이디어. 당신은 최고의 것을 거부합니다! 5. 패키지 -- 패키지 당 레인보우 스타일 테이프 디스펜서 1개.",,"['테이프', '디스펜서', '아크릴', '책상', '패키지', '바디', '코어']"
사무용품,테이프,사무용 테이프 디스펜서,,B0C711LV5R,데스크탑 테이프 디스펜서 마카롱 핑크 테이프 디스펜서 귀여운 접착 롤 홀더 사무실 제품 미끄럼 방지 베이스 문구 액세서리 사무실 학교 가정용 (핑크),AxeWoodz,13836,13836,,,"패키지 - 패키지당 마카롱 핑크 테이프 디스펜서 1개(테이프 없음). 치수 - 이 귀여운 테이프 디스펜서 크기는 102mm x 48mm x 42mm(4x1.9x1.65인치)입니다. 가정, 사무실 및 책상 용품을 위한 아이디어 테이프 홀더 도구입니다. 고품질 - 당사의 데스크탑 테이프 디스펜서는 프리미엄 플라스틱 소재로 만들어졌으며 견고한 미끄럼 방지 베이스가 함께 제공됩니다. 매력적인 외관 - 책상 테이프 디스펜서는 마카롱 핑크 디자인으로 귀여운 색상으로 공부 테이블에 없어서는 안될 아이템입니다. 책상 위에 놓아 필요할 때마다 한 손으로 편리하게 분배할 수 있습니다. 미니멀한 디자인 - 데스크탑 테이프 디스펜서는 필요한 길이의 테이프를 쉽고 빠르게 절단할 수 있는 고품질 블레이드가 있습니다. 현대적이고 세련된 공간 절약 디자인으로 사무실 책상이나 가정용으로 없어서는 안될 필수품입니다.",,"['테이프', '디스펜서', '핑크', '책상', '사무실', '가정', '귀엽다', '데스크탑', '디자인', '마카롱']"
사무용품,테이프,사무용 테이프 디스펜서,,B074HKFX1K,Acrimet 프리미엄 데스크탑 테이프 디스펜서 미끄럼 방지 베이스 (튼튼함) (옐로우 색상),Acrimet,20636,20636,4.6,326.0,"현대적이고 세련된 공간 절약형 디자인으로 사무실 책상이나 가정용으로 필수적입니다. 견고한 미끄럼 방지 베이스와 표면에 강한 그립감을 제공하는 무게. 상자 닫기, 선물 포장, 메모 붙여넣기, 문서 밀봉, 와시 테이프로 장식 등을 매일 쉽게 할 수 있습니다. 한 손으로 작동. 측면 홈(슬랙 없음). 완벽한 테이프 피팅. 표준 테이프와 호환됩니다. 특수 스테인리스 스틸 블레이드는 오래 사용할 수 있도록 제작되어 균일한 절단을 제공합니다. 2.5cm(1인치) 플라스틱 코어가 함께 제공됩니다. 전체 치수: 길이 15.2cm / 너비 7.6cm / 높이 7.6cm (*테이프 미포함)",,"['테이프', '베이스', '미끄럼', '방지', '홈슬랙', '손', '세련되다', '선물', '상자', '사무실']"
사무용품,테이프,사무용 테이프 디스펜서,,B09Z6WS5VZ,"금속 와이어 테이프 디스펜서 데스크탑 테이프 홀더 테이프 커터, 홈 스쿨 사무용품용, 1개(골드)",Teensery,13836,13836,4.0,6.0,"사이즈: 12 x 3.5 x 8 cm/4.72 x 1.38 x 3.15 인치 (길이*너비*높이); 색상: 골드 소재: 철로 제작되어 견고하고 내구성이 뛰어나며 쉽게 깨지거나 변형되지 않습니다. 한쪽 끝에 커터가 있어 테이프를 빠르고 쉽게 자를 수 있습니다. 가정, 학교 및 사무실에서 사용하기에 적합합니다. 테이프 절단, 미술 공예, 책상 장식 등에 사용할 수 있습니다. 패키지 구성품: 데스크탑 테이프 디스펜서 1개","사양: 소재: 철 수량: 1개 색상: 골드 사이즈: 12 x 3.5 x 8 cm/4.72 x 1.38 x 3.15 인치 패키지 구성: 데스크탑 테이프 디스펜서 1개. 용도: 학교, 사무실 및 가정용으로 적합합니다. 사무실이나 가정용 데스크톱에 현대적인 느낌을 더하세요.","['테이프', '가정', '사무실', '디스펜서', '데스크탑', '골드', '커터', '구성', '패키지', '학교']"
사무용품,테이프,사무용 테이프 디스펜서,,B0BZKKQ63J,"캔디 컬러 테이프 디스펜서, 작고 귀여운 도넛 모양의 테이프 정리함 책상 홈 오피스 또는 학교 용품용 (원형 2개)",Hibucuo,10235,10235,4.0,9.0,소재: 도넛 모양의 테이프 디스펜서는 고품질 플라스틱으로 만들어져 아름답고 내구성이 뛰어납니다 미니 사이즈: 8cm x 8cm 사랑스럽고 귀여운 디자인과 생생한 색상으로 책상을 밝게 하고 작업 공간을 개성있게 꾸밀 수 있습니다 다양한 장식 아이템을 편리하게 테이핑하여 봉투를 밀봉하거나 조각을 부착하거나 책상을 장식하는 데 사용할 수 있습니다 접착 테이프를 쉽게 교체할 수 있으며 다양한 사무용 접착 테이프를 분배할 수 있습니다,"특징: 패키지: 2피스 도넛 테이프 디스펜서 선택 가능. 테이프를 자르는 데 문제가 있습니까? 테이프를 한 손으로 나사를 만지고 다른 손으로 자르시겠습니까? 이 멋지고 귀여운 테이프를 사용하면 테이프를 분배하는 동안 멀티 태스킹이 가능합니다. 타이핑이나 글을 쓰는 동안 전화로 통화하는 동안 쉽게 사용할 수 있습니다. 테이프 디스펜서는 가정과 사무실에서 없어서는 안될 필수품으로, 선물 포장부터 일상적인 밀봉에 이르기까지 많은 프로젝트에 일반적인 솔루션을 제공합니다. 팁: 수동 측정으로 인해 1.3-2.5cm(0.5-1인치) 오차가 있을 수 있습니다. 조명과 컴퓨터 모니터에 따라 색상이 사진과 약간 다를 수 있습니다. 질문이 있으시면 저희에게 연락해 주시면 만족을 위해 최선을 다하겠습니다.","['테이프', '디스펜서', '책상', '도넛', '귀엽다', '분배', '접착', '장식', '밀봉', '손']"
사무용품,테이프,사무용 테이프 디스펜서,,B0BY34DWSJ,테이프 디스펜서 책상 12롤 투명 귀여운 소형 테이프 디스펜서 포장 리필 보이지 않는 테이프 데스크탑 테이프 디스펜서 크리스마스 선물 포장 사무실 가정 학교 용품 퍼플,Hibucuo,16592,16592,3.0,1.0,"멋진 조합: 리필 가능한 포장 테이프 디스펜서 1개와 투명 테이프 12롤이 포함되어 있습니다. 실용적인 조합으로 일상적인 요구 사항과 교체품을 충족합니다. 친구 및 어린이 동료와 공유할 수 있습니다 쉬운 절단: 견고한 미끄럼 방지 베이스와 표면에 강한 그립을 갖도록 무게감이 있어 사용 중에 미끄러지거나 표면이 긁히는 것을 방지합니다. 견고한 테이프 디스펜서는 톱니 모양의 절삭날이 있어 테이프를 쉽게 자를 수 있으며 필요에 따라 테이프를 원하는 길이로 자를 수 있으며 다른 도구 없이 간단하게 작동할 수 있습니다 경량 및 휴대성: 테이프 디스펜서 치수는 약 10 x 6 x 4cm(3.9 x 2.37 x 1.57인치), 각 테이프 롤은 0.2 x 25m(0.5 x 76.4피트)이며, 적절한 크기로 보관 및 휴대가 편리합니다. 가방에 넣기만 하면 됩니다 다양한 용도: 투명 테이프 롤 디스펜서는 선물 포장 테이프, 양면 테이프, 고정 테이프, 투명 테이프 등을 자를 수 있으므로 사무실, 가정, 학교, 상점, 레스토랑 및 테이프가 필요한 기타 장소에 적합합니다 현대적이고 세련된 공간 절약 디자인으로 사무실 책상이나 가정용으로 없어서는 안될 필수품입니다. 최대 1.9cm(3/4인치) 너비의 표준 테이프를 담을 수 있습니다. 2.5cm(1인치) 플라스틱 코어도 표준이며 쉽게 교체할 수 있습니다. 인기 있는 스카치 인비저블을 포함하여 좋아하는 테이프를 모두 담을 수 있습니다. 테이프 롤을 교체하는 데 몇 초밖에 걸리지 않습니다.",테이프 디스펜서 책상 12롤 투명 귀여운 스몰,"['테이프', '디스펜서', '롤', '투명', '포장', '가정', '사무실', '책상']"
사무용품,테이프,사무용 테이프 디스펜서,,B0BJPKB6PB,"열 테이프 디스펜서 승화, 내열성 장갑 2개, 실리콘 범프 포함, 열 테이프 6개, 승화용 미끄럼 방지 베이스, 무게감 있는 데스크탑 테이프 디스펜서, 열 전달 사무실 가정용 (블랙)",Sabary,30456,30456,4.1,43.0,"열 전달 세트: 열 전달 테이프 디스펜서 1개, 내열성 테이프 6롤, 내열성 장갑 2개를 포함한 열 전달 키트가 함께 제공되는 패키지를 받게 됩니다. 이는 작업 시 편리함을 제공하는 이상적인 조합입니다. 풍부한 수량으로 오랫동안 사용할 수 있습니다 강한 내열성: 열 테이프는 PI 필름으로 구성되어 있으며 접착력을 유지하기 위해 고온을 견딜 수 있는 내열성 접착제가 있습니다. 온도는 장기적으로 섭씨 260도, 단기에는 섭씨 300도에 도달할 수 있습니다. 실리콘 도트는 장갑의 양면을 덮어 미끄럼 방지 및 내열성이 있습니다 사이즈 정보: 고온 테이프 6롤이 있으며, 각 제품은 너비 10mm/0.39인치, 길이 33m/108피트로 일상적인 필요에 맞는 충분한 커버리지를 제공합니다. 열 테이프 디스펜서의 크기는 약 16.2 x 5.5 x 8.4cm/6.38 x 2.17 x 3.31인치입니다. 열 테이프 디스펜서의 크기는 약 16.38 x 2.31인치)입니다. 헤어 스타일링 측정 장갑 약 23 x 12 cm/9.06 x 4.72 인치로 대부분의 사람들에게 잘 맞습니다 미끄럼 방지 및 무게: 내열성 테이프 디스펜서의 미끄럼 방지 매트와 충분한 무게로 한 손으로 테이프를 자를 수 있으며 책상에 고정되도록 합니다. 사무실, 상점 및 수공예품에 적합합니다 간편한 사용: 첫째, 테이프 홀더를 사용하여 고정된 길이의 고온 실리콘 테이프를 빠르고 쉽게 자를 수 있습니다. 그런 다음 테이프로 열 전달 재료를 제자리에 고정할 수 있습니다. 마지막으로 화상을 방지하기 위해 보호 열 장갑을 착용하십시오. 이 열 전달 세트는 작업을 잘 완료할 수 있도록 도와줍니다","특징: 이 테이프 디스펜서는 테이프로 어려움을 겪고 테이프 컷을 발견하지 못하는 당황스러움을 피할 수 있도록 도와주며, 승화용 내열성 장갑은 손을 잘 보호하여 즐겁고 편리한 작업 경험을 제공합니다. 이 열 전달 용품을 가족, 친구, 친척, 동료, 이웃 및 기타 관심 있는 사람들을 위한 선물로 사용하여 사랑과 관심을 보여주고 그들과의 관계를 강화할 수 있습니다. 사양: 소재: 고온 테이프: PI, 실리콘 열 테이프 디스펜서: PP 헤어 스타일링을 위한 열 장갑: 실리콘, 면 색상: 사진과 같음 사이즈: 고온 테이프: 너비 약 10mm/0.39인치, 길이 33m/108피트 열 테이프 디스펜서: 약 16.2 x 5.5 x 8.4 cm/6.38 x 2.17 x 3.31 인치. 헤어 스타일링을 위한 열 장갑: 약 23 x 12 cm/9.06 x 4.72 인치 패키지 구성: 열 전달 테이프 디스펜서 1개. 내열성 테이프 6롤. 내열성 장갑 2개. 참고: 수동 측정이므로 사이즈에 약간의 오차가 있을 수 있습니다. 화면 디스플레이에 따라 색상이 약간 다를 수 있습니다.","['테이프', '열', '내열성', '디스펜서', '장갑', '전달', '방지', '실리콘', '고온', '미끄럼']"
사무용품,테이프,사무용 테이프 디스펜서,,B0145HCJZ2,"Acrimet 프리미엄 데스크탑 테이프 디스펜서 점보, 플라스틱, 미끄럼 방지 베이스 (튼튼함) (레드 색상)",Acrimet,23406,23406,4.4,430.0,"내구성 및 오래 지속됨: 고품질 프리미엄 플라스틱으로 제작된 테이프 디스펜서는 바쁜 환경에서 일상적인 사용을 견딜 수 있도록 제작되었습니다. 견고한 구조는 내구성을 보장하여 모든 포장 요구 사항에 대한 신뢰할 수 있는 솔루션을 제공합니다. 헤비 듀티 작업에 이상적입니다 특수 블레이드: 스테인리스 스틸 블레이드는 내구성과 수명을 보장하며, 번거롭지 않은 테이프 디스펜싱을 위해 정확하고 일관된 절단을 제공합니다 미끄럼 방지 베이스: 당사의 테이프 디스펜서는 표면에 단단히 고정되는 미끄럼 방지 베이스가 특징이며, 사용 중에 미끄러지거나 움직이는 것을 방지합니다. 이 안정성은 생산성을 향상시키고 사무실, 창고, 교실, 가정 또는 공예 공간에서 작업할 때 좌절감을 최소화합니다 쉬운 테이프 로딩: 테이프 디스펜서는 사용자 친화적인 디자인으로 새 테이프 롤을 쉽게 넣을 수 있습니다. 간단한 메커니즘(플라스틱 코어 2개)으로 테이프 롤을 빠르게 교체할 수 있어 시간과 좌절감을 절약할 수 있습니다. 완벽한 테이프 피팅; 표준 테이프와 호환됩니다. 이 점보 테이프 디스펜서는 2개의 플라스틱 코어(2.5cm(1인치) 및 7.6cm(3인치) 크기)가 함께 제공되어 필요에 맞는 적절한 테이프를 선택할 수 있습니다. 전체 치수: 19.길이 1cm / 너비 9.5cm(3 3/4인치) / 높이 9.9cm(3 3/4인치) (*테이프 미포함) 다재다능하고 현대적인 디자인: Acrimet 테이프 디스펜서는 현대적인 디자인을 자랑하며 모든 작업 공간에 우아함을 더합니다. 깔끔한 라인과 세련된 외관으로 실용적인 목적을 제공할 뿐만 아니라 현대적인 미학과 견고한 내구성을 매끄럽게 결합하여 어디에서나 다용도로 사용할 수 있습니다",,"['테이프', '디스펜서', '플라스틱', '방지', '베이스', '작업', '디자인', '현대', '미끄럼', '구성']"
사무용품,테이프,사무용 테이프 디스펜서,,B0BZHT4Y3G,"귀여운 데스크탑 테이프 디스펜서 미끄럼 방지 베이스, 롤 1개 포함, 1.3cm X 33야드 사무실 테이프 - 홈 오피스 용품 재미있는 책상 액세서리 사무실 테이프 디스펜서, Makaron 그린",AMOGATO,11066,11066,3.4,4.0,"【패키지 구성】 테이프 디스펜서 1개와 사무실 테이프 롤 1개. 【다양한 용도】- 세련되고 현대적인 디자인으로 책상에 잘 어울리며 완벽한 홈 오피스 및 선물 포장 테이프 디스펜서로 사용할 수 있습니다. 【쉬운 작동】—테이프 디스펜서에는 고품질의 날카로운 톱니 블레이드가 있어 테이프를 쉽게 찢을 수 있습니다. 【테이프 분리기 소재】 테이프 디스펜서 책상은 고품질 플라스틱 소재로 만들어져 쉽게 깨지지 않으며 스테인리스 스틸 블레이드가 특징이며, 쉽게 녹슬지 않으며 자르기 쉽습니다. 【고객 만족이 가장 중요합니다】-Amogato는 최고의 쇼핑 경험을 제공합니다. 문제가 있거나 요청이 있으시면 언제든지 저희에게 연락하십시오. 문제를 해결하기 위해 최선을 다할 것입니다. 또한 저희 제품에 만족하지 못하셨다면 전액 환불해 드릴 수 있습니다.",,"['테이프', '디스펜서', '책상', '사무실', '블레이드', '오피스', '문제', '롤', '홈']"
사무용품,테이프,사무용 테이프 디스펜서,,B0CB1XX5CJ,Excell ET-227 블루/그레이 프리미엄 트윈 롤 스틸 데스크 탑 디스펜서: 5cm 와이드 (7.6cm 코어) + LuxProdX Magnet,LuxProdX,42935,42935,4.7,30.0,흡착 컵 발이 함께 제공되는 안전한 스틸 데스크탑 테이프 디스펜서는 디스펜서를 작업 표면에 고정하여 미끄러지지 않고 안정성을 보장합니다. 2.5cm(1인치) 너비의 롤러 2개가 함께 제공되므로 디스펜서를 5.1cm(2인치) 너비의 롤 1개 또는 개별 2.5cm(1인치) 너비의 테이프 롤 2개에 사용할 수 있습니다. 테이프를 자르는 데 사용되는 안전한 톱니 블레이드에는 블레이드를 덮기 위해 수동으로 밀어 올릴 수 있는 안전 가드가 함께 제공됩니다. 매우 넓은 녹 방지 블레이드가 있는 고품질 멀티 트랙 테이프 디스펜서로 테이프 끝을 절삭날에 정렬하는 작업 시간을 줄입니다.,,"['디스펜서', '테이프', '블레이드', '롤', '작업', '안전하다', '스틸']"
사무용품,테이프,사무용 테이프 디스펜서,,B0CG3CMQC3,"열 테이프 디스펜서 세트, 승화 테이프 디스펜서 실리콘 범프가 있는 내열성 장갑 2개, 승화용 열 테이프 3개, 미끄럼 방지 베이스, 사무실 가정용 가중 데스크탑 (장미빛)",MINIFISH,27686,27686,4.7,24.0,"열 전달 세트: 열 전달 테이프 디스펜서 1개, 내열성 테이프 3롤, 내열성 장갑 2개를 포함한 열 전달 키트가 함께 제공되는 패키지를 받게 됩니다. 이는 작업 시 편리함을 제공하는 이상적인 조합입니다. 풍부한 수량으로 오랫동안 사용할 수 있습니다 내열성 디자인: 당사의 열 테이프는 PI 필름으로 구성되어 접착력을 유지하기 위해 고온을 견딜 수 있는 내열성 접착제가 특징이며, 온도는 장기적으로 섭씨 약 260도, 단기간에는 섭씨 300도에 도달할 수 있습니다. 승화 장갑은 양쪽에 실리콘 도트로 설계되어 미끄럼 방지 및 내열성이 있습니다 사이즈 정보: 고온 테이프 6롤이 있으며, 각 롤은 너비 10mm/0.39인치, 길이 33m/108피트로 일상적인 필요에 맞는 충분한 커버리지를 제공합니다. 열 테이프 디스펜서의 크기는 약 16.2 x 5.5 x 8.4cm(16.2 x 5.5 x 3.3인치)입니다. 헤어 스타일링 측정 용 장갑 헤어 스타일링 약 23 x 12 cm/9.06 x 4.72 인치, 대부분의 사람들에게 잘 맞습니다 미끄럼 방지 및 무게: 내열성 테이프 디스펜서의 미끄럼 방지 매트와 충분한 무게로 한 손으로 테이프를 자를 수 있으며 책상 위에 놓을 수 있습니다. 사무실, 상점 및 수공예품에 사용하기에 적합합니다 쉬운 사용: 첫째, 테이프 홀더를 사용하여 고온 실리콘 테이프를 빠르고 쉽게 절단할 수 있습니다. 그런 다음 열 전달 재료를 테이프로 제자리에 고정할 수 있습니다. 마지막으로 화상을 방지하기 위해 보호용 열 장갑을 착용하십시오. 이 열 전달 세트는 작업을 안전하고 안전하게 완료할 수 있도록 도와줍니다",,"['테이프', '열', '내열성', '전달', '장갑', '방지', '디스펜서', '미끄럼', '실리콘', '승화']"
사무용품,테이프,사무용 테이프 디스펜서,,B07BGD9NXK,"1InTheOffice 책상 테이프 디스펜서, 미끄럼 방지 데스크탑 테이프 디스펜서 ""2팩""",1InTheOffice,17021,17021,3.9,23.0,내구성이 뛰어난 플라스틱으로 만들어졌으며 블랙 색상으로 제공됩니다. 어떤 책상이나 조리대에도 잘 어울립니다 리필 및 유지 보수가 쉽습니다. 조립에 도구가 필요하지 않으며 테이프 디스펜서는 젖은 천으로 쉽게 청소할 수 있습니다. 디스펜서는 무게감 있는 베이스로 설계되었습니다. 입구는 다양한 너비의 롤을 수용할 수 있을 만큼 넓습니다. 책상 테이프 디스펜서는 사무실 및 가정용으로 이상적입니다. 미끄럼 방지 베이스로 표준 크기의 테이프 롤을 제자리에 안전하게 고정하도록 설계되었습니다. 패키지에는 두 개의 테이프 디스펜서가 포함되어 있어 테이프를 정리하고 쉽게 꺼낼 수 있습니다. 인체 공학적 손잡이는 잡기 쉬워 편안하게 사용할 수 있습니다.,"1InTheOffice 책상 테이프 디스펜서, 미끄럼 방지 데스크탑 테이프 디스펜서 ""2팩""/1InTheOffice 책상 테이프 디스펜서는 모든 사무실에 필수적인 액세서리입니다. 이 디스펜서 2팩은 튼튼한 테이프를 다룰 때 정리하고 효율적으로 유지할 수 있도록 설계되었습니다. 디스펜서는 고품질 플라스틱으로 만들어졌으며 책상에서 미끄러지는 것을 방지하는 미끄럼 방지 베이스가 특징입니다. 내장된 블레이드는 테이프를 빠르고 쉽게 자를 수 있으며, 측면 로딩 디자인으로 디스펜서를 쉽게 채울 수 있습니다. 디스펜서는 가볍고 컴팩트하여 책상 위의 너무 많은 공간을 차지하지 않습니다. 또한 청소하기 쉬워 바쁜 사무실을 위한 훌륭한 선택입니다. 효율적인 디자인과 견고한 구조를 갖춘 이 1InTheOfficeDesk 테이프 디스펜서는 모든 사무실에 꼭 필요한 제품입니다./뛰어난 내구성./이 책상 테이프 디스펜서는 고품질 소재로 만들어져 오래 사용할 수 있도록 설계되었습니다./미끄럼 방지/이 디스펜서에는 미끄럼 방지 베이스가 있어 사용 중에 미끄러지지 않습니다./간편한 사용/디스펜서는 테이프를 쉽게 넣고 분배할 수 있는 심플한 디자인입니다./휴대용/이 디스펜서는 가볍고 컴팩트하여 이동 중에도 휴대할 수 있습니다./2팩/이 테이프 디스펜서 2팩은 사무실과 가정 모두에 테이프로 잘 비축할 수 있을 만큼 충분히 제공합니다.","['디스펜서', '테이프', '책상', '방지', '미끄럼', '사무실', '베이스']"
사무용품,테이프,사무용 테이프 디스펜서,,B07PJ4RF8C,"스카치 책상 테이프 디스펜서, 2.5cm 코어, 블랙, 6팩",Scotch Brand,43544,43544,4.0,14.0,"Reliable Tape Dispenser: The Scotch Classic Desktop Tape Dispenser C-38 is a reliable and durable tape dispenser that makes it easy to dispense tape with precision and control on your desk or table. Accommodates 1-inch Core: Designed to accommodate 1-inch core tapes, this tape dispenser is perfect for office or restaurant use, and is compatible with a wide range of tape rolls. Non-Slip Base: The non-slip base of the tape dispenser ensures that it stays in place while in use, providing stability and minimizing the risk of accidents. The weighted base provides extra stability and the black color gives it a professional look. Convenient and Easy to Use: The Scotch Classic Desktop Tape Dispenser C-38 is easy to use, with a convenient side-loading design that makes it simple to insert and replace tape rolls. The cutter allows for precise cuts and the stand provides easy access. Replacement Tape Holder: This tape dispenser comes with a replacement tape holder, ensuring you always have a supply of tape ready to use. It's also available in different colors, so you can choose one that matches your office or desktop décor.",,"['테이프', '코어', '책상', '디스펜서', '스카치', '블랙']"
사무용품,테이프,사무용 테이프 디스펜서,,B0CLTSWSW5,"MoTEX 열 테이프 디스펜서 승화 - 2.5cm(1인치) 및 7.6cm(3인치) 코어 다중 롤 프리컷 열 테이프 디스펜서, 열 프레스 및 머그 프레스 기계용 내열성 승화(블랙)",Motex,34611,34611,4.1,24.0,"2개의 코어가 있는 프라임 테이프 디스펜서 - 2.5cm(1인치) 및 7.6cm(3인치) 직경의 스풀, 전환이 쉬워 '양방향' 작동 선택 가능 - 일반 절단 및 특허 '워터 밀' 휠을 돌려 한 번에 여러 조각을 얻을 수 있습니다. 프리미엄 품질 - 약간의 손상에 대한 저항성을 제공하는 내구성 있는 소재로 제작되었습니다. 테이프 디스펜서의 우아한 디자인은 인체 공학적 디자인으로 실용적인 편리함을 제공하며 미끄럼 방지 고무 패드는 한 손으로 편안하게 사용할 수 있습니다. 간편한 사용 - 어린이부터 성인까지 모든 사람이 테이프를 자를 수 있는 가장 쉽고 안전한 방법을 목표로 하며 승화 생활을 쉽게 만듭니다. 가열 테이프 디스펜서의 한쪽을 시계 방향으로 돌려 열 전달 테이프 스트립을 포함한 여러 테이프를 자르고 분배합니다. 스마트한 디자인 - 테이프를 빠르고 효율적으로 분배하도록 설계되었습니다. 당사의 테이프 디스펜서는 편리한 원터치 시스템으로 가정 및 비즈니스 요구 사항을 충족하도록 제작되었습니다. '양방향' 작동 선택 가능 - 특허 받은 '워터 밀' 휠을 돌리고 외부 은폐 가능한 커터 블레이드로 원하는 길이로 절단하여 한 번에 여러 조각을 사용할 수 있습니다. 가정 및 비즈니스에 이상적 - 가정, 학교, 사무실 및 소매점에서 선물 포장, 예술 및 공예 등에 적합한 고품질의 내구성 있는 디자인.",,"['테이프', '디스펜서', '디자인', '열', '가정', '승화', '방향', '휠', '선택', '비즈니스']"
사무용품,테이프,사무용 테이프 디스펜서,,B08FCTBB83,"테이프 디스펜서, 리필 가능한 휴대용 테이프 디스펜서 2.5cm(1인치) 코어, 반투명, 연기/플라스틱 - 내구성 있는 스카치 테이프 디스펜서 - (테이프 미포함) - 6팩",Manaloom,15221,15221,4.7,95.0,스카치 테이프를 쉽게 분배할 수 있도록 손에 들고 다닐 수 있습니다. 다용도 - 1.3cm(1/2인치) 및 1.9cm(3/4인치) 너비 테이프(2.5cm(1인치) 코어)를 최대 399.9m(1296피트) 길이로 담을 수 있습니다. 깔끔한 슬라이싱을 위한 금속 커팅 블레이드. 이동 중에도 사용할 수 있는 경량 구조. 스카치 매직 테이프(810K6) 및 스테이플 인비저블 테이프(52477)와 잘 작동합니다,"리필 가능한 휴대용 테이프 디스펜서, 2.5cm(1인치) 코어, 반투명, 스모크/플라스틱 - 내구성 있는 스카치 테이프 디스펜서 - (테이프 미포함) - 3팩","['테이프', '디스펜서', '스카치', '코어', '휴대', '구성', '반투명', '가능하다', '플라스틱']"
사무용품,테이프,사무용 테이프 디스펜서,,B0BZHS3JPC,"Cute Little Demon 데스크탑 사무실 테이프 디스펜서 미끄럼 방지 베이스 - 홈 오피스 용품 재미있는 책상 액세서리 사무실 테이프 디스펜서, 핑크",AMOGATO,11066,11066,3.9,2.0,"【패키지 구성】 사랑스러운 구름 모양의 작은 악마 패턴 사무실 테이프 디스펜서 1개. 【다양한 용도】- 세련되고 현대적인 디자인으로 책상에 잘 어울리며 완벽한 홈 오피스 및 선물 포장 테이프 디스펜서로 사용할 수 있습니다. 【쉬운 작동】—테이프 디스펜서에는 고품질의 날카로운 톱니 블레이드가 있어 테이프를 쉽게 찢을 수 있습니다. 【테이프 분리기 소재】 테이프 디스펜서 책상은 고품질 플라스틱 소재로 만들어져 쉽게 깨지지 않으며 스테인리스 스틸 블레이드가 특징이며, 쉽게 녹슬지 않으며 자르기 쉽습니다. 【고객 만족이 가장 중요합니다】-Amogato는 최고의 쇼핑 경험을 제공합니다. 문제가 있거나 요청이 있으시면 언제든지 저희에게 연락하십시오. 문제를 해결하기 위해 최선을 다할 것입니다. 또한 저희 제품에 만족하지 못하셨다면 전액 환불해 드릴 수 있습니다.",,"['테이프', '디스펜서', '사무실', '책상', '문제', '블레이드', '오피스', '홈']"
사무용품,테이프,사무용 테이프 디스펜서,,B0BVC8RKFT,"재미있는 동물 사무용품, 라쿤 테이프 디스펜서, 독특한 데스크탑 액세서리, 재미있는 선물, 12.7cm(5인치)",Wowser,25899,25899,3.4,6.0,"테이프 디스펜서: 뒷면 사이에 테이프 커터로 롤러 홀더를 잡고 있는 등 부분에 있는 디테일한 라쿤이 특징입니다. 테이프는 포함되지 않습니다. 소재: 수지, 플라스틱, 금속 사이즈: 길이 12.7cm x 너비 7.6cm x 높이 7.6cm, 표준 테이프 롤 1개 보관 이 미끄럼 방지 독특한 디스펜서를 책상, 테이블, 카운터 또는 선물 포장 스테이션에 쉽게 놓을 수 있는 독립형 모든 사무실 또는 작업 공간을 보완하는 동시에 기능적인 용품이기도 합니다",,"['테이프', '디스펜서', '선물', '라쿤', '독특하다', '재미있다', '보관', '방지', '미끄럼', '롤러']"
사무용품,테이프,사무용 테이프 디스펜서,,B095BJ136P,"Excell 프리미엄 듀얼코어 데스크탑 테이프 디스펜서 (2.5cm(1인치) + 7.6cm(3인치) 코어), 샌드 가중 베이스, 화이트 데스크 테이프 디스펜서, 사무실, 선물 가게 및 포장 목적으로 사용",EXCELL,35996,35996,4.6,28.0,듀얼 코어 - 1 & 3 lnch 코어에 맞습니다. 필요에 따라 테이프 크기를 쉽게 전환할 수 있습니다. 사무실/학교에 적합 - 테이프를 똑바로 자르십시오. 테이프의 가장자리는 직선입니다. 작업을 완벽하게 만드세요. 간편한 휴대성 - 잡기 위한 가죽 터치 디자인의 공간. 휴대가 간편합니다. 제품 구성 - Excell 데스크탑 테이프 디스펜서 1개 포함(2.5cm(1인치)+7.6cm(3인치) 코어) 전문적인 품질 - 저희는 제품의 품질에 대해 매우 확신합니다. 질문이 있으시면 저희에게 연락하십시오.,,"['테이프', '코어', '디스펜서', '간편하다', '데스크탑', '사무실', '휴대']"
사무용품,테이프,사무용 테이프 디스펜서,,B094743PHJ,"Excell 튼튼한 스틸 책상 테이프 디스펜서 (너비 2.5cm(1인치)) 안전 블레이드 커버 포함, 가정, 사무실, 상점, 소매점 및 창고 포장 목적용 책상 탑 디스펜서",EXCELL,41536,41536,4.6,34.0,"안전 유지 - 안전 블레이드 커버는 장치를 사용하지 않을 때 부상을 방지합니다 튼튼함에 적합 - 내구성이 뛰어난 금속 및 미끄럼 방지 고무 패드가 있는 무게감 있는 베이스. 상점, 소매점 및 창고용 더 나은 절단 - 디스펜서는 더 큰 유연성을 제공하는 절단 각도 범위를 가지고 있습니다. 더 넓은 블레이드는 테이프 끝을 정렬하는 데 소요되는 시간을 줄여 작업 흐름을 보다 효율적으로 만듭니다. 녹 방지 기능이 있어 수명이 길고 날카로움이 오래 지속됩니다. 제품 구성 - Excell 데스크탑 테이프 디스펜서 1개 포함(최대 너비 2.5cm(1인치), 코어 7.6cm(3인치)) 전문적인 품질 - 저희는 제품의 품질에 대해 매우 확신합니다. 질문이 있으시면 저희에게 연락하십시오.",Excell 소개/Excell은 대만에 위치한 신뢰할 수 있는 제조업체입니다. Excell은 40년의 경험을 가지고 있으며 제품의 고품질과 안전을 엄격하게 관리한다는 것은 의심의 여지가 없습니다.,"['디스펜서', '안전', '블레이드', '테이프', '방지', '창고', '상점', '절단', '구성', '책상']"
사무용품,테이프,사무용 테이프 디스펜서,,B07H5YL5BJ,"Scotch 테이프 디스펜서 밸류 팩, Scotch 슈퍼 홀드 테이프 포함, 블랙 디스펜서, 2.5cm(1인치) 코어, 12팩(700K10C18BLK)",Scotch,47491,35954,4.8,257.0,가장 중요한 작업을 위한 가장 안전한 테이프(Scotch ¾ 단면 가정 및 사무실 테이프와 비교) 사이즈: 1.9cm x 2500cm 접촉 시 강한 유대감을 제공합니다 지저분함 없이 쉽게 부착할 수 있는 디자인 투명 테이프는 접촉 시 거의 투명합니다 사진에 사용하기에 안전합니다 안정적인 결합을 위한 습기 방지 포뮬러,"Scotch 슈퍼 홀드 테이프 디스펜서 리필의 강력한 접착력으로 예상치 못한 사고를 해결하세요. 집에서 사무실까지 가지고 있어야 할 필수품인 이 테이프는 표준 투명 테이프보다 50% 더 많은 접착제로 만들어졌습니다(Scotch Cat. 157 투명 테이프). 두꺼운 뒷면으로 내구성이 뛰어나도록 설계된 이 테이프는 찢어짐, 작은 패키지, 라벨링 등에 이상적인 안정적이고 오래 지속되는 고정력을 제공합니다. 봉투와 중요한 문서에 전문적인 마감을 제공하는 사실상 선명한 외관을 좋아할 것입니다. Scotch 테이프 디스펜서에서 테이프가 부족하기 전에 Scotch 슈퍼 홀드 테이프 디스펜서 리필을 구입하여 접촉 시 우수한 접착력을 확보하십시오.","['테이프', '디스펜서', '슈퍼', '접촉', '홀드', '투명', '안정', '중요하다', '안전하다', '접착']"
사무용품,테이프,사무용 테이프 디스펜서,,B0BVCS1ZXW,"Gator Hatching Out of a Shell 테이프 디스펜서, 재미있는 사무용품, 독특한 책상 액세서리, 12.1cm(4.75인치)",Wowser,26162,26162,3.6,4.0,"테이프 디스펜서는 쉘 측면에 테이프 커터로 롤러 홀더를 잡고 있는 쉘에서 디테일한 게이터가 부화되는 것이 특징입니다. 테이프는 포함되지 않습니다 소재: 수지, 플라스틱, 금속 사이즈: 길이 12.1cm x 너비 7.6cm x 높이 8.9cm, 표준 테이프 롤 1개 보관 이 미끄럼 방지 독특한 디스펜서를 책상, 테이블, 카운터 또는 선물 포장 스테이션에 쉽게 놓을 수 있는 독립형 모든 사무실 또는 작업 공간을 보완하는 동시에 기능적인 용품이기도 합니다",,"['테이프', '디스펜서', '독특하다', '책상', '홀더', '롤러', '부화', '보완', '보관', '방지']"
사무용품,테이프,사무용 테이프 디스펜서,,B095Q1HGTD,데스크탑 테이프 디스펜서 (코랄),Scotch,19736,19736,4.7,63.0,한 손으로 테이프를 쉽게 분배할 수 있도록 설계되었습니다 집이나 사무실에서 데스크톱을 위한 유행을 타지 않는 외관 오래 사용할 수 있도록 최대 1500L의 높은 롤 용량 테이프를 깔끔하게 절단하기 위한 톱니 모양의 금속 가장자리 1.9cm(3/4인치) 너비의 테이프(2.5cm(1인치) 코어)로 쉽게 리필할 수 있습니다,유행을 타지 않는 클래식한 데스크탑 디스펜서로 모든 작업 공간을 밝히세요. 무게감 있는 미끄럼 방지 베이스로 편리하고 효율적으로 한 손으로 분배할 수 있습니다. 고품질 커팅 블레이드는 수년간 지속됩니다. 스카치 데스크탑 디스펜서는 최대 3.8cm(1.5인치) 길이의 롤을 다룰 수 있으므로 자주 리필할 필요가 없습니다. 2.5cm(1인치) 코어에 1.9cm(3/4인치) 너비의 테이프로 쉽게 리필할 수 있습니다. 테이프는 별도로 판매됩니다.,"['테이프', '디스펜서', '데스크탑', '리필', '분배', '유행', '타지', '코어', '손', '롤']"
사무용품,테이프,사무용 테이프 디스펜서,,B0167D7GR8,Acrimet 프리미엄 데스크탑 테이프 디스펜서 미끄럼 방지 베이스 (튼튼함) (화이트 색상),Acrimet,20636,20636,4.6,780.0,"현대적이고 세련된 공간 절약형 디자인으로 사무실 책상이나 가정용으로 필수적입니다. 견고한 미끄럼 방지 베이스와 표면에 강한 그립감을 제공하는 무게. 상자 닫기, 선물 포장, 메모 붙여넣기, 문서 밀봉, 와시 테이프로 장식 등을 매일 쉽게 할 수 있습니다. 한 손으로 작동. 측면 홈(슬랙 없음). 완벽한 테이프 피팅. 표준 테이프와 호환됩니다. 특수 스테인리스 스틸 블레이드는 오래 사용할 수 있도록 제작되어 균일한 절단을 제공합니다. 2.5cm(1인치) 플라스틱 코어가 함께 제공됩니다. 전체 치수: 길이 15.2cm / 너비 7.6cm / 높이 7.6cm (*테이프 미포함)",,"['테이프', '방지', '베이스', '미끄럼', '화이트', '손', '세련되다', '선물', '상자', '사무실']"
사무용품,테이프,사무용 테이프 디스펜서,,B07FGD4N4T,"데스크탑 테이프 디스펜서, 4팩, 미끄럼 방지 베이스 - 추가 테이프 디스펜서 교체 코어 3개 포함(테이프 미포함), 사무실, 가정, 학교에 적합 - 밸류 팩",Klingy Erectogen,35996,30456,4.6,329.0,"데스크탑 테이프 디스펜서 블랙 미끄럼 방지 베이스, 4팩 3개의 추가 테이프 디스펜서 교체용 코어 플라스틱 - 블랙 이 팩에는 3개의 추가 테이프 디스펜서 교체 코어가 있는 미끄럼 방지 데스크탑 테이프 디스펜서 4개가 포함되어 있습니다 100% 환불 보장: 100% 번거로움 없는 환불 보장. 모든 사람들은 내구성이 뛰어나고 잘 디자인되고 매우 신뢰할 수 있는 디스펜서를 좋아합니다","Klingy 표준 데스크톱 테이프 디스펜서 밸류 팩. 경제적인 데스크탑 테이프 디스펜서는 2.5cm 코어가 있는 표준 1/2인치 또는 3/4인치 테이프 롤을 위해 설계되었습니다. 디스펜서는 튼튼한 충격성 플라스틱으로 만들어졌으며 미끄럼 방지 베이스가 달려 있으며, 3개의 추가 테이프 디스펜서 교체용 코어가 있습니다.","['디스펜서', '테이프', '코어', '데스크탑', '추가', '방지', '미끄럼', '베이스', '표준', '플라스틱']"
사무용품,테이프,사무용 테이프 디스펜서,,B0BDL2MRSF,"LUOZZY 마그네틱 테이프 디스펜서 자석 테이프 롤 2개, 유연하고 강한 마그네틱 스트립, 접착 백킹 및 테이프 디스펜서 포함, DIY 공예 프로젝트 냉장고 보드 홈 오피스 사용",LUOZZY,19376,19376,4.0,5.0,"【교체용】5m/196.85인치 길이의 마그네틱 테이프 2롤과 테이프 디스펜서 2개를 받게 됩니다. 다 떨어지면 테이프를 새 것으로 교체할 수 있습니다! 집이나 사무실/학교/작업장/공장에서 각각 하나씩 보관할 수 있습니다! 【디스펜서가 있는 테이프】가장 편리한 서비스를 제공하기 위해 최선을 다하고 있습니다 --- 테이프 디스펜서가 있는 마그네틱 스트립은 가위 없이 자성에 영향을 주지 않고 필요한 길이를 자를 수 있습니다. 【고품질 자석 테이프】고품질 소재로 제작된 마그네틱 테이프는 강력한 자력을 가지고 있어 떨어지지 않으며 내구성이 뛰어나고 마모에 강하며 매끄럽고 평평한 표면에 빠르고 단단히 부착할 수 있습니다. 【무엇이든 DIY 가능】유연하고 구부릴 수 있는 마그네틱 테이프는 무한한 가능성을 가지고 있습니다! 귀여운 작은 물건이나 물체를 칠판, 냉장고, 세탁기, 화이트보드 등에 DIY하여 모든 것을 다채롭게 만들 수 있습니다! 【쉬운 사용】유연한 자석 테이프 롤은 다양한 용도로 사용할 수 있어 가벼운 물체를 사진, 포스터, 엽서, 종이, 상점 목록 등에 쉽게 붙이고 부착할 수 있습니다.",특징 -색상: 그림과 같음 -소재: 자석 고무 -사이즈: 10.00X7.50X2.50cm/3.93X2.95X0.98인치. -테이프 길이: 5m/196.85in 패키지 구성 롤 x 테이프 2개. 테이프 디스펜서 2개,"['테이프', '디스펜서', '그네', '롤', '자석', '유연하다']"
사무용품,테이프,사무용 테이프 디스펜서,,B00JJYDNF2,Kate Spade New York 테이프 디스펜서 (825466927254),Kate Spade New York,34555,34555,4.4,190.0,책상 정리 데스크탑 테이프 디스펜서 스트라이크 골드 컬렉션,"Midas 터치로 재구성된 일상적인 사무용품을 빛나게 하세요. 전체 컬렉션과 함께 책상을 꾸미든 일체형(Hello Golden 테이프 디스펜서! ), 메탈릭 골드와 아크릴의 혼합이 가장 평범한 작업에도 고급스러운 반전을 가져다 줄 수 있습니다./By kate spade new york","['디스펜서', '테이프', '골드', '컬렉션', '책상', '혼합', '구성', '데스크탑', '메탈', '반전']"
사무용품,테이프,사무용 테이프 디스펜서,,B0BVBBFDCC,테이프 디스펜서 책상 미끄럼 방지 패드 디자인 테이프 홀더 책상용 보이지 않는 테이프 책상 디스펜서 2.2 x 203.2cm(7/10 x 800인치) 데스크탑 테이프 디스펜서 - 선물 포장 학교 홈 오피스-12 보이지 않는 테이프 디스펜서 12개,Tafomega,55386,55386,4.0,107.0,"[경량] 당사의 테이프 디스펜서의 무게는 0.1kg(0.2파운드)에 불과합니다. 그러나 책상용 테이프 홀더에는 바닥에 두 개의 나노테크 패드가 있어 테이블에 안전하게 고정할 수 있습니다. 낡고 투박한 테이프 디스펜서에서 지저분한 파우더나 모래가 새는 것에 대해 걱정할 필요가 없습니다. [미끄럼 방지 나노테크 베이스] 이 테이프 디스펜서 책상은 사무실 유리 벽을 포함한 모든 매끄러운 표면에 단단히 붙일 수 있습니다. 재배치하려면 데스크탑 테이프 디스펜서를 좌우로 흔들기만 하면 됩니다. 나노테크 패드는 세척 및 재사용이 가능하며 항상 빠르게 고정됩니다. [쉬운 사용] 선물 포장용 테이프 디스펜서는 고품질 블레이드가 있어 테이프를 빠르고 깨끗하게 자를 수 있습니다. 한 손으로 테이프를 자를 수 있습니다. [보이지 않는 테이프 포함] 보이지 않는 테이프는 종이에 사라지고 복사된 페이지에는 나타나지 않습니다. 내구성이 뛰어나고 매끄러우며 갈라짐과 찢어짐에 강하며 다루기 쉽고 부착이 쉽습니다. 라벨링, 수선 및 장착에 적합합니다. [제품 구성] 패키지에는 책상 테이프 디스펜서 12개와 보이지 않는 테이프 12롤이 포함되어 있습니다.",12롤 보이지 않는 테이프가 있는 테이프 디스펜서 책상,"['테이프', '디스펜서', '책상', '보이지', '패드', '나노테크']"
사무용품,테이프,사무용 테이프 디스펜서,,B0957H8KDZ,"Excell Dualcore 데스크탑 테이프 디스펜서 (2.5cm(1인치)+7.6cm(3인치) 코어), 튼튼한 금속 베이스, 가정, 사무실, 상점, 소매점 및 창고 포장용 테이프 디스펜서 책상",EXCELL,41536,41536,3.9,11.0,듀얼 코어 - 2.5cm(1인치) 및 7.6cm(3인치) lnch 코어에 맞습니다. 필요에 따라 테이프 크기를 쉽게 전환할 수 있습니다. 사무실/학교에 적합 - 테이프를 똑바로 자르십시오. 테이프의 가장자리는 직선입니다. 작업을 완벽하게 만드세요. 간편한 사용 - 매우 넓은 블레이드로 작업을 더 쉽게 할 수 있습니다. 튼튼한 금속 베이스로 선물을 포장하거나 패키지를 쉽게 포장할 수 있습니다. 제품 구성 - Excell 데스크탑 테이프 디스펜서 1개 포함(2.5cm(1인치)+7.6cm(3인치) 코어) 전문적인 품질 - 저희는 제품의 품질에 대해 매우 확신합니다. 질문이 있으시면 저희에게 연락하십시오.,,"['테이프', '코어', '디스펜서', '포장', '금속', '베이스', '튼튼하다', '작업', '사무실', '데스크탑']"
사무용품,테이프,사무용 테이프 디스펜서,,B0B9ND6HYZ,STOBOK 1세트 테이프 디스펜서 무지개 모양 테이프 디스펜서 커터 데스크탑 귀여운 롤 테이프 홀더 와시 종이 디스펜서 가정 학교 사무실용 화이트,STOBOK,16052,12451,3.5,10.0,"테이프 디스펜서 가장자리는 매끄럽고 둥글며 거친 부분이 없으며 피부를 손상시키지 않습니다. 테이프 디스펜서는 사무실, 학교 및 가족 활동, 스크랩북, 아트 프로젝트 등에 적합합니다. 테이프 디스펜서 무지개 모양 테이프 디스펜서 커터 데스크탑 귀여운 롤 테이프 홀더 와시 종이 디스펜서 홈스쿨 사무실용 테이프 디스펜서는 플라스틱 소재로 제작되어 내구성이 뛰어나며 오랫동안 사용할 수 있습니다. 테이프 디스펜서는 정교하고 훌륭한 솜씨, 좋은 소재, 사랑스럽고 내구성이 뛰어나며 실용적입니다.",,"['디스펜서', '테이프', '실용', '커터', '데스크탑', '무지개', '롤', '종이', '사무', '귀엽다']"
사무용품,테이프,사무용 테이프 디스펜서,,B077Z992SW,"Scotch 데스크탑 디스펜서, 선물 포장에 적합, 민트 (C18-MNT-0)",Scotch,18115,18115,3.8,1666.0,"경제적이고 신뢰할 수 있는 클래식 스타일 데스크탑 테이프 디스펜서 한 손으로 쉽게 분배할 수 있습니다 블루와 오렌지 색상 조합 미끄럼 방지 베이스는 2.5cm(1인치)를 담을 수 있습니다. 코어 테이프, 최대 1.9cm(3/4인치). 너비 3.8cm(1500인치). 롱 고품질 커팅 블레이드는 수년간 지속됩니다",스카치 C18 클래식 데스크탑 테이프 디스펜서는 경제적인 테이프 디스펜서로 다양한 테이프를 한 손으로 분배할 수 있습니다. 파스텔 민트 색상은 집이나 사무실에 훌륭한 추가 아이템이 됩니다. 표준 2.5cm(1인치)를 담을 수 있습니다. 코어 테이프와 최대 1.9cm(3/4인치) 테이프를 고정할 수 있습니다. 너비 3.8cm(1500인치). 롱. 무게감 있는 베이스로 한 손으로 분배할 수 있습니다. 이 디스펜서는 경제적이고 신뢰할 수 있는 클래식한 스타일의 데스크탑 테이프 디스펜서이며 미국에서 제작되었습니다.,"['테이프', '디스펜서', '데스크탑', '손', '분배', '경제', '클래식', '신뢰', '민트', '베이스']"
사무용품,테이프,사무용 테이프 디스펜서,,B078R2Z14S,"와시 테이프 디스펜서 커터 2개, 롤 테이프 홀더 오거나이저, 마스킹 테이프 데스크탑 테이프 DIY 스티커 롤 테이프 커터 홀더 보관, 와시 테이프 박스 베이지",HomDSim,16606,11620,4.2,1008.0,"패키지 포함: 2피스 디스펜서 베이지/참고: 테이프 디스펜서는 가볍고 두 손으로 조작해야 합니다. 사이즈(cm): 4 (L) x 3.58(W) x2.79(H). 종이 테이프용 디스펜서는 디스펜서 당 15mm 너비의 테이프 5롤을 담을 수 있습니다. 소재: PP+ABS, 커터는 두 가지 크기를 가지고 있으며, 두 개의 들쭉날쭉한 가장자리는 손가락에 해를 끼치지 않으면서 테이프를 찢을 수 있을 만큼 거칠습니다. 예술과 공예를 좋아하는 어린이에게 안전합니다. 필요에 따라 선택할 수 있습니다. 다용도: 홈의 상단과 눈에 띄는 지지 다리의 하단에 두 개의 디스펜서를 겹쳐 공간을 절약하세요",,"['테이프', '디스펜서', '롤', '커터', '베이지', '홀더']"
사무용품,테이프,사무용 테이프 디스펜서,,B0BC77T7DF,STOBOK 2피스 테이프 디스펜서 만화 테이프 홀더 유니콘 모양 무지개 테이프 커터 와시 테이프 디스펜서 데스크탑 와시 종이 디스펜서 사무실 홈 스쿨용,STOBOK,12340,12755,4.0,3.0,"【테이프 디스펜서】 디자인은 단순하지만 이 정교한 테이프 커터는 사용할 때 매우 실용적입니다. 흰색 테이프 디스펜서, 테이프 디스펜서 책상, 책상 테이프 디스펜서 【만화 테이프 홀더】 테이프를 쉽고 빠르게 자를 수 있어 가위를 사용하는 번거로움을 없애줍니다. 재미있는 테이프 디스펜서, 귀여운 테이프 디스펜서, 작은 테이프 디스펜서 【 무지개 테이프 】 사랑스럽고 실용적인 테이프 디스펜서는 잘 만들어졌으며 좋은 경험을 선사합니다. 귀여운 테이프 디스펜서 무지개 사무용품 유니콘 테이프 디스펜서: 사랑스러운 유니콘 모양의 테이프 디스펜서는 테이프를 보관하는 데 사용되며 내부의 테이프를 볼 수 있습니다. 테이프 디스펜서, 책상용 테이프 홀더 【테이프 디스펜서 데스크탑】 가볍고 컴팩트한 크기로 이 테이프 커터는 보관 및 휴대가 매우 쉽습니다. 테이프 디스펜서, 테이프 디스펜서 책상이 귀엽습니다",특징 -- 색상: 랜덤 색상 -- 소재: 스테인리스 스틸 -- 사이즈: 9.10X8.50X2.60cm/ 3.58X3.34X1.2인치 -- 참고: 테이프가 함께 제공됩니다. -- 사랑스럽고 실용적인 테이프 디스펜서는 잘 만들어졌으며 좋은 경험을 선사합니다. -- 테이프를 쉽고 빠르게 자를 수 있어 가위를 사용하는 번거로움을 없애줍니다. -- 사랑스러운 유니콘 모양의 테이프 디스펜서는 테이프를 보관하는 데 사용되며 내부의 테이프를 볼 수 있습니다. -- 가볍고 컴팩트한 크기로 이 테이프 커터는 보관 및 휴대가 매우 쉽습니다. -- 디자인은 단순하지만 이 정교한 테이프 커터는 사용할 때 매우 실용적입니다. 패키지 포함 테이프 디스펜서 2개,"['테이프', '디스펜서', '커터']"
사무용품,테이프,사무용 테이프 디스펜서,,B074CHJHJN,"5.7 cm(2 인치) 데스크탑 테이블 탑/벽걸이 테이프 및 라벨 디스펜서, 대형 데스크탑 테이프 디스펜서, 스테인리스 스틸 프레임 흡착판 컵 흡착판 TTD-01",LDS Industry,49846,49846,4.2,173.0,"● 7.6cm(3인치) 너비 미만의 모든 테이프를 위한 고정식 테이프 디스펜서 ● 이 페이지에는 사용 방법을 보여주는 짧은 비디오가 있습니다 ● 매우 날카롭고 내구성이 뛰어난 스테인리스 스틸 블레이드, 쉬운 테이프 교체 튼튼하고 내구성이 뛰어납니다. 나사 또는 흡입 컵(포함)을 사용하여 바닥이나 벽에 장착할 수 있습니다 ● 작업 중에 테이프를 디스펜서에 보관할 수 있는 특수 디자인.",,"['테이프', '디스펜서', '흡착', '구성', '데스크탑', '스테인리스', '컵', '스틸', '판']"
사무용품,테이프,사무용 테이프 디스펜서,,B0CBCGKSZV,"블루 테이프 디스펜서 3개, 재미있는 남성용 선물, 참신한 및 개그 사무실 선물, 책상 액세서리, 재미있는 사무 용품, 선생님을 위한 선물, 동료를 위한 선물",Qeeenar,20761,22146,5.0,1.0,"충분한 사용: 크리스마스 버트 재미있는 테이프 디스펜서 3개, 종이 클립 10개, 테이프 1개가 포함된 패키지로 필요에 맞는 충분한 공급품을 얻을 수 있으며 테이프가 빨리 소모되지 않으며 항상 많은 상황에 대비하여 백업할 수 있습니다 일상 생활의 다양한 기능: 이 크리스마스 버트 블루 테이프 디스펜서는 사무실에서만 사용할 수 있을 뿐만 아니라 선물 포장, 공예, 스크랩북 등을 포함한 다양한 설정에 적용할 수 있습니다. 자석 스타일로 디자인되어 종이 클립 및 기타 작은 물건을 쉽게 잡을 수 있습니다 다른 사람을 위한 실용적인 선물: 유용하고 귀여운 선물을 찾고 계신다면, 이 크리스마스 엉덩이 책상 용품은 기능적이고 유머러스하여 친척, 가족, 파트너, 동료 또는 유머 감각이 있는 사람에게 이상적인 선택입니다 재미있는 장식 및 기념품: 이 크리스마스 엉덩이 참신한 테이프 디스펜서는 기능 외에도 재미있고 활동적인 장식으로도 사용할 수 있습니다. 작업 공간에 유머를 더하거나 웃음과 대화를 유발하는 재미있는 기념품이 될 수 있습니다 다양한 용도: 사무실, 학교, 스튜디오, 클럽, 파티 또는 가정에서 이 크리스마스 버트 테이프 디스펜서는 다양한 설정에 적용할 수 있어 주변 환경에 장난스럽고 가벼운 느낌을 선사합니다","특징: 이 크리스마스 버트 스테이션 책상 액세서리의 컴팩트한 크기와 가벼운 디자인으로 휴대와 운반이 쉽습니다. 가방이나 주머니에 넣으면 항상 기능적이고 재미있는 도구를 사용할 수 있습니다. 이 크리스마스 엉덩이 재미있는 사무용품 선물의 엉덩이 모양 디자인은 즐겁고 기발한 느낌을 더합니다. 매력적이고 귀여운 외관은 얼굴에 미소를 가져다 주며 대화를 시작하고 동료, 친구 또는 가족 사이에서 가장 좋아하는 아이템이 됩니다. 사양: 주요 소재: 플라스틱 주 색상: 블루 사이즈: 약 5.91 x 5.71 인치/15 x 5.7 cm. 패키지 구성: 버트 테이프 디스펜서 3개. 종이 클립 10개. 테이프 1개. 참고: 수동 측정, 사이즈에 약간의 오차가 있을 수 있습니다. 화면 디스플레이의 차이로 인해 색상이 약간 다를 수 있습니다. 뾰족한 물건이 포함되어 있으므로 어린 아이들의 손이 닿지 않는 곳에 보관하십시오. 삼킬 위험이 있을 수 있습니다. 어린 아이들의 손이 닿지 않는 곳에 두십시오.","['테이프', '선물', '재미있다', '크리스마스', '디스펜서', '버트', '엉덩이', '종이', '디자인', '클립']"
사무용품,테이프,사무용 테이프 디스펜서,,B09YXTG9BD,"열 테이프 디스펜서 9개 세트, 승화 테이프 디스펜서 실리콘 범프가 있는 내열성 장갑 2개, 승화용 열 테이프 6개, 미끄럼 방지 베이스, 중량 데스크톱, 사무실 가정용 (장미색)",Sabary,33226,33226,4.3,198.0,"열 전달 세트: 열 전달 테이프 디스펜서 1개, 내열성 테이프 6롤, 내열성 장갑 2개를 포함한 열 전달 키트가 함께 제공되는 패키지를 받게 됩니다. 이는 작업 시 편리함을 제공하는 이상적인 조합입니다. 풍부한 수량으로 오랫동안 사용할 수 있습니다 강력한 내열성: 열 테이프는 PI 필름으로 구성되어 있으며 접착력을 유지하기 위해 고온을 견딜 수 있는 내열성 접착제가 있습니다. 온도는 장기적으로 섭씨 260도, 단기에서는 섭씨 300도에 도달할 수 있습니다. 실리콘 도트는 장갑의 양면을 덮어 미끄럼 방지 및 내열성이 있습니다 사이즈 정보: 고온 테이프 6롤이 있으며, 각각 너비 10mm/0.39인치, 길이 33m/108피트로 일상적인 필요에 충분한 커버리지를 제공합니다. 열 테이프 디스펜서의 크기는 약 16.2 x 5.5 x 8.4cm/6.38 x 2.17 x 3.31인치입니다. 당사의 열 장갑용 헤어 스타일링 치수 약 2개 3 x 12 cm/9.06 x 4.72 인치, 대부분의 사람들에게 잘 맞습니다 미끄럼 방지 및 무게: 내열성 테이프 디스펜서의 미끄럼 방지 매트와 충분한 무게로 한 손으로 테이프를 자를 수 있으며 책상에 고정되도록 합니다. 사무실, 상점 및 수공예품에서 사용하기에 적합합니다 쉬운 사용: 첫째, 테이프 홀더의 도움으로 고정된 길이의 고온 실리콘 테이프를 빠르고 쉽게 자를 수 있습니다. 그런 다음 테이프로 열 전달 재료를 제자리에 고정할 수 있습니다. 마지막으로 화상을 방지하기 위해 보호 열 장갑을 착용하십시오. 이 열 전달 세트는 작업을 잘 완료하는 데 도움이 됩니다",,"['테이프', '열', '내열성', '방지', '전달', '장갑', '디스펜서', '미끄럼', '실리콘', '고정']"
사무용품,테이프,사무용 테이프 디스펜서,,B0D5D1GJH5,"Gekufa 자동 테이프 디스펜서, 최대 999mm 절단 길이의 테이프 커터 기계, 6-60mm 테이프 너비, 수동 및 자동 모드, 배송용 리본 절단기, 선물 포장 등.",,124636,124636,5.0,3.0,"""【다용도 용도】자동 테이프 디스펜서는 자동 및 수동의 두 가지 절단 모드를 제공합니다. 자동 모드는 편리합니다. 기계 절단 중에 다른 작업을 수행할 수 있습니다. 수동 모드는 정확한 절단을 위한 필요에 따라 사용할 수 있으며 마음대로 전환할 수 있습니다. 두 가지 모드는 일상 작업을 사용하여 필요에 맞게 사용할 수 있습니다! 참고: 리본 절단기는 너비 6mm에서 60mm, 길이 5mm에서 999mm 크기에 적합합니다."" 【듀얼 테이프 디자인 및 효율적인 절단】자동 테이프 디스펜서는 두 가지 유형의 테이프와 리본을 자를 수 있습니다. 리본을 절단해야 하는 경우 ""Lcon"" 모드를 사용하십시오. 테이프 커터 기계는 다양한 작업 요구 사항을 충족하기 위해 동시에 하나 또는 두 개의 테이프 롤을 절단할 수 있습니다. 리본 커터 기계는 전자 내부 블레이드 장치를 업그레이드하여 보다 정확하고 매끄러운 가장자리를 절단하여 작업을 보다 효율적으로 할 수 있습니다 【지능형 사전 설정】자동 테이프 디스펜서는 지능형 저장 및 메모리 기능을 갖추고 있어 전원 차단 및 재시작 후 기계를 재설정하지 않고도 다양한 절단 길이와 양을 미리 설정하고 저장할 수 있어 시간을 절약하고 효율성을 높일 수 있습니다. Dispensador de cinta Automatico는 여러 사용자에게 일관되고 정확한 테이프 길이를 보장합니다. 【고급 안전성】테이프 절단기는 내구성을 위해 고품질 ABS 소재로 만들어졌으며 고급 센서 시스템이 Cortador de liston 내부에 통합되어 있습니다. 테이프 걸림이 감지되면 자동 테이프 디스펜서 커터가 손상을 방지하기 위해 자동으로 작동을 멈추고 걸림을 제거하고 시작 버튼을 눌러 작동을 재개할 수 있어 제품의 안전성을 향상시킵니다 【100% 만족 보장】제품에 대해 궁금한 점이 있으시면 언제든지 저희에게 연락하십시오. 가능한 한 빨리 질문에 답변해 드리겠습니다. 구매 후 문제가 발견되면 환불을 위해 반품할 수 있으므로 위험 부담 없이 구매할 수 있습니다.",이 혁신적인 테이프 디스펜서 기계는 핸즈프리 자동 디스펜싱 및 수동 제어 옵션을 모두 제공하여 일상 작업에 대한 다양한 작동 요구 사항을 충족합니다.,"['테이프', '절단', '자동', '디스펜서', '기계', '작업', '리본', '커터', '수동', '정확하다']"
사무용품,테이프,사무용 테이프 디스펜서,,B0CCDKCZB4,Contemporary 울트라 투명 아크릴 골드 테이프 디스펜서,QILIMA,11066,11066,2.7,6.0,"매끄럽고 현대적인 디자인: 이 테이프 디스펜서는 매우 투명한 아크릴과 펜 용기를 결합한 현대적인 디자인이 특징입니다. 모든 사무실이나 책상에 세련되고 현대적인 느낌을 더합니다. 고품질 소재: 프리미엄 품질의 아크릴로 제작된 이 테이프 디스펜서는 내구성이 뛰어나고 오래 지속됩니다. 투명한 악센트가 전체 디자인에 고급스럽고 우아한 룩을 더합니다. 한 손 디스펜싱: 편리한 한 손 디스펜싱 기능으로 한 손으로 원하는 길이의 테이프를 쉽게 떼어낼 수 있습니다. 번거롭지 않은 테이프 디스펜싱 경험을 제공합니다. 기능적이고 실용적: 이 테이프 디스펜서는 미학적으로 만족할 뿐만 아니라 기능성이 뛰어납니다. 표준 크기의 테이프 롤을 안전하게 고정하고 분배하여 작업 공간을 정리하고 효율적으로 유지합니다. 다용도 사용: 홈 오피스, 직장 또는 학교에 필요하든 이 테이프 디스펜서는 모든 절단 및 접착 요구 사항에 적합합니다. 현대적인 디자인 애호가를 위한 필수 액세서리입니다.","제품 설명: QILIMA의 컨템포러리 울트라 클리어 아크릴 골드 테이프 디스펜서로 사무실이나 데스크톱을 향상시키세요. 완벽하게 설계된 이 테이프 디스펜서는 매끄럽고 현대적인 디자인과 프리미엄 품질의 소재를 결합했습니다. 매우 투명한 아크릴로 제작된 이 테이프 디스펜서는 세련미와 우아함을 발산합니다. 골드 악센트는 고급스러움을 더하여 책상 위에 눈에 띄는 작품입니다. 한 손으로 디스펜싱 기능을 사용하면 한 손으로 원하는 길이의 테이프를 쉽게 떼어낼 수 있습니다. 테이프 롤로 더듬거리는 것과 작별 인사를 하고 번거롭지 않은 테이프 디스펜싱 경험을 즐기세요. 이 테이프 디스펜서는 시각적으로 매력적일 뿐만 아니라 기능도 뛰어납니다. 표준 크기의 테이프 롤을 안전하게 고정하고 분배하여 작업 공간을 깔끔하게 정리할 수 있습니다. 개인 및 전문가 모두 사용하기에 완벽한 이 테이프 디스펜서는 현대적인 디자인의 사무실이나 데스크톱을 보완하는 다용도 액세서리입니다. 절단 및 접착 작업에 이상적이며 모든 창의적인 사람에게 필수적인 도구입니다. QILIMA의 컨템포러리 울트라 클리어 아크릴 골드 테이프 디스펜서로 작업 공간을 업그레이드하세요. 스타일, 기능 및 품질의 완벽한 조화를 경험하십시오. 오늘 주문하시고 일상 업무에 가져다주는 편리함과 우아함을 즐기세요.","['테이프', '디스펜서', '현대', '아크릴', '디자인', '손', '디스', '펜싱', '작업', '골드']"
사무용품,테이프,사무용 테이프 디스펜서,,B0C73PTSL6,"튼튼한 배송 테이프 디스펜서: TENDO° 프리미엄 라인 - 재사용 가능, 교체 가능, 친환경 5.1cm(2인치) 마스터 피스 디스펜서, 특허받은 10° 경사 크롬 블레이드 포함 - P-2200 (4세대) _스카이블루",TENDO°,27686,27686,4.5,324.0,10° 기울어진 날로 테이프를 쉽게 자를 수 있습니다 - 특허받은 블레이드는 10도 기울어져 있습니다. 따라서 약간의 힘으로도 테이프를 쉽게 자를 수 있습니다. Tendo Blade의 크롬 도금과 10단계의 연마 공정은 강력한 내구성과 절삭력을 제공합니다. 블레이드 교체 기능도 사용할 수 있습니다. 블레이드의 중앙 라인 - 중앙 라인은 상자와 테이프를 쉽게 중앙에 놓을 수 있어 한쪽으로 기울이지 않는 깨끗한 테이핑을 가능하게 합니다. 속도 향상 및 시간 절약 - 블레이드 아래의 프레스 플레이트는 절단과 동시에 테이프를 누르고 붙여 작업 속도를 향상시킵니다. 내구성이 뛰어난 인체 공학적 디자인 - 인체 공학적으로 구부러진 손잡이는 장시간 사용으로 인한 손목의 피로를 최소화하여 확실히 혁신적입니다. 작은 그립력으로 민감한 장력 조절이 가능합니다. 또한 손잡이는 고무(TPE)로 만들어져 미끄러지지 않고 안정적인 그립감을 제공합니다. 오른손잡이와 왼손잡이 모두 사용 가능 - 고무 손잡이는 좌우로 움직일 수 있으므로 오른손잡이와 왼손잡이 모두 편안하게 사용할 수 있습니다. 4.5cm(1.75인치) ~ 5.1cm(2인치) X 99.4m(109야드) 밀봉 테이프와 호환 가능,,"['테이프', '블레이드', '라인', '손잡이', '중앙', '왼손잡이', '특허', '고무', '속도', '디스펜서']"
사무용품,테이프,사무용 테이프 디스펜서,,B0C7CKJJHP,"AnRui 레트로 테이프 디스펜서, 펜 홀더 포함, 귀여운 카세트 테이프 디스펜서, 책상 액세서리, 깔끔한 컨테이너, 사무실 문구 보관 정리함, 남아 및 여아용 학생 사무실용, 핑크",AnRui,16606,16606,4.0,3.0,"이 카세트 테이프 펜 홀더는 안전하고 내구성이 뛰어난 고급 ABS 플라스틱으로 만들어졌으며 스테인리스 스틸 테이프 디스펜서는 테이프를 쉽게 자를 수 있도록 도와줍니다. 레트로 테이프 디스펜서 크기 (약): 16.8cm x 5.1cm x 11cm/6.61"" x 2"" x 4.33""(길이x너비x높이). 펜, 가위, 종이 클립, 푸시 핀, 테이프 등을 담을 수 있습니다. 레트로 카세트 테이프 디자인으로 이 펜 홀더는 눈길을 사로잡으며 사무실에 멋진 색상과 재미를 더합니다. 테이프 롤은 교체할 수 있으며, 테이프 롤이 다 떨어지면 빠르고 쉽게 새 것으로 교체할 수 있습니다. 눈길을 끄는 레트로 책상 오거나이저 테이프 디스펜서는 졸업식, 생일, 학교 및 크리스마스 등을 위한 훌륭한 선물입니다. 핑크, 그레이 및 블루 색상이 있으며 남아와 여아 모두에게 적합하며 사무실, 학교 및 가정용으로 적합합니다.","사양: 소재: ABS+스테인리스 스틸 색상: 핑크 사이즈: 치수(길이x너비x높이): 16.8cm x 5.1cm x 11cm/6.61"" x 2"" x 4.33"" 제품 구성: 다기능 홀더 1개. 디스펜스 접착 테이프 1개. 참고: 작은 코어 테이프가 포함되어 있지만 액세서리는 표시되지 않습니다.","['테이프', '디스펜서', '홀더', '레트로', '펜', '사무실', '핑크', '카세트', '남아', '스테인리스']"
사무용품,테이프,사무용 테이프 디스펜서,,B084ZYH5LH,"5.1cm(2인치) 데스크탑 테이블 탑/벽걸이 테이프 및 라벨 디스펜서, 5.1cm(2인치) 테이프용 대형 데스크탑 테이프 디스펜서, 빨판 컵 흡착판이 있는 스테인리스 스틸 프레임 TTD-02",LDS Industry,41536,41536,4.3,75.0,"너비 5.1cm(2인치) 미만의 모든 테이프용 고정식 테이프 디스펜서 매우 날카롭고 내구성이 뛰어난 스테인리스 스틸 블레이드, 테이프 롤을 쉽게 교체할 수 있습니다. 튼튼하고 내구성이 뛰어납니다. 나사 또는 흡입 컵(포함)을 사용하여 바닥이나 테블 상단에 장착할 수 있습니다 테이프를 항상 디스펜서에 유지하고 작업 중에 떨어지지 않도록 하기 위한 특별한 디자인. 평생 - 안전한 디자인 덕분에 손상 없는 매우 신뢰할 수 있는 밀봉 박스",,"['테이프', '디스펜서', '스틸', '컵', '데스크탑', '디자인', '구성', '스테인리스']"
사무용품,테이프,사무용 테이프 디스펜서,,B014WGQOIY,"Huang Acrylic 투명 블록 테이프 디스펜서, 현대적인 디자인, 크리스탈 클리어 구조, 가정 또는 사무실에 적합",Huang Acrylic,20068,20068,4.7,205.0,"현대적인 디자인은 모든 사무실 환경에 완벽하게 어울립니다 표준 접착 테이프 롤에 맞습니다 100% 버진 아크릴로 제작되어 깨질 가능성이 있는 유리의 위험 없이 ""유리보다 좋음"" 선명도를 제공합니다. 두 가지 세계 최고의 제품입니다! 세척이 쉽고 내구성이 뛰어나 저품질의 플라스틱 제품보다 훨씬 오래 사용할 수 있으며 환경에 적합합니다. 최상의 결과를 위해 손세척만 하십시오. 100% BPA 프리.",,"['환경', '테이프', '유리', '세척', '사무실', '현대', '디자인', '롤', '디스펜서', '블록']"
사무용품,테이프,사무용 테이프 디스펜서,,B003U6OYIA,"School Smart 교체 가능한 2.5cm(1인치) 및 7.6cm(3인치) 코어가 있는 테이프 디스펜서, 블랙 - 081904",School Smart,17769,17769,4.4,683.0,"블랙 테이프 디스펜서는 최대 15.2cm(6인치) 스풀을 지원합니다 교실, 가정 또는 사무실에서 사용하기 좋습니다 매일 사용할 수 있도록 내구성 있는 소재로 제작되었습니다 미끄럼 방지 바닥은 디스펜서를 제자리에 고정하는 데 도움이 됩니다",School Smart 교체 가능한 테이프 디스펜서는 교체 가능한 3.5~7.6cm(1~3인치) 코어가 있는 3.5~1.9cm(1~3/4인치) 테이프를 쉽게 수용할 수 있습니다. 필요에 따라 휠을 교체하여 사용하기로 선택한 접착제를 수용할 수 있습니다. 교체 가능한 코어가 있는 스킵 방지 테이프 디스펜서는 사무실 테이프용으로 설계되었습니다.,"['테이프', '디스펜서', '가능하다', '코어', '수용', '사무실', '블랙', '방지']"
사무용품,테이프,사무용 테이프 디스펜서,,B07DPQJY2Z,"Bostitch Office Konnect 프리미엄 단면 테이프가 있는 테이프 디스펜서, 책상에 스틱, 블랙 (KT-TAPE-BLK)",Bostitch,17312,17312,4.0,21.0,확장 블레이드는 절단 후 테이프를 고정하여 한 손으로 편리하게 분배할 수 있습니다 1.9cm(3⁄4인치) 프리미엄 단면 오피스 테이프 1롤 포함 표준 Office 테이프의 모든 표준 롤과 호환됩니다 가볍고 슬림한 디자인으로 어떤 책상에도 잘 어울립니다 konnect 코드 관리 레일에 도킹하거나 단독으로 사용할 수 있습니다,Konnect 데스크탑 테이프 디스펜서를 구입하고 모든 테이핑 작업을 즉시 완료하세요! 빠르고 쉬운 절단을 위한 확장 블레이드가 있는 이 소형 테이프 디스펜서는 여러분에게 필요한 유일한 제품입니다. 표준 테이프 디스펜서와 달리 가벼우며 모든 표준 사무실 테이프 롤과 호환됩니다. 하지만 이미 단면 테이프 한 롤이 포함되어 있어 게임에서 앞서 나갈 수 있습니다. 안정성을 위해 커넥터 코드 관리 레일에 부착하고 konnect 시스템의 독특한 기능을 활용하거나 단독으로 사용하십시오. 공간을 어수선하게 만드는 것이 골칫거리일 필요는 없습니다. Bostitch 커넥터는 간단하게 만들기 위해 여기에 있습니다. 특징: 쉬운 절단을 위한 확장 블레이드에는 4가지 색상으로 제공되는 커넥터 코드 관리에 도킹할 수 있는 사무실 테이프 단일 롤이 포함되어 있습니다,"['테이프', '롤', '디스펜서', '표준', '확장', '절단', '블레이드', '단면', '관리', '커넥터']"
사무용품,테이프,사무용 테이프 디스펜서,,B0C5R59JGG,12팩 데스크탑 테이프 디스펜서 미끄럼 방지 베이스 테이프 디스펜서 책상 12개의 추가 테이프 디스펜서 교체 코어 48롤 보이지 않는 테이프 디스펜서 책상 테이프 디스펜서 홈 오피스 학교용,Seajan,30456,30456,4.4,4.0,"패키지 정보: 데스크탑 테이프 디스펜서 12개, 추가 테이프 디스펜서 교체 코어 12개, 보이지 않는 테이프 48롤이 제공됩니다. 충분한 수량으로 사용 요구 사항을 충족하며 가족과 공유할 수 있습니다 사이즈 세부 정보: 데스크탑 테이프 디스펜서는 약 16.3 x 2.6 x 2.6 인치/16 x 2.6 x 2.6 인치, 테이프 길이는 약 985인치/25m, 너비는 약 1.8cm(0.7인치)/1.8cm(0.7인치)의 테이프는 대부분의 디스펜서에 적합합니다. 가볍고 휴대가 간편하며 작동이 쉽습니다 신뢰할 수 있는 소재: 이 미끄럼 방지 베이스 테이프 디스펜서는 금속 소재로 만들어졌으며 블레이드는 스테인리스 스틸로 견고하고 내구성이 뛰어나며 매끄러운 표면과 정교한 기술로 쉽게 깨지거나 색이 바래지 않습니다. 신뢰할 수 있는 소재로 오랫동안 사용할 수 있습니다 보이지 않는 테이프: 디스펜서용 테이프는 보이지 않으며 대부분의 표면에 부착할 수 있으며 테이프가 벗겨질 염려가 없습니다. 테이프가 책의 그림이나 단어를 가리지 않아 편리하게 사용할 수 있습니다 다양한 용도: 이 책상 테이프 디스펜서는 가정, 사무실, 학교 등에서 다양한 경우에 사용할 수 있습니다. 문서 수리, 공예품 제작, 실수 수정 및 선물 포장에 이상적이며 좋은 사용 경험을 제공합니다",,"['테이프', '디스펜서', '보이지', '데스크탑', '책상']"
사무용품,테이프,사무용 테이프 디스펜서,,B08PDPXZVW,"6피스 10.1 x 9.1 x 7.1cm(4.1 x 3.6 x 2.8인치) 와시 테이프 디스펜서, 베이지 테이프 절단기, 투명 롤 테이프 홀더 데스크탑 테이프 오거나이저 DIY 스티커 커터 보관 상자 (테이프 없음)",ZOENHOU,22146,22146,4.3,108.0,"다목적 테이프 디스펜서 - 공예 테이프나 마스킹 테이프, 메모 롤을 정리할 수 있으며 테이프를 보관하거나 자를 수 있습니다. 사이즈(cm): 10.1 (L) x 3.6(W) x 2.8(H). 공간 절약 - 쌓을 수 있는 디자인의 절단기. 홈 상단과 눈에 띄는 지지 다리의 하단을 겹쳐서 공간을 절약할 수 있습니다. 투명한 프레임 디자인 - 와시 테이프 디스펜서에는 필요에 따라 선택할 수 있는 두 가지 종류의 톱날이 있습니다. 투명한 프레임 디자인, 한눈에 내장된 아이템, 사용하기 쉽습니다. 고품질 소재 - 투명 테이프 보관 상자는 PS와 ABS로 제작되었습니다. 안심하고 사용할 수 있습니다. 절단기는 직경 6.5cm(2.5인치), 너비 7.5cm(2.95인치)의 테이프를 고정할 수 있습니다. 다양한 용도 - 베이지 와시 테이프 디스펜서는 사무실, 학교, 가정 활동, 스크랩북, 예술 프로젝트 등에 적합합니다. 당사에서 구매한 모든 제품은 연중무휴 친절한 고객 서비스와 함께 제공됩니다. 질문이 있으시면 언제든지 저희에게 연락하십시오!",ZOENHOU 는 일상적인 요구 사항을 충족할 수 있는 디스펜서 박스를 판매하기 위해 최선을 다하고 있습니다./테이프 디스펜서의 많은 이점을 알아야 합니다./이 소재는 안전하며 안심하고 사용할 수 있습니다./홀더 박스는 투명하기 때문에 남은 테이프 양을 확인하고 언제든지 교체할 수 있습니다./홈 상단과 눈에 띄는 지지 다리의 하단을 겹쳐서 공간을 절약할 수 있습니다./커터 기계는 두 가지 크기로 필요에 따라 조정할 수 있습니다./패키지 구성:/베이지 데스크탑 테이프 디스펜서 6개./참고:/1. 패키지에는 테이프가 없습니다./2. 테이프 디스펜서는 가볍고 양손으로 조작해야 합니다./3. 커터는 날카롭습니다. 어린이의 손이 닿지 않는 곳에 두십시오. 사용 시 손을 자르지 않도록 주의하세요./4. 모니터의 해상도가 다르기 때문에 색상이 약간 다를 수 있습니다./사려 깊은 서비스:/투명 테이프 디스펜서에 대한 질문이나 불만이 있으시면 언제든지 저희에게 연락해 주십시오. 24시간 이내에 답변을 드리고 해결해 드리겠습니다.,"['테이프', '디스펜서', '손', '보관', '커터', '디자인', '투명', '투명하다', '절약', '베이지']"
사무용품,테이프,사무용 테이프 디스펜서,,B06XJTKGGH,플라밍고 접착 테이프 디스펜서 플라스틱 가정용 사무실 문구류 참신한 선물,Out of the blue,13836,13836,4.4,482.0,핑크 플라밍고 소재: 플라스틱 끈적이는 테이프 한 롤이 포함되어 있습니다.,"사무실, 가정, 교실 등을 위한 귀여운 핑크 플라밍고 모양 테이프 디스펜서. 크리스마스 선물, 생일 선물 또는 모든 행사에 적합합니다. 사이즈: 각각 약 길이 8.5 x 너비 2.5 x 높이 8.8cm(3.3 x 1 x 3.5인치)","['선물', '플라밍고', '테이프', '디스펜서', '사무실', '핑크', '가정', '플라스틱', '접착', '참신하다']"
사무용품,테이프,사무용 테이프 디스펜서,,B09K7D859H,"자동 테이프 디스펜서 회전식 디스크 테이프 절단기, 13-60mm 절단 길이, 3-25mm 테이프 너비, 스카치 테이프 절단용 사무실 학교 용품 양면 테이프 고온 테이프",Frifreego,202196,202196,3.6,21.0,"다양한 테이프 적용 가능 - 스카치 테이프, 섬유 테이프, 아세테이트 테이프, 양면 테이프, 고온 테이프, 마스킹 테이프 등 모두 실제 테스트 후 사용할 수 있습니다. 다른 확실하지 않은 테이프는 주문하기 전에 확인을 요청하십시오. 대형 디스크 디자인 - 컷 테이프는 전기 테이프 디스펜서의 디스크를 둘러싸고 있어 여러 사람이 사용할 수 있어 시간을 절약하고 작업을 효율적으로 만듭니다! 순종적인 도우미 - 절단 길이와 거리는 의지나 작업 필요에 따라 조절할 수 있으며 유연하고 편리합니다! 참고용으로 영어 설명서가 첨부되어 있습니다! 멋진 절단 - 텅스텐 스틸로 제작된 블레이드는 견고하고 내구성이 뛰어나 절단 테이프의 가장자리를 깔끔하고 아름답게 만듭니다. 이 자동 테이프 디스펜서는 특히 공예 제작에 적합합니다! ""바보"" 기계 - 전원을 연결하고 스위치를 켜고 상단의 커팅 버튼을 활성화하여 테이프 절단을 시작합니다. 어린 아이들에게도 간단한 조작이 가능합니다. (단, 이 테이프 커터는 아이들이 단독으로 사용하는 것은 권장하지 않습니다.)",,"['테이프', '절단', '디스펜서', '디스크']"
사무용품,테이프,사무용 테이프 디스펜서,,B0C2TM7Z2T,"열 테이프 디스펜서 9개 세트, 승화 테이프 디스펜서 1개, 실리콘 범프가 있는 내열성 장갑 2개, 멀티 사이즈 열 테이프 6개, 미끄럼 방지 가중 베이스 테이프 디스펜서 사무실 가정용 (블랙)",Kosiz,30456,30456,4.0,12.0,"열 전달 키트: 패키지에는 열 전달 테이프 디스펜서, 다양한 크기로 설계된 열 테이프 6롤, 열 전달 작업을 위해 결합할 수 있는 승화 장갑 2개를 포함한 열 전달 세트가 포함되어 있어 장기간 사용하기에 충분합니다 내열성 소재: 승화용 열 테이프는 주로 내열성 접착제가 특징인 PI 필름으로 만들어졌으며 온도는 장기적으로 섭씨 약 260도, 단기적으로는 섭씨 약 300도에 도달할 수 있습니다. 장갑은 양쪽에 실리콘 도트가 있어 단단히 잡고 고온을 방지합니다 자세한 사이즈 정보: 당사의 내열성 테이프는 0.12인치/3mm, 0.2인치/5mm, 0.24인치/6mm, 0.39인치/10mm, 0.47인치/12mm 및 0.79인치/20mm를 포함한 6가지 너비로 제공되며 길이는 약 108피트/33m입니다. 열 테이프 테이프 테이프 디스펜서 디스펜서 측정 6.38 x 2.17 x 3.31인치/6.2 x 5.5 x 8.4cm(6.38 x 2.17 x 3.31인치), 열 프레스 장갑은 약 23 x 12cm(9.06 x 4.72인치)로 대부분의 연령대의 사람들에게 적합합니다 안정적인 디자인: 당사의 승화 테이프 디스펜서는 사용 중에 미끄러지지 않는 매트가 있어 한 손으로 사용할 수 있으며 충분한 무게로 표면에 단단히 고정되며 사무실, DIY 프로젝트 등에 적합합니다 편리한 사용: 이 승화 액세서리 및 소모품 키트는 편의를 위해 설계되었습니다. 테이프 디스펜서를 사용하여 필요한 길이로 테이프를 자를 수 있으며 열 전달 재료를 테이프로 제자리에 고정할 수 있습니다. 화상을 방지하기 위해 내열성 장갑을 착용하여 직장에서 충분한 안전을 제공합니다","특징: 실용적인 작업 용품: 당사의 데스크탑 테이프 디스펜서는 테이프를 빠르고 깔끔하게 자를 수 있도록 도와주며, 열 전달 작업 중에 보호하기 위해 내열성 장갑을 착용할 수 있습니다. 보내시기 바랍니다: 가중 테이프 디스펜서 세트를 사랑하는 사람에게 선물로 보낼 수 있으며, DIY 및 공예 애호가에게 적합한 감사와 관심을 보여줄 수 있습니다. 사양: 주요 소재: 고온 테이프: PI, 실리콘 열테이프 디스펜서: PP 열 장갑: 실리콘 색상: 블랙. 사이즈: 고온 테이프: 약 0.12인치/3mm, 0.2인치/5mm, 0.24인치/6mm, 0.39인치/10mm, 0.47인치/12mm 및 0.79인치/20mm 너비. 열 테이프 디스펜서: 약 16.2 x 5.5 x 8.4cm(6.38 x 2.17 x 3.31인치). 열 장갑: 약 9.06 x 4.72인치/23 x 12cm. 패키지 구성: 열 전달 테이프 디스펜서 1개. 내열성 테이프 6롤. 내열성 장갑 2개. 참고: 수동 측정, 사이즈에 약간의 오차가 있을 수 있습니다. 화면 디스플레이의 차이로 인해 색상이 약간 다를 수 있습니다. 타지 않도록 보호를 위해 열 장갑을 착용하십시오.","['테이프', '열', '디스펜서', '장갑', '내열성', '전달', '승화', '실리콘']"
사무용품,테이프,사무용 테이프 디스펜서,,B09W9NYPN1,NUOBESTY 2피스 귀여운 고양이 테이프 디스펜서 빈티지 나무 테이프 커터 마스킹 테이프 보관 정리함 테이프 홀더 홈 오피스 데스크탑 액세서리 블랙 옐로우,NUOBESTY,17991,17991,4.8,16.0,디자인은 단순하지만 사용할 때 매우 실용적입니다. 테이프 디스펜서로 사용할 수 있으며 완벽한 데스크탑 장식이기도 합니다. 테이프를 쉽고 빠르게 자를 수 있어 사용의 번거로움을 없애줍니다. 사랑스러운 고양이 모양의 테이프 디스펜서는 테이프를 보관하므로 테이프를 볼 수 있어 쉽게 리필할 수 있습니다. 가볍고 컴팩트한 사이즈로 보관 및 휴대가 매우 쉽습니다.,"설명 아름답고 실용적인 테이프 커터를 찾고 계십니까? 그렇다면 저희 제품, 정교한 솜씨, 좋은 소재, 정교한 고양이 모양 디자인, 아름답고 실용적입니다. 테이프를 빠르게 자를 수 있으며 매우 실용적이고 내구성이 뛰어난 테이프 커터입니다. 특징 - 색상: 블랙, 옐로우. - 소재: 나무. - 사이즈: 약 8. 70X6. 00X3. 00cm/3. 42X2. 91.4x2.545.7cm(18인치). - 테이프를 쉽고 빠르게 자를 수 있어 사용의 번거로움을 없애줍니다. - 사랑스러운 고양이 모양의 테이프 디스펜서는 테이프를 보관하므로 테이프를 볼 수 있어 쉽게 리필할 수 있습니다. - 테이프 디스펜서로 사용할 수 있으며 데스크탑 장식으로도 완벽합니다. - 디자인은 단순하지만 사용할 때 매우 실용적입니다. - 가볍고 컴팩트한 사이즈로 보관 및 휴대가 매우 쉽습니다. - 색상: 다양한 색상. 패키지 포함 테이프 디스펜서 2개","['테이프', '디스펜서', '실용', '보관', '고양이', '데스크탑', '디자인', '커터', '빠르다']"
사무용품,테이프,사무용 테이프 디스펜서,,B08FXKZSWY,"와시 테이프 디스펜서 커터 6개, 테이프 홀더 오거나이저, 와시 테이프 오거나이저, 마스킹 테이프 커터, 책상용 사무실 테이프 홀더 디스펜서",SHANQIAN,25747,25747,4.4,197.0,"소재: PP+ABS, 안전하고 독특한 냄새가 없습니다. 사이즈: 10.2 x 9.5 x 14.2cm(길이*너비*높이), 15mm 너비의 롤을 최대 5개까지 보관할 수 있습니다. 패키지 포함: 쌓을 수 있는 와시 테이프 홀더 6개. 다용도: 사무실/학교/가정 활동, 스크랩북, 미술 프로젝트 등에 적합합니다. 참고: 테이프 디스펜서는 가볍고 양손으로 작동해야 합니다.","사양: 최대 테이프 직경 65mm(2.56인치), 테이프 너비 75mm(2.95인치)까지 담을 수 있습니다. 소재: PP+ABS 사이즈: 10.4 x 9.1 x 7.1 cm 무게: 76g/패키지 구성: 데스크탑 테이프 디스펜서 6개(마스킹 테이프 미포함)","['테이프', '디스펜서', '홀더', '사무실', '패키지', '마스킹', '커터', '나이', '오거']"
사무용품,테이프,사무용 테이프 디스펜서,,B0B9H4Y74L,"Zerodeko 귀여운 고양이 테이프 디스펜서 1개, 테이프 디스펜서, 홈 오피스 데스크탑 액세서리용 레트로 나무 테이프 커터, 학생 여아 남아용 책상 테이프 디스펜서",Zerodeko,12451,12451,3.9,9.0,"✔소재: 테이프 디스펜서는 천연 목재와 금속으로 만들어져 매끄러운 표면, 안전하고 친환경적입니다. ✔사이즈: 8.7X6cm, 너비 24mm 미만의 모든 테이프에 적합합니다. 책상 서랍 또는 휴대용 사용을 위한 편리하고 사랑스러운 고양이 모양의 테이프 디스펜서 ✔귀여운 고양이 모양 디자인: 테이프 디스펜서는 가정과 사무실에 없어서는 안될 필수 아이템이며, 귀여운 디자인으로 책상을 장식할 수 있습니다. ✔용도: 사무실, 학교 및 가족 활동, 스크랩북, 아트 프로젝트 등에 적합합니다. ✔좋은 선물: 일상, 축제 또는 새로운 학교 용어로 아이들을 위한 훌륭한 선물, 그들은 작은 것을 좋아할 것이며 작은 책상을 장식할 수도 있습니다.",,"['테이프', '디스펜서', '책상', '고양이', '귀엽다', '장식', '학교', '선물', '디자인', '사무실']"
사무용품,테이프,사무용 테이프 디스펜서,,B07V4BXKJS,다채로운 아이템 Butt Station 책상 액세서리 테이프 디스펜서,JDYYICZ,15221,15221,3.9,49.0,"사무용품을 좋아하는 사람들을 위한 완벽한 선물. 훌륭한 디자인과 장인 정신! 재미있는 책상 오거나이저는 변기와 비슷한 조각된 사람을 묘사합니다 펜 홀더, 테이프 디스펜서 및 커터, 자석 종이 클립 홀더로 사용할 수 있습니다 정보: 자석 엉덩이는 종이 클립을 고정합니다. 커터 포함 테이프 디스펜서. 펜 및 명함 홀더. 파란색, 녹색 또는 주황색의 무작위 색상","모든 사람들은 버트 스테이션에서 펜 홀더, 테이프 디스펜서, 메모/카드 홀더, 종이 클립 홀더와 하나의 스탠드나 앉아서 훌륭한 대화 작품을 포함하는 재미있는 아트 데코 책상 액세서리를 찾고 있습니다. 약 12.7cm의 높이로 인기있는 네온 그린, 네온 오렌지, 밝은 블루 등 다양한 색상으로 제공됩니다.","['홀더', '디스펜서', '테이프', '사람', '종이', '펜', '클립', '책상', '액세서리', '자석']"
사무용품,테이프,사무용 테이프 디스펜서,,B0BY4CJ59N,"테이프 디스펜서 큐트, 창의적인 구름 장식 만화 테이프 커터, 롤 무지개 테이프 포함, 어린이 학교 사무실 문구 용품, 화이트",Hibucuo,8988,8988,2.6,3.0,"쉬운 사용: 테이프 디스펜서의 가장자리는 매끄럽고 둥글며 거친 부분이 없으며 피부를 손상시키지 않습니다. 가위나 가위를 사용하는 번거로움을 없애줍니다. 프리미엄 소재: 귀여운 테이프 디스펜서는 플라스틱 소재로 제작되어 내구성이 뛰어나며 오랫동안 사용할 수 있습니다. 정교하고 훌륭한 솜씨 다양한 용도: 무지개 테이프 및 클라우드 디스펜서 테이프 디스펜서는 사무실, 학교 및 가족 활동, 스크랩북, 예술 프로젝트 등에 적합합니다. 가볍고 컴팩트한 사이즈로 보관 및 휴대가 매우 쉽습니다. 다용도: 무지개 테이프와 구름 디스펜서는 상자 닫기, 선물 포장, 메모 붙여넣기, 문서 밀봉, 와시 테이프로 장식 등을 쉽게 할 수 있습니다",패키지 포함 -- 무지개 테이프 1개 -- 테이프 디스펜서 1개.,"['테이프', '디스펜서', '무지개', '사무실', '가위', '학교', '구름', '장식']"
사무용품,테이프,사무용 테이프 디스펜서,,B00437DG5C,"excell EX-17/3IN JVCC EX-17 스틸 데스크 탑 테이프 디스펜서: 너비 7.6cm(3인치), 블루/그레이",excell,34458,34389,4.8,1041.0,매우 넓은 녹 방지 블레이드가 있는 고품질 멀티 트랙 테이프 디스펜서로 테이프 끝을 절삭날에 정렬하는 작업 시간을 줄입니다. 흡착 컵 발이 함께 제공되는 안전한 스틸 데스크탑 테이프 디스펜서는 디스펜서를 작업 표면에 고정하여 미끄러지지 않고 안정성을 보장합니다. 테이프를 자르는 데 사용되는 안전한 톱니 블레이드에는 블레이드를 덮기 위해 수동으로 밀어 올릴 수 있는 안전 가드가 함께 제공됩니다. 2.5cm(1인치) 너비의 롤러 3개가 함께 제공되므로 7.6cm(3인치) 너비의 롤 1개 또는 개별 2.5cm(1인치) 너비의 테이프 롤 3개 또는 5.1cm(2인치) 너비 롤 1개와 2.5cm(1인치) 너비 롤 1개에 디스펜서를 사용할 수 있습니다.,"최대 외부 롤 직경의 12.7cm(5인치)를 담을 수 있어 Permacel J-LAR 및 JVCC CELLO-1과 같은 사무용품 테이프 및 Shurtape HP-500 및 JVCC OPP-20C와 같은 필름 상자 밀봉 포장 테이프에 적합합니다. JVCC ART-11과 같은 아티스트/콘솔 테이프에도 맞습니다. 스파이크 및 개퍼 테이프와 같은 갈매기 길이의 천 테이프는 이 디스펜서에 맞지 않을 수 없습니다. 2.5cm(1인치) 너비의 롤러 3개가 함께 제공되므로 7.6cm(3인치) 너비의 롤 1개 또는 개별 2.5cm(1인치) 너비의 테이프 롤 3개 또는 5.1cm(2인치) 너비 롤 1개와 2.5cm(1인치) 너비 롤 1개에 디스펜서를 사용할 수 있습니다. 두께가 3mm 이하인 테이프를 절단하는 데 적합합니다. 크기: 너비 9.5cm x 길이 22.9cm x 높이 10.2cm. 코어 직경: 3"" (76mm) 테이프 너비: 1""(25.4mm); 2""(50mm), 3""(76mm)","['테이프', '롤', '디스펜서', '블레이드', '안전하다', '작업', '롤러', '직경', '스틸']"
사무용품,테이프,사무용 테이프 디스펜서,,B08P2LP3WQ,"Enyuwlcm 사무실용 목재 데스크탑 테이프 디스펜서, 테이프 홀더 포함, 다기능 테이프 디스펜서, 미끄럼 방지 매트 부착 1팩",enyuwlcm,16329,16329,4.0,28.0,자연 테이프 디스펜서: 환경 친화적이고 신뢰할 수 있는 천연 색상의 목재로 제작되었습니다. 재생 가능하며 수년 동안 사용할 수 있을 만큼 내구성이 뛰어납니다. 모든 책상에 우아한 느낌을 더하고 실제 목재의 자연스러운 미학은 선명하고 매끄러운 외관을 만듭니다. 고품질 블레이드: 데스크탑 테이프 디스펜서는 필요한 길이의 테이프를 쉽고 빠르게 절단할 수 있도록 크고 날카로운 날을 가지고 있습니다. 오래 지속되며 테이프를 즉시 깔끔하게 잘라냅니다. 실용적인 디자인: 이 제품은 다양한 크기의 테이프에 적합한 개방형 디자인을 가지고 있으며 테이프를 고정하기 위한 실린더 발판이 추가되었습니다. 시간을 절약하고 책상을 깔끔하게 만드세요. 미끄럼 방지 매트: 이 매트는 끈적거리며 책상 상단 디스펜서를 원하는 대로 단단히 고정하는 데 사용할 수 있습니다. 이 미끄럼 방지 매트를 사용하면 한 손으로 디스펜싱으로 사용할 수 있으며 미끄럼 방지 매트가 없으면 한 손으로 조작할 수 없습니다. 사이즈 및 100% 만족 서비스:: 11 x 11 x 8cm/4.33 x 4.33 x 3.15인치 | 분실하거나 놓기 어렵습니다. 상자에 포장되어 있으며 테이프는 포함되지 않습니다. 당사의 테이프 디스펜서에 만족하지 못하셨다면 만족스러운 솔루션을 제공하게 되어 매우 기쁩니다.,자연스럽고 매력적입니다. 미끄럼 방지 매트로 책상에 단단히 고정하세요. 좋은 톱니 모양의 날은 수년간 지속됩니다. 다양한 크기의 테이프를 위한 대형 테이프 디스펜서. 테이프 홀더 디자인.,"['테이프', '디스펜서', '매트', '방지', '미끄럼', '책상', '목재', '고정', '디자인']"
사무용품,테이프,사무용 테이프 디스펜서,,B074HH9181,"Acrimet 프리미엄 데스크탑 테이프 디스펜서 점보, 플라스틱, 미끄럼 방지 베이스 (튼튼함) (퍼플 색상)",Acrimet,23406,23406,4.4,390.0,"내구성 및 오래 지속됨: 고품질 프리미엄 플라스틱으로 제작된 테이프 디스펜서는 바쁜 환경에서 일상적인 사용을 견딜 수 있도록 제작되었습니다. 견고한 구조는 내구성을 보장하여 모든 포장 요구 사항에 대한 신뢰할 수 있는 솔루션을 제공합니다. 헤비 듀티 작업에 이상적입니다 특수 블레이드: 스테인리스 스틸 블레이드는 내구성과 수명을 보장하며, 번거롭지 않은 테이프 디스펜싱을 위해 정확하고 일관된 절단을 제공합니다 미끄럼 방지 베이스: 당사의 테이프 디스펜서는 표면에 단단히 고정되는 미끄럼 방지 베이스가 특징이며, 사용 중에 미끄러지거나 움직이는 것을 방지합니다. 이 안정성은 생산성을 향상시키고 사무실, 창고, 교실, 가정 또는 공예 공간에서 작업할 때 좌절감을 최소화합니다 쉬운 테이프 로딩: 테이프 디스펜서는 사용자 친화적인 디자인으로 새 테이프 롤을 쉽게 넣을 수 있습니다. 간단한 메커니즘(플라스틱 코어 2개)으로 테이프 롤을 빠르게 교체할 수 있어 시간과 좌절감을 절약할 수 있습니다. 완벽한 테이프 피팅; 표준 테이프와 호환됩니다. 이 점보 테이프 디스펜서는 2개의 플라스틱 코어(2.5cm(1인치) 및 7.6cm(3인치) 크기)가 함께 제공되어 필요에 맞는 적절한 테이프를 선택할 수 있습니다. 전체 치수: 19.길이 1cm / 너비 9.5cm(3 3/4인치) / 높이 9.9cm(3 3/4인치) (*테이프 미포함) 다재다능하고 현대적인 디자인: Acrimet 테이프 디스펜서는 현대적인 디자인을 자랑하며 모든 작업 공간에 우아함을 더합니다. 깔끔한 라인과 세련된 외관으로 실용적인 목적을 제공할 뿐만 아니라 현대적인 미학과 견고한 내구성을 매끄럽게 결합하여 어디에서나 다용도로 사용할 수 있습니다",,"['테이프', '디스펜서', '플라스틱', '방지', '작업', '디자인', '현대', '미끄럼', '구성', '베이스']"
사무용품,테이프,사무용 테이프 디스펜서,,B077CTQJQ1,"1InTheOffice 테이프 디스펜서 책상, 데스크탑 테이프 디스펜서, 블랙 ""2팩"" (테이프 디스펜서)",1InTheOffice,19376,19376,4.6,243.0,"영구적이고 쉬운 로드 테이프 코어 미끄럼 방지, 패딩 처리된 베이스가 표면에 긁히지 않습니다. 2.5cm 코어로 표준 테이프를 디스펜싱합니다. ""2팩"", 디스펜서만, 테이프 별도 판매 1InTheOffice 만족 보장",,"['테이프', '디스펜서', '코어', '블랙', '디스', '로드', '만족', '미끄럼', '방지', '베이스']"
사무용품,테이프,사무용 테이프 디스펜서,,B07TFDS34R,"Eagle 레인보우 테이프 디스펜서, 데스크탑 오피스 테이프, 컬러 접착 테이프 포함, 예술, 가정 및 사무실용, 디스펜서 6개 팩",Eagle,12451,12451,4.2,410.0,"생생한 무지개 색상 - 생생한 무지개 색상, 레드, 오렌지, 옐로우, 그린, 블루, 퍼플로 제공됩니다 색상 코딩, 예술 및 공예, 장식, 라벨링, 하이라이트 및 선물 포장을 위한 DIY 프로젝트 다기능 재사용 가능한 접착제 - 1.3cm(1/2인치) 너비의 반투명 컬러 테이프는 종이를 손상시키거나 흔적을 남기지 않고 쉽게 제거하고 재배치할 수 있습니다 내장 커팅 엣지 - 각 디스펜서에는 테이프를 쉽게 분배할 수 있도록 절삭날이 내장되어 있습니다 밸류 팩 - 6개의 디스펜서와 테이프 팩이 함께 제공되어 가정, 사무실 및 학교에서 사용하기에 적합합니다","Eagle 무지개 테이프 디스펜서는 생생한 무지개 색상으로 디자인되었습니다. 각 디스펜서에는 같은 색상의 1.3cm(1/2인치) 반투명 테이프 롤과 총 6개의 디스펜서 팩이 함께 제공됩니다. 무지개 버라이어티 팩은 레드, 오렌지, 옐로우, 그린, 블루 및 퍼플, 라벨링, DIY 프로젝트, 색상 코딩, 장식, 라벨링, 하이라이트, 선물 포장 등에 재미있고 좋습니다.","['테이프', '디스펜서', '무지개', '라벨', '생생하다', '링', '반투명', '선물', '예술', '옐로우']"
사무용품,테이프,사무용 테이프 디스펜서,,B07T28M11B,"재미있는 사무실 선물 - 버트 스테이션 책상 액세서리 테이프 디스펜서, 종이 클립, 스티커 메모 및 펜 홀더, 동료를 위한 개그 선물 (핑크)",ONE250,17935,17935,4.2,294.0,"☑️ 직장이나 집에서 놀 수 있습니다 - 이 재미있는 개그 변기 테이프 디스펜서는 직장이나 홈 오피스의 책상이든 모든 작업 공간에 재미있는 추가 아이템입니다. 밝은 색상과 귀여운 미니멀리스트 디자인으로 이 책상 액세서리는 거의 모든 곳에 적합합니다. 확실히 이 Supply Station 책상 액세서리 홀더는 작업 공간에 즉각적인 향상을 줄 것입니다. ☑️ 훌륭한 선물 - 동료와 친구들은 어떤 경우에도 이 책상 정리함을 절대적으로 좋아할 것입니다. 이 재미있는 칸막이 장식은 큰 인기를 끌고 대화하는 작품이 될 것입니다. 이 다용도 사무용품 보관 정리함은 동료, 친구 및 가족을 위한 멋지고 유머러스한 선물입니다. 행운의 수령인은 Supply Station 데스크 액세서리 홀더로 눈물을 흘릴 것입니다. 하나의 선물로 웃음과 훌륭한 정리 액세서리를 선물하세요. ☑️ 다용도 - 테이프, 종이 클립, 펜 및 스티커 메모가 귀중한 작업 공간을 차지하지 않도록 하세요. 이 재미있는 사무용품 홀더는 책상 위의 작은 공간만 차지합니다. 이 다용도 Supply Station 데스크 액세서리 홀더는 스티커 메모, 테이프, 펜 및 종이 클립을 보관할 수 있습니다. 변기와 엉덩이는 자석이며 모든 종이 클립을 제자리에 고정하여 쉽게 분배할 수 있습니다.","동료를 위한 개그 선물로 시작되었지만 모든 사람들은 엉덩이 스테이션에 펜 홀더, 테이프 디스펜서, 메모/카드 홀더, 종이 클립 홀더 및 훌륭한 대화 조각을 하나의 스탠드로 포함하는 재미있는 아트 데코 책상 액세서리 오거나이저를 원합니다. 약 12.7cm(5인치) 높이이며 인기 있는 그린, 오렌지, 핑크, 퍼플, 블루 등 다양한 색상으로 제공됩니다.","['홀더', '액세서리', '책상', '선물', '재미있다', '테이프', '종이', '클립', '동료', '펜']"
사무용품,테이프,사무용 테이프 디스펜서,,B0051MOH0Q,"BAZIC 데스크탑 테이프 디스펜서 2.5cm(1인치) 코어, 무게감 있는 미끄럼 방지 베이스, 샤프 블레이드 테이프 홀더, 사무실 홈 스쿨용, 디스펜서만 포함, 1팩",BAZIC Products,13836,13836,4.0,48.0,"데스크탑 디스펜서. 고품질 디스펜서 크기는 15.2 x 6.6 x 5.1cm(6 x 2.6 x 2인치)입니다. 2.5cm(1인치) 코어에 최대 1.9cm(3/4인치) 너비의 테이프를 고정합니다. 튼튼한 스테인리스 스틸 금속으로 만든 블레이드는 수년간 지속됩니다. 테이프는 포함되어 있지 않습니다. 고급 디자인. 무게감 있는 미끄럼 방지 베이스는 사용 중에 미끄러지거나 표면이 긁히는 것을 방지합니다. 한 손 테이프 디스펜싱. ⭐ 견고함. 내구성이 뛰어난 테이프 디스펜서는 충격 방지 플라스틱으로 제작되어 오래 지속되는 강도를 제공합니다. 사무실, 학교, 집, 우편실, 배송 부서 및 샘플 룸에 적합합니다 ⭐ 다양한 용도: 사무실 종이 작업, 학교 프로젝트, 라벨 보호, 예술, 공예 디자인, 선물 포장, 카드, 리본, 상자, 수리, 포장, 밀봉, 접착 등에 적합합니다. 빠르고 안전합니다. 접착 테이프는 어린이와 노인을 위한 독소 접착제의 훌륭한 대안입니다. 더 많은 안전과 편안함을 보장합니다. 비용을 절약하기 위해 학교 및 사무용품을 위한 벌크 팩으로 제공됩니다.",,"['테이프', '디스펜서', '방지', '학교', '사무실', '디자인', '베이스', '지속', '데스크탑', '코어']"
사무용품,테이프,사무용 테이프 디스펜서,,B07YDZ9PD5,Unido 박스 수달 테이프 디스펜서 롤 홀더 레진 문구 책상 정리함 학교 사무실 용품 귀여운 동물 장식 피규어,Reaowazo,13836,13836,4.1,48.0,"귀여운 수중 동물 피규어는 모든 공예 요구 사항을 충족합니다 집, 사무실, 책상 또는 학교 공간을 위한 훌륭한 선물 또는 장식 표준 셀로판 테이프 롤 1개를 담을 수 있습니다(태프는 포함되지 않음) 치수: 길이 16cm x 너비 7.6cm 소재: 레진",,"['학교', '테이프', '귀엽다', '규어', '책상', '동물', '레진', '장식', '롤', '사무실']"
사무용품,테이프,사무용 테이프 디스펜서,,B08ML7N8N6,"2 피스 테이프 디스펜서 도넛 모양 테이프 디스펜서 도넛 보이지 않는 테이프 커터 테이프 오거나이저 사무실 또는 학용용용(블루, 핑크)",lasenersm,12423,12423,3.5,73.0,"고품질 플라스틱으로 제작되어 내구성이 뛰어납니다. 사이즈: 3.03*1.18 인치(7.7*3 cm); 색상: 블루, 핑크 사용과 휴대가 쉽습니다. 열어서 테이프 디스펜서에 테이프를 보관하고 닫고 테이프를 부드럽게 당겨 쉽게 자를 수 있습니다. 도넛 모양으로 디자인되어 독특하고 귀여우며 아이들에게 인기가 있습니다. 학교, 사무실, 가정, 상점 등에 적합합니다.","패키지 포함: 테이프 디스펜서 2개 ●고품질 플라스틱으로 제작되어 내구성이 뛰어납니다. ●사이즈: 3.03*1.18인치(7.7*3 cm); 색상: 블루, 핑크 ●사용과 휴대가 간편하고, 열고, 테이프 디스펜서에 테이프를 보관하고 닫고, 테이프를 부드럽게 당겨 쉽게 자를 수 있습니다. ●학교, 사무실, 가정, 상점 등에 적합합니다. ●주의사항: 1. 조명과 디스플레이의 이유로 인해 색상이 약간 다를 수 있습니다. 이것은 피할 수 없습니다, 이해해 주시기 바랍니다! 2. 수동 측정으로 인해 약간의 치수 차이가 있을 수 있습니다.","['테이프', '디스펜서', '핑크', '도넛', '블루', '사무실', '휴대', '제작', '구성', '보관']"
사무용품,테이프,사무용 테이프 디스펜서,,B07H94TVQQ,"도넛 테이프 디스펜서, 테이프 캔디 컬러 마스킹 테이프 보관 정리함, 사무실 또는 학교 용품용, 4개 팩",Ipienlee,17090,17090,3.5,48.0,스타일: 도넛 모양의 테이프 디스펜서 사이즈: 약 8cm x 8cm (3.15인치 x 3.15인치) 색상: 블루와 핑크 소재: 플라스틱 팩 구성: 도넛 모양의 테이프 디스펜서 4개,,"['테이프', '디스펜서', '도넛', '학교', '핑크', '플라스틱', '마스킹', '컬러', '캔디', '정리']"
사무용품,테이프,사무용 테이프 디스펜서,,B0CJTGDMS2,블루 테이프 디스펜서 테이프 하트 모양 테이프 오거나이저 - 보이지 않는 테이프 커터 휴대용 롤 테이프 홀더 학교 사무실 테이프 디스펜서용,Rosojodg,9681,9681,,,100% 새 제품이며 고품질. 테이프 하트 모양과 테이프 오거나이저가 있는 테이프 디스펜서. 보이지 않는 테이프 커터 휴대용 롤 테이프 홀더. 유용하고 사용하기 편리합니다. 패키지 포함: 1 x 테이프 디스펜서.,"이 테이프 디스펜서는 환경 친화적인 ABS 소재로 만들어졌으며 표면은 매끄럽고 청소하기 쉽습니다. 테이프 디스펜서는 컴팩트하고 세련된 디자인으로 가정, 사무실, 학교 및 기타 장소에 이상적인 선택입니다. 테이프 디스펜서에는 테이프 커터가 내장되어 있어 사용하기 매우 편리합니다. 테이프 디스펜서의 용량은 200미터이며 4.6cm(1.8인치) 블루 테이프가 있습니다. 테이프 디스펜서에는 테이프 길이 스케일이 있어 언제든지 테이프 길이를 측정할 수 있습니다. 테이프 디스펜서에는 남은 테이프를 보관할 수 있는 테이프 롤 보관 상자가 있으며 테이프 디스펜서는 테이프 가이드 디자인으로 테이프를 찢을 때 편리합니다. 테이프 디스펜서는 와시 테이프, 마스킹 테이프 및 기타 테이프와 같은 4.6cm(1.8인치) 테이프에 적합합니다.","['테이프', '디스펜서']"
사무용품,테이프,사무용 테이프 디스펜서,,B0D1H3SMD2,"Excell ET-13381 엑스트라 와이드 벤치 테이프 디스펜서, 7.6cm(3인치) 코어 직경, 2.5cm(1인치), 5.1cm(2인치), 7.6cm(3인치) 테이프 너비와 호환, 55mm 최대 범위 C-클램프, 튼튼한 금속 구조, 저항 블레이드, 테이프 미포함",Excell,45358,45358,,,"세 개의 트랙 허용: 2.5cm(1인치) 테이프 x 3롤, 5.1cm(2인치) 테이프 x 1롤 플러스 2.5cm(1인치) 테이프 x 1롤, 또는 7.6cm(3인치) 테이프 x 1롤 코어 지름 76mm(3인치) 테이프 너비: 1""(25.4mm), 2""(50mm), 3""(76mm) 모든 워크스테이션에 디스펜서를 장착할 수 있는 C-클램프 튼튼한 금속으로 제작 절단 각도 범위가 더 커집니다 넓은 블레이드는 테이프 끝 정렬 시간을 줄여줍니다 테이프는 포함되어 있지 않습니다","Excell ET-13381 엑스트라 와이드 벤치 테이프 디스펜서, 7.6cm(3인치) 코어 지름, 2.5cm(1인치), 5.1cm(2인치), 7.6cm(3인치) 테이프 너비와 호환, 55mm 최대 범위 C-클램프, 튼튼한 금속 구조, 저항 블레이드, 테이프 미포함 주요 특징: - 3개의 트랙 허용: 2.5cm(1인치) 테이프 x 3롤, 5.1cm(2인치) 테이프 x 1롤 플러스 2개. 1.5 인치 테이프 1롤 또는 7.6cm(3인치) 테이프 x 1롤 - 76mm(3인치) 코어 지름 - 테이프 너비: 1인치(25.4mm), 50mm(2인치), 76mm(3인치) - 모든 워크스테이션에 디스펜서를 장착할 수 있는 C-클램프 - 튼튼한 금속으로 제작 - 절단 각도 범위가 더 커집니다. - 넓은 블레이드는 테이프 끝 정렬 시간을 줄여줍니다. - 테이프는 포함되지 않습니다","['테이프', '롤', '튼튼하다', '금속', '클램프', '코어', '범위', '블레이드', '디스펜서']"
사무용품,테이프,사무용 테이프 디스펜서,,B0BS6QZTZC,유니콘 테이프 디스펜서 귀여운 데스크탑 테이프 홀더 다기능 사무실 테이프 커터 문구류 (핑크),LOGOFUN,18129,18129,,,"【부드럽고 안전한 디자인】: 유니콘 테이프 디스펜서는 매끄럽고 둥근 모서리로 제작되어 피부에 해를 끼칠 수 있는 거친 부분이 없습니다. 사려 깊은 디자인은 안전과 사용자의 편안함을 최우선으로 하여 다양한 응용 분야에 적합한 사용자 친화적인 데스크탑 액세서리입니다. 【다용도 사무실 필수품】: 이 유니콘 테이프 디스펜서는 귀여운 장식이 아니라 다기능 사무실 도구입니다. 사무실, 학교 및 가정 활동에 적합하며 신뢰할 수 있는 테이프 홀더 및 커터 역할을 합니다. 스크랩북, 아트 프로젝트 또는 일상적인 작업을 할 때 이 디스펜서는 작업 공간에 기발한 느낌을 더합니다. 【내구성 있는 플라스틱 소재】: 고품질 플라스틱 소재로 제작된 이 유니콘 테이프 디스펜서는 내구성과 수명을 보장합니다. 견고한 구조는 다양한 환경에서 정기적으로 사용할 수 있도록 설계되었습니다. 매력을 잃지 않고 다양한 프로젝트를 진행할 수 있는 신뢰할 수 있는 문구 아이템입니다. 【정교한 솜씨】: 유니콘 테이프 디스펜서는 멋진 소재와 디테일에 주의를 기울인 조합이 특징인 정교한 솜씨를 보여줍니다. 장인 정신은 제품의 내구성과 미학을 모두 반영하여 책상이나 작업 공간에 즐거운 추가 아이템이 됩니다. 【간단하고 가벼움】: 단순함과 실용성을 염두에 두고 설계된 이 테이프 디스펜서는 간단하고 가볍습니다. 컴팩트한 사이즈로 책상 서랍에 적합하며 사용 시 유연성을 제공합니다. 유니콘 테마는 작업 공간에 장난기 넘치는 터치를 더하여 매력적이고 기능적인 환경을 조성합니다.",LOGOFUN,"['테이프', '디스펜서', '유니콘', '사무실', '작업', '공간', '아이템', '환경', '신뢰', '솜씨']"
사무용품,테이프,투명 테이프,,B00KKXI68U,"Highland 투명 테이프, 1.9cm x 2540cm(3/4인치 x 1000인치), 2.5cm(1인치) 코어, 투명, 12/팩 (5910K12)",Scotch,25040,17658,4.7,106.0,"다양한 표면에 부착됩니다. 영구 수선, 고정, 접합 및 경량 포장에 이상적입니다. 탁월한 투명도.",기본적인 사무실에서 사용할 수 있는 광택 마감의 경제적인 투명 테이프. 휴대용 및 탁상용 디스펜서에서 쉽게 분배할 수 있습니다.,"['투명', '테이프', '휴대', '사무실', '경제', '고정', '광택', '기본', '마감', '부착']"
사무용품,테이프,투명 테이프,,B0CFGM5V6B,"테이프, 보이지 않음, 학생 및 교사를 위한 학교 용품 및 대학 필수품, 디스펜서가 있는 테이프 롤 8개, 1.8 x 1524cm(0.7 x 600인치)",THFEUZHBWO,5526,5526,4.4,65.0,"보이지 않는 테이프: 디스펜서가 있는 THFEUZHBWO 테이프 8롤은 노트북과 같은 대학 필수품의 찢어짐과 찢어짐을 안전하고 영구적으로 보이지 않게 수선합니다 안전하게 접착: 강력하고 안전하며 영구적인 밀봉을 제공하는 투명 테이프 원활한 통합: 무광 마감과 보이지 않는 품질로 종이에 매끄럽게 통합되어 학교 필수품에 훌륭한 추가 아이템입니다 완벽한 용도: 이 사무용 테이프를 사용하여 장착, 신속한 수리 및 프로젝트 개선부터 교과서, 도서관 페이지, 예술 및 공예 프로젝트 또는 학습 자료와 같은 항목 복원에 이르기까지 안전하고 지속적인 종이 수리를 달성하십시오. 리필 가능한 테이프 디스펜서가 포함되어 있어 쉽게 자를 수 있습니다 추가 장점: 사진 안전 기능으로 이 테이프를 쉽게 부착할 수 있습니다. 또한 펜, 연필 또는 마커로 쓸 수 있어 쉽게 라벨을 붙일 수 있습니다 패키지 구성: 1.8cm(0.75인치) 테이프 롤 8개가 포함된 디스펜서 8개가 포함된 패키지 1개. x 1.524cm(600인치), 2.5cm(1인치) 코어",,"['테이프', '스펜서', '보이지', '안전하다', '필수품', '롤', '종이', '통합', '영구', '대학']"
사무용품,테이프,투명 테이프,,B0030FCG1S,"Business Source 32953 인비저블 테이프 밸류 팩, 2.5cm(1인치) 코어, 1.9cm(3/4인치) x 254.4cm(1000인치), 12/팩, 투명",Business Source,16689,16689,4.7,8522.0,"12/팩으로 판매됩니다. 종이에 사라지고 사본에 표시되지 않습니다. 전체 치수: 너비 1.9cm x 길이 254.4cm (3/4 x 1000""L); 갈라짐, 찢어짐을 방지하고 다루고 부착하기 쉽습니다. 부드럽게 말아서 쉽게 자를 수 있습니다. 글을 쓸 수도 있습니다.","프리미엄 투명 테이프는 수선, 접합 및 고정에 이상적입니다. 테이프는 잉크, 연필 및 마커를 쓸 수 있습니다. 2.5cm(1인치) 코어 디자인은 대부분의 책상 디스펜서에 맞습니다. 테이프는 대부분의 표면에서 거의 보이지 않습니다. 테이프는 사진에 안전합니다.","['테이프', '투명', '코어', '프리미엄', '스펜서', '디자인', '방지', '보이지', '부드럽다', '부착']"
사무용품,테이프,투명 테이프,,B07CB6LN5S,"Scotch 슈퍼 홀드 테이프, 2롤, 투명 마감, 50% 더 많은 접착력, 신뢰할 수 있는 즐겨찾기, 1.9 x 152.4cm(3/4 x 600인치), 디스펜서 (198DM-2)",Scotch,11758,8268,4.8,4670.0,"안전한 접착 - 플라스틱, 금속 및 판지와 같은 표면에 단단히 붙일 수 있도록 50% 더 많은 접착제가 있는 가장 안전한 테이프입니다(Scotch ¾ 단면 테이프와 비교) 색상: 투명 강력한 결합 - 접촉 시 강한 결합을 제공하여 신뢰할 수 있는 안전하고 오래 지속되는 고정력을 제공합니다 쉬운 부착 - 거친 표면이나 DIY 프로젝트를 위해 쉽고 지저분해지지 않도록 설계되었습니다 투명 테이프 - 투명 테이프는 사실상 투명하여 눈에 띄지 않고 튼튼하게 유지됩니다 재사용 가능한 디스펜서 - 재사용 가능한 디스펜서는 Scotch 테이프 리필과 호환됩니다 습기 방지 - 가정, 사무실 또는 교실에서 라벨, 추억, 공예 등을 보존합니다","봉투를 밀봉하는 것부터 즉시 빠르게 수리하는 것까지, Scotch 슈퍼 홀드 테이프의 강력한 결합에 의존하세요. 50% 더 많은 접착제로 설계된 이 혁신적인 테이프는 표준 투명 테이프보다 더 강한 접착력을 제공합니다(Scotch Cat. 157 투명 테이프). 두꺼운 뒷면은 안전하고 오래 지속되는 고정이 필수적일 때 뛰어난 내구성을 제공합니다. 사실상 수정처럼 투명한 이 테이프는 눈에 띄지 않고 튼튼하게 고정됩니다. 수리, 장착, 공예 등에 적합합니다. 편리한 디스펜서는 손에 편안하게 맞으며 원하는 양을 쉽게 펼치고 자를 수 있습니다. 기밀 문서를 숨기거나 작은 관리 패키지를 밀봉하든, Scotch Super Hold Tape의 우수한 접착력으로 중요한 것을 신뢰하십시오.","['테이프', '투명', '스펜서', '접착', '안전하다', '결합', '신뢰', '홀드', '재사용', '수리']"
사무용품,테이프,투명 테이프,,B01C5IHGJW,"Scotch 매직 테이프, 3롤, 다양한 용도, 보이지 않음, 수리용 설계, 1.9 x 76.2cm(3/4 x 300인치), 디스펜서 (3105)",Scotch,10415,6911,4.8,907.0,"보이지 않는 테이프: 디스펜서가 있는 Scotch 매직 테이프 3롤은 찢어짐과 찢어짐을 안전하고 영구적으로 보이지 않게 수선합니다 안전한 접착: 신뢰할 수 있는 3M 접착 기술을 사용하여 강력하고 안전하며 영구적인 밀봉을 제공하는 투명 테이프 블렌드: 무광 마감 및 보이지 않는 이 테이프는 종이와 혼합되어 학교 용품에 추가하기에 좋습니다 이상적인 용도: 장착, 빠른 수리, 프로젝트 추가 및 원본 문서 및 사진 수리를 포함하여 영구적이고 안전한 종이 수선을 위해 이 사무용 테이프를 사용하십시오 리필 가능한 테이프 디스펜서 포함: 테이프가 사용하기 쉬운 Scotch 테이프 디스펜서(포함)를 부드럽게 미끄러지며 쉽게 자를 수 있습니다 추가 장점: 이 사진 안전 테이프는 부착하기 쉽습니다. 또한 펜, 연필 또는 마커로 쉽게 라벨을 붙일 수 있습니다 패키지 구성: 1.9cm(0.75인치) 테이프 롤 3개가 포함된 디스펜서 3개가 포함된 패키지 1개. x 762cm(300인치), 2.5cm(1인치). 코어 SCOTCH 브랜드: 최고의 프로젝트는 No. 가정 및 사무실 테이프 1개 판매","출생 증명서, 최종 에세이 및 특별 사진과 같은 원본 문서를 수정하는 것보다 더 중요한 것은 없습니다. 하나의 오리지널은 다른 오리지널을 가질 자격이 있습니다. Scotch 매직 테이프는 가정, 학교 및 홈 오피스에서 선호하는 오리지널 보이지 않는 매트 마감 테이프입니다. 왜? 마법처럼 작동하기 때문에: 보이지 않습니다! 신뢰할 수 있는 3M 접착 기술을 사용하여 강력하고 안전하며 영구적인 밀봉을 제공합니다. 또한 사용하기 쉬운 Scotch 테이프 디스펜서(포함)로 Scotch Magic Tape는 부드럽게 굴러가고 시간, 에너지 또는 테이프 낭비 없이 고르게 절단됩니다. 삶의 많은 찢어짐과 눈물을 안전하고 영구적이며 보이지 않게 마법처럼 고쳐보세요.","['테이프', '보이지', '스펜서', '안전하다', '영구', '매직', '접착', '롤', '추가', '사진']"
사무용품,테이프,투명 테이프,,B0000DH8HQ,"Scotch 매직 테이프, 디스펜서가 있는 롤 6개, 다양한 용도, 보이지 않음, 수리를 위한 설계, 1.9 x 1650인치(6122) (6팩)",Scotch,20761,19251,4.8,39690.0,"오리지널 매트 마감, 보이지 않는 테이프 롤에는 서리가 내리지만 작업 중에는 보이지 않습니다 수백만 명이 선호합니다 디스펜서 포함: 쉽게 리필할 수 있으며 편리하게 보관할 수 있으며 항상 준비되어 있습니다 롤에서 부드럽게 벗겨지며 쉽게 자를 수 있습니다","스카치 매직 테이프, 6롤, 다양한 용도, 보이지 않음, 수리용 설계, 1.9 x 1650cm(3/4 x 650인치) (6122), 투명","['롤', '보이지', '테이프', '스펜서', '매직', '부드럽다', '수리용', '리필', '마감', '매트']"
사무용품,테이프,투명 테이프,,B004Z4E75G,"Scotch 투명 그리너 테이프, 12롤, 1.9 x 228.6cm(3/4 x 900인치), 클래식 광택 마감, 박스형(612-12P)",Scotch,51923,29403,4.6,146.0,"더욱 친환경적인 클래스, 광택 마감 투명 테이프 반짝이는 선물 포장지를 훌륭하게 보완합니다 65% 이상의 재활용 또는 식물 기반 소재로 제작되었습니다 Scotch 투명 테이프와 동일한 강력한 유지력 크리스탈처럼 투명합니다 다목적 밀봉 및 라벨 보호에 이상적입니다 롤을 부드럽게 미끄러지며 쉽게 자를 수 있습니다","당신은 당신의 사무실을 걱정합니다. 당신은 환경을 걱정합니다. Scotch 투명 그린 테이프로 함께 가져가세요. 광택 마감 Scotch 투명 테이프의 모든 성능을 가지고 있으며 강하고 안전하며 오래 지속되지만 친환경적인 버전입니다. 3M 과학을 사용하여 65% 이상의 재활용 또는 식물 기반 소재로 제작되었습니다. Scotch 투명 그린 테이프는 튼튼하고 사진에 안전하며 수정처럼 투명하며 시간이 지나도 노랗지 않습니다. 포장, 밀봉 및 수선을 위한 탁월한 유지력. Scotch 투명 친환경 테이프. 사무실에 완벽하게 어울립니다.","['투명', '테이프', '친환경', '마감', '광택', '제작', '식물', '안전하다', '유지', '재활용']"
사무용품,테이프,투명 테이프,,B085CD3GJR,"KIDMEN 투명 테이프, 사무실, 가정, 학교용 투명 테이프, 디스펜서 롤 5개, 1.9 x 3300 cm(0.7 x 1300 인치)",KIDMEN,11066,11066,4.4,2016.0,"【특징】: 투명 테이프는 광택 마감 처리가 되어 있으며 오래 지속되는 유지력을 동시에 적용하는 데 적합합니다. 라벨 보호, 선물 포장에 적합합니다 【디스펜서 포함】: 리필이 쉽고 편리하게 보관할 수 있으며 항상 준비되며 잡기 쉽고 자르기 쉽습니다 【다양한 용도】: 사무실, 학교, 가정, 작업장 등에 사용하기 좋습니다 【사이즈 및 패키지】리필 가능한 디스펜서 사이즈: 10.6 x 2.5 x 7.6cm(4.2 x 1 x 3인치), 5팩에는 5롤 투명 테이프, 테이프 사이즈: 1.9 x 3300 저희 거래에 만족하지 않으시면 먼저 저희에게 연락하십시오! 최대한 빨리 답변해 드리겠습니다!",,"['테이프', '투명', '스펜서', '사무실', '가정', '롤', '리필', '학교', '처리', '지속']"
사무용품,테이프,투명 테이프,,B07CB6F1BB,"Scotch 슈퍼 홀드 테이프, 4롤, 투명 마감, 50% 더 많은 접착력, 신뢰할 수 있는 즐겨찾기, 1.9 x 1650cm(3./4 x 650인치), 디스펜서 (4198)",Scotch,20761,14376,4.8,6263.0,"안전한 접착 - 플라스틱, 금속 및 판지와 같은 표면에 단단히 붙일 수 있도록 50% 더 많은 접착제가 있는 가장 안전한 테이프입니다(Scotch ¾ 단면 테이프와 비교) 색상: 투명 강력한 결합 - 접촉 시 강한 결합을 제공하여 신뢰할 수 있는 안전하고 오래 지속되는 고정력을 제공합니다 쉬운 부착 - 거친 표면이나 DIY 프로젝트를 위해 쉽고 지저분해지지 않도록 설계되었습니다 투명 테이프 - 투명 테이프는 사실상 투명하여 눈에 띄지 않고 튼튼하게 유지됩니다 재사용 가능한 디스펜서 - 재사용 가능한 디스펜서는 Scotch 테이프 리필과 호환됩니다 습기 방지 - 가정, 사무실 또는 교실에서 라벨, 추억, 공예 등을 보존합니다","봉투를 밀봉하는 것부터 즉시 빠르게 수리하는 것까지, Scotch 슈퍼 홀드 테이프의 강력한 결합에 의존하세요. 50% 더 많은 접착제로 설계된 이 혁신적인 테이프는 표준 투명 테이프보다 더 강한 접착력을 제공합니다(Scotch Cat. 157 투명 테이프). 두꺼운 뒷면은 안전하고 오래 지속되는 고정이 필수적일 때 뛰어난 내구성을 제공합니다. 사실상 수정처럼 투명한 이 테이프는 눈에 띄지 않고 튼튼하게 고정됩니다. 수리, 장착, 공예 등에 적합합니다. 편리한 디스펜서는 손에 편안하게 맞으며 원하는 양을 쉽게 펼치고 자를 수 있습니다. 기밀 문서를 숨기거나 작은 관리 패키지를 밀봉하든, Scotch Super Hold Tape의 우수한 접착력으로 중요한 것을 신뢰하십시오.","['테이프', '투명', '스펜서', '접착', '안전하다', '결합', '신뢰', '홀드', '재사용', '수리']"
사무용품,테이프,투명 테이프,,B012UC44G6,"3 X BSN 43575 투명 테이프, 3/4 x 1000 인치, 투명, 36 팩",BSN,44112,48045,3.7,44.0,팩당 12개 판매. 총 36개 롤 2.5cm. 롤 코어 3/4 in.x1000 in. 투명 봉투를 밀봉하거나 찢어진 문서를 영구적으로 보충하는 등 다양한 용도로 적합합니다.,"품질과 가치로 종이 항목 밀봉, 수선, 보호에 이상적입니다. 다목적 투명한 광택.","['투명', '롤', '밀봉', '항목', '봉투', '광택', '목적', '문서', '보충', '보호']"
사무용품,테이프,투명 테이프,,B003GSB944,"Scotch 투명 테이프, 2롤, 1.9cm x 630cm(3/4인치 x 250인치) (2157SS)",Scotch,6218,6218,4.6,4280.0,"클래식 광택 마감 테이프 1.9cm(3/4인치). x 630cm(250인치), 디스펜서 2개, 2.5cm(1인치). 코어 집 주변의 기본 테이핑 작업에 이상적입니다 훌륭한 가성비! 크리스탈처럼 투명합니다 탁월한 고정력으로 즉각적인 접착력 디스펜서 포함: 리필이 쉽고 편리하게 보관할 수 있으며 항상 준비됩니다",Scotch® 투명 테이프의 장점은 분명합니다. 집 주변의 기본 작업에 이상적입니다. 탁월한 고정력을 갖춘 경제적인 테이프. 완전히 투명하며 시간이 지나도 노란색이 되지 않습니다. 신뢰할 수 있는 3M 접착 기술로 제작된 명확한 솔루션. 그리고 독특한 디스펜서가 포함되어 있기 때문에 Scotch® 투명 테이프는 부드럽게 미끄러지고 쉽게 자를 수 있어 낭비 없이 필요한 테이프만 얻을 수 있습니다. 훌륭한 가치. 훌륭한 테이프. 투명 스카치® 투명 테이프는 테이프입니다.,"['테이프', '투명', '훌륭하다', '스펜서', '접착', '투명하다', '탁월하다', '고정력', '기본', '집']"
사무용품,테이프,투명 테이프,,B076B6D4CN,"보이지 않는 문구류 테이프 1.9 x 254.4cm(3/4 x 1000인치) 온 프레스 앤 컷 디스펜서, 6개 팩, 총 1500cm(6000인치), 화이트 (624",Seal-It,13836,11287,4.6,6181.0,"오리지널 매트 마감의 보이지 않는 문구 테이프, 롤에 반투명 마감 Seal-it 보이지 않는 테이프는 일반 복사 용지/백지와 완전히 혼합되며 선물 포장지의 색상/질감/표면 마감에 따라 다르기 때문에 선물 포장지에 완전히 보이지 않거나 투명하지 않을 수 있습니다 Press N' Cut 디스펜서는 정확한 양의 테이프만 절단하여 낭비가 없습니다 2540cm(1000인치) 길이의 테이프는 일상적인 포장, 포장, 우편 및 예술 및 공예에 사용하는 동안 부드럽게 풀립니다 디스펜서로 테이프를 빠르고 쉽게 부착할 수 있어 시간 효율적입니다","Seal-It 무광 마감의 보이지 않는 문구 테이프는 사무실과 가정용으로 적합합니다. 특허받은 Press N' Cut 디스펜서는 정확한 절단 기술로 1000인치의 보이지 않는 테이프를 제공합니다. 이 기술을 사용하면 낭비를 피하면서 필요한 정확한 양의 테이프를 잘라낼 수 있습니다. 테이프는 일상적인 포장, 포장 또는 우편 발송에 사용하는 동안 부드럽게 풀립니다. 롤에는 반투명 마감이지만 종이에 보이지 않습니다. 실내 및 실외 사용에 적합하며 일상적인 포장이나 예술 및 공예에도 이상적입니다. 펜, 연필 또는 마커로 쓸 수 있습니다. 테이프는 모든 금속 블레이드 디스펜서에서 잘 절단됩니다.","['테이프', '보이지', '포장', '스펜서', '마감', '절단', '일상', '정확하다', '선물', '예술']"
사무용품,테이프,투명 테이프,,B000MFJNVK,"Scotch 매직 테이프, 12롤, 다양한 용도, 보이지 않음, 수리를 위한 설계, 1.9 x 254.4cm(3/4 x 1000인치), 박스 포장(810K12)",Scotch,49846,31841,4.9,8159.0,"오리지널 매트 마감, 보이지 않는 테이프 롤에는 서리가 내리지만 작업 중에는 보이지 않습니다 수백만 명이 선호합니다 롤에서 부드럽게 벗겨지며 쉽게 자를 수 있습니다 Scotch 매직 테이프 리필은 모든 스카치 브랜드 데스크탑 디스펜서와 호환되어 쉽게 사용할 수 있습니다","스카치 매직 테이프, 12롤, 다양한 용도, 보이지 않음, 수리용 설계, 1.9 x 254.4cm(3/4 x 1000인치), 박스 포장 (810K12)/In 1930, 3M engineer Richard Drew invented an attractive, moisture-proof material to help grocers and bakers seal up their packages. Over 70 years later, Scotch/®/tape boasts over 400 varieties sold under the Scotch/®/and 3M™ brands./Now indispensible in homes and offices, Scotch/®/tapes offer specialty and general solutions for many projects--from crafts and gift-wrapping to mounting and everyday sealing.//Scotch/®/Magic™ Tape/Frosty on the roll but invisible on paper, Scotch/®/Magic™ Tape features the original matte-finish design for a strong hold and seamless look. This tape pulls off the roll and cuts smoothly, resisting splits and tears for a sturdy piece. Thanks to its gentle adhesive, you can stick then re-stick each piece as your project demands, then jot a helpful note with a pen or pencil on top when you're done./Ideal Use:/All home and office needs and craft projects./Scotch/®/GiftWrap Tape/Keep your presents secure and looking fabulous with Scotch/®/GiftWrap Tape. Featuring a unique satin finish, this tape pulls smoothly from the roll and disappears on most gift-wrap papers for a seamless close. The paper holds together, and your gift takes on a professional appearance./Ideal Use:/Gift-wrapping./Scotch/®/MultiTask Tape/For those everyday jobs, Scotch/®/MultiTask Tape features a strong, moisture-resistant material ideal for a wide range of taping tasks. Thanks to its high-quality performance and unique design with crystal clarity, it's easy to subtly add a strip to a project for a professional look and a secure hold./Ideal Use:/General tasks around the home and office, including household mending and sealing./Scotch/®/Double-Sided Tape/Versatile and convenient, Scotch/®/Double-Sided Tape offers a mess-free alternative to glue sticks for those light-duty attaching and mounting tasks. Featuring a two-sided adhesive, this tape comes in both a permanent and removable style so you can match the proper tape to the task. As a bonus, this tape is photo-friendly so you can keep your memories securely attached and looking good./Ideal Use:/Craft projects, mounting, sealing, gift-wrapping, and decorating./Scotch/®/Removable Tape/Scotch/®/Removable Tape features a unique adhesive that holds papers securely, while allowing you to remove or reposition each strip as needed. Because of its matte-finish, this tape adds a professional touch to layouts or posters. For those moments when you require a little explanation, jot a quick note on top with a pen or pencil./Ideal Use:/General tasks around the home and office. Great for art, graphic design, or architectural layout projects./Scotch/®/Pop-Up Tape/Offering handy pre- cut strips, Scotch/®/Pop-Up Tape puts convenience and organization at your fingertips. With several dispenser types to choose from, you can wear tape on your wrist, stick a tape disk to your desk, or use a mountable or portable dispenser where you need it most. The one-handed dispensing method allows you to work without pausing, so you can finish projects with ease and efficiency./Ideal Use:/Gift-wrapping, desk, and home-office use.//Scotch/®/Packaging Tape/For strapping, sealing, and protecting packages, nothing compares to Scotch/®/Packaging Tapes. Ideal for shipping and storing, each tape is tear- and split-resistant for high-quality containment./Scotch/®/Scissors/An ideal tool for home, office, and school, Scotch/®/Scissors offer high-quality performance and comfortable grip. Featuring titanium-fused or stainless steel blades, each scissor is designed to cut smoothly and accurately./Scotch/®/Cutting Tools/Scotch™ Cutters offer a faster, safer way to make clean, straight cuts. Ideal for gift-wrapping, opening mail, or cutting coupons, these tools offer speed and convenience for today's Scotch/®/users./Post-it/®/Notes/Keep organized with the conveniently compact Post-it/®/Notes. Featuring a gentle adhesive that won't mar the surface, Post-it/®/Notes offer a wide variety of colors and sizes to suit your noting needs.","['테이프', '롤', '보이지', '매직', '박스', '스카치', '포장', '호환', '수리용', '리필']"
사무용품,테이프,투명 테이프,,B00006IF67,"Scotch 매직 테이프, 6롤, 다양한 용도, 보이지 않음, 수리를 위한 설계, 1.9 x 254.4cm(3/4 x 1000인치), 박스 포장 (810K6)",Scotch,17354,17354,4.8,13650.0,"오리지널 매트 마감, 보이지 않는 테이프 Scotch 매직 테이프 리필은 모든 스카치 브랜드 데스크탑 디스펜서와 호환되어 쉽게 사용할 수 있습니다 롤에 서리가 내리지만 작업 중에는 보이지 않습니다 수백만 명이 선호함 롤에서 부드럽게 분리되어 쉽게 자를 수 있습니다 영구 종이 수선 펜, 연필 또는 마커로 쓸 수 있습니다","사무실을 위한 최고의 테이프. 테이프는 무광택 마감으로 종이에 사라지며 쓸 수 있습니다. 황변을 방지하고 롤에서 쉽게 굴러갑니다./In 1930, 3M engineer Richard Drew invented an attractive, moisture-proof material to help grocers and bakers seal up their packages. Over 70 years later, Scotch tape boasts over 400 varieties sold under the Scotch and 3M™ brands./Now indispensible in homes and offices, Scotch tapes offer specialty and general solutions for many projects--from crafts and gift-wrapping to mounting and everyday sealing./","['테이프', '롤', '보이지', '종이', '마감', '매직', '황변', '서리', '데스크탑', '리필']"
사무용품,테이프,투명 테이프,,B004PT3FOK,Business Source 43575 투명 테이프 2.5cm(1인치) 코어 1.9cm(3/4인치) x 254.4cm(1000인치) 12/PK,Business Source,16606,16606,4.5,1154.0,"12/팩으로 판매됩니다. 다목적 광택 디자인. 12 / 팩. 종이 품목을 밀봉, 수선 및 보호하는 데 이상적입니다. 책상 디스펜서에 사용할 수 있는 2.5cm(1인치) 코어. 전체 치수: 너비 1.9cm x 길이 254.4cm.","다목적 광택 테이프는 종이 품목을 밀봉, 수선 및 보호하는 데 이상적입니다. 자체 접착 필름은 투명하여 물체와 쉽게 혼합됩니다. 테이프에는 책상 디스펜서에 사용할 수 있는 2.5cm(1인치) 코어가 있습니다.","['테이프', '코어', '광택', '수선', '품목', '목적', '책상', '종이', '밀봉', '보호']"
사무용품,테이프,투명 테이프,,B016XTHB0I,"Scotch Brand Learning Resources MMM3105 스카치 매직 테이프 1.9cm(3/4인치) X 76.2cm(300인치) 3개, 반투명 (55)",Scotch,16620,6911,4.8,6140.0,쉽게 자를 수 있도록 블레이드가 있는 디스펜서가 함께 제공됩니다 투명하고 보이지 않는 형태로 품목에 적용하면 사실상 눈에 띄지 않습니다 실수로 찢어지거나 찢어진 중요한 문서를 수리하는 데 사용할 수 있습니다 필기 표면은 펜과 마커 잉크뿐만 아니라 연필심을 넣을 수 있습니다,스카치 매직 테이프 1.9cm X 76.2cm 각 3개. 투명하고 보이지 않는 형태로 제품에 부착하면 거의 눈에 띄지 않습니다,"['형태', '투명하다', '보이지', '스카치', '테이프', '매직', '펜', '표면', '중요하다', '적용']"
사무용품,테이프,투명 테이프,,B0017D602Q,"Scotch 매직 테이프, 보이지 않음, 홈 오피스 용품 및 대학 및 교실용 학교 용품, 디스펜서 4개가 있는 롤 4개",Scotch,13545,11398,4.8,5517.0,"보이지 않는 테이프: 디스펜서가 있는 Scotch 매직 테이프 4롤은 찢어짐과 찢어짐을 안전하고 영구적으로 보이지 않게 수선합니다 안전한 접착: 신뢰할 수 있는 3M 접착 기술을 사용하여 강력하고 안전하며 영구적인 밀봉을 제공하는 투명 테이프 블렌드: 무광 마감 및 보이지 않는 이 테이프는 종이와 혼합되어 학교 용품에 추가하기에 좋습니다 이상적인 용도: 장착, 빠른 수리, 프로젝트 추가 및 원본 문서 및 사진 수리를 포함하여 영구적이고 안전한 종이 수선을 위해 이 사무용 테이프를 사용하십시오 리필 가능한 테이프 디스펜서 포함: 테이프가 사용하기 쉬운 Scotch 테이프 디스펜서(포함)를 부드럽게 미끄러지며 쉽게 자를 수 있습니다 추가 장점: 이 사진 안전 테이프는 부착하기 쉽습니다. 또한 펜, 연필 또는 마커로 쉽게 라벨을 붙일 수 있습니다 패키지 구성: 1.9cm(0.75인치) 테이프 롤 4개가 포함된 디스펜서 4개가 포함된 패키지 1개. x 762cm(300인치), 2.5cm(1인치). 코어 SCOTCH 브랜드: 최고의 프로젝트는 Scotch 가정 및 사무실 테이프로 시작합니다","Scotch 매직 테이프를 사용하면 삶의 많은 찢어짐과 눈물을 안전하고 영구적으로 보이지 않게 마법처럼 고칠 수 있습니다. 오리지널 무광택 마감 보이지 않는 테이프는 독특한 3M 접착 기술을 사용하여 종이와 단단히 접착되고 흔적 없이 사라집니다. 빠른 수리가 필요하거나 프로젝트에 추가해야 할 때 영구적이고 안전한 종이 수선을 위한 이상적인 매트 테이프입니다. 이 투명 테이프는 출생 증명서나 도서관 책 페이지와 같이 찢어지거나 찢어진 원본을 고치는 데에도 적합합니다. 부착이 쉬운 이 사무용 테이프는 사진에 안전하며 특별한 사진을 걱정 없이 장착하거나 수선할 수 있습니다. 펜, 연필 또는 마커로 이 접착 테이프에 쓸 수도 있어 항목에 라벨을 쉽게 붙일 수 있습니다. 사용하기 쉬운 Scotch 테이프 디스펜서(포함)로 Scotch 매직 테이프는 부드럽게 펼쳐지며 시간, 에너지 또는 테이프 낭비 없이 쉽게 자를 수 있습니다. 이 디스펜서는 학교, 교실 용품 또는 사무용품에 편리하게 추가할 수 있습니다. 친환경적인 선택: 포함된 휴대용 사무실 테이프 디스펜서를 Scotch 브랜드 테이프로 리필하고 재사용하십시오. 최고의 프로젝트는 Scotch 가정 및 사무실 테이프로 시작됩니다.","['테이프', '스펜서', '안전하다', '영구', '추가', '접착', '보이지', '프로젝트', '사진', '종이']"
사무용품,테이프,투명 테이프,,B08FGNQYPS,"Mr. Pen - 선물 포장 테이프, 6팩, 선물 포장 테이프, 포장 테이프, 투명 테이프, 보이지 않는 테이프, 선물 테이프, 선물용 포장 테이프, 포장지 테이프, 테이프, 테이프 투명, 디스펜서용 테이프 리필",Mr. Pen,8240,8240,4.0,867.0,"투명 보이지 않는 테이프 (6롤). 너비 1.9cm(3/4인치) 작업 중 보이지 않음: 선물 포장 또는 기타 표면에 보이지 않음, 사본에 표시되지 않습니다 접촉 시 강한 결합을 제공합니다 고품질: 테이프를 자를 때 반으로 갈라지지 않습니다 사무실, 가정 및 학교용으로 이상적입니다",,"['테이프', '포장', '선물', '보이지', '투명']"
사무용품,테이프,투명 테이프,,B001BM2LS0,"Scotch 투명 테이프, 2.54cm x 6.58cm, 박스 3개/팩 (600-72-3PK)",,40151,25636,4.7,376.0,"클래식한 광택 마감 장식용 선물 포장지를 훌륭하게 보완합니다 다목적 밀봉 및 라벨 보호에 이상적입니다 즉각적인 접착력, 탁월한 고정력 크리스탈처럼 투명합니다 반짝이는 표면에 이상적입니다 롤을 부드럽게 당겨 쉽게 자를 수 있습니다","백만 가지 할 일이 있을 때 Scotch 투명 테이프를 구입할 수 있는 테이프가 하나 있습니다. 분명히 튼튼하여 즉시 물건을 함께 고정합니다. 오랫동안 물건을 함께 유지합니다. 완료하는 데 필요한 모든 작업에 이상적인 다목적 제품입니다. 그리고 명확하게... 3M 접착 기술을 사용하여 투명하게 발라지며 시간이 지나도 노란색이 되지 않습니다. Scotch 투명 테이프 리필은 모든 표준 디스펜서에 적합하며 롤을 부드럽게 미끄러지며 테이프 낭비 없이 쉽게 자를 수 있습니다. 집, 직장 또는 학교 어디에서나 필요한 모든 것을 할 수 있습니다. Scotch 투명 테이프 리필 롤은 분명히 출근할 준비가 되어 있습니다./Scotch Transparent Office Tape is a glossy tape with a high-clarity finish. Instant adhesion delivers excellent holding power. Long-aging, moisture-resistant, stain-resistant tape is clear when applied and does not yellow. Photo-safe tape pulls off the roll smoothly and cuts easily. Ideal for multipurpose sealing, label protection, general-purpose wrapping and mending. Core size is 3"".","['테이프', '투명', '롤', '리필', '분명하다', '접착', '물건', '목적', '부드럽다', '투명하다']"
사무용품,테이프,투명 테이프,,B01M5ISN5A,Staples Invisible Tape 12팩 (각 36야드)(24팩),STAPLES,52699,52699,4.5,872.0,"테이프 사이즈: 1.9cm - 2.5cm 코어 무광 마감, 필기 기능 영구 접착제 적용 시 보이지 않음 - 사본에 표시되지 않습니다 24팩",리필 롤은 1.9cm x 3290cm(3/4인치 x 1290인치)(36야드)이며 영구 접착제이며 팩당 12개로 판매됩니다.,"['접착제', '영구', '필기', '표시', '팩리필', '판매', '테이프', '코어', '적용', '사본']"
사무용품,테이프,투명 테이프,,B0C8M5LPZN,"Sopito 투명 테이프, 책상 디스펜서용 테이프 리필 6롤 보이지 않는 투명 테이프, 1.9cm x 2.4cm(3/4인치 x 980인치)",Sopito,5526,5526,3.7,103.0,"고품질: 내구성이 뛰어나고 찢어지거나 닳지 않는 것으로 알려진 보이지 않는 테이프를 선택하십시오. 정기적인 사용을 견딜 수 있으며 시간이 지남에 따라 무결성을 유지할 수 있습니다. 높은 투명도: 당사의 광택 테이프 리필은 왜곡이나 흐림 없이 기본 표면을 볼 수 있습니다. 강력한 접착제: Sopito 사무용 테이프는 신뢰할 수 있고 오래 지속되는 접착제로 다양한 표면에 잘 부착되어 물건을 안전하게 고정합니다. 컴팩트한 사이즈이지만 내구성: 투명 테이프 리필은 너비 1.9cm(3/4인치) x 길이 244.8cm(984인치)이며 코어는 2.5cm(1인치)입니다. 투명 테이프 리필 롤은 오래 사용할 수 있으며 컴팩트한 사이즈로 펜 가방, 서랍에 넣을 수 있으며 공간을 차지하지 않습니다. 다용도: 6롤 투명 테이프 롤은 다양한 표면과 재료에 잘 맞습니다. 대부분의 사람들은 사무실 및 학교 작업, 선물 포장, 공예 및 DIY 프로젝트, 수리, 포장 및 밀봉 또는 가정용으로 사용합니다.",,"['테이프', '투명', '리필', '롤', '표면', '접착제', '포장', '보이지', '컴팩트', '구성']"
사무용품,테이프,투명 테이프,,B0BR5Y6G14,"투명 테이프 리필 6롤, 투명 테이프 디스펜서 리필 롤, 사무실, 학교, 가정용 광택 선물 포장 테이프, 1.9 x 254.4cm(3/4 x 1000인치)",GIBIBU,7188,7188,4.0,252.0,"쉽게 리필: GIBIBU 투명 테이프 리필은 대부분의 2.5cm(1인치) 코어 테이프 디스펜서 책상에 적합하며 교체와 사용이 쉽습니다. 6,000 인치: 밸류 팩. 6롤 투명 테이프, 각 롤 테이프 길이는 25.4m(1000인치), 너비는 18mm(3/4인치)입니다. 손으로 찢을 수 있음: 손으로 쉽게 찢을 수 있으며, 테이프 롤은 디스펜서 없이 손으로 떼어낼 수 있습니다. 보다 정확한 길이와 플랫 컷 외관이 필요한 경우 테이프 디스펜서나 가위를 사용하는 것이 좋습니다. 광택 및 투명: 테이프 리필은 텍스트나 그림을 흐리게 하지 않습니다. 접착력과 고정력이 뛰어나 다양한 표면에 사용할 수 있습니다. 다양한 용도: 찢어진 종이 수선, 봉투 밀봉, 사진 걸기, 가벼운 물건 포장, 선물 포장 및 수공예품 만들기. 학교, 사무실, 가정, 스튜디오, 상점, 작업장에 좋은 도구입니다.","GIBIBU 투명 테이프 리필은 클래식한 광택 마감 테이프입니다. 접착, 수리, 고정에 널리 사용됩니다. 2.5cm(1인치) 코어 디자인은 대부분의 책상 테이프 디스펜서에 적합합니다. 다양한 표면에 사용할 수 있으며 학교, 사무실, 가정을 위한 최고의 도구 중 하나입니다. 특징: ✔ 손으로 찢을 수 있는 디자인, 디스펜서 없이 손으로 떼어낼 수 있습니다. ✔ 텍스트나 그림을 흐리게 하지 않습니다. ✔ 우수한 접착력과 유지력 ✔ 적절한 사이즈, 교체 및 사용이 쉽습니다. 디스펜서 사용 기술: 디스펜서를 사용할 때 테이프와 디스펜서 톱니 사이의 각도는 가능한 한 커야 하며 비스듬히 옆으로 당겨야 합니다.","['테이프', '스펜서', '투명', '리필', '손', '롤', '접착', '가정', '광택', '사무실']"
사무용품,테이프,투명 테이프,,B0CB6KQ7DF,"투명 테이프 리필 24롤, 투명 테이프 디스펜서 리필 롤, 사무실, 학교, 가정용 광택 선물 포장 테이프, 1.9 x 203.2cm(3/4 x 800인치)",GIBIBU,15082,15082,4.0,54.0,"쉽게 리필: GIBIBU 투명 테이프 리필은 대부분의 2.5cm(1인치) 코어 테이프 디스펜서 책상에 적합하며 교체와 사용이 쉽습니다. 49,200 인치: 밸류 팩. 24롤 투명 테이프, 각 롤 테이프 길이는 20.3m(800인치), 너비는 18mm(3/4인치)입니다. 광택 및 투명: 테이프 리필은 텍스트나 그림을 흐리게 하지 않습니다. 접착력과 고정력이 뛰어나 다양한 표면에 사용할 수 있습니다. 다양한 용도: 찢어진 종이 수선, 봉투 밀봉, 사진 걸기, 가벼운 물건 포장, 선물 포장 및 수공예품 만들기. 학교, 사무실, 가정, 스튜디오, 상점, 작업장에 좋은 도구입니다. 제품 구성: 24개의 리필 롤 팩을 받게 되며, 작업할 수 있는 충분한 테이프를 제공합니다. 이 밸류 팩은 끊임없이 새 롤을 구입할 필요 없이 필요할 때마다 항상 테이프를 사용할 수 있도록 합니다.","GIBIBU 투명 테이프 리필은 클래식한 광택 마감 테이프입니다. 접착, 수리, 고정에 널리 사용됩니다. 2.5cm(1인치) 코어 디자인은 대부분의 책상 테이프 디스펜서에 적합합니다. 다양한 표면에 사용할 수 있으며 학교, 사무실, 가정을 위한 최고의 도구 중 하나입니다. 특징: ✔ 텍스트나 사진을 흐리게 하지 않습니다 ✔ 좋은 접착력과 유지력 ✔ 적절한 크기, 교체 및 사용이 쉽습니다. 디스펜서 사용 기술: 디스펜서를 사용할 때 테이프와 디스펜서 톱니 사이의 각도는 가능한 한 커야 합니다. 그런 다음 옆으로 비스듬히 당겨야 합니다.","['테이프', '리필', '롤', '투명', '스펜서', '학교', '사무실', '광택', '접착', '가정']"
사무용품,테이프,투명 테이프,,B0BLBKYJB4,"투명 테이프 96롤 벌크 스트롱 스티키 투명 테이프 리필 보이지 않는 책상 테이프 리필 롤, 광택 선물 포장 테이프, 디스펜서, 사무실, 가정, 학교, 벽, 카펫용, 1.9 x 254.4cm(3/4 x 1000인치) (그린)",Pasimy,37381,37381,4.0,29.0,"포장 구성: 테이프 96롤을 받게 되며, 녹색 라벨로 구멍을 쉽게 찾을 수 있으며 오랫동안 사용할 수 있고 친구, 가족과 공유할 수 있는 충분한 수량을 제공합니다. 다양한 용도로 사용할 수 있습니다 사이즈 정보: 이 투명 테이프 리필은 너비 1.9cm(0.75인치), 길이 2540cm(1000인치), 내부 지름 2.5cm(1인치)입니다. 투명 테이프는 대부분의 스핀들 테이프 디스펜서에 맞습니다. 한편으로는 직접 사용할 수 있으며 다른 한편으로는 오리지널 스핀들 테이프 디스펜서와 함께 사용할 수 있습니다 고품질 소재: 크리스탈 투명 테이프 롤은 테이프 디스펜서에서 매우 쉽게 자를 수 있으며, 사무실 테이프의 끝이 고르게 찢어지며 종이, 책, 편지, 우편 문서 등에 잘 붙는 강한 접착력으로 테이프가 떨어질 염려가 없습니다 다양한 기능: 보이지 않는 투명 테이프 벌크는 무광 흰색이 아닌 투명한 디자인을 가지고 있으며 표면 외관에 영향을 주지 않습니다. 문서나 사진을 가리지 않으며 찢어진 부분을 수리하거나 수리하고 싶은 모든 것에 적합합니다 다양한 용도: 당사의 테이프 리필은 편지, 밀봉 봉투, 수리 문서, 노트북, 찢어진 종이를 보호할 뿐만 아니라 공예품을 만들고 선물을 포장하는 데 도움이 되며 사무실, 가정 및 학교에 적합합니다","특징: 오래 사용할 수 있도록 제작: 이 편리한 벌크 테이프 팩은 소형 및 대형 포장 프로젝트 모두에 사용할 수 있을 만큼 다재다능하며 소비자 및 상업 또는 산업 목적으로 사용할 수 있으며 오래 지속되고 보편적으로 사용할 수 있습니다. 간편한 리필: 당사의 투명 테이프는 표준 스핀들 테이프 디스펜서에 적합하며 테이프 릴의 내부 직경은 2.5cm(1인치)이므로 내부 직경이 2.5cm(1인치)/2.5cm(1인치)보다 작은 스핀들 테이프 디스펜서를 사용하여 자르고 사용하기 쉽습니다. 사양: 재료: 플라스틱 색상: 투명. 사이즈: 3/4 x 1000 인치 패키지 구성: 투명 테이프 리필 96개. 참고: 수동 측정, 사이즈에 약간의 오차가 있을 수 있습니다. 화면 디스플레이의 차이로 인해 색상이 약간 다를 수 있습니다.","['테이프', '투명', '리필', '스펜서', '롤', '포장', '스핀', '수리', '문서', '사무실']"
사무용품,테이프,투명 테이프,,B07CPZYRL6,Shappy 16롤 투명 테이프 리필 투명 테이프 각 롤 1.9 x 304.5cm(3/4 x 1200인치) 개학 용품 작동 크리스마스 투명 광택 테이프 사무실 가정용 선물,Shappy,12451,12451,3.7,1055.0,"제품 구성: 패키지에는 총 16개의 롤이 포함되어 있으며, 각 롤은 너비 18mm/3/4인치, 길이 30.5m(1200인치)/30.5m(1200인치)입니다. 넉넉한 양으로 빠르게 소모되지 않고 다양한 용도로 사용할 수 있는 충분한 테이프를 확보할 수 있어 사무실, 학교 또는 가정용으로 경제적인 선택입니다 신뢰할 수 있는 투명성: 각 테이프 롤은 선명한 색상으로 다양한 용도에 이상적인 선택입니다. 주의 사항: 테이프 색상은 선명하지만 접착제의 색상이 약간 노란색이므로 전체적으로 테이프가 약간 노란색입니다 간편한 리필: 투명 테이프는 표준 스핀들 테이프 디스펜서에 맞습니다. 테이프 릴의 내부 직경은 2.4cm(0.94인치)/2.4cm(0.94인치)이므로 내부 직경이 2.4cm(0.94인치)/2.4cm(0.94인치)보다 작은 스핀들 테이프 디스펜서를 사용하여 자르고 사용하기 쉽습니다 탁월한 은폐: 투명 테이프는 부착 시 책의 텍스트나 패턴을 덮지 않으며, 손상된 문서를 수리하는 데 매우 적합하며 접착력이 뛰어나고 끈적거리고 매끄럽고 반짝이는 표면입니다 다양한 용도: 테이프는 문서 수리뿐만 아니라 선물 포장, 수공예품, 사진 붙여넣기, 봉투 밀봉 및 기타 많은 품목에도 사용할 수 있습니다. 사무실, 학교 및 일상 생활에서 좋은 도우미입니다",,"['테이프', '투명', '롤', '사무실', '선택', '스핀', '내부', '노란색', '리필', '문서']"
사무용품,테이프,투명 테이프,,B00TEEOYAK,"유니버설 인비지블 테이프 3/4 x 1000 인치, 2.5cm 코어 클리어, 6/팩 (UNV83410)",,9002,9002,4.0,225.0,접촉시 보이지 않음 볼펜과 연필 자국 사용 가능 신뢰할 수 있는 접착제,Acrylic office tape becomes invisible upon contact with a flat smooth surface. Reliable adhesive keeps tape in place. Matte finish accepts ballpoint pen and pencil marks. Tape Type: Invisible Adhesive Material: Acrylic Tape Special Feature: N/A Width: 3/4 in. Unit of Measure : Pack,"['테이프', '클리어', '코어', '접촉', '접착제', '자국', '유니버설', '연필', '신뢰']"
사무용품,테이프,투명 테이프,,B001PMCDKM,"Scotch 투명 테이프, 2롤, 1.3 x 6592cm(1/2 x 2592인치), 클래식 광택 마감, 박스형(600-2P12-72)",Scotch,17991,17575,4.7,555.0,"클래식한 광택 마감 장식용 선물 포장지를 훌륭하게 보완합니다 다목적 밀봉 및 라벨 보호에 이상적입니다 즉각적인 접착력, 탁월한 고정력 크리스탈처럼 투명합니다 반짝이는 표면에 이상적입니다 롤을 부드럽게 당겨 쉽게 자를 수 있습니다","백만 가지 할 일이 있을 때 Scotch 투명 테이프를 구입할 수 있는 테이프가 하나 있습니다. 분명히 튼튼하여 즉시 물건을 함께 고정합니다. 오랫동안 물건을 함께 유지합니다. 완료하는 데 필요한 모든 작업에 이상적인 다목적 제품입니다. 그리고 명확하게... 3M 접착 기술을 사용하여 투명하게 발라지며 시간이 지나도 노란색이 되지 않습니다. Scotch 투명 테이프 리필은 모든 표준 디스펜서에 적합하며 롤을 부드럽게 미끄러지며 테이프 낭비 없이 쉽게 자를 수 있습니다. 집, 직장 또는 학교 어디에서나 필요한 모든 것을 할 수 있습니다. Scotch 투명 테이프 리필 롤은 분명히 출근할 준비가 되어 있습니다.","['테이프', '롤', '투명', '클래식', '분명하다', '물건', '접착', '목적', '마감', '리필']"
사무용품,테이프,투명 테이프,,B00006IF5R,"Scotch 북 테이프, 5.1cm x 1371.6cm(2인치 x 540인치), 수리, 강화 보호 및 커버링에 탁월함 (845)",Scotch,15221,11620,4.7,1726.0,"책 및 기타 종이 재료의 바운드 가장자리와 표면을 수리, 강화, 보호 및 덮는 데 사용하세요 투명 쉽게 풀 수 있습니다 5.1cm(2인치) x 1371.6cm(540인치) 롤 롤 1개","Scotch 북 테이프는 바운드 가장자리와 표면을 수리, 보강, 보호 및 덮는 데 적합합니다. 책, 잡지, 팜플렛, 레코드 앨범 재킷 등에 사용하세요.","['수리', '보호', '가장자리', '강화', '테이프', '롤', '책', '바운드', '표면', '북']"
사무용품,테이프,투명 테이프,,B0CV9JV563,"Scotch 종이 테이프, 쓰기 가능, 반투명, 재활용 가능한 포장, 1.9cm x 1524cm(3/4인치 x 600인치), 2롤",,9681,8296,4.8,3214.0,불릿,설명,"['포장', '테이프', '종이', '재활용', '반투명', '롤불릿', '가능하다']"
사무용품,테이프,투명 테이프,,B06Y2HDZ5F,"Scotch 벽 안전 테이프, 스틱 1롤 안전하게 제거, 깨끗하게 제거, 보이지 않음, 전시용 디자인, 사진 안전, 1.9 x 1650cm(3/4 x 650인치) (183)",Scotch,4736,4736,4.5,5637.0,"안전하게 붙이고 깨끗하게 제거됩니다 잔여물이나 벽 손상 없음 독특한 포스트잇 브랜드 접착 기술 목재, 페인트 벽, 금속, 거울 및 유리에 안전합니다 벽과 같은 것은 없습니다 디스펜서 포함: 리필이 쉽고 편리하게 보관할 수 있으며 항상 준비됩니다 롤에서 부드럽게 미끄러집니다 테이프 사이즈: 1.9cm x 650인치","예술은 소중합니다. 페인트와 건식 벽체도 마찬가지입니다. Scotch 벽 안전 테이프로 벽을 망치지 않고 좋아하는 것을 전시하세요. 다른 접착제는 없습니다. 당사의 검증된 매직 테이프처럼 사용하기 쉽고 강하고 안전한 테이프. 아이들의 삽화, 장식, 알림을 단단히 고정합니다. 하지만 벽에 안전한 테이프를 벗겨야 할 때가 되면 쉽게 벗겨집니다. 잔여물 없음. 찢어짐이 없습니다. 벽 수리가 필요 없습니다. 독특한 Scotch 브랜드 디스펜서가 포함되어 있어 걸림이나 낭비, 문제 없이 필요한 벽 안전 테이프를 얻을 수 있습니다. Scotch 벽 안전 테이프. 벽에 딱 맞습니다. 디스플레이용. 당신을 위해.","['벽', '테이프', '안전', '안전하다', '제거', '독특하다', '전시', '롤', '깨끗하다', '스펜서']"
사무용품,테이프,투명 테이프,,B000YQI1CY,"Scotch 투명 테이프, 1.9cm x 762cm(3/4인치 x 300인치), 디스펜서 1개(157S)",Scotch,7132,7132,4.2,71.0,클래식 광택 마감 테이프 장식용 선물 포장지를 훌륭하게 보완합니다 집 주변의 기본 테이핑 작업에 이상적입니다 훌륭한 가성비! 크리스탈처럼 투명합니다 탁월한 고정력으로 즉각적인 접착력 디스펜서 포함: 리필이 쉽고 편리하게 보관할 수 있으며 항상 준비됩니다,"백만 가지 할 일이 있고 붙을 것이라고 믿어야 할 때, Scotch 투명 테이프가 하나 있습니다. 강력한 고정력은 즉시 붙어 오랫동안 고정됩니다. 이 다목적 테이프는 수행해야 하는 다양한 테이핑 작업에 이상적입니다. 3M 접착 기술로 구성되어 투명하게 발라지며 시간이 지나도 변하지 않습니다. Scotch 투명 테이프 리필은 모든 표준 디스펜서에 적합하며 롤을 부드럽게 미끄러지며 테이프 낭비 없이 쉽게 자를 수 있습니다. 가정, 직장 또는 학교 어디에서나 필요한 모든 것을 할 수 있습니다. Scotch 투명 테이프는 명확한 도구이며 출근할 준비가 되어 있습니다./Scotch Transparent Office Tape is a glossy tape with a high-clarity finish. Instant adhesion delivers excellent holding power. Long-aging, moisture-resistant and stain-resistant tape is clear when applied and does not yellow. Pulls off the roll smoothly and cuts easily. Ideal for multipurpose sealing, label protection, general purpose wrapping and mending. Tape comes in a handheld dispenser.","['테이프', '투명', '스펜서', '테이', '고정력', '리필', '작업', '접착', '준비', '훌륭하다']"
사무용품,테이프,투명 테이프,,B0025W9AWA,"스카치 6137H-2PC-MP 양면 테이프, 라이너 없음, 강력함, 1/2 x 500인치, 디스펜서 롤 6개 사용, 싱글",Scotch,23794,24846,4.8,10312.0,"양면에 영구적 접착제로 코팅 접착제 지저분함 없음 가정과 학교에서 공예 프레젠테이션을 제작하는데 사용할 수 있는 깔끔한 접착제입니다. 보이지 않게 물건을 붙여줍니다. 디스펜서 포함: 쉽게 갈아낄 수 있고, 편리하게 보관할 수 있도록 항상 준비되었습니다.","Scotch 테이프 디스펜서가 있는 영구 양면 테이프는 깔끔하고 깨끗하며 강하며 오래 지속되는 방법을 제공합니다. 스크랩북 또는 카드 제작에 이 영구 양면 테이프를 사용하십시오. 성인과 어린이를 위한 공예 키트에 특히 편리하며, 사무실이나 학교 용품 통에서 이 사진 안전 테이프를 사용할 수도 있습니다. 예술 및 공예 프로젝트, 사진책, 포스터, 디스플레이, 장착 프로젝트, 책 커버 및 문서 조합 등과 함께 사용해 보세요. 양면은 영구 접착제로 코팅되어 강력하고 안전한 고정력을 제공하며 접착제 및 기타 접착제에 대한 덜 지저분한 대안을 제공합니다. 테이프 자체에는 스크랩북 테이프와 달리 벗겨내는 안감이 없지만 테이프를 분배하기 전에 보호 라이너를 제거해야 합니다. 테이프 디스펜서(포함)는 서랍에 깔끔하게 들어가며 쉽게 미끄러져 작업을 완료할 수 있도록 항상 준비되어 있습니다. Scotch 양면 테이프는 학교 또는 홈 오피스 용품에 편리하게 추가할 수 있습니다. 최고의 프로젝트는 Scotch 가정 및 사무실 테이프로 시작됩니다. 올바른 테이프를 선택하면 더 나은 결과를 얻을 수 있습니다. Scotch Brand는 프로젝트 또는 작업의 다양한 요구 사항에 맞게 특별히 설계된 전체 테이프 라인을 제공합니다.","['테이프', '양면', '접착제', '스펜서', '프로젝트', '영구', '공예', '편리하다', '깔끔하다', '학교']"
사무용품,테이프,투명 테이프,,B0CP6XRNZW,"테이프 리필 벌크, 보이지 않는 테이프 16롤, 1.9cm x 254.4cm(3/4인치 x 1000인치), 쓰기 가능한 테이프, 홈 스쿨 사무용품용 매트 마감 테이프",WOSWEL,10872,10872,4.4,40.0,"클래식 사이즈: 각 테이프 롤은 너비 18mm(0.75인치), 길이 1000인치(25.4미터)입니다. 표준 테이프 디스펜서에 맞으며 디스펜서 노치의 가벼운 압력으로 쉽게 찢어집니다. 사무실, 가정, 학교 및 공예용으로 적합합니다. 테이프 표면: 무광 마감, 반투명, 문서나 그림을 완전히 덮지 않습니다. 쓰기 가능한 표면, 테이프에 쉽게 표시하고 라벨을 붙일 수 있습니다. 포장, 라벨링 및 공예에 적합합니다. 테이프 특징: 고품질 소재, 찢어짐 방지, 강한 접착력 및 오래 지속되는 내구성으로 제작되었습니다. 수리, 포장 및 장착 작업에 이상적입니다. 간편한 사용: 테이프에 파란색 스타터 마크가 있어 소비자가 출발점을 쉽게 찾고 벗겨낼 수 있습니다. 다양한 설정에서 매일 사용하기에 편리합니다. 다용도 용도: 문서, 포장, 봉투 및 DIY 공예품 수리에 이상적입니다. 벽에 사진이나 종이를 붙이는 데 사용할 수 있습니다. 사무실, 가정, 학교 및 공예 목적으로 적합합니다.",,"['테이프', '포장', '가능하다', '롤', '문서', '학교', '사무실', '수리', '스펜서', '마감']"
사무용품,테이프,투명 테이프,,B095X9NZWK,"Duck MAX Strength Nano-Grab 양면 젤 테이프, 2.4cm x 1.5m(0.9인치 x 5피트), 투명",Duck,8102,8102,4.3,456.0,"동적 애플리케이션, 빠른 수정 및 비전통적인 테이프 해킹을 위한 양면 테이프. 눈에 띄지 않는 수리 및 마감을 위한 수정처럼 투명한 외관. 오래 지속되는 접착력과 극한의 고정력을 위해 테이프에 고르게 매달린 마이크로 구형 접착 입자가 있는 프리미엄 내구성 구조.","이 젤 테이프는 다음 프로젝트를 위한 완벽한 다목적 DIY 및 수리 테이프입니다. 사용과 제거가 쉬운 이 투명한 양면 젤 테이프는 마이크로 구형 접착 입자가 있는 내구성 있는 구조로 오래 지속되는 접착력과 극한의 고정력을 보장합니다. 가정과 사무실에서 임시 및 영구 프로젝트에 이상적입니다. 페인트 석고판, 목재, 유리, 금속, 돌 및 벽돌을 포함한 다양한 표면에 사용할 수 있습니다. 이 다용도 젤 테이프는 끈적이는 잔여물을 남기지 않고 물건을 빠르고 쉽게 수리할 수 있는 방법을 제공합니다. 표면에서 테이프를 제거하고 따뜻한 비눗물로 세척하기만 하면 됩니다.","['테이프', '접착', '양면', '수리', '고정력', '구성', '투명하다', '표면', '지속', '제거']"
사무용품,테이프,투명 테이프,,B07BWVVD1B,"Scotch 슈퍼 홀드 테이프, 3롤, 투명 마감, 50% 더 많은 접착력, 신뢰할 수 있는 즐겨찾기, 1.9 x 254.4cm(3/4 x 1000인치), 박스형(700K3)",Scotch,12326,12326,4.8,257.0,"안전한 접착 - 플라스틱, 금속 및 판지와 같은 표면에 단단히 붙일 수 있도록 50% 더 많은 접착제가 있는 가장 안전한 테이프입니다(Scotch ¾ 단면 테이프와 비교) 색상: 투명 강력한 결합 - 접촉 시 강한 결합을 제공하여 신뢰할 수 있는 안전하고 오래 지속되는 고정력을 제공합니다 쉬운 부착 - 거친 표면이나 DIY 프로젝트를 위해 쉽고 지저분해지지 않도록 설계되었습니다 투명 테이프 - 투명 테이프는 사실상 투명하여 눈에 띄지 않고 튼튼하게 유지됩니다 재사용 가능한 디스펜서 - 재사용 가능한 디스펜서는 Scotch 테이프 리필과 호환됩니다 습기 방지 - 가정, 사무실 또는 교실에서 라벨, 추억, 공예 등을 보존합니다","봉투를 밀봉하는 것부터 즉시 빠르게 수리하는 것까지, Scotch 슈퍼 홀드 테이프의 강력한 결합에 의존하세요. 50% 더 많은 접착제로 설계된 이 혁신적인 테이프는 표준 투명 테이프보다 더 강한 접착력을 제공합니다(Scotch Cat. 157 투명 테이프). 두꺼운 뒷면은 안전하고 오래 지속되는 고정이 필수적일 때 뛰어난 내구성을 제공합니다. 사실상 수정처럼 투명한 이 테이프는 눈에 띄지 않고 튼튼하게 고정됩니다. 수리, 장착, 공예 등에 적합합니다. 편리한 디스펜서는 손에 편안하게 맞으며 원하는 양을 쉽게 펼치고 자를 수 있습니다. 기밀 문서를 숨기거나 작은 관리 패키지를 밀봉하든, Scotch Super Hold Tape의 우수한 접착력으로 중요한 것을 신뢰하십시오.","['테이프', '투명', '접착', '안전하다', '결합', '신뢰', '스펜서', '슈퍼', '재사용', '홀드']"
사무용품,테이프,투명 테이프,,B0D3LGTYQN,"테이프 디스펜서가 있는 보이지 않는 테이프 리필 7롤 - 매트 테이프 쓰기 가능한 테이프, 랩 테이프, 홈 오피스 용품 학교 용품, 1.9 x 2540cm(0.75 x 1000인치)",,10539,10539,4.6,32.0,"[보이지 않는 쓰기]: 보이지 않는 테이프를 사용하면 테이프 자체의 간섭 없이 글을 쓸 수 있습니다. 마커, 볼펜 또는 연필을 사용하든 손글씨가 테이프에 표시되며 번지지 않습니다! [독특한 디자인]: 이 테이프는 어떤 표면에도 매끄럽게 조화를 이루는 반투명 디자인이 특징입니다. 이 다용도 반투명 보이지 않는 테이프로 공예 및 수리에 대한 깨끗하고 전문적인 결과를 즐기세요. [쉬운 사용]: 상자에서 꺼내자마자 바로 사용할 수 있습니다. 이 테이프 디스펜서는 테이프를 원하는 길이로 자를 수 있어 정확하게 부착하고 폐기물을 줄일 수 있습니다. 고품질 커팅 블레이드는 수년간 지속됩니다. [다용도 용도]: 작업 공간 정리부터 맞춤형 공예품 제작까지, 이 테이프는 포장, 중요한 문서 표시, 스크랩북 장식 및 예술 프로젝트에 독특한 터치를 추가하는 데 적합합니다. [패키지 구성]: 고품질 보이지 않는 테이프 7롤을 사용하면 무한한 창의성과 실용성을 즐길 수 있습니다. 이 세트를 사용하면 독창성을 사용하여 모든 프로젝트를 정복할 수 있습니다.",,"['테이프', '보이지', '다용', '반투명', '디자인', '독특하다', '롤', '스펜서', '표시', '프로젝트']"
사무용품,테이프,투명 테이프,,B0006BAFKI,"Scotch 매직 테이프, 보이지 않음, 홈 오피스 용품 및 대학 및 교실용 학교 용품, 4롤",Scotch,22049,15345,4.8,3104.0,"보이지 않는 테이프: Scotch 매직 테이프 4롤은 찢어짐과 찢어짐을 안전하고 영구적으로 보이지 않게 수선합니다 안전한 접착: 신뢰할 수 있는 3M 접착 기술을 사용하여 강력하고 안전하며 영구적인 밀봉을 제공하는 투명 테이프 블렌드: 무광 마감 및 보이지 않는 이 테이프는 종이와 혼합되어 학교 용품에 추가하기에 좋습니다 이상적인 용도: 장착, 빠른 수리, 프로젝트 추가 및 원본 문서 및 사진 수리를 포함하여 영구적이고 안전한 종이 수선을 위해 이 사무용 테이프를 사용하십시오 추가 장점: 이 사진 안전 테이프는 부착하기 쉽습니다. 또한 펜, 연필 또는 마커로 쉽게 라벨을 붙일 수 있습니다 패키지 구성: 1.9cm(0.75인치) 테이프 롤 4개가 있는 패키지 1개. x 2.54cm(1000인치), 2.5cm(1인치). 코어 SCOTCH 브랜드: 최고의 프로젝트는 Scotch 가정 및 사무실 테이프로 시작합니다","Scotch 매직 테이프를 사용하면 삶의 많은 찢어짐과 눈물을 안전하고 영구적으로 보이지 않게 마법처럼 고칠 수 있습니다. 오리지널 무광택 마감 보이지 않는 테이프는 독특한 3M 접착 기술을 사용하여 종이와 단단히 접착되고 흔적 없이 사라집니다. 빠른 수리가 필요하거나 프로젝트에 추가해야 할 때 영구적이고 안전한 종이 수선을 위한 이상적인 매트 테이프입니다. 이 투명 테이프는 출생 증명서나 도서관 책 페이지와 같이 찢어지거나 찢어진 원본을 고치는 데에도 적합합니다. 부착이 쉬운 이 사무용 테이프는 사진에 안전하며 특별한 사진을 걱정 없이 장착하거나 수선할 수 있습니다. 펜, 연필 또는 마커로 이 접착 테이프에 쓸 수도 있어 항목에 라벨을 쉽게 붙일 수 있습니다. 사용하기 쉬운 Scotch 테이프 디스펜서(포함)로 Scotch 매직 테이프는 부드럽게 펼쳐지며 시간, 에너지 또는 테이프 낭비 없이 쉽게 자를 수 있습니다. 이 디스펜서는 학교, 교실 용품 또는 사무용품에 편리하게 추가할 수 있습니다. 친환경적인 선택: 포함된 휴대용 사무실 테이프 디스펜서를 Scotch 브랜드 테이프로 리필하고 재사용하십시오. 최고의 프로젝트는 Scotch 가정 및 사무실 테이프로 시작됩니다.","['테이프', '안전하다', '보이지', '접착', '추가', '영구', '프로젝트', '매직', '종이', '사진']"
사무용품,테이프,투명 테이프,,B001HA4NC8,"Scotch 투명 테이프, 1.3cm x 3294cm(1/2인치 x 1290인치) (600)",Scotch,10318,6786,4.5,826.0,"클래식한 광택 마감 다목적 밀봉 및 라벨 보호에 이상적입니다 즉각적인 접착력, 탁월한 고정력 크리스탈처럼 투명합니다 반짝이는 표면에 이상적입니다 롤을 부드럽게 당겨 쉽게 자를 수 있습니다 튼튼하고 안전하며 시간이 지나도 변하지 않습니다","백만 가지 할 일이 있을 때 Scotch 투명 테이프를 구입할 수 있는 테이프가 하나 있습니다. 분명히 튼튼하여 즉시 물건을 함께 고정합니다. 오랫동안 물건을 함께 유지합니다. 완료하는 데 필요한 모든 작업에 이상적인 다목적 제품입니다. 그리고 명확하게... 3M 접착 기술을 사용하여 투명하게 발라지며 시간이 지나도 노란색이 되지 않습니다. Scotch 투명 테이프 리필은 모든 표준 디스펜서에 적합하며 롤을 부드럽게 미끄러지며 테이프 낭비 없이 쉽게 자를 수 있습니다. 집, 직장 또는 학교 어디에서나 필요한 모든 것을 할 수 있습니다. Scotch 투명 테이프 리필 롤은 분명히 출근할 준비가 되어 있습니다.","['테이프', '투명', '롤', '분명하다', '접착', '부드럽다', '튼튼하다', '투명하다', '물건', '목적']"
사무용품,테이프,투명 테이프,,B07TCPNF79,"양면 재사용 가능한 카펫 테이프, 탈착식 잔여물 없음, 강력한 접착 러그 그리퍼, 가정용 바닥 카펫, 자동차 매트 및 부분 러그 고정 투명, 2mm (3 x 299.7cm(1.2 x 118인치))",AurGun,13836,13836,4.3,677.0,"슈퍼 접착 테이프: 이 양면 카펫 테이프는 더 강한 접착력과 인장 강도를 위해 환경 친화적인 나노 PU 접착 소재로 제작되었습니다. 이 러그 그리퍼는 카펫과 카펫과 바닥에 부착하기에 탁월한 접착력을 제공합니다. 카펫이나 러그가 말리거나 미끄러지거나 움직이는 것을 방지하여 가족을 위한 최고의 안전을 보장합니다 쉬운 사용: 성가신 러그와 느슨한 카펫을 몇 초 만에 빠르게 고칠 수 있습니다. 테이프를 늘린 다음 가위를 사용하여 필요한 길이를 자른 다음 양면 테이프를 바닥에 부착하여 러그와 카펫을 제자리에 고정합니다. 러그 테이프는 견목, 리놀륨 등과 같은 단단한 바닥에 효과적입니다. 안전 및 재사용 가능: 무독성, 재사용 및 친환경. 더러워지면 물로 세척할 수 있습니다. 다른 물티슈나 세제를 사용하지 마십시오. 끈적임을 복원하려면 세탁하고 건조하기만 하면 다시 사용할 수 있습니다 잔여물 없음: 탈착식 접착 테이프는 제거가 매우 쉽고 잔여물이 남지 않고 나무 바닥이나 표면을 손상시키지 않습니다. 투명한 장착 테이프 디자인으로 사실상 보이지 않는 고정 장치로 표면을 매끄럽게 유지하여 투명한 물체의 양면 테이프에 적합합니다 보장: 저희는 고객의 100% 만족을 위해 최선을 다하고 있습니다. 제품에 대해 우려 사항이 있으시면 언제든지 아마존 이메일을 통해 문의하십시오. 귀하의 요청을 즉시 이행하겠습니다","투명 양면 재사용 가능한 자체 접착 카펫 테이프 특징: ♦사이즈 3M x 30mm x 2mm, 자유롭게 자를 수 있습니다. ♦나노 PU 젤 소재, 강한 점도, 쉽게 깨지지 않음 ♦쉽게 제거할 수 있으며 흔적이 남지 않습니다. ♦세탁 가능, 약 600회 재사용 가능. ♦무독성, 재활용 및 친환경. ♦거의 모든 매끄럽고 깨끗하며 구멍이 없는 표면에 붙일 수 있습니다. ♦-16°C (15°F)에서 60°C(140°F)의 온도 범위에서 완벽하게 작동합니다. 사용 방법: ①붙이고 싶은 표면을 청소하세요. ②올바른 크기로 자르고 붙이세요. ③사용하기 전에 보호 필름을 벗겨내십시오. 젤 테이프의 점성 손실이나 표면에 먼지가 묻으면 물로 씻고 스스로 건조하십시오. 그런 다음 더 많은 시간을 재사용할 수 있습니다. 주의 사항: 1. 거친 표면, 파우더 벽, 기름기가 많고 젖은 표면에는 사용하지 마십시오. 2. 곡면과 무거운 물체를 걸 때 이 테이프를 사용하지 마십시오. 3. 세탁 후 자연 건조하거나 헤어드라이어로 건조할 수 있습니다. 걸레로 닦지 마십시오. 4. 어린이의 손이 닿지 않는 곳에 보관하세요. 직사광선을 피해 시원하고 건조한 곳에 보관하세요.","['테이프', '카펫', '표면', '러그', '접착', '재사용', '바닥', '건조하다', '양면', '고정']"
사무용품,테이프,투명 테이프,,B001PMK228,"Scotch 매직 테이프, 보이지 않음, 홈 오피스 용품 및 대학 및 교실용 학교 용품, 3롤",Scotch,17243,10719,4.6,1097.0,"보이지 않는 테이프: Scotch 매직 테이프 3롤은 찢어짐과 찢어짐을 안전하고 영구적으로 보이지 않게 수선합니다 안전한 접착: 신뢰할 수 있는 3M 접착 기술을 사용하여 강력하고 안전하며 영구적인 밀봉을 제공하는 투명 테이프 블렌드: 무광 마감 및 보이지 않는 이 테이프는 종이와 혼합되어 학교 용품에 추가하기에 좋습니다 이상적인 용도: 장착, 빠른 수리, 프로젝트 추가 및 원본 문서 및 사진 수리를 포함하여 영구적이고 안전한 종이 수선을 위해 이 사무용 테이프를 사용하십시오 추가 장점: 이 사진 안전 테이프는 부착하기 쉽습니다. 또한 펜, 연필 또는 마커로 쉽게 라벨을 붙일 수 있습니다 패키지 구성: 1.3cm(0.5인치) 테이프 롤 3개가 포함된 패키지 1개. x 3290cm(1200인치), 2.5cm(1인치). 코어 SCOTCH 브랜드: 최고의 프로젝트는 Scotch 가정 및 사무실 테이프로 시작합니다","Scotch 매직 테이프를 사용하면 삶의 많은 찢어짐과 눈물을 안전하고 영구적으로 보이지 않게 마법처럼 고칠 수 있습니다. 오리지널 무광택 마감 보이지 않는 테이프는 독특한 3M 접착 기술을 사용하여 종이와 단단히 접착되고 흔적 없이 사라집니다. 빠른 수리가 필요하거나 프로젝트에 추가해야 할 때 영구적이고 안전한 종이 수선을 위한 이상적인 매트 테이프입니다. 이 투명 테이프는 출생 증명서나 도서관 책 페이지와 같이 찢어지거나 찢어진 원본을 고치는 데에도 적합합니다. 부착이 쉬운 이 사무용 테이프는 사진에 안전하며 특별한 사진을 걱정 없이 장착하거나 수선할 수 있습니다. 펜, 연필 또는 마커로 이 접착 테이프에 쓸 수도 있어 항목에 라벨을 쉽게 붙일 수 있습니다. 사용하기 쉬운 Scotch 테이프 디스펜서(포함)로 Scotch 매직 테이프는 부드럽게 펼쳐지며 시간, 에너지 또는 테이프 낭비 없이 쉽게 자를 수 있습니다. 이 디스펜서는 학교, 교실 용품 또는 사무용품에 편리하게 추가할 수 있습니다. 친환경적인 선택: 포함된 휴대용 사무실 테이프 디스펜서를 Scotch 브랜드 테이프로 리필하고 재사용하십시오. 최고의 프로젝트는 Scotch 가정 및 사무실 테이프로 시작됩니다./In 1930, 3M engineer Richard Drew invented an attractive, moisture-proof material to help grocers and bakers seal up their packages. Over 70 years later, Scotch tape boasts over 400 varieties sold under the Scotch and 3M™ brands./Now indispensible in homes and offices, Scotch tapes offer specialty and general solutions for many projects--from crafts and gift-wrapping to mounting and everyday sealing./","['테이프', '안전하다', '보이지', '접착', '추가', '영구', '프로젝트', '매직', '종이', '사진']"
사무용품,테이프,투명 테이프,,B01IRWM6RW,"투명 문구류 테이프 리필 롤 (1.9cm x 3296cm), 12팩 (60061)",Seal-It,14653,14653,3.9,293.0,"광택 마감의 고품질 투명 테이프는 표면에 보이지 않습니다 가벼운 포장 및 밀봉에 이상적이며 상자의 라벨 또는 주소 보호에 사용할 수 있습니다 3290cm(1200인치) 길이의 테이프는 일상적인 포장, 포장, 우편 및 예술 및 공예에 사용하는 동안 부드럽게 풀립니다 팩당 12개 밸류 팩은 팩당 1.9 x 3290.8cm(3/4 x 1290인치)의 투명 테이프와 총 15, 1.4cm(555인치)를 제공합니다","Seal-It 광택 마감의 투명 테이프 1.9 x 3297.8cm(3/4 x 1290인치)는 선물 포장 및 경량 포장에도 적합합니다. 오래 지속되는 투명 테이프로 노랗게 변하지 않으며 라벨 또는 주소 보호에 사용할 수 있습니다. 테이프는 일상적인 포장, 포장 또는 우편 발송에 사용하는 동안 부드럽게 풀립니다. 가정이나 사무실 기반 작업에 편리하게 사용할 수 있습니다. 테이프는 각각 1.9 x 4.5cm(3/4 x 1, 290인치) 롤 12개의 탁월한 가치를 제공하여 즉각적인 접착력을 제공하여 총 48.4cm(15,550인치)의 테이프를 제공합니다. 테이프는 모든 표준 금속 블레이드 디스펜서 또는 데스크탑 디스펜서와 잘 작동합니다.","['테이프', '포장', '투명', '부드럽다', '광택', '보호', '롤', '라벨', '스펜서', '우편']"
사무용품,테이프,투명 테이프,,B004Z4E8XC,"Scotch Magic Greener 테이프, 종이 고정용 보이지 않는 테이프, 사무용품 및 학교 용품, 1.9cm(0.75인치) x 2286cm(900인치), 10롤",Scotch,47491,27880,4.8,754.0,"환경 친화적인 테이프: 53% 식물 기반 소재로 제작된 Scotch 매직 그린 테이프 10롤 검증된 제품: 이 친환경 테이프는 오리지널 Scotch 매직 테이프와 동일한 뛰어난 성능을 가지고 있습니다 쓰기: 무광 마감으로 펜, 연필 또는 마커를 사용하여 라벨을 쉽게 만들 수 있습니다 이상적인 용도: 집, 사무실 또는 학교에서 수리 또는 빠른 수리를 위해 이 사무용 테이프를 사용하십시오. 사무용품에 추가하기에 좋으며 찢어지거나 찢어진 문서를 고정하기 위한 특히 훌륭한 테이프입니다 사진 안전 테이프: 추억을 만들고 보존합니다 테이프 디스펜서와 함께 사용: 테이프가 테이프 디스펜서를 부드럽게 미끄러집니다(테이프 디스펜서는 포함되어 있지 않습니다) 패키지 구성: 한 패키지에는 1.9cm(0.75인치)의 테이프 롤 10개가 포함되어 있습니다. x 2.5cm(900인치), 2.5cm(1인치) 코어 SCOTCH 브랜드: 최고의 프로젝트는 Scotch 가정 및 사무실 테이프로 시작됩니다(2022년 NPD 데이터 기반)","Scotch Magic Greener Tape는 찢어짐과 찢어짐을 고치고 문서를 전시하고 상자 안에 패키지를 포장하기 위한 환경 친화적인 선택입니다. 투명 테이프는 53% 식물 기반 소재로 만들어져 오리지널 Scotch 매직 테이프의 친환경 버전입니다. 모든 강도와 유지력을 가지고 있으며 오리지널 매직 테이프처럼 사라집니다. 무광 마감의 이 보이지 않는 테이프는 사용 중인 표면과 잘 어울리며 빠른 수리 또는 프로젝트 추가에 이상적입니다. 이 투명 테이프는 펜, 연필 또는 마커로 쓸 수 있기 때문에 찢어지거나 찢어진 문서 및 학교 프로젝트를 고정하는 데에도 적합합니다. Scotch Magic Greener Tape는 영구적이고 안전한 종이 수선에 이상적이므로 학교 용품이나 사무용품에 추가하기에 좋습니다. 접착 테이프는 롤에서 부드럽게 미끄러지며 테이프 디스펜서에서 바로 편리하게 사용할 수 있도록 쉽게 자를 수 있습니다(테이프 디스펜서는 포함되지 않음). 부착하기 쉬운 디자인으로 사진에 안전합니다. 한 패키지에는 1.9cm(0.75인치) 테이프 롤 10개가 포함되어 있습니다. x 2.5cm(900인치), 2.5cm(1인치) 코어.","['테이프', '롤', '스펜서', '학교', '매직', '패키지', '수리', '기반', '추가', '문서']"
사무용품,테이프,투명 테이프,,B00RB1YAL6,"Scotch 매직 테이프, 1/2 x 450 인치, 2팩",Scotch,7257,7257,4.6,1212.0,"Scotch (R) Magic(TM) 테이프는 오리지널 매트 마감, 보이지 않는 테이프입니다 사무실, 홈 오피스 및 학교에서 선호하는 테이프입니다 펜, 연필 또는 마커로 쓰세요 봉투를 밀봉하거나 찢어진 문서를 영구적으로 수선하는 등 다양한 용도에 적합합니다 사진 안전 및 미국에서 제작.",Scotch 매직 투명 테이프 2팩,"['테이프', '매직', '홈', '사진', '매트', '문서', '미국', '밀봉', '보이지', '봉투']"
사무용품,테이프,투명 테이프,,B00006IF5W,"Scotch Transparent Tape, 1 Roll, 3/4 in x 1296 in, Classic glossy-finish, Boxed (600)",Scotch,11467,11467,4.7,213.0,"클래식한 광택 마감 장식용 선물 포장지를 훌륭하게 보완합니다 다목적 밀봉 및 라벨 보호에 이상적입니다 즉각적인 접착력, 탁월한 고정력 크리스탈처럼 투명합니다 반짝이는 표면에 이상적입니다 롤을 부드럽게 당겨 쉽게 자를 수 있습니다","백만 가지 할 일이 있을 때 Scotch 투명 테이프를 구입할 수 있는 테이프가 하나 있습니다. 분명히 튼튼하여 즉시 물건을 함께 고정합니다. 오랫동안 물건을 함께 유지합니다. 완료하는 데 필요한 모든 작업에 이상적인 다목적 제품입니다. 그리고 명확하게... 3M 접착 기술을 사용하여 투명하게 발라지며 시간이 지나도 노란색이 되지 않습니다. Scotch 투명 테이프 리필은 모든 표준 디스펜서에 적합하며 롤을 부드럽게 미끄러지며 테이프 낭비 없이 쉽게 자를 수 있습니다. 집, 직장 또는 학교 어디에서나 필요한 모든 것을 할 수 있습니다. Scotch 투명 테이프 리필 롤은 분명히 출근할 준비가 되어 있습니다.","['테이프', '롤', '투명', '리필', '접착', '물건', '목적', '부드럽다', '분명하다', '투명하다']"
사무용품,테이프,투명 테이프,,B00005C3YY,"Scotch 매직 테이프, 1.3 x 1147.2cm(1/2 x 450인치) (1",Scotch,5346,5346,4.6,1638.0,"오리지널 매트 마감, 보이지 않는 테이프 롤 위에는 서리가 내리지 만 작업 중에는 보이지 않습니다 수백만 명이 선호함 디스펜서 포함: 리필이 쉽고 편리하게 보관할 수 있으며 항상 준비됩니다 롤에서 부드럽게 떨어지며 쉽게 자를 수 있습니다","출생 증명서, 최종 에세이 및 특별 사진과 같은 원본 문서를 수정하는 것보다 더 중요한 것은 없습니다. 하나의 오리지널은 다른 오리지널을 가질 자격이 있습니다. Scotch 매직 테이프는 가정, 학교 및 홈 오피스에서 선호하는 오리지널 보이지 않는 매트 마감 테이프입니다. 왜? 마법처럼 작동하기 때문에: 보이지 않습니다! 신뢰할 수 있는 3M 접착 기술을 사용하여 강력하고 안전하며 영구적인 밀봉을 제공합니다. 사용하기 쉬운 Scotch 테이프 디스펜서(포함)를 사용하면 Scotch Magic Tape가 부드럽게 굴러가고 시간, 에너지 또는 테이프 낭비 없이 고르게 절단됩니다. 삶의 많은 찢어짐과 눈물을 안전하고 영구적이며 보이지 않게 마법처럼 고쳐보세요./In 1930, 3M engineer Richard Drew invented an attractive, moisture-proof material to help grocers and bakers seal up their packages. Over 70 years later, Scotch tape boasts over 400 varieties sold under the Scotch and 3M™ brands./Now indispensible in homes and offices, Scotch tapes offer specialty and general solutions for many projects--from crafts and gift-wrapping to mounting and everyday sealing./","['테이프', '보이지', '스펜서', '마법', '선호', '안전하다', '영구', '부드럽다', '매직', '매트']"
사무용품,테이프,투명 테이프,,B0CH7T84DL,"아동용 나노 테이프 버블 키트 5개, 3m/9.84피트 각 롤 나노 테이프 버블 나노 테이프 키트 나노 양면 테이프, 고급스러운 글리터, 클레이, 비즈, 귀여운 스틱, 나노 테이프 버블 키트 포함, 소녀, 아동용",Needbrock,27686,29417,4.1,32.0,"【저희를 선택해야 하는 이유】나노 테이프의 각 롤 길이는 3m/118인치이며, 다른 기존 나노 테이프의 길이는 대부분 1미터/40인치 미만입니다. 더 긴 길이는 더 창의적인 요구를 충족시키기에 충분합니다. 【나노 버블 테이프 키트】나노 테이프 스퀴시 키트에는 멀티 컬러 나노 테이프 5롤(한 롤 길이: 299.7cm(118인치)), 12가지 색상의 점토, 10장의 귀여운 스티커, 12박스 글리터 파우더, 10개의 컬러 체인, 1개의 튜브 별 모양 스팽글 1개, 컬러 볼 2팩, 빨대 10개, 핀셋 1쌍, 가위 1쌍 및 1개가 포함되어 있습니다. 인플레이션 펌프 인플레이 【나노 테이프 소재】나노 양면 테이프는 PET 소재로 만들어져 신축성이 있으며 가족 게임과 상상력 개발을 위한 훌륭한 선택입니다. 【작동 단계】1단계: 적절한 길이의 나노 테이프를 자릅니다. 2단계: 나노 테이프의 한쪽 가장자리를 밀봉합니다. 3단계: 좋아하는 필러와 빨대를 넣습니다. 4단계: 나노 테이프의 나머지 가장자리를 밀봉하여 공기 누출이 없도록 합니다. 5단계: 나노 테이프의 외부 보호 필름을 제거한 후 헤어 드라이어를 사용하여 나노 테이프의 가장자리를 1분 동안 가열합니다. 6단계: 내부에 틈이 있는지 확인한 다음 팽창 펌프나 빨대를 사용하여 기포를 날려 버리세요. 【재미있는 DIY 장난감 선물】아동용 나노 테이프 키트는 다양한 거품을 DIY하는 데 사용할 수 있습니다. 직접 가지고 놀거나 생일, 크리스마스 선물, 교실 보상 또는 파티 선물로 줄 때 최고의 선택이 될 것입니다.",,"['테이프', '나노', '단계', '키트', '버블', '롤', '선택', '선물', '빨대', '컬러']"
사무용품,테이프,투명 테이프,,B0CYZCGNKC,"Jimcii 나만의 나노 테이프 버블 키트, 핑크 리본 박스 포함, 아동용 나노 테이프 버블 스퀴시 메이커 키트, 나노 테이프 버블",Jimcii,41536,41536,4.4,17.0,"【안전한 소재】: 이 키트의 나노 테이프는 무독성 소재로 내구성이 뛰어나고 쉽게 깨지지 않으며 안전하고 무해하며 재미있는 가족 게임에 적합합니다. 【DIY 테이프】: 이 나노 테이프 버블 키트에는 다양한 스팽글과 작은 공이 포함되어 있어 취향에 따라 다양한 색상과 크기의 나노 테이프 버블을 만들 수 있습니다. 성인에게 훌륭한 선물 아이디어입니다 【단계별 비디오 튜토리얼】나노 테이프 버블 작동은 간단합니다. ① 적절한 길이의 나노 테이프를 선택하고, ② 빨대를 넣고, ③ 좋아하는 필러(글리터, 스팽글 등)를 추가하세요. ), ④ 가장자리를 밀봉하고, ⑤ 보호 필름을 제거하십시오 ⑥ 헤어 드라이어로 1분 동안 가열하십시오. ⑦ 그런 다음 빨대나 팽창기로 거품을 날릴 수 있습니다. 【따뜻한 선물】다양한 기능: 선물용으로 완벽합니다",,"['테이프', '나노', '버블', '키트', '선물', '안전하다', '빨대', '스팽글']"
사무용품,테이프,투명 테이프,,B08NBXWW9F,Zonon 벽용 투명 양면 테이프 탈착식 스티커 도트 스티커 흔적 없음 그림 걸이 스트립 장착 도트 아트 사진 벽 장식 파티 용품,Zonon,9681,9681,4.4,503.0,"제품 구성: 패키지에는 원형 접착 스티커와 흔적이 없는 사각형 스티커를 포함하여 벽용 투명 양면 접착 테이프가 많이 포함되어 있어 일상적인 필요와 교체 요구 사항에 충분합니다 모양 및 크기: 이 투명 스티커는 둥근 모양과 사각형 모양, 다양한 용도로 다양한 모양으로 디자인되었습니다. 각 원형 테이프 스티커는 약 지름 20mm/0.8인치이며 각 사각형 테이프 스티커는 약 25 x 25 mm/1 x 1 인치 강한 끈적임: 고품질 투명 아크릴로 제작된 이 사각형 원형 투명 접착 테이프는 안전하고 강하게 접착되며 재사용이 가능합니다. 여러 번 부착할 수 있으며 작은 조각이나 다른 모양으로 자를 수 있습니다 간단히 부착: 흔적이 없는 테이프 스티커를 설치하는 데 몇 단계만 거치면 됩니다. 원하는 위치에 붙이고 약 5초 동안 세게 누른 다음 고정해야 하는 물체를 잡고 흔적이 없는 테이프 스티커에 부착하세요 사용 장소: 이 투명 테이프 스티커를 사용하여 물체를 제자리에 유지하거나 수직으로 놓아야 하는 물체를 오랫동안 고정할 수 있습니다. 카펫, 매트, 화분, 커튼, 봉투, 리모컨, 사진, 캐비닛 조명, 데크 조명, 작은 장식 등에 적합합니다.",,"['스티커', '테이프', '투명', '흔적', '사각형', '접착', '원형', '물체', '부착', '작다']"
사무용품,테이프,투명 테이프,,B07LGHRQS7,"Scotch 매직 테이프, 1/2 x 450 인치, 6팩",Scotch,13836,13836,4.3,34.0,"Scotch(R) Magic(TM) 테이프는 오리지널 무광택 마감으로 보이지 않는 테이프입니다. 사무실, 홈 오피스 및 학교에 선호하는 테이프입니다. 펜, 펜슬 또는 마커로 쓰세요. 봉투를 밀봉하거나 찢어진 문서를 영구적으로 보충하는 등 다양한 용도로 적합합니다. 사진 안전 및 미국에서 제작되었습니다.",Scotch 매직 투명 테이프..,"['테이프', '매직', '홈', '사무실', '마감', '문서', '미국', '밀봉', '보이지', '보충']"
사무용품,테이프,투명 테이프,,B0BH92D6ZQ,"Duck Max Strength 나노 그랩 양면 젤 나노 테이프, 2.4cm x 1.5m(0.95인치 x 5피트), 투명, 1팩 (287264)",Duck,8268,8268,4.1,69.0,"역동적인 어플리케이션, 빠른 수정 및 비전통적인 테이프 해킹을 위한 양면 젤 테이프 오래 지속되는 접착력과 극한의 유지력을 위해 테이프에 고르게 매달려 있는 마이크로 구형 접착 입자가 있는 프리미엄 내구성 구조 눈에 띄지 않는 수리 및 마감을 위한 크리스탈처럼 투명한 외관 부착, 제거 및 재사용하기 쉬움: 사이즈에 맞게 자르고 표면에 바른 다음 제거하고 따뜻한 비눗물로 씻어 반복해서 사용할 수 있습니다 가정, 사무실 및 직장 주변의 영구 및 임시 장착, 빠른 수리 및 DIY 프로젝트에 이상적입니다","Max Strength 나노 그랩 젤 테이프는 가정과 사무실에서 임시 및 영구 프로젝트에 적합합니다. 사용과 제거가 쉬운 이 투명한 양면 젤 테이프는 마이크로 구형 접착 입자가 있는 내구성 있는 구조로 오래 지속되는 접착력과 극한의 유지력을 보장합니다. 최대 9.1kg(20파운드)까지 견딜 수 있습니다. 1.5m(5피트) 롤 당 페인트 석고판, 목재, 유리, 타일, 금속, 돌 및 벽돌을 포함한 다양한 표면에 사용할 수 있습니다. 다용도 젤 테이프는 끈적한 잔여물을 남기지 않고 공간에 장식을 추가하거나 물건을 수리할 수 있는 빠르고 쉬운 방법을 제공합니다. 또한, 재사용이 가능합니다. 표면에서 테이프를 제거하고 따뜻한 비눗물로 세척하여 반복해서 사용할 수 있습니다.","['테이프', '제거', '접착', '수리', '나노', '빠르다', '양면', '표면', '투명하다', '구조']"
사무용품,테이프,투명 테이프,,B07BVYXMKW,"Scotch 벽 안전 테이프, 2롤, 안전하게 부착, 깨끗하게 제거, 보이지 않음, 전시용으로 디자인, 사진 안전, 1.9 x 2032cm(3/4 x 800인치) (813S2)",Scotch,12423,12423,4.4,389.0,"안전하게 붙이고 깨끗하게 제거됩니다 포스트잇 브랜드 기술로 제작되어 포스트잇 노트처럼 깨끗하고 쉽게 제거할 수 있습니다 페인트 칠한 건식 벽체, 스테인리스 스틸, 타일 목재, 거울 및 창문에 최대 30일까지 안전합니다 롤에서 부드럽게 떨어지며 쉽게 자를 수 있습니다 스틱 및 재착 리필 롤은 모든 Scotch 브랜드 데스크탑 디스펜서와 호환되어 쉽게 사용할 수 있습니다 테이프 사이즈: 1.9cm x 800인치 빠르게 걸기에 좋습니다","예술은 소중합니다. 페인트와 건식 벽체도 마찬가지입니다. Scotch 벽 안전 테이프로 벽을 망치지 않고 좋아하는 것을 전시하세요. 다른 접착제는 없습니다. 당사의 검증된 매직 테이프처럼 사용하기 쉽고 강하고 안전한 테이프. 아이들의 삽화, 장식, 알림을 단단히 고정합니다. 하지만 벽에 안전한 테이프를 벗겨야 할 때가 되면 쉽게 벗겨집니다. 잔여물 없음. 찢어짐이 없습니다. 벽 수리가 필요 없습니다. 독특한 Scotch 브랜드 디스펜서가 포함되어 있어 걸림이나 낭비, 문제 없이 필요한 벽 안전 테이프를 얻을 수 있습니다. Scotch 벽 안전 테이프. 벽에 딱 맞습니다. 디스플레이용. 당신을 위해.","['테이프', '벽', '안전', '안전하다', '깨끗하다', '롤', '제거', '스펜서', '페인트', '포스트잇']"
사무용품,테이프,투명 테이프,,B00RKJGW88,"스카치 매직 테이프, 1.2 x 450 인치, 6롤",Scotch Brand,20761,13697,4.8,75.0,"봉투를 밀봉하거나 찢어진 문서를 영구적으로 수선하는 등 다양한 용도에 적합합니다 Scotch(R) Magic(TM) 테이프는 오리지널 매트 마감, 보이지 않는 테이프입니다 사무실, 홈 오피스 및 학교에서 선호하는 테이프입니다 펜, 연필 또는 마커로 쓰세요 - 사진에 안전하며 미국에서 제작되었습니다. 6롤","Scotch(R) Magic(TM) Tape is the original matte finish, invisible tape. It is the preferred tape for offices, home offices, and schools. Write on it with pen, pencil or marker.","['테이프', '롤', '사진', '마감', '매직', '매트', '문서', '미국', '밀봉', '보이지']"
사무용품,테이프,투명 테이프,,B07942879J,"Invisible 문구류 테이프 리필 롤 1.9cm x 3296cm(3/4인치 x 1296인치), 12팩 (60041)",Seal-It,14902,14902,3.9,164.0,"오리지널 매트 마감의 보이지 않는 문구 테이프, 롤에는 반투명 마감이지만 종이에 보이지 않습니다 12개 유닛 밸류 팩은 롤 당 1.9 x 3.29cm(3/4 x 1275인치)의 보이지 않는 테이프, 총 38.1cm(15, 555인치)를 제공합니다 일상적인 포장, 포장, 포장, 우편 및 예술 및 공예에 사용됩니다 테이프는 모든 표준 금속 블레이드 디스펜서 또는 데스크탑 디스펜서에 잘 절단됩니다 펜, 연필 또는 마커로 보이지 않는 테이프에 쓸 수 있습니다",Seal-It 투명 테이프는 압력이 가해질 때 사라지도록 설계되었으며 거의 모든 표면에서 제거할 수 있습니다. 글쓰기에 좋습니다. Seal-It 보이지 않는 문구 테이프는 마르거나 노란색으로 변하지 않는 무광 마감 및 고품질 테이프와 함께 제공되며 갈라짐을 방지하는 견고한 구조로 쉽게 부착할 수 있습니다. 테이프는 모든 표준 금속 블레이드 디스펜서 또는 데스크탑 디스펜서에서 잘 절단됩니다.,"['테이프', '보이지', '스펜서', '포장', '롤', '마감', '금속', '데스크탑', '문구', '블레이드']"
사무용품,테이프,투명 테이프,,B0018ML7KG,"BAZIC 보이지 않는 테이프 디스펜서 포함 1.9 x 1270cm(3/4 x 500인치), 매트 마감 문구 테이프 롤, 예술 공예 사진 선물 포장용, (3/팩), 1팩",BAZIC Products,6911,6911,4.1,338.0,"매트 마감. 이 자체 접착 테이프는 보이지 않는 매트로 디자인되었으며 표면의 외관에 영향을 주지 않습니다. 쉽게 붙이고 찢을 수 있습니다. 부착하기 전에 접촉 표면을 깨끗하고 건조하게 유지하십시오. 일반적인 목적. 롤에서 부드럽게 떨어지며 쉽게 자를 수 있습니다. 펜, 연필 또는 마커로 쓰세요. 사진 안전. 지저분한 접착제의 완벽한 대안. 영구적인 종이 수선. ⭐ 범용 사이즈. 각 테이프 너비는 18mm(0.75인치)입니다. 2.5cm(1인치) 내부 코어는 대부분의 원형 및 사각형 책상 테이프 디스펜서에 적합합니다. BAZIC은 또한 무광택, 투명, 크리스탈 색상의 리필 테이프를 제공합니다. 다양한 활용성. 보이지 않는 / 매트 테이프는 사무실 종이 작업, 학교 프로젝트, 예술, 공예 디자인, 선물 포장, 사진, 카드, 리본, 상자, 밀봉, 포장, 라벨링, 코딩 등에 적합합니다. 빠르고 안전합니다. 무산성. 독소 접착제 대신 고정 테이프를 사용하여 어린이와 노인에게 안전을 제공합니다. 얇은 외관으로 아무것도 느껴지지 않습니다.",,"['테이프', '매트', '사진', '포장', '보이지', '종이', '선물', '안전', '예술', '외관']"
사무용품,테이프,투명 테이프,,B0CFKNJQDV,10피스 투명 양면 접착 패드 장착용 방수 6cm(2.37인치) 양면 스티커 초강력 헤비 듀티 세척 가능한 스티커 패치 벽 걸이식 나노 젤 DIY 공예 홈 오피스용,Medsuo,6911,6911,3.8,82.0,"당사의 사각형 양면 접착 패드는 잘 만들어졌으며 강한 접착력으로 물건을 장착하거나 걸 수 있는 편리하고 빠르고 쉬운 방법을 제공합니다. 투명한 색상은 사용 시 미묘하고 눈에 거슬리지 않는 외관을 보장합니다. 양면 접착 패드는 업그레이드된 아크릴 접착제와 PVC로 만들어져 매우 끈적거리고 방수 및 습기 방지 기능이 있으며 견고하고 내구성이 뛰어납니다. 사이즈: 6 x 6cm / 2.36 x 2.36인치. 두께: 0.75 밀리미터. 이 양면 장착 패드는 사용하기 쉽습니다. 뒷면 종이를 벗겨내고 깨끗하고 매끄러운 표면에 접착 패드를 붙이고 필요한 물건을 붙이면 잔여물을 남기지 않고 쉽게 제거할 수 있습니다. 이 양면 스티커는 다양한 시나리오에 적합합니다. 집을 정리하거나 사무실을 장식하거나 차에 물건을 수리할 때 사용할 수 있습니다. 유리, 금속, 플라스틱, 목재, 세라믹 타일, 대리석 등에 잘 맞습니다. 포장: 투명 아크릴 양면 스티커 패드 10개.",,"['양면', '패드', '접착', '스티커', '물건', '붙이', '아크릴', '투명', '방수']"
사무용품,테이프,투명 테이프,,B00006RSOY,"Scotch 탈착식 테이프, 1.3cm x 3.3cm(1/2인치 x 1.3인치), 1박스/팩, 포스트잇 기술 (811)",Scotch,8296,8296,4.4,542.0,"독특한 포스트잇 노트 접착 기술 종이에서 깨끗하게 제거됩니다 서류 레이아웃 및 임시 게시용 반복해서 붙이고 다시 고정시킵니다 무광 마감이 사라집니다. 펜, 연필 또는 마커로 쓰세요 건조하지 않습니다. 황변 없음 롤을 부드럽게 미끄러지며 쉽게 자를 수 있습니다","사무실 프로젝트가 변경됩니다. 업데이트. 진화. 변화가 발생하기 때문에 Scotch 탈착식 테이프를 대기하여 바로 사용할 수 있습니다. 탈착식 테이프는 종이를 제자리에 안전하게 고정하는 탈착식 3M 접착제가 특징입니다. 그러나 필요한 경우 종이를 쉽게 제거하고 재배치할 수 있으며 찢어지거나 찢어지지 않습니다. 눈에 띄지 않게 사용할 수 있으며 레이아웃, 임시 게시물에 아름답게 작동합니다. 펜, 연필 또는 마커로 독특한 매트 마감으로 글씨를 써보세요. 테이프는 롤에서 쉽게 미끄러지며 쉽게 자를 수 있습니다. 변경 후 변경 후 Scotch 탈착식 테이프를 사용하십시오./A matte finish tape features a unique adhesive that holds paper securely, yet is easy to remove or reposition. Great for layouts and temporary posting of papers. Pull off the roll smoothly and cut easily. Tape resists splitting and tearing. Removable tape can be written on with pen, pencil or marker. Photo-safe tape will not dry out or yellow.","['테이프', '탈착', '변경', '종이', '제거', '레이아웃', '독특하다', '연필', '임시', '롤']"
사무용품,테이프,투명 테이프,,B07PTX39D9,"보이지 않는 테이프 6개, 코어 1개, 3/4x1000, 12/PK, 투명 (BSN32953)",Business Source,81230,81230,4.1,25.0,,"보이지 않는 테이프 6개, 코어 1개, 3/4x1000, 12/PK, 투명 (BSN32953) ..","['투명', '테이프', '코어', '보이지']"
사무용품,테이프,투명 테이프,,B0C33VRC5W,"나노 테이프 버블 키트 양면 테이프 나노 테이프 키트 버블 블로잉 테이프 탄성 버블 DIY 공예 키트 파티 선물 용품 테이프 아동용 (컬러풀, 총 3.5cm x 7.9m(1.18인치 x 22.96피트))",Lenwen,13836,13836,3.6,39.0,"알림: 강한 접착제로 인해 아이들은 작동 시 다양한 어려움을 겪을 수 있습니다. 아이들이 충분히 인내심을 갖도록 안내하여 아이들의 실습 능력, 탐구 능력을 연습하고 집중력을 향상시키는 데 도움이 됩니다. 나노 테이프 버블 키트: 투명 나노 테이프 1롤, 핑크, 블루, 퍼플, 그린 색상의 나노 테이프 4롤, 멀티컬러 클레이 12개(다양한 색상 조합으로 제공), 가위 1개(다양한 색상으로 제공), 핀셋 1개, 캔디 피스 1개, 오각형 조각 1개, 폼 비즈 1개, 다양한 가방 3개가 제공됩니다. 1빨대 0개, 다양한 DIY 요구 사항을 충족하는 멋진 조합 세트. DIY 가능: 나노 테이프 버블 키트에는 비즈, 점토, 스팽글 등과 같은 다양한 액세서리가 장착되어 있습니다. 준비된 포켓 모양의 나노 테이프에 추가하고 날려서 자신만의 테이프 버블을 만들 수 있으며 점토를 붙이거나 붙여서 창의성과 상상력을 충분히 발휘할 수 있습니다. 주의: 점토가 끈적이지 않기 때문에 공에 점토를 붙일 때 접착제를 붙일 수 있습니다. 점토의 바닥의 점토 첫 번째 창의성 자극: 나노 테이프 버블 키트는 작은 가족과 함께 놀기에 이상적인 귀여운 버블을 만드는 데 사용할 수 있으며, 집중하고 스트레스를 완화하며 아이들의 창의력을 개발할 수 있습니다 다양한 상황에 적용 가능: 나노 버블 키트는 무게가 가볍고 휴대와 보관이 쉽고 집, 학교, 수업, 정원에서 반 친구 및 가족과 함께 놀기에 편리합니다",,"['테이프', '버블', '나노', '키트', '점토']"
사무용품,테이프,투명 테이프,,B077P1KNRM,"XFasten 양면 접착 테이프, 제거 가능, 10.2cm x 18m(4인치 x 20야드), 긁힘 방지 고양이 훈련 테이프, 카펫 고정 및 목공으로 이상적인 싱글 롤",XFasten,22146,22146,4.2,284.0,"내구성이 뛰어난 양면 테이프: 매끄럽고 거칠고 고르지 않은 표면에 부착됩니다. CNC 기계 목공, 기타 제작 및 단단한 접착력이 필요한 기타 산업 취미 활동에 적합합니다. 돈을 위해 최고의 가치를 갖고 싶은 취미에게 이상적입니다. 긁힘 방지 고양이 훈련 테이프, 카펫 고정 및 목공으로 이상적입니다 잔여물이 남지 않는 접착제와 지저분함 없는 설치 덕분에 평범한 미국 주택 소유자가 깔끔하고 전문가 수준의 응용 프로그램을 만들 수 있습니다. 제거 시 끈적한 잔여물을 남기지 않으며 표면 페인트 마감이 벗겨지지 않습니다. 양면 목공 테이프는 애완 동물 긁힘, 밀봉, 가벼운 수리 및 기타 접착 응용 프로그램으로부터 가죽 시트, 소파 및 가구를 표면 보호하는 데 이상적입니다. 이 양면 접착 테이프는 튼튼한 접착력을 제공하며 제거 및 표면 마감으로 안전하므로 강당, 교회, 회의실, 교실, 아파트 및 나중에 테이프를 제거해야 하는 기타 장소와 같은 임시 공간의 장식 행사에 이상적입니다. 말림, 불필요한 갈라짐 및 파쇄를 방지합니다. 롤에서 쉽게 꺼내고 자르고 설치할 수 있습니다. 관리가 가능하고 자외선, 열 및 습기에 강하므로 실내 및 실외 모두에서 만능 테이프로 사용할 수 있습니다. 또한 가정의 가구 및 기타 섬세한 표면에 이상적인 긁힘 방지 고양이 훈련 테이프입니다.",,"['테이프', '표면', '접착', '힘', '제거', '목공', '방지', '양면', '고양이', '훈련']"
사무용품,테이프,투명 테이프,,B07GCXQFMS,"Favourde 투명 테이프 클리어 테이프 1.9cm 테이프 리필 롤 사무실, 집, 학교 용 (32 롤)",favide,23378,23378,3.6,74.0,"【넓은 사용】: 이 제품은 사무실, 학교, 가정, 작업장 용도에 적합하며 종이 붙이기, 스틱 공예품, 선물 포장, 빛 및 작은 물품의 바인딩 등에 사용할 수 있습니다. 【재필하기 쉬움】: 플라스틱 샤프트의 투명한 테이프 직경은 1인치/25mm이며 대부분의 표준 스핀들 테이프 디스펜서에 맞으며 절단과 사용이 쉽습니다. 【우수한 품질】: 투명 테이프는 응용 요구 사항을 충족하면서 동시에 좋은 은폐를 특징으로합니다. 편지 보호, 봉투 밀봉, 문서 우편물, 찢어진 종이 또는 찢어진 페이지를 함께 테이핑하는 데 이상적입니다. 【적절한 사이즈】: 테이프 너비는 3/4인치/18mm이며 각 롤 테이프 길이는 1200인치/30.5m, 투명 색상입니다. 【얻을 수 있는 것】: 32팩의 투명 테이프를 포함하고 당신의 요구를 충족시킬 수 있습니다.","32팩 투명 테이프 투명 테이프, 각 롤 3/4 x 1200 인치 투명 테이프 롤 : 투명한 테이프는 용도의 요구를 충족하면서 동시에 좋은 은폐를 특징으로 합니다. 간편한 사용: 투명 테이프 롤은 표준 스핀들 테이프 디스펜서에 맞으며, 절단과 사용이 쉽습니다. 적합한 장면: 투명 테이프는 사무실, 학교, 집, 작업장 등에 부착할 수 있습니다. 최고의 선택입니다. 투명 테이프는 표준 스핀들 테이프 디스펜서에 맞습니다. 참고: 테이프 릴의 내부 직경은 2.5cm이므로, 내부 직경이 1인치/2.5cm보다 작은 스핀들 테이프 디스펜서를 사용하여 자르고 사용하기 쉽습니다. 사양: 폭: 3/4 inch/18 mm 길이: 1200 inch/30.5 m 색상: 투명 수량: 32팩 패키지 포함: 32 x 투명 테이프","['테이프', '투명', '롤', '스펜서', '스핀', '학교', '사무실', '요구', '충족', '직경']"
사무용품,테이프,투명 테이프,,B01BCPTU16,"Charles Leonard 투명 테이프, 1.3cm 너비 x 9.4m 길이, 2.5cm 코어, 12롤 (49712)",Charles Leonard,17866,17866,3.9,141.0,"테이프가 안전하게 부착되어 영구적인 수선에 이상적입니다 일반적인 사무실 응용 분야에 이상적입니다 황변 및 갈라짐 방지 고품질 다목적 테이프 너비 1.2 cm x 길이 3.2 cm (1/2 x 1205 인치), 코어 2.5 cm (1 인치), 롤 12개","Charles Leonard, Inc.는 60년의 헌신과 지속적인 노력을 바탕으로 2세대 가족 기업입니다. 저희는 품질과 가치와의 관계에 자부심을 가지고 있으며, 이는 첫날로 거슬러 올라갑니다. Charles Leonard 투명 테이프는 단단히 부착되어 영구적인 수선에 이상적입니다. 이 고품질 다목적 테이프는 황변 및 균열을 방지하고 일반 사무실 응용 분야에 적합합니다. 이 테이프는 너비 1.3cm(1/2인치) x 길이 3297cm(1290인치)이며 2.5cm(1인치) 코어가 특징입니다. 롤 12개.","['테이프', '롤', '코어', '황변', '방지', '부착', '사무실', '수선', '영구', '응용']"
사무용품,테이프,투명 테이프,,B007JE3ZSE,"Kikkerland 네온 인비저블 테이프, 6롤 세트 (ST18)",Kikkerland,18822,18822,3.8,115.0,"다채로운 테이프는 스크랩북, 선물 포장 또는 기타 종이 공예 프로젝트와 같은 창의적인 프로젝트에 적합합니다 Kikkerland의 표준 테이프 디스펜서 또는 미니 테이프 건과 함께 사용하세요 보이지 않는 테이프 6롤 세트 블루, 그린, 오렌지, 퍼플, 핑크 색상의 다양한 네온 색상 테이프 폭 1.9cm (3/4인치)","다채롭고 유용하며 재미있습니다! 다채로운 테이프는 스크랩북, 선물 포장 또는 기타 종이 공예 프로젝트와 같은 창의적인 프로젝트에 적합합니다. Kikkerland의 표준 테이프 디스펜서 또는 미니 테이프 건과 함께 사용하십시오. 6가지 다양한 네온 색상 세트. 테이프 폭 1.9cm (3/4인치)입니다.","['테이프', '프로젝트', '네온', '공예', '북', '표준', '포장', '창의', '종이', '롤']"
사무용품,테이프,투명 테이프,,B0CJLK5TGV,디스펜서 및 가위가 있는 투명 테이프 - 8팩 1.8 x 254.8cm(0.7 x 1000인치) 선물 포장 테이프 크리스마스 선물 장식 포장 테이프 사무실 학교 가정용 투명 테이프,Tafomega,19348,19348,4.7,31.0,"[다목적 테이프 롤 8개 세트] 이 세트에는 투명 테이프 롤 8개와 스테인리스 스틸 가위 1쌍이 포함되어 있습니다. 각 투명 테이프 롤은 1.8cm x 2540cm(0.75인치 x 1000인치)이며 공예, 문서 수리, 선물 포장 등에 적합합니다. [수정처럼 투명한 표면] 당사의 투명 테이프는 중요한 정보를 가리지 않는 매끄럽고 투명한 표면을 특징으로 하여 선명하고 방해받지 않는 시야를 보장합니다. [쉬운 필기 및 표시] 당사의 투명 테이프는 끈적거리고 찢어지지 않으며, 선물 테이프의 날카로운 날로 부드럽고 쉽게 찢을 수 있습니다. 이를 통해 읽기 쉬운 선물 포장 테이프를 보장하여 문서, 선물 및 패키지를 빠르게 처리할 수 있습니다. [스테인리스 스틸 가위] 패키지에는 정교하게 제작된 날과 인체 공학적으로 설계된 부드럽고 편안한 손잡이가 특징인 스테인리스 스틸 가위가 함께 제공됩니다. 다양한 재료를 쉽게 자를 수 있으며 장식 및 공예 프로젝트를 위한 훌륭한 보조 역할을 합니다. [시간 및 비용 절약] 저희 세트는 고품질의 저렴한 투명 테이프 벌크와 스테인리스 스틸 가위를 제공하여 시간과 비용을 모두 절약합니다. 선물 포장에 필요한 필수품의 최고 수준의 품질과 효과를 신뢰할 수 있습니다.",,"['테이프', '투명', '선물', '가위', '포장', '스테인리스', '스틸', '롤']"
사무용품,테이프,투명 테이프,,B0007LHJ88,"Scotch 테이프 양면 제거 가능, 1.3cm x 762cm(1/2인치 x 300인치), 1/팩, 탈착식 및 양면 (2002-CFT)",Scotch,13143,8988,4.0,493.0,"쉽게 벗겨낼 수 있는 라이너로 프로젝트를 더 빠르게 마무리하세요 탈착식 접착제로 물건을 제자리에 영구적으로 보관할 수 있습니다 투명한 마감으로 숨겨져 있고 사진을 안전하게 보관할 수 있어 추억을 보존합니다 롤 1개, 1.3cm x 762cm(1/2인치 x 300인치) 스크랩북, 학교 프로젝트, 포스터 보드, 홈 아트 프로젝트 등에 사용하기 좋습니다 다른 Scotch Brand Create 제품과 페어링하여 완벽한 스크랩북 솔루션을 만드세요","Scotch 양면 탈착식 테이프는 가정이나 학교 공예 및 미술 프로젝트를 위한 지저분해지지 않는 솔루션을 위한 훌륭한 선택입니다. 탈착식 접착제로 마음을 바꿀 수 있습니다. 간단히 붙이고 위치를 바꾸고 다시 붙이고 필요에 따라 제거하십시오. 쉽게 벗겨낼 수 있는 라이너로 완벽한 프로젝트를 만드는 데 더 많은 시간을 할애할 수 있습니다. 메모리 북, 학교 프로젝트 및 사진 안전 포뮬러로 사용하기 좋으며 소중한 추억을 보호합니다. 1.3cm(1/2인치) 롤 1개 포함. x 76.2cm(30인치). 다른 Scotch Brand Create 제품과 페어링하여 모든 프로젝트 요구 사항을 충족합니다.","['프로젝트', '탈착', '북', '학교', '양면', '추억', '사진', '솔루션', '스크랩', '완벽하다']"
사무용품,테이프,투명 테이프,,B0013AO2PA,"VELCRO Brand 얇은 투명 패스너, 가정 또는 사무실에 적합, 45.7cm x 1.9cm(18인치 x 3/4인치) 테이프",VELCRO Brand,5803,5803,4.2,206.0,"교사 및 학생을 위한 학용품 - 숙제 폴더에 클로저를 추가하고 카드 제작, 스크랩북 및 파티 선물과 같은 공예 프로젝트에 사용하십시오. 라벨을 고정하고, 물건을 책상에 고정하고, 포스터를 벽에 고정하십시오 다용도 - 가정, 상점, 차고, 교실 및 사무실 주변을 정리하는 데 이상적입니다. 표지판을 고정하고 조명 장식을 걸 수 있습니다. 플래너와 사진을 칸막이 벽에 부착하고, 선반에 가격표를 추가하세요 매끄러운 표면에 적합 - 얇은 투명 패스너는 대부분의 매끄러운 표면에 부착됩니다. 가정, 학교 또는 사무실에서 정리할 수 있는 강력한 접착제가 특징입니다. 바느질, 접착 또는 다림질이 필요하지 않습니다. 로우 프로파일, 투명하고 눈에 띄지 않아 어떤 장식과도 잘 어울립니다 강력하고 안전한 고정 - 벽, 유리, 타일, 플라스틱, 금속 및 목재에 쉽게 부착할 수 있는 오래 지속되는 접착력을 만듭니다. 일상적인 사용에 이상적입니다. 가능성은 무한합니다 길이 롤에 맞게 절단 - 표면을 청소하고 원하는 길이로 자르고, 보호 뒷면을 벗겨내고 표면에 단단히 누르기만 하면 됩니다. 접착 결합이 15분 동안 설정되어 최대 강도를 얻을 수 있습니다","VELCRO Brand 얇은 투명 패스너는 유리 또는 플라스틱 표면에 혼합되어 매끄러운 외관을 제공합니다. 색상 매칭이 필요하지 않으며 실내 및 실외 사용을 위해 방수 기능이 있습니다. 미니 사이즈 패스너는 카드 제작, 스크랩북 및 파티 선물과 같은 작은 종이 공예 작업에 편리한 크기입니다. 다른 후크 앤 루프 패스너보다 더 나은 성능과 내구성. 가정, 상점, 차고, 교실, 사무실 등을 정리할 수 있는 완벽한 도구!","['표면', '패스', '고정', '사무실', '가정', '접착', '얇다', '부착', '투명', '매끄럽다']"
사무용품,테이프,투명 테이프,,B005ZAHSN2,"Scotch 8102P3472 매직 테이프 리필, 1.9cm(3/4인치) x 6592cm(2592인치), 7.6cm(3인치) 코어, 2/팩",Scotch,29085,21398,4.7,61.0,"2개 팩으로 판매됩니다. 영구적인 종이 수선에 이상적입니다. 적용 시 보이지 않으며 사본에 표시되지 않습니다. 펜, 연필 또는 마커로 쓰세요. 롤을 부드럽게 당기고 쉽게 자를 수 있으며 매우 신뢰할 수 있습니다.","Scotch MagicTM 테이프는 사무실, 가정 및 학교에서 선호하는 테이프입니다. 부착시 보이지 않으며 사본에 보이지 않으므로 영구적인 종이 수리에 이상적인 테이프입니다. 펜, 연필 또는 마커로 쓸 수 있습니다. 테이프는 롤을 부드럽게 당기고 쉽게 자를 수 있으며 매우 신뢰할 수 있습니다. 사진에 안전합니다.","['테이프', '보이지', '사본', '펜', '롤', '종이', '영구', '연필', '신뢰', '부드럽다']"
사무용품,테이프,투명 테이프,,B0C56XHFDS,"아동용 나노 테이프 버블 키트, 단계별 비디오 튜토리얼, 나노 양면 접착 젤 그립 트레이스리스 테이프, 생일용 나노 매직 테이프 버블",,19376,19376,4.2,144.0,"【안전한 소재】: 이 키트의 나노 테이프는 무독성 소재로 만들어져 내구성이 뛰어나고 쉽게 깨지지 않으며 안전하고 무해하며 재미있는 가족 게임에 적합합니다. 【DIY 테이프】: 이 나노 테이프 버블 키트에는 다양한 스팽글과 작은 공이 포함되어 있어 취향에 따라 다양한 색상과 크기의 나노 테이프 버블을 만들 수 있습니다. 성인을 위한 훌륭한 선물 아이디어입니다. 【단계별 비디오 튜토리얼】나노 테이프 버블 작동은 간단합니다. ① 적절한 길이의 나노 테이프를 선택하고, ② 빨대를 넣고, ③ 좋아하는 필러(글리터, 스팽글 등)를 추가하세요. ), ④ 가장자리를 밀봉하고, ⑤ 보호 필름을 제거하십시오 ⑥ 헤어 드라이어로 1분 동안 가열하십시오. ⑦ 그런 다음 빨대나 팽창기로 거품을 날릴 수 있습니다. 【따뜻한 선물】다양한 기능: 재미있게 즐기기에 완벽합니다",,"['테이프', '나노', '버블', '키트', '선물', '빨대', '스팽글', '안전하다', '단계', '재미있다']"
사무용품,테이프,투명 테이프,,B07BYVYK1W,"Scotch 탈착식 패브릭 테이프, 1.9cm x 457.2cm(3/4인치 x 180인치), 1/팩, 탈착식 및 양면(FTR-1-CFT)",Scotch,10387,10387,4.4,4471.0,탈착식 및 양면 원단을 제자리에 고정하기 위해 완벽한 길이를 분배하세요 피부 및 원단 친화적 다림질이나 바느질이 필요하지 않습니다 사이즈: 1.9cm (3/4인치). x 180인치 팩당 롤 1개,"Scotch® 탈착식 패브릭 테이프는 원단을 안전하게 고정하면서도 쉽게 제거하거나 재배치할 수 있는 독특한 접착제가 특징입니다. 레이아웃과 공예에 적합합니다. 펜, 연필 또는 마커로 쓸 수 있으며 건조하거나 노랗게 변하지 않습니다. 테이프는 롤을 부드럽게 잡아당겨 쉽게 자를 수 있습니다. 이 롤은 1.9cm(3/4인치)입니다. x 457.2cm(180인치). 2.5cm(1인치) 코어. Scotch 탈착식 패브릭 테이프는 전 세계에서 공급되는 소재로 미국에서 제작되었습니다.","['탈착', '테이프', '브릭', '롤', '원단', '고정', '양면']"
사무용품,테이프,투명 테이프,,B08LKRJZPV,"LLPT 나노 테이프 양면 테이프 6.9 x 4.9m(2.36 x 16.5피트) 강력한 장착 테이프 튼튼한 젤 테이프 투명 흔적 세탁 가능, 홈 오피스 스토어 데코 카드 포스터 사진 벽용 (SN650)",LLPT,19376,19376,4.4,457.0,"LLPT 나노 테이프: LLPT 는 최신 기술을 사용하여 부틸 접착제로 젤을 처리하고, 수천 번 재사용 할 수 있으며, 마찰 계수를 줄여 빠른 결합, 투명, 신축성, 제거 가능, 세척 가능, 잔여물 없음, -50 ~ 220°C의 우수한 작동 범위, 알칼리 금속을 제외하고 실외에서도 사용할 수 있는 UV 안정화로 모든 재료에 대한 부식 저항성이 높고 수분 흡수가 적습니다. 습습환경 다양한 용도: LLPT 양면 나노 젤 테이프는 단기간에 3.9kg(8.5파운드), 4시간 후에 7.7kg(17파운드)를 담을 수 있도록 설계되었습니다. 유리, 금속, 대리석, 타일, 목재, 플라스틱 및 기타 매끄러운 표면에 안전합니다. 명판, 주소 명판, 표지판, 포스터, 사진 프레임, 의자 패드, 카펫을 바닥, 금속 우편함, LED 스트립, 거울, 옷걸이, 파워 스트립, 프로젝트 보드, 도구 정리함, 전시회 및 기타 사무실 가정 및 상점 데코에 일시적으로 고정하는 데 널리 사용됩니다. 세척 및 재사용 가능: 접착제가 기름, 먼지, 모래 또는 녹으로 더러워진 경우 테이프를 씻으십시오. 다음에 사용하기로 결정할 때 테이프가 완전히 건조되고 접착제 표면에 물이나 습기가 없는지 확인하십시오. 물티슈나 세제를 사용하지 말고 깨끗한 물로 씻어 내고 테이프를 자연 건조하게 두십시오. 접착제의 물과 습기는 초기 결합을 생성하는 동안 공기가 고착되어 결국 떨어질 수 있습니다. 쉬운 사용 및 잔여물 없음: LLPT 나노 테이프는 압력에 민감하며 모든 크기를 쉽게 자를 수 있습니다. 테이프의 전체 표면을 세게 눌러 먼저 물체에 테이프를 붙이면 경화 강도를 극대화하고 보호 필름을 제거한 다음 벽에 붙이고 최대한 세게 누릅니다. 대부분의 매끄러운 표면에서 테스트를 거쳤으며, 잔여물/지저분함이 없습니다. 페인트를 칠한 벽에 테이프를 사용하지 마십시오. 그렇지 않으면 그림이 손상될 수 있습니다. 고급 장착: LLPT 양면 나노 테이프로 최고의 편리함과 다양성을 경험하십시오. 최첨단 접착 기술로 설계된 이 테이프는 다양한 표면에 물건을 장착할 수 있는 안정적이고 지저분하지 않은 솔루션을 제공합니다. 벽과 타일부터 유리와 금속에 이르기까지 당사의 나노 테이프는 잔여물을 남기지 않고 제거 시 손상을 일으키지 않고 물건을 제자리에 안전하게 고정합니다. 집을 꾸미거나, 사무실을 정리하거나, DIY 프로젝트를 할 때 당사의 나노 테이프는 타의 추종을 불허하는 편리함을 제공합니다.",,"['테이프', '나노', '표면', '접착제', '금속', '양면', '벽', '제거']"
사무용품,테이프,투명 테이프,,B00QSEV18C,"3m 2157ss 3/4"" X 250"" 스카치® 투명 테이프 2개",Scotch,5526,5526,4.1,92.0,"0051141906676 , 00051141906676 , 00051141906676 , 00051141913759, 50051141913754, 700511413758","2롤, 3/4 인치 x 250 인치 (6.94 야드) 19 mm x 6,35 m 각각; 총: 500 인치 (13.8 야드) 12.7 m 스카치 투명 테이프는 클래식한 광택 마감 테이프입니다. 범용 포장, 밀봉 및 수선을 위한 훌륭한 가치. 바르면 투명하며 마르지 않습니다. ( 00051141906676 , 00051141906676 , 00051141906676 , 00051141913759 , 50051141913754, 70051419137119137137137137137137137758 )","['테이프', '투명', '스카치', '훌륭하다', '포장', '투명하다', '클래식', '수선', '범용', '밀봉']"
사무용품,테이프,투명 테이프,,B07F1X63CV,"Mr. Pen 테이프, 사무실 테이프, 3/4 x 1000 인치 10 롤",Mr. Pen,13642,8296,3.8,1656.0,"테이프(10롤): 롤 당 1000인치 X 3/4인치 작업 중 보이지 않음: 종이 또는 다른 표면에 보이지 않으며, 사본에 표시되지 않습니다 쉽게 찢어짐: 손으로 쉽게 찢어지거나 모든 표준 사무실 테이프 디스펜서에 사용할 수 있습니다 고품질: 테이프를 자를 때 절반으로 분리되지 않습니다 사무실, 가정 및 학교에서 사용하기에 이상적입니다",,"['테이프', '사무실', '롤', '보이지', '학교', '표준', '표시', '표면', '종이', '절반']"
사무용품,파일링 제품,다용도 정리함,,B0BWNLXKTV,"BLUE GINKGO 다용도 캐디 오거나이저 - 손잡이가 달린 쌓을 수 있는 플라스틱 캐디 | 책상, 메이크업, 기숙사 캐디, 교실 아트 오거나이저 (한국산) - 그린",BLUE GINKGO,26301,26301,4.6,1518.0,"한국산 - 고품질 플라스틱과 세련된 매트 마감으로 한국에서 디자인 및 제작되었습니다. 모조품은 허용하지 않습니다. 한국에서 제작되지 않았다면 정품이 아닙니다. 이동 보관 솔루션 - 쌓을 수 있는 보관 캐디는 컴팩트하고 휴대가 가능하며 다용도로 사용할 수 있습니다. 현대적인 미니멀리즘과 디테일이 있어 메이크업 캐디, 미술 용품 정리함, 책상 캐디 등으로 스타일을 희생하지 않으면서 삶에 더 많은 정리 기능을 제공하는 데 관심이 있는 사람들에게 훌륭한 선택입니다. 쌓을 수 있는 휴대용 - 이 보관 캐디는 쌓을 수 있어 공간을 크게 절약할 수 있습니다. 더 좋은 점은 탈착식 칸막이가 함께 제공되어 다양한 크기의 물건을 위한 공간을 만들 수 있습니다. 사려 깊은 작은 디테일로 큰 차이를 만듭니다. 또한, 용기에는 잡기 쉬운 컷아웃 손잡이가 있어 성인과 어린이가 필요할 때 쉽게 휴대하고 꺼낼 수 있습니다. 다용도 플라스틱 캐디 - 집과 작업 공간을 정리하고 깔끔하게 유지하세요. 미술 용품, 공예품, 메이크업, 욕실 필수품, 주방 또는 책상 용품을 정리하고 싶을 때 이 쌓을 수 있는 쓰레기통을 사용하면 모든 것을 쉽게 꺼낼 수 있도록 하면서 보관 공간을 극대화할 수 있습니다. 제품 사이즈 - 이 직사각형 캐디에는 탈착식 칸막이 1개가 있는 최대 5개의 칸이 있습니다. 치수는 너비 24.9 x 깊이 15.4 x 높이 15.4cm(9.8 x 6.1 x 6.칸막이를 제거하면 가장 작은 칸의 크기는 약 너비 7.6 x 깊이 5.4cm(3 x 2.9인치)이며 가장 큰 칸은 너비 24.4 x 7.4cm(9.5 x 2.9인치)입니다.",,"['공간', '정리', '보관', '칸', '책상', '메이크업', '다용도', '플라스틱', '휴대', '칸막이']"
사무용품,파일링 제품,다용도 정리함,,B093TLL36R,"Storex 2칸 대형 캐디 - 손잡이가 달린 다용도 교실 정리함, 블랙, 1팩 (00973A06C)",Storex,17035,17035,4.5,762.0,"2개의 큰 칸이 있는 분할 캐디 편안하게 잡을 수 있는 몰드 그립 핸들 공예 재료, 청소 용품 및 도구를 담을 수 있습니다 재미있고 밝은 색상은 STEM 색상 코딩에 적합합니다 식기 세척기 사용이 가능하여 세척 및 위생이 쉽습니다","이 대형 캐디에는 미술 용품, 세탁 액세서리 또는 편리하게 보관하는 데 필요한 모든 것을 보관할 수 있는 두 개의 큰 칸이 있습니다. 편안한 그립 핸들이 있으며 여러 가지 밝은 색상으로 제공됩니다. 식기세척기 사용이 가능합니다. 칸은 길이 29.9cm(11.53인치) x 너비 10.8cm(4.24인치) x 높이 8.9cm(3.5인치)입니다. 캐디 치수는 길이 33cm(13인치) x 너비 27.","['칸', '핸들', '편안하다', '대형', '세척', '가능하다', '정리', '분할', '공예', '교실']"
사무용품,파일링 제품,다용도 정리함,,B0CFYRCTSC,"손잡이가 달린 다용도 쌓을 수 있는 플라스틱 캐디 정리함 - 책상, 메이크업, 기숙사, 교실 미술 용품 및 보관에 이상적 - 사각형 모양 핑크",Flower River,17991,17991,4.4,35.0,"유선형 보관 솔루션 - 다용도 쌓을 수 있는 보관 캐디로 정리 게임을 업그레이드하세요. 현대적인 미니멀리스트 미학으로 디자인된 이 캐디는 청소 용품, 메이크업, 미술 재료, 책상 필수품 등을 포함한 다양한 요구 사항을 충족하는 완벽한 보관 솔루션 역할을 합니다 공간 절약형 쌓을 수 있는 디자인 - 저희 캐디는 쌓을 수 있어 실용적인 공간 절약 솔루션을 제공합니다. 게다가 탈착식 칸막이가 포함되어 있어 다양한 크기의 품목에 맞게 칸을 맞춤 설정할 수 있습니다. 이 사려 깊은 기능은 보관 옵션을 향상시킵니다. 잡기 쉬운 컷아웃 손잡이로 성인과 어린이 모두가 쉽게 휴대하고 사용할 수 있습니다 다용도 플라스틱 정리함 - 생활과 작업 공간을 깔끔하고 깔끔하게 유지하세요. 청소 용품, 미술 재료, 공예 용품, 화장품, 욕실 필수품, 주방 용품 또는 사무용품을 정리할 때 쌓을 수 있는 캐디는 쉽게 접근할 수 있도록 유지하면서 보관을 최적화할 수 있도록 도와줍니다 내구성 및 신뢰성 - 이 캐디는 모든 환경을 보완하는 매끄러운 매트 마감을 자랑합니다. 견고한 구조로 수명을 보장하며 청소가 간편합니다 제품 치수 - 당사의 사각 캐디는 탈착식 칸막이가 있는 최대 4개의 칸이 특징입니다. 치수는 너비 16.5 x 깊이 16.5 x 높이 14.9cm(6.5 x 6.5 x 5.칸막이를 제거하면 가장 작은 칸의 크기는 약 너비 7.6 x 깊이 7.6 cm(3 x 3 인치)이며 가장 큰 칸은 너비 15.2 x 깊이 7.6 cm(",,"['보관', '정리', '칸', '솔루션', '공간', '다용도', '칸막이', '깊이', '미술', '청소']"
사무용품,파일링 제품,다용도 정리함,,B0CQVFVHCF,"EOOUT 메시 지퍼 파우치 56개, 8가지 사이즈 방수 지퍼 백, 플라스틱 지퍼 파일 문서 폴더, 보드 게임 여행 보관, 학교 용품 및 가정 정리용으로 다목적, 블랙",EOOUT,21453,21453,4.7,5.0,"패키지 포함: 56피스 블랙 지퍼 오거나이저 백. B4 8개(39.6 x 28.4cm(15.6 x 11.2인치)), A4 8개(34.5 x 24.4cm(13.6 x 9.6인치), B5 8개(29.5 x 21.3cm(11.6 x 8.4인치), A5 6개(23.9 x 17.3cm(9.4 x 6.8인치)), B6 6개(19.8 x 14.2cm(7.8(17. 20.3 x 12.2cm(8 x 4.8인치), 지폐 6개(23.9 x 10.7cm(9.4 x 4.25인치), B8 6개(13.7 x 9.7 고품질 소재: 이 오거나이저 백은 강하고 부드러운 플라스틱 PVC로 만들어져 습기 방지 및 방수 기능이 있습니다. 강화된 패브릭 메시는 사용 시 추가적인 강도를 제공하며 쉽게 달라붙지 않습니다. 반투명 디자인: 반투명 메시의 적당한 투명도로 인해 이 메시 지퍼 파우치는 필요한 것을 빠르게 식별하고 찾을 수 있도록 도와주어 학교 및 사무용품을 정리하고 보호하는 데 이상적입니다. 다용도: 멀티 사이즈 메시 지퍼 보관 파우치는 문서, 세면 용품, 청구서, 영수증, 사진, 학용품 등에 사용할 수 있습니다. 이 지퍼 백은 모든 사람의 보관 요구 사항을 충족합니다. 일상 생활과 작업에 맞게 어수선함을 정리하는 데 도움이 됩니다. 부드럽고 튼튼한 지퍼: 이 메시 여행용 파우치는 튼튼한 멀티 컬러 패브릭 지퍼 클로저가 있어 소지품을 보호하기 위해 쉽게 열고 닫을 수 있습니다. 각 금속 지퍼에는 걸이용 고리로 사용할 수 있는 코드 루프가 함께 제공되어 바로 걸 수 있습니다.",,"['지퍼', '메시', '백', '파우치', '정리', '보관', '부드럽다', '보호', '학교', '방수']"
사무용품,파일링 제품,다용도 정리함,,B0D1XZZP9C,"Tiawudi 다용도 캐디 오거나이저, 손잡이가 달린 플라스틱 캐디, 문구류, 마커 및 연필용 쌓을 수 있는 책상 정리함, 사무용품 정리함, 기숙사 캐디",Tiawudi,16606,16606,,,"다용도 캐디: 저희 캐디 오거나이저는 책상 오거나이저, 문구 홀더, 클리닝 캐디, 욕실 캐디, 메이크업 캐디, 미술 및 공예 용품 보관 정리함으로 훌륭한 보관 솔루션입니다. 책상, 침실, 욕실, 세탁실, 주방, 공예실, 놀이방, 차고 등에서 널리 사용할 수 있습니다. 다용도 오거나이저로 가능성을 확장하세요. 완벽한 사이즈: 당사의 플라스틱 캐디에는 탈착식 칸막이 1개가 있는 최대 5개의 칸이 있습니다. 크기: 24.4cm x 16.5cm x 11.4cm. 다양한 용도에 적합합니다. 마커, 크레용, 청소 제품, 주방 도구, 의료 용품, 화장품, 로션, 예술 및 공예 공급 업체, 장난감 및 원단을 정리하는 데 도움이 됩니다. 탈착식 칸막이를 사용하면 다양한 용량으로 더 많은 사용을 만들 수 있습니다. 휴대용 및 쌓을 수 있음: 당사의 보관 정리함은 잡기 쉬운 손잡이가 있어 성인이나 어린 아이들이 필요할 때 휴대하고 꺼낼 수 있습니다. 보관함은 집이나 사무실의 공간 활용을 극대화하기 위해 다른 하나 위에 쌓을 수 있습니다. 고품질 구조: 내구성이 뛰어나고 단단한 플라스틱으로 제작되었습니다. 쉽게 부러지거나 구부러지지 않습니다. BPA 프리. 순한 비누와 물로 쉽게 세척할 수 있습니다. 평생 : 저희는 캐디 오거나이저의 품질에 대해 매우 확신하며 평생 을 제공합니다. 필요한 것이 있으면 저희에게 연락하십시오. 저희는 고객 만족을 위해 최선을 다하고 있습니다.","캐디 오거나이저를 사용하여 집 전체의 다양한 물건을 정리하세요. 크기: 24.4cm x 16.5cm x 11.4cm 집과 사무실의 모든 방에서 사용할 수 있습니다 - 공예실, 침실, 욕실, 주방, 사무실, 차고, 장난감 방 등에서 사용할 수 있습니다. 모든 것을 잡으세요. 휴대용 및 쌓을 수 있는 디자인 잡기 쉬운 손잡이로 성인이나 어린 아이들이 쉽게 휴대할 수 있습니다. 휴대용 디자인으로 가정과 사무실에서 공간을 크게 절약할 수 있습니다.","['정리', '휴대', '보관', '사무실', '손잡이', '집', '주방', '욕실', '책상', '플라스틱']"
사무용품,파일링 제품,다용도 정리함,,B0CGXQWFP7,"24.9cm(9.8인치) 직사각형 다용도 캐디 오거나이저, 손잡이가 달린 플라스틱 토트, 책상, 화장품, 교실용 쌓을 수 있는 보관 캐디(화이트)",ChenTeng,24916,24916,4.6,6.0,"지능형 보관: 쌓을 수 있는 보관 상자는 컴팩트하고 휴대가 가능하며 다용도로 사용할 수 있습니다. 추가 사무용품을 보관하기에 적합하며 개인 물품, 휴대폰, 무선 헤드폰 및 안경에도 매우 적합합니다. 현대적인 미니멀리스트 스타일과 디테일을 가지고 있어 가정이나 상업 직장에 적합합니다. 휴대성: 휴대가 간편한 내장 손잡이로 선반, 캐비닛 또는 옷장에서 쉽게 꺼낼 수 있습니다. 오픈 상단과 분리된 칸으로 내용물을 쉽게 볼 수 있으며 필요한 것을 빠르게 잡을 수 있어 가정이나 비즈니스 직장에 적합합니다. 다양성 및 소형: 이 바로 사용할 수 있는 보관 상자는 공간을 차지하지 않고 여러 겹으로 쌓을 수 있습니다. 침실, 세탁실, 주방, 공예실, 차고 및 기타 장소에서 사용해 보세요. 크기가 작아 기숙사, 어린이 방, RV, 캐빈 및 캠핑객에게 매우 적합합니다. 고품질 구조: 고강도 폴리스티렌으로 제작된 이 제품은 충격 강도가 높고 쉽게 부러지거나 구부러지지 않는 견고하고 단단한 플라스틱 소재입니다. 저희 제품에 만족하지 못하셨다면 저희에게 알려주시면 나머지는 저희가 처리해 드리겠습니다! 저희는 최고의 고객 서비스를 제공하기 위해 최선을 다하고 있습니다.",,"['보관', '휴대', '직장', '가정', '손잡이', '상자', '플라스틱', '다용도']"
사무용품,파일링 제품,다용도 정리함,,B0CQTXSZY6,"EOOUT 메시 지퍼 파우치 42개, 8가지 사이즈 방수 지퍼 백, 플라스틱 지퍼 파일 문서 폴더, 보드 게임 여행 보관, 학교 용품 및 가정 정리용으로 다목적, 블랙",EOOUT,13143,13143,4.4,10.0,"패키지 포함: 블랙 지퍼 오거나이저 백 42개. B4 5개(39.6 x 28.4cm(15.6 x 11.2인치)), A4 10개(34.5 x 24.4cm(13.6 x 9.6인치), B5 5개(29.9 x 17.3cm(9.4 x 6.8인치), B6 4개(19.8 x 14.2cm(7.8 x 5.6인치)), A 4개. 6 (17에서 60.8 x 12.2cm(0.3 x 4.8인치), 지폐 5개(23.9 x 10.7cm(9.4 x 4.25인치), B8 4개(13.7 x 9.7cm( 고품질 소재: 이 오거나이저 백은 강하고 부드러운 플라스틱 PVC로 만들어져 습기 방지 및 방수 기능이 있습니다. 강화된 패브릭 메시는 사용 시 추가적인 강도를 제공하며 쉽게 달라붙지 않습니다. 반투명 디자인: 반투명 메시의 적당한 투명도로 인해 이 메시 지퍼 파우치는 필요한 것을 빠르게 식별하고 찾을 수 있도록 도와주어 학교 및 사무용품을 정리하고 보호하는 데 적합합니다. 다용도: 멀티 사이즈 메시 지퍼 보관 파우치는 문서, 세면 용품, 청구서, 영수증, 사진, 학용품 등에 사용할 수 있습니다. 이 지퍼 백은 모든 사람의 보관 요구 사항을 충족합니다. 일상 생활과 작업에 맞게 어수선함을 정리하는 데 도움이 됩니다. 부드럽고 튼튼한 지퍼: 이 메시 여행용 파우치는 튼튼한 멀티 컬러 패브릭 지퍼 클로저가 있어 소지품을 보호하기 위해 쉽게 열고 닫을 수 있습니다. 각 금속 지퍼에는 걸이용 고리로 사용할 수 있는 코드 루프가 함께 제공되어 바로 걸 수 있습니다.",,"['지퍼', '메시', '백', '파우치', '정리', '보관', '방수', '여행', '멀티', '블랙']"
사무용품,파일링 제품,다용도 정리함,,B09QRF7NBF,"Storex 2칸 대형 공예 캐디 - 손잡이가 달린 다용도 교실 정리함, 블랙, 1팩 (00973C06C)",Storex,19625,19625,,,"2개의 큰 칸이 있는 분할 캐디 잡고 이동할 수 있는 몰드 컴포트 그립 핸들 공예 재료, 청소 용품 및 도구를 담을 수 재미있고 밝은 색상은 STEM 색상 코딩에 적합합니다 식기 세척기 사용이 가능하여 세척 및 위생이 쉽습니다","다용도 Storex 대형 캐디로 필요한 물품을 보관하세요. 가정, 사무실 또는 교실 주변에서 물건을 편리하게 분류하고 운반할 수 있도록 설계되었습니다. 이 용품 캐디에는 두 개의 분리된 칸과 운반 손잡이가 있어 다음 활동을 쉽게 정리할 수 있습니다. 두 개의 분리된 칸은 다양한 공예 재료, 청소 용품 또는 하드웨어를 보관하기에 적합합니다. 둥근 손잡이로 작은 손으로도 캐디를 제자리에 옮길 수 있습니다. 또한, 내구성이 뛰어난 플라스틱 소재는 완전히 세척 가능하며 식기 세척기 사용이 가능하여 세척과 위생이 쉽습니다. Storex 대형 캐디로 옷장에서 작업대로 물품을 빠르고 간단하게 가져갈 수 있습니다.","['세척', '칸', '손잡이', '공예', '대형', '가능하다', '분리', '청소', '보관', '정리']"
사무용품,파일링 제품,다용도 정리함,,B0D4HV1C19,"2/3단 서랍 오거나이저, 칸막이 스티커가 있는 확장 가능한 책상 오거나이저, 화장품 주얼리 도구 사무용품 보관을 위한 접이식 보관 트레이(1열 3단)",Handbanary,34611,34611,5.0,5.0,"【고품질 소재】확장 가능한 서랍 정리함은 무독성 및 BPA 프리 플라스틱으로 만들어져 안전하고 매우 견고하여 안심하고 사용할 수 있습니다! 【8개의 칸막이 포함】Handbanary 1열 3단 서랍 오거나이저는 8개의 칸막이가 함께 제공됩니다. 필요에 따라 칸막이를 쉽게 설치하거나 제거할 수 있으며 여러 개의 작은 단일 칸으로 나누고 서랍의 보관 공간을 최대화할 수 있습니다. 【고정 도구 포함】2/3단 서랍 오거나이저에는 4개의 접착 스티커가 장착되어 있어 서랍이나 조리대에 단단히 고정하여 미끄러지지 않도록 할 수 있습니다 (팁: 부드럽게 펼칠 수 있도록 크기를 측정하십시오). 【신축성 있는 메이크업 서랍 정리함】Handbanary 3단 서랍 정리함은 각 바닥에 신축성 있는 디자인이 특징입니다. 서랍 정리함을 꺼낸 후 천천히 위아래로 늘린 다음 왼쪽과 오른쪽 방향으로 펼칩니다. 양쪽의 고정 스트립이 실수로 제거된 경우 구멍을 정렬하고 부드럽게 다시 누르기만 하면 됩니다. 【다용도】책상 정리 트레이는 화장품, 주얼리, 도구 및 사무용품을 보관하기에 매우 적합하여 지저분한 서랍과 어수선한 조리대에 작별 인사를 할 수 있습니다. 【우수한 애프터 서비스】제품을 받은 후 질문이나 불만이 있으시면 언제든지 저희에게 연락하십시오! 가능한 한 빨리 완벽한 솔루션을 제공해 드리겠습니다.","Handbanary 2/3단 서랍 오거나이저, 칸막이 스티커가 있는 확장 가능한 책상 오거나이저, 화장품 주얼리 도구 사무용품 보관을 위한 접이식 보관 트레이(1열 3단)","['서랍', '보관', '칸막이', '정리', '가능하다', '도구', '오거나이저', '주얼리', '고정']"
사무용품,파일링 제품,다용도 정리함,,B09QRZTLR3,"Storex 2칸 대형 공예 캐디 - 손잡이가 달린 다용도 교실 정리함, 청록색, 1팩 (00959C06C)",Storex,24126,24126,,,"2개의 큰 칸이 있는 분할 캐디 잡고 이동할 수 있는 몰드 컴포트 그립 핸들 공예 재료, 청소 용품 및 도구를 담을 수 재미있고 밝은 색상은 STEM 색상 코딩에 적합합니다 식기 세척기 사용이 가능하여 세척 및 위생이 쉽습니다","다용도 Storex 대형 캐디로 필요한 물품을 보관하세요. 가정, 사무실 또는 교실 주변에서 물건을 편리하게 분류하고 운반할 수 있도록 설계되었습니다. 이 용품 캐디에는 두 개의 분리된 칸과 운반 손잡이가 있어 다음 활동을 쉽게 정리할 수 있습니다. 두 개의 분리된 칸은 다양한 공예 재료, 청소 용품 또는 하드웨어를 보관하기에 적합합니다. 둥근 손잡이로 작은 손으로도 캐디를 제자리에 옮길 수 있습니다. 또한, 내구성이 뛰어난 플라스틱 소재는 완전히 세척 가능하며 식기 세척기 사용이 가능하여 세척과 위생이 쉽습니다. Storex 대형 캐디로 옷장에서 작업대로 물품을 빠르고 간단하게 가져갈 수 있습니다.","['세척', '칸', '가능하다', '공예', '대형', '손잡이', '재료', '교실', '다용도', '물품']"
사무용품,파일링 제품,다용도 정리함,,B09BF9X1GR,세련된 책상 정리함 및 리모컨 홀더 블랙 - 다목적 보관함으로 작업 공간을 깔끔하게 정리하세요,SZYRL,31841,31841,4.4,73.0,"수지 다기능 수납 공간. 데스크탑 오거나이저는 연필, 펜, 리모컨, 안경, 가위, 손톱깎이 및 작은 물건을 책상에 보관할 수 있어 깔끔하고 깔끔하게 보관할 수 있습니다. 합리적인 공간 사용: 탈착식 칸막이로 공간을 더 잘 배치할 수 있어 물건을 카테고리별로 정리할 수 있습니다. 칸막이를 제거하면 더 큰 물건을 보관할 수 있으며 오거나이저는 더 많은 물건을 정리할 수 있도록 공간을 적게 차지합니다. 견고함과 내구성: 오거나이저는 튼튼하고 내구성이 뛰어난 레진으로 만들어졌으며 무게가 가벼워 넘어지지 않으며 쉽게 부서지지 않습니다. 간편한 세척: 데스크탑 오거나이저 정리함의 표면은 매끄럽고 가운데의 작은 칸막이는 제거 가능하여 정리함을 쉽게 청소할 수 있습니다. 완벽한 장식: 오거나이저의 표면은 광택이 나고 스타일리시하며, 마블링은 책상을 더욱 세련되고 다르게 보이게 합니다.",,"['정리', '공간', '물건', '깔끔하다', '칸막이', '책상', '리모컨', '데스크탑', '구성', '작다']"
사무용품,파일링 제품,다용도 정리함,,B0CLQRMMNH,"책상용 연필 펜 홀더, 슬롯 9개 360도 회전 책상 오거나이저, 데스크탑 보관 문구 용품 정리함, 사무실, 학교, 가정용 귀여운 연필 컵 냄비 (화이트)",Cayxenful,22146,19376,4.7,167.0,"【360° 회전 데스크탑 오거나이저】이 데스크탑 오거나이저는 왼쪽과 오른쪽으로 최대 360도 회전할 수 있습니다. 원하는 각도로 회전하여 원하는 물건을 쉽게 보관하거나 꺼낼 수 있으며, 문구 용품을 정리하고 쉽게 찾을 수 있어 생산성을 높일 수 있습니다 【완벽한 디자인 및 대용량】이 데스크탑 오거나이저는 다이아몬드 페이스 디자인과 9개의 대용량 개별 칸이 있어 모든 요구 사항을 충족합니다. 책상용 턴테이블 펜슬 홀더는 펜, 연필, 마커, 형광펜, 눈금자, 스테이플러, 플래시 드라이버, 지우개, 종이 클립, 가위, 레터 오프너 및 기타 많은 책상 위젯과 같은 데스크탑 문구류를 보관하기에 적합할 뿐만 아니라 메이크업 브러시, 매니큐어, 립스틱 및 기타 작은 개인 용품을 보관하기에 적합합니다 【다용도 데스크탑 오거나이저】이 데스크탑 오거나이저는 단순한 사무실 연필 홀더 그 이상입니다. 사무실, 가정, 학교, 교실, 거실, 침실, 화장대, 옷장 및 필요한 모든 곳에 적합합니다. 책상을 깨끗하고 깔끔하게 유지하는 데 도움이 됩니다 【프리미엄 소재】이 책상 캐디는 내구성이 뛰어난 ABS 플라스틱으로 제작되어 장기간 사용할 수 있도록 강도와 견고함을 보장합니다. 가정, 학교 또는 사무실에서 필요하든 이 연필 홀더는 항상 고객의 요구를 충족시킵니다 【완벽한 선물】이 데스크탑 정리함은 친구, 딸, 여자 친구, 아내, 크리스마스, 새해, 발렌타인 데이, 어머니의 날, 생일 및 기타 많은 휴일을 위한 선물입니다. 즐거운 쇼핑을 하시길 바랍니다. 제품에 문제가 있는 경우 즉시 이메일로 연락해 주시면 제 시간에 해결해 드리겠습니다.",,"['데스크탑', '책상', '연필', '홀더', '사무실', '회전', '보관', '정리', '가정', '학교']"
사무용품,파일링 제품,다용도 정리함,,B0D22PQRC4,"2피스 세트 플라스틱 책상 정리함, 슬롯 8개, 작은 물건을 위한 미니멀리스트 다목적 보관, 화이트 매트 표면",Generic,13822,13822,,,"우아하고 트렌디한 룩---이 오거나이저의 디자인 이데올로기는 삶에 대한 단순한 열망에서 비롯됩니다. 백설 공주와 고품질 플라스틱의 융합과 고급 매트 마감을 자랑하는 이 제품은 다양한 데스크탑 스타일에 완벽하게 통합되어 책상에서 멋진 스펙터클로 떠오릅니다. 보관을 위한 대용량 - 깊이 16.7cm(6.7인치) x 너비 9.1cm(3.6인치) x 높이 12.9cm(4.8인치), 2개 세트에는 총 8개의 슬롯이 있습니다. 넉넉한 내부 공간을 갖춘 이 정리함은 다양한 사무용품을 쉽게 보관할 수 있어 어수선한 책상을 정리하고 모든 것을 정돈된 상태로 만들 수 있습니다. 다양한 기능 파티션---오거나이저의 합리적인 파티션 디자인으로 카테고리별로 물건을 편리하게 보관하고 필요한 물건을 빠르게 찾을 수 있어 작업 효율성을 향상시킵니다. 높은 공간 사용률--오거나이저의 스마트한 디자인은 책상 공간을 최대한 활용하고 너무 많은 공간을 차지하지 않으며 더 많은 작업 공간을 만듭니다. 또한 크리스마스, 새해, 발렌타인 데이, 어머니의 날, 생일, 집들이, 결혼식 등과 같은 행사에 자녀, 친구, 아내에게 훌륭한 선물입니다. 편리한 세척---부드럽고 젖은 천으로 부드럽게 닦기만 하면 정리함의 청결과 위생을 쉽게 유지할 수 있습니다. 필요한 경우 비누와 따뜻한 물로 정리함을 청소하는 것이 훨씬 좋습니다.",,"['공간', '정리', '책상', '보관', '물건', '디자인', '편리하다', '부드럽다', '파티션', '작업']"
사무용품,파일링 제품,다용도 정리함,,B07VF6XDDM,"MyGift 화이트워시 마감의 3 슬롯 그레이 목재 리모컨 캐디, 미디어 보관 정리함",MyGift,24916,24916,4.7,515.0,"3개의 슬롯 소박한 나무 보관 캐디는 리모컨을 보관하기에 완벽한 **리모컨 미포함** 미디어 캐디로 디자인되었지만 사무용품을 정리하는 데에도 사용할 수 있습니다 책상, 커피 테이블 또는 카운터 표면에서 미디어 리모컨을 정리하기에 적합합니다 작은 10.2 x 15.2 cm(4 x 6인치)의 공간을 차지합니다. 책상이나 카운터 공간을 대략적인 치수: 7 H × 5.1 W × 6.6 L (인치)",,"['리모컨', '보관', '정리', '미디어', '공간', '카운터', '책상', '슬롯', '그레이', '나무']"
사무용품,파일링 제품,다용도 정리함,,B0D4KJCCSN,"책상용 연필 펜 홀더, 슬롯 9개 360도 회전 책상 오거나이저, 데스크탑 보관 문구 용품 정리함, 사무실 가정 및 미술 용품용 귀여운 연필 컵 냄비 (그레이)",MONGTINGLU,17991,17991,5.0,1.0,"【쉬운 접근을 위한 360도 회전】: 당사의 회전 책상 정리함은 360도 회전하도록 설계되어 어떤 각도에서도 모든 도구를 쉽게 사용할 수 있습니다. 부드럽게 회전하여 항상 정리되고 깔끔한 책상을 유지할 수 있습니다. 【9개의 개별 칸】: 당사의 펜 홀더는 다양한 크기와 높이의 9개의 개별 슬롯이 있어 다양한 물건을 수용할 수 있습니다. 펜, 연필, 자, 가위 및 기타 문구 용품을 분류하는 데 적합하며 지루한 검색이 필요하지 않습니다. 【고품질 소재 및 내구성】: 튼튼한 플라스틱으로 제작된 펜슬 홀더는 장기간 사용할 수 있습니다. 고품질 구조로 가정이나 사무실에서 일상적인 요구 사항을 처리할 수 있습니다. 【다용도】: 단순한 문구 홀더 그 이상입니다! 저희 정리함은 메이크업 브러시 홀더, 립스틱 및 매니큐어 캐디, 헤어 액세서리 보관함으로 사용할 수 있습니다. 집 구석 구석구석을 위한 만능 공간 절약입니다! 【현대적인 미학】: 매끄럽고 현대적인 디자인으로 다양한 색상으로 제공되는 저희 펜슬 홀더는 기능적일 뿐만 아니라 스타일리시합니다. 집, 사무실 또는 학교 장식을 보완할 수 있어 책상에 미니멀한 매력을 더합니다.",,"['홀더', '회전', '책상', '정리', '펜', '문구', '사무실', '연필', '펜슬', '보관']"
사무용품,파일링 제품,다용도 정리함,,B0CGHRF3T2,Gueevin 24피스 8가지 사이즈 메시 지퍼 파우치 백 방수 메시 지퍼 파우치 플라스틱 재사용 가능한 지퍼 백 다용도 정리함 연필 문서 파일 정리 여행 사무실 학교용 (라이트 퍼플),Gueevin,13836,13836,4.6,10.0,"다양한 사이즈: 24개의 지퍼 메시 백이 있으며, 8가지 사이즈로 제공됩니다. B4 (약 10.8 x 14.6 인치/27.5 x 37cm), A4 (약 9.5 x 13.2 인치/24 x 33.5 cm), B5 (약 11.2 x 7.9 인치). 및 28.5 A5 (약 6.7 x 9.1 인치/17 x 23cm), B6 (약 5.3 x 7.7 인치/13.5 x 19.5cm), A6 (약 4.5 x 7.1 인치/11.5 x 18cm), 지폐 크기 (약 4.1 x 18 cm). x 9.1 x 910.5 x 23 cm(10.5 x 23 cm), B8 (약 3.9 x 4.7 인치/10 x 12cm), 사이즈 당 3개 견고함 및 방수: 메시 지퍼 파우치 백은 견고하고 신뢰할 수 있는 PVC 소재로 만들어져 쉽게 깨지거나 변형되지 않고 오랫동안 사용할 수 있습니다. 방수 기능이 있어 물건을 안전하게 보관할 수 있으며 세탁을 통해 깨끗하게 만들 수 있지만 세탁기로 세탁할 수는 없습니다 편리한 사용: 방수 문서 파우치는 다양한 크기의 특징으로, 연필, 펜, 파일, 지폐, 문서, 종이 등과 같은 다양한 물건을 담을 수 있도록 다양한 크기를 선택할 수 있으며 사용하기 편리합니다 투명 사용: 메시 지퍼 파우치는 투명한 색상으로 제공되어 내부에 무엇이 있는지 쉽게 알 수 있습니다. 짧은 시간 안에 원하는 물건을 찾을 수 있으며 사용하기 편리한 시간과 에너지를 많이 소비하지 않습니다 지퍼 디자인: 메시 파우치는 지퍼 디자인으로 제공되어 가방을 쉽고 부드럽게 지퍼로 잠글 수 있으며 내부의 물건이 떨어지지 않습니다. 지퍼의 로프를 통해 가방을 걸 수 있으며 지퍼의 색상은 연보라색으로 섬세하고 귀엽습니다","특징: 사용 장소: 메시 지퍼 백은 실용적이며 가정, 사무실, 학교, 직장 등과 같은 많은 장소에 부착할 수 있어 사람들이 물건을 정돈된 상태로 보관할 수 있습니다. 적절한 선물: 지퍼 문서 파우치는 유용하며 대부분의 사람들이 사용하기에 적합하며 아버지, 직원, 학생, 교사 등을 위한 선물로 선택할 수 있습니다. 사양: 소재: PVC 지퍼 색상: 라이트 퍼플 사이즈: B4: 약 10.8 x 14.6인치/27.5 x 37cm A4: 약 9.5 x 13.2 인치/24 x 33.5 cm. B5: 약 11.2 x 7.9 인치/28.5 x 20 cm. A5: 약 6.7 x 9.1 인치/ 17 x 23 cm. B6: 약 5.3 x 7.7 인치/13.5 x 19.5 cm. A6: 약 4.5 x 7.1 인치/11.5 x 18 cm. 지폐: 약 4.1 x 9.1 인치/ 10.5 x 23 cm B8: 약 3.9 x 4.7 인치/ 10 x 12 cm. 패키지 구성: 지퍼 메시 백 24개(사이즈당 3개) 참고: 수동 측정, 사이즈에 약간의 오차가 있을 수 있습니다. 화면 디스플레이의 차이로 인해 색상이 약간 다를 수 있습니다.","['지퍼', '메시', '파우치', '백', '물건', '방수', '문서', '편리하다', '지폐']"
사무용품,파일링 제품,다용도 정리함,,B0CWXCL59W,"책상용 펜 홀더, 회전 연필 홀더, 책상 사무실 펜 정리용 컵 홀더, 블랙",Topwey,15221,15221,4.5,1516.0,"【독특한 디자인】: 이 귀여운 책상 액세서리는 360도 회전할 수 있어 더 유연하게 사용할 수 있습니다. 동시에, 저희는 실용성의 균형을 맞출 뿐만 아니라 디자인 감각을 더하는 외관을 위한 꽃무늬 디자인을 선택했습니다. 【7개의 수납 공간】: 이 사무용품 데스크탑 오거나이저에는 7개의 칸이 있습니다. 연필, 마커, 가위, 스티커 메모, 노트북, 종이 클립 등과 같은 다양한 높이의 칸을 통해 다양한 액세서리를 보관할 수 있습니다. 이 사무용품을 사용하면 작업 공간을 최대한 활용하고 더 깨끗하고 정돈된 공간을 얻을 수 있습니다. 【다기능】: 이 정리함은 사무실, 공부방 보관뿐만 아니라 메이크업 브러시와 같은 개인 작은 물건을 보관하기에 적합합니다. 책상을 깔끔하게 유지하고 더 효율적으로 만들 수 있습니다. 【고품질】: 이 연필 정리함의 주요 소재는 고품질 금속 메시로 만들어져 장기간 사용 후에도 변형되지 않습니다. 블랙 매트 래커링, 매끄러운 가장자리와 트림은 우아한 광택을 제공합니다. 【이상적인 선물】: 이 책상 정리함은 이상적인 선물입니다. 가족, 친구, 학생, 교사 또는 인생의 특별한 사람들을 위한 크리스마스 선물, 생일 선물, 기념일 선물로 사용할 수 있습니다.",,"['책상', '선물', '정리', '홀더', '디자인', '공간', '연필', '사무', '블랙', '회전']"
사무용품,파일링 제품,다용도 정리함,,B0D25983LK,"EOOUT 정리용 메시 지퍼 파우치 36개, A4 레터 사이즈 지퍼 보관 가방, 멀티컬러 플라스틱 파일 파우치 다용도 교실 정리 여행 보관 보드 게임 보관",EOOUT,26301,26273,,,"훌륭한 가성비 패키지: 6가지 색상의 메시 지퍼 파우치 36팩, 각 색상당 6개. 반투명 디자인과 다채로운 지퍼로 물건을 쉽게 식별할 수 있습니다. 훌륭한 PVC 소재: 메시 지퍼 파우치 백은 일반적으로 경량 PVC 소재로 만들어졌으며 가볍고 컴팩트하며 사용하지 않을 때 많은 공간을 차지하지 않습니다. 적합한 사이즈 디자인: 각 지퍼 백의 크기는 (33 x 23.5cm/13 x 9.3인치)이며, 메이크업 가방, 문서 오거나이저, 퍼즐, 기타 작은 물건을 위한 보드 게임 보관 솔루션으로 사용할 수 있습니다. 방수 및 강함: 방수 레이어로 코팅되어 실수로 지퍼 백에 물이나 기타 얼룩을 떨어뜨렸을 때 수건이나 비눗물을 사용하여 얼룩을 쉽게 제거할 수 있습니다. 다양한 용도: 다양한 색상을 사용하여 다양한 용도를 쉽게 구분할 수 있으므로 짧은 시간 안에 해당 파일을 쉽게 찾을 수 있습니다. 학교, 사무실, 퍼즐/게임 보관, 여행 필수품을 위한 훌륭한 선택이 될 것입니다.",,"['지퍼', '보관', '파우치', '훌륭하다', '메시', '정리', '게임', '디자인', '물건', '방수']"
사무용품,파일링 제품,다용도 정리함,,B097CLMVMY,"Storex 3칸 소형 캐디 - 손잡이가 달린 다용도 교실 정리함, 크림슨, 6팩 (00949A06C)",Storex,39209,39209,5.0,5.0,"1개의 대형 및 2개의 작은 칸이 있는 분할 캐디 잡고 이동할 수 있는 편안한 그립 핸들 크레용, 마커, 접착제 스틱 및 공예 용품을 담을 수 있습니다 재미있고 밝은 색상은 STEM 색상 코딩에 적합합니다 식기 세척기 사용이 가능하여 세척 및 위생이 쉽습니다","Storex 3칸 소형 캐디 - 손잡이가 있는 다용도 교실 정리함, 크림슨, 6팩 (00949A06C)","['칸', '크림슨', '교실', '정리', '다용도', '세척', '소형', '손잡이', '핸들', '스틱']"
사무용품,파일링 제품,다용도 정리함,,B0D3C5TQJP,메시 지퍼 파우치 백 A5 사이즈,YOPCDJ,17991,17991,4.7,617.0,"고품질 소재: YOPCDJ 메시 지퍼 파우치 백은 안전하고 무독성인 고품질 PVC 소재를 채택했으며, 방수 및 습기 방지 소재로 설계되었으며, 메시 백의 소재 구조는 찢어짐을 방지할 수 있습니다(그러나 지퍼는 절대 방수가 되지 않습니다). 투명 지퍼 메시 백의 지퍼는 더 나은 품질과 내구성을 위해 최적화되었습니다.",,"['지퍼', '메시', '파우치', '백의', '방수', '방지', '백', '구조', '무독', '성인']"
사무용품,파일링 제품,다용도 정리함,,B09TW1K35J,"블랙 메시 펜 홀더 - 다용도 메시 책상 정리함 대용량 사무용품, 스티커 노트 홀더 및 3칸 포함, 미끄럼 방지 매트 4개, 쉬운 보관, 학교, 가정에 적합",Yunqing,13019,13019,4.7,168.0,"✨고품질 소재: 고품질 와이어 소재로 만든 메시 펜슬 홀더는 매끄러운 표면, 내구성, 메시 디자인으로 보관된 물건을 명확하게 볼 수 있습니다. 블랙 메시 데스크탑 오거나이저는 보관된 물건을 쉽게 찾고 테이블을 깔끔하게 유지할 수 있습니다. ✨제품 사이즈: 다기능 연필 홀더의 크기는 20.1x10.4x9.9cm(7.9x4.1x3.9인치)입니다. 컴팩트한 데스크탑 보관 상자는 사용하기 쉽고 공간을 절약하며 책상 공간을 많이 차지하지 않습니다. 미끄럼 방지 바닥: 책상 바닥용 펜 홀더에는 펜 홀더를 테이블에 고정하고 테이블이 긁히는 것을 완벽하게 방지하는 4개의 미끄럼 방지 패드가 있습니다. 데스크탑 오거나이저 메시 할로우 디자인으로 보관 상자에 먼지가 쌓이지 않고 청소하기 쉽습니다. 공간 절약: 메시 금속 사무실 보관 상자는 연필, 마커, 스티커 메모 등과 같은 작은 물건을 쉽게 보관하고 정리할 수 있어 공간을 절약할 수 있습니다. 블랙 펜 홀더는 책상을 깔끔하고 깨끗하게 보이게 합니다. ✨다양한 용도: 책상용 펜 홀더는 부드러운 트림이 있는 심플하고 세련된 디자인으로 손에 긁히지 않으며 작은 물건을 보관할 수 있습니다. 책상 용품 정리 캐디는 가정, 사무실, 학교 등과 같은 모든 장소에 적합합니다.","메시 펜 홀더는 깔끔한 데스크톱을 제공합니다.//제품 이름: 메시 펜 홀더/소재: 철에서 와이어로 연결./색상: 블랙/제품 크기: 7.9x4.1x3.9인치 (길이x너비x높이)/패키지 크기: 21.1x10.9x10.9cm(길이x너비x높이)/무게: 183g/패키지 무게: 239g/패키지 포함: 메시 펜 홀더 1개, 미끄럼 방지 패드 4개.//특징:/✨1. 펜 홀더는 내구성이 뛰어난 철 메쉬로 페인트에서 쉽게 떨어지지 않습니다. 측면은 ""L"" 모양 구조로 설계되어 펜 홀더의 안정성을 향상시킵니다./✨2. 블랙 메시 데스크탑 오거나이저, 하단에는 미끄럼 방지 패드가 있어 안전하고 안정적이며 쉽게 미끄러지지 않으며 테이블 표면이 긁히는 것을 방지합니다.","['홀더', '메시', '펜', '보관', '방지', '책상', '블랙', '미끄럼', '데스크탑', '물건']"
사무용품,파일링 제품,다용도 정리함,,B0CQP9LYXC,"M&G 메시 펜 홀더 책상 정리함 연필 홀더, 책상용, 블랙, 3칸 금속 사무용품 정리함, 스티커 메모 홀더 포함, 학교 홈 오피스용",M&G,12451,12451,4.5,16.0,"책상용 메시 펜 홀더: 다용도 3칸 책상 정리함(18x9.9x9.7cm(7.1x3.9x3.8인치), 펜, 연필, 가위, 스티커 메모, 종이 클립 등을 보관하기에 적합합니다. 책상을 깔끔하게 정리하세요. 프리미엄 소재: 고품질 금속과 메쉬로 제작되어 내구성이 뛰어나고 견고하며 쉽게 변형되거나 부서지지 않습니다. 매끄러운 표면은 청소하기 쉽고 책상이나 기타 물건을 긁지 않습니다. 편리한 디자인: 펜 홀더에는 3개의 칸이 있어 다양한 유형의 문구류와 용품을 보관할 수 있습니다. 디자인은 간단하고 실용적이며 크기는 대부분의 책상에 적합합니다. 스티커 메모 홀더: 메시 펜 홀더에는 스티커 메모 홀더가 있어 중요한 알림, 할 일 목록 또는 전화 번호를 적어두기에 편리합니다. 다양한 용도: 이 펜 홀더는 사무실, 학교, 가정 및 기타 장소에 적합합니다. 책상을 정리하고, 문구류와 용품을 정리하고, 작업을 보다 효율적으로 만드는 데 도움이 됩니다.",,"['홀더', '책상', '펜', '정리', '스티커', '메모', '메시', '칸', '연필', '디자인']"
사무용품,파일링 제품,다용도 정리함,,B0CX18BDRF,"아크릴 펜 홀더, 책상용 360도 마커 오거나이저, 회전 책상 정리함 아크릴 크레용 정리함, 4칸 포함, 사무실 학교 가정용 미술 용품 보관 정리함, 투명",Mefirt,27686,27686,4.7,168.0,"️【360° 회전 디자인 펜 오거나이저】이 데스크탑 오거나이저는 360도 회전이 가능하여 원하는 것을 빠르고 쉽게 얻을 수 있습니다. Mefirt 아크릴 책상 오거나이저를 사용하면 모든 물건을 손이 닿는 곳에 보관할 수 있습니다. 360도 회전으로 물건을 찾을 때 시간을 절약하고 책상을 깔끔하게 정리할 수 있습니다. ️【책상용 4칸 펜 홀더】회전 책상 정리함 크기 직경: 13cm(5.1인치), 높이: 9cm(3.5인치). 이 아크릴 펜 홀더는 4개의 칸으로 나뉘어져 있으며, 다양한 유형의 펜, 크레용, 형광펜, 마커, 미술 용품 등을 다양한 섹션으로 분류할 수 있어 편리함이 크게 향상됩니다! 【견고한 소재 마커 오거나이저】이 스피닝 펜 홀더는 고품질의 내구성 있는 아크릴 소재로 제작되었습니다. 그리고 이 소재는 낙하 방지, 무취, 무미 아크릴 소재입니다. 많은 가을 테스트를 통과했습니다. 투명 아크릴은 완전히 투명한 시야로 원하는 것을 빠르게 얻을 수 있습니다. 심플한 디자인으로 모든 종류의 장소, 거실, 사무실, 공부, 교실 등에 적합합니다. 【다목적 책상 정리함】문구류를 잘 정리하세요. 아크릴 책상 정리함은 모든 종류의 연필, 사무용품, 화장품, 주얼리, 메이크업 브러시, 리모컨, 간식, 칫솔, 빗, 치약 등에 적합합니다. 가정, 사무실, 학교 등과 같은 대부분의 장소에 적합합니다. 수직 공간 사용을 극대화합니다! 조립이 필요하지 않습니다. 사무실 학교 문구 정리함, 메이크업 보관 정리함, 미술 용품 정리함 등으로 사용할 수 있습니다. 【 서비스】미술 용품 보관 정리함, 자신, 친구, 가족, 교사 또는 어린이를 위한 최고의 선물. 고객 만족 서비스를 제공합니다. 회전 펜 홀더에 대해 궁금한 점이 있으면 당사에 문의하십시오. 우리는 항상 당신을 위해 여기에 있을 것입니다.",,"['정리', '아크릴', '책상', '펜', '회전', '홀더', '사무실', '미술', '칸', '보관']"
사무용품,파일링 제품,다용도 정리함,,B0CGTXW59M,"플라스틱 보관 정리함 캐디 토트, 쌓을 수 있는 분할 바구니 통, 손잡이가 달린 아트 캐디 오거나이저, 사무실, 메이크업, 기숙사, 교실, 캐비닛 캐디 등을 위한 휴대용 정리함 캐디(화이트)",Baseca,27686,27686,5.0,5.0,"【샤워 필수품 정리】 Baseca 샤워 캐디로 샤워 액세서리를 깔끔하게 정리하세요. BPA와 같은 유해한 화학 물질이 없는 고품질의 내구성 있는 플라스틱으로 제작된 이 튼튼한 캐디는 무거운 물건을 쉽게 담을 수 있습니다. 세척이 쉬운 디자인으로 물과 비누만 있으면 빠르게 세척할 수 있습니다. 모든 욕실에 꼭 필요한 제품입니다. 【완벽한 사이즈 및 구성: 이 샤워 캐디는 길이 24.9cm(9.8인치), 너비 15.5cm(6.1인치), 높이 10.9cm(4.3인치)로 샤워 필수품을 위한 충분한 수납 공간을 제공합니다. 탈착식 칸막이가 함께 제공되어 칸을 맞춤 설정하고 필요에 따라 4그리드 또는 5그리드 오거나이저를 만들 수 있습니다. 【공간 절약형 디자인】 효율적인 샤워 캐디로 욕실의 어수선함과 작별 인사를 하세요. 지저분함을 줄이는 데 도움이 될 뿐만 아니라 목욕 제품을 쉽게 꺼낼 수 있습니다. 쌓을 수 있는 디자인으로 공간을 최대한 활용할 수 있어 샤워 필수품을 정리하기에 탁월한 선택입니다. 【편리함 및 휴대성: 이 샤워 캐디의 견고하고 넓은 손잡이 디자인은 편안한 그립감을 보장하여 휴대와 이동이 쉽습니다. 체육관에 가거나 여행할 때 이 휴대용 캐디는 완벽한 동반자입니다. 【다용도 보관 솔루션】 이 다기능 캐디는 샤워 제품에만 국한되지 않습니다. 청소 용품, 스프레이 병, 브러시, 청소용 천, 티슈, 샤워 젤, 샴푸, 타월, 화장품, 손 비누, 사무용품 등을 위한 이상적인 보관 솔루션입니다. 캐비닛, 옷장, 선반, 기숙사, 정원, 세탁실, 학교 및 사무실의 공간을 절약하는 데 도움이 됩니다.",,"['샤워', '정리', '휴대', '디자인', '공간', '필수품', '보관', '솔루션', '세척', '사무실']"
사무용품,파일링 제품,다용도 정리함,,B0CX8R14Q6,"4가지 색상 걸이식 컵 홀더, 다용도 롤링 카트 액세서리, 펜 홀더 컵 플라스틱 펜 홀더 걸이식 책상 정리함, 홈 데코 사무실, 주방용 (4가지 색상)",DODXIAOBEUL,19376,19376,,,"제품 크기 및 포장 수량: 걸이용 컵 홀더 4개와 금속 페그보드 후크 4개를 받게 됩니다. 각 컵 홀더의 상단 너비는 9.5cm(3.7인치), 상단 길이 11.7cm(4.6인치), 높이 11.7cm(4.7인치), 하단 너비 7cm(3.2.7인치), 하단 길이는 8cm(3.1인치)입니다. 자세한 치수는 치수 다이어그램을 참조하십시오. 소재: 이 걸이용 컵 홀더는 튼튼한 플라스틱 소재, 금속 페그보드 후크로 만들어졌습니다. 훌륭한 수공예품으로 오랫동안 사용할 수 있습니다. 네일 보드 후크와 페그 보드가 있는 걸이용 컵 홀더의 조합으로 사용할 수 있습니다. 걸이용 컵 홀더는 후크 디자인으로 롤링 카트와 함께 사용할 수 있습니다. 제품 특징: 걸이용 컵 홀더는 바닥에 구멍이 없습니다. 후크를 컵 홀더에 걸고 홀 플레이트에 설치하여 가장자리에 걸거나 사무실, 욕실 또는 주방에 걸기만 하면 됩니다. 세련된 디자인과 매끄러운 가장자리로 카트 또는 후크에 쉽게 걸 수 있습니다. 페그보드 통 및 페그 보드 후크: 사각형 페그보드 통 모양은 다양한 정리 작업에 더 유연합니다. 공구실에는 공예 미술 용품, 컬러 펜, 페인팅 브러시, 가위 및 도구부터 드릴 비트, 너트, 밀, 나사, 와셔, 볼트 액세서리 등과 같은 작은 액세서리 부품에 이르기까지 다양한 유형의 품목을 분류할 수 있습니다. 용도: 페그보드 연필 홀더, 벽걸이 주방 바구니, 공예 상자 정리함, 아동용 공예품 통, 사무실 정리함, 주방 서랍용 은식기 정리함, 캔들 홀더, 행잉 빈, 공예 용품 걸이 버킷, 벽 컵 정리함으로 사용할 수 있습니다. 또한 컵 홀더는 롤링 카트 액세서리로 사용할 수 있습니다. 발코니의 구멍 보드에 컵 홀더와 후크를 사용하여 화분을 키우거나 정리할 수도 있습니다. 꽃꽃","사양: 소재: 플라스틱, 금속. 색상: 화이트, 그레이, 블루, 핑크, 사이즈: 약 11.7 x 9.4 x 11.9 cm 패키지: 페그보드 통 4개, 페그보드 후크 4개. 이 보관함은 후크로 설치할 수 있습니다. 이 페그보드 컵 홀더는 창고, 주방, 사무실, 거실, 공예실, 욕실, 장난감 방 등과 같이 물건을 순서대로 보관해야 하는 대부분의 장소에 적합합니다. 참고: 수동 측정, 사이즈에 약간의 오차가 있을 수 있습니다. 화면 디스플레이의 차이로 인해 색상이 약간 다를 수 있습니다.","['홀더', '컵', '보드', '후크', '정리', '주방', '액세서리', '카트', '통', '사무실']"
사무용품,파일링 제품,다용도 정리함,,B09QRPJK9H,"Storex 2칸 대형 캐디 - 손잡이가 있는 다용도 교실 오거나이저, 노란색, 1팩 (00957C06C)",Storex,24126,24126,,,"2개의 큰 칸이 있는 분리된 캐디 이동 중에도 사용할 수 있는 몰드 컴포트 그립 핸들 공예품, 청소 용품 및 도구를 담을 수 있습니다 재미있고 밝은 색상은 STEM 색상 코딩에 적합합니다 식기 세척기 사용이 가능하여 세척 및 위생이 쉽습니다","다용도 Storex 대형 캐디로 필요한 물품을 보관하세요. 가정, 사무실 또는 교실 주변에서 물건을 편리하게 분류하고 운반할 수 있도록 설계되었습니다. 이 물품 보관함은 두 개의 분리된 칸과 운반 손잡이가 있어 다음 활동을 쉽게 정리할 수 있습니다. 두 개의 분리된 칸은 다양한 공예 자재, 청소 용품 또는 하드웨어를 보관하기에 적합합니다. 둥근 손잡이는 작은 손으로도 캐디를 제자리에서 제자리로 옮길 수 있습니다. 또한 내구성이 뛰어난 플라스틱 소재는 완전히 세척 가능하며 식기 세척기 사용이 가능하여 세척과 위생이 쉽습니다. Storex 대형 캐디로 옷장에서 작업대로 빠르고 간단하게 물품을 가져가세요.","['세척', '칸', '손잡이', '대형', '물품', '보관', '분리', '가능하다', '청소', '교실']"
사무용품,파일링 제품,다용도 정리함,,B0D1P2DHWG,"책상용 연필 펜 홀더, 슬롯 9개 360도 회전 책상 오거나이저, 데스크탑 보관 문구 용품 정리함, 사무실, 학교, 가정용 귀여운 연필 컵 냄비 (그레이)",WDTGJRIP,17991,17991,4.8,17.0,"【360° 회전 데스크탑 오거나이저】이 데스크탑 오거나이저는 왼쪽과 오른쪽으로 최대 360도 회전할 수 있습니다. 원하는 각도로 회전하여 원하는 물건을 쉽게 보관하거나 꺼낼 수 있으며, 문구 용품을 정리하고 쉽게 찾을 수 있어 생산성을 높일 수 있습니다 【완벽한 디자인 및 대용량】이 데스크탑 오거나이저는 다이아몬드 페이스 디자인과 9개의 대용량 개별 칸이 있어 모든 요구 사항을 충족합니다. 책상용 턴테이블 펜슬 홀더는 펜, 연필, 마커, 형광펜, 눈금자, 스테이플러, 플래시 드라이버, 지우개, 종이 클립, 가위, 레터 오프너 및 기타 많은 책상 위젯과 같은 데스크탑 문구류를 보관하기에 적합할 뿐만 아니라 메이크업 브러시, 매니큐어, 립스틱 및 기타 작은 개인 용품을 보관하기에 적합합니다 【다용도 데스크탑 오거나이저】이 데스크탑 오거나이저는 단순한 사무실 연필 홀더 그 이상입니다. 사무실, 가정, 학교, 교실, 거실, 침실, 화장대, 옷장 및 필요한 모든 곳에 적합합니다. 책상을 깨끗하고 깔끔하게 유지하는 데 도움이 됩니다 【프리미엄 소재】이 책상 캐디는 내구성이 뛰어난 ABS 플라스틱으로 제작되어 장기간 사용할 수 있도록 강도와 견고함을 보장합니다. 가정, 학교 또는 사무실에서 필요하든 이 연필 홀더는 항상 고객의 요구를 충족시킵니다 【완벽한 선물】이 데스크탑 정리함은 친구, 딸, 여자 친구, 아내, 크리스마스, 새해, 발렌타인 데이, 어머니의 날, 생일 및 기타 많은 휴일을 위한 선물입니다. 즐거운 쇼핑을 하시길 바랍니다. 제품에 문제가 있는 경우 즉시 이메일로 연락해 주시면 제 시간에 해결해 드리겠습니다.",,"['데스크탑', '책상', '연필', '사무실', '홀더', '보관', '회전', '가정', '정리', '학교']"
사무용품,파일링 제품,다용도 정리함,,B08XYPKBVF,"메시 책상 오거나이저, 데스크탑 사무용품 다기능 캐디 펜 홀더 문구류, 사무실, 가정, 학교, 교실용 6칸 및 서랍 1개 포함",Refand,17991,17991,4.6,1083.0,"공간 절약형 디자인: 책상 정리함에는 8개의 칸과 1개의 미니 서랍이 있습니다. 펜, 샤프너, 스테이플러, 가위, 눈금자, 접착제 스틱, 바인더 클립, 스티커 메모, 압정 및 핀과 같은 용품을 보관하는 데 사용할 수 있습니다. 모든 것이 제자리에 있는지 확인하고 공간을 더 깨끗하고 깔끔하게 만들 수 있도록 도와줍니다: 22.1 x 14 x 12.7cm(8.75 x 5.5 x 5인치). 내구성 있는 소재: Refand 메시 타원형 데스크탑 오거나이저는 내구성이 뛰어난 녹 방지 코팅이 된 고품질 금속으로 제작되었습니다. 둥근 모서리는 작업 공간 표면을 안전하게 유지하고 즐겁게 사용할 수 있습니다. 사무용품 캐디는 바닥에 4개의 미끄럼 방지 피드가 있어 책상이 긁히지 않도록 보호합니다. 어디서나 사용할 수 있는 책상 정리함: 메시 데스크탑 오거나이저는 가정, 사무실, 직장, 학교, 교실, 작업장, 스튜디오 등에 적합합니다. 책상, 학교 책상, 침실 옷장, 커피 테이블, 선반, 대학 기숙사 방, 거실에 적합합니다. 이 훌륭한 정리함은 필요한 곳 어디에나 적합합니다. 완벽한 선물: 독특한 디자인과 화려한 색상으로 보관 도구뿐만 아니라 장식품으로도 사용할 수 있어 칙칙한 사무실 환경에 밝은 색상을 선사합니다. 어린이, 가족, 친구 또는 비즈니스 파트너에게 완벽한 선물입니다. 사려 깊은 고객 만족: Refand 구매 전후에 전문적인 고객 서비스를 제공합니다. 귀하의 필요와 질문을 처리하기 위해 최선을 다할 것입니다. 고품질 메시 책상 정리함과 친절한 고객 서비스를 받으실 수 있습니다. 저희 사무실 정리함은 목록에 있는 거의 모든 사람에게 훌륭한 선물입니다.",,"['책상', '정리', '메시', '사무실', '학교', '선물', '공간', '데스크탑', '훌륭하다', '칸']"
사무용품,파일링 제품,다용도 정리함,,B0CVXR453S,"LETURE 회전식 사무실 책상 정리함 및 액세서리, 서랍 2개, 책상용 연필 펜 마커 홀더, 사무실 홈 아트 용품용 데스크탑 보관 정리함 및 액세서리 (화이트)",LETURE,17991,17991,3.8,5.0,"고품질 문구 정리함 - 데스크탑 오거나이저는 고품질의 두꺼운 친환경 무독성 ABS 소재로 만들어져 낙하 방지 기능이 있으며 쉽게 변형되지 않고 매끄럽고 거친 부분이 없습니다. 다용도 디자인 - 서랍 2개, 회전 펜 홀더 1개, 상단 선반 정리함 1개를 포함한 4개의 칸이 있는 책상 펜 오거나이저는 조립이 필요하지 않습니다. 사무용품을 정리할 수 있는 충분한 수납 공간이 있습니다. 대용량, 다기능으로 책상 액세서리와 문구류를 깨끗하고 깔끔하게 정리할 수 있습니다. 깔끔한 책상, 깔끔한 마음 - 이 책상 정리함을 사용하여 책상을 정리하고 집중력을 높이며 효율성을 높이고 일상적인 스트레스를 줄입니다. 정리된 책상은 정신 건강에도 좋습니다! 완벽한 사이즈 - 약 길이 x 너비 x 높이: 23cm × 14cm × 13cm / 9.1인치 × 5.11인치, 4칸, 가정, 학교 및 사무실에서 매일 사용하는 모든 작은 물건을 정리할 수 있는 충분한 수납 공간이 있습니다. 다기능: 이 귀엽고 현대적인 정리 상자에는 펜, 연필, 리모컨, 안경, 스티커 메모, 메이크업, 카드 등을 모두 담을 수 있습니다. 이 데스크탑 캐디를 사용하여 협탁, 침실용 탁자, 화장대 및 학교 책상을 정리할 수도 있습니다",,"['정리', '책상', '펜', '데스크탑', '사무실', '액세서리', '깔끔하다', '충분하다', '서랍', '회전']"
사무용품,파일링 제품,다용도 정리함,,B0D1XDG86L,"DALTACK 화이트보드용 마그네틱 펜슬 홀더 자석 선반, 3단 그리드 메시 마그네틱 펜 홀더, 냉장고용, 마그네틱 오거나이저 사물함 액세서리 정리함, 사무실용 골든 옐로우",DALTACK,19376,19376,4.6,621.0,"✔[매우 강력한 내장 자석] 이 사물함 정리함 뒷면에 있는 6개의 내장 자석은 슈퍼 자석으로 모든 자석 표면에 단단한 그립을 보장하고 미끄러짐을 방지합니다. ✔[간단하고 실용적] 이 자석 펜 홀더는 연필, 리모컨, 마커, 작은 노트북, 열쇠, 미니 거울 등과 같은 주방이나 사물함을 보관하고 정리하는 데 편리합니다. 공간을 크게 절약하고 물건을 잃어버릴 걱정 없이 주변을 깨끗하게 유지합니다. ✔[공간 절약] 자석 홀더는 냉장고, 칸막이 테이블, 학교 사물함 또는 가정용 보관 상자에 적합합니다. 냉장고, 사물함, 화이트보드 등에 붙일 수 있습니다. 많은 공간을 차지하지 않습니다. ✔[다기능 자석 냉장고 정리함] 이 자석 사물함 정리함은 다양한 시나리오를 위해 특별히 설계되었습니다. 자석 연필 홀더 컵, 자석 마커 홀더, 자석 학교 사물함 정리함 또는 자석 연필 홀더 바구니로 사용할 수 있습니다. 가정, 주방, 사무실, 직장, 학교, 레스토랑 등에 적합합니다. ✔[고품질 자석 보관 상자] 이 자석 바구니는 튼튼한 철망으로 만들어져 견고하고 가벼우며 쉽게 구부리거나 변형되지 않습니다.",,"['자석', '홀더', '사물함', '정리', '마그네틱', '냉장고', '공간', '연필', '보관', '학교']"
사무용품,파일링 제품,다용도 정리함,,B0CKXHMGPY,"책상 연필 펜 홀더, 5 슬롯 360° 회전 연필 펜 오거나이저, 책상용 (화이트)",suniya,12437,12437,4.4,29.0,"[360도 회전 디자인]: 이 회전 연필 홀더는 왼쪽과 오른쪽으로 최대 360도 회전할 수 있으며 끼지 않고 부드럽게 회전합니다. 접근하기 쉽고 어떤 각도에서도 쉽게 꺼낼 수 있어 모든 물건을 손이 닿는 곳에 보관할 수 있으며 문구 용품을 정리하고 쉽게 찾을 수 있으며 작업 효율성을 향상시킬 수 있습니다. [5개의 독립적인 구획 디자인]: 이 탁상용 연필 정리함은 다양한 요구 사항을 충족하기 위해 5개의 칸으로 나뉘어져 있습니다. 이 연필 홀더는 펜, 연필, 마커, 형광펜, 눈금자, 가위, 레터 오프너 및 기타 많은 책상 위젯과 같은 사무실 액세서리를 정리할 수 있는 문구류일 뿐만 아니라 메이크업 브러시, 립/아이 라이너, 글로스, 블러시, 헤어 액세서리, 네일을 보관할 수 있는 메이크업 브러시 홀더 컵으로도 사용할 수 있습니다. 폴폴란, 폴란, 깔끔한 공간을 제공합니다. [다용도 책상 정리함]: 이 책상 정리함은 사무실, 집, 욕실, 거실, 침실, 화장대, 옷장, 작업대 및 사무실, 문구류, 메이크업, 욕실 액세서리 및 조리대 등 모든 공간에 적합합니다. [현대적인 미적 디자인]: 클래식한 스타일로 회전하는 오거나이저에 다양한 룩을 제공하며, 스트라이프는 매끄럽고 세련된 디자인으로 사무실이나 홈 데코에 고급스러운 느낌을 줍니다. 고품질 ABS는 내구성이 뛰어나고 오래 지속되며 따뜻하고 귀여운 색상으로 매력을 더합니다. [안전한 쇼핑]: 이 책상 연필 홀더는 자신, 친구, 대학생, 사무실에 있는 사람 또는 인생의 특별한 사람에게 완벽한 선물입니다. 좋은 쇼핑 되시길 바랍니다. 제품에 문제가 있는 경우 즉시 이메일로 문의하시면 최대한 빨리 문제를 해결해 드리겠습니다.",,"['연필', '책상', '회전', '정리', '홀더', '사무실', '디자인', '펜', '액세서리', '메이크업']"
사무용품,파일링 제품,다용도 정리함,,B09LQPV8FY,Cosmos 원격 제어 스탠드 벽 마운트 휴대폰 홀더 탈착식 블록 벽 선반 휴대폰 충전 브래킷 홀더 다용도 보관 정리함 (투명 투명),Cosmos,24916,24916,4.5,49.0,"【다양한 용량 변경】 당사의 벽 마운트 홀더에는 3개의 그리드가 있어 다양한 종류의 리모컨, 휴대폰 및 키 등에 적합합니다. 또한 블록을 제거하고 태블릿, 메모장, 잡지 및 기타 큰 물건과 같은 모든 요구 사항에 맞게 너비를 탐색할 수 있습니다. 【내구성 있는 나사로 안전함】 간단한 양면 테이프로 휴대폰과 열쇠를 일주일 이상 고정할 수 있습니다. 설치를 위해 신뢰할 수 있는 나사 세트를 선택합니다. 휴대폰을 쉽게 잡고 찾을 수 있으며 더 이상 떨어지지 않습니다. 【간편한 휴대폰 충전】 하단에 3.8cm(1.5인치) 충전 구멍이 3개 있습니다. 대부분의 충전 케이블에 적합합니다. 휴대폰을 홀더에 넣고 동시에 충전할 수 있습니다. 침대 측면 벽 마운트, 거실 TV 리모컨 보관함으로 자주 사용됩니다. 【아크릴 소재】 특별히 매끄럽고 투명한 표면의 고급 아크릴 소재. 벽 마운트일 뿐만 아니라 벽에 현대적인 장식이 되어 내구성이 뛰어나고 깨끗합니다. 패키지에는 벽 마운트 홀더 1개와 나사 세트가 포함되어 있어 몇 단계로 설치할 수 있습니다. 【다양한 용도】 이 미끄럼 방지 벽 마운트 홀더는 침실, 욕실, 공부방, 거실 및 기타 장소에 붙일 수 있어 학교나 사무용품, 칫솔과 같은 대부분의 작은 물건을 담을 수 있습니다.","리모컨 스탠드 벽 마운트 휴대폰 홀더 탈착식 블록 벽 선반 휴대폰 충전 브래킷 홀더 다용도 보관 정리함/패키지 포함: 벽 마운트 홀더 1개와 나사 세트/사이즈: 24.1x11.4cm/3개의 그리드의 너비는 약 8.9cm(3.5인치), 8.3cm(3인치),/사용하기 편리한 아크릴 충전 휴대폰 스탠드 홀더는 적절한 크기와 세련된 외관을 가지고 있어 충전 중에 휴대폰에 안전한 보호 도크를 제공하도록 설계되었습니다.","['휴대폰', '벽', '홀더', '마운트', '충전', '나사', '아크릴', '블록', '리모컨', '스탠드']"
사무용품,파일링 제품,다용도 정리함,,B0D2B7VJ68,"16팩 메시 지퍼 파우치, 정리용 8가지 색상 방수 가방, 8가지 사이즈 투명 비닐 봉투 오거나이저, 다용도 여행 도구 장난감 교사 도구 상자 보관 홈 오피스 학교 용품",Egotellry,19459,19459,,,"포장 목록: 색상 지퍼 오거나이저 백 16개, B4 (38.1 x 27.9cm(15 x 11인치)) 2개, A4 (33.5 x 23.9cm(13.25 x 9.4인치), B5 29.5 x 21.1cm(11.6 x 8.3인치), A5 23.9 x 17.5cm(9.4 x 6.9인치), B6 2개 (19.6cm(7.75인치) x 14.0 x 2 x A6 (18.5 x 11.4 cm), 지폐 2개(23.9 x 10.9 cm), B8 (13 x 10.4 cm) 2개, 레드, 그린, 라이트 블루, 다크 블루, 퍼플, 블랙, 로즈, 오렌지 8가지 색상 지퍼 파우치 다양한 사이즈: 멀티 사이즈 메시 지퍼 보관 파우치는 펜, 지폐, 테이프 및 학용품에 사용할 수 있습니다. 일부 사이즈는 칫솔 메이크업 및 주얼리와 같은 여행 용품을 보관하는 데 사용할 수 있습니다. 일부는 장난감, DIY 도구 및 기저귀 가방 정리 파우치를 보관하는 데 사용할 수 있습니다. 다양한 색상으로 분류 및 보관을 더 잘 할 수 있습니다. 다용도 파일 백: 플라스틱 지퍼 백은 문서, 문구류, 화장품, 여행 용품, 부품 등을 보관하고 정리할 수 있습니다. 메이크업 아티스트와 사무실 근로자를 위한 최고의 선택입니다. 간편한 보관: 메시 지퍼 파우치 소재는 고품질 PVC로 만들어졌습니다. 메시 구조는 더 견고하고 쉽게 변형되거나 부서지지 않으며 방수 및 습기 방지 효과가 좋은 메시 지퍼 백은 문서를 잘 보호할 수 있습니다. 최고의 서비스 경험: 구매 과정에서 문제가 발생하면 제때 고객 서비스에 문의하십시오. 저희는 고객님과 최고의 서비스를 위한 최고의 솔루션을 제공할 것입니다.",,"['지퍼', '보관', '메시', '파우치', '백', '최고', '서비스', '도구', '여행', '정리']"
사무용품,파일링 제품,다용도 정리함,,B0D2WXRTH3,12팩 투명 지퍼 파우치 다용도 PVC 방수 파우치 투명 여행 가방 화장품 지갑 연필 정리용,,19376,19376,,,"다용도 파우치: 이 투명 지퍼 파우치는 파일, 수표, 영수증, 문서, 보드 게임 아이템, 펜, 지우개, 배지, 카드, 비즈, 열쇠, 화장품 및 기타 많은 사무용품과 같은 많은 물건을 보관할 수 있어 물건을 정리할 수 있습니다 다양한 용도: 이 투명 지퍼 파우치는 가정, 학교, 여행, 사무실 등에 적용할 수 있는 다양한 보관 시나리오가 있을 뿐만 아니라 사람, 사무실 근로자 및 기타 그룹에 다양하게 적용할 수 있습니다 투명한 디자인: 정리를 위한 지퍼 파우치의 투명한 질감은 물건을 찾고 보관하기에 편리할 뿐만 아니라 강력한 실용성과 단순하고 아름다운 스타일을 가지고 있으며 지퍼 디자인은 강한 잠금으로 물건을 가지고 다니기 편리합니다 신뢰할 수 있는 소재: 이 방수 지퍼 파우치는 신뢰할 수 있는 PVC 소재로 만들어졌으며 방수 및 세척이 쉽습니다. 부직포 랩은 더 강하고 신뢰할 수 있도록 설계되었으며, 지퍼는 물건을 깨끗하고 안전하게 유지하여 가방의 외관을 간단하고 넉넉하게 만듭니다 사이즈 및 수량: 지퍼가 달린 보관 파우치 세트는 4가지 사이즈로 구성되어 있습니다. 22 x 27cm/8 x 19.8인치, 19 x 29cm/7 x 11.5인치, 25.4 x 33cm/10 x 13인치, 31 x 46cm/12 x 18인치에는 3개의 가방이 있으며 큰 수납 공간이 있습니다. 수용량 용량 다양한 유형과 크기의 품목을 보관하세요","멋진 선물 포장: 12팩 4가지 사이즈 투명 지퍼 파우치 다용도 PVC 방수 파우치 투명 여행 가방 화장품 지갑 연필 정리용 신뢰할 수 있는 사용: 이 투명 지퍼 파우치는 파일, 수표, 영수증, 문서, 보드 게임 아이템, 펜, 지우개, 배지, 카드, 비즈, 열쇠, 화장품 및 기타 많은 사무용품과 같은 많은 물건을 보관하는 데 사용할 수 있어 물건을 정리할 수 있습니다. 사양: 소재: PVC 색상: 블랙 테두리 투명. 사이즈: 4 사이즈(22 x 27cm/8 x 19.8인치, 19 x 29cm/7 x 11.5인치, 25.4 x 33cm/10 x 13인치, 31 x 46cm/12 x 18인치) 패키지 구성: 투명 지퍼 파우치 12팩 참고: 수동 측정, 사이즈에 약간의 오차가 있을 수 있습니다. 화면 디스플레이의 차이로 인해 색상이 약간 다를 수 있습니다.","['파우치', '지퍼', '투명', '물건', '보관', '정리', '화장품', '방수', '신뢰', '가방']"
사무용품,파일링 제품,다용도 정리함,,B07BKNDVJM,OfficeGoods 실버 베이스가 있는 3단 쌓을 수 있는 아크릴 정리함 - 사무실 또는 가정용 기능적이고 우아한 책상 정리함 - 모든 작은 조각을 함께 보관하는 데 도움이 됩니다 - 실버/라운드,OfficeGoods,31841,31841,4.8,659.0,"OfficeGoods 장식용 아크릴 3단 오거나이저로 스타일리시하게 정리하세요. 책상을 정리할 수 있도록 설계된 매력적인 다목적 상자로 가정, 학교 또는 사무실 어디에서나 사용할 수 있습니다. 사탕, 주얼리, 화장품, 학용품 등을 위한 아름다운 보관함! 이 다목적 책상 정리함은 3단 정사각형 또는 원형 모양입니다. 원형 모양, 높이 15.2cm(6인치) x 너비 7cm(2.75인치), 사각형 모양, 치수 길이 7.6cm(3인치) x 너비 7.6cm(3인치) x 높이 14cm(5.5인치). 작업 환경은 생산성에 큰 영향을 미칩니다. OfficeGoods 책상에 아크릴 보관함으로 현대적인 장식을 돋보이게 하여 일하거나 공부할 때 영감을 줄 것입니다. 스타일과 내구성 모두를 위해 제작되었으며 작업 공간에 놀라운 아름다움을 선사합니다. 실버 또는 골드의 금속 바닥이 있습니다. 헤비 캐스트 광택 투명 아크릴로 제작되어 투명하고 매끄럽고 반짝이는 가장자리를 제공합니다. 제품이 흠집 없이 도착할 수 있도록 잘 포장되어 있습니다. 세련된 작은 책상 정리함을 좋아하신다면 OfficeGoods의 아크릴 가위, 스테이플러 등이 같은 스타일로 고성능을 제공합니다.",,"['정리', '책상', '아크릴', '보관', '실버', '목적', '장식', '사무실', '원형', '제작']"
사무용품,파일링 제품,다용도 정리함,,B0BW898V95,"책상용 펜 홀더, 책상 정리함 세트-3칸 메시 펜슬 홀더, 연필 펜 컵 및 종이 클립 홀더, 마커 공예용 책상 액세서리, 이상적인 사무실 학교 용품(3팩, 블랙)",Moonlik,13836,13836,4.8,19.0,"✔이 책상 정리함 세트에는 3개의 칸이 있는 펜 홀더 1개, 펜 컵 1개, 종이 클립 홀더 1개가 함께 제공됩니다. ✔산업용 메시 금속 소재로 제작된 이 책상 펜 홀더 캐디는 견고한 구조를 특징으로 하며, 블랙 스틸 와이어 구조로 우아하고 세련된 외관을 제공하며 평생 사용할 수 있도록 내구성이 뛰어납니다. ✔다목적 데스크탑 공급 캐디는 메모장, 펜, 연필, 형광펜, 스테이플러, 스티커 메모, 바인더, 샤프너, 가위, 눈금자, 종이 클립 등을 보관하고 정리할 수 있습니다. ✔교사, 학생, 사무실 근로자에게 적합합니다. 데스크톱 저장 공간을 만족시키고 깔끔한 데스크톱을 제공하며 사무실 효율성을 높일 수 있습니다. ✔책상 정리함 및 액세서리로 완벽한 조합으로 조립할 필요가 없습니다.",,"['펜', '홀더', '책상', '정리', '클립', '사무실', '종이', '컵', '연필', '칸']"
사무용품,파일링 제품,다용도 정리함,,B09PBKF12F,"8피스 투명 지퍼 파우치 필통 PVC 메이크업 파우치 봉투 폴더 보관 다목적 파우치 문서 파일 정리 가방, 사무용품 (화이트 테두리, 29.9 x 17.8cm(11.5 x 7인치))",Outus,29071,31841,4.6,341.0,"패키지 구성: 투명 지퍼 파우치 8개가 제공되며 각 지퍼 파우치는 적절한 크기로 제공됩니다. 충분한 수량으로 일상적인 사용 및 교체 요구 사항을 충족할 수 있으며 가족이나 친구들과 공유할 수 있습니다 신뢰할 수 있는 소재: 이 투명 펜슬 파우치는 신뢰할 수 있는 PVC 소재로 만들어졌으며 방수 및 세척이 쉽습니다. 부직포 랩은 더 강하고 신뢰할 수 있도록 설계되었으며, 지퍼는 물건을 깨끗하고 안전하게 유지하여 가방의 외관을 간단하고 넉넉하게 만듭니다 투명한 디자인: 투명 파우치는 투명한 디자인으로 가방의 내용물을 쉽게 검색하고 식별할 수 있으므로 백팩과 여행 가방에 다양한 물건을 쉽게 분류하고 보관할 수 있어 필요한 것을 빠르게 얻을 수 있습니다. 매일 사용하기에 편리합니다 다용도: 이 투명 지퍼 파우치는 현금, 수표, 영수증, 보드 게임 아이템, 펜, 지우개, 배지, 카드, 비즈, 열쇠, 화장품 및 기타 많은 사무실 및 학용품과 같은 많은 물건을 보관하는 데 사용할 수 있습니다 다양한 용도: 지퍼가 달린 PVC 투명 파우치는 보관 요구 사항을 위해 설계되었으며, 중요한 문서, 장비, 작은 책, 열쇠고리 등을 보관하기에 적합합니다. 또한 이 폴더 보관 파우치는 친구, 친척, 동료, 반 친구, 이웃, 교사, 학생 등을 위한 선물로 제공되어 사랑을 보여주고 관계를 개선할 수 있습니다",,"['파우치', '지퍼', '투명', '보관', '가방', '물건', '친구', '신뢰', '디자인', '문서']"
사무용품,파일링 제품,다용도 정리함,,B08BX6MLM7,"Pipishell 책상 정리함 메시 데스크탑 사무용품 다기능 캐디 펜 홀더 문구류, 가정, 학교, 교실용 8칸 및 서랍 1개 포함",Pipishell,20761,20761,4.7,2348.0,"금속 Imported 어디서나 책상 정리함: 메시 데스크탑 오거나이저는 가정, 사무실, 직장, 학교, 교실, 작업장, 스튜디오 등에 적합합니다. 데스크탑, 학교 책상, 침실 옷장, 커피 테이블, 선반, 대학 기숙사 방, 거실에 적합합니다. 이 훌륭한 정리함은 필요한 곳 어디에나 적합합니다. 다목적 데스크탑 캐디: 사무용품을 위한 이상적인 책상 보관; 작은 문구용품, 끈적한 메모장에 적합합니다. 가위, 테이프, 스테이플러, 플래시 드라이브, 지우개, 고무 밴드, 화이트아웃, 눈금자, 펜, 연필, 종이 클립, 압정, 형광펜, 마커, 접착제; 예술 및 공예 용품, 페인트브러시, 가정용 도구 보관; 독서 안경, 화장품, 메이크업, 주얼리, 립스틱, 셀을 보관할 수 있습니다. 전화전화전화전화전화전화 고품질 책상 정리함: Pipishell 메시 타원형 데스크탑 오거나이저는 내구성이 뛰어난 녹 방지 코팅이 된 고품질 금속으로 제작되었습니다. 둥근 모서리는 작업 공간 표면을 안전하게 유지하고 즐겁게 사용할 수 있습니다. 사무용품 캐디는 바닥에 4개의 미끄럼 방지 피드가 있어 책상이 긁히지 않도록 보호합니다. 책상 보관을 위한 간단한 솔루션: 메시 사무실 정리함에는 8개의 여러 칸과 1개의 슬라이딩 서랍이 있어 분류 및 보관이 가능합니다. 이 메시 책상 오거나이저는 탁상용 물건을 치울 수 있는 기회를 제공하며 사무실 물건을 쉽게 보관할 수 있습니다. 다기능 데스크탑 오거나이저 크기: 21.8 x 10.9 x 10.4cm. 사려 깊은 고객 만족: Pipishell 구매 전후에 전문적인 고객 서비스를 제공합니다. 귀하의 필요와 질문을 처리하기 위해 최선을 다할 것입니다. 고품질 메시 책상 정리함과 친절한 고객 서비스를 받으실 수 있습니다. 저희 사무실 정리함은 목록에 있는 거의 모든 사람에게 훌륭한 선물입니다.",,"['책상', '정리', '데스크탑', '전화', '메시', '사무실', '보관', '펜', '사무', '학교']"
사무용품,파일링 제품,다용도 정리함,,B09LYJBHKR,GAMENOTE 회전 미술 용품 보관 정리함 - Lazy Susan 사무실 학교 용품 어린이 책상 정리함 및 보관용 홈스쿨 용품 공예 캐디 교실 정리 (스몰),GAMENOTE,30456,30456,4.8,1574.0,"360° 스핀 베이스: 이 캐디 오거나이저를 돌리면 물건을 보관하거나 꺼낼 수 있습니다. 교실, 아트 센터, 사무실 또는 놀이방을 깔끔하게 유지하는 데 적합합니다 탈착식 용기: 공예품 중앙 크기는 19.3 x 19.3 x 12.7cm(7.6 x 7.6 x 5인치)이며 작은 크기는 어린이 책상과 더 잘 어울립니다. 7개의 컵을 모두 꺼낼 수 있으며 독특한 그루브 디자인으로 회전할 때 컵을 제자리에 고정합니다. 연필, 크레용, 스티커 메모, 가위, 화이트보드 마커 등을 보관하기에 좋습니다 잡기 쉽고 미끄럼 방지 바닥: 각 용기에는 잡기 쉬운 손잡이가 있어 회전하고 멈출 수 있습니다. 하단의 부드러운 고무 탭은 표면이 긁히지 않도록 보호하고 책상에서 미끄러지는 것을 방지합니다 튼튼한 구조: 당사의 예술 및 공예 보관 센터는 튼튼한 플라스틱으로 만들어졌습니다. 고품질 소재와 둥근 디자인으로 자녀에게 적합합니다. 유치원, 초등학교, 고등학교 교사를 위한 훌륭한 사무용품 선물 선택: 선물 포장 상자와 함께 제공됩니다. 저희는 모든 제품을 최고 품질 표준에 따라 디자인합니다. 자녀가 영감을 받지 못하면 고객의 요구를 더 잘 충족시킬 수 있도록 도와드리겠습니다",,"['보관', '정리', '책상', '회전', '디자인', '센터', '잡기', '용기', '방지', '컵']"
사무용품,파일링 제품,다용도 정리함,,B0BKZD4XWP,"다기능 펜 홀더, 책상용 펜 오거나이저, 5칸 책상 오거나이저, 학교 홈 오피스 미술 용품을 위한 보관 랙, 선생님, 반 친구 및 친구를 위한 선물 (화이트)",kaileyouxiangongsi,13836,13836,3.9,11.0,"다용도 책상 정리: 이 데스크탑 캐디는 펜 홀더와 서랍의 조합을 제공하여 작은 물건을 보관할 수 있는 다기능입니다. 세 개의 투명 서랍으로 내용물을 선명하게 볼 수 있습니다. 견인 부품으로 나누어진 펜 홀더를 사용하면 다양한 물건을 보다 효율적으로 정리할 수 있습니다. 책상 용품 세트는 어디에나 적합합니다: 책상 용품 정리함은 가정, 사무실, 직장, 학교, 교실에 적합합니다. 책상, 학교 책상, 침실 옷장, 커피 테이블, 선반, 거실에 적합합니다. 이 훌륭한 정리함은 필요한 곳 어디에나 적합합니다. 소재: 문구 보관 상자는 환경 친화적이고 무독성 ABS 소재를 사용하여 해를 끼치지 않습니다. 오랫동안 사용할 수 있을 만큼 강하고 견고합니다 다용도 데스크탑 오거나이저: 교실을 위해 특별히 설계되었으며 학교 문구류를 잘 정리할 수 있습니다. 100% 자신있게 구매하세요: 사려 깊은 디자인으로 걱정 없이 사고 팔 수 있습니다. 구매 및 사용 과정에서 질문이 있으시면 언제든지 저희에게 연락하십시오. 24시간 이내에 귀하의 우려 사항에 답변해 드리겠습니다","선물을 주는 것은 세상에서 아름다운 것입니다. 사람들 사이의 정서적 의사 소통을 위한 이상적인 매체입니다. 창문을 여는 동안 하트를 통해 화려한 햇살처럼 아름다운 선물을 받는 순간. 왜 저희 회전 오거나이저를 선택해야 할까요? 책상 용품 정리함은 가정, 사무실, 직장, 학교, 교실에 적합합니다. 책상, 학교 책상, 침실 옷장, 커피 테이블, 선반, 거실에 적합합니다. 이 훌륭한 정리함은 필요한 곳 어디에나 적합합니다. 문구 보관 상자는 환경 친화적이고 무독성 ABS 소재를 사용하여 해를 끼치지 않습니다. 제품 및 패키지 제품 파라미터 색상: 화이트 소재: ABS 재질 제품 크기: 4.7 x 3.9 x 4.7 인치","['책상', '정리', '학교', '펜', '홀더', '교실', '오거나이저', '보관', '선물']"
사무용품,파일링 제품,다용도 정리함,,B0C382CQYR,"Storex Modern-Series 소형 캐디 - 손잡이가 있는 다용도 교실 정리함, 블루, 6팩 (01058U06C)",Storex,27727,27727,,,"수납공간 3개(대형 1개, 소형 2개) 편안한 그립 손잡이 대형 수납 공간 내부 치수는 길이 20.3cm(8인치) x 너비 8.9cm(3.5인치) x 깊이 9.5cm(3.75인치)입니다 작은 수납 공간 내부 치수는 길이 8.9cm(3.5인치) x 너비 8.9cm(3.5인치) x 9.5cm(3.75 휴대용 사용을 위한 필수 용품을 정리하세요","소모품을 분류하여 쉽게 사용하고 보관할 수 있습니다. 캐디에는 3개의 칸이 있습니다(대형 1개, 소형 2개). 둥근 손잡이에는 날카로운 모서리가 없습니다. 완전 세척 및 식기세척기 사용 가능. 옷장에서 작업대로 물품을 빠르고 간단하게 가져갈 수 있습니다.","['수납', '공간', '소형', '손잡이', '내부', '정리', '대형', '모서리', '둥글다', '휴대']"
사무용품,파일링 제품,다용도 정리함,,B0CPTW4NWP,"360° 회전 사각 가죽 펜/연필 홀더, 나이트 스탠드 TV 리모컨 캐디, 미디어, 컨트롤러, 휴대폰, 안경 보관 상자용 4칸 데스크탑 고정 정리함",Arniche,17575,17575,5.0,1.0,"완벽한 사이즈: 적당한 사이즈, 길이 14.5cm(5.7인치), 너비 14.5cm(5.7인치), 높이 14.5cm(5.7인치)의 이 다목적 정리함은 커피 테이블, 주방 카운터, 침실 침실용 스탠드, 책상 또는 집과 사무실 어디에나 쉽게 넣을 수 있습니다. 적합한 디자인: 당사의 리모컨 보관함은 360° 회전 베이스가 있어 소파, 안락의자, 테이블 또는 집 주변 어디에서나 물건을 쉽게 넣거나 가져갈 수 있습니다. 4칸 책상 정리함은 리모컨, 사무용품, 미디어 액세서리, 소형 전자 장치 등을 보관하는 데 사용할 수 있습니다. 튼튼하고 견고한 홀더: 고품질 PU 가죽으로 제작되었습니다. 튼튼한 MDF 구조, 훌륭한 수제 장인 정신. 미끄럼 방지 및 방수, 간편한 세척. 어디에나 적합: 테이블, 화장실, 식당, 거실, 공부방, 침실, 나이트 스탠드 및 사무실 용도로 널리 사용할 수 있습니다. 홈 오피스 정리, 침대 옆 테이블, 커피 테이블, 책상, 화장대 위의 메이크업 보관, 기숙사 책상 정리에 적합합니다. 좋아하는 선물: 이 책상 정리함은 누구나 쉽게 사용할 수 있는 훌륭한 선물입니다. 패셔너블할 뿐만 아니라 실용적입니다.","완벽한 사이즈: 적합한 사이즈, 길이 14.5cm(5.7인치), 너비 14.5cm(5.7인치), 높이 14.5cm(5.7인치)입니다. 이 다목적 정리함은 커피 테이블, 주방 카운터, 침실 침실용 스탠드에 쉽게 맞습니다. 책상 또는 집과 사무실 어디에서나 공간을 많이 차지하지 않습니다. 적합한 디자인: 당사의 리모컨 보관함은 360° 회전 베이스가 있어 물건을 쉽게 넣거나 꺼낼 수 있습니다. 소파, 안락의자, 테이블 또는 집 주변 어디에나 사용할 수 있습니다. 4칸 책상 정리함은 리모컨, 사무용품, 미디어 액세서리, 소형 전자 장치 등을 보관하는 데 사용할 수 있습니다. 강력하고 견고한 홀더: 고품질 PU 가죽으로 제작되었습니다. 튼튼한 MDF 구조, 훌륭한 수제 장인 정신. 미끄럼 방지 및 방수, 간편한 세척. 어디에나 적합: 테이블, 화장실, 식당, 거실, 공부방, 침실, 나이트 스탠드 및 사무실 용도로 널리 사용할 수 있습니다. 홈 오피스 정리에 적합합니다. 침대 옆 테이블, 커피 테이블, 책상, 화장대 위의 메이크업 보관함, 기숙사 책상 정리. 가장 좋아하는 선물: 이 책상 정리함은 누구나 쉽게 사용할 수 있는 훌륭한 선물입니다. 패셔너블할 뿐만 아니라 실용적입니다.","['정리', '테이블', '책상', '보관', '침실', '리모컨', '스탠드', '훌륭하다', '선물', '사무실']"
사무용품,파일링 제품,다용도 정리함,,B0CNXR6DHQ,"핑크 사무용품 세트 메시 책상 정리함 액세서리 키트, 스테이플러 테이프 디스펜서 스테이플 리무버 클립 눈금자 가위 스티커 메모 포함, 사무실 학교 가정 및 여성용 (핑크)",Fayoo,37381,37381,4.5,47.0,"패키지 구성: 책상 정리함 1개 + 연필 홀더 1개, 스테이플러 1개, 24/6 스테이플 1000개, 가위 1개, 클립 세트 1개(종이 클립 30개, 대형 바인더 7개, 소형 바인더 15개, 압정 20개, 직선 눈금자 1개, 테이프 디스펜서 1개, 테이프 디스펜서 1개, 테이프 2개 롤 2개를 포함한 유니폼 핑크 사무용품 세트가 제공됩니다. 1 볼 펜 *2개, 스테이플러 리무버 1개, 스티커 메모 1개, 스티커 인덱스 탭 1개로 다양한 사무실 요구 사항을 충족합니다. 고품질 소재: 당사의 금속 메시 책상 정리함 세트는 튼튼한 금속 소재로 만들어졌으며 스티커 메모는 종이로 만들어졌습니다. 전체 문구 세트는 귀엽고 세련된 외관을 가지고 있습니다. 쉽게 바래지 않고 매끄럽고 마모에 강하며 세척이 쉽습니다. 테마 색상 디자인: 이 학용품은 보라색과 분홍색으로 밝고 아름다우며 여성과 소녀에게 적합합니다. 시각적 즐거움을 높입니다. 균일한 색상 모양 디자인으로 책상을 더 깔끔하고 편안하게 보이게 합니다. 다목적 책상 액세서리: 이 귀여운 책상 스테이플러 액세서리는 작업이나 공부 책상을 장식하고 영감을 주는 환경을 조성합니다. 식탁을 장식하거나 사무용품 정리함, 화장품 케이스, 주방 용품 정리함 등으로 사용할 수도 있습니다. 다양한 용도: 동료, 친구 및 가족을 위한 선물로 적합합니다. 학생 및 공무원이 문서를 다룰 수 있습니다. 생일 선물, 명절 선물 또는 새해 선물로 바탕 화면에 놓을 수도 있습니다.",,"['책상', '정리', '스티커', '스테이플러', '선물', '테이프', '액세서리', '스펜서', '클립', '사무']"
사무용품,파일링 제품,다용도 정리함,,B088RC7Y5Q,"펜 오거나이저, 연필 홀더, 다기능 문구 책상 정리함 메이크업 립스틱 보관함, 사무실, 학교, 가정 용품 4개 세트, 16칸",PeoTRIOL,22146,22146,3.9,280.0,"깔끔하고 깨끗함 - 분리된 칸은 펜, 연필, 마커, 크레용 및 종이 클립, 고무 밴드, 푸시 핀 및 스티커 노트 패드와 같은 일부 물건을 더 잘 정리하여 깔끔하고 깨끗한 책상을 제공합니다. BPA 프리 소재 - PP 플라스틱으로 제작되었지만 걱정할 필요는 없습니다. 특이한 냄새 없이 무해합니다. 자녀와 가족에게 무해합니다. 반투명 화이트 색상은 바래지 않습니다. 다양한 용도 - 데스크탑 문구류를 보관하는 데 사용할 뿐만 아니라 메이크업 브러시, 매니큐어, 립스틱, 칫솔 및 기타 작은 개인 용품을 보관하는 데에도 사용됩니다. 선생님, 학생, 청소년 및 어린이에게 이상적입니다. 훌륭한 공간 절약 - 공간 사용을 최소화하기 위해 수평 또는 수직으로 놓을 수 있습니다. 펜, 연필 또는 기타 학교 또는 개인 용품을 쉽게 정리할 수 있습니다. 풀아웃 서랍 및 책상 트레이에도 맞습니다 ♥ PeoTRIOL ♥ - 저희는 PeoTRIOL 을 따르며, 오랜 시간 만족을 보장하기 위해 저희 스토어에서 구입하신 책상 정리함에 대해 30일 환불 보장과 1년 을 제공합니다.",,"['정리', '책상', '연필', '보관', '펜', '칸', '립스틱', '메이크업', '깔끔하다', '깨끗하다']"
사무용품,파일링 제품,다용도 정리함,,B0BY2K3CTF,"투명 아크릴 연필 펜 홀더 컵, 대용량 펜 컵 오거나이저, 다용도 투명 메이크업 브러시 홀더, 홈 오피스 책상용 문구 정리함",HomeSoGood,12451,12451,,,"이 탁상용 투명 펜 홀더는 재사용 가능한 플라스틱으로 만들어져 가볍고 내구성이 뛰어나며 쉽게 손상되지 않으며 수명이 길고 투명한 표면 디자인입니다. 아크릴 펜 홀더는 사무실, 메이크업 도구 보관, 데스크탑 잡화, 문구 보관, 주방과 욕실의 일상 필수품 등에 적합합니다. 아름답고 넉넉합니다. 이 데스크탑 메이크업 브러시 홀더의 크기는 21.1 x 8 x 8cm(8.3 x 3.15 x 3.15 인치)이며 대용량 사각형 디자인은 더 많은 메이크업 브러시를 보관하고 다양한 길이의 문구류를 학습하는 요구 사항을 충족할 수 있습니다. 표면의 투명한 디자인은 패셔너블하여 상자 내부를 확인하고 필요한 물건을 빠르게 찾을 수 있으며 사용하기 더 편리합니다. 이 다기능 데스크탑 보관 랙은 연인, 가족, 학생, 동료, 친구 등을 위한 선물로 사용할 수 있습니다. 데스크톱 분류용. 아이들이 좋아할 것이라고 믿습니다.","스타일: 사변형/색상: 투명/사이즈: 8.3*3.15*3.15""/소재: 재사용 가능한 플라스틱./참신하고 스타일리시하며 투명한 커버 디자인으로 매일 사용하기에 매우 적합합니다./사무실, 메이크업 도구 보관, 탁상용 잡화, 문구 보관, 주방과 욕실의 일상 필수품 등에 적합하며 아름답고 넉넉합니다./포장 포함: 문구 보관 상자 1개/참고:/1. 수동 측정으로 인해 2-3% 오차가 있을 수 있습니다./2. 조명과 화면으로 인해 약간의 색상 차이가 있을 수 있습니다.","['보관', '홀더', '메이크업', '펜', '디자인', '문구', '투명', '데스크탑', '브러시', '투명하다']"
사무용품,파일링 제품,다용도 정리함,,B08VPFB5G3,"Amazon Basics 메시 책상 사무실 오거나이저, 블랙, 23.5 x 11.5 x 10cm(9.25 x 4.5 x 3.9",Amazon Basics,24874,24874,4.7,10551.0,"펜 홀더, 풀아웃 서랍 및 기타 수납 공간이 있는 데스크탑 오거나이저 사무실, 작업 공간, 비즈니스 및 가정에서 사용하기에 이상적입니다 내구성이 뛰어난 상업용 등급 강철 구조 세련된 메시 표면으로 공기 흐름을 촉진하고 먼지가 쌓이는 것을 방지합니다 긁힘 및 흠집 방지 파우더 코팅 마감",Amazon Basics 메시 책상 사무실 정리함/Amazon Basics,"['메시', '사무실', '공간', '방지', '오거나이저', '책상', '먼지', '블랙']"
사무용품,파일링 제품,다용도 정리함,,B0BL7JX675,"MeCids Art Supply 보관 및 정리함 - 사무실, 교실용 책상용 360° 스피닝 펜 홀더 및 연필/마커 오거나이저 캐디 - 어린이 공예 용품 정리 및 보관 - 휴대폰 스탠드",MeCids,40151,31841,4.7,199.0,"360° 부드러운 회전 베이스 - 회전하는 레이지 수잔 베이스로 원하는 곳에 쉽게 닿을 수 있습니다. 스피닝 마커 오거나이저는 아이들을 위한 학교 및 미술 용품을 쉽게 꺼낼 수 있습니다. 하나의 작은 공간에 사무용품을 정리하는 데 많은 도움이 됩니다. 더 편리한 7개의 탈착식 통 - 이 마커 오거나이저에는 물건을 정리할 수 있는 7개의 탈착식 칸이 있습니다. 중앙 구멍을 잊지 마세요! 이 탈착식 칸은 다양한 영역에서 작업해야 할 때 더 쉽게 사용할 수 있습니다. 아이들이 교실에서 이 탈착식 쓰레기통과 미술 용품을 공유한다고 상상해보세요. 휴대폰 스탠드 - 펜 홀더뿐만 아니라 이 미술 용품 정리함이 편리한 휴대폰 홀더라고 생각하십니까? 각 탈착식 통의 컷아웃은 휴대폰을 보관하는 데 사용할 수 있습니다 다목적 책상 정리함 - 미술 용품, 가정, 교실에서 아이들을 위한 학용품을 정리하는 데 사용할 수 있으며 사무실 및 홈 오피스에도 적합합니다 오래 사용할 수 있는 내구성 있는 소재 - 이 연필 정리함은 내구성이 뛰어나고 가벼운 ABS 플라스틱으로 제조되어 시간이 지나도 쉽게 갈라지거나 노랗거나 변색되지 않습니다. 치수 25.4 x 25.4 x 10.2cm(10 x 10 x 4인치)",,"['정리', '탈착', '휴대폰', '미술', '교실', '홀더', '보관', '구성', '베이스', '사무실']"
사무용품,파일링 제품,다용도 정리함,,B08ZWDZ2PC,"사무실 책상 정리함 및 액세서리 - 슬라이딩 서랍이 있는 6칸 블랙 메시 사무실 정리함, 펜, 연필, 메모장, 스테이플러, 지폐, 종이 클립 보관을 위한 데스크탑 오거나이저 캐디",Dasher Products,26301,26301,4.7,94.0,"다기능 책상 정리함 - 집이나 직장에 깨끗하고 현대적인 느낌을 줄 수 있는 6개의 칸이 함께 제공됩니다. 뒷면의 넓은 홀더에는 지폐, 편지 및 우편물을 보관할 수 있습니다. 펜, 연필, 눈금자를 위한 수직 홀더. 스티커 메모나 메모 패드를 위한 큐브와 핀, 종이 클립 또는 기타 액세서리를 위한 슬라이드 아웃 서랍. 현대적인 디자인 - 현대적이고 우아한 블랙 메시 구조로 어떤 장식과도 잘 어울립니다. 이 사무실 문구 캐디는 다용도로 사용할 수 있으며 집이나 사무실의 모든 공간에 추가할 수 있습니다. 제품 크기: 너비 22cm x 깊이 14cm x 높이 12.7cm 책상 정리 - 이 귀여운 책상 보관 세트로 더 이상 어수선하지 마세요. 책상을 정리하고 문구류와 액세서리를 정리하는 데 필요한 모든 수납 공간이 함께 제공됩니다. 가정이나 사무실에 적합 - 아름답고 현대적인 마감의 튼튼한 금속 메시로 제작되었습니다. 선생님, 동료, 휴일, 크리스마스, 학교, 학생 등을 위한 세련된 선물입니다. 견고한 포장 - 각 조각은 긁힘을 방지하기 위해 플라스틱으로 감싸져 있으며 추가 보호를 위해 아름답게 디자인된 상자에 포장됩니다.",,"['정리', '책상', '사무실', '현대', '액세서리', '메시', '블랙', '공간', '지폐', '아름답다']"
사무용품,파일링 제품,다용도 정리함,,B0B1VBG8GX,"책상 오거나이저 메시 펜슬 홀더, 3칸 블랙 메시 펜 홀더 사무실 책상 액세서리용 보관",Ludato,22146,22146,4.7,401.0,"️3칸의 블랙 메시 펜슬 홀더 정리함 칸으로 펜, 가위, 눈금자, 접착제 스틱 및 바인더 클립, 스티커 메모와 스티커 도트, 압정을 분리할 수 있습니다. 펜 홀더는 블랙 메시 금속으로 만들어졌으며 하단에 미끄럼 방지 EVA 패드 4개가 있습니다. ️외부 치수: 20.3x10.2x10.2수납 공간 크기 - 대형 그리드 사이즈: 4×3.9×2.3인치. 얕은 그리드 사이즈: 4×1.95×1.55인치. 높은 그리드 사이즈: 4×1.95×3.7"" 선생님, 학생, 사무실 직원에게 적합합니다. 데스크톱 저장 공간을 만족시키고 깔끔한 데스크톱을 제공하며 사무실 효율성을 높일 수 있습니다. ️데스크탑 서플라이 캐디는 메모장, 펜, 연필, 형광펜, 스테이플러, 스티커 노트, 바인더, 샤프너, 가위, 눈금자 등을 보관하고 정리할 수 있습니다.",,"['펜', '홀더', '메시', '블랙', '사무실', '그리드', '스티커', '칸', '정리', '바인더']"
사무용품,파일링 제품,다용도 정리함,,B0CLQPGW1Y,"책상용 연필 펜 홀더, 서랍 책상 정리함 2개, 5칸 데스크탑 보관 문구 용품 정리함, 사무실, 학교, 가정용 귀여운 연필 컵 냄비 (핑크)",Cayxenful,16550,16550,4.6,677.0,"【다용도 디자인】이 데스크탑 보관 상자에는 2개의 서랍과 5개의 대용량 분할 칸이 있어 조립이 필요하지 않습니다. 모든 학용품을 보관할 수 있는 충분한 수납 공간이 있습니다. 방해받지 않고 물건을 가까이에 두어 작업 효율성을 향상시킵니다 【프리미엄 소재】이 보관 서랍 정리함은 내구성이 뛰어난 ABS 플라스틱으로 제작되어 장기간 사용할 수 있도록 강도와 견고함을 보장합니다. 서랍의 부드러운 작동으로 쉽게 열고 닫을 수 있습니다. 또한, 방수 디자인으로 시간이 지남에 따라 깨끗한 외관을 유지할 수 있습니다 【다목적 책상 액세서리】데스크톱 정리함을 위한 이상적인 책상 보관함. 작은 문구 용품, 스티커 메모장에 적합합니다. 가위, 테이프, 스테이플러, 플래시 드라이브, 지우개, 고무 밴드, 화이트아웃, 눈금자, 펜, 연필, 종이 클립, 압정, 형광펜, 마커, 접착제에 적합합니다. 예술 및 공예 용품, 페인트 브러시, 가정용 도구를 보관할 수 있습니다. 독서용 안경, 화장품, 메이크업, 주얼리, 립스틱, 휴대폰, 열쇠, 명함 보관 【모든 책상에 적합】홈 오피스 정리, 학교, 대학 또는 기숙사 데스크탑 정리함에 적합합니다. 신입생, 생일, 어머니의 날 또는 발렌타인 데이 선물로 완벽하며, 모두가 진정으로 감사할 수 있습니다 【애프터 서비스】제품을 수령한 후 배송 중 손상되었거나 필요에 맞지 않는 경우 저희에게 알려주시면 90일 이내에 교체하거나 환불해 드리겠습니다.",,"['정리', '책상', '보관', '서랍', '연필', '데스크탑', '펜', '문구', '칸', '디자인']"
사무용품,파일링 제품,다용도 정리함,,B0C7G7XKY9,"책상/테이블탑/카운터용 서랍이 있는 사무실 책상 정리함, 책상 탑 액세서리 문구 정리함 책상 캐디, 펜/연필/명함/스티커 메모 트레이/종이 클립 홀더 보관 상자 (화이트)",LETURE,17991,17991,4.5,40.0,"프리미엄 소재 - 이 플라스틱 서랍 책상 정리함은 현대적이고 우아한 외관 디자인, 안정적인 구조를 채택하여 조립 문제가 없습니다. 무독성 ABS 소재로 제작되어 장시간 사용할 수 있을 만큼 내구성이 뛰어납니다. 서랍은 쉽게 미끄러져 다양한 물건을 보관할 수 있습니다. 필요에 따라 사용하고 쉽게 옮길 수 있습니다. 실용성 및 다기능 - 데스크탑 보관 상자에는 서랍 2개와 6개의 칸이 있어 일상 필수품을 쉽게 꺼낼 수 있는 충분한 공간을 제공합니다. 투명 서랍으로 필요한 것을 빠르게 찾을 수 있습니다. 방해가 되지 않으면서 필요한 물건을 가까이에 보관하세요. 완벽한 사이즈 - 사이즈 길이 21.6cm(8.2인치) x 너비 14.9cm(5.5인치) x 높이 11.4cm(4.7이 데스크탑 보관 상자에는 2개의 서랍과 6개의 칸이 있어 일상 필수품을 쉽게 보관할 수 있는 충분한 공간을 제공합니다. 집, 기숙사, 아파트, 콘도, RV 및 캠핑객의 방에 적합하며 소지품을 편리하게 보관할 수 있어 공간을 깨끗하고 깔끔하게 유지할 수 있습니다. 다목적 책상 정리함 - 책상 액세서리를 위한 이상적인 책상 보관함. 작은 문구 용품, 스티커 메모장에 적합합니다. 가위, 테이프, 스테이플러, 플래시 드라이브, 지우개, 고무 밴드, 화이트아웃, 눈금자, 펜, 연필, 종이 클립, 압정, 형광펜, 마커, 접착제에 적합합니다. 예술 및 공예 용품, 페인트 브러시, 가정용 도구를 보관할 수 있습니다. 독서용 안경, 화장품, 메이크업, 주얼리, 립스틱, 휴대폰, 열쇠, 명함을 보관할 수 있습니다. 모든 책상에 적합 - 홈 오피스 정리, 학교, 대학 또는 기숙사 데스크탑 정리함에 적합합니다. 신입생, 생일, 어머니의 날 또는 발렌타인 데이 선물로 완벽하며, 모두가 진정으로 감사할 수 있습니다","2개의 서랍과 6개의 칸이 있는 다기능 책상 오거나이저로 사무실이나 집을 더 효율적이고 아름답게 만듭니다. 책상에 필요한 모든 것을 위한 훌륭한 정리함! 이 책상 정리함에는 8개의 수납 공간이 있습니다 - 서랍 2개, 사무실 책상 용품 액세서리를 보관할 수 있는 6칸 정리함이 있습니다. 이 책상 정리함으로 모든 귀여운 책상 액세서리를 깔끔하게 정리하세요. 펜을 정리하세요. 연필, 규칙, 마커, 클립, 가위, 스티커 메모, 명함 및 기타 사무실 액세서리는 별도로 제공됩니다. 나머지 작업을 위해 책상의 나머지 부분을 확보하면서 손에 가까이 두고 정리할 수 있습니다. 특징: -사이즈 길이 21.6cm(8.2인치) x 너비 14.9cm(5.5인치) -고품질의 친환경 ABS 소재로 제작. -서랍 2개와 분리된 칸 6개. -필요한 것을 쉽게 볼 수 있습니다. -책상 정리에 이상적이며 지저분한 책상과 작별 인사를 하고 홈 오피스를 위한 최고의 선택으로 깔끔한 환경을 제공합니다. 패키지 구성: 사무실 책상 정리함 1개","['책상', '정리', '서랍', '보관', '칸', '액세서리', '사무실', '공간', '펜']"
사무용품,파일링 제품,다용도 정리함,,B0C6GN5BXW,"A5 메시 지퍼 파우치 12개, PVC 메시 지퍼 백, 방수 플라스틱 메시 지퍼 파일 백, 문서 폴더 백, 다용도 메시 오거나이저 백, 투명 문서 보관 가방",Bidponds,12423,12423,4.8,26.0,"패키지 포함: A5 사이즈 9.8"" x 6.7""/25cm x 17cm 메시 지퍼 백 12개. 제품 크기: 9.8"" x 6.7""/25cm x 17cm. 일반 A5 사이즈 지퍼 백보다 크며 더 많은 크기와 더 많은 양의 종이를 보관할 수 있습니다. 메시 지퍼 백은 두꺼운 PVC로 만들어졌으며 메시 디자인으로 견고하고 내구성이 뛰어나며 반죽 시 변형이 없으며 쉽게 찢어지지 않습니다. 냄새 없음. 금속 지퍼는 매끄럽고 내구성이 뛰어납니다. 확장 풀 로프, 휴대용 및 걸 수 있습니다. 바느질 실은 매끄럽고 강하며 내구성이 뛰어나며 쉽게 찢어지지 않습니다. 반투명 디자인으로 파우치의 물건을 빠르게 식별하고 쉽게 꺼낼 수 있습니다.",,"['백', '메시', '지퍼', '구성', '디자인', '문서', '파우치', '매끄럽다']"
사무용품,파일링 제품,다용도 정리함,,B0BZP1L4PT,"EOOUT 핑크 책상 오거나이저, 책상 및 액세서리용 펜 홀더, 사무실 홈 스쿨 교실용 8개의 칸과 1개의 서랍이 있는 메시 책상 정리함",EOOUT,19694,19694,4.6,338.0,"패키지 구성: 이 패키지에는 8.6"" x 4.3"" x 4.1"" 메시 책상 정리함이 포함되어 있으며 8개의 칸과 1개의 서랍이 있습니다. 크기는 정교하며 문구류와 사무용품을 보관하기에 충분합니다. 고품질 금속: 이 책상 정리함은 파우더 코팅 금속으로 만들어져 계속 사용할 수 있으며 쉽게 구부러지지 않습니다. 펜슬 홀더 바닥에 미끄럼 방지 패드가 있어 미끄러지거나 긁히지 않습니다. 기능적인 디자인: 사무용품 정리함에는 다양한 크기와 모양의 8개의 다른 칸이 있어 모든 종류의 문구 또는 사무용품을 보관할 수 있습니다. 간편한 사용: 책상용 펜 오거나이저는 통합 디자인입니다. 조립할 필요가 없으며 사용 중에 부서지지 않습니다. 다양한 용도: 이 상자는 사무실, 교실 및 가정을 위한 훌륭한 책상 보관함입니다. 작은 문구 용품, 스티커 메모장, 가위, 테이프, 스테이플러, 플래시 드라이브, 지우개, 고무 밴드, 화이트 아웃, 눈금자, 펜, 연필, 종이 클립, 형광펜, 마커, 접착제, 심지어 화장품, 메이크업, 주얼리, 립스틱, 열쇠 및 독서용 안경을 보관할 수 있습니다.",,"['책상', '정리', '펜', '칸', '사무', '패키지', '금속', '문구', '디자인', '메시']"
사무용품,파일링 제품,다용도 정리함,,B07Q1P6LMB,"Mind Reader 데스크탑 오거나이저, 펜 홀더, 클립 바구니, 보관함, 사무실, 금속 메쉬, 길이 20.5cm(8.1인치) x 너비 10.5cm(4.1인치) x 높이 10cm(3.9인치), 블랙",Mind Reader,14500,14500,4.6,131.0,"깔끔한 정리: 사무실 책상을 정리하고 멋지게 유지하세요. 이 책상 정리함에는 연필 홀더, 펜 컵, 종이 클립 트레이 및 책상용 스티커 메모 홀더로 사용할 수 있는 3개의 칸이 있습니다. 내구성: 블랙 메시 구조로 제작된 이 제품은 구부리거나 부서지기 어렵습니다. 이 사무실 책상 정리함은 앞으로 몇 년 동안 고정식 칸막이 액세서리를 보관할 것입니다! 경량 및 휴대성: 설치가 필요하지 않습니다. 책상을 전환할 때 쉽게 들고 이동할 수 있어 오픈 오피스 및 핫 데스크 환경에 이상적입니다. 투피스 세트: 감사를 표하고 싶은 직장 친구가 있습니까? 상사의 좋은 편이 될 선물 아이디어는 어떻습니까? 이 투피스 세트는 동료에게 선물하고 자신을 위해 보관할 수 있음을 의미합니다! 크기: 8.9 (L) x 7 (W) x 3.75 (H) cm","MIND READER 책상 정리함으로 작업 공간을 깔끔하게 정리하고 깨끗하고 깔끔한 작업 공간의 이점을 누리세요! 어수선한 책상의 경계를 다룰 필요 없이 직장에서 걱정해야 할 더 중요한 것들이 있습니다. 일반 플라스틱 서랍 오거나이저와 달리, MIND READER 책상 정리함은 내구성이 뛰어난 블랙 메시 스틸로 제작되어 홈 오피스나 업무용 책상을 장식하기에 좋을 뿐만 아니라 작업 공간을 깔끔하고 깔끔하게 유지합니다. 이 디자인은 가볍고 내구성이 뛰어나 사무용품을 한 곳에 보관할 수 있으므로 현대적인 작업장을 염두에 두고 있습니다. 이동도 쉽습니다. 열린 사무실 공간이나 뜨거운 책상 환경에서 사용하기에 적합합니다. 세련된 디자인뿐만 아니라 이 책상 정리함은 팔 길이 내에서 유지하는 데 필요한 모든 것을 다룰 수 있습니다. 이 제품은 파일 오거나이저, 우편 정리함, 펜 홀더, 종이 클립 홀더, 연필 컵 및 우편물 분류기를 하나로 사용할 수 있습니다! 컴팩트한 디자인으로 깔끔하고 전문적인 외관을 유지하면서 소중한 책상 공간을 절약합니다. 펜과 연필 컵을 버리고 이 완벽한 작은 칸막이 액세서리를 구입하세요! 이 책상 정리함은 사무실에서 유용할 뿐만 아니라 다른 환경에서도 적합합니다. 주방에 보관하여 레시피 카드를 보관할 수 있으며, 책과 장식을 보관할 수 있는 선반 칸막이로 사용하거나, 싱크대 아래의 욕실 정리함으로 사용하거나 복도 테이블을 위한 깔끔한 작은 우편 분류기로도 사용할 수 있습니다! 오거나이저 밑면에 미끄럼 방지 디자인이 있어 내용물을 멋지고 안전하게 보관할 수 있습니다. 그래서 무엇을 기다리고 계십니까? MIND READER 책상 정리함으로 깔끔하고 깔끔한 책상을 가지고 경험하게 될 생산성을 누리려면 지금 주문하세요","['책상', '정리', '깔끔하다', '공간', '홀더', '사무실', '디자인', '펜', '유지', '오거나이저']"
사무용품,파일링 제품,다용도 정리함,,B0CBVGY515,"투명 지퍼 파우치, PVC 방수 파우치, 휴대용 내구성 다목적 투명 오거나이저 백 파우치, 화장품 지갑 연필 정리용 (12)",,27686,27686,4.0,1.0,"【패키지 구성】선택할 수 있는 두 가지 패키지가 있습니다. 한 패키지에는 9개의 방수 가방이 있고, 세 가지 사이즈, 각 사이즈는 3개가 있으며, 다른 패키지에는 12개의 방수 가방이 있으며, 4가지 사이즈, 각 사이즈는 3개가 있습니다. 【다양한 용도】이 방수 백은 다양한 종류의 물건을 담을 수 있습니다. 퍼즐, 가정 지폐, 문서, A6 종이, 펜, 편지, 사진, 화장품 등을 보관하기에 좋지만 가정, 학교, 사무실, 여행에서 다양한 보관 요구 사항을 충족합니다. 【투명한 디자인】이 방수 가방은 투명하고 투명하여 가방의 내용물을 식별하고 물건을 쉽게 찾을 수 있습니다. 부드러운 지퍼와 실용적인 걸이용 고리가 함께 제공되어 휴대할 수 있습니다. 【내구성 있는 소재】이 방수 가방은 고품질 PVC 소재로 만들어져 내마모성과 내구성이 뛰어납니다. 접을 수 있는 부드러운 소재는 쉽게 구부리거나 접을 수 있을 뿐만 아니라 문서를 손상으로부터 보호합니다. 【실용성 및 휴대성】이 방수 가방은 휴대가 쉽고 여행에 적합합니다. 가볍고 컴팩트하여 많은 공간을 차지하지 않고 여행 가방에 넣을 수 있습니다. 분류하기 쉽고 매우 기능적입니다.","특징: 【튼튼한 디자인】이 방수 파우치는 투명하고 투명하여 파우치에 무엇이 들어 있는지 식별하고 물건을 쉽게 찾을 수 있습니다. 부드러운 지퍼와 실용적인 걸이용 링이 함께 제공됩니다. 【내구성 있는 소재】이 방수 파우치는 프리미엄 PVC 소재로 만들어져 내마모성과 내구성이 뛰어납니다. 접을 수 있고 부드러운 소재는 쉽게 구부리거나 접을 수 있을 뿐만 아니라 문서를 손상으로부터 보호합니다. 【실용성 및 휴대성】방수 파우치는 휴대가 편리하고 여행에 적합합니다. 매끄럽고 컴팩트하여 여행 가방에 넣을 수 있으며 많은 공간을 차지하지 않습니다. 분류하기 쉽고 매우 실용적입니다. 【다양한 용도】이 방수 파우치는 다양한 종류의 물건을 담을 수 있습니다. 퍼즐, 가정 지폐, 문서, A6 종이, 펜, 편지, 사진, 화장품 등을 보관하기에 적합하지만 가정, 학교, 사무실 및 여행에서 다양한 보관 요구 사항을 충족합니다. 사양: 소재: PVC+금속 지퍼+천 색상: 블랙+투명 유형(수량): 9개, 12개 특징: 투명, 방수 사이즈(약 ):(길이 x 너비). 유형: 1: 27 x 22cm/10.63 x 8.66인치. 2: 29 x 19cm/11.42 x 7.48인치. 3: 33 x 25.4cm/12.99 x 10인치 타입 B: 1: 27 x 22cm/10.63 x 8.66인치. 2: 29 x 19cm/11.42 x 7.48인치. 3: 33 x 25.4cm/12.99 x 10인치 4: 46 x 31cm/18.11 x 12.20인치 패키지 구성: 유형: 방수 파우치 9개. 타입 B: 방수 파우치 12개. 참고: 1. 조명과 화면 차이로 인해 제품의 색상이 사진과 약간 다를 수 있습니다. 2. 수동 측정으로 인해 1-2cm 오차가 있을 수 있습니다.","['방수', '파우치', '가방', '구성', '여행', '휴대', '실용', '패키지', '투명하다', '보관']"
사무용품,파일링 제품,다용도 정리함,,B0D2KMX5DF,투명 지퍼 파우치 8개,Abvsdu,13836,13836,5.0,1.0,투명 지퍼 파우치 8개,투명 지퍼 파우치 8개,"['파우치', '지퍼', '투명']"
사무용품,파일링 제품,다용도 정리함,,B0D41M1N6R,"10팩 A4 지퍼 메시 파우치 백, 5가지 색상, 학교 사무실 용품용 플라스틱 지퍼 파우치, 정리용 방수 파일 백(멀티컬러)",YoeeJob,13836,13836,,,"다목적 정리: A4 사이즈 메시 지퍼 파우치 백 10개 세트를 사용하여 쉽게 정리할 수 있으며 문서, 사무용품, 화장품 등을 보관하기에 적합합니다. 선명한 색상 옵션: 5가지 색상 중에서 선택하여 색상을 구분하고 품목을 분류하여 간단하고 효율적으로 정리할 수 있습니다. 내구성 있는 PVC 소재: 내구성이 뛰어난 PVC 소재로 제작된 이 가방은 방수, 내마모성이 있으며 오래 사용할 수 있는 튼튼한 지퍼가 특징입니다. 다용도 및 실용성: 학교, 사무실 및 여행용으로 이상적인 이 투명 가방은 소지품을 보호하면서 내용물을 쉽게 식별할 수 있습니다. 넉넉한 크기 및 휴대성: 각 가방은 A4 크기의 문서를 수용할 수 있으며 어디를 가든 필수품을 편리하게 운반할 수 있도록 휴대가 가능합니다.",,"['정리', '지퍼', '가방', '파우치', '휴대', '학교', '구성', '백', '방수', '문서']"
사무용품,파일링 제품,다용도 정리함,,B0D22C412D,"AUSTARK 메시 지퍼 파우치 24개, 16.3 x 12.9cm(6.3 x 4.7인치) 플라스틱 지퍼 백, 라벨 포켓 포함, 사무실 가정 여행 화장품용 다용도 보관 정리 가방 (블랙 지퍼)",AUSTARK,30456,30456,,,"★ 라벨 포켓이 있는 플라스틱 메시 지퍼 백 24개, 크기는 16 x 11.9cm(6.3 x 4.7인치)입니다. 작은 물건을 정리할 수 있는 작은 사이즈. ★ 이 지퍼 파우치는 두꺼운 PVC 소재로 만들어져 부드럽고 방수 및 습기 방지 기능이 있습니다. 질감은 단단하고 타이트하며 두껍습니다. ★ 라벨 포켓이 있는 지퍼 보관 가방은 물건을 쉽게 구별할 수 있습니다. 또한 투명한 디자인으로 원하는 것을 쉽게 찾을 수 있습니다. ★ 드로스트링 디자인과 고품질 지퍼 헤드가 있는 비닐 봉지로 편리하고 지퍼가 있습니다. ★ 다목적. 사무실, 가정, 병원 및 여행에서 화장품, 주얼리, 우표, 예술 및 공예품, 배터리, 충전기, 이어폰 등과 같은 작은 물건을 보관할 때 널리 사용됩니다. 이 다용도 보관 정리 가방은 모든 면에서 고객의 요구를 충족시킬 수 있습니다.",,"['지퍼', '가방', '포켓', '라벨', '물건', '보관', '정리', '작다', '여행', '가정']"
사무용품,파일링 제품,다용도 정리함,,B0B5R3Z311,"KENOBEE 5개의 칸이 있는 대형 리모컨 홀더, 미끄럼 방지 데스크탑 캐디 보관 정리함, 휴대폰, 리모컨, 사무용품, 메이크업 브러시, 미디어 액세서리, 브라운",KENOBE,20761,23531,4.8,2959.0,"【최고 품질】프리미엄 품질의 PU 가죽으로 제작되었으며 우아한 외부 마감과 부드러운 극세사 안감으로 긁힘을 방지합니다. 바닥에 미끄럼 방지 패드가 있어 미끄러지거나 미끄러질 염려가 없습니다. 🎁【정리】 아이폰 11/11 프로/11 프로 맥스/XR/XS 맥스/XS/X/8/8 플러스/7/7 플러스, 삼성 갤럭시 S10/S10 플러스/S9/S8 엣지/노트 9, LG와 같은 모든 종류의 리모컨, 사무용품, 펜, 연필, 가위, 열쇠 및 메이크업 브러시 또는 스마트폰을 보관할 수 있는 5개의 분할 수납 공간. , 구글, 아들. y, 화웨이 등. 집과 책상을 더 깔끔하게 정리하세요. 🎁【완벽한 사이즈】치수는 길이 20cm(7.9인치) x 너비 9.5cm(3.85인치) x 높이 9.9cm(3.9인치) 크기로 가장 인기 있는 크기의 리모컨컴팩트하고 공간을 절약하며 TV 테이블, 화장실, 거실, 침실, 공부방 및 사무실 테이블 또는 너무 많은 공간을 차지하지 않고 어디에나 쉽게 놓을 수 있습니다. 【편리한 접근】매끄럽고 심플한 디자인으로 홈 데코에 세련된 장식품을 더하고, 리모컨을 쉽게 넣고 깔끔하게 보관할 수 있습니다. 이 리모컨 홀더로 더 이상 리모컨을 찾을 필요가 없습니다! 【훌륭한 선물】고급 모던 디자인, 견고한 구조의 정교한 솜씨로 기념일, 생일, 추수감사절, 파티, 크리스마스 또는 일상적인 깜짝 선물로 친구, 가족에게 완벽한 선물이 될 것입니다.",,"['리모컨', '선물', '방지', '플러스', '정리', '공간', '테이블', '사무', '브러시', '완벽하다']"
사무용품,파일링 제품,다용도 정리함,,B082J8ZJ86,"Greenco 메시 책상 정리함 사무용품 캐디, 6칸, 펜, 연필, 소형 사무용품 및 문구 액세서리 보관 정리용 소형 블랙 책상 정리함",Greenco,25193,25193,4.7,622.0,"책상 정리함 - 이 사무실 캐디 오거나이저로 책상을 깔끔하고 깔끔하게 유지하세요. 가정과 사무실의 다양한 물건을 넣을 수 있는 슬롯이 포함되어 있어 휴대폰, 가위, 연필, 펜, 메모장, 마커, 클립, 명함 등을 보관하기에 이상적인 장소입니다! 다용도 캐디 - 다용도 데스크탑 오거나이저 및 보관 캐디로 어수선함을 최소화하고 집이나 사무실을 깨끗하게 유지하세요. 세련된 외관과 블랙 에폭시 마감으로 거의 모든 사무실 장식에 적합합니다. 모든 것을 위한 장소 - 이 메시 데스크탑 오거나이저는 5개의 칸과 패드, 종이, 펜/연필, 메모장, 용품 등을 위한 미니 슬라이딩 서랍 1개가 특징입니다. 간단한 솔루션 - 이 다기능 데스크탑 오거나이저로 다시는 사무용품을 놓지 마세요. 사무실, 가정 직장, 원격 책상, 책상을 깔끔하게 정리하는 데 적합합니다. 고품질 - 책상 정리함은 내구성이 뛰어난 긁힘 방지 스틸 와이어 메쉬와 강화 금속 테두리로 제작되었습니다. 긴 와이어 메시 칸막이는 물건이 쏟아지거나 떨어지는 것을 방지합니다. 대략적인 치수는 너비 22.2cm(8.75인치) x 깊이 14cm(5.5인치) x 높이 12.7cm(5인치)입니다.","사무실 데스크탑 캐디 오거나이저는 책상을 깔끔하고 깔끔하게 유지하는 데 좋습니다. 내구성이 뛰어난 긁힘 방지 스틸 와이어 메쉬와 강화 금속 테두리로 제작되었습니다. 패드, 종이, 펜/연필, 노트 패드, 용품 등을 위한 5개의 칸과 1개의 미니 슬라이딩 서랍이 특징입니다. 대략적인 치수(인치); 너비 21.9cm(8.75인치) x 깊이 14cm(5.5인치) x 높이 12.","['책상', '사무실', '정리', '깔끔하다', '연필', '펜', '데스크탑', '메시', '와이어', '방지']"
사무용품,파일링 제품,다용도 정리함,,B0D2B82MWT,"8팩 투명 지퍼 파우치 필통, PVC 메이크업 파우치 지폐 보관 가방, 다용도 파우치 정리 가방(29.8 x 17.8cm(11.5 x 7인치))",,20761,20761,,,"매일 사용하기에 적합한 8개의 투명 PVC 지퍼 펜슬 파우치를 받게 됩니다. 고품질 플라스틱, 부직포 원단 및 폴리에스터 섬유를 사용하여 방수 및 내구성이 뛰어납니다. 부직포 가장자리는 오거나이저 백을 통기성이 있게 만듭니다. 각 가방의 길이는 30cm(11.5인치), 너비 18cm(7인치)로 샘플 화장품이나 여행용 일상 화장품을 담을 수 있습니다. 투명한 디자인으로 방수 투명 파우치를 더 유용하게 만들어 주며, 가방의 내용물을 쉽게 검색하고 식별할 수 있어 필요한 것을 빠르게 얻을 수 있습니다. 이 지퍼 백은 다기능이며 현금, 수표, 영수증, 여권, 보드 게임 아이템, 펜, 지우개, 배지, 카드, 비즈, 열쇠, 화장품 및 기타 많은 사무실 및 학용품과 같은 물건을 보관하는 데 사용할 수 있어 물건을 정리할 수 있습니다.",,"['파우치', '가방', '지퍼', '투명', '화장품', '정리', '부직포', '보관', '백', '방수']"
사무용품,파일링 제품,다용도 정리함,,B07S2VLFDM,"Savor | 올인원 책상 정리함 | 슬레이트 그레이 - 중요한 파일, 문서, 문구 및 사무용품을 위한 책상, 사무실 및 가정 정리 올인원 보관 시스템",Savor,90025,83100,4.5,257.0,"주요 문서와 물건을 위한 편리한 집 하나: 올인원 오거나이저는 한 곳에서 필수 아이템을 정리하고 찾을 수 있습니다. 무산성 파일 10개(수직 6개, 하프 사이즈 4개), 수납공간 2개, 리본 손잡이가 있는 서랍 2개, 조절 및 분할 가능한 섹션 5개로 중요한 사무실 및 가정 용품을 안전하게 정리할 수 있습니다. 내구성이 뛰어난 고품질 고급 디스플레이 박스: 현대적인 색상의 맞춤형 염색 린넨 책장은 모든 가정의 모든 책장에 맞는 장식 액세서리와 쉽게 조화를 이룹니다. 아름다운 정리입니다. 서랍, 파일 및 라벨로 쉽게 정리할 수 있습니다. 52개의 핸드 일러스트레이션 라벨은 무엇을 저장해야 하고 어디에서 찾을 수 있는지 보여줍니다. 잃어버린 여권, 열쇠, 영수증, 사무용품 또는 기념품을 찾기 위해 서랍을 뒤적 거리지 마세요. 고품질 구조로 중요한 문서와 물건을 보호합니다. 자석 및 버튼 타이 클로저, 조절 가능한 수납 공간 및 스토퍼 서랍은 오래 사용할 수 있도록 제작되었습니다. 공간을 깔끔하게 정리하는 무한한 사용: 올인원 데스크 오거나이저는 전시용으로 사무실이나 도서관 선반 장식에 우아한 추가 아이템입니다. 중요한 가정 용품과 서류를 보관하십시오. 책상, 사무실, 집 또는 도서관을 정리하고 정리하세요.",,"['정리', '서랍', '가정', '올인원', '중요하다', '사무실', '공간', '파일', '문서', '책상']"
사무용품,파일링 제품,다용도 정리함,,B0CBVJBC47,"투명 지퍼 파우치, PVC 방수 파우치, 휴대용 내구성 다목적 투명 오거나이저 백 파우치, 화장품 지갑 연필 정리용 (9)",Jaeskeclip,17991,17991,,,"【패키지 구성】선택할 수 있는 두 가지 패키지가 있습니다. 한 패키지에는 9개의 방수 가방이 있고, 세 가지 사이즈, 각 사이즈는 3개가 있으며, 다른 패키지에는 12개의 방수 가방이 있으며, 4가지 사이즈, 각 사이즈는 3개가 있습니다. 【다양한 용도】이 방수 백은 다양한 종류의 물건을 담을 수 있습니다. 퍼즐, 가정 지폐, 문서, A6 종이, 펜, 편지, 사진, 화장품 등을 보관하기에 좋지만 가정, 학교, 사무실, 여행에서 다양한 보관 요구 사항을 충족합니다. 【투명한 디자인】이 방수 가방은 투명하고 투명하여 가방의 내용물을 식별하고 물건을 쉽게 찾을 수 있습니다. 부드러운 지퍼와 실용적인 걸이용 고리가 함께 제공되어 휴대할 수 있습니다. 【내구성 있는 소재】이 방수 가방은 고품질 PVC 소재로 만들어져 내마모성과 내구성이 뛰어납니다. 접을 수 있는 부드러운 소재는 쉽게 구부리거나 접을 수 있을 뿐만 아니라 문서를 손상으로부터 보호합니다. 【실용성 및 휴대성】이 방수 가방은 휴대가 쉽고 여행에 적합합니다. 가볍고 컴팩트하여 많은 공간을 차지하지 않고 여행 가방에 넣을 수 있습니다. 분류하기 쉽고 매우 기능적입니다.","특징: 【튼튼한 디자인】이 방수 파우치는 투명하고 투명하여 파우치에 무엇이 들어 있는지 식별하고 물건을 쉽게 찾을 수 있습니다. 부드러운 지퍼와 실용적인 걸이용 링이 함께 제공됩니다. 【내구성 있는 소재】이 방수 파우치는 프리미엄 PVC 소재로 만들어져 내마모성과 내구성이 뛰어납니다. 접을 수 있고 부드러운 소재는 쉽게 구부리거나 접을 수 있을 뿐만 아니라 문서를 손상으로부터 보호합니다. 【실용성 및 휴대성】방수 파우치는 휴대가 편리하고 여행에 적합합니다. 매끄럽고 컴팩트하여 여행 가방에 넣을 수 있으며 많은 공간을 차지하지 않습니다. 분류하기 쉽고 매우 실용적입니다. 【다양한 용도】이 방수 파우치는 다양한 종류의 물건을 담을 수 있습니다. 퍼즐, 가정 지폐, 문서, A6 종이, 펜, 편지, 사진, 화장품 등을 보관하기에 적합하지만 가정, 학교, 사무실 및 여행에서 다양한 보관 요구 사항을 충족합니다. 사양: 소재: PVC+금속 지퍼+천 색상: 블랙+투명 유형(수량): 9개, 12개 특징: 투명, 방수 사이즈(약 ):(길이 x 너비). 유형: 1: 27 x 22cm/10.63 x 8.66인치. 2: 29 x 19cm/11.42 x 7.48인치. 3: 33 x 25.4cm/12.99 x 10인치 타입 B: 1: 27 x 22cm/10.63 x 8.66인치. 2: 29 x 19cm/11.42 x 7.48인치. 3: 33 x 25.4cm/12.99 x 10인치 4: 46 x 31cm/18.11 x 12.20인치 패키지 구성: 유형: 방수 파우치 9개. 타입 B: 방수 파우치 12개. 참고: 1. 조명과 화면 차이로 인해 제품의 색상이 사진과 약간 다를 수 있습니다. 2. 수동 측정으로 인해 1-2cm 오차가 있을 수 있습니다.","['방수', '파우치', '가방', '구성', '여행', '휴대', '실용', '패키지', '투명하다', '보관']"
사무용품,파일링 제품,다용도 정리함,,B09PMS2R9Y,"Mind Reader Desk Supplies 사무용품 정리함, 6팩, 22.5 x 15.2 x 10.2cm(8.8 x 6 x 4인치), 투명",Mind Reader,17700,17700,5.0,1.0,"최고의 책상 사무실 또는 홈 오거나이저: 투명한 6팩 사무용품 정리함은 데스크톱, 조리대 또는 옷장 표면을 청소하는 좋은 방법을 제공합니다 - 가정이나 사무실을 위한 다목적 솔루션입니다. 내구성 및 견고한 구조: 내구성이 뛰어나고 식품 안전 표면은 사무실, 호텔, 모텔, 가정 사용 등에 충분히 강합니다. 다용도 보관: 작은 미술 용품, 사무용품, 주방 용품, 헤어 액세서리, 작은 나사 및 볼트, 그림 걸이 하드웨어 및 쉽게 잘못 놓인 작은 물품 등 어디에서나 정리할 수 있습니다. 치수: 정리함은 약 22.5cm x 15.2cm x 10.2cm (8.8인치 x 6인치 x 4인치) 크기입니다 - 최소한의 카운터 공간을 차지합니다 - 훌륭한 공간 절약형 솔루션입니다. 다용도 솔루션: 보관 캐디는 집, 차고 또는 주방 캐비닛 내부에서 사용할 수 있어 쉽게 접근하고 보관할 수 있습니다. 집, 사무실, 대기실, 프론트 오피스 로비 등에서 사용할 수 있습니다","Mind Reader의 조미료 및 간식 정리함으로 집, 사무실, 로비, 휴게실 또는 대기실 경험을 개선하세요. Mind Reader는 보관 및 정리를 쉽게 할 수 있는 공간 절약형 오거나이저를 제공합니다. 중소기업이든 대기업이든, 이 식기 상자와 캐디는 음식에 안전하며 필요에 따라 작은 공간에 맞습니다. 보관 캐디는 1인용 커피 머신, 크리머, 티백, 젓개, 소금 패킷, 비타민 패킷 또는 용기, 스낵 백, 초콜릿 등을 위한 355ml(12온스) 컵, 뚜껑, 식기, 커피 포드를 쌓을 수 있습니다. 자신을 제한하지 마세요 - 정리용 캐디를 사용하여 책상 공간, 휴게실, 집, 캐비닛 등을 정리하세요. 사무실, 호텔 또는 가정용으로 충분한 수납 공간을 가질 수 없습니다. 작은 용기를 쉽게 담을 수 있습니다. 직장에 커피 바를 두면 공간을 정리하기에 완벽한 액세서리입니다. 사람들은 이러한 보관 정리함을 좋아하며 공간 크기와 다양한 필요에 따라 하나 이상을 구입합니다. 다용도 기능으로 직장이나 집에서 정리할 수 있는 완벽한 솔루션입니다. 사용하지 않을 때 보관하기 쉽고 필요에 따라 움직일 수 있는 가벼운 무게. 어떤 색상이나 장식과도 잘 어울립니다. 모든 사무실 공간에 꼭 필요한 제품 - 소모품과 사용량을 쉽게 추적할 수 있습니다 - 직원이 사용할 때 쉽게 채울 수 있습니다 - 현대적인 디자인은 모든 공간에 적합합니다. 집에서 바베큐 바베큐를 준비하고 야외 또는 내부에서 사용하세요. 사용 후 내부를 넣고 건조한 공간에 보관하세요. 오래 지속되고 내구성이 뛰어남 - Mind Reader 조미료 정리함은 필수 아이템입니다. 미술 용품, 어린이 장난감, 헤어밴드 및 클립을 위한 작은 부품을 정리하세요. 상상력을 발휘하고 집이나 직장에서 공간을 정리하세요.","['정리', '공간', '집', '보관', '사무실', '작다', '솔루션', '직장', '다용도', '커피']"
사무용품,파일링 제품,다용도 정리함,,B09XMSVFPT,"16팩 메시 지퍼 필통, 필통 가방, 8가지 색상, 지폐, 현금, 화장품, 여행용 보관 가방, 학교 사무용품을 위한 다목적 보관 정리함 가방",QSSRWNAO,11066,11066,4.7,236.0,"【패키지 구성】16개의 작은 지퍼 메시 파우치는 8가지 화려한 색상으로 제공됩니다. 블랙, 블루, 그린, 퍼플, 옐로우, 레드, 오렌지, 스카이 블루, 각 색상당 2개로 다양한 문서/용품 정리함을 보관하기에 좋습니다. 【내구성 및 휴대성】재사용 가능한 메시 지퍼 백은 두꺼운 비닐 소재로 만들어져 안전하고 친환경적이며 방수, 습기 방지 기능이 있습니다. 로프 루프가 있는 금속 지퍼 손잡이로 파우치를 쉽게 열고 닫을 수 있습니다. 【지퍼 파우치 사이즈】23.5cm x 11.5cm(9.2 x 4.5인치), 연필 및 기타 작은 물건을 보관하기에 이상적입니다. 보관 및 검색이 매우 쉽습니다. 【적절한 투명도 디자인】이 플라스틱 방수 지퍼 파우치는 적당한 투명도로 설계되어 중요한 종이의 프라이버시를 드러내지 못하지만 가방에 무엇이 들어 있는지 식별할 수 있습니다. 다양한 품목을 쉽게 분류하고 백팩과 여행 가방에 보관하고 필요한 것을 빠르게 얻을 수 있습니다. 【간단한 보관 및 다양한 용도】 사무실 보관을 더 쉽게 할 수 있습니다. 연필, 펜, 마커, 화장품, 영수증, 충전 코드와 같은 작은 용품을 정확하고 효율적으로 정리할 수 있습니다. 직장과 가정에서 다양한 모양의 물건을 쉽게 정리하고 분류할 수 있으며, 회사 직원, 학생, 교사, 여행자에게 완벽한 선택입니다. 제조소 권장 연령 등급: 8세 이상.",,"['보관', '지퍼', '가방', '파우치', '정리', '메시', '작다', '연필', '블루', '분류']"
사무용품,파일링 제품,다용도 정리함,,B0B1V12WN9,"리모컨 홀더 원형 가죽 아트 용품 오거나이저, PU 가죽 연필 문구 책상 보관 메이크업 정리함, 히터 컨트롤러 TV 리모컨용, 4칸, 360도 회전",WEEMAGIC,31273,25733,4.7,223.0,"프리미엄 소재: 이 미술 용품 정리함은 고품질 PU 가죽으로 만들어졌으며 내구성이 뛰어나고 방수 기능이 있습니다. 부드러운 내부 안감으로 디자인되어 물건이 긁히거나 부딪히는 것을 방지할 수 있습니다. 회전 책상 오거나이저: 회전하기 쉬운 360° 회전 베이스로 설계되어 다양한 각도에서 물건을 쉽게 잡을 수 있습니다. 업그레이드된 Laze Susan 턴테이블과 바닥의 미끄럼 방지 패드는 회전 시 제자리에 안정적으로 유지됩니다. 완벽한 사이즈: 이 리모컨 스탠드의 직경은 15.2/6(cm/인치)이며 높이는 10/3.9(cm/인치)입니다. 에어컨/TV/DVD 리모컨, 휴대폰, 소형 전자 미디어 장비/액세서리, 화장품, 메이크업 브러시, 안경, 필기 브러시/펜/연필 및 기타 사무용품을 보관할 수 있는 4개의 칸이 있습니다. 다용도 및 다양한 용도: 이 다목적 정리함은 커피 테이블, TV 테이블, 소파, 안락의자, 침실, 침대 옆 테이블, 거실, 기숙사, 아파트, 코너 책상, 카운터, 화장대, 공부방, 책상에 쉽게 넣을 수 있습니다. 멋진 선물 선택: 프랙탈 플라워 패턴으로 책상 정리함을 더욱 우아하고 세련되게 만듭니다. 연인, 친구 및 가족을 위한 완벽한 선물. 주문하면 모든 것이 이 캐디에 깔끔하게 배치됩니다.","WEEMAGIC 리모컨 홀더, 360도 회전 PU 가죽 연필 문구 책상 보관 메이크업 정리함 프리미엄 소재 미술 용품 정리함은 고품질 PU 가죽으로 만들어져 내구성이 뛰어나고 방수 기능이 있습니다. 부드러운 안감 디자인 부드러운 내부 안감으로 디자인되어 물건이 긁히거나 부딪히는 것을 방지할 수 있습니다. 360° 회전 디자인. 회전하기 쉬운 360° 회전 베이스로 설계되어 다양한 각도에서 물건을 쉽게 잡을 수 있습니다. 다양한 적용 커피 테이블, TV 테이블, 소파, 안락의자, 침실, 침대 옆 테이블, 거실, 기숙사, 아파트, 코너 책상, 카운터, 화장대, 공부방, 책상에 쉽게 넣을 수 있습니다. 훌륭한 보관 도구입니다. 완벽한 사이즈 에어컨/TV/DVD 리모컨, 휴대폰, 소형 전자 미디어 장비/액세서리, 화장품, 메이크업 브러시, 안경, 필기 브러시/펜/연필 및 기타 사무용품을 수용할 수 있는 4개의 칸이 있는 15.2 x 15.2 x 9.9cm(6 x 6 x 3.9인치). 사양 섹션: 4 칸막이 방 소재: PU 가죽 내부 구조: 부드러운 내부 안감 완벽한 디테일: 괜찮은 나일론 스티치 엣지 미끄럼 방지 바닥 및 방수 표면 크기: 15.2 x 15.2 x 9.9cm, 포장 상자 패키지 구성: 원형 가죽 미술 용품 정리함 1개","['회전', '책상', '정리', '가죽', '리모컨', '테이블', '부드럽다', '내부', '안감', '완벽하다']"
사무용품,파일링 제품,다용도 정리함,,B0D1X41XXW,"6피스 투명 지퍼 파우치 필통 PVC 메이크업 파우치 봉투 폴더 보관 다목적 파우치 문서 파일 정리 가방, 사무용품 (블랙 테두리, 24.9 x 20.3cm(9.8 x 8인치))",,12451,12451,,,"신뢰할 수 있는 소재: 정리를 위한 지퍼 파우치는 신뢰할 수 있는 PVC 소재로 만들어졌으며 방수 및 세척이 쉽습니다. 부직포 랩은 더 강하고 신뢰할 수 있도록 설계되었으며, 지퍼는 물건을 깨끗하고 안전하게 유지하여 가방의 외관을 간단하고 넉넉하게 만듭니다 투명한 디자인: 방수 투명 파우치는 투명한 디자인으로 가방의 내용물을 쉽게 검색하고 식별할 수 있으므로 백팩과 여행 가방에 다양한 물건을 쉽게 분류하고 보관할 수 있어 필요한 것을 빠르게 얻을 수 있습니다. 매일 사용하기에 편리합니다 다용도: 이 지퍼 봉투는 현금, 수표, 영수증, 여권, 보드 게임 아이템, 펜, 지우개, 배지, 카드, 비즈, 열쇠, 화장품 및 기타 많은 사무실 및 학용품과 같은 많은 물건을 보관하는 데 사용할 수 있습니다 다양한 용도: 지퍼가 달린 PVC 오거나이저 백은 보관 요구 사항을 위해 설계되었으며, 중요한 문서, 장비, 작은 책, 열쇠고리 등을 보관하기에 적합합니다. 이 폴더 보관 파우치는 친구, 친척, 동료, 반 친구, 이웃, 선생님, 학생 등을 위한 선물로도 사용되며 사랑을 보여주고 관계를 개선할 수 있습니다",패키지 구성: 투명 지퍼 파우치 8개가 제공되며 각 지퍼 파우치는 적절한 크기로 제공됩니다. 충분한 수량으로 일상적인 사용 및 교체 요구 사항을 충족할 수 있으며 가족이나 친구들과 공유할 수 있습니다,"['파우치', '지퍼', '보관', '가방', '투명', '신뢰', '물건', '친구', '봉투', '요구']"
사무용품,파일링 제품,다용도 정리함,,B08CDKPNFY,"deli 사무용품 세트, 책상 액세서리 정리함 키트, 스테이플러 세트, 회전 다기능 펜 홀더, 테이프 디스펜서, 펜, 바인더 클립, 샤프너, 가위, 지우개, 블랙",deli,27686,27686,4.5,248.0,"연필 홀더 세트 - 사무실 데스크탑 오거나이저 펜슬 홀더에는 데스크탑 오거나이저 1개, 테이프 디스펜서 1개, 15cm 눈금자 1개, 푸시 핀 10개, 스테이플러 1개, 스테이플 1000개, 바인더 클립 4개, 볼펜 2개, 소형 커터 1개, 종이 클립 20개, 샤프너 1개, 가위 1개, 지우개 1개, 테이프 1개가 포함되어 있습니다. 360도 회전 디자인 - 이 데스크탑 오거나이저는 최대 360도 회전할 수 있어 모든 용품을 쉽게 꺼낼 수 있습니다. 초대형 용량 - 오거나이저의 특별한 원형 디자인은 공간을 최대화하도록 설계되었으며, 중앙에 6개의 다른 크기의 칸으로 둘러싸인 1개의 높은 보관 컵이 특징입니다. 견고함 및 내구성 - 이 연필 정리함의 주요 소재는 내구성이 뛰어난 ABS 소재로 만들어졌으며 매끄러운 가장자리와 트림이 우아한 광택을 제공하여 어떤 사무실에도 우아하게 맞습니다. 다용도 책상 정리함 - 회전 정리함은 문구류를 잘 정리할 수 있도록 설계되어 다양한 크기의 사무용품을 쉽게 정리할 수 있습니다.",,"['정리', '회전', '홀더', '데스크탑', '클립', '테이프', '샤프', '오거나이저', '연필', '스펜서']"
사무용품,파일링 제품,다용도 정리함,,B0CNYR62CL,문구류 골드 3칸 8.9cm x 7.9cm x 14.7cm(3.5인치 x 3.1인치 x 5.8인치) 메이크업 보관 소품 다용도 금속 장식 책상 보관 정리함 사무실,allcoupon,17991,17991,,,"견고하고 내구성: 고품질 전기 도금 금속으로 제작된 이 3칸 금속 연필 홀더는 오래 사용할 수 있도록 제작되었습니다. 견고한 금속 베이스를 포함한 견고한 금속 구조로 여러 개의 펜이나 기타 사무용품을 들고 있어도 쉽게 넘어지지 않습니다. 간편한 세척: 이 펜 홀더를 쉽게 청소할 수 있습니다. 젖은 천으로 닦기만 하면 깨끗하고 빛나게 보입니다. 우아한 외관을 유지하고 깔끔한 작업 공간을 보장하는 것이 편리합니다. 세련되고 우아한 디자인: 이 연필 홀더의 황금색과 평화로운 물결 무늬가 즉시 눈길을 끕니다. 매끄럽고 현대적인 디자인은 모든 데스크탑이나 작업 공간에 우아함을 더하여 기능적이고 시각적으로 매력적입니다. 사무용품 정리: 3개의 칸이 있는 이 금속 연필 홀더는 펜, 연필, 마커 및 기타 사무용품을 깔끔하게 정리하고 쉽게 꺼낼 수 있는 충분한 공간을 제공합니다. 파편이 없고 효율성이 향상되도록 필요한 모든 물건을 손이 닿는 곳에 보관하세요. 다용도 및 실용성: 이 연필 홀더는 사무용품을 정리하는 데 적합할 뿐만 아니라 메이크업 브러시, 가위, 눈금자 또는 기타 작은 물건을 보관하는 데에도 사용할 수 있습니다. 컴팩트한 사이즈(8.9cm(3.5인치)","외관과 깔끔한 작업 공간을 보장합니다./세련되고 우아한 디자인: 이 연필 홀더의 황금색과 평화로운 물결 무늬가 즉시 눈길을 끕니다. 매끄럽고 현대적인 디자인은 모든 데스크탑이나 작업 공간에 우아함을 더하여 기능적이고 시각적으로 매력적입니다./사무용품 정리: 3개의 칸이 있는 이 금속 연필 홀더는 펜, 연필, 마커 및 기타 사무용품을 깔끔하게 정리하고 쉽게 꺼낼 수 있는 충분한 공간을 제공합니다. 파편이 없고 효율성이 향상되도록 필요한 모든 물건을 손이 닿는 곳에 보관하세요./다용도 및 실용성: 이 연필 홀더는 사무용품을 정리하는 데 적합할 뿐만 아니라 메이크업 브러시, 가위, 눈금자 또는 기타 작은 물건을 보관하는 데에도 사용할 수 있습니다. 컴팩트한 사이즈(8.9cm x 7.9cm x 14.7cm(3.5인치 x 3.1인치 x 5.8인치))는 사무실이나 가정에서 모든 데스크톱을 위한 다용도 보관 솔루션입니다./100% 새 제품 및 고품질/유형: 3칸 금속 연필 홀더/사이즈: 8.9cm X 7.9cm x 14.7cm/색상: 골드/소재: 금속/특징: 이 펜 홀더는 고품질 전기 도금 금속으로 만들어졌으며 견고한 금속 베이스가 함께 제공되어 여러 펜을 함께 고정할 수 있어 더 견고하고 안정적입니다. 때로는 젖은 천으로 청소하면 됩니다. 황금빛의 평화로운 웨이브 패턴으로 펜 홀더를 쉽게 돋보이게 하여 사무용품을 정리하고 책상에 우아하고 현대적인 외관을 더합니다./패키지 구성: 금속 연필 홀더 1개/참고:/1. 모니터와 조명 효과가 다르기 때문에 제품의 실제 색상은 사진에 표시된 색상과 약간 다를 수 있습니다. 감사합니다!/2. 수동 측정으로 인해 1-3mm 크기의 오차가 있을 수 있습니다.","['홀더', '금속', '연필', '사무', '정리', '보관', '펜', '우아하다', '공간', '칸']"
사무용품,파일링 제품,다용도 정리함,,B09D8NLH1Z,"가죽 리모컨 홀더, 테이블용 360° 스피닝 TV 리모컨 캐디, 범용 리모컨, 휴대폰, 태블릿, 펜, 안경 등을 위한 5칸 책상 정리함, (블랙)",LAMOTI,37367,30442,4.8,550.0,"동급 최고의 소재 및 장인 정신 - 이 원격 홀더는 프리미엄 페블 비건 가죽과 매우 부드러운 벨벳 내부로 수작업으로 제작되었습니다. 새롭게 업그레이드 된 ""NO Stitching"" 디자인은 이 침대 옆 캐디에 새로운 모습을 제공합니다 - 더 고급스럽고 우아합니다. 기능과 스타일 결합 - 360도 회전 디자인(Lazy Susan과 같은 회전 메커니즘)은 제품을 강조하고 거실, 침실 또는 사무실 테이블을 밝게 합니다. 일상 필수품을 깔끔하게 정리하고 만족스러운 회전으로 손끝에서 보관할 수 있습니다. 필수 다용도 데스크탑 오거나이저 - 이 회전 오거나이저는 5개의 슬롯, 범용 리모컨, 휴대폰(너비 12.7cm(5인치) 미만), 펜, 마커, 안경 또는 메이크업 브러시를 보관할 수 있는 4개의 작은 슬롯이 특징이며, 중간에 있는 큰 정리함은 아이패드, 노트북 및 미디어 가이드에 적합합니다. 나이트 스탠드 오거나이저 및 엔드 테이블 오거나이저로도 사용하기 좋습니다. 모두를 위한 훌륭한 선물 - 쇼/게임이 시작되고 TV 리모컨을 다시 찾을 수 없는 동안 실망스러울 것입니다. 이 견고한 원격 정리함은 자신과 사랑하는 사람에게 물건을 스타일리시하게 보관할 수 있는 이상적인 선물입니다. 주의 사항 - 이 원격 보관 상자는 PU 가죽으로 수작업으로 제작되었으므로 색상 패턴에 약간의 차이가 있을 수 있으며 정상입니다. 그건 그렇고, 저희는 45일 환불 보장으로 제품을 백업합니다. 언제든지 저희에게 연락해 주시면 만족을 위해 최선을 다하겠습니다.",,"['리모컨', '회전', '정리', '원격', '가죽', '테이블', '오거나이저', '작업', '제작']"
사무용품,파일링 제품,다용도 정리함,,B0BFHM51MH,"펜 홀더 사무용품 책상 오거나이저 캐디 + 스테이플러 + 펜 홀더, 슬라이딩 서랍 1개, 책상 액세서리 수집을 위한 책상 필수품 메시 데스크탑 오거나이저",Neudeco,23531,23531,4.4,224.0,"금속 메시 와이어 【책상용 펜 홀더】Neudeco가 연필 홀더를 새롭게 출시합니다! 책상용 인체 공학적 연필 홀더에는 6개의 수납 공간 + 1개의 슬라이딩 서랍 + 1개의 스테이플러 + 1개의 펜 홀더가 있습니다. 책상을 정리하고 사무실에 편리하게 사용할 수 있는 책상용 펜 오거나이저입니다! 사무실을 준수하기 위해 특별히 제작된 모든 디자인은 완벽한 연필 컵은 사무실 액세서리를 위한 최고의 선택이 될 것입니다. 【초대형 용량】책상 펜 홀더는 모든 책상 용품을 보관할 수 있는 충분한 공간을 제공합니다. 책상 연필 홀더에는 모든 펜과 연필이 8개의 칸이 있으며, 슬라이딩 서랍은 원하는 대로 놓을 수 있으며 책상을 위한 훌륭한 공간을 제공합니다. 사이즈는 다음과 같습니다: 22*11*10.8cm 【다용도】당사의 메시 펜 홀더는 주로 테이프, 스테이플러, 지우개, 눈금자, 펜, 포스트잇 노트, 종이 클립 및 압정과 같은 작은 문구류를 보관하는 데 사용됩니다. 또한 화장품, 주얼리, 휴대폰, 명함 등을 넣을 수도 있습니다. 【프리미엄 소재】경량 메시 금속으로 제작된 이 책상용 책상 펜 정리함은 가벼울 뿐만 아니라 한 번 제작되어 홈 오피스에서 오래 사용할 수 있습니다. 펜 컵은 모든 종류의 펜과 문구류를 빠르게 보관할 수 있도록 도와줍니다 【메시 표면 디자인】책상 용 펜 홀더는 공기 흐름을 촉진하고 먼지가 쌓이는 것을 방지합니다. 다용도, 필기 도구, 가위, 레터 오프너를 담을 수 있는 데스크탑 펜 홀더는 우아하고 사용하기 쉬우며 워크스테이션 어디에나 놓을 수 있어 쉽게 사용할 수 있습니다.",,"['책상', '펜', '홀더', '메시', '연필', '슬라이딩', '스테이플러', '공간', '서랍', '제작']"
사무용품,파일링 제품,다용도 정리함,,B0BS76CT1L,"Annova 메시 책상 정리함, 회전 5칸 원형 회전 깔끔한 캔디/펜 홀더 책상 액세서리 사무실, 미술 용품, 보관, 교실, 가정용(터키석)",Annova,27686,22146,4.7,89.0,"Annova 다양한 색상의 360° 회전이 가능한 새로운 팔각형 메시 책상 오거나이저를 소개합니다. 견고하고 내구성이 뛰어납니다. 프리미엄 품질로 효율적이고 세련된 작업 공간을 위한 이상적인 예술/사무용품 선택입니다. 360° 회전: 360° 회전 기능으로 어떤 각도에서도 소모품에 쉽게 접근할 수 있어 편리하고 빠르게 회수할 수 있습니다. 6칸: 펜, 연필, 가위, 스티커 메모, 명함, 종이 클립 및 기타 사무용품을 보관할 수 있는 충분한 수납 공간을 제공하는 5개의 넓은 칸으로 정리하세요. 스피닝 디자인: 이 책상 정리함의 회전 디자인으로 모든 필수품을 쉽게 꺼낼 수 있어 어수선한 서랍이나 용기를 검색할 필요가 없습니다. 다용도 사용: 미술 용품, 액세서리, 사무용, 교실 및 가정을 포함한 다양한 설정에 적합합니다. 이 다용도 책상 정리함으로 작업 공간을 깔끔하고 효율적으로 유지하세요. 원형 모양, 세련되고 기능적: 독특한 원형 모양으로 눈에 띄며 작업 공간에 현대적이고 매끄러운 터치를 더합니다. 간편한 세척: 메시 소재는 세척이 용이하여 최소한의 노력으로 정리함을 깨끗한 상태로 유지할 수 있습니다. 향상된 정리: 여러 칸과 회전 디자인으로 다양한 유형의 사무용품을 위한 전용 공간을 제공하여 조직을 향상시킵니다.",,"['회전', '정리', '공간', '책상', '칸', '원형', '사무', '작업', '디자인', '메시']"
사무용품,파일링 제품,다용도 정리함,,B09ZTRX6YD,"Fintie 리모컨 홀더, 비건 가죽 TV 리모컨 캐디 데스크탑 오거나이저 5칸 TV 리모컨, 미디어 컨트롤러, 사무용품, 메이크업 브러시에 적합",Fintie,19376,19376,4.8,48.0,"이 원격 스탠드는 최대 5개의 TV 리모컨, 스테레오 리모컨, 사운드바 리모컨 또는 게임 콘솔 미디어 리모컨을 담을 수 있으며 사무용품 데스크탑 오거나이저, 메이크업 브러시 홀더 또는 안경 스탠드로도 사용할 수 있습니다. 평평한 바닥의 안정적인 수직 디자인으로 애플 TV 리모컨, 파이어스틱, Roku 컨트롤 또는 기타 미디어 필수품을 기울이지 않고도 쉽게 사용할 수 있습니다. 리모컨 캐디는 패딩 처리된 비건 가죽 외관과 긁힘 방지 극세사 내부가 있는 고밀도 보드로 제작되어 가볍고 내구성이 뛰어납니다. 치수는 길이 20.3cm(8인치) x 너비 7.1cm(2.8인치) x 높이 10.2cm(4인치)로 많은 공간을 차지하지 않고 모든 커피 테이블, 침실 책상 또는 작업 세련된 디자인으로 거실에 시각적 스타일을 더합니다. 집들이 또는 직업 홍보를 위한 멋진 선물.",,"['리모컨', '미디어', '데스크탑', '사무', '비건', '오거나이저', '브러시', '메이크업', '디자인', '스탠드']"
사무용품,파일링 제품,다용도 정리함,,B08NYL16L7,"PU 가죽 리모컨 홀더 회전 360도 책상 정리함 보관 상자, 리모컨 캐디, TV 가이드, 휴대폰, 펜, 문구 및 미디어 보관용, 침대 옆 테이블 오거나이저(블랙)",RHCSZ,26301,26301,4.8,562.0,"가죽. 완벽한 사이즈: 길이 18.9cm(7.3인치), 너비 13.5cm(5.3인치), 높이 15.5cm(6.1인치), 매우 적합한 크기입니다. 이 다목적 정리함은 커피 테이블, 주방 카운터, 침실 침실용 스탠드, 책상 또는 집과 사무실 어디에나 쉽게 넣을 수 있습니다 적합한 디자인: 당사의 원격 제어 보관함은 회전하기 쉬운 360° 회전 베이스가 함께 제공되어 소파, 안락의자, 테이블 또는 집 주변 어디에나 물건을 넣거나 가져갈 수 있습니다. 5칸 책상 정리함은 리모컨, 사무용품, 미디어 액세서리, 소형 전자 장치 등을 보관하는 데 사용할 수 있습니다. 튼튼하고 견고한 홀더: 고품질 PU 가죽으로 제작되었습니다. 튼튼한 MDF 구조, 훌륭한 수제 장인 정신. 미끄럼 방지 및 방수, 간편한 세척 모든 책상에 적합: 테이블, 화장실, 식당, 거실, 공부방, 침실, 나이트 스탠드 및 사무실 용도로 널리 사용할 수 있습니다. 홈 오피스 정리, 침대 옆 테이블, 커피 테이블, 책상, 화장대의 메이크업 보관, 기숙사 데스크탑 정리에 적합합니다. 훌륭한 선물: 이 책상 정리함은 누구나 사용할 수 있는 실용적인 선물이 될 것입니다. 유용할 뿐만 아니라 스타일리시합니다. 오늘 주문하세요!",,"['정리', '테이블', '책상', '보관', '회전', '가죽', '리모컨', '침실', '스탠드', '침대']"
사무용품,파일링 제품,다용도 정리함,,B09NNB2XD6,"책상 오거나이저, 360도 회전 다기능 펜 홀더, 5칸 데스크탑 문구 오거나이저, 홈 오피스 아트 용품 보관 박스 캐디 (반투명)",kaileyouxiangongsi,20775,17991,4.4,113.0,"360도 회전 디자인: 이 연필 홀더를 돌려 물건을 보관하거나 꺼낼 수 있습니다. 이 보관 정리함은 모든 물건을 손이 닿는 곳에 보관할 수 있습니다. 펜, 연필, 눈금자, 클립, 가위 및 기타 사무실 액세서리를 별도로 정리할 수 있는 5개의 칸이 있는 사무실 플라스틱 책상 오거나이저 잡동사니 제거: 이 책상 액세서리는 사무실 책상이나 조리대를 지저분하지 않게 유지하고 필요한 것을 쉽게 찾을 수 있습니다. 깨끗한 데스크톱은 작업 속도를 높이고 하루 종일 창의력을 발휘할 수 있습니다! 홈 오피스 정리, 학교, 대학 또는 기숙사 데스크탑 오거나이저에 적합합니다 소재: 문구 보관 상자는 환경 친화적이고 무독성 ABS 소재를 사용하여 해를 끼치지 않습니다. 오랫동안 사용할 수 있을 만큼 강하고 견고합니다 다용도 데스크탑 오거나이저: 특히 교실을 위해 설계되었으며 학교 문구류를 잘 정리할 수 있습니다. 내부에 5개의 섹션과 2가지 종류의 방 크기가 있어 펜, 색연필, 크레용, 가위, 페인트 브러시와 같은 다양한 크기의 학용품을 쉽게 정리할 수 있습니다. 좋은 고객 서비스: 제품에 문제가 생기면 저희에게 연락해 주세요. 저희는 최고의 서비스를 제공하기 위해 최선을 다하고 있습니다.",선물은 세상에서 아름다운 것입니다. 사람들 사이의 정서적 의사 소통에 이상적인 매체입니다. 창문을 여는 동안 마음을 통과하는 화려한 햇빛처럼 아름다운 선물을 받는 순간. 왜 회전식 정리함을 선택해야 할까요? 360° 회전 베이스 및 사선 디자인으로 물건을 편리하게 집을 수 있습니다. 육각형 디자인 및 슈프림 디비전은 다양한 크기에 대한 초대형 용량을 보장합니다. 문구 보관 상자는 환경 친화적이고 무독성 ABS 소재를 사용하여 아무런 해를 끼치지 않습니다. 제품 및 패키지 제품 파라미터 색상: 반투명 소재: ABS 소재 제품 크기: 16.5 x 16.5 x 10.2cm,"['정리', '보관', '오거나이저', '책상', '회전', '펜', '물건', '디자인', '사무실']"
사무용품,파일링 제품,다용도 정리함,,B088H5QMKF,"가죽 360° 회전 가능한 리모컨 홀더, 나이트 스탠드 TV 리모컨 캐디, 사무용품 액세서리 책상 오거나이저, 펜, 우편, 전화, DVD, 블루레이, 미디어 플레이어 컨트롤러용 스피닝 보관 상자",Fanousy,24916,24916,4.7,1581.0,"완벽한 사이즈: 너비 18.8cm(7.4인치), 높이 18.8cm(7.4인치), 깊이 13.5cm(5.3인치)의 매우 적합한 사이즈로, 여성용 남성용 데스크탑 액세서리 장식처럼 부풀어 오르는 느낌 없이 모든 조리대에 놓을 수 있습니다 360° 회전 가능한 원격 캐디: 당사의 리모컨 보관함은 회전하기 쉬운 360° 회전 베이스가 있어 소파, 안락의자, 테이블 또는 집이나 아파트 주변 어디에나 물건을 쉽게 넣거나 꺼낼 수 있습니다 튼튼하고 견고한 홀더: 고품질 PU 가죽으로 제작되었습니다. 튼튼한 MDF 구조, 훌륭한 수제 장인 정신. 미끄럼 방지 및 방수, 세척이 쉽습니다. 상자를 열고 조리대에 놓기만 하면 됩니다 데스크탑 액세서리 장식: 5개의 칸, 케이블 박스, TV 액세서리, 로쿠 스트리밍 스틱, 애플 TV, 아마존 파이어 TV, 사운드바 등을 위한 다양한 리모컨을 보관할 수 있는 완벽한 솔루션입니다. 펜, 가위, 휴대폰 등과 같은 사무용품 문구류를 위한 좋은 보관 상자입니다 모든 책상에 적합: 테이블, 화장실, 식당, 거실, 공부방, 침실, 나이트 스탠드 및 사무실 용도로 널리 사용할 수 있습니다. 홈 오피스 정리, 침대 옆 테이블, 커피 테이블, 책상, 화장대에 메이크업 보관, 기숙사 데스크탑 정리에 적합합니다",,"['테이블', '회전', '액세서리', '보관', '리모컨', '데스크탑', '책상', '상자', '나이트', '정리']"
사무용품,파일링 제품,다용도 정리함,,B0CYKVQX32,"메시 펜 홀더, 사무실 문구 보관 상자, 책상 액세서리 보관함, 메모 폴더, 사무용품, 학생, 데스크탑 또는 옷장 정리함 및 보관 메모 홀더, 스티커 메모 디스펜서",Business King,17991,17991,,,"책상 정리: 당사의 메시 책상 캐디는 펜, 연필, 종이 클립 등을 보관하여 사무용품을 정리하고 쉽게 꺼낼 수 있습니다. 견고하고 내구성: 고품질 와이어 메쉬로 제작된 메시 펜 홀더는 오래 지속되는 내구성을 보장하며 일상적인 사용을 견딜 수 있는 견고한 구조를 제공합니다. 쉬운 가시성: 메시 구조로 보관된 물건을 명확하게 볼 수 있어 필요한 것을 빠르고 효율적으로 쉽게 찾을 수 있습니다. 책상 미학 향상: 와이어 메시 책상 캐디의 매끄러운 블랙 디자인은 작업 공간에 우아함을 더하여 정리되고 전문적으로 보입니다. 다기능 보관: 다기능 연필 홀더의 크기는 20.6x10.4x10.4cm(8.1x4.1x4.1인치)입니다. 다양한 사무용품과 화장품을 넣을 수 있는 여러 개의 칸이 있어 매우 실용적입니다.",,"['보관', '메시', '책상', '홀더', '정리', '메모', '펜', '사무', '다기능', '와이어']"
사무용품,파일링 제품,다용도 정리함,,B0B7B7KCPY,"TooCust 가죽 사무실 책상 정리함 블랙, 책상 상단 오거나이저, 남성용 책상 액세서리, 펜 연필 홀더 및 정리용 교사 책상 정리함",TooCust,13282,13282,5.0,4.0,"내구성: 101.6cm(40인치) 높이에서 낙하 테스트, 전혀 문제가 없습니다. 미학적: PU 가죽 외부와 MDF 및 부드러운 플란넬로 제작된 이 펜슬 홀더는 매우 높은 수준의 책상 정리함입니다. 다기능: 물건을 위한 다양한 영역, 명함/펜/연필/휴대폰/리모컨 등. 공간 절약: 모든 작은 물건을 넣을 수 있을 만큼 크며 깔끔한 작업 환경을 제공합니다. 간편한 세척: 무언가를 쏟았을 때 젖은 천을 잡고 표면을 닦기만 하면 됩니다.",,"['책상', '정리', '가죽', '펜', '연필', '물건', '홀더', '교사', '구성', '문제']"
사무용품,파일링 제품,다용도 정리함,,B0BTSLJ791,"DALTACK 자석 서랍 오거나이저 연필 홀더 반원형 연필 캐디 2개, 블랙",DALTACK,13836,13836,4.5,34.0,"[다기능 및 대용량] DALTACK 2팩 마그네틱 펜슬 홀더는 펜, 연필, 마커, 스티커, 가위, 클립, 작은 메모 등과 같은 사무실 액세서리를 완벽하게 정리할 수 있습니다. 마그네틱 펜슬 홀더의 하단에는 8.9 x 7.1cm(3.5 x 2.8인치) 오프닝 구조로 제공되어 작은 물건을 쉽게 찾고 꺼낼 수 있습니다. [강력한 자석] 각 자석 펜 바구니에는 3개의 튼튼한 자석이 장착되어 있습니다. 견고한 네오디뮴 자석이 있는 이 메시 자석 펜 홀더는 냉장고, 화이트보드, 사물함, 식기 세척기, 파일 캐비닛 등과 같은 자석 표면에 단단히 부착할 수 있습니다. [다양한 시나리오] 이 사물함 자석 연필 홀더는 다양한 장면을 위해 완벽하게 설계되었으며, 교실에서 펜 홀더가 필요할 때 사용할 수 있습니다. 작은 물건을 위한 냉장고의 독특한 정리함으로 사용하거나 열쇠용 체육관 사물함에서도 사용할 수 있습니다. [심플하고 견고함] 블랙 스틸 와이어 구조가 특징인 각 마그네틱 마커 홀더는 사무실이나 가정에서 매우 우아하게 보일 뿐만 아니라 구부리거나 변형되기 어렵습니다. 매끄러운 둥근 모서리는 안전한 사용을 보장하고 책상 표면이 긁히지 않도록 보호합니다. [이상적인 선물 & 좋은 도우미] 이 블랙 자석 연필 홀더는 냉장고의 독특한 정리함으로서 집들이 파티에 이상적인 선물입니다. 당사의 자석 펜 홀더 세트는 학교 또는 체육관 사물함에서도 사용할 수 있으므로 부모님이 아이들에게 이 신학기 도구를 준비하기를 기다릴 수 없습니다. 또한, 공유 사무실 공간을 어지럽히는 것을 멈출 수 없는 지저분한 동료에게 훌륭한 힌트입니다!",,"['자석', '홀더', '펜', '연필', '사물함', '사무실', '작다', '정리', '마그네틱', '냉장고']"
사무용품,파일링 제품,다용도 정리함,,B0CDGJXV2M,"테이블용 TV 리모컨 홀더, 책상 정리함 및 액세서리용 360도 회전 펜 홀더, 미디어 컨트롤러/사무용품용 나이트 스탠드 오거나이저 캐디, 거실용 침대 옆 장식",BIBELUN,26301,26301,4.7,177.0,"인조 가죽 책상용 회전 펜 홀더: 360° 회전 받침대, 부드러운 업그레이드. 적절한 스티칭이 있는 참신한 패턴, 완벽한 디테일 솜씨, 거실에 새로운 장식을 더합니다. MDF 목재 구조의 내부와 고급 인조 가죽으로 제작되어 세척이 쉽고 새 것처럼 보관할 수 있습니다. 테이블용 대용량 TV 리모컨 홀더, 제품 크기: 14.8cm x 14.8cm x 11.5cm(깊이x너비x높이); 애플 TV, 아마존 파이어 TV, 로쿠, 케이블 박스, 에어컨, 사운드바 등을 위한 다양한 리모컨을 보관할 수 있는 4개의 칸막이 tv 원격 캐디 오거나이저. 부드러운 안감은 물건을 긁힘으로부터 보호합니다. 책상용 실용적인 펜 홀더: 남성 및 여성용 책상 액세서리 및 작업 공간 오거나이저, 모든 컨트롤러와 사무용품을 편리한 장소에 보관하고 식별이 가능하며 거실, 테이블, 가정 및 사무실을 위한 공간 절약형 장식을 쉽게 사용할 수 있습니다. 남성/여성용 나이트 스탠드 오거나이저 및 책상 오거나이저: TV 액세서리/미술 용품/메이크업 화장대/안경/문구류를 깔끔하고 깔끔하게 보관할 수 있는 다기능 침실 액세서리 보관 상자, 커피 테이블, 작은 테이블, 침실, 거실, 코너 책상, 소파, 카운터 침대 옆 탁자를 정리할 수 있는 완벽한 원격 캐디. 여성/남성을 위한 선물 아이디어, 직업 촉진/집들이/추수감사절/크리스마스/스승의 날. 판지 상자 패키지. BIBELUN의 100% - 질문이 있으시면 언제든지 이메일을 보내주십시오.","리모컨 홀더 - 4칸 TV 리모컨 홀더 360° 부드러운 회전 받침대 다용도 나이트 스탠드 오거나이저 및 TV 원격 캐디 오거나이저 공간 절약 및 데스크톱을 정리할 수 있습니다. 집과 사무실에 쉽게 접근하고 장식하고 강조하세요. 장식 패턴: 소설 & 패션 소재: 인조 가죽 내부 구조: MDF 및 판지 강화 완벽한 디테일: 괜찮은 나일론 스티치 엣지 미끄럼 방지 바닥 및 방수 표면 크기: 14.8 x 14.8 x 11.5 cm, 판지 상자에 포장 ----------지저분한 데스크톱과 작별 인사----------","['홀더', '오거나이저', '책상', '장식', '리모컨', '테이블', '거실', '액세서리', '회전']"
사무용품,파일링 제품,다용도 정리함,,B08MJ54568,"대나무 360° 회전 미술 용품 정리함 - Darfoo 사무용품 책상 오거나이저, 8개의 칸과 손잡이가 있는 책상용 색연필 홀더 오거나이저, 대용량 보관",DF DARFOO,40151,40151,4.6,159.0,"✅【특허 출원 중】모든 침해는 기소됩니다. Darfoo Home은 고객의 우려 사항을 처리합니다 【360° 회전】Lazy Susan 스피닝 데스크. 탑 오거나이저는 고품질 베어링 조인트가 있어 연필 보관 캐디를 부드럽고 쉽게 회전할 수 있습니다. 깔끔하고 깔끔하며 더 이상 어수선한 책상이 없습니다 【다기능】이 회전 책상 정리함은 다양한 장소에서 다용도로 사용할 수 있도록 제작되었습니다. 9개의 칸으로 매일 사용할 수 있습니다. 4개의 탈착식 배플은 정확한 필요에 따라 조절할 수 있으며 깔끔하고 더 이상 어수선한 책상이 없습니다. 【고품질】100% 정제된 천연 단단한 대나무, 내구성. 바닥에 미끄럼 방지 실리콘 패드로 정리함이 테이블 위에 앉을 수 있도록 합니다. ✅【 이상적인 책상 정리함】Darfoo 책상 펜 연필 홀더, 9개의 칸, 색연필, 마커, 크레용 및 페인트 브러시용.",,"['책상', '회전', '정리', '깔끔하다', '칸', '오거나이저', '대나무', '보관', '색연필', '어수선하다']"
사무용품,파일링 제품,다용도 정리함,,B08DN9HGBM,"WuGeShop 목재 리모컨 홀더 4칸, 소박한 나무 테이블 리모컨 캐디, 컨트롤러, 휴대폰, 문구류, 사무용품용 다용도 데스크탑 TV 원격 보관 정리함",WuGeShop,20761,20761,4.5,594.0,"✅ 독특한 장붓구멍 장부 디자인: 농가 나무 연필 캐디는 전통 중국 장붓구멍 장부 디자인으로 디자인되어 책상에 독특한 풍경이 될 것입니다 직접 해보세요: 어떤 방향으로든 놓거나 수평으로 놓거나 다른 각도로 놓을 수 있으며 다양한 색상을 그리거나 칠할 수도 있습니다. 창의력을 발휘하세요 ✅ 다양한 사용: 원격 보관 정리함은 다른 각도로 테이블 위에 놓을 수 있습니다. 책상 위에 장식물을 넣을 수도 있지만 가정, 사무실, 침실, 공부방, 직장에서 사용할 수 있습니다. ✅ 다용도 보관: 4개의 칸 리모컨 홀더는 휴대폰, 미디어 리모컨, 메이크업 브러시, 사무용품 등을 정리하기에 적합합니다. 항목을 검색할 필요가 없어 공부나 직장에 시간을 절약할 수 있습니다 대략적인 크기: 25.7 x 9.1 x 9.9 cm 길이 x 너비 x 높이 9.9 cm, 리모컨, 미디어 보관뿐만 아니라 사무용품, 미용 제품에도 다용도로 사용할 수 있습니다",,"['리모컨', '보관', '다용도', '사무', '디자인', '정리', '장붓', '독특하다', '미디어', '각도']"
사무용품,파일링 제품,다용도 정리함,,B0CDWX7B7N,"그린 마그네틱 펜슬 컵, 화이트 라커 오거나이저, 강력한 자석이 있는 연필 보관 컵, 화이트보드용 마커/펜 바구니, 냉장고, 사물함 액세서리, 학교 및 사무용품",LGCLGY,12451,12451,4.6,379.0,"자석 펜슬 홀더: 자석 마커 홀더에는 뒷면에 큰 조각이 장착되어 있어 바구니의 물건이 미끄러지거나 표면에서 떨어지지 않습니다. 사이즈: 이 마그네틱 드라이 지우개 마커 홀더의 치수는 약 4.2 x 12.5 x 11.7cm(1.65 x 5.9 x 4.6인치)입니다. 충분한 공간으로 더 많은 물건을 정리할 수 있습니다. 다용도: 자석 펜 홀더는 가정, 학교 및 사무실에 적합하며 화이트보드, 냉장고, 식기 세척기, 세탁기, 사무실 책상, 사물함 액세서리 또는 열쇠용 체육관 사물함 등에 사용할 수 있습니다 프리미엄 품질 및 디자인: 마그네틱 펜슬 홀더는 프리미엄 ABS 수지 소재와 자석으로 만들어져 내구성이 뛰어나고 견고하며 장시간 사용할 수 있으며 친환경적이며 무독성이며 냄새가 없으며 완벽하게 안전합니다. 움직일 수 있는 칸막이와 내부 슬롯 3개, 칸막이를 조정하여 공간을 나누거나 특정 요구 사항에 맞게 제거합니다. 간단하고 유용함: 냉장고용 직사각형 자석 컵은 마커 펜, 화이트보드 지우개, 눈금자, 연필, 클립 및 가위를 잘 정리할 수 있습니다. 심플한 디자인으로 많은 편리함을 제공합니다. 마커/펜 바구니",,"['자석', '홀더', '화이트보드', '마그네틱', '바구니', '펜슬', '컵', '사물함', '물건', '마커펜']"
사무용품,파일링 제품,다용도 정리함,,B096K3Y58K,"HofferRuffer 스피닝 리모컨 홀더, 원격 캐디, 360도 회전 가능한 리모컨 오거나이저, 데스크탑 오거나이저 캐디 홀더, PU 인조 가죽 (클래식 블랙)",HofferRuffer,27561,27561,4.7,90.0,"다용도 정리함은 커피 테이블, 주방 카운터, 침실 침실용 탁자, 책상 또는 집과 사무실 어디에나 너무 많은 공간을 차지하지 않고 쉽게 보관할 수 있습니다. 5개의 구획 디자인으로 리모컨부터 펜과 펜까지 모든 것을 담을 수 있어 책상을 더 깔끔하게 정리할 수 있습니다. 하단에 360° 회전 디자인. 스투를 분류하는 데 도움이 되는 5개의 그리드로 구성되어 있습니다 이 미디어 오거나이저는 우아하고 내구성이 뛰어난 PU 가죽으로 덮여 있으며 섬세한 스티칭이 있어 홈 데코를 세련되고 세련되게 보이게 합니다. 리모컨 홀더 또는 미디어 오거나이저가 필요한 남성을 위한 훌륭한 선물 아이디어, 유용할 뿐만 아니라 세련된 제품입니다. 크기: 18.5 x 13.7 x 15.2cm",,"['리모컨', '오거나이저', '홀더', '세련되다', '디자인', '가죽', '펜', '구성', '회전']"
사무용품,파일링 제품,다용도 정리함,,B01E927BXI,"UnionBasic 다채로운 PU 가죽 360도 회전 가능한 리모컨/컨트롤러 오거나이저, 스피닝 TV 가이드/우편/미디어 데스크탑 오거나이저 캐디 홀더 (퓨어 블랙)",UnionBasic,29071,30456,4.8,1117.0,"인조 가죽 정리: 5개의 구획 전자 오거나이저 원격 캐디는 원격 제어 정리 캐디, 회전 책상 정리함으로 사용하거나 다른 미디어 장치를 배치하여 쉽게 사용할 수 있습니다 모든 것을 쉽게 꺼낼 수 있습니다: 회전 베이스로 모든 물건을 쉽게 꺼낼 수 있습니다 견고한 구조: 고밀도 보드와 PU 가죽으로 제작되어 내구성이 뛰어나고 견고합니다 완벽한 사이즈 - 너비 17.5cm(6.9인치), 높이 14.5cm(5.7인치), 깊이 14cm(5.5인치)의 액세서리 TV 홀더는 커피 테이블이나 책상에 쉽게 맞습니다. 전체 표면을 차지하지 않고 어디에나 놓을 수 있습니다 집에 포인트를 주세요: 거실을 활성화하는 다채로운 디자인으로 집안 장식을 세련되고 세련되게 유지합니다",,"['회전', '가죽', '오거나이저', '정리', '세련되다', '책상', '홀더', '미디어', '원격']"
사무용품,파일링 제품,다용도 정리함,,B0B8CG4GLV,"Neudeoc 사물함 정리함 및 액세서리 키트, 메시 사물함 선반 및 자석 펜 홀더 포함, 학교, 직장, 주방 및 욕실에 적합 (4팩, 화이트)",Neudeco,48197,48197,4.4,330.0,"[쌓을 수 있는 다용도] 이 자석 오거나이저로 사물함을 정리하세요. 쌓을 수 있는 선반에는 책, 가방 및 용품을 보관할 수 있으며, 자석 바구니와 홀더는 펜, 연필 및 마커를 제자리에 보관합니다. 칸막이 선반을 사용하여 코스별로 책을 정리하세요. 체육관, 직장 또는 학교에 적합합니다 [ 완벽한 사이즈] 너비 27.9cm(11인치) x 깊이 25.4cm(10인치) x 높이 30.5cm(12인치) 크기의 이 사물함 선반은 표준 학교 사4팩으로 제공되며 접이식 보관함 선반 2개와 자석 펜 홀더 2개가 포함되어 있습니다. 작은 공간에 모든 물건을 쉽게 보관할 수 있습니다. [세련되고 내구성] 당사의 사물함 정리함은 파워 코팅이 된 견고하고 가벼운 금속 메시로 제작되었습니다. 포함된 자석 펜과 연필 홀더, 마커 홀더 및 기타 액세서리는 모두 고품질 금속 메시로 만들어져 내구성을 보장합니다 [쉬운 사용] 이 사물함 정리함은 조립이 필요하지 않습니다. 펼치고 사물함 안에 넣기만 하면 됩니다. 자석 펜 홀더를 사용하면 사물함에 쉽게 사용할 수 있으므로 원하는 대로 보관 공간을 맞춤 설정할 수 있습니다. 청소가 필요한 경우 마른 천으로 닦아내기만 하면 됩니다 [선물용으로 완벽] 당사의 사물함 정리함 및 액세서리는 사물함이나 작업 공간을 정리해야 하는 모든 사람에게 훌륭한 선물입니다. 세련된 디자인과 실용적인 기능으로 학생, 교사 및 전문가 모두에게 사려 깊고 유용한 선물입니다.",,"['사물함', '정리', '홀더', '자석', '펜', '선반', '액세서리', '공간', '선물', '보관']"
사무용품,파일링 제품,다용도 정리함,,B0C1N17KD4,EOOUT 로즈 골드 책상 오거나이저 사무실 정리함 및 액세서리 귀여운 사무용품 연필 홀더 여성용 책상,EOOUT,26301,26301,4.8,135.0,"패키지 구성: 이 패키지에는 8.6"" x 4.3"" x 4.1"" 메시 책상 정리함이 포함되어 있으며 8개의 칸과 1개의 서랍이 있습니다. 크기는 정교하며 문구류와 사무용품을 보관하기에 충분합니다. 고품질 소재: 이 로즈 골드 책상 정리함은 파우더 코팅 금속으로 만들어져 내구성이 뛰어나고 쉽게 구부러지지 않습니다. 펜슬 홀더 바닥에 미끄럼 방지 패드가 있어 미끄러지거나 긁히지 않습니다. 기능적인 디자인: 사무용품 정리함에는 다양한 크기와 모양의 8개의 다른 칸이 있어 모든 종류의 문구 또는 사무용품을 보관할 수 있습니다. 간편한 사용: 책상용 펜 오거나이저는 통합 디자인입니다. 조립할 필요가 없으며 사용 중에 부서지지 않습니다. 다양한 용도: 이 상자는 사무실, 교실 및 가정에 이상적인 책상 보관함입니다. 작은 문구 용품, 스티커 메모장, 가위, 테이프, 스테이플러, 플래시 드라이브, 지우개, 고무 밴드, 화이트 아웃, 눈금자, 펜, 연필, 종이 클립, 형광펜, 마커, 접착제, 심지어 화장품, 메이크업, 주얼리, 립스틱, 열쇠 및 독서용 안경을 보관할 수 있습니다.",,"['책상', '사무', '정리', '펜', '구성', '보관', '연필', '문구', '디자인', '칸']"
사무용품,파일링 제품,다용도 정리함,,B0CPLTHV6G,"Marte Vanci 서랍이 있는 책상 정리함, 책상 깔끔한 캐디, 귀여운 데스크탑 문구 정리함, 플라스틱 메이크업 보관 상자, 홈 오피스 공예용 다기능 책상 액세서리 화이트",Marte Vanci,15221,15221,3.0,1.0,"1. 올인원 디자인---이 귀여운 책상 정리함에는 눈에 띄는 서랍 1개와 분리된 칸 6개가 포함되어 있습니다. 전체 크기는 18x12x10.3cm/7.08x4.72x4.05인치로 학교 사무용품을 깔끔하게 정리하면서 공간을 적게 차지합니다. 2. 다용도: 이 컴팩트한 데스크탑 정리 정리함은 필요한 펜, 크레용, 스티커 메모, 포스트잇, 종이 클립, 민트 및 작은 공예 재료 등과 같은 홈 오피스 용품을 보관하기에 이상적입니다. 립스틱, 로션, 향수 등과 같은 메이크업 필수품에도 적합합니다. 3. 쉬운 접근: 이 작은 책상 오거나이저는 각 칸의 물건을 빠르게 꺼낼 수 있습니다. 서랍에 귀여운 토끼 손잡이가 있어 쉽게 꺼낼 수 있으며 쉽게 움직일 수 있는 손잡이가 있습니다. 서랍은 투명한 디자인으로 필요한 것을 쉽게 찾을 수 있습니다. 4. 내구성 및 세련됨: 고품질 PP 소재로 제작된 이 데스크탑 메이크업 정리함은 가장자리가 매끄럽고 내구성과 안전성을 보장합니다. 두 가지 세련된 색상(화이트와 핑크)으로 제공되며, 공간을 최대화하고 모든 것을 깔끔하게 정리하면서 심플하고 매끄러운 외관을 가지고 있습니다. 5. 귀여운 책상 액세서리: 귀엽고 세련된 외관의 이 책상 보관 캐디는 가정 화장대, 화장대, 학교 책상 등에 환상적인 추가 아이템입니다. 또한 다양한 상황에 사랑스럽고 실용적인 선물이 됩니다.",,"['정리', '책상', '귀엽다', '서랍', '데스크탑', '메이크업', '보관', '세련되다', '깔끔하다', '매끄럽다']"
사무용품,파일링 제품,다용도 정리함,,B0BG5L76ZG,"투명 아크릴 책상 정리함, 펜, 필기 및 교정 용품 10칸, 사무실, 학교 및 가정용으로 이상적",NiOffice,51231,51231,4.9,25.0,"✔️【다기능 디자인】이 귀여운 책상 펜과 연필 정리함은 다양한 크기와 모양의 10개의 분리된 칸과 슬라이딩 서랍이 특징입니다. 연필, 펜, 형광펜, 마커, 가위, 스티커 메모, 테이프, 스테이플러, 종이 클립 및 모든 데스크탑 액세서리를 편리하게 정리할 수 있습니다. 메이크업 브러시, 매니큐어, 립스틱 등과 같은 다른 작은 개인 용품에도 적합합니다. ✔️【프리미엄 소재 및 탁월한 기술】이 투명 아크릴 보관 랙은 매끄러운 가장자리와 우아한 외관을 가진 고품질 아크릴 플렉시 유리로 만들어져 성능과 미적 사이의 좋은 균형을 이룹니다. 책상 오거나이저 바닥에 미끄럼 방지 발이 있어 안정적으로 유지하고 책상을 긁힘으로부터 보호합니다. ✔️【독특하고 세련된 데스크탑 장식】이 아크릴 책상 오거나이저의 투명한 디자인은 전통적인 나무 또는 플라스틱 보관 상자보다 더 매력적이며 모든 방 설치에 이상적입니다. 이 정교한 책상 정리 랙은 바쁜 작업 시간 동안 휴식과 편안함을 제공하며 작업 효율성을 향상시킵니다. ✔️【쉬운 사용】서랍을 위한 삼각형 크리스탈 손잡이를 디자인하여 서랍을 꺼내기 편리합니다. 아크릴 책상 정리함은 조립되어 배송되므로 포장을 풀기만 하면 바로 사용할 수 있습니다. ✔️【완벽한 선물】이 다목적 사무용품 정리함은 지저분한 책상에서 멀리하고 잘 정리할 수 있도록 도와줍니다. 가족과 친구들이 즐거운 직장이나 공부공간을 만들 수 있는 훌륭한 선물입니다. 사무실, 학교, 가정, 상점 등에 적합합니다. 실용적인 디자인과 공간을 적게 차지하는 컴팩트한 사이즈: 27.3cm x 15.4cm x 26.5cm.",,"['책상', '정리', '아크릴', '디자인', '펜', '서랍', '편리하다', '작업', '보관', '칸']"
사무용품,파일링 제품,다용도 정리함,,B0CD7K142N,"책상 연필 펜 홀더, 6개의 슬롯 360° 회전 연필 펜 정리함, 책상, DIY 펜 홀더, 데스크탑 보관 문구 용품 정리함, 사무실, 학교, 가정, 미술 용품용 귀여운 연필 컵 냄비",ZQS,11066,11066,4.2,114.0,"360도 회전 데스크탑 오거나이저: 이 문구 정리함은 왼쪽과 오른쪽으로 360도 회전할 수 있으며 매우 부드럽게 회전하며 걸리지 않습니다. 원하는 각도로 회전하여 원하는 물건을 쉽게 보관하거나 꺼낼 수 있으며, 문구 용품을 정리하고 쉽게 찾을 수 있어 생산성을 높일 수 있습니다. DIY 펜 홀더: 5개의 대용량 고정 칸+1개의 DIY 이동식 칸, 총 6개의 칸, 이 데스크탑 펜 오거나이저는 다양한 요구 사항을 충족하기 위해 다양한 높이의 슬롯 3개가 있습니다. 쉬운 분류 보관을 달성하고 시간을 절약하고 작업 효율성을 향상시킵니다. 고정식 책상 보관 크기: 12cm * 12cm * 13cm 다용도 책상 오거나이저: 이 데스크탑 오거나이저는 사무실, 집, 욕실, 거실, 침실, 화장대, 옷장, 작업대 및 사무실, 문구류, 메이크업, 욕실 액세서리 및 작업대 도구를 보관하는 데 사용되는 조리대 등 모든 공간에 적합합니다. 클래식한 스타일로 이 스피닝 오거나이저는 모든 사무실이나 홈 데코와 조화를 이루는 다용도 룩을 제공합니다. 따뜻하고 귀여운 색상이 매력을 더하고 물건을 정리할 수 있습니다. 견고함 및 내구성: 이 펜 홀더 오거나이저는 환경 친화적이고 무독성 ABS 소재로 만들어져 해를 끼치지 않습니다. 오랫동안 사용할 수 있을 만큼 강하고 견고합니다. 시간이 지나도 쉽게 갈라지거나 노랗거나 변색되지 않으며 쉽게 닦아낼 수 있습니다. 매우 매끄러운 표면과 둥근 모서리는 물건과 자신을 다치게 하지 않습니다. 가정, 학교 또는 사무실에서 필요하든 이 연필 홀더는 항상 여러분의 요구를 충족합니다! 완벽한 선물: 이 회전 연필 홀더는 자신, 어린이, 가족, 친구 또는 비즈니스 파트너, 사무실의 누군가 또는 인생의 특별한 사람에게 좋은 선물입니다. 좋은 쇼핑을 하시길 바랍니다. 제품에 문제가 있는 경우 즉시 이메일로 연락하시면 제 시간에 문제를 해결해 드리겠습니다.",,"['회전', '사무실', '펜', '홀더', '보관', '연필', '정리', '책상', '데스크탑', '문구']"
사무용품,파일링 제품,다용도 정리함,,B081K9R9P5,mDesign 사무실용 나무 대나무 서랍 정리함 - 책상 서랍/캐비닛용 22.9cm(9인치) 길이의 쌓을 수 있는 보관 박스 트레이 - 정크 서랍 및 액세서리 정리 - 에코 컬렉션 - 2팩 - 천연 목재,mDesign,27686,27686,4.1,111.0,"간편한 보관: 이 작은 통은 책상 서랍 내부, 선반 위 또는 책상 위에 깨끗하고 정리된 사무실 공간을 만드는 데 적합합니다. 추가 사무용품을 보관하기에 좋습니다. 나란히 또는 다른 크기와 함께 사용하여 가장 적합한 보관 솔루션을 만듭니다. 주방 서랍이나 캐비닛, 찬장, 식료품 저장실 선반 또는 공예 공간의 보관을 극대화하는 데에도 좋습니다. 2개 세트 쌓을 수 있음: 서랍 정리함은 작업 용품과 필수품을 분리하고 책상 또는 서류 캐비넷 서랍을 간소화합니다. 펜, 연필, 형광펜, 스티커 메모, 푸시 핀, 계산기, 스테이플러, 메모장, 마커, 바인더 클립 및 기타 장치를 정리하고 분류하는 데 사용합니다. 쌓거나 나란히 사용하세요 기능성 및 다용도: 가정의 많은 방을 위한 훌륭한 서랍 정리함; 사무실 책상 서랍에 종이 클립, 푸시 핀, 테이프, 스테이플 및 기타 용품을 정리할 수 있습니다. 욕실 화장대 서랍에 넣어 면봉, 메이크업, 립스틱, 아이섀도우, 윤곽 팔레트, 핀셋 및 속눈썹 컬러를 깔끔하게 정리할 수 있습니다. 공예가는 공예 도구, 주얼리 발견 및 스크랩북을 정리하는 데에도 편리합니다. 공급 공급 고품질 구조: MDF 베이스가 있는 내구성 있는 대나무로 제작되었습니다. 간편한 관리: 젖은 천이나 순한 비누와 물로 닦으십시오. 세탁 후 완전히 말리십시오. 물에 담그지 마십시오 사려 깊은 사이즈: 각 치수는 22.9cm x 15.2cm x 5cm 높이입니다",,"['서랍', '정리', '보관', '책상', '공예', '대나무', '클립', '사무실', '사무']"
사무용품,파일링 제품,다용도 정리함,,B0CSD8PQ3J,손잡이가 달린 캐디 오거나이저 (화이트),Generic,22118,22118,5.0,1.0,"다용도 - 이 캐디 오거나이저는 개인의 필요에 맞는 탈착식 칸막이가 있는 5개의 섹션이 있습니다. 공예 캐디 오거나이저, 작은 청소 캐디 및 휴대용 토트백으로 사용하세요. 간편한 청소 - 손잡이가 달린 보관 캐디로 청소 용품을 정리할 수 있으며 동시에 이동 중에도 휴대할 수 있는 손잡이가 달린 캐디를 사용할 수 있습니다. 휴대용 정리함 - 손잡이 캐디가 있는 작은 캐디 오거나이저는 거의 모든 곳에 적합합니다. 이 버킷 오거나이저를 매장 보관 정리함 또는 이동 중 토트백으로 사용하세요. 배수 구멍 및 미끄럼 방지 그립 - 플라스틱 공구 토트백은 하단 외부 모서리에 미끄럼 방지 그립과 배수 구멍이 있어 다양한 용도에 적합합니다.",손잡이가 달린 공구 캐디는 무게가 2.5kg(1파운드) 미만으로 집 주변이나 이동 중에도 캐디 정리함으로 휴대할 수 있습니다. 휴대용 사이즈는 크레용 오거나이저 및 보관 또는 청소용 버킷 캐디와 같은 다목적 사용에 적합합니다. 캐디 오거나이저의 크기는 24x15.4x17cm입니다. 일상적인 필요에 맞게 화이트 또는 핑크 색상의 두 가지 변형이 있습니다. 내부에 필수품을 넣어 선물 바구니로 사용하세요. 화이트 색상은 성별 중립적이며 핑크는 핑크 애호가를 위한 것입니다. 캐디 오거나이저는 폴리프로필렌으로 제작되었습니다. 폴리프로필렌은 친환경 플라스틱 소재이므로 어린이 미술 캐디로 적합합니다. 이 소재는 관리가 쉽고 순한 수프와 물만 있으면 됩니다. 식기 세척기 내부에서 사용하지 마십시오. 또한 쌓을 수 있어 보관 정리함 및/또는 손잡이가 달린 휴대용 정리함으로 적합합니다. 캐디 오거나이저에는 개인의 필요에 맞는 탈착식 칸막이 1개가 함께 제공됩니다. 탈착식 칸막이는 섹션 디스크를 홈 중앙에 밀어 넣어 쉽게 놓고 제거할 수 있습니다. 특별한 사람을 위한 선물 바구니를 만들거나 단순히 가정용품을 정리하는 날씨에 이 캐디는 모두에게 적합합니다.,"['정리', '휴대', '손잡이', '청소', '보관', '필요', '탈착', '이동', '오거나이저', '화이트']"
사무용품,파일링 제품,다용도 정리함,,B0CBV6TS21,"책상용 360도 회전 연필 정리함, 회전 책상 정리함 캐디, 5개의 탈착식 수납 공간 포함, 사무실 학교 홈 아트 용품 메이크업 및 주방 사용",waremew,17991,17991,3.0,1.0,"【360도 회전 오거나이저 디자인】이 책상용 펜 오거나이저는 최대 360도 회전이 가능합니다. 끼이지 않고 부드럽게 회전합니다. 접근하기 쉽고 어떤 각도에서도 쉽게 꺼낼 수 있으며 항상 책상을 깔끔하게 정리할 수 있습니다. 참고: 연령: 6세 이상. 【다기능 데스크탑 고정 정리함】- 연필컵은 세심한 5슬롯 디자인으로 제공되며, 각 슬롯은 자유롭게 분해할 수 있어 다양한 높이의 문구 용품을 쉽게 분류할 수 있어 연필, 펜, 눈금자, 가위, 연필 칼 등을 쉽게 잡고 분류할 수 있습니다. 다양한 펜을 찾는 시간을 절약하세요. 【내구성이 뛰어나고 강한 ABS 소재】- 이 펜 홀더는 고품질의 내구성이 뛰어난 ABS 플라스틱으로 제작되었습니다. 쉽게 갈라지거나 변형되지 않습니다. 일반적인 세척에서는 천으로 부드럽게 닦거나 물로 씻기만 하면 오랫동안 사용할 수 있습니다. 내구성이 뛰어난 회전식 마커 프레임은 테이블 마감을 위한 최고의 선택입니다. 【다양한 사용】책상을 위한 회전 펜 홀더로 사용할 수 있을 뿐만 아니라 메이크업 브러시 홀더 오거나이저, 메이크업 브러시 컵 등으로 사용하기에 적합합니다. 모든 크기의 화장품 메이크업 브러시, 눈썹 연필, 아이라이너, 헤어 액세서리, 매니큐어, 네일 브러시 및 립스틱을 보관하고 보관하기에 적합합니다. 【완벽한 선물】- 이 책상용 연필 홀더는 더 편안하고 편리하며 깔끔한 작업 환경을 조성하고 작업 효율성을 향상시키는 데 도움이 됩니다. 직원을 위한 완벽한 구성이며 자신, 어린이, 학생, 친구, 동료 및 교사를 위한 훌륭한 선물입니다.",,"['회전', '책상', '연필', '펜', '정리', '브러시', '홀더', '메이크업', '구성', '보관']"
사무용품,파일링 제품,다용도 정리함,,B0C69LZTQL,"스퀘어 가죽 360° 회전 가능한 펜슬 홀더, 리모컨 홀더, 스피닝 침대 옆 TV 리모컨 캐디, 펜, 미디어 컨트롤러, 휴대폰, 안경, 사무용품 보관 상자용 데스크탑 정리함 (블루)",RHCSZ,24916,24916,4.9,46.0,"완벽한 사이즈: 길이 18.9cm(7.3인치), 너비 13.5cm(5.3인치), 높이 15.5cm(6.1인치), 매우 적합한 크기입니다. 이 다목적 정리함은 커피 테이블, 주방 카운터, 침실 침실용 스탠드, 책상 또는 집과 사무실 어디에나 쉽게 넣을 수 있습니다 적합한 디자인: 당사의 원격 제어 보관함은 회전하기 쉬운 360° 회전 베이스가 함께 제공되어 소파, 안락의자, 테이블 또는 집 주변 어디에나 물건을 넣거나 가져갈 수 있습니다. 5칸 책상 정리함은 리모컨, 사무용품, 미디어 액세서리, 소형 전자 장치 등을 보관하는 데 사용할 수 있습니다. 튼튼하고 견고한 홀더: 고품질 PU 가죽으로 제작되었습니다. 튼튼한 MDF 구조, 훌륭한 수제 장인 정신. 미끄럼 방지 및 방수, 간편한 세척 모든 책상에 적합: 테이블, 화장실, 식당, 거실, 공부방, 침실, 나이트 스탠드 및 사무실 용도로 널리 사용할 수 있습니다. 홈 오피스 정리, 침대 옆 테이블, 커피 테이블, 책상, 화장대의 메이크업 보관, 기숙사 데스크탑 정리에 적합합니다. 훌륭한 선물: 이 책상 정리함은 누구나 사용할 수 있는 실용적인 선물이 될 것입니다. 유용할 뿐만 아니라 스타일리시합니다. 오늘 주문하세요!",,"['정리', '책상', '테이블', '보관', '리모컨', '침실', '회전', '홀더', '사무', '데스크탑']"
사무용품,파일링 제품,다용도 정리함,,B09QRJBZBQ,"Storex 2칸 대형 공예 캐디 - 손잡이가 달린 다용도 교실 정리함, 그린, 1팩 (00956C06C)",Storex,24126,24126,,,"2개의 큰 칸이 있는 분할 캐디 잡고 이동할 수 있는 몰드 컴포트 그립 핸들 공예 재료, 청소 용품 및 도구를 담을 수 재미있고 밝은 색상은 STEM 색상 코딩에 적합합니다 식기 세척기 사용이 가능하여 세척 및 위생이 쉽습니다","다용도 Storex 대형 캐디로 필요한 물품을 보관하세요. 가정, 사무실 또는 교실 주변에서 물건을 편리하게 분류하고 운반할 수 있도록 설계되었습니다. 이 용품 캐디에는 두 개의 분리된 칸과 운반 손잡이가 있어 다음 활동을 쉽게 정리할 수 있습니다. 두 개의 분리된 칸은 다양한 공예 재료, 청소 용품 또는 하드웨어를 보관하기에 적합합니다. 둥근 손잡이로 작은 손으로도 캐디를 제자리에 옮길 수 있습니다. 또한, 내구성이 뛰어난 플라스틱 소재는 완전히 세척 가능하며 식기 세척기 사용이 가능하여 세척과 위생이 쉽습니다. Storex 대형 캐디로 옷장에서 작업대로 물품을 빠르고 간단하게 가져갈 수 있습니다.","['세척', '칸', '손잡이', '공예', '대형', '가능하다', '다용도', '청소', '보관', '물품']"
사무용품,파일링 제품,다용도 정리함,,B08MJ9KKLF,"Bamboo 360° 회전 미술 용품 정리함 - Darfoo 책상용 펜 연필 홀더 오거나이저, 9칸 포함, 색연필, 마커, 크레용 페인트 브러시용 책상 정리함",DF DARFOO,40151,40151,4.8,191.0,"대나무 【특허 출원 중】Lazy Susan 스피닝 데스크탑 오거나이저는 특허를 받았으며 모조품에 대한 걱정 없이 마음의 평화를 보장합니다. Darfoo Home은 고객의 우려를 염려합니다. 【360° 회전 디자인】고품질 베어링 조인트로 연필 보관 캐디가 부드럽게 회전하고 모든 용품을 쉽게 꺼낼 수 있습니다. 어수선한 책상과 작별 인사를 하고 깔끔하고 정리된 작업 공간을 만나보세요. 【다양한 용도】이 회전 책상 정리함은 다양한 장소에서 다용도로 사용할 수 있도록 설계되었습니다. 9개의 칸과 4개의 탈착식 배플로 정확한 필요에 맞게 조절할 수 있어 가정, 학교 또는 사무실에 적합합니다. 【프리미엄 품질 소재】100% 천연 단단한 대나무로 제작된 책상 정리함은 오래 사용할 수 있도록 제작되었습니다. 바닥의 미끄럼 방지 실리콘 패드로 정리함이 책상에서 안정적으로 유지됩니다. 【이상적인 책상 정리함】대나무 미술 용품 정리함 - 9개의 칸이 있는 Darfoo 책상 펜 연필 홀더, 색연필, 마커, 크레용 및 페인트 브러시용",,"['정리', '책상', '회전', '칸', '연필', '브러시', '미술', '제작', '색연필', '정리함']"
사무용품,파일링 제품,다용도 정리함,,B071FC4KN1,"Desk Supplies 사무실 정리함 캐디 (핑크, 34 x 13 x 18 cm) JackCubeDesign-: MK268D",J JACKCUBE DESIGN,22146,22146,4.6,332.0,세련된 디자인과 견고한 구조 - 책상 오거나이저는 고품질 가죽으로 만들어져 매일 사용할 수 있도록 내구성이 뛰어납니다 시간과 스트레스 절약 - 필요한 물건을 찾는 것보다 중요한 일에 집중하는 데 더 많은 시간을 보내십시오. 필요한 물건을 가까이에 보관할 수 있습니다. 다기능 맞춤 제작 - 이 정리함은 9개 이상의 섹션이나 공간이 있어 물건을 보관할 수 있는 더 많은 공간을 제공합니다. 고급 보관 상자 - 이 책상 정리 상자는 사무실 또는 간단한 보관 솔루션이 필요한 모든 곳에 이상적입니다. 선물 또는 스스로 사용하기에 가장 좋습니다 - 지저분한 책상을 정리하거나 친구 또는 동료에게 환상적인 선물이 될 수 있는 최고의 선택입니다.,,"['정리', '물건', '책상', '공간', '보관', '사무실', '선물', '상자', '고급', '구성']"
사무용품,파일링 제품,다용도 정리함,,B0BGQBXDN1,pbf 책상용 투명 아크릴 펜 홀더 | 투명 연필 홀더 | 화장대용 아크릴 메이크업 브러시 홀더 | 펜 정리함 | 책갈피 홀더 | 연필 컵 | 책상 정리함 (골드 글리터),pbf PHOTO BOOTH FRAMES,9681,9681,4.7,46.0,다용도 홀더 - 펜과 연필부터 메이크업 브러시 및 책갈피에 이르기까지 다양한 물건을 보관할 수 있도록 완벽하게 설계된 아크릴 홀더는 모든 공간에 실용적인 정리 도구입니다. 모던하고 심플함 - 이 매끄러운 아크릴 펜슬 홀더로 작업 공간이나 메이크업 공간을 향상시키세요. 미니멀한 디자인은 어떤 장식에도 잘 어울리며 필수품을 정리하면서 깔끔하고 현대적인 룩을 제공합니다. 내구성 및 내구성 - 고급 아크릴로 제작된 이 연필 홀더는 강도와 스타일을 결합하여 필수품을 눈에 띄고 정리할 수 있어 접근성과 편리함을 향상시킵니다. 효율적인 정리 - 작지만 넓은 아크릴 메이크업 브러시 홀더로 작업 공간을 극대화하세요. 책상이나 화장대를 깔끔하게 유지하여 모든 것이 제자리에 있도록 합니다. 조절 가능한 보관 - 필기 도구나 미용 제품뿐만 아니라 이 다용도 아크릴 홀더는 변화하는 요구 사항에 쉽게 적응할 수 있어 다양한 물건을 정리할 수 있는 귀중한 액세서리입니다.,,"['홀더', '정리', '아크릴', '연필', '메이크업', '공간', '책상', '브러시', '펜', '깔끔하다']"
사무용품,파일링 제품,다용도 정리함,,B08P3N46S6,"가죽 리모컨 홀더, 5칸 TV 원격 캐디 스토어 박스, 컨트롤러, 안경 및 미디어 플레이어용 데스크탑 오거나이저, 펜 보관 (화이트)",RHCSZ,22146,17838,4.8,1671.0,"가죽. 다양한 리모컨을 보관할 수 있는 완벽한 솔루션, 전체 크기: 21.5cm (길이) x 7.5cm (너비) x 12cm (높이), 5개의 칸막이, 각 분할 사이의 거리는 4cm (1.57인치)입니다 우수한 환경 보호 소재: 표면은 고품질 PU 가죽으로 만들어졌으며 방수 및 미끄럼 방지, 내부 안감은 환경 친화적인 플란넬이며 부드럽고 습기가 방지되며 구조적 지지대는 목재이며 강하고 내구성이 뛰어납니다 아름답고 실용적인 디자인: 가죽 아래에 스펀지가 채워진 아크 모양의 플러스 라인 디자인은 매우 고급스럽습니다. 5개의 칸막이는 모든 리모컨을 손에 쥐기에 매우 적합하며 식별하기 쉬워 시간과 에너지 공간을 절약하여 긁힘, 기름 및 마모로부터 리모컨을 보호합니다. 적용 시나리오가 매우 넓습니다. 테이블, 화장실, 식당, 거실, 공부방, 침실 및 사무실에서 사용할 수 있으며 문구류, 안경 또는 메이크업 브러시 보관함으로 사용할 수 있습니다. 케이블 박스, Roku, 애플 TV, 아마존 파이어 TV, 사운드 바 등을 위한 다양한 리모컨을 저장하는 데에도 사용할 수 있습니다. 책상을 깔끔하고 아름답게 만드세요 3가지 색상으로 제공됩니다: 캐디 오거나이저는 블랙, 브라운, 화이트 3가지 클래식 색상으로 제공됩니다. 홈 데코에 가장 잘 어울리는 색상을 선택하세요.",,"['리모컨', '가죽', '환경', '화이트', '디자인', '박스', '안경', '칸막이', '방지', '보관']"
사무용품,파일링 제품,다용도 정리함,,B09YLGK9CD,화이트보드 또는 냉장고용 마그네틱 마커 홀더 펜 홀더 자석 연필 컵 보관 정리함 교실 사무실 홈 로커 및 금속 캐비닛용 미디어 오거나이저 보관 2팩(블루),Noinkoti,9681,9681,4.4,79.0,"강력한 자석: 강한 자석이 펜 홀더의 뒷면에 고정되어 있습니다. 화이트보드와 냉장고 또는 금속 표면 옆에 놓을 수 있어 무언가를 내려야 할 때 쉽게 닿을 수 있습니다. 펜을 넣거나 집을 때 미끄러지거나 떨어지지 않습니다. 친환경 소재: 뒷면에 자석이 있는 고품질 ABS 소재로 제작되어 내구성이 뛰어나고 견고하며 안정적이며 오래 사용할 수 있습니다. 친환경적이고 무독성이며 냄새가 없으며 사용하기에 안전합니다. 다용도: 화이트보드, 냉장고, 사물함, 캐비닛, 컨테이너 및 기타 자석 표면에 이상적입니다. 공간을 절약하고 정리된 상태를 유지하세요. 이 편리한 홀더는 가정, 학교 또는 사무실에서 사용하기에 이상적입니다. 유연한 자석 홀더: 2피스 홀더를 사용하면 취향에 따라 물건을 분류하고 정리할 수 있습니다. 이 홀더의 유연한 배치는 공간 절약을 극대화하고 모든 사무실 장식에 적합하며 분실된 펜을 우아하게 끝낼 수 있습니다. 패키지 및 사이즈: 자석 마커 홀더 2개, 크기 4.72"" × 2.16"" × 1.1"" (12cm × 5.5cm × 2.8cm). (참고: 홀더 전용. 펜, 교정 용지 및 가위는 패키지에 포함되어 있지 않습니다.)",,"['홀더', '자석', '펜', '화이트보드', '사무실', '정리', '친환경', '냉장고', '금속', '유연하다']"
사무용품,파일링 제품,다용도 정리함,,B0BJ5RVHF3,"가죽 360도 회전 가능한 리모컨 홀더, 나이트 스탠드 TV 리모컨 캐디, 사무용품 액세서리 책상 오거나이저, 펜, 우편, 전화, DVD, 블루레이, 미디어 플레이어 컨트롤러용 스피닝 보관 상자",XNONE,26301,26301,4.8,294.0,"【현대적인 디자인】: 독특한 회전 베이스 디자인으로 모든 방향에서 물건을 쉽게 꺼낼 수 있습니다. 정교한 스티칭, 세련된 외관, 홈 데코를 편안하고 아늑하게 보이게 합니다. 가정/사무실 보관함으로 사용할 수 있습니다. 【고품질 소재】고품질 PU 가죽으로 제작, 견고한 MDF 구조, 탁월한 수제 장인 정신, 촉감이 편안하고 미끄럼 방지 및 방수, 견고하고 청소하기 쉽습니다. 【쉬운 사용】5개의 수납 공간 데스크탑 오거나이저는 범용 리모컨을 담을 수 있으며 TV 리모컨, 에어컨 리모컨, 블루투스 스테레오 등, 휴대폰, 소형 전자 미디어 액세서리, 화장품 브러시, 모든 종류의 문구 용품 등을 보관하고 넣는 데 적합합니다. 【완벽한 사이즈】: 너비 18.5cm(7.3인치), 높이 15.5cm(6.1인치), 깊이 13.5cm(5.3인치)로 매우 적합한 크기입니다. 이 다목적 정리함은 커피 테이블, 주방 카운터, 침실 침실용 스탠드, 책상 또는 집과 사무실 어디에나 잘 맞습니다. 【최고의 선택】: 사무실, 가정, 학교 등에 적합합니다. 생일/발렌타인 데이/어머니의 날/크리스마스/추수감사절/집들이/직장 선물로 훌륭한 선택입니다.",,"['리모컨', '사무실', '보관', '책상', '디자인', '액세서리', '선택', '미디어', '침실', '스탠드']"
사무용품,파일링 제품,다용도 정리함,,B0BN7S989X,"회전 책상 오거나이저, 책상 액세서리 펜 홀더 문구류, 학교, 가정, 사무용품용 스피닝 연필 보관 캐디 트레이, 7개의 칸, 화이트, 선생님, 반 친구 및 친구를 위한 선물",kaileyouxiangongsi,15221,15221,4.5,9.0,"360도 회전 디자인: 이 연필 홀더를 돌려 물건을 보관하거나 꺼낼 수 있습니다. 이 보관 정리함은 모든 물건을 손이 닿는 곳에 보관할 수 있습니다. 펜, 연필, 눈금자, 클립, 가위 및 기타 사무실 액세서리를 별도로 정리할 수 있는 7개의 칸이 있는 사무실 플라스틱 책상 오거나이저. 잡동사니 제거: 이 책상 액세서리는 사무실 책상이나 조리대를 지저분하지 않게 유지하고 필요한 것을 쉽게 찾을 수 있습니다. 깨끗한 데스크톱은 작업 속도를 높이고 하루 종일 창의력을 발휘할 수 있습니다! 홈 오피스 정리, 학교, 대학 또는 기숙사 데스크탑 오거나이저에 적합합니다 소재: 문구 보관 상자는 환경 친화적이고 무독성 ABS 소재를 사용하여 해를 끼치지 않습니다. 오랫동안 사용할 수 있을 만큼 강하고 견고합니다 다용도 데스크탑 오거나이저: 특히 교실을 위해 설계되었으며 학교 문구류를 잘 정리할 수 있습니다. 내부에 7개의 섹션과 2가지 종류의 방 크기가 있어 펜, 색연필, 크레용, 가위, 페인트 브러시와 같은 다양한 크기의 학용품을 쉽게 정리할 수 있습니다. 좋은 고객 서비스: 제품에는 60일 환불 및 24개월 걱정 없는 이 포함되어 있습니다! 제품에 문제가 생기면 저희에게 연락해 주십시오. 저희는 최고의 서비스를 제공하기 위해 최선을 다하고 있습니다.",선물은 세상에서 아름다운 것입니다. 사람들 사이의 정서적 의사 소통에 이상적인 매체입니다. 창문을 여는 동안 마음을 통과하는 화려한 햇빛처럼 아름다운 선물을 받는 순간. 왜 회전식 정리함을 선택해야 할까요? 360° 회전 베이스 및 사선 디자인으로 물건을 편리하게 집을 수 있습니다. 문구 보관 상자는 환경 친화적이고 무독성 ABS 소재를 사용하여 아무런 해를 끼치지 않습니다. 제품 및 패키지 제품 파라미터 색상: 화이트 소재: ABS 소재 제품 크기: 12.7 x 12.7 x 12.7cm,"['정리', '보관', '책상', '회전', '사무실', '선물', '오거나이저', '연필', '학교', '물건']"
사무용품,파일링 제품,다용도 정리함,,B07GX3SLVL,"MobileVision 대나무 회전 사무실 및 미술 용품 정리함 여러 칸, 펜, 연필, 형광펜, 마커, 가위, 액세서리 등을 위한 9개의 섹션",MobileVision,30400,30400,4.4,143.0,"360도 대나무 회전 정리함은 펜, 연필, 종이 클립, 눈금자, 가위, 마커, 하이라이터 및 모든 사무용품 등 사무실 용품 용품을 보관할 수 있는 9개의 분리된 칸이 있습니다. 작고 가볍지만 튼튼한 정리함은 미술 스튜디오와 교실에서 사용할 수 있으며 다양한 브러쉬, 공예 용품, 크레용 및 기타 예술 도구를 담을 수 있습니다. 크기: 길이 15.2cm x 높이 12.1cm, 개별 구획 치수 (9개 섹션)은 사진을 참조하십시오. 다목적 정리함은 메이크업 및 화장품, 욕실 필수품, 세면 용품, 심지어 주방 용품에도 사용할 수 있습니다. CE Supply에서 구입한 제품의 외관 및 기능에 대한 문의 사항이 있거나 문제가 있는 경우 직접 문의해 주십시오. CE Supply에서 판매하는 모든 제품에 대해 구매 후 30일 이내에 품질 문제에 대한 1년 보증 교체와 30일 번거로움 없는 교환 또는 반품을 제공합니다. CE Supply가 판매하는 제품에 대한 환불/반품 정책에 대한 자세한 내용은 @310-735-2000으로 문의하시거나 customerservice@cesupply.com (M-F, 9PM – 5PM PST)를 이메일로 문의하세요.",,"['정리', '펜', '회전', '칸', '사무실', '연필', '미술', '문제', '대나무', '섹션']"
사무용품,파일링 제품,다용도 정리함,,B07DFDB8DL,사무실 보관 박스 오거나이저 데스크탑 용품 정리함 (메이크업),CENZEN,30456,30456,4.7,128.0,"1. 분리된 칸과 서랍이 있는 큰 용량: 5개의 칸은 다용도로 사용할 수 있습니다. 메이크업 클리너, 토너, 로션, 립스틱, 아이폰, 휴대폰, 명함 및 추가 물건을 담을 수 있는 2개의 큰 타원형 슬롯. 4개의 수납공간은 메이크업 브러시, 아이라인 펜, 연필, 만년필, 스타일러스 또는 모든 특정 품목을 넣을 수 있습니다. 서랍에는 압축 마스크 종이, 주얼리 등을 보관할 수 있습니다. 2. 미끄럼 방지 디자인: 오거나이저 아래에 4개의 미끄럼 방지 매트가 있습니다. 충돌에도 뒤집히지 않습니다. 메이크업을 더 잘 보관할 수 있으며 메이크업이 망가질 염려가 없습니다. 정리함이 망가지므로 지저분한 바닥을 청소하는 데 시간을 써야 합니다. 3.다기능: 사무실에 문구류, 거실을 리모컨으로 보관할 수 있는 좋은 정리함이며, 메이크업, 브러시 또는 주얼리를 놓는 홀더로도 이상적입니다. 매우 쉽고 멋지게 보이며 책상의 어수선함을 없애줍니다. 4. 다양한 공간에 적합: 화장품을 보관하고, 욕실, 거실에 넣고, 공부방에 연필 홀더 오거나이저로 넣을 수도 있습니다. 어떤 공간에도 잘 어울리며 삶을 단순하게 만들어 줍니다. 5. 손으로 측정한 디스플레이 크기: 26.7cm(10.24인치)(길이)x24.9cm(9.45인치)(너비) x 13.4cm(5.12인치)(높이)",,"['메이크업', '공간', '정리', '거실', '주얼리', '사무실', '서랍', '보관', '방지', '미끄럼']"
사무용품,파일링 제품,다용도 정리함,,B0CSZ3KLFG,GORGECRAFT 8피스 8가지 스타일 플라스틱 메시 파일 포켓 화장품 가방 문서 정리함 보관 파일 홀더 가방 지퍼 파우치 세면도구 가방 다용도 여행 가방 사무실 용품 여행 액세서리,GORGECRAFT,18545,18545,,,"8피스 8가지 스타일 메시 화장품 가방은 8가지 스타일로 제공됩니다. 4.72x8.07x0.078인치/120x205x2mm, 2가지 색상, 1개/색상, 2개, 7.28x9.25x0.078인치/185x235x2mm, A5 사이즈 용지, 2가지 색상, 1개/색상, 2개. 46x11 .22x0.078인치/215x285x2mm, B5 사이즈 용지, 2가지 색상, 1개/색상, 2개, 9.64x13.38x0.078인치/245x340x2mm, A4 사이즈 용지, 2가지 색상, 1개/색상, 2개. 2가지 색상 메시 세면도구 가방은 블루, 블랙의 2가지 색상의 지퍼 메시 파우치 8개가 함께 제공됩니다. 플라스틱으로 만든 고품질 다용도 여행용 메시 백은 가볍고 휴대가 간편하며 일상적인 요구 사항을 충족하는 다양한 크기와 용량. 사용하기 쉬운 문서 오거나이저 보관 파일 홀더 가방으로 내부를 쉽게 볼 수 있으며 지퍼로 물건을 쉽게 넣거나 꺼낼 수 있습니다. 넓은 용도 스트라이프 메시 백은 주얼리, 사탕, 화장품, 칫솔, 세면도구 등을 위한 실용적인 여행 보관 정리함으로 사용할 수 있습니다.","GORGECRAFT 8피스 8가지 스타일 플라스틱 메시 파일 포켓 화장품 가방 문서 정리함 보관 파일 홀더 가방 지퍼 파우치 세면도구 가방 다용도 여행 가방 사무실 용품 여행 액세서리 색상: 혼합 색상 용도: 사무실 용품 여행 액세서리 특징: 철제 와이어가 있는 이중 가장자리 크리스마스 파티 리본은 양쪽에 2개의 얇은 와이어가 있어 어느 정도의 경도와 안정성을 제공합니다. 리본을 구부리거나 비틀면 리본을 리본, 꽃 및 기타 모양으로 구부릴 때 이 와이어는 꼬집는 모양을 그대로 유지하여 다양한 아름다운 수공예품을 만들 수 있도록 도와줍니다. 사용하기 쉬운 유선 엣지 리본은 롤에 포장되어 있어 보관이 편리하고 유연하게 모양을 잡을 수 있으며 공예품을 만들 때 원하는 모양으로 다듬거나 사용하지 않을 때 나머지 부분을 쉽게 말아서 서랍이나 가방에 넣을 수 있습니다. 사이즈 및 수량: 플라스틱 메시 화장품 가방 8개 포함","['가방', '메시', '여행', '파일', '화장품', '보관', '리본', '스타일', '세면', '지퍼']"
사무용품,파일링 제품,다용도 정리함,,B0C23W812F,"책상용 펜 홀더, 투명 연필 및 펜 홀더, 연필 홀더 컵, 아크릴 사무실 정리함, 책상 펜 정리함",SLAKOZYT,8296,8296,,,"실용적인 아크릴 펜 홀더: 펜, 마커, 브러시 등을 보관할 수 있는 다양한 크기의 3칸. 심플하면서도 스마트한 디자인으로 모든 것을 정돈하고 쉽게 꺼낼 수 있습니다. 스티커 메모를 위한 추가 수납 공간: 별도의 수납 공간은 스티커 메모를 보관할 수 있도록 설계되어 펜 홀더 컵은 책상에 작은 물건을 보관하기에 적합합니다 비산 방지 및 투명 아크릴: 고품질 아크릴로 만든 책상용 연필 홀더, 비산 방지 및 투명, 단순하고 분위기 있는 데스크탑을 독특한 풍경으로 만들 것이라고 믿습니다. 사이즈: 13 x 10.9 x 9.9cm(5.1 x 4.3 x 3.9인치), 깨끗하고 깔끔한 책상을 위한 충분한 수납 공간이 있는 작은 탁상용 공간 다용도 오거나이저: 투명 책상 정리함은 메이크업 브러시, 가위, 빗 등에 이상적인 홀더입니다. 보관하고 싶은 거의 모든 작은 물건을 보관하는 데 사용할 수 있습니다","제품 특징: 3개의 칸이 있는 책상용 아크릴 펜 홀더. 펜, 마커, 브러시 등을 위한 다양한 높이 수납 공간. 스티커 메모를 위한 추가 수납 공간. 비산 방지 및 투명 아크릴 다용도 오거나이저, 메이크업 등에도 사용할 수 있습니다. 크기: 13 x 10.9 x 9.9cm, 133.2g 사양: 소재: 아크릴 크기: 13 x 10.9 x 9.9 cm 무게: 133.2g 투명하고 비산 방지","['홀더', '펜', '책상', '아크릴', '공간', '수납', '투명', '방지', '보관']"
사무용품,파일링 제품,다용도 정리함,,B0CSYPVG8J,"캔버스 펜 케이스 - 22.6cm(8.85인치) 다목적 보관 케이스 팬케이크 모양 정리함, 사무실, 메이크업 브러시, 여행, 학교 용품, 연필, 밀가루용",,11066,11066,,,"【프리미엄 캔버스 구조】- 고품질 캔버스 소재로 제작된 이 펜 및 메이크업 브러시 보관 가방은 탁월한 내마모성과 내구성을 자랑하며 일상적인 정리에서 오래 사용할 수 있습니다. 【내장 펜이 있는 혁신적인 디자인】 - 3개의 내장 펜이 포함된 독특한 스타일로 경험을 향상시키고, 음식 애호가에게 즐거운 놀라움을 더하고 문구 컬렉션을 위한 재미있는 테마 액세서리를 만듭니다. 【넉넉한 정리】 - 이 가방은 10개의 개별 슬롯이 있어 펜, 메이크업 브러시 및 기타 필수 도구를 완벽하게 수용할 수 있어 일상적인 모든 보관 요구 사항을 위한 충분한 공간을 제공합니다. 【컴팩트하고 공간 절약】 - 직경 22.5cm(8.8인치)의 컴팩트한 원형 디자인으로 쉽게 접을 수 있어 배낭, 지갑 또는 서류 가방의 공간을 최소화하여 사무실, 여행에 이상적입니다. 【편리함】 - 작업 공간을 깔끔하게 유지하려는 사무실 전문가 또는 이동 중에 화장품과 그루밍 아이템을 보관할 수 있는 체계적이고 가벼운 옵션을 찾는 여행자에게 이상적입니다.","AUYEAR 캔버스 펜백과 문구 상자를 소개합니다. 이동 중에도 일상 필수품을 정리할 수 있는 스타일과 기능이 완벽하게 조화를 이룹니다. 이 혁신적인 보관 솔루션은 캔버스 소재의 내구성과 기발함을 즐겁게 결합하여 펜 수집가와 음식 애호가 모두에게 거부할 수 없습니다. 고품질 캔버스로 제작된 이 펜 케이스는 내마모성이 뛰어나고 오래 사용할 수 있도록 제작되어 소중한 필기구와 화장품 브러시를 잘 보호하고 쉽게 꺼낼 수 있습니다. 독특한 스타일링은 3개의 매력적인 음식 테마 펜을 통합한 디자인이 특징이며, 컬렉션에 장난스런 트위스트를 더하고 손에 닿을 때마다 얼굴에 미소를 가져다 줄 것입니다. 10개의 개별 슬롯이 있는 이 다용도 가방은 다양한 펜, 연필, 메이크업 브러시 또는 기타 작은 도구를 담을 수 있을 만큼 넉넉하여 일상적인 모든 요구 사항을 위한 충분한 수납 공간을 제공합니다. 접을 때 직경 22.5cm(8.8인치)의 컴팩트한 사이즈로 배낭, 지갑 또는 서류 가방의 소중한 공간을 차지하지 않으므로 일상적인 휴대에 매우 편리합니다. 다양한 사용 장면에 적합한 AUYEAR Penbag는 작업 공간을 깔끔하게 유지하려는 사무실 전문가, 학용품을 운반할 수 있는 신뢰할 수 있는 방법이 필요한 학생 또는 이동 중에 화장품과 그루밍 용품을 보관할 수 있는 체계적이고 가벼운 옵션을 찾는 여행자에게 이상적입니다. 요약하면, AUYEAR 캔버스 펜백과 문구 상자는 내구성, 편리함 및 개성의 환상적인 조화를 제공하여 필기 및 뷰티 필수품을 안전하고 정리하며 항상 팔이 닿는 곳에 보관할 수 있습니다. 소지품에 당신만큼 독특한 집을 선물하고 AUYEAR Penbag의 재미있고 기능적인 스타일을 오늘 받아들이세요!","['펜', '캔버스', '공간', '가방', '정리', '브러시', '일상', '사무실', '보관', '메이크업']"
사무용품,파일링 제품,다용도 정리함,,B0CM3B93XF,"대나무 책상 오거나이저, 360도 회전 다기능 펜 홀더, 9칸 데스크탑 고정 오거나이저, 홈 오피스 아트 용품 보관 박스 캐디",LOCDION,41536,41536,5.0,2.0,"360도 회전 디자인: 책상 오거나이저는 360도 회전으로 설계되어 필기구에 쉽게 접근할 수 있으며 펜 홀더는 걸림 없이 부드럽게 회전합니다. 9개의 칸이 있는 이 데스크탑 보관 상자 캐디는 펜, 가위, 마커, 지우개, 종이 클립 및 기타 사무용품과 같은 모든 종류의 문구류를 보관하고 정리할 수 있는 충분한 공간을 제공합니다. 견고함 및 내구성: 이 대나무 펜 홀더는 천연 대나무로 만들어져 견고하고 내구성이 뛰어나며 쉽게 변형되거나 부서지지 않으며 수명이 깁니다. 매끄러운 표면은 청소하기 쉽습니다. 다용도: 이 회전식 책상 정리함은 사무실, 학교, 가정 등 다양한 상황에 적합합니다. 필기구를 보관하고 정리하는 데 이상적인 선택으로, 책상을 깔끔하고 깔끔하게 만듭니다. 완벽한 사이즈: 전체 치수: 19.1cm x 19.1cm x 12.2cm, 매일 사용할 수 있는 대용량. 【더 나은 애프터 서비스】30일 동안 사용한 후 공급 정리함이 고장난 경우 저희에게 알려주십시오. 진심으로 사과드리며 즉시 새 제품을 보내드리겠습니다.",,"['회전', '책상', '보관', '펜', '정리', '홀더', '대나무', '데스크탑', '오거나이저']"
사무용품,파일링 제품,다용도 정리함,,B0C4L54P16,"연필 홀더 - 책상용 펜 홀더 2개, 펜 홀더 귀여운 책상 정리함, 학교, 가정, 사무실용, 퍼플 색상",HEMOPLT,9681,9681,4.2,35.0,"고품질: 귀여운 책상용 펜 홀더는 플라스틱 소재, 고정밀 공정으로 만들어져 안전하고 견고하며 쉽게 변형되거나 색이 바래지 않습니다. 오랫동안 사용할 수 있으며 매끄러운 소재로 촉감이 좋고 세척이 쉽고 편리합니다.",,"['홀더', '펜', '책상', '귀엽다', '실용', '견고하다', '공정', '매끄럽다', '변형', '사무']"
사무용품,파일링 제품,다용도 정리함,,B0D48B57KK,"끈끈한 라벨이 있는 메시 지퍼 파우치 백 30개, 뉴트럴 컬러 이중 레이어 지퍼 파우치 A4 사이즈 나일론 메시 백, 사무실 학교 가정 용품용",JarThenaAMCS,48461,48461,,,"제품 구성: 5가지 색상의 A4 사이즈 메시 지퍼 파우치 백 30개, 각 색상당 6개, 라벨 스티커 10장이 장착되어 있습니다. 일상적인 사용 또는 교체 요구 사항을 충족하기에 충분한 수량. 미니멀리스트 디자인: 미니멀하고 세련된 5가지 색상으로 제공되며, 이중 레이어 메시 디자인의 지퍼 파우치는 쉽게 보고 정리할 수 있습니다. 다양한 색상으로 좋아하는 것을 고를 수 있는 더 많은 선택을 할 수 있습니다! 고품질 소재: 당사의 지퍼 백은 프리미엄 나일론으로 만들어져 견고하고 찢어지지 않으며 안전하고 통기성이 좋으며 내구성이 뛰어나고 신뢰할 수 있습니다. 메시 백의 손잡이 디자인으로 외출 시 휴대하거나 원하는 곳에 걸 수 있습니다. 편안한 사용 경험을 제공합니다. 다용도: 각 메시 지퍼 백은 대략 33 x 24.9cm(13 x 9.8인치), 각 스티커 라벨은 약 3.8 x 2.3cm(1.5 x 9.1인치)입니다. 이름이나 품목 이름을 적어 분류하고 정리할 수 있습니다. 또한 지퍼 백은 문서, 책, 사진, 사무실 용품, 교육 자료, 빌딩 블록 장난감, 퍼즐, 보드 게임, 화장품, 문구 등과 같은 여러 품목을 보관하기에 적합합니다. 사무실, 학교 및 가정을 위한 완벽한 정리 도구입니다. 다양한 용도: 당사의 메시 지퍼 파우치는 보관 및 정리에 적합하며 학교, 대학, 사무실, 집, 출장, 여행 등 다양한 경우에 사용할 수 있습니다. 물건을 더 잘 정리하고 깔끔하게 정리하고 식별하는 데 도움이 됩니다.","특징: 다양한 색상: 5가지 색상, 충분한 수량 및 다양한 색상의 메시 지퍼 파우치 백 30개. 다양한 용도: 학교, 집, 사무실 및 여행에서 온 다양한 물건을 보관하고 정리하는 데 적합하며 좋은 분위기를 선사합니다! 사양: 사이즈: 33 x 24.9cm(13 x 9.8인치). 소재: 나일론 패키지 구성: 메시 지퍼 파우치 백 30개","['지퍼', '메시', '백', '정리', '파우치', '사무실', '학교', '나일론', '디자인', '라벨']"
사무용품,파일링 제품,다용도 정리함,,B0C4L7FGX6,"사각 펜 홀더, 4팩 퍼플 데스크탑 연필 컵 문구 정리함, 사무실 책상 액세서리용",HEMOPLT,20345,20345,4.5,68.0,"고품질: 귀여운 책상용 펜 홀더는 플라스틱 소재, 고정밀 공정으로 만들어져 안전하고 견고하며 쉽게 변형되거나 색이 바래지 않습니다. 오랫동안 사용할 수 있으며 매끄러운 소재로 촉감이 좋고 세척이 쉽고 편리합니다.",,"['홀더', '펜', '책상', '세척', '공정', '귀엽다', '데스크탑', '매끄럽다', '문구', '변형']"
사무용품,파일링 제품,다용도 정리함,,B0C14KK9T4,"책상 펜 홀더, 단단한 나무 연필 홀더 스탠드, 2개의 칸, 다목적 사용 펜 컵 데스크 오거나이저 메이크업 브러시용",Sokelinn-six,27686,27686,,,"소재: 천연 원목 사이즈: 3.94*3.94인치 (10*10cm), 무게: 346g(0.76ib), 사무실에서 사용하기에 완벽한 사이즈 다용도: 펜, 연필, 가위 및 기타 사무용품을 보관하기에 적합합니다. 사무실 책상을 정리하는 데 도움이 됩니다 아름답고 심플한 모양의 나무 펜 홀더는 장식으로 사용할 수 있으며 선물로도 완벽한 선택입니다 질문이 있으시면 언제든지 저희에게 연락해 주십시오. 최대한 빨리 답변해 드리고 올바른 솔루션을 제공해 드리겠습니다","이 나무 연필 홀더를 선택하세요: 1. 책상을 밝힐 수 있는 신선하고 사랑스러운 제품. 2. 지저분한 문구류를 보관할 수 있습니다. 3. 수공예품의 장식이기도 합니다. 4. 삶을 단순화하고, 여유롭게 자유롭고 여유로운 삶의 영역을 경험하십시오. 사양: 소재: 단단한 나무 사이즈: 3.94 X 3.99 인치 (10 X 10cm) 실제 무게: 346g(0.76ib) 적합한 장소: 책상, 사무실, 서재 패키지 포함: 1X 펜 홀더","['홀더', '펜', '나무', '책상', '사무실', '연필', '장식', '삶', '완벽하다', '선택']"
사무용품,파일링 제품,다용도 정리함,,B0C2VBGQTY,"리모컨 홀더 PU 가죽 TV 리모컨 캐디, 테이블용, 책상 정리함 및 액세서리용 360도 회전 펜 홀더, 침실/사무실용 나이트 스탠드 오거나이저, 거실용 홈 데코",YAPISHI,27686,27686,4.8,539.0,"다기능 거실 장식: 책상, 사무실 문구 및 미술 용품을 위한 가정용 장식용 펜/연필 홀더. 아마존 파이어 스틱, 로쿠, 애플 TV, 넷플릭스, 에어컨, 케이블 박스, 스테레오, 사운드바 및 소형 전자 미디어 액세서리, 화장품, 메이크업 브러시 펜 및 안경용 책상 오거나이저용 범용 리모컨 컨트롤러를 보관할 수 있는 TV 리모컨 홀더. 책상용 회전 가능한 펜 홀더: 360도 회전이 원활하고 내구성이 뛰어나 어떤 방향으로든 물건을 쉽게 꺼낼 수 있도록 향상된 회전 베이스가 있습니다. 이 TV 원격 캐디는 커피 테이블, 작은 테이블, 소파, 안락의자, 침실, 거실, 주방, 코너 데스크탑, 카운터, 옷장, 공부방 및 사무실에 쉽게 맞습니다. 모든 컨트롤러를 쉽게 추적하고 분류할 수 있으며 사무실 및 가정에 방 장식 미학을 더합니다. 3개의 수납 바구니가 있는 침실 액세서리 보관: 제품 크기: 13.3cm(깊이) x 13.3cm(너비) x 13.1cm(높이), 모든 물건을 한 곳에 깔끔하게 보관하고 데스크톱을 위한 공간을 절약합니다. 현대적인 디자인의 연필 홀더: 참신한 패턴의 리모컨 캐디가 있는 다채로운 그림, 섬세한 스티칭이 있는 고품질 PU 가죽으로 덮여 있으며, 내부 목재 구조, 섬세하고 내구성이 뛰어납니다. 부드러운 안감은 물건을 긁힘으로부터 보호하고 청소하기 쉽고 새 것처럼 유지합니다. 우아한 나이트 스탠드 오거나이저: 여성/남성/친구/가족/동료를 위한 멋진 선물, 집들이 또는 직업 홍보, 생일 및 크리스마스 선물을 위한 선물 아이디어. 판지 상자 패키지.",,"['홀더', '리모컨', '회전', '펜', '책상', '사무실', '거실', '선물', '침실', '액세서리']"
사무용품,파일링 제품,다용도 정리함,,B09WDKVZXY,PU 가죽 책상 정리함 데스크탑 레트로 빈티지 용품 쿨 펜 연필 홀더 캐디 컵 사무실 가정 학교 교실 액세서리 (유니온 잭),koofull,13836,13836,4.7,42.0,"빈티지 및 레트로: PU 가죽 연필 홀더는 복고풍의 느낌을 주며, 이상적인 책상 정리함일 뿐만 아니라 완벽한 가정 및 사무실 장식으로도 좋습니다. 책상과 책장을 위한 멋진 장식품은 빈티지하고 애국적인 스타일을 더합니다. 어디서나 사용 가능: 사무실, 침실, 학교, 거실, 교실, 리셉션, 집, 작업장, 정보 카운터, 기숙사 방, 실험실 등에 적합합니다. 책상, 교실 책상, 작업대, 침대 스탠드에 실용적이고 유용한 정리함으로 모든 종류의 물건을 보관하고 정리할 수 있습니다. 고품질 소재: 우수한 PU 가죽과 내구성 있는 판지로 구성되어 있습니다. 인체 공학적 디자인으로 사용하기 쉽고 안전하며 거친 부분이 없는 매끄러운 가장자리로 긁힘을 방지합니다. 세척이 쉽고, 부드럽게 닦기만 하면 이전처럼 깨끗하게 됩니다. 물, 기름 또는 알코올에 묻지 마십시오. 실용적 및 다용도: 내구성이 뛰어난 수납 공간 2개, 사무실 액세서리, 문구 용품, 예술 공예, 화장품 및 가정용 도구를 위한 이상적인 책상 정리함. 연필, 펜, 가위, 종이 클립, 지우개, 열쇠, 수, 눈금자, 접착제, 스테이플러, 압정, 스테이플, 고무 밴드, 페인트 브러시, 포켓 나이프, 형광펜, 스티커 메모, 명함 등과 같습니다 최고의 서비스: 저희는 최고의 가격으로 고품질의 제품과 서비스를 제공합니다. 30일 이내에 품질 문제가 발생하면 언제든지 저희에게 연락하십시오.",,"['책상', '정리', '사무실', '연필', '교실', '가정', '가죽', '펜', '구성', '액세서리']"
사무용품,파일링 제품,다용도 정리함,,B09LSKH8BM,"책상용 펜 홀더, 메이크업 브러시 오거나이저 컵, 사무실, 학교, 실리콘용 책상 정리 펜 컵, 라이트 그레이",Boershun,9681,9681,4.2,20.0,"실리콘 소재의 장점: 고품질 식품 등급 실리콘 소재 홀더로 제작되어 냄새가 없고 무독성이며 마모되지 않고 미끄러지지 않으며 쉽게 닦아낼 수 있습니다. 👉 실용적인 실리콘 펜 홀더: 펜 컵 홀더는 방수, 균열 방지, 깨지지 않습니다. 미끄럼 방지 베이스는 사무실 책상에 안정적으로 보관할 수 있습니다. 👉 대용량 및 다용도 사용: 데스크탑 문구 보관 펜 컵은 모든 필기 연필과 펜, 눈금자, 가위 또는 화장대 테이블에 메이크업 브러시를 보관하기에 적합합니다. 책상에 꽃을 심는 데 사용하는 것은 좋은 장식입니다. 사무실, 욕실, 화장대 및 침실용 탁자에 훌륭한 추가 아이템입니다. 창의적인 디자인: 귀엽고 패셔너블한 펜 홀더 컵 바디 표면은 손잡이 디자인과 일치하도록 약간 돌출되어 있습니다. 안전한 사용을 위해 매끄러운 가장자리를 유지하는 정교한 장인 정신. 선택할 수 있는 두 가지 순수하고 신선한 색상을 개발하세요. 👉 달콤한 선물 선택: 아이, 친구, 선생님, 사무실 동료에게 훌륭한 선물입니다. 문구 정리 선물은 생일, 개학 시즌, 졸업 시즌 및 크리스마스에 적합합니다.",,"['펜', '홀더', '컵', '사무실', '실리콘', '책상', '선물', '훌륭하다', '디자인', '시즌']"
사무용품,파일링 제품,다용도 정리함,,B0BVW7DTQL,"테이블용 리모컨 홀더 PU 가죽 TV 원격 캐디, 침실 액세서리/침대 옆 리모컨/미디어 컨트롤러/사무용품용 5칸 나이트 스탠드 오거나이저, 거실용 장식",YAPISHI,19376,19376,4.8,8754.0,"다기능 거실 장식: 아마존 파이어 스틱, 로쿠, 애플 TV, 넷플릭스, 에어컨, 케이블 박스, 스테레오, 사운드바 및 휴대폰, 소형 전자 미디어 액세서리, 화장품, 메이크업 브러시 펜 및 안경, 펜/연필 및 기타 사무실 문구류용 범용 리모컨 컨트롤러를 보관할 수 있는 테이블용 홈 데코 TV 리모컨 홀더. 다양한 용도: 이 TV 원격 캐디는 커피 테이블, 엔드 테이블, 소파, 안락의자, 침실, 거실, 주방, 코너 데스크탑, 카운터, 옷장, 공부방 및 사무실에 쉽게 맞습니다. 모든 컨트롤러를 쉽게 추적하고 분류할 수 있습니다. 침실 액세서리 5칸 바구니: 20cm(길이) x 7.5cm(너비) x 10cm(높이), 모든 물건을 한 곳에 깔끔하게 보관하고 테이블 공간을 절약하세요. 현대적인 디자인 원격 바구니: 새로운 패턴 원격 제어 캐디가 있는 다채로운 그림, 섬세한 스티칭이 있는 고품질 PU 가죽으로 덮여 있음, 내부 목재 구조, 섬세하고 내구성이 좋습니다; 부드러운 안감은 물건을 긁힘으로부터 보호하고 청소하기 쉽고 새 것처럼 유지합니다. 여성/남성/친구/가족/동료를 위한 멋진 선물, 집들이 또는 직업 프로모션, 생일 및 크리스마스 선물로 좋습니다. 판지 상자 패키지.","리모컨 홀더 - 테이블용 5칸 리모컨 홀더 다용도 나이트 스탠드 오거나이저 및 TV 원격 캐디 공간 절약형 원격 오거나이저로 책상을 정리할 수 있습니다. 가정 및 사무용품에 쉽게 접근, 장식 및 포인트를 줄 수 있습니다. 장식 패턴: 참신한 패션 컬러풀 페인팅 소재: 인조 가죽 내부 구조: MDF 및 판지 강화 완벽한 디테일: 적절한 나일론 스티치 가장자리 미끄럼 방지 바닥 및 방수 표면 크기: 20 x 7.5 x 10cm, 판지 상자에 포장 ----------지저분한 데스크톱과 작별 인사----------","['리모컨', '원격', '테이블', '홀더', '컨트롤러', '판지', '액세서리', '침실', '칸', '장식']"
사무용품,파일링 제품,다용도 정리함,,B0B96NG8M7,"책상 연필 펜 홀더, 3 슬롯 360도 회전 오거나이저, 데스크탑 보관 정리함 문구 용품, 컵, 학교, 사무실, 가정용 귀여운 컵 냄비 (블루)",ROVENTA,9528,9528,4.1,9.0,"[360도 회전 가능한 디자인] 이 회전 펜 홀더는 최대 360도 회전이 가능합니다. 끼지 않고 부드럽게 회전합니다. 접근하기 쉽고 어떤 각도에서도 쉽게 얻을 수 있습니다. 펜이나 연필을 찾는 시간을 절약하고, 항상 책상을 깔끔하게 정리할 수 있습니다. 또한 작업 효율성을 향상시킬 수 있습니다. [3개의 독립적인 수납 공간 디자인] 이 데스크탑 펜 오거나이저는 다양한 요구 사항을 충족하기 위해 다양한 높이의 3개의 슬롯이 있습니다. 가장 높은 슬롯에는 긴 브러시, 연필, 펜, 눈금자, 연필 칼을 넣을 수 있습니다. 중간 슬롯에는 짧은 브러시, 컨실러 펜, 마스카라, 가위를 넣을 수 있습니다. 가장 낮은 슬롯에는 립스틱, 매니큐어, 뷰티 블렌더, 지우개, 테이프 등을 넣을 수 있습니다. [다용도 데스크탑 오거나이저] 이 펜 오거나이저는 문구류/사무용품뿐만 아니라 메이크업 도구 및 작은 가정 용품에도 사용할 수 있습니다. 공부방, 책상, 사무실, 주방, 거실 또는 침실에 물건을 보관하고 정리할 수 있습니다. [다용도 디자인] 클래식한 스타일로 이 스피닝 오거나이저는 모든 사무실 또는 홈 데코와 조화를 이루는 다양한 룩을 제공합니다. DIY 스티커를 제공합니다. 지원 배치: 전자책 리더기, 휴대폰, 미니 태블릿. 고품질 환경 보호 PP는 내구성이 뛰어나고 오래 지속되며 따뜻하고 귀여운 색상으로 매력을 더합니다. [안전한 쇼핑] 이 책상 연필 홀더는 친구와 가족에게 줄 수 있는 최고의 선물이며 학생, 청소년 및 어린이에게 적합합니다. 좋은 쇼핑 되시길 바랍니다. 제품에 문제가 있는 경우 즉시 이메일로 문의하십시오. 가능한 한 빨리 문제를 해결해 드리겠습니다.","선생님과 학생에게 완벽한 해결책이 될 것입니다. 많은 공간을 차지하지 않지만 많은 것을 담을 수 있습니다. ROVENTA의 책상 오거나이저 연필 홀더로 데스크톱을 완벽하게 기능적이고 정리하며 깔끔하게 만드세요. 모든 문구류와 용품을 위한 완벽한 사무실 액세서리입니다. 펜, 연필, 형광펜, 가위, 종이 클립 및 기타 사무용품을 깔끔하게 보관하세요. 360도 회전 트레이로 필요한 것을 빠르게 잡을 수 있습니다. 사무실이나 가정의 표면 공간을 확보하면 물건이 부드럽게 작동하며 현재 작업에 집중할 수 있습니다.","['펜', '연필', '회전', '사무실', '슬롯', '책상', '홀더', '정리', '깔끔하다', '보관']"
사무용품,파일링 제품,다용도 정리함,,B0BLW2Q45M,"책상 정리함 메시 데스크탑 사무용품 다기능 캐디 펜 홀더 문구류, 8칸 및 서랍 1개, 사무실, 가정, 학교, 교실용 (블랙)",Jaugufiy,21439,21439,,,"망사. 어디서나 사용할 수 있는 책상 오거나이저: 메시 데스크탑 오거나이저는 가정, 사무실, 직장, 학교, 교실, 작업장, 스튜디오 등에 적합합니다. 데스크톱, 학교 책상, 침실 옷장, 커피 테이블, 선반, 대학 기숙사, 거실에 적합합니다. 이 훌륭한 정리함은 필요한 곳 어디에나 적합합니다. 다목적 책상 캐디: 사무용품을 위한 이상적인 책상 보관; 작은 문구류, 스티커 메모장에 적합합니다; 가위, 테이프, 스테이플러, 플래시 드라이브, 지우개, 고무 밴드, 화이트 아웃, 눈금자, 펜, 연필, 종이 클립, 압정, 형광펜, 마커, 접착제; 예술 및 공예 용품, 페인트 브러시, 가정용 도구; 독서용 안경, 화장품, 메이크업, 주얼리, 립스틱, 휴대 전화를 위한 보관 열쇠, 명함. 책상 보관을 위한 간단한 해결책: 메시 사무실 정리함은 8개의 여러 칸과 1개의 슬라이딩 서랍이 있어 분류하고 보관할 수 있습니다. 이 메시 책상 오거나이저는 데스크톱 용품을 보관할 수 있는 기회를 제공하며 사무실 물건을 쉽게 보관할 수 있습니다. 고품질 책상 오거나이저: Pipishell 메시 타원형 데스크탑 오거나이저는 내구성이 뛰어난 녹 방지 코팅이 된 고품질 금속으로 제작되었습니다. 둥근 모서리는 작업 공간 표면을 안전하게 유지하고 즐겁게 사용할 수 있습니다. 사무용품 캐디는 바닥에 4개의 미끄럼 방지 피드가 있어 책상을 긁힘으로부터 보호합니다. 선생님, 학생, 사무실 근로자에게 적합합니다. 데스크톱 저장 공간을 만족시키고 깔끔한 데스크톱을 제공하며 사무실 효율성을 높일 수 있습니다.","책상 오거나이저 메시 데스크탑 사무용품 다기능 캐디 펜 홀더 문구류, 8개의 칸과 1개의 서랍 포함, 사무실, 가정, 학교, 교실용","['책상', '사무실', '메시', '학교', '사무', '데스크탑', '펜', '데스크톱', '가정', '정리']"
사무용품,파일링 제품,다용도 정리함,,B0C6QCZG5G,"책상, 연필 홀더, 브러시 홀더, 21개의 슬롯 360° 회전 책상 정리함 및 액세서리용 펜 홀더, 사무실, 학교, 가정, 미술 용품용 펜 컵 냄비 (화이트)",BYbrutek,12451,12451,3.9,18.0,"[360도 회전 디자인] 이 회전 펜 홀더 오거나이저는 좌우로 360도 회전할 수 있으며 걸리지 않고 부드럽게 회전합니다. 접근하기 쉽고 어떤 각도에서도 쉽게 꺼낼 수 있으며 항상 책상을 깔끔하게 정리할 수 있습니다. 문구 용품을 정리하고 쉽게 찾을 수 있으며 작업 효율성을 향상시킬 수 있습니다. [21개의 독립적인 수납 공간 디자인] 이 데스크탑 연필 정리함은 다양한 요구 사항을 충족하기 위해 21개의 칸으로 나뉘어져 있습니다. 펜, 연필, 마커, 형광펜, 눈금자, 가위, 레터 오프너 및 기타 많은 책상 위젯과 같은 사무실 액세서리를 정리할 수 있는 문구류일 뿐만 아니라 메이크업 브러시, 립/아이 라이너, 글로스, 블러시, 헤어 액세서리를 보관할 수 있는 메이크업 브러시 홀더 컵으로도 사용할 수 있습니다. 매니큐매니큐어, 보석, 보석, 깨끗하고 작은 공간을 제공합니다. [다용도 책상 정리함] 책상용 회전 펜 홀더로 사용할 수 있을 뿐만 아니라 메이크업 브러시 홀더 오거나이저, 메이크업 브러시 컵 등으로 사용하기에 적합합니다. 모든 크기의 화장품 메이크업 브러시, 눈썹 연필, 아이라이너, 헤어 액세서리, 매니큐어, 네일 브러시 및 립스틱을 보관하고 보관하기에 적합합니다. 책상을 깨끗하고 깔끔하게 유지하는 데 도움이 됩니다. [고품질] 미술 용품 정리함은 내구성이 뛰어나고 오랫동안 사용할 수 있는 고품질 플라스틱으로 만들어졌습니다. 사무실, 가족, 학교, 교실, 거실, 침실, 옷장 및 필요한 모든 장소에 적합합니다. 책상을 깨끗하고 깔끔하게 유지하는 데 도움이 됩니다. [최고의 선물 및 좋은 애프터 서비스]: 이 책상 연필 홀더는 자신, 친구, 대학생, 사무실에 있는 사람 또는 인생의 특별한 사람에게 완벽한 선물입니다. 좋은 쇼핑 되시길 바랍니다. 제품에 문제가 있는 경우 즉시 이메일로 문의하시면 최대한 빨리 문제를 해결해 드리겠습니다.",,"['책상', '홀더', '브러시', '정리', '회전', '펜', '연필', '메이크업', '사무실', '액세서리']"
사무용품,파일링 제품,다용도 정리함,,B0D7BKM5LV,"5색 미니 지퍼 메시 백 투명 문서 포켓 다용도 화장품 Valise 문구 가방 동전 주머니 정보 파우치 데이터 케이블 보관 여행용 세면도구 보관 파우치, 가방 및 케이스",Junfamilee,9681,9681,,,1,1,"['보관', '파우치', '가방', '투명', '미니', '다용도', '데이터', '도구', '동전', '메시']"
사무용품,파일링 제품,다용도 정리함,,B0CZ4FXVJV,"A4 메시 지퍼 파우치 백 8개, 이중 레이어 시스루 나일론 백, 명함 슬롯 및 핸들 포함, 사무실/학교 정리, 보드 게임/퍼즐/빌딩 벽돌 보관, 여행에 이상적",DeftEdge,35996,35996,5.0,2.0,"다용도 보관 사이즈: A4 (34 x 24.9cm), A4 또는 레터 사이즈 250장을 보관하기에 적합합니다. 학교 과제, 비즈니스 문서 또는 여행 필수품 등 이 파우치는 물건을 정리하고 꺼낼 수 있도록 해줍니다. 👍매일 사용할 수 있는 고품질 소재: 견고한 나일론 메시로 제작된 메시 지퍼 파우치 백은 오래 사용할 수 있도록 제작되었습니다. 고밀도 패브릭 손잡이는 이동 중에도 편안한 그립감을 보장합니다. 튼튼한 금속 지퍼가 장착되어 소지품을 안전하게 보호하고 떨어지지 않도록 보호합니다. 우아한 색상 디자인: 클래식한 RAL 색상 팔레트에서 영감을 받아 일상 의상에 우아함을 더하고 소지품을 쉽게 분류할 수 있습니다. 👍명함 포켓으로 쉽게 식별할 수 있습니다: 명함이 비어 있는 투명한 명함 포켓으로 내용물을 쉽게 라벨링, 표시 및 식별할 수 있습니다. 학생 책이나 교재를 깔끔하게 분류할 수 있는 효율적인 방법입니다. 다용도 유틸리티: 다양성을 염두에 두고 설계된 이 메시 백은 장난감, 사무실 및 학용품부터 화장품 및 여행 필수품에 이르기까지 모든 것을 보관할 수 있습니다. 공예, 바느질 프로젝트 등에 이상적이며 학교, 사무실, 가정 또는 여행 및 야외 활동에 참여하는 동안 사용하기에 적합합니다.",,"['명함', '메시', '백', '여행', '파우치', '지퍼', '보관', '학교', '사무실', '필수품']"
사무용품,파일링 제품,다용도 정리함,,B09B9R6YLX,"러스틱 우드 리모컨 캐디, 3슬롯 사무용품 보관 랙 데스크탑 오거나이저 TV 리모컨 캐디(빈티지)",BARGIFTS,26301,26301,4.6,350.0,"독특한 디자인 - 나무 원격 캐디는 두 가지 색상으로 제공되며, 안정적인 수직 디자인으로 원격 오거나이저는 식탁, 침실용 탁자, 테이블 및 커피 테이블에 이상적이며 홈 오거나이저로 기능하면서 홈 데코를 세련되고 세련되게 유지합니다. 좋은 소재 - TV 리모컨 홀더는 견고하고 낙하 방지 단단한 목재로 만들어져 실수로 넘어뜨렸을 때 리모컨 박스가 손상될 염려가 없습니다. 다양한 용도 - 테이블용 리모컨 캐디, 안경, 휴대폰, 열쇠, 충전 친구, 휴대폰 데이터 케이블, 책상 액세서리 등과 함께 미디어 리모컨을 추적하는 이상적인 방법입니다. 여성용: 메이크업 브러시, 눈썹 연필, 아이라이너, 마스카라 또는 기타 여성스러운 메이크업 도구를 어디에 둘 것인지 문제를 해결하기 위해 책상 캐디로 사용할 수 있습니다. 깜짝 선물 - 리모컨 홀더는 집들이, 프로모션, 생일 또는 휴일 선물 등으로 완벽합니다. 완벽한 사이즈 - 길이 17.8cm(7인치) x 너비 11.9cm(4.7인치) x 깊이 14cm(5.5인치)로 대부분의 물건을 넣을 수 있을 만큼 큽니다(제품에는 그림에 표시된 리모컨이 포함되어 있지 않습니다)",,"['리모컨', '테이블', '책상', '홈', '홀더', '선물', '세련되다', '디자인', '휴대폰', '완벽하다']"
사무용품,파일링 제품,다용도 정리함,,B0BDRVV38H,"책상용 연필 컵 펜 홀더, 세라믹 대리석 메이크업 브러시 정리함 컵, 대리석 패턴 화이트 데스크탑 문구 정리 책상 오거나이저 펜 보관 컵, 사무실, 학교용",HOMSUN,17991,17991,4.7,28.0,"책상용 세라믹 연필 홀더: 저희 책상 펜 홀더는 세라믹으로 만들어져 섬세하고 튼튼하며 매끄럽게 마무리되었습니다 세련된 펜 컵: 독특한 수채화 추상 블랙 화이트 대리석 패턴 디자인, 상단에 골드 트림, 시크하고 독특합니다. 사무실과 가정을 위한 좋은 선물입니다 다목적 사무실 책상 보관 및 정리함: 세라믹 홀더는 펜, 연필, 눈금자 및 기타 사무실 용품을 보관할 수 있으며 메이크업 브러시, 화장품 연필 또는 기타 메이크업 도구를 보관하는 데에도 사용할 수 있습니다 메이크업 홀더 오거나이저: 패키지에는 대리석 프린트 펜 연필 홀더 1개가 포함되어 있으며, 상자 안에 높이 10cm(3.9인치), 너비 8.5cm(3.3인치) (크기 11.9cm(4.7인치) x 9.9cm(3.9인치) x 9.4cm(3.7인치))는 책상을 위한 최고의 동반자입니다. 패션을 좋아하거나 예술가의 취향을 가진 분들, 놓치지 마세요. 이 세라믹 펜 홀더는 작은 주얼리 보관 상자, 욕실 칫솔 홀더, 주방 기구 보관 랙(스푼, 포크, 나이프 보관), 창의적인 화분 컵 등으로 사용할 수 있습니다. 정교한 외관, 다양한 용도, 자신, 친구, 대학생, 사무실 또는 인생의 특별한 사람을 위한 완벽한 선물","HOMSUN 책상용 펜 연필 홀더, 세라믹 펜 연필 컵, 세련된 추상 대리석 스톤 프린트 책상 펜 오거나이저 메이크업 브러시 홀더 홈 오피스 책상용 화이트","['홀더', '펜', '책상', '연필', '세라믹', '보관', '컵', '메이크업', '사무실', '대리석']"
사무용품,파일링 제품,다용도 정리함,,B0CDRNTBCQ,"TooCust 가죽 사무실 책상 오거나이저, 책상 탑 오거나이저용 다기능 사무용품, 남성용 책상 액세서리, 펜 연필 홀더 및 오거나이저용 교사 책상 정리함 (브라운)",TooCust,20207,20207,4.7,12.0,"【Practical Compartment Design】With multiple compartments and sections, our desk organizer provides ample space to store and arrange your pens, pencils, paper, ruler, scissors, clips, sticky notes, and other office essentials.There is a sturdy cardboard divider in each organizer that allows you to separate and organize your supplies with ease. 【Durable Pencil Holder】Surface is made of high quality PU leather with MDF structure, interior and bottom are made of soft flannel.The durable construction can withstand the daily wear and tear of a busy workspace. 【Bring Style to Your Home Office】With its sleek and modern design, our pencil holder will complement any desk or workspace decor, adding a touch of style and organization to your workstation. 【Manual Measurement】Approx total size: 8.8 x 4.1 x 4.7 inches, square compartments can hold about 20 PCS pens/pencils. 【Multi-purpose】Whether you need to keep your desk neat and tidy in the office, manage your study materials at school, or organize your stationery at home, our office desk organizer is the perfect solution.",,"['책상', '홀더', '사무', '교사', '오거나이저', '남성', '다기능', '브라운', '사무실']"
사무용품,파일링 제품,다용도 정리함,,B09JVWXJ3G,"마그네틱 펜슬 홀더, 마그네틱 드라이 지우개 마커 홀더, 화이트보드용 펜 및 지우개 홀더, 사무실, 냉장고, 사물함 및 금속 캐비닛용 자석 펜슬 컵 보관 오거나이저(옐로우)",Hovico,8102,8102,4.6,34.0,"【완벽한 애프터 서비스】어떤 이유로든 구매에 완전히 만족하지 못하거나 사용 중에 문제가 발생하면 ""판매자에게 연락하기"" 버튼을 클릭하여 이메일을 보내 주시면 24시간 이내에 문제를 해결하고 100% 만족을 드릴 것입니다! 【강력한 자석】강력한 자석이 펜 홀더의 뒷면에 고정되어 있습니다. 화이트보드와 냉장고 또는 금속 표면 옆에 놓을 수 있어 무언가를 내려 놓을 때 쉽게 닿을 수 있습니다. 펜을 넣거나 따를 때 미끄러지거나 떨어지지 않습니다. 【다용도】마그네틱 마커 홀더는 가정, 학교 및 사무실에 적합하며 다양한 장면을 위해 완벽하게 설계되었으며, 화이트보드, 냉장고, 식기 세척기, 세탁기, 사무실 책상, 사물함 액세서리 또는 열쇠용 체육관 사물함에 사용할 수 있습니다. 【고품질 소재】자석 뒷면이 있는 ABS 소재로 제작된 이 내구성 있는 마커 홀더는 모든 사무실 장식에 적합하며 잃어버린 펜의 번거로움을 우아하게 마무리합니다. 【유연한 자석 홀더】2피스 홀더를 사용하면 취향에 따라 물건을 분류하고 정리할 수 있습니다. 이 홀더의 유연한 배치는 공간 절약을 극대화할 수 있으며 모든 사무실 장식에 적합하면서 잃어버린 펜의 번거로움을 우아하게 마무리합니다.","100% 새 제품 및 고품질 특징: 연필 홀더는 사무실, 학교 또는 가정에서 널리 사용할 수 있어 깨끗하고 질서 있는 환경을 만들 수 있습니다. 뒷면에 자석이 있는 고품질 PP 소재로 제작되어 친환경적이며 냄새가 나지 않으며 무독성이며 내구성이 뛰어나며 오랫동안 사용할 수 있습니다. 심플하고 우아한 디자인, 기분 좋은 화이트 색상과 세련된 디자인은 모든 현대적인 작업 공간을 보완하고 공간을 절약하는 데 도움이 됩니다. 자석은 금속 화이트보드, 칠판, 캐비닛 등과 같은 금속 표면에 쉽게 붙일 수 있을 만큼 튼튼합니다. 열쇠, 펜, 메이크업 브러시, 헤어 링, 눈금자, 가위, 화이트보드 펜, 지우개, 분필 등과 같은 모든 종류의 물건을 보관할 수 있을 만큼 큽니다. 펜 홀더만 해당되며, 사진에 있는 다른 액세서리 데모는 포함되어 있지 않습니다. 사양: 소재: 플라스틱 사이즈: 대략 12x4x10cm/4.72x1.57x3.94in 색상: 옐로우, 화이트, 핑크, 그린, 블루 수량: 1 Pc 패키지 구성: 1 x 펜 홀더. 서비스: 1. 모니터 차이와 조명 효과로 인해 제품의 실제 색상은 사진에 보이는 색상과 약간 다를 수 있습니다. 감사합니다! 2. 수동 측정으로 인해 약 1-2cm 측정 편차가 있을 수 있습니다. 3. 저희는 고품질의 제품과 최고의 서비스를 제공할 것을 약속드립니다. 4. 저희 제품을 사용하여 문제가 발생하면 저희에게 연락하거나 이메일을 보내 주시면 24시간 이내에 만족스러운 해결책을 제공할 것을 약속드립니다.","['홀더', '펜', '자석', '사무실', '화이트보드', '금속', '지우개', '구성', '문제', '마그네틱']"
사무용품,파일링 제품,다용도 정리함,,B0BZ432G3P,"주방 서랍 오거나이저, 금속 실버웨어 식기 정리함, 딥 메시 와이어, 칼, 포크, 스푼, 메이크업 서랍 및 식기 홀더용 프리미엄 커틀러리 트레이 - 4칸",Resulzon,19376,19376,,,"【견고한 구조】당사의 주방 서랍 정리함은 견고한 디자인과 탁월한 하중 지지 용량을 특징으로 하여 변형이나 파손 없이 무거운 주방 용품과 식기를 쉽게 보관할 수 있어 사용 중에 안전과 안정성을 보장합니다. 【다용도 정리함】금속 기구 정리함은 4개의 칸이 있어 식기, 조리 도구, 문구류, 도구 및 화장품과 같은 작은 물건을 분류하고 정리하는 데 효과적인 도구입니다. 서랍을 열면 모든 물건을 한 눈에 명확하게 볼 수 있습니다. 【메시 디자인】이 은식기류 정리함은 아름답고 실용적인 메시 디자인이 특징입니다. 보관 상자의 높은 바닥은 식기가 서랍에 닿지 않도록 하여 식기의 위생과 품질을 보장합니다. 식기가 젖어도 보관 상자 내부의 공기 순환으로 건조하고 깨끗하게 유지할 수 있습니다. 【간편한 청소 관리】서랍용 은식기 트레이는 세척이 매우 쉽습니다. 장기간 사용 후에도 변형이나 표면 녹에 대한 걱정 없이 물로 헹구기만 하면 됩니다. 사이즈: 37.6cm x 27.4cm x 4.6cm 【만족 보장】 어떤 이유로든 주방 서랍 정리함에 만족하지 못하셨다면 12개월 이 제공됩니다. 언제든지 저희에게 연락하십시오!",,"['식기', '서랍', '정리', '주방', '메시', '디자인', '도구', '보장', '칸', '상자']"
사무용품,파일링 제품,다용도 정리함,,B0D5BG2JTM,"메시 지퍼 파우치 백 18개, 정리용 8가지 사이즈 지퍼 파우치, 지퍼가 달린 8가지 색상 메시 백, 정리용 재사용 가능한 지퍼 백, 퍼즐 백 및 보드 게임 보관",VVCOIIROEI,13185,27270,,,"다양한 사이즈: 8가지 사이즈와 8가지 색상의 메시 지퍼 파우치 18개: B4 2개(38.9x28.4cm), 3*A4(34x23.9cm), 2*B5(29x20.6cm), 2*A5 (9.4x7.1""), 2*B6 (19 14cm(0.5인치) x A6 2개(16 x 11.9cm(6.3 x 4.7인치)), 지폐 3개(23.1 x 10.9cm(9.1 x 4.3인치)), B8 2개(13 x 9.9cm(5.1 x 3.9인치)). 다양한 용도: 다양한 크기의 지퍼 파우치는 장난감 보관 가방, 파일 가방 및 정리 가방에 사용할 수 있습니다. 대형 지퍼 파우치는 퍼즐, 블록, 책, 파일 및 어린이 낙서 그림을 보관하는 데 사용할 수 있습니다. 작은 지퍼 백은 펜, 티켓, 칫솔 및 세면도구와 같은 여행 용품을 보관하는 데 사용할 수 있습니다. 프리미엄 품질 PVC: 당사의 지퍼 백은 친환경 반투명 PVC와 다채로운 지퍼로 만들어져 물건을 빠르게 식별하고 안전하게 보관할 수 있습니다. 내구성이 뛰어난 소재와 다양한 색상 중에서 선택할 수 있어 어수선함을 더 잘 정리하고 단순한 삶을 살 수 있습니다. 장점: 지퍼 메시 백은 방수, 내마모성, 안전하고 재사용이 가능합니다. 그림책, 데이터, 지폐, 사진, 주얼리 등을 정리하는 데 사용할 수 있습니다. 학교, 사무실, 가정 및 여행 보관 요구 사항을 충족하도록 설계되었습니다. 안심하고 구매하세요: 구매 과정에서 문제가 발생하면 최적의 솔루션을 제공해 드리겠습니다.",,"['지퍼', '백', '보관', '파우치', '정리', '메시', '가방', '가능하다', '지폐', '안전하다']"
사무용품,파일링 제품,다용도 정리함,,B0C6MBM2Y7,"펀치 프리 랙 걸이식 박스 리모컨 홀더 휴대폰 보관 정리함 6개, 학교, 사무실, 가정에 적합(블루 2개, 그레이 2개, 화이트 2개)",Generic,17991,17991,5.0,1.0,"하나의 상자는 다목적이며, 벽걸이 리모컨 보관 상자는 구멍을 뚫을 필요가 없으므로 벽을 보호하고 휴대가 더 편리합니다. 접착제를 제거하고 제품 뒷면에 붙이고 접착제를 떼어내어 벽에 붙인 다음 24시간 동안 휴식을 취하여 더 안전하게 만듭니다. ABS 플라스틱 소재, 견고하고 내구성이 뛰어나며 매끄러운 표면, 내구성. 다양한 리모컨을 넣을 수 있을 뿐만 아니라 휴대폰, 펜, 칫솔, 열쇠, 쓰레기 봉투 등도 넣을 수 있습니다. 박스 하단에는 휴대폰 충전 포트가 있어 휴대폰을 충전하기에 편리합니다.","유형: 리모컨 보관 상자 소재: ABS 색상: 그레이, 화이트, 블루 사이즈: 9x3.5x11.5cm (3.5x1.4x4.5) 용도: 휴대폰, 펜, 칫솔, 열쇠, 쓰레기 봉투 등을 넣으십시오.","['휴대폰', '리모컨', '상자', '보관', '벽', '블루', '쓰레기', '봉투', '접착제', '충전']"
사무용품,파일링 제품,다용도 정리함,,B09KRKLLPT,"귀여운 리모컨 홀더, PU 가죽 리모컨 홀더 오거나이저, 5개의 칸, TV, 사무용품, 라마 패턴 PH63용 테이블 탑 보관 원격 바구니",LINKWELL,24916,24916,4.7,87.0,"리모컨 정리: TV 컨트롤러 홀더는 21.3 x 7.6 x 12.4cm(8.4 x 3 x 4.9인치) 크기이며 5개의 넓은 칸이 있어 모든 리모컨을 정리하고 보관할 수 있어 편리하고 쉽게 접근할 수 있습니다 안정성 및 내구성: 테이블용 원격 홀더는 눈길을 끄는 디자인과 색상의 PU 가죽으로 덮여 있으며 매일 사용할 수 있을 만큼 내구성이 뛰어납니다. 리모컨, 브러시 및 기타 액세서리를 똑바로 세워 바로 사용할 수 있도록 설계되었습니다 데코를 꾸미세요: 채널 체인저 홀더는 세련된 디자인을 사용하여 책상이나 홈 데코의 외관을 보완하는 동시에 기능적인 저장 공간을 추가하여 어수선함을 줄이고 필요한 것을 찾을 수 있습니다 다용도 및 다용도: 리모컨을 위한 완벽한 선택일 뿐만 아니라 책상용 향수 오거나이저와 연필 홀더는 사무용품, 화장품, 크림, 세면도구 등을 정리하는 데에도 사용할 수 있습니다. 대부분의 거실, 사무실 및 침실 장식과 잘 어울립니다 사려 깊은 선물 아이디어: 사려 깊고 세련된 친구와 가족을 위한 선물을 찾고 계신다면 찾으셨습니다. 당사의 TV 컨트롤 홀더는 생일, 기념일, 크리스마스, 새해 및 기타 행사에 완벽한 선물입니다",,"['홀더', '리모컨', '정리', '선물', '책상', '깊다', '디자인', '완벽하다', '데코', '다용도']"
사무용품,파일링 제품,봉투 파일,,B08BYKJ4R9,"Sooez 10팩 플라스틱 봉투 폴리 봉투, 투명 문서 폴더 파일 폴더 미국 레터 A4 사이즈 파일 봉투, 라벨 포켓 포함, 다양한 색상",Sooez,15221,11066,4.7,5446.0,"다채로운 투명 봉투 및 대용량: 5가지 색상: 투명 블루, 그린, 옐로우, 퍼플, 핑크(각 색상은 2개). 다양한 색상으로 종이를 쉽게 정리하고 구별할 수 있습니다. 봉투 폴더 크기는 33.7 x 23.5cm(13.25 x 9.25인치)이며 A4/US 레터 사이즈 파일 및 기타 작은 품목에 적합하며 200장 이상의 종이를 담을 수 있습니다. 프리미엄 품질 및 방수: 내구성이 뛰어난 PP 소재 플라스틱 및 방수 봉투 폴더로 업그레이드 된 두께로 찢어짐을 방지하여 내구성이 뛰어나고 문서 또는 기타 물건을 안전하게 보관할 수 있습니다. 안전한 페이스트 클로저 및 라벨 포켓: 안전한 페이스트 클로저가 있는 고품질 반투명 문서 가방으로 가벼운 물건을 쉽고 편리하게 휴대하고 보관할 수 있으며 여러 번 반복해도 오래 사용할 수 있습니다. 플라스틱 봉투에는 라벨을 위한 포켓이 있어 문서를 쉽게 구별할 수 있습니다. 투명한 문서 파우치: 시스루 매끄러운 문서 폴더는 내용물을 볼 수 있도록 해주며 봉투를 열지 않고도 문서를 쉽게 찾을 수 있습니다. 간편한 보관: 당사의 플라스틱 파우치는 휴대가 가능하여 물건을 정리하고 어수선함을 분류하는 데 도움이 됩니다. 봉투 가방은 학교, 집, 직장, 사무실, 여행 및 출장에서 사용할 수 있습니다. 외부 미니 라벨 포켓은 문서를 쉽게 분류하고 식별할 수 있도록 도와줍니다.",,"['봉투', '문서', '폴더', '포켓', '플라스틱', '라벨', '투명', '파일', '물건', '안전하다']"
사무용품,파일링 제품,봉투 파일,,B0C3QF119T,Mr. Pen - 투명 플라스틱 봉투,Mr. Pen,10872,10872,4.7,279.0,Mr. 10개의 투명 플라스틱 봉투 펜 세트는 독특한 색상의 플랩이 있어 감각을 더하고 쉽게 식별할 수 있습니다. 고품질의 투명 플라스틱으로 제작된 이 봉투는 방수 및 재사용이 가능하여 내구성을 약속하여 문서를 깨끗하게 유지합니다. 33.5 x 23.6cm(13.25 x 9.3인치) 크기의 넉넉한 크기로 편지 크기의 종이를 쉽게 넣을 수 있도록 설계되었습니다. 유용성을 향상시키는 각 봉투는 라벨을 위한 전용 포켓이 있어 문서 분류 및 신속한 검색을 간소화합니다. 다양한 용도로 사용할 수 있습니다. 펜 플라스틱 봉투는 학교와 사무실에서 가정 및 출장에 이르기까지 다양한 환경에서 빛나며 어디를 가든 체계적인 터치를 제공합니다.,,"['봉투', '플라스틱', '투명', '문서', '펜', '환경', '넉넉하다', '방수', '라벨', '독특하다']"
사무용품,파일링 제품,봉투 파일,,B093793RNQ,"EOOUT 플라스틱 봉투 30개, 스냅 클로저가 있는 투명 봉투, 문서 폴더 레터 사이즈 A4 사이즈 파일 봉투, 라벨 포켓 포함, 학교 가정 직장 사무실 정리용",EOOUT,22146,22146,4.7,1567.0,"대용량: 종이를 쉽게 정리하고 분리할 수 있는 100% 투명 플라스틱 봉투. 봉투 폴더의 크기는 33.3cm x 23.5cm(13 x 9인치)이며 200장 이상의 레터 크기 용지를 담을 수 있습니다. 고품질 및 방수: 내구성이 뛰어난 PP 소재 플라스틱 및 방수 봉투 폴더는 찢어짐을 방지하여 내구성이 뛰어나 문서 또는 기타 물건을 안전하게 보관할 수 있습니다. 스냅 클로저와 라벨 포켓이 있는 디자인: 스냅 클로저가 있는 고품질 반투명 문서 가방으로 가벼운 물건을 쉽고 편리하게 휴대하고 보관할 수 있으며 여러 번 반복해도 오래 사용할 수 있습니다. 플라스틱 봉투에는 라벨을 위한 포켓이 있어 문서를 쉽게 구별할 수 있습니다. 투명한 문서 봉투: 시스루 매끄러운 문서 폴더는 내용물을 볼 수 있도록 해주며 봉투를 열지 않고도 문서를 쉽게 찾을 수 있습니다. 간편한 보관: 당사의 플라스틱 봉투는 휴대가 가능하여 물건을 정리하고 어수선함을 분류하는 데 도움이 됩니다. 봉투 가방은 학교, 집, 직장, 사무실 여행 및 출장에서 사용할 수 있습니다. 외부 미니 라벨 포켓은 문서를 분류하고 식별하는 데 도움이 됩니다.",,"['봉투', '문서', '플라스틱', '라벨', '폴더', '포켓', '정리', '스냅', '클로저', '물건']"
사무용품,파일링 제품,봉투 파일,,B08KVSWFHM,"FANWU 버튼 및 스트링 타이 클로저가 있는 플라스틱 레터 사이즈 봉투, 3.2cm(1-1/6인치) 확장, 측면 로드, 투명 폴리 재사용 가능한 파일 폴더 프로젝트 종이 문서 정리함 사무실 학교 가정용",FANWU,19376,12451,4.5,783.0,"【 확장 가능한 레터 사이즈 플라스틱 봉투】: 사이즈 33x25cm(13x10인치), 3.2cm(1-1/6인치) 거싯. 확장되는 플라스틱 봉투는 일반 플라스틱 봉투보다 4배 용량을 가지고 있습니다. 상상력을 뛰어넘는 저장 용량으로 이상적인 보관 도구가 될 것입니다. 스트링 타이 클로저가 있는 플라스틱 폴더: 전통적인 버튼과 스트링 타이 클로저가 있는 풀 사이즈 플랩, 스트링은 더 길고 내구성이 뛰어납니다. 사무실 문서 보관 및 공식 행사 적용에 매우 적합합니다. 【견고하고 내구성이 뛰어난 플라스틱 파일 봉투】: 고품질 폴리 소재로 만든 FANWU 플라스틱 파일 봉투는 무산성 및 PVC 프리 제품입니다. 두껍고 유연한 소재로 중요한 문서와 사진을 오래 보관할 수 있으며 더 긴 수명을 제공하여 더 많은 비용을 절약할 수 있습니다. 압축 포장을 사용하여 배송비를 줄이고 더 유리한 파일 봉투 세트를 얻을 수 있습니다. 【 투명 플라스틱 봉투에 21.6 x 27.9cm(8.5 x 11인치)】: FANWU 폴리 봉투는 투명하고 시스루로 내용물을 명확하게 볼 수 있어 열지 않고도 문서를 쉽게 찾을 수 있습니다. 【 쉽고 훌륭한 보관 도구】: FANWU 플라스틱 반투명 문서 홀더는 휴대가 가능하여 물건을 정리하고 어수선함을 정리할 수 있습니다. 봉투 가방은 학교, 집, 직장, 사무실, 여행 및 출장에서 사용할 수 있습니다. 투명 플라스틱 봉투는 중요한 A4/레터 사이즈 용지 및 문서, 프로젝트, 프레젠테이션 및 숙제, 서류, 서류, 쿠폰 및 스티커를 정리하는 이상적인 방법입니다. 또한 어린이 퍼즐, 공예 용품, 테이블 게임을 보관할 수 있습니다","FANWU 버튼 및 스트링 클로저가 있는 플라스틱 봉투 투명 사이드 로딩 폴더 레터 사이즈 종이 사무실 오거나이저. 3.2cm(1-1/6인치) 확장 대용량 내구성 재사용 가능한 봉투 가정 및 학교 문서 보관용. 프리미엄 품질의 플라스틱 봉투. -- 환경 보호 소재. 간편한 여행용 레터 사이즈 폴리 봉투는 내구성이 뛰어난 폴리 소재로 만들어졌으며 무산성 및 PVC 프리 제품입니다. -- 두껍고 유연합니다. FANWU 방수 폴리 레터 사이즈 필링 봉투는 일반 플라스틱 파일 봉투보다 두껍고 청소하기 쉽고 먼지와 습기로부터 멀리 떨어진 곳에 보관할 수 있습니다. 유연한 소재로 사용 중 장기적인 마찰을 견딜 수 있습니다. -- 견고하고 긴 사용 수명. 초음파 핫 프레스 기술을 사용하여 가장자리가 평평하고 매끄러워 무거운 문서를 넣을 수 있습니다. FANWU 폴리 투명 파일 봉투, 일반 플라스틱 봉투보다 긴 사용 수명. 훌륭한 정리 도구 -- 투명하고 반투명합니다. 시스루 폴리 확장 가능한 파일 폴더 봉투를 사용하면 봉투에 있는 문서의 내용을 한눈에 볼 수 있습니다. 포함된 내용을 인덱스로 표시할 필요가 없습니다. -- 스트링 타이 클로저가 있는 보호 플랩. 버튼이 있는 스트링은 문서가 떨어지는 것을 방지합니다. 측면 로딩 스트링 타이 클로저는 중요한 문서를 보관하고 정리하기에 안전합니다. -- 대용량. 3.8cm(1-1/6인치) 확장 가능한 거싯으로 최대 200장까지 담을 수 있습니다. -- 다양한 목적. 채우기 쉽고 문서와 종이를 함께 깔끔하게 유지합니다. 대용량 플라스틱 봉투는 서류, 숙제, 중요한 문서, 개인 문서, 프로젝트, 사진, 나무 퍼즐 등에 적합합니다. 수량: 6팩 색상: 다양한 색상 마감: 스트링 타이 클로저가 있는 플랩 확장: 1-1/6인치, 2cm 크기: 13x10 인치 (33x25 cm) 소재: 환경 보호 폴리","['봉투', '플라스틱', '문서', '폴리', '스트링', '확장', '클로저', '파일', '정리', '타이']"
사무용품,파일링 제품,봉투 파일,,B0BKJJW7QN,"EOOUT 30팩 10가지 색상 플라스틱 봉투 폴리 봉투, 파일 폴더 투명 문서 폴더 파일 봉투 라벨 포켓 포함 A4 사이즈",EOOUT,17991,17991,4.8,257.0,"패키지 구성: 밝은 색상의 플라스틱 봉투 10개 30팩, 폴더는 33 x 23.9cm(13 x 9.4인치) 크기이며 A4/레터 크기 용지를 고정 보관하기에 적합하며 최소 200장의 종이를 담을 수 있습니다. 다양한 색상: 10가지 색상이 있습니다. 다양한 문서를 빠르게 정리하고 식별할 수 있어 편리합니다. 특별: 각 플라스틱 봉투 가방에는 이름이나 메모를 기록하기 위한 투명한 라벨 포켓이 있습니다. 후크 앤 루프 클로저는 매우 편리하고 빠르며 찢어짐으로 인해 폴더가 쉽게 손상되지 않습니다. 구성: 투명 폴더를 사용하면 내부 파일을 직접 볼 수 있으므로 봉투를 열지 않고도 파일을 쉽게 찾을 수 있습니다. 이 폴더는 두꺼운 PP 플라스틱으로 만들어져 방수 및 얼룩 방지 기능이 있으며 우수한 품질로 찢어짐을 방지하고 튼튼합니다. 사용: 저희 폴더는 중요한 문서를 보관하기에 적합합니다. 초대형 용량은 많은 문서를 담을 수 있으며 강력한 고정 효과가 있으며 쉽게 부서지지 않습니다. 사무실, 학교 또는 가정에 훌륭한 도우미입니다.",,"['폴더', '봉투', '문서', '파일', '플라스틱', '라벨', '투명', '방지', '보관', '구성']"
사무용품,파일링 제품,봉투 파일,,B08BYLRKHZ,"10팩 플라스틱 봉투 폴리 봉투, Sooez 투명 문서 폴더 미국 레터 A4 사이즈 파일 봉투, 라벨 포켓 포함, 학교 가정 직장 사무실 정리용 투명",Sooez,11066,11066,4.7,662.0,"간편한 보관: 당사의 플라스틱 파우치는 휴대가 가능하여 물건을 정리하고 어수선함을 분류하는 데 도움이 됩니다. 봉투 가방은 학교, 집, 직장, 사무실 여행 및 출장에서 사용할 수 있습니다. 투명 봉투 및 대용량: 100% 투명 파일 폴더로 종이를 쉽게 정리하고 구별할 수 있습니다. 봉투 폴더 크기는 33.7 x 23.5cm(13.25 x 9.25인치)이며 레터 사이즈 용지 200장 이상을 담을 수 있습니다 프리미엄 품질 및 두께 업그레이드: 내구성이 뛰어난 PP 소재 플라스틱 및 방수 봉투 폴더는 찢어짐을 방지하여 내구성이 뛰어나고 문서 또는 기타 물건을 안전하게 보관할 수 있습니다. 후크 앤 루프 클로저 및 라벨 포켓이 있는 디자인: 후크 앤 루프 클로저가 있는 고품질 반투명 문서 가방, 가벼운 물건을 쉽고 편리하게 휴대하고 보관할 수 있으며 여러 번 반복해도 오래 사용할 수 있습니다. 플라스틱 봉투에는 라벨을 위한 포켓이 있어 문서를 쉽게 구별할 수 있습니다. 간편한 보관: 당사의 플라스틱 파우치는 휴대가 가능하여 물건을 정리하고 어수선함을 분류하는 데 도움이 됩니다. 봉투 가방은 학교, 집, 직장, 사무실, 여행 및 출장에서 사용할 수 있습니다. 외부 미니 라벨 포켓은 문서를 쉽게 분류하고 식별할 수 있도록 도와줍니다.",,"['봉투', '플라스틱', '문서', '투명', '라벨', '정리', '폴더', '포켓', '물건', '분류']"
사무용품,파일링 제품,봉투 파일,,B0B5ZV3G3C,"Sooez 12팩 플라스틱 봉투, 문서용 플라스틱 파일 폴더, 투명 학교 폴더, 컬러 파일 폴더 레터 A4 사이즈, 문서 오거나이저 방수 폴리 봉투, 클로저가 있는 6가지 색상",Sooez,8296,8296,4.7,604.0,"다채로운 투명 봉투 및 대용량: 6가지 색상: 블루, 그린, 옐로우, 퍼플, 핑크, 투명(각 색상은 2개). 다양한 색상으로 종이를 쉽게 정리하고 구별할 수 있습니다. 봉투 폴더 크기는 33.7 x 23.5cm(13.25 x 9.25인치)이며 A4/US 레터 사이즈 파일 및 기타 작은 품목에 적합하며 200장 이상의 종이를 담을 수 있습니다. 프리미엄 품질 및 방수: 내구성이 뛰어난 PP 소재 플라스틱 및 방수 봉투 폴더로 업그레이드 된 두께로 찢어짐을 방지하여 내구성이 뛰어나고 문서 또는 기타 물건을 안전하게 보관할 수 있습니다. 안전한 잠금 디자인: 후크 앤 루프 클로저가 있는 고품질 반투명 문서 가방으로 가벼운 물건을 쉽고 편리하게 휴대하고 보관할 수 있으며 여러 번 반복해도 오래 사용할 수 있습니다. 투명한 문서 파우치: 시스루 매끄러운 문서 폴더는 내용물을 볼 수 있도록 해주며 봉투를 열지 않고도 문서를 쉽게 찾을 수 있습니다. 간편한 보관: 당사의 플라스틱 파우치는 휴대가 가능하여 물건을 정리하고 어수선함을 분류하는 데 도움이 됩니다. 봉투 가방은 학교, 집, 직장, 사무실, 여행 및 출장에서 사용할 수 있습니다. 외부 미니 라벨 포켓은 문서를 쉽게 분류하고 식별할 수 있도록 도와줍니다.",,"['문서', '봉투', '폴더', '플라스틱', '투명', '물건', '방수', '파일', '휴대', '가방']"
사무용품,파일링 제품,봉투 파일,,B0CBVLCRQ3,Yeaqee 플라스틱 봉투 폴리 봉투 파일 폴더 스냅 버튼 클로저 문서용 투명 폴더 미국 편지 A4 사이즈 파일 폴더 라벨 포켓 포함 홈 오피스 스쿨용 (투명),Yeaqee,30456,30456,4.6,25.0,"패키지 구성: 약 33 x 23.8cm(13 x 9.4인치) 크기의 플라스틱 파일 폴더 50개를 받을 수 있으며, 충분한 수량으로 이 파일 폴더를 사용하여 다양한 색상의 종이를 쉽게 정리하고 구별할 수 있어 매우 편리합니다 방수 소재: 파일 폴더 레터 사이즈는 PP 플라스틱으로 만들어졌으며 휴대가 편리하도록 가볍고 방수 및 찢어짐 방지 기능이 있으며 파일 폴더 내부의 종이 시트를 신뢰할 수 있는 보호 기능을 제공합니다. 사무용으로 자신 있게 사용할 수 있습니다 스냅 버튼 및 라벨 포켓 디자인: 스냅 클로저가 있는 플라스틱 봉투를 사용하면 파일 폴더를 쉽게 열고 닫을 수 있으며 미국 편지 또는 A4 사이즈 용지 및 기타 작은 물건을 보관하기에 적합합니다. 라벨 포켓으로 파일을 쉽게 구별할 수 있습니다 투명 폴리 봉투: 폴리 봉투의 투명한 디자인으로 내부를 선명하게 볼 수 있으며 봉투를 열지 않고도 문서를 찾을 수 있습니다. 또한 클로저의 라벨에 따라 필요한 파일을 더 빨리 찾을 수 있습니다 실용적이고 유용함: 문서용 플라스틱 봉투는 휴대가 쉽고 문서, 파일, 종이 재료를 정리할 수 있어 일상 생활에서 보호 기능을 제공하고 쉽게 찾을 수 있습니다. 사무실, 가정, 학교, 직장, 여행에 사용할 수 있습니다",,"['파일', '폴더', '봉투', '플라스틱', '라벨', '문서', '종이', '클로저', '스냅', '폴리']"
사무용품,파일링 제품,봉투 파일,,B0CYQ5RFJW,"Sooez 6팩 플라스틱 봉투 파일 폴더, Rainforced 투명 폴더 중요 문서 오거나이저, A4 레터 사이즈 청구서 영수증 종이 홀더 오거나이저 폴더, 학교 사무실용 안전한 클로저 포함",Sooez,6911,6911,4.9,11.0,"파일 보관 및 정리: 당사의 플라스틱 폴더는 휴대성이 뛰어나 문서를 정리하고 어수선함을 분류하는 데 도움이 됩니다. 봉투 가방은 학교, 집, 직장, 사무실 여행 및 출장에서 사용할 수 있습니다. 투명 봉투: 시스루 매끄러운 문서 폴더는 내용물을 볼 수 있게 해주며 봉투를 열지 않고도 문서를 쉽게 찾을 수 있습니다. 견고함 및 재사용 가능: 파일 폴더는 두꺼운 PP 소재로 만들어졌으며 가장자리가 강화되어 찢어짐과 물을 방지하여 내구성이 뛰어나고 문서나 기타 물건을 안전하게 보관할 수 있습니다. 디자인 안전 잠금: 안전한 클로저가 있는 고품질 반투명 문서 폴더는 쉽게 닫을 수 있으며 이동 중에도 세금 수락 문서 용지를 가져갈 수 있으며 여러 번 반복해도 오래 사용할 수 있는 내구성이 뛰어납니다. 대용량: 봉투 폴더 크기는 33.7 x 23.5cm(13.25 x 9.25인치)이며 합법적인 A4 레터 사이즈 용지를 200장 이상 담을 수 있습니다.",,"['폴더', '문서', '봉투', '안전하다', '파일', '구성', '오거', '용지', '오거나이저', '정리']"
사무용품,파일링 제품,봉투 파일,,B089KT8MG9,"1InTheOffice 폴리 봉투 확장 가능한 플라스틱 투명 봉투, 버튼 및 스트링 클로저, 레터 사이즈, 투명, 20팩",1InTheOffice,30456,30456,4.7,209.0,종이와 문서를 정리할 수 있도록 지갑 폴더를 확장합니다 끈이 달린 폴더는 스트링 앤 버튼 클로저가 특징입니다 투명한 플라스틱으로 제작되었습니다. 방수 파일 소재. 편지 크기의 문서를 담을 수 있습니다 최대 3.2cm(1.25인치)까지 확장,"이 투명한 확장 지갑으로 중요한 서류에 추가적인 보호 레이어를 추가하십시오. 내구성이 뛰어난 폴리 구조로 물과 찢어짐에 대한 저항성을 제공하며, 스트링 앤 버튼 잠금으로 이동 중에 문서를 안전하게 보관합니다. 각 확장 지갑은 편지 크기 페이지를 쌓을 수 있도록 3.2cm(1.25인치) 확장을 자랑하며 내부를 깔끔하게 정리할 수 있습니다. 이 레터 사이즈 투명 폴리 확장 지갑은 일상적인 비즈니스 요구 사항을 충족하기 위해 20팩으로 제공됩니다.","['확장', '지갑', '폴리', '스트링', '버튼', '문서', '투명', '추가', '플라스틱', '정리']"
사무용품,파일링 제품,봉투 파일,,B07HDQ6XB4,"Sooez 12팩 폴더 플라스틱 봉투, 문서용 투명 플라스틱 파일 폴더, 라벨 포켓이 있는 레터 A4 사이즈 폴리 파일 봉투, 가정 작업 사무실 정리용 스냅 버튼, 5가지 색상",Sooez,12451,12451,4.7,8821.0,"간편한 보관: 당사의 플라스틱 파우치는 휴대가 가능하여 물건을 정리하고 어수선함을 분류하는 데 도움이 됩니다. 봉투 가방은 학교, 집, 직장, 사무실 여행 및 출장에서 사용할 수 있습니다. 외부 미니 라벨 포켓은 문서를 분류하고 식별하는 데 도움이 됩니다 다채로운 투명 봉투 및 대용량: 5가지 색상: 투명 블루, 그린, 옐로우, 퍼플, 핑크(각 색상은 2개). 다양한 색상으로 종이를 쉽게 정리하고 구별할 수 있습니다. 봉투 폴더 크기는 33.7 x 23.5cm(13.25 x 9.25인치)입니다 스냅 버튼 및 라벨 포켓이 있는 디자인: 미국 편지/A4 사이즈 용지 및 기타 작은 물품 보관에 적합한 스냅 버튼이 있는 고품질 투명 문서 가방. 플라스틱 봉투에는 라벨을 위한 포켓이 있어 문서를 쉽게 구별할 수 있습니다 투명한 문서 파우치: 시스루 매끄러운 문서 폴더는 내용물을 볼 수 있게 해주며 봉투를 열지 않고도 문서를 쉽게 찾을 수 있습니다 프리미엄 품질 및 두께 업그레이드: SturdyPP 소재 플라스틱 봉투 폴더는 찢어짐을 방지하기 위해 업그레이드된 두께로 문서 또는 기타 물건을 안전하게 사용하고 보관할 수 있습니다.",,"['봉투', '문서', '플라스틱', '폴더', '라벨', '포켓', '투명', '정리', '스냅', '버튼']"
사무용품,파일링 제품,봉투 파일,,B0BZ7X9KF1,"LEOBRO 플라스틱 봉투, 문서용 플라스틱 파일 폴더 6팩, 투명 플라스틱 폴더 문서용 플라스틱 봉투, 재사용 가능한 투명 파일 폴더 플라스틱 파일 백 폴리 필링 봉투, A4 사이즈",LEOBRO,6911,6911,4.6,369.0,"다채로운 플라스틱 봉투: 6개 세트, 32.5cm x 23.4cm(12.75인치 x 9.25인치), A4 사이즈/표준 미국 레터 사이즈 용지에 적합합니다. 블루, 레드, 옐로우, 퍼플, 그린, 투명, 눈길을 사로잡는 6가지 색상으로 제공되며 지저분한 종이를 분류하기에 좋습니다. 프리미엄 플라스틱 폴더: 고품질 플라스틱으로 제작되어 두껍고 가장자리가 잘 밀봉되어 견고하고 쉽게 분리되거나 마모되지 않으며 재사용이 가능하며 내구성이 뛰어납니다. 투명하고 쉽게 비치며 다양한 유형의 종이를 분류하고 책상을 정리하고 지저분함을 줄여줍니다. 붙여 넣기 클로저가 있는 플라스틱 봉투: 각 플라스틱 봉투에는 페이스트 클로저가 있어 안전하고 열리지 않으며 봉투를 쉽게 열고 닫을 수 있으므로 필요한 것을 빠르게 얻을 수 있으며 효과적으로 시간을 절약할 수 있습니다! 종이를 민트 상태로 유지: 방수, 내마모성, 물, 먼지, 주름, 긁힘, 마찰, 손상 및 손실에 잘 견디며 중요한 문서를 보관하고 운반하기에 좋으며 오래된 신문이나 파일과 같은 깨지기 쉬운 물건을 보호합니다. 다용도 플라스틱 폴더: A4 플라스틱 파일 봉투는 종이, 문구류, 간략한 보고서, 청구서, 영수증, 가전 제품 지침, 사진, 공예품, 공예 종이, 스티커, 장식, 여행 용품, 메이크업 아이템 등을 보관하기에 적합합니다. 학교, 사무실, 가정, 여행 등에 적합합니다.",,"['플라스틱', '봉투', '파일', '종이', '폴더', '투명', '문서', '지저분하다', '여행', '클로저']"
사무용품,파일링 제품,봉투 파일,,B081RD9MCZ,"파일 폴더, 스냅 클로저가 있는 플라스틱 봉투 폴더, 라벨 포켓이 있는 미국 레터 A4 사이즈 폴리 봉투, 문서용 폴더, 다양한 색상, 10팩",AOGELI,11066,11066,4.6,2018.0,"대용량 플라스틱 폴더 - 당사의 폴더는 33.7 x 23.8cm(13.25 x 9.25인치)이며 100장 이상의 레터 A4 사이즈 용지를 담을 수 있습니다. 두께(0.18mm) - 재사용 가능한 봉투는 시중의 다른 폴리 봉투보다 두껍고 견고하고 내구성이 뛰어나며 종이를 손상으로부터 보호합니다. 무산성 및 방수 - 고품질 플라싯 소재로 제작된 폴리 파일 폴더는 중요한 종이 시트를 정리하는 데 적합합니다. 파일 폴더 - 다양한 색상의 시스루 문서 폴더는 내용물을 볼 수 있도록 하며 봉투를 열지 않고도 문서를 쉽게 찾을 수 있습니다. 라벨 포켓이 있는 정리 폴더 - 학교, 집, 직장, 사무실, 여행 및 출장을 위해 물건을 정리할 수 있습니다. 독특한 라벨 포켓 디자인은 문서를 편리하게 분류하고 식별할 수 있도록 도와줍니다.","제품 사양: 색상: 화이트, 블루, 그린, 옐로우, 레드 투명 (각 색상 2개) 수량: 5가지 색상 소재: 고품질 플라스틱 사이즈: 33.7 x 23.5cm, 미국 문자 A4 사이즈 레터 및 기타 작은 물품 보관 제품 특징: 1. 티켓, 사진, 문서, 청구서, 영수증, 신분증, 여권, 펜을 빠르고 쉽게 정리할 수 있습니다. 2. 스냅 잠금으로 물건을 흘리거나 습기로부터 보호합니다. 3. 문서가 떨어지는 것을 방지하기 위해 양면에 밀봉되었습니다. 4. 라벨 포켓이 있는 투명 폴리 봉투는 100% 투명하며 다시 필요할 때 내부의 물건을 쉽게 식별할 수 있어 보관 시간을 절약할 수 있습니다. 5. 파일 폴더는 고품질의 환경 친화적인 두꺼운 소재로 만들어졌으며 마찰 방지, 긁힘 방지, 방수 및 내구성이 뛰어난 파일 폴더 폴더, 포켓이 있는 연필 가방 폴더, 파일 폴더 파일 폴더, 문서용 레터 사이즈 폴더, 필통 바인더 디바이더, 탭 포함, 플라스틱 폴더, 컬러 봉투, 파일 폴더, 파일 플라스틱 봉투, 교실 보관, 다채로운 봉투, 투명 연필 파우치, 컬러 파일 폴더, 포켓 파일 폴더, 장식용 투명 필통, 봉투 사이즈 필통 플라스틱 파일 폴더 파일 폴더 홀더 홈 오피스 정리 및 보관 교실 정리 및 보관 투명 봉투 플라스틱 폴더 투명 파우치 문서 보관 크레용 박스 보관 파일 폴더 투명 플라스틱 종이 폴더 파우치 스냅 클로저 지퍼 파우치 사무실 폴더 파일 캐비닛 종이 오거나이저 폴더 투명 연필 상자 재사용 가능한 파우치 연필 파우치 벌크 컬러 폴더 스크랩북 정리 및 보관 폴더 학교 플라스틱 봉투 4x6용 봉투 카드 종이 폴더 문서용 플라스틱 폴더 문서 오거나이저 폴더 플라스틱 봉투 연필 디스펜서 교실용 투명 플라스틱 슬리브 폴더 포켓 파일 가방 작은 플라스틱 케이스 투명 플라스틱 봉투 색지","['폴더', '파일', '봉투', '플라스틱', '투명', '문서', '보관', '정리', '포켓', '파우치']"
사무용품,파일링 제품,봉투 파일,,B08FHMGZLF,"Mr. Pen - 플라스틱 봉투, 10팩, A4, 레터 사이즈, 다양한 색상, 스냅 클로저가 있는 플라스틱 봉투, 문서용 플라스틱 봉투, 문서 봉투, 폴리 봉투, 파일 봉투",Mr. Pen,15221,9625,4.7,2668.0,"패키지에는 투명, 블루, 그린, 옐로우, 핑크 5가지 색상의 플라스틱 봉투 10개가 포함되어 있습니다(각 색상 2개) 봉투 폴더 크기는 33.2 x 24.3cm(13.25 x 9.25인치)입니다. A4 및 레터 사이즈 파일을 모두 저장할 수 있습니다. 플라스틱 봉투에는 문서를 쉽게 구별할 수 있는 라벨이 있는 포켓이 있습니다 작업, 과제 또는 기타 중요한 문서를 빠르고 쉽게 정리할 수 있습니다. 종이 및 기타 작은 물건을 안전하게 보관하세요",,"['봉투', '플라스틱', '문서', '파일']"
사무용품,파일링 제품,봉투 파일,,B07YXX66JS,"11팩 플라스틱 폴리 파일링 봉투, 투명 문서 폴더 미국 레터 A4 사이즈 파일 봉투, 라벨 포켓 및 붙여 넣기 버튼 포함, 학교 가정 직장 사무실 정리용 6가지 색상",OUTYLTS,13836,9681,4.7,1372.0,"다채로운 투명 봉투 및 대용량: 투명, 블루, 그린, 옐로우, 퍼플, 핑크 6가지 색상. 다양한 색상으로 종이를 정리하고 구별하기 쉽습니다. 봉투 폴더 크기는 33.7 x 23.5cm(13.25 x 9.25인치)이며 200장 이상의 A4 용지를 담을 수 있습니다. 프리미엄 품질 및 두께 업그레이드: 내구성이 뛰어난 PVC 소재 플라스틱 봉투 폴더, 내마모성 및 부식 방지 특성. 이전 단일 레이어 14C 두께에서 단일 레이어 두께는 18C로 증가하여 두께가 30% 증가했습니다. 스냅 버튼 및 라벨 포켓이 있는 디자인: 스냅 버튼이 있는 고품질 투명 문서 가방, 미국 편지/A4 사이즈 페이터 및 기타 작은 물건 보관용 스냅을 붙여 넣습니다. 플라스틱 봉투에는 라벨을 위한 포켓이 있어 문서를 쉽게 구별할 수 있습니다. 투명한 문서 파우치: 시스루 매끄러운 문서 폴더는 내용물을 볼 수 있도록 해주며 봉투를 열지 않고도 문서를 쉽게 찾을 수 있습니다. 간편한 보관: 당사의 플라스틱 파우치는 휴대가 가능하여 물건을 정리하고 어수선함을 분류하는 데 도움이 됩니다. 봉투 가방은 학교, 집, 직장, 사무실 여행 및 출장에서 사용할 수 있습니다. 외부 미니 라벨 포켓은 문서를 분류하고 식별하는 데 도움이 됩니다.","방수 PVC 파일 백 5가지 색상 봉투는 비즈니스 문서 정리함 및 사무실 문구 보관에 사용됩니다. 제품 사양: 색상: 블루 x 2, 그린 x 2, 옐로우 x 2, 퍼플 x 2, 로즈 x 2, 투명 색상 1개. 수량: 6가지 색상의 11개 세트. 소재: 고품질 PVC 플라스틱으로 제작되었습니다. 사이즈: 33.7 x 23.5 cm, US Letter / A4 사이즈 레터 및 기타 작은 물건을 담을 수 있습니다. 두께: 18C. 방수: 네. 용량: 용지 200장 이상. 내구성이 뛰어난 붙여 넣기 버튼: 일반적인 사용 테스트를 통해 일상적인 개폐 중에 붙여 넣기 버튼을 수천 번 열고 닫으며 붙여 넣기 버튼 접착 강도는 크게 약화되지 않습니다. 제품 특징: 1. 쿠폰, 티켓, 잡지, 서류, 사진, 문서, 청구서, 영수증, 공예 프로젝트, 작은 장난감, 선물 포장, 기프트 카드, 크레용, 자동차 콘솔, 퍼즐을 빠르고 쉽게 정리할 수 있습니다. 2. 벨크로로 물건을 흘리거나 습기로부터 보호합니다. 3. 문서가 떨어지는 것을 방지하기 위해 양면을 밀봉했습니다. 4. 반투명 파일 백은 반투명하여 필요할 때 내부의 물건을 쉽게 식별할 수 있어 보관 시간을 절약할 수 있습니다. 5. 파일 폴더는 고품질의 친환경 PVC 두꺼운 소재로 만들어져 마찰, 긁힘, 방수, 습기에 강하고 내구성이 뛰어납니다. 6. 이 파일 가방은 사무실 보관 용품, 보관 여행 용품으로 사용할 수 있는 초대형 용량으로 작은 메이크업 아이템이나 문구 등을 보관할 수 있습니다.","['문서', '봉투', '보관', '버튼', '파일', '물건', '플라스틱', '투명', '폴더', '정리']"
사무용품,파일링 제품,봉투 파일,,B0BL12JFSW,21.6 x 27.9cm(8.5 x 11인치) 투명 레터 사이즈 플라스틱 봉투 문서 파일 보관 홀더 20팩 후크 루프 클로저,YESSART,27686,27686,4.6,60.0,"소재: 환경 보호 소재 PP로 제작, 방수, 찢어짐 방지 및 깨끗하게 유지. 사이즈: 21.6cm x 29.9cm 후크 앤 루프 클로저 선명한 기능으로 필요한 파일을 한 눈에 볼 수 있습니다. 패키지 포함: 20팩 투명 레터 사이즈 봉투","투명한 21.6 x 27.9cm(8.5 x 11인치) 봉투는 환경 보호 소재 PP로 만들어졌으며 방수, 찢어짐 방지 및 깨끗하게 유지되며, 깨끗한 기능으로 필요한 파일을 한눈에 얻을 수 있습니다./특징/내마모성/소재: 환경 보호 PP/유형: 상단 개방 봉투, 후크 앤 루프 클로저/크기: 약 21.6 x 29.9cm(8 1/2 x 11 2/5인치)./용도: 복사 용지, 사무실 파일, schoo 파일, 사진 등과 같은 파일 정리 및 보관에 적합합니다./수량: 20팩","['파일', '봉투', '환경', '보호', '클로저', '후크', '루프', '깨끗하다', '방수', '투명']"
사무용품,파일링 제품,봉투 파일,,B0BZ7XW3SK,"LEOBRO 플라스틱 봉투, 문서용 플라스틱 파일 폴더 4팩, 스냅 클로저가 있는 플라스틱 봉투, 포켓이 있는 플라스틱 폴더, 재사용 가능한 투명 파일 폴더 플라스틱 파일 백 봉투, A4 사이즈",LEOBRO,6911,6911,4.6,132.0,"프리미엄 투명 플라스틱 봉투: 32.5cm x 23.4cm(12.75인치 x 9.25인치) 플라스틱 폴더(블루, 레드, 옐로우, 퍼플) 4개 세트, 고품질 플라스틱으로 만들어졌으며 두껍고 가장자리가 잘 밀봉되어 견고하고 쉽게 분리되거나 마모되지 않으며 재사용이 가능하며 내구성이 뛰어납니다. 투명하고, 쉽게 비치며, 다양한 유형의 종이를 분류하고, 책상을 정리하고, 지저분함을 줄여줍니다. 라벨 포켓이 있는 플라스틱 봉투: 각 파일 가방에는 라벨 포켓과 라벨 카드 1개가 포함되어 있어 내부의 내용을 참조하여 키워드를 자유롭게 쓸 수 있으므로 필요한 문서를 빠르게 식별하고 찾을 수 있습니다. 또한 라벨 카드의 양면을 쓸 수 있으므로 다양한 용도로 두 번 표시할 수 있습니다. 스냅 클로저가 있는 플라스틱 폴더: 각 플라스틱 봉투에는 안전한 스냅 클로저가 있으며 자체적으로 열리지 않으며 봉투를 쉽게 열고 닫을 수 있으므로 필요한 것을 빠르게 얻을 수 있으며 효과적으로 시간을 절약할 수 있습니다! 종이를 민트 상태로 유지: 방수, 내마모성, 물, 먼지, 주름, 긁힘, 마찰, 손상 및 손실에 잘 견디며 중요한 문서를 보관하고 운반하기에 좋으며 오래된 신문이나 파일과 같은 깨지기 쉬운 물건을 보호합니다. 다용도 파일 폴더: A4 플라스틱 파일 봉투는 A4 사이즈/표준 미국 레터 사이즈 용지에 적합하며 종이, 문구류, 간략한 보고서, 청구서, 영수증, 가전 제품 설명서, 사진, 공예 용품, 공예 종이, 스티커, 장식, 여행 용품, 메이크업 아이템 등을 보관하기에 적합합니다. 학교, 사무실, 가정, 여행 등에 적합합니다.",,"['플라스틱', '봉투', '파일', '폴더', '종이', '라벨', '스냅', '문서', '포켓', '클로저']"
사무용품,파일링 제품,봉투 파일,,B0B425BSTB,"EOOUT 플라스틱 봉투 폴리 봉투 48개, 스냅 버튼 클로저가 있는 투명 문서 폴더, 레터 사이즈, A4 사이즈, 학교 가정 직장 사무실 정리용 라벨 포켓, 8가지 색상",EOOUT,29071,29071,4.7,179.0,"다채로운 플라스틱 봉투: 플라스틱 봉투 48개, 33 x 23.5cm(13 x 9.25인치), 8가지 밝은 색상 - 반투명 블루, 그린, 옐로우, 퍼플, 핑크, 화이트, 레드, 오렌지 (색상당 6개), 눈길을 사로잡는 & 분류에 좋습니다. 정리용 충전 봉투: 48개의 문서 폴더, 대량, 분류에 적합하며 지불, 학습 메모, 인증서, 프로젝트 자료 등과 같은 다양한 품목을 대상으로 할 수 있습니다. 투명한 파일 폴더로 열지 않고도 쉽게 볼 수 있으며, 짧은 시간에 필요한 것을 찾을 수 있으며 8가지 밝은 색상으로 다양한 유형의 종이 작업을 분류하는 데 도움이 됩니다. 보호 파일 봉투: 고품질 폴리 봉투, 방수, 내마모성, 물, 긁힘, 마찰, 먼지 등으로부터 종이를 잘 보호하고 주름, 주름, 손상, 번짐 및 분실로부터 보호합니다. 중요한 문서를 보관하고 운반하는 데 적합하며 오래된 신문이나 파일과 같은 깨지기 쉬운 물건을 보호합니다. 다용도 폴리 봉투: 학교용 플라스틱 봉투 48개, 종이, 유인물, 메모, 문구 등을 보관할 수 있습니다. 사무실용, 간단한 보고서, 프로젝트 문서, 재무 명세서, 회의 자료 등을 보관할 수 있습니다. 가정용, 청구서, 영수증, 가전 제품 지침, 사진 등을 보관할 수 있습니다. 공예품, 공예 종이, 스티커, 장식, 여행 용품, 메이크업 아이템 등을 보관할 수 있습니다. 스냅 버튼과 라벨 포켓이 있는 디자인: 각 플라스틱 봉투에는 스냅 클로저가 있어 파일 봉투를 쉽게 열고 닫을 수 있으며 필요한 것을 빠르게 얻을 수 있습니다. 미니 라벨 외부 포켓은 문서를 분류하고 식별하는 데 도움이 됩니다.",,"['봉투', '문서', '플라스틱', '분류', '종이', '파일', '보호', '폴더', '라벨', '포켓']"
사무용품,파일링 제품,봉투 파일,,B0CG7X7TRB,"플라스틱 봉투, 25.4 x 33cm(10 x 13인치), 문서용 플라스틱 봉투, 투명 플라스틱 봉투, 칸막이가 있는 폴리 지퍼 봉투, A4, 레터 사이즈 21.6 x 27.9cm(8.5 x 11인치), 3가지 색상 (12팩)",ENVO,23406,23406,4.6,58.0,견고하고 내구성이 뛰어난 플라스틱 봉투 - 문서용 내구성 있는 폴리 플라스틱 봉투는 A4이며 레터 사이즈 21.6 x 27.9cm(8.5 x 11인치) 문서를 담을 수 있습니다. afts. 교사에게 적합 - 투명 플라스틱 봉투는 학생들의 작업을 정리하는 데 도움이 됩니다. 지퍼 봉투는 물건이 떨어지는 것을 방지합니다. 간편한 정리 - 지퍼가 달린 플라스틱 봉투는 종이나 예술 및 공예품을 쉽게 정리할 수 있습니다. 추가 정리를 위한 중앙 칸막이. 사무실에 적합 - 이 고품질 플라스틱 봉투 25.4 x 33cm(10 x 13인치)로 책상을 정리하고 어수선함을 정리할 수 있습니다. 예술 및 공예 용품에 적합합니다. 중요한 문서 보호 - 폴리 지퍼 봉투는 문서를 정리할 뿐만 아니라 손상과 흘림으로부터 보호합니다.,"플라스틱 봉투 (12팩) 칸막이가 있는 폴리 지퍼 봉투 특징: 크기: 25.4 x 33.8cm(10 x 13인치), A4, 레터 사이즈 문서용, 방수, 2.5cm(1인치)까지 확장됨 센터 디바이더, 내구성 있는 폴리티어 방지, 방수, 3가지 색상(제이드, 블루, 그레이). 용도: 개인용, 교사, 학생 또는 사무실 사용에 적합합니다. 문서를 보호하기 위해서류를 정리합니다. 예술과 공예품을 보관하거나 정리합니다. 사무실 보관 또는 조직 사무실 학생들의 작업 보관 또는 정리. 상륙 청구서 문서에 사용하세요. 학교, 가정 또는 전문가용으로 이 투명 플라스틱 봉투를 사용하든 적절한 품질을 제공합니다. 문서용 플라스틱 봉투와 관련하여 소모품이 큰 차이를 만들 수 있습니다. 이것이 바로 저희가 이 고품질 플라스틱 봉투와 지퍼 세트를 결합한 이유입니다.","['봉투', '플라스틱', '정리', '문서', '지퍼', '폴리', '사무실', '보호', '보관', '학생']"
사무용품,파일링 제품,봉투 파일,,B0C5ZY67MS,"Tamaki 6팩 플라스틱 봉투 폴리 봉투, 투명 문서 폴더 플라스틱 파일 폴더 가정 작업 사무실 정리용 레터 사이즈/A4 사이즈(다크 그레이)",Tamaki,11066,11066,4.7,135.0,"[프리미엄 품질 소재] 내구성이 뛰어난 PP 소재 플라스틱 봉투 폴더, 봉투 폴더 크기는 32.5 x 23.6cm(12.8 x 9.35인치)로 미국 레터/A4 사이즈 용지 및 기타 작은 물품 보관에 적합합니다. [방수 투명 봉투] 투명 플라스틱 봉투는 내구성이 뛰어나고 재사용이 가능한 방수 플라스틱 소재로 제작되었습니다. [스냅 버튼과 라벨 포켓이 있는 디자인] 사무실에 적합한 스냅 버튼이 있는 투명 문서 가방, 플라스틱 봉투에는 문서를 쉽게 구별할 수 있는 라벨을 위한 포켓이 있습니다. [투명 문서 파우치] 시스루 매끄러운 문서 폴더는 내용물을 볼 수 있으며 봉투를 열지 않고도 문서를 쉽게 찾을 수 있습니다. [쉬운 보관] 당사의 플라스틱 파우치는 휴대가 가능하여 물건을 정리하고 어수선함을 분류하는 데 도움이 됩니다. 봉투 가방은 학교, 집, 직장, 사무실 여행 및 출장에서 사용할 수 있습니다. 외부 미니 라벨 포켓은 문서를 분류하고 식별하는 데 도움이 됩니다.",,"['봉투', '플라스틱', '문서', '폴더', '투명', '사무실', '포켓', '라벨', '스냅', '가방']"
사무용품,파일링 제품,봉투 파일,,B08KVSK43R,FANWU 6팩 플라스틱 봉투 폴리 봉투 확장 가능한 파일 문서 폴더 버튼 및 스트링 타이 클로저 포함 - 레터 A4 사이즈 - 3.2cm(1-1/4인치) 확장 - 학교 사무실 및 가정용(다양한 색상),FANWU,12451,12451,4.6,494.0,"✔ 【 3.2cm(1-1/4인치) 확장】 FANWU 확장 가능한 플라스틱 봉투 파일 폴더는 200장 이상의 종이를 담을 수 있을 만큼 충분히 큽니다. 추가 용량을 위한 3.2cm(1-1/4인치) 거싯으로 다양한 종류의 물건을 쉽게 정리할 수 있습니다. ✔ 【 레터 사이즈 봉투 폴더】아웃 사이즈 32.5 x 24.9cm(12.8 x 9.8인치), 일상 숙제, 프로젝트, 서류, 세금 파일에 적합하며 학교, 사무실 및 기타 행사에 적합합니다. ✔ 【 버튼 및 스트링 타이 클로저가 있는 플랩】봉투는 확장 가능하며 버튼 및 스트링 인클로저로 모든 것을 그대로 유지합니다. 내용물을 편리하게 고정하기 위한 스트링 클로저. ✔ 【프리미엄 PP 소재】FANWU 폴리 봉투는 고품질 폴리에틸렌으로 만들어졌으며 다른 브랜드보다 더 강하고 내구성이 뛰어납니다. 찢어짐 방지 및 방수 기능이 있으며 세척이 쉽습니다. ✔ 【반투명 및 다채로움】 패키지에는 6팩 봉투 파일 폴더, 6가지 밝은 다양한 색상, 레드/그린/블루/오렌지/퍼플/옐로우가 포함되어 있습니다. 플라스틱 봉투에 라벨을 붙이기 위해 추가 탭이 필요하지 않으므로 내용물을 쉽게 보고 찾을 수 있습니다. 6가지 생생한 색상이 색상 코드로 사용할 수 있습니다.","FANWU 확장 가능한 대용량 프리미엄 품질의 투명 플라스틱 봉투 파일 폴더, 버튼 및 스팅 타이 클로저, 상단 로딩, 사이즈 32.5 x 24.9cm(12.8 x 9.8인치), 레터 A4 문서 프로젝트 용지 및 파일은 모든 종류의 상황에 적합합니다. 이상적인 정리 도구. 다양한 색상으로 쉽게 파일링할 수 있으며 프로젝트 파일 용지를 함께 깔끔하게 유지합니다. 확장 파일 봉투 대용량 파일 봉투는 훌륭한 정리 도구가 될 것입니다. 영수증, 세금, 개인 서류, 프로젝트, 퍼즐, 사진 및 중요한 문서를 완벽하게 보관할 수 있습니다. 놀라운 색상 모음 6가지 밝은 색상으로 문서를 보다 효과적으로 분류할 수 있습니다. 반투명 소재로 내용물을 쉽게 볼 수 있습니다. 강하고 내구성이 뛰어나며 긁힘 방지 및 방수 기능이 있습니다. 무산성 및 PVC 프리 폴리 소재, 견고하고 내구성이 뛰어납니다. 초음파 핫 프레스 본딩 기술로 가장자리가 쉽게 분리되지 않습니다. 장시간 사용 후에도 중요한 문서를 안전하게 보호할 수 있습니다. 소재: 환경 보호 프리미엄 폴리에틸렌 패키지: 6팩 다양한 색상의 플라스틱 봉투. 색상: 레드/그린/블루/오렌지/퍼플/옐로우 적재 방법: 상단 로딩 사이즈: 32.5cm x 24.9cm, 3.8cm (1-1/4인치) 확장 가능한 거싯.","['봉투', '파일', '확장', '플라스틱', '문서', '폴더', '가능하다', '버튼', '프로젝트', '클로저']"
사무용품,파일링 제품,봉투 파일,,B07Q6KMCMB,"EOOUT 플라스틱 봉투 폴리 지퍼 봉투 파일 지퍼 폴더 24개, A4 사이즈, 레터 사이즈, 10가지 색상, 학교 사무실 여행 보관 용품",EOOUT,16606,16606,4.5,3576.0,"패키지 구성: 24개의 플라스틱 지퍼 봉투로 다양한 요구 사항을 충족합니다. 또한 가족 및 친구들과 공유하고 사용하여 공간을 더 간결하게 정리하고 만드는 재미를 즐길 수 있습니다. 제품 색상: 10가지 색상 (레드 2개, 옐로우 2개, 블루 2개, 그린 2개, 화이트 2개, 블랙 2개, 오렌지 3개, 로즈 3개, 퍼플 3개, 스카이 블루 3개). 색상에 따라 품목을 분류할 수 있습니다. 밝은 색상은 공부와 사무실에 활력을 더하여 조직이 더 이상 지루하지 않습니다. 제품 크기: 33 * 24cm / 12.9 * 9.4 인치, 레터 사이즈 / A4. 많은 수의 파일에 대한 스토리지 요구 사항을 충족할 수 있습니다. 제품 소재: 비슷한 플라스틱 지퍼 봉투 폴더보다 60% 두꺼운 고품질 PVC 소재를 사용합니다. 두꺼운 소재는 제품 수명을 연장하고 제품 사용 빈도를 높이며 폐기물을 줄일 수 있습니다. 투명한 소재로 내용물을 직접 볼 수 있으며 확인을 위해 반복적으로 꺼낼 필요가 없으므로 편리하고 빠릅니다. 완전 방수, 실수로 커피를 흘려도 걱정하지 마세요. 더 많은 용도: 당사의 플라스틱 지퍼 봉투는 종이 문서를 보관하는 데 사용할 수 있을 뿐만 아니라 우수한 방수 특성을 가지고 있을 뿐만 아니라 전자 제품, 작은 의류, 문구류, 여행 용품, 화장품 등을 보관하는 데에도 사용할 수 있습니다. 사무실, 학교, 여행 및 기타 행사에서 사용할 수 있습니다. 작업을 정리하는 것이 그 어느 때보다 쉬워졌습니다.",,"['지퍼', '봉투', '플라스틱', '보관', '사무실', '여행', '학교', '요구', '폴더', '방수']"
사무용품,파일링 제품,봉투 파일,,B09SPNPGF5,"LEOBRO 문서용 파일 폴더, 파일 폴더 4개, A4 사이즈 플라스틱 폴더, 스냅 클로저가 있는 플라스틱 봉투, 투명 봉투 파우치 폴더 오거나이저 문서 홀더, 서류 봉투",LEOBRO,8296,8296,4.6,3341.0,"튼튼한 플라스틱 파일 폴더: 4개 세트, 32.4 x 23.4 cm/12.7 x 9.1 인치, 레드, 블루, 옐로우, 퍼플, 눈길을 끄는 4가지 밝은 색상 및 분류에 좋습니다. 프리미엄 플라스틱으로 제작되어 두껍고 가장자리가 잘 밀봉되어 견고하고 쉽게 분리되거나 마모되지 않으며 물건을 잘 잡고 보호할 수 있습니다. 완벽한 문서 정리함: 4개의 플라스틱 폴더는 다양한 유형의 종이 작업을 분류하는 데 도움이 되며 4가지 색상을 사용하여 지불, 학습 메모, 증명서, 프로젝트 자료 등과 같은 품목을 대상으로 할 수 있습니다. 또한 이 파일 폴더는 투명하므로 열지 않고도 쉽게 안에 무엇이 있는지 확인할 수 있습니다. 우수한 보호 파일 폴더: 방수, 내마모성, 물, 먼지, 주름, 긁힘, 마찰, 손상 및 분실에 대한 우수성, 중요한 문서를 보관 및 운반하는 데 적합하며 오래된 신문이나 파일과 같은 깨지기 쉬운 물건을 보호합니다. 다용도 문서 폴더: 학교용, 종이, 유인물, 메모, 문구류 등을 보관하고, 사무실용으로 간략한 보고서, 프로젝트 문서, 재무 명세서, 회의 자료 등을 보관할 수 있습니다. 가정용, 청구서, 영수증, 가전 제품 지침, 사진 등을 보관할 수 있습니다. 편리한 스냅 클로저: 각 플라스틱 폴더에는 스냅 클로저가 있어 봉투를 열고 닫을 수 있으며 필요한 것을 빠르게 얻을 수 있습니다. 참고: 문제가 있으시면 언제든지 저희에게 알려주십시오. 우리는 마음과 영혼으로 봉사 할 것입니다.",,"['폴더', '파일', '문서', '플라스틱', '봉투', '스냅', '클로저', '보호', '메모', '자료']"
사무용품,파일링 제품,봉투 파일,,B0CT8PFRH3,"스냅 버튼 클로저가 있는 투명 플라스틱 봉투 20개, 플라스틱 방수 봉투 파일 폴더, 문서용 투명 폴더, 레터 사이즈, A4 사이즈, 학교 및 사무용품용",JZGEL,18960,18960,5.0,11.0,"패키지 구성: 버튼 스냅 클로저가 있는 투명 플라스틱 봉투 폴더 20개. 봉투 가방은 학교, 사무실, 출장, 가정, 직장, 회의 등에 사용할 수 있습니다. 제품 크기: 12.8 * 9.3 inch / 32.5cm * 23.6cm. 학교나 대학 및 사무실에 좋은 선택입니다. 폴리 봉투는 투명하여 내용물을 볼 수 있으며 봉투를 열지 않고도 파일을 쉽게 찾을 수 있습니다. 고품질: 이 투명 문서 봉투는 고품질 PP 소재로 만들어져 견고하고 신뢰할 수 있으며 냄새가 나지 않으며 방수 기능이 있으며 쉽게 찢어지거나 부서지지 않으며 물건을 정리하여 즐거운 사용 경험을 제공합니다 버튼 잠금 디자인: 퀵 버튼 디자인으로 파일을 쉽게 열 수 있습니다. 버튼은 플라스틱으로 만들어졌으며 재사용이 가능하며 쉽게 깨지지 않습니다.",,"['봉투', '버튼', '플라스틱', '투명', '폴더', '파일', '학교', '사무실', '방수', '문서']"
사무용품,파일링 제품,봉투 파일,,B0927JLPPQ,"대용량 컬러 투명 문서 폴더/TFDLCG zm 플라스틱 봉투, 스냅 클로저/폴리 봉투, A4 레터 사이즈(33 x 24.1cm(13 x 9.5인치)) 학교 홈 오피스용, 다양한 색상",TFDLCG zm,13836,13836,4.6,466.0,"컬러 투명 봉투: 5가지 색상(각 색상마다 하나씩) 투명 투명, 블루, 그린, 옐로우, 로즈 레드. 다양한 색상으로 종이를 쉽게 정리하고 구별할 수 있습니다. 프리미엄 품질 및 대용량: 플라스틱 봉투는 고품질의 두꺼운 PP 소재로 제작되었습니다. 내마모성, 부식 방지, 내구성 및 방수 기능이 있어 종이를 손상으로부터 보호할 수 있습니다. 300장 이상의 A4 용지를 쉽게 담을 수 있습니다. 스냅 버튼과 라벨 백이 있는 사려 깊은 디자인: 스냅 버튼이 있는 고품질 투명 문서 가방. 봉투 폴더의 크기는 33 x 24.1cm(13 x 9.5인치)로 미국 편지, A4 사이즈 용지 및 기타 작은 물건을 보관하기에 매우 적합합니다. 플라스틱 봉투에는 라벨을 보관할 수 있는 가방이 있습니다. 문서를 쉽게 분류하고 식별할 수 있는 라벨 카드가 포함되어 있습니다. 다용도: 당사의 플라스틱 봉투는 휴대가 쉽고 보관하기 쉽고 학교, 가정, 사무실 업무, 출장, 병원 및 정부에서 사용할 수 있습니다. 이러한 반투명 디자인으로 정리 파일을 쉽게 관리할 수 있습니다. 약속: 저희는 제품의 품질이 견고하고 내구성이 좋을 것을 약속합니다. 질문이 있으시면 언제든지 저희에게 연락하십시오.",,"['봉투', '투명', '플라스틱', '스냅', '문서', '라벨', '종이', '버튼', '약속', '용지']"
사무용품,파일링 제품,봉투 파일,,B075VKXR8C,"EOOUT 플라스틱 봉투 30개, 투명 재사용 가능한 폴리 봉투 방수 파일 폴더, 스냅 버튼, 미국 레터, A4 사이즈, 학교 사무용품용",EOOUT,20761,19376,4.8,1341.0,"패키지에는 A4 크기의 투명 폴더 30개가 포함되어 있습니다. 품질 : 고품질 플라스틱으로 제작되어 투명하고 밝은 표면, 두껍고 내구성이 뛰어나며 무독성이며 냄새가 없으며 전문적인 품질을 제공합니다. 초대형 용량: 폴더당 최대 200장의 A4 종이를 보관할 수 있습니다. 제품 성능: 폴더는 방수 및 습기 방지 기능이 있어 파일을 손상으로부터 보호합니다. 버튼 잠금 디자인: 스냅 버튼 디자인으로 파일을 쉽게 저장하고 적은 노력으로 열 수 있습니다. 버튼은 플라스틱 소재로 만들어져 반복적으로 사용할 수 있으며 쉽게 손상되지 않습니다.",,"['버튼', '폴더', '플라스틱', '파일', '스냅', '디자인', '방수', '봉투', '손상', '투명']"
사무용품,파일링 제품,봉투 파일,,B083HD1NYJ,"EOOUT 플라스틱 봉투 8개, 24.9 x 32.8cm(9.8 x 12.8인치) 레터 사이즈 폴리 지퍼 봉투, 확장 지퍼 폴더 학교 및 사무용품용 4가지 색상",EOOUT,16606,16606,4.6,1044.0,"패키지 구성: 확장 플라스틱 봉투 8개. 다양한 색상의 총 4가지 색상(퍼플, 블루, 레드, 그린)으로 다양한 보관 요구 사항을 충족하여 공간을 더 깔끔하게 만듭니다. 제품 크기: 확장되는 폴리 지퍼 봉투는 25cm x 32.5cm (9.8 x 12.8인치)이며 하단은 최대 3cm까지 늘릴 수 있습니다. 업그레이드된 오버사이즈 및 용량으로 한 번에 많은 물건을 정리할 수 있습니다. 소재: 고품질 PP 소재로 제작되어 고주파 사용 후에도 제품이 손상되지 않으며 오래 유지할 수 있습니다. 또한 중요한 파일을 효과적으로 보호합니다. 제품 디자인: 오리지널 레터 사이즈 폴리 지퍼 폴더에 새로운 디자인을 적용했습니다. 하단에 확장된 모서리가 추가되었습니다. 3CM 익스텐션은 지퍼 폴더의 용량을 늘려 책에 사용할 수 있습니다. 동시에, 지퍼 폴더는 테이블 위에 세울 수 있어 책상 공간을 절약할 수 있습니다. 더 많은 용도: 종이 문서를 보관할 뿐만 아니라 전자 제품, 작은 옷, 문구류, 여행 용품, 화장품 등을 보관하는 데에도 사용할 수 있습니다. 사무실, 학교, 여행 및 기타 행사에 사용할 수 있습니다. 정리가 그 어느 때보다 쉬워졌습니다.",,"['지퍼', '확장', '봉투', '폴더', '폴리', '공간', '디자인', '정리', '보관', '여행']"
사무용품,파일링 제품,봉투 파일,,B07RFJF828,"EOOUT 플라스틱 봉투 12개, 투명 폴더, 확장 가능한 거싯 및 스냅 버튼 클로저가 있는 플라스틱 방수 봉투, 레터 사이즈, A4 사이즈, 학교 및 사무실 보조 용품",EOOUT,17991,17991,4.7,1410.0,"패키지 구성: 버튼 클로저와 확장 가능한 거싯이 있는 12개의 투명 플라스틱 봉투. 제품 크기: 투명 폴더는 12.79 x 9.3인치/32.5 x 23.6cm입니다. 바닥은 3.2cm(1.25인치)의 거싯까지 확장됩니다. 확장 파일 폴더에는 최대 180-230장의 A4 및 레터 사이즈 용지를 담을 수 있습니다. 독특한 디자인: 새로운 디자인으로 전체 폴더는 하단에서 3cm(1.23인치)까지 확장 가능하며 노트북, 책 등과 같은 더 많은 유형의 문서를 수용할 수 있습니다. 수용할 수 있는 파일 수도 크게 증가했습니다. 대학을 위한 좋은 선택입니다. 전문적인 품질: 프리미엄 품질의 PP 플라스틱으로 더 투명하고 튼튼하며 부드럽지만 내마모성이 뛰어나고 견고하며 무취이며 전문적입니다. 다양한 경우: 학교, 회사, 다양한 기관에서 문서를 저장하거나 전송하는 데 적합합니다.",,"['확장', '플라스틱', '폴더', '가능하다', '투명', '봉투', '디자인', '문서', '버튼', '전문']"
사무용품,파일링 제품,봉투 파일,,B085HMG81V,"Smead 프로젝트 봉투, 스냅 클로저, 상단 로드, 레터 사이즈, 다양한 색상, 팩당 4개 (89685)",SMEAD,14542,14542,4.6,292.0,"다양한 프로젝트를 색상 코딩하여 쉽게 식별할 수 있는 4가지 레터 사이즈(너비 29.2cm(11-3/4인치) x 높이 22.9cm(9인치) 세트로 문서 보안을 위한 닫힌 측면과 스냅 클로저가 특징인 다양한 색상 봉투 이 얇은 봉투는 작은 프로젝트에 적합하며 플랩을 닫을 때 파일과 종이를 4면 모두에 안전하게 보관하여 이동하거나 정리되지 않도록 합니다 내구성이 뛰어나고 찢어짐 방지 및 방수 폴리 구조로 내용물을 보호하여 사무실에서 문서를 꺼내기에 적합하며 청소하기 쉽습니다 별도로 판매되는 Smead 계단식 벽 오거나이저(92060)를 포함한 Vibrant Line의 프로젝트, 제안 및 거래 색상을 다른 정리 솔루션과 조화를 이루세요 그린, 핑크, 퍼플, 틸 등 각 개별 색상의 10개 상자도 제공됩니다","Smead의 프로젝트 봉투로 프로젝트 문서를 안전하고 정리하며 손이 닿는 곳에 보관하세요. 이 재미있고 밝은 색상의 봉투 세트는 다양한 프로젝트, 프레젠테이션 및 거래를 정리하고 색상 코딩하는 데 완벽한 선택으로 시간과 좌절감을 줄여줍니다. 문서 보안을 위한 탁월한 솔루션인 이 얇고 컴팩트한 봉투는 닫힌 측면과 스냅 클로저가 있어 재료가 미끄러지지 않도록 하여 소규모 프로젝트와 기밀 자료를 사무실 안팎으로 가져갈 때 훌륭한 선택입니다. 내구성이 뛰어난 폴리 구조는 찢어짐 및 방수 기능이 있어 문서를 선명하게 유지합니다. 생생한 문서 정리 솔루션 라인의 일부인 Smead 계단식 벽 오거나이저(92060 - 별도 판매)로 색상 구성을 유지하세요.","['프로젝트', '문서', '봉투', '정리', '스냅', '구성', '클로저', '솔루션', '안전하다', '얇다']"
사무용품,파일링 제품,봉투 파일,,B0B41BFTBL,"Tamaki 10팩 플라스틱 봉투 폴리 지퍼 봉투 플라스틱 봉투 파일 지퍼 폴더, A4 사이즈, 레터 사이즈, 학교 사무용품용, 10가지 색상 (33 x 24.1cm(13 x 9.5인치))",Tamaki,12451,12451,4.6,478.0,"봉투 10개 팩, 다양한 10가지 색상. 블랙, 블루, 스카이 블루, 화이트 레드, 퍼플, 로즈 레드, 오렌지, 옐로우, 그린. 사이즈: 지퍼 봉투 사이즈는 13 x 9.5인치/32.5 x 23.5cm입니다. A4 사이즈 문서를 수용할 수 있습니다. 소재: 봉투는 고품질 PVC 소재로 만들어져 내구성이 뛰어나며 방수 성능이 뛰어납니다. 얇은 두께와 가벼운 플라스틱으로 휴대가 간편합니다. 특징: 플라스틱 돈 봉투는 투명한 PVC로 사용되어 내부에 무엇이 있는지 쉽게 볼 수 있습니다. 전면에 작은 명함 포켓이 있어 주제를 유도하거나 라벨을 붙일 수 있습니다. 용도: 연필 파우치, 지폐, 문서, 카드, 쿠폰 등으로 사용할 수 있습니다. 여행 정보, 여권, 티켓 등과 같은 여행 서류도 보관할 수 있습니다. 학교, 사무실, 회사 및 기타 많은 행사에 적합합니다.",,"['봉투', '플라스틱', '지퍼', '블루', '학교', '레드', '문서', '여행']"
사무용품,파일링 제품,봉투 파일,,B0BNQ6B4ZF,"EOOUT 14팩 플라스틱 봉투 폴리 봉투, 투명 문서 폴더 스냅 클로저가 있는 플라스틱 파일 폴더, 7가지 색상, 학교 및 사무용품용 레터 A4 사이즈 파일 봉투",EOOUT,13836,13836,4.7,2713.0,"패키지 포함: 스냅 클로저가 있는 14팩 A4 사이즈 투명 플라스틱 폴더. 사이즈 및 색상: 플라스틱 봉투는 33.3 x 23.6 cm / 13.1 x 9.3 인치입니다. 블루, 그린, 바이올렛, 오렌지, 에나멜, 옐로우, 레드, 7가지 밝은 색상으로 제공됩니다. 다양한 색상의 폴더는 다양한 유형의 문서를 정리하는 데 도움이 됩니다. 심플하고 세련됨: 풍부한 색상의 반투명 플라스틱 폴더, 방수 및 재사용 가능. 클래식한 룩, 심플하고 스타일리시합니다. 다양한 주제를 추적하는 데 적합하며 분류와 검색이 쉽습니다. 스냅 클로저가 있는 폴리 폴더: 더 이상 스트링을 반복적으로 감쌀 필요가 없습니다. 폴리 폴더를 열고 닫는 것이 더 편리하고 시간을 절약할 수 있습니다. 제품 기능: 폴리 봉투는 지폐, 대학 문서 및 자료뿐만 아니라 문구류, 여행 자료 등을 보관하는 데에도 사용할 수 있습니다.",,"['폴더', '플라스틱', '봉투', '폴리', '문서', '클로저', '스냅', '심플', '파일', '투명']"
사무용품,파일링 제품,봉투 파일,,B0C5J7BXDC,"EOOUT 마카롱 색상 A4/레터 사이즈 플라스틱 봉투 폴리 봉투, 파일 폴더 투명 문서 폴더 파일 봉투 라벨 포켓 포함, 사무실, 학교용, 12팩 6팩",EOOUT,8988,8988,4.6,138.0,"패키지 구성: 마카롱 컬러 플라스틱 봉투 6개 12팩, 폴더는 33 x 23.9cm(13 x 9.4인치) 크기이며 A4/레터 사이즈 용지의 고정 보관에 적합하며 200장 이상의 종이를 담을 수 있습니다. 마카롱 색상: 6가지 색상, 마카롱 색상 테마가 있습니다. 다양한 문서를 빠르게 정리하고 식별할 수 있어 편리합니다. 특별: 각 플라스틱 봉투 가방에는 이름이나 메모를 기록하기 위한 투명한 라벨 포켓이 있습니다. 후크 앤 루프 클로저는 매우 편리하고 빠르며 찢어짐으로 인해 폴더가 쉽게 손상되지 않습니다. 소재: 투명 폴더를 사용하면 내부 파일을 직접 볼 수 있으므로 봉투를 열지 않고도 파일을 쉽게 찾을 수 있습니다. 이 폴더는 두꺼운 PP 플라스틱 소재로 만들어져 방수 및 얼룩 방지 기능이 있으며 초고품질로 찢어짐을 방지하고 내구성이 뛰어납니다. 사용: 저희 폴더는 중요한 문서를 보관하기에 적합합니다. 초대형 용량은 많은 문서를 담을 수 있으며 강력한 고정 효과가 있으며 쉽게 부서지지 않습니다. 사무실, 학교 또는 가정에 훌륭한 도우미입니다.",,"['폴더', '봉투', '플라스틱', '문서', '마카롱', '파일', '투명', '사무실', '보관', '방지']"
사무용품,파일링 제품,봉투 파일,,B08L841LXT,22.9x30.5cm(9x12인치) 투명 지퍼 플라스틱 봉투 파일 문서 종이 홀더 12개 팩,YESSART,29071,29071,4.5,201.0,"소재: 두꺼운 무산성 폴리프로필렌 소재로 제작, 방수, 찢어짐 방지 및 깨끗하게 유지. 사이즈: 24.9 x 32.3 cm, 모든 문서, 파일을 정리하고 보호합니다. 지퍼 클로저는 열고 닫을 때 편리하며, 물건을 안전하게 보관하고 잘 정리할 수 있습니다. 선명한 기능으로 필요한 파일을 한 눈에 볼 수 있습니다. 용도: 사무실용, 개인용, 학교용으로 적합하며 모든 연령대에 적합합니다.","투명 지퍼 봉투는 두꺼운 중성 폴리프로필렌 소재로 만들어졌으며 방수, 찢어짐 방지 및 깨끗하게 유지되며, 투명하여 필요한 파일을 한눈에 얻을 수 있습니다./특징/내마모성/소재: 두꺼운 중성 폴리프로필렌 소재/지퍼 잠금./크기: 약 24.9 x 32.3cm(9.8 x 1/용도: 사무실용, 개인용, 학교용으로 적합하며 모든 연령대에 적합합니다./수량: 12팩","['파일', '지퍼', '두껍다', '폴리프로필렌', '유지', '정리', '깨끗하다', '문서', '방수', '방지']"
사무용품,파일링 제품,봉투 파일,,B094D87J9M,"VANRA 폴리 파일 폴더 레터 사이즈 파일 재킷 정리함 플라스틱 봉투 A4 플랫 문서 홀더 스냅 버튼 클로저 (핑크, 5팩)",VANRA,16592,16592,4.6,96.0,"[베벨 오프닝의 특별한 디자인] 플라스틱 폴더의 스냅을 열고 플랩을 열면 시중에 나와 있는 일반적인 수평 개구부가 아닌 비스듬한 구멍이 있습니다. 특정 파일을 찾기 위해 모든 파일을 꺼낼 필요가 없습니다. 베벨 오프닝 플라스틱 봉투로 문서를 쉽게 구별하고 분류하고 식별할 수 있습니다. [파일 폴더 오거나이저 5개 팩] 레터 사이즈 파일 재킷 5팩은 양식, 기록, 편지 및 기타 중요한 문서를 관리하는 데 도움이 됩니다. 잘 정리된 가정이나 사무실에 유용한 추가 아이템입니다. 플라스틱 파일 폴더 홀더는 작업장을 깔끔하고 깔끔하게 유지합니다. [견고한 구조의 폴리 파일 봉투] 폴리 봉투는 고강도 폴리에스터와 폴리프로필렌(PP) 소재로 만들어져 환경 친화적, 찢어짐 방지, 방수, 무독성, 비방사성입니다. 스냅 버튼 잠금으로 문서를 안전하게 보관합니다. 종이와 문서가 미끄러지는 것을 방지하기 위해 3면에 강화된 밀봉. 또한 오래 지속되는 강도를 제공합니다. [세련된 외관의 컬러 파일 폴더] 플라스틱 프로젝트 봉투 폴더는 슬림한 외관을 제공하여 조정 가능한 파일 시스템에 부드럽게 들어갑니다. 파일 캐비닛에 잘 맞아 장기간 보관할 수 있습니다. 파일 보관함은 가정, 사무실, 학교, 비즈니스용으로 적합합니다. [대용량 폴리 폴더] A4 귀여운 파일 폴더는 일상적인 파일 및 중요한 문서를 보관하기에 적합합니다. A4 용지 크기와 레터 크기 모두에 맞습니다. 뛰어난 매트 텍스처로 휴대가 간편합니다. 대략적인 크기: 길이 31.8cm x 높이 22.9cm","Color:Pastel Pink | Size:Pack of 5 VANRA Premium Quality Desktop Plastic File Folders File Filing Organizer: VANRA desk poly folders is a nice tool to organize your documents, files, bills, contracts, mails, catalogs, scrapbooking, painting works, receipts, manuals, letters, papers, vouchers, cards like never before. Pastel colored file folders cute keep items organized while looking great at the same time. The plastic flat jackets holds up to 60 sheets of letter-size paper, while the reinforced seal along the sides offers enhanced durability and long-lasting strength. Durable and waterproof poly stock resists tears and moisture. Specifications: Material: Polyester and polypropylene (PP). Dimensions: Approx. 12.6”L x 9""H.","['파일', '폴더', '문서', '플라스틱', '봉투', '폴리', '스냅', '보관']"
사무용품,파일링 제품,봉투 파일,,B07H31XMNW,"플라스틱 봉투 36개, 스냅 버튼 클로저가 있는 투명 폴리 봉투, 레터 사이즈, 학교 사무용품용 플라스틱 파일 폴더, 8가지 색상 A4 사이즈",JPSOR,20761,20761,4.7,1013.0,"패키지 구성: 스냅 버튼 클로저가 있는 8색 A4 사이즈 투명 플라스틱 봉투 36개. 멀티 컬러 디자인으로 다양한 파일을 쉽게 구별할 수 있어 작업을 보다 효율적으로 만듭니다. 사이즈 및 색상: 플라스틱 폴더는 33.3 x 23.6cm / 13.1 x 9.3인치입니다. 8가지 색상: 레드/옐로우/블루/그린/투명/오렌지/퍼플/핑크. 노란색과 빨간색의 플라스틱 봉투 6개와 다른 색상의 10.2cm(4인치)가 있습니다. 심플하고 세련됨: 풍부한 색상의 반투명 파일 백. 클래식한 룩, 심플하고 스타일리시하며 다양한 색상. 쉽게 분류하고 검색할 수 있도록 다양한 주제를 추적하는 데 적합합니다. 스냅 버튼 잠금 디자인: 더 이상 로프를 반복적으로 감쌀 필요가 없으며 폴리 봉투 폴더를 열고 닫는 것이 더 편리하고 시간을 절약할 수 있습니다. 제품 기능: 플라스틱 봉투는 지폐, 문서, 재료를 보관하는 데 사용할 수 있을 뿐만 아니라 문구류, 여행 재료 등을 보관하는 데에도 사용할 수 있습니다.",,"['플라스틱', '봉투', '파일', '스냅', '버튼', '폴더', '투명', '심플', '재료', '클로저']"
사무용품,파일링 제품,봉투 파일,,B0CC25JSLC,"6팩 플라스틱 봉투 폴리 봉투 폴더 투명 문서 플라스틱 파일 폴더 정리, 후크 및 루프 클로저, 레터 사이즈/A4 사이즈, 학교 및 사무용품용, 6가지 색상",Tamaki,11066,11066,4.6,122.0,"[프리미엄 품질 소재] 내구성이 뛰어난 PP 소재 플라스틱 봉투 폴더, 봉투 폴더 크기는 33.5 x 23.4cm(13.25 x 9.25인치)로 미국 레터/A4 사이즈 용지 및 기타 작은 물품 보관에 적합합니다. [다채로운 투명 봉투] 6가지 색상: 투명 블루, 그린, 옐로우, 퍼플, 로즈, 오렌지. 다양한 색상으로 종이를 쉽게 정리하고 구별할 수 있습니다. [클로저와 라벨 포켓이 있는 디자인] 사무실에 적합한 스냅 버튼이 있는 투명 문서 가방, 플라스틱 봉투에는 문서를 쉽게 구별할 수 있는 라벨을 위한 포켓이 있습니다. [투명 문서 파우치] 시스루 매끄러운 문서 폴더는 내용물을 볼 수 있으며 봉투를 열지 않고도 문서를 쉽게 찾을 수 있습니다. [쉬운 보관] 당사의 플라스틱 파우치는 휴대가 가능하여 물건을 정리하고 어수선함을 분류하는 데 도움이 됩니다. 봉투 가방은 학교, 집, 직장, 사무실 여행 및 출장에서 사용할 수 있습니다. 외부 미니 라벨 포켓은 문서를 분류하고 식별하는 데 도움이 됩니다.",,"['봉투', '문서', '투명', '플라스틱', '폴더', '정리', '라벨', '포켓', '도움', '보관']"
사무용품,파일링 제품,봉투 파일,,B08TM6LSYX,"폴리 봉투 24팩 A4 레터 사이즈 다채로운 문서 파일 봉투 폴더, 라벨 포켓 포함, 학교 홈 오피스 작업용 플라스틱 파일 봉투 오거나이저, 후크 및 루프 클로저, 다양한 색상",ABSOFINE,23531,23531,4.8,181.0,"24팩 봉투 폴더 - A4 레터 사이즈(33 x 22.9cm(13 x 9인치), 이 문서 폴더는 더 많은 용지를 담을 수 있는 대용량을 가지고 있습니다. 다양한 색상 - 투명 폴리 봉투 폴더, 옐로우, 블루, 그린, 로즈, 퍼플, 라이트 그레이, 각 색상 4팩. 이 파일 폴더는 봉투를 열지 않고도 문서를 쉽게 정리하고 구별하거나 찾을 수 있습니다. 두께 업그레이드 - 당사의 플라스틱 봉투 폴더는 프리미엄 PP 소재로 만들어져 방수 기능이 있으며 견고하고 내구성이 뛰어나며 종이를 손상으로부터 잘 보호합니다. 후크 및 루프 클로저 및 라벨 포켓 - 폴리 폴더를 열고 닫고 문서를 쉽게 분류하고 식별할 수 있습니다. 간편한 보관 - 미국 편지/A4 사이즈 용지, 지폐, 문서, 문구 및 기타 작은 물건을 보관하기에 적합합니다. 폴리 봉투 폴더는 학교, 가정, 직장, 사무실, 여행에서 사용할 수 있습니다.",,"['봉투', '폴더', '문서', '폴리', '파일', '보관', '용지', '루프', '라벨', '클로저']"
사무용품,파일링 제품,봉투 파일,,B08C77CYYB,"7팩 파일 폴더 - 확장 가능한 폴리 봉투 B4 플라스틱 문서 폴더 버튼 클로저 방수 파일 파우치, 블랙 젤 잉크 펜 7개, 학교 사무용품용 (다양한 색상)",Abgream,23531,23531,4.7,306.0,"☛ 제품 --- 파일 폴더 7개. 블랙 젤 잉크 펜 7개. 파일 폴더 색상: 레드, 퍼플, 오렌지, 블루, 그린, 옐로우, 블랙. 파일 폴더 크기 약: 14.37 x 11.02 x 3.5inch / 36.5 x 28 x 9cm (길이 x W x H). 각 플라스틱 폴더에는 약 1000장의 종이를 담을 수 있습니다. ☛ 프리미엄 소재 --- 매우 두꺼운 폴리프로필렌 소재로 제작된 폴리 봉투는 내구성이 뛰어나고 재활용이 가능하며 찢어짐 및 방수 기능이 있으며 냄새가 없으며 무독성이며 환경 친화적이며 쉽게 깨지거나 변형되지 않습니다. 중요한 문서를 장기간 보관하는 데 이상적입니다. ☛ 실용적인 디자인 --- 다양한 색상의 시스루 매끄러운 문서 폴더는 내용물을 볼 수 있으며 봉투를 열지 않고도 문서를 쉽게 찾을 수 있습니다. 라벨 포켓이 있는 각 봉투는 다양한 파일을 분류하는 데 도움이 됩니다. 내용물을 편리하게 열고 고정할 수 있는 버튼 디자인으로 더 이상 파일 손실에 대해 걱정할 필요가 없습니다. ☛ 대용량 --- 당사의 파일 폴더 크기는 일반 A4 용지보다 크며 B4 용지도 잘 보관할 수 있습니다. 50c 두께로 다른 폴더보다 넓은 수납 공간을 제공하므로 많은 사무용품과 문서를 폴더에 넣을 수 있습니다. 심플하고 패셔너블합니다. ☛ 다기능 사용 --- 학교, 사무실, 은행, 회의실, 가정 등 어디에서나 휴대할 수 있습니다. 쿠폰, 티켓, 잡지, 서류, 사진, 문서, 청구서, 영수증, 공예 프로젝트, 작은 장난감, 선물 포장, 기프트 카드, 크레용, 펜, 퍼즐 등을 빠르고 쉽게 정리할 수 있습니다.",Abgream 7팩 파일 폴더 - 확장 가능한 폴리 봉투 B4 플라스틱 문서 폴더 버튼 클로저 방수 파일 파우치 학교 사무용품용 블랙 젤 잉크 펜 7개 포함 (다양한 색상),"['폴더', '파일', '문서', '봉투', '펜', '블랙', '플라스틱', '학교', '방수', '버튼']"
사무용품,파일링 제품,봉투 파일,,B097PDH51S,"레터 사이즈 투명 폴리 봉투 스트링 클로저 10팩, EGOSKY 플라스틱 봉투 폴더, 상단 입구 포함",EGOSKY,13836,13836,4.4,99.0,"【소재】 두꺼운 중성 폴리프로필렌 소재로 제작되어 방수, 찢어짐 방지 및 깨끗하게 유지됩니다. 선명한 기능으로 필요한 파일을 한 눈에 볼 수 있습니다. 【투명 파일 폴더 사이즈】 328 x 245 x 3mm(9.6 x 13 x 1.2인치) / A4/레터 사이즈 용지 및 문서, 파일을 정리하고 보호합니다. 【안전한 스트링 봉투 포켓】 거싯은 3cm(1.2인치) 확장되어 최대 200장의 추가 용량을 제공합니다. 측면 로딩 스트링 타이 클로저는 중요한 문서를 보관하고 정리하기에 안전합니다. 【패키지 포함】 스트링 타이 클로저 봉투 20개, 효과적인 분류를 위한 싱글 탭. 【실용적인 플라스틱 파일 폴더】 사무실 문서, 설명서, 워크시트, 학교 종이 등에 적합한 플라스틱 반투명 문서 홀더이며 어린이 퍼즐, 공예 아이템 및 테이블 게임을 위한 훌륭한 보관 플라스틱 폴더입니다.","내구성이 뛰어난 폴리 봉투는 찢어짐을 방지하고 습기를 차단하며 밝은 반투명 색상으로 제공되어 쉽게 정리할 수 있습니다. 가정, 사무실 또는 교실에 이상적입니다. 스트링 및 버튼 클로저는 매일 사용할 수 있도록 설계되었습니다. 특징: ①이상적인 정리 도구. 상단 로딩 플라스틱 봉투 파일 폴더로 쉽게 파일링할 수 있어 프로젝트 파일 용지를 함께 깔끔하게 보관할 수 있습니다. 확장 파일 봉투 대용량 파일 봉투는 훌륭한 정리 도구가 될 것입니다. 영수증, 세금, 개인 서류, 프로젝트, 퍼즐, 사진 및 중요한 문서를 완벽하게 보관할 수 있습니다. ②고품질 & 투명하게 보입니다. 투명한 투명 폴리 소재로 내용물을 쉽게 볼 수 있습니다. 내용물에 라벨을 붙이기 위해 추가 마커나 탭이 필요하지 않으므로 파일과 종이를 쉽게 찾을 수 있습니다. ③강하고 내구성이 뛰어나며 긁힘 방지 및 방수 기능이 있습니다. 무산성 및 PVC 프리 폴리 소재, 견고하고 내구성이 뛰어납니다. 초음파 핫 프레스 본딩 기술로 가장자리가 쉽게 분리되지 않습니다. 장시간 사용 후에도 중요한 문서를 안전하게 보호할 수 있습니다. ▶ 사양: 소재: 환경 보호 프리미엄 폴리에틸렌 색상: 투명 적재 방법: 상단 적재 사이즈: 32.5cm x 24.9cm(12.8인치 x 9.8인치), 3.2cm(1-1/4인치) 확장 가능한 거싯. ▶패키지 구성: 투명 투명 플라스틱 봉투 10팩","['파일', '봉투', '투명', '문서', '플라스틱', '스트링', '정리', '폴더', '구성', '폴리']"
사무용품,파일링 제품,봉투 파일,,B0CYBNGF7L,"A4 봉투 크래프트 종이 폴더 10개, 크래프트 종이 파일 폴더 프로젝트 포켓 문서 지갑 백, 스트링 포함, 레터 사이즈, 학교 사무용품용 크래프트 파일 폴더",,18822,18822,4.0,4.0,"사이즈 및 스타일: A4 레터 사이즈: 13"" x 9"" (L*W). 10팩 (수직 및 수평의 두 가지 스타일 포함) 오거나이저: A4 파일 폴더 오거나이저는 중요한 문서를 매일 파일링하고 보관하는 데 적합합니다. A4 용지 크기와 레터 사이즈 모두에 맞습니다. 소재: 내구성이 뛰어난 크래프트 종이 파일링 봉투는 고강도 크래프트지로 만들어졌습니다. 두껍고 내구성이 뛰어나며 강한 하중 지지 용량, 방수. 간단한 스트링 타이 클로저로 문서를 안전하게 보관할 수 있습니다."" 다용도: A4용 크래프트 종이 폴더는 보고서, 카탈로그 페이지, 계약 문서, 회의 기록, 프로젝트 파일, 송장, 카드, 편지, 사진, 그림, 시험지 등과 같은 중요한 문서를 매일 제출하고 보관하는 데 사용할 수 있습니다. 용도: 이상적인 회의 용품, 파일 스토리지, 비즈니스 폴더, 사무용품, 학교, 사무실, 가정에 적합합니다.",,"['파일', '폴더', '크래프트', '문서', '종이', '회의', '중요하다', '구성', '보관', '봉투']"
사무용품,파일링 제품,봉투 파일,,B0D1CB9715,"VANRA 파일 폴더 레터 사이즈 12팩 플라스틱 파일 봉투, 스냅 클로저, A4 파일 봉투 프로젝트 폴더 홀더 파일 포켓 재킷 문서 레터 오거나이저 (4가지 색상)",VANRA,20747,20747,,,"[프리미엄 소재] A4 플라스틱 파일 폴더는 방수 및 찢어짐 방지 기능이 있는 고강도 폴리에스터와 폴리프로필렌(PP)으로 제작되었습니다. 폴리 파일 봉투는 일반 종이 파일링 봉투보다 더 나은 보호 기능을 제공합니다. [적절한 용량] A4 문서 폴더에는 약 60장의 종이를 담을 수 있어 일상적인 사무실 및 공부에 적합합니다. 학교, 직장, 사무실용 문서 파우치 정리함. 스냅 버튼 클로저가 있는 합법적인 플라스틱 봉투 12개로 파일을 정리하고 안전하게 보관할 수 있습니다. [매끄럽고 세련됨] 평평한 플라스틱 봉투는 22.9 x 30.5cm(9 x 12인치) 확장이 없어 보관 서류 캐비넷용 레터 사이즈 파일 폴더. 날렵한 커버가 있는 슬림하고 귀여운 프로젝트 폴더는 모든 조정 파일 시스템이나 파일 캐비닛에 부드럽게 밀어 넣어 장기간 보관할 수 있습니다. [기능적이고 안전함] 비즈니스 계약서, 프레젠테이션, 대학 서류, 편지, 학생 숙제 자료, 과제 및 기타 중요한 문서를 수집하기 위한 문서를 위한 재사용 가능한 파일 봉투. 주름 방지 파일 재킷으로 문서를 멋지게 유지합니다. [12개 벌크 수량] 블랙, 올리브 그린, 레드, 화이트의 4가지 다양한 색상의 반투명 봉투. 파일을 쉽게 분류하고 분류할 수 있는 세련된 색상. 프로젝트 봉투 폴더는 약 너비 23.5 x 길이 33.3cm(9.2 x 13인치)입니다. 파일 포켓은 A4 및 레터 사이즈 용지에 모두 맞습니다.","VANRA 튼튼한 PP 소재는 방수 및 찢어짐 방지 기능이 있어 폴리 파일 폴더는 더 나은 보호 기능을 제공합니다. 플라스틱 파일 봉투는 적절한 용량의 사무실과 학교에서 사용할 수 있습니다. 레터 사이즈 파일 봉투는 블랙, 올리브 그린, 레드, 화이트의 4가지 색상으로 제공됩니다. 파일을 쉽게 분류하고 분류할 수 있는 세련된 색상. 스냅 버튼 클로저가 있는 12개의 합법적인 플라스틱 폴더는 파일을 정리하고 안전하게 보관합니다. A4 문서 폴더의 크기는 너비 23.1cm x 길이 33cm(9.2 x 1","['파일', '봉투', '폴더', '문서', '플라스틱', '분류']"
사무용품,파일링 제품,봉투 파일,,B088NZQY4R,"FANWU 스트링 타이 클로저가 있는 플라스틱 리갈 사이즈 봉투, 3.2cm(1-1/4인치) 확장, 측면 하중, 투명 파일 폴더 폴리 프로젝트 종이 문서 정리함, 사무실 학교 가정용 (다양한 색상 - 6P)",FANWU,12451,12451,4.5,1038.0,"【 측면 오프닝 폴리 봉투】: 확장되는 플라스틱 리걸 사이즈 봉투 6팩, 클로저가 있는 투명 폴더. 스트링 타이 클로저, 리갈 사이즈 36x26cm(14x10인치). 【 3.2cm(1-1/4인치) 확장】: 확장 가능한 거싯 디자인으로 투명 플라스틱 리갈 사이즈 봉투에 200장의 종이를 담을 수 있습니다. 측면 적재 확장 파일 봉투 대용량 파일 봉투는 훌륭한 정리 도구가 될 것입니다. 영수증, 세금, 개인 서류, 프로젝트, 퍼즐, 사진 및 중요한 문서를 완벽하게 보관할 수 있습니다. 【투명 플라스틱으로 볼 수 있음】 : 투명 플라스틱을 사용하면 열거나 낚시할 필요 없이 폴더에 무엇이 들어 있는지 즉시 볼 수 있습니다. 또한 필요한 파일이나 문서를 사용하고 가져갈 수 있습니다. 【 조절 가능한 플랩】: 4개의 미리 접힌 라인이 있는 조절 가능한 플랩으로 법정 크기의 문서보다 작은 다양한 크기의 문서와 용지에 더 잘 맞도록 플라스틱 리갈 사이즈 봉투를 만들 수 있습니다. 플랩과 스트링 타이 클로저가 있는 폴리 봉투는 장기간 보관하고 물건을 정리하는 데 적합합니다. 모든 사무실, 학교 및 가정에 적합합니다. 【 찢어짐 및 방수】: 중성 및 PVC 프리 폴리 소재, 견고하고 내구성이 뛰어납니다. 클로저가 있는 봉투 폴더는 더 두껍고 튼튼하며 부드럽지만 방수 기능이 있습니다.","FANWU 스트링 클로저가 있는 플라스틱 봉투, 투명 사이드 로딩 폴더, 리갈 사이즈, 종이 사무실 정리함. 가정 및 학교 문서 보관을 위한 3.2cm(1-1/4인치) 확장 대용량 내구성 봉투. 훌륭한 정리 도구: 다양한 색상으로 쉽게 파일링하고, 프로젝트를 함께 깔끔하게 유지합니다. 고품질: 간편한 여행용 파우치는 내구성이 뛰어난 폴리 소재로 만들어졌으며 폴리 봉투는 찢어짐 및 방수 기능이 있으며 세척이 쉽습니다. 두꺼운 폴리 투명 파일 폴더, 일반 플라스틱 파일 봉투보다 수명이 깁니다. 대용량: 리갈 사이즈 확장 가능한 플라스틱 프로젝트 봉투는 약 200장을 담을 수 있습니다. 투명: 투명한 소재로 봉투에 있는 문서의 내용을 한눈에 볼 수 있습니다. 스트링 타이 클로저가 있는 보호 플랩: 버튼이 있는 스트링은 문서가 떨어지는 것을 방지합니다. 측면 로딩 스트링 타이 클로저는 중요한 문서를 보관하고 정리하기에 안전합니다. 수량: 6팩 색상: 레드/블루/옐로우/오렌지/퍼플/그린 잠금: 끈으로 묶는 플랩. 확장: 1-1/4"", 3cm 크기: 14x10 인치 (36x26 cm) 소재: 환경 보호 폴리","['봉투', '문서', '플라스틱', '확장', '클로저', '투명', '폴리', '파일', '스트링', '폴더']"
사무용품,파일링 제품,봉투 파일,,B09JNG4DQN,"6팩 투명 문서 폴더 플라스틱 봉투 폴리 봉투 파일 봉투 라벨 포켓 및 스냅 버튼 포함, 가정 작업 사무실 정리용 레터 사이즈/A4 사이즈, 화이트",Hutou,11066,11066,4.7,791.0,"[프리미엄 품질 소재] 내구성이 뛰어난 PP 소재 플라스틱 봉투 폴더, 봉투 폴더 크기는 33.7 x 23.5cm(13.25 x 9.25인치)로 미국 레터/A4 사이즈 용지 및 기타 작은 물품 보관에 적합합니다. [다채로운 투명 봉투] 6가지 색상: 투명 블루, 그린, 옐로우, 퍼플, 핑크, 레드. 다양한 색상으로 종이를 쉽게 정리하고 구별할 수 있습니다. [스냅 버튼과 라벨 포켓이 있는 디자인] 사무실에 적합한 스냅 버튼이 있는 투명 문서 가방, 플라스틱 봉투에는 문서를 쉽게 구별할 수 있는 라벨을 위한 포켓이 있습니다. [투명 문서 파우치] 시스루 매끄러운 문서 폴더는 내용물을 볼 수 있으며 봉투를 열지 않고도 문서를 쉽게 찾을 수 있습니다. [쉬운 보관] 당사의 플라스틱 파우치는 휴대가 가능하여 물건을 정리하고 어수선함을 분류하는 데 도움이 됩니다. 봉투 가방은 학교, 집, 직장, 사무실 여행 및 출장에서 사용할 수 있습니다. 외부 미니 라벨 포켓은 문서를 분류하고 식별하는 데 도움이 됩니다.",,"['봉투', '문서', '투명', '라벨', '플라스틱', '폴더', '포켓', '스냅', '버튼', '정리']"
사무용품,파일링 제품,봉투 파일,,B0C6XR6V27,"JARLINK 폴리 지퍼 봉투 24개, 8가지 색상, A4 레터 사이즈 플라스틱 파일 지퍼 폴더, 재사용 가능한 필통, 학교, 사무실, 여행 보관 용품",JARLINK,19376,19376,4.5,137.0,"24피스 지퍼 봉투: 당사의 투명 문서 가방은 33 x 24cm / 13.2 x 9.4인치, 레터 크기 / A4로 많은 수의 파일을 보관할 수 있습니다. 연령 등급: 3세 이상 색상 디자인: 레드, 블루, 그린, 옐로우, 화이트 중에서 선택할 수 있는 8가지 색상. 다채로운 투명 봉투는 종이를 쉽게 정리하고 구별할 수 있도록 도와줍니다. 라벨 포켓이 있는 투명한 문서 파우치: 시스루 매끄러운 문서 폴더는 봉투를 열지 않고도 내용물을 볼 수 있습니다. 라벨 포켓 디자인으로 문서를 쉽게 분류하고 식별할 수 있습니다. (라벨 포함) 다양한 용도: 이 지퍼 메시 파우치는 학교 사무용품, 문서, 세면 용품, 영수증, 봉투, 보드 게임 등을 보관하기에 편리합니다. 여행 및 학교 정리에 적합합니다. (참고: 날카로운 물체는 지퍼 백을 손상시킬 수 있습니다.) 두께가 좋은 품질 업그레이드: 내구성이 뛰어난 PVC 소재로 제작, 내마모성 및 방수 기능. 비슷한 폴리 지퍼 봉투 폴더보다 70% 두껍기 때문에 제품 사용 빈도를 높이고 파일과 물건을 안전하게 보관합니다.",,"['봉투', '지퍼', '문서', '보관', '학교', '폴더', '라벨', '파일', '투명', '여행']"
사무용품,파일링 제품,봉투 파일,,B0BM4C7CCV,"플라스틱 봉투 폴리 (8개 팩) 8가지 색상 플라스틱 봉투 폴더, 스냅 클로저 플라스틱 봉투, 폴리 파일 폴더, A4 사이즈, 홈 오피스 학교 정리용 (사이즈 32.8 x 23.5cm(12.9 x 9.25인치))",ZFYOUNG,8102,8102,4.7,116.0,"(제품 포장): 스냅 버튼이 달린 플라스틱 봉투 폴리 폴더는 블루, 그린, 옐로우, 핑크, 데이타임 클리어, 오렌지, 레드, 퍼플의 8가지 색상으로 제공됩니다. (제품 치수): 12.9"" x 9.25"", A4/레터 사이즈 용지보다 큽니다. 구입하기 전에 제품 크기를 확인하십시오. (제품 특징): 파일 폴더 오거나이저, 다양한 색상, 클래식한 외관, 심플하고 스타일리시하며 재사용 가능, 문서 및 사진 보관, 프레젠테이션 등에 적합합니다. (제품 소재): 폴리에틸렌 플라스틱으로 제작, 두꺼움, 내마모성, 변색 방지, 방수, 강한 보호, 찢어짐 방지 및 방수 내구성. (제품 약속): 품질 문제가 있으시면 저희에게 연락하십시오. 제 시간에 처리하고 만족스러운 답변을 드리겠습니다.",,"['플라스틱', '봉투', '폴더', '폴리', '스냅', '파일', '방지', '방수']"
사무용품,파일링 제품,봉투 파일,,B0CTK3ZR6D,"VANRA 폴리 파일 폴더 포켓 파일 재킷 플라스틱 봉투 플랫 문서 레터 오거나이저, 스냅 버튼 클로저 A4 레터 사이즈 (5팩, 네이비 블루)",VANRA,16592,16592,4.6,569.0,"[60장 용량] A4 파일 폴더 오거나이저는 중요한 문서를 매일 파일링하고 보관하는 데 적합합니다. A4 용지 크기와 레터 사이즈 모두에 맞습니다. 약 60장의 종이를 담을 수 있습니다. [5개 팩] 레터 사이즈 파일 재킷 5팩은 양식, 기록 및 기타 중요한 문서를 관리하는 데 도움이 됩니다. 잘 정리된 집이나 사무실에 유용한 추가 아이템입니다. 폴리 프로젝트 포켓은 작업장을 정리하고 깔끔하게 유지합니다. [견고한 구조] 폴리 폴더는 고강도 폴리에스터와 폴리프로필렌(PP) 소재로 만들어져 환경 친화적이고 찢어짐 방지, 방수, 무독성 및 비방사성입니다. 스냅 버튼 잠금으로 문서를 안전하게 보관합니다. 종이와 문서가 미끄러지는 것을 방지하기 위해 3면이 강화되었습니다. 또한 오래 지속되는 강도를 제공합니다. [세련된 외관] 프로젝트 봉투 폴더는 슬림한 프로필을 제공하여 모든 조정 파일 시스템에 부드럽게 미끄러집니다. 파일은 파일 캐비닛에 잘 맞아 장기간 보관할 수 있습니다. 서류 보관함은 가정, 사무실, 학교, 비즈니스용으로 적합합니다. [대략적인 치수] 길이 31.9cm(12.6인치) x 높이 22.","VANRA 프리미엄 품질 데스크탑 파일 파일 보관 정리함 VANRA 데스크 폴리 파일 오거나이저는 문서, 파일, 청구서, 계약서, 우편, 카탈로그, 스크랩북, 페인팅 작품, 영수증, 매뉴얼, 편지, 종이, 바우처, 카드를 정리할 수 있는 좋은 도구입니다. 물건을 정리하면서 동시에 멋지게 유지하세요. 플랫 재킷은 최대 60장의 레터 사이즈 용지를 담을 수 있으며, 측면을 따라 강화된 씰은 향상된 내구성과 오래 지속되는 강도를 제공합니다. 내구성이 뛰어난 방수 폴리 스톡은 찢어짐과 습기를 방지합니다./사양: 소재: 폴리에스터 및 폴리프로필렌 (PP) 크기: 약. 길이 31.8cm x 높이 22.9/보증 12개월 제한 품질 보증을 즐기세요.","['파일', '문서', '폴리', '정리', '보관', '폴더', '종이', '재킷', '방지']"
사무용품,파일링 제품,봉투 파일,,B0CB11KLN3,"편지, 스냅 클로저 및 라벨 포켓이 있는 A4 사이즈 플라스틱 봉투 - 10개 - FLEXOFFICE - 미국 편지용 투명 문서 폴더 A4 사이즈 폴리 파일 봉투 학교 가정 직장 사무실용",FLEXOFFICE,20761,15221,4.9,21.0,"패키지 구성: 34 x 24.1cm(13.4 x 9.5인치) 크기의 플라스틱 봉투 폴더 10개가 레터/A4 사이즈 용지에 적합합니다. 각 봉투에는 최대 300장의 종이를 담을 수 있습니다 투명 폴리 봉투: 문서용 플라스틱 폴더는 내구성이 뛰어나고 두꺼운 PP 소재로 만들어져 문서를 문지름 방지, 긁힘 방지 및 방수로부터 보호합니다 내구성이 뛰어난 스냅 버튼 잠금: 문서용 플라스틱 폴더에는 스냅 클로저와 강력한 용접 라인이 있어 여러 번 사용한 후에도 문서를 안전하게 보관할 수 있습니다. 라벨 포켓이 있는 투명 파우치: 투명 플라스틱 봉투는 내용물을 볼 수 있을 뿐만 아니라 분류하는 데 도움이 되므로 열지 않고도 문서를 쉽게 찾을 수 있습니다 간편한 보관 및 정리: 봉투 폴더는 학교, 집, 직장, 사무실, 여행 및 출장에서 사진, 유인물, 메모, 문구류, 현금, 보고서, 영수증, 출생 증명서, 여행 물품 등을 보관할 수 있습니다",,"['봉투', '문서', '폴더', '플라스틱', '투명', '구성', '스냅', '포켓', '라벨', '여행']"
사무용품,파일링 제품,봉투 파일,,B0CMXLSF79,버튼 및 스트링 타이 클로저가 있는 12팩 플라스틱 봉투 확장 가능한 폴리 스트링 봉투 플라스틱 파일 폴더 플라스틱 문서 봉투 레터 A4 사이즈 3.2cm(1-1/4인치) 확장 (블루),ReliThick,13836,13836,3.5,3.0,"적절한 사이즈: 스트링 클로저가 있는 각 수직 플라스틱 폴더는 약 32.5 x 24.9cm(12.8 x 9.8인치) 크기로 200장 이상의 종이를 담을 수 있을 만큼 큽니다. 레터 A4 사이즈, 3.2cm(1-1/4인치) 확장으로 일상 과제, 프로젝트, 서류 작업, 세금 문서에 적합하며 학교, 사무실 및 기타 행사에 적합합니다 다용도: 이 플라스틱 문서 폴더는 믿을 수 없을 정도로 다양한 용도로 사용할 수 있습니다. 문서, 이미지, 문구류 정리 등 이 봉투는 여러분을 보호합니다. 개인 및 비즈니스 모두에 적합합니다 버튼 및 스트링 클로저: 문서의 보안을 보장하는 것이 저희의 목표입니다. 그래서 폴리 스트링 봉투에는 견고한 버튼과 스트링 클로저가 있어 신뢰할 수 있는 잠금을 보장하여 문서를 안전하고 안전하게 보관할 수 있습니다 재사용 및 견고함: 플라스틱 문서 봉투는 튼튼할 뿐만 아니라 재사용이 가능하며 찢어짐 방지, 방수 및 세척이 쉽습니다. 플라스틱 및 폴리에틸렌 소재는 견고할 뿐만 아니라 다양한 용도로 사용할 수 있습니다 눈에 보이는 반투명 봉투 12개 팩: 구매할 때마다 버튼과 스트링 클로저가 있는 12개의 플라스틱 파일 폴더 패키지를 받게 됩니다. 보관 옵션이 부족할 걱정 없이 안심하고 문서를 정리할 수 있습니다. 아름답고 실용적인 반투명 블루 색상의 봉투는 저장된 내용물을 빠르게 식별할 수 있어 바쁜 일정에 있을 때 귀중한 시간을 절약할 수 있습니다","특징: 이 플라스틱 문서 폴더는 실용적이고 사려 깊은 선물이 됩니다. 사무실 근로자, 학교 학생, 교사 및 스마트하고 효율적인 정리가 필요한 모든 사람에게 좋은 선택입니다. 스트링 클로저가 있는 플라스틱 폴더는 견고한 플라스틱과 폴리에틸렌으로 만들어졌으며 안전한 버튼과 스트링 클로저가 특징입니다. 실용적인 크기의 32.5 x 24.9cm(12.8 x 9.8인치)의 반투명 블루 쉐이드는 내용물을 시각적으로 식별할 수 있습니다. 사양: 주 색상: 블루 주요 소재: 플라스틱, 폴리에틸렌 사이즈: 약 32.5 x 24.9 cm(12.8 패키지 구성: 버튼과 스트링 클로저가 있는 플라스틱 봉투 12개. 따뜻한 노트: 수동 측정으로 인해 약간의 오차가 있을 수 있습니다. 모니터에 따라 약간의 색상 차이가 있을 수 있습니다.","['플라스틱', '스트링', '봉투', '문서', '클로저', '폴더', '버튼', '블루', '견고하다', '확장']"
사무용품,파일링 제품,봉투 파일,,B0CT5N4VC3,"투명 플라스틱 폴더, 버튼 스냅 클로저가 있는 플라스틱 봉투 60개, A4 폴리 봉투, 문서용 레터 사이즈 폴더, 사무실 홈 스쿨 작업 정리용 방수 플라스틱 파일 폴더",,31841,31841,5.0,2.0,"버튼 스냅 클로저가 있는 플라스틱 봉투 60개, A4",,"['플라스틱', '폴더', '봉투', '클로저', '스냅', '버튼', '홈', '폴리', '파일', '투명']"
사무용품,파일링 제품,봉투 파일,,B0BWDSMMQN,"플라스틱 봉투 50개, 스냅 버튼 클로저가 있는 폴리 봉투, 투명 문서 폴더 레터 A4 사이즈 파일 봉투, 학교 가정 직장 사무실 정리용 플라스틱 파일 폴더, 8가지 다양한 색상 (50)",Visen,28655,28655,4.7,14.0,"다채로운 플라스틱 봉투: 저희 팩에는 50개의 투명 플라스틱 봉투가 포함되어 있습니다. 8가지 밝은 색상이 있습니다: 레드, 그린, 퍼플, 오렌지, 화이트, 핑크, 옐로우, 블루, 주변 환경에 생생한 것을 더하세요. 멀티 컬러 디자인으로 다양한 파일을 쉽게 구별할 수 있어 작업을 보다 효율적으로 만듭니다. 내구성이 뛰어난 문서 오거나이저: 프리미엄 PP 플라스틱으로 만든 기능성 전문 폴리 봉투, 내마모성, 부식 방지 특성, 방수, 예쁜 보호 기능. 플라스틱 봉투 폴더는 세척 및 재사용이 가능하며 내구성이 뛰어나며 장기간 보관에 적합하며 수명이 깁니다. 큰 용량의 투명 봉투: 봉투 폴더의 크기는 13 x 9.4 인치 / 13 x 9.4 인치이며, 200장 이상의 A4 용지를 담을 수 있습니다. 시스루 매끄러운 문서 폴더는 내용물을 볼 수 있도록 하며 봉투를 열지 않고도 문서를 쉽게 찾을 수 있습니다. 【스냅 버튼 잠금 디자인: 스냅 클로저가 있는 플라스틱 봉투로, 더 이상 로프를 반복적으로 감쌀 필요가 없으며 쉽게 열고 닫을 수 있습니다. 양면이 잘 밀봉되어 사용하기 쉬운 스냅 클로저로 문서가 떨어지는 것을 방지합니다. 문서를 안전하고 안전하게 보관하세요. 다용도 플라스틱 폴더: 당사의 폴리 봉투 폴더는 휴대가 가능하여 물건을 정리하고 어수선함을 정리할 수 있습니다. 플라스틱 봉투는 지폐, 문서, 재무 명세서, 자료를 보관하는 데 사용할 수 있을 뿐만 아니라 문구류, 여행 용품, 메이크업 용품 등을 보관하는 데에도 사용할 수 있습니다.",,"['봉투', '플라스틱', '폴더', '문서', '스냅', '보관', '정리', '클로저', '폴리', '파일']"
사무용품,파일링 제품,봉투 파일,,B009F6PHXK,"Lion Vel-Close-R 투명 폴리 봉투, 거싯 포함, 30.5 x 30.5cm(12 x 12인치), 6개/팩, 1팩 (22060-CR)",LION,20442,20442,4.6,574.0,30.5cm x 30.5cm (전체 치수: 너비 31.8cm x 높이 31.8cm) 후크 앤 루프 클로저 3.8cm(1-1/6인치) 거싯/투명 6개/팩 재활용 가능한 폴리프로필렌 소재,LION 후크 앤 루프 클로저가 있는 30.5 x 30.5cm(12 x 12인치) 크기의 투명 플라스틱 봉투는 훌륭한 스크랩북 봉투입니다. 내구성이 뛰어난 중성 봉투는 소중한 사진과 스크랩북 페이지의 색바램을 방지하고 줄여줍니다. 이 투명 봉투로 내용물을 선명하게 볼 수 있습니다. 확장 가능한 봉투는 최대 2.5cm(1인치)의 재료를 안전하게 보관할 수 있습니다. 후크 앤 루프 클로저로 내용물을 빠르고 쉽게 꺼낼 수 있습니다. 편리한 30.5 x 30.5cm(12 x 12인치) 봉투로 스크랩북 용지를 정리하고 분류하세요. 친환경 재활용 봉투. 봉투 6개 / 팩.,"['봉투', '투명', '클로저', '후크', '북', '스크랩', '루프', '내용물', '재활용', '가능하다']"
사무용품,파일링 제품,봉투 파일,,B0CGWN9Y9T,20피스 투명 플라스틱 파일 봉투 A4 문서 폴더 포트폴리오 오거나이저 파우치 휴대용 서류 가방 스냅 버튼 포함 학교 사무용품,GSHLLO,11066,12451,,,"소재: 플라스틱 사이즈: 330 x 230 mm (L x W) 패키지: 20개 스냅 버튼 디자인으로 개인 소지품을 편리하게 열고 고정할 수 있어 파일 손실에 대해 걱정할 필요가 없습니다 당사의 플라스틱 파우치는 휴대가 가능하여 물건을 보관하고 어수선함을 분류하는 데 도움이 됩니다. 플라스틱 파일은 종이, 영수증, 파일, 송장, 청구서 보관, 필통, 가정, 학교, 사무실의 문구 용품에 널리 사용됩니다","당사의 플라스틱 파우치는 휴대가 가능하여 물건을 보관하고 어수선함을 분류하는 데 도움이 됩니다. 플라스틱 파일은 종이, 영수증, 파일, 송장, 청구서 보관, 필통, 가정, 학교, 사무실의 문구 용품에 널리 사용됩니다","['플라스틱', '파일', '보관', '휴대', '학교', '파우치', '송장', '사무실', '분류', '버튼']"
사무용품,파일링 제품,봉투 파일,,B09YVWRT68,"Lineco, 사진 파일 봉투 10.2 x 15.2cm(4 x 6인치), 중성 사진 오거나이저 화이트 파일 봉투, 사진, 엽서, 인사말 카드용(25팩, 2세트)",Lineco,38766,27686,4.7,16.0,봉투를 사용하여 사진을 정리하세요 패키지에는 50개의 중성 봉투가 포함되어 있습니다 각 봉투의 크기는 10.2 x 15.2cm(4 x 6인치)입니다 Lineco 인피니티 포토 박스와 호환 가능 흰색 소형 파일 봉투,,"['봉투', '사진', '파일', '중성', '흰색', '용팩', '박스', '소형', '엽서', '오거']"
사무용품,파일링 제품,봉투 파일,,B07T9353JJ,"1InTheOffice 지퍼가 달린 플라스틱 봉투, 사이즈 확인, 다양한 색상, 5/팩",1InTheOffice,13836,13836,4.4,20.0,"특징: 먼지 방지, 방수, 찢어짐 방지 종이와 문서를 정리할 수 있는 지퍼 봉투 다양한 색상으로 제공되며 플라스틱으로 제작되었습니다. 지퍼 잠금으로 용지가 제자리에 고정됩니다 팩 당 5개, 방수 파일 소재. 체크 사이즈 문서를 보관, 본체 두께 0.18mm 표면은 매끄럽고 투명하여 내용물을 직접 확인하고 정보를 빠르게 볼 수 있습니다","1InTheOffice 지퍼 플라스틱 봉투, 체크 사이즈, 다양한 색상, 5팩/최고 품질의 지퍼 봉투는 활성 파일에 적합하며 편의를 위해 2.5cm(1인치) 확장과 안전한 지퍼 클로저가 함께 제공됩니다. 방수 소재: 지퍼 파일 백은 PVC 소재로 만들어져 유연하고 내구성이 뛰어나며 방수 및 내유성이 있어 파일을 안전하게 유지합니다. 내구성이 뛰어납니다. 다양한 색상의 지퍼가 달린 투명 플라스틱을 사용하면 문서를 정확하고 효율적으로 분류할 수 있습니다. 투명한 플라스틱 디자인은 공공 장소에서 가방에서 물건을 꺼낼 때 프라이버시를 보호할 수 있습니다. 일반 사무실, 여행, 학교 및 가정용으로 적합합니다. 지퍼 문서 파우치: 이 1InTheOffice 폴리 체크 사이즈 지퍼 지갑으로 펜, 연필 및 기타 물품을 쉽게 꺼낼 수 있습니다. 각 지갑은 2.5 cm (1 인치)로 확장되어 잡동사니나 학교 용품을 보관하기에 이상적이며 안전한 지퍼로 내용물을 빠르고 쉽게 넣고 찾을 수 있습니다. 이 1InTheOffice 체크 사이즈 지퍼 지갑은 다양한 색상으로 제공되며 내구성을 위해 폴리로 만들어졌습니다. 다양한 용도: 이 종이 서류 가방 세트는 프로젝트 파일, 용어 서류, 편지, 비즈니스 영수증, 펜, 스마트폰, 지도, 여권, 어린이 장난감, 케이블, 이어폰, 알약 병, 아트 키트, 약물 처방전, 현금, 화장품 도구 또는 여행 액세서리 등과 같은 다양한 품목에 적합합니다./제품 특징/✔ 특징: 먼지 방지, 방수, 찢어짐 방지./✔ 종이와 문서를 정리할 수 있는 지퍼 봉투./✔ 다양한 색상으로 제공되며 플라스틱으로 제작되었습니다. 지퍼 잠금으로 용지가 제자리에 고정됩니다./✔ 팩 당 5개, 방수 파일 소재. 체크 사이즈 문서를 보관, 본체 두께 0.18mm./✔ 표면이 매끄럽고 투명하여 내용물을 직접 확인하고 정보를 빠르게 볼 수 있습니다.","['지퍼', '방수', '플라스틱', '문서', '파일', '봉투', '체크', '방지', '빠르다', '구성']"
사무용품,파일링 제품,봉투 파일,,B0D4PSF5D9,"플라스틱 파일 폴더, 스냅 클로저가 있는 플라스틱 봉투 50개, 문서용 플라스틱 폴더, A4 레터 사이즈 투명 봉투 폴더, 파일 가방, 재사용 가능한 문서 봉투 파우치",MAQUITA,23531,23531,,,"플라스틱 봉투 50개: 플라스틱 폴더 50팩, 32.4 x 23.4cm(12.7 x 9.25인치)/32.7 x 23.4cm(12.7 x 9.1인치), 5가지 밝은 색상 - 블루, 옐로우, 그린, 핑크, 투명, 눈길을 끄는 & 분류에 좋습니다. 프리미엄 플라스틱 봉투는 두껍고 가장자리가 잘 밀봉되어 견고하고 쉽게 분리되거나 마모되지 않으며 물건을 잘 잡고 보호할 수 있습니다. 문서용 플라스틱 폴더: 50개의 문서 폴더, 대량, 분류에 좋으며, 지불, 학습 노트, 인증서, 프로젝트 자료 등과 같은 다양한 품목을 대상으로 할 수 있습니다. 투명 파일 폴더는 열지 않고도 쉽게 볼 수 있으며 짧은 시간 안에 필요한 것을 찾는 데 적합하며 5가지 밝은 색상으로 다양한 유형의 종이 작업을 분류하는 데 도움이 됩니다. 보호 파일 폴더: 고품질 폴리 봉투, 방수, 내마모성, 물, 긁힘, 마찰, 먼지 등으로부터 종이를 잘 보호하고 주름, 주름, 손상, 번짐 및 분실로부터 보호합니다. 중요한 문서를 보관하고 운반하는 데 적합하며 오래된 신문이나 파일과 같은 깨지기 쉬운 물건을 보호합니다. 다용도 파일 폴더: 학교용 파일 백 50개, 종이, 유인물, 메모, 문구 등을 보관할 수 있습니다. 사무실용, 간단한 보고서, 프로젝트 문서, 재무 명세서, 회의 자료 등을 보관할 수 있습니다. 가정용, 청구서, 영수증, 가전 제품 지침, 사진 등을 보관할 수 있습니다. 공예품, 공예 종이, 스티커, 장식, 여행 용품, 메이크업 아이템 등을 보관할 수 있습니다. 스냅 클로저가 있는 플라스틱 봉투: 각 문서 폴더에는 스냅 클로저가 있어 파일 봉투를 쉽게 열고 닫을 수 있으며 필요한 것을 빠르게 얻을 수 있습니다. 참고: 문제가 있으시면 언제든지 저희에게 알려주십시오. 우리는 마음과 영혼으로 봉사 할 것입니다.","멋진 선물 포장: 플라스틱 폴더 50팩, 32.4 x 23.4cm(12.7 x 9.25인치)/32.7 x 23.4cm(12.7 x 9.1인치), 5가지 밝은 색상 - 블루, 옐로우, 그린, 핑크, 투명, 눈길을 사로잡는 & 분류에 좋습니다. 프리미엄 플라스틱 봉투는 두껍고 가장자리가 잘 밀봉되어 견고하고 쉽게 분리되거나 마모되지 않으며 물건을 잘 잡고 보호할 수 있습니다. 신뢰할 수 있는 사용: 문서 폴더 50개, 대량으로 분류하기에 좋으며, 지불, 학습 노트, 인증서, 프로젝트 자료 등과 같은 다양한 품목을 대상으로 할 수 있습니다. 투명 파일 폴더는 열지 않고도 쉽게 볼 수 있으며 짧은 시간에 필요한 것을 찾을 수 있으며 5가지 밝은 색상으로 다양한 유형의 종이 작업을 분류하는 데 도움이 됩니다. 사양: 소재: 고품질 폴리 봉투 색상: 블루, 옐로우, 그린, 핑크, 투명 사이즈: 32.4 x 23.4 cm/12.7 x 9.1 인치 패키지 구성: 플라스틱 폴더 50팩. 참고: 수동 측정, 사이즈에 약간의 오차가 있을 수 있습니다. 화면 디스플레이의 차이로 인해 색상이 약간 다를 수 있습니다.","['폴더', '플라스틱', '봉투', '파일', '문서', '분류', '보호', '투명', '종이']"
사무용품,파일링 제품,봉투 파일,,B091TKT92P,"18팩 리갈 사이즈 플라스틱 파일 봉투 투명 파일 폴더, 스트링 클로저 포함, 사무실 학교 또는 가정용",PRIMATCH,27132,27132,4.5,49.0,"사이즈: 법적 크기 (36.1x25.9 cm), 이 문서 폴더는 더 많은 종이를 담을 수 있는 큰 용량을 가지고 있습니다 소재: 법적 사이즈 봉투는 고품질 폴리프로필렌 소재로 제작되어 무독성이며 방수 및 내구성이 뛰어나며 종이를 손상으로부터 보호합니다. 쉽게 찾을 수 있습니다: 매우 투명한 파일 폴더, 봉투를 열지 않고도 문서를 쉽게 정리하고 찾을 수 있습니다. 버튼 & 스트링 타이 클로저 디자인으로 문서를 잘 보관할 수 있으며, 모든 문서 보관 및 보호 요구 사항을 충족하는 실용적이고 다재다능한 용품입니다! 널리 사용: 이 파일 봉투는 시트, 계약서, 영수증, 공책, 청구서, 펜 및 중요한 문서를 보관할 수 있습니다.","문서와 파일을 더 잘 정리하고 중요한 파일을 얼룩과 주름으로부터 보호합니다. 파일 저장을 위한 최고의 선택이 될 것입니다! 특징: 유연성, 스트링 클로저, 2.5cm 확장, 반투명, 방수, 내마모성, 방수, 안전 및 실용성. 버튼 및 스트링 클로저: 스트링 타이 클로저는 문서를 안전하게 유지하고 시트 용지가 접히거나 구겨지는 것을 방지합니다. 반투명 봉투: 반투명 파일 포켓은 내부의 물건을 더 편리하게 인식할 수 있습니다. 봉투에 있는 문서의 내용을 한 눈에 볼 수 있습니다. 대용량: 리갈 사이즈 확장 가능한 플라스틱 파일링 봉투는 200장 이상을 담을 수 있습니다. 색상: 투명 소재: 폴리프로필렌 포장 수량: 18팩 잠금: 버튼 및 스트링 타이 클로저 봉투 사이즈: 36x26cm(14.2x10.2인치) 기능: 폴리 폴더는 종이 또는 작은 물건으로 채울 수 있으며 물건을 순서대로 보관하고 지저분함을 줄이고 편안한 느낌을 줍니다. 물, 긁힘, 마찰로부터 잘 보호합니다. 등 다양한 용도: 시험 용지, 리뷰 자료, 논문, 사무실 문서, 회의 정보, 프로젝트 문서, 재무 명세서 등의 학습 자료, 펜, 자, 고무 등의 문구류에 이상적입니다.","['문서', '파일', '봉투', '스트링', '클로저', '폴더', '보호', '반투명', '타이', '버튼']"
사무용품,파일링 제품,봉투 파일,,B0D41ZZ82N,"문서 폴더, 12팩 대형 투명 다이 및 스탬프 보관 가방 25.4 x 17.8cm(10 x 7인치) 투명 플라스틱 봉투 방수 폴리 봉투 클로저 파일 홀더 DIY 스크랩북 카드 공예 정리용",Mozeat Lens,12451,12451,,,"포장 목록: 12개의 문서 폴더를 받게 되며, 수량은 매일 사용하고 교체하기에 충분합니다. 사이즈: 보관용 가방의 크기는 약 25 x 18 cm/10 x 7 인치이며 가벼워 휴대가 간편합니다. 소재 정보: 투명 플라스틱 봉투는 고품질 플라스틱으로 만들어졌으며 견고하고 내구성이 뛰어나며 방수 기능이 있습니다. 독특한 디자인: 스티커 오거나이저는 투명한 커버가 있어 내부에 무엇이 있는지 확인할 수 있습니다. 클로저는 재사용 가능한 접착 버클로 디자인되었습니다. 적용 시나리오: 파일 홀더는 스탬프, 스크랩북, 종이 카드, DIY 공예품, 종이 몰드, 사진 앨범 등을 보관하기에 적합합니다.",색상: 투명. 소재: 플라스틱 제품 크기: 25 x 18 cm/10 x 7 inch/제품 구성: 문서 가방 12개.,"['플라스틱', '투명', '문서', '가방', '보관', '봉투', '종이', '북', '홀더', '스탬프']"
사무용품,파일링 제품,봉투 파일,,B0BH4RTP83,"12팩 플라스틱 폴리 파일링 봉투, 투명 문서 폴더 레터 A4 사이즈 파일 봉투, 라벨 및 포켓 페이스트 버튼 포함, 학교 가정 직장 사무실 정리용 6가지 색상",Vobou,13836,13836,4.7,275.0,"다채로운 투명 봉투 및 대용량: 6가지 색상: 투명 블루, 그린, 옐로우, 화이트, 퍼플, 핑크(각 색상은 2개). 다양한 색상으로 종이를 쉽게 정리하고 구별할 수 있습니다. 봉투 폴더 크기는 33.7 x 23.5cm(13.25 x 9.25인치)이며 A4/US 레터 사이즈 파일 및 기타 작은 품목에 적합하며 200장 이상의 종이를 담을 수 있습니다 스냅 버튼과 라벨 포켓이 있는 디자인: 스냅 버튼이 있는 고품질 투명 문서 폴더는 미국 레터/A4 사이즈 용지 및 기타 작은 물건을 보관하기에 매우 적합합니다. 당사의 플라스틱 봉투에는 라벨을 넣을 수 있는 슬롯이 있어 문서를 쉽게 구별할 수 있습니다 프리미엄 품질 소재: 내구성이 뛰어난 PP 소재 플라스틱 및 방수 봉투 폴더로 업그레이드된 두께로 찢어짐을 방지하여 문서나 기타 물건을 오래 사용하고 보관할 수 있습니다 심플하고 세련됨: 시스루 매끄러운 문서 폴더는 내용물을 볼 수 있게 해주며 봉투를 열지 않고도 문서를 쉽게 찾을 수 있습니다 간편한 보관: 당사의 플라스틱 파우치는 휴대가 가능하여 물건을 정리하고 어수선함을 분류하는 데 도움이 됩니다. 봉투 가방은 학교, 집, 직장, 사무실 여행 및 출장에서 사용할 수 있습니다. 외부 미니 라벨 포켓은 문서를 분류하고 식별하는 데 도움이 됩니다",,"['봉투', '문서', '폴더', '투명', '플라스틱', '라벨', '포켓', '파일', '물건', '정리']"
사무용품,파일링 제품,봉투 파일,,B07ZN5KHMJ,"VANRA Kraft 스트링 파일 폴더 파일 봉투 프로젝트 파일 재킷 문서 레터 오거나이저 플랫 확장 없음 A4 레터 사이즈 (크래프트 브라운, 5팩)",VANRA,16592,16592,4.4,84.0,"A4 파일 폴더 오거나이저는 중요한 문서를 매일 파일링하고 보관하는 데 적합합니다. A4 용지 크기와 레터 사이즈 모두에 맞습니다. 스트링 타이 클로저 봉투 5팩은 양식, 기록 및 기타 중요한 문서를 관리하는 데 도움이 됩니다. 잘 정리된 집, 우편실 또는 사무실에 유용한 추가 아이템입니다. 레터 사이즈 비즈니스 봉투는 직장을 정리하고 깔끔하게 유지합니다. 내구성이 뛰어난 크래프트 파일링 봉투는 환경 친화적이고 무독성인 고강도 크래프트로 제작되었습니다. 간단한 스트링 타이 클로저로 문서를 안전하게 보관할 수 있습니다. 효과적인 분류를 위해 강화된 스트레이트 컷 싱글 탭. 측면 로딩 프로젝트 문서 홀더는 슬림한 프로필을 제공하여 모든 조정 파일링 시스템에 부드럽게 미끄러집니다. 파일은 파일 캐비닛에 잘 맞아 장기간 보관할 수 있습니다. 충전 보관함은 가정, 사무실, 학교, 비즈니스에서 사용하기에 적합합니다. 대략적인 치수: 길이 30.8cm x 높이 23.3cm 패키지 구성: 스트링 봉투 포켓 5개.","VANRA 프리미엄 품질의 크래프트 봉투 파일 폴더 파일 보관 정리함: VANRA 책상 스트링 파일 홀더 오거나이저는 문서, 파일, 청구서, 계약서, 우편, 카탈로그, 스크랩북, 페인팅 작업, 영수증, 매뉴얼, 편지, 종이, 바우처, 카드를 정리할 수 있는 좋은 도구입니다. 물건을 정리하면서 동시에 멋지게 유지하세요. 내구성이 뛰어나고 강화된 크래프트 소재로 종이와 문서가 미끄러지지 않습니다. 또한 안전하고 오래 지속되는 강도를 제공합니다. ✦ 사양: CoQ소재: 크래프트 페이퍼 길이 30.8cm(12.2인치) x 높이 23.","['파일', '문서', '봉투', '크래프트', '스트링', '정리', '구성', '폴더', '보관']"
사무용품,파일링 제품,봉투 파일,,B0D422N77H,"문서 폴더, 12팩 투명 다이 및 스탬프 보관 가방 19.1 x 14cm(7.5 x 5.5인치) 투명 플라스틱 봉투 클로저 방수 폴리 봉투 파일 홀더 DIY 스크랩북 카드 공예 정리용",Mozeat Lens,12146,12146,,,"포장 목록: 12개의 문서 폴더를 받게 되며, 수량은 매일 사용하고 교체하기에 충분합니다. 사이즈: 보관용 가방의 크기는 약 19 x 14 cm/7.5 x 5.5 인치이며 가벼워 휴대가 간편합니다. 소재 정보: 투명 플라스틱 봉투는 고품질 플라스틱으로 만들어졌으며 견고하고 내구성이 뛰어나며 방수 기능이 있습니다. 독특한 디자인: 스티커 오거나이저는 투명한 커버가 있어 내부에 무엇이 있는지 확인할 수 있습니다. 클로저는 재사용 가능한 접착 버클로 디자인되었습니다. 적용 시나리오: 파일 홀더는 스탬프, 스크랩북, 종이 카드, DIY 공예품, 종이 몰드, 사진 앨범 등을 보관하기에 적합합니다.",색상: 투명. 소재: 플라스틱 제품 크기: 19 x 14 cm/7.5 x 5.5 inch/제품 구성: 문서 가방 12개.,"['플라스틱', '투명', '보관', '가방', '봉투', '문서', '방수', '북', '스크랩', '홀더']"
사무용품,파일링 제품,봉투 파일,,B00WKZL6IS,"Staples 폴리 봉투, 사이드 오프닝, 글자, 투명, 10팩",STAPLES,15082,15082,4.7,30.0,10개씩 판매됩니다. 편리한 측면 개구부가 있는 문서 봉투. 봉투 크기: 27.9cm W x 21.4cm L. 문서가 떨어지는 것을 방지합니다. 내구성이 뛰어나고 찢어짐 방지 및 방수 기능이 있는 반투명 폴리 소재로 제작되었습니다. 팩 당 10 봉투.,"이 스테이플 레터 사이즈 투명 사이드 오프닝 폴리 봉투 10팩으로 중요한 문서를 보호하세요. 이 편지 크기의 투명 측면 개방형 폴리 봉투에 보관하여 습기, 먼지, 때, 손상으로부터 필수 파일을 안전하게 보관하세요. 각 제품은 쉽게 분류할 수 있는 단일 탭 디자인이 특징이며, 폴리 소재는 방수 기능과 내구성을 제공합니다. 이 스테이플 투명 측면 오프닝 폴리 봉투는 레터 크기의 용지를 담을 수 있으며 스트링 앤 버튼 클로저를 채택하여 문서를 안전하게 보관할 수 있습니다. 편리한 측면 개구부가 있는 문서 봉투. 봉투 크기: 27.9cm W x 21.4cm L. 문서가 떨어지는 것을 방지합니다. 내구성이 뛰어나고 찢어짐 방지 및 방수 기능이 있는 반투명 폴리 소재로 제작되었습니다. 팩 당 10 봉투. 이 스테이플 봉투로 운송 또는 보관 중에 필수 문서를 보호하십시오. 폴리 구조로 인해 이 봉투는 수년 동안 사용하고 재사용할 수 있을 만큼 내구성이 뛰어나며 투명한 디자인으로 각 봉투 안에 무엇이 있는지 한눈에 볼 수 있습니다. Staples 브랜드의 100% 만족 보장은 이 편리한 봉투에 추가적인 수준의 자신감을 제공합니다. 완벽한 사이즈. 편지 크기의 문서를 이 투명 폴리 봉투 안에 잘 보호합니다. 편리한 측면 개구부로 중요한 프로젝트를 위한 주요 데이터를 찾아야 할 때 액세스, 제거 및 교체를 간단하게 할 수 있습니다. 이 팩에는 10개의 봉투가 포함되어 있어 필요한 모든 파일을 보관할 수 있습니다. 환경 친화적입니다. 재사용 가능한 봉투로 새 사무용품을 구입할 필요가 없습니다. 견고한 디자인으로 봉투를 반복해서 사용하고 재사용할 수 있어 집이나 사무실에 환경 친화적인 추가품이 될 수 있습니다. 안전한 보관. 편리한 스트링 앤 버튼 클로저로 스테이플 폴리 봉투 안에 필수 데이터를 안전하게 유지합니다.","['봉투', '폴리', '문서', '측면', '투명', '편리하다', '구성', '방지', '안전하다', '보관']"
사무용품,파일링 제품,봉투 파일,,B07PS5XP5L,"레터 사이즈 투명 플라스틱 스트링 봉투, 확장 파일 용지 프로젝트 폴더 봉투 홀더 10개",Vinyl Quote Me,20761,13836,4.6,156.0,"봉투 크기: 24.5 x 33 x 3cm / 9.6 x 13 x 1.2인치. 이 사이즈는 21.6cm x 27.9cm(8-1/2인치 x 11인치) 종이 문서를 보관하기에 적합합니다. 안전한 스트링 봉투 포켓: 내용물을 편리하게 보관할 수 있는 스트링 및 버튼 클로저. 대용량: 거싯은 3cm(1.2인치) 확장되어 최대 120장까지 추가 용량을 제공합니다. 사무실 문서, 설명서, 워크시트, 학교 종이 등에 적합합니다. 내구성이 뛰어난 플라스틱 프로젝트 봉투: 반투명 폴리로 제작된 이 봉투는 방수 및 찢어짐 방지 기능이 특징입니다. 패키지: 패키지에는 투명 폴더 봉투 10팩이 함께 제공됩니다.","내구성이 뛰어난 폴리 봉투는 찢어지지 않고 습기를 막아주며 쉽게 정리할 수 있도록 밝은 반투명 색상으로 제공됩니다. 거싯은 최대 3cm(1.2인치)까지 확장되어 더 많은 문서를 수용할 수 있습니다. 스트링 및 버튼 클로저는 매일 사용할 수 있도록 설계되었습니다. 중성, PVC 프리 및 아카이브 품질로 가정, 사무실 또는 교실에 이상적입니다. 봉투 사양: 상단 로딩 내구성이 뛰어난 폴리 소재. 스트링 타이 클로저 확장 가능 반투명 투명. 방수 및 찢어짐 방지. 무산성, PVC 프리, 아카이브 품질. 팩당 10개씩 판매됩니다. 문의 사항이 있으시면 저희에게 연락 주십시오. 최선을 다해 도와드리겠습니다.","['봉투', '스트링', '확장', '구성', '반투명', '클로저', '문서', '투명', '폴리', '방수']"
사무용품,파일링 제품,봉투 파일,,B0BZRBGZ9W,"플라스틱 봉투 100개, A4 사이즈 폴리 봉투, 레터 사이즈 파일 폴더, 문서 오거나이저 파일 백, 스냅 버튼, 학교 및 사무용품용, 5가지 색상",Fuutreo,49846,49846,4.2,7.0,"이상적인 디자인: 당사의 사무용품 폴더는 5가지 색상으로 구성되어 있어 기분이 좋아지고 주변 환경에 활력을 더합니다. 스냅 클로저가 있어 폴더를 쉽게 열고 닫을 수 있어 문서를 깔끔하고 안전하게 보관할 수 있습니다 적합한 사이즈: 숙제 폴더 크기는 약 32.5 x 23.5 cm(12.8 x 9.25 인치)입니다. 적당한 크기로 테스트 용지, 프로젝트 문서, 논문 등과 같은 많은 물건을 폴더에 넣을 수 있습니다 고품질 소재: 파일 폴더는 플라스틱으로 만들어져 내구성이 뛰어나 오랫동안 제품을 사용할 수 있습니다. 그리고 저희 제품은 방수 기능이 있어 폴더에 물을 흘렸을 때 문서를 안전하게 보관할 수 있습니다 패키지 구성: 각 색상으로 50.8cm(20인치), 총 100개의 플라스틱 파일 폴더를 받게 되며, 대량 수량으로 언제든지 폴더를 변경할 수 있습니다. 또한 친구 및 반 친구들과 폴더를 공유할 수 있습니다 다양한 기능: 이 컬러 폴더는 학습 자료에 적합하며 여행 시 여권, 카드, 지도 등과 같은 개인 물건을 폴더에 넣을 수 있습니다. 화장품도 폴더에 넣을 수 있습니다","특징: 다양한 용도: 스냅 클로저가 있는 폴리 봉투는 수업, 가정, 사무실 등과 같은 많은 경우에 사용할 수 있습니다. 심플한 외관: 5가지 색상의 폴리 플라스틱 폴더를 선택할 수 있으며, 대부분의 상황에 어울리는 심플한 룩으로 다양한 색상으로 기분이 좋아질 것입니다. 사양: 소재: 플라스틱 색상: 사진과 같음. 사이즈: 12.8 x 9.25 인치/ 32.5 x 23.5 cm 패키지 구성: 폴더 100개. 참고: 수동 측정, 사이즈에 약간의 오차가 있을 수 있습니다. 화면 디스플레이의 차이로 인해 색상이 약간 다를 수 있습니다.","['폴더', '플라스틱', '구성', '파일', '문서', '스냅', '봉투', '폴리']"
사무용품,파일링 제품,봉투 파일,,B0CXCR6R89,"빈티지 크래프트 종이 파일 폴더 10개, 두꺼운 A5 파일 봉투, 프로젝트 사진 포켓, 재사용 가능한 문서 지갑 가방, 스트링 타이 클로저 포함, 사무실 가정용",ITODA,22146,22146,,,"【사이즈】: 크래프트 종이 파일 폴더의 크기는 23 x 16cm(9.05 x 6.29인치)입니다. A5 크기의 종이, 문서, 파일, 계약서, 이력서 등에 적합합니다. 【소재】: 크래프트 종이 파일 폴더는 두꺼운 특수 종이로 제작되었습니다. 소재는 매우 강하고 내구성이 뛰어나며 쉽게 깨지지 않습니다. 재사용이 가능합니다. 【바인딩 디자인】: 크래프트 종이 파일 폴더의 밀봉 방법은 바인딩 방법을 채택합니다. 매우 쉽고 편리합니다. 동시에, 크래프트 종이 파일 폴더는 문서와 자료를 효과적으로 깨끗하게 유지할 수 있습니다. 【용도】: 크래프트 종이 파일 폴더는 공부, 사무실, 회사 및 기타 행사에 매우 적합합니다. 또한 문서, 사진, 아카이브, 엽서, 이력서, 인사말 카드 및 편지를 보관하기에 적합한 선택입니다. 【패키지 구성】: 10개의 크래프트 종이 파일 폴더가 포함되어 있습니다. 저희 제품은 4가지 색상으로 제공됩니다. 그레이, 블루, 블랙, 크래프트. 가장 좋아하는 색상을 선택할 수 있습니다.","기본 정보:/1. 색상: 그레이, 블루, 블랙, 크래프트. 2. 소재: 두꺼운 특수 용지 3. 사이즈: 23 x 6.2 인치(9.05 x 6.22 인치) 특징:/1. 종이 봉투는 로프 와인딩 버클이 있는 닫힌 디자인을 채택하여 사용하기 매우 편리합니다. 2. 종이 봉투는 문서, 파일, 사진, 인사말 카드, 엽서 및 기타 물건을 보관하기에 적합합니다. 배치된 품목의 크기는 A5 용지 크기를 초과해서는 안 됩니다. 3. 종이 봉투의 색상 디자인은 질감과 의식적인 감각으로 매우 복고풍입니다. 하나는 4가지 색상으로 제공됩니다. 4. 패키지 포함 내역: 종이 봉투 10개. 참고:/1. 수동 측정으로 인해 1-2cm의 오차가 있을 수 있습니다. 2. 상품을 수령한 후 질문이 있으시면 이메일로 문의하십시오.","['종이', '파일', '크래프트', '폴더', '봉투', '문서', '두껍다', '디자인', '사진']"
사무용품,파일링 제품,봉투 파일,,B0CZR3X25W,"VANRA 수직 파일 폴더 폴리 파일 봉투 플라스틱 프로젝트 폴더 스냅 버튼 클로저 A4 레터 사이즈 용지용 (5팩, 네이비 블루)",VANRA,16592,16592,4.5,23.0,"고강도 폴리에스터 및 폴리프로필렌(PP)으로 만든 플라스틱 파일 폴더를 일반 종이 봉투와 구별하면 폴리 파일 봉투가 더 나은 보호 기능을 제공합니다. 방수 및 찢어짐 방지. 적절한 용량의 수직 파일 봉투는 약 60장의 종이를 담을 수 있어 일상적인 사무실 및 공부 요구 사항에 적합합니다. 스냅 버튼 잠금 디자인으로 파일을 정리하고 안전하게 보관할 수 있습니다. 납작하게 확장되지 않는 튼튼한 종이 스톡은 보관 공간을 줄여줍니다. 매끄러운 커버가 있는 얇고 슬림한 종이 보관 정리함은 파일 폴더 홀더 오거나이저에 쉽게 삽입하여 절약할 수 있습니다. 비즈니스 계약서, 프레젠테이션, 초대장, 티켓, 영수증, 학생 작업 및 기타 중요한 서류를 수집하기 위한 재사용 가능한 문서 폴더. 이 주름 방지 파일 봉투는 문서를 멋지게 유지합니다. 대량 수량 5개 팩. 프로젝트 봉투 폴더는 약 높이 22.9cm(9인치) x 길이 30.8cm(12.6인치)이며 A4 및 레터 사이즈 용지를 수용할","VANRA 튼튼한 플라스틱은 방수 및 찢어짐 방지 기능이 있어 폴리 파일 폴더는 더 나은 보호 기능을 제공합니다. 수직 파일 봉투는 적절한 용량의 사무실과 학교에서 사용할 수 있습니다. 스냅 버튼 클로저로 모든 파일, 계약서 및 영수증이 멋지게 유지됩니다. 높이 22.9cm(9인치) x 길이 31.8cm(12.6인치) 크기의 플라스틱 슬림 문서 봉투는 A4와 레터 사이즈 용지를 모두 수용할 수 있습니다.","['파일', '봉투', '폴더', '플라스틱', '종이', '방지', '버튼', '폴리', '문서', '스냅']"
사무용품,파일링 제품,봉투 파일,,B09DCV5TN4,크래프트 스트링 봉투 파일 폴더 A4 레터 사이즈 크래프트 종이 봉투 파일 백 버튼 스트링 클로저 문서 파일 오거나이저 가방 문서 지폐 보관 정리함 가방 확장 가능한 거싯 포함 10개,,27672,27672,5.0,2.0,"사이즈: 크래프트 스트링 봉투 파일 폴더의 크기는 34x24x3.5cm/13.3x9.4x1.3인치(수직)입니다. 모든 종류의 A4 용지, 파일 및 이력서 및 계약서에 적합합니다 크래프트 종이 소재: 이 파일 봉투는 고품질 크래프트 종이 소재로 만들어졌으며 봉투를 더 강하고 내구성이 뛰어나며 튼튼합니다. 종이는 쉽게 찢어지지 않으며 여러 번 재사용할 수 있습니다 대용량 거싯: 이 크래프트 파일 봉투는 양쪽에 확장 가능한 거싯이 있어 용량을 늘리고 다양한 종류의 물건을 쉽게 정리할 수 있습니다. 파일 폴더 봉투는 200장 이상의 종이를 담을 수 있을 만큼 큽니다 상단 버튼 스트링 클로저: 이 파일 폴더 봉투는 버튼 스트링 타이 클로저로 내부 문서 용지가 떨어지는 것을 효과적으로 방지하고 용지를 깨끗하고 쉽고 편리하게 보관하고 보관이 쉽습니다 다양한 용도: 이 확장 가능한 파일 폴더는 가정, 사무실, 학교 일상 파일 정리용, 계약 보관, 학교 여행 파일, 문서, 숙제 정리 및 서류 또는 작업 계획 정리와 같은 용도로 적합합니다","크래프트 스트링 봉투 파일 폴더 A4 레터 사이즈 크래프트 종이 봉투 파일 백 10개 버튼 스트링 클로저 문서 파일 오거나이저 백 문서 지폐 보관 정리함 가방 케이스 확장 가능한 거싯 포함./투명 폴리 봉투는 필수 사무용품으로, 매우 중요한 역할을 했습니다. 문서 분류 및 분류. 이 파일 폴더 봉투는 정리하고 보관하는 데 사용됩니다. 일상 생활이나 직장에서 중요한 문서. 문서를 더 정돈된 상태로 만들 수 있습니다. 표준화되어 다음 번에 사용해야 할 때 빠르고 쉽게 찾을 수 있습니다. 도움이 됩니다. 시간을 절약하고 작업 효율성을 향상시킵니다. 이 파일 봉투는 고품질 크래프트 종이로 만들어졌습니다. 소재로 봉투를 더 강하고 내구성이 뛰어나며 튼튼합니다. 종이가 아닙니다. 찢어지기 쉽고 여러 번 재사용 할 수 있습니다. 이 파일 폴더 봉투는 버튼 스트링 타이입니다. 내부 문서 용지가 떨어지는 것을 효과적으로 방지하고 종이를 깨끗하고 쉽고 편리하게 휴대할 수 있으며 보관이 쉽습니다. 확장 가능한 파일 폴더. 가정, 사무실, 학교 일상 파일 정리용, 계약 보관, 학교 여행 파일 등 문서, 숙제 정리 및 서류 또는 작업 계획 정리./기본 정보: --치수: 34x24x3.5cm/13.3x9.4x1.3인치(세로). --소재: 크라프트지. --색상: 브라운, 화이트. --제품 무게: 560GR. --특징: 내구성, 다기능, 내마모성, 재사용 가능, 대용량. --용도: 사무실, 교실, 학교, 출장 등. --패키지: 10 x Kraft 스트링 봉투 파일 폴더. 공지 사항 --조명 효과 및 기타 요인으로 인해 실제 색상은 사진에 표시된 것과 약간 다를 수 있습니다. --수동 측정으로 인해 1-3cm 오차가 있을 수 있습니다. 이해해 주셔서 감사합니다.","['파일', '봉투', '문서', '정리', '폴더', '크래프트', '스트링', '종이', '보관', '가능하다']"
사무용품,파일링 제품,봉투 파일,,B07Q7SRPWP,5팩 24.4 x 33cm(9 3/4 x 13인치) 투명 플라스틱 지퍼 봉투 레터 파일 문서 종이 폴더 케이스 다양한 색상,Qaxlry,13836,13836,4.4,234.0,"치수: 25 x 33 x 3cm(9.84 x 13 x 1.18인치), 이 사이즈는 21.6 x 27.9cm(8-1/2 x 11인치) 용지를 보관하기에 적합합니다. 쉬운 슬라이드 지퍼로 파일 용지를 안전하게 보관할 수 있으며 5가지 색상의 지퍼로 더 잘 구분할 수 있습니다 폴더는 프리미엄 플라스틱으로 만들어졌으며 찢어짐 방지, 내구성 및 방수 기능이 특징입니다. 반투명 보관 품질의 폴더 케이스는 가시성과 문서 보호 기능을 제공합니다. 거싯은 3cm(1.2인치) 확장되어 최대 300장의 추가 용량을 제공합니다. 사무실 문서, 매뉴얼, 워크시트, 영수증, 서류, 중요한 파일 등에 적합합니다.","지퍼 클로저가 있는 다양한 색상의 반투명 폴리 폴더 봉투 지퍼가 달린 제품은 정리가 쉽고 빠르게 정리하며 정보에 더 쉽게 접근할 수 있습니다. 투명하고 튼튼한 플라스틱 봉투는 내용물을 쉽게 꺼낼 수 있으며 최대 3cm(1.2인치)까지 확장되어 많은 양의 문서 용지를 최대 300장까지 담을 수 있습니다. 오래 사용할 수 있도록 제작된 견고하고 매끄러운 촉감의 지퍼 파우치는 최상의 성능을 발휘할 준비가 되어 있습니다. 가정, 사무실, 여행 또는 학교를 위한 훌륭한 보관 솔루션입니다. 사양: 소재: PP 수량: 5팩 사이즈: 25 x 33 x 3cm(9.84 x 13 x 1.18인치) 다양한 색상의 지퍼: 화이트/블루/옐로우/블루/레드 컬러: 반투명 용량: 3cm(1.2인치) 확장, 최대 300장. 오프닝: 상단 로딩. 🔸방수/찢어짐 방지/선명한 시야. 질문이 있으시면 저희에게 연락해 주십시오. 최선을 다해 서비스를 제공하겠습니다.","['지퍼', '폴더', '문서', '보관', '봉투', '플라스틱', '확장', '파일', '용지', '반투명']"
사무용품,파일링 제품,봉투 파일,,B07MWBDWPV,"폴리 봉투, 버튼 클로저가 있는 투명 플라스틱 봉투 폴더, 문서 봉투 20개, 미국 레터 / A4 사이즈 - Gtlzlz",GTLZLZ,18960,18960,4.6,315.0,"패키지 구성: 투명 플라스틱 방수 투명 폴더 20개, 두께: 실제 18c. A4 사이즈 (32.5cm x 23.6cm(12.75x9. 기능적인 전문 폴더. 보관 품질의 봉투는 장기간 보관에 적합합니다. 반투명 파일 백으로 문서를 볼 수 있으며 한 눈에 쉽게 찾을 수 있습니다. 버튼 잠금 디자인: 퀵 버튼 디자인으로 파일을 쉽게 열 수 있습니다. 버튼은 플라스틱으로 만들어졌으며 재사용이 가능하며 쉽게 깨지지 않습니다. 학교, 사무실 및 가정에서 사용할 수 있습니다. 인생을 순서대로 정리하고 싶다면 좋은 선택입니다.",,"['봉투', '버튼', '플라스틱', '폴더', '투명', '디자인', '보관', '문서', '파일', '사무실']"
사무용품,파일링 제품,봉투 파일,,B07Q4DCN4P,"VANRA Kraft 종이 파일 폴더 A4 봉투 프로젝트 포켓 문서 지갑 백 스트링 및 버튼 클로저 확장 없음, 비즈니스 스쿨 사무실 A4/C4용 파일 오거나이저 (크래프트 브라운 5팩)",VANRA,16592,16592,4.2,235.0,"A4 파일 폴더 오거나이저는 중요한 문서를 매일 파일링하고 보관하는 데 적합합니다. A4 용지 크기와 레터 사이즈 모두에 맞습니다. 스트링 타이 클로저 봉투 5팩은 양식, 기록 및 기타 중요한 문서를 관리하는 데 도움이 됩니다. 잘 정리된 집, 우편실 또는 사무실에 유용한 추가 아이템입니다. 레터 사이즈 비즈니스 봉투는 직장을 정리하고 깔끔하게 유지합니다. 내구성이 뛰어난 크래프트 파일링 봉투는 환경 친화적이고 무독성인 고강도 크래프트로 제작되었습니다. 간단한 스트링 타이 클로저로 문서를 안전하게 보관할 수 있습니다. 효과적인 분류를 위해 강화된 스트레이트 컷 싱글 탭. 측면 로딩 프로젝트 문서 홀더는 슬림한 프로필을 제공하여 모든 조정 파일링 시스템에 부드럽게 미끄러집니다. 파일은 파일 캐비닛에 잘 맞아 장기간 보관할 수 있습니다. 충전 보관함은 가정, 사무실, 학교, 비즈니스에서 사용하기에 적합합니다. 대략적인 치수: 길이 30.8cm x 높이 23.3cm 패키지 구성: 스트링 봉투 포켓 5개.","VANRA 프리미엄 품질의 크래프트 봉투 파일 폴더 파일 보관 정리함: VANRA 책상 스트링 파일 홀더 오거나이저는 문서, 파일, 청구서, 계약서, 우편, 카탈로그, 스크랩북, 페인팅 작업, 영수증, 매뉴얼, 편지, 종이, 바우처, 카드를 정리할 수 있는 좋은 도구입니다. 물건을 정리하면서 동시에 멋지게 유지하세요. 내구성이 뛰어나고 강화된 크래프트 소재로 종이와 문서가 미끄러지지 않습니다. 또한 안전하고 오래 지속되는 강도를 제공합니다. ✦사양: CoQ소재: 크라프트지 CoQ치수: 약. 길이 30.8cm(12.2인치) x 높이 23.","['파일', '문서', '봉투', '정리', '스트링', '크래프트', '클로저', '보관', '종이', '폴더']"
사무용품,파일링 제품,봉투 파일,,B09WKDML49,"14팩 리갈 사이즈 플라스틱 파일 폴더 폴리 봉투 B4 확장 문서 오거나이저 폴더, 스냅 버튼 클로저 포함, 학교 사무실용 (투명 및 블루) 인덱스 탭 30개 포함",GJIAUKIZ,41536,41536,5.0,4.0,"【패키지 구성】투명 투명 리갈 사이즈 폴더 7개, 블루 리갈 사이즈 폴더 7개, 3가지 색상의 접착 인덱스 탭 30개. 【법적 사이즈】스냅 버튼 클로저가 있는 문서 폴더(사이즈 36.9cm x 27.9cm(14.4인치 x 11인치))는 미국 법정 사이즈 용지, 심지어 레터 사이즈 용지에 적합하며 문서를 긁힘으로부터 보호합니다. 【빠른 분류 및 라벨 카드 슬롯】색인 탭으로 파일을 분류하면서 문서를 더 빠르게 구별하고 라벨 카드로 폴더를 쉽게 찾을 수 있습니다. 【고품질 소재】고품질 플라스틱으로 제작되어 안전하고 환경적이며 찢어짐 방지, 방수 기능이 있어 중요한 문서를 효과적으로 보호합니다. 확장 가능, 최대 7.1cm(2.8인치), 800페이지의 대용량을 담을 수 있습니다. 【다양한 사용】영수증 바인더, 교육, 숙제, 보고서, 프레젠테이션, 바인더 칸막이, 피아노 점수, 보관 페이지, 잡지, 포스터 및 아트 보관, 문서 분류에 적합합니다. 14인치 노트북 또는 아이패드에도 적합합니다.",,"['폴더', '문서', '분류', '탭', '투명', '클로저', '바인더', '빠르다', '블루', '보호']"
사무용품,파일링 제품,봉투 파일,,B0D3Q7G42Q,"Zhehao 스냅 버튼 클로저가 있는 투명 봉투 100개 A4 레터 사이즈 플라스틱 봉투 폴더 폴리 문서 봉투 버튼 클로저 파일 폴더 학교 사무실용 (투명, 포켓 스타일)",Zhehao,48461,48461,4.8,77.0,"100팩 봉투: 버튼 클로저가 있는 100개의 투명 봉투 폴더를 받게 되며, 일상적인 요구 사항을 충족하도록 파일을 정리할 수 있는 충분한 수량, 친구 및 동료와 공유하고 파일을 정리하고 데스크톱을 깨끗하게 작업할 수 있습니다 제품 크기: 각 투명 플라스틱 봉투는 약 32.5 x 23.5cm(12.75 x 9.25인치)이며 A4 사이즈 용지에 적합하며 문서를 쉽게 넣고 꺼낼 수 있습니다. 중요한 문서는 구부러지거나 구겨지지 않으며 너무 많은 공간을 차지하지 않고 가방에 휴대할 수 있습니다 버튼 잠금 디자인: 스냅 버튼으로 설계된 A4 사이즈 봉투 폴더는 파일을 쉽게 열고 보관할 수 있으며 파일이 쉽게 미끄러지지 않고 쉽게 잃어버리지 않습니다. 폴리 봉투는 투명하여 내용물을 볼 수 있어 봉투를 열지 않고도 파일을 쉽게 찾을 수 있습니다 고품질 소재 및 방수: 이 투명 문서 봉투는 고품질 PP 소재로 만들어져 견고하고 신뢰할 수 있으며 냄새가 없고 방수 기능이 있으며 쉽게 찢어지거나 부서지지 않으며 물건을 정리하여 즐거운 사용 경험을 제공합니다 다양한 용도: 스냅 클로저가 있는 폴리 봉투는 파일, 문서, 지폐, 신용 카드, 스티커, 카드, 티켓, 메모 또는 공예품을 보관하는 데 사용할 수 있으며 학교, 사무실, 출장, 집, 직장, 회의 등에 적합합니다",,"['봉투', '파일', '투명', '문서', '버튼', '폴더', '클로저', '스냅', '폴리', '정리']"
사무용품,파일링 제품,봉투 파일,,B0C6ZSC5W2,"10팩 플라스틱 문서 폴더 A4 사이즈 확장 가능한 폴리 봉투 방수 투명 파일 파우치, 스냅 클로저 및 라벨 포켓 포함, 학교 사무실 정리용 다양한 색상 (수직, 10팩)",Nimrobry,24916,24916,4.8,7.0,"☛ 제품 --- 파일 폴더 10개. 파일 폴더 색상: 레드, 퍼플, 오렌지, 블루, 그린, 옐로우, 핑크, 카키, 화이트 2개. 각 플라스틱 폴더에는 약 600장의 종이를 담을 수 있습니다. 충분한 수량과 색상으로 일상적인 사용에 완전히 부합하며 다양한 문서를 쉽게 구별할 수 있습니다.","10팩 플라스틱 문서 폴더 A4 사이즈 확장 가능한 폴리 봉투 방수 투명 파일 파우치, 스냅 클로저 및 라벨 포켓 포함, 학교 사무실 정리용 다양한 색상","['폴더', '파일', '문서', '플라스틱', '확장', '클로저', '라벨', '방수', '봉투', '사무실']"
사무용품,파일링 제품,봉투 파일,,B0CX94VH9N,"25팩 투명 플라스틱 봉투 파일 폴더, A4 레터 사이즈, 투명 문서 폴더, 라벨 포켓이 있는 폴리 봉투, 학교 가정 직장 사무실 정리용 후크 및 루프 클로저",,23531,23531,4.5,4.0,"25팩 봉투 폴더: A4 레터 사이즈(32.5 x 23.5 cm), 이 문서 폴더는 더 많은 용지 용지를 담을 수 있는 대용량을 가지고 있습니다. 두께 업그레이드: 당사의 플라스틱 봉투 폴더는 프리미엄 PP 소재로 만들어져 방수, 견고하고 내구성이 뛰어나며 종이를 손상으로부터 잘 보호합니다. 투명 폴리 봉투 폴더: 투명 파일 폴더, 봉투를 열지 않고도 문서를 쉽게 정리하거나 찾을 수 있습니다. 후크 앤 루프 클로저 및 라벨 포켓 디자인: 후크 앤 루프 클로저가 있는 고품질 투명 문서 가방, 가벼운 물건을 쉽고 편리하게 휴대하고 보관할 수 있으며 여러 번 반복해도 오래 사용할 수 있습니다. 플라스틱 봉투에는 라벨을 위한 포켓이 있어 문서를 쉽게 구별할 수 있습니다. 간편한 보관 - 미국 편지 / A4 사이즈 용지, 지폐, 문서, 문구 및 기타 작은 물건을 보관하기에 적합합니다. 폴리 봉투 폴더는 학교, 집, 직장, 사무실, 여행 및 출장에서 사용할 수 있습니다.",,"['폴더', '봉투', '문서', '투명', '라벨', '플라스틱', '루프', '폴리', '포켓', '용지']"
사무용품,파일링 제품,봉투 파일,,B092M52ML9,"Toplive 파일 폴더, 12팩 플라스틱 봉투 투명 A4 레터 사이즈 방수 폴리 봉투 폴더, 스냅 클로저 포함, 사무실 학교 용품용",Toplive,14528,14528,4.7,68.0,"【치수】포장 목록에는 12팩의 투명 파일 폴더가 포함되어 있습니다. 크기는 34cm x 24cm(13.4인치 x 9.5인치)입니다. 【소재】0.18mm의 두꺼운 플라스틱 소재로 만든 플라스틱 봉투. 스냅 클로저로 디자인되었습니다. 【방수】Toplive 플라스틱 폴더는 방수, 내마모성, 내구성이 뛰어납니다. 【대용량】폴더에는 100장 이상의 용지를 담을 수 있으며 펜과 닫기가 쉽습니다. 【용도】문서 폴더는 학교, 사무실, 가정, 출장 등에 적합하며 물건을 정리하기 편리합니다.",,"['폴더', '플라스틱', '봉투', '방수', '사무실', '스냅', '클로저', '학교', '파일', '투명']"
사무용품,파일링 제품,봉투 파일,,B07K574Q6X,48개 폴리 봉투 투명 파일 봉투 A4 문서 폴더 스냅 버튼 플라스틱 봉투 방수 파일 폴더 학교 가정 사무실용,Acrux7,29071,29071,4.5,140.0,"프리미엄 품질 - 플라스틱 봉투는 내구성이 뛰어난 폴리프로필렌으로 만들어져 방수, 마모 방지 및 부식 방지 기능이 있습니다. 쉽게 갈라지지 않으며, 단단한 모서리, 파일 및 중요한 물건을 잘 보호할 수 있습니다. 완벽한 사이즈- A4 사이즈보다 23.4 x 32.5 cm/9.2 x 12.8 인치/200장 이상 A4 용지를 보관할 수 있습니다. 가방에 넣을 수 있으며 가볍고 개인 물품을 잘 정리할 수 있습니다. 스냅 버튼 - 정교한 버튼 디자인으로 열고 닫을 수 있으며 문서가 쉽게 빠지거나 잃어버리지 않습니다. 스냅 버튼 잠금과 함께 제공되는 하나의 폴더에 많은 중요한 물건을 안전하게 운반하는 데 이상적입니다. 투명 디자인 - 폴리 봉투의 투명한 플라스틱 표면은 방수 처리되어 파일이 젖지 않도록 보호하고 내용물을 눈에 띄게 유지하고 봉투를 열지 않고도 쉽게 문서를 찾을 수 있습니다. 시간을 절약하고 효율성을 향상시킵니다. 광범위한 적용 - A4 문서 폴더, 무독성, 중성, 찢어짐 방지 및 방수 기능이 있어 장기간 파일 보관을 위한 이상적인 선택입니다. 훌륭한 폴리 봉투 폴더는 가정, 사무실, 학교에서 종이, 메모, 펜, 안경, 파일, 사진, 편지 및 양식을 정리할 수 있도록 도와줍니다.","♚Acrux7 48피스 폴리 봉투 폴더는 느슨한 서류를 함께 보관하기에 적합합니다. 어수선함을 분류하고 개인 물품을 정리하는 최고의 도우미! ☛무엇을 망설이시나요? 내구성이 뛰어난 플라스틱 폴더를 찾으신다면 장바구니에 추가 버튼을 클릭하세요. 사양: 소재: 폴리프로필렌. 수량: 48개 색상: 투명 크기: 12.8*9.25인치/32.5*9.25인치 특징 1. 고품질 플라스틱으로 제작, 습기 방지, 찢어짐 방지, 내마모성, 파일 보호, 내구성 있는 포켓은 장기간 보관에 좋습니다. 2. 오픈 디자인: 측면에 반원형 구멍이 있어 엄지 손가락으로 쉽게 상단과 측면에서 폴더를 열 수 있습니다. 3. 초대형 용량: 폴더당 최대 200매의 A4 용지를 보관할 수 있습니다. 4. 투명한 시야: 외부에 무엇이 있는지 기억하기 위해 라벨이 필요하지 않습니다. 투명 플라스틱으로 상단 페이지를 보고 식별할 수 있습니다. 5. 버튼 잠금 디자인: 스냅 버튼 디자인으로 파일을 쉽게 저장할 수 있으며 적은 노력으로 열 수 있습니다. 버튼은 플라스틱 소재로 만들어져 반복적으로 사용할 수 있으며 쉽게 손상되지 않습니다. 6. 문서 지갑은 문서와 느슨한 서류를 함께 보관하기에 완벽할 뿐만 아니라 파일 또는 섹션 위치에 도움이 되도록 문서 및 그룹을 함께 정리하는 데 적합합니다. 7. 재사용 가능한 플라스틱 봉투에 중요한 문서를 보관할 수 있으며 비용을 절약하고 친환경적입니다. 8. 봉투 폴더는 학교 과목, 펜, 종이, 안경, 문구류, 사무실 문서 파일, 여행용 A4 파일 및 명함과 같은 일상 사용에 적합합니다. 패키지 구성: 플라스틱 지갑 폴더 48개","['폴더', '파일', '봉투', '플라스틱', '문서', '버튼', '디자인', '방지', '투명', '구성']"
사무용품,파일링 제품,봉투 파일,,B0B4JM7HZF,"FYY 플라스틱 봉투 5개, A4 레터 사이즈 폴리 지퍼 봉투 파일 폴더, 학교 및 사무용품용 지퍼가 달린 반투명 확장 문서 지갑 파우치, 32.8 x 24.4cm(12.8 x 9.4인치), 투명",FYY,17991,13836,4.2,32.0,"패키지 구성: FYY 5 확장 플라스틱 봉투. A4 봉투 크기: 12.8 x 9.4"" 소재: 고품질 PP 소재로 만든 A4 지퍼 플라스틱 봉투, 반투명 디자인, 튼튼한 찢어짐 방지 및 방수 기능으로 내부의 내용물을 쉽게 찾을 수 있습니다 확장 가능한 디자인: A4 방수 지퍼 파우치는 하단에 3cm(1.2인치) 연장 모서리를 추가했습니다. 업그레이드된 오버사이즈 및 용량, 책에 사용할 수 있습니다. 지퍼 폴더는 테이블 위에 세울 수 있으며 공간을 절약하고 한 번에 많은 물건을 정리할 수 있습니다 다양한 용도: 지퍼 클로저는 열고 닫을 때 편리하며, 물건을 안전하게 보관하고 잘 정리할 수 있습니다. A4 봉투는 쿠폰, 영수증, 현금, 송장, 청구서, 이름표, 중요한 서류, 문구 등을 보관하기에 적합합니다. 종이 문서를 보관할 뿐만 아니라 전자 제품, 작은 옷, 문구류, 여행 용품, 화장품 등을 보관할 수 있습니다. 사무실, 학교, 여행 및 기타 행사에서 사용할 수 있습니다 훌륭한 선물: 투명 지퍼 플라스틱 봉투 파일 문서는 모든 요구 사항을 충족하기에 충분한 양의 조합으로 자신, 선생님, 학생, 가족, 어린이 및 친구에게 적합한 선물입니다. 이 플라스틱 문서 가방에 문제가 있으시면 언제든지 저희에게 연락하십시오",,"['봉투', '지퍼', '플라스틱', '문서', '확장', '파일', '보관', '방수', '반투명', '물건']"
사무용품,파일링 제품,봉투 파일,,B06XY7HFLS,A4 Kraft 스트링 봉투 파일 폴더 오거나이저 프로젝트용 | 계약 | 지폐 | 회의 문서 포켓 사무용품 (가로 버전 A4) 10개,Funny live,26162,26162,3.7,24.0,"소재: 크래프트 종이. 제품 이름: A4 파일 백. 적합 대상: A4 종이. 사이즈: 330 x 230 mm / 13.0"" x 9.1"" (L*W). 학습, 사무실 및 기타 선물을 위해 모든 종류의 문서, 데이터 및 기타 학교 및 사무용품을 보관하십시오. 패키지 구성: 파일 폴더 10개.",사이즈: A5 사이즈 Case Star 서류 가방은 A5 용지에 적합합니다. 이 봉투를 사용하여 사무실 업무를 완벽한 순서로 만드세요. 매일 사용하기에 매우 쉽고 편리합니다.,"['파일', '문서', '종이', '사무실', '폴더', '사무', '봉투', '서류', '보관', '버전']"
사무용품,파일링 제품,봉투 파일,,B07Q3TBSFF,"EOOUT 폴리 지퍼 봉투 24개, 플라스틱 봉투, 재사용 가능한 봉투, 22.9 x 11.9cm(9 x 4.7인치), A6 사이즈, 10가지 색상, 사무용품용",EOOUT,13836,9681,4.4,3099.0,"패키지 구성: A6 사이즈 폴리 지퍼 봉투 24개. 10가지 색상, 레드 2개, 옐로우 2개, 블루 2개, 그린 2개, 화이트 2개, 블랙 2개, 오렌지 3개, 로즈 레드 3개, 퍼플 3개, 스카이 블루 3개. 제품 품질: 이 재사용 가능한 봉투는 고품질 PVC 소재로 만들어졌으며 표면은 매끄럽고 투명하며 내용물을 직접 확인하고 정보를 빠르게 볼 수 있습니다. 지퍼 헤드는 플라스틱으로 만들어져 폴더는 탁월한 밀봉 성능, 완전 방수 및 습기 방지, 내마모성 및 내구성이 뛰어나며 언제 어디서나 좋은 사용 경험을 제공합니다. 제품 사이즈: 각 플라스틱 지퍼 봉투는 길이 9.4인치/24cm, 너비 4.7인치/12cm이며 A6 사이즈 문서를 수용할 수 있습니다. 풍부한 색상: 분류 요구 사항을 충족합니다. 파일은 색상별로 분류할 수 있으며 PVC 표면은 습기를 효과적으로 차단하고 파일을 손상으로부터 보호합니다. 강력한 보관 기능: 연필 파우치, 지폐, 문서, 카드, 쿠폰 등을 보관하는 데 사용할 수 있으며 여행 정보, 여권, 티켓 등과 같은 여행 문서를 보관할 수도 있습니다. 학교, 사무실, 회사 및 기타 많은 행사에 적합합니다.",,"['봉투', '지퍼', '문서', '플라스틱', '여행', '파일', '구성', '레드', '보관', '분류']"
사무용품,파일링 제품,봉투 파일,,B0CMCZKYGK,레터 사이즈 플라스틱 봉투 스트링 클로저 직원 파일 폴더 재사용 가능한 폴리 포켓 측면 로드 플라스틱 문서 봉투 플라스틱 종이 정리함 사무실 학교 가정용 (투명),Jetec,20761,18683,4.5,2.0,"패키지 구성: 각 패키지에는 스트링 타이 클로저와 3.2cm(1-1/6인치) 거싯이 있는 직원 파일 폴더 12개가 제공되며, 가정, 학교 또는 사무실 작업에서 일상적인 사용을 충족할 수 있을 만큼 충분합니다 편리한 스트링 타이 클로저: 플라스틱 문서 봉투는 안전한 밀봉을 유지하면서 쉽게 접근할 수 있는 스트링 타이 클로저가 특징입니다. 이 디자인은 마모 없이 봉투를 반복적으로 열고 닫을 수 있음을 의미합니다. 사무실 문서를 보관하고 공식 행사에 사용하기에 적합합니다 견고한 소재: 플라스틱 종이 정리함은 폴리에틸렌으로 만들어져 내구성이 뛰어나고 견고한 보관을 제공합니다. 이 소재는 봉투의 수명을 보장하여 중요한 문서와 사진을 오랫동안 보관할 수 있습니다 사용자 친화적인 시각적 디자인: 투명한 색상으로 제공되며, 스트링 클로저가 있는 폴리 봉투로 내용물을 쉽게 볼 수 있어 봉투를 열고 확인할 필요 없이 내부에 보관된 물건을 빠르게 식별할 수 있습니다 정리 도구 및 다양한 용도: 플라스틱 문서 홀더는 문서를 정리하고 휴대할 수 있으며 손이 닿는 곳에 보관할 수 있는 좋은 도구입니다. 가방이나 서류 가방에 편리하게 휴대할 수 있으며 학생, 교사, 사무실 직원 또는 다양한 종이를 분류하고 휴대해야 하는 사람들에게 이상적입니다. 이 봉투는 다양한 용도로 사용할 수 있습니다","특징: 넉넉한 사이즈: 약 30 x 25cm(11.81 x 9.84인치) 크기의 스트링 클로저가 있는 플라스틱 봉투는 다양한 레터 크기의 문서와 종이를 보관할 수 있는 충분한 공간을 제공합니다. 지폐, 중요한 파일 또는 어린이 미술 프로젝트를 보관해야 할 때 당사의 봉투는 안전하게 보관할 수 있는 충분한 용량을 제공합니다. 사려 깊은 선물: 프레젠테이션 봉투는 학생, 사무실 근로자 또는 문서를 위한 효과적인 관리 솔루션이 필요한 사람들에게 사려 깊은 선물입니다. 기능적이면서도 사려 깊은 방법으로 보살핌을 보여줍니다. 사양: 소재: 폴리에틸렌 색상: 투명. 사이즈: 약 11.81 x 9.84 인치/ 30 x 25 cm 패키지 구성: 직원 파일 폴더 12개. 참고: 수동 측정, 사이즈에 약간의 오차가 있을 수 있습니다. 화면 디스플레이의 차이로 인해 색상이 약간 다를 수 있습니다.","['봉투', '문서', '플라스틱', '클로저', '스트링', '사무실', '직원', '종이', '정리', '파일']"
사무용품,파일링 제품,봉투 파일,,B0CYSLW3DP,"FYY 플라스틱 봉투 10개 - 투명 폴리 봉투 파일 폴더 가방, 반투명 A6 사이즈 지폐 소책자 지갑, 사무용품용 버튼 클로저가 있는 24.9 x 14cm(9.96 x 5.12인치), 다양한 색상",FYY,13836,13836,4.5,2.0,"[고품질 소재] 당사의 A6 플라스틱 봉투는 우수한 품질의 PP 소재로 만들어져 방수, 찢어짐 방지 및 내구성이 뛰어나며 오랫동안 사용할 수 있으며 쉽게 깨지지 않습니다 [제품 사이즈] 25.3 x 13cm(10 x 5.1인치) 크기의 투명 플라스틱 봉투는 A6장, 문구류, 영수증, 쿠폰, 송장, 현금, 여권, 수표, 지폐 및 기타 작은 물건을 보관하기에 적합합니다 [버튼 잠금 디자인] 폴리 지퍼 봉투는 버튼 클로저로 제작되어 열고 닫을 때 편리하며 물건을 안전하게 정리할 수 있습니다 [다양한 용도] 이 티켓 파우치 세트는 일상 생활에 매우 유용합니다. 사무실 근로자 및 기타 전문가에게 적합합니다. 휴대해야 하는 다양한 종류의 물건을 보관하는 데 사용할 수 있습니다. 사무실, 여행 및 가정 정리함에 적합합니다 [패키지 구성] 패키지에는 반투명하고 내부에 무엇을 보관하는지 쉽게 볼 수 있는 플라스틱 봉투 10개가 포함되어 있습니다. 다양한 보관 요구 사항을 충족하고 문서를 정리하고 보호 기능을 제공합니다",,"['봉투', '플라스틱', '보관', '물건', '버튼', '정리', '지폐', '폴리', '패키지', '구성']"
사무용품,파일링 제품,봉투 파일,,B0CPM4LBPM,"스트링 타이 클로저가 있는 투명 플라스틱 봉투 12팩, A4 레터 사이즈, TFDLCG zm 폴리 재사용 가능한 파일 폴더 프로젝트, 3.2cm(1-1/4인치) 확장, 가정, 사무실 및 교실용 종이 문서 정리함",TFDLCG zm,20761,20761,4.8,40.0,"3.8cm(1-1/4인치) 확장이 있는 레터 사이즈: 12팩 투명 확장 가능한 봉투 파우치 3.8cm(1.5인치) 거싯 디자인은 일반 봉투의 4배 용량을 가지고 있습니다. 200개 이상의 A4 또는 표준 21.6cm x 27.9cm(8.5인치 x 11인치) 레터 사이즈 시트를 쉽게 담을 수 있습니다. 휴대가 쉽고 보관하기 쉬우며 이상적인 보관 도구가 될 것입니다. 보호 플랩과 스트링 타이 클로저: 투명 파일 폴더는 확장 가능하며 버튼과 스트링 인클로저로 모든 것을 그대로 유지합니다. 상단 오프닝 스트링 타이 클로저는 중요한 문서를 보관하고 정리하기에 안전합니다. 전문적인 품질: 고품질 PP 플라스틱으로 제작된 플라스틱 폴더는 찢어짐 및 방수 기능이 있으며 세척하기 쉽습니다. 무산성 및 PVC 프리 폴리 소재, 견고하고 내구성이 뛰어나며 안전하며 친환경적이며 무독성이며 냄새가 없습니다. 고주파로 재사용할 수 있습니다. 사무실 문서 보관 및 공식 행사에 매우 적합합니다. 선명하게 볼 수 있습니다: 투명한 수직 파일 폴더는 열거나 낚시를 하지 않고도 폴더에 포함된 내용을 즉시 볼 수 있습니다. 또한 사무실에서 더 빠르고 편리하게 학습할 수 있습니다. 더 이상 파일을 찾을 염려가 없습니다. 좋은 보관 도구: 상단 입구가 있는 대용량 파일 봉투는 일상적인 숙제, 프로젝트, 서류 작업, 세금 파일에 적합하며 학교, 사무실 및 기타 행사에 적합합니다.",,"['파일', '폴더', '보관', '스트링', '봉투', '사무실', '확장', '문서', '클로저', '타이']"
사무용품,파일링 제품,봉투 파일,,B088KB5NJ3,"Youngever 21팩 플라스틱 봉투 폴리 봉투, 투명 문서 폴더, 미국 레터 A4 사이즈 파일 봉투, 라벨 포켓 스냅 버튼, 학교 가정 직장 사무실 정리용, 7가지 다양한 색상",Youngever,17991,17991,4.6,209.0,"플라스틱 파일 봉투: 라벨 포켓, 스냅 버튼 및 여분의 빈 라벨이 있는 총 21팩 플라스틱 봉투, 7가지 다양한 색상. 각 색상마다 3개의 봉투. 업그레이드된 두께: 내구성 있는 PVC 소재 플라스틱 봉투 폴더. 습기와 먼지로부터 문서를 보호합니다. 사이즈: 33.7 x 23.5 cm. 미국 편지, A4 사이즈 용지 및 기타 작은 물품 보관에 적합합니다. 쉬운 찾기: 시스루 매끄러운 문서 폴더는 내용물을 눈에 띄게 유지하고 봉투를 열지 않고도 문서를 쉽게 찾을 수 있습니다 간편한 정리: 저희 플라스틱 파우치는 휴대해서 물건을 정리하고 깔끔하게 정리할 수 있도록 도와주며, 봉투 가방은 학교, 집, 직장, 사무실 여행 및 출장 시 사용할 수 있습니다. 미니 라벨 포켓과 다양한 색상으로 문서를 분류하고 식별할 수 있습니다.",,"['봉투', '플라스틱', '문서', '정리', '라벨', '폴더', '포켓', '직장', '스냅', '학교']"
사무용품,파일링 제품,봉투 파일,,B0C7Q3JFJW,24피스 플라스틱 봉투 A4 사이즈 폴리 봉투 파일 폴더 작업 문서 홀더 사무실 종이 플라스틱 파일 정리함 라벨 포켓 스냅 버튼 홈 파일 가방 학교용 (투명 레드),Lincia,27686,27686,5.0,4.0,"견고한 방수 소재: 고품질 PP 플라스틱으로 제작된 이 봉투 폴더는 방수 기능이 있으며 내구성과 수명을 위해 설계되었습니다. 파일 폴더의 두께는 찢어짐을 방지하기 위해 업그레이드되었으며 폴더가 쉽게 깨지지 않도록 강도를 높이기 위해 강화되었습니다. 색상은 색이 바래지 않아 소지품을 오래 보호합니다. 또한 이 폴더는 재사용이 가능하며 다양한 용도로 사용할 수 있습니다 패스너 및 라벨 백으로 디자인: 패스너를 사용하면 더 이상 로프를 반복적으로 고리를 감을 필요가 없으므로 폴리 폴더를 열고 닫을 때 더 쉽고 시간을 절약할 수 있습니다. 플라스틱 봉투에는 문서를 쉽게 구별할 수 있는 라벨 슬롯이 있으며, 다채로운 폴더는 내용물을 명확하게 볼 수 있어 열지 않고도 파일을 쉽게 찾을 수 있습니다 크기 및 색상: 당사의 플라스틱 봉투는 약 32.5 x 23.5cm(12.8 x 9.3인치) 크기로 문서를 보관할 수 있는 충분한 공간을 제공합니다. 각 세트에는 24개의 투명 플라스틱 폴더가 포함되어 있어 휴대가 간편하며 학교, 가정, 사무실 및 여행 또는 출장 중에 사용하기에 이상적입니다 미니멀리스트 디자인: 클래식 레드 색상의 플라스틱 파일 오거나이저는 세련미와 절제된 우아함을 발산하며, 미니멀한 디자인은 정교한 버튼 디자인으로 보완되어 문서를 안전하게 제자리에 고정시켜 보기 흉한 주름과 중요한 문서의 적시 손실을 방지합니다. 또한, 이 봉투에는 태그 슬롯이 장착되어 있어 쉽게 정리하고 문서를 빠르게 액세스할 수 있습니다 간편한 보관: 파일 폴더는 쉽게 휴대할 수 있도록 설계되어 소지품을 편리하게 정리할 수 있습니다. 라벨 백으로 파일을 쉽게 분류하고 식별할 수 있어 물건을 정리하고 정리할 수 있습니다. 또한 간단하고 컴팩트한 디자인으로 물건을 안전하고 안전하게 보관할 수 있습니다","특징: 간편한 휴대: 편리한 크기의 A4 문서 폴더는 휴대가 간편합니다. 내구성이 뛰어난 소재로 쉽게 깨지지 않으므로 중요한 문서를 보관할 수 있는 오래 지속되는 보관 솔루션입니다. 빛 노출과 물로부터 보호하는 추가적인 강도로 다양한 용도로 사용할 수 있는 필수품입니다. 반투명 파일 백: 투명한 빨간색으로 디자인되어 색상이 있더라도 내부의 내용을 볼 수 있어 아름답고 문서의 내용을 빠르게 구별할 수 있으며 쉽게 액세스할 수 있습니다. 문서 폴더에는 문서를 쉽게 구별할 수 있도록 라벨을 넣을 수 있는 포켓이 있습니다. 투명 봉투를 사용하면 각 봉투를 열지 않고도 파일을 쉽게 구별하고 필요한 파일을 빠르게 식별할 수 있습니다. 사양: 소재: PP 플라스틱 색상: 투명 레드 사이즈: 약 12.8 x 9.3 인치/32.5 x 23.5 cm. 수량: 24 개 패키지 구성: 플라스틱 봉투 24개. 참고: 폴더의 모서리가 뾰족하므로 사용할 때 손가락이 잘리지 않도록 주의하십시오. 수동 측정, 사이즈에 약간의 오차가 있을 수 있습니다. 화면 디스플레이의 차이로 인해 색상이 약간 다를 수 있습니다.","['폴더', '문서', '파일', '봉투', '플라스틱', '디자인', '라벨', '정리', '구별', '투명']"
사무용품,파일링 제품,봉투 파일,,B09HR3ZXM5,"스퀘어 플랩 문서 홀더 그레이, 확장 파일 폴더, A4 레터 사이즈 재사용 가능한 충전 봉투, 스냅 클로저 지갑 파일 파우치, 핑크, 퍼플, 그린, 레드, 블루, 1개 - Enday",Enday,11066,11066,4.4,311.0,"✓ 설명 - 확장 가능한 파일 폴더를 사용하면 파일을 쉽게 정리하고 찾을 수 있습니다. 계약서, 판매 보고서, 프레젠테이션, 영수증, 수표, 청구서, 문서, 책, 바우처, 카드, 페인트 작업, 숙제 및 과제와 같은 중요한 서류를 보관하기에 좋은 장소입니다. 빠른 액세스를 위해 데스크톱에 둘 수 있습니다. ✓품질 - 이 재사용 가능한 플라스틱 현금 봉투는 고객을 보호하기 위해 고품질 무독성 및 안전한 폴리에스터 및 폴리프로필렌 플라스틱으로 제작되었습니다. 이 소재는 내구성이 뛰어나고 찢어지지 않으며 오래 지속됩니다. 방수 뚜껑과 안전한 스냅 클로저가 있는 파일 홀더는 내부 내용물을 안전하게 보관할 수 있습니다. ✓사양 - 중요한 문서 싱글 포켓 홀더는 33 x 23.9cm(13 x 9.4인치)이며 6.4cm(2.5인치)까지 확장할 수 있습니다. 깔끔한 직장, 학교 및/또는 가정 생활을 위한 방법입니다. 내구성이 뛰어난 확장 폴더는 0.5mm 두께이며 A4 레터 사이즈 시트, 책 및 13인치 노트북을 수용할 수 있습니다. ✓디자인 - 슬림한 바디로 제작되어 사무실 파일 폴더를 쉽게 옮길 수 있습니다. 플라스틱 봉투에는 클래식한 사각형 플랩이 있습니다. 심플하고 우아하고 컴팩트한 디자인으로 운반이 쉬워 코스튬이 중요한 문서를 항상 휴대할 수 있습니다. ✓저희는 항상 등급을 매깁니다 - Enday 는 학습의 기쁨을 선사합니다. 당사의 초점은 6가지 다양한 색상으로 학용품을 제공하여 학용품을 조정하여 원하는 재미있고 시크한 룩을 얻을 수 있도록 하는 것입니다. 교실에 색상과 생명을 불어넣습니다. Enday 제품은 학생과 교사가 동의하는 한 가지입니다. 우수한 품질과 최고의 고객 지원으로 실망시키지 않을 것입니다.",,"['파일', '문서', '확장', '폴더', '안전하다', '플라스틱', '봉투', '중요하다', '가능하다', '홀더']"
사무용품,파일링 제품,봉투 파일,,B09VY4SBN7,"MECCANIXITY 파일 폴더 포켓, A4 봉투 문서 오거나이저, 스냅 버튼 포함, 홈 오피스 문구류용, 블랙 2개 팩",MECCANIXITY,13974,13974,,,"이 파일 폴더는 일상 생활에서 다용도로 사용할 수 있어 문서를 쉽게 정리하고 찾을 수 있으며 사무실, 교육, 가정, 여행에 적합하며 종이, 문서, 계약서, 판매 보고서, 프레젠테이션, 티켓, 봉투, 편지, 카드, 수표, 청구서 등을 보관하기에 좋은 아이템입니다 사이즈: A4; 색상: 블랙; 전체 사이즈: 32 x 23cm / 12.6 x 9인치 (길이*너비) 튼튼한 PP 플라스틱 소재로 제작되어 방수, 내마모성, 세척이 쉽고 내구성이 뛰어나며 오래 사용할 수 있으며 쉽게 깨지지 않습니다 쉽게 보관할 수 있도록 색상 코드로 제공되며 다양한 물건을 효율적이고 정확하게 정리할 수 있으며 일상적인 요구 사항을 충족하기 위해 다양한 수량으로 포장됩니다. 스냅 버튼 잠금 디자인으로 파일을 쉽고 편리하게 정리할 수 있습니다 지퍼 백을 열고 정리해야 하는 물건을 가방에 넣은 다음 닫습니다",,"['정리', '문서', '파일', '블랙', '봉투', '일상', '버튼', '물건', '스냅', '폴더']"
사무용품,파일링 제품,봉투 파일,,B08KD7WG7V,"LEOBRO 플라스틱 봉투 12팩, 포켓이 있는 A4 사이즈 플라스틱 폴더, 스냅 클로저가 있는 문서 파일 폴더, 학교 가정 작업 사무실용 폴리 봉투, 라벨 카드 12개 포함",LEOBRO,12451,12451,4.6,653.0,"생생한 봉투 12개: 12개 세트, 각 색상별 2개 - 레드, 블루, 퍼플, 그린, 옐로우, 화이트, 생생하고 멋진 외관. 32.5 x 23.4cm(12.7 x 9.25인치), A4 사이즈 파일에 지저분한 문서를 분류하고, 종이 소재를 멋지게 보관하고, 업무용 책상을 정리하는 데 완벽한 옵션입니다. 라벨 포켓 및 12장의 카드: 각 파일 가방에는 라벨을 넣을 수 있는 포켓이 있어 필요한 문서를 빠르게 식별하고 찾을 수 있습니다. 12장의 라벨 카드가 제공되며, 8.9cm x 5.3cm(3.5인치 x 2.1인치), 양면이 비어 있으며, 각각 다른 용도로 두 번 표시하는 데 사용할 수 있습니다. 파일 수집가 및 보호기: 다용도 폴리 폴더는 종이 재료 또는 기타 작은 물건을 모으고 정리하여 보관하며 공간을 절약하며 물, 긁힘, 마찰, 먼지 등으로부터 물건을 보호하고 말림, 손상, 얼룩 및 분실로부터 보호합니다. 스냅 클로저 및 고품질 플라스틱: 스냅 클로저, 열고 닫기가 매우 쉽고 편리합니다. 프리미엄 플라스틱으로 제작되어 두껍고 내마모성이 있으며 방수, 재사용 및 내구성이 뛰어납니다. 반투명하며 내부를 쉽게 볼 수 있으며 물건을 빠르게 찾을 수 있으며 보관할 수 있습니다. 다양한 용도: 학교, 집, 직장, 사무실 여행, 출장 등에서 사용할 수 있으며, 논문, 학습 자료, 회의 정보 및 재무 내역서, 펜, 눈금자, 고무와 같은 문구류, 여권, 신분증, 지도와 같은 여행 용품, 립스틱, 아이섀도 등과 같은 메이크업 아이템을 포함할 수 있습니다.",,"['파일', '플라스틱', '라벨', '폴더', '스냅', '봉투', '보호', '카드', '클로저', '포켓']"
사무용품,파일링 제품,봉투 파일,,B0B1X182P9,"FYY 파일 폴더, PU 가죽 A4 문서 홀더 파일 오거나이저 서류 봉투 포트폴리오 케이스 태블릿 슬리브 마그네틱 스냅 클로저 홈 스쿨 오피스 문구류용 핑크",FYY,17991,13836,4.4,139.0,"고품질: 이 파일 폴더는 마그네틱 클로저가 있는 프리미엄 PU 가죽으로 만들어졌으며 내구성이 뛰어난 소재로 오래 사용할 수 있으며 문서를 오랫동안 잘 보호합니다 대용량: 파일 오거나이저의 내부 치수는 33 x 23.9cm(13 x 9.4인치)이며 A4 용지를 위해 특별히 설계되었으며 A4/레터 사이즈 용지 150-200장을 담을 수 있습니다. 휴대폰, 태블릿(최대 11인치), 펜 또는 휴대해야 하는 기타 작은 물건을 쉽게 보관할 수 있습니다 스타일리시한 & 방수: 이 가죽 봉투 폴더 표면은 부드럽고 매끄러우며 촉감이 좋습니다. 방수 표면으로 문서를 안전하고 쉽게 관리할 수 있습니다 간편한 휴대: 가벼운 무게로 휴대가 편리하며, 배낭, 서류 가방, 가방에 넣을 수 있으며 손에 쥘 수도 있습니다 다양한 용도: 상업적 행사, 사무실 문서, 저장된 가정 문서, 면접, 학교 등에 적합한 파일 정리 가방. 친구와 가족을 위한 이상적인 선물입니다. 제품에 대해 궁금한 점이 있으시면 언제든지 저희에게 연락하십시오",,"['파일', '문서', '가방', '휴대', '가죽', '폴더', '봉투', '방수', '용지', '태블릿']"
사무용품,파일링 제품,봉투 파일,,B09TGQ6MSR,"24팩 플라스틱 봉투 폴리 봉투, 투명 문서 폴더, 리갈 사이즈 파일 봉투, 후프 및 루프 클로저, 가정 직장 사무실 정리용, 화이트",TIENO,37381,37381,5.0,2.0,"【대용량 플라스틱 파일 폴더】이 투명 플라스틱 봉투에는 24개의 파일 폴더가 포함되어 있습니다. 봉투 폴더 크기는 36x26cm(14x10인치)입니다. 문서 가방의 확장 가능한 거싯은 대용량을 위해 최대 2.5cm(1인치)까지 확장할 수 있으며 200장 이상의 종이를 담을 수 있습니다. 정리용 파우치는 지저분한 데스크톱의 현상을 해결합니다. 【고품질 문서 홀더】이 플라스틱 봉투는 내구성이 뛰어난 PP 소재로 만들어져 방수, 내마모성 및 부식 방지 기능이 있습니다. 【후프 및 루프 클로저가 있는 플라스틱 봉투】미국 법률 및 기타 작은 물건을 보관할 수 있는 후프 및 루프 클로저가 있는 투명 문서 파우치. 플라스틱 파일 폴더는 모든 문서, 파일을 정리하고 보호합니다. 【시스루 문서 가방】이 투명 문서 홀더는 내용물을 볼 수 있으며 투명 파우치 백을 열지 않고도 문서를 쉽게 찾을 수 있습니다. 이렇게 하면 시간을 줄이고 편리함을 제공합니다. 【폴더 쉬운 보관】이 폴더 오거나이저는 영수증, 사진 및 중요한 문서를 보관할 수 있습니다. 또한, 플라스틱 봉투 가방은 학교, 가정, 직장, 사무실 및 출장에 사용할 수 있습니다. 확장 가능한 파일 폴더는 휴대성이 뛰어나 물건을 정리할 수 있습니다. 문서용 폴더는 유용한 정리함이 될 것입니다.","특징: 1. 후프 및 루프 클로저가 있는 문서용 폴더는 방수, 경량, 내마모성 및 부식 방지 기능이 있는 내구성 있는 PP 소재로 제작되었습니다. 2. 투명 파우치 백 리걸 사이즈: 35.6 x 25.4 x 3cm(14 x 10 x 1.2인치) 3. 확장 가능한 파일 폴더는 최대 2.5cm(1인치)까지 확장할 수 있어 대용량을 제공하며 200장 이상의 종이를 보관할 수 있습니다. 4. 파일 폴더는 학교, 가정, 직장, 사무실 및 출장에 사용할 수 있습니다. 정리를 위한 파우치 패키지: 24개의 확장 가능한 투명 플라스틱 봉투와 클로저.","['폴더', '문서', '봉투', '플라스틱', '파일', '투명', '확장', '정리', '클로저', '파우치']"
사무용품,파일링 제품,봉투 파일,,B0BHLVR56R,"플라스틱 봉투 (5개) A4 레터 사이즈 폴리 지퍼 봉투 파일 폴더 32.5cm x 23.9cm(12.8 x 9.4인치), 지퍼가 달린 반투명 확장 문서 지갑 파우치 학교 및 사무용품용 투명",Songaa,11592,11592,4.3,14.0,"패키지 구성: 확장 플라스틱 봉투 5개. A4 봉투 사이즈: 32.5 x 23.9cm. A4 봉투는 쿠폰, 영수증, 현금, 송장, 지폐, 이름표, 중요한 서류, 문구 등을 보관하기에 적합합니다 소재: 고품질 PP 소재로 만든 A4 지퍼 플라스틱 봉투, 반투명 디자인, 견고한 찢어짐 방지 및 방수 기능, 내부 내용물을 쉽게 찾을 수 있습니다 캔 확장 디자인: A4 방수 지퍼 파우치는 하단에 3cm(1.2인치) 확장 모서리가 추가되었습니다. 업그레이드된 오버사이즈 및 용량으로 책에 사용할 수 있으며, 지퍼 폴더는 테이블 위에 세울 수 있어 공간을 절약하고 많은 물건을 한 번에 정리할 수 있습니다 다양한 용도: 지퍼 잠금으로 열고 닫을 때 편리하며, 내부에 물건을 안전하게 정리할 수 있습니다. A4 방수 지퍼 백은 종이 문서를 보관할 수 있을 뿐만 아니라 전자 제품, 작은 옷, 문구류, 여행 용품, 화장품 등도 보관할 수 있습니다. 사무실, 학교, 여행 및 기타 행사에 사용할 수 있습니다 훌륭한 선물: 투명한 지퍼 플라스틱 봉투 파일 문서, 모든 요구 사항을 충족시킬 수 있는 충분한 양의 조합, 자신, 선생님, 학생, 가족, 어린이 및 친구에게 적합한 선물. 이 플라스틱 문서 가방에 대해 문제가 있으시면 언제든지 문의하십시오",,"['지퍼', '봉투', '플라스틱', '확장', '문서', '방수', '물건', '파일', '정리', '선물']"
사무용품,파일링 제품,봉투 파일,,B0BZRG6BDZ,"LEOBRO 포켓이 있는 파일 폴더, 스냅 클로저가 있는 플라스틱 폴더 24개, 문서용 플라스틱 파일 폴더, 재사용 가능한 투명 파일 폴더 플라스틱 파일 백 플라스틱 봉투, A4 사이즈",LEOBRO,20581,20581,4.7,45.0,"튼튼한 투명 파일 폴더: 24개 세트, 32.5cm x 23.4cm(12.75인치 x 9.25인치), 블루, 레드, 옐로우, 퍼플, 오렌지, 푸크시아, 그린, 투명, 각 색상마다 3개 색상이 있습니다. 오래 지속되는 플라스틱 폴더는 프리미엄 플라스틱으로 만들어졌으며 두껍고 가장자리가 잘 밀봉되어 견고하고 쉽게 분리되거나 마모되지 않으며 재사용이 가능하며 오래 지속됩니다. 투명하고 쉽게 볼 수 있으며 다양한 유형의 종이를 분류하고 책상을 정리하고 지저분함을 줄여줍니다. 포켓이 있는 플라스틱 폴더: 각 파일 가방에는 라벨 포켓과 라벨 카드 1개가 포함되어 있어 내부의 내용을 참조하여 키워드를 자유롭게 쓸 수 있으므로 필요한 문서를 빠르게 식별하고 찾을 수 있습니다. 또한 라벨 카드의 양면을 쓸 수 있으므로 다양한 용도로 두 번 표시할 수 있습니다. 스냅 클로저가 있는 플라스틱 폴더: 각 플라스틱 봉투에는 안전한 스냅 클로저가 있으며 자체적으로 열리지 않으며 봉투를 쉽게 열고 닫을 수 있으므로 필요한 것을 빠르게 얻을 수 있으며 효과적으로 시간을 절약할 수 있습니다! 종이를 민트 상태로 유지: 방수, 내마모성, 물, 먼지, 주름, 긁힘, 마찰, 손상 및 손실에 잘 견디며 중요한 문서를 보관하고 운반하기에 좋으며 오래된 신문이나 파일과 같은 깨지기 쉬운 물건을 보호합니다. 다용도 파일 폴더: A4 플라스틱 파일 폴더, A4 사이즈/표준 미국 레터 사이즈 용지에 적합하며 종이, 문구류, 간략한 보고서, 청구서, 영수증, 가전 제품 설명서, 사진, 공예 용품, 공예 종이, 스티커, 장식, 여행 용품, 메이크업 아이템 등을 보관하기에 적합합니다. 학교, 사무실, 가정, 여행 등에 적합합니다.",,"['플라스틱', '폴더', '파일', '종이', '클로저', '라벨', '투명', '문서', '포켓', '봉투']"
사무용품,파일링 제품,봉투 파일,,B08G3XTB2Z,"BAZIC 플라스틱 봉투 폴리 봉투, 레터 사이즈 투명 폴더 지퍼 잠금, A4 사이즈 파일 폴더, 문서 정리함, 학교 사무용품, 4팩",BAZIC Products,12451,14459,4.3,48.0,"파일 오거나이저. 고품질 폴리프로필렌(PP) 플라스틱 소재로 제작되었습니다. 안전하고 무독성. 치수: 33cm x 23.6cm. 최대 3.8cm(1.5인치) 확장 가능. 싱글 포켓. A4 사이즈와 레터 사이즈 모두에 맞습니다. ⭐ 안전성 및 세련됨. 방수 및 찢어짐 방지 폴리 포트폴리오로 서류를 보호하세요. 오래 사용할 수 있도록 0.18mm 두께의 스펙트럼이 있는 내구성 있는 구조. ⭐ 멀티 스토리지. 종이, 중요한 파일, 계약서, 판매 보고서, 프레젠테이션, 영수증, 수표, 청구서, 문서, 책, 바우처, 카드, 페인트 작업, 숙제, 과제를 정리하세요. 투명으로 보입니다. 투명한 색상의 폴더 백으로 파일 폴더 내부의 내용물을 확인할 수 있습니다. 포트폴리오는 빠른 액세스를 위한 지퍼 클로저가 특징입니다 휴대성. 패션을 갖춘 심플하고 우아한 디자인으로 직장, 공부, 여행, 출장, 일상 서류 정리 및 종이 보관에 많은 재미를 더합니다. 중요한 문서가 젖거나 긁힐 염려가 없습니다.",,"['파일', '폴더', '문서', '정리', '서류', '중요하다', '종이', '투명', '봉투', '지퍼']"
사무용품,파일링 제품,봉투 파일,,B0C68SJ7GW,VANRA 1피스 PU 가죽 파일 폴더 수직 A4 문서 홀더 파일 봉투 방수 가죽 포트폴리오 케이스 서류 파일 오거나이저 레터 사이즈 자석 버튼 클로저 (블랙),VANRA,13822,13822,4.3,10.0,"고품질 A4 파일 폴더 오거나이저: 내구성이 뛰어난 PU 가죽으로 제작된 이 문서 봉투 홀더는 중요한 서류를 보호하고 매끄럽고 전문적인 외관을 제공합니다. 가죽 문서 가방은 습기와 주름으로부터 문서를 보호할 수 있을 만큼 두껍습니다. 또한 매우 편안하고 매끄럽고 부드러운 촉감을 제공합니다. 강력한 지지 가치: 가죽 수직 파일 폴더는 약 100장의 A4 용지를 담을 수 있는 대용량을 가지고 있습니다. PU 가죽 파일 폴더 홀더는 청구서, 송장, 영수증, 레터 사이즈 용지, 문구 등을 수집하는 데에도 좋습니다. 여행 시 태블릿이나 휴대폰과 같은 무거운 물건을 보관할 수도 있습니다. 다기능 포트폴리오는 태블릿 보관 케이스 또는 노트북 슬리브로 사용할 수 있습니다. 안전하고 안전한 자석 버튼 잠금: 금속 자석 숨겨진 버클로 가죽 봉투 폴더를 단단히 묶고 모든 파일을 안전하게 보관할 수 있습니다. 파일 가방을 열고 닫을 때 편리합니다. 튼튼한 버클은 문서가 흩어지는 것을 방지하고 중요한 파일의 보안을 보호합니다. 방수 파일 봉투: 가죽 파일 재킷의 표면은 방수 기능이 있을 뿐만 아니라 쉽게 닦아낼 수 있습니다. 포트폴리오 오거나이저는 똑바로 열리며 단단히 박음질된 라우팅으로 문서를 안전하게 보관할 수 있습니다. 봉투 스타일 폴더는 일상적인 서류 정리 및 보관에 적합합니다. 포트폴리오 봉투는 A4 용지 크기와 레터 크기 모두에 맞습니다. 다용도 문서 슬리브: 가죽 프로젝트 파일 포켓은 슬림한 외관을 제공하며 백팩이나 모든 조정 파일링 시스템에 부드럽게 미끄러집니다. 종이 문서 문구 정리용 가죽 파일 포트폴리오는 파일 캐비닛에 잘 맞아 장기간 보관할 수 있습니다. 가정, 사무실, 학교 및 비즈니스에서 사용하기에 이상적입니다. 문서 홀더는 사무실 회의 또는 출장에 사용할 수 있습니다.",,"['파일', '가죽', '문서', '봉투', '폴더', '포트폴리오', '안전하다', '홀더', '방수', '자석']"
사무용품,파일링 제품,봉투 파일,,B0CSX8SCHR,"서류 봉투, 플라스틱 파일 폴더 6개, A4 파우치 봉투, 확장 가능, 방수, 스냅 클로저 문서 오거나이저, 레터 사이즈, 투명 컬러 폴리에스터, 사무실/비즈니스/학교용 지갑",WitBicg,22146,22146,5.0,4.0,"【고품질 소재】: 플라스틱 파일 폴더는 찢어짐 방지, 방수 및 쉽게 깨지지 않는 고품질 플라스틱으로 만들어져 모든 위치를 쉽게 기억할 수 있어 사무실 문서나 학습 자료가 젖거나 더러워지는 것을 효과적으로 보호할 수 있습니다. 대형 플라스틱 확장 가능한 파일 폴더로 물건을 정리할 수 있습니다. 【대용량 보관】: 48.3 x 25.4 x 8cm(19 x 10 x 3.15인치). 800장 용량의 파일 파우치는 일상적인 문서 정리 및 보관에 적합합니다. 6가지 밝은 색상: 레드, 그린, 오렌지, 다크 블루, 블랙, 퍼플, 옐로우, 핑크, 그레이, 다양한 색상으로 정리하고 구별하기 쉽습니다. 투명하여 파일에 무엇이 있는지 쉽게 볼 수 있습니다. 【친밀한 디자인】: 스냅 클로저가 있는 플라스틱 폴더에는 파일을 쉽게 구별할 수 있는 명함 슬롯이 장착되어 있습니다. 이 폴더는 앞면, 후면 및 상단에 무거운 투명 골지 플라스틱으로 만들어졌습니다. 측면과 하단은 나일론 같은 소재로 만들어져 쉽게 확장되고 내구성이 뛰어납니다. 스티치 엣지 트림이 있는 패브릭 거싯은 손가락을 긁힘으로부터 보호하며, 스냅 클로저가 있는 플라스틱 폴더는 문서를 안전하게 보관하고 떨어지는 것을 방지합니다. 【다기능】: 서류 봉투는 학교 과목, 사무실 문서, 여행 A4 폴더, 디자인 드로잉, 명함 및 화장품 보관과 같은 일상적인 사용에 적합합니다. 이 서류 가방은 매우 특별하고 세련되게 개조되었습니다. 이 폴더는 가볍고 휴대가 간편합니다. 방수 기능으로 외출 시 비가 올 때 걱정할 필요가 없습니다. 【WitBicg 애프터 서비스】: 다른 사람에게 선물로 줄 수 있습니다. 사용 또는 구매 중에 문제가 발생하면 언제든지 저희에게 연락해 주시면 최대한 빨리 답변 드리겠습니다. 저희는 무료 반품 및 환불을 제공합니다. 저희 제품을 구입해 주세요.",,"['폴더', '플라스틱', '파일', '문서', '보관', '서류', '스냅', '클로저', '방수', '정리']"
사무용품,파일링 제품,봉투 파일,,B0C65VZG85,"스냅 클로저가 있는 투명 봉투 27.9 x 43.2cm(11 x 17인치) 30개, 투명 플라스틱 봉투, 문서 파일 폴더용, 학교, 사무실, 가정용",Honoson,45691,45691,5.0,4.0,"패키지 정보: 스냅 클로저가 있는 문서 폴더 오거나이저 30개가 제공되며, 문서를 보관하기에 이상적입니다. 충분한 수량은 사용 요구 사항을 충족하며 가족과 공유할 수 있습니다 사이즈 세부 정보: 파일 폴더는 적절한 크기입니다. 27.9 x 43.2cm(11 x 17인치), 모든 종류의 파일을 보관할 수 있습니다. 가볍고 휴대가 간편하며 공간을 많이 차지하지 않으며 다른 장소로 쉽게 휴대할 수 있어 편리하게 사용할 수 있습니다 신뢰할 수 있는 소재: 이 문서용 플라스틱 봉투는 PP 소재로 만들어져 강하고 내구성이 뛰어나며 매끄러운 표면과 정교한 기술로 쉽게 깨지거나 바래지 않습니다. 신뢰할 수 있는 소재로 오랫동안 사용할 수 있습니다 파일을 안전하게 보관: 이 투명 폴더를 사용하여 파일을 보관할 수 있으며, 스냅 클로저로 디자인되어 파일이 파손되거나 분실되지 않도록 정리하여 책상을 깔끔하게 보이게 할 수 있습니다 다양한 용도: 가정, 교실, 사무실, 회의실, 파티 등과 같은 다양한 경우에 이 투명 플라스틱 봉투를 사용하여 파일, 잡지, 편지, 송장, 브로셔, 인증서를 보관할 수 있습니다","특징: 쉬운 사용: 플라스틱 봉투는 휴대용 디자인과 훌륭한 솜씨로 여행 시 사용할 수 있어 좋은 사용 경험을 제공합니다. 사려 깊은 선물: 일상 생활에서 문서 폴더 정리함이 필요한 친구가 있다면, 저희에게 줄 수 있습니다. 그들은 이 선물을 좋아하고 행복하게 느낄 것입니다. 사양: 소재: PP 색상: 사진과 같음. 사이즈: 약 27.9 x 43.2cm(11 x 17패키지 구성: 스냅 클로저가 있는 문서 폴더 오거나이저 30개. 참고: 수동 측정, 사이즈에 약간의 오차가 있을 수 있습니다. 화면 디스플레이의 차이로 인해 색상이 약간 다를 수 있습니다.","['파일', '폴더', '문서', '봉투', '클로저', '투명', '스냅', '플라스틱', '휴대', '정리']"
사무용품,파일링 제품,봉투 파일,,B0CT5MGHHL,"컬러 플랩이 있는 플라스틱 봉투, 스냅 클로저로 붙여넣을 수 있는 폴리 문서 24개, 레터 사이즈 A4 투명 파일 폴더, 학교 및 사무용품용 방수 폴더 문서 오거나이저, 6가지 색상",,17991,17991,5.0,1.0,"다채로운 플랩이 있는 플라스틱 봉투: 저희 팩에는 후크 앤 루프 클로저가 있는 24개의 투명 플라스틱 파일 백이 포함되어 있습니다. 각 팩에는 뚜렷한 색상의 플랩이 있어 감각을 더하고 블루, 레드, 옐로우, 퍼플, 그린, 오렌지의 6가지 색상으로 쉽게 식별할 수 있습니다. 대용량 플라스틱 봉투: 봉투 폴더의 크기는 33.5cm x 23.5cm x 23.5cm(13 x 9.25인치)이며 200장 이상의 A4 용지를 담을 수 있습니다. 대형 문서 지갑은 미국 편지/A4 사이즈 용지 및 기타 작은 물건을 보관하기에 매우 적합합니다. 프리미엄 플라스틱 폴더: 기능적이고 전문적인 폴리 봉투는 고품질 PP 플라스틱으로 만들어졌으며 방수, 내마모성이 뛰어납니다. 투명하고 쉽게 볼 수 있으며 다양한 유형의 종이를 분류하고 책상을 정리하고 지저분함을 줄여줍니다. 보호 파일 봉투: 후크 앤 루프 클로저 디자인의 파일 포켓은 더 이상 로프를 반복적으로 감쌀 필요가 없습니다. 봉투를 쉽게 열고 닫을 수 있어 스스로 열리지 않으므로 필요한 것을 빠르게 얻을 수 있어 시간을 효과적으로 절약할 수 있습니다! 다용도 플라스틱 폴더: A4 플라스틱 파일 봉투는 종이, 문구류, 간략한 보고서, 청구서, 영수증, 가전 제품 지침, 사진, 공예품, 공예 종이, 스티커, 장식, 여행 용품, 메이크업 아이템 등을 보관하기에 적합합니다.",,"['플라스틱', '봉투', '파일', '폴더', '종이', '문서', '플랩', '클로저', '투명', '용지']"
사무용품,파일링 제품,봉투 파일,,B0CRZF67YW,"플라스틱 봉투 - 문서용 플라스틱 폴더 12팩, A4 사이즈 문서 폴더, 스냅 클로저가 있는 플라스틱 봉투, 카드 인서트가 있는 재사용 가능한 플라스틱 파일 폴더, 폴리 봉투",Cyber Printshop,20761,20761,4.7,13.0,"프리미엄 플라스틱 봉투 - 레드, 블루, 그린, 퍼플의 네 가지 매혹적인 색상의 12개 세트가 포함된 생생한 플라스틱 파일 폴더 팩으로 정리 게임을 업그레이드하세요. 각 33 x 23.5cm(13 x 9.25인치) 크기의 이 투명 봉투는 작업 공간에 에너지를 불어넣을 뿐만 아니라 문서를 쉽게 구별하고 분류하여 귀중한 시간을 절약할 수 있습니다 문서 라벨링 단순화 - 문서용 플라스틱 봉투로 쉽게 라벨을 붙일 수 있습니다. 각 파일 가방에는 편리한 라벨 파일 포켓이 함께 제공될 뿐만 아니라 보너스 라벨 카드도 포함되어 있습니다. 내용을 반영하는 키워드를 적어 창의력을 표현하여 필요한 문서를 신속하게 찾을 수 있습니다 내구성이 뛰어난 플라스틱 폴더 - 오래 사용할 수 있도록 제작되었습니다. 최고급 PP 소재로 제작된 이 폴리 봉투는 변색과 물에 대해 탄력적이며 오래 지속되는 보호 기능을 보장합니다. 업그레이드된 두께로 찢어짐을 방지하여 내구성이 뛰어납니다 올인원 오거나이저 - 다용도 종이 폴더 백이 여러분을 보호해 드립니다! 시험지와 같은 학습 자료부터 회의 메모와 같은 중요한 사무실 문서, 펜과 눈금자와 같은 필수 문구류, 여권과 같은 여행 필수품 또는 립스틱과 같은 사랑하는 메이크업 아이템에 이르기까지 당사의 다용도 플라스틱 문서 홀더 백은 어디를 가든 필수품을 정리하고 꺼낼 수 있습니다! 쉬운 접근, 안전한 잠금 - 저희 세트에는 12개의 투명 플라스틱 봉투가 포함되어 있으며, 각 봉투는 사용자 친화적인 스냅 클로저로 신중하게 설계되어 쉽게 열고 닫을 수 있습니다. 안전하게 밀봉되며 편리한 스냅 클로저로 문서를 보관할 수 있습니다. 더 이상 물건이 미끄러지는 것에 대해 걱정할 필요가 없습니다. 모든 것을 쉽게 정리할 수 있습니다!","Cyber Printshop 플라스틱 봉투 - 주요 특징: 생생한 색상 모음: 레드, 블루, 그린, 퍼플의 12개의 투명 파일 폴더가 포함되어 있어 조직에 다양한 색상을 더합니다. 다용도를 위한 완벽한 크기: 각 문서 봉투는 33cm x 23.5cm(13인치 x 9.25인치)로 A4 사이즈 문서에 이상적이며 대부분의 휴대용 가방에 편안하게 맞습니다. 간편한 라벨링 시스템: 내용물을 빠르게 분류하고 식별할 수 있는 보너스 라벨 카드가 있는 라벨 포켓이 특징입니다. 내구성 있는 구조: 고품질 PP 소재로 제작되어 물과 색바램에 강하며 찢어짐을 방지하기 위해 두께가 증가했습니다. 보안을 위한 스냅 클로저: 각 폴더에는 스냅 클로저가 장착되어 있어 문서를 안전하게 유지하면서도 쉽게 액세스할 수 있습니다. 다용도 사용: 사무실 문서 정리부터 여행 폴더 필수품 운반에 이르기까지 다양한 요구 사항에 적합합니다. Cyber Printshop 투명 폴더 슬리브는 문서와 작은 물건을 쉽고 스타일리시하게 정리하려는 모든 사람에게 꼭 필요한 제품입니다. 이 12팩 세트는 레드, 블루, 그린, 퍼플의 네 가지 생생한 색상으로 제공되어 문서를 쉽게 분류하고 찾을 수 있습니다. 각 플라스틱 봉투는 A4 문서에 맞는 크기입니다. 내구성은 이 폴더의 두드러진 특징입니다. 견고한 PP 소재로 제작되어 마모와 찢어짐에 굴복하지 않고 정기적으로 사용할 수 있도록 제작되었습니다. 이 소재는 물과 변색 모두에 강하여 모든 조건에서 문서를 보호합니다. 스냅 클로저로 모든 것이 제자리에 고정됩니다. 중요한 사무실 문서를 정리하거나, 여행 문서를 안전하게 보관하거나, 작은 개인 물품을 보관할 때 이 폴더는 작업에 달려 있습니다. 요약하면, Cyber Printshop 플라스틱 파일 폴더 레터 사이즈 A4는 문서와 작은 물건을 정리하려는 모든 사람에게 실용적이고 내구성이 뛰어나며 세련된 솔루션을 제공합니다. 생생한 색상, 쉬운 라벨링 시스템, 안전한 잠금으로 다양한 정리 요구 사항에 이상적인 선택입니다.","['문서', '폴더', '플라스틱', '봉투', '라벨', '정리', '스냅', '파일', '클로저', '제작']"
사무용품,파일링 제품,봉투 파일,,B09378QLPC,"EOOUT 플라스틱 봉투 폴리 봉투 30개, 스냅 버튼 클로저가 있는 문서 폴더, 레터 사이즈, A4 사이즈, 학교 가정 직장 사무실 정리용 라벨 포켓, 6가지 색상",EOOUT,29071,29071,4.7,523.0,"대용량의 다채로운 투명 봉투: 6가지 색상 - 반투명 블루, 그린, 옐로우, 퍼플, 핑크, 화이트 (색상당 5개). 이 봉투로 다양한 색상의 종이를 쉽게 정리하고 구별할 수 있습니다. 봉투 폴더의 크기는 33.3cm x 23.5cm(13 x 9.25인치)입니다. 고품질 업그레이드 소재: 내구성이 뛰어난 PP 플라스틱 봉투 폴더는 방수 및 마모에 강합니다. 스냅 버튼과 라벨 포켓이 있는 디자인: 스냅 버튼이 있는 고품질 투명 문서 폴더는 미국 레터/A4 사이즈 용지 및 기타 작은 물건을 보관하기에 매우 적합합니다. 당사의 플라스틱 봉투에는 라벨을 넣을 수 있는 슬롯이 있어 문서를 쉽게 구별할 수 있습니다. 투명 문서 포켓: 투명한 폴더는 내부를 명확하게 볼 수 있으며 봉투를 열지 않고도 문서를 쉽게 찾을 수 있습니다. 간편한 보관: 스냅 버튼이 있는 폴더는 휴대가 간편하고 소지품을 순서대로 보관할 수 있으며 잡화를 정리하는 데 도움이 됩니다. 봉투 폴더는 학교, 가정, 직장, 사무실 및 출장에 사용할 수 있습니다. 미니 라벨 외부 포켓은 문서를 분류하고 식별하는 데 도움이 됩니다.",,"['봉투', '폴더', '문서', '버튼', '스냅', '포켓', '라벨', '정리', '플라스틱', '투명']"
사무용품,파일링 제품,봉투 파일,,B08XJS8JG9,Kisangel 학교 및 사무용품용 스냅 클로저 문서 가방이 있는 파일 폴더 플라스틱 봉투 12개 (퍼플),Kisangel,20622,20622,4.1,15.0,"【투명 파일 폴더】패키지에는 12개의 파일 폴더가 포함되어 있습니다. 사이즈는 약 33x23 cm (LxW)입니다. 클래식 A4 사이즈는 일반 문서에 잘 맞습니다. 【플라스틱 폴더】프리미엄 소재로 제작된 문서 폴더는 내구성이 뛰어나고 찢어짐 방지 기능이 있으며 방수 기능이 있습니다. PVC 표면은 습기를 효과적으로 차단하고 문서를 손상으로부터 보호합니다. 【스냅 클로저가 있는 플라스틱 봉투】투명한 질감으로 문서를 확인할 수 있으며 플라스틱 스냅 버튼으로 미끄러짐을 방지하고 보관하기 쉽습니다. 하나의 폴더에 많은 중요한 문서를 안전하게 운반하는 데 이상적입니다. 【간편한 보관】저희 플라스틱 파우치는 물건을 정리하고 어수선함을 정리할 수 있도록 휴대할 수 있으며, 봉투 가방은 학교, 가정, 직장, 사무실 여행 및 출장에서 사용할 수 있습니다. 【다양한 상황에 적합】저희 폴더는 사무실, 학교, 상점 및 기타 장소의 파일 저장뿐만 아니라 개인 소지품을 수집하는 데에도 적합합니다. 투명한 표면으로 필요할 때 물건을 쉽게 구별할 수 있습니다.",,"['폴더', '문서', '플라스틱', '파일', '스냅', '학교', '봉투', '클로저', '사무실', '정리']"
사무용품,파일링 제품,봉투 파일,,B0B296HRB1,"40팩 플라스틱 봉투, 30.5 x 22.9cm(12 x 9인치) 스냅 클로저가 있는 투명 폴더, 재사용 가능한 플라스틱 폴리 봉투 방수 파일 폴더, 스냅 버튼, 미국 편지, A4 사이즈, 학교 사무용품용",RHBLME,31841,31841,3.6,11.0,"✅【충분한 용량의 대형 폴더】투명 폴더는 325 x 235mm(12.8 x 9.3인치)이며 A4 용지와 미국 레터 크기보다 크고 폴더당 최대 150장의 A4 용지를 보관할 수 있습니다. ✅【독특한 디자인】새로운 디자인으로 전체 폴더는 하단이 3cm(1.23인치)까지 유지되며 노트북, 책 등과 같은 더 많은 유형의 문서를 수용할 수 있습니다. 수용할 수 있는 파일 수도 크게 증가했습니다. 대학에 좋은 선택입니다. 【전문적인 품질】BPA 프리 플라스틱, 소재는 더 투명하고 튼튼하며 부드럽지만 내마모성이 뛰어나고 내구성이 뛰어나며 냄새가 없으며 무독성이며 전문적입니다. 【다양한 용도】문서 파일 오거나이저는 선생님, 학생, 의사, 엔지니어, 디자이너, 연구자를 위한 최고의 선물입니다. 파일 폴더는 가정, 사무실, 학교에 매우 적합하며 기념일에 직원을 위한 개인 선물 또는 기념품으로 사용할 수 있습니다. 파일 오거나이저는 프로젝트, 문서, 비즈니스 비용, 세금 문서 및 낱장 종이를 위한 최고의 선택입니다. 【제품 구성】스냅 클로저가 있는 투명 플라스틱 봉투 40팩. 저희 플라스틱 봉투에 만족하지 못하셨다면 저희에게 연락하십시오! 전액 환불이나 재발급을 드릴 것입니다. 최대한 빨리 구매하세요!",,"['폴더', '플라스틱', '파일', '봉투', '문서', '스냅', '투명', '수용', '최고', '선택']"
사무용품,파일링 제품,봉투 파일,,B0BKQ2XLR4,PU 가죽 A4 파일 폴더 문서 홀더 포켓 2개 포트폴리오 봉투 폴더 케이스 신축성 있는 스트링 1.9cm(3/4인치) 확장 (브라운),yufocusqc,17437,17437,4.4,30.0,"우수한 품질: 이 봉투 스타일 폴더는 환경 친화적이며 프리미엄 두꺼운 PU 가죽과 섬세한 실로 바느질했습니다. 파일 표면은 변형이 없고 색이 바래지 않으며 끈적이지 않으며 마모에 강하며 문서를 오랫동안 잘 보호합니다. 대용량: 이 확장 파일 폴더 크기: 12.6*9.8인치(32*25cm) 2cm/0.78인치 확장 폭으로 A4 용지, 레터 사이즈 파일에 적합합니다. 약 100장의 종이를 담을 수 있는 대용량입니다. 휴대해야 하는 종이, 책, 노트북, 잡지 또는 아이패드를 쉽게 보관할 수 있습니다. 독특한 디자인: 2개의 칸이 있는 신축성 있는 스트링 클로저 디자인을 사용한 가죽 파일 폴더는 접히지 않고 쉽게 보관하거나 접근할 수 있으며 문서를 찢어지거나 기타 손상으로부터 보호합니다. 휴대폰, 여권, 증명서 등을 위한 지퍼가 달린 외부 작은 포켓. 우아하고 매력적: 이 가죽 봉투 폴더 표면은 그레인 질감의 PU 가죽으로 만들어져 방수 기능이 있으며 손이나 백팩에 쉽게 휴대할 수 있습니다. 저희 봉투 폴더는 세련되고 빈티지하며 고급스러운 디자인 스타일로 사무실이나 가정에 훌륭한 장식품입니다. 100% 만족 서비스: 포트폴리오 봉투 폴더에 만족하지 않으시면 만족스러운 솔루션을 제공하게 되어 매우 기쁩니다. 언제든지 저희에게 연락을 환영합니다.",,"['폴더', '파일', '가죽', '봉투', '확장', '디자인', '문서', '포켓', '종이', '보호']"
사무용품,파일링 제품,봉투 파일,,B09NJSBS9B,TOPYS 크래프트 브라운 스트링 봉투 파일 폴더 프로젝트 포켓 파일 재킷 문서 오거나이저 플랫 확장 없음 (17 x 29.2cm(6.7 x 11.5인치) 사이즈) 10개 팩,TOPYS,11066,11066,,,"대용량: 폴더 오거나이저는 일상적인 서류 정리 및 중요한 문서 보관에 적합합니다. 접힌 A5 용지 크기와 레터 크기에 맞습니다. 고품질: 크래프트 브라운 스트링 봉투 10개 팩은 양식, 기록 및 기타 중요한 문서를 관리하는 데 도움이 됩니다. 잘 정리된 집, 우편실 또는 사무실에 유용한 추가 아이템입니다. 레터 사이즈 비즈니스 봉투는 직장을 정리하고 깔끔하게 유지합니다. 독특한 디자인: 내구성이 뛰어난 크래프트 파일링 봉투는 환경 친화적이고 무독성인 고강도 크라프트지로 만들어졌습니다. 간단한 스트링 클로저로 문서를 안전하게 보관합니다. 효과적인 분류를 위해 강화된 간단한 단일 라벨. 스트링 타이 클로저 디자인: 문서가 찢어지거나 다른 손상으로부터 보호하도록 설계된 버튼과 스트링 클로저. 완벽한 사이즈: 대략적인 치수: 17cm x 29.2cm. 패키지 구성: 스트링 봉투 포켓 10개.",패키지 구성: 스트링 봉투 포켓 10개.,"['스트링', '봉투', '문서', '정리', '구성', '포켓', '파일', '클로저', '크래프트', '간단하다']"
사무용품,파일링 제품,봉투 파일,,B0BRPQH9Z6,"A5 플라스틱 봉투, Classycoo 12팩 A5 파일 폴더 투명 폴리 봉투, 문서 문구 도구 정리용 스냅 버튼이 있는 문서 폴더 오거나이저, 6색상",Classycoo,17991,17991,4.9,9.0,"[제품 사이즈] Classycoo 플라스틱 봉투 사이즈는 21cm x 14.8cm(8.26 x 5.83인치)입니다. 레터 사이즈 용지 120장 이상을 담을 수 있습니다. [투명 확인] A5 파일 폴더는 투명 PVC 소재로 만들어져 파일을 쉽게 확인할 수 있습니다. 플라스틱 봉투 폴더는 파일이나 작은 물건으로 채울 수 있으며, 지저분함 없이 물건을 정리하고 편안한 느낌을 줍니다. [버튼 잠금 디자인] 버튼으로 폴리 폴더를 열고 닫을 때 편리하고 시간을 절약할 수 있습니다. 그리고 버튼은 플라스틱 소재로 만들어져 반복적으로 사용할 수 있으며 쉽게 착용할 수 없습니다. [다양한 용도] 이 폴리 봉투는 사무실, 학교, 가정 및 출장과 같은 모든 상황에서 널리 사용되며 파일, 카드, 지폐, 펜 또는 모든 종류의 공책과 같은 물건을 깔끔하게 정리할 수 있습니다. [고품질] 문서 홀더는 두껍고 내구성이 뛰어나며 방수 기능이 있습니다. 종이가 떨어지는 것을 방지하고 찢어짐 방지, 습기 방지, 무취 및 무색으로 중요한 문서를 효과적으로 보호합니다.",,"['폴더', '파일', '봉투', '버튼', '플라스틱', '문서', '폴리', '방지', '투명', '물건']"
사무용품,파일링 제품,봉투 파일,,B0C28L365D,27.9 x 43.2cm(11 x 17인치) 투명 대형 플라스틱 봉투 문서 파일 보관 홀더 10팩 후크 루프 클로저,YESSART,24916,24916,3.7,11.0,"소재: 환경 보호 소재 PP로 제작, 방수, 찢어짐 방지 및 깨끗하게 유지. 사이즈: 29.2 x 43.2 cm. 후크 앤 루프 클로저 선명한 기능으로 필요한 파일을 한 눈에 볼 수 있습니다. 패키지 포함: 투명 봉투 10팩","투명한 27.9 x 43.2cm(11 x 17인치) 봉투는 환경 보호 소재 PP로 만들어졌으며 방수, 찢어짐 방지 및 깨끗하게 유지되며, 깨끗한 기능으로 필요한 파일을 한눈에 얻을 수 있습니다./특징/내마모성/소재: 환경 보호 PP/유형: 상단 개방 봉투, 후크 앤 루프 클로저/크기: 약 3.8 x 43.4cm(1 1/5 x 17 1/10인치)./용도: 복사 용지, 사무실 파일, 학교 파일, 사진 등과 같은 파일 정리 및 보관에 적합합니다./수량: 10팩","['파일', '봉투', '환경', '보호', '클로저', '후크', '루프', '깨끗하다', '방수', '투명']"
사무용품,파일링 제품,봉투 파일,,B08CNKD35R,"파일 백, 펠트 레터 사이즈 종이 포트폴리오 케이스 2팩, 봉투 파일 문서 홀더 보관 파우치 정리함, 사무실, 비즈니스, 학용품용(블랙/그레이)",Cacturism,13836,13836,4.8,14.0,"고품질 소재: 견고하고 내구성이 뛰어난 내마모성 펠트와 정교한 멘탈 스냅 버튼으로 제작되어 편안한 촉감과 전문적인 룩을 제공하며 모든 물건이 떨어지거나 먼지, 긁힘, 부딪힘으로부터 보호합니다. 다기능 및 실용성: 파일, 종이, 노트북, 문서, 펜, 신문, 영수증, 화장품 및 기타 액세서리를 보관하기 편리하며 일상적인 긁힘으로부터 컴퓨터를 보호하기 위해 노트북 가방으로 사용할 수 있습니다. 휴대용 및 경량 무게: 슬림하고 얇은 파일 백, 휴대가 간편하며 상업 행사, 학교, 사무실, 여행 및 가정 일상 사용에 적합합니다. 큰 용량: 14.2 x 10.2""(36x26cm), 편지지 크기의 종이, 파일 홀더, 14인치 이하의 노트북 및 기타 유사한 크기의 물건을 담을 수 있을 만큼 큽니다. 세련되고 적절한 외관: 단순하지만 기능적인 디자인, 모든 연령대의 사람들을 위한 이상적인 파일 홀더, 자신, 학생, 어린이, 선생님, 친구, 동료를 위한 사려 깊은 선물. 각 패키지에는 2가지 색상의 파일 백이 포함되어 있습니다.","파일 홀더 케이스는 최고급 펠트 소재와 정교한 솜씨 스티치가 있는 고품질 스냅 버튼으로 슬림하고 가벼우며 부드럽고 편안한 촉감을 제공합니다. 전문적인 외관은 일반 플라스틱 파일 백보다 훨씬 공식적이고 고급스럽게 만들어 상업 행사, 회의, 여행, 사무실, 학교 및 가정용으로 더 적합합니다. 큰 용량으로 파일, 미국 레터 사이즈 종이, 노트북, 신문, 영수증, 14인치 미만의 노트북 등을 쉽게 보관하고 정리할 수 있어 모든 것을 깨끗하고 깔끔하게 만들 수 있습니다. 간단하고 스타일리시하지만 기능적인 디자인으로 모든 요구 사항을 충족시킬 수 있습니다. 남성과 여성, 소년 및 소녀, 장교 및 동료 학생을 포함한 모든 연령대의 사람들에게 이상적인 파일 홀더. 사이즈: 14.2 x 10.2""(36x26cm); 패키지에는 2팩 파일 백이 포함되어 있습니다. 참고: 물에 담그지 마십시오. 드라이 클리닝 또는 젖은 천으로 닦아주세요. 다림질을 하고 싶다면 면 원단으로 덮으십시오.","['파일', '노트북', '홀더', '종이', '사무실', '보관', '백', '펠트']"
사무용품,파일링 제품,봉투 파일,,B07QZMGDR3,"투명 스트링 클로저 폴리 봉투 측면 오프닝 폴더 포켓 20개 팩, 확장 거싯 포함",YESSART,31841,31841,4.5,23.0,"패키지 구성품: 스트링 타이 클로저 봉투 20개, 효과적인 분류를 위한 싱글 탭. 레터 사이즈: 12.99x9.84 인치 (33x25 cm), 모든 문서, 파일을 정리하고 보호합니다. 소재: 두꺼운 중성 폴리프로필렌 소재로 제작, 방수, 찢어짐 방지 및 깨끗하게 유지합니다. 선명한 기능으로 필요한 파일을 한눈에 얻을 수 있습니다. 확장 가능한 거싯은 3.8cm(1.25인치)까지 확장할 수 있으며 최대 200장의 표준 시트를 담을 수 있습니다. 측면 적재 스트링 타이 클로저는 중요한 문서를 보관하고 정리하기에 안전합니다. 용도: 사무실, 개인, 학교, 모든 연령대에 적합합니다.","SMARTOFFICE 투명 스트링 클로저 봉투는 두꺼운 중성 폴리프로필렌 소재로 만들어졌으며 방수, 찢어짐 방지 및 깨끗하게 유지되어 있어 필요한 파일을 한눈에 얻을 수 있습니다. 학생, 교사 및 사무실 직원이 중요한 문서와 메모를 정리하고 보관하는 데 널리 사용됩니다./특징/내마모성./소재: 두꺼운 중성 폴리프로필렌 소재./종류: 측면 오프닝 확장 가능한 봉투/크기: 약 12.99x9.84 인치 (33x25 cm)/용도: 학교, 비즈니스, 가족, 테스트, 논문 방어 등./수량: 20팩/직원 복리용, 광고 프로모션, 무역 박람회, 결혼식 계획, 비즈니스 선물, 사무실 보관 등을 위한 선물로 적합합니다.","['봉투', '확장', '클로저', '스트링', '중성', '정리', '두껍다', '문서', '파일', '측면']"
사무용품,파일링 제품,봉투 파일,,B001U6XOYW,"Lion String-A-Long 투명 폴리 봉투, 거싯, 리걸, 측면 하중, 6EA/팩, 1팩 (32050-CR)",LION,18655,18655,4.5,285.0,법적 사이즈 나일론 스트링과 스틸 리벳 버튼 잠금 측면 적재 3.8cm(1-1/6인치) 거싯 전체 치수: 14.9W x 9.8H 재활용 가능한 폴리프로필렌 소재 팩 당 6개 투명,"라이온 사이드 로드 플라스틱 봉투에 스트링 타이 클로저가 있어 더욱 안전합니다. 3.8cm(1-1/6인치) 거싯이 있는 확장 봉투는 대부분의 법적 크기의 마닐라 폴더에 들어갈 수 있을 만큼 넉넉합니다. 스트링 및 버튼 타이 클로저가 있는 내구성 있는 문서 봉투는 문서와 폴더를 안전하게 보관하기에 적합합니다. 투명, 블루, 그린, 핑크, 퍼플의 투명 봉투는 내용물을 선명하게 볼 수 있습니다. 중성 봉투에 안전하게 보관하여 사진과 아트워크의 색바램을 줄입니다. 재활용 가능한 봉투. 법적 사이즈 봉투 6개 / 팩.","['봉투', '투명', '법적', '스트링', '안전하다', '가능하다', '클로저', '버튼', '문서', '재활용']"
사무용품,파일링 제품,봉투 파일,,B00C2MBIKU,"Lion Design-R-Line 폴리 봉투, 추가 포켓 포함, 15.2 x 22.9cm(6 x 9인치), 투명, 6개 팩 (92000-CR-6P)",LION,15705,15705,4.7,462.0,15.2cm x 22.9cm (전체 치수: 너비 22.9cm x 높이 15cm) 후크 앤 루프 클로저 측면 적재 / 거싯 없음 / 투명 뒷면에 여분의 포켓이 있습니다 6개/팩,LION 후크 앤 루프 클로저가 있는 체크 사이즈 투명 플라스틱 봉투. 이 작은 플라스틱 봉투에는 두 개의 칸이 있습니다. 하나는 안전을 위한 플랩이 있고 다른 하나는 쉽게 꺼낼 수 있도록 플랩이 없습니다. 청구서와 영수증을 정리하기 위해 결제 및 수표 봉투로 사용하기에 적합합니다. 내구성이 뛰어난 폴리 봉투는 약 15.2 x 22.9cm(6 x 9인치) 크기이며 사진을 보관하고 정리하는 데에도 사용할 수 있습니다. 투명한 봉투로 내용물을 선명하게 볼 수 있습니다. 사진과 작품을 이 중성 봉투에 안전하게 보관할 수 있습니다. 친환경 재활용 봉투. 팩당 6개의 투명 봉투.,"['봉투', '투명', '후크', '플라스틱', '폴리', '포켓', '클로저', '루프', '플랩', '사진']"
사무용품,파일링 제품,봉투 파일,,B07JZ8G8F9,LaOficina 폴리 투명 봉투 버튼 스트링 스냅 클로저 2.5cm 거싯 탑 오프닝 레터 사이즈 팩 당 5개 다양한 색상,YoeeJob,9681,9681,4.7,73.0,"크기: 봉투 사이즈: 333mm x 240mm / 13.2"" x 9.4"", 모든 A4 용지 용지에 맞습니다. 문서와 파일을 쉽게 검색할 수 있도록 상단 개구부가 있어 파일을 쉽게 처리하고 안전하게 보관할 수 있습니다. 내구성이 뛰어난 폴리 소재는 과도한 사용에도 견딜 수 있습니다. 포근하고 체계적인 방식으로 최대 30개의 A4 크기의 종이를 담을 수 있습니다. 사무실에서 문서를 쉽게 보고 액세스할 수 있어 중요한 문서를 정리할 수 있습니다. 완전히 재사용 가능하며 예산에 친화적입니다. 파일 저장 요구 사항을 오랫동안 실행할 수 있습니다","LaOficina 폴리 봉투는 깔끔한 마감으로 편리하게 보고 꺼낼 수 있습니다. 1. 이 투명 폴리 봉투로 문서를 눈에 띄게 유지하여 필요한 파일을 한눈에 찾을 수 있습니다. 2. 줄과 버튼 스냅으로 봉투를 닫고 내용물을 안전하게 보관할 수 있으며, 표준 중량 두께를 제공하여 시트 용지가 쉽게 접히거나 주름이 생기지 않습니다. 3. 완전히 재사용 가능하며 중성 기록 보관 품질의 폴리프로필렌 봉투는 문서를 손상시키지 않습니다. 제품 사양 봉투 사이즈: 33.5cm x 23.9cm 잠금: 스트링과 버튼 외부 소재: 폴리프로필렌. 색상: 투명 오프닝: 측면: 상단 로딩 패키지 수량: 5팩","['봉투', '문서', '폴리', '파일', '버튼', '투명', '용지', '완전하다', '재사용', '보고']"
사무용품,파일링 제품,봉투 파일,,B0BCQBJJLB,"플라스틱 봉투 10팩 투명 문서 폴더, 스냅 클로저가 있는 플라스틱 봉투, 학교 가정 직장 사무실 정리용 폴리 폴더 파일 폴더 (10.5 x 20cm(4.1 x 7.8인치))",etspolt,14805,14805,4.5,23.0,"사이즈: 20 x 10.5cm(7.88 x 4.14인치), 영수증, 쿠폰, 송장, 돈, 수표, 지폐, 문구류, 펜 및 일부 작은 물건을 보관하기에 적합합니다. 투명 문서 봉투: 시스루 매끄러운 문서 폴더는 내용물을 볼 수 있도록 하며 봉투를 열지 않고도 문서를 쉽게 찾을 수 있습니다. 소재: PP 플라스틱 소재로 제작되어 내구성이 뛰어나고 재사용이 가능하며 방수 기능이 있습니다. 선명한 디스플레이를 위한 투명 소재. 간편한 보관: 우리의 플라스틱 봉투는 물건을 정리하고 어수선함을 정리할 수 있도록 휴대가 가능하며 봉투 가방은 학교, 집, 직장, 사무실 여행 및 출장에 사용할 수 있습니다. 버튼 잠금 디자인: 스냅 버튼 디자인으로 파일을 쉽게 저장하고 적은 노력으로 열 수 있습니다. 버튼은 플라스틱 소재로 만들어져 반복적으로 사용할 수 있으며 쉽게 손상되지 않습니다",,"['봉투', '플라스틱', '폴더', '문서', '정리', '투명', '버튼', '스냅', '디자인', '물건']"
사무용품,파일링 제품,봉투 파일,,B08BJFGQ1N,"Better Office Products 스냅 클로저가 있는 투명 재사용 가능한 플라스틱 봉투, 플라스틱 문서 홀더, 33 x 22.9cm(13 x 9인치) 편지용 XL 사이즈, 30팩, 폴리 파일 봉투, 투명, 30팩",Better Office Products,26148,26148,4.9,249.0,"30팩 - 버튼/스냅 클로저가 있는 투명하고 평평한 33.4 x 23.3cm(13.25 x 9.25인치) 플라스틱 문서 홀더 봉투. A4 또는 표준 21.6 x 27.9cm(8.5 x 11인치) 레터 사이즈 시트를 담을 수 있는 크기입니다. 반투명 투명 - 0.18mm 두께의 시스루 봉투로 내부의 파일을 쉽게 해독할 수 있습니다 컴팩트 - 스트링 클로저가 있는 전통적인 판지 파일 홀더의 경량, 방수, 찢어짐 방지 대안 다용도 - 길이 33.4cm(13.25인치), 높이 23.3cm(9.25인치)로 최대 200장의 종이를 보관할 수 있습니다. 편리함 및 맞춤형 - 영구 마킹 펜을 사용하여 맞춤 제목을 추가하십시오. 마른 종이 타월로 문질러 제거하세요(또는 오래 지속되는 자국을 위해 알코올 기반 클리너를 사용하세요)",,"['봉투', '홀더', '파일', '클로저', '투명', '플라스틱', '맞춤', '스냅', '문서', '종이']"
사무용품,파일링 제품,봉투 파일,,B09CLQJDWD,"Youngever 21개 플라스틱 문서 봉투 폴더, 폴리 봉투, 문서 폴더, 7가지 색상",Youngever,17991,17991,4.6,20.0,"플라스틱 파일 봉투: 라벨 포켓, 스냅 버튼 및 여분의 빈 라벨이 있는 총 21팩 플라스틱 봉투, 7가지 색상. 각 색상마다 봉투 3개. 두께 업그레이드: 내구성이 뛰어난 PVC 소재 플라스틱 봉투 폴더. 습기와 먼지로부터 문서를 보호합니다. 사이즈: 33.7 x 23.5 cm. 미국 편지, A4 사이즈 용지 및 기타 작은 물건을 보관하기에 적합합니다. 쉽게 찾을 수 있습니다: 속이 비치는 매끄러운 문서 폴더는 내용물을 볼 수 있도록 유지하고 봉투를 열지 않고도 문서를 쉽게 찾을 수 있습니다 간편한 정리: 저희 플라스틱 파우치는 물건을 정리하고 깔끔하게 정리할 수 있도록 휴대할 수 있으며, 봉투 가방은 학교, 집, 직장, 사무실 여행 및 출장 시 사용할 수 있습니다. 미니 라벨 포켓과 다양한 색상으로 문서를 분류하고 식별할 수 있습니다.","플라스틱 파일 봉투: 라벨 포켓, 스냅 버튼 및 여분의 빈 라벨이 있는 총 21팩 플라스틱 봉투, 7가지 다양한 색상. 각 색상마다 봉투 3개.","['봉투', '플라스틱', '문서', '라벨', '폴더', '포켓', '정리', '스냅', '파일', '버튼']"
사무용품,파일링 제품,봉투 파일,,B089NZL13P,"1InTheOffice 스트링 클로저가 있는 폴리 봉투, 버튼 및 스트링 타이 클로저, 레터 사이즈, 20팩",1InTheOffice,24777,24777,4.8,50.0,"폴리 봉투는 재사용이 가능하며 스트링 클로저로 내용물을 편리하게 고정하여 파일을 보호할 수 있습니다. 플라스틱 봉투는 대용량과 확장 가능한 거싯을 가지고 있으며 모든 문서와 파일을 잘 정리하고 안전하게 보관할 수 있습니다. 패키지에 20개의 스트링 타이 클로징 봉투가 있으며, 측면 로딩 스트링 타이 클로저로 중요한 문서를 안전하게 보관하고 정리할 수 있습니다. 투명 봉투 파우치는 버튼과 스트링 타이 클로저가 있는 투명 플라스틱으로 제공되며, 레터 사이즈 문서를 보관할 수 있으며 3.2cm(1.25인치)까지 늘릴 수 있습니다. 스트링 클로저가 있는 플라스틱 봉투는 더 견고하고 탄력적이며 플러시 및 방수 기능이 있어 모든 종이 작업을 정리하는 데 이상적입니다.",,"['스트링', '봉투', '클로저', '타이', '정리', '문서', '플라스틱', '파일', '투명', '안전하다']"
사무용품,파일링 제품,봉투 파일,,B0CP8T543Z,"폴리 지퍼 봉투 30개, 투명 봉투, 라벨 포켓이 있는 플라스틱 지퍼 폴더, 서류 봉투, 우편물 봉투, 사무실용 (33.8 x 23.9cm(13.3 x 9.4인치))",D-KINGCHY,35996,35996,5.0,4.0,"【폴리 봉투 30개】패키지에는 5가지 색상의 지퍼가 달린 플라스틱 파일 폴더 30개가 포함되어 있어 모든 종류의 요구 사항을 충족합니다. 【제품 사이즈】이 플라스틱 봉투에는 34x24cm(13.3x9.4인치), 27.9x21.6cm(11x8.5인치) 레터 사이즈에 적합, 22.8x12cm(9x4.7인치) 크기의 작은 물건을 보관하기에 적합합니다. 【고품질 소재】지퍼가 달린 파일 봉투는 방수 및 튼튼한 내구성 있는 폴리 소재로 제작되었습니다. 그리고 지퍼는 사용하기 부드럽습니다. 【투명 가방】투명한 디자인으로 무엇이 들어 있는지 명확하게 볼 수 있으며 라벨 포켓이 있어 구별하고 정리할 수 있습니다. 【다용도】이 투명 봉투는 사무실 문서 및 종이, 우편, 현금, 편지, 영수증, 마가니즈, 저널 노트, 플래너 인서트, 문구류, 여행 화장품, 여행 문서, 보드 게임, 퍼즐 장난감, 플래시 카드, 공예 또는 바느질 용품, 스크랩북 스크랩 및 기타 일상 용품을 보관하기에 적합합니다. 사무실, 가정 및 여행을 위한 훌륭한 투명 지퍼 봉투.",,"['봉투', '지퍼', '투명', '여행', '플라스틱', '폴리', '라벨', '파일', '스크랩', '보관']"
사무용품,파일링 제품,봉투 파일,,B0CMC8DWFD,"A4 폴리 지퍼 봉투 60팩, 라벨 포켓이 있는 플라스틱 지퍼 폴더, 문서 홈 스쿨 사무용품용 투명 플라스틱 봉투 파일 - 5가지 색상",,30456,30456,,,"【프리미엄 소재】고품질 플라스틱으로 제작된 지퍼 폴더는 냄새가 없고 견고하며 내구성이 뛰어나 장시간 사용할 수 있습니다. 플라스틱 지퍼 폴더는 가볍고 휴대가 간편합니다. 거친 부분이 없는 매끄러운 표면과 가장자리는 손과 문서가 긁히는 것을 방지합니다. 【적합한 사이즈】 각 패키지에는 레드, 옐로우, 블루, 그린, 화이트를 포함한 5가지 색상의 60팩 지퍼 봉투가 있습니다. 지퍼 봉투의 크기는 32.5 x 23.5cm / 12.8 x 9.2인치(길이 x 너비)이며 A4 사이즈 문서에 적합합니다. 【실용적인 디자인】 투명한 디자인의 지퍼 봉투는 폴더의 문서를 쉽게 관찰할 수 있으며 포함된 작은 명함 포켓은 구별할 수 있도록 도와줍니다. 【방수 및 방진】 슬라이더가 있는 플라스틱 폴더는 종이 문서를 물과 먼지로부터 완벽하게 보호하여 포장 및 여행에 적합합니다. 【다양한 용도】당사의 지퍼 폴더는 지폐, 문서, 카드, 쿠폰 등을 보관하는 데 사용할 수 있으며 가정, 사무실, 회사, 여행 및 기타 행사에 적합합니다.","LDHHYH A4 폴리 지퍼 봉투, 라벨 포켓이 있는 플라스틱 지퍼 폴더, 문서용 투명 플라스틱 봉투 파일 홈 스쿨 사무용품 신뢰할 수 있는 품질 -고품질 플라스틱으로 제작된 지퍼 폴더는 냄새가 없고 견고하며 내구성이 뛰어나 장시간 사용할 수 있습니다. -저희 플라스틱 지퍼 폴더는 가볍고 휴대가 간편합니다. -거친 부분이 없는 매끄러운 표면과 가장자리는 손과 문서가 긁히는 것을 방지합니다. 실용적인 디자인 -지퍼 봉투의 크기는 A4 사이즈 문서에 적합합니다. -지퍼 커버는 투명하여 폴더의 파일을 쉽게 볼 수 있습니다. -포함된 작은 명함 포켓은 지퍼 폴더의 문서를 구별하는 데 도움이 됩니다. -당사의 플라스틱 지퍼 봉투는 방수 기능이 있어 종이 문서를 자신 있게 보관할 수 있습니다. -지퍼 폴더에는 작은 플라스틱 슬라이더가 함께 제공되어 문서를 손상과 먼지로부터 더 잘 보호합니다. 다양한 용도 -당사의 지퍼 폴더는 보드 게임, 화장품, 지폐, 문서, 카드, 쿠폰 등을 보관하는 데 사용할 수 있습니다. -가정, 사무실, 회사, 여행 및 기타 행사에 적합합니다. 참고 사항 -구매 전에 지퍼 봉투의 크기가 맞는지 확인하십시오. 제품 사양 -소재: 플라스틱 -색상: 레드 & 블루 & 옐로우 & 그린 & 화이트 -폴더 크기: 32.5 x 23.5cm / 12.8 x 9.2 인치 (길이 x 너비). -패키지 구성: 레드 지퍼 폴더 12개. 블루 지퍼 폴더 12개. 옐로우 지퍼 폴더 12개. 그린 지퍼 폴더 12개. 화이트 지퍼 폴더 12개","['지퍼', '폴더', '문서', '플라스틱', '봉투']"
사무용품,파일링 제품,봉투 파일,,B0CBNZ34W4,"플라스틱 파일 폴더, 6팩 확장 파일 지갑 문서 폴더, 스냅 클로저가 있는 플라스틱 봉투, 방수 플라스틱 봉투 폴더, 대형 투명 파일 파우치 (A4 사이즈, 멀티컬러)",RAIHOMKIT,19791,19791,4.8,5.0,"6가지 색상 A4 플라스틱 파일 폴더: 문서용 A4 플라스틱 봉투는 블루, 퍼플, 핑크, 옐로우, 그린, 블랙 등 6가지 색상으로 제공됩니다. 다양한 색상에 따라 파일을 분류하여 파일을 더 잘 정리하고 분류할 수 있습니다. 고품질 파일 폴더: 확장 가능한 플라스틱 파일 폴더는 튼튼한 폴리프로필렌으로 만들어져 방수, 내유성 및 방진 기능이 있어 파일을 보호합니다. 측면의 밑단 솔기는 더 긴 수명과 더 큰 하중 지지 용량을 보장합니다. 초대형 용량: 확장 파일 지갑의 크기는 33 x 8 x 25cm(13 x 3.14 x 9.84인치)이며 A4 문서 및 편지에 적합하며 최대 800페이지에 적합합니다. 단일 폴더에는 내부 분리가 없으며 동일한 테마의 모든 관련 파일을 보관할 수 있습니다. 독특한 디자인: 스냅 클로저가 있는 플라스틱 봉투는 투명하고 파일을 쉽게 찾을 수 있습니다. 라벨과 마커 문서를 보관할 수 있는 라벨 포켓이 있는 확장 가능한 문서 폴더. 스냅 클로저로 문서를 안전하게 보관합니다. 다용도: 문서를 위한 확장 가능한 폴더는 종이, 메모, 사진, 편지 및 중요한 문서를 정리하는 데 도움이 되며 사무실, 가정 등에서 매일 사용하기에 적합합니다. 버튼이 달린 플라스틱 파일 폴더는 책상을 정리하는 데 도움이 되므로 필요할 때 관련 정보를 찾을 수 있습니다.",,"['파일', '폴더', '문서', '플라스틱', '확장', '봉투', '스냅', '정리', '클로저', '가능하다']"
사무용품,파일링 제품,봉투 파일,,B07W5WZKF3,폴리 봉투 12피스 문서 봉투 스냅 버튼 품질 투명 문서 폴더 A4 사이즈 (블루),Wiekyze,22146,19376,4.5,416.0,"고품질: 고품질 PP 소재로 폴리 봉투 두께는 20c이며 색이 바래지 않고 보호성이 뛰어납니다. 세탁 가능, 재사용 가능, 내구성, 쉽게 갈라지지 않음, 단단한 가장자리 파일 내용을 쉽게 볼 수 있습니다: 매끄러운 색상의 문서 폴더를 통해 반투명으로 내용물을 볼 수 있으며 봉투를 열지 않고도 문서를 쉽게 찾을 수 있습니다. 사이즈: 길이는 33.5cm/13.2인치, 너비는 23.5cm/9.3인치입니다. 플라스틱 폴더의 크기는 A4보다 약간 큽니다. 즉, 더 많은 문서를 내부에 넣을 수 있으며 문서를 지갑에 훨씬 쉽게 넣고 뺄 수 있습니다. 편리함과 보안: 정교한 버튼 디자인. 문서는 쉽게 미끄러지지 않으며 쉽게 잃어버리지 않으며 가벼운 흘림이나 기타 습기로부터 물건을 보호할 수 있습니다. 패키지 포함: 스냅 버튼이 있는 12개의 다채로운 투명 봉투, 휴대가 간편함, 봉투 가방은 학교, 집, 직장, 사무실 여행 및 출장에 사용할 수 있습니다.","1. 기능성 전문 폴리 봉투, 환경 보호 방수, 무독성 및 무미, 유연하고 튼튼합니다. 2. 내용물을 편리하게 열고 고정할 수 있는 스냅 폴더 버튼 클로저. 문서를 안전하게 보호합니다. 3. 봉투 폴더 길이는 33.5cm(13.2인치), 너비는 24.9cm(9.3인치)이며 100개 이상의 종이를 보관할 수 있습니다. 4. 반투명 파일 백은 반투명하며 다시 필요할 때 내부의 물건을 쉽게 식별할 수 있어 보관 시간을 절약할 수 있습니다. 5. 이 파일 가방은 매우 큰 용량으로 사무실 보관 용품, 보관 여행 용품으로 사용할 수 있으며 작은 메이크업 용품이나 문구 등을 담을 수 있습니다. . 팁 1, 저희 제품에 만족하셨다면 좋은 평가를 해주시기 바랍니다. 제품에 만족하지 못하셨다면 저희에게 연락해 주시면 만족스러운 답변을 드리겠습니다. 2, 저희 가게에는 다양한 고품질 제품이 있습니다.","['봉투', '문서', '폴더', '보호', '버튼', '스냅', '폴리', '파일', '보관', '내용물']"
사무용품,파일링 제품,봉투 파일,,B09NJLCYBQ,"스냅 클로저가 있는 투명 플라스틱 봉투 40개, 플라스틱 폴리 봉투, 문서용 투명 플라스틱 폴더, 학교 및 사무용품용 A4 사이즈 방수 파일 폴더, 22.9 x 30.5cm(9 x 12인치)",CYEAH,27686,27686,4.4,6.0,"패키지 구성: A4 플라스틱 방수 봉투 40개를 받게 됩니다. 일상적인 필요에 맞게 파일을 정리할 수 있는 충분한 양의 확장 가능한 비닐 봉투는 휴대가 쉽고 소지품을 순서대로 보관할 수 있습니다. 내구성 있는 소재: 투명 폴더는 프리미엄 품질의 PP 플라스틱 소재로 만들어져 견고하고 내구성이 뛰어나며 방수 및 습기 방지, 무독성 및 무미, 전문적인 품질을 제공합니다. 투명: 투명 커버는 편안함을 느끼고 내용물을 볼 수 있으며 봉투를 열지 않고도 문서를 쉽게 찾을 수 있습니다. 파일이 어수선할 염려가 없습니다. 버튼 잠금 디자인: 스냅 버튼 디자인으로 주머니를 쉽게 열고 닫을 수 있으며 문서를 안전하게 보관할 수 있으며 반복적으로 사용할 수 있으며 쉽게 손상되지 않으며 최대 200장의 종이를 수용할 수 있습니다. 다목적 확장 폴더: 파일 폴더는 가정, 사무실, 학교, 회사, 다양한 기관에서 문서를 저장하거나 전송하는 데 매우 적합합니다. 파일 오거나이저는 프로젝트, 문서, 비즈니스 비용, 세금 서류 및 루스 리프 용지를 위한 최고의 선택입니다.","CYEAH 플라스틱 봉투 40개, 투명 재사용 가능한 폴리 봉투 방수 파일 폴더, 스냅 벨크로, 미국 편지, A4 사이즈./제품 특징: 프리미엄 품질의 PP 소재로 제작되어 견고하고 내구성이 뛰어나며 방수 및 습기 방지 기능이 있습니다. 투명한 커버로 내용물을 볼 수 있고 필요한 종이 파일을 편리하게 식별할 수 있습니다. 스냅 버튼 디자인으로 포켓을 쉽게 열고 닫을 수 있으며 문서를 안전하게 보관할 수 있습니다. 학교, 회사, 다양한 기관에서 문서를 저장하거나 전송하는 데 적합합니다./제품 사양: 소재: PP 플라스틱 색상: 투명 사이즈: A4/제품 구성: 플라스틱 봉투 40개./웜 프롬프트: 저희 제품의 품질에 만족하지 못하셨다면 저희에게 알려주세요. 100% 장벽 없는 환불 보장을 기반으로 함을 보장합니다.","['봉투', '플라스틱', '투명', '문서', '파일', '폴더', '구성', '방수', '스냅', '학교']"
사무용품,파일링 제품,봉투 파일,,B09C8NGFVJ,파일 폴더 플라스틱 봉투 폴리 봉투 폴더 파일 가방 학교 가정 작업 사무용품을 위한 스냅 버튼 클로저가 있는 투명 방수 문서 폴더 A4 사이즈 10팩 (블랙),,27686,27686,4.4,3.0,"【향상된 품질】내구성이 뛰어난 PP 플라스틱 소재, 디테일한 숲 공예, 편안한 촉감 및 휴대가 간편하며 방수 및 기밀성이 뛰어납니다. 파일 폴더의 두께는 0.4mm입니다. 【심플하고 패셔너블한 디자인】저희 플라스틱 봉투는 클래식하고 깔끔한 외관을 가지고 있으며, 흑백 색상으로 심플하고 트렌디하여 문서나 파일 보관에 적합합니다. 【버튼 클로저가 있는 파일 가방】버튼 잠금 디자인으로 파일이나 문서를 쉽게 보관할 수 있으며 많은 시간을 절약할 수 있습니다. 【대용량】폴리 폴더의 크기는 320*230mm(12.5*9인치)로, 최대 200장의 A4 용지 또는 기타 작은 물건을 보관할 수 있으며 다양한 파일을 쉽게 정리하고 구별할 수 있습니다. 【용도】저희 파일 봉투 폴더는 문서를 정리할 수 있도록 휴대할 수 있으며 학교, 사무실, 가정 및 출장에 다양한 용도로 사용할 수 있습니다.","파일 폴더 플라스틱 봉투 폴리 봉투 폴더 파일 가방 특징: ---고품질 PP 플라스틱 소재, 내구성 및 신뢰성. ---클래식하고 심플한 스타일, 대부분의 사람들에게 인기가 있습니다. ---매우 큰 용량, 편리하게 휴대할 수 있습니다. ---스냅 버튼 잠금 디자인, 개인 정보 보호 ---학교, 사무실 또는 가정에서 널리 사용됩니다. 사양: --사이즈: 320*230 mm(12.5*9 인치) --무게: 폴더 당 65g. ---색상: 블랙, 화이트, 투명 제품 구성: 1X 10피스 파일 폴더 플라스틱 봉투 폴리 봉투 폴더 파일 가방","['파일', '폴더', '봉투', '플라스틱', '가방', '문서', '폴리', '버튼', '가정', '구성']"
사무용품,파일링 제품,봉투 파일,,B0C3BWVY9J,"40팩 스탬프 및 다이 보관 포켓, 재사용 가능한 소형 플라스틱 봉투 방수 스티커 오거나이저 영수증 홀더 사진 보관 폴더 (10.2 x 15.2cm(4 x 6인치))",Vmiapxo,19320,19320,4.7,462.0,"패키지 수량: 다른 불안정한 클로저와 달리 40팩 투명 플라스틱 봉투가 제공됩니다. 재사용 가능한 봉투는 모두 스냅 클로저가 있어 물건을 더 효과적으로 보호할 수 있습니다 소재: 스티커 오거나이저는 플라스틱으로 만들어졌으며 재사용이 가능하며 방수 기능이 있습니다. 투명한 색상으로 내부의 아이템과 패턴을 볼 수 있으며 보관 및 식별이 쉽습니다 용도: 플라스틱 봉투를 사용하여 스탬프와 주사위, 스티커, 현금, 사진, 영수증, 송장, 문서, 노트북, 카드, 편지, 초대장, 인사말 카드 등을 보관할 수 있습니다",,"['플라스틱', '봉투', '가능하다', '보관', '재사용', '스티커', '방수', '스탬프', '카드', '사진']"
사무용품,파일링 제품,봉투 파일,,B001CDD25E,"Pendaflex 폴리 지퍼 봉투, 상단 로딩, 2.5cm(1인치), 지퍼 클로저, 33.5cm(13 x 10.125인치), 레터 사이즈 용지 보관, 색상은 다를 수 있습니다 (84192)",Globe-Weis,9431,9431,4.1,42.0,"다양한 색상 지퍼: 다크 블루, 오렌지, 그린, 핑크 마모, 찢어짐 및 방수 기능이 있는 매우 튼튼한 폴리 지퍼 잠금, 2.5cm (1인치) 용량 폴리 지퍼 봉투, 상단 로딩, 33 x 25 cm, 레터 크기 용지 보관 레터 사이즈 봉투","Globe-Weis 제품은 정리가 쉽고 빠르게 파일링할 수 있으며 정보에 더 접근할 수 있도록 합니다. Globe-Weis 폴리 봉투는 중요한 양식, 편지, 서류 및 보고서를 안전하게 휴대, 보호, 정리 및 보관할 수 있는 완벽한 방법입니다. 밝은 색상의 튼튼한 폴리 봉투로 내용물에 쉽게 접근할 수 있으며 최대 2.5cm(1인치)까지 확장되어 다양한 편지 크기의 문서를 보관할 수 있습니다. 내구성이 뛰어난 아카이브 품질의 폴리프로필렌으로 제작된 이 논스틱 사이드 오프닝 봉투는 문서가 찢어지거나 부서지거나 습기로부터 보호하는 훌륭한 방법입니다. 쉽게 재사용할 수 있는 지퍼 클로저와 빠른 식별을 위한 시스루 프론트가 있는 Globe-Weis 폴리 봉투는 인터오피스 봉투로도 훌륭합니다. Globe-Weis는 사무실, 가정, 학교 및 그 사이 어디에서나 모든 종류의 종이와 문서를 관리할 수 있도록 다양한 솔루션을 제공합니다.","['봉투', '폴리', '지퍼', '문서', '튼튼하다', '접근', '정리', '보관', '용지', '클로저']"
사무용품,파일링 제품,봉투 파일,,B06Y4S6ZCP,H&S 30 A4 플라스틱 지갑 폴더 Foolscap 문서 파일 포퍼 지갑 봉투 폴더 포켓 투명 그린 레드 블루 옐로우,H&S,13836,13836,4.7,2215.0,"A4+ 문서 지갑 폴더는 플라스틱으로 만들어졌습니다 이 A4 지갑은 신분증 창이 있는 foolscap 스터드 포퍼가 있습니다 플라스틱 폴더는 최대 150장의 A4 80g 용지를 담을 수 있습니다 5가지 색상의 30개 팩, 각 색상당 6개, 투명, 블루, 그린, 핑크, 옐로우 A4 플라스틱 폴더 크기: 33.5 x 23.5cm (13.2"" x 9.2"")","H&S A4 Plastic Folders with Closure for Schools & Organization - Multi-Colored Clear Plastic Files for Organizing Folders - Office Supplies Folders with Pockets LOOKING FOR A SECURED OPTION TO KEEP YOUR DOCUMENTS ORGANIZED?  Stop looking for it now because we have got a perfect option for you. Our H&S clear envelopes wallets come with a securing button that keeps the older as well as newer data safe and secure from all kinds of environmental changes for a longer period.  WORRYING ABOUT FORGETTING THE DOCUMENTS BY KEEPING THEM IN A FILE?  Don't worry, we’ve got a solution for you, the H&S plastic file folders are available in the viewable form as they are translucent so the documents you will be putting in will be easily visible to you, also it allows you to not open the whole file, again and again, to see what's inside of them.  Why choose H&S Document Envelope?  With a wide variety of color choices, you can purposely secure files separately to differentiate.  The plastic file folder set is also user-friendly with reusable and washable techniques.  Made of high-quality plastic that will make them last for years.  They have longer durability than conventional kinds of paper files.  Our Mission:  Here at H&S, We aim to improve and enrich people’s lives through our meaningful and advanced products of uncompromising quality and integrity. Our innovations respond to our customer’s needs and reflect our brand to the external world. Here we harness the best of our collective expertise to deliver world-class solutions to our people at all times.","['폴더', '지갑', '플라스틱', '그린', '포퍼', '문서', '투명', '블루', '옐로우', '스터드']"
사무용품,파일링 제품,봉투 파일,,B07S164JS2,"BAZIC 플라스틱 봉투 폴리 봉투, 레터 사이즈 투명 폴더 스트링 클로저 상단 1개 및 측면 로딩 1개, A4 사이즈 파일 폴더, 학교 사무용품, 총 2개",BAZIC Products,7049,7049,4.2,23.0,"⭐ 파일 오거나이저. 고품질 폴리프로필렌(PP) 플라스틱으로 제작되었습니다. 안전하고 무독성. 치수: 33cm x 23.6cm. 최대 2.5cm(1인치) 확장 가능. A4와 레터 사이즈에 모두 맞습니다. 팩 당 2개(세로 및 가로) ⭐ 보안 및 세련됨. 방수 및 찢어짐 방지 폴리 포트폴리오로 서류를 보호하세요. 오래 사용할 수 있도록 0.18mm 두께 스펙트럼의 내구성 있는 구조. ⭐ 다양한 수납 공간. 종이, 중요한 파일, 계약서, 판매 보고서, 프레젠테이션, 영수증, 수표, 지폐, 문서, 책, 바우처, 카드, 페인트 작업, 숙제, 과제를 정리하세요. ⭐ 투명함. 스트링 클로저가 있는 플랩 봉투. 싱글 포켓. 투명 컬러 폴더 백으로 파일 폴더 내부의 내용물을 확인할 수 있습니다. ⭐ 휴대용. 심플하고 우아한 디자인으로 업무, 공부, 여행, 출장, 일상 서류 정리 및 서류 보관에 재미를 더합니다. 중요한 문서가 젖거나 긁힐 염려가 없습니다.",,"['폴더', '파일', '서류', '봉투', '정리', '스트링', '중요하다', '문서', '플라스틱', '클로저']"
사무용품,파일링 제품,봉투 파일,,B09VY3HPZQ,"MECCANIXITY 파일 폴더, A4 사이즈 투명 봉투 문서 오거나이저, 스냅 버튼 포함, 홈 오피스 문구류용, 오렌지 12개 팩",MECCANIXITY,20068,20068,5.0,4.0,"이 파일 폴더는 일상 생활에서 다용도로 사용할 수 있어 문서를 쉽게 정리하고 찾을 수 있으며 사무실, 교육, 가정, 여행에 적합하며 종이, 문서, 계약서, 판매 보고서, 프레젠테이션, 티켓, 봉투, 편지, 카드, 수표, 청구서 등을 보관하기에 좋은 아이템입니다 사이즈: A4; 색상: 오렌지; 전체 사이즈: 32.5 x 23.5cm / 12.8 x 9.4 인치 (길이*너비) 튼튼한 PP 플라스틱 소재로 제작되어 방수, 내마모성, 세척이 쉽고 내구성이 뛰어나며 오래 사용할 수 있으며 쉽게 깨지지 않습니다 쉽게 보관할 수 있도록 색상 코드로 제공되며 다양한 물건을 효율적이고 정확하게 정리할 수 있으며 일상적인 요구 사항을 충족하기 위해 다양한 수량으로 포장됩니다. 스냅 버튼 잠금 디자인으로 파일을 쉽고 편리하게 정리할 수 있습니다 지퍼 백을 열고 정리해야 하는 물건을 가방에 넣은 다음 닫습니다",,"['정리', '문서', '파일', '폴더', '오렌지', '봉투', '일상', '버튼', '스냅', '물건']"
사무용품,파일링 제품,봉투 파일,,B0CSS47PYN,"A4 플라스틱 봉투 40개, 스냅 클로저가 있는 봉투, 2가지 색상 A4 폴더 봉투 플라스틱 파일 폴더, 사무실, 가정, 학교용, 32.9x23.5cm(12.9x9.2인치), 오렌지 및 옐로우",ZEONHAK,29071,29071,,,"강하고 견고함 - 이 플라스틱 봉투는 PP 소재로 만들어져 견고하고 쉽게 깨지지 않아 반복적인 사용에 적합합니다. 가방의 표면은 매끄럽고 촉감이 편안하며 일상적인 문서 보관에 적합합니다. 투명한 표면 - a4 폴더 봉투는 투명하고 투명하여 내부에 저장된 문서를 쉽게 식별할 수 있습니다. 문서를 빠르게 찾고 작업 효율성을 향상시키는 데 도움이 됩니다! 실용적인 사무실 도구입니다. 스냅 오프닝 - 스냅 클로저가 있는 플라스틱 폴더의 입구는 스냅 버튼 클로저로 설계되었습니다. 쉽게 열고 잠글 수 있어 문서에 쉽게 액세스할 수 있습니다. 파우치를 잠그면 파일이 떨어지는 것을 방지할 수 있습니다. 다양한 용도 - 스냅 클로저가 있는 32.8 x 23.4cm(12.9 x 9.25인치) 봉투는 A4 크기의 종이 파일을 보관하기에 적합합니다. 사무실, 회의실, 비즈니스, 학교 및 가정에 적합하며 다양한 장면에 적용 가능합니다 행복한 쇼핑 - 투명 플라스틱 파일 폴더에 품질 문제가 있는 경우 제품 수령 후 30일 이내에 환불을 요청할 수 있습니다. 품질과 고객 만족을 최우선으로 생각합니다. 언제든지 저희에게 연락하는 것을 망설이지 마십시오. 위험 부담이 없습니다. 장바구니에 담기를 클릭하세요!","회사 소개 ZEONHAK 항상 고품질 제품, 만족스러운 서비스, 고객 지향을 약속으로 간주합니다. 저희는 경제적이고 실용적인 제품을 제공하기 위해 최선을 다합니다. 플라스틱 봉투를 찾고 계신다면 ZEONHAK 제품이 이상적인 선택입니다. 왜 저희를 선택해야 할까요? ●이 키트에는 32.8 x 23.4cm(12.9 x 9.25인치) 파일 폴더 40개가 포함되어 있으며, 모든 종류의 재료를 정리해야 하는 장소에 적합합니다. ●A4 폴더 봉투는 핫 프레스 기술로 양면에 밀봉되어 타이트하고 단단하며 쉽게 분리할 수 없습니다. ●스냅 클로저가 있는 이 봉투의 대용량은 여러 A4 크기의 파일을 동시에 보관할 수 있어 보관 요구 사항을 완벽하게 충족합니다. 정보, 원고, 청구서, 숙제, 보고서, 제안서 등을 정리하는 데 사용할 수 있습니다. 스냅 클로저가 있는 이 플라스틱 폴더는 실용적인 가방입니다. 사양: 소재: PP 사이즈: 32.9 x 24.9 cm 색상: 오렌지, 옐로우 제품 구성: 플라스틱 봉투 40개","['봉투', '플라스틱', '폴더', '스냅', '파일', '클로저', '문서', '실용', '투명하다', '사무실']"
사무용품,파일링 제품,봉투 파일,,B0BN1VC7M1,"리갈 사이즈 폴리 스트링 봉투, 확장 가능한 거싯, 투명 폴리 재사용 가능한 파일 폴더 프로젝트 종이 문서 정리함, 사무실 학교 가정용, 10팩",XINGXINRONG,17991,17991,4.2,47.0,"고품질 폴리 소재로 제작된 플라스틱 파일 봉투는 방수/찢어짐 방지 기능이 있어 중요한 문서를 안전하고 안전하게 보관합니다. 사이즈 32x25x3cm(12.6x10x1.18인치). 대용량을 위한 확장 가능한 거싯, 최대 200장의 표준 시트를 담을 수 있습니다. 내구성이 뛰어난 스트링 봉투는 중요한 문서를 안전하고 안전하게 보관할 수 있어 이상적인 보관 도구가 될 것입니다. 내용물을 편리하게 보관할 수 있는 스트링 클로저로 중요한 문서를 보관하고 정리하는 것이 안전합니다. 반투명 색상으로 콘텐츠를 볼 수 있으며 필요한 파일을 정확하게 사용하고 가져갈 수 있습니다. 문서를 효과적으로 정리하고 보관할 수 있습니다.","투명 스트링 봉투 10개 팩 32 x 3 x 25.4cm(12.6 x 1.2 x 10인치). 두껍고 내구성이 뛰어난 폴리로 제작, 방수 및 찢어짐 방지. 생생한 색상으로 전문적으로 제작되었습니다! 대용량을 위한 확장 가능한 거싯(너비 3.8cm(1.23인치) 확장), 최대 200장의 표준 시트를 담을 수 있습니다. 미국 레터 크기에 맞습니다. 내구성이 뛰어난 스트링 봉투는 중요한 문서를 안전하고 안전하게 보관합니다. 내용물을 편리하게 고정하기 위한 스트링 클로저, 반투명 색상으로 내용물을 볼 수 있습니다","['안전하다', '문서', '스트링', '봉투', '가능하다', '보관', '중요하다', '폴리', '확장', '제작']"
사무용품,파일링 제품,봉투 파일,,B07CYM2PFR,"문서 폴더, 8팩 폴리 봉투, 꽃무늬 프린트 방수 레터 사이즈 문서 오거나이저 소책자 파일 페이퍼 폴더 스냅 버튼 포함",Yeebline,12451,12451,3.8,34.0,"Yeebline 8팩 멀티 컬러 폴리 봉투로 업무, 과제 또는 기타 중요한 문서를 빠르고 쉽게 정리할 수 있습니다. (핑크, 블루, 그린, 베이지의 다양한 색상. 각 색상 2개) 프리미엄 품질의 폴리프로필렌(PP) 소재(무독성, 중성)로 제작되어 방수 및 찢어짐 방지 기능이 있어 중요한 문서를 장기간 보관할 수 있습니다. 쉽고 편리하게 열 수 있는 스마트 스냅 버튼 디자인으로 봉투를 완벽하게 밀봉하여 문서를 습기로부터 보호하고 파일을 안전하게 보관할 수 있습니다. 종이가 떨어질 염려가 없습니다. 제품 크기: 23.1cm x 33.5cm. A4/레터 사이즈에 맞고, 각 폴더에는 최대 150개의 A4 사이즈 페이지를 담을 수 있습니다. 내구성이 뛰어나고 찢어지지 않으며 휴대가 간편합니다. 폴리 파일 봉투 폴더는 사무실, 가정, 학교와 같은 모든 경우에 사용할 수 있습니다. 가족이나 친구를 위한 모든 축제 및 이벤트에 이상적인 선물입니다.","제품 특징: 23.1 cm x 33.5 cm, A4/레터 사이즈는 넉넉한 공간을 가지고 있으며 약 A4 용지 150장. 프로젝트 파일, 글자, 용어 종이, 드로잉, 그림 등과 같은 모든 종류의 문서를 정리하는 데 적합합니다. 스냅 잠금으로 물건을 습기로부터 보호할 수 있습니다. 사무실, 학교, 가정, 직장, 도서관 또는 병원에 이상적인 이 Yeebline 문서 정리 봉투는 모든 문서를 쉽게 정리할 수 있도록 해줍니다. 색상: 8가지 다른 꽃무늬 패턴, 핑크, 블루, 그린, 베이지 색상 포함. 소재: 내구성이 뛰어난 PP 소재로 제작되어 유연하고, 마모에 강하며 방수, 중성이며 무독성으로 마음의 평화를 얻고 장기 보관을 제공합니다. 패키지 구성: 스냅 버튼 클로저가 있는 4색 폴리 봉투 8개","['문서', '봉투', '파일', '정리', '폴리', '폴더', '스냅', '구성', '방수', '버튼']"
사무용품,파일링 제품,봉투 파일,,B09KYG5599,"2팩 600D 폴리 39.5x30.5cm(15.7x12.7인치) 대형 보관 봉투 파일 페이퍼 문서 오거나이저 파우치 백 지퍼 포켓 2개 휴대용 벌크 지퍼 백, 학교 사무실 용품, 블랙",EZEKMAF,19376,19376,4.5,17.0,"다용도: 사무실 파일, 종이 작업, 비즈니스 봉투, 법적 문서에 이상적입니다. 외부 포켓에는 스마트폰, USB 케이블, 연필 및 열쇠를 보관할 수 있습니다. 특징: 가볍지만 내구성이 뛰어난 소재로 오래 사용할 수 있습니다. 내용물을 안전하게 보관할 수 있는 튼튼한 지퍼. 사이즈: 15.7Wx12.7H 인치. 소재: 600 데니어 폴리에스터. 색상 및 수량: 블랙, 2팩.","이 제품은 비즈니스 파일, 학교 서류 작업, 사무실 문서를 저장하여 일상 생활과 업무를 충족시키는 데 사용할 수 있습니다. 이 소재는 내구성이 뛰어나고 유연하며 가볍습니다. 튼튼한 지퍼 클로저로 안전하게 닫을 수 있습니다.","['지퍼', '문서', '사무실', '파일', '가볍다', '학교', '비즈니스', '블랙', '봉투', '작업']"
사무용품,파일링 제품,봉투 파일,,B0CPF6M578,"스냅 클로저가 있는 플라스틱 봉투 50개, A4 레터 사이즈 투명 문서 폴더, 포켓 포함, 파일, 문서 정리용 방수 파일 폴더",,26467,26467,,,【고품질】MUXHEL 문서 폴더는 고품질 PP 소재로 만들어져 내구성이 뛰어나고 가벼우며 방수 기능이 있어 중요한 문서를 손상으로부터 보호할 수 있습니다. 👍【A4 레터 사이즈】MUXHEL 파일 폴더는 A4 레터 사이즈 문서를 담을 수 있도록 설계되어 접히거나 구겨지지 않고 용지를 위한 충분한 공간을 제공합니다. 👍【편리한 포켓】각 문서 지갑에는 추가 보관 공간을 제공하는 실용적인 포켓이 포함되어 있어 작은 물건이나 메모를 주 문서와 함께 보관할 수 있어 완벽한 정리가 가능합니다. 👍【패키지 구성】스냅 클로저가 있는 A4 레터 사이즈 플라스틱 봉투 50개를 받게 됩니다. 투명한 디자인으로 콘텐츠를 쉽게 식별할 수 있으며 특정 문서를 검색하는 시간을 절약할 수 있습니다. 👍【애프터 서비스】MUXHEL 브랜드는 매우 성숙하고 많은 사람들에게 사랑받고 있습니다. 저희는 품질에 대한 태도를 최우선으로 고수합니다. 제품 사용에 문제가 있거나 제품이 손상된 경우 저희에게 연락하십시오. 최대한 빨리 문제를 해결해 드리겠습니다.,,"['문서', '폴더', '포켓', '파일', '클로저', '플라스틱', '봉투', '정리', '방수', '문제']"
사무용품,파일링 제품,봉투 파일,,B083SD9ZW3,"7팩 A4 플라스틱 지갑 폴더 봉투, 클로저 및 라벨 포켓 포함, 7.1cm(2.8인치) 확장, 레터 사이즈, 투명 폴리 파일 폴더 홀더 문서 정리함, 학교 가정 직장 사무실용 확장 가능",FANWU,41536,26301,4.7,273.0,"✔ 【확장 가능한 대용량 플라스틱 지갑 폴더 】 -- 7.1cm(2.8인치) 확장 가능한 나일론 거싯으로 파일 지갑을 확장하여 더 많은 물건과 무거운 문서를 넣을 수 있습니다. 각 플라스틱 파일 폴더에는 최대 800장을 담을 수 있습니다. 레터 사이즈/A4 용지에 적합하며 서랍이나 파일 캐비닛에 쉽게 보관할 수 있습니다. ✔ 【내구성 및 긴 사용 수명】-- 두꺼운 중성 폴리프로필렌 소재로 만든 문서용 FANWU 플라스틱 폴더, 무독성 및 환경 친화적이며 내마모성 및 긁힘 방지 기능이 있습니다. 원단으로 가장자리 스티치, 더 세련된 스타일과 긴 수명. ✔ 【시스루 소재 및 인덱스 카드 】 -- 반투명 소재로 내용물을 한 눈에 찾을 수 있습니다. 명함 / 인덱스 카드가 있는 플랩은 일상 생활에서 더 나은 분류를 제공합니다. ✔ 【스냅 버튼 클로저가 있는 플랩 】 -- 풀 사이즈 플랩은 중요한 문서를 더 안전하게 보관할 수 있습니다. 업그레이드된 플라스틱 스냅 버튼은 장기적인 잠금 보호 기능을 제공합니다. ✔ 【다기능 정리 도구】-- 클로저가 있는 플라스틱 지갑 문서 폴더는 사무실, 학교 및 가정 보관 도구입니다. 크고 두꺼운 문서, 대형 노트북, 학교 과목, 사무실 문서 파일, 여행 A4 파일, 명함, 어린이 퍼즐, 테이블 게임, DIY 세트, 사진에 적합합니다.","프리미엄 품질의 매우 견고함 -- 두꺼운 중성 시스루 폴리 소재 및 내마모성 고밀도 캔버스 거싯으로 폴더의 수명을 더 오래 사용할 수 있습니다. -- 나일론 원단 가장자리와 뛰어난 솜씨로 바느질하여 문서 폴더의 하중을 견딜 수 있습니다. -- 내구성이 뛰어난 스냅 버튼 클로저로 중요한 문서와 파일을 더 안전하게 보관할 수 있습니다. 넓고 확장 가능한 유연한 문서 파일 폴더. -- 7.1cm(2.8인치) 확장 거싯은 플랩이 있는 파일 지갑을 지지하며 최대 800장을 담을 수 있습니다. -- 대용량으로 더 많은 종류의 물건을 보관할 수 있습니다. 보다 체계적인 삶을 살 수 있도록 도와줍니다. 보관 및 정리에 적합합니다. -- 시스루 소재로 내용물을 빠르게 찾을 수 있습니다. 플랩을 연 후 검색하고 확인할 필요가 없습니다. -- 각 플라스틱 파일 지갑 플랩에는 하나의 인덱스 카드와 포켓이 있어 더 나은 분류, 분류 및 표시에 도움이 됩니다. -- 이 넉넉한 문서 폴더는 일상 생활에서 이상적인 정리 도구입니다. 책, 학교 작품 및 과목, 사무실 문서, 서류, 워크북, 여행 파일, 정책, 병원 문서, 건강 관리 서류, 아기 파일, 가전 제품 설명서, 퍼즐 및 게임 등에 적합합니다. 사양: 소재: 투명 컬러 폴리프로필렌 내부 치수: 너비 31.3cm x 높이 24.9cm 전체 크기: 너비 33.1cm x 높이 25.9cm 패키지 포함: 7팩 플라스틱 파일 지갑 폴더","['파일', '문서', '폴더', '플라스틱', '확장', '지갑', '플랩', '학교', '정리', '클로저']"
사무용품,파일링 제품,봉투 파일,,B0CX48TCXL,"FYY 파일 폴더 - PU 가죽 A4 문서 홀더 파일 오거나이저 파일 봉투 포트폴리오 케이스 태블릿 슬리브, 자석 스냅 클로저 및 전면 포켓 포함, 홈 스쿨 오피스 문구용 네이비",FYY,11066,13836,4.5,4.0,"고품질: 이 파일 폴더는 마그네틱 클로저가 있는 프리미엄 PU 가죽으로 만들어졌으며 내구성이 뛰어난 소재로 오래 사용할 수 있으며 문서를 오랫동안 잘 보호합니다 대용량: 파일 정리함의 내부 치수는 33 x 23.9cm(13 x 9.4인치)이며 A4 용지용으로 특별히 설계되었으며 A4/레터 크기 용지 150-200장을 담을 수 있습니다. 휴대폰, 태블릿(최대 11인치), 펜 또는 휴대해야 하는 기타 작은 물건을 쉽게 보관할 수 있습니다. 또한 모든 필수품을 보관할 수 있는 2개의 전면 포켓이 있습니다 스타일리시한 방수 기능: 이 가죽 봉투 폴더 표면은 부드럽고 매끄러우며 촉감이 좋습니다. 방수 표면으로 문서를 안전하고 쉽게 관리할 수 있습니다 간편한 휴대: 가벼워 휴대가 편리하며 백팩, 서류 가방, 가방에 넣을 수 있으며 손에 쥘 수도 있습니다 다양한 용도: 상업 행사, 사무실 문서 보관, 가정 문서 보관, 면접, 학교 등에 적합한 파일 정리 가방. 친구와 가족을 위한 이상적인 선물입니다. 제품에 대해 궁금한 점이 있으시면 언제든지 저희에게 연락하십시오",,"['파일', '문서', '가방', '가죽', '휴대', '폴더', '포켓', '클로저', '태블릿', '방수']"
사무용품,파일링 제품,봉투 파일,,B0CJHN7D9Y,"QWORK 투명 플라스틱 봉투, A4 레터 사이즈 문서 봉투 20개, 파일 가방, 버튼 스냅 클로저가 있는 파일링 봉투, 사무실 학교 작업 정리용 플라스틱 폴더",QWORK,11730,11730,3.4,4.0,"고품질: 프리미엄 PP 소재로 제작되어 튼튼하고 방수 기능이 있으며 쉽게 찢어지지 않으며 무거운 하중, 매끄러운 표면, 촉감이 편안하며 중요한 문서를 보관하기에 적합합니다. A4 레터 사이즈: 투명 문서 봉투는 32.5cm x 23.6cm(12.75인치 x 9.35인치)이며 A4 사이즈 용지에 적합하며 200장 이상의 용지를 수용할 수 있으며 문서를 쉽게 정리하고 구별할 수 있습니다. 빠른 스냅 닫힘: A4 사이즈 봉투 폴더는 스냅 버튼 디자인으로 문서를 쉽고 편리하게 휴대하고 보관할 수 있습니다. 파일 내부의 파일 누출에 대해 걱정할 필요가 없습니다. 투명하고 세련된 폴더로 콘텐츠를 명확하게 볼 수 있어 검색 시간을 절약할 수 있습니다. 다용도: 플라스틱 봉투는 스티커, 공예품, 카드, 지폐, 문서, 티켓, 편지, 사진, 메뉴 또는 메모를 보관하는 데 사용할 수 있으며 흩어져 있는 모든 물건을 함께 보관할 수 있습니다. 사무실, 직장, 가정, 학교, 여행 및 출장에서 사용하기에 적합합니다. 패키지 목록: 20개의 투명 A4 플라스틱 문서 봉투가 제공되며 일상적인 필요에 맞게 문서를 정리할 수 있는 충분한 수량입니다. 질문이 있으시면 언제든지 저희에게 연락해 주시면 최선을 다해 도와드리겠습니다.",,"['문서', '봉투', '파일', '플라스틱', '스냅', '투명', '폴더', '정리', '버튼', '보관']"
사무용품,파일링 제품,봉투 파일,,B07K16DQTY,"플라스틱 봉투 - Agoer 24팩 투명 플라스틱 폴리 봉투, 버튼 스냅 클로저, 문서용 A5 투명 플라스틱 폴더, 학교 작업 사무실 정리용 플라스틱 파일 가방 파일링 봉투",Agoer,17991,17991,4.4,192.0,"프레스 스터드가 있는 고품질 문서 지갑 24개 팩, A5 사이즈. 고품질 문서 폴더는 폴리프로필렌(PP) 필름으로 제작되었습니다. 많은 중요한 문서를 하나의 폴더에 안전하게 휴대하는 데 이상적입니다. 이동 중이든 집에서든 매우 실용적입니다. 문서 가방의 크기는 A5 용지보다 크며, 각 플라스틱 포퍼 문서 폴더는 상당히 큰 용량에 맞습니다. 개인화를 위한 명함 홀더, 모든 제품은 Agoer 브랜드 로고가 인쇄되어 있습니다. 일반 FBA 스토어에서 구입하십시오. 국제 제품은 별도의 용어가 있으며 해외에서 판매되며 적합성, 연령 등급, 제품 언어, 라벨 또는 지침을 포함하여 현지 제품과 다를 수 있습니다.",,"['문서', '플라스틱', '폴더', '봉투', '가방', '투명', '파일']"
사무용품,파일링 제품,봉투 파일,,B0C6D96JLM,"Tatuo 스트링 클로저가 있는 A4 플라스틱 봉투 50개, 3.0cm(1.2인치) 확장 플라스틱 레터 사이즈 봉투 폴더 문서용 투명 문서 홀더 종이 정리함 사무실 학교 용품용(화이트)",Tatuo,41522,41522,5.0,2.0,"충분한 수량: 흰색으로 제공되는 재사용 가능한 봉투 50개를 받게 됩니다. 크기는 약 37 x 25cm(14.57 x 9.84인치)이며 약 1.2인치/3cm 확장 공간으로 A4 레터 용지를 고정 보관하기에 적합합니다 실용적인 디자인: 플라스틱 문서 봉투는 전통적인 버튼과 스트링 클로저가 있는 플립 커버를 채택하여 내구성이 뛰어나며 사무실 문서 및 공식 행사를 보관하기에 적합합니다 신뢰할 수 있는 PP 플라스틱 소재: 문서 봉투는 고품질 PP 플라스틱 소재로 만들어져 방수 및 서비스 가능하며 쉽게 퇴색하거나 변형되거나 깨지지 않아 멋진 사용 경험을 제공합니다 시간 절약: 플라스틱 투명 파일 폴더의 투명한 디자인은 사용하기 편리하며, 열지 않고도 내용물을 쉽게 확인하고 원하는 것을 빠르게 찾을 수 있습니다 다양한 용도: 플라스틱 파일 폴더는 학교, 사무실, 회의, 가정 등과 같은 다양한 경우에 널리 채택될 수 있으며 대용량으로 대부분의 문서를 보관하기에 적합합니다","특징: 문서 정리: 이 플라스틱 폴더는 대부분의 문서 및 기타 물건을 잘 정리하는 데 도움이 되므로 공간을 깨끗하고 깔끔하게 만듭니다. 멋진 장소에서 일하거나 공부를 즐기세요. 멋진 선물: 가족, 동료, 친구 및 기타 많은 사람들에게 선물로 문서용 플라스틱 봉투를 보낼 수 있습니다. 실용적인 액세서리를 받으면 행복하고 놀랄 것입니다. 사양: 소재: PP 플라스틱 색상: 사진과 같음. 사이즈: 약 14.57 x 9.84 인치/37 x 25 cm, 약 1.2 인치/3 cm 확장 공간. 패키지 구성: 문서용 플라스틱 봉투 50개. 참고: 수동 측정, 사이즈에 약간의 오차가 있을 수 있습니다. 화면 디스플레이의 차이로 인해 색상이 약간 다를 수 있습니다.","['플라스틱', '문서', '봉투', '폴더', '보관', '사무실', '확장', '공간', '정리', '멋지다']"
사무용품,파일링 제품,봉투 파일,,B0D1BWH4LX,"VANRA 확장 가능한 파일 폴더 PU 가죽 문서 홀더 포트폴리오 파일 봉투, 포켓 2개, A4 레터 사이즈 용지용 신축성 있는 끈이 있는 문서 정리함 케이스 (브라운)",VANRA,17977,17977,,,"[고품질] 방수 문서 홀더는 부드럽고 멋진 질감의 PU 가죽으로 만들어졌으며 꼼꼼하게 바느질했습니다. 이 소재는 내구성이 뛰어나 습기나 주름 없이 종이 문서를 오랫동안 보관할 수 있습니다. [대용량 듀얼 파일 포켓] 3cm(1.2인치) 높이로 확장되는 포트폴리오 파일 폴더는 거의 200장의 A4 크기 또는 레터 사이즈 용지를 담을 수 있어 많은 문서나 두꺼운 책을 깔끔하게 정리하고 보관하는 데 이상적입니다. 파일 봉투의 바깥쪽에는 확장이 있습니다. 가죽 봉투 크기의 3/4 크기의 작은 포켓은 카드, 현금, USB 플래시 디스크 또는 이어폰과 같은 작은 물건을 보관하는 데 사용할 수 있습니다. [신뢰성] 신축성 있는 스트링 타입 씰이 있는 가죽 파일 봉투 디자인으로 쉽게 고정할 수 있는 버클로 중요한 문서가 미끄러지지 않도록 효과적으로 보호합니다. 문서를 꺼내거나 다시 넣는 것도 편리합니다. [디자인] 단순하고 우아한 스타일의 문서용 파일 폴더는 비즈니스맨이 이력서 폴더, 여행 문서 홀더 및 기타 유사한 기능을 제공하는 등 전문적인 태도를 보여주기에 좋습니다. 학생들은 책을 문서 폴더에 넣고 수업에 참석할 수도 있습니다. [휴대용 사이즈] -치수: 33x24x3cm(13x9.4x1.1인치) (길이 x 너비 x 높이). 문서용 파일 폴더의 크기는 배낭, 책가방, 여행 가방에 쉽게 넣거나 휴대할 수 있습니다.","VANRA 문서용 파일 폴더: 파일 폴더 확장은 거의 200장의 레터 크기 용지 또는 A4 크기 용지를 담을 수 있으며 매일 파일링하거나 중요한 문서를 보관하기에 적합합니다. PU 가죽으로 만든 방수 문서 홀더는 종이가 축축하거나 구겨지지 않도록 보호하여 장시간 보관에 적합합니다. 가죽 파일링 봉투와 버클에 신축성 있는 끈으로 문서가 미끄러지는 것을 방지합니다. 공부, 출퇴근, 회의 참석, 출장 또는 여행과 같은 다양한 상황에 적합합니다. 선물로도 좋습니다.","['문서', '파일', '폴더', '가죽', '봉투', '보관', '확장', '홀더', '포켓', '용지']"
사무용품,파일링 제품,봉투 파일,,B08PL571FK,"12팩 플라스틱 봉투 파일 봉투, 포켓이 있는 파일 폴더, 투명 문서 폴더, 미국 문자 A4 사이즈 파일 봉투, 라벨 포켓 포함, 홈 스쿨 오피스 문서 정리용",Rivama,12451,12451,4.6,376.0,"프리미엄 품질: 이 플라스틱 봉투는 두꺼운 PVC 소재로 제작되어 내구성이 뛰어나고 종이를 보호합니다. 내마모성, 부식 방지 기능이 있으며 일상적인 사용을 견딜 수 있도록 제작되었습니다. 스냅 및 라벨 파우치 디자인: 편리한 스냅 클로저가 있는 고품질 투명 문서 포켓. 32.5 x 23.5cm(12.8 x 9.25인치) 크기로 미국 문자, A4 사이즈 용지 및 기타 작은 물건을 보관하기에 적합합니다. 또한 플라스틱 봉투에는 정리하기 쉬운 라벨 포켓이 있어 문서를 쉽게 분류하고 식별할 수 있습니다. 다채로운 투명도와 큰 용량: 각 세트에는 6가지 색상이 포함되어 있습니다. 각 색상은 투명, 투명 블루, 그린, 옐로우, 퍼플, 레드. 충분한 용량으로 다양한 유형의 문서를 쉽게 정리하고 구별할 수 있습니다. 투명 및 방수: 이 문서 폴더의 투명하고 매끄러운 디자인으로 외부에서 내용물을 쉽게 볼 수 있습니다. 또한, 방수 기능이 있어 중요한 종이를 위한 추가 보호 레이어를 제공합니다. 다용도: 이 플라스틱 봉투는 다목적이며 학교, 가정, 사무실, 출장, 병원 및 정부 기관과 같은 다양한 환경에 적합합니다. 반투명 디자인으로 정리 파일을 효율적으로 관리할 수 있으며 친구에게 실용적이고 사려 깊은 선물로 줄 수도 있습니다. 이 다기능 플라스틱 봉투의 편리함과 신뢰성을 경험하고 문서를 안전하고 정리하며 쉽게 꺼낼 수 있습니다.",,"['봉투', '문서', '플라스틱', '정리', '투명', '포켓', '파일', '디자인', '폴더', '라벨']"
사무용품,파일링 제품,봉투 파일,,B0CY5KVLWQ,"투명 플라스틱 봉투 폴리 봉투 확장 가능한 파일 문서 폴더, 스트링 타이 클로저, 레터 A4 사이즈 (오렌지)",zoohot,19376,19376,4.7,21.0,"확장 가능한 플라스틱 봉투 10개 세트, 사이즈: 32.5 x 25 cm(12.59 x 9.84 인치), 미국 편지/A4 사이즈. 무산성, PVC 프리. 고품질의 두껍고 내구성이 뛰어난 폴리로 제작, 방수 및 찢어짐 방지. 상단 로딩 파일링 봉투는 3cm(1.2인치)까지 확장되며, 책상, 서랍 또는 이동 중에도 문서를 편리하게 보관할 수 있는 훌륭한 선택입니다. 저희 제품 품질에 만족하지 않거나 구매에 만족하지 못하셨다면 ZOOHOT은 구매 후 기꺼이 반품을 수락하여 질문 없이 전액 환불해 드립니다.","zoohot 파일 봉투는 확장 가능한 대용량 프리미엄 품질. 반투명 소재로 내용물을 쉽게 볼 수 있으며 견고하고 내구성이 뛰어납니다. 책상, 서랍 또는 이동 중에도 문서를 편리하게 보관할 수 있는 훌륭한 선택입니다. 소재: 환경 보호 PP 패키지: 10팩 플라스틱 봉투 적재 방법: 상단 적재 사이즈: 32.5x25cm(12.59인치 x 9.84인치), 3.2cm(1-1/4인치) 확장 가능한 거싯. 내구성이 뛰어난 폴리 소재는 찢어짐을 방지하고 습기를 차단하여 직원 혜택, 광고 프로모션, 무역 박람회, 결혼 계획, 비즈니스 선물, 사무실 보관에 이상적입니다","['봉투', '확장', '가능하다', '구성', '플라스틱', '문서', '폴리', '파일', '책상', '만족하다']"
사무용품,파일링 제품,봉투 파일,,B0B4JM2G2R,"FYY 플라스틱 봉투 10개, 투명 폴리 지퍼 봉투 파일 폴더 백, 반투명 A6 사이즈 지폐 지갑, 사무용품용 지퍼 소책자 지갑, 21.9 x 14cm(8.66 x 5.12인치), 투명",FYY,11066,11066,3.3,15.0,"[고품질 소재] 당사의 A6 플라스틱 봉투는 우수한 품질의 PP 소재로 만들어져 방수, 찢어짐 방지 및 내구성이 뛰어나며 오랫동안 사용할 수 있으며 쉽게 깨지지 않습니다 [제품 사이즈] 22 x 13cm(8.6 x 5.1인치) 크기의 투명 플라스틱 봉투는 A6장, 문구류, 영수증, 쿠폰, 송장, 현금, 여권, 수표, 지폐 및 기타 작은 물건을 보관하기에 적합합니다 [지퍼 파우치 디자인] 폴리 지퍼 봉투는 부드럽고 튼튼한 지퍼 클로저로 제작되어 열고 닫을 때 편리하며 물건을 안전하게 보관할 수 있습니다. 지퍼 탭에 링이 있어 벽에 걸거나 휴대하기 쉬운 리프트 링 역할을 할 수 있습니다. 금속 끝은 지퍼 탭이 떨어지는 것을 방지합니다 [다양한 용도] 이 지퍼 파우치 세트는 일상 생활에 매우 유용합니다. 사무실 근로자 및 기타 전문가에게 적합합니다. 휴대해야 하는 다양한 종류의 물건을 보관하는 데 사용할 수 있습니다. 사무실, 여행 및 가정 정리함에 적합합니다 [패키지 구성] 패키지에는 반투명하고 내부에 무엇을 보관하는지 쉽게 볼 수 있는 플라스틱 봉투 10개가 포함되어 있습니다. 다양한 보관 요구 사항을 충족하고 문서를 정리하고 보호 기능을 제공합니다",,"['지퍼', '봉투', '플라스틱', '보관', '물건', '투명', '휴대', '지폐', '사무실', '방지']"
사무용품,파일링 제품,봉투 파일,,B0CP1RXMDS,"A4 플라스틱 폴리 지퍼 봉투, 투명 지퍼 폴더, 라벨 포켓 포함, 재사용 가능한 지퍼 파우치, 학교, 사무실, 여행, 보관, 문서, 레터 사이즈 용품, 100개입(5가지 색상)",,45275,45275,,,"가치 있는 패키지: 이 패키지에는 100개의 플라스틱 지퍼 봉투, 색상당 20개, 총 5가지 색상이 포함되어 있습니다. 충분한 품질로 일상적인 교체 및 분류 요구 사항을 충족할 수 있어 혼란스러운 파일을 효과적으로 정리하고 사무실과 학습 환경을 더 깔끔하게 만들 수 있습니다. 범용 사이즈: 지퍼가 달린 각 플라스틱 봉투는 약 33 x 24cm/12.9 x 9.4인치이며 A4 크기의 문서를 수용할 수 있습니다. 라벨 포켓 크기는 9x6cm/3.5x2.4인치이며 다양한 파일의 주제를 구별하는 데 사용할 수 있습니다. 고품질 소재: 고품질 PVC로 제작된 플라스틱 봉투 폴더는 유연하고 탄력적이며 내구성이 뛰어나고 방수 및 방진, 투명 소재로 내부 문서를 빠르고 쉽게 확인할 수 있어 소중한 시간을 절약할 수 있습니다. 학교, 사무실 및 가족 조직에 매우 적합합니다. 풍부한 색상: 흰색, 파란색, 빨간색, 초록색, 노란색의 5가지 색상이 포함되어 있으며 다양한 색상으로 분류하고 식별할 수 있으며 사무실 생활을 풍부하게 할 수 있습니다. 지퍼 디자인은 파일이 떨어지는 것을 효과적으로 방지하고 작동이 쉽고 스위치가 부드럽습니다. 다양한 용도: 이 플라스틱 지퍼 봉투는 학교 사무용품, 문서, 영수증, 쿠폰, 봉투, 연필 파우치, 여권, 티켓, 카드 등을 보관할 수 있습니다. 학교, 사무실, 회사 및 기타 여러 행사에 적합합니다.","특징: 쉬운 매치: 심플하고 세련된 디자인, 밝고 생생한 색상을 고려한 바인더 포켓 지퍼는 다양한 스타일의 상황에 잘 어울립니다. 좋은 선물 선택: 정교하고 매력적인 외관의 투명 지퍼 파우치는 친구, 가족, 이웃, 동료 등을 위한 이상적인 선물로 간주됩니다. 사양: 소재: PVC 색상: 화이트, 블루, 레드, 그린, 옐로우 사이즈: 약 33 x 24cm/12.9 x 9.4인치. 패키지 구성: 흰색 플라스틱 지퍼 파우치 20개. 파란색 플라스틱 지퍼 파우치 20개. 레드 플라스틱 지퍼 파우치 20개. 녹색 플라스틱 지퍼 파우치 20개. 노란색 플라스틱 지퍼 파우치 20개. 참고: 수동 측정, 사이즈에 약간의 오차가 있을 수 있습니다. 화면 디스플레이의 차이로 인해 색상이 약간 다를 수 있습니다.","['지퍼', '플라스틱', '파우치', '봉투', '사무실', '문서', '학교', '투명', '포켓', '패키지']"
사무용품,파일링 제품,봉투 파일,,B0B977Q6PW,"Geyee 50피스 파일 재킷, 30.5 x 20.3cm(12 x 8인치), 크래프트 종이, 봉투 스타일, 자동차 대리점",Geyee,23531,23531,3.4,27.0,"패키지 포함: 50개의 딜러 레코드 봉투, 일상 생활에서 사용할 수 있는 충분한 수량을 받거나, 자동차를 판매하는 친구들과 공유할 수도 있어 실용적인 용품이 될 것입니다 적절한 사이즈: 자동차 대리점 파일 재킷은 약 30 x 20 cm / 12 x 8 인치이며, 차량 정보 파일, 차량 사진 및 기타 작은 물건을 보관할 수 있는 좋은 크기와 가벼운 무게로 파일 저장에 많은 편리함을 제공합니다 신뢰할 수 있는 소재: 저희 자동차 딜러 자동차 폴더는 고품질 크래프트 종이로 만들어져 신뢰할 수 있고 재사용이 가능하며 강하고 매끄러우며 쉽게 깨지거나 찢어지지 않으며 전문적인 인쇄로 쉽게 바래지 않으며 오랫동안 사용할 수 있습니다. 안심하고 사용할 수 있습니다 다양한 용도: 당사의 자동차 대리점 플립 폴더는 자동차 정보 파일 및 사진 저장, 저장 및 수집 등을 위한 실용적이고 클래식한 도구입니다. 주요 자동차 대리점 및 자동차 딜러에 사용할 수 있습니다 실용적인 디자인: 자동차 대리점 봉투 스타일 폴더는 상단 입구에 엄지 컷아웃 디자인이 있어 자동차 파일에 쉽게 접근할 수 있으며, 사용하기 튼튼합니다. 필요한 파일을 내부에 넣기만 하면 파손에 대해 걱정할 필요가 없습니다","특징: 사려 깊은 선물: 새로운 이웃, 반 친구, 동료 및 가족에게 자동차 상점 용품을 사려 깊은 선물로 줄 수 있습니다. 이 실용적인 봉투를 받으면 기쁘고 따뜻할 것입니다. 사용 및 공유할 수 있는 충분한 수량: 이 패키지에는 50개의 종이 파일 재킷이 제공되며, 풍부한 수의 폴더가 일상적인 보관 요구 사항을 충족할 수 있으며 친구 및 가족과 공유하여 미적 분위기를 경험할 수 있습니다. 사양: 소재: 크라프트지 색상: 사진과 같음 사이즈: 약 30 x 20 cm / 12 x 8 인치. 패키지 구성: 딜러 레코드 봉투 50개. 참고: 수동 측정이므로 사이즈에 약간의 오차가 있을 수 있습니다. 화면 디스플레이의 차이로 인해 색상이 약간 다를 수 있습니다.","['자동차', '파일', '봉투', '대리점', '폴더', '딜러', '실용', '친구', '공유', '사진']"
사무용품,파일링 제품,봉투 파일,,B0B3RP8HKT,"NUOBESTY 플라스틱 봉투 폴더 포켓 폴더 투명 문서 폴더 A5 사이즈 파일 봉투 투명 방수 파일 폴더, 스냅 버튼 포함, 6개",NUOBESTY,16052,16052,4.7,3.0,"A5 투명 파일 백 A5 버튼 정보 파일 가방 6개를 받게 되며, 총 6가지 색상의 2가지 색상을 선택하여 사용할 수 있으며 일상적인 요구 사항을 충족할 수 있는 충분한 수량입니다. 스냅 클로저가 있는 표준 A4 사이즈 투명 플라스틱 폴더, 약 24X17CM, 클래식한 룩, 심플하고 스타일리시합니다. 쉽게 분류하고 검색할 수 있도록 다양한 주제를 추적하는 데 좋습니다. 투명 플라스틱 봉투는 내구성이 뛰어난 PP 소재로 만들어졌으며 내유성 및 방수, 내마모성, 내구성이 뛰어나고 재사용이 가능합니다. 투명 폴더는 내용물을 볼 수 있도록 유지하고 문서를 분류하고 식별하는 데 도움이 됩니다. 플라스틱 파일 폴더는 물건을 정리하기에 적합하며 학교, 집, 직장, 사무실 여행 및 출장에 사용할 수 있습니다. 다양한 색상을 선택할 수 있으며 품목 색상을 분류할 수 있습니다. 학업과 사무실에 생동감 넘치는 색상으로 정리가 지루하지 않도록 합니다.",,"['폴더', '투명', '파일', '플라스틱', '분류', '봉투', '문서', '스냅', '선택', '구성']"
사무용품,파일링 제품,봉투 파일,,B093BZDLBW,Enyuwlcm PU 가죽 A4 파일 폴더 문서 홀더 파일 봉투 프로젝트 파일 포트폴리오 스트링 타이 클로저 1.9cm(3/4인치) 확장 브라운,enyuwlcm,13836,13836,4.4,87.0,"스타일리시한 매력: 이 가죽 봉투 폴더 표면은 PU 가죽으로 만들어져 방수 기능이 있으며 손이나 백팩에 쉽게 휴대할 수 있습니다. 밝은 색상의 봉투 폴더는 세련된 패션 디자인 스타일로 사무실이나 가정에서 훌륭한 장식품입니다. 대용량: 이 확장 파일 폴더 크기: 13*9.4인치(33*24cm) 2cm/0.78인치 확장 폭으로 A4 용지에 적합합니다. 종이, 책, 노트북, 잡지, 수표, 통화, 영수증, 예금 명세서, 사진 등을 쉽게 보관할 수 있습니다 고품질: 이 봉투 스타일 폴더는 환경 친화적이고 두꺼운 프리미엄 PU 가죽을 사용하며 가는 실로 바느질하여 제작되었습니다. 파일 표면은 변형이 없고 색이 바래지 않으며 끈적이지 않으며 마모에 강하며 문서를 오랫동안 잘 보호합니다. 스트링 타이 클로저 디자인: 문서가 찢어지거나 다른 손상으로부터 보호하도록 설계된 버튼과 스트링 클로저. 100% 만족 서비스: 봉투 스타일 폴더에 만족하지 않으시면 만족스러운 솔루션을 제공하게되어 매우 기쁩니다. 언제든지 저희에게 연락을 환영합니다.",,"['폴더', '봉투', '파일', '가죽', '확장', '스트링', '문서', '스타일', '클로저', '보호']"
사무용품,파일링 제품,봉투 파일,,B0B61WS1HN,10.2x15.2cm(4x6인치) 플라스틱 봉투 후크 루프 클로저 쿠폰 영수증 보관 홀더 20팩,YESSART,17991,17991,4.8,154.0,"소재: 환경 보호 소재 PP로 제작, 방수, 찢어짐 방지 및 깨끗하게 유지. 사이즈: 4 1/2 x 6 1/5 인치. 지갑/작은 가방/노트북에 완벽하게 맞습니다. 후크 앤 루프 클로저 선명한 기능으로 필요한 파일을 한 눈에 볼 수 있습니다. 패키지 포함: 20팩","투명한 소형 봉투는 환경 보호 소재 PP로 만들어졌으며 방수, 찢어짐 방지 및 깨끗하게 유지되며, 선명한 기능으로 필요한 파일을 한눈에 얻을 수 있습니다./특징/내마모성/소재: 환경 보호 PP/유형: 상단 개방 봉투, 후크 앤 루프 클로저/크기: 약 11.4 x 15.7cm(4.5 x/용도: 스탬프, 예산 책정, 사진 등과 같은 작은 물건 정리 및 보관에 적합합니다./수량: 20팩","['후크', '환경', '루프', '봉투', '보호', '클로저', '방지', '유지', '작다', '보관']"
사무용품,파일링 제품,봉투 파일,,B0091G5W4S,"Smead 폴리 프로젝트 봉투, 3 cm(1.25 인치) 확장, 스트링 타이 클로저, 사이드 로드, 레터 사이즈, 팩당 5개 (89519)",SMEAD,16287,18212,4.6,1167.0,"튼튼하고 산성 성분이 없는 이 밝은 색상의 봉투는 가정, 사무실 또는 교실에서 사용하기에 이상적입니다. 안전과 휴대성을 위해 3면이 닫힙니다. 최대 200장까지 담을 수 있도록 3.2 cm(1.25 인치)까지 확장됩니다. 내용물을 보호하기 위한 끈 잠금. 내구성이 뛰어난 폴리 소재는 찢어짐 방지 및 방수 기능이 있으며 세척하기 쉽습니다. 산성 및 PVC 프리. 옆으로 넣는 5개의 편지지 사이즈(너비 24.7 x 높이 29.5 cm(9.75 x 11.625 인치)) 폴리 봉투 포함, 보호용 플랩과 스트링 타이 클로저가 있습니다.","폴리 봉투는 책상이나서랍 또는 이동 중에도 편리하게 문서를 보관할 수 있는 훌륭한 선택입니다. 안전성과 휴대성을 위한 끈 잠금. 내구성이 뛰어난 폴리 소재로 찢어지지 않고 습기를 막아주어 집, 사무실 또는 교실에서 사용하기에 이상적입니다. 옆으로 넣는 파일 봉투는 3.2 cm(1.25 인치)까지 확장되며 표준 3링 바인더용으로 3홀 펀칭이 되어 있습니다. 옆으로 넣는 5개의 편지지 사이즈(너비 24.7 x 높이 29.5 cm(9.75 x 11.625 인치)) 폴리 봉투는 보호 플랩과 스트링 타이 클로저를 덮습니다. 색상 모음 세트에는 다크 블루, 오렌지, 레드, 틸, 옐로우 각각 1개가 포함됩니다. 산성 및 PVC 프리. 혁신과 품질의 풍부한 유산. 효율적인 문서 관리를 위한 솔루션을 제공하는 세계 최고의 공급업체인 Smead는 고품질의 환경 책임적인 제품 및 혁신적인 조직 시스템으로 잘 알려진 여성 소유 회사입니다. Smead는 한 세기가 넘도록 하나의 목적만을 위해 헌신해왔습니다: 깔끔하게 정리됩니다.","['봉투', '폴리', '스트링', '산성', '확장', '보호', '클로저', '타이', '끈', '사무실']"
사무용품,파일링 제품,봉투 파일,,B08C9JL4V4,"Better Office Products 스냅 클로저가 있는 투명 재사용 가능한 플라스틱 봉투, 플라스틱 문서 홀더, 33 x 22.9cm(13 x 9인치) XL 사이즈, 편지용, 폴리 파일 봉투, 투명, 50팩",Better Office Products,31841,31841,4.8,131.0,"50팩 - 버튼/스냅 클로저가 있는 투명하고 평평한 33.4 x 23.3cm(13.25 x 9.25인치) 플라스틱 문서 홀더 봉투. A4 또는 표준 21.6 x 27.9cm(8.5 x 11인치) 레터 사이즈 시트를 담을 수 있는 크기입니다. 반투명 투명 - 0.18mm 두께의 시스루 봉투로 내부의 파일을 쉽게 해독할 수 있습니다 컴팩트 - 스트링 클로저가 있는 전통적인 판지 파일 홀더의 경량, 방수, 찢어짐 방지 대안 다용도 - 길이 33.4cm(13.25인치), 높이 23.3cm(9.25인치)로 최대 200장의 종이를 보관할 수 있습니다. 편리함 및 맞춤형 - 영구 마킹 펜을 사용하여 맞춤 제목을 추가하십시오. 마른 종이 타월로 문질러 제거하세요(또는 오래 지속되는 자국을 위해 알코올 기반 클리너를 사용하세요)",,"['봉투', '홀더', '파일', '클로저', '투명', '플라스틱', '맞춤', '스냅', '문서', '종이']"
사무용품,파일링 제품,봉투 파일,,B0B193M9TL,"Oxford 플라스틱 지퍼 봉투, A4 또는 레터 사이즈 시트용 확장 폴리 지퍼 파일, 3.2cm(1-1/4인치) 확장, 5가지 반투명 색상, 10팩 (52014)",Oxford,23849,23849,4.8,27.0,"Oxford 플라스틱 지퍼 봉투는 종이와 필수품을 안전하게 밀봉합니다. 25.4 x 33cm(10 x 13인치) 사이즈로 A4 또는 레터 사이즈 용지를 깔끔하게 지퍼로 잠글 수 있습니다. 하단은 3.2cm(1-1/4인치) 확장되어 필요한 것을 더 많이 보관할 수 있습니다 넉넉한 25.4 x 33cm(10 x 13인치) 플라스틱 봉투에는 파일 폴더, A4 용지 또는 레터 사이즈 시트를 담을 수 있습니다. 밝은 반투명 색상의 10팩 경량 폴리프로필렌 지퍼 파일은 논스틱 보관 안전 소재로 중요한 종이를 흘리지 않도록 보호합니다. 광택 플라스틱 표면은 살균 물티슈로 깨끗하게 닦아낼 수 있습니다 대형 봉투는 학습 자료, 등급 논문, 시험, 영수증, 쿠폰, 가정용 서류 또는 손 소독제 및 티슈를 분류하고 정리할 수 있습니다. 자동차 또는 백팩에 사용하기 좋습니다 이코노미 폴리 봉투 10팩은 가정, 직장 및 학교에서 색상을 구분하고 저렴하게 정리할 수 있도록 도와줍니다. 각 10팩은 청록색, 파란색, 빨간색, 검은색 및 녹색으로 각각 2개를 제공합니다","Oxford 플라스틱 지퍼 봉투는 필수품을 분류하고 정리하여 깔끔하고 안전하게 보관합니다. 이 넉넉한 25.4 x 33cm(10 x 13인치) 지퍼 폴더에는 파일 폴더, A4 용지 또는 레터 사이즈 시트를 보관할 수 있습니다. 측면은 3.2cm(1-1/4인치) 확장되어 중요한 종이를 더 많이 넣을 수 있습니다. 밝은 반투명 색상으로 내부에 무엇이 있는지 엿볼 수 있습니다. 문서나 일상 필수품에 사용하세요. 닦아서 세척한 광택 표면은 백팩이나 자동차를 위한 완벽한 ""클린 키트""입니다. 미니 손 소독제, 티슈 및 소독 물티슈를 바로 사용할 수 있습니다. 중요한 문서, 영수증, 쿠폰, 사용 설명서(한글이 아닐 수 있음), 청구서 또는 우편물을 분류하는 데 사용하세요. 또는 교실을 위한 펜, 스티커 또는 공예 용품을 보관하고 토트백할 수 있습니다. 밝고 재미있는 색상. 신학기 목록에 꼭 필요한 새로운 아이템! 가정, 직장 또는 학교에서 백만 번 사용할 수 있습니다. 가벼운 마모 및 찢어짐 방지 폴리로 제작되었습니다. 청록색, 파란색, 빨간색, 검은색 및 녹색으로 각각 2개. 10팩.","['지퍼', '봉투', '플라스틱', '확장', '파일', '보관', '반투명', '시트', '용지', '정리']"
사무용품,파일링 제품,봉투 파일,,B096FQVFYL,"스트링 클로저가 있는 플라스틱 봉투, 24팩 리갈 사이즈 투명 폴리 봉투, 확장 파일 폴더 문서 종이 정리함 사무실 학교 용품",Anseal,30456,30456,4.7,40.0,"패키지: 24 pcs 투명 단추 & 스트링 타이 클로저 플라스틱 문서 봉투. 사이즈: 합법적 크기 35.6 x 25.4 cm. 2.5cm(1인치) 확장 가능한 거싯 파일 백은 최대 200장의 종이를 보관할 수 있습니다. 소재: 고품질 플라스틱으로 제작, 방수/찢어짐 방지, 재사용 및 내구성. 디자인: 편리하게 내용물을 고정하기 위한 스트링 클로저, 투명한 색상으로 내용물을 볼 수 있습니다. 용도: 사무실, 가정 또는 교실에서 사용하기 좋습니다. 영수증, 사진 및 중요한 문서를 완벽하게 보관할 수 있습니다.",,"['스트링', '플라스틱', '봉투', '문서', '클로저', '확장', '사무실', '종이', '투명', '파일']"
사무용품,파일링 제품,봉투 파일,,B07QCYMDMC,"50피스 폴리 지퍼 봉투 문서 파우치 지퍼 파일 백 파일 폴더, A5 사이즈 (5가지 색상)",Kissmi,24916,24916,4.2,84.0,"친환경 소재: 0.18mm PVC로 제작되어 내구성이 뛰어나고 방수 기능이 있으며 마찰에 강하며 5000번 이상 문질러 쓸 수 있습니다. 다양한 색상의 지퍼(블루, 레드, 그린, 옐로우, 화이트)로 내용물을 안전하게 보호합니다. 전체 투명 소재로 내부 내용을 읽을 수 있습니다. 대용량 지퍼 파일 백은 클라이언트 파일, 사무실 용품 또는 여행 문서로 좋은 선택입니다. 문서가 찢어지거나 부스러지거나 습기로부터 보호하기에 좋습니다.","다양한 색상: 패키지에는 5가지 색상의 50개의 폴리 지퍼 봉투가 포함되어 있어 문서를 더 정돈되게 분류할 수 있습니다. 전체 투명 소재로 내부 내용을 읽을 수 있으므로 정보를 한눈에 확인할 수 있습니다. 자체 접착 노트는 봉투의 카드 포켓에 넣을 수 있습니다. 제품 크기: 9.5"" x 7""","['지퍼', '문서', '파일', '봉투', '폴리', '내부', '내용', '투명', '보호', '백']"
사무용품,파일링 제품,봉투 파일,,B0D3WK8HXD,크래프트 종이 스트링 봉투 파일 폴더 A5 사이즈 수직 문서 빌 카드 보관 정리함 파일 가방 버튼 스트링 타이 클로저 백 파일 폴더 프로젝트 포켓 학교 사무실용 10개,XGOPTS,20761,20761,,,"★☆빈티지: 레트로 포장 봉투 파일 용지는 독특한 스타일, 다양한 색상, 두꺼운 종이, 창의적이고 패셔너블합니다. 결혼식, 엽서 선물, 생일, 특별 선물, 개인 우편, 초대장, 인사말 카드 등과 같은 많은 행사에 적합합니다. ★☆디자인: 오거나이저의 스트링 와인딩 버튼 클로저는 내용물을 양호한 상태로 유지하여 떨어지는 것을 방지합니다. ★☆사이즈: 공예 종이 비즈니스 문서 케이스: A5 사이즈; 9*6인치/23*16CM; 팩당 10개의 스트링 봉투 파일 폴더가 포함되어 있습니다. ★☆소재: 파일 폴더는 고품질 크래프트 종이로 만들어져 두껍고 내구성이 뛰어납니다. 미끄럼 방지 기능이 있으며 쉽게 찢어지지 않으며 여러 번 재사용할 수 있습니다. ★☆용도: String-Tie 봉투 파일 폴더는 파일을 깔끔하게 관리할 수 있도록 잘 정리되어 있어 문서, 송장, 인사말 카드, 크리스마스 카드, 생일 카드, 문구류, 파일, 계약서, 작은 선물, 문서 등을 보관하는 A5 크기의 용지에 적합합니다.","사양: ◇소재: 고품질 크라프트지 ◇사이즈: A5 사이즈, 9*6인치/23*16cm, 팩당 봉투 10개 포함. ◇색상: 그레이, 블루, 블랙, 브라운 특징: ◇정교한 솜씨의 견고한 종이 소재, 고강도 및 경량, 내마모성 ◇빈티지 독특한 스타일의 스트링 타이 클로저로 내용물을 좋은 상태로 유지할 수 있습니다. ◇스트링 타이 봉투 파일 폴더는 파일을 깔끔하게 관리할 수 있도록 잘 정리되어 있습니다. A5 크기의 종이, 송장, 인사말 카드, 크리스마스 카드, 생일 카드, 문구류, 파일, 계약서, 카드, 작은 선물, 문서 등에 적합합니다. 패키지 구성: 스트링 및 버튼 클로저가 있는 스트링 크래프트 종이 파일 폴더 문서 지갑 백 10개","['파일', '카드', '스트링', '폴더', '종이', '봉투', '문서', '클로저', '선물', '크래프트']"
사무용품,파일링 제품,봉투 파일,,B09YDJQSN7,"PATIKIL 파일 백 펠트 폴더 2팩 A4 봉투 문서 보관 파우치 정리함, 사무실 비즈니스용, 오렌지 핑크",PATIKIL,14113,14113,4.7,4.0,"사이즈: A4; 색상: 오렌지, 핑크; 전체 크기: 33 x 23cm / 13 x 9 인치 (L*W) 특징: 정교한 솜씨의 견고한 펠트 소재, 부드럽고 가벼우며 내마모성이 있으며 쉽게 깨지지 않으며 오랫동안 사용할 수 있습니다 장점: 독특한 스타일의 스냅 버튼 클로저로 내용물을 양호한 상태로 유지하고 떨어지는 것을 방지합니다. 다양한 용도에 적합하며 휴대하고 보관할 수 있는 좋은 크기입니다 용도: 다기능 용도는 문서, 종이, 편지, 파일, 보고서 및 사무실, 교육, 가정, 비즈니스 등과 같은 다양한 행사를 정리하는 데 좋습니다. 참고: 주문하기 전에 사이즈를 확인하십시오",,"['정리', '파일', '사무실', '오렌지', '문서', '비즈니스', '펠트', '핑크', '교육', '봉투']"
사무용품,파일링 제품,봉투 파일,,B07QW7KCPV,"폴리 리갈 사이즈 봉투 사이드 로딩 투명 문서 폴더, 후크 앤 루프 클로저 포함, 홈 오피스용 12개 팩",TIENO,24916,24916,4.6,158.0,"크기: 충분한 공간을 위한 법적 사이즈, 14 x 10 인치 / 37 x 26 cm, 다양한 문서, 프로젝트, 종이에 적합합니다. 소재: 무독성 및 무미 프리미엄 품질의 PP 플라스틱 소재를 사용합니다. 내구성이 뛰어나고 방수 기능이 있으며 장기간 쉽게 변형되지 않습니다. 디자인: 후크 앤 루프 클로저로 포켓을 쉽게 열고 닫을 수 있으며 문서를 안전하게 보관할 수 있습니다. 확장 가능한 거싯은 대용량을 위해 최대 2.5cm(1인치)까지 확장할 수 있으며 최대 200장의 종이를 수용할 수 있습니다. 투명: 투명한 커버는 편안하며, 내용물을 볼 수 있으며 필요한 종이 파일을 편리하게 식별할 수 있습니다. 용도: 개회식, 광고 프로모션, 축제, 무역 박람회, 테스트, 영수증, 사진, 중요한 문서 및 문구 보관을 위한 비즈니스 선물.","TIENO 폴리 봉투 포켓은 고급 부드러운 폴리 소재와 전문적인 장인 정신으로 제작되었습니다. 여러 종이에 쉽게 넣을 수 있으며 한 곳에 쉽게 보관할 수 있습니다. 페이지가 미끄러지거나 분실되는 것에 대해 걱정할 필요가 없습니다. 중성 폴리프로필렌 봉투는 장기간 보관에 적합합니다. 여행 계획 및 여행 시 사용하기에 적합하며 여행 문서, 기타 용지 및 티켓 스텁을 한 곳에 보관할 수 있습니다. 확장 가능하고 실용적이며 견고합니다! 사양: 패키지 구성품: 12개의 투명 파일 봉투 사이즈: 14 인치 x 10 인치/37 cm x 26 cm 유형: 측면 개방 확장 가능한 봉투 잠금: 후크 앤 루프 스냅은 플랩을 닫는 데 적합합니다. 소재: 환경 친화적인 플라스틱 보호, 시스루 가능. 용도: 가정, 사무실, 숙제를 위한 신발, 청구서, 영수증, 편지, 중요한 문서, 설명서(한글이 아닐 수 있음). 선물: 사무실, 학교, 개회식, 광고 프로모션, 축제, 무역 박람회, 홍보 계획, 비즈니스.","['문서', '봉투', '확장', '종이', '후크', '폴리', '루프', '여행', '투명', '가능하다']"
사무용품,파일링 제품,봉투 파일,,B0BWP9GQK2,"1InTheOffice 폴리 봉투 버튼 및 스트링 클로저, 확장 지갑, 리걸 사이즈, 다양한 색상, 10/팩",1InTheOffice,17437,17437,5.0,1.0,이 폴리 폴더에는 끈과 버튼 클로저가 있어 투명하며 플라스틱으로 제작되었습니다. 모든 문서와 파일을 정리하고 보호할 수 있는 법적 크기. 선명하고 높은 투명도로 더 이상 분류에 복잡한 표시가 없습니다. 파일을 직접 확인할 수 있어 사무실에서 더 빠르고 편리하게 학습할 수 있습니다. 더 이상 파일을 찾을 필요가 없습니다. 더 이상 로프를 감쌀 필요가 없습니다. 이 폴리 폴더는 이제 더 쉽고 빠르게 열고 닫을 수 있습니다. 플라스틱 버튼은 내구성이 뛰어나며 여러 번 사용할 수 있습니다. 종이와 문서를 정리할 수 있도록 지갑 폴더를 확장하세요. 팩 당 10개,"1InTheOffice 폴리 봉투 버튼 및 스트링 클로저, 확장 지갑, 리걸 사이즈, 다양한 색상, 5/팩/이 1InTheOffice 다양한 색상 확장 지갑을 사용하면 우선 순위 또는 상태별로 문서를 정리할 수 있습니다. 법적 크기의 페이지는 사려 깊은 크기로 수용할 수 있어 중요한 서류를 안전하게 보호합니다. 3.2cm(1.25인치) 확장으로 문서를 대량 보관할 수 있으며 내구성이 뛰어난 플라스틱 구조로 장기간 사용할 수 있도록 정기적으로 다룰 수 있습니다. 이 리걸 사이즈 플라스틱 확장 지갑은 여행 중에 내용물을 안전하게 보관할 수 있도록 스트링 앤 버튼 클로저가 있습니다.","['확장', '버튼', '지갑', '문서', '플라스틱', '폴리', '클로저', '정리', '폴더', '파일']"
사무용품,파일링 제품,봉투 파일,,B09L1CMPFB,"48팩 플라스틱 봉투, 17.8 x 25.4cm(7 x 10인치) 투명 플라스틱 봉투 재사용 가능한 봉투, 스냅 버튼이 있는 방수 파일 폴더, 학교 및 사무용품용 A5 투명 봉투",CYEAH,33226,33226,4.6,36.0,"패키지 구성: 17.8 x 24.9cm 재사용 가능한 플라스틱 봉투 48개를 받게 됩니다. 일상적인 필요에 맞게 파일을 정리할 수 있는 충분한 양의 확장 가능한 비닐 봉투는 휴대가 쉽고 소지품을 순서대로 보관할 수 있습니다. 내구성 있는 소재 - 투명 파일 폴더는 프리미엄 품질의 PP 플라스틱 소재로 만들어져 견고하고 내구성이 뛰어나며 방수 및 습기 방지, 무독성 및 무미, 전문적인 품질을 제공합니다. 팁: 플라스틱 봉투의 스티커는 자국을 남기지 않고 벗겨낼 수 있습니다. 투명: 투명 봉투 커버는 편안함을 느끼고 내용물을 볼 수 있으며 봉투를 열지 않고도 문서를 쉽게 찾을 수 있습니다. 파일이 어수선할 염려가 없습니다. 벨크로 잠금 디자인: 벨크로 디자인으로 주머니를 쉽게 열고 닫을 수 있으며 문서를 안전하게 보관할 수 있으며 반복적으로 사용할 수 있으며 쉽게 손상되지 않으며 최대 200장의 종이를 수용할 수 있습니다. 다목적 확장 폴더: 플라스틱 봉투 파일링 폴더는 가정, 사무실, 학교, 회사, 다양한 기관에서 문서를 보관하거나 전송하는 데 매우 적합합니다. 파일 오거나이저는 프로젝트, 문서, 비즈니스 비용, 세금 서류 및 루스 리프 용지를 위한 최고의 선택입니다.",,"['봉투', '파일', '플라스틱', '투명', '문서', '폴더', '구성', '가능하다', '방수', '디자인']"
사무용품,파일링 제품,봉투 파일,,B081GF8WYB,"26개의 투명 지퍼 봉투 파일 지폐 문서 가방 포켓 필통, 태그 포켓 포함, 5가지 다양한 색상, 23.1 x 12.1cm(9.1 x 4.7인치), A6 시트",Vantasii,11066,11066,4.3,917.0,"프리미엄 품질: 고품질 기본 PVC 입자로 제작되어 무독성이며 매우 투명합니다. 프리미엄 지퍼로 밀봉, 방수, 내구성 및 경량. 장기간 사용할 때 문서를 안전하고 견고하게 보관하세요. 클래식 디자인: 투명 지퍼 백 플러스 태그 포켓, 쉽게 분류할 수 있는 색상 코드 씰. 각 제품은 최대 40페이지 이상을 담을 수 있으며 일반적인 코스 콘텐츠 및 프로젝트 요구 사항에 적합합니다. 특징: 쉬운 정리를 위한 높은 투명도와 색상 코드. 방수 및 내구성이 뛰어난 가방 소재는 특정 연성을 특징으로 하므로 가장자리가 있는 밀폐된 물체를 보호하기 위해 약간 변형됩니다. 적합한 용도: 보고서, 프레젠테이션, 아트워크 및 문구류, 액세서리와 같은 기타 예약 요구 사항을 충족합니다. 포함: 5가지 색상 26개 (화이트, 옐로우, 그린, 블루, 레드), 22.9cm X 11.9cm, A6 시트",,"['지퍼', '포켓', '가방', '특징', '요구', '방수', '문서', '태그', '투명', '시트']"
사무용품,파일링 제품,봉투 파일,,B07VW7HJGT,"폴리 봉투 40개, 버튼 클로저가 있는 투명 플라스틱 방수 봉투 폴더, 미국 레터 / A4 사이즈 - GTLZLZ",GTLZLZ,26162,26162,4.7,287.0,"패키지는 40개의 투명 플라스틱 방수 투명 폴더, A4 사이즈(32.5cm x 23.6cm(12.75인치 x 9.3인치))로 제공됩니다. 기능적인 전문 폴더. 보관 품질의 봉투는 장기간 보관에 적합합니다. 품질 : 고품질 플라스틱으로 만들어졌으며 투명하고 밝은 표면, 두껍고 내구성이 뛰어나며 무독성이며 냄새가 없으며 전문적인 품질을 제공합니다. 버튼 잠금 디자인: 퀵 버튼 디자인으로 파일을 쉽게 열 수 있습니다. 버튼은 플라스틱으로 만들어졌으며 재사용이 가능하며 쉽게 깨지지 않습니다. 학교, 사무실 및 가정에서 사용할 수 있습니다. 인생을 순서대로 정리하고 싶다면 좋은 선택입니다.",,"['플라스틱', '버튼', '봉투', '폴더', '투명', '방수', '보관', '디자인', '전문', '학교']"
사무용품,파일링 제품,봉투 파일,,B0CFQJSLCF,"VANRA 가죽 파일 폴더 오거나이저 천 문서 홀더 포트폴리오 가방 파일 프로젝트 파일링 봉투, 레터 사이즈용 자석 잠금 버튼 포함, 포켓 2개 (블랙)",VANRA,13822,13822,3.1,13.0,"프리미엄 품질 파일 폴더 오거나이저: 파일 폴더 홀더의 플립 커버는 고품질 PU 가죽으로 제작되었습니다. 파일 포켓은 내구성이 뛰어난 원단 천으로 만들어졌습니다. 문서용 파일 봉투는 질감이 있는 표면과 금색 실로 짜여진 아름다운 원단으로 디자인되어 방수 및 오래 지속됩니다. 완벽한 크기의 귀여운 파일 폴더: 이 가죽 오피스 파일 재킷은 33x25cm(13x9.8인치)입니다. A4 용지 및 레터 사이즈 법적 크기 문서에 적합합니다. 슬림한 외관으로 모든 조정 파일링 시스템에 부드럽게 미끄러집니다. 파일 슬리브는 파일 캐비닛에 잘 맞아 장기간 보관할 수 있습니다. 파일 파일 보관 케이스는 가정, 사무실, 학교, 비즈니스에서 사용하기에 적합합니다. 편리하고 안전한 문서 홀더: 자석 클로저가 있는 가죽 파일 폴더는 쉽고 빠르게 사용할 수 있습니다. 포트폴리오 백은 중요한 문서가 미끄러지지 않도록 세 면을 강화했습니다. 추가 보관 포켓이 있는 문서 가방: 블랙 파일 폴더는 뒷면에 추가 포켓이 있어 펜, 메모장, 양식, 레코드 등을 위한 추가 저장 공간을 제공합니다. 2개의 포켓이 있는 파일 폴더는 잘 정리된 가정이나 사무실에 유용한 추가 아이템입니다. 파일 프로젝트는 작업장을 정리하고 깔끔하게 유지합니다. 다기능 보관: 파일 파일링 봉투는 일상적인 서류 정리 또는 사무실 문서 및 학교 학습 자료를 정리하는 데 적합합니다. 파일 캐비넷용 휴대용 파일 폴더는 전문가, 교사, 학생을 위한 다용도 보관 솔루션입니다.","파일과 문서를 보관할 수 있는 완벽한 파일 폴더 정리함. 고품질 PU 가죽과 질감 패브릭 천으로 제작된 가죽 문서 홀더 가방은 일상적인 서류 정리 또는 사무실 문서 및 학교 학습 자료를 보관하기에 적합합니다. 편의를 위해 간단한 자석 스냅 클로저가 함께 제공되어 중요한 문서가 떨어지지 않도록 안전하게 보관하면서 쉽게 넣고 뺄 수 있습니다. 내부는 A4, 레터 사이즈 문서를 수용할 수 있을 만큼 넓습니다. 뒷면에 1개의 추가 포켓이 있어 추가 수납 용량을 제공합니다. 사무실 공간을 깔끔하게 유지하려는 전문가이든 신뢰할 수 있는 문서 보관 솔루션이 필요한 학생이든, 이 파일 봉투는 다양한 선택입니다.","['파일', '문서', '폴더', '보관', '정리', '추가', '가죽', '포켓', '사무실', '봉투']"
사무용품,파일링 제품,봉투 파일,,B0BK999WCG,"YOKIVE 스트링 봉투 파일 폴더, 스트링 타이 클로저 페이퍼 포켓 폴더 5팩 | 사무실용 레터 사이즈 지폐 파일 오거나이저 (브라운, A4)",YOKIVE,15913,15913,,,"√다용도 - 스트링 파일 폴더는 문서, 종이, 편지, 파일, 보고서, 봉투 및 사무실, 가정, 비즈니스, 교육, 문구류, 회의 등과 같은 다양한 행사를 정리하는 데 적합합니다 √제품 구성 - 패키지에는 전체 크기가 31 x 23.4cm(12.2 x 9.25인치)인 스트링 봉투 파일 폴더 5개가 포함되어 있습니다 √신뢰할 수 있는 소재 - 정교한 솜씨로 튼튼한 종이 소재로 만들어졌으며 고강도 및 경량, 휴대가 간편하고 내구성이 뛰어나며 찢어지지 않으며 쉽게 깨지지 않습니다 √특별한 디자인 - 내용물을 양호한 상태로 유지하고 떨어지는 것을 방지하는 독특한 스타일의 스트링 클로저. 다양한 용도에 적합한 사이즈로 휴대하고 보관할 수 있습니다 √참고 - 수동 측정으로 인해 약간의 오차가 있을 수 있습니다","다용도 - 스트링 파일 폴더는 문서, 종이, 편지, 파일, 보고서, 봉투 및 사무실, 가정, 비즈니스, 교육, 문구류, 회의 등과 같은 다양한 행사를 정리하는 데 적합합니다. 제품 구성 - 패키지에는 전체 크기 31 x 23.4cm(12.2 x 9.2인치) 크기의 스트링 봉투 파일 폴더 5개가 포함되어 있습니다. √신뢰할 수 있는 소재 - 정교한 솜씨로 튼튼한 종이 소재로 만들어졌으며 고강도 및 경량, 휴대가 간편하고 내구성이 뛰어나며 찢어짐 방지 기능이 있으며 쉽게 깨지지 않습니다. √특별한 디자인 - 독특한 스타일의 스트링 클로저로 내용물을 양호한 상태로 유지하고 떨어지는 것을 방지합니다. 적절한 사이즈는 다양한 용도로 사용할 수 있으며 휴대와 보관이 용이합니다. √주의 사항 - 주문하기 전에 사이즈를 확인하십시오.","['스트링', '파일', '폴더', '봉투', '휴대', '구성', '종이', '방지', '클로저', '스타일']"
사무용품,파일링 제품,봉투 파일,,B08GRYF8DS,LABUK 48피스 A4 폴리 지퍼 봉투 비닐 봉투 투명 지퍼 파우치 라벨 포켓 포함 학교 사무실 여행 보관 문서 레터 사이즈(10가지 색상),LABUK,27686,27686,4.5,583.0,"제품 구성: 플라스틱 봉투 48개.. 당사의 제품은 지저분한 파일, 교실 물품 및 여행 짐을 정리하는 데 도움이 되고 깨끗하고 깔끔한 사무실 및 학습 환경을 제공합니다. 10가지 색상 포함(블랙 5개, 퍼플 5개, 블루 5개, 베이비 블루 4개, 화이트 5개, 레드 5개, 로즈 레드 5개, 오렌지 5개, 옐로우 5개, 그린 4개). 제품 사이즈: 13 x 9.5인치/33 x 24cm, 레터 사이즈/A4 사이즈 지퍼 폴더. 라벨 포켓 사이즈는 3.5 x 2.4인치/9 x 6cm로 파일 주제를 쉽게 구별할 수 있습니다. 제품 소재: 내구성이 뛰어난 PVC로 만든 플라스틱 봉투는 투명한 소재로 내부의 파일을 빠르고 쉽게 확인할 수 있습니다. 방수 폴리 지퍼 봉투는 파일과 물건을 안전하게 보관할 수 있으며 학교, 사무실 및 가정 정리에 적합합니다. 특별한 디자인: 지퍼 디자인으로 보관 및 사용이 매우 편리합니다. 색상과 라벨 포켓 디자인은 다양한 파일 내용을 분류하는 데 사용할 수 있습니다. 물건이 완전히 정돈됩니다. 지퍼 폴더를 표시하여 필요한 파일을 빠르게 찾으세요. 더 많은 용도: 저희 폴리 지퍼 봉투는 아름답고 실용적입니다. 학교 및 사무실에서 사용하는 것 외에도 가정 여행 행사에도 사용됩니다. 탁월한 방수 성능으로 종이를 보호할 뿐만 아니라 보드 게임, 화장품, 문구류, 지저분한 장난감, 퍼즐 카드 등을 보관하는 데에도 사용할 수 있습니다. 투명 지퍼 폴더를 위한 훌륭한 선택이 될 것입니다.",,"['지퍼', '봉투', '파일', '사무실', '라벨', '여행', '보관', '학교', '디자인', '폴리']"
사무용품,파일링 제품,봉투 파일,,B07CXR5VWX,"1InTheOffice 폴리 봉투 버튼 및 스트링 클로저, 확장 지갑, 레터 사이즈, 투명, 10/팩",1InTheOffice,19237,19237,4.6,181.0,이 폴리 폴더에는 끈과 버튼 클로저가 있어 투명하며 플라스틱으로 제작되었습니다. 레터 사이즈로 모든 표준 크기의 문서와 파일을 정리하고 보호할 수 있습니다 선명하고 높은 투명도로 더 이상 분류에 복잡한 표시가 없습니다. 파일을 직접 확인할 수 있어 사무실에서 더 빠르고 편리하게 학습할 수 있습니다. 더 이상 파일을 찾을 필요가 없습니다. 더 이상 로프를 감쌀 필요가 없습니다. 이 폴리 폴더는 이제 더 쉽고 빠르게 열고 닫을 수 있습니다. 플라스틱 버튼은 내구성이 뛰어나며 여러 번 사용할 수 있습니다. 종이와 문서를 정리할 수 있도록 지갑 폴더를 확장하세요. 팩 당 10개,"완벽한 사이즈. 이 투명 폴리 봉투 안에 편지 크기의 문서를 잘 보호하세요. 편리한 측면 개구부로 액세스, 제거 및 교체를 간단하게 할 수 있어 중요한 프로젝트를 위한 주요 데이터를 찾아야 할 때 효율성을 높일 수 있습니다. 이 팩에는 10개의 봉투가 포함되어 있어 모든 필수 파일 저장 요구 사항을 충족할 수 있습니다. 환경 친화적. 재사용 가능한 봉투로 새 사무용품을 구입할 필요가 없습니다. 견고한 디자인으로 봉투를 반복해서 사용하고 재사용할 수 있어 집이나 사무실에 환경 친화적인 추가 아이템입니다. 안전한 스토리지 편리한 스트링 앤 버튼 잠금 덕분에 폴리 봉투 안에 필수 데이터를 안전하게 보관할 수 있습니다. 이 클로저는 문서가 쏟아질 걱정 없이 원격 위치로 데이터를 운반할 수 있는 탁월한 선택이며, 먼지, 파편으로부터 보호하여 목적지에 도착할 때까지 서류를 깨끗하게 유지합니다.","['봉투', '폴리', '버튼', '파일', '문서', '폴더', '데이터', '클로저', '투명', '편리하다']"
사무용품,파일링 제품,봉투 파일,,B0D1CHTS4K,"VANRA PU 가죽 파일 폴더 문서 정리함 홀더 방수 파일 봉투 케이스, 포켓 2개, 자석 스냅 버튼 클로저가 있는 A4 포트폴리오 폴더 (브라운)",VANRA,20747,20747,,,"[고품질] 문서용 파일 폴더의 표면은 꼼꼼하게 바느질된 두꺼운 PU 가죽으로 만들어졌습니다. 물을 흘려도 걱정할 필요가 없습니다. 이 방수 문서 폴더는 착용하기 쉽고 쉽게 변형되거나 색이 바래지 않는 것이 특징입니다. 종이 문서를 축축하거나 주름이 생기지 않도록 오랫동안 보관할 수 있습니다. [대용량] 포트폴리오 파일 폴더에는 A4 사이즈 또는 레터 사이즈 용지, 태블릿 또는 미니 노트북을 거의 100장 담을 수 있습니다. 파일 봉투의 작은 포켓은 영수증, 현금, USB 플래시 디스크 또는 이어폰과 같은 작은 물건을 보관하는 데 사용할 수 있습니다. [신뢰성] 가죽 파일 봉투는 스트랩을 닫았으며 밀봉할 수 있는 자석 버튼이 있습니다. 이중 보호 장치는 중요한 문서가 미끄러지는 것을 방지합니다. [디자인] 문서 폴더의 아름다운 다크 블루는 비즈니스 사람들이 전문적인 태도와 안정적인 개성을 보여줄 수 있도록 도와줍니다. 스트랩과 버튼 스냅 클로저의 독특한 디자인은 개인화를 표현할 필요를 충족시킬 수 있습니다. 또한 학생들이 수업에 참석하기 위해 가지고 다니기에 적합합니다. [다기능] -크기: 35x24.5cm (13.8x9.6인치). 문서 파일 폴더의 크기는 배낭, 책가방, 여행 가방에 쉽게 맞습니다. 사무실, 학교, 어디를 가든 휴대할 수 있습니다. 인터뷰를 위한 이력서 폴더, 여행 서류 홀더, 현금을 위한 지폐 홀더 등과 같은 다양한 용도로 사용할 수 있습니다.","VANRA 문서용 A4 파일 폴더: 두꺼운 PU 가죽으로 만든 이 문서 정리함은 종이 문서가 젖거나 구겨지지 않도록 보관할 수 있습니다. 2개의 포켓이 있는 포트폴리오 파일 폴더는 거의 100장의 A4 사이즈/레터 사이즈 용지 및 사무용품을 담을 수 있는 대용량으로 일상적인 서류 정리 또는 출퇴근에 적합합니다. 스트랩과 내구성이 뛰어난 자석 버튼 클로저는 가죽 파일링 봉투를 안전하게 유지하여 중요한 문서와 작은 물건이 미끄러지는 것을 방지합니다. 이력서 폴더, 여행 서류 홀더 또는 현금을 위한 지폐 홀더와 같은 학교, 사무실에 적합합니다.","['폴더', '문서', '파일', '홀더', '가죽', '봉투', '버튼', '서류', '정리', '스트랩']"
사무용품,파일링 제품,봉투 파일,,B07K565SNW,"스냅 버튼이 있는 A5 폴리 봉투 폴더, 투명 방수 플라스틱 문서 봉투 프리미엄 품질 봉투 폴더, 학교, 가정, 직장 및 사무실 정리용, 6가지 다양한 색상",CertBuy,20761,20761,4.5,147.0,"용량 - 폴리 파일 봉투 A5 사이즈: 24.1 x 16.5cm. 6가지 색상 포함: 그린, 옐로우, 퍼플, 레드, 블루, 화이트. 소재 - 고품질 폴리프로필렌, 무독성 및 환경 친화적, 내구성 있는 폴리는 찢어짐 방지 및 방수 기능이 있습니다. 완벽한 보관 - 문서 가방은 투명한 소재로 되어 있어 가방 외부에서 내부 정보를 명확하게 식별할 수 있어 시간을 절약하고 효과적으로 절약할 수 있습니다. 버튼 잠금 및 카드 슬롯 - 풀 사이즈의 유연한 플랩과 버클 클로저는 추가적인 보안을 제공하며 파일이 떨어지는 것을 방지합니다. 명함 슬롯은 원하는 파일을 쉽게 찾을 수 있습니다. 다양한 기능 - 학교 과목, 사무실 문서 파일, 여행 A5 파일, 명함 등과 같은 매일 사용하기에 적합한 플라스틱 봉투.","CBTONE 24 멀티컬러 폴리 봉투, 플라스틱 봉투, 학교, 가정, 직장 및 사무실 조직을 위해 설계된 투명 봉투 (24팩)/컬러 코드 보관: 6가지 색상의 스냅 버튼 클로저가 있는 24개의 폴리 봉투(각 색상 4개의 봉투). 색상에 따라 문서를 효과적이고 쉽게 분류할 수 있습니다./사무용품: 파일 가방은 다채롭고 단순하며 세련된 외관으로 사무실 파일 정리나 외출 시 문서를 휴대하기에 매우 실용적입니다./일상 보관: 문서 가방은 문구류, 편지, 지폐, 여행 정보, 변경 등과 같은 일상 생활의 각도를 정리할 수 있도록 도와줍니다./학교 주제: 학생과 교사는 폴리 봉투를 사용하여 책, 종이를 정리하고 보관합니다./특징: 소재: 고품질 PP 소재 사이즈: 9.5 x 6.5 인치 색상: 그린, 옐로우, 퍼플, 레드, 블루, 화이트/패키지 구성: 스냅 버튼 클로저가 있는 6가지 색상의 폴리 봉투 24개./100% 만족 보장 - 모든 CBTONE 폴리 봉투는 친절한 고객 서비스와 함께 제공되며, 제품에 만족하지 않으면 교환이나 환불을 해드립니다","['봉투', '폴리', '파일', '문서', '가방', '사무실', '보관', '정리', '버튼', '학교']"
사무용품,파일링 제품,봉투 파일,,B07D9DMT63,"펠트 파일 폴더, 내구성 있는 서류 가방, 문서 가방, 종이 파일 폴더, 포트폴리오 케이스, 레터 봉투, 핸드백 버튼 잠금, 사무실 홈 스쿨 문구용, 2개 세트 (다크 & 라이트 그레이)",ERCENTURY,12451,12451,4.3,232.0,"✓ A4에 적합: A4 파일과 같은 크기의 품목을 위해 특별히 설계되었습니다. A4 종이 문서, 파일 또는 펜을 원하는 대로 휴대할 수 있는 이 가방의 멋진 문구 액세서리. 이 스타일은 매우 특별하고 패셔너블합니다. ✓ 다양한 상황에 적합: 이 폴더는 상업 행사, 사무실 문서 보관, 가정 문서 보관, 취업 면접, 학교 등에 적합합니다. ✓ 간단하고 실용적: 파일 표면은 접히지 않고 쉽게 보관할 수 있으며 오프라인 문제가 느슨해질 염려가 없습니다. 파일 누락을 방지하기 위한 스냅으로 파일, 지폐, 종이, 영수증을 분실로부터 보호하고 정리할 수 있습니다 ✓ 고품질: 환경 친화적인 완벽한 펠트 소재로 제작, 부식 방지, 찢어짐 방지, 내마모성 ✓ 간편한 휴대: 가벼워 휴대가 편리하며 백팩, 서류 가방, 가방에 넣을 수 있으며 손에 쥘 수도 있습니다.","독특한 스타일, 안정적이고 겸손한 캐릭터에 대한 자신감, 남성 및 여성, 어린 소년 및 소녀, 장교 및 대학생을 포함한 모든 종류의 사람들에게 적합합니다. 세트당 펠트 폴더 2팩. 사이즈: A4-32.4*23cm/12.8*9인치 소재: 펠트.","['파일', '가방', '폴더', '문서', '펠트', '방지', '종이', '휴대', '서류', '특별하다']"
사무용품,파일링 제품,봉투 파일,,B0CLRF8HLP,"4피스 투명 플라스틱 봉투 파일 폴더 포켓 포함 PVC 필통 파우치 지퍼 보관 가방 문서 현금 퍼즐 여행 정리 아트 공예 학교 사무용품, 23.9 x 11.9cm(9.4 x 4.7인치)",PPhtony,6911,6911,2.0,1.0,"사이즈: 길이: 23.8cm / 9.37inch; 너비: 11.8cm / 4.65inch. A6 사이즈 문서를 수용할 수 있습니다. 라벨 포켓 크기: 길이: 8.9cm / 3.5inch; 너비: 5.8cm / 2.28inch. 명함을 넣을 수 있습니다. 소재: 재사용 가능한 봉투는 PVC 소재로 만들어졌으며 표면은 매끄럽고 투명합니다. 지퍼 클로저는 플라스틱, 방수, 습기 방지 및 내마모성으로 제작되었습니다. 패키지 구성: PVC 파일 폴더 4개, 4가지 색상(그린, 레드, 옐로우, 블루), 각 색상당 1개. 각 필통에는 라벨 포켓 디자인이 있어 문서를 쉽게 분류하고 식별할 수 있습니다. 중요한 종이, 장치, 작은 책 등을 보관하기에 적합합니다. 퍼즐, 블록, 전자 제품, 마커, 미술 용품, 크레용, 공예품, 흩어진 게임, 프로젝트 작업 등 직장과 가정에서 다양한 모양의 물건을 쉽게 정리하고 분류할 수 있습니다. 사무용품 및 학용품에 적합합니다. 이 컬러 지퍼 보관 가방은 연필 파우치, 지폐, 문서, 카드, 쿠폰, 재무 기록, 여행 정보, 화장품, 여권, 티켓, 컴퓨터 및 프린터 사용자 가이드로 사용할 수 있으며 목록은 계속됩니다. 학교, 교실, 사무실, 회사 및 기타 많은 행사에 적합합니다.","패키지 구성: 4개의 다른 색상의 플라스틱 필통. 4가지 색상(그린, 레드, 옐로우, 블루), 각 색상당 1개. 특징: 1. 콘텐츠를 볼 수 있는 투명 파우치. 2. 컬러 지퍼로 내용물을 안전하게 보관합니다. 3. 상단 로딩은 개인용, 교사, 학생 또는 사무실에서 사용하기에 적합합니다. 문서를 보호하고, 종이를 정리하고, 예술 및 공예품, 사무용품, 학생 작업, 작은 옷, 문구류, 여행 용품을 보관하거나 정리합니다. 착륙 증권 문서에 사용하세요.","['문서', '보관', '지퍼', '정리', '포켓', '사무', '여행', '파우치', '필통', '플라스틱']"
사무용품,파일링 제품,봉투 파일,,B09DPG12NH,"A4 투명 플라스틱 봉투 폴리 봉투 사이드 로딩 파일 문서 폴더, 스트링 타이 클로저, 3.8cm(1-1/4인치) 확장, 다양한 색상, 10팩",zoohot,19154,19154,4.4,94.0,"A4 사이즈: 12.8x9.84 인치(32.5 x 25 cm), 투명한 색상으로 콘텐츠를 볼 수 있으며 필요한 파일을 정확하게 사용하고 가져오는 것이 편리합니다. 디자인: 확장 가능한 거싯은 최대 3.2cm(1-1/4인치)까지 확장할 수 있으며 최대 200장의 종이 시트를 수용할 수 있습니다. 소재: 두께는 0.01 인치(0.17 mm)입니다. 고품질 플라스틱으로 만들어졌으며 방수, 찢어짐 방지 및 깨끗하게 유지하는 데 좋습니다. 특징: 측면 로딩 클로저는 중요한 문서를 보관하고 정리하기에 안전합니다. 모든 문서, 파일을 정리하고 보호할 수 있습니다. 사무실, 가정 또는 교실에서 사용하기 좋습니다. 영수증, 사진 및 중요한 문서를 완벽하게 보관합니다.","스트링 타이 클로저가 있는 파일 문서 폴더. 내구성이 뛰어난 폴리 소재는 찢어짐을 방지하고 습기를 차단합니다. 학생, 교사 및 사무실 직원이 중요한 문서와 메모를 정리하고 보관하는 데 인기가 있습니다. 특징: 유연함, 내마모성, 방수, 안전 및 실용성. 수량: 10팩 소재: PP 종류: 측면 개방 확장 가능한 봉투 (3.8cm 확장) 크기: 약 12.8x9.84 인치 (32.5x25 cm) 직원 복리용, 광고 프로모션, 무역 박람회, 결혼식 계획, 비즈니스 선물, 사무실 보관용으로 적합합니다","['문서', '확장', '보관', '파일', '클로저', '봉투', '사무실', '정리', '중요하다', '방수']"
사무용품,파일링 제품,봉투 파일,,B002G9TX42,"Filexec 50037-1720 1720, 폴리 봉투, 벨크로 클로저, 레터 사이즈, 12 in 6 가지 색상 세트, 각 연기 2개, 블루, 레드, 투명, 퍼플, 그린",filexec,23337,23337,4.3,37.0,기능성 전문가 밝고 재미있는 색상 모던 잘 만들어진 제품 모던하고 잘 만들어진,"Filexec 1720, 폴리 봉투, 벨크로 클로저, 레터 사이즈, 12가지 색상 세트, 6가지 색상, 2가지 스모크, 블루, 레드, 투명, 퍼플, 그린","['폴리', '퍼플', '투명', '클로저', '블루', '봉투', '모던', '레드', '그린', '전문가']"
사무용품,파일링 제품,봉투 파일,,B0CPQ7DZC5,12피스 버튼 파일 백 투명 오거나이저 백 파일 오거나이저 파우치 플라스틱 파일 봉투 지갑 보관 가방 플라스틱 폴더 A5 파일 보관 가방 소재 Pp 포켓,FUNOMOCYA,21315,21315,,,"사무실 파일 가방 -- 학생 및 사무실 근로자가 문구류를 보관하는 데 사용할 수 있습니다. 가볍고 어디에나 쉽게 휴대할 수 있습니다. 투명 종이 봉투 -- 대용량, a5 사이즈 디자인으로 문서를 양호한 상태로 유지하며, 일부 중요한 파일은 허용됩니다. 문서 정리함-- 투명하고 디자인되어 파일을 안전하게 보관할 수 있으며 편리하고 쉽지 않습니다. 투명 지퍼 파우치 -- 보관 공간을 절약할 뿐만 아니라 파일을 찾는 시간을 절약하고 잡고 사용하기 쉽습니다. A5 봉투 -- 투명하고 내구성이 뛰어난 디자인으로 파일을 안전하게 보관하고 청소하기 쉽고 편리하며 쉽게 깨지지 않습니다.",,"['파일', '보관', '가방', '봉투', '투명', '디자인', '사무실', '오거나이저', '절약']"
사무용품,파일링 제품,봉투 파일,,B0CBQQTGYY,"JARLINK 폴리 지퍼 봉투 20개, A6 사이즈(22.9 x 11.9cm(9 x 4.7인치)) 플라스틱 지퍼 파우치, 라벨 포켓 포함, 10가지 색상, 학교 및 사무용품용 재사용 가능한 투명 필통",JARLINK,13836,13836,4.6,103.0,"넉넉한 사이즈: 24 x 12 cm (9.4 x 4.7 인치), A6 사이즈로 각 봉투에는 수많은 필수 아이템을 편안하게 보관할 수 있습니다. 연령 등급: 3세 이상 생생한 색조 모음: 10가지 색상의 풍부한 팔레트 중에서 선택하여 물건을 쉽게 분류하고 식별할 수 있습니다. 이 다채로운 투명 봉투는 정리 시스템에 시각적 엣지를 더합니다. 라벨 포켓이 있는 시스루 디자인: 더 이상 필요한 것을 찾기 위해 봉투를 뒤적 거리지 마세요. 투명한 디자인으로 내용물을 빠르게 볼 수 있으며, 라벨 포켓(라벨 포함)은 쉽게 분류하고 꺼낼 수 있습니다. 다용도 유틸리티: 이 지퍼 메시 파우치는 학교 사무용품, 문서, 영수증, 쿠폰, 봉투, 보드 게임, 여권, 티켓 등을 보관하기에 편리합니다. 학교, 사무실 및 여행에서 신뢰할 수 있는 동반자로 서 있습니다. (참고: 수명을 보장하려면 가방을 손상시킬 수 있는 날카로운 물체를 보관하지 마십시오.) 내구성과 품질 충족: 견고한 PVC 소재로 제작된 이 투명 봉투는 시중의 유사한 제품에 비해 70% 두꺼운 구조를 자랑하며 내마모성 및 방수 기능을 제공하여 소중한 내용물을 장기간 보호합니다.",,"['봉투', '라벨', '학교', '포켓', '지퍼', '투명', '파우치', '사무', '분류', '보관']"
사무용품,파일링 제품,봉투 파일,,B0C28L5NH2,#10 투명 플라스틱 봉투 12.7 x 25.4cm(5 x 10인치) 현금 영수증 지폐 보관 홀더 20팩 후크 루프 클로저,YESSART,19376,19376,4.5,17.0,"소재: 환경 보호 소재 PP로 제작, 방수, 찢어짐 방지 및 깨끗하게 유지. 사이즈: 14.4 x 26.4 cm. 후크 앤 루프 클로저 선명한 기능으로 필요한 파일을 한 눈에 볼 수 있습니다. 패키지 포함: 투명 봉투 20팩","투명한 12.7 x 25.4cm(5 x 10인치) 봉투는 환경 보호 소재 PP로 만들어졌으며 방수, 찢어짐 방지 및 깨끗하게 유지되며, 깨끗한 기능으로 필요한 파일을 한눈에 얻을 수 있습니다./특징/내마모성/소재: 환경 보호 PP/잠금 유형: 상단 오프닝 봉투, 후크 앤 루프 클로저/크기: 약 13.4 x 26.4cm(5 1/10 x 10 1/5인치)./용도: 스탬프, 수표, 쿠폰, 예산 책정, 사진 등과 같은 작은 물건 정리 및 보관에 적합합니다./수량: 20 팩","['봉투', '후크', '클로저', '루프', '보호', '환경', '깨끗하다', '파일', '투명', '방수']"
사무용품,파일링 제품,봉투 파일,,B08FYY4SSF,"스냅 클로저가 있는 플라스틱 봉투 10팩, 패브릭 투명 문서 플라스틱 파일 폴더 레터 사이즈, 숙제/사무실용 라벨 포켓이 있는 폴리 봉투, 다양한 색상",FABNUTS,13850,13850,4.6,1375.0,"패키지 및 크기: 구매자는 패키지에 10개의 파일 세트를 받게 됩니다. 플라스틱 봉투 폴더의 크기는 33.7 x 23.5cm(13.25 x 9.25인치)입니다 다채로운 투명 봉투: 핑크, 블루, 퍼플, 투명, 옐로우의 5가지 생생한 색상으로 제공됩니다. 문서 파우치는 5가지 색상 각각 2개로 제공되며 독특한 문서 식별을 제공합니다 스냅 버튼 및 라벨 태그가 있는 심플한 디자인: 스냅 클로저가 있는 대부분의 미국 편지/A4 사이즈 용지에 맞게 설계되어 문서를 안전하게 유지합니다. 포켓이 있는 폴더는 사용자 세부 정보가 있는 라벨 태그로 문서를 쉽게 정리할 수 있습니다 투명한 문서 파우치: 매끄러운 문서 폴더는 외부에서 문서를 볼 수 있도록 도와줍니다. 파일 가방의 방수 소재는 사무실 보관 용품으로 사용할 수 있으며 문서를 식별하는 데 도움이 됩니다 다용도 봉투 가방: 당사의 플라스틱 파우치는 학교, 직장 및 사무실 문서를 정리하고 파일 순서로 쉽게 식별할 수 있도록 합니다. 투명 문서 가방은 사무실 및 출장을 위한 여행용 폴더로 사용할 수 있습니다",,"['문서', '폴더', '봉투', '플라스틱', '투명', '파일', '가방', '파우치', '스냅', '식별']"
사무용품,파일링 제품,봉투 파일,,B08SWJSLW3,"지퍼가 달린 플라스틱 봉투, 12.7 x 25.4cm(5 x 10인치) 투명 폴리 봉투 폴더, 지폐 영수증 쿠폰 청구서용, 10팩",FJCA,22146,15221,4.7,245.0,"#10 사이즈 봉투: 12.7 x 25.4cm(5 x 10인치), 3.8cm(1 1/5인치) 확장으로 더 많은 수납 공간을 늘립니다. 3단 접힌 20페이지에 쉽게 맞습니다 봉투는 반투명 플라스틱으로 만들어져 견고하고 찢어짐 방지 및 방수 기능이 있으며 내부의 내용물을 쉽게 찾을 수 있습니다 지퍼 잠금으로 열고 닫을 때 편리하며, 물건을 안전하게 정리할 수 있습니다 이 폴리 봉투는 쿠폰, 영수증, 현금, 송장, 지폐, 이름표, 중요한 서류, 문구 등을 보관하기에 적합합니다 가정, 학교, 사무실, 회의 및 여행에 적합한 지퍼 봉투는 가볍고 휴대가 간편하여 작업 효율이 높습니다","지퍼 플라스틱 봉투 폴더, 돈 영수증 쿠폰 지폐용/플라스틱 봉투는 작은 물건을 편리하게 보관할 수 있는 방법을 제공하며 파일과 문구류를 효과적으로 정리할 수 있습니다.//제품 특징:/1. 찢어짐 방지 ---- 이 지퍼 봉투는 프리미엄 플라스틱으로 만들어져 찢어짐 방지 기능이 있으며 튼튼합니다./2. 대용량 ---- 3.8cm(1 1/5인치) 확장으로 더 많은 수납 공간을 제공하므로 3단 접이식 20페이지에 쉽게 맞습니다./3. 선명한 시야 ---- 반투명 소재로 내부에 무엇이 있는지 정확하게 볼 수 있습니다./4. 지퍼 잠금 ---- 지퍼 잠금으로 더욱 편리하고 안전합니다.//사이즈: 12.7cm x 3.8cm x 25.4cm//색상: 투명//패키지에 포함된 항목: 10팩 플라스틱 봉투/p>//다양한 용도: 서류 봉투는 수표, 현금, 지폐, 연필, 페이스 마스크, 영수증, 송장 및 쿠폰을 바인딩 목적으로 쉽게 사용할 수 있습니다. 이 제품은 학교, 대학, 사무실, 가정, 여행 등에서 사용하기 좋습니다.","['봉투', '지퍼', '플라스틱', '영수증', '지폐', '쿠폰', '방지', '편리하다', '여행', '안전하다']"
사무용품,파일링 제품,봉투 파일,,B0B61WD419,7.6x12.7cm(3x5인치) 플라스틱 봉투 후크 루프 클로저 쿠폰 영수증 보관 홀더 20팩,YESSART,17437,17437,4.7,142.0,"소재: 환경 보호 소재 PP로 제작, 방수, 찢어짐 방지 및 깨끗하게 유지. 사이즈: 8.9 x 14.4 cm. 지갑/작은 가방/노트북에 완벽하게 맞습니다. 후크 앤 루프 클로저 선명한 기능으로 필요한 파일을 한 눈에 볼 수 있습니다. 패키지 포함: 20팩","투명한 소형 봉투는 환경 보호 소재 PP로 만들어졌으며 방수, 찢어짐 방지 및 깨끗하게 유지되며, 선명한 기능으로 필요한 파일을 한눈에 얻을 수 있습니다./특징/내마모성/소재: 환경 보호 PP/유형: 상단 개방 봉투, 후크 앤 루프 클로저/크기: 약 8.9x14cm(3.5x5.5인치)/용도: 스탬프, 예산 책정, 사진 등과 같은 작은 물건 정리 및 보관에 적합합니다./수량: 20팩","['후크', '환경', '루프', '봉투', '보호', '클로저', '방지', '유지', '작다', '보관']"
사무용품,파일링 제품,봉투 파일,,B0922GL3NS,"공예 물건 크래프트 봉투 지폐 영수증 파일 폴더 프로젝트 포켓 문서 오거나이저, 11.4 x 17cm(4.5 x 6.7인치) 보관 홀더 스트링 타이 클로저 재사용 가능한 사무실 폴더 소책자 가방 12개",KINGWEDDING,17312,17312,5.0,17.0,"소재: 고품질 크래프트 종이로 제작되어 두껍고 내구성이 뛰어납니다. 미끄럼 방지 기능이 있으며 쉽게 찢어지지 않으며 여러 번 재사용할 수 있습니다. 사이즈: 공예 종이 비즈니스 문서 케이스는 11.5*17 cm/4.5*6.7 인치입니다 오거나이저의 이중 로프 와인딩 버튼 클로저는 물건을 밀폐하고 잠그고 안전하게 유지하며, 사무실 작업자가 남성과 여성을 위한 비밀 가방으로 사용하기에 적합합니다 용도: 비즈니스, 사무실, 학교, 시험 분야, 출장 시 모든 종류의 문서, 청구서, 데이터 및 기타 학교 및 사무용품을 보관하기에 이상적입니다. 패키지 포함: 크래프트 봉투 12개","Kingwedding 스트링 스터프 홀더 오거나이저는 문서, 파일, 지폐, 계약서, 우편, 카탈로그, 스크랩북, 페인팅 작업, 영수증, 매뉴얼, 편지, 종이, 바우처, 카드를 이전에는 없었던 훌륭한 도구입니다. 물건을 정리하면서 동시에 멋지게 보입니다. 내구성이 뛰어나고 강화된 크래프트 소재로 종이와 문서가 미끄러지지 않도록 합니다. 또한 안전하고 오래 지속되는 강도를 제공합니다. 사양: 소재: 크라프트지 크기: 약 길이 11.4cm x 높이 17.9cm","['문서', '크래프트', '종이', '사무실', '물건', '지폐', '비즈니스', '스트링', '홀더', '영수증']"
사무용품,파일링 제품,봉투 파일,,B096WZYKPF,"24팩 확장 가능한 플라스틱 봉투 폴리 봉투 스냅 버튼 포함, 문서 파일 폴더 오거나이저, 직장, 사무실, 학교, 법적 크기, 6가지 색상",Anseal,37381,37381,4.8,53.0,"패키지: 24팩 플라스틱 컬러 파일 폴더 -- 블루*4, 그린*4, 퍼플*4, 옐로우*4, 오렌지*4, 레드*4. 사이즈: 36.5 x 27.5 x 3cm / 14 x 10 x 1.18인치. 큰 용량: 3cm(1.25인치) 확장, 이 폴리 봉투는 최대 200장의 종이 시트를 수용할 수 있습니다. 소재: 고품질 플라스틱으로 제작. 내구성이 뛰어나고 재사용 가능하므로 반복해서 사용할 수 있습니다. 디자인: 스냅 버튼으로 쉽게 열 수 있습니다. 반투명 파일 백은 물건을 눈에 띄고 원하는 것을 쉽게 얻을 수 있도록 합니다. 정리를 위한 좋은 파트너: 영수증, 사진, 테스트 용지 및 중요한 문서를 완벽하게 보관합니다. 대형 사무실 홈 스쿨 폴더 용품.",,"['파일', '플라스틱', '폴더', '봉투', '확장', '문서', '버튼', '사무실', '스냅', '가능하다']"
사무용품,파일링 제품,봉투 파일,,B0CK2HZZ58,"GoodSing 플라스틱 봉투, 10팩 투명 봉투 A6 재사용 가능한 파우치 문서 파일 오거나이저, 스냅 클로저가 있는 플라스틱 봉투, 영수증 청구서 보관, 학교 홈 오피스 용품용",GoodSing,16606,16606,4.6,3.0,"[패키지 구성] 5가지 색상(블루, 그린, 화이트, 옐로우, 레드)의 스냅 버튼이 있는 투명 플라스틱 봉투 10개. 사이즈: 6.10 x 4.72 인치 (15.5cm x 12cm). [프리미엄 소재] 투명 문서 폴더는 고품질 PP 소재로 만들어져 투명하고 매끄러운 표면, 내구성이 뛰어나고 찢어지지 않으며 습기에 강하며 두껍고 내구성이 뛰어나며 무색, 무취, 중요한 문서를 효과적으로 보호합니다. [투명 폴더] 매우 투명하여 문서를 쉽게 볼 수 있으며 원하는 것을 빠르게 찾을 수 있으며 지체 없이 작업 효율성을 향상시킬 수 있습니다. [편리한 디자인] 스냅 버튼 클로저가 있는 플라스틱 폴더 디자인으로 단단히 닫히고 쉽게 열 수 있습니다. 문서를 더 안전하게 보관하고 잘 관리할 수 있습니다. [다양한 사용] 학교, 집, 직장, 사무실, 여행 또는 출장을 위한 폴더. 문서, 문구류, 종이, 카드, 수표, 영수증, 티켓, 메모, 은행 카드 및 쿠폰을 정리하는 데 유용합니다.",,"['문서', '플라스틱', '투명', '폴더', '봉투', '스냅', '구성', '영수증', '디자인', '보관']"
사무용품,파일링 제품,봉투 파일,,B09X76HTZ2,10피스 10.2x15.2cm(4x6인치) 소형 플라스틱 수평 파일 봉투 스트링 클로저 상단 오프닝 폴더 봉투 현금 영수증 카드 보관 홀더 사무실 학교 또는 가정용,mollensiuer,13836,13836,5.0,3.0,"소재: PP 플라스틱. 사이즈: 길이 15.8cm (6.2인치), 너비 11.5cm (4.5인치). 버튼 및 스트링 타이 클로저 디자인으로 필요한 파일을 한눈에 얻을 수 있으며 모든 문서 보관 및 보호 요구 사항을 위한 용품을 제공합니다. 파일 폴더를 지우고, 봉투를 열지 않고도 문서를 쉽게 정리하거나 찾을 수 있습니다. 사무실용, 개인, 학교에 적합합니다. 시트, 영수증, 노트북, 지폐, 펜, 중요한 문서 또는 작은 물건을 보관할 수 있으며 물건을 순서대로 보관할 수 있습니다.","소재: PP 플라스틱. 사이즈: 길이 15.8 cm (6.2 인치), 너비 11.5 cm (4.5 인치). 색상: 투명. 패키지 포함: 10 피스 봉투 스트링 클로저 탑 오프닝 폴더. 안내: ◆1. 빛과 디스플레이의 이유로 인해 색상이 약간 다를 수 있습니다. 이것은 피할 수 없습니다. 양해 부탁드립니다! ◆2. 수동 측정에 따라 약간의 치수 차이가 있을 수 있습니다. ◆3. 몰드는 생각만큼 크지 않을 수 있습니다. 구입하기 전에 사진의 사이즈 정보를 읽어주세요!","['봉투', '스트링', '플라스틱', '폴더', '문서', '클로저', '파일', '영수증', '보관', '오프닝']"
사무용품,파일링 제품,봉투 파일,,B09NCTXNLC,"HUAJIE 20팩 A4 투명 플라스틱 봉투 폴더 폴리 봉투, 스트링 타이 클로저가 있는 확장 파일 문서 폴더 3cm 확장, 가정, 사무실, 학교용 파일 봉투",HUA JIE,24916,24916,4.4,10.0,"【패키지 구성】20개 팩. A4 투명 폴리 봉투 폴더는 투명 소재로 만들어져 가방 외부의 내부 정보를 명확하게 식별할 수 있으며 봉투를 열지 않고도 문서를 쉽게 찾을 수 있습니다. 【내구성 및 방수】A4 플라스틱 문서 폴더는 고품질 PP 소재로 만들어져 내구성이 뛰어나고 방수 기능이 있으며 재사용이 가능하며 수명이 깁니다. 【스트링 타이 클로저】모든 A4 파일은 쉽게 닫고 파일을 안전하게 보관할 수 있는 스트링 타이 클로저가 있는 폴더를 봉투합니다. 【 확장 가능한 플라스틱 봉투 】A4 문서 폴더의 크기는 24.5×32.5×3cm/9.6×12.8×1.45.7cm(9.6×12.8×1.18인치)입니다. 하단은 최대 3cm까지 확장할 수 있습니다. 확장 파일 폴더에는 더 많은 A4와 레터 사이즈 용지를 담을 수 있습니다. 【다양한 용도】A4 플라스틱 봉투 폴더는 문서, 문구 및 다양한 작은 물체 등을 넣는 데 사용할 수 있습니다. 플라스틱 봉투 폴더는 물건을 정리하고 어수선함을 분류하는 데 도움이 되며 학교, 가정, 사무실 및 출장에서도 사용할 수 있습니다.",,"['폴더', '봉투', '확장', '플라스틱', '문서', '파일', '구성', '투명', '타이', '클로저']"
사무용품,파일링 제품,봉투 파일,,B089NH2ZZR,Enyuwlcm A4 플라스틱 봉투 문서 홀더 핸들 폴리 봉투 포트폴리오 폴더 재킷 스냅 클로저 5팩 블랙,enyuwlcm,13836,13836,4.5,29.0,"전문 및 휴대용 디자인: 이 플라스틱 봉투의 매끄러운 표면은 방수 기능이 있으며 손잡이로 쉽게 휴대할 수 있습니다. 두 개의 스냅 버튼 클로저 디자인은 접히지 않고 쉽게 보관하거나 액세스 할 수 있으며 기존 봉투보다 문서를 더 잘 보호합니다. 내구성이 뛰어난 하드 플라스틱 봉투: 이 재사용 가능한 플라스틱 봉투는 고강도 폴리프로필렌(PVC) 소재(35c 및 시장보다 두꺼움)으로 만들어져 환경 친화적, 찢어짐 방지, 방수, 무독성입니다. 프레스 조건으로 보강된 밀봉으로 장기간 보관할 수 있도록 내구성을 향상시킵니다. 이 비즈니스 봉투는 직장을 정리하고 깔끔하게 유지합니다. 크기: A4 파일 폴더 크기: 12.6*8.67인치 (32*22cm) A4 용지, 레터 사이즈 파일에 적합합니다. 약 60장의 종이를 담을 수 있는 대용량입니다. 5개 세트: 블랙 플라스틱 봉투 5개가 한 패키지에 들어 있습니다. 학교, 사무실 및 일상 생활에서 중요한 문서를 매일 보관하고 보관하는 데 적합합니다. 수표, 예금 명세서, 영수증, 화폐, 사진, 쿠폰 및 기타 항목과 같은 문서를 정리하는 데 좋습니다. 100% 위험 부담 없는 구매: 펠트 포트폴리오에 만족하지 않으신다면 만족스러운 솔루션을 제공하는 것을 매우 기쁘게 생각하며 상점에는 다양한 스타일의 파일 폴더가 있습니다.","고품질 이 봉투 스타일 폴더는 친환경적이고 프리미엄 두꺼운 PVC를 사용하며 훌륭한 인쇄 공정으로 제작되었습니다. 모든 디테일에 주의를 기울이고 멋지고 편안한 촉감을 가지고 있습니다. 다양한 용도 이 폴더는 상업 행사, 사무실 문서 저장, 가정 문서 저장, 면접, 학교 등에 적합합니다. 이 얇은 폴더는 회의 중에 매일 사용하기에 좋습니다. 프로젝트 문서 홀더는 슬림한 프로필을 제공하여 모든 조정 파일 시스템에 부드럽게 들어갑니다. 패키지 유닛은 5개의 서류 봉투로 판매되며 다른 품목(사진)은 포함되지 않습니다. 걱정 없는 보증: 만족스럽지 않으시면 100% 만족 서비스를 보장하므로 저희에게 자유롭게 연락하십시오.","['봉투', '문서', '폴더', '플라스틱', '파일', '보관', '만족', '사무실', '포트폴리오', '스타일']"
사무용품,파일링 제품,봉투 파일,,B0CL3VZ7Q9,"스트링 타이 클로저가 있는 30팩 플라스틱 폴리 봉투, A4 확장 파일 폴더 문서 종이 정리함 - 3.2cm(1-1/6인치) 확장 - 학교 사무실 및 가정용 (5가지 색상)",SENENQU,29071,29071,3.0,2.0,"【고품질 소재】 버튼 및 스트링 타이 클로저가 있는 폴더는 마찰 방지, 긁힘 방지, 방수, 습기 방지 및 내구성이 뛰어난 고품질 PP 소재로 제작되었습니다. 중요한 문서가 젖거나 긁힐 염려가 없습니다. 【반투명 & 다채로움】레드/그린/블루/투명/옐로우, 5가지 색상의 투명 문서 폴더가 있어 내용물을 눈에 띄게 유지하고 봉투를 열지 않고도 문서를 쉽게 찾을 수 있습니다. 다양한 색상의 문서를 쉽게 정리하고 구별할 수 있습니다. 【 확장 가능한 플라스틱 봉투】추가 용량을 위한 3.2cm(1-1/6인치) 거싯으로 200장 이상의 종이를 담을 수 있습니다. 상상 이상의 저장 용량으로 이상적인 보관 도구가 될 것입니다. 【멀티 스토리지】사이즈 33.5 x 25.4cm(13.25 x 10인치), 종이, 중요한 문서, 계약서, 판매 보고서, 프레젠테이션, 영수증, 수표, 청구서, 파일, 책, 바우처, 카드, 페인트 작업, 숙제, 과제를 정리하는 데 적합합니다. 【휴대성】당사의 플라스틱 파일 폴더는 휴대가 가능하여 물건을 순서대로 보관할 수 있으며 어수선한 정리에 도움이 됩니다. 플라스틱 봉투는 학교, 집, 직장, 사무실, 여행 및 출장에서 사용할 수 있습니다.","플라스틱 봉투 폴리 봉투 30개, 스트링 클로저가 있는 투명 파일 폴더, 문서용 레터 A4 사이즈 폴리 봉투, 다양한 색상 특징: 내구성이 뛰어난 PP 소재 플라스틱 및 방수 봉투 폴더는 찢어짐을 방지합니다. ◆250장 이상의 종이를 담을 수 있도록 3cm(1.2인치) 확장. ◆중요한 문서가 젖거나 긁힐 염려가 없습니다. 봉투를 열지 않고도 문서를 쉽게 찾을 수 있습니다. ◆5가지 색상으로 제공됩니다: 투명, 블루, 그린, 옐로우, 레드 (각 색상 6개). 사양: ◆소재: PP ◆확장 사이즈: 33.5cm x 25.5cm x 3cm / 13.2인치 x 10인치 x 1.2인치 ◆수량: 30개 ◆색상: 투명, 블루, 레드, 옐로우, 그린 제품 구성: 투명 플라스틱 봉투 폴더 6개. 파란색 플라스틱 봉투 폴더 6개. 빨간색 플라스틱 봉투 폴더 6개. 노란색 플라스틱 봉투 폴더 6개. 녹색 플라스틱 봉투 폴더 6개. 참고: 1. 모니터의 차이로 인해 사진에 실제 색상이 반영되지 않을 수 있습니다. 2. 수동 측정에 따라 약간의 치수 차이를 허용하십시오. 이해해 주셔서 감사합니다.","['봉투', '플라스틱', '폴더', '문서', '투명', '확장', '정리', '방지', '파일', '종이']"
사무용품,파일링 제품,봉투 파일,,B0BN3YVNZW,"STOBOK 컬러 폴더 버튼 및 스트링 클로저가 있는 빈티지 봉투 포켓 10개, 크래프트 종이 봉투 파일 폴더 프로젝트 포켓 파일 재킷 문서 오거나이저, 블랙 색상 파일 폴더",STOBOK,13877,13877,3.6,4.0,"편리한 봉투 스트링 보관 가방 10개, 빈티지 파일 가방, 엽서 봉투 보관 가방, 프리미엄 용지, 사용이 완전히 안정적이며 퇴비화, 재활용 및 재사용이 가능합니다. 사이즈는 일반 문서에 적합합니다. 중요한 문서 보관 고급 크래프트 종이 소재와 훌륭한 장인 정신으로 내구성을 보장합니다. 이 봉투 파일 백은 우편물, 편지 보내기, 파일 보관 등입니다. 로프 버클 씰링 디자인, 보안성, 이 제품을 여러 경우에 사용할 수 있습니다.","설명 로프 버클 디자인으로 튼튼하고 실용적입니다. 사용하기 매우 편리합니다. 휴일 카드, 명함 파일, 초대장, 공지 사항, 카드, 사진, 편지, 개인 우편 및 다이렉트 메일. 또한 다양한 경우에 사용할 수 있습니다. 특징 -사이즈: 17.00X11.50X0.30cm6.68X4.52X0.12인치 -소재: 크래프트 종이. 패키지 포함 가방 10개","['파일', '봉투', '가방', '보관', '크래프트', '폴더', '문서', '종이', '카드', '빈티지']"
사무용품,파일링 제품,봉투 파일,,B0C1NQJGDH,"QiXin 그린 A4 PU 가죽 파일 폴더, 문서용, 스트링 타이 클로저가 있는 중요한 개인 파일 오거나이저, 노트북 슬리브 노트북 케이스, 가죽 포트폴리오 바인더 봉투, 파일 폴더 1개",QiXin,17991,17991,4.4,135.0,"【고품질 소재】: 이 파일 폴더는 PU 가죽으로 제작되었습니다. 긁힘과 흠집에 강하며 시간이 지나도 갈라지거나 색이 바래지 않습니다. 컨디셔닝이나 특수 클리너가 필요하지 않으며 젖은 천으로 닦을 수 있습니다. 【정교한 솜씨】: 가죽 가장자리는 갈라짐을 방지하고 자연스러운 아름다움을 향상시키기 위해 기름칠을 했으며, 깔끔하고 안전한 스티칭으로 느슨한 실이나 풀림이 없습니다. 【경량 디자인】: 이 문서 가방의 무게는 30g(1온스)에 불과하여 휴대가 쉽습니다. 사용하지 않을 때는 아름다운 레트로 스크롤로 쉽게 말아서 공간을 많이 차지하지 않고 미학적으로 만족스럽습니다. 【다용도 칼집】: 중요한 개인 문서를 위한 파일 포켓이 필요하든 노트북을 위한 노트북 슬리브가 필요하든 이 PU 가죽 가방은 여러분을 보호합니다. 최대 21.6 x 27.9cm(8.5 x 11인치) 파일에 적합하며 최대 14인치 노트북도 수용할 수 있습니다. 【오늘 주문하세요】: 학생이든 전문가이든 그냥 정리된 상태를 유지하고 싶든, 정말 독특하고 세련된 것을 가질 수 있는데 왜 지루하고 오래된 파일 폴더에 만족할까요? 형태와 기능의 완벽한 조합을 경험하세요!",,"['파일', '가죽', '노트북', '폴더', '문서', '슬리브', '개인', '아름답다', '중요하다', '가방']"
사무용품,파일링 제품,봉투 파일,,B09WDV255P,"VANRA 1피스 PU 가죽 파일 폴더 A4 문서 홀더 파일 봉투 방수 포트폴리오 파일 오거나이저, 레터 사이즈용, 스냅 버튼 잠금, 블랙",VANRA,13822,13822,4.1,68.0,"이 경량 문서 봉투 홀더는 고품질의 슬림한 PU 가죽으로 구성된 내구성 있는 가죽 문서 가방입니다. 방수 뿐만 아니라 습기로부터 문서를 보호합니다. 가죽 파일 재킷을 만지면 매우 부드럽고 부드럽습니다. 내구성이 뛰어난 금속 버튼 클로저가 있는 A4 파일 폴더는 클래식합니다. 사용 시 파일 가방을 열고 닫는 것이 편리합니다. 튼튼한 버클은 문서가 흩어지는 것을 방지하고 중요한 문서의 보안을 보호합니다. 대용량과 강력한 지지 가치를 갖춘 PU 가죽 파일 폴더 홀더는 A4 종이, 열쇠, 펜 100장을 담을 수 있을 만큼 튼튼할 뿐만 아니라 여행 시 태블릿이나 휴대폰과 같은 무거운 물건을 보관할 수 있습니다. 다기능 포트폴리오는 태블릿 보관 케이스 또는 노트북 슬리브로 사용할 수 있습니다. 종이 문서 문구 정리함용 가죽 파일 포트폴리오는 바느질 실로 만들어졌으며 단단히 라우팅되어 폴더 균열에 대해 걱정할 필요가 없습니다. 방수 파일 봉투는 일상적인 파일링에 적합합니다. A4 용지 크기와 레터 크기 모두에 맞습니다. 가죽 프로젝트 파일 포켓은 매끄러운 외관을 제공하여 조정 가능한 파일 시스템에 부드럽게 들어갑니다. 파일 홀더는 파일 캐비닛에 잘 맞아 장기간 보관할 수 있습니다. 가정, 사무실, 학교, 비즈니스용으로 적합합니다.",,"['파일', '문서', '가죽', '홀더', '폴더', '봉투', '포트폴리오', '부드럽다', '방수', '구성']"
사무용품,파일링 제품,봉투 파일,,B00MS5RZQM,"C-Line 스트링 클로저가 있는 재사용 가능한 폴리 봉투, 2.5cm 거싯, 상단 하중, 레터 사이즈, 봉투 24개 팩, 다양한 색상 (58020-24)",C-Line,38461,38461,4.1,23.0,"상단 로드 폴리프로필렌 봉투는 문서를 안전하게 보관할 수 있습니다 중성 아카이브 품질의 폴리프로필렌으로 제작되었으며, 스트링 클로저가 있습니다 29.9 x 21.4 cm 문서 보관용 블루, 아쿠아, 퍼플, 핑크, 스모크 및 클리어 등 다양한 색상 봉투 24개 팩","스트링 클로저가 있는 C-라인 재사용 가능한 폴리 봉투는 21.4 x 27.9 cm 문서를 안전하게 보관할 수 있습니다. 중성 기록용 품질의 폴리프로필렌으로 제작된 이 상단 로딩 봉투는 스트링 클로저와 2.5cm(1인치) 거싯이 있습니다. 다양한 색상은 블루, 아쿠아, 퍼플, 핑크, 스모크 및 투명을 포함합니다. 색상은 다를 수 있습니다. 봉투 24개 팩.","['봉투', '클로저', '폴리프로필렌', '문서', '스트링', '안전하다', '재사용', '블루', '스모크', '아쿠아']"
사무용품,파일링 제품,봉투 파일,,B0CN6M8GGR,"20팩 A4 플라스틱 봉투 - 2버튼 스냅 클로저 투명 플라스틱 폴리 봉투, 문구 및 문서용 확장 가능한 플라스틱 폴더, 파일 정리용 플라스틱 파일 백 파일 봉투",Agoer,23531,23531,4.2,4.0,"3차원, A4 대용량 문서 가방: 문서 포켓은 확장 가능하며 3차원입니다. 길이 x 너비 x 높이: 32 x 22 x 2cm(12.6 x 8.6 x 0.78인치), 단일 A4 파일 폴더는 최대 270-300 A4 용지를 동시에 보관할 수 있습니다. 중요한 문서, 노트북, 파일, 책 및 기타 문구류, 가지고 다니고 싶은 모든 것을 넣을 수 있는 충분한 공간을 제공하며 핸드백에 잘 맞습니다. 독특한 2버튼 잠금 디자인: 문서에 더 잘 맞는 이중 버튼 잠금 A4 투명 포켓. 문서가 적으면 하단 푸시 버튼을 사용하고 문서가 더 많으면 상단 버튼을 사용하십시오. 완벽한 핏을 보장하고 가방의 내용물이 떨어지는 것을 방지합니다. 양면 라벨: 전면에 라벨 용지가 있는 디자인은 파일을 편리하게 분류하고 칸을 열지 않고도 원하는 문서를 찾을 수 있습니다. 라벨은 양면이며 양면에 사용할 수 있기 때문에 잘못된 텍스트를 쓰더라도 아무 것도 하지 않습니다. 밀봉 디자인: 3차원 A4 용지 폴더는 새로운 밀봉 가장자리 디자인을 사용하여 각 모서리를 밀봉하여 더 나은 방수 및 습기 방지 및 문서를 전체적으로 보호합니다. 고품질 PP: 당사의 문서 폴더는 무독성 및 무취 PP로 만들어져 환경 친화적이며 재활용 가능합니다. 개선되고 두꺼운 단일 레이어 두께는 장기간 사용할 수 있도록 다른 일반 문서 포켓보다 두껍습니다.",,"['문서', '파일', '버튼', '플라스틱', '폴더', '디자인', '가능하다', '봉투', '밀봉', '양면']"
사무용품,파일링 제품,봉투 파일,,B07S87RLDK,폴리 봉투 리갈 확장 가능한 파일 폴더 오거나이저 스냅 버튼 다양한 색상 시트 홀더 7팩,TIENO,20761,20761,4.4,170.0,"포장 목록: 7개의 플라스틱 단추 봉투, 흰색, 파란색, 빨간색, 주황색, 노란색, 녹색, 보라색으로 다양한 색상. 풍부한 색상은 다양한 요구를 충족시킵니다. 사양: 충분한 공간을 위한 법적 크기 14 x 10 x 1.18 인치 (365 x 275 x 30 mm)로 다양한 문서, 프로젝트, 종이에 적합합니다. 소재: 고품질 PVC로 제작되었으며 두께는 0.2mm입니다. 투명한 소재로 내용물을 선명하게 볼 수 있습니다. 내구성, 방수 및 마찰에 강합니다. 디자인: 확장 가능한 거싯은 대용량을 위해 3cm(1.2인치)까지 확장할 수 있으며 최대 200장의 종이를 수용할 수 있습니다. 사용: 파일, 문서, 포스터, 영수증, 쿠폰, 카드를 분류, 정리 및 보관하기에 적합합니다. 선생님, 회계사, 건축가 또는 변호사가 사용하기에 좋습니다.","견고한 보관 품질의 PP 소재로 제작된 법적 크기의 플라스틱 봉투는 흰색, 주황색, 빨간색, 파란색, 노란색, 초록색, 보라색의 여러 가지 밝은 색상으로 쉽게 단추 잠금 장치가 있습니다. 펜, 종이 클립, 기타 사무용품을 보관하고 조직 문제를 빠르고 효율적으로 해결할 수 있도록 도와줍니다. 교육을 위해 독서 그룹을 정리하고 보호하며, 차량 등록 문서를 세금 수집가의 사무실에 가져와 가족을 위한 중요한 문서로 작은 여행 패킷을 만드는 데 적합합니다. 대용량을 위한 3cm(1.25인치) 확장으로 최대 200장의 종이를 수용할 수 있습니다. 반투명, 견고함, 찢어짐 방지, 경량 및 잘 제작되었습니다. 버튼 잠금으로 잘 작동하며 모든 내용물에 쉽게 접근할 수 있어 개인 기록, 전문 문서, 건강 기록 등을 정리하는 데 어려움을 겪지 않습니다. 선생님, 회계사, 변호사 및 엔지니어가 더 편리하게 작업할 수 있습니다.","['문서', '종이', '확장', '보관', '제작', '정리', '봉투', '장의', '수용', '선생님']"
사무용품,파일링 제품,봉투 파일,,B09CKHL48Z,Enyuwlcm 펠트 폴더 케이스 장식용 A4 파일 폴더 문서 홀더 포트폴리오 봉투 꽃무늬 스타일 스냅 클로저 여성용 여아용 4팩,enyuwlcm,20761,20761,4.3,18.0,"아름답고 휴대 가능한 디자인: 이 패브릭 파일 폴더 표면은 모조 린넨 천과 내부 울 펠트로 만들어져 가볍고 손이나 백팩에 쉽게 휴대할 수 있습니다. 꽃 봉투 폴더 디자인으로 사무실이나 가정에 훌륭한 장식적인 장식이 됩니다. 장시간 지속: 파일 표면은 변형이 없고 색이 바래지 않으며 끈적이지 않으며 내마모성이 있으며 내구성이 뛰어난 금속 스냅 버튼 클로저 디자인을 사용하여 접히지 않고 쉽게 보관하거나 액세스할 수 있으며 문서를 잘 보호합니다. 오랫동안 당신과 함께할 것입니다. 4팩 다용도 폴더: 포장된 4개의 파일링 봉투는 파일을 잘 정리하고 문서가 찢어지거나 기타 손상으로부터 보호합니다. 안전한 잠금 장치가 있는 파일 폴더는 파일 및 프로젝트를 안전하게 운반하고 보관하는 데 적합합니다. 치수: 이 확장 파일 폴더 펠트 사이즈: 13*9.05인치(33*23cm) A4 용지, 레터 사이즈 파일에 적합합니다. 100% 위험 부담 없는 구매: 저희 펠트 포트폴리오에 만족하지 못하셨다면 만족스러운 솔루션을 제공하게 되어 매우 기쁩니다. 다양한 스타일의 파일 봉투가 있습니다.","고품질 이 봉투 스타일 폴더는 친환경 프리미엄 두꺼운 원단을 사용하며 가는 실 재봉으로 제작되었습니다. 모든 디테일에 주의를 기울이고 멋지고 편안한 촉감을 가지고 있습니다. 다양한 사용 이 폴더는 상업 행사, 사무실 문서 보관, 가정 문서 보관, 면접, 학교 등에 적합합니다. 이 아름다운 파일 폴더 세트는 실용적이므로 친구, 선생님, 동료, 고객 또는 파트너에게 훌륭한 선물입니다. 패키지 유닛은 4팩 파일링 봉투로 판매되며 다른 품목(사진)은 포함되지 않습니다.","['파일', '폴더', '봉투', '문서', '펠트', '보관', '디자인', '장식', '스타일']"
사무용품,파일링 제품,봉투 파일,,B0CZJKG56Q,"32.5cm x 23.6cm(12.8인치 x 9.3인치) PU 가죽 A4 파일 봉투 방수 문서 정리함, 학교 또는 사무실용",Croshuki,9681,9681,,,"PU 가죽으로 제작되어 방수 및 내구성이 뛰어납니다. 약간의 가죽 냄새가 날 수 있으며, 통풍이 잘되는 곳에 잠시 두어도 됩니다. 마음에 들면, 주문하기 전에 신중하게 고려하십시오. 사이즈: 약 32.5 x 23.6cm(12.75 x 9.3인치), 레터 사이즈와 A4 사이즈 시트에 적합합니다. 자석 금속 스냅 버튼으로 쉽게 열고 닫을 수 있습니다. 불투명 디자인으로 개인 파일이 보이지 않도록 보호합니다. 파일 외에도 송장, 문서 등을 저장하는 데에도 사용할 수 있습니다.","제품 특징:/소재: 폴리우레탄 가죽./색상: 블랙./패키지 포함: 봉투 1개./방수, 내구성.","['가죽', '파일', '구성', '방수', '문서', '봉투', '고려', '금속', '불투명', '디자인']"
사무용품,파일링 제품,봉투 파일,,B08T7DNQKL,"100팩 33 x 22.9cm(13 x 9인치) 플라스틱 봉투 폴리 봉투, 스냅 클로저가 있는 투명 플라스틱 봉투 폴더, 가정, 사무실, 학교, 레터 사이즈/A4 사이즈",ZEONHAK,37381,37381,4.3,28.0,"PP 소재로 제작 - 봉투는 매끄러운 표면과 편안한 촉감을 가진 고품질 PP 플라스틱으로 제작되었습니다. 찢어짐 방지 및 습기 방지 기능이 있습니다. 자극적인 냄새가 없습니다. 고주파에서 재사용할 수 있습니다. 잘 정리됨 - 폴리 봉투는 투명하며 내용물이 선명하게 보입니다. 문서를 쉽게 찾을 수 있습니다. 투명 플라스틱 봉투의 분류 및 요약은 분명하며, 상자를 뒤적이지 않고도 필요한 파일을 찾을 수 있습니다. 파일을 안전하게 잠금 - 각 플라스틱 봉투에는 스냅 클로저가 장착되어 있어 떨어지거나 분실될 경우 파일을 안전하게 잠글 수 있습니다. 스냅 잠금 디자인으로 봉투를 열어 파일을 쉽게 보관할 수 있습니다. 양쪽 끝의 씰은 핫 프레스 기술을 채택하여 단단히 닫히고 강한 고정력을 가지고 있습니다. 다양한 용도 - 방수 봉투 폴더는 일상 생활에서 널리 사용됩니다. 화이트 칼라, 학생, 교사 또는 다른 사람이든 상관없이 사용할 수 있는 좋은 기회가 있습니다. 모든 종류의 문서, 참조, 양식, 지폐, 문구 등을 보관하기에 적합합니다. 100% 보장 - 투명 플라스틱 봉투 폴더에 품질 문제가 있는 경우 제품을 받은 후 30일 이내에 전액 환불 및 반품을 요청할 수 있습니다. 품질과 고객 만족을 최우선으로 두고 있습니다. 궁금한 사항이 있으시면 언제든지 저희에게 연락하십시오. 위험 부담 없이 장바구니에 담기를 클릭하세요!","회사 소개 ZEONHAK 항상 고품질 제품, 만족스러운 서비스, 고객 지향성을 약속으로 간주합니다. 내구성이 뛰어난 프리미엄 플라스틱 봉투 및 관련 제품을 제공하기 위해 최선을 다하고 있습니다. 경제적이고 실용적인 플라스틱 봉투를 찾고 계신다면 ZEONHAK 제품이 이상적인 선택입니다. 왜 저희를 선택해야 할까요? 종이 파일 봉투와 비교했을 때, 폴리 봉투는 방수 기능이 있으며 쉽게 찢어지지 않습니다. 문서가 봉투에서 쉽게 떨어지지 않습니다. 시도해 볼 가치가 있습니다. ● 투명 플라스틱 봉투 폴더는 투명하며 내용물이 명확하게 보입니다. 이 봉투는 문서를 순서대로 보관합니다. 파일을 쉽게 찾을 수 있습니다. ● 플라스틱 봉투는 가볍고 휴대가 쉽습니다. 엉성해 보이지만 강력한 고정력을 가지고 있습니다. 모든 종류의 종이 문서를 자주 다루는 사람들에게 필요한 정리함입니다. ● 패키지에는 플라스틱 봉투 100팩이 함께 제공됩니다. 이 수량은 장기간 사용에 대한 요구를 충족시킬 수 있습니다. 각 봉투의 크기는 33 X 22.9cm(13 x 9인치)입니다. 레터 사이즈/A4 사이즈 용지에 적합합니다. 사양: 소재: PP 플라스틱 사이즈: 33 x 22.9cm 색상: 투명 제품 구성: 투명 플라스틱 봉투 100개","['봉투', '플라스틱', '투명', '파일', '문서', '폴더', '스냅', '폴리']"
사무용품,파일링 제품,봉투 파일,,B09KPKSRBN,"10팩 플라스틱 레터 사이즈 봉투, 버튼 및 스트링 타이 클로저, 다양한 색상 플라스틱 봉투 폴리 봉투 확장 가능한 파일 문서 폴더 학교 사무실 및 가정용",MYUOOT,19376,19376,,,"소재: 두꺼운 고품질 PP 소재, 방수 및 방진, 내구성. 드로스트링 디자인: 단단한 밀봉, 내마모성, 쉽게 손상되지 않습니다. A4 용지 200장을 담을 수 있습니다. 엣지 밴딩: 핫 프레스 엣지 밴딩, 쉽게 깨지지 않고 섬세하고 내구성이 뛰어납니다. 다양한 용도: 학습 보관, 사무실 보관, 일상 필수품 보관. : 저희 제품에 만족하지 않으시면 언제든지 저희에게 연락해 주십시오. 24시간 이내에 만족스러운 답변을 드리겠습니다.","제품 이름: A4 봉투 폴더 소재: 고품질 PP 색상: 핑크, 퍼플, 그린, 블루, 옐로우 (각 색상은 2개) 용량: 용지 200장 이상 크기: 330 x 250 mm 무게: 200G 방수: 가능 포장: 10 x A4 파일 가방","['봉투', '보관', '사무실', '구성', '밴딩', '플라스틱', '방수', '폴더', '엣지', '파일']"
사무용품,파일링 제품,봉투 파일,,B0CMXFK4L5,"메시 지퍼 파우치 백 25개, 대형 지퍼 백, 43.2 x 30.5cm(17 x 12인치) 플라스틱 봉투, 지퍼 파일 가방 포함, 방수 문서 파우치, 지퍼 폴더 A3 파일 봉투, 교실 사무실 여행용",,24999,24999,5.0,1.0,"【패키지 및 사이즈】 패키지에는 블랙 라지 지퍼 파우치 25개가 포함되어 있습니다. 플라스틱 지퍼 백은 43.9 x 31.5cm(17.3 x 12.4인치)이며 A3 사이즈 문서에 적합합니다. 물건을 보관할 수 있는 충분한 양과 완벽한 크기입니다. 【우수한 소재】 재사용 가능한 지퍼 백은 고품질 PVC로 만들어져 방수 및 방진 성능이 뛰어납니다. 파일 봉투는 얇고 가볍지만 찢어지지 않아 문서를 안전하게 보관하고 장기간 사용할 수 있습니다. 【우수한 밀봉 및 쉬운 사용】 견고한 메시 구조로 대부분의 제품보다 우수한 밀봉을 제공하므로 방수 문서 파우치는 더 많은 사용 요구 사항을 충족합니다. 고품질 드로스트링으로 금속 지퍼를 매끄럽게 사용할 수 있으며 바로 걸 수 있습니다. 【반투명 디자인】 반투명 지퍼 파일 백을 사용하면 물건을 빠르게 식별하고 정확하게 꺼낼 수 있으며 프라이버시를 잘 보호합니다. 지퍼 파우치를 선물 가방으로 사용하여 사람들이 열지 못하게 할 수 있습니다. 【다양한 용도】 지퍼 폴더는 교실, 사무실, 비즈니스, 여행, 가정 용품 및 세면도구를 정리하거나 문구류, 퍼즐 및 보드 게임, 소형 전자 제품, 문서, 십자수, 종이, 연필, 파일, 글자, 지도 등과 같은 크기에 맞는 모든 물건을 보관하기에 적합합니다. 【참고】- 만 3세 미만의 어린이에게는 적합하지 않습니다.","AKOLAFE 교실용 대형 지퍼 파우치 25팩, 정리용 재사용 가능한 지퍼 백, 44.9 x 31.4cm(17.3 x 12.4인치) 지퍼 파일 백, 지퍼 폴더가 있는 플라스틱 봉투, 지퍼가 달린 메시 보관 가방, 방수 문서 가방 벌크, 여행, 사무실용 A3 파일 봉투 (블랙) 사양: 소재: PVC 유형: 반투명 메시 사이즈: 44.3x31.4cm. 색상: 블랙 패키지 구성: 지퍼 파우치 25개.","['지퍼', '파일', '파우치', '백', '문서', '봉투', '가방', '메시', '방수', '반투명']"
사무용품,파일링 제품,봉투 파일,,B0CL39TDNP,"문서용 플라스틱 봉투 30팩, 버튼 및 스트링 타이 클로저가 있는 확장 가능한 파일 문서 폴더, 문서용 A4 사이즈 플라스틱 폴더 - 사무실 학교에 사용",RHBLME,22146,22146,,,"【제품 구성】후크 앤 루프 클로저와 라벨 포켓이 있는 5색 A4 사이즈 투명 폴리 폴더 30팩. 【프리미엄 PP 소재】고품질 폴리에틸렌으로 제작되어 시중의 다른 파일 가방보다 강하고 내구성이 뛰어납니다. 찢어짐 방지, 방수, 세척이 쉽습니다. 【버튼 및 스트링 타이 클로저가 있는 플랩】봉투는 확장 가능하며 버튼과 스트링 하우징으로 모든 것을 그대로 유지합니다. 스트링 클로저로 내용물을 편리하게 보호합니다. 【파일 홀더】다양한 색상의 투명 폴더는 내용물을 볼 수 있어 봉투를 열지 않고도 파일을 쉽게 찾을 수 있습니다. 【쉬운 보관】RHBLME 비닐 봉투는 휴대가 가능하여 소지품을 정리하고 어수선한 부분을 정리할 수 있으며, 봉투 봉투는 학교, 가정, 직장, 사무실 여행 및 출장에 사용할 수 있습니다.","RHBLME 문서용 플라스틱 봉투 30팩, 버튼 및 스트링 타이 클로저가 있는 확장 가능한 파일 문서 폴더, 문서용 A4 사이즈 플라스틱 폴더 - 사무실 학교에 사용","['봉투', '폴더', '문서', '스트링', '클로저', '파일', '가능하다', '플라스틱', '버튼', '타이']"
사무용품,파일링 제품,봉투 파일,,B0CHS75B28,"AHANDMAKER 3피스 파일 폴더 펠트 봉투 파일 가방 A4 펠트 폴더 펠트 레터 사이즈 종이 포트폴리오 케이스 가족, 사무실, 비즈니스, 학교 용품용",AHANDMAKER,19930,19930,5.0,1.0,"A4에 적합: a4 파일과 동일한 크기로 설계되어 매일 필요한 종이 문서, 영수증, 신문, 펜 등을 거의 보관하고 정리할 수 있습니다. 파일을 깔끔하게 정리할 수 있습니다. 좋은 소재: 펠트 소재로 제작되어 일상적인 사용으로 쉽게 찢어지지 않으며, 내마모성, 좋은 촉감 및 정교한 외관으로 모든 물건을 떨어지거나 먼지와 긁힘으로부터 보호합니다. 간편한 사용: 문서가 더 이상 어수선하지 않습니다. 문서를 가방에 넣고 버클을 채우고 접지 않고 쉽게 보관할 수 있습니다. 문서를 보호하고 가볍고 필요한 문서를 휴대할 수 있습니다. 다기능: 문서, 종이, 노트북, 펜, 신문, 영수증, 화장품 및 기타 액세서리를 보관하는 데 사용할 수 있으며 노트북 가방이나 휴대폰 가방으로 사용하여 일상적인 긁힘으로부터 보호합니다. 적용 가능한 경우: 사무실, 학교, 비즈니스 데이터 청구 영수증, 시험장, 회의, 여행 및 가정 일상 사용 등에 적합하며 학생, 교사 및 직원에게 필수적인 아이템입니다.","소개: 3피스, 펠트 파일 오거나이저는 심플하고 패셔너블하며 정교한 장인 정신, 가볍고 부드럽고 편안한 촉감, 내마모성, 긴 유지 시간, 모든 요구 사항을 충족하며 모두에게 이상적인 파일 가방입니다. 사이즈: 너비 약 13.4인치/340mm, 길이 9.6인치/245mm, 두께 0.2인치/6mm, 1개/색상, 3가지 색상. 참고: 1. 물에 담그거나 드라이 클리닝 또는 젖은 천으로 닦지 마십시오. 2. 수동 측정의 차이로 인해 약간의 치수 차이가 있을 수 있습니다.","['파일', '문서', '가방', '펠트', '종이', '영수증', '일상', '보호', '힘', '차이']"
사무용품,파일링 제품,봉투 파일,,B09YHVKDLX,"PATIKIL 파일 백 펠트 폴더 2팩 A4 봉투 문서 보관 파우치 정리함, 사무실 비즈니스용, 핑크",PATIKIL,17298,17298,4.5,14.0,"사이즈: A4; 색상: 핑크; 전체 치수: 33 x 23cm / 13 x 9인치 (길이*너비) 특징: 정교한 솜씨의 견고한 펠트 소재, 부드럽고 가벼움, 내마모성 및 쉽게 깨지지 않음, 오랫동안 사용할 수 있습니다 장점: 독특한 스타일의 스냅 버튼 클로저로 내용물을 양호한 상태로 유지하고 떨어지는 것을 방지합니다. 좋은 사이즈로 다양한 용도에 적합하며 휴대와 보관이 용이합니다 용도: 다기능으로 문서, 종이, 편지, 파일, 보고서 및 사무실, 교육, 가정, 비즈니스 등과 같은 다양한 행사를 정리하는 데 좋습니다. 참고: 주문하기 전에 사이즈를 확인하십시오",,"['비즈니스', '핑크', '펠트', '파일', '보관', '사무실', '문서', '정리', '백', '부드럽다']"
사무용품,파일링 제품,봉투 파일,,B09YHVJ6VF,"MECCANIXITY 지퍼 봉투 파일 백, A5 사이즈 PVC 투명 지폐 문서 포켓, 사무실 가정용, 블루 10개 팩",MECCANIXITY,12866,12866,5.0,1.0,"이 지퍼 백은 일상 생활에서 다양한 용도로 사용할 수 있어 사무실, 교육, 가정, 여행, 작은 물건 보관, 종이, 연필, 문서, 티켓, 봉투, 공예품, 화장품, 편지, 브로셔, 카드 등에 적합합니다 사이즈: A5; 색상: 블루, 투명; 사이즈: 23 x 17cm / 9 x 6.7- PVC 소재로 만들어져 방수, 내마모성, 견고하고 내구성이 뛰어나며 오래 사용할 수 있습니다 쉽게 정리할 수 있도록 색상으로 구분되어 있으며 다양한 물건을 효율적이고 정확하게 정리할 수 있도록 도와주며, 충분한 양의 팩은 일상적인 요구 사항을 충족시킬 수 있습니다 지퍼 백을 열고 정리해야 하는 물건을 가방에 넣은 다음 닫습니다",,"['백', '정리', '물건', '지퍼', '문서', '사무실', '봉투', '일상', '블루', '투명']"
사무용품,파일링 제품,봉투 파일,,B0CYTBVQH5,"레터 사이즈 플라스틱 봉투 21.6 x 27.9cm(8.5 x 11인치) 문서용 18개, 칸막이 포함 A4 지퍼 봉투, 플라스틱 파일 폴더 봉투, 확장 파일 지갑, 문서 폴더 홈 오피스 학교용",Motipuns,20761,29071,4.6,3.0,"종합 패키지: 키트에는 18개의 칸막이가 있는 문서용 학교 플라스틱 봉투 18개가 포함되어 있습니다. 서류를 체계적으로 정리하고 작업 공간을 깔끔하게 유지할 수 있는 훌륭한 방법이 있습니다 필요에 맞는 이상적인 사이즈: 이 학교 플라스틱 문서 봉투 크기는 약 33 x 24.5cm(13 x 9.6인치) 및 34 x 24.5cm(13.4 x 9.75인치)로 레터 크기 21.6 x 27.9cm(8.5 x 11인치) 및 A4 용지를 쉽게 보관할 수 있습니다. 칸막이는 약 19 x 29.7cm(7.5 x 11.75인치)로 봉투 안에 잘 맞습니다. 봉투봉투봉투봉투를 확장확장더 많은 문서를 수용할 수 있도록 양면이 최대 약 3cm(1.2인치)입니다 눈길을 끄는 색상: 칸막이가 있는 학교 지퍼 봉투와 칸막이가 있는 흥미진진한 색상 범위를 경험해보세요. 봉투는 다채로운 지퍼, 레드, 핑크, 블루, 그린, 투명, 옐로우 스타일과 짝을 이루는 투명한 바디를 제공합니다. 각 7.6cm(3인치) 칸막이는 6가지 동일한 색상으로 제공되며 각 7.6cm(3인치)의 생생한 색상은 재미있는 요소를 더할 뿐만 아니라 색상 코딩을 기반으로 파일을 구별하는 데 도움이 됩니다 우수한 소재 품질: 당사의 학교 투명 플라스틱 파일 폴더는 튼튼한 PE 소재를 사용하여 제조되었으며, 칸막이는 고품질 플라스틱으로 제작되었으며, 봉투는 내산성이며 쉽게 찢어지지 않아 중요한 문서를 습기로부터 보호할 수 있는 견고한 커버를 제공합니다. 문서의 안전을 보장하는 신뢰할 수 있는 홀더를 확보할 수 있습니다. 뾰족한 물체가 가방을 깨뜨릴 수 있습니다 기능적인 디자인 특징: 지퍼가 달린 학교 문서 폴더는 기능적인 투명 디자인으로 내용물을 한 눈에 볼 수 있어 파일을 빠르고 쉽게 확인할 수 있습니다. 튼튼한 지퍼는 운반 중에 물건이 떨어지는 것을 방지하여 문서에 이상적인 안전을 보장합니다","특징: 각 투명 봉투 파우치에는 지퍼에 걸이용 링이 장착되어 있습니다. 이 기능은 사용자 편의를 위해 설계되어 봉투를 쉽게 걸거나 사용하지 않을 때 걸 수 있어 데스크톱 공간을 절약할 수 있습니다. 이 투명 플라스틱 봉투는 문서를 보관할 뿐만 아니라 숙제, 영수증, 티켓, 장신구, 문구류 등을 정리하는 데 이상적입니다. 이 봉투는 다양한 보관 요구 사항을 충족하며 학교, 사무실 및 여행 관련 보관에도 이상적입니다. 사양: 소재: 봉투: PE 칸막이: 플라스틱. 색상: 봉투: 바디: 투명. 지퍼: 레드, 핑크, 블루, 그린, 투명, 옐로우 칸막이: 그린, 투명, 옐로우, 레드, 블루, 핑크 사이즈: 봉투: 각각 약 13 x 9.65 인치/33 x 9.65 cm, 13.4 x 9.65 인치/34 x 9.65 인치. 칸막이: 약 19 x 29.7cm(7.48 x 11.69인치). 패키지 구성: 플라스틱 봉투 18개. 칸막이 18개. 참고: 수동 측정, 사이즈에 약간의 오차가 있을 수 있습니다. 화면 디스플레이의 차이로 인해 색상이 약간 다를 수 있습니다. 참고: 뾰족한 물체는 가방을 깨뜨릴 수 있습니다.","['봉투', '칸막이', '문서', '플라스틱', '투명', '학교', '지퍼', '파일', '폴더']"
사무용품,파일링 제품,봉투 파일,,B0CSX8V3MF,"플라스틱 파일 폴더, 10개 A4 파우치 파일링 봉투 봉투 확장 가능 스냅 클로저 문서 오거나이저 레터 사이즈 투명 컬러 폴리에스터, 사무실/비즈니스/학교용 지갑",WitBicg,33226,33226,,,"【고품질 소재】: 플라스틱 파일 폴더는 찢어짐 방지, 방수 및 쉽게 깨지지 않는 고품질 플라스틱으로 만들어져 모든 위치를 쉽게 기억할 수 있어 사무실 문서나 학습 자료가 젖거나 더러워지는 것을 효과적으로 보호할 수 있습니다. 대형 플라스틱 확장 가능한 파일 폴더로 물건을 정리할 수 있습니다. 【대용량 보관】: 48.3 x 25.4 x 8cm(19 x 10 x 3.15인치). 800장 용량의 파일 파우치는 일상적인 문서 정리 및 보관에 적합합니다. 9가지 밝은 색상: 레드, 그린, 오렌지, 다크 블루, 블랙, 퍼플, 옐로우, 핑크, 그레이, 다양한 색상으로 정리하고 구별하기 쉽습니다. 투명하여 파일에 무엇이 있는지 쉽게 볼 수 있습니다. 【친밀한 디자인】: 스냅 클로저가 있는 플라스틱 폴더에는 파일을 쉽게 구별할 수 있는 명함 슬롯이 장착되어 있습니다. 이 폴더는 앞면, 후면 및 상단에 무거운 투명 골지 플라스틱으로 만들어졌습니다. 측면과 하단은 나일론 같은 소재로 만들어져 쉽게 확장되고 내구성이 뛰어납니다. 스티치 엣지 트림이 있는 패브릭 거싯은 손가락을 긁힘으로부터 보호하며, 스냅 클로저가 있는 플라스틱 폴더는 문서를 안전하게 보관하고 떨어지는 것을 방지합니다. 【다기능】: 서류 봉투는 학교 과목, 사무실 문서, 여행 A4 폴더, 디자인 드로잉, 명함 및 화장품 보관과 같은 일상적인 사용에 적합합니다. 이 서류 가방은 매우 특별하고 세련되게 개조되었습니다. 이 폴더는 가볍고 휴대가 간편합니다. 방수 기능으로 외출 시 비가 올 때 걱정할 필요가 없습니다. 【애프터 서비스】: 다른 사람에게 선물로 줄 수 있습니다. 사용 또는 구매 중에 문제가 발생하면 언제든지 저희에게 연락해 주시면 최대한 빨리 답변 드리겠습니다. 저희는 무료 반품 및 환불을 제공합니다. 저희 제품을 구입해 주세요.",,"['폴더', '플라스틱', '파일', '문서', '보관', '사무실', '봉투', '클로저', '확장', '스냅']"
사무용품,파일링 제품,봉투 파일,,B0CGFZCYNN,"핸드메이드 Lokta Paper 25.4x33cm(10x13인치) 빈티지 봉투 10팩 스트링 타이 버튼 클로저 문서 레터 슬리브 파일 폴더 오거나이저, 10팩 네팔산 (내추럴)",Kathmandu Valley Co.,45635,45635,5.0,1.0,"문서를 스타일리시하게 보관하세요. 두꺼운 수제 록타 종이로 만든 25.4x33cm(10x13인치) 문서 폴더 나무가 없는 록타 종이로 만든 장식용 파일 폴더 러스틱 봉투는 미국 레터 크기 이하의 문서를 보관할 수 있는 완벽한 방법입니다. 내구성이 뛰어난 록타 종이는 네팔 히말라야에서 자란 록타 덤불에서 나옵니다. Lokta 펄프는 박스 스크린 위에 손으로 펴서 건조되도록 설정되어 세계에서 가장 독특한 종이를 만듭니다. 네팔에서 1,000년 된 제지 전통을 지지해 주셔서 감사합니다.",,"['종이', '문서', '록타', '폴더', '봉투', '파일', '네팔']"
사무용품,파일링 제품,봉투 파일,,B0CJ93NFQ7,스냅 클로저가 있는 플라스틱 봉투 6팩 플라스틱 파일 폴더 문서용 투명 파일 봉투 학교 작업 사무실 정리 서류 봉투 미국 A4 레터 다양한 색상,Abri,12451,12451,5.0,2.0,"고품질 소재: 이 문서 봉투는 프리미엄 PP 소재로 만들어져 방수 기능이 있으며 내구성이 뛰어나고 재사용이 가능합니다. 문서 및 기타 물건이 찢어지지 않도록 두께를 업그레이드하여 100% 안전을 제공합니다. 클로저가 있는 봉투: 각 플라스틱 봉투에는 후크 앤 루프 클로저 클로저가 있으며 안전하고 열리지 않으며 쉽게 열고 닫을 수 있으므로 필요한 것을 빠르고 효과적으로 얻을 수 있습니다. 제품 사이즈: 6팩 세트, 33 x 23.1cm(13 x 9.1인치), US A4 레터 용지에 적합합니다. 퍼플, 핑크, 화이트, 그린, 블루, 옐로우의 6가지 색상이 있습니다. 아름다울 뿐만 아니라 물건을 쉽게 정리하고 분류할 수 있습니다. 쉽게 비치세요: 투명한 플라스틱 봉투에서 무언가를 찾고 싶다면, 시스루 디자인으로 편리한 방법을 제공합니다. 원할 때 필요한 것을 쉽게 찾을 수 있습니다. 간편한 보관: 당사의 플라스틱 파우치는 휴대가 가능하여 물건을 정리하고 어수선함을 분류하는 데 도움이 됩니다. 봉투 가방은 학교, 집, 직장, 사무실, 여행 및 출장에서 사용할 수 있습니다.",,"['봉투', '플라스틱', '클로저', '물건', '정리', '문서', '파일', '사무실', '분류', '가능하다']"
사무용품,파일링 제품,봉투 파일,,B0C6M63R47,"A4 투명 폴더 포켓, 스냅 버튼 문서 폴더가 있는 FOME 15팩 플라스틱 봉투 A4 사이즈, 라벨 포켓 포함, 학교, 가정 및 사무실 작업 정리용",,8296,8296,4.1,5.0,"【고품질】: 두꺼운 프리미엄 방수 PP 소재로 만든 봉투 폴더. 내구성이 뛰어난 플라스틱 봉투 폴더는 방수 및 마모에 강하며 물과 먼지로부터 물건을 보호할 수 있습니다. 【버튼 잠금 디자인】: 문서 폴더 버튼은 플라스틱 소재로 만들어져 반복적으로 사용할 수 있으며 쉽게 손상되지 않습니다. 커버에 라벨 포켓을 추가했습니다. 사용 시 마크를 추가하여 내용물을 빠르게 보고 찾을 수 있습니다. 당사의 투명 바인더 백은 휴대가 쉽고 소지품을 순서대로 보관할 수 있습니다. 【대용량】: 투명 플라스틱 파일 폴더 크기는 32.3 x 23.4cm(12.7 x 9.25인치), 표준 레터 봉투 크기입니다. 대용량 요구 사항을 충족하는 약 50장의 종이를 담을 수 있습니다. 지폐, 문서, 자료 등을 보관하는 데 사용할 수 있습니다. 문구류, 여행 재료 등을 보관하는 데에도 사용할 수 있습니다. 【다기능】: 스냅 버튼이 있는 투명 문서 폴더는 레터/A4 사이즈 용지 및 기타 작은 물건을 보관하기에 매우 적합합니다. 폴더 포켓에는 문서, 문구류, 차트, 송장, 레고, 코바늘 뜨개질, 사진, 사진 등을 보관하고 분류할 수 있습니다. 반복적으로 사용할 수 있으며 돈과 시간을 낭비하지 않고 내구성이 뛰어납니다. 【다양한 용도】: 문서 폴더는 교육, 학교 작업, 교육 및 숙제, 사무실 일상 작업, 프로젝트, 서류 정리 및 보관에 적합합니다. 학생, 사무실 직원, 도서관 또는 병원에서 정리해야 하는 문서가 많은 곳에서 이 폴더를 사용할 수 있습니다.","특징: 고품질 PP 플라스틱, 인성이 있으며 쉽게 손상되지 않습니다. 투명 바인더 폴더는 휴대가 가능하여 물건을 정리하고 어수선함을 분류하는 데 도움이 됩니다. 봉투 가방은 학교, 집, 직장, 사무실 여행 및 출장에서 사용할 수 있습니다. 측면 로딩 포켓은 문서가 떨어지는 것을 방지하기 위해 후크 앤 루프 클로저로 고정됩니다. 외부 미니 라벨 포켓은 문서를 쉽게 분류하고 식별할 수 있도록 도와줍니다. 학교 과목, 사무실 문서 파일, 여행 파일 및 명함과 같은 일상적인 사용에 적합합니다./사양: 소재: PP 플라스틱 사이즈: 32.5 x 23.5 cm 무게: 0.45 킬로그램/1 파운드 색상: 투명 패키지 포함: A4 폴더 포켓 15개/팁: 수동 측정으로 인해 사이즈에 약간의 오차가 있을 수 있습니다. 디스플레이 차이로 인해 색상이 약간 다를 수 있습니다. 제품에 문제가 있는 경우 언제든지 저희에게 연락하실 수 있습니다. 최선을 다해 서비스를 제공하겠습니다.","['폴더', '문서', '포켓', '플라스틱', '투명', '봉투', '사무실', '보관', '학교', '버튼']"
사무용품,파일링 제품,봉투 파일,,B0C544Q7CK,"1InTheOffice 폴리 봉투 확장 가능한 플라스틱 투명 봉투, 버튼 및 스트링 클로저, 레터 사이즈, 다양한 색상, 5팩",1InTheOffice,20761,20761,,,지갑 폴더를 확장하여 서류와 문서를 정리할 수 있습니다 타이가 있는 폴더는 스트링 앤 버튼 클로저가 특징입니다 투명하고 플라스틱으로 제작되었습니다. 방수 파일 소재. 레터 사이즈 문서를 담을 수 있습니다 최대 3.2cm(1.25인치)까지 확장 가능,"1InTheOffice 폴리 봉투 확장 가능한 플라스틱 투명 봉투, 버튼 및 스트링 클로저, 레터 사이즈, 다양한 색상, 5팩/이 투명한 확장 지갑으로 중요한 서류 작업에 추가적인 보호 레이어를 추가하십시오. 내구성이 뛰어난 폴리 구조로 물과 찢어짐에 대한 저항성을 제공하며, 스트링 앤 버튼 클로저는 운송 중에 문서를 안전하게 보관합니다. 각 확장 지갑은 레터 사이즈 페이지 더미를 수용할 수 있는 3.2cm(1.25인치) 확장을 자랑하며 내부에 깔끔하게 정리할 수 있습니다. 이 레터 사이즈 투명 폴리 확장 지갑은 일상적인 비즈니스 요구 사항을 충족하기 위해 5팩으로 제공됩니다.","['확장', '지갑', '폴리', '버튼', '봉투', '스트링', '클로저', '문서', '투명', '플라스틱']"
사무용품,파일링 제품,봉투 파일,,B0D25DKY4K,"플라스틱 봉투 30팩, 벨크로 클로저가 있는 17.8 x 25.4cm(7 x 10인치) 투명 플라스틱 봉투, 재사용 가능한 A5 투명 봉투, 방수 파일 폴더, 문서 학교 사무용품용 플라스틱 봉투",,17991,20761,,,"벨크로 잠금: 벨크로 디자인은 폴리 폴더를 열고 닫을 때 더 편리하고 시간을 절약할 수 있습니다. 더 이상 로프를 반복적으로 감쌀 필요가 없으며 반복적으로 사용할 수 있으며 쉽게 손상되지 않습니다. 높은 투명도: 투명한 외관의 플라스틱 파우치로 분류에 대한 복잡한 표시 없이 폴더에 포함된 것을 즉시 볼 수 있으며 열고 낚시를 할 필요가 없습니다 고품질 소재: 투명 파일 폴더는 프리미엄 품질의 PP 플라스틱 소재로 만들어져 견고하고 신뢰할 수 있으며 방수 및 습기 방지, 안전하고 재사용이 가능하며 안전한 밀봉으로 장기간 사용할 수 있습니다. 패키지 포함: 17.8 x 24cm(7 x 9.5인치) 재사용 가능한 플라스틱 봉투 30개를 받게 되며, 파일을 정리하고 일상적인 요구 사항을 충족할 수 있는 충분한 수량으로 적절한 크기로 휴대가 쉽고 최대 200장의 종이를 담을 수 있습니다. 다양한 용도: 투명 플라스틱 봉투는 일상 숙제, 프로젝트, 서류, 서류, 프레젠테이션, 세금 파일에 적합하며 학교, 사무실 및 기타 행사에 적합합니다.","플라스틱 파우치는 방수 및 찢어짐 방지 기능이 있어 사무실 문서 보관 및 공식 행사에 적합합니다. 패키지: 재사용 가능한 플라스틱 봉투 30개. 사양: 브랜드: Boocalny 소재: 플라스틱 사이즈: 17.8 x 24cm 중요: 1. 사이즈는 손으로 측정하였으며, 새 제품 사이에 차이가 있을 수 있습니다. 2. 제품에 대한 질문이 있으시면 즉시 저희에게 연락하십시오!","['플라스틱', '봉투', '투명', '가능하다', '재사용', '폴더', '파일', '방수', '문서', '안전하다']"
사무용품,파일링 제품,봉투 파일,,B0CQWBXYJF,"FYY 파일 폴더, PU 가죽 A4 문서 홀더 파일 오거나이저 파일 봉투 포트폴리오 케이스 태블릿 슬리브 로프 버클 클로저 및 전면 포켓 포함, 홈 스쿨 사무실 문구용 블랙",FYY,13836,13836,5.0,1.0,"고품질: 이 파일 폴더는 로프 버클 클로저가 있는 프리미엄 PU 가죽으로 만들어졌으며 내구성이 뛰어난 소재로 오래 사용할 수 있으며 문서를 오랫동안 잘 보호합니다 대용량: 파일 정리함의 내부 치수는 33 x 23.9cm(13 x 9.4인치)이며 A4 용지용으로 특별히 설계되었으며 A4/레터 크기 용지 150-200장을 담을 수 있습니다. 휴대폰, 태블릿(최대 11인치), 펜 또는 휴대해야 하는 기타 작은 물건을 쉽게 보관할 수 있습니다. 또한 모든 필수품을 보관할 수 있는 2개의 전면 포켓이 있습니다 스타일리시한 방수 기능: 이 가죽 봉투 폴더 표면은 부드럽고 매끄러우며 촉감이 좋습니다. 방수 표면으로 문서를 안전하고 쉽게 관리할 수 있습니다 간편한 휴대: 가벼워 휴대가 편리하며 백팩, 서류 가방, 가방에 넣을 수 있으며 손에 쥘 수도 있습니다 다양한 용도: 상업 행사, 사무실 문서 보관, 가정 문서 보관, 면접, 학교 등에 적합한 파일 정리 가방. 친구와 가족을 위한 이상적인 선물입니다. 제품에 대해 궁금한 점이 있으시면 언제든지 저희에게 연락하십시오",,"['파일', '문서', '가방', '휴대', '가죽', '폴더', '봉투', '보관', '버클', '방수']"
사무용품,파일링 제품,봉투 파일,,B0CZNZTBZ9,"VANRA PU 가죽 파일 폴더 문서 홀더, A4 레터 사이즈 용지용, 방수 문서 오거나이저 포트폴리오 파일 봉투 서류 작업 케이스 여행/공부/작업용 스트랩 클로저 포함(네이비 블루)",VANRA,17977,17977,,,"[고품질] 방수 문서 폴더는 훌륭한 질감의 피부 친화적인 PU 가죽으로 만들어졌으며 섬세한 스티치가 있습니다. 쉽게 갈라지지 않아 종이 문서가 젖거나 구겨지는 것을 방지합니다. [실용성] 이 문서용 파일 폴더에는 거의 100장의 A4 크기 또는 레터 사이즈 용지를 담을 수 있습니다. 태블릿이나 사무용품을 보관할 수 있는 포트폴리오 폴더로도 사용할 수 있습니다. [편리함] 가죽 파일 봉투를 닫기 위해 스트랩을 패스너에 끼우기만 하면 내부의 중요한 문서가 미끄러지지 않도록 합니다. [디자인] 중복 장식이 없는 심플하고 우아한 스타일의 문서 홀더는 비즈니스맨이 전문적인 태도를 보여주기에 좋습니다. [다기능] -치수: 37.6x26.5cm(14.8x10.5인치), 파일 홀더의 크기는 배낭, 책가방, 여행 가방에 쉽게 넣거나 휴대할 수 있습니다. 인터뷰, 여행 문서 홀더, 프로젝트 파일 포켓 등을 위한 이력서 폴더로 사용하기에 좋습니다.","VANRA 문서용 A4 파일 폴더: PU 가죽으로 만든 내구성 있는 방수 문서 홀더는 종이 문서가 젖지 않도록 방지합니다. 포트폴리오 폴더는 사무용품을 보관할 수 있는 대용량을 가지고 있습니다. 가죽 파일 봉투의 클로저 디자인은 중요한 문서를 보호하는 데 도움이 됩니다. 문서 폴더는 이력서 폴더, 여행 문서 홀더, 프로젝트 파일 포켓 등으로 사용할 수 있습니다. 선물로 좋습니다.","['문서', '폴더', '파일', '홀더', '가죽', '여행', '포트폴리오', '봉투', '방수']"
사무용품,파일링 제품,봉투 파일,,B0B13ZFXK4,"PATIKIL 스트링 파일 폴더 10팩 A4 사이즈 문서 레터 오거나이저 홀더 서류 봉투 재킷, 사무실용 브라운",PATIKIL,24223,24223,5.0,2.0,"사이즈: A4; 색상: 브라운; 전체 치수: 31 x 23.5cm / 12.2 x 9.3 인치 (길이*너비) 특징: 정교한 솜씨의 견고한 종이 소재, 고강도 및 경량, 내마모성 및 쉽게 깨지지 않음, 오랫동안 사용할 수 있습니다 장점: 독특한 스타일의 스트링 타이 클로저로 내용물을 양호한 상태로 유지하고 떨어지는 것을 방지합니다. 좋은 사이즈로 다양한 용도에 적합하며 휴대와 보관이 용이합니다 용도: 스트링 타이 봉투 파일 폴더는 파일을 깔끔하게 관리할 수 있도록 잘 정리되어 있으며 문서, 보고서, 기록, 양식을 저장하고 사무실, 가정, 비즈니스, 우편실 또는 기타 용도에 적합합니다 참고: 주문하기 전에 사이즈를 확인하십시오",,"['파일', '스트링', '문서', '폴더', '타이', '브라운', '봉투', '휴대', '사무실', '사무']"
사무용품,파일링 제품,봉투 파일,,B0CSX93W4X,"플라스틱 파일 폴더 레터 사이즈, 10개 A4 파우치 파일링 봉투 확장 가능 방수 스냅 클로저 문서 오거나이저 투명 컬러 폴리에스터, 사무실/비즈니스/학교용 지갑",WitBicg,33226,33226,,,"【고품질 소재】: 플라스틱 파일 폴더는 찢어짐 방지, 방수 및 쉽게 깨지지 않는 고품질 플라스틱으로 만들어져 모든 위치를 쉽게 기억할 수 있어 사무실 문서나 학습 자료가 젖거나 더러워지는 것을 효과적으로 보호할 수 있습니다. 대형 플라스틱 확장 가능한 파일 폴더로 물건을 정리할 수 있습니다. 【대용량 보관】: 48.3 x 25.4 x 8cm(19 x 10 x 3.15인치). 800장 용량의 파일 파우치는 일상적인 문서 정리 및 보관에 적합합니다. 9가지 밝은 색상: 레드, 그린, 오렌지, 다크 블루, 블랙, 퍼플, 옐로우, 핑크, 그레이, 다양한 색상으로 정리하고 구별하기 쉽습니다. 투명하여 파일에 무엇이 있는지 쉽게 볼 수 있습니다. 【친밀한 디자인】: 스냅 클로저가 있는 플라스틱 폴더에는 파일을 쉽게 구별할 수 있는 명함 슬롯이 장착되어 있습니다. 이 폴더는 앞면, 후면 및 상단에 무거운 투명 골지 플라스틱으로 만들어졌습니다. 측면과 하단은 나일론 같은 소재로 만들어져 쉽게 확장되고 내구성이 뛰어납니다. 스티치 엣지 트림이 있는 패브릭 거싯은 손가락을 긁힘으로부터 보호하며, 스냅 클로저가 있는 플라스틱 폴더는 문서를 안전하게 보관하고 떨어지는 것을 방지합니다. 【다기능】: 서류 봉투는 학교 과목, 사무실 문서, 여행 A4 폴더, 디자인 드로잉, 명함 및 화장품 보관과 같은 일상적인 사용에 적합합니다. 이 서류 가방은 매우 특별하고 세련되게 개조되었습니다. 이 폴더는 가볍고 휴대가 간편합니다. 방수 기능으로 외출 시 비가 올 때 걱정할 필요가 없습니다. 【애프터 서비스】: 다른 사람에게 선물로 줄 수 있습니다. 사용 또는 구매 중에 문제가 발생하면 언제든지 저희에게 연락해 주시면 최대한 빨리 답변 드리겠습니다. 저희는 무료 반품 및 환불을 제공합니다. 저희 제품을 구입해 주세요.",,"['폴더', '플라스틱', '파일', '문서', '보관', '사무실', '클로저', '확장', '스냅', '방수']"
사무용품,파일링 제품,봉투 파일,,B0B1486XGL,"PATIKIL 스트링 봉투 파일 폴더 2팩 A5 사이즈 문서 레터 오거나이저 홀더 파일 재킷, 사무실용 블랙",PATIKIL,9819,9819,4.3,5.0,"사이즈: A5; 색상: 블랙; 전체 치수: 17.5 x 23.8cm / 6.9 x 9.4 인치 (길이*너비) 특징: 정교한 솜씨의 견고한 종이 소재, 고강도 및 경량, 내마모성 및 쉽게 깨지지 않음, 오랫동안 사용할 수 있습니다 장점: 독특한 스타일의 스트링 타이 클로저로 내용물을 양호한 상태로 유지하고 떨어지는 것을 방지합니다. 좋은 사이즈로 다양한 용도에 적합하며 휴대와 보관이 용이합니다 용도: 스트링 타이 봉투 파일 폴더는 파일을 깔끔하게 관리할 수 있도록 잘 정리되어 있으며 문서, 보고서, 기록, 양식을 저장하고 사무실, 가정, 비즈니스, 우편실 또는 기타 용도에 적합합니다 참고: 주문하기 전에 사이즈를 확인하십시오",,"['파일', '스트링', '문서', '폴더', '타이', '블랙', '봉투', '사무실', '사무', '비즈니스']"
사무용품,파일링 제품,봉투 파일,,B0BK9C8MM6,"YOKIVE 파일 폴더 12팩, 투명 A4 파일 봉투 | 스냅 버튼이 있는 플라스틱 문서 포켓, 사무실에 적합(오렌지)",YOKIVE,13143,13143,5.0,1.0,"√다용도 - 파일 폴더를 사용하면 문서를 쉽게 정리하고 찾을 수 있으며 사무실, 교육, 가정, 여행에 적합하며 종이, 문서, 계약서, 보고서, 티켓, 봉투, 편지, 수표, 지폐 등을 보관할 수 있는 유용한 액세서리입니다 √제품 구성 - 패키지에는 전체 크기가 32.5 x 23.4cm(12.8 x 9.25인치)인 파일 폴더 12개가 포함되어 있습니다 √신뢰할 수 있는 소재 - 튼튼한 플라스틱 소재로 만들어졌으며 방수 기능이 있으며 세척이 쉽고 견고하고 내구성이 뛰어납니다. 마모와 먼지에 강하며 쉽게 깨지지 않습니다 √특별한 디자인 - 시스루 문서는 내용물을 볼 수 있도록 유지하고 폴더를 열지 않고도 문서를 쉽게 찾을 수 있으며 다양한 물건을 효율적으로 정리할 수 있도록 도와줍니다. 스냅 버튼 잠금 디자인으로 파일을 쉽게 휴대하고 보관할 수 있습니다 √참고 - 수동 측정으로 인해 약간의 오차가 있을 수 있습니다","다용도 - 파일 폴더를 사용하면 사무실, 교육, 가정, 여행에 적합한 문서를 쉽게 정리하고 찾을 수 있으며 종이, 문서, 계약서, 보고서, 티켓, 봉투, 편지, 수표, 지폐 등을 보관하기에 유용한 액세서리입니다. 제품 구성 - 패키지에는 전체 크기 32.5 x 23.4cm(12.8 x 9.2인치) 크기의 파일 폴더 12개가 포함되어 있습니다. √신뢰할 수 있는 소재 - 튼튼한 플라스틱 소재로 만들어졌으며 방수 기능이 있으며 세척이 쉽고 견고하고 내구성이 뛰어납니다. 마모 및 먼지에 강하며 쉽게 깨지지 않습니다. √특별한 디자인 - 시스루 문서는 내용물을 볼 수 있도록 유지하고 폴더를 열지 않고도 문서를 쉽게 찾을 수 있으며 다양한 물건을 효율적으로 정리할 수 있도록 도와줍니다. 스냅 버튼 잠금 디자인으로 파일을 쉽게 휴대하고 보관할 수 있습니다. √주의 사항 - 주문하기 전에 사이즈를 확인하십시오.","['문서', '파일', '폴더', '구성', '디자인', '정리', '스냅', '플라스틱', '사무실', '봉투']"
사무용품,파일링 제품,봉투 파일,,B0BLYZGWDK,"YOKIVE 10팩 지퍼 파일 백, A5 투명 파일 봉투 플라스틱 문서 정리함 지퍼 폴더, 사무실에 적합(레드)",YOKIVE,13836,13836,,,"다용도 - 지퍼 파일 백은 사무실, 교육, 가정, 여행, 비즈니스에 적합하며 종이, 문서, 계약서, 보고서, 티켓, 봉투, 편지, 수표, 청구서 등을 보관하기에 유용한 액세서리입니다 제품 구성 - 패키지에는 전체 사이즈 22.9 x 17cm(9 x 6.7인치) 크기의 지퍼 파일 백 10팩이 함께 제공됩니다 √신뢰할 수 있는 소재 - 튼튼한 플라스틱 소재로 만들어졌으며 방수, 세척이 쉽고 견고하고 내구성이 뛰어납니다. 마모 및 먼지에 강하며 쉽게 깨지지 않습니다 √특별한 디자인 - 투명한 문서 폴더는 내용을 볼 수 있도록 유지하고 폴더를 열지 않고도 문서를 쉽게 찾을 수 있으며 다양한 항목을 효율적으로 정리할 수 있도록 도와줍니다. 지퍼 잠금 디자인으로 파일을 쉽게 휴대하고 보관할 수 있습니다 주의 사항 - 수동 측정으로 인해 약간의 허용 오차를 허용하십시오","다용도 - 지퍼 파일 백은 문서를 쉽게 정리하고 찾을 수 있으며 사무실, 교육, 가정, 여행에 적합하며 종이, 문서, 계약서, 보고서, 티켓, 봉투, 편지, 수표, 청구서, 공예품, 연필, 카드 등을 보관하는 데 유용한 액세서리입니다. 제품 구성 - 패키지에는 전체 크기 22.9 x 17cm(9 x 6.7인치) 크기의 지퍼 파일 백 10팩이 함께 제공됩니다. √신뢰할 수 있는 소재 - 튼튼한 플라스틱 소재로 만들어졌으며 방수, 세척이 쉽고 견고하고 내구성이 뛰어납니다. 마모와 먼지에 강하며 쉽게 깨지지 않습니다. √특별한 디자인 - 투명한 문서 폴더는 내용을 볼 수 있도록 하고 폴더를 열지 않고도 문서를 쉽게 찾을 수 있으며 다양한 항목을 효율적으로 정리할 수 있도록 도와줍니다. 지퍼 잠금 디자인으로 파일을 쉽게 휴대하고 보관할 수 있습니다. √주의 사항 - 주문하기 전에 사이즈를 확인하십시오.","['지퍼', '파일', '문서', '폴더', '백', '구성', '디자인', '정리', '플라스틱', '사무실']"
사무용품,파일링 제품,봉투 파일,,B0C1S5GKYV,"플라스틱 봉투 폴더 투명 문서 폴더 A5 사이즈 플라스틱 파일 폴더 문서용 폴리 파일링 봉투 오거나이저, 후크 및 루프 클로저 10개",Mogoostry,15221,15221,4.5,2.0,"문서 폴더는 내구성이 뛰어난 프리미엄 PP 소재로 만들어졌으며 부드럽고 튼튼하며 내마모성이 뛰어난 문서 폴더로 찢어지지 않고 파일 및 기타 물건을 더 잘 보관할 수 있습니다 매끄럽고 투명한 플라스틱 봉투는 문서 파우치를 열지 않고도 물건을 쉽게 볼 수 있고 검색하고 보관할 수 있습니다. 후크 앤 루프 클로저가 있는 봉투 폴더는 견고하고 내구성이 뛰어나며 오랫동안 반복적으로 사용할 수 있습니다 투명 봉투 폴더 크기는 240mm x 170mm(9.45 x 6.7인치)이며 가볍고 대용량으로 A5 사이즈 파일, 잡지 및 기타 중요한 물건을 보관하기에 적합합니다 패키지에는 A5 사이즈 투명 플라스틱 봉투 폴더 10개가 포함되어 있습니다 문서 홀더는 물건을 정리하고 파일, 쿠폰, 티켓, 사진, 시험지, 리뷰 자료, 청구서, 회의 정보, 프로젝트 문서 등을 분류하는 데 적합합니다. 봉투 파일 폴더는 학교, 가정, 출장 및 사무실에서 사용하기에 적합합니다",,"['폴더', '봉투', '파일', '문서', '플라스틱', '물건', '투명', '후크', '구성', '루프']"
사무용품,파일링 제품,봉투 파일,,B09VY4L6YP,"MECCANIXITY 파일 폴더, A5 사이즈 플라스틱 봉투 문서 오거나이저, 스냅 버튼 포함, 홈 오피스 문구류용, 퍼플 12개 팩",MECCANIXITY,15913,15913,3.7,3.0,"이 파일 폴더는 일상 생활에서 다용도로 사용할 수 있어 문서를 쉽게 정리하고 찾을 수 있으며 사무실, 교육, 가정, 여행에 적합하며 종이, 문서, 계약서, 판매 보고서, 프레젠테이션, 티켓, 봉투, 편지, 카드, 수표, 청구서 등을 보관하기에 좋은 아이템입니다 사이즈: A5; 색상: 퍼플; 전체 사이즈: 24 x 17cm / 9.4 x 6.7인치 (길이*너비) 튼튼한 PP 플라스틱 소재로 제작되어 방수, 내마모성, 세척이 쉽고 내구성이 뛰어나며 오래 사용할 수 있으며 쉽게 깨지지 않습니다 쉽게 보관할 수 있도록 색상 코드로 제공되며 다양한 물건을 효율적이고 정확하게 정리할 수 있으며 일상적인 요구 사항을 충족하기 위해 다양한 수량으로 포장됩니다. 스냅 버튼 잠금 디자인으로 파일을 쉽고 편리하게 정리할 수 있습니다 지퍼 백을 열고 정리해야 하는 물건을 가방에 넣은 다음 닫습니다",,"['정리', '문서', '파일', '물건', '버튼', '일상', '스냅', '봉투', '폴더', '플라스틱']"
사무용품,파일링 제품,봉투 파일,,B0CN9FHLP3,"PU 가죽 파일 폴더 3개, 방수 A4 PU 가죽 문서 홀더, 스트링 타이 클로저 문서 오거나이저, 1.9cm(3/4인치) 확장 봉투 문서 폴더 사무실용, 옐로우 브라운",Chivertion,13836,13836,,,"충분한 수량: 패키지에는 3개의 PU 가죽 파일 폴더가 포함되어 있어 문서 보관 요구 사항을 충족할 뿐만 아니라 기능적일 뿐만 아니라 믿을 수 없을 정도로 세련되고 가볍고 휴대가 간편하여 중요한 문서를 정리하고 보호할 수 있습니다 다양한 요구 사항에 적합한 사이즈: 33 x 24.8cm(12.99 x 9.76인치) 크기의 넉넉한 치수, 1.9cm(33 x 9.76인치), 1.9cm(3/4인치) 확장으로 A4 용지, 책, 노트북 및 잡지에 편안하게 맞습니다. 넓은 디자인은 수표, 통화, 영수증, 금 명세서 및 사진을 보관할 수 있습니다. 다양한 스토리지 요구 탁월한 품질 소재: PU 가죽으로 제작되었으며, 얇은 실로 바느질된 문서 정리함의 멋진 느낌과 내구성을 즐기세요. 이 폴더는 강도와 수명을 제공합니다. 방수 기능이 있으며 세척이 쉽고 자주 사용하더라도 고급스러운 외관을 유지합니다 간편한 세척: 표면에 얼룩이 있을 때 젖은 물티슈로 문서 홀더를 닦아내기만 하면 됩니다. 고품질 PU 가죽의 소재 선택은 오래 지속되고 튼튼한 특성을 제공할 뿐만 아니라 문서를 잠재적인 손상으로부터 보호하는 방수 기능을 제공합니다 다용도 기능: 파일 폴더는 모든 문서 정리 요구 사항을 충족하고 초과하도록 신중하게 설계되었으며, A4 용지, 책, 노트북, 잡지, 수표, 통화, 영수증, 예금 명세서 및 사진에 적합합니다. 문서 홀더, 봉투 파일 가방, 노트북 커버 또는 노트북 가방으로 사용하여 모든 요구 사항을 충족할 수 있습니다","특징: 내구성과 넓음에도 불구하고 이 폴더는 믿을 수 없을 정도로 가볍습니다. 휴대가 간편하여 항상 움직이는 학생과 전문가에게 좋은 선택입니다. A4 PU 가죽 문서 홀더의 실용적인 유용성과 세련된 디자인은 학생, 교사 및 사무실 전문가에게 이상적인 선물입니다. 사양: 소재: PU 가죽 색상: 옐로우 브라운, 레드 사이즈: 약 12.99 x 9.76 인치/33 x 9.7 인치. 패키지 구성: PU 가죽 파일 폴더 3개. 참고: 수동 측정, 사이즈에 약간의 오차가 있을 수 있습니다. 화면 디스플레이의 차이로 인해 색상이 약간 다를 수 있습니다.","['문서', '가죽', '폴더', '파일', '요구', '노트북', '홀더', '방수', '충족', '정리']"
사무용품,파일링 제품,봉투 파일,,B0B465G96W,"부드러운 방수 PU 가죽 컬러 프리미엄 봉투 폴더 비즈니스 서류 가방 봉투 폴더 사무실 및 가정 영수증 계약 개인 문서 보관 A4 사이즈 (1, 브라운)",LounKanW,12811,12811,4.4,96.0,"이 봉투 문서 폴더는 고품질 PU 가죽으로 바느질되어 섬세한 실, 탁월한 촉감, 매우 부드럽고 변형이 없으며 변색 없음, 끈적임 없음, 내마모성, 방수 기능이 있어 오랫동안 문서를 보호할 수 있습니다. 청구서, 이력서, 계약서, 개인 파일 보관 등에 적합합니다. 다채로운 폴더가 당신을 더 우아하게 보이게 합니다. 크기: 13"" x 9.5"" / 33cm x 24cm. 대용량 가죽 문서 파우치는 약 100장의 A4 용지를 담을 수 있으며 11인치 태블릿과 휴대폰, 명함, 신용 카드, 펜, 열쇠 등을 담을 수 있습니다. 이 다채로운 가죽 폴더는 혁신과 성실함으로 친구와 가족을 위한 이상적인 선물입니다. 이 컬러 파일 패키지는 다양한 색상으로 제공되므로 다양한 파일 특성을 쉽게 구별할 수 있습니다. 학교, 사무실, 가족, 여행 및 기타 현장에서 사용할 수 있으며 직장, 생활 및 공부에 좋은 도우미입니다. 100% 만족 서비스: 카메라와 모니터로 인해 사진과 실제 물체 사이에 특정 색상 차이가 있습니다. 펠트 문서 가방이나 서비스에 만족하지 못하셨다면 가능한 한 저희에게 연락하십시오. 만족하실 때까지 해결책을 기꺼이 제공해 드리겠습니다.",,"['문서', '폴더', '가죽', '파일', '봉투', '컬러', '서비스', '가방', '가족', '개인']"
사무용품,파일링 제품,봉투 파일,,B0C4GF116M,10피스 크래프트 스트링 봉투 파일 폴더 A5 레터 사이즈 프로젝트 포켓 파일 재킷 문서 오거나이저 재사용 가능한 사무실 비즈니스 폴더 소책자 가방 스트링 버클 클로저 포함,XGOPTS,22007,22007,,,"✔독특한 장점: 패키지 구성: 봉투 파일 폴더 10개. 간단한 잠금으로 문서를 안전하게 보관할 수 있습니다. A5 파일 폴더 오거나이저는 중요한 문서를 매일 파일링하고 보관하는 데 적합합니다. ✔정리 유지: 스트링 타이 클로저 봉투는 양식, 기록 및 기타 중요한 문서를 관리하는 데 도움이 됩니다. 레터 사이즈 비즈니스 봉투는 작업장을 정리하고 깔끔하게 유지합니다. ✔A5 사이즈: 22 x 15 cm/8.7 x 5.9 인치. A5 파일 폴더 오거나이저는 중요한 문서를 매일 정리하고 보관하기에 적합합니다. A5 용지 크기와 레터 사이즈 모두에 맞습니다. ✔소재: 스트링 봉투 파일 폴더는 고품질 크래프트 종이로 만들어져 두껍고 내구성이 뛰어납니다. 미끄럼 방지 기능이 있으며 쉽게 찢어지지 않으며 여러 번 재사용 할 수 있습니다. 매끄러운 필기 표면에 무언가를 쓰거나 표시할 수 있습니다. ✔다양한 용도: 스트링 타이 봉투 파일 폴더는 파일을 깔끔하게 관리할 수 있도록 잘 정리되어 있으며 문서, 보고서, 기록, 양식을 저장하는 데 적합하며 사무실, 가정, 비즈니스, 우편실 또는 기타 용도에 적합합니다.","기본 정보:/◇사이즈: 22*15cm/8.7*5.9인치 ◇소재: 크라프트지 ◇색상: 블랙, 크래프트 종이. 특징:/◇스트링 타이 봉투 파일 폴더는 파일을 깔끔하게 관리할 수 있도록 잘 정리되어 있습니다. ◇A5 레터 사이즈. 10개 팩. ◇리갈 사이즈는 다양한 용도에 적합하며 휴대하고 보관할 수 있습니다. 패키지 구성: A5 크래프트 스트링 봉투 파일 폴더 10개","['파일', '폴더', '봉투', '스트링', '문서', '정리', '크래프트', '타이', '비즈니스', '중요하다']"
사무용품,파일링 제품,봉투 파일,,B0BZMLLP97,"리갈 사이즈 폴리 스트링 봉투, 확장 가능한 거싯, 투명 폴리 재사용 가능한 파일 폴더 프로젝트 종이 문서 정리함, 사무실 학교 가정용, 12팩",XINGXINRONG,20761,20761,4.5,32.0,"고품질 폴리 소재로 만든 플라스틱 파일 봉투는 방수/찢어짐 방지 기능이 있어 중요한 문서를 안전하고 안전하게 보관합니다. 사이즈 32x25x3cm(12.6x10x1.18인치). 대용량을 위한 확장 가능한 거싯, 최대 200장의 표준 시트를 담을 수 있습니다. 내구성이 뛰어난 스트링 봉투는 중요한 문서를 안전하고 안전하게 보관할 수 있어 이상적인 보관 도구가 될 것입니다. 내용물을 편리하게 보관할 수 있는 스트링 클로저로 중요한 문서를 안전하게 보관하고 정리할 수 있습니다. 반투명 색상으로 콘텐츠를 볼 수 있으며 필요한 파일을 정확하게 사용하고 가져갈 수 있습니다. 문서를 효과적으로 정리하고 보관할 수 있도록 도와줍니다.","투명 스트링 봉투 12개 팩 32 x 3 x 25.4cm(12.6 x 1.2 x 10인치). 두껍고 내구성이 뛰어난 폴리로 제작, 방수 및 찢어짐 방지. 생생한 색상으로 전문적으로 제작되었습니다! 대용량을 위한 확장 가능한 거싯(너비 3.8cm(1.23인치) 확장), 최대 200장의 표준 시트를 담을 수 있습니다. 미국 레터 크기에 맞습니다. 내구성이 뛰어난 스트링 봉투는 중요한 문서를 안전하고 안전하게 보관합니다. 내용물을 편리하게 고정하기 위한 스트링 클로저, 반투명 색상으로 내용물을 볼 수 있습니다","['안전하다', '문서', '스트링', '봉투', '가능하다', '보관', '중요하다', '확장', '폴리', '정리']"
사무용품,파일링 제품,봉투 파일,,B0B5MMKW1V,"FYY 플라스틱 봉투 10개, 후크 및 루프 클로저가 있는 A4 레터 사이즈 파일 폴더, 반투명 확장 문서 지갑 파우치, 31.9 x 24.9cm(12.6 x 9.8인치), 투명",FYY,17991,17991,5.0,2.0,"[고품질 소재] 당사의 A4 플라스틱 봉투는 우수한 품질의 PP 소재로 만들어져 방수, 찢어짐 방지 및 내구성이 뛰어나며 오랫동안 사용할 수 있으며 쉽게 깨지지 않습니다 [제품 사이즈] 확장 파일 파일 봉투 크기 32 x 24.9cm(12.6 x 9.8인치), 레터 사이즈/A4 용지, 여행 액세서리, 화장품 또는 기타 작은 물건을 보관하기에 적합합니다. 하단은 대용량을 위해 최대 3cm/1.2인치까지 확장할 수 있으며 최대 200장의 종이를 수용할 수 있습니다. 확장 가능한 디자인으로 이 파일 폴더를 테이블 위에 세울 수 있습니다 [후크 앤 루프 클로저] 후크 앤 루프 클로저 클로저로 제작된 파일 폴더는 열고 닫을 때 편리하며 물건을 안전하게 보관할 수 있습니다 [다양한 용도] 이 문서 지갑 파우치 세트는 일상 생활에 매우 유용합니다. 어린이, 학생, 사무실 근로자 및 기타 전문가에게 적합합니다. 휴대해야 하는 다양한 종류의 물건을 보관하는 데 사용할 수 있습니다. 학교, 사무실 및 여행에 적합합니다 [패키지 구성] 패키지에는 반투명하고 내부에 무엇을 보관하는지 쉽게 볼 수 있는 확장 플라스틱 봉투 10개가 포함되어 있습니다. 다양한 보관 요구 사항을 충족하고 문서를 정리하고 보호 기능을 제공합니다",,"['확장', '파일', '클로저', '봉투', '보관', '문서', '후크', '플라스틱', '폴더', '루프']"
사무용품,파일링 제품,봉투 파일,,B0C7KL47H9,"펠트 파일 폴더 2개, A4 봉투 파일 문서 홀더, 끈이 있는 종이 파일 폴더, 버튼 클로저가 있는 파일 오거나이저 파일 봉투 포트폴리오 케이스",,15913,15913,,,"고품질 펠트로 제작되어 쉽게 부러지거나 변형되지 않습니다. 오랫동안 사용할 수 있습니다 스냅 디자인으로 영수증 홀더는 문서를 단단히 고정할 뿐만 아니라 물건을 쉽게 꺼낼 수 있습니다. 모든 제품은 잘 정리되어 있습니다. A4 문서 및 같은 크기의 품목을 위해 특별히 설계되었습니다. 폴더에는 모든 일일 영수증, 티켓, 쿠폰, 바우처, 메모 및 명함을 보관할 수 있습니다. 가볍고 휴대가 간편하여 배낭, 서류 가방, 가방에 넣거나 손에 쥘 수 있습니다. 비즈니스, 사무실, 여행 및 가정에서 일상용으로 적합합니다. 심플하고 실용적인 디자인, 자신, 선생님, 친구 및 동료를 위한 사려 깊은 선물. 각 패키지에는 2개의 파일 폴더가 포함되어 있습니다.",100% 신상품 고품질/색상: 다크 그레이 1개+라이트 그레이 1개./사이즈: A4 -34*24 cm/13.38*9.45 inch/소재: 펠트/제품 구성: 문서 가방 2개.,"['파일', '문서', '폴더', '가방', '펠트', '봉투', '홀더', '영수증', '디자인', '그레이']"
사무용품,파일링 제품,봉투 파일,,B0B1412XYY,"PATIKIL 스트링 봉투 파일 폴더 10팩 A4 사이즈 문서 레터 오거나이저 홀더 파일 재킷, 사무실용 브라운",PATIKIL,25193,25193,4.5,6.0,"사이즈: A4; 색상: 브라운; 전체 치수: 23.5 x 31cm / 9.3 x 12.2 인치 (길이*너비) 특징: 정교한 솜씨의 견고한 종이 소재, 고강도 및 경량, 내마모성 및 쉽게 깨지지 않음, 오랫동안 사용할 수 있습니다 장점: 독특한 스타일의 스트링 타이 클로저로 내용물을 양호한 상태로 유지하고 떨어지는 것을 방지합니다. 좋은 사이즈로 다양한 용도에 적합하며 휴대와 보관이 용이합니다 용도: 스트링 타이 봉투 파일 폴더는 파일을 깔끔하게 관리할 수 있도록 잘 정리되어 있으며 문서, 보고서, 기록, 양식을 저장하고 사무실, 가정, 비즈니스, 우편실 또는 기타 용도에 적합합니다 참고: 주문하기 전에 사이즈를 확인하십시오",,"['파일', '스트링', '문서', '폴더', '타이', '브라운', '봉투', '사무실', '사무', '비즈니스']"
사무용품,파일링 제품,봉투 파일,,B08S6YWQ7T,"10팩 투명 블루 플라스틱 폴리 스트링 봉투, 확장 가능한 거싯, US Letter/A4 사이즈 봉투, 버튼 스트링 스냅 클로저, 3cm(1.2인치) 거싯 탑 오프닝(그린)",GERNIC,16606,16606,3.2,5.0,"찢어짐, 마모, 습기 방지. 몇 년 후, 여전히 견고하고 기능적입니다. 사이즈: 9.8인치 x 13인치 x 1.2인치/250 x 335 x 30mm, 방수 파일 가방 대용량: 약 1.2인치/30mm 두께의 아카이브 파일을 담을 수 있습니다 투명하게 볼 수 있습니다: 외부에 무엇이 있는지 기억하기 위해 라벨이 필요하지 않습니다. 투명 플라스틱으로 상단 페이지를 보고 식별할 수 있습니다 ZLYY는 고객에게 좋은 쇼핑 경험을 제공하기 위해 최선을 다하고 있으며 고객을 만족시키는 것이 저희의 목표입니다. 문의 사항이 있으시면 저희에게 연락 주시기 바랍니다. 문제를 해결해 드리겠습니다. 성원에 감사드립니다.","투명 그린 봉투 10팩 [사이즈]: 250 x 335 x 30mm [소재]: 폴리프로필렌 (PP) [긴 시간 사용]: 22C 고품질, 균열하기 어려움, 단단한 모서리, 습기 방지, 파일을 잘 보호하고, 내구성이 뛰어난 포켓은 장기간 보관에 좋습니다. [쉬운 파일 내용 보기]: 높은 투명 소재로 상단 페이지를 보고 식별할 수 있습니다. 투명한 소재, 한눈에 내용물. [안전성]: 줄과 버튼 스냅을 사용하면 봉투를 닫고 내용물을 안전하게 보관할 수 있습니다. 표준 두께 두께를 제공하여 종이 접히거나 접히는 것을 방지합니다. [다양한 용도]: 학교, 회사, 재무 부서에서 중요한 문서를 보호하고 정리하는 데 적합합니다. [회사 소개]: ZLYY는 고객에게 좋은 쇼핑 경험을 제공하기 위해 최선을 다하고 있으며 고객을 만족시키는 것이 저희의 목표입니다. 문의 사항이 있으시면 저희에게 연락 주시기 바랍니다. 문제를 해결해 드리겠습니다. 성원에 감사드립니다.","['봉투', '투명', '파일', '방지', '회사', '보고', '스트링', '스냅', '쇼핑', '보호']"
사무용품,파일링 제품,봉투 파일,,B07PM5KNZC,"지퍼 파일 백, 10개 팩, 5가지 색상 지퍼 방수 PVC 가방 보관 파우치, 여성용, 남성용 정리 문서, 비즈니스 영수증, 화장품, 여행 액세서리(A4 33.2 x 24.1cm(13.2 x 9.5인치)) (10개)",Remember your beauty,15221,15221,4.5,6.0,"패키지 구성: 5가지 색상의 지퍼 폴더 10개(레드, 옐로우, 그린, 블루, 화이트) 제품 크기: 13"" x 9""/34cm x 23.5cm, A4 크기 파일 또는 그 이하를 저장할 수 있습니다 소재: PVC, 안전하고 친환경적입니다. 적당한 투명도로 문서를 쉽게 찾을 수 있습니다 간단한 보관: 사무실 보관을 더 쉽게 만듭니다. 문서와 사무용품을 정확하고 효율적으로 분류할 수 있습니다 더 넓은 공간: A4 사이즈 파일 가방, A4 용지보다 크고 파일에 쉽게 넣을 수 있습니다. 참고: 10피스 패키지입니다","※패키지 구성: 5가지 색상의 지퍼 폴더 10개, 색상당 2개 ※색상: 레드, 옐로우, 그린, 블루, 화이트 ※제품 크기: 13"" x 9""/34cm x 23.5cm ※특징: 큰 사이즈 - A4 용지보다 크며 수용 공간이 넓어 파일에 쉽게 넣을 수 있습니다. 종이, 잡지, 메모, 영수증, 송장, 연필, 펜, 사무용품 등을 보관할 수 있습니다. 내구성 있는 지퍼 - 부드럽고 내구성이 뛰어난 지퍼, 쉽게 단단히 밀봉. 길어진 스트레치 디자인으로 손으로 들어 올릴 수 있어 더 편리하게 사용할 수 있습니다. 고품질 소재 - PVC, 습기 및 방수 기능으로 제작되어 안전하고 친환경적입니다. 정전기 방지 처리로 양면이 쉽게 달라붙지 않습니다. 그리드 디자인 - 반투명 그리드 디자인으로 적당한 투명도로 문서를 쉽게 찾을 수 있습니다. 효율적인 보관 - 문서와 사무용품을 보다 간단하고 질서 있게 분류할 수 있도록 도와주어 중요한 문서의 손실을 효과적으로 방지합니다.","['지퍼', '문서', '파일', '구성', '보관', '사무', '패키지', '디자인', '효율', '방지']"
사무용품,파일링 제품,봉투 파일,,B0CS6DH2W8,15.2 x 10.2cm(6 x 4인치) 수직 플라스틱 봉투 후크 루프 클로저 쿠폰 영수증 보관 홀더 2,YESSART,17991,17991,5.0,4.0,"소재: 환경 보호 소재 PP로 제작, 방수, 찢어짐 방지 및 깨끗하게 유지. 사이즈: 4 1/2 x 6 1/5 인치. 지갑/작은 가방/노트북에 완벽하게 맞습니다. 후크 앤 루프 클로저 선명한 기능으로 필요한 파일을 한 눈에 볼 수 있습니다. 패키지 포함: 20팩","투명한 소형 봉투는 환경 보호 소재 PP로 만들어졌으며 방수, 찢어짐 방지 및 깨끗하게 유지되며, 선명한 기능으로 필요한 파일을 한눈에 얻을 수 있습니다./특징/내마모성/소재: 환경 보호 PP/유형: 상단 개방 봉투, 후크 앤 루프 클로저/크기: 약 11.4 x 15.7cm(4.5 x/용도: 스탬프, 예산 책정, 사진 등과 같은 작은 물건 정리 및 보관에 적합합니다./수량: 20팩","['후크', '환경', '루프', '봉투', '보호', '클로저', '방지', '선명하다', '유지', '작다']"
사무용품,파일링 제품,봉투 파일,,B0B13TNM7Y,"PATIKIL 스트링 봉투 파일 폴더 2팩 A5 사이즈 문서 레터 오거나이저 홀더 파일링 재킷, 사무실용, 브라운",PATIKIL,11066,11066,4.5,4.0,"사이즈: A5; 색상: 브라운; 전체 치수: 17.5 x 23.8cm / 6.9 x 9.4 인치 (L*W) 특징: 정교한 솜씨의 견고한 종이 소재, 고강도 및 경량, 내마모성 및 쉽게 깨지지 않음, 장시간 사용 시 내구성이 뛰어납니다 장점: 독특한 스타일의 스트링 타이 클로저로 내용물을 양호한 상태로 유지하고 떨어지는 것을 방지합니다. 다양한 용도에 적합하며 휴대하고 보관할 수 있는 좋은 크기입니다 용도: String-Tie 봉투 파일 폴더는 파일을 깔끔하게 관리할 수 있도록 잘 정리되어 있으며 문서, 보고서, 기록, 양식을 저장하는 데 적합하며 사무실, 가정, 비즈니스, 우편실 또는 기타 용도에 적합합니다 참고: 주문하기 전에 사이즈를 확인하십시오",,"['파일', '스트링', '폴더', '브라운', '봉투', '문서', '모성', '사무실', '사무', '비즈니스']"
사무용품,파일링 제품,봉투 파일,,B0016P05UI,"Smead 폴리 봉투, 3.2cm(1-1/4인치) 확장, 스트링 타이 클로저, 상단 로드, 레터 사이즈, 투명, 팩당 5개 (89540)",SMEAD,12409,12409,4.6,338.0,"튼튼하고 산성이 없는 이 투명 봉투는 가정, 사무실 또는 교실에서 이상적입니다 보안과 휴대성을 위해 3면이 닫힙니다 최대 200장까지 담을 수 있도록 3.2cm(1-1/4인치)까지 확장됩니다. 내용물을 고정하기 위한 스트링 타이 클로저 내구성이 뛰어난 폴리 소재는 찢어짐 및 방수 기능이 있으며 세척하기 쉽습니다. 중성 및 PVC 프리 보호 플랩과 스트링 타이 클로저가 있는 상단 로드 레터 사이즈 5개(너비 24.4cm(9-3/4인치) x 높이 29.2cm(11-5/8인치) 폴리 봉투 포함","폴리 봉투는 책상, 서랍 또는 이동 중에도 문서를 편리하게 보관할 수 있는 훌륭한 선택입니다. 안전과 휴대성을 위한 스트링 타이 클로저. 내구성이 뛰어난 폴리 소재는 찢어지지 않고 습기를 막아주어 가정, 사무실 또는 교실에서 사용하기에 이상적입니다. 상단 로딩 파일 봉투는 3.2cm(1-1/4인치)까지 확장됩니다. 보호 플랩과 스트링 타이 클로저가 있는 상단 로드 레터 사이즈(너비 24.8cm x 높이 29.2cm(9-3/4 x 11-5/8인치)) 폴리 봉투 5개가 포함되어 있습니다. 무산성 및 PVC 프리.","['폴리', '봉투', '스트링', '클로저', '타이', '확장', '로드', '교실', '구성', '보호']"
사무용품,파일링 제품,봉투 파일,,B0BK9BL7MF,"YOKIVE 파일 폴더 10팩, A4 사이즈 봉투 파일 백 플라스틱 문서 포켓, 스냅 버튼 포함, 사무실에 적합(블랙)",YOKIVE,16606,16606,,,"√다용도 - 파일 폴더를 사용하면 문서를 쉽게 정리하고 찾을 수 있으며 사무실, 교육, 가정, 여행에 적합하며 종이, 문서, 계약서, 보고서, 티켓, 봉투, 편지, 수표, 지폐 등을 보관할 수 있는 유용한 액세서리입니다 √제품 구성 - 패키지에는 전체 크기가 32 x 22.9cm(12.6 x 9인치)인 파일 폴더 10개가 포함되어 있습니다 √신뢰할 수 있는 소재 - 튼튼한 플라스틱 소재로 만들어졌으며 방수 기능이 있으며 세척이 쉽고 견고하고 내구성이 뛰어납니다. 마모와 먼지에 강하며 쉽게 깨지지 않습니다 √특별한 디자인 - 다양한 물건을 효율적으로 정리할 수 있도록 도와주며, 충분한 수량의 팩은 다양한 요구 사항을 충족시킬 수 있습니다. 스냅 버튼 클로저로 파일을 쉽게 휴대하고 보관할 수 있습니다 √참고 - 수동 측정으로 인해 약간의 오차가 있을 수 있습니다","다용도 - 파일 폴더를 사용하면 사무실, 교육, 가정, 여행에 적합한 문서를 쉽게 정리하고 찾을 수 있으며 종이, 문서, 계약서, 보고서, 티켓, 봉투, 편지, 수표, 지폐 등을 보관하기에 유용한 액세서리입니다. 제품 구성 - 패키지에는 전체 크기 32 x 22.9cm(12.6 x 9인치) 크기의 파일 폴더 10개가 포함되어 있습니다. √신뢰할 수 있는 소재 - 튼튼한 플라스틱 소재로 만들어졌으며 방수 기능이 있으며 세척이 쉽고 견고하고 내구성이 뛰어납니다. 마모 및 먼지에 강하며 쉽게 깨지지 않습니다. √특별한 디자인 - 다양한 물건을 효율적으로 정리할 수 있도록 도와주며, 충분한 양의 팩은 다양한 요구 사항을 충족할 수 있습니다. 스냅 버튼 잠금 디자인으로 파일을 쉽게 휴대하고 보관할 수 있습니다. √주의 사항 - 주문하기 전에 사이즈를 확인하십시오.","['파일', '폴더', '문서', '구성', '정리', '스냅', '플라스틱', '사무실', '봉투', '디자인']"
사무용품,파일링 제품,봉투 파일,,B0CR7BLMZK,TEHAUX 파일 홀더 지퍼 봉투 플라스틱 문서 파우치 투명 파일 대용량 파일 파우치 투명 파일 폴더 봉투 가방 확장 가능한 폴더 포트폴리오 포켓 오피스,TEHAUX,23448,23448,,,"사무실 파일 폴더: 【반투명 디자인】 폴더 포켓의 심플하고 세련된 스타일은 반투명 상태로 유지됩니다. 플라스틱 파일 포켓의 내용물을 쉽게 확인하고 원하는 문서를 빠르게 찾을 수 있습니다. 포켓 지갑: 방수 및 얼룩 방지. 다기능으로 시험지, 테스트 장비, 문서 등을 보관할 수 있으며 사용하기 더 실용적입니다. 플라스틱 라벨 포켓: 카드 슬롯이 있어 파일을 열지 않고도 파일을 분류하여 파일의 내용을 볼 수 있어 시간을 절약할 수 있습니다. A4 지갑: 훌륭한 솜씨 디테일을 가지고 있으며 쉽게 깨지지 않으므로 오랫동안 사용할 수 있습니다. 확장 가능한 폴더 레터 사이즈: 【스냅 버튼】파일 폴더의 스냅 버튼 디자인은 파일이 쉽게 떨어지는 것을 방지하고 파일이 더러워지는 것을 방지합니다.",,"['파일', '폴더', '포켓', '문서', '플라스틱', '방지', '가능하다', '스냅', '확장', '봉투']"
사무용품,파일링 제품,봉투 파일,,B0CNPJRWY5,"10팩 플라스틱 봉투 폴리 봉투, 포켓이 있는 A4 플라스틱 파일 폴더, 문서 정리용 투명 지퍼 파우치, 학교 사무실 여행 보관 용품용 레터 사이즈 문서 홀더",Idioma,10927,10927,,,"다채로운 지퍼가 달린 플라스틱 파일 폴더: 5가지 색상의 지퍼가 달린 플라스틱 봉투 10개(각 색상당 2개), 옐로우, 그린, 블루, 로즈 레드, 화이트, 주변 환경에 생동감 넘치는 것을 추가하여 기분을 좋게 합니다. 또한 다양한 종류의 문서를 분류하는 데 도움이 되며 구별에 편리하며 필요한 것을 찾는 시간을 절약할 수 있습니다. A4 플라스틱 봉투: 플라스틱 봉투의 크기는 30 x 23 cm (12.6 x 9 인치)입니다. 이 봉투의 지퍼 클로저는 빠르고 안정적으로 열고 닫을 수 있습니다. 그리고 지퍼의 다양한 색상에 따라 파일을 정리할 수 있습니다. 영수증, 쿠폰, 수표 등을 보관하고 보호하세요! 신뢰할 수 있고 사용하기 쉬운 이 봉투는 작은 종이를 보관하거나 이동 중에도 휴대할 수 있습니다. 투명하고 큰 용량: 각 A4 플라스틱 폴더는 라벨 포켓이 있어 투명합니다. 원하는 파일을 쉽게 파악하는 데 도움이 될 수 있습니다. 각 A4 플라스틱 폴더에는 최대 150장의 종이를 담을 수 있습니다. 학생 및 사무실 직원이 메모, 종이, 파일, 문서 등을 정리하는 데 적합합니다. 내구성이 뛰어난 문서 정리함: 프리미엄 플라스틱으로 제작되어 두껍고 내마모성이 뛰어나며 색이 바래지 않으며 방수가 잘 되며 보호력이 뛰어납니다. 세척 가능, 재사용 및 내구성, 긴 사용 수명을 가지고 있습니다. 더 나은 서비스 - 저희는 고품질 서비스로 유명합니다. 플라스틱 봉투에 대해 의심이나 문의 또는 불만이 있으시면 저희에게 알려주시면 최대한 빨리 도와드리겠습니다.","10팩 플라스틱 봉투 폴리 봉투, 포켓이 있는 A4 플라스틱 파일 폴더, 문서 정리용 투명 지퍼 파우치, 학교 사무실 여행 보관 용품용 레터 사이즈 문서 홀더","['플라스틱', '봉투', '문서', '지퍼', '파일', '정리', '폴더', '보관', '포켓', '사무실']"
사무용품,파일링 제품,봉투 파일,,B07K582VHC,"A5 폴리 봉투 폴더 24개, 스냅 클로저가 있는 A5 플라스틱 봉투, 학교 가정 직장 및 사무실 정리용 포켓이 있는 투명 A5 문서 보관 폴더, 멀티 컬러",Acrux7,20761,20761,4.6,118.0,"【다채로운 투명 봉투 및 대용량】6가지 색상의 폴리 봉투 24개(투명 4개, 블루 4개, 그린 4개, 핑크 4개, 옐로우 4개, 퍼플 4개). A5 사이즈: 24.1x17cm(9.5x6.7인치), 각 플라스틱 폴더는 상당히 큰 용량에 적합하며 최대 150장의 A5 용지를 담을 수 있습니다. 【프리미엄 품질】A5 봉투 폴더는 고품질 폴리프로필렌으로 만들어졌으며 방수, 친환경, 무독성, 중성, 냄새 및 찢어짐 방지 기능이 있습니다. 효과적으로 습기를 차단하고 파일을 손상으로부터 보호할 수 있습니다. 【스냅 버튼 및 라벨 포켓이 있는 디자인】개인 소지품을 편리하게 열고 고정할 수 있는 스냅 버튼 디자인으로 파일 손실에 대해 걱정할 필요가 없습니다. 외부 미니 라벨 포켓은 파일을 분류하고 식별하는 데 도움이 됩니다. 작업 효율성을 크게 향상시키고 문서를 찾는 시간을 절약하세요! 【투명 문서 파우치】투명하고 안전하며 많은 중요한 파일 문서를 하나의 폴더에 안전하게 휴대하기에 이상적이며 스냅 버튼 잠금 장치와 포켓이 함께 제공됩니다. A5 봉투 폴더는 내용물을 볼 수 있게 해주며 봉투를 열지 않고도 문서를 쉽게 찾을 수 있습니다. 【다양한 용도】A5 플라스틱 봉투는 휴대가 가능하여 물건을 보관하고 어수선함을 분류할 수 있도록 도와줍니다. 종이, 영수증, 파일, 송장, 청구서 보관, 연필 가방, 가정/학교/사무실/병원의 문구 용품에 널리 사용됩니다.","Acrux7 A5 폴리 봉투 폴더 24개, 멀티 컬러 A5 폴리 봉투 폴더 투명 플라스틱 폴더 포켓 포함/포켓이 있는 투명 A5 문서 지갑 보관 폴더: A5 문서 지갑 폴더는 폴리프로필렌으로 제작되었습니다. 견고함 & 방수 신분증 창이 있는 A5 폴리 봉투 폴더 A5 용지 최대 150장 6가지 색상의 24개 팩, 각 색상당 4개, 투명, 블루, 그린, 핑크, 옐로우, 퍼플. 문서를 쉽게 찾을 수 있습니다 - 투명한 A5 보관 폴더는 전면에 라벨을 위한 파우치가 있습니다. 다양한 색상은 어떤 문서를 주머니에 보관하는지 구별하는 데에도 도움이 됩니다. 간편한 휴대성 - 주머니나 핸드백에 넣을 수 있을 정도로 작습니다. 백팩이나 서류 가방에 다양한 종이를 안전하고 신중하게 휴대하고 작업하기에 이상적입니다. 접힌 A4 용지를 지갑에 쉽게 넣을 수 있습니다. 다용도 - 여행 중에 모든 서류와 여권을 넣을 수 있습니다. 이 A5 포퍼 폴더는 문서, 메모, 영수증 및 계정을 깔끔하게 유지하고 오래된 사진을 저장하고 작은 중요한 글자를 한 곳에 보관하는 데 적합합니다./지갑 크기: 9.5x6.7인치 A4 폴더보다 작기 때문에 떠다니지 않습니다./패키지 구성: 스냅이 있는 노란색 A5 플라스틱 봉투 4개 스냅이 있는 퍼플 A5 플라스틱 봉투 4개 스냅이 있는 그린 A5 플라스틱 봉투 4개 스냅이 있는 투명 A5 플라스틱 봉투 4개 스냅이 있는 블루 A5 플라스틱 봉투 4개 스냅이 있는 핑크 A5 플라스틱 봉투 4개","['봉투', '폴더', '문서', '스냅', '플라스틱', '투명', '보관', '포켓', '폴리', '파일']"
사무용품,파일링 제품,봉투 파일,,B0C28K3NY4,25.4 x 33cm(10 x 13인치) 투명 대형 플라스틱 봉투 문서 파일 보관 홀더 40팩 후크 루프 클로저,YESSART,42921,42921,4.4,3.0,"소재: 환경 보호 소재 PP로 제작, 방수, 찢어짐 방지 및 깨끗하게 유지. 사이즈: 26.7cm x 33.5cm. 후크 앤 루프 클로저 선명한 기능으로 필요한 파일을 한 눈에 볼 수 있습니다. 패키지 포함: 투명 봉투 40팩","투명한 25.4 x 33cm(10 x 13인치) 봉투는 환경 보호 소재 PP로 만들어졌으며 방수, 찢어짐 방지 및 깨끗하게 유지되며, 깨끗한 기능으로 필요한 파일을 한눈에 얻을 수 있습니다./특징/내마모성/소재: 환경 보호 PP/유형: 상단 개방 봉투, 후크 앤 루프 클로저/크기: 약 26.7 x 33.2cm(10 1/5 x 13 1/10/용도: 복사 용지, 사무실 파일, 학교 파일, 사진 등과 같은 파일 정리 및 보관에 적합합니다./수량: 40팩","['파일', '봉투', '환경', '보호', '클로저', '후크', '루프', '깨끗하다', '방수', '투명']"
사무용품,파일링 제품,봉투 파일,,B0C9H6CDKK,20팩 투명 지퍼 파우치 PVC 방수 봉투 투명 지퍼 백 폴더 보관 파우치 문서 파일 정리 가방 다목적 메이크업 가방 29.8 x 17.8cm(11.5 x 7인치) (블랙),Merkaunis,29071,29071,4.5,2.0,"다용도 보관: 투명 지퍼 파우치 20개를 받게 되며, 각 보관 파우치 크기는 29 x 19cm / 11.5 x 7.5인치입니다. 문서, 열쇠, 화장품 등과 같은 다양한 물건을 보관하기에 적합합니다. PVC 방수 파우치: 이 지퍼 봉투 폴더는 가볍고 내구성이 뛰어난 PVC 소재로 만들어져 내구성과 오래 지속되는 성능을 보장합니다. 또한 물건을 정리하고 분류하여 삶을 더 체계적으로 유지할 수 있습니다. 방수 디자인: 정리를 위한 지퍼 파우치는 방수 밀봉을 보장하여 소지품을 물 손상으로부터 보호합니다. 여행이나 야외 활동을 할 때 비로부터 안전하다는 것을 알고 안심할 수 있습니다. 간편한 찾기: 당사의 다목적 보관 PVC 백은 블랙 엣지 투명 바디로 디자인되어 가방의 내용물을 쉽게 검색하고 식별할 수 있으며, 물건을 분류하고 검색할 때 해당 지퍼 포켓을 빠르게 찾을 수 있습니다. 다양한 용도: 이 투명한 방수 가방은 가족, 친구, 교사 및 학생에게 선물로 줄 수 있습니다. 선물이든 본인용이든 직장과 생활에서 다양한 형태의 물건을 쉽게 정리하고 분류할 수 있습니다.",,"['지퍼', '파우치', '보관', '방수', '가방', '투명', '물건', '정리', '분류', '선물']"
사무용품,파일링 제품,봉투 파일,,B07GR2CSZZ,"Leinuosen 지퍼가 달린 플라스틱 봉투 50개, 투명 필통, 벌크 파일 가방, 빌 백, 레터 사이즈 (5가지 색상)",Leinuosen,13282,13282,4.2,372.0,"충분한 수량: 빨간색, 노란색, 파란색, 녹색 및 흰색의 5가지 색상의 파일 봉투 50개, 각 색상에는 10개가 있습니다. 다양한 색상의 지퍼 봉투는 다양한 유형의 파일을 쉽게 구별할 수 있습니다 다양한 용도: 이 지퍼 봉투는 동전을 휴대할 수 있는 지갑 역할을 할 수 있습니다. 펜, 클립 및 기타 문구류, 지폐, 문서, 카드 등을 보관할 수 있는 펜 가방으로도 사용할 수 있습니다 투명 봉투: 지퍼 비닐 봉투는 PVC로 제작되었습니다. 재사용 가능, 방수 및 마찰 방지 기능이 있어 시간을 절약하기 위해 무엇을 포장했는지 쉽게 식별할 수 있습니다 A6 파일 봉투: 각 지퍼 백은 길이 24cm/9.6인치, 너비 4.8인치/12cm로 6가지 크기의 파일을 담을 수 있습니다 용도: 지퍼 봉투는 작은 물건을 보관, 보호 및 정리하는 데 적합하며 분실을 방지하고 물건을 깨끗하게 유지합니다",,"['봉투', '지퍼', '파일', '가방', '펜', '투명', '백', '방지', '물건']"
사무용품,파일링 제품,봉투 파일,,B0C68VS8SN,VANRA 가죽 파일 폴더 사무실 문서 홀더 파일 봉투 A4 레터 사이즈 파일 폴더 스트링 타이 클로저 포함 1개 (브라운),VANRA,13822,13822,3.9,4.0,정교한 솜씨: 이 봉투 스타일 폴더는 친환경 프리미엄 두꺼운 PU 가죽과 섬세한 실 재봉을 사용합니다. 가죽 포트폴리오 케이스는 방수 및 먼지 방지 기능이 있어 습기로부터 파일을 보호할 수 있습니다. 가죽 파일 가방이기 때문에 만질 때 매우 매끄럽고 부드럽습니다. 좋은 품질의 사무실 문서 폴더: 이 가죽 봉투 폴더는 견고하고 내구성이 뛰어나 오랜 시간 동안 사용할 수 있습니다. 일상적인 마모나 비상 상황에 직면했을 때 가죽 파일 홀더는 장기적으로 신뢰할 수 있는 사용 경험을 제공합니다. 세련된 디자인 문서 슬리브: 이 파일 정리함은 스트링 스트랩 포트폴리오 봉투로 밀봉된 세련된 패션 디자인 스타일을 가지고 있어 휴대가 편리할 뿐만 아니라 파일이 떨어지는 것을 방지합니다. 다양한 장면: 가죽 파일 재킷은 업무 및 비즈니스 리셉션에 적합합니다. 사무실이나 출장 중에 가죽 파일 폴더를 휴대하는 것이 매우 편리합니다. 용량: A4 용지 크기로 이 문서 봉투 홀더는 일정한 용량을 가지며 두꺼운 노트를 담을 수 있습니다. 방수 파일 봉투는 A4 용지 크기와 레터 크기 모두에 맞습니다.,,"['파일', '가죽', '폴더', '봉투', '문서', '사무실', '홀더', '휴대', '용지', '두껍다']"
사무용품,파일링 제품,봉투 파일,,B07SZCPHR5,"JIKIOU 플라스틱 봉투 30개, 플라스틱 폴더, 스냅 클로저가 있는 플라스틱 봉투, 폴리 폴더, 투명 색상, A4 사이즈, 레터 사이즈, 학교 및 사무용품용",JIKIOU,24209,19376,4.6,406.0,"패키지 구성: 버튼 클로저가 있는 투명 봉투 폴더 30개. 재사용 가능한 봉투는 학교, 가정, 직장, 사무실 여행 및 출장에 사용할 수 있습니다. 환불 또는 교체에 대해 별 5개와 3년 을 누리세요. 버튼 잠금 디자인: 더 이상 로프를 반복적으로 감쌀 필요가 없으며 폴리 폴더를 열고 닫을 때 더 편리하고 시간을 절약할 수 있습니다. 버튼은 플라스틱 소재로 만들어져 반복적으로 사용할 수 있으며 쉽게 손상되지 않습니다. 투명 시야: 투명도가 높아 더 이상 분류에 복잡한 표시가 없습니다. 파일을 직접 확인할 수 있어 사무실 학습을 빠르고 편리하게 할 수 있습니다. 더 이상 파일을 찾을 필요가 없습니다. 제품 크기: 12.75"" x 9.3"" (325 x 236 MM), A4 용지와 미국 레터 크기보다 크므로 중요한 문서가 구부러지거나 주름이 생기지 않으며 A4 용지 또는 작은 물건을 폴더에 넣거나 쉽게 꺼낼 수 있습니다. 고품질: 22C(0. 22 mm) 두께는 두껍고 초음파 용접 및 스티칭이 쉽게 갈라지지 않으며, 종이가 떨어지는 것을 방지하기 위해 3면에 밀봉되어 찢어짐 방지, 습기 방지, 무색 및 무취로 중요한 문서를 효과적으로 보호합니다. 제품 기능: 문서, 문구류, 잔돈, 여행 정보, 게임 카드, 파일, 지폐, 계약서, 우편, 카탈로그, 스크랩북, 페인팅 작업, 영수증, 매뉴얼, 메모, 프로젝트, 프레젠테이션, 사진, 편지 및 양식을 정리하는 가장 좋은 방법입니다.",,"['폴더', '플라스틱', '봉투', '문서', '파일', '방지', '버튼', '투명', '중요하다', '반복']"
사무용품,파일링 제품,봉투 파일,,B08JG7MD9K,"LABUK 폴리 지퍼 봉투 25개, 22.9 x 11.9cm(9 x 4.7인치), 라벨이 있는 투명 펜슬 파우치, 지퍼가 달린 재사용 가능한 봉투, 현금 현금 학교 사무용품용 A6 필통, 다양한 색상",LABUK,19376,19376,4.5,810.0,"작은 지퍼 봉투 25개 팩, 다양한 10가지 색상. 블랙, 블루, 스카이 블루, 화이트 및 레드, 각 색상 2개. 퍼플, 로즈 레드, 오렌지, 옐로우, 그린, 각 색상 3개. 사이즈: 지퍼 봉투 사이즈는 23x12cm/9x4.7인치, 소형 포켓 사이즈는 3x1.4인치/7.5x3.5cm입니다. Dave Ramsey의 봉투 시스템에 사용할 수 있으며 A6 크기의 파일과 작은 물건을 보관하기에 이상적입니다. 소재: 투명 봉투는 PVC로 만들어져 내구성이 뛰어나며 방수 성능이 뛰어납니다. 얇은 두께와 가벼운 플라스틱으로 휴대가 간편합니다. 특징: 플라스틱 돈 봉투는 투명한 PVC로 사용되어 내부에 무엇이 있는지 쉽게 볼 수 있습니다. 전면에 작은 명함 포켓이 있어 주제를 유도하거나 라벨을 붙일 수 있습니다. 폴리 지퍼 봉투는 교실, 사무실 및 여행 보관과 같은 다양한 경우에 사용할 수 있습니다. 연필, 파일, 비즈니스 영수증, 지도, 항공사 정보 등을 정리할 수 있습니다.","저희 제품은 어떤 사용자 요구를 충족합니까? LABUK 폴리 지퍼 봉투는 선생님이 연필을 관리할 수 있도록 도와줍니다. 또한 파일, 영수증, 지도 및 기타 작은 품목을 관리하는 데 도움이 됩니다. 저희 제품은 내구성이 뛰어나고 두꺼운 폴리 소재로 만들어졌으며 좋은 품질로 장기간 사용할 수 있습니다. 다양한 색상 조합으로 큰 품질로 제공되므로 색상 코드 파일을 사용하여 집이나 사무실을 깔끔하게 정리할 수 있습니다. 제품 세부 정보 ・색상: 블랙, 퍼플, 블루, 스카이 블루, 화이트, 레드, 로즈 레드, 오렌지, 옐로우, 그린. 사이즈: 9 x 4.7인치/23 x 12cm; 소재: PVC 소재. ・수량: 25개 세트, 2블랙, 3퍼플, 2블루, 2스카이 블루, 2화이트, 2레드, 3로즈 레드, 3오렌지, 3옐로우, 3그린. 제품 특징 내구성이 뛰어난 PVC, 방수 및 찢어짐 방지 기능이 있어 파일이 손상되거나 주름지지 않도록 효과적으로 보호합니다. ・지퍼 잠금으로 종이를 안전하게 밀봉하고, 다양한 색상으로 더 나은 정리를 제공합니다. ・완전히 투명한 소재로 내부에 보관된 물건을 빠르게 확인할 수 있습니다. ・작은 명함 포켓은 주제를 분류하고 명확하게 할 수 있으며 사용하기 쉽고 내용물에 빠르게 접근할 수 있습니다. 브랜드 스토리 LABUK 는 급성장하는 문구 브랜드입니다. 당사의 목표는 소비자에게 고품질의 비용 효율적인 제품을 제공하는 것입니다. 당사는 실용적이고 디자인이 좋은 제품을 사용자에게 부지런히 제공합니다. LABUK 제품을 선택해 주셔서 감사하며 행복한 삶을 기원합니다.","['봉투', '지퍼', '블루', '레드', '작다', '파일', '폴리', '오렌지', '퍼플', '보관']"
사무용품,파일링 제품,봉투 파일,,B0D1XMQZ8Q,"10팩 파일 폴더, 플라스틱 봉투 폴더, 미국 레터 A4 사이즈 폴리 봉투, 라벨 포켓 포함, 문서용 폴더, 다양한 색상",HomeplusTG3,9681,9681,,,"대용량 플라스틱 폴더 - 당사의 폴더는 33.25 x 24.9cm(13.25 x 9.25인치)이며 100장 이상의 레터 A4 사이즈 용지를 담을 수 있습니다. 두께 업그레이드(0.18mm) - 재사용 가능한 봉투는 시중의 다른 폴리 봉투보다 두껍고 견고하고 내구성이 뛰어나며 종이를 손상으로부터 보호합니다. 무산성 및 방수 - 고품질 플라스틱 소재로 제작된 폴리 파일 폴더는 중요한 종이 시트를 정리하는 데 적합합니다. 파일 폴더 - 다양한 색상의 시스루 문서 폴더는 내용물을 볼 수 있으며 봉투를 열지 않고도 문서를 쉽게 찾을 수 있습니다. 라벨 포켓이 있는 폴더 정리 - 학교, 집, 직장, 사무실, 여행 및 출장을 위해 물건을 정리할 수 있습니다. 독특한 라벨 포켓 디자인으로 문서를 편리하게 분류하고 식별할 수 있습니다.","다채로운 투명프리미엄 품질간편한 보관제품 설명: 색상: 블루, 그린, 옐로우, 레드 투명 (각 색상 2개) 수량: 5가지 색상 소재: 고품질 플라스틱 사이즈: 33.7 x 23.5cm, 미국 문자 A4 사이즈 레터 및 기타 작은 물건을 담을 수 있습니다. 제품 특징: 1. 티켓, 사진, 문서, 청구서, 영수증, 신분증, 여권, 펜을 빠르고 쉽게 정리할 수 있습니다. 2. 스냅 클로저로 물건을 흘리거나 습기로부터 보호합니다. 3. 문서가 떨어지는 것을 방지하기 위해 양면을 밀봉했습니다. 4. 라벨 포켓이 있는 투명 폴리 봉투는 100% 투명하며, 필요할 때 내부의 물건을 쉽게 식별할 수 있어 보관 시간을 절약할 수 있습니다. 5. 파일 폴더는 고품질의 환경 친화적인 두꺼운 소재, 마찰 방지, 긁힘 방지, 방수 및 내구성이 뛰어난 파일 폴더 폴더, 포켓이 있는 연필 가방 폴더, 폴더 파일 폴더, 문서 필통 바인더 디바이더, 탭 포함 봉투 플라스틱 폴더, 컬러 봉투, 파일 플라스틱 봉투, 교실 보관, 다채로운 봉투, 투명 연필 파우치, 컬러 파일 폴더, 포켓이 있는 플라스틱 폴더, 파일 폴더, 장식용 투명 필통 봉투. 편편편편편편편파일 폴더, 파일 폴더 홀더, 홈 오피스 정리 및 보관, 교실 정리 및 보관, 투명 봉투, 플라스틱 폴더, 투명 파우치, 문서 보관, 크레용 상자, 보관 파일 폴더, 정리용 투명 플라스틱 종이 폴더 파우치, 스냅 클로저 지퍼 파우치가 있는 플라스틱 봉투, 사무실 폴더, 서류 캐비넷용 폴더, 종이 정리함, 폴더, 투명 필통, 재사용 가능한 파우치, 연필 파우치, 벌크 컬러 폴더, 스크랩북 정리 및 보관 폴더 지퍼가 달린 학교 폴더 4인용 학교 폴더 봉투 x6 카드 종이 폴더 문서용 플라스틱 폴더 문서 오거나이저 폴더 플라스틱 봉투 연필 디스펜서","['폴더', '봉투', '플라스틱', '파일', '문서', '정리', '투명', '보관', '파우치', '포켓']"
사무용품,파일링 제품,봉투 파일,,B0CMD67G9D,"10팩 플라스틱 지퍼 봉투 A6 사이즈 지퍼 파우치, 라벨 포켓 포함, 다양한 투명 필통, 방수 투명 현금 봉투, 사무실 복권용",,8988,8988,4.1,7.0,"【다양하고 생생한 색상】이 팩에는 10개의 플라스틱 지퍼 봉투가 포함되어 있으며, 5가지 색상(레드, 옐로우, 그린, 블루, 화이트)의 봉투가 2개 있어 다채로운 터치로 물건을 쉽게 분류하고 정리할 수 있습니다. 【적합한 사이즈】이 a6 사이즈 지퍼 파우치는 23 x 12cm(9 x 4.7인치) 크기로 A6 사이즈 문서를 수용할 수 있을 만큼 충분히 커서 다양한 유형의 서류 작업이나 물건을 보관할 수 있습니다. 【내구성 및 방수】고품질 PVC 소재로 제작된 이 라벨 포켓 지퍼 봉투는 내구성이 뛰어날 뿐만 아니라 탁월한 방수 성능을 제공하여 내용물을 습기와 손상으로부터 보호합니다. 【쉬운 식별】투명한 디자인으로 내부의 내용물을 빠르게 볼 수 있어 각 봉투를 열지 않고도 필요한 것을 쉽게 찾을 수 있습니다. 방수 지퍼 봉투는 전면에 작은 명함 포켓이 있어 정리 및 라벨링에 도움이 됩니다. 【다용도】이 투명 지퍼 현금 봉투는 다양한 용도로 사용할 수 있습니다. 연필 파우치와 지폐, 문서, 카드 또는 쿠폰을 위한 홀더로 사용할 수 있습니다. 또한 여권, 티켓 및 여행 정보와 같은 여행 문서를 보관하는 데 적합하므로 사무실, 회사 및 기타 행사에 이상적입니다.","10팩 플라스틱 지퍼 봉투 A6 사이즈 지퍼 파우치 라벨 포켓 포함 다양한 투명 필통 방수 투명 현금 봉투 사무실 복권용/주요 기능: 투명 PVC로 제작되어 내부에 무엇이 있는지 쉽게 볼 수 있습니다. 전면에 작은 명함 포켓이 있어 테마를 요약하거나 표시할 수 있습니다. 메모, 문서, 카드 등을 보관할 수 있는 필통으로 사용할 수 있습니다. 여행 정보, 여권, 티켓 등과 같은 여행 문서를 저장할 수도 있습니다. 사무실, 회사 및 기타 행사에 적합, A6 사이즈./색상: 레드/옐로우/그린/블루/화이트./제품 크기: 9.05 × 4.75""/23 × 12 cm/패키지 구성: 보관용 가방 10개.","['봉투', '지퍼', '투명', '방수', '문서', '포켓', '여행', '파우치', '라벨', '사무실']"
사무용품,파일링 제품,봉투 파일,,B08MXYR9SJ,12.7x17.8cm(5x7인치) 작은 플라스틱 봉투 현금 영수증 카드 보관 파일 홀더 확장 거싯 스트링 버튼 클로저 10팩,YOAVIP,13836,13836,4.7,52.0,"소재: 환경 보호 소재 PP로 제작, 방수, 찢어짐 방지 및 깨끗하게 유지. 사이즈: 19.1 x 14.4cm. 지갑/작은 가방/메모장에 완벽하게 맞습니다. 스트링 및 버튼 잠금 명확한 기능으로 필요한 파일을 한눈에 확인할 수 있습니다. 패키지 포함: 10팩 작은 투명 봉투","투명 봉투는 환경 보호 소재 PP로 만들어져 방수, 찢어짐 방지 및 깨끗하게 유지되며 선명한 기능으로 필요한 파일을 한눈에 얻을 수 있습니다./특징/내마모성./소재: 환경 보호 PP/종류: 상단 개방 봉투, 끈 및 버튼 클로저/크기: 약 19.1 x 14cm(7 1/5 x 5 1/2인치)./용도: 우표, 예산을 위한 현금, 사진 등과 같은 작은 물건을 정리 및 보관에 적합합니다./수량: 20팩","['봉투', '작다', '환경', '보호', '버튼', '파일', '방수', '보관', '유지', '방지']"
사무용품,파일링 제품,봉투 파일,,B0978S14Y8,17.8 x 24.8cm(7 x 9.8인치) 투명 플라스틱 봉투 후크 루프 클로저 영수증 스티커 보관 홀더 40팩 (투명-40팩),YESSART,35996,35996,4.8,312.0,"소재: 환경 보호 소재 PP로 제작, 방수, 찢어짐 방지 및 청결 유지. 사이즈: 7 x 9 4/5 인치. 지갑/작은 가방/메모장에 완벽하게 맞습니다. 후크 앤 루프 클로저 선명한 기능으로 필요한 파일을 한눈에 확인할 수 있습니다. 후크 앤 루프 클로저 패키지 포함: 40팩 투명 수직 봉투","투명 봉투는 환경 보호 소재 PP로 만들어졌으며 방수, 찢어짐 방지 및 깨끗하게 유지되며, 필요한 파일을 한눈에 확인할 수 있습니다./특징/내마모성./소재: 환경 보호 PP/종류: 상단 오프닝 봉투, 후크 앤 루프 클로저/크기: 약 17.8 x 24.4cm(7 x 9 4//용도: 우표, 예산 현금, 사진 등과 같은 작은 물건을 정리하거나 보관하기에 적합합니다./수량: 40팩","['후크', '루프', '봉투', '투명', '클로저', '환경', '보호', '방지', '유지', '작다']"
사무용품,파일링 제품,봉투 파일,,B0BLYZKRM5,"YOKIVE 10팩 지퍼 파일 백, A6 파일 봉투 플라스틱 문서 정리함 지퍼 폴더, 사무실에 적합(물질 투명)",YOKIVE,11758,11758,5.0,1.0,"다용도 - 지퍼 파일 백은 문서를 쉽게 정리하고 찾을 수 있으며 사무실, 교육, 가정, 여행에 적합하며 종이, 문서, 계약서, 보고서, 티켓, 봉투, 편지, 수표, 청구서 등을 보관하기에 유용한 액세서리입니다 제품 구성 - 패키지에는 전체 크기 23.6 x 12.7cm(9.3 x 5인치) 크기의 지퍼 파일 백 10팩이 함께 제공됩니다 √신뢰할 수 있는 소재 - 튼튼한 플라스틱 소재로 만들어졌으며 방수, 세척이 쉽고 견고하고 내구성이 뛰어납니다. 마모 및 먼지에 강하며 쉽게 깨지지 않습니다 √특별한 디자인 - 투명한 문서 폴더는 내용을 볼 수 있도록 유지하고 폴더를 열지 않고도 문서를 쉽게 찾을 수 있으며 다양한 항목을 효율적으로 정리할 수 있도록 도와줍니다. 지퍼 잠금 디자인으로 파일을 쉽게 휴대하고 보관할 수 있습니다 주의 사항 - 수동 측정으로 인해 약간의 허용 오차를 허용하십시오","다용도 - 지퍼 파일 백은 문서를 쉽게 정리하고 찾을 수 있으며 사무실, 교육, 가정, 여행에 적합하며 종이, 문서, 계약서, 보고서, 티켓, 봉투, 편지, 수표, 청구서, 공예품, 연필, 카드 등을 보관하는 데 유용한 액세서리입니다. 제품 구성 - 패키지에는 전체 크기 23.6 x 12.7cm(9.3 x 5인치) 크기의 지퍼 파일 백 10팩이 함께 제공됩니다. √신뢰할 수 있는 소재 - 튼튼한 플라스틱 소재로 만들어졌으며 방수, 세척이 쉽고 견고하고 내구성이 뛰어납니다. 마모와 먼지에 강하며 쉽게 깨지지 않습니다. √특별한 디자인 - 투명한 문서 폴더는 내용을 볼 수 있도록 하고 폴더를 열지 않고도 문서를 쉽게 찾을 수 있으며 다양한 항목을 효율적으로 정리할 수 있도록 도와줍니다. 지퍼 잠금 디자인으로 파일을 쉽게 휴대하고 보관할 수 있습니다. √주의 사항 - 주문하기 전에 사이즈를 확인하십시오.","['문서', '지퍼', '파일', '폴더', '정리', '백', '구성', '디자인', '플라스틱', '사무실']"
사무용품,파일링 제품,봉투 파일,,B0C8FR9ZT5,"12팩 플라스틱 폴리 파일링 봉투, 11홀 확장 가능한 바인더 폴더 투명 봉투 바인더 포켓, 라벨 포켓 및 스냅 버튼 포함, 학교 가정 직장 사무실 정리용 4가지 색상",XZJMY,19376,19376,,,"방수 및 내구성 구조: 당사의 바인더 지갑은 고품질 PP 소재로 만들어져 내구성이 뛰어나고 가볍고 방수 및 재사용이 가능하여 모든 가정이나 사무실에 이상적입니다 사이즈: 플라스틱 봉투 홀더 A4는 길이 31cm x 너비 24.5cm / 31 x 24.4cm (12.25 x 9.6인치)이며 최대 2cm (높이)까지 연장할 수 있습니다. A4 투명 플라스틱 폴더는 최대 200장의 A4 용지를 쉽게 담을 수 있습니다 완벽한 디자인: 11홀 천공 포켓 A4는 대부분의 표준 2/3/4 링 바인더와 레버 파일 폴더에 적합하며, 각 천공 A4 플라스틱 지갑에는 문서를 쉽게 분류할 수 있는 탭 포켓이 있어 어수선함을 방지합니다 스냅 잠금: A4 폴더는 파일, 서류 및 문서를 안전하게 보관하고 떨어지지 않도록 스냅 클로저로 설계되어 파일과 문서를 안전하게 보관하면서 쉽게 보관, 정리 및 휴대할 수 있습니다 패키지 포함 사항: 블루, 그린, 옐로우, 핑크 (각 색상 3개)의 4가지 색상을 포함한 플라스틱 지갑 A4 팩 12개. 다양한 색상을 사용하여 문서를 쉽게 정리하고 구별할 수 있습니다",이 플라스틱 여행용 파일 파우치는 문서를 분류하고 내용물을 한눈에 식별할 수 있는 투명한 디자인이 특징입니다,"['플라스틱', '문서', '파일', '바인더', '포켓', '폴더', '지갑', '스냅', '정리', '보관']"
사무용품,파일링 제품,봉투 파일,,B09WDTW4NS,VANRA 1피스 PU 가죽 봉투 파일 폴더 A4 종이 문서 파일 봉투 문서 오거나이저 가죽 포트폴리오 폴더 홀더 자석 클로저 포함(브라운),VANRA,12437,12437,3.9,55.0,"고품질: 클래식한 봉투 모양의 파일 오거나이저는 슬림한 PU 가죽으로 만들어졌으며 섬세한 실로 바느질되었습니다. 파일 폴더 표면에 특별한 수직선 질감이 있어 편안하고 부드럽습니다. 내마모성 뿐만 아니라 세척도 쉽습니다. 클래식하고 우아함: 이 포트폴리오 오거나이저는 블랙과 브라운을 포함한 두 가지 색상으로 제공됩니다. 블랙 프로젝트 포켓은 성숙함과 안정성을 반영하며, 갈색 포켓은 우아함과 기질을 반영합니다. 어떤 것을 선택하든 개인적인 매력을 더할 수 있습니다. 심플한 디자인: 봉투 폴더 케이스 안에 2개의 펜 인서트가 있어 어디를 가든 펜을 휴대할 수 있습니다. 폴더는 약 100장의 A4 종이를 담을 수 있는 대용량을 가지고 있습니다. 지폐, 송장, 영수증, 레터 사이즈 용지 등을 수집하는 데에도 좋습니다. 다용도: 문서 홀더는 사무실 회의 및 출장에 사용할 수 있습니다. 수업 메모와 작업 기록을 보관하는 데 사용됩니다. 또한 동료, 지도자, 학생, 선생님에게 선물로 보낼 수 있습니다. 안전하고 안전함: 금속 자석 숨겨진 버클로 단단히 버클을 고정할 수 있으며 쉽게 떨어지지 않으며 모든 파일을 제대로 보관할 수 있습니다. 특히, A4 레터 크기 문서와 법적 크기 계약은 적절하게 보존될 수 있습니다. 가죽 프로젝트 파일링 파일 홀더는 슬림한 외관을 제공하여 어떤 조정 파일링 시스템에도 부드럽게 미끄러집니다. 파일 봉투는 파일 캐비닛에 잘 맞아 장기간 보관할 수 있습니다. 가정, 사무실, 학교, 비즈니스용으로 적합합니다.",,"['파일', '폴더', '봉투', '가죽', '문서', '홀더', '브라운', '슬림', '우아하다', '반영']"
사무용품,파일링 제품,봉투 파일,,B0B6V9VMDD,"FYY 플라스틱 봉투 12개, A4 레터 사이즈 폴리 봉투 파일 폴더, 라벨 포켓 및 스냅 클로저가 있는 반투명 문서 지갑 파우치, 학교 및 사무용품용, 투명",FYY,17991,17991,5.0,7.0,"패키지 구성: FYY 12 플라스틱 문서 봉투. A4 봉투 크기 32 x 24.9 x 3cm(12.6 x 9.8 x 1.2인치) 소재: 고품질 PP 소재로 만든 A4 플라스틱 봉투, 반투명 디자인, 튼튼한 찢어짐 방지 및 방수 기능으로 내부의 내용물을 쉽게 찾을 수 있습니다 투명 라벨 포켓 디자인: A4 방수 문서 파우치, 투명 라벨 포켓, 보관 분류! 라벨을 교체할 수 있으며, 원하는 카테고리를 작성하여 파일을 더 체계적으로 만들 수 있습니다 다양한 용도: 스냅 클로저는 열고 닫을 때 편리하며 물건을 안전하게 보관하고 잘 정리할 수 있습니다. A4 봉투는 쿠폰, 영수증, 현금, 송장, 청구서, 이름표, 중요한 서류, 문구류 등을 보관하기에 좋습니다. 종이 문서를 보관할 뿐만 아니라 전자 제품, 작은 옷, 문구류, 여행 용품, 화장품 등을 보관할 수 있습니다. 사무실, 학교, 여행 및 기타 행사에서 사용할 수 있습니다 훌륭한 선물: 투명 플라스틱 봉투 파일 문서는 모든 요구 사항을 충족하기에 충분한 양의 조합으로 자신, 선생님, 학생, 가족, 어린이 및 친구에게 적합한 선물입니다. 이 플라스틱 문서 가방에 문제가 있는 경우 당사에 문의하십시오",,"['봉투', '문서', '플라스틱', '투명', '라벨', '보관', '포켓', '파일', '클로저', '파우치']"
사무용품,파일링 제품,봉투 파일,,B099PYWYP6,"Wonderpool A4 봉투 케이스 폴더 파일 슬리브 두꺼운 PU 가죽, 탈착식 핸드 스트랩 및 내부 포켓 파우치 문서 문구 태블릿 PC 홀더 오거나이저 포트폴리오 가방(블랙)",WONDERPOOL,18157,18157,4.4,163.0,"대용량 -- 가방의 내부 치수는 23.5 x 33.5cm(9.4 x 13.25인치)이며 외부 치수는 24.5 x 35cm(9.6 x 13.75인치)입니다. 확대된 크기는 물건을 관리할 수 있는 더 많은 공간이 있어 200장 이상의 A4 용지를 담을 수 있을 만큼 튼튼합니다. 기능적인 디자인 -- 가죽 가방은 문서 또는 태블릿 PC 슬리브일 뿐만 아니라 각 가방에는 두 개의 칸이 더 있어 충전기, 이어폰, 향수, USB 케이블, 휴대폰, 메모장, 펜 및 기타 문구 등에 적합합니다. 고품질 -- 내구성이 뛰어난 프리미엄 PU 가죽과 금속 버튼 클로저로 제작되어 방수, 내마모성, 먼지 방지 및 내구성이 뛰어나 쉽게 깨지거나 변형되지 않습니다. 문서, 바우처, 펜, 카드 및 쿠폰 등을 보관할 수 있습니다. 깔끔하고 정리된 제품. 간편한 휴대성 -- 가죽 핸드 스트랩과 금속 버튼 클로저가 있는 우아하고 세련된 가방으로 단독으로 휴대할 수 있습니다. 핸드 스트랩을 사용할 필요가 없을 때 언제든지 자유롭게 제거할 수 있습니다. 다기능 -- 사무실, 학교, 가정, 역 및 기타 장소에서 프로젝트 파일, 정보, 문서, 청구서, 여권, 카드, 쿠폰, 티켓, 종이 등을 보관하는 데 사용되는 훌륭한 도우미입니다. 태블릿 슬리브 커버 백으로 사용할 수 있으며 여성과 남성을 위한 멋진 선물로 사용할 수 있습니다.",,"['가방', '가죽', '문서', '핸드', '슬리브', '태블릿', '스트랩', '문구', '쿠폰', '금속']"
사무용품,파일링 제품,봉투 파일,,B003U6VQN6,School Smart 탑 로딩 폴리프로필렌 스트링 봉투 - 12개 팩 - 다양한 색상,School Smart,26079,26079,5.0,1.0,"12개 팩으로 판매 시스루 가시성 재사용 및 확장 가능 마모 및 찢어짐 방지 사무실, 가정 또는 교실에서 사용하기 좋습니다","프로젝트 및 수업 계획을 정리하는 데 좋습니다. 재사용 가능한 확장 가능한 봉투! 레터 사이즈의 투명 틴트 폴리 봉투는 내구성이 뛰어나고 마모에 강합니다. 시스루 소재로 가시성을 높이고 문서에 쉽고 빠르게 접근할 수 있습니다. 3.2cm(1-1/4인치) 확장용 거싯. 탑 로드, 모음, 12/박스. 마모 및 찢어짐 방지. 시스루 가시성. 재사용 및 확장 가능.","['확장', '재사용', '가시', '봉투', '시스루', '마모', '방지', '가능하다', '탑', '정리']"
사무용품,파일링 제품,봉투 파일,,B083C1RTQ7,Wonderpool A4 봉투 파일 홀더 - 종이 문서 문구 오거나이저 및 태블릿 케이스 PC 슬리브용 경량 천연 가죽 다기능 포트폴리오 (블랙),WONDERPOOL,33530,33530,3.9,110.0,"슬림하고 가벼운 디자인 -- 이 가방의 심플하고 우아한 디자인 스타일은 두껍거나 크레이지 않은 말 가죽이 아닌 슬림한 진짜 가죽으로 만들어져 단독으로 쉽게 휴대할 수 있습니다. 각 가방의 무게는 약 0.2kg입니다. 고품질 -- 100% 내구성이 뛰어난 천연 가죽과 금속 버튼 클로저로 제작되어 고급스러운 촉감과 훌륭한 첫인상을 줍니다. 세련되고 방수 기능이 있어 인터뷰 서신, 계약서, 및 기타 중요한 문서, 바우처, 카드 및 쿠폰 등을 보관할 수 있습니다. 깔끔하고 정리되어 있습니다. 대용량 -- 가방의 내부 치수는 31.2 x 22.8cm(12.2 x 9인치)이며 외부 치수는 34 x 24cm(13.3 x 9.5인치)입니다. 사이즈는 물건을 관리할 수 있는 더 많은 공간이 있어 100장 이상의 A4 종이를 담을 수 있을 만큼 튼튼합니다. 매끄러운 컬러 가죽 -- 천연 가죽은 하이테크 실크 스크린 기술을 사용하여 색상을 패셔너블하게 만들고, 표면은 매끄럽고 내구성이 뛰어납니다. 다기능 -- 사무실, 학교, 가정, 스테이션 및 기타 장소에서 프로젝트 파일, 정보, 문서, 청구서, 여권, 카드, 쿠폰, 티켓, 종이 등을 보관할 수 있는 좋은 보조 도구입니다. 태블릿 슬리브 커버 백으로도 사용할 수 있으며 여성과 남성을 위한 멋진 선물로 사용할 수 있습니다.",,"['가죽', '가방', '문서', '종이', '천연', '쿠폰', '구성', '다기능', '디자인']"
사무용품,파일링 제품,봉투 파일,,B0BK976HTP,"YOKIVE 12팩 파일 폴더, 투명 A4 파일 봉투 | 스냅 버튼이 있는 플라스틱 문서 포켓, 사무실에 적합(핑크)",YOKIVE,13143,13143,5.0,1.0,"다용도 - 파일 폴더는 문서를 쉽게 정리하고 찾을 수 있으며 사무실, 교육, 가정, 여행에 적합하며 종이, 문서, 계약서, 보고서, 티켓, 봉투, 편지, 수표, 청구서 등을 보관하는 데 유용한 액세서리입니다 제품 구성 - 패키지에는 전체 크기 32.5 x 23.4cm(12.8 x 9.25인치) 크기의 파일 폴더 12팩이 함께 제공됩니다 √신뢰할 수 있는 소재 - 튼튼한 플라스틱 소재로 만들어졌으며 방수, 세척이 쉽고 견고하고 내구성이 뛰어납니다. 마모 및 먼지에 강하며 쉽게 깨지지 않습니다 √특별한 디자인 - 시스루 문서는 내용을 볼 수 있도록 유지하고 폴더를 열지 않고도 문서를 쉽게 찾을 수 있으며 다양한 물건을 효율적으로 정리할 수 있도록 도와줍니다. 스냅 버튼 잠금 디자인으로 파일을 쉽게 가져와 보관할 수 있습니다 주의 사항 - 수동 측정으로 인해 약간의 허용 오차를 허용하십시오","다용도 - 파일 폴더는 문서를 쉽게 정리하고 찾을 수 있으며 사무실, 교육, 가정, 여행에 적합하며 종이, 문서, 계약서, 보고서, 티켓, 봉투, 편지, 수표, 청구서 등을 보관하는 데 유용한 액세서리입니다. 제품 구성 - 패키지에는 전체 크기 32.5 x 23.4cm(12.8 x 9.25인치) 크기의 파일 폴더 12팩이 함께 제공됩니다. √신뢰할 수 있는 소재 - 튼튼한 플라스틱 소재로 만들어졌으며 방수, 세척이 쉽고 견고하고 내구성이 뛰어납니다. 마모와 먼지에 강하며 쉽게 깨지지 않습니다. √특별한 디자인 - 시스루 문서는 내용을 볼 수 있도록 유지하고 폴더를 열지 않고도 문서를 쉽게 찾을 수 있으며 다양한 물건을 효율적으로 정리할 수 있도록 도와줍니다. 스냅 버튼 잠금 디자인으로 파일을 쉽게 가져와 보관할 수 있습니다. √주의 사항 - 주문하기 전에 사이즈를 확인하십시오.","['문서', '파일', '폴더', '정리', '구성', '디자인', '플라스틱', '사무실', '봉투', '스냅']"
사무용품,파일링 제품,봉투 파일,,B0CSX9HZ5N,"플라스틱 파일 폴더 파일링 봉투, A4 파우치 봉투 10개, 확장 가능, 방수, 스냅 클로저 문서 오거나이저, 레터 사이즈, 투명 컬러 폴리에스터, 사무실/비즈니스/학교용 지갑",WitBicg,33226,33226,,,"【고품질 소재】: 플라스틱 파일 폴더는 찢어짐 방지, 방수 및 쉽게 깨지지 않는 고품질 플라스틱으로 만들어져 모든 위치를 쉽게 기억할 수 있어 사무실 문서나 학습 자료가 젖거나 더러워지는 것을 효과적으로 보호할 수 있습니다. 대형 플라스틱 확장 가능한 파일 폴더로 물건을 정리할 수 있습니다. 【대용량 보관】: 48.3 x 25.4 x 8cm(19 x 10 x 3.15인치). 800장 용량의 파일 파우치는 일상적인 문서 정리 및 보관에 적합합니다. 9가지 밝은 색상: 레드, 그린, 오렌지, 다크 블루, 블랙, 퍼플, 옐로우, 핑크, 그레이, 다양한 색상으로 정리하고 구별하기 쉽습니다. 투명하여 파일에 무엇이 있는지 쉽게 볼 수 있습니다. 【친밀한 디자인】: 스냅 클로저가 있는 플라스틱 폴더에는 파일을 쉽게 구별할 수 있는 명함 슬롯이 장착되어 있습니다. 이 폴더는 앞면, 후면 및 상단에 무거운 투명 골지 플라스틱으로 만들어졌습니다. 측면과 하단은 나일론 같은 소재로 만들어져 쉽게 확장되고 내구성이 뛰어납니다. 스티치 엣지 트림이 있는 패브릭 거싯은 손가락을 긁힘으로부터 보호하며, 스냅 클로저가 있는 플라스틱 폴더는 문서를 안전하게 보관하고 떨어지는 것을 방지합니다. 【다기능】: 서류 봉투는 학교 과목, 사무실 문서, 여행 A4 폴더, 디자인 드로잉, 명함 및 화장품 보관과 같은 일상적인 사용에 적합합니다. 이 서류 가방은 매우 특별하고 세련되게 개조되었습니다. 이 폴더는 가볍고 휴대가 간편합니다. 방수 기능으로 외출 시 비가 올 때 걱정할 필요가 없습니다. 【애프터 서비스】: 다른 사람에게 선물로 줄 수 있습니다. 사용 또는 구매 중에 문제가 발생하면 언제든지 저희에게 연락해 주시면 최대한 빨리 답변 드리겠습니다. 저희는 무료 반품 및 환불을 제공합니다. 저희 제품을 구입해 주세요.",,"['폴더', '플라스틱', '파일', '문서', '보관', '사무실', '봉투', '클로저', '확장', '스냅']"
사무용품,파일링 제품,봉투 파일,,B0BQM296HR,"크래프트 종이 봉투 15개, 브라운 폴더 인사말 카드/문서/파일 봉투, 버튼 및 스트링 타이 클로저가 있는 아름다운 공예 봉투, 블루, 17 x 11.4cm(6.7 x 4.5인치)",HYMAOME,16606,16606,4.3,6.0,"크래프트 종이 봉투. 잘 만들어진 제품. 파일과 서류를 정리하는 데 좋습니다. 스트링 클로저가 있는 버튼. 프로젝트에 적합한 두꺼운 스트링 클로저 봉투. 사이즈: 17cm/6.7"" x 11.5cm/4.5"". 파란색 봉투 15개. 문서를 보호하고 구부러지지 않도록 합니다. 월간 영수증을 보관하고, 중요한 서류를 정리하는 데 적합합니다. 아름다운 봉투. 특별한 배달이나 초대장, 의미 있는 편지, 또는 낱장 종이를 보내기에 매우 좋은 아름다운 공예 봉투입니다. 훌륭한 정리함. 멋지고 내구성이 뛰어난 봉투. 사진을 전달하거나 봉투나 작은 종이 공예 용품을 정리할 수 있습니다.","멋진 봉투 수량: 15 소재: 크래프트 종이. 색상: 블루 사이즈: 17cm/6.7"" x 11.5cm/4.5"" 매력적이고 사용하기 쉽습니다. 여닫을 수 있도록 묶을 수 있는 끈이 있습니다. 이 봉투는 영수증, 서류 및 문서를 수집하는 데 적합합니다. 다목적 봉투 중요한 서류, 영수증, 세금 신고서 사본 및 백업 문서 등을 보관하는 데 사용할 수 있습니다. 그런 다음 봉투에 직접 메모를 작성하십시오.","['봉투', '종이', '정리', '문서', '서류', '공예', '클로저', '크래프트', '스트링', '아름답다']"
사무용품,파일링 제품,봉투 파일,,B0C3B3RDP8,"라벨 포켓이 있는 파일 봉투 레터 사이즈 A4 사이즈 투명 파일 문서 폴더, 스냅 클로저 포함, 학교 사무실 정리용 블랙",AMPOSSTO,15221,15221,,,"파일 봉투는 좋은 품질, 두껍고 내구성이 뛰어나며 마모에 강하며 찢어지지 않으며 오랫동안 재사용할 수 있습니다. 파일 폴더 크기는 길이 32.5cm(12.75인치) x 높이 25cm(9.8인치) x 너비 7.1cm(2.8인치)입니다. 많은 물건을 보관할 수 있는 초대형 용량. 파일 봉투는 투명하여 내부의 문서와 물건을 잘 식별할 수 있으며 문서를 쉽게 구별할 수 있는 라벨 포켓이 있습니다. 파일 폴더는 스냅 클로저로 물건을 쉽게 넣고 꺼낼 수 있습니다. 스냅은 내구성이 뛰어나고 쉽게 손상되지 않습니다. 파일 포켓에는 중요한 문서, 에세이, 프로젝트 파일, 회의 자료, 계약서, 메모, 문구류, 청구서, 영수증, 사진, 화장품, 여행 용품 및 기타 물건을 보관할 수 있으며 학교, 가정, 직장, 사무실 및 기타 장소에서 사용할 수 있으며 출장이나 여행 중에도 사용할 수 있으며 휴대가 쉽습니다. 문서나 물건을 보관할 수 있는 좋은 정리함입니다.","제품 이름: 파일 봉투 소재: PVC 플라스틱 사이즈: 32.5cm (L) x 25cm (H) x 7.1cm (W) 색상: 블랙, 블루, 그린 파일 봉투는 품질이 좋고 내구성이 뛰어나며 찢어지지 않습니다. 파일 폴더는 대용량으로 많은 물건을 보관할 수 있습니다. 스냅 잠금, 쉽게 넣고 휴대할 수 있습니다. 가족과 친구들을 위한 선물이 될 수 있습니다. 100% 만족 서비스: 제품에 만족하지 못하거나 수령 후 질문이 있으시면 저희에게 연락하여 교체 또는 환불을 선택하십시오. 전문적인 애프터 서비스를 제공합니다.","['파일', '물건', '봉투', '문서', '스냅', '폴더', '포켓', '구성', '휴대', '정리']"
사무용품,파일링 제품,봉투 파일,,B0BYHC7YLQ,"Project Envelope A4 사이즈 12개 세트, 스트링 타이 클로저, 프로젝트 포켓 파일 오거나이저 봉투 확장 가능한 거싯 세트, 사무실 학교용, 다양한 색상",Wiekyze,19376,19376,5.0,1.0,"1, 고품질 소재: 두껍고 내구성이 뛰어난 폴리로 제작되어 찢어짐 방지 및 방수 기능이 있습니다. 촉감이 편안하고 내구성이 뛰어나며 쉽게 변형되지 않으며 무독성이며 방사성이 없습니다. 2. 견고한 구조: 내구성이 뛰어난 스트링 봉투는 중요한 문서를 안전하고 안전하게 보관합니다. 종이와 문서가 미끄러지는 것을 방지하기 위해 3면에 강화된 밀봉. 3. 대용량: A4 파일 폴더 오거나이저는 매일 파일링 및 중요한 문서를 보관하기에 적합합니다. 최대 100장을 담을 수 있도록 4.3cm(1.3인치)까지 확장됩니다. 4. 라이즈: 길이 33.3cm/13.2인치, 너비 23.5cm/9.3인치. 플라스틱 폴더의 크기는 A4보다 약간 큽니다. 즉, 더 많은 문서를 내부에 넣을 수 있으며 문서를 지갑에 훨씬 쉽게 넣고 뺄 수 있습니다. 5. 패키지 구성: 스냅 버튼이 있는 다채로운 봉투 12개, 휴대가 간편하며 학교, 집, 직장, 사무실 여행 및 출장에 사용할 수 있습니다.","Wiekyze 책상 폴리 파일 오거나이저는 문서, 계약서, 스크랩북, 파일, 지폐, 우편, 영수증, 종이, 편지, 바우처, 카드를 이전에는 없던 훌륭한 도구입니다. 기능성 전문 폴리 봉투, 환경 보호 방수, 무독성 및 무미, 유연하고 튼튼합니다. 내용물을 편리하게 열고 고정할 수 있는 스냅 폴더 버튼 클로저. 문서를 안전하게 보호합니다. 봉투 폴더 길이는 33.5cm(13.25인치), 너비는 24.9cm(9.3인치)이며 100장 이상의 종이를 보관할 수 있습니다. 폴리 봉투 12장 4가지 색상 포함: 라임 레드, 살구 옐로우, 그린 포레스트, 잉크 블랙.","['문서', '봉투', '파일', '폴리', '폴더', '구성', '종이', '안전하다', '스냅', '무독성']"
사무용품,파일링 제품,봉투 파일,,B07Q39DNWB,kidsnado TIENO 스트링 클로저가 있는 플라스틱 봉투 12개 리걸 사이즈 확장 가능한 거싯 폴더 사이드 로드 홀더 모음 색상,TIENO,29071,29071,4.5,135.0,"패키지 구성품: 12개의 스트링 타이 클로저 봉투, 리걸 사이즈 14x10x1 인치(36x26x3cm) 소재: 고품질 플라스틱으로 만들어졌으며 방수, 찢어짐 방지 및 깨끗하게 유지하는 데 좋습니다. 디자인: 확장 가능한 거싯은 대용량을 위해 최대 2.5cm(1인치)까지 확장할 수 있으며 최대 200장의 표준 용지를 수용할 수 있습니다. 스트링 타이 클로저는 중요한 문서를 관리하고 정리하기에 안전합니다. 색상: 투명한 색상으로 컨텐츠를 볼 수 있으며 사용하기 편리하고 필요한 파일을 정확하게 휴대할 수 있습니다. 문서를 효과적으로 정리하고 보관할 수 있습니다. 용도: 사무실, 가정 또는 교실에서 사용하기 좋습니다. 파일, 영수증, 사진 및 중요한 문서를 완벽하게 보관합니다.","투명 스트링 타이 봉투--유연함, 내마모성, 방수, 안전 및 실용성. 특징: 색상: 블루, 옐로우, 레드, 그린 12팩 소재: 환경 보호 PVC 유형: 측면 오프닝 확장 봉투. 법적 크기: 약 36x26x3cm(14x10x1인치) 용도: 학교, 비즈니스, 가족, 테스트, 파일 분류, 정리 및 보관을 위한 도난 방어. 이 투명 스트링 봉투는 편리한 트위스트 스트링 버클이 달린 고급 PP 소재로 제작되었습니다. 중요한 문서와 메모를 정리하고 보관할 수 있는 교사, 디자이너, 플래너에게 인기가 있습니다. 좋아한다면 친구, 직장 동료 및 파트너에게 선물로 줄 수도 있습니다.","['스트링', '봉투', '문서', '확장', '정리', '파일', '중요하다', '클로저', '타이', '방수']"
사무용품,파일링 제품,봉투 파일,,B0CS3F9LG5,10.2 x 15.2cm(4 x 6인치) 폴리 봉투 투명 플라스틱 후크 앤 루프 클로저 폴더 케이스 쿠폰 영수증 30개,Lcdspocen,22146,22146,,,"치수: 4 x 6인치 (11.5 x 16cm) 작은 봉투는 프리미엄 플라스틱으로 만들어졌으며 찢어짐 방지, 내구성 및 방수 기능이 특징입니다. 후크 앤 루프 클로저는 믿을 수 없을 정도로 편리하고 내구성이 뛰어납니다 반투명 보관 품질의 폴더 케이스는 가시성과 문서 보호 기능을 제공합니다. 수량: 팩당 30개","후크 앤 루프 클로저가 있는 투명 폴리 폴더 봉투 당사의 플라스틱 봉투는 정리가 쉽고 빠르게 정리하며 정보에 더 쉽게 접근할 수 있습니다. 투명하고 튼튼한 플라스틱 봉투로 내용물을 쉽게 꺼낼 수 있습니다. 오래 사용할 수 있도록 제작된 견고하고 매끄러운 촉감의 파우치는 최상의 성능을 발휘할 준비가 되어 있습니다. 가정, 사무실, 여행 또는 학교를 위한 훌륭한 보관 솔루션입니다. 사양: 소재: PP 수량: 30팩 사이즈: 4 x 6인치 (11.5 x 16m) 색상: 반투명 방수/찢어짐 방지/선명한 시야. 질문이 있으시면 저희에게 연락해 주십시오. 최선을 다해 서비스를 제공하겠습니다","['봉투', '플라스틱', '루프', '폴더', '후크', '클로저', '투명', '방수', '반투명', '정리']"
사무용품,파일링 제품,봉투 파일,,B0B4JNSBHV,"FYY 플라스틱 봉투 8개 - A4 레터 사이즈 폴리 지퍼 봉투 파일 폴더, 학교 및 사무용품용 지퍼가 달린 반투명 확장 문서 지갑 파우치, 33 x 24cm(13 x 9.65인치), 투명",FYY,19376,19376,,,"[고품질 소재] 당사의 A4 플라스틱 봉투는 우수한 품질의 PP 소재로 만들어져 방수, 찢어짐 방지 및 내구성이 뛰어나며 오랫동안 사용할 수 있으며 쉽게 깨지지 않습니다 [제품 사이즈] 확장 폴리 지퍼 봉투는 33 x 24.5cm(13 x 9.75인치)로 레터 사이즈/A4 용지, 여행 액세서리, 화장품 또는 기타 작은 물건을 보관하기에 적합합니다. 하단은 대용량을 위해 최대 3cm(1.2인치)까지 연장할 수 있으며 최대 200장의 종이를 수용할 수 있습니다. 확장 가능한 디자인으로 이 파일 폴더를 테이블 위에 세울 수 있습니다 [지퍼 파우치 디자인] 파일 폴더는 부드럽고 튼튼한 지퍼 클로저로 제작되어 열고 닫을 때 편리하며 물건을 안전하게 보관할 수 있습니다. 지퍼 탭에 링이 있어 벽에 걸거나 휴대하기 쉬운 리프트 링 역할을 할 수 있습니다. 금속 끝은 지퍼 탭이 떨어지는 것을 방지합니다 [다양한 용도] 이 문서 지갑 파우치 세트는 일상 생활에 매우 유용합니다. 어린이, 학생, 사무실 근로자 및 기타 전문가에게 적합합니다. 휴대해야 하는 다양한 종류의 물건을 보관하는 데 사용할 수 있습니다. 학교, 사무실 및 여행에 적합합니다 [패키지 구성] 패키지에는 반투명하고 내부에 무엇을 보관하는지 쉽게 볼 수 있는 확장 플라스틱 봉투 8개가 포함되어 있습니다. 다양한 보관 요구 사항을 충족하고 문서를 정리하고 보호 기능을 제공합니다",,"['지퍼', '봉투', '보관', '확장', '문서', '플라스틱', '폴더', '물건', '파일', '파우치']"
사무용품,파일링 제품,봉투 파일,,B0CSX944X8,"서류 봉투, 플라스틱 파일 폴더 10개, A4 파우치 봉투, 확장 가능, 방수, 스냅 클로저 문서 오거나이저, 레터 사이즈, 투명 컬러 폴리에스터, 사무실/비즈니스/학교용 지갑",WitBicg,33226,33226,,,"【고품질 소재】: 플라스틱 파일 폴더는 찢어짐 방지, 방수 및 쉽게 깨지지 않는 고품질 플라스틱으로 만들어져 모든 위치를 쉽게 기억할 수 있어 사무실 문서나 학습 자료가 젖거나 더러워지는 것을 효과적으로 보호할 수 있습니다. 대형 플라스틱 확장 가능한 파일 폴더로 물건을 정리할 수 있습니다. 【대용량 보관】: 48.3 x 25.4 x 8cm(19 x 10 x 3.15인치). 800장 용량의 파일 파우치는 일상적인 문서 정리 및 보관에 적합합니다. 9가지 밝은 색상: 레드, 그린, 오렌지, 다크 블루, 블랙, 퍼플, 옐로우, 핑크, 그레이, 다양한 색상으로 정리하고 구별하기 쉽습니다. 투명하여 파일에 무엇이 있는지 쉽게 볼 수 있습니다. 【친밀한 디자인】: 스냅 클로저가 있는 플라스틱 폴더에는 파일을 쉽게 구별할 수 있는 명함 슬롯이 장착되어 있습니다. 이 폴더는 앞면, 후면 및 상단에 무거운 투명 골지 플라스틱으로 만들어졌습니다. 측면과 하단은 나일론 같은 소재로 만들어져 쉽게 확장되고 내구성이 뛰어납니다. 스티치 엣지 트림이 있는 패브릭 거싯은 손가락을 긁힘으로부터 보호하며, 스냅 클로저가 있는 플라스틱 폴더는 문서를 안전하게 보관하고 떨어지는 것을 방지합니다. 【다기능】: 서류 봉투는 학교 과목, 사무실 문서, 여행 A4 폴더, 디자인 드로잉, 명함 및 화장품 보관과 같은 일상적인 사용에 적합합니다. 이 서류 가방은 매우 특별하고 세련되게 개조되었습니다. 이 폴더는 가볍고 휴대가 간편합니다. 방수 기능으로 외출 시 비가 올 때 걱정할 필요가 없습니다. 【애프터 서비스】: 다른 사람에게 선물로 줄 수 있습니다. 사용 또는 구매 중에 문제가 발생하면 언제든지 저희에게 연락해 주시면 최대한 빨리 답변 드리겠습니다. 저희는 무료 반품 및 환불을 제공합니다. 저희 제품을 구입해 주세요.",,"['폴더', '플라스틱', '파일', '문서', '보관', '서류', '스냅', '클로저', '방수', '정리']"
사무용품,파일링 제품,봉투 파일,,B096X55532,"10팩 2가지 사이즈 투명 플라스틱 봉투, 지퍼가 달린 폴리 파일 백 문서, 사무용품, 가정, 여행 보관용",Anseal,23531,23531,4.8,16.0,"패키지: 2가지 사이즈의 지퍼 폴리 폴더 10개를 포함합니다. 멀티 사이즈: (12.7 x 25.4 cm)*5, (25.4 x 35.5 cm)*5, 일상 생활과 작업에 적합합니다. 확장: 3cm(1.2인치) 확장으로 많은 물건을 수용할 수 있습니다. 디자인: 지퍼 잠금으로 쉽게 열고 닫을 수 있습니다. 투명하여 필요한 것을 빠르게 얻을 수 있습니다. 다양한 용도: 작은 크기의 봉투는 펜, 지폐, 쿠폰, 테이프, 돈 및 문구류를 보관할 수 있습니다. 레터 사이즈는 잡지, 중요한 문서, 메이크업, 장난감 등에 사용할 수 있습니다.",,"['지퍼', '확장', '폴리', '봉투', '문서', '백', '생활', '사무', '빠르다', '보관']"
사무용품,파일링 제품,봉투 파일,,B0CQ895R35,"80팩 32.9 x 23.8cm(12.9 x 9.2인치) 투명 플라스틱 봉투, 스냅 클로저가 있는 330 x 235mm 폴리 봉투, 사무실, 가정용 투명 문서 폴더",SHEUTSAN,34611,34611,5.0,2.0,"제품 구성 - 패키지에는 80개의 투명 봉투 폴더가 포함되어 있으며, 각 크기는 330 x 235mm입니다. 스냅 클로저가 있는 투명 봉투 폴더를 사용하여 문서를 분류하고 정리할 수 있어 작업 효율성을 향상시킬 수 있습니다. 투명한 봉투 - 투명 파일링 봉투는 투명하며 내용물이 선명하게 보입니다. 문서를 찾는 것이 편리합니다. 투명 플라스틱 봉투의 분류 및 요약은 분명하며 상자를 뒤지지 않고도 필요한 파일을 찾을 수 있습니다. 스냅 클로저 - 각 투명 봉투 폴더에는 스냅 클로저가 장착되어 있어 파일이 떨어지거나 분실될 경우 파일을 안전하게 잠글 수 있습니다. 스냅 클로저 디자인으로 봉투를 열어 파일을 쉽게 보관할 수 있습니다. 다양한 용도 - 스냅 클로저가 있는 플라스틱 봉투는 가정, 직장, 사무실, 여행, 출장 등에서 널리 사용됩니다. 모든 종류의 문서, 참고 문헌, 양식, 청구서 등을 보관하기에 적합합니다. 좋은 고객 서비스 - 제품을 받은 후 패키지를 확인하십시오. 투명 플라스틱 봉투에 대해 궁금한 점이 있으시면 언제든지 저희에게 연락해 주시면 24시간 이내에 적극적으로 답변 드리겠습니다!","회사 소개/SHEUTSAN 프리미엄 투명 플라스틱 봉투 및 기타 관련 제품을 제공하기 위해 최선을 다하고 있습니다. 저희가 하는 모든 일은 여러분의 삶을 더 쉽고 재미있게 만드는 것입니다. 장바구니에 제품을 추가하면 번거롭지 않은 쇼핑을 즐길 수 있습니다!/왜 SHEUTSAN을 선택해야 할까요? 스냅 클로저가 있는 폴리 봉투는 매끄러운 표면과 편안한 촉감을 가진 고품질 PP 플라스틱으로 만들어졌으며 고주파로 재사용할 수 있으며 오랫동안 사용할 수 있습니다. 투명 플라스틱 파일 봉투의 디자인은 간단하고 아름다우며, 문서를 쉽게 보관하고 꺼낼 수 있어 작업이나 공부에 도움이 될 것입니다. 이 투명 플라스틱 파일 폴더는 폴더보다 가볍고 공간을 적게 차지하므로 폴더에 비해 문서를 보관하고 운반하는 데 더 좋습니다. 투명한 문서 폴더는 잘못된 파일을 가져올 가능성을 크게 줄일 수 있으며, 외출 시 이 플라스틱 봉투를 사용하면 종이 문서가 찢어지거나 비가 오거나 더러워지는 것을 방지할 수 있습니다./상세 정보: 재료: 플라스틱 색상: 투명 사이즈: 330 x 235mm/12.9 x 9.2인치. 수량: 80 x 투명 플라스틱 파일 폴더","['봉투', '투명', '플라스틱', '파일', '폴더', '문서', '스냅', '클로저']"
사무용품,파일링 제품,봉투 파일,,B0B13S3HSK,"PATIKIL 스트링 파일 폴더 10팩 A4 사이즈 문서 레터 오거나이저 홀더 서류 봉투 재킷, 사무실용 블랙",PATIKIL,26024,26024,4.3,2.0,"사이즈: A4; 색상: 블랙; 전체 치수: 31 x 23.5cm / 12.2 x 9.3인치 (길이*너비) 특징: 정교한 솜씨의 견고한 종이 소재, 고강도 및 경량, 내마모성 및 쉽게 깨지지 않음, 오랫동안 사용할 수 있습니다 장점: 독특한 스타일의 스트링 타이 클로저로 내용물을 양호한 상태로 유지하고 떨어지는 것을 방지합니다. 좋은 사이즈로 다양한 용도에 적합하며 휴대와 보관이 용이합니다 용도: 스트링 타이 봉투 파일 폴더는 파일을 깔끔하게 관리할 수 있도록 잘 정리되어 있으며 문서, 보고서, 기록, 양식을 저장하고 사무실, 가정, 비즈니스, 우편실 또는 기타 용도에 적합합니다 참고: 주문하기 전에 사이즈를 확인하십시오",,"['파일', '스트링', '문서', '폴더', '타이', '블랙', '봉투', '휴대', '사무실', '사무']"
사무용품,파일링 제품,봉투 파일,,B09YC7N1L7,"MECCANIXITY 지퍼 봉투 파일 백, A6 사이즈 PVC 투명 지폐 문서 포켓, 사무실 가정용, 화이트 20개 팩",MECCANIXITY,15221,15221,5.0,1.0,"이 지퍼 백은 일상 생활에서 다양한 용도로 사용할 수 있어 사무실, 교육, 가정, 여행, 작은 물건 보관, 종이, 연필, 문서, 티켓, 봉투, 공예품, 화장품, 편지, 브로셔, 카드 등에 적합합니다 사이즈: A6; 색상: 화이트, 투명; 사이즈: 23 x 12cm / 9 x 4.7- PVC 소재로 만들어져 방수, 내마모성, 견고하고 내구성이 뛰어나며 오래 사용할 수 있습니다 쉽게 정리할 수 있도록 색상으로 구분되어 있으며 다양한 물건을 효율적이고 정확하게 정리할 수 있도록 도와주며, 충분한 양의 팩은 일상적인 요구 사항을 충족시킬 수 있습니다 지퍼 백을 열고 정리해야 하는 물건을 가방에 넣은 다음 닫습니다",,"['지퍼', '백', '정리', '물건', '문서', '봉투', '일상', '사무실', '투명', '가정']"
사무용품,파일링 제품,봉투 파일,,B0BCKRCB4F,"YOKIVE 펠트 파일 폴더 2팩, A4 버튼 클로저 문서 가방 | 봉투 파일 보관 파우치, 사무실 문구류에 적합(레드)",YOKIVE,17991,17991,4.5,2.0,"√다용도 - 펠트 파일 폴더는 문서, 종이, 편지, 파일, 보고서, 브로셔, 봉투 및 사무실, 교육, 문구류, 가정, 비즈니스 등과 같은 다양한 행사를 정리하는 데 적합합니다 √제품 구성 - 패키지에는 전체 크기가 33 x 22.9cm(13 x 9인치)인 펠트 파일 폴더 2개가 포함되어 있습니다 √신뢰할 수 있는 소재 - 튼튼한 펠트 소재로 만들어져 가볍고 부드러우며 휴대가 간편하고 내구성이 뛰어납니다. 마모와 찢어짐에 강하며 쉽게 깨지지 않습니다 √특별한 디자인 - 간단한 스타일의 스냅 버튼 디자인으로 내용물을 양호한 상태로 유지하고 떨어지는 것을 방지합니다. A4 사이즈는 다양한 용도에 적합하며 휴대와 보관이 가능합니다 √참고 - 수동 측정으로 인해 약간의 오차가 있을 수 있습니다","다용도 - 펠트 파일 폴더는 문서, 종이, 편지, 파일, 보고서, 브로셔, 봉투 및 사무실, 교육, 문구류, 가정, 비즈니스 등과 같은 다양한 행사를 정리하는 데 적합합니다. 제품 구성 - 패키지에는 전체 크기 33 x 22.9cm(13 x 9인치) 크기의 펠트 파일 폴더 2개가 포함되어 있습니다. √신뢰할 수 있는 소재 - 튼튼한 펠트 소재로 만들어져 가볍고 부드러우며 휴대가 가능하며 내구성이 뛰어납니다. 마모와 찢어짐에 강하며 쉽게 깨지지 않습니다. √특별한 디자인 - 간단한 스타일의 스냅 버튼 디자인으로 내용물을 양호한 상태로 유지하고 떨어지는 것을 방지합니다. A4 사이즈는 다양한 용도에 적합하며 휴대와 보관이 가능합니다. √주의 사항 - 주문하기 전에 사이즈를 확인하십시오.","['파일', '펠트', '폴더', '휴대', '구성', '디자인', '사무실', '구류', '문서', '버튼']"
사무용품,파일링 제품,봉투 파일,,B0BK95SFK7,"YOKIVE 2팩 스트링 봉투 파일 폴더, 스트링 타이 클로저 종이 포켓 폴더 | 사무실용 레터 사이즈 지폐 파일 정리함(브라운, A5)",YOKIVE,10373,10373,,,"다용도 - 스트링 파일 폴더는 문서, 종이, 편지, 파일, 보고서, 봉투 및 사무실, 가정, 비즈니스, 교육, 문구류, 회의 등과 같은 다양한 행사를 정리하는 데 좋습니다 제품 구성 - 패키지에는 전체 크기 23.9 x 17.5cm(9.4 x 6.9인치) 크기의 스트링 봉투 파일 폴더 2팩이 함께 제공됩니다 √신뢰할 수 있는 소재 - 정교한 솜씨로 튼튼한 종이 소재로 만들어졌으며 고강도 및 경량, 휴대성 및 내구성, 찢어짐 방지 기능이 있으며 쉽게 깨지지 않습니다 √특별한 디자인 - 내용물을 양호한 상태로 유지하고 떨어지는 것을 방지할 수 있는 독특한 스타일의 스트링 클로저. 적합한 사이즈는 다양한 용도에 적합하며 휴대하고 보관할 수 있습니다 주의 사항 - 수동 측정으로 인해 약간의 허용 오차를 허용하십시오","다용도 - 스트링 파일 폴더는 문서, 종이, 편지, 파일, 보고서, 봉투 및 사무실, 가정, 비즈니스, 교육, 문구류, 회의 등과 같은 다양한 행사를 정리하는 데 적합합니다. 제품 구성 - 패키지에는 전체 크기 23.9 x 17.5cm(9.4 x 6.9인치) 크기의 스트링 봉투 파일 폴더 2팩이 함께 제공됩니다. √신뢰할 수 있는 소재 - 정교한 솜씨로 튼튼한 종이 소재로 만들어졌으며 고강도 및 경량, 휴대성 및 내구성, 찢어짐 방지 기능이 있으며 쉽게 깨지지 않습니다. √특별한 디자인 - 내용물을 양호한 상태로 유지하고 떨어지는 것을 방지할 수 있는 독특한 스타일의 스트링 클로저. 적합한 사이즈는 다양한 용도에 적합하며 휴대하고 보관할 수 있습니다. √주의 사항 - 주문하기 전에 사이즈를 확인하십시오.","['스트링', '파일', '폴더', '봉투', '종이', '휴대', '구성', '방지', '정리', '클로저']"
사무용품,파일링 제품,봉투 파일,,B0BCKRST8V,"YOKIVE 펠트 파일 폴더 2팩, A4 버튼 클로저 문서 가방 | 봉투 파일 보관 파우치, 사무실 문구류에 적합(스카이 블루, 그린)",YOKIVE,17991,17991,,,"√다용도 - 펠트 파일 폴더는 문서, 종이, 편지, 파일, 보고서, 브로셔, 봉투 및 사무실, 교육, 문구류, 가정, 비즈니스 등과 같은 다양한 행사를 정리하는 데 적합합니다 √제품 구성 - 패키지에는 전체 크기가 33 x 22.9cm(13 x 9인치)인 펠트 파일 폴더 2개가 포함되어 있습니다 √신뢰할 수 있는 소재 - 튼튼한 펠트 소재로 만들어져 가볍고 부드러우며 휴대가 간편하고 내구성이 뛰어납니다. 마모와 찢어짐에 강하며 쉽게 깨지지 않습니다 √특별한 디자인 - 간단한 스타일의 스냅 버튼 디자인으로 내용물을 양호한 상태로 유지하고 떨어지는 것을 방지합니다. A4 사이즈는 다양한 용도에 적합하며 휴대와 보관이 가능합니다 √참고 - 수동 측정으로 인해 약간의 오차가 있을 수 있습니다","다용도 - 펠트 파일 폴더는 문서, 종이, 편지, 파일, 보고서, 브로셔, 봉투 및 사무실, 교육, 문구류, 가정, 비즈니스 등과 같은 다양한 행사를 정리하는 데 적합합니다. 제품 구성 - 패키지에는 전체 크기 33 x 22.9cm(13 x 9인치) 크기의 펠트 파일 폴더 2개가 포함되어 있습니다. √신뢰할 수 있는 소재 - 튼튼한 펠트 소재로 만들어져 가볍고 부드러우며 휴대가 가능하며 내구성이 뛰어납니다. 마모와 찢어짐에 강하며 쉽게 깨지지 않습니다. √특별한 디자인 - 간단한 스타일의 스냅 버튼 디자인으로 내용물을 양호한 상태로 유지하고 떨어지는 것을 방지합니다. A4 사이즈는 다양한 용도에 적합하며 휴대와 보관이 가능합니다. √주의 사항 - 주문하기 전에 사이즈를 확인하십시오.","['파일', '펠트', '폴더', '휴대', '구성', '디자인', '사무실', '구류', '문서', '버튼']"
사무용품,파일링 제품,봉투 파일,,B0BK99Z5HG,"YOKIVE 파일 폴더 12팩, 투명 A4 파일 봉투 | 스냅 버튼이 있는 플라스틱 문서 포켓, 사무실에 적합(옐로우)",YOKIVE,19376,19376,,,"√다용도 - 파일 폴더를 사용하면 문서를 쉽게 정리하고 찾을 수 있으며 사무실, 교육, 가정, 여행에 적합하며 종이, 문서, 계약서, 보고서, 티켓, 봉투, 편지, 수표, 지폐 등을 보관할 수 있는 유용한 액세서리입니다 √제품 구성 - 패키지에는 전체 크기가 32.5 x 23.4cm(12.8 x 9.25인치)인 파일 폴더 12개가 포함되어 있습니다 √신뢰할 수 있는 소재 - 튼튼한 플라스틱 소재로 만들어졌으며 방수 기능이 있으며 세척이 쉽고 견고하고 내구성이 뛰어납니다. 마모와 먼지에 강하며 쉽게 깨지지 않습니다 √특별한 디자인 - 시스루 문서는 내용물을 볼 수 있도록 유지하고 폴더를 열지 않고도 문서를 쉽게 찾을 수 있으며 다양한 물건을 효율적으로 정리할 수 있도록 도와줍니다. 스냅 버튼 잠금 디자인으로 파일을 쉽게 휴대하고 보관할 수 있습니다 √참고 - 수동 측정으로 인해 약간의 오차가 있을 수 있습니다","다용도 - 파일 폴더를 사용하면 사무실, 교육, 가정, 여행에 적합한 문서를 쉽게 정리하고 찾을 수 있으며 종이, 문서, 계약서, 보고서, 티켓, 봉투, 편지, 수표, 지폐 등을 보관하기에 유용한 액세서리입니다. 제품 구성 - 패키지에는 전체 크기 32.5 x 23.4cm(12.8 x 9.2인치) 크기의 파일 폴더 12개가 포함되어 있습니다. √신뢰할 수 있는 소재 - 튼튼한 플라스틱 소재로 만들어졌으며 방수 기능이 있으며 세척이 쉽고 견고하고 내구성이 뛰어납니다. 마모 및 먼지에 강하며 쉽게 깨지지 않습니다. √특별한 디자인 - 시스루 문서는 내용물을 볼 수 있도록 유지하고 폴더를 열지 않고도 문서를 쉽게 찾을 수 있으며 다양한 물건을 효율적으로 정리할 수 있도록 도와줍니다. 스냅 버튼 잠금 디자인으로 파일을 쉽게 휴대하고 보관할 수 있습니다. √주의 사항 - 주문하기 전에 사이즈를 확인하십시오.","['문서', '파일', '폴더', '구성', '디자인', '정리', '스냅', '플라스틱', '사무실', '봉투']"
사무용품,파일링 제품,봉투 파일,,B002VL3S1O,"Office Depot 브랜드 폴리 스트링 봉투, 레터, 투명, 5개 팩",OfficeMax,15068,15068,5.0,1.0,Office Depot 스트링 봉투는 적극적으로 열 때까지 닫힌 상태를 유지하도록 설계된 안전한 문서 파일 및 보관 공간을 제공합니다. 이 봉투는 물건이 떨어지는 것을 방지하고 증가하는 문서를 수용할 수 있도록 확장되는 단일 구멍이 특징입니다. PVC 프리,Office Depot 스트링 봉투는 안전한 문서 파일 및 저장 공간을 제공하여 활발하게 열 때까지 닫힌 상태로 유지됩니다. 이 봉투는 물건이 떨어지는 것을 방지하고 증가하는 문서를 수용할 수 있도록 확장되는 단일 구멍이 특징입니다. PVC 프리,"['봉투', '문서', '스트링', '안전하다', '확장', '구멍', '단일', '물건', '방지', '상태']"
사무용품,파일링 제품,봉투 파일,,B0B87WKJGG,"16팩 22.9x30.5cm(9x12인치) 지퍼 달린 씰 플라스틱 봉투, 사무실 용품, 가정, 여행 보관용 폴리 파일 가방 문서",Anseal,22146,22146,5.0,1.0,"포장: 16팩, 24.9 x 32.3cm. 소재: 고품질 플라스틱 소재로 제작, 찢어짐 방지, 방수 및 내구성. 디자인: 지퍼 잠금으로 물건을 안전하게 정리하면서 쉽게 열고 닫을 수 있습니다. 투명: 지퍼가 달린 문서 포켓은 투명하며 문서를 한눈에 볼 수 있습니다. 용도: 사무실, 개인, 학교용으로 적합하며 모든 연령대에 적합합니다.",,"['문서', '지퍼', '사무실', '플라스틱', '한눈', '가정', '개인', '구성', '디자인', '물건']"
사무용품,파일링 제품,봉투 파일,,B008D0GYLS,"C-Line 재사용 가능한 폴리 봉투, 사이드 로딩, 레터 사이즈, 봉투 1개, 색상은 다를 수 있음 (58000)",C-Line,13545,13545,5.0,2.0,"벨크로 클로저가 있는 재사용 가능한 봉투는 중성지 보관 품질의 폴리프로필렌으로 제작되었습니다 29.9 x 21.4 cm 문서 보관용 측면 적재 블루, 아쿠아, 퍼플, 핑크, 스모크 및 클리어 등 다양한 색상 색상은 다를 수 있습니다","벨크로 클로저가 있는 C-라인 엑스트라 라지 재사용 가능한 봉투는 중성지 보관용 품질의 폴리프로필렌으로 제작되었습니다. 이 측면 로딩 봉투는 27.9 x 21.4 cm (11 x 8-1/다양한 색상은 블루, 아쿠아, 퍼플, 핑크, 스모크 및 투명을 포함합니다. 색상은 다를 수 있습니다.","['봉투', '재사용', '보관', '가능하다', '아쿠아', '폴리프로필렌', '퍼플', '블루', '스모크', '핑크']"
사무용품,파일링 제품,봉투 파일,,B0B1WQYBL1,"FYY 파일 폴더, 펠트 A4 문서 홀더 파일 오거나이저 파일 봉투 포트폴리오 케이스 태블릿 슬리브 버튼 클로저 및 손목 스트랩 포함 홈 스쿨 사무실 문구류용 다크 그레이",FYY,13836,13836,4.3,7.0,"펠트 소재: 파일 폴더는 고품질 펠트로 만들어져 부식, 찢어짐 및 마모에 강합니다. 문서, 지폐, 카드 및 영수증을 분실로부터 보호하고 정리된 상태를 유지합니다. (프라이버시를 안전하게 유지하면 볼 수 없습니다. 플라스틱과 달리, 측면 솔기에서 갈라지거나 소음을 내지 않습니다! 만질 때 매우 조용함) (1팩만 해당) 미니멀리즘: 이 파일 오거나이저의 특수 울 펠트 소재는 방수 및 습기 방지 기능이 있으며, 반투명 기술, 내구성 있는 스냅 클로저를 사용하여 착용감이 편안하며 쉽게 떨어지지 않습니다. 인쇄 및 첨가제 없음, 원료의 자연스러운 품질을 보여줍니다 A4 폴더: A4 파일 및 비슷한 크기의 항목을 위해 설계되었습니다. A4 용지를 담을 수 있을 만큼 크고 쉽게 꺼낼 수 있으며 작업 효율성을 향상시킬 수 있는 대용량. (보관 가방으로도 사용할 수 있습니다: 데이터 케이블/키/인증서/사무실 스탬프/아이패드/노트북/홈 디지털 액세서리, 혼란을 피하기 위해 현명하게 분류됩니다!) 봉투 모양 디자인: 스냅 버튼 클로저가 있는 A4 펠트 호일 포켓, 스테인리스 스틸 버튼은 깨지거나 바인더를 고정하지 않아 모든 용지가 떨어집니다 간편한 휴대: 가볍고 확장 가능한 등받이는 휴대가 간편합니다. 백팩, 서류 가방, 가방에 넣거나 손으로 휴대할 수 있습니다. 소매 디자인에는 스냅 버튼이 있습니다. 노트북, 태블릿, 휴대폰 등을 보관하고 보호하는 데에도 사용할 수 있습니다. 노트북, 태블릿, 휴대폰 등을 보관하고 보호하는 데에도 사용할 수 있습니다. 가정, 학교 및 사무실을 위한 훌륭한 정리함",,"['파일', '펠트', '버튼', '휴대', '보관', '폴더', '노트북', '태블릿', '클로저', '보호']"
사무용품,파일링 제품,봉투 파일,,B08SWLF813,"플라스틱 봉투 법적 사이즈, 스트링 타이 클로저, 투명 폴리 봉투 확장 가능한 플라스틱 폴더, 가정 작업 사무실용 문서 용지 파일 오거나이저, 24팩, 화이트",YoeeJob,31841,31841,4.5,74.0,"프리미엄 소재: 내구성이 뛰어난 PP로 제작, 찢어짐 방지 및 방수, 중요한 파일을 얼룩과 주름으로부터 보호합니다 법적 사이즈: 플라스틱 봉투는 36x26 cm(14x10 인치)로 시트, 잡지, 계약서, 영수증, 공책, 지폐, 펜 및 중요한 문서를 보관하기에 적합합니다 우수한 디자인: 반투명 파일 포켓은 내부의 물건을 한눈에 인식하는 데 도움이 됩니다. 스트링 클로저는 내부의 내용물에 더 안전하며 떨어지는 것을 방지합니다 대용량: 확장 가능한 거싯은 대용량을 위해 최대 2.5cm(1인치)까지 확장할 수 있으며 최대 200장의 종이 시트를 추가할 수 있습니다 사용 가능한 경우: 학교, 병원, 사무실, 도서관, 집, 여행의 모든 종이를 정리하기에 적합합니다",,"['확장', '플라스틱', '봉투', '파일', '가능하다', '종이', '클로저', '법적', '방지', '문서']"
사무용품,파일링 제품,봉투 파일,,B0CHWF8818,"플라스틱 파일 폴더 8개, 문서용 플라스틱 봉투, 스냅 클로저가 있는 A4 투명 플라스틱 폴더, 문서 파일 봉투 폴더 백, 홈 오피스 작업 문서 봉투 정리용",XhjzgcTech,9681,11066,4.0,1.0,"정교한 소재: 당사의 플라스틱 폴더는 고품질 PP 소재로 만들어졌으며 가장자리는 잘 밀봉되고 평평하며 찢어짐 방지, 내마모성, 쉽게 손상되지 않으며 특정 인성, 매끄러운 가장자리 및 내구성이 있습니다. 스냅 버튼 잠금: 문서용 플라스틱 폴더는 스냅 버튼 씰 클로저 디자인을 채택하여 내용물이 떨어지지 않으며 휴대가 간편하며 보호가 잘 되며 필요한 것을 빠르게 얻을 수 있어 시간을 효과적으로 절약할 수 있습니다. 보호 디자인: 스냅 클로저가 있는 플라스틱 폴더는 방수 및 방진, 주름 방지 및 긁힘 방지 기능이 있어 중요한 문서를 깔끔하고 깨끗하게 유지할 수 있으며 문서를 보관 및 운반하거나 문서 및 깨지기 쉬운 물건을 보호하는 데 매우 적합합니다. 멀티 시나리오 적용: 가정, 직장, 사무실, 여행 등에서 매일 사용하기에 적합하며 A4 크기의 문서, 종이, 지폐, 화장품, 사진, 보고서, 공예 및 기타 작은 물건을 보관할 수 있습니다. 패키지 포함: 8개의 플라스틱 파일 폴더, 4가지 색상: 블루, 레드, 옐로우, 그린, 각 색상당 2개, 크기는 A4이며 지저분한 종이와 파일을 정리하는 데 적합합니다. 수량은 매일 사용하기에 충분합니다.","투명 봉투 파우치의 장점은 무엇입니까? ✅ 문서용 플라스틱 폴더는 고품질 PP 소재로 만들어졌으며 가장자리는 잘 밀봉되고 찢어지지 않으며 가장자리가 매끄럽고 내구성이 뛰어납니다. ✅ 스냅 버튼 씰 디자인으로 내용물이 떨어지지 않고 휴대가 간편하며 보호 기능이 뛰어납니다. 플라스틱 포켓 폴더는 방수 및 방진 기능이 있어 문서가 긁히지 않도록 보호합니다. ✅ A4 사이즈 문서, 종이, 영수증, 화장품, 공예 및 기타 작은 물건을 보관하기에 적합합니다. 가정, 직장, 사무실, 여행 등에 매일 사용하기에 적합합니다. 특징: 소재: PP 색상: 블루, 레드, 옐로우, 그린 사이즈: A4 패키지 구성: 스냅 클로저가 있는 플라스틱 봉투 8개(각 색상당 2개) 판매 후 : 투명 플라스틱 봉투에 대해 궁금한 점이 있으시면 제때 저희에게 연락하시면 최대한 빨리 질문을 해결해 드리겠습니다. 유용한 팁: 치수는 수동으로 측정되므로 약간의 오차가 있을 수 있습니다. 모니터 색상 설정으로 인해 온라인 이미지와 색상이 약간 다를 수 있습니다. 실제 제품을 참조하십시오. 양해 부탁드립니다.","['문서', '플라스틱', '폴더', '봉투', '스냅', '보호', '파일', '클로저', '가장자리', '구성']"
사무용품,파일링 제품,봉투 파일,,B07MNL1WS7,"스트링 클로저가 있는 플라스틱 봉투, 투명 사이드 로딩 폴더, 리갈 사이즈, 종이, 사무실 정리함, 12팩, 블루",TIENO,19376,19376,4.6,535.0,"패키지 포함: 스트링 타이 클로저 봉투 12개, 효과적인 분류를 위한 싱글 탭. 법적 사이즈: 36x26cm(14x10인치), 모든 문서, 파일을 정리하고 보호합니다. 소재: 고품질 플라스틱으로 만들어졌으며 방수, 찢어짐 방지 및 깨끗하게 유지하기에 좋습니다. 투명한 색상으로 콘텐츠를 볼 수 있으며 필요한 파일을 정확하게 사용하고 가져갈 수 있습니다. 디자인: 확장 가능한 거싯은 대용량을 위해 최대 2.5cm(1인치)까지 확장할 수 있으며 최대 200장의 종이를 수용할 수 있습니다. 측면 로딩 스트링 타이 클로저는 중요한 문서를 보관하고 정리하기에 안전합니다. 용도: 사무실, 가정 또는 교실에서 사용하기에 좋습니다. 영수증, 사진 및 중요한 문서를 완벽하게 보관할 수 있습니다.","이 투명한 스트링 봉투는 편리한 트위스트 스트링 버클이 있는 고급 PVC 소재로 제작되었습니다. 학생, 교사 및 회사원이 중요한 문서와 메모를 정리하고 보관하는 데 인기가 있습니다. 특징: 유연성, 내마모성, 방수, 안전 및 실용성. 수량: 12팩 소재: 환경 보호 PVC 유형: 측면 개방 확장 가능 봉투 크기: 약 36x26cm(14x10인치) 용도: 학교, 비즈니스, 가족, 테스트, 논문 방어... 직원 혜택, 광고 프로모션, 무역 박람회, 결혼 계획, 비즈니스 선물, 사무실 보관 선물로 적합합니다.","['스트링', '문서', '봉투', '정리', '사무실', '확장', '중요하다', '클로저', '보관', '선물']"
사무용품,파일링 제품,봉투 파일,,B0B1ZSQGQQ,"Rovepic 48팩 플라스틱 봉투 파일 가방 A4 레터 사이즈 반투명 색상 프리미엄 품질 투명 문서 폴더, 스냅 클로저 포함, 학생 교사 학교 사무용품 23.9 x 32.9cm(9.2 x 12.9인치)",Generic,24916,24916,5.0,1.0,"【간편한 보관】 스냅 버튼이 있는 폴더는 휴대가 쉽고 소지품을 순서대로 보관할 수 있으며 잡화를 정리할 수 있도록 도와줍니다. 봉투 폴더는 학교, 가정, 직장, 사무실 및 출장에 사용할 수 있습니다. 미니 라벨 외부 포켓은 문서를 분류하고 식별하는 데 도움이 됩니다. 【프리미엄 소재】 투명 플라스틱 폴더는 고품질 플라스틱 소재로 만들어져 신뢰할 수 있고 재사용이 가능하며 방수 및 가볍고 쉽게 깨지거나 바래지 않습니다. 이 플라스틱 봉투 폴더는 오랫동안 사용할 수 있으며 물과 먼지로부터 물건을 보호할 수 있습니다. 【투명 색상】 플라스틱 봉투는 투명한 색상으로 디자인되어 간단하고 클래식하여 색상별로 문서를 효과적이고 빠르게 분류할 수 있으며 투명한 색상으로 문서를 볼 수 있어 투명 폴더를 열지 않고도 문서를 찾을 수 있습니다. 【스냅 버튼 디자인】 각 플라스틱 포켓 폴더는 스냅 버튼, 스냅 폴더 버튼 클로저로 디자인되어 내용물을 편리하게 열고 고정할 수 있습니다. 문서를 안전하고 안전하게 보관할 수 있습니다. 로프를 반복적으로 뒤틀릴 필요가 없으므로 폴더를 열고 닫는 시간과 노력을 절약할 수 있으며 문서 폴더는 종이 및 기타 작은 물건을 보관하기에 적합합니다. 【다양한 용도】 이 파일 폴더는 실용적이고 클래식한 도구로 문서, 지폐, 문구류, 티켓, 편지 등을 넣는 데 널리 사용할 수 있을 뿐만 아니라 플라스틱 포켓을 사용하여 회의 정보, 프로젝트 문서, 재무 제표, 펜, 눈금자, 고무와 같은 문구류, 여행 용품을 정리할 수 있습니다.","제품 특징: 대량 및 눈길을 끄는 색상: 6가지 색상(옐로우, 그린, 블루, 퍼플, 로즈 레드, 화이트)의 플라스틱 봉투 48팩, 주변 환경에 활력을 더하고, 다양한 보관 요구 사항을 충족하며, 다양한 재료를 분류하는 데 도움이 되며 짧은 시간 안에 필요한 것을 찾을 수 있습니다. 더 나은 보관, 정리 및 보호 제공: 이 플라스틱 폴더는 물건을 모으고 순서대로 보관하고, 지저분함을 줄이고, 편안한 느낌을 주며, 물, 긁힘, 마찰, 먼지 등으로부터 잘 보호하고, 말림, 손상, 얼룩, 손실 등으로부터 물건을 양호한 상태로 유지합니다. 학생 폴더는 약 23.4 x 32.8cm(9.2 x 12.9인치), A4 및 레터 사이즈 파일을 보관하기에 적합합니다. 정리 폴더를 사용하여 작은 물건을 보관하여 책상을 깨끗하게 만들 수도 있습니다. ✔데이터 저장: 메모, 문서 및 자료를 보관하는 데 사용할 수 있습니다. ✔문구 정리: 펜, 눈금자, 책 및 기타 학용품을 정리하는 데 사용할 수 있습니다. ✔여행 보관: 여권, 지도, 여행 재료 등을 보관하는 데 사용할 수 있습니다. 여행 중. ✔심플하고 세련됨: 풍부한 색상의 반투명 플라스틱 봉투. 클래식한 룩, 심플하고 스타일리시합니다. 쉽게 분류하고 검색할 수 있도록 다양한 주제를 추적하는 데 적합합니다. 사양: 수량: 6가지 색상 48개 세트 소재: 고품질 PP 플라스틱으로 제작 색상: 블루, 그린, 옐로우, 퍼플, 핑크, 투명 (각 색상 8개) 사이즈: 23.4 x 32.8 cm, 필요에 따라 다양한 물건을 보관할 수 있습니다. 참고: 1. 사진으로 인해 모니터에 따라 색상이 약간 다를 수 있습니다. 2. 사이즈는 수동으로 측정됩니다. 측정 도구와 방법이 다르기 때문에 1-2cm 오차가 있을 수 있습니다.","['폴더', '플라스틱', '보관', '문서', '정리', '물건', '봉투', '투명', '스냅', '분류']"
사무용품,파일링 제품,봉투 파일,,B00WKZL926,"Staples 폴리 봉투, 상단 개구부, 글자, 투명, 10/팩",STAPLES,15221,15221,4.5,48.0,10/팩으로 판매됩니다. 편리한 상단 입구가 있는 문서 봉투. 봉투 사이즈: 너비 27.9cm x 길이 21.6cm 버튼이 있는 스트링은 문서가 떨어지는 것을 방지합니다. 내구성이 뛰어나고 찢어짐 및 방수 기능이 있는 반투명 폴리 소재로 제작되었습니다. 팩당 봉투 10개. 스트링 앤 버튼 클로저가 특징입니다. 방수 파일 소재. 투명하고 플라스틱으로 제작되었습니다. 팩당 10개. 레터 사이즈 문서를 보관할 수 있습니다.,"이 스테이플 투명 상단 편지 사이즈 폴리 봉투로 정보 패킷을 준비하거나 서류를 보관하십시오. 중요한 문서를 이 폴리 봉투 안에 안전하게 보관하세요. 스트링 앤 버튼 클로저로 커버 플랩을 닫아 페이지가 미끄러지지 않으며, 투명한 구조로 내부에 보관된 내용물을 쉽게 볼 수 있습니다. 각 봉투는 서류 작업에 편리하게 접근할 수 있도록 상단 로딩 디자인이 특징입니다. 내구성이 뛰어난 폴리 구조로 된 이 스테이플 레터 사이즈 봉투는 종이를 먼지, 먼지 및 손상으로부터 보호합니다. 편리한 상단 오프닝이 있는 문서 봉투. 봉투 크기: 27.9cm W x 21.4cm L. 문서가 떨어지는 것을 방지합니다. 내구성이 뛰어나고 찢어짐 방지 및 방수 기능이 있는 반투명 폴리 소재로 제작되었습니다. 팩 당 10 봉투. Staples 폴리 봉투로 중요한 문서를 정리하세요. 레터 사이즈로 제공되는 이 폴리 봉투는 사무실에서 문서를 쉽게 보고 액세스 할 수 있도록 편리합니다. 한 팩당 10개의 봉투가 포함되어 있어 작업장에서 필요한 곳에 충분히 보관할 수 있습니다. 안전하고 사용하기 쉬운 스테이플 폴리 봉투에는 문서와 파일을 쉽게 찾을 수 있도록 상단 입구가 있습니다. 폴리 봉투는 문자 크기로 대부분의 문서에 맞습니다. 투명한 마감으로 저장된 물건을 쉽게 볼 수 있도록 투명하게 합니다. 각 봉투에는 파일을 쉽게 다루고 안전하게 보관할 수 있는 스트링과 버튼 클로저가 포함되어 있습니다. 튼튼하고 내구성이 뛰어난 소재로 제작된 이 봉투는 많이 사용해도 잘 견딥니다. 재사용 가능 및 고객 만족 이 스테이플 폴리 봉투는 재사용이 가능하여 매우 저렴합니다. 10개의 봉투 팩은 파일 저장 요구 사항을 오랫동안 실행할 수 있도록 합니다. 재사용이 가능하므로 비용을 절감할 수 있으며, 폴리 봉투는 100% 만족 보장으로 구매 품질에 추가 수준의 만족을 제공합니다.","['봉투', '폴리', '문서', '제작', '투명하다', '버튼', '파일', '스트링', '구성', '편리하다']"
사무용품,파일링 제품,봉투 파일,,B0CF4DHH8Z,100팩 플라스틱 봉투 A4 레터 사이즈 플라스틱 봉투 투명 문서 폴더 스냅 버튼 클로저 방수 봉투 폴더 학교 가정 직장 사무실 정리용,Voittozege,44029,44029,4.5,2.0,"100팩 봉투: 100개의 투명 봉투 파우치를 받게 되며, 일상적인 필요를 충족시키기 위해 파일을 정리할 수 있는 충분한 수량이 있습니다. 개인 물품을 잘 정리할 수 있습니다. 고품질 소재: 이 플라스틱 봉투 폴더는 견고하고 신뢰할 수 있는 고품질의 내구성 폴리프로필렌으로 만들어졌습니다. 쉽게 찢어지거나 부러지지 않으며 파일과 중요한 물건을 잘 보호할 수 있습니다. 투명한 디자인: 투명 플라스틱 봉투는 투명하여 내용물을 볼 수 있으며 봉투를 열지 않고도 파일을 쉽게 찾을 수 있습니다. 버튼 잠금 디자인: 스냅 버튼이 있는 봉투 파일 백은 편리하고 시간을 절약할 수 있습니다. 그리고 버튼은 플라스틱 소재로 만들어져 반복적으로 사용할 수 있으며 쉽게 착용할 수 없습니다. 다양한 용도: 당사의 투명 파일 백은 학교, 사무실, 출장, 가정, 직장, 회의 등에 널리 사용되며 파일, 카드, 지폐, 펜 또는 모든 종류의 공책과 같은 물건을 깔끔하게 정리할 수 있습니다.",,"['봉투', '파일', '플라스틱', '버튼', '정리', '투명', '폴더', '가정', '사무실', '학교']"
사무용품,파일링 제품,봉투 파일,,B0C7P42YQV,"플라스틱 봉투 폴리 봉투, 투명 문서 폴더 플라스틱 파일 폴더 미국 레터 A4 사이즈 파일 봉투, 클로저가 있는 방수 봉투 폴더 (라벨 포켓)",ViNUMEN,19376,19376,5.0,2.0,"패키지 포함: 스냅 클로저가 있는 18팩 A4 사이즈 투명 플라스틱 폴더. 사이즈 및 색상: 플라스틱 봉투는 33.3 x 23.6 cm / 13.1 x 9.3 인치입니다. 9가지 색상 제공: 투명 블루, 그린, 퍼플, 오렌지, 옐로우, 레드, 로즈, 그레이, 다양한 색상의 폴더는 다양한 유형의 파일을 정리하는 데 도움이 됩니다. 투명 파일 백: 투명하고 세련된 파일 폴더는 내용물을 볼 수 있으며 봉투를 열 필요가 없으며 문서를 쉽게 찾을 수 있습니다. 반투명 플라스틱 폴더, 다채롭고 방수, 재사용 가능. 클래식한 외관, 심플하고 스타일리시합니다. 다양한 주제를 추적하는 데 적합하며 분류와 검색이 쉽습니다. 제품 기능: 폴리 봉투는 청구서, 대학 문서, 정보를 보관하는 데 사용할 수 있을 뿐만 아니라 문구류, 여행 정보 등을 보관하는 데에도 사용할 수 있습니다. 간편한 보관: 당사의 비닐 봉투는 휴대가 간편하고 소지품을 정리하고 어수선함을 정리할 수 있으며 봉투 봉투는 학교, 가정, 직장, 사무실 여행 및 출장에 사용할 수 있습니다",여름이 왔습니다. Vinumen은 고품질 폴더를 제공합니다!,"['봉투', '폴더', '파일', '플라스틱', '투명', '문서', '보관', '정리', '클로저', '여행']"
사무용품,파일링 제품,봉투 파일,,B0CM3NXZ4N,"플라스틱 봉투 폴리 봉투, 문서용 플라스틱 폴더 투명 파일 폴더, 문서 홀더 플라스틱 봉투 스냅 클로저",etspolt,15221,15221,,,"패키지: 10개 세트, 봉투 폴더 크기는 32 x 23.1cm(12.6 x 9.1인치)로 A4 사이즈/표준 미국 레터 사이즈 용지에 적합합니다. 소재: 고품질 pp 소재로 만든 문서 폴더, 방수, 내마모성, 먼지, 주름, 긁힘, 마모, 손상 및 손실, 찢어짐 방지, 견고하고 재사용 및 내구성이 뛰어납니다. 간편한 보관: 스냅 클로저가 있는 플라스틱 봉투는 쉽고 편리하게 휴대하고 필요한 것을 가볍게 보관하고 중요한 문서를 운반하고 책상을 정리하고 지저분함을 줄입니다. 투명 플라스틱 봉투: 투명한 디자인의 투명 문서 파우치는 내용물을 볼 수 있도록 해주며, 문서를 빠르고 쉽게 찾을 수 있어 지저분한 종이를 분류할 수 있습니다. 다용도 플라스틱 폴더: 플라스틱 파우치는 학교, 가정, 사무실, 비즈니스 용품에 적합합니다. A4 플라스틱 파일 봉투는 문서, 신문, 영수증, 종이, 보고서, 청구서 공예 종이, 스티커 및 기타 작은 품목에 적합합니다.","사양: 제품 소재: 고품질 PP 플라스틱. 사이즈: 32 x 23.1 cm, US Letter/A4 사이즈 레터 및 기타 작은 물건을 담을 수 있습니다. 색상: 투명. 용량: 용지 200장 이상 플라스틱 봉투 10개. 특징: 봉투 가방은 학교, 집, 직장, 사무실 여행 및 출장에서 사용할 수 있습니다.","['플라스틱', '봉투', '문서', '폴더', '투명', '종이', '사무실', '파우치', '작다', '클로저']"
사무용품,파일링 제품,봉투 파일,,B01N59LRA1,"C-Line 재사용 가능한 폴리 봉투, 후크 앤 루프 클로저, 사이드 로딩, 레터 사이즈, 10개 팩, 다양한 색상 (58030)",C-Line,26716,15608,4.5,89.0,반투명 커버로 내용물을 외부에서 볼 수 있어 봉투를 쉽게 식별할 수 있습니다. 중성 폴리프로필렌으로 제작되었습니다. 후크 앤 루프 클로저. 21.6 x 27.9cm(8.5 x 측면 로딩.,"이 중성 폴리프로필렌 봉투에 중요한 기록을 믿으세요. 내용물을 명확하게 볼 수 있어 빠르게 참조할 수 있습니다. 문서 보관 및 부서 간 사용에 적합합니다. 후크 앤 루프 클로저로 21.6 x 27.9cm(8.5 x 11인치) 문서를 제자리에 고정합니다. 반복해서 사용할 수 있을 만큼 내구성이 뛰어나 매우 비용 효율적입니다. 이 제품은 구매 시 재료, 제조 또는 포장에 결함이 있는 경우 동일한 가치 중 하나로 즐겁게 교체됩니다. 이러한 교체를 제외하고 이 제품은 과실 또는 기타 결함으로 인한 결함, 손상 또는 손실이 발생하더라도 보증이나 책임 없이 판매됩니다.","['후크', '결함', '봉투', '클로저', '루프', '중성', '폴리프로필렌', '내용물', '문서', '반복']"
사무용품,파일링 제품,봉투 파일,,B096K9GWJZ,"후크 및 루프 클로저가 있는 플라스틱 봉투, 투명 폴리 봉투 폴더 12.7x17.8cm(5x7인치) 쿠폰 지폐 영수증 Ougs 20팩",YoeeJob,15221,15221,4.9,55.0,"치수: 폴리 봉투는 7.5 x 5.5인치 / 19 x 14cm로 영수증, 쿠폰, 송장, 돈, 수표, 지폐, 문구류, 펜 및 일부 작은 물건을 보관하기에 좋습니다 소재: 투명 PP 소재로 제작되어 내구성이 뛰어나고 재사용이 가능하며 방수 기능이 있습니다. 선명한 디스플레이를 위한 투명 소재 디자인: 후크 앤 루프 클로저는 열고 닫을 때 편리하며, 물건을 안전하게 보관할 수 있습니다 용도: 가정, 학교, 사무실, 회의 및 여행에 적합한 영수증 파우치는 가볍고 휴대가 간편하여 작업 효율이 높습니다 포장: 팩 당 20개 후크 앤 루프 클로저 봉투",,"['봉투', '영수증', '클로저', '후크', '루프', '투명', '폴리', '쿠폰', '물건', '지폐']"
사무용품,파일링 제품,봉투 파일,,B0CT2GSF7J,스냅 클로저가 있는 A4 레터 사이즈 플라스틱 봉투 4팩 - 테스트 품목 및 문구류 보관을 위한 내구성 있는 파일 폴더,kumet,8296,8296,4.4,3.0,"사용자 친화적인 스냅 클로저: 각 세트에는 4개의 플라스틱 봉투가 포함되어 있으며, 모두 스냅 클로저가 장착되어 있어 쉽게 열고 닫을 수 있습니다. 다용도 파일 백: 학습 자료, 사무실 문서, 문구류, 여행 필수품 등을 정리하는 데 이상적이며 다양한 보관 솔루션을 제공합니다. 매력적인 외관: 진정 치유 구름 패턴으로 장식된 이 봉투는 깨끗하고 고요한 미학을 제공합니다. 내구성이 뛰어난 문서 구조: 프리미엄 PVC 플라스틱으로 제작된 이 봉투는 두껍고 내마모성이 있으며 방수 기능이 있어 오래 지속되는 보호 및 재사용이 가능합니다. 세척이 쉬운 이 봉투는 수명이 길고 효율적인 보관 옵션을 제공하여 빠르고 쉽게 물건을 꺼낼 수 있습니다. 창의적이고 실용적: 한 팩에 4개의 미학적으로 즐거운 플라스틱 봉투를 사용하면 정리된 느낌을 받을 뿐만 아니라 효율적인 문서 분류를 용이하게 하여 편리한 분류와 필요한 문서를 쉽게 검색할 수 있어 시간을 절약할 수 있습니다.",,"['봉투', '플라스틱', '문서', '스냅', '클로저', '보관', '구류', '구성', '분류', '정리']"
사무용품,파일링 제품,봉투 파일,,B01M0EWSGA,인쇄된 컬러 탑 디테일 딜 재킷 (팩당 100개) - 차량 딜러 봉투 (블랙),Donkey Auto Products,50552,50552,4.4,63.0,22.9 x 30.5 cm 흰색 바탕에 검은색 인쇄 가장 인기 있는 거래 봉투 / 거래 재킷 32# 크래프트 화이트 스톡 한 팩당 100개의 거래 재킷 (팩당 한 가지 색상),이 블랙 프린트 컬러 탑 디테일 딜 재킷은 가장 인기 있는 딜 봉투의 최신 버전입니다. 22.9 x 30.5 cm. 32# 크래프트 화이트 재고. 팩 당 수축 포장.,"['재킷', '거래', '봉투', '디테일', '블랙', '인기', '화이트', '인쇄', '컬러', '크래프트']"
사무용품,파일링 제품,봉투 파일,,B0BMXC6TPY,"YOKIVE 10팩 지퍼 파일 백, A6 파일 봉투 플라스틱 문서 정리함 지퍼 폴더, 사무실에 적합(투명 그린)",YOKIVE,11066,11066,,,"다용도 - 지퍼 파일 백은 문서를 쉽게 정리하고 찾을 수 있으며 사무실, 교육, 가정, 여행에 적합하며 종이, 문서, 계약서, 보고서, 티켓, 봉투, 편지, 수표, 청구서 등을 보관하기에 유용한 액세서리입니다 제품 구성 - 패키지에는 전체 크기 23.6 x 12.7cm(9.3 x 5인치) 크기의 지퍼 파일 백 10팩이 함께 제공됩니다 √신뢰할 수 있는 소재 - 튼튼한 플라스틱 소재로 만들어졌으며 방수, 세척이 쉽고 견고하고 내구성이 뛰어납니다. 마모 및 먼지에 강하며 쉽게 깨지지 않습니다 √특별한 디자인 - 투명한 문서 폴더는 내용을 볼 수 있도록 유지하고 폴더를 열지 않고도 문서를 쉽게 찾을 수 있으며 다양한 항목을 효율적으로 정리할 수 있도록 도와줍니다. 지퍼 잠금 디자인으로 파일을 쉽게 휴대하고 보관할 수 있습니다 주의 사항 - 수동 측정으로 인해 약간의 허용 오차를 허용하십시오","다용도 - 지퍼 파일 백은 문서를 쉽게 정리하고 찾을 수 있으며 사무실, 교육, 가정, 여행에 적합하며 종이, 문서, 계약서, 보고서, 티켓, 봉투, 편지, 수표, 청구서, 공예품, 연필, 카드 등을 보관하는 데 유용한 액세서리입니다. 제품 구성 - 패키지에는 전체 크기 23.6 x 12.7cm(9.3 x 5인치) 크기의 지퍼 파일 백 10팩이 함께 제공됩니다. √신뢰할 수 있는 소재 - 튼튼한 플라스틱 소재로 만들어졌으며 방수, 세척이 쉽고 견고하고 내구성이 뛰어납니다. 마모와 먼지에 강하며 쉽게 깨지지 않습니다. √특별한 디자인 - 투명한 문서 폴더는 내용을 볼 수 있도록 하고 폴더를 열지 않고도 문서를 쉽게 찾을 수 있으며 다양한 항목을 효율적으로 정리할 수 있도록 도와줍니다. 지퍼 잠금 디자인으로 파일을 쉽게 휴대하고 보관할 수 있습니다. √주의 사항 - 주문하기 전에 사이즈를 확인하십시오.","['문서', '지퍼', '파일', '폴더', '정리', '백', '구성', '디자인', '플라스틱', '사무실']"
사무용품,파일링 제품,봉투 파일,,B0BLZ27TX1,"YOKIVE 20팩 지퍼 파일 백, A4 투명 파일 봉투 플라스틱 문서 정리함 지퍼 폴더, 사무실에 적합(그린)",YOKIVE,21453,21453,,,"다용도 - 지퍼 파일 백은 사무실, 교육, 가정, 여행, 비즈니스에 적합하며 종이, 문서, 계약서, 보고서, 티켓, 봉투, 편지, 수표, 지폐 등을 보관하기에 유용한 액세서리입니다 √제품 구성 - 패키지에는 전체 크기 33 x 23.6cm(13 x 9.3인치) 크기의 지퍼 파일 백 20개가 포함되어 있습니다 √신뢰할 수 있는 소재 - 튼튼한 플라스틱 소재로 만들어졌으며 방수 기능이 있으며 세척이 쉽고 견고하고 내구성이 뛰어납니다. 마모와 먼지에 강하며 쉽게 깨지지 않습니다 √특별한 디자인 - 투명한 문서 폴더는 내용물을 볼 수 있도록 유지하고 폴더를 열지 않고도 문서를 쉽게 찾을 수 있으며 다양한 물건을 효율적으로 정리할 수 있도록 도와줍니다. 지퍼 잠금 디자인으로 파일을 쉽게 휴대하고 보관할 수 있습니다 √참고 - 수동 측정으로 인해 약간의 오차가 있을 수 있습니다","다용도 - 지퍼 파일 백은 문서를 쉽게 정리하고 찾을 수 있으며 사무실, 교육, 가정, 여행에 적합하며 종이, 문서, 계약서, 보고서, 티켓, 봉투, 편지, 수표, 지폐, 공예품, 연필, 카드 등을 보관하기에 유용한 액세서리입니다. 제품 구성 - 패키지에는 전체 크기 33 x 23.6cm(13 x 9.3인치) 크기의 지퍼 파일 백 20개가 포함되어 있습니다. √신뢰할 수 있는 소재 - 튼튼한 플라스틱 소재로 만들어졌으며 방수 기능이 있으며 세척이 쉽고 견고하고 내구성이 뛰어납니다. 마모 및 먼지에 강하며 쉽게 깨지지 않습니다. √특별한 디자인 - 투명한 문서 폴더는 내용물을 볼 수 있도록 유지하고 폴더를 열지 않고도 문서를 쉽게 찾을 수 있으며 다양한 물건을 효율적으로 정리할 수 있도록 도와줍니다. 지퍼 잠금 디자인으로 파일을 쉽게 휴대하고 보관할 수 있습니다. √주의 사항 - 주문하기 전에 사이즈를 확인하십시오.","['지퍼', '파일', '문서', '폴더', '백', '구성', '디자인', '정리', '플라스틱', '사무실']"
사무용품,파일링 제품,봉투 파일,,B09VTNPTN5,5팩 투명 플라스틱 지퍼 봉투 24.8 x 33cm(9 3/4 x 13인치) 레터 파일 문서 종이 폴더 케이스,Lcdspocen,15221,15221,4.8,5.0,"치수: 9.84 x 13 x 1.18 인치 (25 x 33 x 3cm), 이 봉투는 8-1/2 x 11 인치 종이를 담을 수 있습니다. 폴더는 프리미엄 플라스틱으로 만들어졌으며 찢어짐 방지, 내구성 및 방수 기능이 특징입니다. 간편한 슬라이드 지퍼로 파일 용지를 안전하게 보관할 수 있으며, 5가지 색상의 지퍼로 더 나은 구성을 제공합니다 거싯은 3cm(1.2인치) 확장되어 최대 300장의 추가 용량을 제공합니다. 사무실 문서, 설명서, 워크시트, 영수증, 서류, 중요한 파일 등에 적합합니다. 반투명 보관 품질의 폴더 케이스는 가시성과 문서 보호 기능을 제공합니다.","지퍼 클로저가 있는 다양한 색상의 반투명 폴리 폴더 봉투 지퍼가 달린 제품은 정리가 쉽고 빠르게 정리하며 정보에 더 쉽게 접근할 수 있습니다. 투명하고 튼튼한 플라스틱 봉투는 내용물을 쉽게 꺼낼 수 있으며 최대 3cm(1.2인치)까지 확장되어 많은 양의 문서 용지를 최대 300장까지 담을 수 있습니다. 오래 사용할 수 있도록 제작된 견고하고 매끄러운 촉감의 지퍼 파우치는 최상의 성능을 발휘할 준비가 되어 있습니다. 가정, 사무실, 여행 또는 학교를 위한 훌륭한 보관 솔루션입니다. 사양: 소재: PP 수량: 5팩 사이즈: 9.84 x 13 x 1.18인치 (25 x 33 x 3cm) 다양한 색상의 지퍼: 화이트/블루/옐로우/블루/레드 색상: 반투명 용량: 3cm(1.2인치) 확장, 최대 300장 오프닝: 상단 로딩. 방수/찢어짐 방지/선명한 시야. 질문이 있으시면 저희에게 연락해 주십시오. 최선을 다해 서비스를 제공하겠습니다","['지퍼', '봉투', '폴더', '문서', '플라스틱', '파일', '확장', '반투명', '방지', '케이스']"
사무용품,파일링 제품,봉투 파일,,B0CDJTJ3VC,"수제 Lokta 종이 봉투 스트링 타이 버튼 클로저 포켓 폴더 문서 슬리브, 초대장, 파티, 11.4 x 16.5cm, 10팩 네팔산 (내추럴)",Kathmandu Valley Co.,23475,23475,5.0,2.0,"문서를 스타일리시하게 보관하세요. 두꺼운 수제 록타 종이로 만든 C6 봉투 11.4 x 16.5cm(4.5 x 6.5인치) 문서 포켓 폴더 나무가 없는 록타 종이로 만든 장식용 파일 폴더 카드, 초대장, 지폐, 현금, 보물 등을 보관하기에 완벽한 크기입니다. 내구성이 뛰어난 록타 종이는 네팔 히말라야에서 자란 록타 덤불에서 나옵니다. Lokta 펄프는 박스 스크린 위에 손으로 펴서 건조되도록 설정되어 세계에서 가장 독특한 종이를 만듭니다. 네팔에서 1,000년 된 제지 전통을 지지해 주셔서 감사합니다.",,"['종이', '록타', '폴더', '문서', '수제', '포켓', '봉투', '네팔', '보관', '초대장']"
사무용품,파일링 제품,봉투 파일,,B0BJW2WSGG,"12피스 A4 파일 백 PVC 파우치 사무실 파일 홀더, 폴리 봉투, 투명 문서 파일 봉투 폴더, 라벨 포켓 포함, 사무실 가정 학교 용품, 비즈니스 영수증용 (6가지 색상)",BiSiViO,11066,11066,5.0,3.0,"【프리미엄 품질 소재】내구성이 뛰어난 PP 소재 플라스틱 봉투 폴더, 방수, 견고하고 내구성이 뛰어나며 종이를 손상으로부터 잘 보호합니다. 봉투 폴더 크기는 33.7 x 23.5cm(13.2 x 9.25인치)로 A4 사이즈 용지 및 기타 작은 물품 보관에 적합합니다. 【투명 문서 파우치】시스루 매끄러운 문서 폴더는 내용물을 볼 수 있으며 봉투를 열지 않고도 문서를 쉽게 찾을 수 있습니다. 【스냅 버튼 디자인】스냅 버튼이 있는 투명 문서 가방은 단단히 닫히고 쉽게 열 수 있습니다. 물건을 안전하게 보관하고 쉽게 떨어지지 않습니다. 【라벨 포켓】플라스틱 봉투에는 문서를 쉽게 구별할 수 있는 라벨을 위한 포켓이 있습니다. 【간편한 보관】12개의 플라스틱 파우치는 물건을 정리하고 어수선함을 정리할 수 있도록 휴대할 수 있습니다. 봉투 가방은 학교, 집, 직장, 사무실 여행 및 출장에 사용할 수 있습니다.",,"['봉투', '문서', '폴더', '보관', '사무실', '플라스틱', '포켓', '파일', '파우치', '투명']"
사무용품,파일링 제품,봉투 파일,,B07S39G6SN,내구성이 뛰어난 A4 파일 폴더 문서 홀더 포트폴리오 봉투 펠트 폴더 케이스 스냅 클로저 2 베이지와 브라운,enyuwlcm,13836,13836,3.9,89.0,"STYLISH AND PORTABLE DESIGN: This fabric file folder surface made by Imitation linen cloth and interior wool felt which is light weight and easy to take in hand or in your backpack. Simple color matching with envelope folder has a sleek fashion design style that's a great decorative compliment in your office or home. It seems simple but elegant and professional. LONG TIME LASTING: The file surface has no deformation, no fading, non-sticky, wear-resistant and using durable metal snap button closure design can be stored or access easily without being folded and meanwhile it protects your documents well. It will with you for long time. 2 PACKS SIMPLE & PRACTICAL FOLDERS: Packed 2 filing envelopes help to arrange file well organized and protect your documents from tearing, and other damage. File folder with secure closure is suitable for safe transport & storage of files and projects. DIMENSION: This expanding file folder felt size: 13*9.05inches (33*23cm) suitable for A4 paper, letter size file. 100% RISK FREE PURCHASE: If you are not satisfied with our felt portfolio we are very happy to either provide Refund or Replacement. If any damage occurs during transportation we are ready to offer refund without return.","High quality/This envelope style folder use environmental-friendly and premium thick fabric and made by fine thread sewing.  It pays attention to every detail and has a nice and comfortable touch./Widely Usage/The folder is suitable for commercial occasions, office documents stored, household documents stored, Job interview, school and so on.  This thin folder is good for using during travel and meeting also for daily using.  This beautiful and unique file folder is practical so it is a great gift for friends, teachers, colleagues, customers or partner./Package/Unit is sold as 2pack filing envelopes and other items (pictured) are not included./Worry-free Warranty:/Because of long transportation if occur some damage or facing defect please contact with us freely and we guarantee money back or other solutions which you prefer.","['폴더', '홀더', '포트폴리오', '펠트', '파일', '클로저', '케이스', '스냅', '브라운', '봉투']"
사무용품,파일링 제품,봉투 파일,,B0848NC9VT,네거티브 보존 봉투 | 36.5 x 43.2cm(14-½ x 17-½인치) | 500개 박스 | 튼튼한 사전 인쇄 엑스레이 재킷 | 오프셋 엄지 컷 | 방사선과 및 의료 사무실에 이상적,The File King,263136,263136,4.7,68.0,"선반을 보관하세요 - 이 운반 가능한 36.8 x 44.1cm(14.5 x 17.5인치) 봉투 500개 박스는 중요한 방사선 기록 홀더를 항상 사용할 수 있도록 도와줍니다 안전하고 안전한 재킷 - X-레이 필름의 운반은 중요한 치과 및 의료 기록 개인 정보를 안전하게 보관하고 보호하는 데 필수적입니다 튼튼함 - 이 폴더는 튼튼하고 양면에 미리 인쇄되어 있어 엑스레이 이미지와 관련된 모든 작업을 파일링할 때 쉽게 찾을 수 있습니다 오프셋 엄지 컷 - 봉투에 1.9cm(3/4인치) 확장이 포함되어 있어 보관 및 회수가 더 쉬워지기 때문에 의사, 치과 의사 및 방사선 전문의의 시간과 노력을 절약할 수 있습니다 미국에서 제작 - 모든 File King 가정 및 사무실 제품은 전 세계를 염두에 두고 미국 근로자가 미국 나무로 만든 폴더를 사용할 때이기 때문에 20% 재활용 재료를 포함하는 100% 미국에서 제작되었습니다",,"['미국', '보관', '방사선', '튼튼하다', '봉투', '안전하다', '사무실', '박스', '의사', '오프셋']"
사무용품,파일링 제품,봉투 파일,,B07CP2G6ZT,"1InTheOffice 투명 플라스틱 폴더 레터 사이즈, 폴리 파일 폴더 3 탭, (6팩)",1InTheOffice,11343,11343,4.5,96.0,"이 폴더는 투명 플라스틱으로 만들어졌으며 레터 크기의 문서를 위해 설계되었습니다. L 스타일 디자인으로 종이를 쉽게 넣고 뺄 수 있으며 안전하게 보관할 수 있습니다. 이 투명 플라스틱 폴더는 20C(0.2mm) 두께, 초음파 용접 및 스티칭으로 내구성을 더했습니다. 습기 방지 및 방진 기능이 있어 문서를 정리하기에 적합합니다. 높은 투명도를 위한 투명 파일 폴더 기반으로, 표면에 김 서림 방지 효과가 특별히 장착되어 있어 눈의 반사 손상을 줄이고 파일의 내용을 명확하게 볼 수 있습니다. 가방에 넣어 휴대할 수 있습니다. 가볍고 훌륭한 솜씨로 문서를 보호할 수 있습니다. 종이 문서에 투명한 포켓 파일을 제공하면 실수로 종이 문서, 잉크, 커피 흘림, 먼지 등에 쓸 수 있는 큰 장점이 있습니다.","클로저 봉투 6개 팩. 내용물을 볼 수 있는 반투명 폴더. 문서가 떨어지는 것을 방지하기 위해 양면이 밀봉되어 있습니다. 폴리프로필렌은 마모, 찢어짐 및 습기 방지 기능이 있습니다. 튼튼하고 큰 이 측면 로딩 봉투는 튼튼한 거싯을 자랑합니다. 무산성 아카이브 품질의 봉투는 중요한 문서를 장기간 보관하기에 적합합니다. 튼튼한 폴리프로필렌은 찢어짐을 방지하고 습기를 막아줍니다. 내구성이 뛰어난 폴더로 모든 것을 그대로 유지하면서 어디에서나 휴대할 수 있습니다. 더 이상 종이를 느슨하게 하지 않아도 됩니다. 내용물을 편리하게 열고 닫을 수 있는 강력한 잠금 장치.","['폴더', '문서', '방지', '투명', '종이', '파일', '봉투', '튼튼하다', '플라스틱', '습기']"
사무용품,파일링 제품,봉투 파일,,B0BK77G81G,"플라스틱 봉투, [8개] A5 레터 사이즈 파일 폴더 오거나이저 폴리 지퍼 봉투, 학교 및 사무용품용 지퍼가 달린 반투명 확장 문서 보관 지갑 파우치, 투명",CiCiKiea,20761,20761,4.2,21.0,"[제품 사이즈] 24 x 18cm(9.4 x 7.1인치) 크기의 확장 폴리 지퍼 봉투는 A5 시트, 영수증, 쿠폰, 송장, 현금, 수표, 지폐 및 기타 작은 물건을 보관하기에 적합합니다. 하단은 대용량을 위해 최대 3cm(1.2인치)까지 연장할 수 있으며 최대 200장의 종이를 수용할 수 있습니다. 확장 가능한 디자인으로 이 파일 폴더를 테이블 위에 세울 수 있습니다 [고품질 소재] 당사의 A5 플라스틱 봉투는 우수한 품질의 PP 소재로 만들어져 방수, 찢어짐 방지 및 내구성이 뛰어나며 오랫동안 사용할 수 있으며 쉽게 깨지지 않습니다 [지퍼 파우치 디자인] 파일 폴더는 부드럽고 튼튼한 지퍼 클로저로 제작되어 열고 닫을 때 편리하며 물건을 안전하게 보관할 수 있습니다. 지퍼 탭에 링이 있어 벽에 걸거나 휴대하기 쉬운 리프트 링 역할을 할 수 있습니다. 금속 끝은 지퍼 탭이 떨어지는 것을 방지합니다 [다양한 용도] 이 문서 지갑 파우치 세트는 일상 생활에 매우 유용합니다. 어린이, 학생, 사무실 근로자 및 기타 전문가에게 적합합니다. 휴대해야 하는 다양한 종류의 물건을 보관하는 데 사용할 수 있습니다. 학교, 사무실 및 여행에 적합합니다 [패키지 구성] 패키지에는 반투명하고 내부에 무엇을 보관하는지 쉽게 볼 수 있는 확장 플라스틱 봉투 8개가 포함되어 있습니다. 다양한 보관 요구 사항을 충족하고 문서를 정리하고 보호 기능을 제공합니다",,"['지퍼', '보관', '봉투', '확장', '플라스틱', '폴더', '파일', '파우치', '물건', '문서']"
사무용품,파일링 제품,봉투 파일,,B0CGQWPHN1,"5피스 스트링 파일 폴더 파일링 봉투 프로젝트 문서 레터 오거나이저, 크래프트 종이 두꺼운 문서 가방, A4 레터 사이즈",,15221,15221,,,"신상품 및 고품질: 이 스레드 버클 파일링 봉투는 고품질 크래프트 종이로 만들어져 내구성과 수명을 보장합니다. 편리한 사이즈: 봉투는 33 x 24cm 크기의 A4 사이즈 문서에 맞게 설계되어 중요한 종이를 정리하고 보관하기에 적합합니다. 간편한 사용: 스레드 버클 클로저로 문서를 안전하게 보관하고 쉽게 접근할 수 있으며, 가벼운 디자인으로 휴대와 운반이 쉽습니다. 다용도: 이 봉투는 서류 정리, 사진 보관 또는 여행 중에 중요한 문서를 안전하게 보관하는 등 다양한 용도로 사용할 수 있습니다. 밸류 팩: 이 팩에는 5개의 스레드 버클 파일링 봉투가 포함되어 있어 가성비가 뛰어나고 필요할 때 항상 충분한 봉투를 가지고 있습니다.","신상품 및 고품질/항목: 스레드 버클 파일링 봉투/소재: 크라프트지/사이즈: 33*24cm(A4)/수량: 5개/특징:/1. 프리미엄 품질: 이 스레드 버클 파일링 봉투는 고품질 크래프트 종이로 만들어져 내구성과 수명을 보장합니다./2. 편리한 사이즈: 봉투는 33 x 24cm 크기의 A4 사이즈 문서에 맞게 설계되어 중요한 종이를 정리하고 보관하기에 적합합니다./3. 간편한 사용: 스레드 버클 클로저로 문서를 안전하게 보관하고 쉽게 접근할 수 있으며, 가벼운 디자인으로 휴대와 운반이 쉽습니다./4. 다용도: 이 봉투는 서류 정리, 사진 보관 또는 여행 중에 중요한 문서를 안전하게 보관하는 등 다양한 용도로 사용할 수 있습니다./5. 밸류 팩: 이 팩에는 5개의 스레드 버클 파일링 봉투가 포함되어 있어 가성비가 뛰어나고 필요할 때 항상 충분한 봉투를 가지고 있습니다./패키지 포함: 5 x 봉투 가방/참고:/1. 조명과 모니터 효과로 인해 색상이 약간 다를 수 있습니다./2. 수동 측정으로 인해 약간의 사이즈 오차가 있을 수 있습니다. 이해해 주셔서 감사합니다!","['봉투', '문서', '보관', '스레드', '버클', '파일', '종이', '안전하다', '정리', '중요하다']"
사무용품,파일링 제품,봉투 파일,,B0C8HFVJ48,스트링 크래프트 종이 포트폴리오 플라스틱 문서 홀더 A4 봉투 사무실 폴더 봉투 포켓 크래프트 파일 홀더 이력서 보관 A4 크래프트 종이 봉투 스트링 타이 봉투 10개,HAPINARY,18960,18960,,,"크래프트 파일 홀더: 이 파일 봉투는 가정, 사무실, 학교 및 비즈니스에 적합하며 작업을 더 편안하게 만듭니다. 크래프트 스트링 파일 폴더: 파일 봉투는 저장 공간을 절약할 뿐만 아니라 파일을 찾는 시간을 절약하고 잡고 사용하기 쉽습니다. 지퍼가 달린 플라스틱 봉투: 문서가 떨어지는 것을 방지하는 스트링 타이 클로저로 안심하고 휴대할 수 있습니다. 크래프트 봉투: 이 파일 포켓을 사용하여 청구서, 송장 등을 보관할 수 있으며, 업무 처리를 준비할 때 파일 폴더를 쉽게 보관할 수 있습니다. 저장 재개: a4 파일 봉투는 매일 중요한 문서를 보관하고 보관합니다",,"['봉투', '파일', '크래프트', '스트링', '홀더', '폴더', '문서', '보관', '저장', '종이']"
사무용품,파일링 제품,파일 재킷 및 파일 포켓,,B072WZQ8WD,"Amazon Basics 파일 폴더 재킷, 강화된 스트레이트 컷 탭, 5.1cm(2인치) 확장, 50팩, 레터 사이즈, 마닐라",Amazon Basics,39237,39237,4.8,3409.0,레터 사이즈 마닐라 파일 재킷 50팩 필요할 때 추가 수납 공간을 위해 최대 5.1cm(2인치)까지 확장됩니다 문서 보안을 위해 3면이 닫힙니다 전체 높이 측면은 소재가 미끄러지는 것을 방지합니다 오래 지속되는 강도를 위한 강화된 스트레이트 컷 탭 10% 재활용 내용물과 10% 소비자 사용 후 소재로 제작되었습니다,"Amazon Basics 파일 폴더 재킷, 강화된 스트레이트 컷 탭, 5.1cm(2인치) 확장, 레터 사이즈, 마닐라, 50팩 - AMZ601/Amazon Basics","['확장', '스트레이트', '마닐라', '재킷', '강화', '파일', '탭', '폴더', '보안', '공간']"
사무용품,파일링 제품,파일 재킷 및 파일 포켓,,B07HDX5WCK,"Blue Summit Supplies 5.1cm(2인치) 파일 재킷, 강화된 스트레이트 컷 탭, 튼튼한 5.1cm(2인치) 확장 포켓, 레터 사이즈, 다양한 색상, 25팩",Blue Summit Supplies,29071,27686,4.4,2011.0,"크고 부피가 큰 파일, 의료 차트, 제품 설명서 등을 5.1cm(2인치) 확장 파일 폴더에 쉽게 넣을 수 있습니다 파일을 이동할 때 떨어지지 않는 수년 간의 파일을 저장하는 측면이 있는 5.1cm(2인치) 확장으로 100개 이상의 파일을 한 곳에 편리하게 저장할 수 있습니다. 영수증 보관, 세금 신고, 사무실 파일 보관 등에 적합합니다 5.1cm(2인치) 확장과 견고한 구조로 인해 한 카테고리의 많은 편지 크기 파일 또는 부피가 큰 파일을 하나의 파일 폴더에 정리하세요 다양한 색상은 모든 색상 코드 파일링 시스템에 편리합니다. 파일 캐비닛에 쉽게 삽입하고 탭에 라벨을 추가하여 한 눈에 식별할 수 있습니다 스트레이트 컷 강화 탭은 표준 탭 라벨에 적합하며 두꺼운 11PT 강화 용지는 가정, 사무실 또는 학교 환경에서 반복적으로 사용할 수 있습니다",,"['파일', '확장', '탭', '강화', '폴더', '스트레이트', '편리하다', '라벨', '저장', '보관']"
사무용품,파일링 제품,파일 재킷 및 파일 포켓,,B078KTHYPX,"Blue Summit Supplies 5.1cm(2인치) 마닐라 파일 재킷, 폴더 50개, 강화된 스트레이트 컷 탭, 튼튼한 5.1cm(2인치) 확장 포켓, 레터 사이즈, 50팩",Blue Summit Supplies,40151,40151,4.6,886.0,"크고 부피가 큰 파일, 의료 차트, 제품 설명서 등을 5.1cm(2인치) 확장 충전 폴더에 쉽게 넣을 수 있습니다 100개 이상의 파일을 한 곳에 쉽게 저장할 수 있습니다. 5.1cm(2인치) 확장으로 파일을 이동할 때 떨어지지 않는 수년 간의 파일을 저장할 수 있습니다. 수년 간의 영수증, 세금 신고, 사무실 파일 등에 적합합니다 5.1cm(2인치) 확장과 견고한 구조로 인해 한 카테고리의 많은 편지 크기 파일 또는 부피가 큰 파일을 하나의 파일 폴더에 정리하세요 파일 캐비닛에 쉽게 삽입하고 탭 라벨을 추가하여 폴더를 식별할 수 있습니다 스트레이트 컷 강화 탭은 표준 탭 라벨에 적합하며 두꺼운 11PT 강화 용지로 모든 사무실이나 학교 환경에서 반복적으로 사용할 수 있습니다",,"['파일', '확장', '폴더', '탭', '강화', '저장', '라벨', '스트레이트', '부피', '사무실']"
사무용품,파일링 제품,파일 재킷 및 파일 포켓,,B01M1NRF52,"Smead Notes 파일 재킷, 레터 사이즈, 스트레이트 컷 탭, 플랫 확장 없음, 다양한 색상, 팩당 12개 (75616)",SMEAD,27367,21744,4.6,889.0,"내구성을 높이기 위해 강화 탭이 있는 다양한 색상의 레터 사이즈(너비 29.2cm(11-3/4인치) x 높이 24.1cm(9-1/2인치) 슬래시 파일 재킷이 포함되어 있습니다 다양한 색상(핑크, 옐로우, 골든로드 및 아쿠아)의 11포인트 튼튼한 종이 스톡은 종이를 정리하고 안전하게 보관할 수 있으며 바닥과 측면이 닫혀 있어 작은 부수적인 물건을 담을 수 있습니다 각 파일 재킷의 앞면과 뒷면에 미리 인쇄된 검은색 선이 폴더 내용과 중요한 정보를 추적할 수 있도록 도와주어 종종 분실되는 스티커 메모가 필요하지 않습니다 튼튼한 파일 폴더 재킷은 사무실 안팎으로 파일을 운반하는 데 적합하며 다양한 색상으로 파일 할당 및 그룹화를 지원합니다 미국에서 자랑스럽게 제작된 이 프로젝트 오거나이저는 10% 재활용 소재, 10% 소비자 사용 후 소재를 포함하고 있으며 SFI 소싱 인증을 받았습니다","파일을 전송할 때 지저분한 낙서와 쉽게 잃어버린 스티커 메모를 제거하여 필요할 때 필요한 문서를 쉽게 찾을 수 있습니다. Smead의 노트 파일 재킷은 유용한 메모와 함께 파일을 정리할 수 있도록 설계되었습니다. 이 다양한 색상의 파일 재킷은 평평하며 확장 없이 최대 50장까지 담을 수 있습니다. 측면과 하단에 밀봉된 이 포켓은 종이와 부수적인 물건을 안전하고 질서 있게 보관합니다. 다양한 색상의 레터 사이즈(너비 29.2cm(11-3/4인치) x 높이 24.1cm(9-1/2인치) 슬래시 파일 재킷 12개가 포함되어 있습니다. 핑크, 옐로우, 골든로드 및 아쿠아 각각 3개. 각 파일 재킷의 앞면과 뒷면에 미리 인쇄된 검은색 선은 펜이나 연필의 내용물에 대한 메모를 작성하는 데 적합하며 다른 파일에 붙는 스티커 메모가 필요하지 않습니다. 서랍 파일링을 위해 설계되었습니다. 간단한 변경으로 생산성을 높이고 조직을 개선할 수 있습니다. 자랑스럽게 미국에서 제작되었습니다. 10% 재활용 소재, 10% 소비자 사용 후 소재 및 파일 재킷은 SFI 소싱 인증을 받았습니다.","['파일', '재킷', '메모', '스티커', '종이']"
사무용품,파일링 제품,파일 재킷 및 파일 포켓,,B0013CETYM,"Pendaflex Globe-Weis/Pendaflex 파일 폴더 포켓, 150장 용량, 레터 사이즈, 더블 탑, 1/3 컷 탭, 다양한 색상, 10팩 (FP153L10 ASST)",Pendaflex,19293,19293,4.1,895.0,종이가 떨어지지 않도록 3면이 닫힙니다. 독특한 디자인은 거싯 없이 확장됩니다. 더블 탑 탭. 대용량 150장 용량. 11 pt. 재고.,"Globe-Weis 제품을 사용하면 정리가 쉽고 빠르게 파일링할 수 있으며 정보를 더 쉽게 이용할 수 있습니다. Globe-Weis 파일 폴더 포켓은 중요한 양식, 편지, 종이 및 보고서를 정리하고 보관하고 참조할 수 있는 완벽한 방법입니다. 번거롭지 않게 확장되는 파일 포켓은 내구성이 뛰어난 폴리 소재로 제작되어 흘림과 얼룩으로부터 탁월한 보호 기능을 제공합니다. 유연한 거싯은 바깥쪽으로 접을 수 있어 쉽게 사용할 수 있지만 내부 서류를 방해하지 않습니다. 더블 탑, 1/3 컷 탭은 왼쪽 위치에 정렬되어 파일을 일관되게 정리할 수 있습니다. 이 다용도 파일은 평평하게 놓거나 최대 1.9cm(0.75인치)까지 확장하여 최대 150장의 서류를 담을 수 있습니다. 각 포켓에는 최소 10%의 소비자 사용 후 재활용 소재가 포함되어 있어 오래 사용할 수 있는 보관 공간을 제공합니다! Globe-Weis는 사무실, 가정, 학교 및 그 사이 어디에서나 모든 종류의 종이와 문서를 관리할 수 있도록 다양한 솔루션을 제공합니다.","['파일', '포켓', '확장', '정리', '더블', '탑', '탭', '종이', '서류', '폴더']"
사무용품,파일링 제품,파일 재킷 및 파일 포켓,,B08QTWVWD8,"Pendaflex 확장 아코디언 파일 포켓, 뛰어난 내구성, 8.9cm(3.5인치) 확장, 레터 사이즈, 듀퐁 타이벡 소재로 강화, 박스 10개(15421), 브라운",Pendaflex,31231,31231,4.6,506.0,"가정, 중소기업 또는 법률 사무소를 위한 10개의 파일 포켓 상자를 비축하세요. Pendaflex 아코디언 폴더는 설명서(한글이 아닐 수 있음), 세금 신고서, 법원 문서 및 기타 부피가 큰 서류를 보관할 수 있도록 8.9cm(3-1/2인치) 확장됩니다 스트레이트 탭 리드롭 확장 파일에는 이중 두께의 마닐라 안감 패널이 있어 접을 수 있어 레터 사이즈 문서를 쉽게 열 수 있습니다. 가정이나 사무실 정리에 사용할 수 있을 만큼 내구성이 뛰어납니다 각 파일 포켓에는 찢어짐 방지 타이벡 소재로 만든 3개의 보강재가 있습니다. 거싯 확장 측면의 상단 및 하단 가장자리를 따라 전체 길이 탭의 뒷면 폴드를 따라 있습니다 확장되는 아코디언 오거나이저의 앞면은 22.9 x 29.8cm(9 x 11.75인치), 뒷면 24.1 x 29.8cm(9.5 x 11.75인치)이며 측면은 16.5cm(6.5인치)로 종이, 파일 폴더 및 작은 물건을 보관할 수 있습니다 변호사, 회계사 및 홈스쿨 교사의 대기 중인 갈색 파일 포켓은 모든 홈 오피스를 정리하는 데 도움이 됩니다. 파일 캐비닛, 파일 보관 상자 또는 파일 서랍에 보관하거나 선반이나 테이블 위에 보관할 수 있습니다","Pendaflex 아코디언 파일 포켓은 8.9cm(3.5인치) 확장되어 최대 700장을 담을 수 있습니다. 가정, 소규모 비즈니스, 홈스쿨 또는 교실 정리에 적합합니다. 보험 정책, 주택 검사, 설명서(한글이 아닐 수 있음)와 같은 다양한 부피가 큰 물건을 보관하세요. 사용자 가이드, 법원 문서, 케이스 파일, 건설 용지, 색칠 페이지, 예술 및 공예 등. 보호용 16.5cm(6-1/2인치) 높이의 확장 측면은 내구성이 뛰어난 타이벡 소재로 상단과 하단 가장자리를 따라 강화되어 주요 스트레스 지점의 마모를 방지하여 포켓 파일 폴더의 수명을 연장합니다. 이 스트레이트 컷 리드롭 포켓은 이중 두께의 마닐라 안감 패널과 접힌 부분을 따라 뒷면 패널에 또 다른 타이벡 스트립이 있어 추가적인 지지력을 제공합니다. 대용량 파일이 일반 폴더에 부담을 주는 경우 이 업그레이드를 고려하십시오. 전면 패널은 접을 수 있어 내부의 모든 것을 쉽게 열 수 있습니다. 파일 포켓은 정리되지 않은 종이를 빠르게 주문할 수 있습니다. 데스크톱, 파일 서랍 또는 튼튼한 파일 보관 상자에 보관할 수 있습니다. Pendaflex redrope 포켓은 확장되어 큰 프로젝트가 성장할 수 있는 공간과 높은 확장 측면으로 종이가 떨어지는 것을 방지합니다. 이 아코디언 파일은 30% 재활용 섬유와 30% 소비자 사용 후 섬유로 만들어졌습니다. 레터 사이즈. 앞면 치수 22.9 x 29.8cm(9 x 11.75인치), 뒷면 치수 24.1 x 35.9cm(9.5 x 18.9cm(3.5인치) 확장. Redrope. 10개 박스. Tyvek은 TOPS Products LLC의 허가를 받아 사용되는 DuPont의 상표입니다.","['파일', '확장', '포켓', '아코디언', '벡', '타이', '보관', '정리', '폴더', '패널']"
사무용품,파일링 제품,파일 재킷 및 파일 포켓,,B07X7GVWDL,"Blue Summit Supplies 폴리 파일 재킷, 레터 사이즈, 스트레이트 컷 탭, 2.5cm(1인치) 확장 포켓이 있는 확장 가능한 파일 재킷, 컬러 플라스틱, 다양한 색상, 20팩",Blue Summit Supplies,34611,34611,4.6,269.0,"크고 부피가 큰 파일, 의료 차트, 제품 설명서 등을 각 내구성 있는 확장 2.5cm(1인치) 폴리 파일 재킷에 쉽게 넣을 수 있습니다 다양한 색상의 파일 재킷, 레터 사이즈는 3면이 닫혀 있으며 내구성이 뛰어난 중성 폴리 플라스틱으로 만들어져 수백 개의 파일을 수년 동안 안전하게 보관할 수 있습니다 플라스틱 파일 재킷 디자인의 2.5cm(1인치) 확장과 견고한 구조로 인해 한 카테고리의 많은 편지 크기 파일 또는 부피가 큰 파일을 하나의 파일 폴더에 정리하세요. 내구성이 떨어지는 종이 폴더에서 자주 사용할 때 발생할 수 있는 찢어짐과 찢어짐을 방지합니다 다양한 색상은 모든 색상 코드 파일 시스템에 편리합니다. 표준 크기의 파일 캐비닛에 쉽게 삽입하고 탭에 라벨을 추가하여 한 눈에 식별할 수 있습니다. 빨간색, 주황색, 노란색, 녹색 및 파란색으로 각각 4개가 있습니다 스트레이트 컷 강화 탭은 표준 탭 라벨에 맞으며 내구성이 뛰어난 .3mm 폴리프로필렌 플라스틱으로 가정, 사무실 또는 학교 환경에서 반복적으로 사용할 수 있습니다",,"['파일', '재킷', '구성', '플라스틱', '탭', '확장', '폴리', '라벨', '부피', '스트레이트']"
사무용품,파일링 제품,파일 재킷 및 파일 포켓,,B0C8T8XMCH,"Binditek 25팩 노트 파일 재킷, 5.1cm(2인치) 확장 포켓, 레터 사이즈 마닐라 파일 폴더, 5가지 다양한 색상 (옐로우, 오렌지, 그린, 레드, 블루), 학생 및 동료용",Binditek,29071,29071,3.3,10.0,"표준 레터 사이즈를 위해 디자인됨: 이 노트 파일 재킷은 고품질 소재로 제작되어 매일 사용할 수 있는 오래 지속되는 내구성을 보장하면서 문서를 구부리거나 주름으로부터 보호합니다. 21.6cm x 27.9cm(8.5인치 x 11인치) 문서를 수용할 수 있도록 완벽하게 설계되었습니다. 전체 높이 측면은 추가적인 보안을 제공하여 재료가 미끄러지는 것을 방지합니다. 효율적인 색상 코딩을 위한 5가지 색상: 패키지에는 25개의 노트 파일 재킷이 있으며, 각각 노란색, 주황색, 초록색, 빨간색, 파란색의 5가지 색상으로 제공되며 각 색상은 5개씩 있습니다. 색상 코딩을 사용하여 다양한 유형의 파일을 구별하고 분류하여 쉽게 식별할 수 있습니다. 최대 5.1cm(2인치)까지 확장: 각 마닐라 파일 재킷은 최대 5.1cm(2인치)까지 쉽게 확장되어 최대 350장의 #20 용지를 보관할 수 있는 충분한 수납 공간을 제공합니다. 세 개의 닫힌 면이 있어 문서를 안전하게 보관하고 잘 정리할 수 있습니다. 또한, 테이블이나 캐비닛에 놓을 때 안정성을 제공합니다. 사전 인쇄된 디자인으로 빠른 식별: 이 마닐라 파일 재킷의 앞면에는 중요한 정보를 기록하기 위해 미리 인쇄된 선이 있습니다. 제공된 전용 노트 섹션을 사용하여 각 프로젝트에 쉽게 라벨을 붙이고 추적할 수 있어 문서를 찾고 정리하는 과정을 단순화합니다. 간편한 정리: 이 5.1cm(2인치) 확장 파일 재킷은 사무실, 학교, 가정 등을 포함한 다양한 환경에 적합합니다. 느슨한 종이를 보관하고, 사무실 파일, 워크시트, 미술 프로젝트 등을 정리하는 데 적합하며 작업과 공부 모두에 편리함을 제공합니다. 선생님, 학생 및 동료에게 적합한 훌륭한 선물입니다.",,"['파일', '재킷', '노트', '정리', '확장', '문서', '마닐라', '프로젝트', '사무실', '식별']"
사무용품,파일링 제품,파일 재킷 및 파일 포켓,,B00J31560G,"C-Line Write-on 폴리 파일 재킷, 라임 그린, 앰버 오렌지, 스틸 블루, 10개 팩",C-Line,15138,15138,4.7,620.0,"쓰기 확장 파일 재킷은 프로젝트를 나누고, 정리하고, 색상 코드 프로젝트를 나누는 데 도움이 됩니다. 디자이너 브이컷 프론트로 문서를 쉽게 꺼낼 수 있습니다 전체 길이 탭과 안감 처리된 전면 패널 영역은 폴더 내용을 쉽게 식별하고 정리할 수 있는 쓰기 기술이 특징입니다 연필, 볼펜 또는 영구 마커와 함께 사용할 수 있습니다 2.5cm(1인치) 확장으로 3면 밀봉","폴리 파일 폴더를 확장하면 큰 파일링 작업이 더 쉬워집니다. 연필, 볼펜 또는 영구 마커와 함께 작동하는 필기 기술 덕분에 전체 길이 탭과 전면 영역으로 폴더 내용을 쉽게 식별할 수 있습니다. 디자이너 V 컷 프론트는 내부의 문서를 편리하게 꺼낼 수 있습니다. 밝은 색상으로 앰버 오렌지, 라임 그린, 차콜 그레이, 라즈베리 레드 및 스틸 블루 모음으로 필요한 폴더를 쉽게 찾을 수 있습니다. 폴더는 3면이 밀봉되어 있으며 최대 225장을 담을 수 있는 2.5cm(1인치) 확장이 특징입니다.","['폴더', '확장', '파일', '내용', '디자이너', '그린', '라임', '문서', '오렌지', '밀봉']"
사무용품,파일링 제품,파일 재킷 및 파일 포켓,,B000UHJCZC,"Pendaflex 확장 파일 포켓, 레터 사이즈, 레드로프, 8.9cm(3.5인치) 확장, DuPont™ Tyvek® 소재로 강화, 레드로프, 박스당 25개(1524E-OX)",Pendaflex,51577,51577,4.8,1541.0,"이중 두꺼운 접이식 전면, Tyvek 강화 거싯 상단 및 마닐라 안감이 있는 표준 확장 파일 포켓. 두 배 두꺼운 앞면을 접어 문서를 쉽게 꺼낼 수 있습니다. 싱글 포켓은 최대 8.9cm(3.5인치)까지 확장됩니다. Tyvek 강화 거싯 탑은 찢어지지 않습니다. 뒷면에 마닐라 안감이 있는 레드 섬유.","Pendaflex 파일 포켓은 8.9cm(3.5인치) 확장되어 각각 최대 700장을 담을 수 있습니다. 보호용 16.5cm(6-1/2인치) 높이의 확장 측면은 내구성을 더하기 위해 Tyvek 소재로 상단 가장자리를 강화했습니다. 스트레이트 컷 리드롭 포켓에는 이중 두께의 마닐라 안감 패널이 있습니다. 전면 패널은 접을 수 있어 부피가 큰 프로젝트에 쉽게 접근할 수 있습니다. Pendaflex 파일 포켓은 정리되지 않은 종이를 빠르게 정리할 수 있습니다. 데스크톱, 파일 서랍 또는 장기 보관에 사용하세요. 레터 사이즈. 8.9cm(3.5인치) 확장. Redrope. 박스 25개. 포켓당 더 많이 적합: 대용량 파일이 일반 폴더에 부담을 주는 경우 이 업그레이드를 고려하십시오. Pendaflex redrope 포켓은 8.9cm(3.5인치) 확장되어 큰 프로젝트가 성장할 수 있는 공간이 있습니다. 종이 보호: 6-1/2- 높이 확장 측면은 모든 크기의 용지를 보관합니다. 상단 가장자리를 따라 Tyvek 소재로 강화된 측면은 내구성을 더합니다. 더블 플라이 내구성: 무거운 마닐라 스톡으로 안감을 댄 튼튼한 리드롭 패널은 찢어짐과 찢어짐을 방지합니다. 감소, 재사용, 재활용: 이 Pendaflex 파일 포켓에는 30% 재활용 섬유로 만든 종이와 30% 소비자 사용 후 섬유가 있습니다. Tyvek은 LSC Communications US, LLC d/b/a TOPS Products의 허가를 받아 사용되는 DuPont의 상표입니다","['확장', '포켓', '파일', '마닐라', '안감', '강화', '레드', '패널', '구성', '측면']"
사무용품,파일링 제품,파일 재킷 및 파일 포켓,,B0BLZ9YSZY,"48피스 확장 파일 폴더 재킷 레터 사이즈 5.1cm(2인치) 확장 파일 포켓 강화 컬러 파일 폴더 스트레이트 컷 탭 문서 오거나이저 확장 가능, 다양한 색상",Fainne,41536,41536,4.6,27.0,"풍부한 사용 수량: 패키지에는 12가지 색상, 각 색상당 4개, 풍부한 색상과 풍부한 수량으로 구성된 밝은 색상의 파일 재킷 48개가 포함되어 있어 사용하거나 교체하기에 편리하며 일상적인 요구 사항을 충족하기에 충분합니다 사이즈 정보: 각 파일 포켓의 크기는 약 너비 확장, 약 5cm/2인치. 길이 30cm/11.81인치. 높이 26cm/10.24인치, 21.6 x 27.9cm(8.5 x 11인치) 용지에 적합, 파일 재배에 충분합니다 편리한 구별: 종이 파일 폴더는 12가지 색상으로 제공되며 밝고 쉽게 구별할 수 있습니다. 다양한 색상의 폴더에 다양한 파일을 넣고 간단한 표시를 할 수 있으므로 원하는 파일을 쉽게 찾고 어수선함을 피할 수 있습니다 5.1cm(2인치) 확장 측면: 확장 파일 폴더에는 5.1cm(2인치) 확장 측면이 있어 100장 이상을 보관할 수 있으며 바닥이 안정적이며 쉽게 떨어지지 않으며 파일을 이동할 때 파일이 떨어지지 않습니다 다양한 용도: 이 레터 사이즈 파일 재킷은 사무실, 학교 및 가정에 사용할 수 있으며 영수증, 세금 신고서, 사무실 파일, 유인물, 인쇄물, 워크시트, 공예 용품 또는 완성된 미술 프로젝트에 쉽게 보관할 수 있어 작업과 공부에 편리함을 제공합니다",,"['파일', '확장', '폴더', '풍부하다', '편리하다', '재킷', '측면', '사무실', '충분하다', '포켓']"
사무용품,파일링 제품,파일 재킷 및 파일 포켓,,B08VC1DWD4,"1InTheOffice 파일 폴더 확장 가능한 플라스틱, 파일 포켓, 습기 방지 확장 파일 포켓, 2.5cm(1인치) 확장 가능한 파일 재킷, 레터 사이즈, 다양한 색상, 10/팩",1InTheOffice,22146,22146,4.6,126.0,"스트레이트 컷 탭은 라벨을 붙일 수 있는 충분한 공간을 남기고 3면이 닫혀 있어 빠르게 꺼낼 수 있습니다 다양한 색상의 파일 재킷을 확장하면 파일을 분류하고 식별할 수 있습니다 내구성이 뛰어난 플라스틱 소재는 마모, 찢어짐 및 습기 방지 기능이 있습니다 레터 사이즈 재킷은 2.5cm(1인치) 확장되어 추가 용량과 파일 증가를 제공합니다 레터 사이즈 파일 폴더를 확장하는 10가지 다양한 색상 팩","1InTheOffice 파일 포켓, 습기 방지 확장 파일 포켓, 2.5cm(1인치) 확장 가능한 파일 재킷, 레터 사이즈, 다양한 색상, 10/팩/1InTheOffice 레터 사이즈 확장 플라스틱 파일 포켓 안에 문서를 분류하세요. 이 튼튼한 파일 포켓에 보관하여 잠재적인 손상으로부터 문서를 보호합니다. 내구성이 뛰어난 플라스틱 구조로 습기 및 찢어짐 방지 기능이 있으며, 오픈 상단은 자주 참조되는 보고서, 양식 및 메모에 쉽게 액세스할 수 있습니다. 편리한 사이즈는 표준 레터 사이즈 페이지를 수용하며 다양한 정리 옵션을 제공합니다. 이 1InTheOffice 레터 사이즈 습기 방지 플라스틱 파일 포켓은 다양한 색상으로 제공되므로 중요한 서류를 색상 코딩할 수 있습니다./✔ 확장 파일 재킷으로 종이와 문서를 깔끔하게 정리하고 안전하게 보관할 수 있습니다./✔오픈 탑 파일 포켓은 쉽게 접근할 수 있으며 최대 2.5cm(1인치)까지 확장되어 폴더 저장 용량을 늘립니다./✔팩 당 10개의 파일 포켓. 다양한 색상으로 모든 색상 코딩 파일 시스템에서 필요한 것을 한 눈에 쉽게 꺼낼 수 있습니다./✔레터 사이즈 파일 폴더는 중요한 파일을 한 곳에 쉽게 보관할 수 있으며 전체 높이의 측면으로 종이를 고정합니다./✔플라스틱으로 만든 방수 소재는 내구성이 뛰어난 보관 공간을 제공하며 종이와 문서를 보호합니다.","['파일', '확장', '포켓', '플라스틱', '방지', '습기', '재킷', '폴더', '문서', '종이']"
사무용품,파일링 제품,파일 재킷 및 파일 포켓,,B07SDRWQ8Q,"폴리 파일 재킷, 강화된 스트레이트 컷 탭, 2.5cm(1인치) 확장 포켓, 레터 사이즈, 다양한 색상 - 10팩",Manaloom,22146,22146,4.5,522.0,"크고 부피가 큰 파일, 의료 차트, 중요한 문서 등을 2.5cm(1인치) 확장 가능한 파일 폴더에 쉽게 보관할 수 있습니다. 전체 높이 측면은 중요한 문서를 추가로 보호합니다. 확장 가능한 디자인으로 성장하는 파일을 위한 추가 공간을 제공합니다. 스트레이트 컷 탭은 큰 라벨을 위한 충분한 공간을 제공합니다. 엄지손가락 컷 전면은 서류 크기에 쉽게 접근할 수 있도록 해줍니다.","폴리 파일 재킷 - 10팩 폴리 파일 재킷, 강화된 스트레이트 컷 탭, 2.5cm(1인치) 확장 포켓, 레터 사이즈, 다양한 색상 - 10팩","['파일', '확장', '탭', '스트레이트', '폴리', '재킷', '가능하다', '추가', '강화', '중요하다']"
사무용품,파일링 제품,파일 재킷 및 파일 포켓,,B07D92SNFG,"1InTheOffice Poly File Jacket 파일 폴더, 레터 2.5cm(1인치) 확장 파일 재킷, 10팩, 모듬",1InTheOffice,21453,20484,4.6,866.0,"2.5cm(1인치) 폴더 용량 - 레터 - 21.6cm(8 1/2인치) x 27.9cm(11인치) 시트 사이즈 - 폴리, 폴리프로필렌 각 폴더는 전체 높이의 측면을 가진 종이를 고정합니다 엄지 컷 전면으로 쉽게 사용할 수 있습니다 반투명 폴리 파일 폴더는 문서를 위한 내구성 있는 보관 공간을 제공합니다 1InTheOffice 평생 지원",가정 또는 사무실을 위한 훌륭한 정리 도구 저희는 5년 분량의 파일을 표준 파일 폴더에 넣는 것이 얼마나 실망스러운지 알고 있습니다. 폴더가 파일에 맞지 않으며 측면이 열려 있어 집어 올리면 모든 파일이 떨어집니다. 견고한 5.1cm(2인치) 확장 파일 재킷은 이러한 문제를 해결하고 내부에 100개 이상의 문서를 보관합니다. 걸이용 폴더나 파일 재킷을 옮기면 모든 파일이 내부에 유지됩니다.,"['파일', '폴더', '재킷', '내부', '보관', '확장', '폴리', '측면', '문서']"
사무용품,파일링 제품,파일 재킷 및 파일 포켓,,B0C5VKQ1NJ,"Ctosree 100팩 파일 폴더 재킷 5.1cm(2인치) 확장 파일 포켓, 강화된 스트레이트 컷 탭, 파일 재킷 문서 폴더 확장, 레터 사이즈, 다양한 색상",Ctosree,33226,33226,2.6,15.0,"종이 소재: 파일 폴더는 종이로 만들어졌습니다. 표면이 강하고 파일을 충분히 담을 수 있습니다. 다른 폴더처럼 바닥에서 갈라지지 않습니다. 파일 홀더는 쉽게 바래지 않으며 오랫동안 사용하기 쉽습니다 대용량: 5.1cm(2인치) 연장과 견고한 구조로 폴더에 최대 100장의 종이를 담을 수 있습니다. 폴더를 옮길 때 내부의 파일이 떨어지지 않습니다. 책장에 놓으면 넘어지지 않습니다 제품 구성: 레드, 옐로우, 블루, 그린, 크리미 화이트, 각 색상당 20개의 5가지 색상으로 제공되는 100개의 파일 폴더가 제공됩니다. 색상은 패셔너블하며 품질은 정교합니다 적절한 파일 크기: 이 파일 폴더는 A4 또는 작은 종이, 문서, 편지, 메모 등에 적합합니다. 표면에 절개가 있어 편리하고 쉽게 보관하고 꺼낼 수 있습니다 다양한 사람들에게 적합: 다양한 색상으로 다양한 파일 내용을 구별하는 데 적합합니다. 파일 홀더는 사무실 인식 또는 학생들이 가정, 사무실 또는 학교 환경에서 재사용하기에 적합합니다. 튼튼한 소재로 가족과 친구들에게 선물을 주기에 좋은 선택입니다","특징: 100개의 파일 홀더를 받게 되며, 일상적인 사용 및 교체를 충족할 수 있는 충분한 수량입니다. 친구 및 가족에게 선물로 공유할 수도 있습니다. 파일 폴더는 학생 및 사무실 근로자에게 적합합니다. 레터 사이즈 파일을 보관하는 데 사용할 수 있습니다. 언제든지 문서를 정리하는 것이 편리합니다. 사양: 소재: 종이. 색상: 레드, 옐로우, 블루, 그린, 크리미 화이트 사이즈: 약 11.77 x 9.5 x 2 인치/29.9 x 24.1 x 5 cm. 패키지 구성: 파일 폴더 100개. 참고: 수동 측정, 사이즈에 약간의 오차가 있을 수 있습니다. 화면 디스플레이의 차이로 인해 색상이 약간 다를 수 있습니다.","['파일', '폴더', '종이', '사무실', '문서', '홀더']"
사무용품,파일링 제품,파일 재킷 및 파일 포켓,,B07HDWV4S3,"Blue Summit Supplies 마닐라 파일 재킷, 강화된 스트레이트 컷 탭, 표준 걸이 파일에 사용하도록 디자인, 레터 사이즈, 100팩",Blue Summit Supplies,33226,33226,4.6,208.0,"느슨한 파일, 차트, 영수증, 제품 설명서 등을 표준 레터 사이즈 걸이식 파일 폴더에 쉽게 보관할 수 있습니다 파일을 옮길 때 떨어지지 않는 수년 간의 파일을 보관할 수 있는 닫힌 측면이 있는 파일 재킷 덕분에 한 곳에 느슨하게 보관할 수 있습니다. 영수증, 세금 파일, 사무실 문서 등을 보관하기에 좋습니다 단일 카테고리의 파일을 하나의 파일 폴더에 정리하세요. 파일 캐비닛에 쉽게 삽입하고 탭에 라벨을 추가하여 한 눈에 식별할 수 있습니다 스트레이트 컷 강화 탭은 표준 탭 라벨에 적합하며 두꺼운 11PT 강화 용지는 가정, 사무실 또는 학교 환경에서 반복적으로 사용할 수 있습니다 100개 밸류 팩으로 대량 구매 시 비용을 절약하세요",,"['파일', '탭', '표준', '강화', '스트레이트', '영수증', '폴더', '걸이', '느슨하다', '사무실']"
사무용품,파일링 제품,파일 재킷 및 파일 포켓,,B0CJTHMKB8,"Blue Summit 파일 재킷, 노트 안감, 레터 사이즈, 5.1cm(2인치) 확장, 상단 탭, 다양한 색상 - 25팩",Blue Summit Supplies,30456,30456,4.4,15.0,"5.1cm(2인치) 확장 파일 재킷 25팩 다양한 색상: 블루, 레드, 그린, 오렌지, 옐로우 레터 사이즈 (21.6cm x 27.9cm) 문서 수용 빠른 메모 작성을 위한 사전 인쇄된 선 전체 높이 측면과 상단 탭이 있는 내구성 있는 소재","Blue Summit Supplies 노트 파일 재킷에는 최대 5.1cm(2인치)까지 확장되는 25개의 파일 재킷이 포함되어 있어 문서를 정리할 수 있는 충분한 공간을 제공합니다. 옐로우, 오렌지, 그린, 레드, 블루의 다양한 색상은 효율적인 분류를 돕습니다. 레터 사이즈 문서를 위해 특별히 설계된 이 재킷은 내구성을 제공하며 전체 높이의 측면으로 종이를 주름으로부터 보호합니다. 앞면에 미리 인쇄된 선이 있어 메모를 빠르게 작성하고 쉽게 식별할 수 있어 정리를 단순화합니다. 고품질 소재로 제작된 이 재킷은 사무실, 학교 및 가정을 포함한 다양한 환경에 적합하며 파일 정리 및 보관이 쉽고 편리합니다.","['재킷', '파일', '문서', '확장', '정리', '빠르다', '상단', '옐로우', '오렌지', '인쇄']"
사무용품,파일링 제품,파일 재킷 및 파일 포켓,,B001GXFOKQ,"Smead Organized Up 확장 슬래시 재킷, 2/5컷 탭, 2.5cm(1인치) 확장, 레터 사이즈, 다양한 색상, 팩당 5개 (75445)",SMEAD,21689,18559,4.4,335.0,"문서 보안을 위한 전체 높이 측면이 특징인 10가지 레터 사이즈(너비 29.2cm(11-3/4인치) x 높이 24.1cm(9-1/2인치) 파일 재킷 세트로 다양한 유형의 파일을 쉽게 식별할 수 있습니다 각 슬래시 파일 재킷은 2.5cm(1인치) 확장되어 더 많은 저장 공간을 제공하며 파일과 용지를 안전하게 보관할 수 있도록 3면으로 둘러싸여 있어 이동하거나 정리되지 않습니다 이 프로젝트 재킷은 서류를 정리하고, 확보하고, 회수할 수 있는 좋은 방법입니다. 사무실 밖에서 프레젠테이션, 회의 또는 집에서 작업할 때 가져갈 수 있습니다 상단 위치의 2/5 컷 탭은 내용물을 설명할 수 있는 충분한 공간을 제공합니다. 추가 보관을 위해 자체 접착 폴리 포켓(68185) 중 하나를 외부에 부착하세요. 별도로 판매됩니다 미국에서 자랑스럽게 제작된 이 11pt. 컬러 스톡 파일 폴더는 10% 재활용 소재, 10% 소비자 사용 후 소재를 포함하고 있으며 SFI 소싱 인증을 받았습니다. 스트레이트 컷 파일 재킷도 있습니다","Smead의 확장 슬래시 파일 재킷으로 프로젝트 문서를 안전하고 정리하며 손이 닿는 곳에 보관하세요. 이 다양한 색상 파일 재킷 세트는 시간과 좌절감을 절약하기 위해 다양한 유형의 파일을 정리하고 색상 코딩하는 데 완벽한 선택입니다. 2.5cm(1인치) 확장으로 프로젝트가 성장함에 따라 종이를 추가할 수 있습니다. 지속적으로 액세스하고 재구성하는 서류 작업을 위한 탁월한 솔루션인 이 재킷은 재료를 안전하게 보관하고 내부의 문서를 쉽게 볼 수 있는 각진 앞면으로 정리된 튼튼한 페이지 홀더입니다. 각 레터 사이즈 파일 재킷 폴더에는 자료가 미끄러지지 않도록 측면이 닫혀 있어 사무실 안팎에서 파일을 가져갈 때 훌륭한 선택입니다. 2/5컷 탭은 내용물을 설명할 수 있는 편안한 공간을 제공하며 라벨을 붙일 수 있는 넓은 영역을 제공합니다. 미국에서 자랑스럽게 제작된 이 11pt. 컬러 스톡 파일 폴더는 10% 재활용 소재, 10% 소비자 사용 후 소재를 포함하고 있으며 SFI 소싱 인증을 받았습니다. 편리한 문서 보관을 위해 자체 접착 폴리 포켓(68185 - 별도 판매) 중 하나를 추가하는 것이 좋습니다. • 혁신과 품질의 풍부한 유산. 효율적인 문서 관리를 위한 솔루션을 제공하는 세계 최고의 공급업체인 Smead 는 고품질의 환경 친화적인 제품 및 혁신적인 조직 시스템으로 잘 알려진 여성 소유 회사입니다. 한 세기 이상 동안 Smead 는 한 가지 목적을 위해 최선을 다하고 있습니다/An ideal project file, slash jackets have an angled front that lets you see contents while keeping papers flat. Jackets are closed on sides and bottom to keep materials secure and in order. Choose from expanding jackets for extra storage capacity, durable poly jackets to avoid tears and resist moisture, or pre-punched project jackets for use in 3-ring binders. Available in manila and a variety of distinctive colors to sort paperwork by client or category./Angled front provides quick viewing and access to frequently-needed papers./Closed sides keep important papers secure and in order./Available in 1"" expansion, durable poly material, or 3-hole punched styles, and in clear, manila and assorted colors.","['파일', '재킷', '정리', '문서', '확장', '보관', '공간', '추가', '탭', '안전하다']"
사무용품,파일링 제품,파일 재킷 및 파일 포켓,,B08QTRC2YF,"Pendaflex 확장 아코디언 파일 포켓, 뛰어난 내구성, 13.3cm(5.25인치) 확장, 레터 사이즈, 듀퐁 타이벡 소재로 강화, 박스 10개(15422) 브라운",Pendaflex,28891,28891,4.7,298.0,"가정, 중소기업 또는 법률 사무소를 위한 10개의 파일 포켓 상자를 비축하세요. Pendaflex 아코디언 폴더는 설명서(한글이 아닐 수 있음), 세금 신고서, 법원 문서 및 기타 부피가 큰 서류를 보관할 수 있도록 13.7cm(5-1/4인치)로 확장됩니다 스트레이트 탭 리드롭 확장 파일에는 이중 두께의 마닐라 안감 패널이 있어 접을 수 있어 레터 사이즈 문서를 쉽게 열 수 있습니다. 가정이나 사무실 정리에 사용할 수 있을 만큼 내구성이 뛰어납니다 각 파일 포켓에는 찢어짐 방지 타이벡 소재로 만든 3개의 보강재가 있습니다. 거싯 확장 측면의 상단 및 하단 가장자리를 따라 전체 길이 탭의 뒷면 폴드를 따라 있습니다 확장되는 아코디언 오거나이저의 앞면은 22.9 x 37.5cm(9 x 14.75인치), 뒷면 24.1 x 37.5cm(9.5 x 14.75인치)이며 측면은 16.5cm(6.5인치)로 종이, 파일 폴더 및 작은 물건을 보관할 수 있습니다 변호사, 회계사 및 홈스쿨 교사의 대기 중인 갈색 파일 포켓은 모든 홈 오피스를 정리하는 데 도움이 됩니다. 파일 캐비닛, 파일 보관 상자 또는 파일 서랍에 보관하거나 선반이나 테이블 위에 보관할 수 있습니다","Pendaflex 아코디언 파일 포켓은 13.3cm(5.25인치) 확장되어 최대 1050장을 담을 수 있습니다. 가정, 소규모 비즈니스, 홈스쿨 또는 교실 정리에 적합합니다. 보험 정책, 주택 검사, 설명서(한글이 아닐 수 있음)와 같은 다양한 부피가 큰 물건을 보관하세요. 사용자 가이드, 법원 문서, 케이스 파일, 건설 용지, 색칠 페이지, 예술 및 공예 등. 보호용 16.5cm(6-1/2인치) 높이의 확장 측면은 내구성이 뛰어난 타이벡 소재로 상단과 하단 가장자리를 따라 강화되어 주요 스트레스 지점의 마모를 방지하여 포켓 파일 폴더의 수명을 연장합니다. 이 스트레이트 컷 리드롭 포켓은 이중 두께의 마닐라 안감 패널과 접힌 부분을 따라 뒷면 패널에 또 다른 타이벡 스트립이 있어 추가적인 지지력을 제공합니다. 대용량 파일이 일반 폴더에 부담을 주는 경우 이 업그레이드를 고려하십시오. 전면 패널은 접을 수 있어 내부의 모든 것을 쉽게 열 수 있습니다. 파일 포켓은 정리되지 않은 종이를 빠르게 주문할 수 있습니다. 데스크톱, 파일 서랍 또는 튼튼한 파일 보관 상자에 보관할 수 있습니다. Pendaflex redrope 포켓은 확장되어 큰 프로젝트가 성장할 수 있는 공간과 높은 확장 측면으로 종이가 떨어지는 것을 방지합니다. 이 아코디언 파일은 30% 재활용 섬유와 30% 소비자 사용 후 섬유로 만들어졌습니다. 레터 사이즈. 앞면 치수 22.9 x 29.8cm(9 x 11.75인치), 뒷면 치수 24.1 x 29.8cm(9.5 x 113.3cm(5.25인치) 확장. Redrope. 10개 박스. Tyvek은 TOPS Products LLC의 허가를 받아 사용되는 DuPont의 상표입니다.","['파일', '확장', '포켓', '아코디언', '벡', '타이', '보관', '정리', '폴더', '패널']"
사무용품,파일링 제품,파일 재킷 및 파일 포켓,,B07HDX2ZB9,"Blue Summit Supplies 5.1cm(2인치) 마닐라 파일 재킷, 강화된 스트레이트 컷 탭, 튼튼한 5.1cm(2인치) 확장 포켓, 리갈 사이즈, 50팩",Blue Summit Supplies,47076,47076,4.6,314.0,"크고 부피가 큰 파일, 의료 차트, 제품 설명서 등을 5.1cm(2인치) 확장 LEGAL 크기의 파일 폴더에 쉽게 넣을 수 있습니다 파일을 이동할 때 떨어지지 않는 수년 간의 파일을 저장하는 측면이 있는 5.1cm(2인치) 확장으로 100개 이상의 파일을 한 곳에 편리하게 저장할 수 있습니다. 영수증 보관, 세금 신고, 사무실 파일 보관 등에 적합합니다 5.1cm(2인치) 확장과 견고한 구조로 인해 한 카테고리의 많은 수의 LEGAL 크기 파일 또는 부피가 큰 파일을 하나의 파일 폴더에 정리하세요 파일 캐비닛에 쉽게 삽입하고 탭에 라벨을 추가하여 한눈에 식별할 수 있습니다 스트레이트 컷 강화 탭은 표준 탭 라벨에 적합하며 두꺼운 11PT 강화 용지는 가정, 사무실 또는 학교 환경에서 반복적으로 사용할 수 있습니다",,"['파일', '확장', '탭', '강화', '스트레이트', '폴더', '라벨', '저장', '보관', '부피']"
사무용품,파일링 제품,파일 재킷 및 파일 포켓,,B077V1HW8J,"1InTheOffice Smean의 확장 파일 재킷, 1"", 레터, ""50 팩""",1InTheOffice,38766,37381,4.6,224.0,"쉽게 찾아볼 수 있도록 엄지 컷이 있는 레터 사이즈와 싱글 탭 2.54cm 확장 매닐라 색상, 표준 중량 스톡 상자 당 50개 재킷 1InTheOffice 평생 보장",,"['확장', '재킷', '표준', '평생', '파일', '탭', '중량', '싱글', '스톡', '상자']"
사무용품,파일링 제품,파일 재킷 및 파일 포켓,,B0CTRVYK2X,"1InTheOffice 확장 파일 포켓, 파일 재킷, 파일 지갑, 8.9cm(3.5인치) 확장, 레터 사이즈, 강화된 스트레이트 컷 탭, 거싯, 그린, 5팩",1InTheOffice,19376,17991,4.0,1.0,8.9cm(3.5인치) 확장이 가능한 확장 파일 포켓은 문서를 위한 충분한 공간을 제공하여 효율적인 정리와 쉬운 검색을 보장합니다. 파일 재킷은 표준 레터 크기의 용지에 맞게 설계되었으며 일반적인 용지 크기를 수용하면서 문서를 순서대로 보관할 수 있는 다용도 솔루션을 제공합니다. 파일의 강화된 스트레이트 컷 탭은 강도를 향상시킬 뿐만 아니라 다양한 섹션을 빠르게 식별할 수 있어 견고하고 체계적인 파일링 시스템에 기여합니다. 파일 지갑은 용량을 늘릴 수 있는 거싯 디자인으로 파일의 무결성을 손상시키지 않으면서 점점 더 많은 문서를 저장할 수 있습니다. 그린 파일 포켓은 5팩으로 편리하게 포장되어 비용 효율적이고 색상으로 구분된 구성을 제공하여 일관되고 전문적인 외관으로 서류 정리 과정을 간소화합니다.,"1InTheOffice 확장 파일 포켓, 파일 재킷, 파일 지갑, 8.9cm(3.5인치) 확장, 레터 사이즈, 강화된 스트레이트 컷 탭, 거싯, 그린, 5팩/1InTheOffice 확장 파일 포켓 - 문서 정리에 필요한 전형적인 솔루션입니다. 레터 크기의 문서용으로 설계된 이 다용도 그린 파일 재킷 5팩은 8.9cm(3.5인치) 확장 기능을 자랑하며 증가하는 용지를 위한 완벽한 저장소입니다. 강화된 스트레이트 컷 탭은 내구성을 보장할 뿐만 아니라 신속한 파일 식별을 지원하여 필수 정보에 대한 액세스를 간소화합니다. 거싯 디자인의 파일 지갑은 추가적인 유연성을 제공하여 깔끔함을 손상시키지 않으면서 다양한 문서를 수용할 수 있습니다. 확장 파일 포켓은 다양한 전문적인 설정에 이상적이며 파일링 시스템에 효율성과 질서를 제공합니다. 기능적이고 미학적으로 만족스럽게 제작된 이 파일 포켓은 사무실이나 가정에 없어서는 안될 추가 아이템입니다./주요 포인트:/- 충분한 저장 용량을 위한 광범위한 8.9cm(3.5인치) 확장./- 레터 사이즈 디자인으로 표준 문서를 수용할 수 있습니다./- 강화된 스트레이트 컷 탭은 내구성을 향상시키고 빠른 식별을 돕습니다./- 거싯 측면은 보관 공간과 유연성을 향상시킵니다./- 편리한 5팩으로 제공되어 비용 효율적인 정리를 제공합니다./- 전문가 및 가정 환경 모두에 이상적입니다./- 파일 재킷 또는 파일 지갑으로 다양하게 사용할 수 있습니다./- 눈에 띄는 녹색 색상은 정리와 전문성을 더합니다.","['파일', '확장', '포켓', '문서', '재킷', '탭', '정리', '지갑', '스트레이트', '강화']"
사무용품,파일링 제품,파일 재킷 및 파일 포켓,,B00B8ND0S2,"Business Source 파일 재킷, 모듬 (44435), 10개 팩",Business Source,21550,21550,4.5,294.0,반투명 폴리 파일 폴더는 문서를 보관할 수 있는 내구성 있는 보관 공간을 제공합니다 각 폴더는 전체 높이의 측면으로 종이를 고정합니다 스트레이트 컷 탭은 라벨을 위한 충분한 공간을 제공합니다 엄지손가락 컷 전면으로 쉽게 사용할 수 있습니다,반투명한 폴리 파일 폴더는 레터 크기의 문서를 내구성 있게 보관할 수 있습니다. 각 폴더는 최대 2.5cm(1인치)의 9.1kg(20파운드)의 무게를 담을 수 있습니다. 종이를 전체 높이 측면으로 고정합니다. 스트레이트 컷 탭은 라벨을 위한 충분한 공간을 제공합니다. 엄지 컷 전면으로 쉽게 사용할 수 있습니다. 폴리프로필렌은 두께가 8mm입니다.,"['폴더', '파일', '공간', '고정', '탭', '측면', '충분하다', '종이', '전체', '전면']"
사무용품,파일링 제품,파일 재킷 및 파일 포켓,,B0CG5RXKVS,Qilery 40피스 확장 파일 포켓 벌크 8.9cm(3.5인치) 확장 가능한 폴더 레터 사이즈 강화 폴더 종이 다양한 색상 파일 재킷 파일 폴더 오거나이저 문서용 대용량 파일 의료 차트,Qilery,44306,47076,3.1,2.0,"제품 구성: 40개의 확장 파일 포켓이 제공되며, 레드, 옐로우, 그린, 블루와 같은 4가지 색상으로 제공됩니다. 충분한 수량과 다양한 색상은 다양한 사용 및 교체 요구 사항을 충족하여 다양한 문서를 보다 질서 있게 수집하고 분류할 수 있습니다. 가족 및 친구들과 공유할 수도 있습니다 방진 및 단단한 소재: 확장 파일 폴더는 고품질 컬러 용지 소재로 만들어져 내구성이 뛰어나고 방진 기능이 있습니다. 파일 폴더 변형을 방지하기 위해 파일을 추가할 때 한 번에 너무 많은 파일을 추가하지 않는 것이 좋습니다 8.9cm(3.5인치) 확장 디자인: 확장 가능한 파일 폴더는 최대 400장까지 8.9cm(3.5인치) 확장을 채택하여 강화된 상단 가장자리와 하단 접힘으로 내구성이 뛰어나고 종이를 서랍이나 캐비닛에 깔끔하게 보관할 수 있습니다 다용도: 당사의 법률 파일 폴더에는 문서, 파일, 계획 달력, 사업 계획, 디자인 초안, 의료 차트, 책 보고서, 악보, 시험지 및 기타 종이 파일을 저장할 수 있습니다. 가정, 병원, 사무실, 학교 등에 적용할 수 있습니다 적합한 레터 사이즈: 확장 가능한 파일 폴더 오거나이저 길이 크기는 31.5cm(12.4인치)/31.5cm(12.4인치), 너비는 24.3cm(9.6인치)/24.3cm(9.6인치), 하단 너비는 8.9cm(3.5인치)/8.9cm(3.5인치)로 글자와 A4 사이즈 모두에 적합하며 필요한 문서와 정보를 쉽게 찾을 수 있습니다","특징: 실용적인 선물: 확장 가능한 파일 폴더를 사용하면 콘텐츠를 쉽게 확인할 수 있습니다. 확장 파일 포켓은 가족, 친구, 동료가 파일을 정리할 수 있는 실용적인 선물입니다. 편리한 사용: 4가지 색상의 확장 파일 포켓은 사용하기 쉽고, 색상 코딩으로 다양한 유형의 파일을 정리하여 파일 폴더로 빠르고 쉽게 식별할 수 있습니다. 사양: 소재: 종이. 색상: 레드, 옐로우, 그린, 블루 사이즈: 길이 12.4인치/31.5cm, 너비 9.6인치/24.3cm, 하단 너비 8.9cm/8.9cm. 패키지 구성: 확장 파일 폴더 40개. 참고: 수동 측정, 사이즈에 약간의 오차가 있을 수 있습니다. 화면 디스플레이의 차이로 인해 색상이 약간 다를 수 있습니다.","['파일', '확장', '폴더', '구성', '문서', '종이', '가능하다', '포켓']"
사무용품,파일링 제품,파일 재킷 및 파일 포켓,,B09BBFWP22,"1InTheOffice File Jackets 레터 사이즈 5.1cm(2인치) 확장 확장 파일 포켓, 마닐라 파일 재킷, 화이트, 50팩",1InTheOffice,30456,30456,4.3,19.0,"상단 탭 파일 재킷은 3면으로 둘러싸여 있으며 최대 50페이지를 수용할 수 있습니다. 배송 및 보관 중에 파일, 사진, 문서 및 기타 자료의 손상을 방지하도록 설계되었습니다. 파일 재킷은 파일을 보호하고 정리할 수 있는 훌륭한 방법입니다. 휴대가 가능하기 때문에 어디에나 휴대할 수 있습니다. 모든 표준 크기의 문서 및 파일의 보호 및 구성을 유지하기 위한 레터 사이즈. 보관을 위해 최대 5.1cm(2인치)까지 확장할 수 있습니다. 이 마닐라 파일 재킷을 사용하여 부피가 큰 파일을 정리하고 이에 따라 폴더에 라벨을 붙이세요. 파일 포켓은 5.1cm(2인치) 크기이며 많은 문서를 담을 수 있습니다.",,"['파일', '재킷', '확장', '문서', '휴대', '마닐라', '포켓', '정리', '보관', '보호']"
사무용품,파일링 제품,파일 재킷 및 파일 포켓,,B0C62HQ8KK,"1InTheOffice File Jackets 레터 사이즈, 확장 파일 포켓, 8.9cm(3.5인치) 확장, 강화, 다양한 색상, 5팩",1InTheOffice,24362,24362,5.0,5.0,"레터 크기의 문서를 수용할 수 있도록 특별히 설계되어 중요한 종이, 보고서 및 파일을 정리하고 보관할 수 있는 충분한 공간을 제공합니다. 이 재킷은 표준 레터 사이즈 시트에 완벽하게 맞습니다. 넉넉한 8.9cm(3.5인치) 확장 용량을 갖춘 이 파일 재킷은 많은 수의 문서를 수용할 수 있도록 확장할 수 있어 편리하게 보관하고 파일의 성장에 따라 쉽게 액세스할 수 있습니다. 확장 기능으로 부피가 큰 파일을 관리하거나 단일 재킷 내에서 여러 문서를 정리하는 데 이상적입니다. 튼튼한 소재로 보강되어 잦은 취급을 견딜 수 있으며 문서를 보호합니다. 강화된 구조는 내구성을 더하고 재킷이 찢어지거나 마모되는 것을 방지하여 오래 사용할 수 있습니다. 다양한 색상으로 제공되어 파일을 분류하고 색상을 지정하여 빠르게 식별하고 효율적으로 정리할 수 있습니다. 이 기능을 사용하면 특정 문서를 쉽게 찾거나 다양한 프로젝트 또는 카테고리를 구별할 수 있습니다. 각 구매에는 5개의 파일 재킷 팩이 포함되어 있어 파일을 정리할 수 있는 다양한 옵션을 제공합니다. 5팩 세트는 집, 사무실 또는 이동 중에도 서류 정리 요구 사항을 충족할 수 있는 충분한 재킷을 제공합니다.","1InTheOffice 파일 재킷 레터 사이즈, 확장 파일 포켓, 8.9cm(3.5인치) 확장, 강화, 다양한 색상, 5팩/레터 사이즈 문서를 위해 특별히 설계된 1InTheOffice 파일 재킷을 소개합니다. 이 5팩 세트는 중요한 종이와 파일을 정리하고 보호할 수 있는 편리한 솔루션을 제공하며, 각 재킷은 표준 레터 사이즈 시트에 완벽하게 맞습니다. 넉넉한 8.9cm(3.5인치) 확장 용량을 갖춘 확장 파일 포켓이 특징인 이 재킷은 부피가 큰 파일이든 하나의 재킷 안에 여러 문서를 넣을 수 있습니다. 강화된 내구성과 견고한 소재로 제작되어 잦은 취급을 견딜 수 있으며 찢어짐을 방지하고 오래 사용할 수 있습니다. 다양한 색상으로 특정 파일 또는 카테고리를 쉽게 정리하고 빠르게 식별할 수 있어 파일링 프로세스를 간소화합니다. 1InTheOffice 파일 재킷을 사용하면 집, 사무실 또는 이동 중에도 서류 정리 요구 사항을 충족하는 편리한 5팩 세트를 갖게 됩니다. 레터 사이즈 디자인, 확장 파일 포켓, 강화된 내구성, 다양한 색상 및 편리한 5팩 세트를 포함하는 필수 도구로 효율적인 정리와 안전한 파일 보관을 수용하세요.","['파일', '재킷', '확장', '정리', '문서', '강화', '포켓', '편리하다']"
사무용품,파일링 제품,파일 재킷 및 파일 포켓,,B001CDBAZI,"Pendaflex Globe-Weis/Pendaflex 컬러 파일 포켓, 레터 사이즈, 8.9cm(3.5인치) 확장, 다양한 색상, 팩당 포켓 5개 (1524E5 ASST)",Globe-Weis,27007,27007,4.6,152.0,"생생한 파일 포켓은 색상 코드를 사용하고 큰 프로젝트에 쉽게 접근할 수 있도록 도와줍니다 마일라 스트립 강화 측면은 8.9cm(3.5인치) 확장되어 700장을 담을 수 있습니다 이중 두께의 마닐라 안감 포켓은 일상적인 마모와 찢어짐을 견딜 수 있습니다 스코어드 플랩은 앞쪽에 빠르게 접근할 수 있도록 접을 수 있습니다. 뒷면의 전체 길이 탭 블루, 그린, 레드, 옐로우 색상의 레터 사이즈 파일 포켓 5개 박스","Globe-Weis 제품을 사용하면 정리가 쉽고 빠르게 정리하며 정보에 더 쉽게 접근할 수 있습니다. Globe-Weis 컬러 파일 포켓은 중요한 양식, 편지, 서류 및 보고서를 안전하게 보관할 수 있는 완벽한 방법입니다. 이 고품질 확장 포켓은 튼튼한 11포인트 마닐라 스톡으로 만들어져 일상적인 사용을 견딜 수 있으며 마일라 스트립 강화 거싯이 추가적인 보강을 제공합니다. 각 포켓은 전체 8.9cm(3.5인치)로 확장되어 최대 875장의 리갈 사이즈 용지를 담을 수 있으며, 중요한 파일을 쉽게 색상 코딩할 수 있도록 생생한 기본 색상으로 제공됩니다. 최고의 정리를 위해 점수가 있는 전면 플랩을 접어 쉽게 접근하거나 내용물을 빠르게 볼 수 있습니다. 이 폴더는 옐로우, 블루, 레드, 그린 및 1가지 반복 색상 등 다양한 색상의 5팩으로 제공됩니다. Globe-Weis 컬러 파일 포켓에는 10% 최소 소비자 사용 후 재활용 소재가 포함되어 있어 오래 사용할 수 있도록 제작되었습니다. Globe-Weis는 사무실, 가정 및 학교에서 모든 종류의 서류 및 문서를 관리할 수 있는 다양한 솔루션을 제공합니다./File pockets are great for organizing large, bulky letter-size files or holding small items. Tyvek strip-reinforced, gusset top with added rollover feature protects against tearing. Gusseted sides expand up to 3-1/2"" (800 sheets) with your project needs. Front flap folds down for easy access. Full-length tab on back cover provides ample room for labels or handwritten titles. Assorted colors include blue, green, red, yellow and redrope.","['포켓', '파일', '확장', '접근', '빠르다', '컬러', '정리', '스트립', '옐로우', '서류']"
사무용품,파일링 제품,파일 재킷 및 파일 포켓,,B0C1MPYR14,"Fainne 48피스 리갈 사이즈 5.1cm(2인치) 파일 재킷 다양한 확장 가능한 파일 폴더, 레터 사이즈 확장 파일 폴더 확장 가능한 폴더 다채로운 폴더 교실 사무실용 문서용 12가지 색상",Fainne,54001,54001,4.7,11.0,"제품 구성: 12가지 색상을 포함한 48개의 컬러 파일 폴더가 있습니다. 다양한 색상과 수량이 풍부하여 부착하거나 교체하기에 편리하며 일상적인 요구 사항을 충족하기에 충분합니다 적절한 크기: 확장 파일 폴더는 약 너비 확장, 약 5cm/2인치. 길이 35.56cm/14인치, 약 높이 21.6cm(8.5인치) / 21.6cm(8.5인치), 21.6 x 27.9cm(8.5 x 11인치) 용지에 적합하며 너무 많은 공간을 차지하지 않습니다 실용적이고 유용함: 12가지 색상의 파일 폴더는 쉽게 구별할 수 있습니다. 다양한 색상의 폴더에 다양한 파일을 넣고 간단한 표시를 할 수 있으므로 원하는 파일을 찾고 쉽게 어수선함을 피할 수 있습니다 견고하고 안정적: 확장 가능한 파일 폴더는 고품질 종이로 만들어져 신뢰할 수 있고 견고하며 쉽게 깨지거나 변형되지 않습니다. 스트레이트 컷 강화 탭으로 문서를 잘 보관할 수 있으며 오랫동안 사용할 수 있습니다 다양한 용도: 이 다채로운 파일 폴더는 사무실, 학교 및 가정에 적용할 수 있어 영수증, 파일 세금, 사무실 파일, 유인물, 워크시트 또는 완성된 예술 프로젝트를 쉽게 보관할 수 있으며 작업과 공부에 편리함을 제공합니다","특징: 적절한 사이즈: 파일링 폴더 포켓은 대략 35.6 x 5.1 x 21.6cm(14 x 2 x 8.5인치), 대용량으로 많은 물건을 담을 수 있으며 대부분의 문서와 봉투에 적합합니다. 충분한 색상: 이 포켓 폴더는 12가지 색상으로 디자인되어 원하는 색상을 선택할 수 있습니다. 이 색상은 다양한 문서를 구별하는 데 도움이 되며 쉽게 정리하고 검색할 수 있습니다. 사양: 소재: 종이. 색상: 사진과 같음. 사이즈: 약 너비 확장, 약 5cm/2인치. 길이 35.56cm/14인치, 약 높이 21.6cm(8.5인치)/ 21.6cm(8.5인치). 패키지 구성: 다채로운 파일 폴더 48개. 참고: 수동 측정, 사이즈에 약간의 오차가 있을 수 있습니다. 화면 디스플레이의 차이로 인해 색상이 약간 다를 수 있습니다.","['파일', '폴더', '확장', '문서', '가능하다']"
사무용품,파일링 제품,파일 재킷 및 파일 포켓,,B0CJVMRLR1,"확장 파일 포켓, 레터 사이즈, 8.9cm(3.5인치) 확장, 다양한 색상, 폴더 10개",Blue Summit Supplies,29071,29071,5.0,1.0,레터 사이즈 3.5 확장 다양한 색상 폴더 10개,"확장 파일 포켓, 레터 사이즈, 8.9cm(3.5인치) 확장, 다양한 색상, 폴더 10개","['확장', '폴더', '포켓', '파일']"
사무용품,파일링 제품,파일 재킷 및 파일 포켓,,B09VSY7RB2,40팩 파일 폴더 5.1cm(2인치) 확장 포켓 확장 가능한 파일 폴더 레터 사이즈 강화 스트레이트 컷 탭 확장 파일 재킷 문서 폴더 8가지 색상,Teling,44306,44306,3.6,66.0,"패키지 정보: 옐로우, 레드, 오렌지, 핑크, 블루, 그린, 퍼플, 크리미 화이트, 각 색상당 5개의 8가지 색상으로 제공되는 40개의 파일 폴더가 포함된 패키지를 받게 됩니다. 충분한 수량과 다양한 색상으로 매칭 또는 교체 요구 사항을 충족할 수 있습니다 적절한 크기: 확장 가능한 파일 폴더의 크기는 약 29.8 x 24.1 x 5.1cm(11.75 x 9.5 x 2인치)이며 A4 용지 및 대부분의 문서, 편지, 숙제, 영수증, 서류 정리 등에 적합하며 편리하고 쉽게 보관하고 꺼낼 수 있습니다 오래 사용할 수 있도록 제작: 당사의 포켓 파일 폴더는 신뢰할 수 있는 종이로 만들어졌으며 튼튼하고 견고하며 색이 바래거나 부서지지 않으며 표면이 매끄럽고 촉감이 좋습니다. 긴 서비스를 제공하는 것은 큰 문제가 아닙니다 다양한 색상으로 다양한 선택 가능: 다양한 색상으로 파일을 서로 분리할 수 있습니다. 재킷 폴더에 탭을 부착하여 필요한 파일을 쉽게 식별할 수 있으며 파일 캐비닛에 배치하여 일상 업무와 생활에서 다양한 종류의 파일을 보관할 수 있습니다 5.1cm(2인치) 확장 장착: 확장 파일 폴더의 5.1cm(2인치) 확장으로 인해 한쪽에 100개 이상의 파일을 저장할 수 있으므로 양면에 수년 동안 파일을 보관할 수 있습니다. 파일을 옮길 때 떨어지지 않습니다. 신고 세금, 영수증을 보관하고 사무실 서류 및 기타 많은 파일 및 문서를 보관하는 데 이상적입니다",,"['파일', '폴더', '확장', '문서', '보관']"
사무용품,파일링 제품,파일 재킷 및 파일 포켓,,B00FY7NYSE,"Filexec, 파일 재킷, 레터 사이즈, 오렌지, 5개 팩 (50332-37258)",filexec,14514,14514,4.7,6.0,"내구성이 뛰어난 찢어짐, 마모 및 습기 방지 폴리 소재 시스루 프론트 포켓 레터 사이즈 플랫 포켓, 확장 거싯 없음","파일 재킷, 리갈 사이즈, 5개 팩, 오렌지","['포켓', '파일', '재킷', '오렌지', '확장', '플랫', '프론트', '폴리', '시스루', '습기']"
사무용품,파일링 제품,파일 재킷 및 파일 포켓,,B0CTR6G89D,"1InTheOffice 확장 파일 포켓, 파일 재킷, 파일 지갑, 8.9cm(3.5인치) 확장, 레터 사이즈, 강화된 스트레이트 컷 탭, 거싯, 블루, 5팩",1InTheOffice,22977,22977,,,8.9cm(3.5인치) 확장이 가능한 확장 파일 포켓은 문서를 위한 충분한 공간을 제공하여 효율적인 정리와 쉬운 검색을 보장합니다. 파일 재킷은 표준 레터 크기의 용지에 맞게 설계되었으며 일반적인 용지 크기를 수용하면서 문서를 순서대로 보관할 수 있는 다용도 솔루션을 제공합니다. 파일의 강화된 스트레이트 컷 탭은 강도를 향상시킬 뿐만 아니라 다양한 섹션을 빠르게 식별할 수 있어 견고하고 체계적인 파일링 시스템에 기여합니다. 파일 지갑은 용량을 늘릴 수 있는 거싯 디자인으로 파일의 무결성을 손상시키지 않으면서 점점 더 많은 문서를 저장할 수 있습니다. 블루 파일 포켓은 5팩으로 편리하게 포장되어 비용 효율적이고 색상으로 구분된 구성을 제공하여 일관되고 전문적인 외관으로 서류 정리 과정을 간소화합니다.,"1InTheOffice 확장 파일 포켓, 파일 재킷, 파일 지갑, 8.9cm(3.5인치) 확장, 레터 사이즈, 강화된 스트레이트 컷 탭, 거싯, 블루, 5팩/1InTheOffice 확장 파일 포켓 - 문서 정리에 필요한 전형적인 솔루션입니다. 레터 크기의 문서용으로 설계된 이 다용도 블루 파일 재킷 5팩은 8.9cm(3.5인치) 확장 기능을 자랑하며 증가하는 용지를 위한 완벽한 저장소입니다. 강화된 스트레이트 컷 탭은 내구성을 보장할 뿐만 아니라 신속한 파일 식별을 지원하여 필수 정보에 대한 액세스를 간소화합니다. 거싯 디자인의 파일 지갑은 추가적인 유연성을 제공하여 깔끔함을 손상시키지 않으면서 다양한 문서를 수용할 수 있습니다. 확장 파일 포켓은 다양한 전문적인 설정에 이상적이며 파일링 시스템에 효율성과 질서를 제공합니다. 기능적이고 미학적으로 만족스럽게 제작된 이 파일 포켓은 사무실이나 가정에 없어서는 안될 추가 아이템입니다./주요 포인트:/- 충분한 저장 용량을 위한 광범위한 8.9cm(3.5인치) 확장./- 레터 사이즈 디자인으로 표준 문서를 수용할 수 있습니다./- 강화된 스트레이트 컷 탭은 내구성을 향상시키고 빠른 식별을 돕습니다./- 거싯 측면은 보관 공간과 유연성을 향상시킵니다./- 편리한 5팩으로 제공되어 비용 효율적인 정리를 제공합니다./- 전문가 및 가정 환경 모두에 이상적입니다./- 파일 재킷 또는 파일 지갑으로 다양하게 사용할 수 있습니다./- 눈에 띄는 블루 색상은 정리와 전문성을 더합니다.","['파일', '확장', '포켓', '문서', '지갑', '탭', '정리', '스트레이트', '재킷', '강화']"
사무용품,파일링 제품,파일 재킷 및 파일 포켓,,B0CJVMW313,"Blue Summit 확장 파일 포켓, 리갈 사이즈, 8.3cm(3.25인치) 확장, 레드로프 - 폴더 10개",Blue Summit Supplies,30456,29071,,,충분한 저장 용량을 위한 8.3cm(3.25인치) 확장 내구성과 스타일을 위한 레드로프 소재 21.6cm x 35.6cm(8.5인치 x 14인치) 문서에 맞는 법정 사이즈 종합적인 정리를 위한 10개의 폴더 포함 오래 지속되는 내구성을 위한 두꺼운 리드롭 패널과 강화 거싯,"이 확장 파일 포켓은 실용적인 8.9cm(3.5인치) 확장을 자랑하며 문서를 효율적으로 정리하고 보관할 수 있는 충분한 공간을 제공합니다. 내구성이 뛰어난 redrope 소재로 제작되어 강도와 클래식한 미학을 모두 제공합니다. 법정 크기의 문서를 수용할 수 있도록 설계된 이 포켓은 대부분의 서류 작업과 호환됩니다. 10개의 폴더 세트가 포함되어 있어 파일을 종합적으로 분류하고 관리할 수 있습니다. 또한, 두꺼운 리드롭 패널은 중요한 문서를 안전하고 안전하게 보관할 수 있도록 추가적인 보호 레이어를 추가합니다. 가정이나 사무실에서 사용할 수 있는 이 파일 포켓은 기능, 내구성 및 스타일이 혼합되어 정리 시스템을 쉽게 간소화할 수 있습니다.","['확장', '문서', '포켓', '파일', '정리', '폴더', '구성', '종합', '리드', '스타일']"
사무용품,파일링 제품,파일 재킷 및 파일 포켓,,B0BBRPH56G,"35팩 파일 재킷 확장 가능한 파일 폴더 5.1cm(2인치) 확장 레터 사이즈 포켓 폴더 강화 스트레이트 컷 탭 확장 문서 폴더 교실, 가정, 사무실용, 7가지 색상",Thenshop,37381,37381,3.1,35.0,"패키지 정보: 포켓 파일 폴더 35개, 7가지 색상, 각 색상에는 5개가 있습니다. 충분한 수량은 사용 요구 사항을 충족하며 가족과 공유할 수 있습니다 적절한 사이즈: 파일링 폴더 포켓은 대략 29.8 x 24.1 x 5.1cm(11.75 x 9.5 x 2인치), 대용량으로 많은 물건을 담을 수 있으며 대부분의 문서와 봉투에 적합하며 보관 및 꺼내기가 쉽습니다 훌륭한 솜씨: 이 사무용품 폴더는 주로 신뢰할 수 있는 종이 소재로 만들어졌으며 안전하고 견고하며 표면이 매끄럽고 쉽게 깨지거나 색이 바래지 않습니다. 신뢰할 수 있는 소재로 오랫동안 사용할 수 있습니다 7가지 색상: 이 포켓 폴더는 7가지 색상으로 디자인되어 원하는 색상을 선택할 수 있습니다. 생생한 색상으로 다양한 문서를 구별하고 쉽게 정리하고 검색할 수 있습니다 5.1cm(2인치) 확장: 확장 문서 폴더는 5.1cm(2인치) 확장이 장착되어 있어 한쪽에 100개 이상의 파일을 저장할 수 있습니다. 파일을 저장할 때 다른 파일이 쉽게 떨어지지 않아 편리하게 사용할 수 있습니다","특징: 다양한 용도: 가정, 교실, 사무실, 비즈니스와 같은 다양한 경우에 이 파일 재킷을 사용하여 문서, 송장, 인증서, 카드 등을 보관할 수 있습니다. 사려 깊은 선물: 일상 생활에서 파일 폴더가 필요한 친구가 있다면, 저희에게 줄 수 있습니다. 이 선물을 좋아하고 행복하게 느낄 것입니다. 사양: 주요 소재: 종이. 색상: 사진과 같음. 사이즈: 약 29.8 x 24.1 x 5.1cm(11.75 x 9패키지 구성: 포켓 파일 폴더 35개. 참고: 수동 측정, 사이즈에 약간의 오차가 있을 수 있습니다. 화면 디스플레이의 차이로 인해 색상이 약간 다를 수 있습니다.","['폴더', '파일', '확장', '문서', '포켓', '가정', '선물', '신뢰', '패키지', '종이']"
사무용품,파일링 제품,파일 재킷 및 파일 포켓,,B003ZIFB8A,"Globe-Weis/Pendaflex 파일 재킷, 5.1cm(2인치) 확장, 레터 사이즈, 그린, 팩당 50개 재킷 (B3043DTGRE)",Globe-Weis,66078,66078,4.3,7.0,11 포인트 파일 폴더 스톡 강화된 탭 5.1cm(2인치) 레터 사이즈 그린,"Globe-Weis 제품은 정리가 쉽고 빠르게 파일링할 수 있으며 정보에 더 접근할 수 있도록 합니다. Globe-Weis 파일 재킷은 중요한 양식, 편지, 서류 및 보고서를 정리하고 저장하고 참조할 수 있는 완벽한 방법입니다. 내구성이 뛰어난 마닐라 구조는 이중 상단 강화 탭과 전체 높이 측면으로 종이가 떨어지는 것을 방지하며, 5.1cm(2인치) 확장 용량을 갖춘 거싯이 특징입니다. 전면에는 문서를 쉽게 넣고 제거할 수 있도록 엄지 컷이 있으며, 뒷면은 라벨링 및 참조를 쉽게 하기 위해 앞면보다 1.2 cm 더 높게 확장됩니다. Globe-Weis 파일 재킷은 색상 코딩을 쉽게 할 수 있도록 다양한 밝은 색상으로 제공되며 최소 10% 재활용 재료를 함유하고 있어 오래 사용할 수 있는 솔루션을 제공합니다! Globe-Weis는 사무실, 가정 및 학교에서 모든 종류의 종이와 문서를 관리할 수 있도록 다양한 솔루션을 제공합니다.","['파일', '재킷', '확장', '강화', '솔루션', '탭', '그린', '참조', '종이', '문서']"
사무용품,파일링 제품,파일 재킷 및 파일 포켓,,B003ZIBSWI,"Pendaflex Globe-Weis/Pendaflex 파일 재킷, 5.1cm(2인치) 확장, 레터 사이즈, 블루, 팩당 재킷 50개 (B3043DTBLU)",Globe-Weis,79928,64208,4.6,31.0,11 포인트 파일 폴더 스톡 강화된 탭 5.1cm(2인치) 레터 사이즈 블루,"Globe-Weis 제품은 정리가 쉽고 빠르게 파일링할 수 있으며 정보에 더 접근할 수 있도록 합니다. Globe-Weis 파일 재킷은 중요한 양식, 편지, 서류 및 보고서를 정리하고 저장하고 참조할 수 있는 완벽한 방법입니다. 내구성이 뛰어난 마닐라 구조는 이중 상단 강화 탭과 전체 높이 측면으로 종이가 떨어지는 것을 방지하며, 5.1cm(2인치) 확장 용량을 갖춘 거싯이 특징입니다. 전면에는 문서를 쉽게 넣고 제거할 수 있도록 엄지 컷이 있으며, 뒷면은 라벨링 및 참조를 쉽게 하기 위해 앞면보다 1.2 cm 더 높게 확장됩니다. Globe-Weis 파일 재킷은 색상 코딩을 쉽게 할 수 있도록 다양한 밝은 색상으로 제공되며 최소 10% 재활용 재료를 함유하고 있어 오래 사용할 수 있는 솔루션을 제공합니다! Globe-Weis는 사무실, 가정 및 학교에서 모든 종류의 종이와 문서를 관리할 수 있도록 다양한 솔루션을 제공합니다.","['파일', '재킷', '확장', '문서', '정리', '강화', '솔루션', '탭', '참조', '종이']"
사무용품,파일링 제품,파일 재킷 및 파일 포켓,,B0002LCW58,"Smead TUFF® 파일 포켓, 스트레이트 컷 탭, 17.8cm(7인치) 확장, 레터 사이즈, 레드로프, 박스당 5개(73395)",SMEAD,28101,28101,4.7,169.0,"파일 포켓의 ""아이언맨"" 사실상 파괴할 수 없는 파일 포켓에는 전체 안감 처리된 거싯, 찢어짐 방지 타이벡 및 상단에 특수 롤오버 보강재가 있습니다 슈퍼 고중량 전면 및 후면 패널은 견고한 지지력을 제공합니다 엑스트라 와이드 포켓은 표준 파일 폴더를 쉽게 수용할 수 있습니다 포켓은 17.8cm(7인치)까지 확장되어 최대 900장까지 담을 수 있습니다 재활용 소재 30%, 소비자 사용 후 소재 30% 포함","Smead 파일 포켓은 많은 양의 서류를 깔끔하게 정리하고 안전하게 보관할 수 있도록 도와줍니다. 책상, 서랍, 선반 및 이동 중 보관에 적합합니다. 보관 상자와 함께 사용하기에 이상적입니다. TUFF 포켓은 사실상 파괴할 수 없으며 거싯으로 선반에서 꺼낼 때에도 수년 동안 과도한 사용을 견딜 수 있습니다. 전체 안감 처리된 거싯이 있으며 가장 큰 스트레스를 받을 때 숨겨진 강화 스트립이 포함되어 있습니다. 아코디언 스타일 측면은 17.8cm(7인치)까지 확장되며 최대 900장까지 담을 수 있습니다. 파일 포켓은 최소한의 공간을 차지하며 추가 저장 용량이 필요할 때만 확장됩니다. 스트레이트 컷 탭은 넓은 라벨 영역을 제공합니다. 17.8cm(7인치) 확장이 가능한 5개의 레터 사이즈(너비 29.5cm(11-3/4인치) x 높이 24.1cm(9-1/2인치)) TUFF 파일 포켓이 포함되어 있습니다. 30% 재활용 소재, 30% 소비자 사용 후 재료를 포함하고 있으며 SFI 소싱 인증을 받았습니다.","['포켓', '파일', '확장', '처리', '스트레이트', '소비자', '안감', '선반', '사실', '보관']"
사무용품,파일링 제품,파일 재킷 및 파일 포켓,,B0C8HZD2WC,"Qilery 150피스 5.1cm(2인치) 마닐라 파일 재킷 벌크, 강화 스트레이트 컷 탭, 튼튼한 확장 파일 포켓 폴더, 레터 사이즈",Qilery,69236,69236,3.1,3.0,"풍부한 수량: 약 29.5 x 24 x 5cm(11.6 x 9.5 x 1.95인치) 크기의 파일 포켓 폴더 150개를 받게 되며, 일상적인 필요와 생산성을 높일 수 있는 충분한 공간 고품질 소재: 확장 가능한 폴더는 쉽게 뒤틀리거나 깨지지 않는 고품질 종이로 만들어져 사용하기 쉽고 오랫동안 휴대할 수 있습니다 확장 가능한 성능: 당사의 마닐라 폴더는 확장 가능하며 측면에서 최대 5.1cm(2인치)까지 확장할 수 있으므로 사용하지 않을 때는 접을 수 있으며 용량을 늘리기 위해 확장할 수 있습니다 컷 라벨: 스트레이트 컷 라벨은 내용물과 라벨 유연성을 위한 충분한 공간을 제공하여 모든 사무실이나 학교 환경에서 재사용할 수 있습니다 다양한 용도: 이 파일 폴더 레터 사이즈는 사무실, 학교 및 가정에 널리 적용되어 청구서, 영수증, 사무실 문서, 유인물, 양식, 워크시트, 그림 등을 보관할 수 있습니다. 작업 및 공부에 이상적입니다","특징: 간편한 정리: 표준 레터 사이즈 용지 크기의 파일 폴더는 사무실 서류를 관리하는 데 이상적입니다. 이상적인 선물: 이 파일 폴더는 가족, 친구, 동료, 이웃 등을 위한 실용적인 선물이 될 수 있습니다. 사양: 소재: 종이. 색상: 크림 색상 사이즈: 약 29.5 x 24 x 5cm 패키지 구성: 마닐라 파일 재킷 150개. 참고: 수동 측정, 사이즈에 약간의 오차가 있을 수 있습니다. 화면 디스플레이의 차이로 인해 색상이 약간 다를 수 있습니다.","['폴더', '파일', '확장', '사무실', '가능하다', '마닐라', '라벨', '공간', '포켓', '스트레이트']"
사무용품,파일링 제품,파일 재킷 및 파일 포켓,,B0CJVRQRSR,"Blue Summit 확장 파일 포켓, 레터 사이즈, 13.3cm(5.25인치) 확장, 다양한 색상 - 폴더 10개",Blue Summit Supplies,29071,29071,5.0,3.0,13.3cm(5.25인치) 확장으로 내부에 더 많이 보관하세요 다용도 용지 보호를 위한 높은 측면 오래 지속되는 내구성을 위해 강화된 타이벡 패널과 거싯 쉽게 접근할 수 있는 접이식 전면 패널 10개의 다양한 색상의 레터 사이즈 폴더 포함,"Blue Summit Supplies 확장 파일 포켓은 넓은 솔루션을 제공하며 최대 13.3cm(5.25인치)까지 확장되어 각각 무려 1,050장을 수용할 수 있습니다. 높은 면은 모든 크기의 종이를 보호하도록 설계되었으며, 내구성이 뛰어난 타이벡 소재로 강화되어 강도를 높였습니다. 두꺼운 패널은 오래 지속되는 내구성을 보장하므로 장기간 보관이나 과도한 사용에 이상적입니다. 편리한 접이식 전면 패널로 진행 중인 프로젝트에 쉽게 액세스할 수 있습니다. 이 팩에는 다양한 색상의 10개의 폴더가 포함되어 있어 모든 작업 공간에서 색상 코드 정리에 적합합니다. 데스크톱, 파일 서랍 또는 보관 상자 등 이 파일 포켓은 쉽고 내구성으로 서류 관리를 간소화합니다.","['확장', '구성', '패널', '파일', '폴더', '포켓', '보관', '벡', '높다', '전면']"
사무용품,파일링 제품,파일 재킷 및 파일 포켓,,B0CTRTKQCX,"1InTheOffice 확장 파일 포켓, 파일 재킷, 파일 지갑, 8.9cm(3.5인치) 확장, 레터 사이즈, 강화된 스트레이트 컷 탭, 거싯, 레드, 5팩",1InTheOffice,22977,22977,,,8.9cm(3.5인치) 확장이 가능한 확장 파일 포켓은 문서를 위한 충분한 공간을 제공하여 효율적인 정리와 쉬운 검색을 보장합니다. 파일 재킷은 표준 레터 크기의 용지에 맞게 설계되었으며 일반적인 용지 크기를 수용하면서 문서를 순서대로 보관할 수 있는 다용도 솔루션을 제공합니다. 파일의 강화된 스트레이트 컷 탭은 강도를 향상시킬 뿐만 아니라 다양한 섹션을 빠르게 식별할 수 있어 견고하고 체계적인 파일링 시스템에 기여합니다. 파일 지갑은 용량을 늘릴 수 있는 거싯 디자인으로 파일의 무결성을 손상시키지 않으면서 점점 더 많은 문서를 저장할 수 있습니다. 레드 파일 포켓은 5팩으로 편리하게 포장되어 비용 효율적이고 색상 코드 구성을 제공하여 일관되고 전문적인 외관으로 서류 정리 과정을 간소화합니다.,"1InTheOffice 확장 파일 포켓, 파일 재킷, 파일 지갑, 8.9cm(3.5인치) 확장, 레터 사이즈, 강화된 스트레이트 컷 탭, 거싯, 레드, 5팩/1InTheOffice 확장 파일 포켓 - 문서 정리에 필요한 전형적인 솔루션입니다. 레터 크기의 문서용으로 설계된 이 다용도 레드 파일 재킷 5팩은 8.9cm(3.5인치) 확장 기능을 자랑하며 증가하는 용지를 위한 완벽한 저장소입니다. 강화된 스트레이트 컷 탭은 내구성을 보장할 뿐만 아니라 신속한 파일 식별을 지원하여 필수 정보에 대한 액세스를 간소화합니다. 거싯 디자인의 파일 지갑은 추가적인 유연성을 제공하여 깔끔함을 손상시키지 않으면서 다양한 문서를 수용할 수 있습니다. 확장 파일 포켓은 다양한 전문적인 설정에 이상적이며 파일링 시스템에 효율성과 질서를 제공합니다. 기능적이고 미학적으로 만족스럽게 제작된 이 파일 포켓은 사무실이나 가정에 없어서는 안될 추가 아이템입니다./주요 포인트:/- 충분한 저장 용량을 위한 광범위한 8.9cm(3.5인치) 확장./- 레터 사이즈 디자인으로 표준 문서를 수용할 수 있습니다./- 강화된 스트레이트 컷 탭은 내구성을 향상시키고 빠른 식별을 돕습니다./- 거싯 측면은 보관 공간과 유연성을 향상시킵니다./- 편리한 5팩으로 제공되어 비용 효율적인 정리를 제공합니다./- 전문가 및 가정 환경 모두에 이상적입니다./- 파일 재킷 또는 파일 지갑으로 다양하게 사용할 수 있습니다./- 눈에 띄는 레드 색상은 정리와 전문성을 더합니다.","['파일', '확장', '포켓', '문서', '지갑', '스트레이트', '강화', '레드', '탭', '재킷']"
사무용품,파일링 제품,파일 재킷 및 파일 포켓,,B00006IF53,"Smead Organized Up 폴리 반투명 프로젝트 재킷, 레터 사이즈, 다양한 색상, 팩당 5개 (85750)",SMEAD,14847,14847,4.8,709.0,"폴더 내용을 볼 수 있는 다양한 색상의 레터 사이즈(너비 24.2cm(9-1/4인치) x 높이 29.2cm(11-3/4인치) 반투명 프로젝트 재킷이 포함되어 있습니다 내구성이 뛰어난 폴리 소재는 찢어짐 및 방수 기능이 있어 내용물을 먼지와 습기로부터 보호하고 세척하기 쉽습니다 한쪽과 하단에 밀봉된 이 파일 포켓은 측면 턱 플랩으로 문서와 프레젠테이션을 안전하게 보관할 수 있습니다 튼튼한 파일 재킷은 프로젝트를 한 눈에 정리하기에 적합하며 쉽게 식별할 수 있도록 다양한 색상으로 제공됩니다 중성 및 PVC 프리 프로젝트 재킷은 정리된 상태를 유지하는 데 도움이 되며 영수증, 가벼운 서류 제출, 중요한 문서 및 여행 세부 정보를 위한 완벽한 선택입니다","폴리 프로젝트 파일 재킷으로 서류를 한눈에 볼 수 있습니다. Smead 파일 재킷은 사무실 안팎으로 파일을 운반하는 데 적합합니다. 종이 및 기타 문서를 보호하고 안전하게 보관할 수 있도록 양면이 닫힙니다. 추가적인 보안을 위한 턱 플랩 클로저. 내구성이 뛰어난 폴리 소재는 찢어짐 방지 및 방수 기능이 있습니다. 5개의 레터 사이즈(너비 24.4cm x 높이 29.2cm (9-1/4인치 x 11-3/4인치) 폴리 프로젝트 재킷이 포함되어 있습니다. 색상 모음에는 블루, 투명, 그린, 레드, 옐로우 각각 1개가 포함되어 있습니다. 무산성 및 PVC 프리.","['재킷', '프로젝트', '파일', '폴리', '문서', '정리', '반투명', '보호', '측면턱', '안전하다']"
사무용품,파일링 제품,파일 재킷 및 파일 포켓,,B08VCF1S5C,"1InTheOffice 파일 폴더 확장 가능한 플라스틱, 파일 포켓, 습기 방지 확장 파일 포켓, 2.5cm(1인치) 확장 가능한 파일 재킷, 레터 사이즈, 다양한 색상, 20팩",1InTheOffice,30456,30456,4.7,61.0,"스트레이트 컷 탭은 라벨을 붙일 수 있는 충분한 공간을 제공하며 3면을 닫아 빠르게 사용할 수 있는 오픈 엄지 컷 전면 패널이 있습니다 다양한 색상의 파일 재킷을 확장하면 파일을 분류하고 식별할 수 있습니다 내구성이 뛰어난 플라스틱 소재로 마모, 찢어짐 및 습기에 강합니다 레터 사이즈 재킷은 2.5cm(1인치)로 확장되어 추가 용량과 파일을 늘릴 수 있습니다 레터 사이즈 파일 폴더를 확장하는 10가지 다양한 색상의 2팩으로 판매됩니다","1InTheOffice 파일 포켓, 습기 방지 확장 파일 포켓, 2.5cm(1인치) 확장 가능한 파일 재킷, 레터 사이즈, 다양한 색상, 20팩/1InTheOffice 편지 크기 확장 플라스틱 파일 포켓 안에 문서를 분류하세요. 이 튼튼한 파일 포켓에 보관하여 잠재적인 손상으로부터 문서를 보호합니다. 내구성이 뛰어난 플라스틱 구조로 습기 및 찢어짐 방지 기능을 제공하며, 오픈 탑으로 자주 참조되는 보고서, 양식 및 메모에 쉽게 액세스할 수 있습니다. 편리한 사이즈는 표준 레터 사이즈 페이지를 수용하여 다양한 정리 옵션을 제공합니다. 이 1InTheOffice 레터 사이즈 습기 방지 플라스틱 파일 포켓은 다양한 색상으로 제공되므로 중요한 서류를 색칠할 수 있습니다./✔ 종이와 문서를 깔끔하게 정리하고 안전하게 보관할 수 있는 확장 파일 재킷./✔오픈 탑 파일 포켓은 쉽게 접근할 수 있으며 최대 2.5cm(1인치)까지 확장되어 폴더 저장 용량을 늘릴 수 있습니다./✔2팩으로 판매, 팩당 10개의 파일 포켓. 다양한 색상으로 모든 색상 코딩 파일 시스템에서 필요한 것을 한눈에 쉽게 꺼낼 수 있습니다./✔레터 사이즈 파일 폴더는 중요한 파일을 한 곳에 쉽게 보관할 수 있으며 전체 높이 면으로 종이를 고정합니다./✔플라스틱으로 만든 방수 소재는 내구성이 뛰어난 보관을 제공하며 종이와 문서를 보호합니다.","['파일', '확장', '포켓', '플라스틱', '습기', '재킷', '폴더', '문서', '방지', '구성']"
사무용품,파일링 제품,파일 재킷 및 파일 포켓,,B0BTS9CB6L,"24팩 확장 파일 포켓 레터 사이즈 8.9cm(3.5인치) 확장 강화 파일 포켓, 다양한 색상 29.9 x 24.1cm(11.75 x 9.5인치) 대용량 파일 정리용 대형 확장 파일 포켓",Yahenda,34611,34611,3.3,13.0,"제품 구성: 빨간색, 노란색, 초록색, 파란색, 보라색 및 주황색의 레터 사이즈 파일 폴더 24개, 각 색상에 4개가 제공됩니다. 충분한 양과 밝은 색상으로 일상적인 사용 및 교체 요구 사항을 충족하기에 충분합니다 확장 가능한 디자인: 파일 폴더의 측면을 8.9cm(3.5인치)까지 확장할 수 있으며 최대 400장까지 담을 수 있습니다. 문서 포켓은 공간을 거의 차지하지 않으며 추가 저장 용량이 필요할 때만 확장됩니다 신뢰할 수 있는 소재: 당사의 파일 폴더는 고품질 마닐라 종이로 만들어졌으며 찢어짐 방지, 견고하고 신뢰할 수 있으며 변색 방지 기능이 있으며 표면이 매끄럽고 쉽게 깨지지 않아 좋은 사용 경험을 제공합니다 사이즈 정보: 확장 가능한 파일 폴더는 약 29.8 x 24.1cm(11.75 x 9.5인치)이며 A4 용지 및 대부분의 문서, 편지, 숙제, 영수증, 서류 정리에 적합합니다. 크고 부피가 큰 문서, 브로셔, 제품 설명서(한글이 아닐 수 있음)를 확장 가능한 폴더에 쉽게 넣을 수 있습니다 다양한 용도: 확장 가능한 파일 폴더 레터 사이즈는 가정, 사무실 또는 학교에 적용할 수 있으며 책상 또는 종이를 보관해야 하는 모든 곳에 놓을 수 있으며 실용적이고 스타일리시합니다","특징: 간편한 보관: 확장 파일 폴더를 사용하지 않을 때는 너무 많은 공간을 차지하지 않고 쉽게 보관하고 사용할 수 있도록 접을 수 있습니다. 이상적인 선물: 확장 파일 폴더 포켓을 가족, 파트너, 구성원 및 이웃에게 보낼 수 있으며, 공유에 대해 행복하고 만족할 것입니다. 사양: 소재: 마닐라 종이. 색상: 레드, 옐로우, 그린, 블루, 퍼플, 오렌지 사이즈: 29.8 x 24.1 cm 패키지 구성: 확장 파일 폴더 24개. 참고: 수동 측정, 사이즈에 약간의 오차가 있을 수 있습니다. 화면 디스플레이의 차이로 인해 색상이 약간 다를 수 있습니다.","['확장', '파일', '폴더', '포켓', '가능하다', '종이', '문서', '보관']"
사무용품,파일링 제품,파일 재킷 및 파일 포켓,,B08BRW4YML,"1InTheOffice 플라스틱 파일 포켓 레터 사이즈, 포켓 1개, 고중량 플라스틱 파일 재킷, 다양한 색상, 5팩",1InTheOffice,11204,11204,4.0,4.0,서류 및 문서를 정리할 수 있는 파일 재킷. 팩 당 5개. 측면 플랩 클로저로 문서가 떨어지는 것을 방지합니다. 다양한 색상으로 제공되며 플라스틱으로 제작되었습니다. 레터 사이즈 재킷은 중요한 파일을 쉽게 보관할 수 있습니다. 방수 파일 소재. 무산성 및 PVC 프리 플라스틱 파일 재킷. 폴더 내용을 볼 수 있는 다양한 색상의 반투명 프로젝트 재킷,"이 1InTheOffice 다양한 색상의 플라스틱 파일 재킷으로 깔끔하게 책상을 위해 보고서와 편지를 분류하세요. 다양한 색상으로 비즈니스 파일을 색상 조정하여 즉시 정리할 수 있으며, 강화된 탭은 추가적인 보호 기능을 제공합니다. 편리한 5팩은 모든 작은 프로젝트 문서를 보관하기에 적합합니다. 이 다양한 색상의 플라스틱 파일 재킷은 대용량 문서를 보관할 수 있도록 확장되어 간단하게 보관할 수 있습니다.","['파일', '재킷', '플라스틱', '문서', '프로젝트', '포켓', '정리']"
사무용품,파일링 제품,파일 재킷 및 파일 포켓,,B09TKG2KL1,"LEOBRO 4팩 메시 지퍼 파우치, 33.5 x 23.4cm(13.25 x 9.25인치) A4 레터 사이즈 메시 백, 지퍼 파일 문서 가방, 정리 퍼즐 여행, 파일 재킷 및 파일 포켓을 위한 보관 가방",LEOBRO,11066,8296,4.5,1322.0,"메시 지퍼 파우치 백: 지퍼 파우치 4개 세트, 33.8 x 23.5cm(13.2 x 9.25인치) x 23.5cm(13.3 x 9.25인치), 4가지 생생한 색상 - 핑크, 블루, 옐로우, 그린, 눈길을 사로잡는 다양한 물건을 분류하는 데 도움이 됩니다. 물건을 정리하고 보호하기 위한 이상적인 지퍼 보관 가방으로 지저분함을 줄여줍니다. 정리를 위한 이상적인 파우치: 모든 것을 한 곳에 깨끗하고 깔끔하게 보관하고, 4가지 밝은 색상으로 다양한 품목을 대상으로 하여 다양한 유형의 느슨한 작은 물건을 분류하는 데 도움이 됩니다. 또한 이 파우치 백은 반투명하므로 지퍼를 열지 않고도 내부에 무엇이 있는지 확인할 수 있으며 내부의 내용물을 쉽게 식별할 수 있습니다. 튼튼한 메시 지퍼 파우치: 웹 질감의 고품질 메시 백, 두껍고 내마모성이 뛰어나며 견고하고 오래 지속됩니다. 방수, 모든 습기로부터 내용물을 보호할 수 있습니다. 잘 만들어진 지퍼, 천 지퍼 풀러로 쉽게 미끄러지며 튼튼하고 깨지지 않습니다. 보호용 지퍼 파우치: 방수, 내마모성, 물, 먼지, 주름, 긁힘, 마찰, 손상 및 손실로부터 보호하며 중요한 서류나 책을 보관하고 운반하기에 좋으며 오래된 신문이나 파일과 같은 깨지기 쉬운 물건을 보호합니다. 다용도 메시 백: 종이, 문구류, 영수증, 청구서, 보고서, 전자 코드, 충전기, 공예 아이템, 십자수 아이템, 장식, 공예 도구, 어린이 장난감, 퍼즐, 페인트 도구, 여행 용품, 메이크업 아이템, 주얼리, 천, 앨범, 간식 등 다양한 요구 사항을 충족시킬 수 있습니다.",,"['지퍼', '파우치', '메시', '보호', '백', '물건', '파일', '보관', '가방', '정리']"
사무용품,파일링 제품,파일 재킷 및 파일 포켓,,B00FY7NWOK,"Filexec, 파일 재킷, 레터 사이즈, 그린, 5팩 (50330-37255)",filexec,14736,14736,5.0,2.0,"내구성이 뛰어난 찢어짐, 마모 및 습기 방지 폴리 소재 시스루 프론트 포켓 레터 사이즈 플랫 포켓, 확장 거싯 없음","파일 재킷, 리갈 사이즈, 5개 팩, 오렌지","['포켓', '파일', '재킷', '확장', '플랫', '프론트', '폴리', '오렌지', '시스루', '습기']"
사무용품,파일링 제품,파일 재킷 및 파일 포켓,,B086C2RR23,7팩 B4 플라스틱 파일 폴더 방수 투명 확장 가능한 파일 폴더 - 퍼플&핑크&옐로우&그린&화이트&블루&블랙,CASAON,26301,26301,4.8,1019.0,"확장 가능한 플라스틱 파일 지갑은 A4 크기보다 36.9 x 27.9cm(14.4 x 11인치) 크며, 7.1cm(2.8인치)까지 확장 가능, 800페이지 대용량, 큰 책과 문서를 쉽게 휴대할 스냅 버튼 클로저로 파일을 안전하게 보호합니다. 사용자는 반투명 색상과 명함 포켓을 기반으로 문서를 효과적으로 분류할 수 있습니다 금속 강화 버클과 바느질 가장자리 트림이 있는 천 거싯은 두 배의 수명을 제공합니다. 일반 폴더처럼 쉽게 갈라지는 것을 방지하고 손가락이 긁히지 않도록 보호합니다 학교 과목, 사무실 문서 파일, 문구류, 여행 파일, 가전 제품 설명서(한글이 아닐 수 있음), 중요한 서류 및 시도할 수 있는 많은 물건과 같이 매일 사용하기에 적합합니다 종이 B4, A4, 레터 사이즈, 송장, 쿠폰, 명함, 엽서 등을 보관하기에 적합합니다. 학교, 가정, 사무실, 병원에서 쉽게 휴대할 수 있습니다",,"['파일', '폴더', '확장', '문서', '휴대', '명함', '보호', '사무실', '가능하다', '학교']"
사무용품,파일링 제품,파일 재킷 및 파일 포켓,,B07HJTRCT7,"Smead Organized Up 폴리 반투명 프로젝트 파일 재킷, 레터 사이즈, 투명, 팩당 10개 (85753)",SMEAD,17561,17561,4.6,103.0,폴리 프로젝트 파일 재킷으로 서류를 한눈에 볼 수 있습니다. 사무실 안팎으로 파일을 운반하는 데 적합합니다. 종이 및 기타 문서를 보호하고 안전하게 보관할 수 있도록 양면이 닫힙니다. 플랩 잠금으로 더욱 안전합니다. 내구성이 뛰어난 폴리 소재는 찢어짐 방지 및 방수 기능이 있습니다. 레터 사이즈 10개(너비 23.8cm(9-1/4인치) x 높이 29.2cm(11-3/4인치) 폴리 프로젝트 재킷이 포함되어 있습니다.,"Smead Poly 프로젝트 파일 재킷으로 서류를 한눈에 볼 수 있습니다. 사무실 안팎으로 파일을 운반하는 데 적합합니다. 종이 및 기타 문서를 보호하고 안전하게 보관할 수 있도록 양면이 닫힙니다. 추가적인 보안을 위한 턱 플랩 클로저. 내구성이 뛰어난 폴리 소재는 찢어짐 방지 및 방수 기능이 있습니다. 레터 사이즈 10개(너비 23.3cm(9-1/4인치) x 높이 29.8cm(11-3/4인치) 폴리 프로젝트 재킷이 포함되어 있습니다. 무산성, PVC 프리.","['폴리', '프로젝트', '파일', '재킷', '안전하다', '한눈', '안팎', '문서', '방수', '방지']"
사무용품,파일링 제품,파일 재킷 및 파일 포켓,,B0BFQGS66R,"60피스 확장 가능한 파일 폴더 확장 파일 포켓 재킷, 5.1cm(2인치) 튼튼한 강화 스트레이트 컷 탭 확장 레터 사이즈 문서 폴더 개학 교실 홈 오피스용, 10가지 색상",Zhehao,37381,37381,4.3,12.0,"패키지 정보: 포켓 파일 폴더 60개, 10가지 색상, 각 색상에는 6개가 있습니다. 충분한 수량은 사용 요구 사항을 충족하며 가족과 공유할 수 있습니다 적절한 사이즈: 파일링 폴더 포켓은 대략 29 x 9.5 인치/11.42 x 9.49 인치, 대용량으로 많은 물건을 담을 수 있으며 대부분의 문서와 봉투에 적합하며 보관 및 꺼내기가 쉽습니다 훌륭한 솜씨: 이 사무용품 폴더는 주로 신뢰할 수 있는 종이 소재로 만들어졌으며 안전하고 견고하며 표면이 매끄럽고 쉽게 깨지거나 색이 바래지 않습니다. 신뢰할 수 있는 소재로 오랫동안 사용할 수 있습니다 5.1cm(2인치) 확장 장착: 확장 문서 폴더는 5.1cm(2인치) 확장이 장착되어 있어 한쪽에 많은 파일을 저장할 수 있습니다. 또한 파일을 저장할 때 다른 파일이 쉽게 떨어지지 않아 편리하게 사용할 수 있습니다 다양한 용도: 가정, 교실, 사무실, 비즈니스와 같은 다양한 경우에 이 파일 재킷을 사용하여 문서, 송장, 인증서, 카드 등을 보관할 수 있으며 교사, 의사, 간호사에게 적합합니다","특징: 10가지 색상: 이 포켓 폴더는 10가지 색상으로 디자인되어 원하는 색상을 선택할 수 있습니다. 밝은 색상은 다양한 문서를 구별하고 쉽게 정리하고 검색할 수 있도록 도와줍니다. 사려 깊은 선물: 일상 생활에서 파일 폴더가 필요한 친구가 있다면, 저희에게 줄 수 있습니다. 이 선물을 좋아하고 행복하게 느낄 것입니다. 사양: 소재: 종이. 색상: 사진과 같음. 사이즈: 약 29 x 9.5인치/11.42 x 9.49 인치. 패키지 구성: 파일 재킷 60개. 참고: 수동 측정, 사이즈에 약간의 오차가 있을 수 있습니다. 화면 디스플레이의 차이로 인해 색상이 약간 다를 수 있습니다.","['파일', '폴더', '확장', '문서', '포켓', '재킷', '패키지', '저장', '장착', '교실']"
사무용품,파일링 제품,파일 재킷 및 파일 포켓,,B091D5MTJJ,"Blue Summit Supplies 프로젝트 파일 폴더 50개, 강화된 스트레이트 컷 탭, 5.1cm(2인치) 확장 포켓, 사전 인쇄된 프로젝트 관리 폴더 디자인, 레터 사이즈, 마닐라, 50팩",Blue Summit Supplies,44306,44306,4.5,167.0,"앞면, 뒷면 및 탭에 미리 인쇄된 디자인의 레터 사이즈(29.9cm x 24cm x 5cm) 프로젝트 파일 폴더 50개가 포함되어 있습니다 문서가 미끄러지거나 떨어지는 것을 방지하는 측면이 있는 5.1cm(2인치) 확장으로 100개 이상의 문서를 한 곳에 편리하게 보관할 수 있습니다 가정, 사무실 또는 학교 환경에서 크고 부피가 큰 프로젝트 파일 용품, 차트, 매뉴얼, 소책자 등을 정리하는 데 적합합니다 제공된 공간의 각 프로젝트에 라벨을 붙이고 추적할 수 있는 상세한 사전 인쇄된 파일 재킷으로 프로젝트를 깔끔하게 정리하세요 스트레이트 컷 강화 탭은 표준 탭 라벨에 맞으며 두꺼운 11PT 강화 용지는 마모가 거의 없이 파일을 정리하고 저장할 수 있습니다","가정이나 사무실을 위한 훌륭한 정리 도구! 몇 년 동안의 파일을 표준 파일 폴더에 넣는 것이 얼마나 짜증나는 일인지 알고 있습니다. 폴더가 파일에 맞지 않으며 측면이 열려 있어 집어 올리면 모든 파일이 떨어집니다. 견고한 5.1cm(2인치) 확장 파일 재킷은 문제를 해결하고 내부에 100개의 문서를 보관합니다. 내구성이 뛰어난 구조는 11 PT 용지와 강화된 엔드 탭을 사용하며, 미리 인쇄된 디자인으로 프로젝트에 쉽게 라벨을 붙이고 정리할 수 있습니다. 환불 보장 당사는 제품에 전적으로 자신이 있습니다. 구매 상품을 물리적으로 볼 수 없다면 실제 제품을 구매하는 것이 어려울 수 있다는 것을 알고 있습니다. 그러나 저희 제품이 귀하가 찾고 있는 것과 정확히 일치하지 않거나 기대를 충족하지 못하는 경우 언제든지 반품하여 전액 환불을 받으십시오.","['파일', '프로젝트', '탭', '정리', '폴더', '강화', '인쇄', '디자인', '라벨', '문서']"
사무용품,파일링 제품,파일 재킷 및 파일 포켓,,B0CLG9KNVK,"Qilery 5.1cm(2인치) 마닐라 파일 재킷 벌크, 강화 스트레이트 컷 탭, 튼튼한 확장 파일 포켓 폴더, 레터 사이즈 (200개)",Qilery,90011,90011,3.4,3.0,"풍부한 수량: 약 29.5 x 24 x 5cm(11.6 x 9.5 x 1.95인치) 크기의 파일 포켓 폴더 200개를 받게 되며, 일상적인 필요와 생산성을 높일 수 있는 충분한 공간 고품질 소재: 확장 가능한 폴더는 쉽게 뒤틀리거나 깨지지 않는 고품질 종이로 만들어져 사용하기 쉽고 오랫동안 휴대할 수 있습니다 확장 가능한 성능: 당사의 마닐라 폴더는 확장 가능하며 측면에서 최대 5.1cm(2인치)까지 확장할 수 있으므로 사용하지 않을 때는 접을 수 있으며 용량을 늘리기 위해 확장할 수 있습니다 컷 라벨: 스트레이트 컷 라벨은 내용물과 라벨 유연성을 위한 충분한 공간을 제공하여 모든 사무실이나 학교 환경에서 재사용할 수 있습니다 다양한 용도: 이 파일 폴더 레터 사이즈는 사무실, 학교 및 가정에 널리 적용되어 청구서, 영수증, 사무실 문서, 유인물, 양식, 워크시트, 그림 등을 보관할 수 있습니다. 작업 및 공부에 이상적입니다","특징: 간편한 정리: 표준 레터 사이즈 용지 크기의 파일 폴더는 사무실 서류를 관리하는 데 이상적입니다. 이상적인 선물: 이 파일 폴더는 가족, 친구, 동료, 이웃 등을 위한 실용적인 선물이 될 수 있습니다. 사양: 소재: 종이. 색상: 크림 색상 사이즈: 약 29.5 x 24 x 5cm 패키지 구성: 마닐라 파일 재킷 200개. 참고: 수동 측정, 사이즈에 약간의 오차가 있을 수 있습니다. 화면 디스플레이의 차이로 인해 색상이 약간 다를 수 있습니다.","['파일', '폴더', '확장', '사무실', '마닐라', '가능하다', '라벨', '스트레이트', '포켓', '공간']"
사무용품,파일링 제품,파일 재킷 및 파일 포켓,,B096KSQH9R,"확장 파일 폴더, 아코디언 파일 오거나이저 13 포켓 아코디언 파일 홀더, 신축성 있는 버클 클로저, 홈 스쿨 사무실용 A4 종이 문서 정리함",Cesil,26301,13836,4.6,1583.0,"✔제품 구성 - 블랙 13포켓 확장 파일 폴더 1개, 사이즈: 33*24*3.5cm, 편지, A4 용지, 문서, 송장, 계약서 및 일반 미국 용지를 보관할 수 있으며 최대 150-200장의 용지에 맞습니다. 문서 용지 폴더는 휴대가 간편하며 백팩, 서류 가방, 수하물 등에 넣을 수 있습니다 ✔내구성 및 방수 - 이 파일 오거나이저 확장 폴더는 고품질 PP로 만들어져 강하고 유연하며 찢어짐 방지 및 내구성이 뛰어납니다. 방수 및 습기 방지 소재로 중요한 문서를 깨끗하게 유지할 수 있습니다. ✔탭이 있는 확장 가능한 포켓 - 파일 재킷에는 13개의 확장 가능한 개별 포켓이 있어 다양한 문서를 섹션으로 깔끔하게 분류할 수 있습니다. 탭 인서트가 있어 각 파일에 라벨을 붙이고 쉽게 찾을 수 있어 지저분함 없이 모든 것을 순서대로 얻을 수 있습니다. ✔안전한 디자인 - 당사의 폴더 오거나이저는 신축성 있는 코드 클로저가 있는 플랩이 특징이며, 운반 중에 문서를 안전하고 단단히 보호하여 어디를 가든 파일을 휴대할 수 있습니다. ✔다양한 사용 - 당사의 아코디언 폴더는 공과금, 송장, 편지, A4 용지 및 기타 문서를 정리하는 데 적합합니다. 학교, 사무실, 가정용으로 사용하거나 교사, 학생, 의사, 엔지니어, 디자이너, 연구원, 세일즈맨 등을 위한 완벽한 선물입니다",,"['파일', '문서', '폴더', '용지', '확장', '포켓', '구성', '아코디언', '방지', '방수']"
사무용품,파일링 제품,파일 재킷 및 파일 포켓,,B0CJCTQKMN,"Blue Summit 확장 파일 포켓 오거나이저, 리갈 사이즈, 13.3cm(5.25인치) 확장 - 10팩",Blue Summit Supplies,29071,29071,5.0,1.0,충분한 저장 용량을 위한 13.3cm(5.25인치) 확장 내구성을 위한 11PT 인쇄 용지 소재와 강화 거싯 표준 문서에 맞는 법적 크기 종합적인 정리를 위한 10개의 폴더 포함 두꺼운 패널을 접어 문서를 쉽게 꺼낼 수 있습니다,"Blue Summit 확장 파일 포켓 오거나이저는 실용적인 13.3cm(5.25인치) 확장을 자랑하며 문서를 효율적으로 정리하고 보관할 수 있는 충분한 공간을 제공합니다. 내구성이 뛰어난 11PT 인쇄 용지 소재와 강화 거싯으로 제작되어 강도와 클래식한 미학을 모두 제공합니다. 표준 법적 크기의 문서를 수용하도록 설계된 이 포켓은 대부분의 서류 작업과 호환됩니다. 10개의 폴더 세트가 포함되어 있어 파일을 종합적으로 분류하고 관리할 수 있습니다. 또한 두꺼운 패널을 접어 중요한 문서를 쉽게 꺼낼 수 있습니다. 가정이나 사무실에서 사용할 수 있는 이 파일 포켓은 기능, 내구성 및 스타일이 혼합되어 정리 시스템을 쉽게 간소화할 수 있습니다.","['확장', '문서', '포켓', '파일', '구성', '정리', '용지', '법적', '인쇄', '두껍다']"
사무용품,파일링 제품,파일 재킷 및 파일 포켓,,B091D9RX6S,"12.7cm(5인치) 확장 가능한 파일 폴더 10개, 리갈 사이즈, 스트레이트 컷 탭, 다양한 색상, 블루 서밋 용품, 대용량 파일 정리에 적합한 대형 확장 파일 포켓, 12.7cm(5인치) 확장, 박스당 10개",Blue Summit Supplies,35996,35996,4.4,174.0,"크고 부피가 큰 파일, 의료 차트, 소책자, 제품 설명서 등을 12.7cm(5인치) 확장 가능한 파일 폴더에 쉽게 넣을 수 있습니다. 33.5인치 x 9.5인치 x 5인치(35.56cm x 24cm x 12.5cm) 다양하고 생생한 색상은 모든 색상 코드 파일 시스템에 적합합니다. 파일 캐비닛에 쉽게 삽입하고 탭에 라벨을 추가하여 한 눈에 식별할 수 있습니다 상자 당 10개의 파일 포켓이 포함되어 있으며 각 색상은 레드, 옐로우, 블루, 그린, 블랙 2개가 포함되어 있습니다 표준 파일 폴더 또는 파일 재킷과 달리, 당사의 초대형 아코디언 파일 폴더는 700장 이상의 시트를 한 곳에 보관할 수 있으며 튼튼한 측면과 접이식 전면 플랩으로 모든 것이 떨어지는 것을 방지합니다 스트레이트 컷 탭과 11PT 강화 용지 2겹으로 가정, 사무실 또는 학교 환경에서 수년간 반복적으로 사용할 수 있도록 수명과 견고함을 보장합니다","가정이나 사무실을 위한 훌륭한 정리 도구! 몇 년 동안의 파일을 표준 파일 폴더에 넣는 것이 얼마나 짜증나는 일인지 알고 있습니다. 폴더가 파일에 맞지 않으며 측면이 열려 있어 집어 올리면 모든 파일이 떨어집니다. 견고한 12.7cm(5인치) 확장 파일 포켓은 이러한 문제를 해결하고 내부에 700개 이상의 문서를 보관할 수 있습니다. 하단 확장, 고정된 측면 및 내부의 모든 것을 보호하고 감싸기 위해 접을 수 있는 전면 플랩 덕분에 파일을 한 곳에 보관할 수 있습니다. 내구성이 뛰어난 구조는 11PT 용지 2겹을 사용하여 사무실에서 수년 동안 사용할 수 있으며 많은 양의 종이를 안전하게 보관하고 반복적으로 사용할 수 있습니다. 다양한 색상으로 모든 색상 코딩 파일 시스템에서 필요한 것을 한 눈에 쉽게 찾을 수 있습니다. 환불 보장 당사는 제품에 전적으로 자신이 있습니다. 구매 상품을 물리적으로 볼 수 없다면 실제 제품을 구매하는 것이 어려울 수 있다는 것을 알고 있습니다. 그러나 저희 제품이 귀하가 찾고 있는 것과 정확히 일치하지 않거나 기대를 충족하지 못하는 경우 언제든지 반품하여 전액 환불을 받으십시오.","['파일', '확장', '폴더', '측면', '포켓', '사무실', '탭']"
사무용품,파일링 제품,파일 재킷 및 파일 포켓,,B006MGOYZI,"Smead 프로젝트 파일 재킷, 튼튼한 일자 탭, 미리 인쇄된 앞면과 후면 및 탭, 5cm(2인치) 확장, 편지 규격, 마닐라, 박스 당 50장(75622)",SMEAD,68225,73391,4.7,323.0,"50 글자 사이즈(너비 29.9cm/11.75인치 x 높이 24.1cm/9.5인치) 및 튼튼한 일자 탭이 있는 확장된 마닐라 파일 재킷이 포함되어 있으며, 프로젝트 진행상황 파악을 위해 간단하고 일관된 형식으로 미리 인쇄되어 있습니다 전체 높이의 측면 거싯은 자재가 미끄러지거나 이동하거나 흐트러지는 것을 방지하고, 프로젝트 자료를 위해 최대 5.1cm(2인치)까지 확장되며, 강화된 탭은 내구성을 더합니다 전면, 후면 및 탭에 미리 인쇄된 영역은 제목, 프로젝트 설명, 동봉된 문서, 프로젝트 활동 등과 같은 중요한 프로젝트 관련 정보를 작성하는 데 도움이 됩니다 작은 물건을 안전하게 보관할 수 있도록 프로젝트 파일 재킷 안에 접착제가 발린 폴리 포켓(68185, 별도 판매)을 사용하세요 미국에서 자랑스럽게 제작된 이 11포인트 마닐라 파일 폴더는 10% 재활용 소재, 10% 소비자 사용 후 재활용 소재를 포함하고 있으며 SFI 소싱 인증을 받았습니다","프로젝트 문서를 선명하고 체계적으로 손이 닿는 곳에 보관하세요. Smead의 사전 인쇄된 프로젝트 파일 재킷은 자료를 정리하고 중요한 프로젝트의 세부 사항을 기억할 수 있는 완벽한 방법입니다. 전면, 후면 및 탭에 미리 인쇄된 영역은 프로젝트를 추적하기 위한 간단하고 일관된 형식을 제공합니다. 50개 팩의 다른 레터 사이즈 포켓 폴더는 닫혀 있어 서류를 안전하게 보관할 수 있으며, 이동 중이나 회의 혹은 집에 파일을 가져갈 때 이상적인 솔루션입니다. 측면을 감싸는 거싯은 소재가 미끄러지는 것을 방지하고, 강화된 탭으로 내구성을 더했습니다. 최대 5.1cm(2인치) 확장으로 프로젝트 자재를 위한 충분한 공간을 제공합니다. 스트레이트 컷 탭은 라벨링을 위한 넓은 영역을 제공하며, 자체 접착 폴리 포켓(68185 - 별도 판매)으로 문서 보관을 추가로 할 수 있습니다. 혁신과 품질의 풍부한 헤리티지. 효율적인 문서 관리를 위한 솔루션을 제공하는 세계 최고의 공급업체인 Smead는 고품질의 환경 책임적인 제품 및 혁신적인 조직 시스템으로 잘 알려진 여성 소유 회사입니다. Smead는 한 세기가 넘도록 하나의 목적만을 위해 헌신해왔습니다. 깔끔하게 정리 됩니다!","['프로젝트', '탭', '파일', '인쇄', '문서', '재킷', '확장', '미리', '마닐라', '영역']"
사무용품,파일링 제품,파일 재킷 및 파일 포켓,,B000FD9YHM,"Pendaflex 튼튼한 확장 파일, 매우 두꺼운 커버, Tyvek 강화 가장자리, 포켓 21개, A-Z 탭, 신축성 있는 코드 클로저, 레터 사이즈(R117ALHD), 브라운",Pendaflex,24223,20871,4.6,3086.0,"튼튼함: 이중 강화 플랩이 있는 레드로프 커버는 몇 주, 몇 달, 몇 년 동안 과도한 사용을 견딜 수 있도록 제작되었습니다 시작하세요: 미리 인쇄된 A-Z 탭 한 줄은 게이트에서 바로 정렬하고 정리할 수 있습니다. 다른 행의 빈 탭은 필요에 따라 섹션을 개인화할 수 있습니다 플랩 및 탄성 코드 잠금: 이 시스템은 종이를 보관, 운반 또는 운반하는 동안 종이를 안전하게 보호합니다 확장 가능 공간: 파일이 커짐에 따라 확장되는 측면이 커집니다. Tyvek 강화 상단 가장자리는 과도하게 채워진 파일도 그대로 유지합니다","Pendaflex 튼튼한 확장 파일은 많은 양의 종이를 안전하게 정리하고 운반할 수 있도록 도와줍니다. 이 튼튼한 확장 파일은 매우 두꺼운 커버, 상단 가장자리에 Tyvek 보강재, 내용물을 안전하게 보관할 수 있는 신축성 있는 코드 클로저가 있습니다. 사전 인쇄된 A-Z 탭은 라벨, 스티커, 탭 인서트, 영구 마커 또는 번거로움 없이 쌓인 상태에서 파일로 이동할 수 있도록 도와줍니다. 클래식을 간과하지 마세요! 이 간단한 아코디언 폴더는 정리 점검을 위한 훌륭한 스타터 도구입니다. 21포켓 튼튼한 확장 파일. 레터 사이즈. 사무실에서 필수 불가결 : 변호사, 회계사, 세무 준비자 및 바쁜 사무실은 확장 파일 폴더를 사용하여 빠르게 성장하는 파일을 분류하고 제어합니다. 프로젝트 정복: 집에서 사무실 전략을 적용하여 모기지 서류를 한 곳에 보관하거나 세금 시즌 영수증을 보관하십시오. 사용 설명서, 벤더의 청구서, 종이 관리를 마스터할 수 있는 기회는 무한합니다. 간단하고 경제적인 솔루션으로 시작: 어수선함을 해결하는 데 도움이 되는 수많은 정리 도구가 있지만 Pendaflex 확장 파일보다 직관적이거나 비용 효율적인 도구는 없습니다. 올바른 파일을 찾기 위해 더듬거리십니까? 정리된 책상은 생산성을 극적으로 향상시키고 참을성 있게 기다리는 사람들에게 적절한 인상을 남길 것입니다. 큰 파일링 작업을 위해 비축: 다음 번 큰 정리 프로젝트를 위해 몇 개를 준비하거나 필요에 따라 파일링 핫스팟을 분류하세요.","['파일', '확장', '정리', '탭', '튼튼하다', '종이', '사무실', '커버', '운반', '안전하다']"
사무용품,파일링 제품,파일 재킷 및 파일 포켓,,B0874WZDZR,"Blue Summit Supplies 블루 파일 재킷 100개, 강화된 스트레이트 컷 탭, 표준 걸이 파일에 사용하도록 설계, 레터 사이즈, 100팩",Blue Summit Supplies,48461,48461,4.7,38.0,"느슨한 파일, 차트, 영수증, 제품 설명서 등을 표준 레터 사이즈 블루 파일 재킷에 쉽게 보관할 수 있습니다 파란색 파일 재킷 덕분에 느슨한 물건을 한 곳에 편리하게 보관할 수 있습니다. 닫힌 측면은 파일을 이동할 때 떨어지지 않는 수년 간의 파일을 보관할 수 있습니다. 영수증, 세금 파일, 사무실 문서 등을 보관하기에 좋습니다 단일 카테고리의 파일을 하나의 파일 폴더에 정리하세요. 파일 캐비닛에 쉽게 삽입하고 탭에 라벨을 추가하여 한 눈에 식별할 수 있습니다 스트레이트 컷 강화 탭은 표준 탭 라벨에 적합하며 두꺼운 11PT 강화 용지는 가정, 사무실 또는 학교 환경에서 반복적으로 사용할 수 있습니다 블루 파일 재킷 100개 밸류 팩으로 대량 구매하면 비용을 절약하세요.",가정 또는 사무실을 위한 훌륭한 정리 도구/표준 파일 폴더를 사용하여 작고 느슨한 파일을 추적하는 것이 얼마나 실망스러운지 알고 있습니다. 이 파란색 파일 재킷에는 내부에 모든 파일과 내용물이 포함되어 있으므로 집어 올리면 아무것도 빠지지 않습니다./견고한 블루 파일 재킷은 모든 파일을 깔끔하고 안전하게 내부에 보관하고 주름이나 내용물의 기타 손상을 방지합니다.,"['파일', '재킷', '블루', '표준', '탭', '느슨하다', '강화', '사무실']"
사무용품,파일링 제품,파일 재킷 및 파일 포켓,,B0CJHQQ2X9,"Blue Summit Supplies 확장 아코디언 파일 지갑, 레터 사이즈, 5.1cm(2인치) 확장, 파일 지갑 10개, 다양한 표준 색상",Blue Summit Supplies,29071,29071,3.3,9.0,레터 사이즈 5.1cm(2인치) 확장 다양한 색상 지갑 10개,"Blue Summit Supplies 확장 아코디언 파일 지갑, 레터 사이즈, 5.1cm(2인치) 확장, 파일 지갑 10개, 다양한 표준 색상","['확장', '지갑', '파일', '표준', '아코디언']"
사무용품,파일링 제품,파일 재킷 및 파일 포켓,,B0CBRZYWQP,36피스 확장 파일 포켓 폴더 오거나이저 레터 사이즈 확장 가능한 파일 폴더 8.9cm(3.5인치) 확장 컬러 파일 재킷 사무실 학교용 24.1 x 29.9cm(9.5 x 11.75인치) 9가지 색상,Tenceur,63696,63696,2.4,8.0,"충분한 사용 및 공유: 이 패키지에는 9가지 색상의 36개의 고품질 확장 파일 폴더가 포함되어 있으며 각 색상마다 4개가 포함되어 있습니다. 학교, 직장 또는 집에 있을 때 이 폴더는 파일 저장 요구 사항의 대부분을 충족할 수 있으며 가족 및 친구들과 공유할 수 있습니다 확장 가능한 디자인: 확장 가능한 파일 폴더는 최대 8.9cm(3.5인치)의 확장 가능한 디자인을 제공하여 최대 400장의 종이를 담을 수 있어 공간을 거의 차지하지 않으며 추가 저장 용량이 필요할 때만 확장됩니다 신뢰할 수 있는 소재: 고품질 종이 소재로 제작된 이 견고하고 내구성이 뛰어난 확장 파일 포켓은 매일 사용할 수 있으며 쉽게 찢어지거나 부서지지 않으며 생생하고 밝은 색상으로 디자인되어 색이 바래지 않으며 오랫동안 사용할 수 있습니다 레터 사이즈: 약 29.8 x 24.1cm(11.75 x 9.5인치) 크기의 확장 파일 폴더 포켓은 A4 용지 및 대부분의 문서, 편지, 숙제, 영수증, 서류 정리 등을 보관하기에 이상적입니다 다양한 용도: 학교 일을 정리하는 학생이든 프로젝트를 정리하는 전문가이든, 문서 세트를 위한 확장 가능한 폴더는 대부분의 사람들에게 이상적인 솔루션입니다. 문서 처리가 필요한 세미나 또는 컨벤션과 같은 경우에도 실용적입니다","특징: 실용적이며 선물 준비: 꼼꼼하게 디자인된 확장 파일 폴더 오거나이저로 실용성과 미학이 만났습니다. 기능은 개인적인 용도를 뛰어넘습니다. 학생, 사무실 근로자 또는 삶에 조직을 가져오고 싶은 모든 사람에게 사려 깊은 선물이 됩니다. 생생하고 다채로운 디자인: 일상적인 서류 정리 및 서류 작업에 색상을 더하세요. 9가지 생생한 색상으로 구성된 이 파일 재킷 8.9cm(3.5인치) 확장은 사무실 공간에 시각적 매력을 가져다 주는 동시에 문서를 색상 코딩하여 빠르게 식별하고 액세스할 수 있도록 도와줍니다. 사양: 소재: 종이. 사이즈: 약 29.8 x 24.1 cm 색상: 9가지 색상 패키지 구성: 확장 가능한 파일 폴더 36개. 참고: 수동 측정, 사이즈에 약간의 오차가 있을 수 있습니다. 화면 디스플레이의 차이로 인해 색상이 약간 다를 수 있습니다.","['확장', '파일', '폴더', '가능하다', '디자인', '정리', '문서', '구성', '종이', '사무실']"
사무용품,파일링 제품,파일 재킷 및 파일 포켓,,B0CJVPD5SS,"Blue Summit 확장 파일 포켓, 레터 사이즈, 8.9cm(3.5인치) 확장, 레드로프 - 폴더 10개",Blue Summit Supplies,29071,29071,5.0,1.0,충분한 저장 용량을 위한 8.9cm(3.5인치) 확장 내구성과 스타일을 위한 레드로프 소재 표준 문서에 맞는 레터 사이즈 종합적인 정리를 위한 10개의 폴더 포함 오래 지속되는 내구성을 위한 이중 두께의 리드롭 패널과 강화 거싯.,"이 확장 파일 포켓은 실용적인 8.9cm(3.5인치) 확장을 자랑하며 문서를 효율적으로 정리하고 보관할 수 있는 충분한 공간을 제공합니다. 내구성이 뛰어난 redrope 소재로 제작되어 강도와 클래식한 미학을 모두 제공합니다. 표준 레터 사이즈 문서를 수용할 수 있도록 설계된 이 포켓은 대부분의 서류 작업과 호환됩니다. 10개의 폴더 세트가 포함되어 있어 파일을 종합적으로 분류하고 관리할 수 있습니다. 또한, 이중 두께의 리드롭 패널은 중요한 문서를 안전하고 안전하게 보관할 수 있도록 추가적인 보호 레이어를 추가합니다. 가정이나 사무실에서 사용할 수 있는 이 파일 포켓은 기능, 내구성 및 스타일이 혼합되어 정리 시스템을 쉽게 간소화할 수 있습니다.","['확장', '문서', '포켓', '파일', '구성', '폴더', '정리', '종합', '스타일', '리드']"
사무용품,파일링 제품,파일 재킷 및 파일 포켓,,B00006ICM7,"Smead 자체 접착 폴리 포켓, 문서 사이즈, 투명, 박스 당 100개(68185)",SMEAD,71327,71327,4.7,931.0,"100개의 문서 크기(너비 22.9cm(9인치) x 높이 14.7cm(5-9/16인치) 투명 자체 접착 폴리 포켓이 포함되어 있어 작은 문서를 파일 폴더, 바인더 및 프레젠테이션 자료에 부착할 수 있습니다 내구성이 뛰어난 폴리 소재는 찢어짐 및 방수 기능이 있어 내용물을 먼지와 습기로부터 보호합니다. 프레젠테이션, 유인물 및 경품 행사에 체크리스트, 자세한 메모 및 작은 형태를 추가하는 데 적합합니다 영구 자체 접착 포켓은 파일 포켓, 재킷, 폴더, 바인더 및 긴 설명, 재고 목록 또는 작은 부수적 요소를 배치해야 하는 대부분의 표면에 부착됩니다 튼튼한 폴리 포켓은 양식과 사진을 쉽게 배치할 수 있어 파일, 폴더 및 프레젠테이션에 보다 전문적인 외관을 제공하거나 관련 문서와 함께 세부 사항을 보관할 수 있습니다 중성 및 PVC 프리 자체 접착 슬리브는 정리된 상태를 유지하도록 도와주며, 문서와 피치가 있는 하프 시트 크기의 메모를 보관하거나 바인더와 프레젠테이션을 개인화하기에 적합합니다","문서와 프레젠테이션으로 작은 양식과 사진을 보관하세요. Smead의 자체 접착 폴리 포켓은 중요한 정보와 부수적 사항을 올바른 위치에 보관할 수 있도록 설계되었습니다. 이 투명 폴리 포켓은 이미지, 정보 및 영수증을 파일에 부착하는 데 편리합니다. 100개의 문서 크기(너비 22.9cm(9인치) x 높이 14.7cm(5-9/16인치) 투명 폴리 포켓이 포함되어 있으며 자체 접착식 뒷면이 있습니다. 접힌 레터 사이즈 용지에 맞습니다. 라이너를 벗겨내고 제자리에 눌러 문서를 안으로 밀어 넣기만 하면 됩니다. 폴리 슬리브는 파일 폴더, 바인더, 재킷, 프레젠테이션, 책 등과 같은 대부분의 표면에 부착됩니다. 찢어짐 및 방수 기능이 있는 이 포켓은 청소하기 쉽고 작은 종이를 보호하는 데 도움이 됩니다. 색인, 자세한 메모 및 제품, 고객, 환자, 장소 등의 사진을 파일에 추가하는 데 사용하세요. 아트워크 및 재고 관리 뒤에 신중한 라벨링에 사용하세요. 완전한 패키지로 문서를 전달할 수 있어 작업 흐름을 더 쉽게 할 수 있습니다. 간단한 변경으로 생산성을 높이고 조직을 개선할 수 있습니다. 지난 세기 동안 Smead 는 가족 유산의 중요성을 정의하고 풍부한 역사를 오늘날의 사람으로 엮었습니다. 품질과 장인 정신에 대한 타의 추종을 불허하는 헌신으로 Smead 는 현대 작업자를 염두에 두고 진정한 제품과 솔루션을 만들기 위해 혁신을 선도합니다.","['문서', '포켓', '폴리', '테이', '프레젠테이션', '자체', '파일', '접착', '작다', '바인더']"
사무용품,파일링 제품,파일 재킷 및 파일 포켓,,B0CTRV1YPV,"1InTheOffice 확장 파일 포켓, 파일 재킷, 파일 지갑, 8.9cm(3.5인치) 확장, 레터 사이즈, 강화된 스트레이트 컷 탭, 거싯, 옐로우, 5팩",1InTheOffice,19376,19376,,,8.9cm(3.5인치) 확장이 가능한 확장 파일 포켓은 문서를 위한 충분한 공간을 제공하여 효율적인 정리와 쉬운 검색을 보장합니다. 파일 재킷은 표준 레터 크기의 용지에 맞게 설계되었으며 일반적인 용지 크기를 수용하면서 문서를 순서대로 보관할 수 있는 다용도 솔루션을 제공합니다. 파일의 강화된 스트레이트 컷 탭은 강도를 향상시킬 뿐만 아니라 다양한 섹션을 빠르게 식별할 수 있어 견고하고 체계적인 파일링 시스템에 기여합니다. 파일 지갑은 용량을 늘릴 수 있는 거싯 디자인으로 파일의 무결성을 손상시키지 않으면서 점점 더 많은 문서를 저장할 수 있습니다. 노란색 파일 포켓은 5팩으로 편리하게 포장되어 비용 효율적이고 색상으로 구분된 구성을 제공하여 일관되고 전문적인 외관으로 서류 정리 과정을 간소화합니다.,"1InTheOffice 확장 파일 포켓, 파일 재킷, 파일 지갑, 8.9cm(3.5인치) 확장, 레터 사이즈, 강화된 스트레이트 컷 탭, 거싯, 옐로우, 5팩/1InTheOffice 확장 파일 포켓 - 문서 정리에 필요한 전형적인 솔루션입니다. 레터 크기의 문서용으로 설계된 이 다용도 옐로우 파일 재킷 5팩은 8.9cm(3.5인치) 확장 기능을 자랑하며 증가하는 용지를 위한 완벽한 저장소입니다. 강화된 스트레이트 컷 탭은 내구성을 보장할 뿐만 아니라 신속한 파일 식별을 지원하여 필수 정보에 대한 액세스를 간소화합니다. 거싯 디자인의 파일 지갑은 추가적인 유연성을 제공하여 깔끔함을 손상시키지 않으면서 다양한 문서를 수용할 수 있습니다. 확장 파일 포켓은 다양한 전문적인 설정에 이상적이며 파일링 시스템에 효율성과 질서를 제공합니다. 기능적이고 미학적으로 만족스럽게 제작된 이 파일 포켓은 사무실이나 가정에 없어서는 안될 추가 아이템입니다./주요 포인트:/- 충분한 저장 용량을 위한 광범위한 8.9cm(3.5인치) 확장./- 레터 사이즈 디자인으로 표준 문서를 수용할 수 있습니다./- 강화된 스트레이트 컷 탭은 내구성을 향상시키고 빠른 식별을 돕습니다./- 거싯 측면은 보관 공간과 유연성을 향상시킵니다./- 편리한 5팩으로 제공되어 비용 효율적인 정리를 제공합니다./- 전문가 및 가정 환경 모두에 이상적입니다./- 파일 재킷 또는 파일 지갑으로 다양하게 사용할 수 있습니다./- 눈에 띄는 옐로우 색상은 정리와 전문성을 더합니다.","['파일', '확장', '포켓', '문서', '정리', '탭', '지갑', '스트레이트', '재킷', '강화']"
사무용품,파일링 제품,파일 재킷 및 파일 포켓,,B0CLGC7DNQ,"PATIKIL 파일 재킷 10개, 마닐라 파일 재킷 파일 포켓 폴더 레터 사이즈 5.1cm(2인치) 확장 포켓 스트레이트 컷 탭 오거나이저 벌크 교실 홈 오피스 서류 작업용 21.6 x 27.9cm(8.5 x 11인치)",PATIKIL,24362,24362,,,"⭐소재: 마닐라 종이; 스타일: 마닐라 파일 재킷; 두께: 6mm; 전체 사이즈: 297 x 237 mm / 11.7 x 9.3 inch; 확장: 50mm / 2 inch; 적합: 레터 사이즈 8.5 x 11 ⭐1. 5.1cm(2인치) 확장으로 파일 재킷에 100장 이상의 파일 용지를 쉽게 보관할 수 있습니다. 마닐라의 2.11 포인트 튼튼한 종이 스톡은 중요한 종이를 보호합니다. 3. 찢어짐 방지 강도를 위해 6mm 두께의 마닐라 종이로 제작되었습니다 ⭐이 파일 폴더를 사용하여 파일을 쉽게 저장할 수 있습니다. 교실, 가정, 사무실 사무실, 캐비닛, 대학, 서류 작업에 적합합니다. 문서, 청구서, 프로젝트, 편지, 차량 기록, 정보의 하드 카피, 개인 우편 등을 정리할 수 있는 경제적인 솔루션입니다. 사무실에서 중요한 문서를 파일 서랍에 보관하기에도 좋습니다. ⭐마닐라 포켓 인덕션 시스템을 결정합니다. 선택 사항: 글자, 테마, 카테고리, 숫자, 시간 등 용지 크기에 주의하세요.","이 파일 재킷을 사용하여 파일을 쉽게 보관할 수 있습니다. 교실, 가정, 사무실 사무실, 캐비닛, 대학, 서류 작업에 적합합니다. 문서, 청구서, 프로젝트, 편지, 차량 기록, 정보의 하드 카피, 개인 우편 등을 정리할 수 있는 경제적인 솔루션입니다. 사무실에서 중요한 문서를 파일 서랍에 보관하기에도 좋습니다. 사양: 소재: 마닐라 종이. 스타일: 마닐라 파일 재킷 두께: 6mm 전체 크기: 297 x 237 mm / 11.7 x 9.3 inch 확장: 50mm / 2 inch 장점: 1. 5.1cm(2인치) 확장으로 파일 재킷에 100장 이상의 파일 용지를 쉽게 보관할 수 있습니다. 마닐라의 2.11 포인트 튼튼한 종이 스톡은 중요한 종이를 보호합니다. 3. 찢어짐 방지 강도를 위해 6mm 두께의 마닐라 종이로 제작되었습니다. 설명서(한글이 아닐 수 있음): 마닐라 포켓 인덕션 시스템을 결정합니다. 선택 사항: 글자, 테마, 카테고리, 숫자, 시간 등. 참고: 용지 크기에 주의하세요.","['파일', '마닐라', '종이', '재킷', '사무실', '확장', '용지', '중요하다', '포켓', '문서']"
사무용품,파일링 제품,파일 재킷 및 파일 포켓,,B00113QLWG,"Smead Organized Up 폴리 불투명 프로젝트 재킷, 레터 사이즈, 다양한 색상, 팩당 5개 (85740)",SMEAD,9833,9833,4.6,93.0,"5가지 레터 사이즈(너비 24.4cm x 높이 29.2cm(9-1/4인치 x 11-3/4인치) 불투명 프로젝트 재킷이 포함되어 있어 투명한 전면을 통해 폴더 내용을 볼 수 있습니다 내구성이 뛰어난 폴리 소재는 찢어짐 및 방수 기능이 있어 내용물을 먼지와 습기로부터 보호하고 세척하기 쉽습니다 한쪽과 하단에 밀봉된 이 파일 포켓은 측면 턱 플랩으로 문서와 프레젠테이션을 안전하게 보관할 수 있습니다 튼튼한 파일 재킷은 프로젝트를 한 눈에 정리하기에 적합하며 쉽게 식별할 수 있도록 다양한 색상으로 제공됩니다 중성 및 PVC 프리 프로젝트 재킷은 정리된 상태를 유지하는 데 도움이 되며 영수증, 가벼운 서류 제출, 중요한 문서 및 여행 세부 정보를 위한 완벽한 선택입니다","폴리 프로젝트 파일 재킷으로 서류를 한눈에 볼 수 있습니다. 내용물을 쉽게 볼 수 있도록 투명한 앞면이 있는 단색 뒷면. Smead 파일 재킷은 사무실 안팎으로 파일을 운반하는 데 적합합니다. 종이 및 기타 문서를 보호하고 안전하게 보관할 수 있도록 양면이 닫힙니다. 추가적인 보안을 위한 턱 플랩 클로저. 내구성이 뛰어난 폴리 소재는 찢어짐 방지 및 방수 기능이 있습니다. 5개의 레터 사이즈(너비 24.4cm x 높이 29.2cm (9-1/4인치 x 11-3/4인치) 폴리 프로젝트 재킷이 포함되어 있습니다. 색상 모음에는 블랙, 블루, 그린, 레드, 옐로우 각각 1개가 포함되어 있습니다. 무산성 및 PVC 프리.","['재킷', '프로젝트', '파일', '폴리', '문서', '정리', '측면턱', '방수', '투명하다', '내용물']"
사무용품,파일링 제품,파일 재킷 및 파일 포켓,,B07QGTNCGV,"VANRA 확장 폴리 파일 재킷 파일 봉투 파일 폴더 포켓 문서 홀더 오거나이저 A4 레터 사이즈 스냅 버튼 포함 (화이트, 5팩)",VANRA,20747,20747,4.0,33.0,"[확장 용량으로 더 많은 용지 삽입] 전체 확장 깊이는 약 2.2cm(7/10인치). 파일 폴더 오거나이저는 더 많은 서류를 내부에 넣을 수 있습니다. 중요한 문서를 매일 파일링 및 보관하기에 적합합니다. A4 용지 크기와 글자 크기에 모두 맞습니다. [정리되고 효율적이며 깔끔함] 편지 크기의 폴리 파일 폴더 5팩은 양식, 기록, 프로젝트 및 기타 중요한 문서를 관리하는 데 도움이 됩니다. 잘 정리된 집이나 사무실에 유용한 추가 아이템입니다. [견고한 구조] 폴리 프로젝트 포켓은 환경 친화적, 찢어짐 방지, 방수, 무독성 및 비방사성인 고강도 폴리에스터와 폴리프로필렌(PP) 소재로 제작되었습니다. 스냅 버튼 잠금으로 문서를 안전하게 보관합니다. 종이와 문서가 미끄러지는 것을 방지하기 위해 양면 강화 밀봉. 또한 오래 지속되는 강도를 제공합니다. [세련된 외관] 프로젝트 봉투 폴더는 슬림한 프로필을 제공하여 모든 조정 파일 시스템에 부드럽게 들어갑니다. 파일은 장기간 보관을 위해 파일 캐비닛에 잘 맞습니다. 서류 보관함은 가정, 사무실, 학교, 비즈니스에 적합합니다. [대략적인 치수] 길이 31.4cm x 높이 24.9cm","VANRA 프리미엄 품질 데스크탑 파일 파일링 스토리지 오거나이저: VANRA 책상 폴리 파일 오거나이저는 이전에 없었던 문서, 파일, 지폐, 계약서, 우편, 카탈로그, 스크랩북, 페인팅 작업, 영수증, 설명서, 편지, 종이, 바우처, 카드를 정리할 수 있는 훌륭한 도구입니다. 물건을 정리하면서 동시에 멋지게 보입니다. 파일 재킷은 최대 2.2cm(7/10인치) 깊이까지 확장되며, 측면을 따라 강화된 씰은 향상된 내구성과 오래 지속되는 강도를 제공합니다. 내구성이 뛰어난 방수 폴리 스톡은 찢어짐과 습기를 방지합니다. ✦사양: 소재: 폴리에스터 및 폴리프로필렌 (PP) ✧ 치수: 대략. 길이 31.4cm x 높이 24.9cm","['파일', '문서', '폴리', '확장', '정리', '보관', '폴더', '방지', '프로젝트']"
사무용품,파일링 제품,파일 재킷 및 파일 포켓,,B001EQ65I0,"Smead 파일 포켓, 스트레이트 컷 탭, 8.9cm(3-1/2인치) 확장, 레터 사이즈, 블루, 박스당 25개(73225)",,81008,81008,4.6,68.0,"색상을 사용하여 다양한 유형의 파일을 빠르게 식별할 수 있습니다 8.9cm(3-1/2인치)까지 확장하여 최대 400장까지 담을 수 있습니다 롤오버 타이벡 강화 거싯은 중요한 지점에서 추가적인 강도를 제공합니다 스트레이트 컷 탭은 넓은 라벨 영역을 제공합니다 밀폐된 측면은 재료를 안전하게 유지합니다 10% 재활용 소재, 10% 소비자 사용 후 소재 포함","Smead 파일 포켓은 많은 양의 서류를 깔끔하게 정리하고 안전하게 보관할 수 있도록 도와줍니다. 책상, 서랍, 선반 및 이동 중 보관에 적합합니다. 보관 상자와 함께 사용하기에 이상적입니다. 아코디언 스타일 측면은 8.9cm(3-1/2인치)로 확장되며 최대 400장까지 담을 수 있습니다. 파일 포켓은 최소한의 공간을 차지하며 추가 저장 용량이 필요할 때만 확장됩니다. 거싯 상단은 강도와 내구성을 높이기 위해 찢어짐 방지 소재로 보강되었습니다. 쉽게 식별할 수 있는 색상 코드 파일. 스트레이트 컷 탭은 넓은 라벨 영역을 제공합니다. 8.9cm(3-1/2인치) 확장이 가능한 레터 사이즈(너비 29.5cm(11-3/4인치) x 높이 24.1cm(9-1/2인치) 파일 포켓 25개가 포함되어 있습니다. 10% 재활용 소재, 10% 소비자 사용 후 재료를 포함하고 있으며 SFI 소싱 인증을 받았습니다.","['파일', '확장', '포켓', '탭', '스트레이트', '넓다', '식별', '재료', '재활용', '라벨']"
사무용품,파일링 제품,파일 재킷 및 파일 포켓,,B0CJVMBM7F,"Blue Summit 확장 파일 포켓, 레터 사이즈, 13.3cm(5.25인치) 확장, 레드로프 - 폴더 10개",Blue Summit Supplies,30456,27686,5.0,1.0,충분한 저장 용량을 위한 13.3cm(5.25인치) 확장 내구성과 스타일을 위한 레드로프 소재 표준 문서에 맞는 레터 사이즈 10개 종합적인 정리를 위한 10개의 폴더 포함 오래 지속되는 내구성을 위한 이중 두께의 리드롭 패널과 강화 거싯.,"이 확장 파일 포켓은 실용적인 13.3cm(5.25인치) 확장을 자랑하며 문서를 효율적으로 정리하고 보관할 수 있는 충분한 공간을 제공합니다. 내구성이 뛰어난 redrope 소재로 제작되어 강도와 클래식한 미학을 모두 제공합니다. 표준 레터 사이즈 문서를 수용할 수 있도록 설계된 이 포켓은 대부분의 서류 작업과 호환됩니다. 10개의 폴더 세트가 포함되어 있어 파일을 종합적으로 분류하고 관리할 수 있습니다. 또한, 이중 두께의 리드롭 패널은 중요한 문서를 안전하고 안전하게 보관할 수 있도록 추가적인 보호 레이어를 추가합니다. 가정이나 사무실에서 사용할 수 있는 이 파일 포켓은 기능, 내구성 및 스타일이 혼합되어 정리 시스템을 쉽게 간소화할 수 있습니다.","['확장', '문서', '포켓', '파일', '구성', '폴더', '정리', '종합', '스타일', '리드']"
사무용품,파일링 제품,파일 재킷 및 파일 포켓,,B09C2PXW2Y,"Filexec Products 파일 재킷, 사이드 로딩, 레터 사이즈, 5개 모듬 팩 (50625-3725)",filexec,17298,17298,5.0,3.0,"기능성 전문적 모던 잘 만들어진 폴리프로필렌 5개 세트 - 블루, 레드, 그린, 옐로우, 오렌지","Filexec Products 파일 재킷, 사이드 로딩, 레터 사이즈, 5개 세트 (50625-3725)","['파일', '재킷', '사이드', '로딩', '폴리프로필렌', '전문', '오렌지', '옐로우', '블루', '모던']"
사무용품,파일링 제품,파일 재킷 및 파일 포켓,,B0C545WRR7,"1InTheOffice File Jackets 레터 사이즈, 확장 파일 포켓, 13.3cm(5.25인치) 확장, 다양한 색상, 5팩",1InTheOffice,30456,30456,,,"최대 13.3cm(5.25인치)까지 확장할 수 있는 확장 파일 포켓으로 많은 양의 문서와 서류를 한 곳에 보관할 수 있습니다. 파일 재킷 5팩은 다양한 색상으로 제공되므로 문서를 쉽게 색상 코딩하고 분류하여 쉽게 찾을 수 있습니다. 파일 재킷은 내구성이 뛰어난 소재로 만들어져 문서를 마모로부터 보호하여 수명을 보장합니다. 레터 사이즈의 파일 재킷은 표준 크기의 문서에 적합하며 사무실 및 개인 용도로 다용도로 사용할 수 있습니다. 확장 용량 덕분에 상당한 수의 문서를 보관할 수 있어 가정, 학교 또는 사무실에서 사용하기에 적합합니다.","1InTheOffice 파일 재킷 레터 사이즈, 확장 파일 포켓, 13.3cm(5.25인치) 확장, 다양한 색상, 5팩/1InTheOffice 파일 재킷으로 문서 구성을 향상시키세요. 편지 크기의 문서를 위해 설계된 확장 파일 포켓 세트는 종이를 쉽게 보관하고 운반할 수 있는 실용적인 솔루션을 제공합니다. 넉넉한 13.3cm(5.25인치) 확장 용량을 갖춘 이 재킷은 증가하는 문서 컬렉션을 수용할 수 있는 충분한 공간을 제공하여 개인 및 전문가 모두에 이상적입니다. 다양한 색상이 파일링 시스템에 생동감을 더하여 다양한 카테고리를 빠르고 쉽게 식별할 수 있습니다. 5팩은 다양한 프로젝트나 주제를 효율적으로 관리할 수 있는 충분한 파일 재킷을 제공합니다. 내구성을 위해 제작된 이 포켓은 정기적인 취급 및 운반을 견딜 수 있도록 제작되어 중요한 용지의 안전을 보장합니다. 기능, 내구성 및 다양한 색상을 결합한 이 파일 재킷 세트로 서류 정리 작업을 단순화하여 작업 공간의 최전선에 정리할 수 있습니다./제품 특징:/- 다양한 문서 보관을 위한 레터 사이즈 확장 파일 재킷./- 13.3cm(5.25인치) 확장 용량으로 증가하는 용지 컬렉션을 수용할 수 있습니다./- 쉬운 분류와 빠른 식별을 위한 다양한 색상./- 효율적인 프로젝트 또는 주제 정리를 위한 5개 세트./- 내구성이 뛰어난 구조로 문서의 수명과 보호를 보장합니다./- 개인 및 전문가 모두에 이상적입니다./문서 정리 작업을 단순화하고 문서 구성을 향상시킵니다./- 종이를 쉽게 보관하고 운반할 수 있는 실용적인 솔루션.","['파일', '문서', '확장', '재킷', '구성', '포켓', '정리', '개인', '운반', '보관']"
사무용품,파일링 제품,파일 재킷 및 파일 포켓,,B082P93RY4,"1InTheOffice 플랩 및 코드 클로저가 있는 확장 파일 지갑, 13.3cm(5-1/4인치) 확장, 레터 사이즈, 레드로프, 2팩",1InTheOffice,27686,27686,4.5,312.0,"이동 중에도 정리할 수 있는 완벽한 솔루션인 지갑은 많은 양의 문서를 편리하고 안전하게 운반할 수 있도록 설계되었습니다. 신축성 있는 코드 클로저가 있는 플랩은 보호 및 보안을 강화하여 어디를 가든 파일을 휴대할 수 있습니다. 이중 두께의 전면 및 후면 패널. 전체 높이의 거싯은 내구성을 위해 상단의 찢어짐 방지 소재로 강화되었습니다. 아코디언 스타일 측면은 13.3cm(5-1/4인치)로 확장됩니다 ""2 팩"" 1InTheOffice 수명 지원",,"['확장', '플랩', '파일', '클로저', '지갑', '휴대', '방지', '솔루션', '상단', '보호']"
사무용품,파일링 제품,파일 재킷 및 파일 포켓,,B0072DMOW0,"Pendaflex 컬러 파일 재킷, 강화 탭, 플랫, 레터 사이즈, 다양한 색상 (B3010DTAST), 박스당 재킷 100개",Pendaflex,95066,95066,4.4,48.0,"닫힌 측면은 느슨한 물건을 안전하게 보호합니다 내구성이 뛰어난 엄지컷 전면 커버 쉽게 라벨을 붙일 수 있도록 강화된 전체 길이 뒷면 탭 평평한 디자인으로 최대 50장까지 담을 수 있습니다 레터 사이즈; 블루 25개, 그린 25개, 레드 25개, 옐로우 커버 25개",레터 사이즈 컬러 파일 재킷 모음은 색상 코딩에 적합합니다. 닫힌 확장 가능한 측면은 최대 500장까지 고정할 수 있습니다. 전체 길이의 강화 상단 탭으로 라벨을 쉽게 붙일 수 있습니다. 엄지손가락 컷 전면 커버는 문서를 손끝에 넣을 수 있습니다.,"['강화', '탭', '커버', '재킷', '전면', '파일', '컬러', '측면', '전체', '라벨']"
사무용품,파일링 제품,파일 재킷 및 파일 포켓,,B000RMU6S2,"Pendaflex 13포켓 원단/폴리 확장 지퍼 파일, A-Z, 월간 및 빈 접착 라벨, 레터 사이즈, 블랙 패브릭 커버, 폴리 디바이더 (84087BLK)",Globe-Weis,13559,13559,4.5,1357.0,"올인원 정리 시스템은 용지가 통제할 수 없는 것을 허용하지 않습니다. 이 세련되고 전문적인 파일로 종이를 받는 순간부터 처리할 수 있습니다 튼튼한 전체 패브릭 커버와 폴리 칸막이는 내구성을 자랑합니다. 이 파일은 낮과 밤을 오래 견딜 수 있으며 책상을 비롯하여 가방과 차에 이르기까지 편안한 휴식을 취할 수 있는 상태로 돌아갑니다. 간단한 잠금으로 물이 쏟아지는 것을 막아줍니다. 우편물, 느슨한 시트 또는 끈적한 노트를 남겨둔 곳에 놓을 수 있습니다. 외부의 편리한 메시 포켓이 작은 여분의 물건을 손에 가까이 보관할 수 있습니다 A–Z, 월간 및 빈 접착 탭이 포함되어 일상 생활에 맞는 맞춤형 시스템을 만듭니다. 각 클래스의 맞춤형 탭, 특별 프로젝트 등을 위한 장소 선생님, 학생 및 가정 경영진은 이 오거나이저가 수업 작업과 중요한 서류를 빠르게 분류할 수 있다는 데 동의합니다","Pendaflex 패브릭 및 폴리 확장 파일은 편지 크기의 용지를 분류하고 정리할 수 있는 깔끔하고 전문적인 방법입니다./튼튼한 원단 커버는 마모 및 찢어짐 방지 폴리 칸막이를 감싸서 문서를 주문하고 제어할 수 있습니다. 이 넓은 오거나이저는 표준 탭 폴더를 보관할 수 있으며 학교 업무, 세금 영수증, 청구서, 보증서, 설명서 또는 빠르게 축적되는 기타 문서를 관리하는 데 적합합니다. 커버의 메시 포켓에는 펜과 홀수, 끝 부분을 담을 수 있으며, 지퍼 잠금으로 내용물을 안전하게 보관할 수 있습니다. A–Z, 월간 및 빈 접착 라벨이 포함되어 있어 쉽게 정리할 수 있습니다./Pendaflex 원단 및 폴리 확장 파일. 레터 사이즈, 블랙.//슬림한 디자인과 편리한 휴대성/: 아코디언 파일 및 바인더보다 더 세련되고 깔끔한 이 시스템은 이동이 편리하고 스마트하여 많은 페이퍼 작업을 길들일 수 있습니다./완벽한 스타터 시스템/: 조직적인 걸 태생적으로 좋아하지 않는 분들도 효율적인 모바일 파일링 시스템으로 드라이브를 재가동하여 파일 더미와 꾸러미를 산뜻하게 정리할 수 있습니다/학생이 좋아하는 제품:/초등학교, 고등학교 또는 대학의 아이들을 위한 이 패브릭 파일의 내구성은 바쁜 해의 연구를 견딜 수 있으며 어린 학자들의 열광을 얻습니다/모든 것을 수용하는 장소/: 13개의 포켓은 당신이 관리하는 수업, 과목 및 지폐를 더 많이 넣을 수 있는 섹션을 제공합니다","['파일', '폴리', '시스템', '정리', '브릭', '커버', '포켓', '접착', '확장', '월간']"
사무용품,파일링 제품,파일 재킷 및 파일 포켓,,B0036WHJ6C,"Filexec 싱글 파일 재킷, 리걸, 모듬 (5팩) (50130-3715), 블루, 레드, 그린, 옐로우, 오렌지",filexec,18462,18462,4.9,29.0,기능성 전문가 잘 만들어진 제품 용지 크기: 리걸,"싱글 파일 재킷, 리걸, 투톤","['파일', '재킷', '싱글', '투톤', '전문가', '용지', '오렌지', '옐로우', '블루', '레드']"
사무용품,파일링 제품,파일 재킷 및 파일 포켓,,B006CEX4EC,"Filexec 소프트 터치 패딩 캔버스 창 확장 파일, 포켓 13개, 1팩, 블루 (46221-6)",filexec,29708,29708,4.5,155.0,고품질 패딩 캔버스 EZ At-A-Glance 창문 펜 홀더가 있는 외부 포켓 1개 투톤 디자인 12개의 컬러 탭이 있는 확장 포켓 13개,"패딩 처리된 캔버스 창문 확장 파일, 12개의 컬러 탭이 있는 13개의 포켓, 1개로 판매","['포켓', '확장', '캔버스', '파일', '창문', '탭', '컬러', '패딩', '투톤', '터치']"
사무용품,파일링 제품,파일 재킷 및 파일 포켓,,B000V9CQ1Q,Esselte Oxford 폴리 8포켓 폴더 - 레터 사이즈 - 22.9 x 27.6 x 0.1cm(9.1 x 10.6 x 0.4인치) (,Oxford,12451,12451,4.4,2045.0,"여러 문서를 보관하고 운반하기에 적합합니다 프로젝트를 카테고리로 나눌 수 있는 8개의 개별 포켓 강화된 포켓에는 최대 25장의 레터 사이즈 문서를 담을 수 있으며 총 200장을 담을 수 있습니다 폴리 구조로 마모, 찢어짐 및 습기 방지 기능이 있습니다 견고한 이중 루프 와이어 바인딩이 평평하게 열립니다","이 Oxford 폴리 8포켓 오거나이저는 단단한 이중 루프 와이어 빗과 8개의 포켓이 있어 쉽게 보관하고 정리할 수 있습니다. 각 포켓에는 최대 25장의 레터 사이즈 문서와 총 200장을 담을 수 있습니다. 내구성이 뛰어난 반투명 폴리 구조는 사실상 파괴되지 않습니다. 레드, 블루, 그린, 퍼플이 다양한 색상입니다. 색상을 선택할 수 없습니다.","['포켓', '폴리', '문서', '장의', '이중', '와이어', '루프', '보관', '구조']"
사무용품,파일링 제품,파일 재킷 및 파일 포켓,,B09WDTTDB8,VANRA 1피스 파일 폴더 오거나이저 PU 가죽 파일 재킷 문서 홀더 프로젝트 포켓 자석 잠금 버튼 및 내부 가방 A4 레터 사이즈 용지(브라운),VANRA,13822,13822,4.1,60.0,"파일링 파일 백은 고품질 PU 가죽으로 만들어졌으며 섬세한 실로 바느질되어 내구성이 뛰어나고 오래 절약할 수 있습니다. 평평한 문서 봉투가 갈라지거나 찢어지는 것에 대해 걱정할 필요가 없습니다. 방수 파일 봉투는 일상적인 파일링에 적합합니다. A4 용지 크기와 레터 크기 모두에 맞습니다. 문서 가방에는 신분증, 신용 카드, 열쇠 및 USB 플래시 드라이브와 같은 작은 물건을 쉽게 분류할 수 있는 두 개의 작은 내부 포켓이 포함되어 있습니다. 펜과 젤 펜 모두 양쪽의 펜 삽입 위치에 놓을 수 있습니다. 이렇게 하면 가죽 프로젝트 포켓을 깨끗하고 깔끔하게 만들 수 있습니다. 봉투 폴더 케이스 내부에는 금속 자석 버튼이 장착되어 있어 전반적인 외관에 영향을 주지 않으며 가방에서 파일을 꺼내야 할 때 힘들게 열 필요가 없습니다. 마그네틱 버클의 안정성은 파일의 보안을 향상시킬 수 있습니다. 가죽 봉투 폴더의 치수는 길이 33cm x 너비 23cm(13 x 9.4인치)입니다. 폴더에 넣을 수 있는 약 100장의 A4 용지가 있어 기본적으로 일상 생활의 요구를 충족시킬 수 있습니다. 갈색 PU 가죽 파일 폴더는 성숙함과 안정성을 나타내며, 옷에 어울리는 A4 문서 홀더로도 좋습니다. 광고 선물 및 비즈니스 선물로 세련되고 매력적인 포트폴리오 봉투는 사무실, 학교, 가정 및 리셉션과 같은 많은 경우에 사용할 수 있습니다. 백팩이나 책상에 문서를 보관하는 데 사용합니다.",,"['파일', '가죽', '봉투', '폴더', '문서', '가방', '내부', '용지', '포켓', '펜']"
사무용품,파일링 제품,파일 재킷 및 파일 포켓,,B00FY7NWP4,"Filexec, 파일 재킷, 레터 사이즈, 옐로우, 5개 팩 (50331-37256)",filexec,12631,12631,5.0,9.0,"내구성이 뛰어난 찢어짐, 마모 및 습기 방지 폴리 소재 시스루 프론트 포켓 레터 사이즈 플랫 포켓, 확장 거싯 없음","파일 재킷, 리갈 사이즈, 5개 팩, 오렌지","['포켓', '파일', '재킷', '확장', '플랫', '프론트', '폴리', '오렌지', '옐로우', '시스루']"
사무용품,파일링 제품,파일 재킷 및 파일 포켓,,B004Q9VJ56,"C-Line 손잡이가 달린 21포켓 폴리 확장 파일, 탭 포함, 잠금 클로저, 리갈 사이즈, 블랙 (58320), 전통",C-Line,33281,33281,4.3,763.0,"중요한 법률 문서를 쉽게 운반할 수 있습니다 포켓 21개, 탭 20개 미리 인쇄된 탭 인서트, 플라스틱 잠금 클로저 및 운반 손잡이 포함 블랙 스티치 가장자리 법적 크기 문서용","C-Line, 보관, 식별 및 정리 제품을 특징으로 하는 제품 라인을 갖춘 사무용품의 선두 제조업체입니다. 손잡이가 달린 C-Line 21포켓 폴리 확장 파일로 모든 법정 크기의 문서를 쉽게 운반할 수 있습니다. 내구성이 뛰어난 보관 품질의 폴리프로필렌으로 만들어져 문서를 운반하는 동안 오래 사용할 수 있습니다. 블랙 확장 파일에는 20개의 사전 인쇄된 탭 인서트, 플라스틱 잠금 클로저 및 운반 손잡이가 포함되어 있습니다. C-Line 폴리 확장 파일은 스타일과 기능을 하나로 제공하므로 정리에 필요한 훌륭한 선택입니다.","['운반', '파일', '탭', '확장', '문서', '손잡이', '폴리', '포켓', '클로저', '블랙']"
사무용품,파일링 제품,파일 재킷 및 파일 포켓,,B001L1RFT6,"Smead 파일 포켓, 스트레이트 컷 탭, 4.4cm(1-3/4인치) 확장, 리갈 사이즈, 레드로프, 박스당 25개(74214)",SMEAD,43364,43364,4.5,45.0,"튼튼한 파일 포켓으로 부피가 큰 레코드를 관리하세요 4.4cm(1-3/4인치)까지 확장되어 최대 200장까지 담을 수 있습니다 롤오버 타이벡 강화 거싯은 중요한 지점에서 추가적인 강도를 제공합니다 스트레이트 컷 탭은 넓은 라벨 영역을 제공합니다 밀폐된 측면은 재료를 안전하게 유지합니다 재활용 소재 30%, 소비자 사용 후 소재 30% 포함","Smead 파일 포켓은 많은 양의 서류를 깔끔하게 정리하고 안전하게 보관할 수 있도록 도와줍니다. 책상, 서랍, 선반 및 이동 중 보관에 적합합니다. 보관 상자와 함께 사용하기에 이상적입니다. 아코디언 스타일 측면은 4.4cm(1-3/4인치)까지 확장되며 최대 200장까지 담을 수 있습니다. 파일 포켓은 최소한의 공간을 차지하며 추가 저장 용량이 필요할 때만 확장됩니다. 거싯 상단은 강도와 내구성을 높이기 위해 찢어짐 방지 소재로 보강되었습니다. 스트레이트 컷 탭은 넓은 라벨 영역을 제공합니다. 4.4cm(1-3/4인치) 확장이 가능한 리걸 사이즈(너비 36.8cm(14-3/4인치) x 높이 24.4cm(9-1/2인치) 파일 포켓 25개가 포함되어 있습니다. 30% 재활용 소재, 30% 소비자 사용 후 재료를 포함하고 있으며 SFI 소싱 인증을 받았습니다.","['확장', '파일', '포켓', '탭', '스트레이트', '라벨', '보관', '소비자', '안전하다', '영역']"
사무용품,파일링 제품,파일 재킷 및 파일 포켓,,B0013CEVJU,"C-Line 지퍼 잠금이 있는 확장 파일, 13개의 포켓, 탭 디바이더, 블루 (48105)",C-Line,24168,24168,4.5,680.0,"지퍼 잠금으로 소재를 안전하고 안전하게 유지합니다 중요한 글자와 문서를 보관할 수 있도록 13개의 포켓이 확장됩니다 사용자 지정 가능한 색상 코드 인서트가 있는 탭 디바이더 포함 최대 300, 8-1/2 x 11인치 문서를 담을 수 있습니다 블루 파일","지퍼 클로저가 있는 C-라인 확장 파일은 문서를 정리하고 쉽게 사용할 수 있습니다. 지퍼 잠금으로 소재를 안전하고 안전하게 보관할 수 있으며, 13개의 포켓은 중요한 글자와 문서를 보관할 수 있도록 확장됩니다. 사용자 지정 가능한 색상 코드 인서트가 있는 탭 디바이더가 포함되어 있습니다. 이 확장되는 파란색 파일은 최대 300, 8-1/2 x 11 문서를 담을 수 있습니다.","['확장', '문서', '안전하다', '파일', '지퍼', '탭', '디바이더', '포켓', '글자', '블루']"
사무용품,파일링 제품,파일 재킷 및 파일 포켓,,B001L1RFTG,"Smead 파일 포켓, 스트레이트 컷 탭, 8.9cm(3-1/2인치) 확장, 리갈 사이즈, 레드로프, 박스당 25개(74224)",SMEAD,73405,73405,4.7,509.0,"튼튼한 파일 포켓으로 부피가 큰 레코드를 관리하세요 8.9cm(3-1/2인치)까지 확장되어 최대 400장을 담을 수 있습니다 롤오버 타이벡 강화 거싯은 중요한 지점에서 추가적인 강도를 제공합니다 스트레이트 컷 탭은 넓은 라벨 영역을 제공합니다 밀폐된 측면은 재료를 안전하게 유지합니다 재활용 소재 30%, 소비자 사용 후 소재 30% 포함","Smead 파일 포켓은 많은 양의 서류를 깔끔하게 정리하고 안전하게 보관할 수 있도록 도와줍니다. 책상, 서랍, 선반 및 이동 중 보관에 적합합니다. 보관 상자와 함께 사용하기에 이상적입니다. 아코디언 스타일의 측면은 8.9cm(3-1/2인치) 확장되며 최대 400장을 담을 수 있습니다. 파일 포켓은 최소한의 공간을 차지하며 추가 저장 용량이 필요할 때만 확장됩니다. 거싯의 상단은 강도와 내구성을 높이기 위해 찢어짐 방지 소재로 강화되었습니다. 스트레이트 컷 탭은 눈에 띄는 라벨링 영역을 제공합니다. 8.9cm(3-1/2인치) 확장이 있는 25개의 리갈 사이즈(너비 36.7cm(14-3/4인치) x 높이 24.1cm(9-1/2인치) 파일 포켓이 포함되어 있습니다. 30% 재활용 소재, 30% 소비자 사용 후 소재를 포함하고 있으며 SFI 소싱 인증을 받았습니다.","['확장', '파일', '포켓', '탭', '스트레이트', '재활용', '라벨', '보관', '소비자', '안전하다']"
사무용품,파일링 제품,파일 재킷 및 파일 포켓,,B00VY5RA6C,"Quality Park 89503 슬래시 뷰 포켓 오거나이저, 레터, 다양한 색상, 25/팩",Quality Park,40109,40109,5.0,1.0,"25/팩으로 판매됩니다. 흘림을 방지하면서 내용물을 쉽게 볼 수 있습니다. 이중 외부 솔기는 내용물을 안전하게 유지합니다. 각각 5개: 블루, 그린, 레드, 옐로우, 화이트. 11 pt. 재고.",데스크톱 파일링부터 공식 프레젠테이션까지 다양한 응용 분야에 적합합니다. 편리한 슬래시 뷰 디자인으로 내용물을 쉽게 식별할 수 있지만 흘림을 방지합니다. 이중 외부 솔기는 내용물을 안전하게 유지합니다. 11pt의 다양한 색상. 재고.,"['내용물', '슬래시', '재고', '이중', '방지', '유지', '외부', '솔기', '안전하다', '화이트']"
사무용품,파일링 제품,파일 재킷 및 파일 포켓,,B0C4DXXW6X,"Sooez 7포켓 확장 파일 폴더, 프리미엄 아코디언 파일 오거나이저, 문서용 레터 사이즈 폴더, 번지 클로저가 있는 매끄러운 파일 폴더, 학교 사무용품을 위한 휴대용 폴더, 블루",Sooez,9681,8296,4.7,760.0,"오래 가도록 제작: 강화된 플라스틱 폴더는 찢어짐을 견딜 수 있고, 신축성이 뛰어나면서도 변형되거나 구겨지지 않도록 충분히 견고합니다. 번지 스트랩 클로저는 닫힌 상태로 유지하면서도 종이가 미끄러지는 것을 방지합니다. 두 개의 펜 슬롯으로 펜을 손이 닿는 곳에 보관할 수 있습니다. 신선한 색상의 매끄러운 디자인: 이 귀여운 폴더는 우아한 패턴 디자인과 눈길을 끄는 색상이 특징이며, 정리 과정에 개성을 더합니다. 안전하고 현대적인 블랙을 고수하거나 재미있는 색상의 블랙을 선택하여 공간을 밝게 만드세요. 간편한 정리 유지: 이 확장 파일 폴더는 종이를 쉽게 분류하고 정리할 수 있습니다. 탭이 있는 7개의 포켓으로 제목이나 작업별로 정렬할 수 있으며, 보너스 파스텔 라벨은 빠르게 검색하고 찾을 수 있도록 도와줍니다. 휴대용 및 경량: 33 x 25.4 cm. A4/레터 사이즈에 맞습니다. 휴대가 편리한 사이즈. 부피가 크지 않고 백팩에 완벽하게 맞는 바인더를 위한 이상적인 대안입니다. 서류를 회의나 학교에 쉽게 가져갈 수 있습니다. 충분히 확장 및 더 큰 용량: 확장 가능한 척추 디자인의 이 아코디언 폴더는 너무 많이 부피가 크지 않고 250장 이상에 맞도록 더 신축성이 있습니다. 낱장 종이, 폴더 또는 작은 공책을 여기에 넣을 수 있습니다.",,"['폴더', '파일', '확장', '휴대', '정리', '종이', '디자인', '매끄럽다', '아코디언', '충분하다']"
사무용품,파일링 제품,파일 재킷 및 파일 포켓,,B004Q9XL7U,"C-Line 생분해성 13포켓 확장 파일, 레터 사이즈, 확장 파일 1개, 스모크(48311)",C-Line,7437,7437,4.0,116.0,21.4 x 27.9cm(8-1/2 x 11인치) 문서용 생분해성 확장 파일 중성 아카이브 품질의 폴리프로필렌 쓰고 있는 탭과 버튼 및 신축성 있는 잠금 장치 포함 13 포켓/12 탭 스모크,"C-Line는 보관, 식별 및 조직 제품을 특징으로 하는 제품 라인을 갖춘 사무용품 선두 제조업체로, 보관 및 조직적 요구 사항에 맞는 다양한 친환경 사무용품을 제공합니다. C-Line 생분해성 13포켓 확장 파일에는 12개의 탭이 포함되어 있으며 독성 잔여물을 남기지 않고 매립지에서 생분해할 수 있는 추가 첨가제가 포함되어 있습니다. 편지 크기의 확장 파일은 편지 크기의 종이와 문서를 보관하고 보호하고 정리할 수 있는 완벽한 솔루션입니다. 내구성이 뛰어나고 방수 기능이 있는 강력한 생분해성 폴리프로필렌으로 만들어졌으며 쉽게 사용할 수 있도록 드롭 프론트 플랩 클로저가 특징입니다. C-Line 생분해성 확장 파일은 기능적일 뿐만 아니라 조직의 필요에 맞는 훌륭한 선택입니다.","['확장', '파일', '분해', '포켓', '탭', '조직', '보관', '문서', '폴리프로필렌', '편지']"
사무용품,파일링 제품,파일 재킷 및 파일 포켓,,B01E0E8ISC,"Five Star 탈착식 파일이 있는 확장 파일, 7포켓 확장 가능한 파일 폴더, 33cm x 26.7cm(13인치 x 10-1/4인치), 블랙 (73945)",Five Star,12728,12728,4.5,332.0,"일 년 내내 지속됩니다. 보장! 확장 파일은 단일 파일 폴더 이상의 많은 수의 시트를 담을 수 있습니다. 7개의 탈착식 파일 포켓으로 피사체를 색상 코딩하고 정리할 수 있습니다. Clearview 클로저 플랩은 내부에 무엇이 있는지 한눈에 볼 수 있으며 파일 안에 넣을 수 있어 내용물을 쉽게 볼 수 있습니다. 펜 보관을 위한 2개의 노치가 내장되어 있습니다. 내구성이 뛰어난 플라스틱 쉘 구조로 작업을 보호하며, 강화된 거싯은 파일 확장의 가장자리가 찢어지는 것을 방지합니다. 번지 클로저로 내용물을 안전하게 보관합니다. 파일은 종이를 수평 방향으로 정리합니다. 전체 크기는 21.6cm x 27.9cm(8-1/2인치 x 11인치)입니다. 블랙.","일 년 내내 지속됩니다. 보장! * 탈착식 파일이 있는 Five Star 7포켓 확장 파일은 단일 파일 폴더 이상의 많은 수의 시트를 담을 수 있습니다. 7개의 탈착식 파일 포켓으로 피사체를 색상 코딩하고 정리할 수 있습니다. Clearview 클로저 플랩은 내부에 무엇이 있는지 한눈에 볼 수 있으며 파일 안에 넣을 수 있어 내용물을 쉽게 볼 수 있습니다. 펜 보관을 위한 2개의 노치가 내장되어 있습니다. 내구성이 뛰어난 플라스틱 쉘 구조로 작업을 보호하며, 강화된 거싯은 파일 확장의 가장자리가 찢어지는 것을 방지합니다. 번지 클로저로 내용물을 안전하게 보관합니다. 파일은 종이를 수평 방향으로 정리합니다. 전체 크기는 21.6cm x 27.9cm(8-1/2인치 x 11인치)입니다. 블랙. *ACCO 브랜드는 구매일로부터 1년 이내에 반품된 Five Star 파일을 교체합니다. 이 보증은 남용으로 인한 손상에는 적용되지 않습니다. 지침은 ACCO Brands 소비자 업무에 문의하십시오.","['파일', '확장', '탈착', '보관', '정리', '내용물', '포켓', '클로저', '블랙', '폴더']"
사무용품,파일링 제품,파일 재킷 및 파일 포켓,,B0072DMKJ2,"Pendaflex Globe-Weis/Pendaflex 100% 재활용 파일 재킷, 강화 탭, 5.1cm(2인치) 확장, 레터 사이즈, 마닐라, 박스당 파일 재킷 50개(24920R)",Pendaflex,27686,27686,4.0,1.0,100% 재활용 소재로 제작 닫힌 측면은 느슨한 물건을 안전하게 보호합니다 쉽게 라벨을 붙일 수 있도록 강화된 전체 길이 뒷면 탭 측면은 5.1cm(2인치) 확장되며 최대 350장까지 담을 수 있습니다 레터 사이즈,"레터 사이즈 마닐라 파일 재킷은 100% 재활용되어 환경을 생각하는 직장에 적합합니다. 확장 가능한 닫힌 면은 최대 500장까지 고정할 수 있습니다. 전체 길이의 강화 상단 탭으로 라벨을 쉽게 붙일 수 있으며, 엄지손가락 컷 전면 커버는 문서를 손끝에 넣을 수 있습니다./file jackets are perfect for transporting information. Closed on sides and bottom, they keep papers and small items safe and secure. Gusseted sides expand with your project needs. 2"" expansion holds up to 500 sheets. Reinforced, full-length top tab on back cover provides ample room for labels or handwritten titles. File jackets are made of heavyweight, 11 point manila stock and made with a high percentage of recycled material.","['파일', '탭', '강화', '확장', '재활용', '재킷', '전체', '마닐라', '측면', '라벨']"
사무용품,파일링 제품,파일 재킷 및 파일 포켓,,B0D7QQKHD1,"Smead 파일 재킷, 25개, 마닐라, 강화 스트레이트 컷 탭, 레터 사이즈 (75499)",SMEAD,25193,25193,,,"향상된 정리: 문서 보안을 위한 전체 높이 측면과 내구성을 높이기 위해 강화된 스트레이트 컷 탭이 있는 25개의 레터 사이즈(29.2 x 24.1cm(11-3/4 x 9-1/2인치) 마닐라 파일 재킷 (플랫, 확장 없음) 세트로 서류를 정리하세요 필수적이고 신뢰할 수 있음: 이 튼튼한 11포인트 마닐라 스톡 파일 재킷으로 문서를 정리하고 안전하게 보관하세요. 내구성이 뛰어나고 강화된 탭은 자주 사용해도 모양을 유지하므로 이동 중에도 문서를 가져오는 데 적합합니다 내구성 및 안전성: 품질과 신뢰성을 위해 설계된 이 재킷은 최대 50장의 종이를 쉽게 담을 수 있으며 3면으로 둘러싸여 파일과 용지를 안전하게 보관하여 이동하거나 정리되지 않습니다 필링 경험 업그레이드: 스트레이트 컷 탭은 내용물과 라벨링의 유연성을 설명할 수 있는 충분한 공간을 제공합니다. 추가 보관을 위해 자체 접착 폴리 포켓(68185) 중 하나를 외부(별도 판매)에 부착하십시오 지속 가능 및 미국에서 제작: 이 폴더는 자랑스럽게 미국에서 만들어졌으며 10% 재활용 내용물과 10% 소비자 사용 후 소재를 포함하고 있습니다. SFI 인증을 받았으며 환경 책임에 대한 Smead의 헌신을 반영합니다","Smead 파일 재킷으로 문서 정리를 쉽게 향상시킬 수 있습니다. 마닐라 색상의 강화 탭이 있는 레터 사이즈 플랫(확장 없음) 파일 재킷 25개 세트로 파일을 빠르게 액세스하고 깔끔한 설정을 유지하세요. 신고 절차를 간소화하고 시간을 절약하며 공간에 주문을 가져옵니다. 가정, 사무실 또는 교실에서 사용하기에 이상적인 이 재킷은 재활용 소재와 SFI 소싱 인증을 받은 미국에서 자랑스럽게 제작되었습니다. 효율적이고 신뢰할 수 있으며 환경적으로 책임 있는 문서 구성을 위해 Smead를 선택하세요. 100년 이상의 유산, 장인 정신 및 혁신.","['재킷', '파일', '문서', '탭', '정리', '구성', '강화', '마닐라', '미국', '보관']"
사무용품,파일링 제품,파일 재킷 및 파일 포켓,,B07C28PPL6,JIKIOU 30팩 투명 문서 폴더 복사 안전 프로젝트 포켓 L-타입 투명 플라스틱 폴더 A4/레터 사이즈 투명 색상(업그레이드 사이즈),JIKIOU,19209,19209,4.7,1084.0,"❤업그레이드 사이즈: 11.8"" x 8.9""(300 x 225MM)는 업그레이드된 사이즈로 미국 A4/레터 사이즈에 더 적합합니다. 22C(0.22mm) 두께는 더 두껍다는 것을 의미하며, 아마존 시장의 표준 두께 14C에 비해 57% 증가하여 초음파 용접 및 스티칭이 쉽게 갈라지지 않습니다 ❤고품질 소재: 찢어짐, 마모, 습기 방지. 몇 년이 지난 후에도 여전히 견고하고 기능적입니다 ❤투명하게 볼 수 있습니다: 상단 페이지를 볼 수 있는 투명 플라스틱입니다. 내부에 무엇이 있는지 기억하기 위해 외부에 라벨이 필요하지 않습니다 ❤오픈 탑 & 사이드 디자인: 측면에 반원형 구멍이 있는 엄지 손가락을 사용하여 상단과 측면에서 폴더를 열 수 있으므로 종이를 넣고 뺄 필요 없이 쉽게 꺼내고 넣을 수 있습니다 ❤간편한 휴대: 가벼운 무게로 문서를 잘 보호할 수 있습니다. 비즈니스 가방, 학교 가방 또는 여성용 가방 등 공간을 절약하기 위해 가방에 넣을 수 있습니다. 학교, 사무실 및 일상 생활에서 널리 사용됩니다",,"['가방', '투명', '업그레이드', '폴더', '플라스틱', '학교', '상단', '문서', '측면']"
사무용품,파일링 제품,파일 재킷 및 파일 포켓,,B003HKN2G4,"Globe Weis Globe-Weis/Pendaflex 튼튼한 확장 파일, 오픈 탑, 1/3 컷 탭, 31개의 데일리 포켓, 브라운, 리갈 사이즈 (R219DHD)",Pendaflex,40635,40635,4.2,59.0,고중량 커버 미리 인쇄된 일일 탭 한 줄과 빈 탭 한 행으로 사용자 지정할 수 있습니다 파일링에 쉽게 접근할 수 있는 오픈 탑 확장 측면에는 타이벡 강화 상단 가장자리가 포함됩니다 31개의 포켓이 있는 리걸 사이즈,"분리된 포켓으로 파일을 확장하는 것은 프로젝트 구성, 일일 우선 순위 관리 또는 문서 분류에 적합합니다. 자신의 제목으로 빈 탭을 사용자 정의하거나 미리 인쇄된 탭을 사용하십시오. 데스크톱 또는 내부 파일 서랍에 적합합니다.","['탭', '파일', '확장', '포켓', '오픈', '탑', '인쇄', '일일', '미리']"
사무용품,파일링 제품,파일 재킷 및 파일 포켓,,B00514219I,StoreSMART® - 자석 백이 있는 파일 재킷 - 5팩 - 투명 플라스틱 - 튼튼한 - FJ85STCM-5,,69180,69180,4.5,17.0,"전면은 8게이지 크리스탈 투명 비닐로 제작되었습니다. 뒷면은 8게이지 크리스탈 투명 비닐로 제작되었습니다. 뒷면에는 두 개의 강한 1/2"" x 11"" 자석이 있습니다. 전체 크기: 9"" x 11 5/8"". 내부 용량: 20 1/2"" x 11"" 페이지.",,"['투명', '크리스탈', '제작', '자석', '비닐', '게이지', '플라스틱', '페이지', '파일', '튼튼하다']"
사무용품,파일링 제품,파일 재킷 및 파일 포켓,,B0072DMVI2,"Globe-Weis/Pendaflex 컬러 파일 재킷, 강화 탭, 플랫, 레터 사이즈, 블루, 박스 당 100 재킷 (B3010DTBLU)",Pendaflex,41536,41536,5.0,2.0,닫힌 측면은 느슨한 물건을 안전하게 보호합니다 내구성이 뛰어난 엄지컷 전면 커버 쉽게 라벨을 붙일 수 있도록 강화된 전체 길이 뒷면 탭 평평한 디자인으로 최대 50장까지 담을 수 있습니다 레터 사이즈; 블루 커버,레터 사이즈 컬러 파일 재킷은 색상 코딩에 적합합니다. 평평한 디자인은 닫힌 면이 있는 최대 50장의 시트를 고정합니다. 전체 길이의 강화 상단 탭으로 라벨을 쉽게 붙일 수 있습니다. 엄지손가락 컷 전면 커버는 문서를 손끝에 넣을 수 있습니다.,"['강화', '탭', '커버', '재킷', '전체', '평평하다', '라벨', '디자인', '전면', '컬러']"
사무용품,파일링 제품,파일 재킷 및 파일 포켓,,B006YC7SSK,"Smead 파일 리텐션 재킷, 1.9cm (3/4인치) 확장, 레터/리걸, 크래프트, 카톤당 100개 (68196)",SMEAD,206143,224840,4.5,15.0,"100개의 글자/법적 크기 (22.9cm 너비 x 35.6cm 높이) 조절 가능한 크래프트 종이 파일 고정 재킷, 패스너 폴더를 위해 미리 펀칭되어 있으며, 거싯 측면과 쉽게 접근할 수 있도록 전면 다이 컷이 있습니다 이 종이 재킷은 구멍을 뚫지 않고 패스너 폴더에 문서를 추가할 수 있어 형태, 핸드아웃, 애플리케이션 등을 원래 상태로 유지할 수 있습니다 측면 거싯은 소재가 미끄러지거나 이동하거나 혼란되는 것을 방지하며, 최대 150장의 종이를 수용할 수 있도록 최대 1.9cm(3/4인치)의 확장이 가능합니다 다용도 및 편리한 종이 포켓은 편지 또는 법적 크기 폴더에 맞게 조절할 수 있습니다. 편지 크기 문서를 위해 상단 플랩을 접어 두거나 법률 크기 자료를 수용할 수 있도록 플랩을 펼치십시오 미국에서 자랑스럽게 제작된 이 크래프트 스톡 파일 리텐션 재킷은 SFI 소싱 인증을 받았으며, 회의나 집에서 작업할 때 문서를 선명하고 깨끗하게 유지합니다. 투명 폴리로도 제공됩니다","패스너 폴더에 문서를 펀칭하지 않고 추가하여 Smead의 파일 리텐션 재킷으로 시간과 좌절감을 절약할 수 있습니다! 이 편리한 크래프트 종이 포켓은 편지 또는 법적 크기의 폴더에 맞게 조절할 수 있습니다. 편지 사이즈를 위해 상단 플랩을 접어서 두거나 덮개를 펼치면 됩니다. 문서 보안을 위한 탁월한 솔루션인 거싯 측면은 소재가 미끄러지지 않도록 유지하고 최대 150장을 보관할 수 있도록 1.9cm(3/4인치)까지 확장됩니다. 형태, 애플리케이션, 이력서, 유인물 등을 상단에 구멍을 뚫지 않고 패스너 폴더에 보관할 수 있습니다. 미국에서 자랑스럽게 제작된 이 크래프트 스톡 파일 보존 폴더는 SFI 소싱 인증을 받았습니다. • 혁신과 품질의 풍부한 유산. 효율적인 문서 관리를 위한 솔루션을 제공하는 세계 최고의 공급업체인 Smead는 고품질의 환경 책임 있는 제품 및 혁신적인 조직 시스템으로 잘 알려진 여성 소유 회사입니다. 한 세기 이상 Smead는 하나의 목적을 위해 헌신해왔습니다","['폴더', '문서', '크래프트', '파일', '종이', '재킷', '패스', '편지', '측면', '텐션']"
사무용품,파일링 제품,파일 재킷 및 파일 포켓,,B0036W89C0,"Filexec 싱글 포켓 확장 파일, 글자, 신축성 있는 클로저, 모음, 6개 팩 (50125-3429)",filexec,43461,43461,4.4,76.0,기능성 전문가 잘 만들어진 제품 재미있는 색상,"싱글 포켓 확장 파일, 편지, 탄성 클로저, 반투명","['확장', '포켓', '파일', '클로저', '싱글', '편지', '탄성', '전문가', '재미있다', '신축']"
사무용품,파일링 제품,파일 재킷 및 파일 포켓,,B092SHRF88,"A4 파일 포켓, 지퍼 파일 재킷, 폴더 문서, 지퍼락 지갑 백(12가지 색상, 12개)",TOP-Pindu,13836,13836,3.5,4.0,"A4 플라스틱 폴더는 PVC로 만들어졌으며 두꺼운 소재, 우븐 스타일, 방수 기능이 있으며 지퍼락 백은 매우 강하고 내구성이 뛰어납니다. 지퍼 파우치 디자인, 매끄럽고 튼튼한 멘탈 지퍼로 오래 사용할 수 있습니다 반투명 메시 백, 지퍼 폴더는 반투명하며 내부의 물건을 쉽게 구별할 수 있습니다. 내구성이 뛰어난 지퍼와 로프 후크 디자인으로 열고 휴대가 쉽습니다. 플라스틱 폴더는 A4 사이즈이며, 각 폴더는 약 33x 23cm/13 x 9인치입니다. A4 지퍼 지갑 12개, 12가지 색상으로 문서를 정리하는 데 도움이 됩니다. A4 사이즈 파일 백은 A4 사이즈 이하의 용지만 보관할 수 있습니다. 이 지퍼 지갑은 퍼즐 조각, 가정 지폐 및 중요한 문서, A4 용지, 교과서, 편지, 사진, 화장품 등을 보관하기에 적합합니다. 일상적인 사무실 공부 및 보관용으로 충분합니다.","12피스 12가지 색상 지퍼 파일 백, 지퍼 반투명 백/- 방수 및 내구성, 먼지 방지 및 세척이 쉽습니다./- 휴대가 간편하고 여행에 적합하며 중요한 자료와 문서를 보관할 수 있습니다./반투명 색상으로 원하는 물건을 찾을 수 있습니다./- 파일, 문서 또는 종이, 메모, 브로셔, 잡지, 책, 열쇠, 휴대폰 또는 잘 정리된 등을 저장할 수 있습니다./블랙 앤 화이트 지퍼 반투명 백, 반투명 디자인으로 내부의 물건을 인식하고 문서를 쉽게 찾을 수 있습니다./A4 용지보다 큰 A4 지퍼 파일 백은 큰 수납 공간, 문서에 쉽게 넣을 수 있습니다. 종이, 잡지, 메모, 영수증, 송장, 연필, 펜, 사무용품 등을 보관할 수 있습니다. 가정, 사무실, 학교, 호텔 및 여행용으로 적합합니다.","['지퍼', '문서', '백', '파일', '폴더', '반투명', '디자인', '물건', '지갑', '구성']"
사무용품,파일링 제품,파일 재킷 및 파일 포켓,,B0BKF7229D,"EOOUT 확장 파일 폴더, A4 레터 사이즈 아코디언 폴더 6개, 포켓 5개 및 16가지 색상의 라벨 96개, 학교 및 사무실 정리용",EOOUT,21453,21453,4.7,107.0,"【패키지 구성】 패키지에는 6가지 색상의 확장 파일 폴더와 16가지 색상의 96개의 라벨이 포함되어 있어 일부 문서를 분류하고 정리하는 데 매우 유용하여 좋은 사용 경험을 제공합니다. 【대용량 및 풍부한 색상】 이 확장 파일 폴더는 구별하는 데 도움이 되는 색상뿐만 아니라 적절한 크기를 가지고 있습니다. A4 및 레터 사이즈 문서에 적합하며 최소 150장의 종이를 담을 수 있습니다. 또한, 잔여물이 없는 16가지 색상 스티커는 다양한 마킹 요구 사항을 충족할 수 있습니다. 【프리미엄 품질】 이 아코디언 파일 오거나이저는 신뢰할 수 있는 PP로 만들어졌으며 방수 및 견고하며 찢어지거나 색이 바래지 않으며 쉽게 깨지거나 변형되지 않습니다. 습기 방지 및 세척이 쉬워 종이 문서를 보호하고 오랫동안 사용할 수 있습니다. 【쉬운 사용】 각 확장 파일 문서 폴더에는 5개의 확장 가능한 포켓이 있으며 측면의 라벨 위치는 원하는 파일을 빠르게 찾을 수 있도록 도와줍니다. 스냅 버튼 잠금 디자인은 파일이 떨어지는 것을 방지하고 용지를 깨끗하게 유지합니다. 【다용도】 사무실, 학교, 가정용으로 적합하며 시험지 배치, 회의록, 할 일 항목과 같은 일상적인 파일 배열 요구 사항을 충족하며 동료, 친구, 가족에게 좋은 선물이 될 수 있습니다.",,"['파일', '폴더', '확장', '문서', '라벨', '쉽다', '충족', '아코디언', '방지', '정리']"
사무용품,파일링 제품,파일 재킷 및 파일 포켓,,B0C3K992XB,"확장 파일 폴더, 아코디언 파일 오거나이저, 파일 폴더 홀더, 8.9cm(3.5인치) 확장, 레터 사이즈, 강화된 듀퐁 타이벡 소재, 10/박스, 브라운 (10)",Generic,27561,31716,4.3,18.0,"가정, 중소기업 또는 법률 사무소를 위한 10개의 파일 폴더 오거나이저 상자를 비축하세요. 아코디언 폴더는 설명서(한글이 아닐 수 있음), 세금 신고서, 법원 문서 및 기타 부피가 큰 서류를 보관할 수 있도록 8.9cm(3-1/2인치) 확장됩니다 스트레이트 탭 리드롭 확장 파일에는 이중 두께의 마닐라 안감 패널이 있어 접을 수 있어 레터 사이즈 문서를 쉽게 열 수 있습니다. 확장 가능한 파일 폴더는 가정이나 사무실 정리에 사용할 수 있을 만큼 내구성이 뛰어납니다 각 파일 폴더 포켓에는 찢어짐 방지 타이벡 소재로 만든 3개의 보강재가 있습니다. 거싯 확장 측면의 상단 및 하단 가장자리를 따라 전체 길이 탭의 뒷면 폴드를 따라 있습니다 아코디언 파일 오거나이저의 앞면은 22.9 x 29.8cm(9 x 11.75인치), 뒷면은 24.1 x 29.8cm(9.5 x 11.75인치)이며 측면은 16.5cm(6.5인치)로 종이, 파일 폴더 및 작은 물건을 보관할 수 있습니다 변호사, 회계사 및 홈스쿨 교사의 대기인 브라운 확장 파일 폴더는 모든 홈 오피스를 정리하는 데 도움이 됩니다. 파일 캐비닛, 파일 보관 상자 또는 파일 서랍에 보관하거나 선반이나 테이블 위에 보관할 수 있습니다","확장 파일 폴더는 8.9cm(3.5인치)로 확장되어 최대 700장을 담을 수 있습니다. 가정, 소규모 비즈니스, 홈스쿨 또는 교실 정리에 적합합니다. 이 확장 파일 폴더는 정책, 주택 검사, 매뉴얼과 같은 다양한 부피가 큰 품목을 보관할 수 있습니다. 사용자 가이드, 법원 문서, 케이스 파일, 건설 용지, 색칠 페이지, 예술 및 공예 등. 아코디언 파일 오거나이저는 16.5cm(6-1/2인치) 높이의 보호용 확장 측면이 함께 제공되며, 내구성이 뛰어난 타이벡 소재로 상단과 하단 가장자리를 따라 강화되어 포켓 파일 폴더의 수명을 연장하는 주요 스트레스 지점의 마모를 방지합니다. 문서 오거나이저 스트레이트 컷 리드롭 포켓에는 이중 두께의 마닐라 안감 패널과 접힌 부분을 따라 뒷면 패널에 또 다른 타이벡 스트립이 있어 추가적인 지지력을 제공합니다. 대용량 파일이 일반 폴더에 부담을 주는 경우 이 업그레이드를 고려하십시오. 전면 패널은 접을 수 있어 내부의 모든 것을 쉽게 열 수 있습니다. 파일 포켓은 정리되지 않은 종이를 빠르게 주문할 수 있습니다. 데스크톱, 파일 서랍 또는 튼튼한 파일 보관 상자에 보관할 수 있습니다. Pendaflex redrope 포켓은 확장되어 큰 프로젝트가 성장할 수 있는 공간과 높은 확장 측면으로 종이가 떨어지는 것을 방지합니다. 이 아코디언 파일은 30% 재활용 섬유와 30% 소비자 사용 후 섬유로 만들어졌습니다. 레터 사이즈. 앞면 치수 22.9 x 29.8cm(9 x 11.75인치), 뒷면 치수 24.1 x 35.9cm(9.5 x 18.9cm(3.5인치) 확장. Redrope. 10개 박스. Tyvek은 TOPS Products LLC의 허가를 받아 사용되는 DuPont의 상표입니다.","['파일', '확장', '폴더', '아코디언', '포켓', '정리', '측면', '타이', '문서']"
사무용품,파일링 제품,파일 재킷 및 파일 포켓,,B001U71GFA,"Lion 13포켓 소형 Ex 팬딩 파일, 14.4 x 21.6cm(5-3/4 x 8-1/2인치), 블랙, 파일 1개(94300-BK)",LION,15622,15622,4.3,395.0,"포켓 13개와 탭 12개 14.4cm x 21.6cm(5-3/4인치 x 8-1/2인치)(레터 사이즈의 절반) 외부 치수: 7"" x 10-1/4"" 신축성 있는 밴드와 버튼 잠금 A-Z 월간 및 컬러 블랭크 인서트 포함 전면 패널에 수표책 포켓 포함","LION 소형 확장 파일 시리즈에는 신축성 있는 밴드 클로저와 전면 패널에 수표책 사이즈 포켓이 있는 미니 사이즈 13 포켓 확장 파일이 포함되어 있습니다. 이 튼튼하고 작은 플라스틱 확장 파일은 중성이며 클래식 블랙으로 제공됩니다. 미리 인쇄된 월간 및 A-Z 탭이 빈 탭과 함께 포함되어 있습니다. 이 편리한 확장 가능한 파일 포켓에 월별 청구서를 분류하고 정리하세요. 수표책을 보관할 수 있는 포켓이 있는 이 휴대용 파일 오거나이저는 항상 사용할 수 있습니다. 또한 12.7 x 17.8cm(5 x 7인치) 사진, 12.7 x 17.8cm(5 x 7인치) 인덱스 카드, 수표 스텁, LION 폴리 확장 파일은 재활용 가능한 폴리프로필렌으로 제작되었습니다.","['파일', '포켓', '확장', '수표', '책', '탭', '전면', '밴드', '블랙', '소형']"
사무용품,파일링 제품,파일 재킷 및 파일 포켓,,B0072DNSNY,"Pendaflex Globe-Weis/Pendaflex 컬러 파일 재킷, 강화 탭, 플랫, 레터 사이즈, 옐로우, 박스당 재킷 100개 (B3010DTYEL)",Pendaflex,41536,41536,4.2,9.0,닫힌 측면은 느슨한 물건을 안전하게 보호합니다 내구성이 뛰어난 엄지컷 전면 커버 쉽게 라벨을 붙일 수 있도록 강화된 전체 길이 뒷면 탭 평평한 디자인으로 최대 50장까지 담을 수 있습니다 레터 사이즈; 옐로우 커버,레터 사이즈 컬러 파일 재킷은 색상 코딩에 적합합니다. 평평한 디자인은 닫힌 면이 있는 최대 50장의 시트를 고정합니다. 전체 길이의 강화 상단 탭으로 라벨을 쉽게 붙일 수 있습니다. 엄지손가락 컷 전면 커버는 문서를 손끝에 넣을 수 있습니다.,"['강화', '재킷', '탭', '커버', '라벨', '평평하다', '디자인', '옐로우', '전면', '전체']"
사무용품,파일링 제품,파일 재킷 및 파일 포켓,,B001B0ASH8,"Pendaflex Essentials 7-포켓 확장 파일, 폴리프로필렌, 13.75 x 11 인치, 레터 사이즈, 블루 (1158)",Pendaflex,19376,13836,4.4,18.0,폴리 확장 파일은 독특하고 현대적인 양각 소용돌이 패턴이 특징입니다 7개의 포켓 파일에는 자체 접착 라벨이 있는 탭이 포함되어 있습니다 확장 파일에는 플랩과 조절 가능한 후크 앤 루프 클로저가 있습니다 조절 가능한 벨크로 클로저로 중요한 파일을 안전하게 보관하세요,Poly expanding file features a unique and modern embossed Swirl pattern. Seven-pocket file includes tabs with self-adhesive labels. Expanding file has a flap and adjustable hook-and-loop closure./Poly expanding file features a unique and modern embossed swirl pattern. Seven-pocket file includes tabs with self-adhesive labels. Expanding file has a flap and adjustable hook-and-loop closure.,"['파일', '확장', '가능하다', '포켓', '클로저', '조절', '자체', '독특하다', '라벨', '루프']"
사무용품,파일링 제품,파일 재킷 및 파일 포켓,,B07BC4X82V,"Smead 파일 재킷, 강화된 스트레이트 컷 탭, 5.1cm(2인치) 확장, 레터 사이즈, 마닐라, 박스당 100개(75565)",SMEAD,96603,96603,4.7,1132.0,"100개의 레터 사이즈(너비 29.2cm(11-3/4인치) x 높이 24.1cm(9-1/2인치) 확장 마닐라 파일 재킷이 포함되어 있으며 문서 보안을 위한 전체 높이 측면과 내구성을 높이기 위해 강화된 스트레이트 컷 탭이 포함되어 있습니다 각 상단 탭 파일 재킷은 5.1cm(2인치) 확장 용량을 가지고 있으며 파일과 서류를 안전하게 보관하고 이동하거나 정리되지 않도록 삼면으로 둘러싸여 있습니다 내구성이 뛰어난 강화 탭은 자주 사용하는 파일의 모양을 유지하여 프레젠테이션, 회의 또는 집에서 작업할 때 사무실에서 문서를 꺼내기에 적합합니다 스트레이트 컷 탭은 라벨링의 내용물과 유연성을 설명할 수 있는 충분한 공간을 제공합니다. 추가 보관을 위해 자체 접착 폴리 포켓(68185) 중 하나를 외부에 부착하세요. 별도로 판매됩니다 미국에서 자랑스럽게 제작된 이 11pt. 파일 재킷 폴더는 10% 재활용 소재, 10% 소비자 사용 후 소재를 포함하고 있으며 SFI 소싱 인증을 받았습니다. 법적 크기, 플랫 또는 확장형으로도 제공됩니다","Smead의 파일 재킷으로 프로젝트 문서를 안전하고 정리하며 손이 닿는 곳에 보관하세요. 문서 보안을 위한 탁월한 솔루션인 이 마닐라 파일 재킷은 기존 파일 폴더에 맞지 않는 이상한 크기의 물품, 사진 및 부피가 큰 문서를 보관하기에 적합합니다. 각 레터 사이즈 파일 재킷 폴더에는 강화된 탭과 닫힌 측면이 있어 재료가 미끄러지지 않도록 하여 사무실 안팎에서 파일을 가져갈 때 훌륭한 선택입니다. 스트레이트 컷 탭은 내용물을 설명할 수 있는 충분한 공간을 제공하며 5.1cm(2인치) 확장 용량은 최대 450페이지를 위한 더 큰 저장 공간을 제공합니다. 미국에서 자랑스럽게 제작된 이 11pt. 마닐라 파일 폴더는 10% 재활용 소재, 10% 소비자 사용 후 소재를 포함하고 있으며 SFI 소싱 인증을 받았습니다. 편리한 문서 보관을 위해 자체 접착 폴리 포켓(68185 - 별도 판매) 중 하나를 추가하는 것이 좋습니다. • 혁신과 품질의 풍부한 유산. 효율적인 문서 관리를 위한 솔루션을 제공하는 세계 최고의 공급업체인 Smead는 고품질의 환경 친화적인 제품 및 혁신적인 조직 시스템으로 잘 알려진 여성 소유 회사입니다. Smead는 한 세기 이상 한 가지 목적을 위해 최선을 다하고 있습니다","['파일', '재킷', '문서', '탭', '보관', '확장', '강화', '마닐라', '폴더', '스트레이트']"
사무용품,파일링 제품,파일 재킷 및 파일 포켓,,B002MPPB82,"Smead Easy Grip® 파일 포켓, 스트레이트 컷 탭, 8.9cm(3-1/2인치) 확장, 레터 사이즈, 레드로프, 박스당 25개(73208)",SMEAD,62906,62906,4.6,59.0,"특허받은 ""그립 스트립""으로 설계되어 표준 포켓보다 두 배 더 많은 그립감을 제공합니다 선반을 쉽게 집거나 꺼낼 수 있습니다 문서를 고정하고 보호하기 위해 3면이 닫힙니다 8.9cm(3-1/2인치)까지 확장되어 최대 400장까지 담을 수 있습니다 롤오버 타이벡(r)-측면 거싯 상단에 보강되어 내구성을 높였습니다 재활용 소재 30%, 소비자 사용 후 소재 30% 포함","Smead 파일 포켓은 많은 양의 서류를 깔끔하게 정리하고 안전하게 보관할 수 있도록 도와줍니다. 책상, 서랍, 선반 및 이동 중 보관에 적합합니다. 보관 상자와 함께 사용하기에 이상적입니다. SmeadGrip 미끄럼 방지 표면으로 부피가 큰 파일을 쉽게 잡고 고정할 수 있습니다. 표준 포켓보다 두 배 더 많은 그립감을 제공합니다. 아코디언 스타일 측면은 8.9cm(3-1/2인치)로 확장되며 최대 400장까지 담을 수 있습니다. 파일 포켓은 최소한의 공간을 차지하며 추가 저장 용량이 필요할 때만 확장됩니다. 거싯 상단은 강도와 내구성을 높이기 위해 찢어짐 방지 소재로 보강되었습니다. 레터 사이즈 25개(너비 29.8cm x 높이 24.1cm(11-3/4 x 9-1/2인치)) 8.9cm(3-1/2인치) 확장이 가능한 이지 그립 파일 포켓이 포함되어 있습니다. 스트레이트 컷 탭은 넓은 라벨 영역을 제공합니다. 30% 재활용 소재, 30% 소비자 사용 후 재료를 포함하고 있으며 SFI 소싱 인증을 받았습니다./Easy Grip Pockets are designed with a special ""grip strip"" to provide twice as much grip as a standard pocket. They require less gripping force and strain to pick up out of drawers or to pull off shelves. These sturdy file pockets expand to 5-1/4"" and the rollover Tyvek® reinforcement on the sides make it virtually tear-proof./The ""grip strip"" provides twice as much grip as a standard pocket. No more broken nails or dropped papers./The Tyvek® side gusset easily expands to hold the bulk of your documents and is virtually tear-proof./The Easy Grip Pocket allows you to grab your files faster and easier with less strain on your hands and fingers.","['포켓', '확장', '파일', '재활용', '선반', '소비자', '표준', '스트레이트', '보관', '보강']"
사무용품,파일링 제품,파일 재킷 및 파일 포켓,,B08D3FG86M,Pendaflex PFX50992 - 글로우 폴리 파일 재킷,Pendaflex,23295,19847,4.3,10.0,내구성 있는 디자인으로 잦은 사용에도 오래 지속되는 강도를 제공합니다 밀폐된 측면은 문서를 안전하게 보관합니다 확장 가능한 구조로 파일 확장을 위한 추가 공간을 제공합니다 엄지컷 상단으로 파일에 쉽게 접근할 수 있습니다 단색으로 문서에 색상을 지정할 수 있습니다,"파일 재킷은 잦은 취급에도 강하게 유지되도록 마모, 찢어짐, 습기에 강한 내구성 있는 디자인이 특징입니다. 파일 재킷은 문서를 안전하게 보관할 수 있도록 3면에 밀봉되어 있습니다. 확장 가능한 구조로 파일 컬렉션이 증가함에 따라 더 많은 공간을 제공합니다. 엄지컷 상단을 사용하면 실수로 찢어지는 것을 방지할 수 있습니다. 단색으로 파일을 색상 코딩하여 효율적으로 정리할 수 있습니다.","['파일', '재킷', '문서', '확장', '안전하다', '강하다', '공간', '구성', '구조', '단색']"
사무용품,파일링 제품,파일 재킷 및 파일 포켓,,B0CB841YSJ,"플랩 및 코드 클로저가 있는 24팩 벌크 확장 파일 폴더 포켓 지갑, 5.1cm(2인치) 확장, 레터 사이즈, 사무실 학교 교실 문서 보관을 위한 다양한 색상 파일 정리함",Fulmoon,52616,52616,3.9,16.0,"넉넉한 용량: 확장 폴더는 대용량으로 많은 수의 문서를 보관하고 정리할 수 있습니다. 약 29.8 x 24.1 x 5.1cm(11.75 x 9.5 x 2인치)의 넉넉한 크기로 상당한 양의 서류를 편리하게 휴대할 수 있어 비즈니스 회의, 프레젠테이션 또는 학교 프로젝트에 이상적입니다 휴대용 및 보안: 파일 폴더는 많은 양의 문서를 쉽고 안전하게 운반할 수 있도록 설계되었습니다. 튼튼한 플랩과 코드 클로저로 파일을 안전하게 보호할 수 있습니다. 신축성 있는 코드는 깔끔하고 안전한 잠금을 보장하여 보호 및 안전층을 더합니다. 이동 중에 파일을 정리하고 운반하는 데 적합한 파일 폴더는 편리한 솔루션을 제공합니다 내구성 및 신뢰성: 고품질 종이 소재로 제작된 파일 폴더는 일상적인 사용을 견딜 수 있도록 제작되었습니다. 강화된 상단 및 두꺼운 패널은 내구성을 더하고 문서를 안전하게 보호합니다. 끊임없이 이동 중이거나 사무실이나 학교를 위한 신뢰할 수 있는 보관 솔루션이 필요하든 오래 사용할 수 있도록 설계되었습니다 다용도 및 다용도: 파일 정리 및 운반을 위해 설계된 컬러 파일 폴더는 실용적이고 세련된 지갑으로도 사용할 수 있습니다. 넓은 수납 공간이 있어 중요한 카드와 작은 물건을 문서와 함께 편리하게 휴대할 수 있습니다. 이 다용도 컬러 파일 폴더는 전문가, 학생 및 다용도 보관 솔루션이 필요한 사람에게 탁월한 선택입니다 편리한 잠금: 포켓 파일 폴더에는 신축성 있는 코드 클로저가 있는 커버가 있어 파일을 제자리에 안전하게 고정할 수 있습니다. 코드 클로저는 실수로 중요한 문서가 분실되거나 섞이는 것을 방지합니다. 또한, 커버 디자인으로 필요할 때마다 파일을 쉽고 빠르게 액세스할 수 있어 시간과 노력을 절약할 수 있습니다","특징: 세련된 디자인: 확장 파일 폴더는 사진과 같이 다양하고 매력적인 색상으로 제공됩니다. 실용적일 뿐만 아니라 직업이나 개인 생활에 스타일을 더합니다. 생생한 색상 옵션을 통해 개성과 일치하거나 조직의 브랜드를 보완하는 파일 지갑을 선택할 수 있습니다. 파일 지갑의 매끄럽고 세련된 디자인으로 정리된 상태를 유지하면서 개성을 표현하세요. 보관 공간 및 내구성: 포켓이 있는 파일 폴더를 사용하면 24개의 파일 지갑 팩을 받을 수 있어 훌륭한 도구를 제공합니다. 각 지갑은 충분한 수납 공간과 내구성을 제공하므로 지속적으로 교체하거나 수리할 필요가 없습니다. 사양: 소재: 종이. 색상: 사진과 같음. 사이즈: 약 29.8 x 24.1 x 5.1cm(11.75 x 9패키지 구성: 파일 지갑 24개. 참고: 수동 측정, 사이즈에 약간의 오차가 있을 수 있습니다. 화면 디스플레이의 차이로 인해 색상이 약간 다를 수 있습니다.","['파일', '폴더', '지갑', '문서', '구성', '정리', '안전하다', '보관', '확장', '다용']"
사무용품,파일링 제품,파일 재킷 및 파일 포켓,,B0CHYJTG7N,"수직 확장 파일 오거나이저 4개, 포켓 13개, A4 확장 파일 폴더, 다채로운 라벨과 확장 가능한 커버 포함, 직장, 학교, 홈 오피스용 대용량",Harloon,20761,20761,4.2,4.0,"제품 구성: 이 패키지에는 핑크, 퍼플, 그린, 블루 색상의 4개의 뚜렷한 색상의 수직 사무실 폴더 정리함이 포함되어 있습니다. 각 오거나이저에는 39개의 생생한 라벨이 포함되어 있습니다. 제공된 4개의 폴더는 다양한 주제나 자료에 대한 보관 요구 사항을 충족하여 혼란을 일으키지 않고 콘텐츠를 위한 충분한 공간을 보장합니다 수직 폴더의 특징: 각 확장 파일 폴더에는 13개의 저장 레이어가 포함되어 있습니다. 이 레이어는 다양한 유형의 파일을 저장하는 데 적용할 수 있습니다. 폴더는 저장된 파일 수에 따라 크기를 조정합니다. 이중 레이어 스냅 패스너는 문서를 안전하게 보호하여 쉽게 낙진을 방지합니다. 불투명한 디자인은 추가적인 프라이버시 레이어를 제공합니다. 포함된 스티커는 파일을 분류하여 필요한 정보에 빠르고 쉽게 액세스할 수 있도록 도와줍니다 우수한 휴대성: 백팩 파일 오거나이저 수직은 편리한 수직 디자인으로 제작되어 휴대와 보관이 쉽습니다. 컴팩트한 크기와 가벼운 디자인으로 필수 문서를 쉽게 운반할 수 있습니다. 학교 가방에 넣거나 책장에 놓을 수 있어 공간을 절약하고 책상 어수선함과 혼란을 줄일 수 있습니다 내구성 및 보안성: 수직 확장 파일 폴더는 플라스틱 소재로 만들어져 견고하고 방수 기능이 있으며 완벽한 프라이버시를 제공합니다. 최대 A4 크기의 파일을 호스팅하도록 제작되었습니다 다용도 사용: 이 수직 파일 폴더 오거나이저는 가정, 학교, 사무실 및 기타 위치에 부착할 수 있습니다. 대부분의 문서, 바우처, 중요한 서류, 영수증 등을 보관하기에 좋습니다. 컬러 라벨은 다양한 파일 유형을 구별하는 데 도움이 되며 빠른 검색 프로세스를 보장하여 시간을 절약할 수 있습니다","특징: 방수 및 강화 디자인: 오거나이저 폴더는 플라스틱 소재를 사용하여 제작되어 효과적인 방수 기능을 제공합니다. 또한, 손잡이는 하중 베어링 기능을 향상시키기 위해 강화되어 더 나은 내구성과 파일 보호 기능을 제공합니다. 간단한 분류: 이 확장 파일 폴더의 저장 공간에는 13개의 수직 분할이 포함되어 있습니다. 이 넉넉한 디자인으로 다양한 유형의 파일과 자료를 보관할 수 있습니다. 정리된 레이어드 배열로 파일을 빠르게 찾을 수 있어 전반적인 작업 효율성을 향상시킵니다. 사양: 소재: 플라스틱 색상: 핑크, 퍼플, 그린, 블루 사이즈: 약 13.8 x 9.5 x 0.8 인치/35 x 24 x 2 cm 시트 크기: 글자 A4 패키지 구성: 수직 파일 오거나이저 4개. 참고: 수동 측정, 사이즈에 약간의 오차가 있을 수 있습니다. 화면 디스플레이의 차이로 인해 색상이 약간 다를 수 있습니다.","['파일', '폴더', '수직', '확장', '레이어', '디자인', '저장', '오거나이저', '제작']"
사무용품,파일링 제품,파일 재킷 및 파일 포켓,,B000J05LF0,"Pendaflex 컷 어웨이 모서리가 있는 확장 선반 파일 재킷, 레터 사이즈, 마닐라, 박스당 50개 (11750)",Pendaflex,13836,13836,4.0,1.0,앞면 모서리가 잘린 마닐라 선반 파일 재킷. Manila Shelf 파일 재킷은 쉽게 사용할 수 있도록 컷어웨이 전면 모서리가 특징입니다.,마닐라 선반 파일 재킷은 쉽게 사용할 수 있도록 컷어웨이 전면 모서리가 특징입니다. 11 pt. 마닐라 스톡.,"['파일', '재킷', '모서리', '마닐라', '웨이', '선반', '특징', '전면', '확장', '스톡']"
사무용품,파일링 제품,파일 재킷 및 파일 포켓,,B006TIHFSC,"C-Line Zip 'N Go 확장 포트폴리오, 외부 포켓, 레터 사이즈, 200장 용량, 투명, 팩 당 3개 (48117)",C-Line,13046,13046,3.8,53.0,지퍼가 달린 확장 파일을 사용하면 종이를 안전하게 보관하고 운반할 수 있습니다. 반투명 중성 폴리프로필렌은 가시성과 문서 보호 기능을 제공합니다 나뭇잎 및 프레젠테이션에 적합합니다 쉬운 슬라이드 지퍼로 재료를 안전하게 유지합니다 커버 시트 또는 라우팅 슬립을 보관할 수 있는 오버사이즈 전면 포켓,지퍼가 달린 확장 파일을 사용하면 종이를 안전하게 보관하고 운반할 수 있습니다. 반투명 폴리프로필렌은 가시성과 문서 보호 기능을 제공합니다. 재사용 가능한 봉투에는 쉽게 슬라이드 지퍼가 있어 문서를 안전하게 보관할 수 있습니다.,"['안전하다', '지퍼', '확장', '문서', '종이', '가시성', '반투명', '보관', '보호', '슬라이드']"
사무용품,파일링 제품,파일 재킷 및 파일 포켓,,B001L1RFSW,"Smead 파일 포켓, 2/5컷 탭 오른쪽 위치, 가이드 높이, 8.9cm(3-1/2인치) 확장, 리갈 사이즈, 레드로프, 박스당 25개(74088)",SMEAD,117420,117420,5.0,2.0,"프로젝트 자료를 제어하세요 3면이 닫혀 종이를 안전하게 유지합니다 2.5cm(1인치)까지 확장되어 최대 125장까지 담을 수 있습니다 10% 재활용 소재, 10% 소비자 사용 후 소재 포함 Smead 100년의 우수성","Smead 파일 포켓은 많은 양의 서류를 깔끔하게 정리하고 안전하게 보관할 수 있도록 도와줍니다. 책상, 서랍, 선반 및 이동 중 보관에 적합합니다. 보관 상자와 함께 사용하기에 이상적입니다. 아코디언 스타일 측면은 8.9cm(3-1/2인치)로 확장되며 최대 400장까지 담을 수 있습니다. 파일 포켓은 최소한의 공간을 차지하며 추가 저장 용량이 필요할 때만 확장됩니다. 거싯 상단은 강도와 내구성을 높이기 위해 찢어짐 방지 소재로 보강되었습니다. 2/5컷 탭, 오른쪽 위치, 가이드 높이. 8.9cm(3-1/2인치) 확장이 가능한 25개의 가이드 높이 리갈 사이즈(너비 36.8cm(14-3/4인치) x 높이 25.4cm(10인치)) 파일 포켓이 포함되어 있습니다. 30% 재활용 소재, 30% 소비자 사용 후 재료를 포함하고 있으며 SFI 소싱 인증을 받았습니다.","['확장', '포켓', '파일', '가이드', '재활용', '보관', '소비자', '안전하다', '위치', '오른쪽']"
사무용품,파일링 제품,파일 재킷 및 파일 포켓,,B009ZN1O80,"Pendaflex 수직 강화 알파 A-Z/21 포켓 확장 파일, 레터 사이즈, 각 1개 (14000)",Pendaflex,35414,27686,4.3,14.0,레터 사이즈 Alpha Headings A-Z 찢어짐 방지 거싯 신축성 있는 잠금 방식의 풀 플랩 내구성이 뛰어난 빨간색 섬유 소재,수직 방향으로 종이를 쉽게 찾을 수 있습니다. 신축성 있는 잠금 방식의 풀 플랩. 사전 인쇄된 A-Z 헤더. 무산성,"['신축', '플랩', '풀', '수직', '섬유', '구성', '무산', '방지', '방향', '빨간색']"
사무용품,파일링 제품,파일 재킷 및 파일 포켓,,B01MT0NJR6,"Pendaflex 13 포켓 프로페셔널 확장 파일, 레터 사이즈, 모듬 (색상 선택 없음) (82113)",Pendaflex,18005,18005,3.9,17.0,내구성이 뛰어난 폴리 소재. 칸막이가 있는 포켓 13개. 레터 사이즈. 다양한 색상.,세련된 외관의 스마트한 디자인. 견고한 금속과 신축성 있는 클로저가 있는 내구성 있는 폴리 소재. 삽입 가능한 탭이 있는 13개의 포켓과 칸막이. 레터 사이즈. 다양한 색상.,"['포켓', '폴리', '구성', '칸막이', '확장', '세련되다', '견고하다', '금속', '디자인', '삽입']"
사무용품,파일링 제품,파일 재킷 및 파일 포켓,,B0052S3C46,Five Star 파일 폴더 확장 가능한 5포켓 수직,Five Star,20761,20761,4.6,826.0,"5개의 탈착식 컬러 파일 폴더로 피사체에 색상을 지정할 수 있습니다. 강화된 거싯으로 가장자리가 찢어지는 것을 방지합니다. 독특한 수직 구조로 백팩을 쉽게 보관하고 꺼낼 수 있습니다. 수직 방향으로 유인물을 쉽게 볼 수 있습니다. 오래 가도록 튼튼하게 제작되었습니다. 내구성이 뛰어난 플라스틱 쉘, 안전한 번지 클로저, 31.1 x 26.0 x 2.5cm 플랫 플랩이 파일 안에 들어가 내용물을 쉽게 볼 수 있습니다. 펜 보관을 위한 두 개의 홈.",파일을 확장하면 단일 파일 폴더 이상의 많은 수의 시트가 있습니다.,"['파일', '폴더', '수직', '보관', '확장', '강화', '구성', '가장자리', '구조', '내용물']"
사무용품,파일링 제품,파일 재킷 및 파일 포켓,,B000GR7NG6,"Smead 엔드 탭 확장 파일 재킷, 강화된 스트레이트 컷 탭, 5.1cm(2인치) 확장, 레터 사이즈, 마닐라, 박스당 25개(76910)",SMEAD,155327,73058,4.9,8.0,"부피가 큰 문서를 보관하기에 이상적입니다 문서 보안을 위해 3면이 닫힙니다 내구성을 위해 고중량 스톡으로 제작되었습니다 강화된 탭은 가장 강한 마모 시점에서 추가적인 강도를 제공합니다 최대 400장까지 담을 수 있도록 5.1cm(2인치)까지 확장됩니다 10% 재활용 소재, 10% 소비자 사용 후 소재 포함","부피가 큰 문서를 서류 정리 시스템 안에 안전하게 보관하세요. 선반 정리 및 기타 대형 레코드 시스템에 이상적입니다. 종이 및 기타 문서를 보호하고 안전하게 보관할 수 있도록 3면이 닫힙니다. 강화된 스트레이트 컷 탭은 자주 사용하는 파일에 내구성을 더합니다. 최대 5.1cm(2인치)까지 확장되어 더 큰 보관 용량을 제공합니다. 14 포인트 튼튼한 종이 스톡으로 제작되었습니다. 25개의 레터 사이즈(너비 32.4cm x 높이 24.1cm(12-3/8 x 9-1/2인치)) 엔드 탭 파일 재킷과 강화된 스트레이트 컷 1.3cm(1/2인치) 너비 탭이 포함되어 있습니다. 자랑스러운 미국산. 10% 재활용 소재, 10% 소비자 사용 후 재료를 포함하고 있으며 SFI 소싱 인증을 받았습니다.","['탭', '확장', '강화', '문서', '파일', '보관', '스트레이트', '안전하다', '구성', '부피']"
사무용품,파일링 제품,파일 재킷 및 파일 포켓,,B007RJ3EGO,"C-Line 13포켓 폴리 확장 파일, 레터 사이즈, 확장 파일 1개, 색상은 다를 수 있음 (58310)",C-Line,17561,17561,4.2,28.0,12개의 탭이 있는 포켓 13개 미리 인쇄된 탭 인서트와 버튼 탄성 클로저 포함 내구성이 뛰어난 아카이브 품질의 폴리프로필렌으로 제작되었습니다 다양한 색상 길이 27.9cm(11인치) X 너비 21.6cm(8-1/2인치),,"['확장', '포켓', '파일', '탭', '폴리프로필렌', '폴리', '탄성', '클로저', '제작', '인쇄']"
사무용품,파일링 제품,파일 재킷 및 파일 포켓,,B09C7PKNTD,"Filexec Products 파일 재킷, 사이드 로딩, 레터 사이즈, 25개 모듬 팩 (50626-3725)",filexec,37353,37353,5.0,4.0,"기능성 전문적 모던 잘 만들어진 폴리프로필렌 25개 세트 - 블루, 레드, 그린, 옐로우, 오렌지","Filexec Products 파일 재킷, 사이드 로딩, 레터 사이즈, 25개 세트 (50626-3725)","['파일', '재킷', '사이드', '로딩', '폴리프로필렌', '전문', '오렌지', '옐로우', '블루', '모던']"
사무용품,파일링 제품,파일 재킷 및 파일 포켓,,B009ZMTN3E,"Pendaflex 수직 강화 데일리 1-31/31 포켓 강화 확장 파일, 레터 사이즈, 각 1개 (14004), 레드 섬유",Pendaflex,37838,37838,4.5,24.0,레터 사이즈 Daily Headings 1-31 찢어짐 방지 거싯 신축성 있는 잠금 방식의 풀 플랩 내구성이 뛰어난 빨간색 섬유 소재,수직 방향으로 종이를 쉽게 찾을 수 있습니다. 신축성 있는 잠금 방식의 풀 플랩. 미리 인쇄된 데일리 1-31 헤딩. 무산성,"['수직', '일리', '섬유', '신축', '강화', '풀', '플랩', '파일', '종이', '포켓']"
사무용품,파일링 제품,파일 재킷 및 파일 포켓,,B003SC757I,"Business Source 65792 파일 포켓, 13.4cm(5-1/4인치) Exp., 레터, 10/BX, 레드로프",Business Source,32893,32893,4.3,21.0,박스 당 10개 판매. 유연한 확장을 위해 강화된 거싯이 있는 아코디언 디자인. 30% 소비자 사용 후 소재. 쉽게 사용할 수 있는 드롭 프론트 스타일. 강화된 거싯으로 13.4cm(5-1/4인치) 확장. 신뢰할 수 있는 리드롭 스톡.,"튼튼한 파일 포켓은 쉽게 확장할 수 있는 아코디언 디자인으로 부피가 큰 레코드를 관리합니다. 13.3cm(5-1/4인치) 확장에는 최대 1,200장의 레터 사이즈 시트를 담을 수 있습니다. 거싯 상단의 내구성 있는 롤오버 보강으로 측면이 사실상 찢어지지 않습니다. 드롭 프론트 스타일로 쉽게 사용할 수 있습니다. 파일 포켓은 리드롭 스톡으로 제작되었습니다.","['확장', '포켓', '파일', '아코디언', '드롭', '디자인', '리드', '프론트', '스타일']"
사무용품,파일링 제품,파일 재킷 및 파일 포켓,,B0036WHJJ4,"파일 2 포켓 폴더, 명함 다이 컷, 반투명 클리어 (12개 팩) (50116-31213)",filexec,19403,19403,4.6,92.0,기능성 전문가 잘 만들어진 제품,"2-Pocket Folder, Business Card Die-Cut, Translucent","['폴더', '포켓', '파일', '클리어', '전문가', '반투명', '명함']"
사무용품,파일링 제품,파일 재킷 및 파일 포켓,,B006CEX492,"Filexec 소프트 터치 패딩 캔버스 창문 확장 파일, 포켓 13개, 그린 (46225-4), 레터, 1팩",filexec,21412,21412,4.4,68.0,고품질 패딩 캔버스 EZ At-A-Glance 창 펜 홀더가 있는 외부 포켓 1개 투톤 디자인 12개의 컬러 탭이 있는 13개의 확장 포켓,"Padded Canvas Window Expanding File, 13 Pockets with 12 Colored Tabs, Sold as 1 Piece","['포켓', '확장', '캔버스', '패딩', '디자인', '소프트', '외부', '창', '창문', '탭']"
사무용품,파일링 제품,파일 재킷 및 파일 포켓,,B003ZIDJO8,"Pendaflex 지퍼 지갑 폴리 파일, 7.6cm(3인치) 확장, 핑크 또는 블루 (색상 선택 없음), 각 (27909)",Pendaflex,22838,22838,4.6,301.0,습기 방지 폴리 커버가 물건을 보호합니다 지퍼 잠금으로 내용물을 안전하게 보관합니다 원단 측면은 7.6cm(3인치) 확장되어 더 많이 보관할 수 있습니다 레터 사이즈 핑크 또는 블루 중 하나를 받으세요,endaflex 지퍼 지갑 폴리 파일은 방습 폴리 커버와 패브릭 측면을 제공하여 프로젝트 필수품에 맞게 최대 7.6cm(3인치)까지 확장됩니다. 내구성이 뛰어난 지갑은 완벽한 휴대용 보관함입니다. 레터 사이즈. 핑크 또는 블루를 받으세요. 색상은 각 주문에 대해 무작위로 할당됩니다.,"['폴리', '블루', '핑크', '확장', '지갑', '지퍼', '커버', '보관', '측면', '파일']"
사무용품,파일링 제품,파일 재킷 및 파일 포켓,,B00T3CDIK0,SMEAD 얼티밋 탑 탭 파일 재킷 및 포켓 (14079),SMEAD,109138,96160,,,안전과 보안이 가장 중요할 때 궁극의 분류 폴더. 안전한 쉴드 본디드 패스너는 종이 및 손가락에 대한 보호를 추가하면서 패스너 크링클링을 줄여줍니다. 펀치나 스테이플링할 수 없는 소재를 위한 포켓 스타일 칸막이가 포함되어 있습니다.,"The ultimate classification folder when safety and security are most important. Safe SHIELD bonded fasteners add protection for papers and fingers, while also reducing fastener crinkling. Two pocket-style dividers for materials that cannot be punched or stapled. Made of pressboard for extra durability. Variety of colors for color-coding projects. This product was made using wood sourced from a certified managed forest.","['패스', '포켓', '폴더', '안전하다', '링클', '보안', '보호', '본디', '분류', '손가락']"
사무용품,파일링 제품,파일 재킷 및 파일 포켓,,B007RJ3G0S,"C-Line 13포켓 확장 파일, 쿠폰 사이즈, 탭 포함, 파일 1개, 패션 서클 시리즈, 블랙/그레이 (56412)",C-Line,13005,13005,4.3,248.0,"패션 시리즈는 내구성이 뛰어난 아카이브 품질의 폴리프로필렌으로 제작되었습니다 더 작은 쿠폰 사이즈 - 특가 사냥꾼과 프루갈 쇼핑객에게 적합합니다! 미리 인쇄된 탭 인서트, 블랙 스티치 가장자리, 버튼 및 신축성 있는 클로저 포함 12개의 탭이 있는 13개의 포켓이 있습니다(인서트 포함) 독특한 블랙 앤 그레이 서클 디자인으로 구성되어 있습니다","일상적인 사무용품에 감각을 더하고 싶으신가요? C-Line Fashion Circles 시리즈는 독특한 블랙 및 그레이 원형 디자인으로 구성되어 트렌디하고 정돈된 상태를 유지할 수 있습니다. C-Line 13포켓 확장 파일은 쿠폰 및 기타 작은 물건을 내부에 보관할 수 있는 버튼과 신축성 있는 클로저가 있는 중성 보관 품질의 폴리프로필렌으로 제작되었습니다. 이 확장 파일은 메모, 카드, 귀중한 쿠폰 등을 보관, 보호 및 정리할 수 있는 완벽한 솔루션입니다. C-Line 13포켓 확장 파일에는 빠른 보기 정리를 위해 12개의 사전 인쇄된 라벨 인서트가 있어 가정, 사무실 또는 학교를 위한 만능 서류 정리 솔루션입니다. C-Line은 60년 이상 사무용품 분야의 선두 제조업체로, 보관, 식별 및 정리 제품을 갖춘 제품 라인을 갖추고 있어 가장 귀중한 자료를 보관, 보호 및 정리할 수 있도록 도와주는 다양한 신제품을 포함합니다.","['파일', '정리', '확장', '블랙', '포켓', '쿠폰', '보관', '구성', '시리즈', '그레이']"
사무용품,파일링 제품,파일 재킷 및 파일 포켓,,B0006SWAV8,"Smead 폴리 파일 지갑, 클로저 포함, 5.7cm(2-1/4인치) 확장, 플랩 및 코드 클로저, 반투명, 레터 사이즈, 블루 (71953)",SMEAD,21813,19154,4.6,279.0,레터 사이즈(너비 33.2cm(13-1/4인치) x 높이 24.4cm(9-7/8인치) 폴리 확장 파일 지갑 1개가 포함되어 있으며 5.7cm(2-1/4인치)의 완전히 확장되는 단일 포켓이 있어 많은 양의 문서를 편리하고 안전하게 운반할 수 있습니다 신축성 있는 코드가 있는 플랩은 내용물이 완전히 확장될 때 문서를 보관할 수 있어 보호 및 보안을 제공하므로 어디를 가든 파일을 휴대할 수 있습니다 아코디언 스타일 측면은 5.7cm(2-1/4인치)까지 확장되어 최대 200개의 레터 크기의 시트를 담을 수 있는 충분한 용량을 제공합니다. 전면에 2개의 투명 포켓이 포함되어 있어 내용물에 라벨을 붙일 수 있습니다 바느질 원단 트림과 튼튼한 블랙 천 거싯으로 재미있는 룩을 위한 반투명 디자인이 특징입니다. 중성 및 PVC 프리 내구성이 뛰어나고 찢어짐 방지 및 방수 폴리 소재로 제작되어 먼지와 습기로부터 내용물을 보호합니다. 지문과 파편을 쉽게 청소할 수 있습니다,휴대할 수 있는 완벽한 솔루션인 Smead의 폴리 확장 파일 지갑은 빠르게 운반해야 하는 많은 양의 서류를 정리할 수 있도록 설계되었습니다. 아코디언 스타일의 측면은 거싯을 부풀리지 않고 확장할 수 있어 회의에 중요한 파일 몇 개를 쉽게 휴대할 수 있습니다. 각 지갑에는 여러 관련 문서를 보관하고 물건을 정돈된 상태로 보관할 수 있는 단일 포켓이 포함되어 있습니다. 풀 포켓 확장은 5.7cm(2-1/4인치)입니다. 보호 플랩과 코드 클로저가 있는 레터 사이즈(너비 33.2cm(13-1/4인치) x 높이 24.9cm(9-7/8인치) 폴리 확장 파일 지갑 1개가 포함되어 있습니다. 블랙 패브릭 거싯은 내구성을 더하기 위해 블랙 트림이 있습니다. 매끄럽고 투명한 파란색 외관은 전문적인 외관을 제공하여 확장 파일 지갑은 이동 중에도 가장 좋아하는 제품입니다. 플랩을 아래로 접고 부착된 코드 클로저로 고정합니다. 두 개의 작은 투명 전면 포켓에는 인덱싱을 위한 카드를 보관할 수 있습니다. 찢어짐 및 방수 기능이 있는 이 확장 파일은 사무실에서 꺼내거나 동료에게 전달하기에 적합합니다. 폴리 소재는 종이를 깔끔하게 보관할 수 있을 만큼 견고하며 청소하기 쉽습니다. 간단한 변경으로 생산성을 높이고 조직을 개선할 수 있습니다. 무산성 및 PVC 프리.,"['확장', '파일', '폴리', '지갑', '포켓', '플랩', '클로저', '휴대', '블랙', '문서']"
사무용품,파일링 제품,파일 재킷 및 파일 포켓,,B088F6WMLT,"Pendaflex Earthwise Redrope 파일 재킷, 5.25",Pendaflex,55386,55386,5.0,1.0,박스 당 10개 판매. redrope로 제작. 강화된 섬유 거싯은 무거운 하중을 견딜 수 있습니다. 법정 크기의 문서를 보관할 수 있습니다. 신축성 있는 밴드와 풀 플랩은 문서가 떨어지는 것을 방지합니다. 박스 당 포켓 10개.,"Pendaflex Earthwise Redrope 파일 재킷, 5.25","['문서', '박스', '파일', '재킷', '하중', '법정', '무겁다', '방지', '밴드', '신축']"
사무용품,파일링 제품,파일 재킷 및 파일 포켓,,B001CD7LYM,"Pendaflex 10포켓 폴리 오거나이저, 레터 사이즈, 다양한 색상, 색상 선택 불가 (84029)",Pendaflex,20761,20761,3.8,92.0,제품 구성: 다양한 색상의 편지 크기의 용지를 위한 10개의 포켓 오거나이저(색상은 다를 수 있으며 모든 색상이 표시되지는 않습니다) 간단한 사용: 문서를 열고 쉽게 볼 수 있습니다. 3홀 펀치가 필요하지 않습니다. 4개의 양면 포켓과 2개의 내부 커버 포켓이 있어 원하는 방식으로 분류할 수 있습니다 오래 지속되는 정리: 찢어짐 방지 및 방수 폴리는 과도한 사용에도 견딜 수 있습니다. 신축성 있는 코드 클로저로 문서를 보관할 수 있습니다 나만의 제품: 21.6cm x 27.9cm 시트로 전면 커버를 꾸미고 빠른 길 찾기를 위해 빈 탭 인서트를 맞춤 설정하세요 학교 복귀 필수품: 바쁜 학교 중에 학생과 교사 모두에게 교실을 정리하고 이용할 수 있는 훌륭한 옵션입니다 ClearVue 전면 커버는 21.4 x 27.9 cm 용지를 담을 수 있습니다 안전하게 신축성 있는 코드 잠금,"Pendaflex 10포켓 폴리 오거나이저는 프로젝트, 수업, 회의 등을 위한 종이를 빠르고 쉽게 정리할 수 있는 방법입니다. 10 포켓 폴리 오거나이저. 레터 사이즈. 다양한 색상, 주문 당 무작위로 배정됩니다. 홀 펀치가 필요 없음: 서둘러 체계적인 상태를 유지하고 싶으신가요? 종이를 구멍을 뚫지 않고도 바인더에 있는 유인물, 메모 및 기타 서류를 볼 수 있습니다. 이동 중 정리: 내구성이 뛰어난 폴리는 찢어짐, 흘림 및 일상적인 사용을 견딜 수 있으므로 가방, 백팩 또는 사물함에 넣고 이동할 수 있습니다. 프로젝트를 순서대로 유지하세요: 움직이는 부품이 많은 대형 프로젝트가 있거나 과목 또는 수업별로 학교 생활을 정리해야 할 때, 이 편리한 포켓 폴더가 당신을 보호합니다.","['포켓', '정리', '폴리', '학교', '프로젝트', '커버', '구성', '이동', '용지', '오거']"
사무용품,파일링 제품,파일 재킷 및 파일 포켓,,B0B8Z2DVJ5,"Cloudia 스티커 라벨이 있는 13포켓 확장 파일 폴더, 블랙, 글자 A4",Cloudia,13143,13143,4.6,242.0,"안전하고 편리함: CLOUDIA 확장 폴더는 문서를 안전하게 보관할 수 있는 지퍼 디자인이 특징입니다. 방수 및 튼튼한 소재는 다양한 기상 조건에서 종이를 보호합니다. 우수한 품질: 강화 원단과 단단한 색상의 플라스틱으로 제작되었습니다. 큰 저장 공간: CLOUDIA 확장 폴더에는 13개의 포켓이 있으며 각 포켓은 2.5cm(1인치) 이상으로 확장되어 중요한 문서를 안전하게 보관할 수 있는 충분한 공간이 있습니다. 접착 라벨: 각 CLOUDIA 확장 폴더에는 쉽고 빠른 파일 검색을 위해 스티커 라벨이 함께 제공됩니다. (폴더 내부에 위치) 전면 포켓: 확장 폴더를 더 좋게 만들기 위해 각 CLOUDIA 확장 폴더에는 8.9cm(3.5인치) 깊이의 튼튼한 전면 포켓이 있어 공항, 펜, 형광펜 및 기타 자주 사용하는 물건을 보관하기에 적합합니다.",,"['확장', '폴더', '포켓', '라벨', '안전하다', '스티커', '공간', '펜', '파일', '튼튼하다']"
사무용품,파일링 제품,파일 재킷 및 파일 포켓,,B001L1RGBI,"Smead 엔드 탭 치과 스타일 파일 재킷, 강화된 스트레이트 컷 탭, 플랫 확장 없음, 레터 사이즈, 마닐라, 박스당 50개 (76900)",SMEAD,59084,59084,5.0,2.0,"엑스레이 보관에 이상적입니다 안전을 위해 3면이 닫힙니다 플랫, 확장 없음 전면 패널에 세 개의 구멍이 있어 서류가 내부에 있는지 빠르게 확인할 수 있습니다 전면 패널 썸컷 10% 재활용 소재, 10% 소비자 사용 후 소재 포함","부피가 큰 문서를 서류 정리 시스템 안에 안전하게 보관하세요. 치과 또는 의료 기록을 보관하기에 이상적입니다. 종이 및 기타 문서를 보호하고 안전하게 보관할 수 있도록 3면이 닫힙니다. 평평한(확장 없음)이며 최대 50장까지 담을 수 있습니다. 전면 패널의 세 개의 구멍은 의료/치과 기록이 내부에 있는지 빠르게 나타냅니다. 강화된 스트레이트 컷 탭은 자주 사용하는 파일에 내구성을 더합니다. 50개의 레터 사이즈(너비 31.8cm x 높이 24.1cm(12-1/4 x 9-1/2인치)) 엔드 탭 파일 재킷과 강화된 스트레이트 컷 1.3cm(1/2인치) 너비 탭이 포함되어 있습니다. 자랑스러운 미국산. 10% 재활용 소재, 10% 소비자 사용 후 재료를 포함하고 있으며 SFI 소싱 인증을 받았습니다.","['탭', '확장', '치과', '보관', '스트레이트', '전면', '강화', '패널', '파일', '의료']"
사무용품,파일링 제품,파일 재킷 및 파일 포켓,,B000UI641G,"Pendaflex 95545 튼튼한 엔드 탭 파일 포켓, 스트레이트 컷, 포켓 1개, 리걸, 브라운 (10개 상자), 레드",Pendaflex,93695,93695,4.4,8.0,튼튼한 파일 포켓은 확장되어 성장하는 프로젝트에 필요한 공간을 제공합니다 강화된 찢어짐 방지 거싯은 패널 안으로 2.2cm(7/8인치)까지 확장됩니다 전면 패널은 접을 수 있어 종이를 쉽게 꺼낼 수 있습니다,튼튼한 파일 포켓은 확장되어 성장하는 프로젝트에 필요한 공간을 제공합니다. 강화된 찢어짐 방지 거싯은 패널로 2.2cm(7/8인치)까지 확장됩니다. 전면 패널은 접을 수 있어 용지에 쉽게 접근할 수 있습니다. 닫힌 측면이 있는 포켓 디자인으로 내용물을 보호합니다. 스트레이트 컷 엔드 탭은 엔드 탭 선반 시스템에 사용하기에 적합합니다. 포켓은 매우 튼튼한 중성 17포인트 레드 섬유 스톡으로 제작되었습니다.,"['포켓', '확장', '패널', '튼튼하다', '파일', '탭', '전면', '공간', '레드', '방지']"
사무용품,파일링 제품,파일 재킷 및 파일 포켓,,B001L1RG6I,"Smead 항균 제품 보호 기능이 있는 엔드 탭 파일 재킷, 강화 스트레이트 컷 탭, 확장 없음, 레터 사이즈, 마닐라, 박스당 100개 (75715)",SMEAD,88556,88556,5.0,5.0,"얼룩, 냄새 및 제품 저하를 일으킬 수 있는 박테리아, 곰팡이 및 흰곰팡이의 성장을 방지하도록 처리되었습니다 내구성을 위한 스트레이트 컷 강화 엔드 탭 문서를 안전하게 보호하기 위해 양면이 닫힙니다 플랫, 확장 없음 무산성, 기록 보관 품질 10% 재활용 소재, 10% 소비자 사용 후 소재 포함","부피가 큰 문서를 서류 정리 시스템 내에서 안전하게 보관하세요. 선반 파일 및 기타 대형 레코드 시스템에 이상적입니다. 종이 및 기타 문서를 보호하고 안전하게 유지하기 위해 양면이 닫힙니다. 전면 패널은 대각선으로 절단되어 오른쪽 모서리가 열려 내용물을 쉽게 꺼낼 수 있습니다. 강화된 스트레이트 컷 탭은 자주 사용하는 파일에 내구성을 더합니다. 플랫(확장 없음) 최대 50장의 시트를 담을 수 있습니다. 얼룩, 냄새 및 제품 저하를 줄이기 위해 제품 보호 처리되었습니다. 100개의 레터 사이즈(너비 31.8cm(12-1/4인치) x 높이 24.1cm(9-1/2인치)) 강화 스트레이트 컷 1.3cm(1/2인치) 너비의 탭이 있는 엔드 탭 파일 재킷이 포함되어 있습니다. 자랑스러운 미국산. 10% 재활용 소재, 10% 소비자 사용 후 재료를 포함하고 있으며 SFI 소싱 인증을 받았습니다.","['탭', '스트레이트', '파일', '보호', '강화', '안전하다', '확장', '문서', '시스템', '양면']"
사무용품,파일링 제품,파일 재킷 및 파일 포켓,,B000DLBY7O,"Pendaflex 61004EE See-in 파일 재킷, 액티브 사용, LTR, 바이닐, CLR, 50/Bx (61004)",Pendaflex,84471,27686,4.4,11.0,"헤비 게이지 투명 비닐 파일 재킷은 엄지 손가락 노치와 닫힌 바닥과 측면을 특징으로 합니다. 레터 사이즈. 내용물을 빠르게 볼 수 있는 투명 재킷. 더 나은 품질의 헤비 게이지 투명 비닐, 엄지손가락 노치. 닫힌 바닥과 옆면은 종이가 미끄러지는 것을 방지합니다.","더 나은 품질의 헤비 게이지 투명 비닐, 엄지손가락 노치. 닫힌 바닥과 옆면은 종이가 미끄러지는 것을 방지합니다.","['투명', '헤비', '재킷', '노치', '바닥', '비닐', '게이지', '옆면', '엄지손가락', '파일']"
사무용품,파일링 제품,파일 재킷 및 파일 포켓,,B0017TIB22,"Lion 투명 프로젝트 폴더, 인덱스 포켓 포함, 10 EA/팩, 1 팩 (49120-CR)",LION,15816,15816,4.7,7.0,싱글 풀 사이즈 포켓 앞면에 명함 사이즈 타이틀 포켓이 있으며 사전 인쇄된 제목 샘플 라벨이 포함되어 있습니다 레터 사이즈 10개/팩 재활용 가능한 폴리프로필렌 소재,"사자 싱글 포켓, 명함 크기 인덱스 포켓이 있는 투명 프로젝트 폴더. 내구성이 뛰어난 플라스틱 파일 재킷에는 다양한 크기의 종이를 안전하게 보관할 수 있는 풀 사이즈 커버 포켓이 있습니다. 투명 파일 재킷은 종이 클립을 사용하는 번거로움 없이 활동적인 문서를 함께 보관하는 데 이상적입니다. 개인 타이틀 카드를 만들거나 이 폴리 프로젝트 재킷과 함께 제공되는 편리한 사전 인쇄 인덱스 카드를 사용하십시오. 제목 카드를 사용하면 프로젝트 찾기 및 접근이 간단합니다. LION 폴리 파일 재킷은 명함 포켓이 있는 프레젠테이션 폴더로도 사용할 수 있습니다. 이 선명한 뷰 폴더는 윗면과 옆면에서 열리고 엄지손가락 컷으로 쉽게 사용할 수 있습니다. 경제적인 10팩으로 제공됩니다. 중성 및 재활용 가능한 투명 플라스틱 폴더.","['포켓', '폴더', '프로젝트', '투명', '재킷', '카드', '명함', '인덱스', '파일', '재활용']"
사무용품,파일링 제품,파일 재킷 및 파일 포켓,,B011LYEPR2,"차량 거래 새 & 중고 자동차 판매용 재킷, 500 수량",A Plus,193900,193900,4.6,95.0,"수량: 500 사이즈: 30.5cm X 22.9cm, 32# 용지 스톡 (중간 무게) 색상: 화이트 - 블랙 잉크로 사전 인쇄 신차 또는 중고 차량 판매에 대한 정보 제공 딜러 재킷은 3면에 밀봉되어 있으며 상단(긴 가장자리) 오프닝은 엄지 컷으로 쉽게 접근할 수 있습니다 미국에서 제작",품질 32# 새 차량 또는 중고 차량 판매를 위한 거래 재킷. 30.48cm x 22.86cm 편리한 엄지 커팅 재킷 상단(길이) 측면을 따라 쉽게 종이를 사용할 수 있습니다. 블랙 잉크로 미리 인쇄되었습니다. 뒷면은 비어 있습니다.,"['재킷', '차량', '판매', '중고', '인쇄', '거래', '상단', '잉크', '블랙', '사전']"
사무용품,파일링 제품,파일 재킷 및 파일 포켓,,B013VOMPPE,"Smead 76910 엔드 탭 파일 재킷, 5.1cm(2인치) 확장, 31.4 x 24.1cm(12-3/8 x 9-1/2인치), 마닐라 25/",SMEAD,84540,84540,,,"박스 당 25개 판매. 의료 차트, 엑스레이 필름, 사진 또는 기타 불규칙한 크기의 문서를 보관하기에 적합합니다. 3면이 닫힙니다. 추가적인 내구성과 긴 수명을 위한 강화 탭. 라벨을 쉽게 붙일 수 있도록 엠보싱 처리되었습니다.","전체 높이의 측면 거싯은 내용물이 미끄러지지 않도록 합니다. 의료 차트, 엑스레이 필름, 사진 또는 기타 불규칙한 크기의 문서를 보관하기에 적합합니다. 3면이 닫힙니다. 추가적인 내구성과 긴 수명을 위한 강화 탭. 라벨은 별도로 판매됩니다. 이 제품은 인증된 관리 숲에서 공급되는 목재를 사용하여 제작되었습니다. 소매 재킷 유형: 파일 재킷 엔드 탭; 소재: 14 Pt. 마닐라; 높이: 24.1 cm(9 1/2 인치), 너비: 31.5 cm(12 3/8 인치).","['탭', '재킷', '엑스레이', '의료', '라벨', '마닐라', '문서', '보관', '불규칙하다', '사진']"
사무용품,파일링 제품,파일 재킷 및 파일 포켓,,B0D3M1NFP4,"확장 파일 폴더, 7포켓 아코디언 오거나이저, A4 레터 사이즈용 아코디언 파일 폴더, 문서 영수증 홀더, 학교 및 사무실에 이상적 (1, 투명)",BOSIOBUF,8296,8296,4.4,7.0,"간편한 정리: 탭 인서트가 있는 7개의 확장 가능한 포켓이 특징인 당사의 파일 폴더는 문서를 쉽게 분류하고 빠르게 검색할 수 있어 어수선함을 줄이고 효율성을 높입니다. 넉넉한 용량: 32.5 x 25 x 1.5cm(12.75 x 9.8 x 0.6인치) 크기로 최대 100~200장의 레터 및 A4 크기의 용지를 수용할 수 있어 어수선함 없이 충분한 수납 공간을 보장합니다. 프리미엄 품질: 내구성이 뛰어난 PVC 프리 소재로 제작된 파일 오거나이저는 방수, 무취 및 찢어짐 방지 기능이 있어 중요한 문서를 오래 사용하고 보호합니다. 안전한 디자인: 신축성 있는 코드 클로저가 있는 플랩은 내용물을 안전하게 보관하며, 두 개의 뒷면 카드 슬롯은 명함이나 프로젝트 제목을 위한 추가 저장 공간을 제공하여 이동 중에도 사용하기에 적합합니다. 다용도 사용: 편지, 영수증, 계약서 등을 보관하는 데 이상적이며 학교, 사무실, 가정 및 여행에 적합하며 어떤 환경에서도 정리할 수 있는 필수 액세서리입니다.",,"['파일', '폴더', '문서', '영수증', '어수선하다', '사무실', '정리', '보관', '안전하다', '포켓']"
사무용품,파일링 제품,파일 재킷 및 파일 포켓,,B000FD646Q,"Pendaflex 확장 파일 포켓, 브라운 (PFXC1536GHD)",Pendaflex,44597,44597,5.0,4.0,"튼튼한 파일 포켓은 가장 크고 부피가 큰 파일을 정리하기에 적합하며 제한된 서랍 공간을 위한 대안을 제공합니다 거싯은 프로젝트 필요에 따라 확장됩니다 전체 안감 처리된 타이벡 강화 거싯과 롤오버 기능이 추가되어 내마모성과 찢어짐 방지 기능을 제공합니다 매우 강한 24 포인트 커버는 타이벡 강화 전면 및 후면 패널과 전체 안감 처리, 찢어짐 방지 기능이 있습니다 10% 재활용 소재 포함 13.7cm(5.25인치) 확장으로 1,100장을 담을 수 있습니다 매우 두꺼운 레타 톤 커버, 신축성 있는 코드 클로저 및 찢어짐 방지 타이벡 안감 거싯","Globe-Weis 제품은 정리가 쉽고 빠르게 파일링하며 정보를 더 쉽게 이용할 수 있도록 합니다. Globe-Weis 프로젝트 재킷은 중요한 양식, 편지, 서류 및 보고서를 안전하게 보관할 수 있는 완벽한 방법입니다. 이 고품질 확장 재킷은 두꺼운 전면 및 후면 패널로 만들어져 일상적인 사용을 견딜 수 있는 견고한 11 포인트 마닐라 스톡으로 찢어짐에 대한 높은 저항성을 제공합니다. 각 Globe-Weis 프로젝트 재킷은 많은 양의 용지를 담을 수 있도록 전체 5.1cm(2인치)까지 확장되며 생생한 기본 컬러 인쇄로 제공되어 중요한 파일이 데스크톱 및 파일 캐비닛 내부에서 잘 보입니다. 최고의 정리를 위해 프로젝트 그리드가 전면에 인쇄되고 뒷면에 노트 섹션이 인쇄되어 모든 프로젝트 세부 사항과 타임라인을 최신 상태로 유지할 수 있습니다. 더블 탑 강화 탭은 쉽게 라벨을 붙일 수 있도록 전면 1.3cm(0.5인치) 위로 확장됩니다. Globe-Weis 프로젝트 재킷은 최소 10% 재활용 소재를 함유하여 오래 사용할 수 있는 보관 공간을 제공합니다. Globe-Weis는 사무실, 가정 및 학교에서 모든 종류의 서류와 문서를 관리할 수 있도록 도와주는 다양한 솔루션을 제공합니다.","['확장', '프로젝트', '파일', '재킷', '전면', '강화', '안감', '벡', '방지', '인쇄']"
사무용품,파일링 제품,파일 재킷 및 파일 포켓,,B000N4AJDQ,"Smead 전체 높이 거싯이 있는 걸이용 포켓, 5.1cm(2인치) 확장, 1/5컷 조절 가능한 탭, 레터 사이즈, 스카이 블루, 박스당 25개(64250)",SMEAD,109567,109567,4.1,63.0,"25개의 레터 사이즈(너비 29.9cm(11-3/4인치) x 높이 24.1cm(9-1/4인치), 로드 및 탭 제외) 걸이용 파일 포켓과 1/5컷 재배치 가능한 탭과 5.1cm(2인치) 전체 확장이 포함되어 있습니다 아코디언 스타일 측면은 5.1cm(2인치)까지 확장되어 최소한의 공간을 차지하고 추가 용량이 필요할 때만 확장되어 보관 요구 사항을 늘릴 수 있습니다 전체 높이 거싯은 파일 서랍에서 꺼낼 때 포켓이 걸리지 않도록 하여 문서 및 기타 물건을 닫힌 측면 안에 안전하게 보관합니다 다용도 파일 포켓에는 쉽게 들어 올릴 수 있는 다이 컷 핸들이 있어 작은 부품이 측면에서 미끄러질 걱정 없이 사무실에서 서류를 쉽게 운반할 수 있습니다 이 내구성 있는 걸이용 파일 포켓은 11pt로 제작되었습니다. 컬러 스톡은 10% 재활용 소재, 10% 소비자 사용 후 재료를 포함하고 있으며 SFI 소싱 인증을 받았습니다","걸 가치가 있다면, Smead 걸이용 파일이 필요합니다. Smead의 걸이용 포켓은 많은 양의 서류를 깔끔하게 정리하고 안전하게 보관할 수 있도록 설계되었습니다. 서랍 파일링을 위해 만들어진 이 걸이용 포켓에 부피가 큰 문서 컬렉션을 함께 보관하세요. 각 휴대용 포켓은 5.1cm(2인치)까지 확장되며 문서 제품군을 쉽게 운반할 수 있도록 다이 컷 핸들이 있습니다. 레터 사이즈 25개(너비 29.2cm x 높이 23.5cm(11-3/4 x 9-1/4인치), 로드 및 탭 제외) 스카이 블루 컬러 파일 포켓이 포함되어 있으며 1/5컷 재배치 가능한 탭이 있습니다. 전체 높이 측면은 작거나 느슨한 물건을 안전하게 보관하므로 문서, 영수증, 명함, 브로셔 등을 쉽게 추적할 수 있습니다. 이 11 pt. 컬러 스톡 걸이용 파일 포켓은 10% 재활용 소재, 10% 소비자 사용 후 재료를 포함하고 있으며 SFI 소싱 인증을 받았습니다.","['포켓', '파일', '이용', '탭', '확장', '보관', '문서', '측면', '전체', '안전하다']"
사무용품,파일링 제품,파일 재킷 및 파일 포켓,,B000FD59DK,"Pendaflex 확장 파일 포켓, 브라운 (PFXC1534GHD)",Pendaflex,48461,23143,4.5,3.0,튼튼한 파일 포켓은 크고 부피가 큰 파일을 정리하기에 적합하며 제한된 서랍 공간을 위한 대안을 제공합니다 거싯은 프로젝트 요구 사항에 따라 확장됩니다 전체 안감 처리된 타이벡 강화 거싯은 롤오버 기능이 추가되어 내마모성과 찢어짐 방지 기능을 제공합니다,"Pendaflex 제품을 사용하면 더 쉽게 정리하고 더 빠르게 파일링할 수 있으며 정보에 쉽게 접근할 수 있습니다. Pendaflex 확장 포켓은 중요한 양식, 편지, 서류 및 보고서를 안전하게 휴대, 보호 및 보관할 수 있는 완벽한 방법입니다. 가정 및 직장 생활의 요구가 계속 조화를 이루면서 편리하고 안전한 문서를 운반하는 것이 점점 더 중요해지고 있습니다. Pendaflex 확장 포켓은 이동 중에도 파일을 휴대하거나 파일을 걸거나 보관하는 데 적합합니다. 가장 큰 서류 정리 요구 사항을 처리할 수 있는 이 확장 포켓은 넉넉한 수납 공간을 제공합니다. 이 고품질 포켓은 5피스 구조가 특징이며 내구성을 높이기 위해 찢어짐 방지 타이벡 거싯으로 만들어져 최대 보관 용량과 쉬운 접근을 위해 전면 플랩에 점수를 매깁니다. 각 포켓은 13.8cm(5.25인치) 크기로 확장되어 많은 양의 종이를 담을 수 있습니다. Pendaflex 확장 포켓에는 최소 10% 재활용 소재를 포함하고 있어 오래 사용할 수 있는 보관 공간을 제공합니다. Pendaflex는 사무실, 가정 및 학교에서 모든 종류의 종이와 문서를 관리할 수 있는 다양한 솔루션을 제공합니다.","['포켓', '확장', '파일', '요구', '공간', '보관', '정리', '중요하다', '문서', '방지']"
사무용품,파일링 제품,파일 재킷 및 파일 포켓,,B001L1RFNC,"Smead 파일 포켓, 스트레이트 컷 탭, 4.4cm(1-3/4인치) 확장, 레터 사이즈, 옐로우, 박스당 25개(73223)",SMEAD,167446,112185,3.8,10.0,"색상을 사용하여 다양한 유형의 파일을 빠르게 식별할 수 있습니다 4.4cm(1-3/4인치)까지 확장하여 최대 150장까지 담을 수 있습니다 롤오버 타이벡 강화 거싯은 중요한 지점에서 추가적인 강도를 제공합니다 스트레이트 컷 탭은 넓은 라벨 영역을 제공합니다 밀폐된 측면은 재료를 안전하게 유지합니다 10% 재활용 소재, 10% 소비자 사용 후 소재 포함","Smead 파일 포켓은 많은 양의 서류를 깔끔하게 정리하고 안전하게 보관할 수 있도록 도와줍니다. 책상, 서랍, 선반 및 이동 중 보관에 적합합니다. 보관 상자와 함께 사용하기에 이상적입니다. 아코디언 스타일 측면은 4.4cm(1-3/4인치)까지 확장되며 최대 200장까지 담을 수 있습니다. 파일 포켓은 최소한의 공간을 차지하며 추가 저장 용량이 필요할 때만 확장됩니다. 거싯 상단은 강도와 내구성을 높이기 위해 찢어짐 방지 소재로 보강되었습니다. 쉽게 식별할 수 있는 색상 코드 파일. 스트레이트 컷 탭은 넓은 라벨 영역을 제공합니다. 4.4cm(1-3/4인치) 확장이 가능한 레터 사이즈(너비 29.5cm(11-3/4인치) x 높이 24.1cm(9-1/2인치)) 파일 포켓 25개가 포함되어 있습니다. 10% 재활용 소재, 10% 소비자 사용 후 재료를 포함하고 있으며 SFI 소싱 인증을 받았습니다./혁신과 품질이라는 풍부한 유산. Smead는 효율적인 문서 관리를 위한 솔루션을 제공하는 세계 최고의 공급업체로 고품질의 환경 책임적인 제품 및 혁신적인 조직 시스템으로 잘 알려진 여성 소유 회사입니다. Smead는 한 세기가 넘도록 하나의 목적을 위해 헌신해왔습니다. 여러분의 정리정돈을 돕는 것입니다!","['파일', '확장', '포켓', '스트레이트', '탭', '소비자', '안전하다', '재료', '재활용', '영역']"
사무용품,파일링 제품,파일 재킷 및 파일 포켓,,B001L1RFWI,"Smead 파일 포켓, 스트레이트 컷 탭, 13.3cm(5-1/4인치) 확장, 리갈 사이즈, 레드로프, 박스당 10개(74274)",SMEAD,53959,53959,5.0,5.0,"튼튼한 파일 포켓으로 부피가 큰 레코드를 관리하세요 최대 700장까지 담을 수 있도록 13.2cm(5-1/4인치)까지 확장됩니다 전체 안감 찢어짐 방지 타이벡 측면과 바닥으로 내구성을 높였습니다 스트레이트 컷 탭은 넓은 라벨 영역을 제공합니다 밀폐된 측면은 재료를 안전하게 유지합니다 재활용 소재 30%, 소비자 사용 후 소재 30% 포함","Smead 파일 포켓은 많은 양의 서류를 깔끔하게 정리하고 안전하게 보관할 수 있도록 도와줍니다. 책상, 서랍, 선반 및 이동 중 보관에 적합합니다. 보관 상자와 함께 사용하기에 이상적입니다. 자주 사용하는 파일에 적합한 이 포켓에는 강도와 내구성을 높이기 위해 찢어짐 방지 전체 안감 거싯이 있습니다. 아코디언 스타일 측면은 13.3cm(5-1/4인치)로 확장되며 최대 700장까지 담을 수 있습니다. 파일 포켓은 최소한의 공간을 차지하며 추가 저장 용량이 필요할 때만 확장됩니다. 스트레이트 컷 탭은 넓은 라벨 영역을 제공합니다. 10개의 리걸 사이즈(너비 36.8cm x 높이 24.1cm(14-3/4 x 9-1/2인치)) 파일 포켓이 포함되어 있습니다. 30% 재활용 소재, 30% 소비자 사용 후 재료를 포함하고 있으며 SFI 소싱 인증을 받았습니다.","['파일', '포켓', '확장', '측면', '스트레이트', '탭', '소비자', '안감', '보관', '구성']"
사무용품,파일링 제품,파일 재킷 및 파일 포켓,,B001L1RGB8,"Smead 엔드 탭 파일 재킷, Shelf-Master 강화 스트레이트 컷 탭, 리걸 사이즈",SMEAD,129663,129663,5.0,3.0,"종이를 정리하고 안전하게 보관할 수 있도록 양면이 닫힙니다 의료 차트, 엑스레이 및 사진을 안전하게 보관하세요 전면 패널은 대각선으로 절단되어 내용물을 쉽게 꺼낼 수 있습니다 최대 175장을 담을 수 있도록 0.3-5.1cm(1/1-2인치)까지 확장됩니다 내구성을 높이기 위해 강화된 탭이 있는 고중량 스톡으로 제작되었습니다 10% 재활용 소재, 10% 소비자 사용 후 소재 포함","부피가 큰 문서를 서류 정리 시스템 내에서 안전하게 보관하세요. 종이 및 기타 문서를 보호하고 안전하게 유지하기 위해 양면이 닫힙니다. 전면 패널은 대각선으로 절단되어 오른쪽 모서리가 열려 내용물을 쉽게 꺼낼 수 있습니다. 선반 파일 및 기타 대형 레코드 시스템에 이상적입니다. 14 포인트 튼튼한 종이 스톡으로 제작되었습니다. 강화된 스트레이트 컷 탭은 자주 사용하는 파일에 내구성을 더합니다. 최대 3.8cm(1-1/2인치)까지 확장되어 저장 용량을 늘립니다. 50개의 리걸 사이즈(너비 38.4cm x 높이 24.1cm(15-1/4 x 9-1/2인치)) 엔드 탭 파일 재킷과 강화된 스트레이트 컷 1.3cm(1/2인치) 너비의 탭이 포함되어 있습니다. 자랑스러운 미국산. 10% 재활용 소재, 10% 소비자 사용 후 재료를 포함하고 있으며 SFI 소싱 인증을 받았습니다.","['탭', '강화', '파일', '안전하다', '종이', '스트레이트', '재킷', '구성', '내용물', '대각선']"
사무용품,파일링 제품,파일 재킷 및 파일 포켓,,B007WAR2KM,"Quality Park 63872 종이 파일 재킷, 12.7 x 21.6cm(5 x 8-1/8인치), 12.7kg(28파운드) 마닐라, 버프, 박스 500개",Quality Park,241100,241100,5.0,3.0,박스 당 500개 판매. 뒷면 탭은 앞면보다 1.6cm(5/8인치) 높아 라벨링과 인덱싱이 쉽습니다. 경제적인 경량 스톡은 서류 캐비넷의 공간을 적게 차지합니다. 12.7cm x 21.6cm(5인치 x 8-1/8인치). 팩당 500개. 플랫 파일 재킷.,"취업 티켓, 고객 기록 또는 의료 및 치과 기록 카드 및 양식에 이상적입니다. 뒷면 탭은 앞보다 1.6cm(5/8인치) 높아 라벨링과 인덱싱이 쉽습니다. 가벼운 스톡으로 저장 공간을 적게 차지합니다.","['스톡', '파일', '탭', '공간', '기록', '높다', '라벨', '박스', '재킷', '인덱싱']"
사무용품,파일링 제품,파일 재킷 및 파일 포켓,,B0006HX6QW,"Pendaflex 2.5cm(1인치) 확장이 있는 파일 재킷, 레터 사이즈, 마닐라, 박스 당 50개 (12100)",Pendaflex,71313,98584,,,레터 사이즈 마닐라 무산성 지속 가능한 산림 계획 10% 소비자 사용 후 섬유,문서를 내부에 안전하게 보관할 수 있도록 3면을 닫았습니다. 빠르게 사용할 수 있도록 전면에 엄지 컷. 풀 컷 스트레이트 탭,"['마닐라', '확장', '풀', '계획', '내부', '무산', '문서', '박스', '빠르다', '산림']"
사무용품,파일링 제품,파일 재킷 및 파일 포켓,,B0006HX83S,"Pendaflex Tyvek 거싯 확장 파일 포켓, 레드 (PFX1526EOX)",Pendaflex,58211,58211,4.9,23.0,원산지: 멕시코 제품의 패키지 높이는 14.9cm(5.8인치)입니다 제품의 패키지 길이는 38.1cm(15인치)입니다 제품의 패키지 너비는 25.4cm(10인치)입니다,수직 파일 포켓을 확장하면 다양한 크기의 문서를 참조하기 쉬운 한 곳에 정리하는 데 적합합니다. 마닐라 안감이 있는 5피스 구조로 제작된 이 포켓은 마일라 강화 레드 로프 거싯으로 추가되어 더 많은 소재를 수용할 수 있도록 확장됩니다. 닫힌 면은 작은 메모와 메모가 떨어지는 것을 방지합니다. 스코어드 폴드다운 앞면과 스트레이트 컷 탭으로 빠르게 접근할 수 있습니다.,"['확장', '포켓', '패키지', '메모', '파일', '레드', '빠르다', '방지', '문서', '멕시코']"
사무용품,파일링 제품,파일 재킷 및 파일 포켓,,B0CVJT5MNW,파일 포켓 3피스 문서 파우치 사무실 메시 백 폴더 봉투 파일 메시 파우치 파일 폴더 오거나이저 지퍼 파일 홀더 파일 가방 파일 오거나이저 매니저 학생 휴대용,FUNOMOCYA,11481,11481,,,"파일 포켓: 강화된 지퍼로 귀중품을 안전하게 보관할 수 있습니다. 폴더 봉투: 내구성이 뛰어난 나일론 디자인, 편리하고 쉽게 파열되지 않으며 청소하기 쉽습니다. 사무실 메시 백: 용어 용지, 휴대폰, 문서, 신문, 영수증, 잡지와 같은 다양한 물건을 보관할 수 있습니다. 집, 공원, 학교, 기차 및 필요한 곳 어디에서나 훌륭한 정리함! 파일: 투명 파우치로 내부의 물건을 빠르게 확인할 수 있습니다. 폴더 정리함: 3가지 크기, a4, a5 및 b6, 다양한 파일 또는 작은 물건을 보관할 수 있습니다.",,"['파일', '폴더', '메시', '물건', '파우치', '사무실', '오거나이저', '봉투', '가방']"
사무용품,파일링 제품,파일 재킷 및 파일 포켓,,B0B553CP98,"1InTheOffice 파일 포켓, 확장 파일 포켓 레터 사이즈, 아코디언 파일 오거나이저, 레터 사이즈, 브라운, 10팩",1InTheOffice,37381,37381,5.0,2.0,파일 포켓은 레터 크기를 확장하여 문서를 정리할 수 있습니다. 전면은 내용물을 쉽게 꺼낼 수 있도록 접을 수 있습니다. 확장 파일 포켓은 13.3cm(5 1/4인치) 두께로 확장되어 보고서 및 비즈니스 제안을 위한 충분한 공간을 제공합니다. 거싯은 무거운 하중을 견딜 때 내구성을 높이기 위해 타이벡 기술로 강화되었습니다. 확장 가능한 파일 폴더 레터 사이즈는 고품질의 23pt로 제작되었습니다. 찢어짐을 방지하는 리드롭 스톡. 각 확장 파일 폴더는 강도를 높이기 위해 마닐라로 안감을 덧대었습니다.,"오피스 파일 포켓 1개, 확장 파일 포켓 레터 사이즈, 아코디언 파일 오거나이저, 레터 사이즈, 브라운, 10팩 제품 설명:/직선 컷 탑이 있는 5 1/4 확장 파일 포켓으로 레터 크기의 문서를 정리하세요! 편리한 아코디언 파일 포켓은 13.3cm(5 1/4인치) 두께로 확장할 수 있어 모든 보고서와 비즈니스 제안을 위한 충분한 공간을 제공합니다. 거싯은 무거운 하중을 견딜 때 내구성을 높이기 위해 타이벡 기술로 강화되었습니다. 또한, 앞면을 접어 내용물을 쉽게 꺼낼 수 있습니다. 고품질의 23pt로 제작되었습니다. 찢어짐을 방지하는 이 폴더는 우수한 정리를 위해 다양한 유형의 문서를 분리하는 데 적합합니다. 강도를 높이기 위해 마닐라로 안감을 덧대었을 뿐만 아니라 최소 30% 재활용 소재로 제작되어 표준 파일 포켓보다 환경 친화적입니다. 이 파일 포켓의 도움으로 모든 문서가 있어야 하는 위치에 정확히 있는지 확인하십시오!","['파일', '포켓', '확장', '문서', '정리', '폴더', '아코디언', '제작']"
사무용품,파일링 제품,파일 재킷 및 파일 포켓,,B002LLB3R0,"Smead 이지 그립 파일 포켓, 스트레이트 컷 탭, 4.4cm(1-3/4인치) 확장, 리갈 사이즈, 레드로프, 박스당 25개(73213)",SMEAD,78210,78210,5.0,2.0,"파일 포켓을 사용하여 많은 양의 서류를 깔끔하게 정리하고 안전하게 보관할 수 있습니다. 책상, 서랍, 선반 및 이동 중 보관에 적합합니다. 보관 상자와 함께 사용하기에 이상적입니다. Smead 미끄럼 방지 그립 표면으로 부피가 큰 파일을 쉽게 잡고 고정할 수 있습니다. 표준 포켓보다 두 배 더 많은 그립감을 제공합니다. 아코디언 스타일 측면은 4.4cm(1-3/4인치)로 확장되며 최대 200장까지 담을 수 있습니다. 파일 포켓은 최소한의 공간을 차지하고 추가 저장 용량이 필요할 때만 확장됩니다. 거싯 상단은 강도와 내구성을 높이기 위해 찢어짐 방지 소재로 보강되었습니다. 25개의 리걸 사이즈(너비 37.9cm(14-3/4인치) x 높이 24.4cm(9-1/2인치) 이지 그립 파일 포켓이 포함되어 있습니다. 스트레이트 컷 탭은 눈에 띄는 라벨링 영역을 제공합니다. 30% 재활용 소재, 30% 소비자 사용 후 재료를 포함하고 있으며 SFI 소싱 인증을 받았습니다.","30% 재활용 소재, 30% 소비자 사용 후 재료를 포함하고 있으며 SFI 소싱 인증을 받았습니다./Easy Grip Pockets are designed with a special ""grip strip"" to provide twice as much grip as a standard pocket. They require less gripping force and strain to pick up out of drawers or to pull off shelves. These sturdy file pockets expand to 5-1/4"" and the rollover Tyvek® reinforcement on the sides make it virtually tear-proof./The ""grip strip"" provides twice as much grip as a standard pocket. No more broken nails or dropped papers./The Tyvek® side gusset easily expands to hold the bulk of your documents and is virtually tear-proof./The Easy Grip Pocket allows you to grab your files faster and easier with less strain on your hands and fingers.","['포켓', '파일', '확장', '재료', '소비자', '소싱', '스트레이트', '보관', '방지', '인증']"
사무용품,파일링 제품,파일 재킷 및 파일 포켓,,B006CEX4BU,"Filexec 소프트 터치 패딩 캔버스 창 확장 파일, 포켓 13개, 핫 핑크 (46222-3)",filexec,21467,21467,4.4,89.0,고품질 패딩 캔버스 EZ At-A-Glance 윈도우 펜 홀더가 있는 외부 포켓 1개 투톤 디자인 12개의 컬러 탭이 있는 확장 포켓 13개,"패딩 처리된 캔버스 창 확장 파일, 12개의 컬러 탭이 있는 포켓 13개, 1개로 판매","['포켓', '확장', '캔버스', '패딩', '파일', '창', '탭', '컬러', '디자인', '소프트']"
사무용품,파일링 제품,파일 재킷 및 파일 포켓,,B002ON957K,"Pendaflex 51524E5 파일 포켓, 상단 탭 포함, 8.9cm(3-1/2인치) 확장, 레터, 5/팩, 레드 로프",Globe-Weis,30719,30719,,,"5개 팩으로 판매됩니다. 파일 포켓은 크고 부피가 큰 레터 크기의 파일을 정리하거나 작은 물건을 보관하기에 적합합니다. 타이벡 스트립 보강, 거싯 탑과 롤오버 기능이 추가되어 찢어짐을 방지합니다. 거싯 측면은 프로젝트 요구 사항에 따라 최대 8.9cm(3-1/2인치)까지 확장됩니다. 전면 플랩은 쉽게 사용할 수 있도록 접을 수 있습니다. 뒷면 커버의 전체 길이 탭은 라벨이나 손으로 쓴 제목을 위한 충분한 공간을 제공합니다. 레터 크기의 문서와 파일을 보관할 수 있습니다. 팩 당 5개. 간단한 라벨링 및 정리를 위한 풀 탑 탭. 팩 당 포켓 5개.","파일 포켓, 상단 탭 포함, 8.9cm(3-1/2인치) 확장, 레터, 5/팩, 레드 로프","['파일', '포켓', '탭', '확장', '상단', '라벨', '레드', '탑', '로프', '정리']"
사무용품,파일링 제품,파일 재킷 및 파일 포켓,,B084KX6JBM,부동산 거래 폴더 - 법적 크기 - 부동산 중개 리스팅 용품 - 10팩 (파일 폴더 - 10팩),"Calendars & More, Inc.",22090,22090,4.7,10.0,"내구성이 뛰어나고 유용한 실제 부동산 거래 폴더, 내구성이 뛰어나고 유용한 고품질 부동산 거래 폴더. 목록 및 판매 기록 정보 및 서류 보관에 대해 매우 상세합니다. 자세한 정보를 위한 자세한 정보 영역에서 쓸 수 있는 공간: 판매자 정보, 재산 정보, 구매자 정보, 대출 정보, 에스크로 또는 변호사 정보, 검사 및 보고서 정보, 리스팅 로그, 정보 로그 쉽게 접근할 수 있는 곳에 정보를 보관하세요. 부동산 중개인이 모든 관련 거래 정보에 빠르고 전문적으로 액세스할 수 있도록 설계되었습니다! 작업을 더 쉽고 체계적으로 만들고 오늘 폴더를 사용해보세요! 리걸 사이즈: 38.1cm x 24.1cm 풀 사이즈 탭, 1.9cm 파일: 3면이 열리고 확장 가능한 하단이 있으며 오픈 파일 폴더입니다. 재킷: 3면으로 밀봉되어 하단은 확장되지 않지만 이 형식으로 많은 서류를 넣을 수 있습니다.","제품은 팩당 10개가 제공됩니다. 내구성이 뛰어나고 유용한 고품질 부동산 거래 폴더. 리스팅 및 판매 기록 정보 및 서류 보관에 대해 매우 자세히 설명합니다. 자세한 정보를 위한 영역은 다음과 같습니다. 판매자 정보, 부동산 정보, 구매자 정보, 대출 정보, 에스크로우 또는 변호사 정보, 검사 및 보고서 정보, 리스팅 로그, 정보 로그. 부동산 중개인이 모든 관련 거래 정보에 빠르고 전문적으로 액세스할 수 있도록 설계되었습니다. 작업을 더 쉽고 체계적으로 만들고 오늘 폴더를 사용해보세요! 법적 크기: 38.1cm x 24.1cm 풀 사이즈 탭, 1.9cm 파일: 3면이 열리고 하단이 확장되며 오픈 파일 폴더입니다. 재킷: 3면이 밀봉되어 하단은 확장되지 않지만 이 형식으로 많은 서류를 넣을 수 있습니다.","['폴더', '부동산', '거래', '파일', '확장', '서류', '스팅', '자세하다', '로그', '하단']"
사무용품,파일링 제품,파일 재킷 및 파일 포켓,,B0BMGWY1D6,"Smead 폴리 확장 파일, 포켓 5개, 스냅 코드 클로저, 레터 사이즈, 다양한 색상, 팩당 6개(89601)",SMEAD,28461,28461,4.5,2.0,6개의 레터 사이즈(너비 29.8cm x 높이 22.9cm(11-3/4 x 9인치)) 폴리 확장 파일 5개의 포켓과 탭 칸막이가 있어 문서를 분류할 수 있습니다 스냅 클로저로 쉽게 파일링 및 휴대할 수 있도록 설계된 이 멀티 포켓 오거나이저는 서류를 깔끔하게 정리할 수 있습니다 중요한 문서를 안전하고 정돈된 상태로 보관할 수 있도록 3면이 닫혀 있으며 충분한 수납 용량을 위한 5개의 탭 포켓이 있습니다 폴리 오거나이저는 중요한 문서와 창의적인 작품을 비바람과 커피 링으로부터 보호하여 프로젝트 구성 요소를 분리하고 보관할 수 있습니다 내구성이 뛰어나고 찢어짐 방지 및 방수 폴리 소재로 제작되어 먼지와 습기로부터 내용물을 보호합니다. 지문과 파편을 쉽게 닦아냅니다,"언제 어디서나 프로젝트, 청구서, 영수증 및 서신을 깔끔하게 분류하세요. Smead의 폴리 확장 파일은 파일링 및 휴대가 용이하도록 설계되었습니다. 3면이 닫힌 이 확장 파일은 데스크톱 및 이동 중에도 사용할 수 있도록 제작되었습니다. 내구성이 뛰어난 폴리 오거나이저로 중요한 문서를 손끝으로 보관할 수 있습니다. 각 파일에는 문서를 세분하고 정돈된 탭 디바이더를 보관할 수 있는 5개의 포켓이 포함되어 있습니다. 6개의 레터 사이즈(너비 29.2cm(11-3/4인치) x 높이 22.9cm(9인치)) 폴리 확장 파일이 포함되어 있습니다. 기본 색상의 외관은 이동 중에도 전문적인 외관을 제공합니다. 색상 모음에는 레드, 블루, 오렌지, 옐로우, 그린, 퍼플이 각각 하나씩 포함되어 있습니다. 어울리는 스냅 클로저로 서류를 안전하게 보관할 수 있습니다. 찢어짐 방지 및 방수 기능이 있는 이 확장 파일은 사무실에서 꺼내거나 동료에게 전달하기에 적합합니다. 폴리는 종이를 깔끔하게 유지할 수 있을 만큼 견고하며 청소하기 쉽습니다. 간단한 변경으로 생산성을 높이고 조직을 향상시킬 수 있습니다.","['파일', '폴리', '확장', '포켓', '문서', '클로저', '구성', '깔끔하다', '탭', '중요하다']"
사무용품,파일링 제품,파일 재킷 및 파일 포켓,,B000GR9ZVM,Business Source 26551 아코디언 포켓 8.9cm(3-1/2인치) Exp 29.8cm(11-3/4인치) x 24.1cm(9-1/2인치) 그린,Business Source,12645,12645,,,"각 1개씩 판매됩니다. 8.9cm(3 1/2인치) 확장. 점수, 드롭 다운 및 전면 패널로 종이 작업을 쉽게 할 수 있습니다. Tyvek 강화 거싯 탑이 있는 내구성 있는 구조로 강도를 더합니다. 그린. 생생한 색상의 파일 포켓과 어울리는 색상의 거싯이 있어 파일 프로젝트의 색상을 조정할 수 있습니다.","선명한 색상의 파일 포켓에는 일치하는 색상의 거싯이 있어 파일 프로젝트를 색상 조정하는 데 도움이 됩니다. 내구성이 뛰어난 구조로 강도를 높이기 위해 타이벡 강화 거싯 탑이 있습니다. 점수 표시, 드롭 다운, 전면 패널로 서류를 쉽게 사용할 수 있습니다. 파일 포켓은 최대 8.9cm(3-1/2인치)까지 확장되어 레터 사이즈 문서를 두꺼운 스택을 보관할 수 있습니다.","['파일', '포켓', '확장', '점수', '구성', '구조', '그린', '다운', '드롭', '프로젝트']"
사무용품,파일링 제품,파일 재킷 및 파일 포켓,,B08KGSW744,"Smead 소프트 터치 천 확장 파일, 5cm 확장, 자석 클로저, 타블로이드 사이즈, 그레이 (70924)",SMEAD,35317,35317,4.1,42.0,"타블로이드 사이즈(높이 30.5cm x 너비 45.7cm (12인치 x 18인치) 천 확장 파일 1개, 5.1cm (2인치)의 전체 확장과 고객 회의를 위한 필수품을 담을 수 있는 자석 잠금 장치가 포함되어 있습니다 부드러운 천 디자인은 바느질 및 내부가 일치하여 문서 및 폴더를 운반할 수 있는 유사한 종이 또는 폴리 제품에 대한 간단하고 우아한 고급 대안을 제공합니다 세 면이 닫힌 상단 플랩은 스냅 클로저가 있어 네 번째 면을 고정하여 중요한 문서를 안전하게 보관할 수 있어 이동 중에도 미끄러지지 않습니다 부피가 큰 서류 가방 및 부속 케이스에 대한 실용적인 대안인 이 천 파일은 최대 200장의 서류, 프레젠테이션 구성 요소 및 포트폴리오 필수품에 맞게 5.1cm(2인치)까지 확장됩니다 필수품들을 정리하고, 고객 및 고객 미팅을 위해 컴팩트하게 정리하거나 Smead Soft Touch 확장 파일로 사무실 밖에서 일할 수 있습니다. 트렌디하고 전문적입니다","필수품을 순서대로 유지하고 스타일리시하게 여행하세요. 이동 중 정리를 위한 완벽한 솔루션인 Smead의 소프트 터치 천 확장 파일은 문서 및 여행 필수품을 편리하고 안전하게 운반할 수 있도록 설계되었습니다. 매력적이고 부드러운 천 외관은 폴리 및 종이 확장 파일의 매력적인 대안입니다. 플랩과 자석 클로저가 있는 타블로이드 사이즈 (높이 30.5cm x 너비 45.7cm) 1개가 포함되어 있습니다. 중요한 파일, 브로셔, 작은 간판 또는 전단지를 회의와 규칙에 쉽게 가져갈 수 있습니다. 28cm x 43cm 용지 최대 200장까지 담을 수 있습니다. 이 부드러운 촉감의 회색 천 포켓에는 어울리는 스티치와 내부가 있는 단일 포켓이 포함되어 있어 여러 개의 관련 문서를 안전하게 보관하고 물건을 질서있게 보관할 수 있습니다. 풀 포켓 확장은 5.1cm(2인치)이며 최대 200장을 담을 수 있습니다. 사무실에서 고객으로 쉽게 운반할 수 있도록 책상에서 파일 포켓을 내부에 집어넣으세요. 얇고 컴팩트한 디자인은 놀랍도록 넉넉하며 전문적인 환경에서 서류 가방이나 백팩의 멋진 대안이 될 수 있습니다. 휴대용 비즈니스를 한 단계 높여보세요. 지도, 여행 일정 및 가이드는 계속 보호됩니다. 어디를 가든 필수품을 자신있게 가지고 다니세요. 별도로 판매되는 Smead 프로젝트 봉투(89691)와 조화를 이룹니다. • 혁신과 품질의 풍부한 유산. 효율적인 문서 관리를 위한 솔루션을 제공하는 세계 최고의 공급업체인 Smead는 고품질의 환경 책임 있는 제품 및 혁신적인 조직 시스템으로 잘 알려진 여성 소유 회사입니다. 한 세기 이상 Smead는 하나의 목적을 위해 헌신해왔습니다","['확장', '파일', '천', '필수품', '문서', '대안', '포켓', '내부', '운반', '부드럽다']"
사무용품,파일링 제품,파일 재킷 및 파일 포켓,,B01EZ5RIVO,✚옥스포드 폴리 8포켓 폴더 - 문자 크기 - 9.1 x 10.6 x 0.4 (색상은 다를 수 있습니다)(3-팩) [폴더 + 펜 번들],,35428,35428,4.8,9.0,,폴더에는 프로젝트를 카테고리로 나눌 수 있는 8개의 개별 포켓이 있습니다. 각 헤비웨이트 강화 포켓에는 최대 25장의 A4 문서 폴더를 담을 수 있어 총 200장을 보관할 수 있습니다. 견고한 이중 루프 와이어 바인딩이 평평하게 열립니다. 내구성이 뛰어난 폴리 구조로 튼튼하고 마모에 강하며 습기에 강합니다.,"['폴더', '포켓', '강하다', '폴리', '습기', '강화', '견고하다', '구성', '구조', '루프']"
사무용품,파일링 제품,확장형 파일,,B00V5DG2J4,"Amazon Basics 확장 파일 포켓 폴더 오거나이저, 레터 사이즈, 8.9cm(3.5인치) 확장 - 25팩, 24.1 x 29.9cm(9.5 x 11.75인치)",Amazon Basics,41356,41356,4.7,3722.0,"레터 사이즈 아코디언 스타일 확장 오거나이저 파일 25팩 8.9cm(3-1/2인치)까지 확장 가능, 최대 400장을 담을 수 있습니다 강도를 높이기 위해 강화된 상단 거싯, 둘러싸인 측면은 안전한 문서 포켓을 만듭니다 스트레이트 컷 탭은 크고 눈에 띄는 라벨 영역을 제공합니다 30% 재활용 소재, 30% 소비자 사용 후 소재로 제작 크기: 29.7 x 0.6-8.9 x 24.9 cm (길이x너비x높이)","Amazon Basics 아코디언 파일 폴더 오거나이저, 레터 사이즈, 8.9cm(3.5인치) 확장 - 25팩, 24.1 x 29.9cm(9.5 x 11.75인치)/Amazon Basics","['확장', '파일', '오거나이저', '포켓', '폴더', '아코디언', '스타일', '거싯', '라벨']"
사무용품,파일링 제품,확장형 파일,,B08YJPZY9P,"빈 라벨이 있는 24포켓 확장 파일 폴더, 확장 가능한 커버가 있는 파일 오거나이저, 데스크탑 아코디언 폴더 레터 A4 종이 문서 보관 정리함, 블랙",Sooez,20761,20761,4.6,3743.0,"안정적이고 견고한 구조: 확장 파일 폴더는 내구성이 뛰어난 닦아 낼 수 있는 폴리프로필렌으로 만들어졌습니다. 신뢰할 수 있는 사용을 위한 중성 및 고품질. 방수 및 견고하여 파일 정리함이 무너지는 것을 방지합니다. 아코디언 폴더의 코드 클로저와 조절 가능한 플랩은 추가적인 보안을 제공합니다. 내장된 파일 분리 레이어는 유연하여 파일이 구겨지지 않습니다. 편리한 정리 및 쉬운 조회: 확장 가능한 파일 폴더에는 서류를 정리할 수 있도록 설계된 24개의 포켓이 있습니다. 특정 색상 슬롯에 저장 공간을 정확하게 분류하고 탭으로 라벨이 붙어 있어 필요한 용지를 쉽게 찾을 수 있습니다. 넉넉한 수납 공간: 제품 크기: 길이 33cm x 높이 23cm 각 포켓은 모든 A4/레터 사이즈 용지에 잘 맞습니다. 탁월한 확장성. 아코디언 파일 폴더는 61cm(24인치) 이상으로 꽤 멀리 늘릴 수 있습니다. 24개의 포켓으로 4000장 이상의 종이 문서를 보관할 수 있습니다. 휴대성 및 세련됨: 클래식 경량 폴더 오거나이저는 최소 두께로 약 5.1cm(2인치)까지 압축할 수 있으므로 모든 장소에서 출근할 때 잘 보관할 수 있습니다. 파일 캐비닛을 완전히 닫았을 때 완벽하게 맞습니다. 무지개 파일 폴더의 분할 섹션은 6가지 밝은 색상으로 제공되며 세련되고 아름답습니다. 가정, 사무실, 학교 및 여행 시나리오를 위한 다용도 문서 정리함. 컴팩트하고 가볍습니다. 확장 가능한 데스크탑 폴더: 파일 수가 증가함에 따라 폴더를 다양한 너비로 확장할 수 있습니다. 책상 위에 단독으로 세워 최대 용량으로 꺼내서 채울 때 쉽게 넘어지지 않습니다. 각 포켓은 바닥에 완전히 밀봉되어 작은 물체가 움직이지 않도록 합니다.",,"['파일', '폴더', '확장', '포켓', '정리', '가능하다', '아코디언', '문서']"
사무용품,파일링 제품,확장형 파일,,B01B25NN64,"Amazon Basics 확장 오거나이저 파일 폴더, 레터 사이즈 - 블랙, 1팩",Amazon Basics,13143,13143,4.6,67177.0,"21.6 x 27.9cm(8.5 x 11인치) 레터 사이즈 문서를 정리하고 고정할 수 있는 플랩과 코드 클로저가 있는 블랙 확장 파일 폴더 최대 260장의 시트를 담을 수 있습니다. 쉽게 세분화할 수 있는 포켓 13개, 각 포켓은 2.2cm(7/8인치)까지 확장됩니다 보관 품질, 무산성 및 PVC 프리 방수 및 찢어짐 방지 내구성이 뛰어난 폴리 소재로 제작 제품 크기: 4.1 x 33 x 24.1cm (길이x너비x높이)","Amazon Basics 확장 오거나이저 파일 폴더, 레터 사이즈 - 블랙/Amazon Basics","['확장', '블랙', '파일', '폴더', '포켓', '오거나이저', '폴리', '보관', '구성']"
사무용품,파일링 제품,확장형 파일,,B0C1HR2JPQ,"Avery 확장 파일 폴더 오거나이저, 13포켓 아코디언 파일 오거나이저, 아쿠아, 425개의 레터/A4 사이즈 시트 보관 (73554)",AVERY,19293,19293,4.6,451.0,"이 휴대용 경량 13포켓 아쿠아 아코디언 폴더로 이동 중에도 중요한 문서를 휴대하고 정리하세요 영수증 정리 및 학교 과목을 위한 숙제 분류에 완벽한 이 문서 정리함은 최대 425장의 편지와 A4 사이즈 용지를 담을 수 있습니다 내구성이 뛰어난 폴리프로필렌 소재로 제작된 플라스틱 파일 폴더는 패브릭 트림과 신축성 있는 코드 클로저가 특징입니다 2개의 투명 카드 홀더 포켓이 확장 가능한 파일 폴더 안에 부착되어 명함을 보관하거나 내용물을 나열하는 데 도움이 됩니다 인덱스 카드 1개, 미리 인쇄된 A-Z 및 월간 탭 인서트 세트, 필기 가능한 빈 인서트 세트가 포함되어 있습니다","Avery 73554 Aqua 13포켓 확장 파일 폴더 오거나이저로 이동 중에도 집에서 정리할 수 있습니다. 지폐를 보관할 문서 홀더가 필요하거나 수업 과제를 정리하기 위해 학교 폴더가 필요하든, 이 확장 아코디언 스타일 포켓 오거나이저는 작업을 쉽게 분류하고 휴대할 수 있습니다. 13개의 확장 포켓에 최대 425장의 편지와 A4 사이즈 용지를 휴대할 수 있습니다. 내구성이 뛰어난 폴리프로필렌 플라스틱으로 제작된 오거나이저는 외부를 따라 안감을 덧대어 추가 보강과 부드러운 가장자리를 위해 패브릭 트림이 있습니다. 신축성 있는 코드 클로저로 포켓 폴더를 닫아 내용물을 안전하게 보관할 수 있습니다. 2개의 투명 카드 홀더 포켓이 내부에 부착되어 추가 명함을 보관하거나 내용물 및 기타 중요한 정보를 나열할 수 있습니다. 사전 인쇄된 A-Z 및 월간 탭 인서트 세트와 함께 인덱스 카드 1개가 포함되어 있습니다. 손으로 쓸 수 있는 빈 탭 인서트 세트도 포함되어 있습니다(프린터 호환 불가). 내구성이 뛰어나면서도 가볍고 휴대가 간편하도록 설계된 Avery 확장 파일 폴더를 사용하면 사무실이나 수업에서 집과 뒤로 작업을 쉽게 휴대할 수 있습니다.","['폴더', '포켓', '휴대', '확장', '파일', '정리', '카드', '인서트', '문서', '아코디언']"
사무용품,파일링 제품,확장형 파일,,B07H82MBZ4,"ABC life 26포켓 아코디언 파일 오거나이저 확장 파일 폴더, 휴대용 레터 A4 사이즈 파일 박스, 플라스틱 월간 영수증 문서 오거나이저, 컬러 A-Z 탭이 있는 확장 가능한 아코디언 폴더",ABC life,23531,23531,4.6,5559.0,"✅【26개의 포켓 월간 파일 오거나이저】ABC life 26개의 포켓 아코디언 파일 오거나이저는 세금 신고 및 중요한 가족 문서 보관에 적합합니다. 제품 크기는 33 x 23.9 x 71.1cm(13 x 9.4 x 28인치)이며 많은 레터/A4 크기 파일을 보관하는 데 사용할 수 있습니다. 【대용량】확장 가능한 월간 지폐 정리함은 71.1cm(28인치)까지 확장할 수 있으며 안정적으로 세울 수 있습니다. 2년 이상의 문서를 담을 수 있는 26개의 포켓으로 내구성이 뛰어나고 튼튼합니다. 【쉬운 분류】독특한 A-Z 대형 탭과 컬러 내부 페이지 디자인으로 파일을 효과적으로 분류할 수 있습니다. 알파벳순으로 정리하기에 적합합니다. 【포켓 높이 업그레이드】파일이 더 이상 인덱스 탭을 덮지 않습니다. Letter/A4 크기 문서에 맞는 확장 파일 폴더는 여러 품목, 가족 세금 기록, 청구서, 영수증, 송장, 신분증 문서, 의료 재무 기록 등을 저장할 수 있습니다. 【집 공간 확보】아코디언 파일 오거나이저는 홈 파일링에 가장 적합합니다. 많은 파일을 보관할 수 있도록 잘 확장되며 공간을 적게 차지할 수 있을 만큼 작게 접을 수 있습니다. 삶을 더 쉽고 즐겁게 만듭니다.",,"['파일', '확장', '문서', '포켓', '아코디언', '폴더', '탭', '월간', '오거나이저']"
사무용품,파일링 제품,확장형 파일,,B0BDKRDTG3,"Accordian 파일 오거나이저 7포켓 확장 파일 폴더, 라벨 포함, 문서 레터 사이즈 A4 용지용 플라스틱 확장 가능한 파일 폴더 - 블랙",RIEJIN,12437,6911,4.7,640.0,"【사양】 7개의 포켓 아코디언 폴더 크기는 32.8 x 24.6cm(12.8 x 9.7인치)이며 최대 170~200장의 종이를 넣을 수 있습니다. 12개의 쓰기 가능한 라벨이 함께 제공되어 원하는 것을 쉽게 찾을 수 있습니다 【소재】 확장 가능한 파일 폴더는 높은 환경 품질과 안전 소재로 제작되었습니다. 이 소재는 내구성이 뛰어나고 깨지거나 기형에 강합니다 【컬러 디자인】 아코디언 파일 오거나이저는 다채로운 칸이 있어 파일을 편리하게 분류할 수 있어 필요한 파일을 빠르게 찾을 수 있습니다 【신축성 있는 버클 디자인】 확장 파일 폴더는 신축성 있는 코드 클로저가 있는 플랩이 있어 운반 중에 문서를 안전하고 단단히 보호합니다 【적용 범위】 오거나이저 폴더는 유틸리티 청구서, 송장, 편지, A4 용지 및 기타 문서를 정리하기에 적합합니다. 학교, 사무실 등에 이상적입니다",,"['파일', '폴더', '확장', '가능하다', '문서', '아코디언', '오거나이저', '디자인', '라벨']"
사무용품,파일링 제품,확장형 파일,,B08N197F63,"FANWU 4팩 플라스틱 확장 파일 지갑 문서 오거나이저, 신축성 있는 코드 및 버튼 잠금, 레터 사이즈, 8.9cm(3.5인치) 확장, 폴리 A4 확장 가능한 파일 폴더, 학교 사무실 및 가정 정리용",FANWU,27686,27686,4.6,449.0,"✔ 【 프리미엄 품질】 확장 파일 지갑은 내구성을 높이기 위해 강화된 천으로 박음질된 가장자리가 특징입니다. 두꺼운 무산성 및 PVC 프리 폴리 소재, 견고하고 내구성이 뛰어납니다. 클로저가 있는 문서 폴더는 더 두껍고 찢어지지 않으며 방수 기능이 있어 청소하기 쉽습니다. 질감이 있는 외관으로 깨끗하고 긁힘 방지 기능이 있어 전문적인 외관을 오래 유지합니다. ✔ 【 8.9cm(3-1/2인치) 확장】 확장 가능한 거싯 디자인. 튼튼한 캔버스 거싯은 수납 공간을 확장하여 더 많은 공간을 제공하며 문서 폴더에 최대 1000장을 담을 수 있습니다. 확장 가능한 대용량 폴더는 부피가 큰 소재나 두꺼운 폴더에 관계없이 상상보다 많은 물건을 정리할 수 있습니다. ✔ 【 신축성 있는 밴드 및 버튼 클로저가 있는 플랩 】 사이즈 너비 34.9cm(13-1/2인치) x 높이 26.2cm(10-1/4인치), 일반 A4 용지 / 레터 사이즈 플라스틱 파일 폴더 포트폴리오보다 큽니다. 신축성 있는 코드와 버튼 클로저가 있는 풀 사이즈 플랩은 중요한 파일과 문서를 안전하게 보관할 수 있습니다. ✔ 【 심플하고 패셔너블한 디자인】 패키지에는 확장 가능한 플라스틱 지갑 폴더 4개가 포함되어 있습니다. 슬림한 모양, 편리한 펜 홀더 슬롯 1개로 디자인. 인덱스 카드가 삽입된 전면에 2개의 투명 포켓. 파일의 내용을 표시하는 데 도움이 됩니다. 4가지 색상이 있으며 밝은 색상으로 색상 코드로 만들 수 있습니다. ✔ 【 이동 중에도 완벽한 정리 】 영수증, 세금, 개인 서류, 프로젝트, 퍼즐, 사진 및 중요한 문서를 완벽하게 보관할 수 있습니다. 장기간 보관하고 물건을 정리하는 데 적합합니다. 모든 사무실, 학교 및 가정에 적합합니다.","FANWU 4팩 폴리 프리미엄 확장 파일 지갑, 클로저 포함, 8.9cm(3-1/2인치) 확장, 레터 사이즈, 블루/1x핑크/1x그린/1x오렌지 1개. 두꺼운 무산성 및 PVC 프리 폴리 소재로 만든 확장 가능한 프리미엄 파일 지갑은 찢어짐 및 방수, 마찰 방지, 질감이 있는 외부 표면으로 세척이 쉽고 더 오랫동안 깨끗한 외관을 유지합니다. 플라스틱 문서 폴더는 내구성을 높이기 위해 강화된 천으로 박음질된 가장자리가 특징입니다. 8.9cm(3-1/2인치) 확장 캔버스 거싯은 중요한 문서를 로드하고 파일링할 수 있는 더 많은 용량을 제공합니다. 펜 홀더 슬롯 1개와 인덱스 카드 인서트가 있는 전면에 투명 포켓 2개가 있는 패션 디자인. 내구성이 뛰어난 버튼과 신축성 있는 코드가 있는 풀 사이즈 플랩으로 추가적인 보안. 훌륭한 정리 도구, 다양한 색상으로 쉽게 정리할 수 있으며 프로젝트를 함께 깔끔하게 유지합니다. 서류 작업/이동 중 정리를 위한 완벽한 솔루션입니다. 플라스틱 지갑 폴더는 많은 양의 문서를 편리하고 안전하게 운반할 수 있도록 설계되었습니다. 소재: 환경 보호 폴리, 나일론, 캔버스, 고무 크기: 13.5x10.25 인치 (34.5x26 cm) 확장: 3-1/2"", 9cm 용량: 최대 1000장 보관 가능 잠금: 신축성 있는 밴드와 버튼 클로저가 있는 보호 풀 사이즈 플랩 패키지: 확장 가능한 플라스틱 지갑 폴더 4개. 색상: 1x블루/1x핑크/1x그린/1x오렌지","['확장', '폴더', '파일', '문서', '지갑', '정리', '가능하다', '플라스틱', '폴리', '신축']"
사무용품,파일링 제품,확장형 파일,,B09JBJTZ1C,"아코디언 파일 오거나이저 13 포켓 확장 파일 폴더, 라벨 포함, 아코디언 파일 오거나이저 레터 사이즈 레터 A4 용지 영수증, 청구서 및 문서용, 33 x 24.1cm(13 x 9.5인치) Enday",Enday,13836,13836,4.7,2051.0,"✓ 설명 - 아코디언 파일 오거나이저로 파일을 쉽게 정리하고 찾을 수 있습니다. 중요한 서류, 영수증, 명함, 바우처, 쿠폰 등과 같은 문서를 보관하기에 좋은 장소입니다. 빠른 액세스를 위해 데스크톱에 둘 수 있습니다. ✓품질 - 이 알파벳 파일 폴더는 고객 만족을 위해 고품질 폴리에스터 및 폴리프로필렌 플라스틱으로 제작되었습니다. 이 소재는 내구성이 뛰어나고 깨지거나 기형이 생기지 않습니다. 방수 뚜껑과 안전하고 신축성 있는 밴드 클로저가 있는 파일 홀더는 내부 내용물을 안전하게 보관합니다. ✓사양 - 13개의 포켓과 확장 가능한 커버가 있는 이 알파 파일 폴더 오거나이저는 깔끔한 직장, 학교 및/또는 가정 생활을 위한 방법입니다. 350장, A4 레터 사이즈 시트를 수용할 수 있습니다. 컴팩트한 디자인으로 운반이 쉽습니다. ✓디자인 - 슬림한 바디로 제작되어 사무실 파일 폴더를 쉽게 옮길 수 있습니다. 투명한 명함 슬롯이 폴더에 있습니다. 작은 라벨 슬롯이 있어 파일을 분류할 수 있습니다. A-Z, 빈 인서트 라벨이 제공되어 소비자가 문서를 효율적으로 찾을 수 있도록 도와줍니다. ✓저희는 항상 등급을 매깁니다 - Enday 는 학습의 기쁨을 선사합니다. 당사의 초점은 6가지 다양한 색상으로 학용품을 제공하여 학용품을 조정하여 원하는 재미있고 시크한 룩을 얻을 수 있도록 하는 것입니다. 교실에 색상과 생명을 불어넣습니다. Enday 제품은 학생과 교사가 동의하는 한 가지입니다. 우수한 품질과 최고의 고객 지원으로 실망시키지 않을 것입니다.",,"['파일', '폴더', '아코디언', '문서', '라벨', '디자인', '확장', '안전하다', '영수증']"
사무용품,파일링 제품,확장형 파일,,B09J52Q6L6,"ABC life 아코디언 파일 오거나이저, 12포켓 확장 파일 폴더, 휴대용 확장 가능한 파일 박스, 데스크탑 아코디언 폴더, 플라스틱 색종이 문서 서류 작업 영수증 정리함(A4/레터 사이즈)",ABC life,19348,19348,4.6,3251.0,"✅【12개의 포켓 월간 파일 오거나이저】ABC life 12개의 포켓 아코디언 파일 오거나이저는 세금 신고 및 중요한 가족 문서 보관에 적합합니다. 제품 크기는 33 x 23.9 x 35.6cm(13 x 9.4 x 14인치)이며 많은 레터/A4 크기 파일을 보관하는 데 사용할 수 있습니다. 【대용량】확장 가능한 월간 지폐 정리함은 35.6cm(14인치)까지 확장할 수 있으며 안정적으로 세울 수 있습니다. 1년 이상의 문서를 담을 수 있는 12개의 포켓으로 내구성이 뛰어나고 튼튼합니다. 【쉬운 분류】독특한 1-12월 대형 탭과 컬러 내부 페이지 디자인으로 파일을 효과적으로 분류할 수 있습니다. 월별로 정리하기에 적합합니다. 【포켓 높이 업그레이드】파일이 더 이상 인덱스 탭을 덮지 않습니다. Letter/A4 크기 문서에 맞는 확장 파일 폴더는 여러 품목, 가족 세금 기록, 청구서, 영수증, 송장, 신분증 문서, 의료 재무 기록 등을 저장할 수 있습니다. 【집 공간 확보】아코디언 파일 오거나이저는 홈 파일링에 가장 적합합니다. 많은 파일을 보관할 수 있도록 잘 확장되며 공간을 적게 차지할 수 있을 만큼 작게 접을 수 있습니다. 삶을 더 쉽고 즐겁게 만듭니다.",,"['파일', '확장', '포켓', '문서', '아코디언', '폴더', '정리', '보관', '영수증', '세금']"
사무용품,파일링 제품,확장형 파일,,B072WZ2ZGX,"Amazon Basics 파일 폴더 재킷, 강화된 스트레이트 컷 탭, 플랫 확장 없음, 레터 사이즈, 마닐라, 100팩 - AMZ600",Amazon Basics,33987,33987,4.8,3409.0,"레터 사이즈 마닐라 파일 재킷 100팩 플랫 스타일 (확장 없음), 최대 25장까지 담을 수 있습니다 문서 보안을 위해 3면이 닫힙니다 전체 높이 측면은 소재가 미끄러지는 것을 방지합니다 오래 지속되는 강도를 위한 강화된 스트레이트 컷 탭","Amazon Basics 파일 폴더 재킷, 강화된 스트레이트 컷 탭, 플랫 확장 없음, 레터 사이즈, 마닐라, 100팩 - AMZ600/Amazon Basics","['확장', '플랫', '마닐라', '스트레이트', '재킷', '탭', '파일', '강화', '폴더', '측면']"
사무용품,파일링 제품,확장형 파일,,B097Q2CG4K,"확장 파일 폴더, 24포켓 아코디언 파일 오거나이저 A4 레터 사이즈 휴대용 문서 오거나이저, 컬러 탭, 아코디언 파일 폴더 확장 가능한 지폐 쿠폰 폴더 - 블랙",Maimis,23531,16606,4.6,1409.0,"【확장 가능 및 대용량】-파일 오거나이저는 각 슬롯의 종이를 분리하고 잘 정리할 수 있습니다. 24개의 포켓 확장 가능한 파일 폴더. 제품 크기: 길이: 13"" 높이: 9.4"", 너비: 1.95""-27"". 확장 가능한 특성으로 약 3000장의 A4 시트를 담을 수 있습니다. 【안전한 플랩 및 코드 클로저】-폴더의 풀 사이즈 유연한 플랩과 코드 클로저는 추가적인 보안을 제공합니다. 보관된 물건을 꺼내려면 플랩을 접기만 하면 됩니다. 작업이 끝나면 플랩을 폴더 상단 위로 돌려 코드 클로저를 사용하여 제자리에 고정합니다. 【다양한 기능】-확장되는 파일 오거나이저는 종이, 영수증, 명함, 바우처, 쿠폰 등과 같은 다양한 문서를 보관할 수 있습니다. 가정, 사무실, 학교 사용 및 여행에 적합하며 심플하고 패셔너블합니다. 【안정성 및 방수 소재】-당사의 아코디언 폴더는 고품질 폴리프로필렌(PP) 플라스틱 소재(무독성 및 비방사성)로 만들어져 환경 친화적이며 쉽게 깨지거나 변형되지 않습니다. 매우 안정적이고 방수 기능이 있습니다. 【움직이세요】-지저분한 파일에 대해 아직도 걱정되십니까? 무엇을 망설이시나요? 지금 구매하세요. 사무실과 생활에 더 편리합니다. 다양한 색상의 확장 가능한 파일 폴더에 매료될 것을 보장하며, 품목에 대해 궁금한 점이 있으시면 언제든지 저희에게 연락해 주십시오. 고객의 요구를 충족시키기 위해 최선을 다할 것입니다. 감사합니다",,"['폴더', '파일', '확장', '플랩', '가능하다', '아코디언', '클로저', '사무실', '오거나이저']"
사무용품,파일링 제품,확장형 파일,,B0CJVNN4S3,"Blue Summit 플랩 및 코드 클로저가 있는 아코디언 파일 지갑, 레터 사이즈, 8.9cm(3.5인치) 확장 - 10팩 확장 아코디언 파일 지갑, 레터 사이즈, 8.9cm(3.5인치) 확장, 파일 지갑 10개",Blue Summit Supplies,34611,34611,4.7,12.0,"레터 사이즈, 너비 29.8cm(11.75인치) x 높이 24.1cm(9.5인치), 확장 8.9cm(3.5 각 팩에 10개의 파일 지갑 보호 플랩과 안전한 신축성 있는 코드 클로저, 파일 지갑 10개 두껍고 튼튼한 전면 및 후면 패널 매끄럽고 눈에 띄는 외관을 위한 전문적인 redrope 외관","확장 아코디언 파일 지갑으로 편지 크기의 문서를 정리하는 것이 그 어느 때보다 쉬워졌습니다. 이 패키지에는 8.9cm(3.5인치) 확장 용량을 갖춘 레터 크기의 용지(너비 29.8cm(11.75인치) x 높이 24.1cm(9.5인치)를 수용할 수 있도록 설계된 10개의 지갑이 포함되어 있습니다. 보호 플랩과 신축성 있는 코드 클로저로 파일을 안전하게 보관할 수 있어 중요한 문서를 운반해야 하는 전문가에게 적합합니다. 두꺼운 전면 및 후면 패널로 제작된 이 파일 지갑은 일상적인 사용의 엄격함을 견딜 수 있도록 제작되어 추가적인 내구성과 보호 기능을 제공합니다. 전문적인 redrope 외관은 세련미를 더할 뿐만 아니라 변호사, 회계사 및 은행가들 사이에서 눈에 띄는 인기 있는 제품입니다. 이동 중에도 사무실에서 신뢰할 수 있는 문서 보관 솔루션이 필요하든 이 파일 지갑은 필요한 다양성과 보안을 제공합니다. 이 10팩으로 문서를 잘 정리하고 쉽게 접근할 수 있어 필수 서류를 최상의 상태로 유지할 수 있습니다.","['파일', '지갑', '확장', '문서', '아코디언', '플랩', '외관', '클로저', '보호', '제작']"
사무용품,파일링 제품,확장형 파일,,B0C5XQ9PWN,"확장 파일 폴더 파일 오거나이저 13포켓 파일 오거나이저 아코디언 파일 폴더 확장 가능한 파일 폴더 문서용 미적 종이 정리함 폴더, 직장, 학교, 가정, 사무실용 그레이",Nicfaec,13836,13836,4.6,429.0,"훌륭한 용량: 파일 홀더로 작업 공간을 정리하고 깔끔하게 유지하세요. 문서, 영수증 및 종이를 보관하기에 적합합니다. 이 파일 폴더에는 13개의 개별 무지개 색상 포켓이 있어 필요한 모든 것을 담을 수 있을 만큼 큽니다. 멀티 컬러 내부 수납 공간: 12개의 분리된 다채로운 수납 공간이 있는 이 파일 폴더는 문서, 사진, 메모 및 기타 물건을 보관하고 정리하기에 적합합니다. 제품 크기는 33 x 24.4 x 2.8cm(13 x 9.4 x 1.1인치)입니다. A4 용지 100개에 고품질 소재로 제작된 파일 홀더는 내구성이 뛰어나고 오래 사용할 수 있도록 제작되어 장기간 보관 솔루션을 제공합니다. 다용도 사용: 가정, 학교, 사무실 또는 기타 장소에 이상적인 이 파일 폴더는 정리하고 작업에 집중할 수 있도록 도와줍니다. 컴팩트한 파일 홀더 디자인으로 공간을 절약하고 책상 어수선함을 최소화하여 모든 책상이나 탁상에 완벽하게 맞습니다. 편리한 보관: 이 파일 정리함으로 중요한 문서와 파일을 한 곳에 보관하세요.",,"['파일', '폴더', '보관', '정리', '문서', '공간', '홀더', '오거나이저', '책상', '확장']"
사무용품,파일링 제품,확장형 파일,,B0821437KG,ABC life 26 포켓 아코디언 파일 오거나이저 키퍼/확장 필링 박스 레터 A4 사이즈/확장 가능한 파일 폴더/플라스틱 아코디언 문서 종이 청구서 영수증 오거나이저 A-Z 알파벳 탭 포함,ABC life,23531,23531,4.6,2803.0,"【26개의 포켓 월간 파일 오거나이저】ABC life 26개의 포켓 아코디언 파일 오거나이저는 세금 신고 및 중요한 가족 문서 보관에 적합합니다. 제품 크기는 33 x 23.9 x 71.1cm(13 x 9.4 x 28인치)이며 많은 레터/A4 크기 파일을 보관하는 데 사용할 수 있습니다. 【대용량】확장 가능한 월간 지폐 정리함은 71.1cm(28인치)까지 확장할 수 있으며 안정적으로 세울 수 있습니다. 2년 이상의 문서를 담을 수 있는 26개의 포켓으로 내구성이 뛰어나고 튼튼합니다. 【쉬운 분류】독특한 A-Z 대형 탭과 컬러 내부 페이지 디자인으로 파일을 효과적으로 분류할 수 있습니다. 알파벳순으로 정리하기에 적합합니다. 【업그레이드 포켓 높이】파일이 더 이상 인덱스 탭을 덮지 않습니다. Letter/A4 크기 문서에 맞는 확장 파일 폴더는 여러 품목, 가족 세금 기록, 청구서, 영수증, 송장, 신분증 문서, 의료 재무 기록 등을 저장할 수 있습니다. 【집 공간 확보】아코디언 파일 오거나이저는 홈 파일링에 가장 적합합니다. 많은 파일을 보관할 수 있도록 잘 확장되며 공간을 적게 차지할 수 있을 만큼 작게 접을 수 있습니다. 삶을 더 쉽고 즐겁게 만듭니다.",,"['파일', '확장', '문서', '포켓', '아코디언', '오거나이저', '탭', '청구', '영수증']"
사무용품,파일링 제품,확장형 파일,,B07ZVG7GLF,"26 포켓 아코디언 파일 폴더 오거나이저, 확장 파일 박스 A4 레터 사이즈 확장 가능한 파일 폴더, 플라스틱 아코디언 문서 용지 쿠폰 청구서 영수증 오거나이저, A-Z 알파벳 컬러 탭 3개 포함",ThinkTex,26301,23531,4.6,6711.0,"월간 지폐 오거나이저 - ThinkTex 26 포켓 아코디언 파일 오거나이저, 상단 및 하단 모두 확장 가능한 멀티 컬러 탭, 레터/A4 사이즈 더 큰 용량 - 포켓 26개, 파일 증가에 따라 유연하게 확장 및 축소됩니다. 닫힌 바닥으로 용지가 적절한 슬롯에 고정됩니다 빠른 액세스 - A-Z 라벨이 있는 밝은 탭을 한 눈에 보고 찾기만 하면 됩니다. 탭은 선명하고 읽기 쉽고 파일에 가려지지 않습니다 완벽한 확장 - 유연한 뚜껑은 스마트하게 득점되었으며 엘레스틱 밴드 클로저는 두 개의 루프로 나뉘어져 있어 큰 확장을 수용할 수 있습니다 더 많은 가능성을 탐험하세요 - 일반 서류, 청구서, 영수증 외에도 이 제품은 매뉴얼, 레시피, 미술, 건강 보고서, 비닐 시트 등을 정리하는 데에도 사용할 수 있습니다. 한 번 구매하기 전에 몰랐던 가장 가치 있는 품목 중 하나입니다",,"['확장', '파일', '탭', '오거나이저', '포켓', '아코디언', '용지', '유연하다', '영수증']"
사무용품,파일링 제품,확장형 파일,,B09HS59HX8,"확장 파일 폴더, 13 포켓 아코디언 파일 홀더 오거나이저, A4 레터 사이즈 종이 문서 영수증 오거나이저 아코디언 파일 폴더 교실, 가정, 사무실 및 여행용",Nicecho,12451,12451,4.6,1959.0,"【대용량】제품 크기는 32.9 x 24.4 x 3.7cm(12.99 x 9.45 x 1.77인치)입니다. 13개의 개별 포켓, 최대 350장의 종이. 중요한 문서를 모두 안전하게 보관할 수 있을 만큼 충분히 커서 파일을 효과적으로 분류하고 찾을 수 있습니다. 【고품질 소재】프리미엄 친환경 PP 소재, 무산성, PVC 프리 및 보관 품질로 제작되어 안전한 보관을 제공합니다. 방수 및 습기 방지 소재로 문서를 양호한 상태로 유지하고 쉽게 깨지거나 변형되지 않습니다. 【무지개 색상 디자인】Nicecho 13포켓 파일 폴더는 더 나은 시각적 감각을 위해 멋진 색상의 내부 페이지로 업데이트되었습니다. 작은 색상의 라벨은 파일을 편리하게 분류할 수 있어 필요한 용지를 빠르게 찾을 수 있습니다. 【독특한 탄성 버클】이전 폴더 오거나이저에서 신축성 있는 스트링 및 버튼 클로저를 업그레이드하여 사용자가 쉽게 열고 닫을 수 있습니다. 작업을 더 편안하고 즐겁게 만들어 주며, 모든 사람들이 느슨한 서류를 모두 보관할 수 있습니다. 【다기능 적용】당사의 아코디언 폴더에는 송장, 편지, 종이, 카드, 영수증, 계약서 및 기타 문서를 보관할 수 있습니다. 가정, 사무실, 학교 및 여행용으로 적합합니다. 또한, 세련되고 심플한 디자인은 친구와 가족을 위한 최고의 선물입니다.",,"['파일', '폴더', '문서', '종이', '포켓', '아코디언', '안전하다', '오거나이저', '디자인', '보관']"
사무용품,파일링 제품,확장형 파일,,B095SM8C2G,"신축성 있는 코드 및 버튼 클로저가 있는 확장 파일 폴더 문서 오거나이저, 레터 사이즈, 8.9cm(3.5인치) 확장, 레터 A4 확장 가능한 파일 폴더, 홈 스쿨 사무실 정리용 3팩",XINGXINRONG,22146,22146,4.5,341.0,"【우수한 구성】 단단한 색상의 플라스틱으로 제작되었습니다. 방수 및 견고하여 종이를 안전하게 보관할 수 있습니다. 안전한 보관을 위한 무산성, PVC 프리, 보관 품질 【8.9cm(3-1/2인치) 확장】제품 크기: 34.9x26.4x9.9cm(13.5x10.25x3.25인치)(길이* 너비* 높이). 넉넉한 확장 파일 폴더에는 A4/레터 사이즈 용지 1000장을 담을 수 있습니다. 중요한 문서를 모두 묶지 않고 안전하게 보관할 수 있을 만큼 충분히 크며 백팩에 휴대할 수 있을 만큼 컴팩트합니다. 【 이동 중에도 완벽한 정리 】 영수증, 세금, 개인 서류, 프로젝트, 퍼즐, 사진 및 중요한 문서를 완벽하게 보관할 수 있습니다. 장기간 보관하고 물건을 정리하는 데 적합합니다. 모든 사무실, 학교 및 가정에 적합합니다. 【 신축성 있는 밴드 및 버튼 클로저가 있는 플랩】 신축성 있는 코드 및 버튼 클로저가 있는 풀 사이즈 플랩은 중요한 파일과 문서에 추가적인 보안을 제공합니다. 【 패션 디자인】 패키지에는 확장 가능한 플라스틱 지갑 폴더 3개가 포함되어 있습니다. 슬림한 모양, 편리한 펜 홀더 슬롯 1개로 디자인. 인덱스 카드가 삽입된 전면에 2개의 투명 포켓. 파일의 내용을 표시하는 데 도움이 됩니다. 3가지 색상이 있으며 밝은 색상으로 색상 코드로 만들 수 있습니다.",,"['확장', '파일', '폴더', '문서', '신축', '정리', '중요하다', '보관', '버튼', '클로저']"
사무용품,파일링 제품,확장형 파일,,B08ZN8HH44,"4팩 7포켓 확장 파일, 포켓이 있는 확장 가능한 플라스틱 파일 폴더, A4/레터 사이즈 아코디언 오거나이저 폴더, 학교 및 사무용품용 - 블랙 & 블루 & 핑크 & 옐로우",CASAON,26301,26301,4.7,457.0,"4팩 7포켓 확장 파일 폴더, A4 사이즈 용지 및 레터 사이즈, 표준 문서 및 파일링에 적합합니다. 다양한 색상의 확장 가능한 파일 폴더는 단일 파일 폴더보다 훨씬 많은 양의 종이를 담을 수 있습니다. 라벨은 포함된 색상 코드 칸에 삽입되어 있어 각 파일을 표시하고 쉽게 찾을 수 있습니다. 내구성이 뛰어난 일체형 구조로 작업을 보호하며 강화된 거싯은 가장자리가 찢어지는 것을 방지합니다. 번지 잠금 스위치는 내용물을 안전하게 유지합니다. 공과금 청구서, 송장 및 기타 서류를 보관하세요. 학교, 직장 또는 가정에 이상적입니다. 이 아코디언 파일 오거나이저로 쉽게 정리할 수 있습니다.",,"['파일', '폴더', '확장', '포켓', '학교', '아코디언', '가능하다']"
사무용품,파일링 제품,확장형 파일,,B0CHKT13ZG,"Blue Summit 아코디언 파일 지갑, 플랩 및 코드 클로저, 리걸 사이즈, 13.3cm(5.25인치) 확장 - 10팩",Blue Summit Supplies,54001,54001,5.0,4.0,"리걸 사이즈, 너비 38.1cm(15인치) x 높이 25.4cm(10인치), 확장 13.3cm(5.25인치) 각 팩에 10개의 파일 지갑 보호 플랩과 안전한 탄성 코드 잠금 두껍고 튼튼한 전면 및 후면 패널 매끄럽고 눈에 띄는 외관을 위한 전문적인 redrope 외관","확장 아코디언 파일 지갑으로 법적 크기의 문서를 정리하는 것이 그 어느 때보다 쉬워졌습니다. 이 패키지에는 13.3cm(5.25인치) 확장 용량을 갖춘 리갈 크기의 용지(너비 38.1cm(15인치) x 높이 25.4cm(10인치)를 수용할 수 있도록 설계된 10개의 지갑이 포함되어 있어 지갑당 최대 800페이지를 보관할 수 있습니다. 보호 플랩과 신축성 있는 코드 클로저로 파일을 안전하게 보관할 수 있어 중요한 문서를 운반해야 하는 전문가에게 적합합니다. 두꺼운 전면 및 후면 패널로 제작된 이 파일 지갑은 일상적인 사용의 엄격함을 견딜 수 있도록 제작되어 추가적인 내구성과 보호 기능을 제공합니다. 전문적인 redrope 외관은 세련미를 더할 뿐만 아니라 변호사, 회계사 및 은행가들 사이에서 눈에 띄는 인기 있는 제품입니다. 이동 중에도 사무실에서 신뢰할 수 있는 문서 보관 솔루션이 필요하든 이 파일 지갑은 필요한 다양성과 보안을 제공합니다. 이 10팩으로 문서를 잘 정리하고 쉽게 접근할 수 있어 필수 서류를 최상의 상태로 유지할 수 있습니다.","['지갑', '파일', '확장', '문서', '플랩', '외관', '보호', '제작', '안전하다', '전면']"
사무용품,파일링 제품,확장형 파일,,B08SQ73TVG,"전면 메시 파우치가 있는 지퍼가 달린 아코디언 파일 오거나이저, 13포켓 확장 파일 폴더 아코디언 폴더, 문서 레터 사이즈 A4 용지용 확장 가능한 파일 오거나이저 폴더, 블랙",H4D,24916,16606,4.6,2762.0,"부드러운 지퍼 잠금: H4D 아코디언 파일 오거나이저는 문서 액세스 및 보관에 편리한 단방향 지퍼가 특징입니다. 지퍼가 달린 아코디언 폴더는 중요한 서류를 잃어버릴 걱정 없이 파일을 안전하게 보관할 수 있습니다 13 포켓 파일 폴더: 13 포켓 확장 파일 폴더는 모든 느슨한 문서를 순서대로 가져올 수 있는 좋은 방법입니다. 각 포켓은 2.2cm(7/8인치)까지 확장되며 용량은 최대 300장의 A4 학교/사무실 용지, 레터 사이즈 문서를 함께 보관할 수 있어 실용적인 요구 사항을 충족합니다 전면 지퍼 메시 포켓: 전면에 지퍼 클로저가 추가된 넉넉한 메시 포켓이 있어 펜, 지우개, 계산기 또는 영수증과 같은 학교 사무용품을 더 많이 휴대할 수 있도록 설계되었습니다. 확장 가능한 파일 폴더 오거나이저로 송장 용지 보관 접착 인덱스가 있는 탭: 이 아코디언 파일은 A-Z 및 월간 텍스트 라벨이 함께 제공되어 쉽게 세분화할 수 있으며, 사무실 파일은 칸별로 깔끔하게 정렬할 수 있으며 사용자는 상단 칸막이 탭으로 파일을 정확하게 찾을 수 있어 시간을 절약할 수 있습니다 내구성 있는 구조: 중성 폴리프로필렌으로 제작되었습니다. 가볍고 유연한 고강도 PP 플라스틱 파일 폴더는 충격 및 방수 기능이 있어 문서를 물과 눈물 손상으로부터 보호합니다. 강화된 웨빙으로 가장자리를 매끄럽고 오래 사용할 수 있습니다",,"['파일', '폴더', '지퍼', '포켓', '문서', '아코디언', '확장', '메시', '전면']"
사무용품,파일링 제품,확장형 파일,,B09PBDJ15P,"플라스틱 파일 폴더, 방수 투명 확장 가능한 파일 오거나이저 - 휴대용 대용량 A4B4 파일 지갑 사무실/비즈니스/학교용 (7팩)",iMissiu,26301,24916,4.8,289.0,"【확장 가능한 파일 폴더 및 대용량】일반 A4 용지보다 큽니다 / 레터 사이즈 플라스틱 봉투 포트폴리오. 확장 가능, 최대 2.8인치/7cm, 800페이지의 대용량을 담을 수 있으며 캔버스 천 거싯이 있습니다. iMissiu 확장 가능한 폴더 파일 지갑은 큰 책과 문서를 쉽게 휴대할 수 있도록 도와줍니다. 【독특한 디자인】모서리와 하단 가장자리 모두에 천 오버락 및 금속 강화 버클이 두 배의 수명을 제공합니다. 스냅 버튼 클로저로 파일을 안전하게 보호합니다. 확장 포켓에는 카드 슬롯이 있어 중요한 파일을 분류할 수 있습니다. 문서를 찾는 데 시간을 절약하세요. 반투명 색상의 봉투는 내용물을 볼 수 있어 필요한 문서를 쉽게 식별할 수 있습니다. 넓은 바닥 디자인으로 선반에 단독으로 세울 수 있습니다. 모든 것을 정리된 상태로 유지하세요. 【프리미엄 품질】매우 두꺼운 폴리프로필렌으로 제작되어 찢어짐 및 방수 기능이 있으며 냄새가 없으며 무독성이며 환경 친화적이며 쉽게 부러지거나 변형되지 않습니다. 중요한 문서를 장기간 보관하는 데 이상적입니다. 정교한 바느질 공예, 탁월한 솜씨로 강화된 천 박음질로 내구성을 높였습니다. 【탁월한 성능】 파일 오거나이저는 포트폴리오나 회의에 사용할 수 있으며 중요한 문서를 책상에 보관하는 데 적합합니다. 매끄럽고 스마트한 디자인으로 모든 비즈니스 미팅에 가져가거나 업무에 사용할 수 있습니다! 이 플라스틱 파일 지갑은 아이들이 파일을 정리하는 습관을 개발할 수 있는 완벽한 선택입니다. 훌륭한 스냅 클로저와 식별 라벨이 있는 플라스틱 폴더는 안전하고 편리한 보관 도구입니다. 【다양한 기능】학교 사무실이나 가정에서 널리 사용됩니다. 책상 및 선반 위에 문서를 매일 파일링하고 보관하는 데 적합하며 학교 과목, 사무실 문서 파일, 여행 파일, 명함, 세금 영수증 및 화장품 보관 등과 같은 모든 파일을 쉽게 검색할 수 있습니다. 인생에서 훌륭한 도우미입니다.",,"['파일', '문서', '보관', '확장', '폴더', '플라스틱', '중요하다', '사무실', '지갑', '가능하다']"
사무용품,파일링 제품,확장형 파일,,B081R55GTG,"ThinkTex 26 포켓 확장 파일 폴더, 업라이트 및 오픈 탑, A-Z 다채로운 탭, 대용량 아코디언 폴더, 레터/A4 사이즈, 학교, 가정 및 사무실용",ThinkTex,23531,23531,4.5,2122.0,"수직 및 확장 가능 - ThinkTex 아코디언 파일 오거나이저, 포켓 26개, A-Z 멀티 컬러 탭, 오픈 탑, 레터/A4 사이즈 대용량 및 공간 절약 - 포켓 26개, 풀 사이즈 확장 상단 및 하단, 원하는 만큼 작거나 큰 파일로 유연하게 확장 및 축소할 수 있습니다 쉬운 액세스 - 커버와 햄퍼 없음, 오픈 탑 및 A-Z 다채로운 탭, 알파벳 순서로 파일 코딩, 글자를 위한 모든 탭 독립형 - 폴리프로필렌(PP) 소재로 더 두껍고 견고하며 내구성이 뛰어납니다. 서랍, 옷장 또는 캐비닛에 완벽하게 서 있습니다 팁: 파일 정리함을 균형있게 유지하려면 부피가 큰 파일을 한쪽에만 보관하지 마십시오. (채워진 폴더를 다른 장소로 자주 옮기는 데 적합하지 않습니다)",,"['파일', '확장', '탭', '폴더', '오픈', '탑', '포켓', '아코디언']"
사무용품,파일링 제품,확장형 파일,,B0CL48X4CR,"플라스틱 손잡이와 스트랩이 있는 확장 파일 폴더 13개, 매트",TOPCJ,19376,19376,4.5,16.0,파일 오거나이저,,"['파일', '확장', '플라스틱', '폴더', '스트랩', '손잡이', '매트', '오거나이저']"
사무용품,파일링 제품,확장형 파일,,B082VZ1NDV,"Sooez 지퍼 클로저가 있는 13개의 포켓 확장 정리 파일 폴더, 내구성 있는 원단/폴리 확장 지퍼 파일, 추가 전면 포켓, 레터 A4 용지 문서 아코디언 폴더 화려한 스티커 라벨 포함",Sooez,27658,13836,4.6,12842.0,"Improved Secure Zipper Closure: Unlike folders using elastic bands that can let contents slip out, our expanding file folder features a dependable zipper closure. It's thoughtfully designed to securely store and organize your important documents, including paperwork, bills, taxes, receipts, invoices, and more. Perfect for letter size. Large Capacity Monthly Organizer: 12 pockets design works great for monthly organizing and protecting all your essential documents in one place. With each pocket expanding to 1 1/8 inches, you can securely store all your important papers without them getting cramped. Efficient Organization & Easy Lookup: To enhance your file organization, we provide blank labels along with this folder. You can personalize them to suit your requirements, such as labeling sections by month for effortless file retrieval. Additional Zipper Pencil Pouch: The front pocket has a depth of 3.5 inches, making it perfect for use as a pencil pouch to conveniently store pens, highlighters, and other frequently-used writing tools that you may need while working with your documents. Portable & Durable: Easily carried in a tote bag or backpack, it makes moving from place to place convenient and reduces the risk of losing items. Made of hard colored plastic with reinforced fabric sides. Waterproof & sturdy enough to keep papers safe. Acid-free, PVC-free, and archival quality for safe storage.",,"['확장', '폴더', '포켓', '파일', '지퍼', '원단', '라벨', '문서', '스티커', '아코디언']"
사무용품,파일링 제품,확장형 파일,,B09S9JD5G5,"Sooez 아코디언 파일 오거나이저, 12포켓 확장 파일 폴더, 휴대용 월간 종이 청구서 세금 영수증 오거나이저, 레터 A4 사이즈 문서 홀더, 빈 라벨 포함, 블랙",Sooez,13836,13836,4.6,1823.0,"올인원 월간 오거나이저: Sooez 아코디언 파일 오거나이저로 중요한 문서를 한 곳에 보관하세요. 12개의 포켓 디자인은 매월 중요한 서류, 청구서, 세금, 영수증, 송장 등을 정리하고 보호하는 데 적합합니다. 글자 크기에 적합합니다. 확장 가능한 용량: 아코디언 파일 폴더는 최대 30.5cm(12인치)까지 늘릴 수 있습니다. 12개의 포켓으로 2000장 이상의 시트를 보관할 수 있습니다. 저장해야 하는 문서 수에 관계없이 이 폴더는 요구 사항에 따라 쉽게 확장할 수 있으므로 필요에 따라 수용할 수 있습니다. 효율적인 정리 및 간편한 조회: 파일 구성을 향상시키기 위해 이 폴더와 함께 빈 라벨을 제공합니다. 쉽게 파일을 검색할 수 있도록 월별 섹션에 레이블을 지정하는 등 요구 사항에 맞게 맞춤 설정할 수 있습니다. 안정적이고 휴대성: 책상 위에 서서 쉽게 넘어지지 않습니다. 휴대성을 염두에 두고 설계되어 책상, 캐비닛 및 기타 선호하는 위치 사이에서 쉽게 이동할 수 있습니다. 최고의 보호 및 내구성: 내구성이 뛰어난 닦아 낼 수 있는 폴리프로필렌으로 제작되었습니다. 방수 및 견고함. 찢어짐 방지 플라스틱은 내구성 있는 구조를 제공합니다. 안전한 보관을 위한 무산성, PVC 프리 및 보관 품질. 조절 가능한 스냅 클로저로 내용물을 안전하게 보관할 수 있습니다. 명함, 프로젝트 타이틀 카드 또는 메모를 위한 2개의 추가 전면 포켓을 사용하세요.",,"['파일', '폴더', '구성', '포켓', '휴대', '오거나이저', '문서', '보관', '아코디언']"
사무용품,파일링 제품,확장형 파일,,B0BXPHK65K,"TRANBO 레터 사이즈/A4 확장 파일 폴더, 내구성 있는 손잡이가 있는 포켓 26개, 블랙, 33.5cm x 24.5cm x 7cm(13.25 x 9.6 x 2.75",TRANBO,33198,33198,4.5,164.0,"내구성이 뛰어난 확장 파일 폴더 - 이 아코디언 파일 오거나이저에는 26개의 레터 사이즈/A4 포켓이 있습니다. 종이, 파일, 스크립트, 노트북, 바우처, 쿠폰, 영수증, 청구서 등을 정리하는 데 적합합니다. 180° 확장 가능한 파일 폴더 오거나이저 - 인체 공학적으로 조절 가능한 손잡이와 업그레이드 버클로 내용물을 안전하고 안전하게 유지합니다. 문서가 항상 이동 중일 때 훌륭한 도우미입니다. 쉬운 분할 및 명확한 정리 - 이 아코디언 파일 오거나이저는 빈 인덱스 라벨이 함께 제공되어 각 슬롯을 분리하고 정리할 수 있습니다. 서류 가방을 쉽게 표시할 수 있는 두 개의 명함 포켓. 대용량 - 알파벳순 파일 오거나이저 사이즈: 33.2cm x 24.9cm x 7.9cm. 튼튼한 바닥으로 중요한 문서가 절대 떨어지지 않습니다. 가정, 사무실, 학교 및 여행에 적합합니다. 안전성 및 내구성 - 프리미엄 PP로 제작된 확장형 파일 서류 가방은 옥스포드 강화로 측면이 찢어지는 것을 방지하며, 외부 매트 커버는 지문이나 긁힘을 남기지 않는 훌륭한 느낌을 줍니다.",,"['파일', '확장', '구성', '폴더', '포켓', '정리', '가능하다', '문서', '안전하다', '훌륭하다']"
사무용품,파일링 제품,확장형 파일,,B08M5KRRT1,"FANWU 6팩 플라스틱 확장 파일 지갑 문서 오거나이저, 플랩 및 코드 클로저, 레터 사이즈, 7.1cm(2.8인치) 확장, 투명 컬러 폴리 A4 확장 가능한 파일 폴더, 홈 스쿨 사무실 보관용",FANWU,26301,26301,4.6,270.0,"【2.8cm(2.8인치) 확장 가능한 파일 폴더】: 싱글 포켓 디자인 파일 폴더 지갑은 7.1cm(2.8인치) 확장 가능한 거싯이 있어 레터 크기의 문서를 보관하고 정리하기에 적합합니다. 【커버 플랩과 코드 클로저가 있는 파일 지갑: 플라스틱 폴더 접이식 커버 플랩은 신축성 있는 코드 클로저가 있어 보관 시 또는 운송 중에 문서를 안전하게 보관할 수 있습니다. 보관 용지가 쏟아질 염려가 없습니다. 【반투명 다채로운 파일 지갑】: 커버를 열 필요가 없어 내용물을 확인할 수 있습니다. 두껍고 유연한 폴리 확장 가능한 파일 지갑은 반투명 소재입니다. 보다 효과적인 분류를 위한 2개의 빈 인덱스와 카드 슬롯. 6가지 생생한 색상을 사용할 수 있습니다. 【견고함 및 방수】: 패브릭 거싯과 강화된 나일론 바느질 가장자리로 제작되었습니다. 문서를 위한 튼튼한 파일 폴더로 종이를 깔끔하게 보관하고 정리하세요. FANWU. 【탁월한 정리 도구】: FANWU 플라스틱 레터 사이즈 확장 파일은 많은 양의 서류를 정리, 보관 및 운반하는 데 이상적입니다. 세탁이 가능하고 세척이 쉬운 소재. 홈스쿨 작업, 서류, 사진, 영수증, 세금 문서, 중요한 문서, 대학 프로젝트, 어린이 학교 용품을 보관하기에 이상적이며 학교 가정 및 사무실에서 널리 사용됩니다.","FANWU 플랩 커버와 신축성 있는 코드 클로저가 있는 매우 두꺼운 확장 파일, A4/레터 사이즈 탁월한 보관 기능 및 프리미엄 품질 --추가 용량. 7.1cm(2.8인치) 확장 거싯이 있는 FANWU 다채로운 확장 가능한 파일 지갑. 최대 800장을 담을 수 있으며 다양한 종류의 중요한 문서를 넣을 수 있습니다. --신축성 있는 코드가 있는 풀 사이즈 보호 커버 플랩. 신축성 있는 밴드 클로저는 플라스틱 보관 폴더를 열고 닫을 수 있는 보다 편리한 방법을 제공합니다. 강력하고 신축성 있는 코드로 문서 파일 백을 단단히 고정하여 내용물의 안전을 보장합니다. --분류를 위한 전면 카드 슬롯 2개. 각 폴리 폴더 오거나이저는 2개의 인덱스 카드와 슬롯이 있어 파일 분류 관리를 더 잘 할 수 있습니다. --투명한 투명 파일 폴더에서 볼 수 있습니다. 시스루 소재를 사용하면 플랩을 열지 않고도 단일 파일 폴더에서 포함된 문서 및 문서를 한 눈에 찾을 수 있습니다. --튼튼한 종이 정리함 폴더. 프리미엄 품질, 내구성이 뛰어난 중성 폴리프로필렌 소재, 두껍고 유연합니다. 이상적인 정리 및 보관 도구 --방수 아코디언 봉투 표면은 세척이 쉽고 세탁이 가능하여 표면을 깨끗하고 깔끔하게 유지합니다. 오랜 시간 사용 후에도 여전히 양호한 상태입니다. --확장 파일 지갑은 일상적인 통근에 매우 적합하며 비용 효율적입니다. 학교, 가정, 사무실, 병원에서 쉽게 휴대할 수 있습니다. --어린이 홈스쿨 작업, 일상 사무실 서류, 중요한 문서, 사무실 문서 파일, 여행 파일, 명함, 세금 영수증, 화장품, 어린이 퍼즐, 테이블 게임 보관에 적합합니다. 사양 사이즈: 9.6 x 13 인치 / 24.5 x 33cm 확장: 2.8인치 / 7cm, 최대 800장 보관 가능 수량: 6팩 색상: Redx1/Greenx1/Bluex1/Yellowx1/Orangex1/Purplex1.","['파일', '확장', '문서', '보관', '폴더', '가능하다', '지갑', '플랩', '정리', '클로저']"
사무용품,파일링 제품,확장형 파일,,B09WWB1CLW,"아코디언 파일 오거나이저 2개, 라벨이 있는 13포켓 확장 파일 폴더, 플라스틱 월간 영수증 문서 오거나이저, 휴대용 확장 가능한 아코디언 폴더, 레터/A4 사이즈",Maimis,17991,17991,4.8,388.0,"【대용량】- 13 포켓 월간 파일 오거나이저, 이 아코디언 파일 폴더는 모든 종이, 문서 및 파일을 위한 충분한 공간을 제공합니다. 【빠른 액세스】- 투명한 명함 슬롯, 밝고 다채로운 A-Z 및 월 라벨로 쉽게 정리하고 식별할 수 있습니다. 한눈에 찾아보세요! 【휴대용 및 간편한 휴대】- 컴팩트한 크기와 가벼운 구조로 휴대가 쉽습니다. 이 파일 폴더는 휴대성을 염두에 두고 설계되어 가정, 학교 또는 사무실에서 사용하기에 완벽한 선택이며 선물로 최고의 선택 중 하나입니다! 【품질 및 안전성】- 당사의 아코디언 폴더는 고품질 폴리프로필렌(PP) 플라스틱 소재(무독성 및 비방사성)로 만들어져 환경 친화적이며 쉽게 깨지거나 변형되지 않습니다. 【가성비 좋은 제품】- 왜 기다리십니까? 오늘 확장 가능한 파일 폴더 오거나이저를 주문하고 정리의 편리함을 경험하십시오!",,"['파일', '폴더', '휴대', '아코디언', '확장', '오거나이저', '정리', '문서', '선택']"
사무용품,파일링 제품,확장형 파일,,B0C8HCKLMS,"플랩 및 신축성 있는 코드 클로저가 있는 확장 파일 지갑 5개, 13.4cm(5-1/4인치) 확장 레터 사이즈 파일 오거나이저, 튼튼한 8개의 브라운 파일 폴더 박스, 문서 레터 페이퍼 사무실 보관용",Chuangdi,55386,55386,4.3,21.0,"충분한 수량: 패키지에 갈색 레터 사이즈 파일 폴더 5개가 있으며, 클래식하고 우아한 디자인으로 일상 생활에서 다양한 사용과 교체 요구 사항을 충족시킬 수 있습니다 적절한 크기: 확장 파일 폴더는 약 33 x 26.9cm(13 x 10.6인치)로 레터 크기입니다. 측면을 13.5cm(5.3인치)까지 확장할 수 있어 약 1200장의 레터 크기의 용지를 보관할 수 있어 대부분의 파일에 적합합니다 신뢰할 수 있는 소재: 확장 파일 폴더는 견고하고 견고하며 쉽게 변형되지 않는 고품질 크래프트 종이로 만들어졌습니다. 인쇄된 색상은 색이 바래기 어렵고 서비스 가능합니다; 또한 약간 방수 기능이 있지만 오랫동안 물에 담글 수 없습니다 쉬운 분류: 확장 가능한 레터 사이즈 폴더에는 8개의 슬롯이 있어 많은 파일을 합리적으로 분류할 수 있어 작업 및 공부 중에 정보를 찾아야 할 때 빠르게 찾을 수 있습니다. 신축성 있는 코드 클로저로 종이를 단단히 고정할 수 있습니다 다양한 용도: 문서 레터 크기의 폴더는 사무실, 학교, 공부방 등에 적합하며 메모, 중요한 서류, 청구서 등을 정리하여 책상을 순서대로 만들 수 있습니다",,"['파일', '확장', '폴더', '종이', '견고하다', '문서', '분류', '사무실', '신축', '가능하다']"
사무용품,파일링 제품,확장형 파일,,B0CJJWXJ53,플라스틱 손잡이와 조절 가능한 스트랩이 있는 13 포켓 아코디언 파일 정리함,MARATI,19376,19376,4.0,44.0,아코디언 파일 오거나이저,,"['파일', '아코디언', '플라스틱', '포켓', '조절', '정리', '스트랩', '손잡이', '오거나이저']"
사무용품,파일링 제품,확장형 파일,,B0CS2ZZ8LH,"Sooez 업그레이드된 아코디언 파일 오거나이저 - 더 깊은 12개의 포켓이 있는 인덱스 탭을 덮지 마세요. A4/레터 사이즈 용지용 확장 파일 폴더, 홈 오피스 스쿨용 휴대용 월간 청구서 영수증 정리함",Sooez,5526,5526,4.4,6.0,"더 깊은 포켓 및 방해받지 않는 탭: 종이가 인덱스 라벨을 덮는 아코디언 폴더의 일반적인 문제에 대응하여 포켓 높이를 2cm(0.8인치) 늘렸습니다. 이 독특한 향상된 기능으로 라벨을 계속 볼 수 있습니다. 이는 경쟁사와 비교할 수 없는 기능입니다. 신선한 색상의 매끄러운 디자인: 이 파일 폴더는 정교한 패턴 디자인과 눈길을 끄는 색상을 보여주어 조직의 노력의 개성을 향상시킵니다. 6가지 밝은 색상으로 제공되어 공간을 활기차게 만듭니다. 우수한 내구성: 강한 100C 두꺼운 커버와 리벳으로 고정된 강화된 가장자리가 특징이며, 내구성이 경쟁사를 능가합니다. PVC 프리, 중성 소재로 제작되어 지폐와 문서를 안전하게 정리할 수 있으며 비교할 수 없는 내구성과 신뢰성을 제공합니다. 스티커 라벨 및 3 루프 번지 잠금: 다채로운 월간 탭과 라벨을 사용하면 대상 물체를 한 눈에 찾고 월별 작업을 쉽게 관리할 수 있습니다. 3개의 루프가 있는 신축성 있는 밴드 클로저는 모든 보관 요구 사항을 수용할 수 있도록 넉넉하게 확장됩니다. 넉넉한 용량의 월간 지폐 오거나이저: 확장 가능한 월간 지폐 오거나이저는 최대 35.6cm(14인치)까지 연장할 수 있으며 안정적으로 서있는 동안 1500장 이상의 파일을 수용할 수 있습니다. 12개의 포켓이 있어 세금 기록, 청구서, 영수증, 송장 및 중요한 가족 파일을 1년 이상 보관하기에 적합합니다.",,"['파일', '라벨', '포켓', '월간', '탭', '확장', '지폐', '폴더', '비교', '넉넉하다']"
사무용품,파일링 제품,확장형 파일,,B0CR5MWKKP,"12개의 포켓 확장 가능한 파일 폴더, 아코디언 파일 오거나이저, 종이/영수증/지폐용 손잡이가 있는 확장 파일 폴더, 휴대용, 눈에 보이는 창, 빠른 검색, 확장 가능한 바닥, 대용량",Vanulee,20761,20761,5.0,3.0,"✔【확장 가능】이 파일 오거나이저를 위해 확장 가능한 바닥으로 설계되었으며, 파일을 늘리면 확장할 수 있습니다. 대용량. ✔【높은 등급】모든 가장자리를 고급 밀봉, 빠른 검색을 위한 보이는 창, 고급 휴대용 아코디언 파일 오거나이저로, 출장 및 사무실 정리에 적합합니다. ✔【우수성】25개의 포켓, 인체 공학적 손잡이가 있는 휴대용 파일 오거나이저, 편리하고 실용적인 버클, 전통과 현대적인 디자인의 조합으로 사람들에게 색다른 시각적 향연과 다른 경험을 제공합니다. ✔【최고 등급 소재】확장 가능한 파일 폴더는 고품질 폴리프로필렌과 폴리에스터로 만들어졌으며 다른 파일 폴더보다 20% 이상 두껍습니다. 데스크톱에 독립적으로 세울 수 있어 쉽게 깨지거나 변형되지 않습니다. 100% 방수, 무독성, 냄새 없음, 마모 방지, 찢어짐 및 습기 방지. ✔【큰 용량】 이 제품은 큰 파일 캐비넷으로, 총 25개의 확장 가능한 포켓, 각 포켓 3.3cm(1.3인치) 아코디언, A4 용지와 21.6 x 27.9cm(8.5 x 11인치) 레터 크기에 모두 맞습니다. 파일 상자는 열었을 때만 55.9cm(22인치)까지 확장할 수 있습니다. 약 1500장 이상의 시트를 담을 수 있습니다. ✔【빠른 분류】 미리 만들어진 알파벳 A-Z 탭과 파일 폴더 오거나이저의 컬러 정리 칸은 물건을 분리하고 쉽게 찾을 수 있는 좋은 방법입니다.",,"['파일', '확장', '가능하다', '폴더', '포켓', '빠르다', '아코디언', '휴대']"
사무용품,파일링 제품,확장형 파일,,B0C66Y1TZB,"50 Blue Summit Supplies 5.1cm(2인치) 확장 파일 재킷, 강화된 스트레이트 컷 탭, 튼튼한 5.1cm(2인치) 확장 포켓, 레터 사이즈, 다양한 색상, 50팩",Blue Summit Supplies,31841,35996,4.0,17.0,"크고 부피가 큰 파일, 의료 차트, 제품 설명서 등을 레드, 그린, 블루, 옐로우의 4가지 색상으로 제공되는 5.1cm(2인치) 확장 파일 폴더에 쉽게 넣을 수 있습니다 파일을 이동할 때 떨어지지 않는 수년 간의 파일을 저장하는 측면이 있는 5.1cm(2인치) 확장으로 100개 이상의 파일을 한 곳에 편리하게 저장할 수 있습니다. 영수증 보관, 세금 신고, 사무실 파일 보관 등에 적합합니다 5.1cm(2인치) 확장과 견고한 구조로 인해 한 카테고리의 많은 편지 크기 파일 또는 부피가 큰 파일을 하나의 파일 폴더에 정리하세요 다양한 색상은 모든 색상 코드 파일링 시스템에 편리합니다. 파일 캐비닛에 쉽게 삽입하고 탭에 라벨을 추가하여 한 눈에 식별할 수 있습니다 스트레이트 컷 강화 탭은 표준 탭 라벨에 적합하며 두꺼운 11PT 강화 용지는 가정, 사무실 또는 학교 환경에서 반복적으로 사용할 수 있습니다",가정 또는 사무실을 위한 훌륭한 정리 도구 저희는 5년 분량의 파일을 표준 파일 폴더에 넣는 것이 얼마나 실망스러운지 알고 있습니다. 폴더가 파일에 맞지 않으며 측면이 열려 있어 집어 올리면 모든 파일이 떨어집니다. 견고한 5.1cm(2인치) 확장 파일 재킷은 이러한 문제를 해결하고 내부에 100개 이상의 문서를 보관합니다. 걸이용 폴더나 파일 재킷을 옮기면 모든 파일이 내부에 유지됩니다. 표준 파일 폴더에 있는 열린 면과 달리 하단 확장과 고정된 측면 덕분에 파일이 한 곳에 유지됩니다. 내구성이 뛰어난 구조는 11 PT 용지와 강화된 엔드 탭을 사용하여 사무실에서 수년 동안 사용할 수 있으며 많은 양의 종이를 안전하게 보관하고 수년 동안 반복적으로 사용할 수 있습니다. 다양한 색상으로 모든 색상 코딩 파일 시스템에서 필요한 것을 한 눈에 쉽게 찾을 수 있습니다.,"['파일', '확장', '폴더', '탭', '강화', '사무실', '보관', '수년', '측면', '재킷']"
사무용품,파일링 제품,확장형 파일,,B09VDJRD6H,"Sooez 손잡이가 달린 초강력 아코디언 파일 오거나이저, 13포켓 확장 파일 폴더, 지퍼가 달린 중요 문서 오거나이저, 휴대용 확장 가능한 천 아코디언 파일 오거나이저 레터 사이즈",Sooez,20761,20761,4.7,1274.0,"튼튼한 폴더 오거나이저: 신뢰할 수 있고 두꺼운 플라스틱으로 잘 제작되었으며 촘촘한 스티칭이 있는 고품질 원단으로 싸여 있습니다. 제품을 받으면 우수한 품질에 놀라실 것입니다. 이중 지퍼 및 숨겨진 손잡이: 단방향 지퍼보다 편리하게 사용할 수 있도록 더 쉽게 열고 닫을 수 있으며 모든 파일을 잃어버리지 않도록 합니다. 숨겨진 손잡이가 있어 휴대가 쉽고 필요하지 않은 경우 핸들 스트랩을 측면 포켓에 숨길 수 있습니다. 더 깊은 전면 포켓: 앞면의 추가 지퍼 포켓의 깊이를 6.69인치/17cm로 깊어 휴대폰, 명함, 필기구 또는 스티커 라벨 등과 같은 더 크고 더 많은 액세서리를 보관할 수 있습니다 대용량 및 스티커 라벨: 사이즈: 35.3cm (L) x 27.2cm (H) x 4.1cm (W) 다른 브랜드보다 넓습니다. 대용량 포켓 13개로 최대 400장의 레터/A4 용지를 보관할 수 있습니다. a–z, 월간 및 빈 스티커 라벨이 포함되어 있어 파일을 쉽게 분류할 수 있습니다. 다용도: 영수증, 증명서, 보고서, 청구서 및 숙제 또는 중요한 문서를 깔끔하게 보관하고 정리하는 데 적합합니다. 집, 사무실 또는 이동 중에도 정리하는 것이 그 어느 때보다 쉬워졌습니다.",,"['파일', '포켓', '오거나이저', '지퍼', '손잡이', '스티커', '라벨', '아코디언', '문서']"
사무용품,파일링 제품,확장형 파일,,B0CZJTWV2X,"확장 파일 폴더, 13포켓 파일 오거나이저, 확장 가능한 문서 보관 정리함 - A4 / 레터 사이즈, 2팩 - 화이트 x 2",UUALLLIT,20761,20761,,,"【대용량】13개의 포켓과 최대 450장의 종이를 수용할 수 있는 확장 가능한 파일 폴더는 A4 또는 레터 사이즈의 경우 33 x 24 x 2.8cm(13 x 9.6 x 1.1인치)입니다. 【DIY 글리터 스티커】골드 글리터 스티커에는 글자와 숫자가 포함되어 있어 확장되는 파일 폴더의 이름을 지정하고 분류하거나 개성과 선호도를 보여주는 데 사용할 수 있습니다. 【고품질】PP 소재로 만든 케이스의 반투명 질감은 훌륭한 촉감을 제공하며 내부의 파일 용지를 효과적으로 보호합니다. 【방수 및 내마모성】정리 및 고정을 위한 플랩과 코드 클로저가 있는 이 파일 오거나이저는 종이를 물과 먼지로부터 보호할 수 있습니다. 【멀티 시나리오 사용】이 확장 가능한 파일 폴더는 학교, 가정, 사무실 및 기타 시나리오에서 사용할 수 있으며 파일을 분류하고 종이를 정리하는 데 적합합니다.",,"['파일', '확장', '폴더', '가능하다', '정리', '종이', '글리터', '스티커', '시나리오', '보호']"
사무용품,파일링 제품,확장형 파일,,B07PY4YQMG,확장 아코디언 파일 지갑 - 리갈 사이즈 | 미국산 | 레드로프 10개 박스 | 8.9cm(3.5인치) 확장 포켓 폴더 | 덮개 및 탄성 코드 잠금 | 종이 레코드 정리,The File King,103861,103861,4.6,258.0,"10팩 리걸 사이즈 - 확장 가능한 레드 로프 폴더 홀더 멀티 팩 세트로 책상 서랍 및 파일 캐비닛에 집이나 사무실의 21.6 x 35.6cm(8½ x 14인치) 문서를 효과적으로 정리하세요. 8.9cm(3-1/2인치) 거싯 확장 - 가장 무거운 마닐라 종이 내부와 빨간색 로프가 달린 이중 두께, 전체 높이를 아우르는 거싯이 있어 중요한 문서가 떨어지거나 분실될 염려가 없습니다. 휴대용 오거나이저 - 사무실, 캐비닛 또는 책상을 위한 전문가용 세트로 찢어짐 방지 강화 소재로 만들어져 신뢰할 수 있는 내구성을 제공하며 더 잘 정리할 수 있고 종이를 쉽게 찾을 수 있습니다 포트폴리오 보호 - 이 파일 폴더 아코디언 폴더는 큰 탄성 코드 클로저가 있는 덮개가 있어 보호 및 보안을 강화하며 어디를 가든 파일을 편리하게 휴대할 수 있습니다. 미국에서 제작 - 모든 File King 가정 및 사무실 제품은 자랑스럽게 100% 미국에서 제작되었으며 20% 재활용 소재를 포함하고 있습니다. 전 세계를 염두에 두고 미국 노동자가 미국 나무로 만든 폴더를 사용할 때입니다.",,"['폴더', '미국', '확장', '파일', '정리', '종이', '사무실', '로프', '보호', '문서']"
사무용품,파일링 제품,확장형 파일,,B08C7D7CLT,"ThinkTex 플라스틱 확장 파일 폴더, 신축성 있는 클로저가 있는 투명 봉투, 칸막이 없음, 대용량, 레터/A4 사이즈 - 3팩",ThinkTex,20761,20761,4.6,1048.0,"""시스루"" 플라스틱 폴더 - 신축성 있는 클로저가 있는 ThinkTex 투명 확장 파일 폴더, 대용량, 맞는 레터/A4 사이즈 확장 가능한 대용량 - 칸막이가 없는 플라스틱 봉투는 최대 5.1cm(2인치)까지 확장할 수 있으며 튼튼할 수 있을 만큼 넉넉합니다. 다양한 양의 문서를 유연하게 정리할 수 있습니다 견고함 - 강화된 패브릭 측면이 있는 튼튼한 플라스틱, 오래된 종이 폴더보다 두껍고 견고하며 내구성이 뛰어납니다 안전한 잠금 - 플랩과 신축성이 있어 모든 것을 안전하게 보관할 수 있으며, 라벨 영역으로 모든 프로젝트에 쉽게 접근하고 관리할 수 있습니다 모든 기억을 소중히 하세요 - 자라면서 항상 저장해야 할 서류나 소중히 여기고 싶은 추억과 업적이 있습니다. 이 폴더로 모멘토를 넣고 정리하세요. 언젠가 열어서 모든 것이 훌륭합니다",,"['폴더', '확장', '플라스틱', '신축', '소중하다', '클로저', '정리', '안전하다', '칸막이', '투명']"
사무용품,파일링 제품,확장형 파일,,B0B751XTJJ,"아코디언 파일 오거나이저, 라벨이 있는 12포켓 확장 파일 폴더, 휴대용 월간 청구서 영수증 오거나이저, 문서 보관 정리함, 확장 가능한 데스크탑 파일 키퍼, 레터/A4 사이즈",Maimis,13282,13282,4.6,311.0,"【확장 가능 및 대용량】-확장 파일 폴더는 모든 서류 정리 요구 사항을 충족하는 완벽한 솔루션입니다. 문서, 서류, 영수증, 쿠폰 및 기타 서류를 쉽게 분류하고 저장할 수 있습니다. 12개의 포켓으로 2000장 이상의 종이 문서를 보관할 수 있습니다. 【빠른 액세스】-밝고 다채로운 내부 페이지와 월간 라벨이 있는 탭으로 한 눈에 살펴보고 찾으세요. 탭은 선명하고 읽기 쉽고 파일에 가려지지 않습니다. 【휴대성】- 이 아코디언 파일 오거나이저의 컴팩트한 디자인으로 이동 중에도 편리하게 휴대할 수 있습니다. 백팩, 서류 가방 또는 토트백에 쉽게 넣을 수 있으므로 어디를 가든 중요한 문서를 휴대할 수 있습니다. 【안정적이고 견고한 구조】- 당사의 아코디언 폴더는 고품질 폴리프로필렌(PP) 플라스틱 소재(무독성 및 비방사성)로 제작되었습니다. 고품질 소재와 방수 외관은 문서를 보호하여 더 오래 우수한 상태로 유지합니다. 【움직이자】- 아직도 지저분한 파일이 걱정되십니까? 무엇을 기다리고 계십니까? 그러니 더 이상 기다리지 마세요. 오늘 파일 정리함을 주문하고 종이 어수선함을 위해 작별 인사를 하세요! 다채로운 아코디언 파일 폴더에 매료될 것을 보장합니다",,"['파일', '문서', '휴대', '폴더', '확장', '서류', '아코디언', '정리', '라벨', '영수증']"
사무용품,파일링 제품,확장형 파일,,B082QPGLFX,"AFMAT 60포켓 아코디언 파일 오거나이저, 빈 라벨이 있는 대형 확장 파일 폴더 오거나이저, 레터/A4 사이즈 확장 가능한 플라스틱 아코디언 지폐 정리함, 영수증, 세금, 법률, 종이 파일링용",AFMAT,55386,35996,4.5,1336.0,"【60개의 포켓 확장 파일 폴더】 더 많은 고객의 요구 사항을 충족하기 위해 최신 확장 파일 폴더는 다른 폴더와 다릅니다. 당사의 박스 파일 오거나이저는 독점적인 60개의 포켓이 있으며, A에서 Z까지 맞춤 탭을 사용하여 파일을 쉽게 찾을 수 있습니다. 확장된 하단은 추가 용량을 제공하며 데스크톱에 세울 수 있는 기능도 제공합니다. 【안전한 플랩 및 코드 잠금】 아코디언 지폐 파일 폴더의 풀 사이즈 유연한 플랩과 코드 클로저는 추가적인 보안을 제공합니다. 보관된 물건을 꺼내려면 덮개를 뒤로 접기만 하면 됩니다. 작업이 끝나면 플랩을 폴더 상단 위로 돌려 놓고 코드 클로저를 사용하여 제자리에 고정합니다. 【대용량 아코디언 파일 오거나이저】아코디언 파일 오거나이저는 각 슬롯의 용지를 분리하고 잘 정리할 수 있습니다. 60개의 포켓 확장 가능한 파일 폴더는 약 6000장의 A4 용지를 담을 수 있습니다. 포함된 빈 탭에 습관에 따라 라벨을 붙여 모든 것을 잘 정리하고 빠르게 꺼낼 수 있습니다. 【휴대용 및 내구성 있는 소모성 파일】파일 폴더의 소재는 내구성이 뛰어난 플라스틱 소재로 만들어져 친환경적이며 친환경적입니다. 무독성, 무취. 인체에 손상을 주지 않습니다. 【A4/레터 용지에 완벽한 핏】 일반 A4/레터 용지를 정리하고 보관할 수 있는 아코디언 폴더를 찾고 계신다면 지금 찾으실 수 있습니다! 포켓이 있는 AFMAT 지폐 오거나이저는 탭이 매우 낮게 설정되어 정리함의 목적이 완전히 무너지는 것과 달리 서류를 넣을 때 분할 탭을 가리지 않는 적절한 핏을 위해 정확하게 제작되었습니다. 신축성 있는 루프는 너무 짧지 않아 파일 폴더가 완전히 확장될 수 있을 만큼 충분히 늘어날 수 있습니다.",,"['파일', '폴더', '확장', '아코디언', '포켓', '정리', '탭', '용지', '플랩', '지폐']"
사무용품,파일링 제품,확장형 파일,,B0CXBC2M6Y,"Blue Summit 아코디언 파일 지갑, 플랩 및 코드 클로저, 리걸 사이즈, 8.9cm(3.5인치) 확장 - 10팩",Blue Summit Supplies,41536,41536,,,"리걸 사이즈, 너비 38.1cm(15인치) x 높이 25.4cm(10인치), 확장 8.9cm(3.5인치) 각 팩에 10개의 파일 지갑 보호 플랩과 안전한 탄성 코드 잠금 두껍고 튼튼한 전면 및 후면 패널 매끄럽고 눈에 띄는 외관을 위한 전문적인 redrope 외관","확장 아코디언 파일 지갑으로 법적 크기의 문서를 정리하는 것이 그 어느 때보다 쉬워졌습니다. 이 패키지에는 놀라운 8.9cm(3.5인치) 확장 용량을 갖춘 리갈 크기의 용지(너비 38.1cm(15인치) x 높이 25.4cm(10인치)를 수용할 수 있도록 설계된 10개의 지갑이 포함되어 있습니다. 보호 플랩과 신축성 있는 코드 클로저로 파일을 안전하게 보관할 수 있어 중요한 문서를 운반해야 하는 전문가에게 적합합니다. 두꺼운 전면 및 후면 패널로 제작된 이 파일 지갑은 일상적인 사용의 엄격함을 견딜 수 있도록 제작되어 추가적인 내구성과 보호 기능을 제공합니다. 전문적인 redrope 외관은 세련미를 더할 뿐만 아니라 변호사, 회계사 및 은행가들 사이에서 눈에 띄는 인기 있는 제품입니다. 이동 중에도 사무실에서 신뢰할 수 있는 문서 보관 솔루션이 필요하든 이 파일 지갑은 필요한 다양성과 보안을 제공합니다. 이 10팩으로 문서를 잘 정리하고 쉽게 접근할 수 있어 필수 서류를 최상의 상태로 유지할 수 있습니다.","['파일', '지갑', '문서', '확장', '외관', '보호', '플랩', '패널', '두껍다', '안전하다']"
사무용품,파일링 제품,확장형 파일,,B08LVLTYZX,"아코디언 파일 아코디언 폴더 포켓 13개, 확장 용지 파일 폴더 오거나이저, 디바이더 탭이 있는 확장 가능한 바인더 문서 오거나이저 파일 폴더, 레터 사이즈",H4D,20761,13836,4.7,1119.0,"13포켓 확장 파일 폴더는 느슨한 문서를 모두 정리할 수 있는 좋은 방법입니다. 13개의 포켓과 신축성 있는 밴드 클로저로 영수증, 재무 기록, 중요한 문서를 쉽게 보관할 수 있어 내부의 모든 내용물을 안전하고 안전하게 보관할 수 있습니다 독특한 투명 창 디자인으로 내부를 볼 수 있으며, 고객은 파일 폴더 오거나이저 커버를 자주 열지 않고도 내부 파일 문서 세부 정보를 쉽게 확인할 수 있습니다. 이 새로운 아이디어는 매일 더 편리하고 빠르게 사용할 수 있습니다 중성 폴리프로필렌으로 제작되었습니다. 가볍고 유연하며 질감이 있는 폴리는 습기 방지 기능이 있어 문서를 보호합니다. 강화된 웨빙은 가장자리를 매끄럽게 만들고, 고정력을 향상시키고 사용 시 내구성을 더합니다 모든 칸막이에는 개별 탭이 있어 더 큰 필기 영역이 있어 맞춤형 라벨을 추가할 수 있습니다. 월간, A-Z 알파벳 태그 또는 기타 DIY 마커를 만들어 문서를 관리할 수 있는 빈 필기 라벨이 포함되어 있습니다 이 아코디언 폴더는 레터 사이즈/A4 용지에 적합하며, 각 포켓은 쉽게 접근할 수 있도록 2.2cm(7/8인치)까지 확장할 수 있으며 총 보관 용량은 최대 250장 이상입니다! 시험지, 보고서, 청구서, 숙제 또는 작은 중요한 문서를 보관하고 정리하는 데 적합합니다",,"['문서', '폴더', '파일', '확장', '포켓', '오거나이저', '내부', '아코디언', '중요하다']"
사무용품,파일링 제품,확장형 파일,,B0CJYDHR4B,"손잡이와 스트랩이 있는 24개의 확장 파일 폴드, 매트",TOPCJ,23531,22146,4.5,26.0,파일 오거나이저,,"['파일', '확장', '폴드', '스트랩', '손잡이', '매트', '오거나이저']"
사무용품,파일링 제품,확장형 파일,,B0B553XMFY,"1InTheOffice 플랩 및 코드 클로저가 있는 확장 파일 지갑, 13.3cm(5-1/4인치) 확장, 레터 사이즈, 레드로프, 3팩",1InTheOffice,31841,31841,4.6,75.0,아코디언 파일 오거나이저 13.4cm(5-1/4인치) 확장은 레터 크기의 문서를 위한 넓은 수납 공간을 제공합니다. 파일 지갑 레터 사이즈 플랩과 코드 클로저는 운반이나 보관 중에 중요한 서류의 안전을 보장합니다. 아코디언 파일 지갑은 3팩으로 구성되어 있으며 다양한 정리 요구 사항을 위해 여러 개의 확장 파일 지갑을 제공합니다. 파일 지갑 레터 사이즈 리드롭 구조는 내구성과 전문적인 터치를 더하여 사무실에서 사용하기에 적합합니다. 플랩과 코드 클로저가 있는 파일 지갑은 다양한 문서를 정리하는 데 이상적이며 효율적이고 안전한 문서 관리를 위한 다용도 솔루션입니다.,"1InTheOffice 플랩 및 코드 클로저가 있는 확장 파일 지갑, 13.2cm(5-1/4인치) 확장, 레터 사이즈, 레드로프, 3팩/1InTheOffice 확장 파일 지갑은 효율적인 문서 정리를 위한 종합적인 솔루션입니다. 이 3개의 파일 지갑 팩은 넉넉한 13.2cm(5-1/4인치) 확장 기능으로 설계되어 레터 크기의 문서를 안전하게 보관할 수 있는 충분한 공간을 제공합니다. 레드 로프 구조는 내구성과 전문적인 미학을 보장하므로 사무실에서 사용하기에 이상적입니다. 플랩 및 코드 잠금 시스템은 운반이나 보관 중에 중요한 용지의 보안을 향상시켜 실수로 흘리거나 분실되는 것을 방지합니다. 이 3팩은 훌륭한 가치를 제공하여 정리에 필요한 편리한 선택입니다. 이 파일 지갑의 다용도 디자인은 다양한 문서 유형에 적합하며 일상적인 문서 관리에 실용성을 더합니다. 전문적이고 내구성이 뛰어난 InTheOffice 확장 파일 지갑으로 작업 공간을 업그레이드하여 스타일과 기능의 원활한 조화를 보장합니다./주요 포인트:/- 충분한 문서 보관을 위한 13.7cm(5-1/4인치) 확장./- 안전한 운반을 위한 플랩 및 코드 클로저./- 내구성과 전문적인 외관을 위한 레드로프 구조./- 대량 정리의 편리함을 위한 3개 밸류 팩./- 다양한 문서 유형에 적합한 다용도 디자인./- 매끄럽고 전문적인 외관으로 사무실에서 사용하기에 이상적입니다./- 보안을 강화하고 실수로 흘리거나 분실되는 것을 방지합니다./효율적이고 세련된 문서 관리를 위한 종합적인 솔루션.","['파일', '지갑', '문서', '확장', '플랩', '클로저', '전문', '정리', '레드', '로프']"
사무용품,파일링 제품,확장형 파일,,B0B9S1BFJV,"Sooez 4팩 확장 파일 폴더, 5 포켓 아코디언 귀여운 파일 폴더, 라벨 포함, 문서용 프리미엄 휴대용 확장 가능한 오거나이저, 학교 사무실용",Sooez,16606,16606,4.8,512.0,"세련된 폴더 4개: 블랙, 그레이, 그린, 블루 등 4가지 색상이 포함되어 있습니다. 골드 스탬프로 강조된 고품질 패턴 디자인, 이 확장 파일 폴더는 바쁜 전문가부터 학생까지 모든 사람에게 적합합니다. 더 큰 용량을 위해 업그레이드된 스파인: 확장 가능한 척추 디자인의 이 아코디언 폴더는 너무 많이 부피가 크지 않고 250장 이상에 맞도록 신축성이 뛰어납니다. 쉽게 찌그러질 수 있는 일반 가시와 달리, 당사의 척추는 품질을 위해 만들어졌으며 이동 중에 쉽게 변형되지 않습니다. 간편한 정리 유지: 이 확장 파일 폴더는 종이를 쉽게 분류하고 정리할 수 있습니다. 탭이 있는 5개의 포켓으로 제목이나 작업별로 분류할 수 있으며, 다채로운 라벨로 빠르게 검색하고 찾을 수 있습니다. 오래 가도록 제작: 강화된 플라스틱 폴더는 찢어짐을 견딜 수 있고, 신축성이 뛰어나면서도 변형되거나 구겨지지 않도록 충분히 견고합니다. 스냅 클로저는 사용 편의성과 접근성을 높이면서도 종이가 미끄러지는 것을 방지합니다. 휴대용 및 경량: 33 x 24.1 cm. A4/레터 사이즈에 맞습니다. 너무 크거나 작지 않아 휴대하기에 완벽한 크기입니다. 부피가 크지 않고 백팩에 완벽하게 맞는 바인더의 대안입니다. 서류를 회의나 학교에 쉽게 가져갈 수 있습니다. **특허 출원 중**",,"['폴더', '확장', '파일', '휴대', '척추', '디자인', '변형', '부피', '분류', '신축']"
사무용품,파일링 제품,확장형 파일,,B0C36G1D76,"PerKoop 튼튼한 확장 파일 5개, 플랩 확장 파일 지갑, 신축성 있는 코드 클로저 레터 사이즈 문서 오거나이저, 확장 파일 폴더 파일 포켓, 브라운",PerKoop,55386,55386,4.1,16.0,"충분한 크기: 각 확장 파일 폴더는 약 32 x 27 x 11.4cm(12.6 x 10.63 x 4.49인치)이며 파일 폴더의 측면은 18cm(7인치)까지 확장할 수 있습니다. 약 1600장의 레터 크기의 종이를 보관할 수 있을 만큼 충분히 큽니다. 논문 제품 구성: 확장 파일 포켓 5개를 받게 됩니다. 일상적인 사용 및 공유 요구 사항을 충족할 수 있는 충분한 수량이며 다른 사람들과 공유할 수도 있습니다 섬세하고 우아함: 당사의 파일 홀더 정리함은 신축성 있는 로프 클로저가 있는 강화된 보호 플립이 있어 내부 문서, 종이 등을 안전하고 단단히 보호할 수 있습니다 긴 사용 시간: 신축성 있는 클로저가 있는 파일 오거나이저는 고품질 크래프트 종이 소재로 만들어져 튼튼하고 견고하며 쉽게 깨지거나 변형되지 않아 오랫동안 사용할 수 있습니다 다양한 용도: 사무실 파일 정리함은 가정, 학교, 사무실 등에 적합하며 편지, 문서, 계약서, 청구서, 송장, 영수증 등을 보관하는 데 사용할 수 있어 장소를 절약하고 물건을 주문할 수 있어 일상적인 사용에 이상적입니다",,"['파일', '확장', '충분하다', '신축', '폴더', '문서', '종이', '클로저', '보호', '일상']"
사무용품,파일링 제품,확장형 파일,,B09HZYLX2M,"NAFY 아코디언 파일 오거나이저, 지퍼가 있는 13포켓 확장 파일 폴더, A4 레터 사이즈 휴대용 아코디언 확장 파일 폴더, 27개의 컬러 라벨 포함, 홈 오피스 학교 용품용(라일락)",Nafy,27686,23378,4.6,1530.0,"【휴대용 파일 폴더】 확장 폴더는 초경량으로 휴대가 편리합니다. 지퍼로 파일을 안전하게 보관할 수 있어 떨어뜨릴 염려가 없습니다. 【넓은 수납 공간】각 폴더에는 파일을 보관할 수 있는 13개의 포켓이 있습니다. 이 문서 오거나이저 사이즈는 34.9 x 26.6 x 3.6cm(13.8 x 10.6 x 1.4인치)입니다. 각 포켓에는 많은 양의 A4 용지를 쉽게 【내구성이 뛰어나고 튼튼한 플라스틱 폴더】고품질 PP 소재로 제작되었으며 방수 및 튼튼한 강화 원단 측면이 있습니다. 내부 파일이 젖거나 부서지는 것을 방지할 수 있습니다. 무산성, PVC 프리, 보관 품질. 특히 내구성이 뛰어나고 편리한 보관 폴더로 안전하게 보관할 수 있습니다. 【접착 라벨 및 추가 전면 포켓】더 나은 정리 및 세분화를 위해 각 세트에 다채로운 라벨을 선물로 제공하여 다양한 파일을 효율적으로 표시할 수 있습니다. 전면 포켓 깊이는 8.9cm(3.5인치)로 펜, 형광펜 및 기타 자주 사용하는 기타 물건을 보관하기에 적합합니다. 【다양한 용도】사무실 학교 및 가정 근무 일상 사용에 적합합니다. 파일, 영수증, 숙제 등을 저장하고 분류할 수 있습니다. 출장을 위한 최고의 도우미일 뿐만 아니라 친구나 가족을 위한 멋진 선물입니다. 【제품 구성】확장 파일 폴더 1팩, 다채로운 라벨 27개. (걱정 없이 친절한 고객 서비스.)",,"['파일', '폴더', '포켓', '확장', '라벨', '휴대', '구성', '보관', '지퍼', '오거나이저']"
사무용품,파일링 제품,확장형 파일,,B0C595XNGV,"25포켓 확장 파일 폴더, 아코디언 파일 오거나이저, 플라스틱 손잡이가 있는 휴대용 파일 박스, 확장 가능한 파일 폴더, 월간 청구서 영수증 용지 및 문서 오거나이저, 컬러 탭, A4/레터 사이즈",Fun storage,22146,22146,4.2,72.0,"【뛰어난 휴대성 및 안전한 잠금】: 다른 하단 확장 가능한 아코디언 폴더와 비교했을 때, 손잡이가 추가되어 매우 쉽게 움직일 수 있습니다. 플라스틱 손잡이가 있는 다른 파일 폴더는 일반적으로 하단에서 확장할 수 없으므로 사용 가능한 용량이 크게 제한됩니다. 폴더에는 이 문제가 없습니다. 움직이기 쉽고 충분한 용량을 가지고 있습니다. ABS 버클과 신축성 있는 밴드가 완벽하게 안전하게 닫을 수 있습니다. 【초대형 수납 용량】: 뚜껑을 닫지 않고 서 있는 아코디언 파일 오거나이저는 총 3000장의 종이를 담을 수 있으며 안정적인 분할을 위해 25개의 개별 포켓을 제공합니다. 포켓에는 손으로 쓴 라벨을 추가할 수 있도록 탭이 있어 각 섹션을 즉시 식별하여 빠르게 꺼낼 수 있습니다. 각 포켓은 넉넉한 공간을 제공하며 3.2cm(1 1/8인치)까지 확장됩니다. 숙제부터 프레젠테이션 문서 또는 가정 기록 및 영수증에 이르기까지 확장 가능한 파일 폴더가 있습니다 【업그레이드된 커버 및 스타일】: 아코디언 폴더의 커버 두께는 1 1/5mm로 다른 폴더보다 20% 두껍습니다. 새로운 블랙 매트 패턴이 있는 폴리프로필렌 플라스틱으로 제작되었으며, 방수 기능이 있으며 얼룩과 긁힘 방지 기능이 있어 중요한 종이를 보호합니다. 풀 사이즈 플랩은 추가적인 보호 레이어를 제공하며 운반 중에 보관된 물건을 제자리에 단단히 고정하는 데 도움이 됩니다. 【쉬운 정리 및 빠른 조회】: 컬러 파일 상자에는 알파벳 A-Z용 인쇄 라벨과 월간 1-12월 필기용 빈 라벨이 함께 제공됩니다. 이 아코디언 파일 오거나이저는 모든 종이 작업을 잘 분류하고 독특한 인덱싱 라벨로 중요한 문서를 빠르게 식별할 수 있도록 도와줍니다. A4 또는 레터 사이즈 시트에 적합합니다 【다기능 적용】: 확장 파일 오거나이저는 다양한 문구, 사무용품, 학교 서류, 수업 과제, 숙제, 청구서, 명세서, 영수증, 바우처, 송장 및 가정 용품을 완벽하게 보관할 수 있습니다. 학교, 사무실 또는 가정에 이상적입니다.",,"['파일', '폴더', '확장', '아코디언', '가능하다', '포켓', '문서', '라벨', '종이', '영수증']"
사무용품,파일링 제품,확장형 파일,,B0BSVH2QYV,"CNK 파일 폴더 오거나이저, 13개의 포켓이 있는 아코디언 확장 폴더 문서 영수증 문서 종이 포켓 파일링 제품 아코디언 중요 확장 가능한 홀더 파일 알파벳 라벨 레터",CNK,17991,17991,4.6,118.0,"[매끄럽고 세련된 디자인] 매끄럽고 세련된 CNK 아코디언 파일 오거나이저는 13개의 포켓 확장 가능한 파일 폴더 3팩으로 제공되며 우아하고 세련된 독특한 색상으로 제공됩니다. [고품질 소재] 당사의 13포켓 확장 파일 폴더는 고품질 PP 플라스틱 소재, 중성, PVC 프리 소재로 만들어져 내구성, 방수 및 모든 용도로 오래 지속되는 커버를 보장합니다. [대용량] 각 포켓은 최대 20-25장의 종이를 수용할 수 있으며 최대 300장의 종이를 수용할 수 있지만 매끄럽고 작아서 어디를 가든 휴대할 수 있습니다! [무지개 색상 포켓 13개] 내부 포켓은 무지개 색상 코드로 제공되어 각 탭을 쉽게 정리하고 빠르게 식별할 수 있습니다. [보안 및 내구성] 신축성 있는 스트링 및 버튼 클로저는 내부 내용물을 안전하고 안전하게 유지하면서 매일 열고 닫을 수 있는 오래 지속되는 내구성을 보장하기 위해 업그레이드되었습니다!",,"['포켓', '파일', '폴더', '확장', '구성', '매끄럽다', '세련되다', '아코디언', '종이', '안전하다']"
사무용품,파일링 제품,확장형 파일,,B0CJVS1CQK,"확장 데스크 파일, A-Z, 26 탭, 레터 사이즈, 블루",Blue Summit Supplies,26301,24223,4.4,20.0,"탭 26개, A-Z 인쇄 레터 사이즈 색상: 블루","확장 책상 파일, A-Z, 26 탭, 레터 사이즈, 블루","['탭', '블루', '확장', '파일', '책상', '인쇄', '데스크']"
사무용품,파일링 제품,확장형 파일,,B0BTHX19KQ,"신축성 있는 코드 및 버튼 클로저가 있는 확장 파일 폴더 문서 오거나이저, 레터 사이즈, 7.1cm(2.8인치) 확장, 레터 A4 확장 가능한 파일 폴더, 홈 스쿨 사무실 정리용 5팩",XINGXINRONG,23531,23531,4.9,66.0,"【우수한 구성】 단단한 색상의 플라스틱으로 제작되었습니다. 방수 및 견고하여 종이를 안전하게 보관할 수 있습니다. 안전한 보관을 위한 무산성, PVC 프리, 보관 품질 【2.8인치/7cm 확장】제품 크기: 32.7cm x 24.8cm (길이* 너비* 높이). 넉넉한 확장 파일 폴더에는 A4/레터 사이즈 용지 800장을 담을 수 있습니다. 중요한 문서를 모두 묶지 않고 안전하게 보관할 수 있을 만큼 충분히 크며 백팩에 휴대할 수 있을 만큼 컴팩트합니다. 【 이동 중에도 완벽한 정리 】 영수증, 세금, 개인 서류, 프로젝트, 퍼즐, 사진 및 중요한 문서를 완벽하게 보관할 수 있습니다. 장기간 보관하고 물건을 정리하는 데 적합합니다. 모든 사무실, 학교 및 가정에 적합합니다. 【 신축성 있는 밴드 및 버튼 클로저가 있는 플랩】 신축성 있는 코드 및 버튼 클로저가 있는 풀 사이즈 플랩은 중요한 파일과 문서에 추가적인 보안을 제공합니다. 【 패션 디자인】 패키지에는 확장 가능한 플라스틱 지갑 폴더 5개가 포함되어 있습니다. 슬림한 모양. 인덱스 카드가 삽입된 전면에 투명 포켓 1개. 파일의 내용을 표시하는 데 도움이 됩니다. 밝은 색상으로 색상 코드로 만들 수 있습니다.",,"['확장', '파일', '문서', '폴더', '정리', '보관', '중요하다', '버튼', '신축', '클로저']"
사무용품,파일링 제품,확장형 파일,,B0BQRNWWFC,"손잡이가 달린 25포켓 아코디언 파일 오거나이저, 확장 파일 폴더, 중요 용지, A4/레터 사이즈 문서 오거나이저, 휴대용, 확장 가능, 내구성, 사무실, 가정, a-z 탭을 위한 완벽한 파일 박스",Vanulee,24916,24916,4.5,271.0,"【혁신적인 폴더】손잡이가 달린 아코디언 파일 오거나이저는 혁신적이고 최신 유행의 지폐/영수증/종이/문서 정리함으로, 스냅과 조절 가능한 스트랩과 내구성 있는 손잡이로 디자인되어 잠그는 데 1초 만에 쉽게 열고 닫을 수 있어 더 많은 정리 가능성을 제공하며 어디에나 안전하게 휴대할 수 있습니다. 【클래식】 파일 폴더를 확장하기 위한 클래식한 매트 표면, 매우 패셔너블하고 고급스러워 보입니다. 컬러 인서트 탭, 명확한 분류 및 마크, 빠른 액세스, 나만의 맞춤형 보관 솔루션을 포함한 25개의 다채로운 포켓이 있는 아코디언 파일 오거나이저는 자녀, 연인 및 부모를 위한 완벽한 선물입니다. 【최고 등급 소재】확장 가능한 파일 폴더는 고품질 폴리프로필렌과 폴리에스터로 만들어졌으며 다른 파일 폴더보다 20% 이상 두껍습니다. 데스크톱에 독립적으로 세울 수 있어 쉽게 깨지거나 변형되지 않습니다. 100% 방수, 무독성, 냄새 없음, 마모 방지, 찢어짐 및 습기 방지. 【확장 및 대용량】25가지 컬러 포켓 파일 박스는 A4 용지 및 레터 크기에 적합하며 중요한 파일과 문서를 쉽게 보관하고 정리할 수 있습니다. 접이식 사이즈는 33x24.1x7.6cm(13x9.5x3인치)이며 펼쳤을 때 7.6cm(3인치)에서 68.6cm(27인치)까지 확장할 수 있습니다. 중요한 문서 정리함의 각 포켓은 3.3cm(1.3인치)까지 확장할 수 있습니다. 약 4000장 이상의 시트를 담을 수 있습니다. 【다양한 용도】폴더 파일 수업, 학생을 위한 숙제, 중요한 문서, 청구서, 영수증, 사업가를 위한 서류 파일, 요리 메뉴, , 부모를 위한 설명서(한글이 아닐 수 있음). 출장, 집, 학교, 도서관, 회의실에 필요한 모든 문서를 매우 쉽게 휴대할 수 있습니다. 【안전한 쇼핑】24시간 온라인 서비스, 모든 소비자의 질문에 적시에 답변합니다. 어떠한 이유도 없이 반품을 받아들이고 만족하지 못한 제품에 대해서는 100% 환불을 받을 수 있습니다.",,"['파일', '확장', '문서', '폴더', '정리', '포켓', '휴대', '손잡이', '중요하다', '아코디언']"
사무용품,파일링 제품,확장형 파일,,B0C497CM14,"엑스트라 라지 리갈 사이즈/Foolscap 13포켓 아코디언 파일 오거나이저, 손잡이 포함, TRANBO 휴대용 확장 파일 폴더, 여행 학교 사무실용 확장 가능한 플라스틱 문서 정리함 - 블랙",TRANBO,24916,24916,4.4,87.0,"내구성이 뛰어난 확장 파일 폴더 - 이 아코디언 파일 오거나이저에는 13개의 리갈 사이즈/Foolscap 포켓이 있습니다. 대부분의 파일 폴더는 법률 서류에 맞지 않습니다. 레터 크기/A4 폴더보다 큰 확장 파일 폴더는 22.9 x 35.6 x 35.6cm(9 x 14 x 8.5 x 14인치) 종이, 파일, 스크립트, 노트북 등을 정리하는 데 적합합니다. 확장 가능한 파일 폴더 오거나이저 - 인체 공학적으로 조절 가능한 손잡이와 업그레이드 버클로 내용물을 안전하고 안전하게 유지합니다. 문서가 항상 이동 중일 때 훌륭한 도우미입니다. 쉬운 분할 및 명확한 정리 - 이 아코디언 파일 오거나이저는 빈 인덱스 라벨이 함께 제공되어 각 슬롯을 분리하고 정리할 수 있습니다. 서류 가방을 쉽게 표시할 수 있는 두 개의 명함 포켓. 대용량 - 파일 오거나이저 사이즈: 39.1cm x 26.9cm x 3.0cm. 튼튼한 바닥으로 중요한 문서가 절대 떨어지지 않습니다. 가정, 사무실, 학교 및 여행에 적합합니다. 안전성 및 내구성 - 프리미엄 PP로 제작된 확장형 파일 서류 가방은 옥스포드 강화로 측면이 찢어지는 것을 방지하며, 외부 매트 커버는 지문이나 긁힘을 남기지 않는 훌륭한 느낌을 줍니다. 법률 서류, 세금 영수증, 청구서, 대출 서류, 지시서, 증서 파일, 학생 과제 등을 분류하는 데 훌륭한 도우미입니다.",,"['파일', '확장', '폴더', '서류', '정리', '가능하다', '아코디언', '포켓', '문서']"
사무용품,파일링 제품,확장형 파일,,B0C53HFTQ5,"25포켓 확장 파일 폴더, 휴대용 아코디언 파일 오거나이저, 확장 가능한 파일 폴더, 지폐, 종이 영수증, 문서 오거나이저, 플라스틱 아코디언 파일 박스, 컬러 탭, A4/레터 사이즈",Vanulee,20761,20761,4.2,64.0,"✔【우수성】내구성이 뛰어난 인체 공학적 손잡이가 있는 25개의 포켓 휴대용 확장 파일 폴더와 편리하고 실용적인 버클, 전통과 현대적인 디자인의 조합으로 사람들에게 색다른 시각적 향연과 다른 경험을 제공합니다. ✔【주요 섹션】 유연한 장식용 코드, 장식된 아코디언 파일 오거나이저는 더욱 패셔너블해 보이며, 문서 로딩 수가 증가함에 따라 파일 오거나이저의 하단이 무한히 확장되지 않습니다. 사용하지 않을 때 숨길 수 있습니다. 사무실이나 이동 중에도 중요한 문서를 안전하게 보관합니다. ✔【선명도】 미리 만들어진 알파벳 탭과 파일 폴더 오거나이저의 컬러 정리 칸은 물건을 분리하고 쉽게 찾을 수 있는 좋은 방법입니다 ✔【큰 용량】 이 제품은 큰 파일 캐비넷으로, 총 25개의 확장 가능한 포켓, 각 포켓 3.3cm(1.3인치) 아코디언, A4 용지와 21.6 x 27.9cm(8.5 x 11인치) 레터 크기에 모두 맞습니다. 파일 상자는 열었을 때만 45cm(17.7인치)까지 확장할 수 있습니다. 약 3000장 이상의 시트를 담을 수 있습니다. ✔【최고 등급 소재【최고 등급 소재】확장 가능한 파일 폴더는 고품질 폴리프로필렌과 폴리에스터로 만들어졌으며 다른 파일 폴더보다 20% 이상 두껍습니다. 데스크톱에 독립적으로 세울 수 있어 쉽게 깨지거나 변형되지 않습니다. 100% 방수, 무독성, 냄새 없음, 마모 방지, 찢어짐 및 습기 방지. ✔【다양한 사용】 파일 폴더 파일 수업, 학생을 위한 숙제, 중요한 문서, 청구서, 영수증, 사업가를 위한 서류 파일, 요리 메뉴, , 부모를 위한 설명서(한글이 아닐 수 있음). 출장, 집, 학교, 도서관, 회의실에 필요한 모든 문서를 매우 쉽게 휴대할 수 있습니다.",,"['파일', '폴더', '확장', '문서', '아코디언', '포켓', '휴대', '가능하다']"
사무용품,파일링 제품,확장형 파일,,B075F1N2DM,"Accordian 파일 폴더 오거나이저, 알파벳 확장 파일 폴더, A-Z 확장 가능한 아코디언 파일 박스, 서류 작업 용지 키퍼, 송장 영수증 청구서 문서용 포켓 24개 포함",TriMagic,20761,20761,4.6,2774.0,"대형 24포켓 파일 폴더: TriMigic 파일 박스는 필요에 따라 더 많은 것을 추가할 수 있는 충분한 공간을 제공합니다. 이 아코디언 파일 오거나이저는 A4 및 레터 크기에 맞는 24개의 개별 포켓이 있으며 각 포켓은 하단과 상단을 가로질러 확장할 수 있습니다. 아코디언 파일 오거나이저는 최대 약 3500장을 담을 수 있습니다 다채로운 확장 파일 폴더: 멀티 컬러 플라스틱 라벨은 문서와 라벨 탭을 모두 표시하여 모든 파일을 쉽게 검색할 수 있습니다. 알파벳 ABC 및 월이 미리 인쇄된 라벨이 포함되어 있으며 맞춤 라벨도 가능합니다 공간을 절약하기 위한 책상 정리: 문서 정리함은 독립적으로 잘 세울 수 있으며, 추가 파일 상자를 절약할 수 있으며, 문서를 어디에나 두지 않고 더 정리할 수 있도록 도와줍니다. 사용하기 매우 쉽고 일상적인 서류 정리 및 보관에 적합합니다 휴대용 노치로 이동이 쉬움: 중요한 파일 문서 보관을 위한 깔끔한 방법으로, 교사 용품, 예산 플래너, 교실 정리, 청구서 오거나이저, 영수증 오거나이저, 아코디언 파일 키퍼, 종이 보관 정리함, 교실용 교사 용품, 영수증 홀더에 적합합니다 더블 타임 서비스 수명 문서 오거나이저: 최고급 700D 폴리에스터와 PP로 만든 확장 가능한 바인더 오거나이저는 4개의 금속으로 강화된 버클과 측면 테두리 오버록 디자인을 보호합니다. 견고한 구조는 더 긴 수명을 보장하며, 다른 제품은 지속적으로 사용하면 떨어지기 시작합니다","TriMagic 파일 폴더 - 파일 지저분함을 위한 최고의 솔루션! 1. 공간 절약형 24포켓 디자인으로 모든 문서와 종이를 잘 정리할 수 있는 대용량 A4 사이즈와 레터 사이즈 모두에 적합합니다. 2. 장식용 무지개 디자인으로 파일을 날짜 순서대로 쉽게 넣을 수 있으며 쉽게 요약할 수 있어 작업 효율성을 높입니다. 3. 더 큰 용량으로 최대 35.6cm x 21.6cm(14인치 x 8-1/2인치) 크기의 레터 및 A4 사이즈 문서를 모두 보관할 수 있으며 최대 3,000장을 보관할 수 있습니다. 4. 인체 공학적이고 패셔너블하며 실용적인 디자인으로 휴대가 쉽고 모든 파일을 몇 분 안에 정리할 수 있습니다. 5. 다기능 아코디언 파일 폴더는 700D 폴리에스터와 PP 소재(무독성 비방사성)로 제작되어 강하고 내구성이 뛰어나며 견고합니다. 다양한 문서 크기를 수용할 수 있는 대형 파일 박스를 찾고 계십니까? - 사무실과 고객 회의 사이 또는 교실에서 학생의 집으로 문서를 옮기는 것은 어려운 작업이 될 수 있습니다. - 종이는 섬세하며 장소로 이동할 때 보호를 보장하는 것이 항상 쉬운 것은 아닙니다. ? 문서를 보존하려면 올바른 보관 품목을 선택하는 것이 필수적입니다. - TriMagic 확장 파일은 서류 작업을 정리할 뿐만 아니라 내부에 저장된 파일을 내구성 있게 보호합니다. - TriMagic 24포켓 파일 오거나이저는 사용 가능한 가장 큰 파일이며 최대 35.6 x 21.6cm(14 x 8-1/2인치) 크기의 레터 및 A4 사이즈 문서를 모두 보관할 수 있으며 최대 3,000장을 보관할 수 있습니다. TriMagic 확장 파일 폴더에서 무엇을 얻을 수 있나요? - 확장 파일 폴더 스탠드. - 마일라 강화 포켓 24개 - 포켓 24개, 인덱스 1-24개. - 레터 사이즈 A4 사이즈 호환 가능 - 패션을 위한 혁신적인 멀티 컬러 디자인 - 쉬운 접근을 위한 라벨 탭. - 환경 친화적. - 100% 만족 보장","['파일', '문서', '정리', '확장', '포켓', '폴더', '디자인', '아코디언', '라벨', '작업']"
사무용품,파일링 제품,확장형 파일,,B0B553MXVB,"1InTheOffice 플랩 및 코드 클로저가 있는 확장 파일 지갑, 13.3cm(5-1/4인치) 확장, 리걸 사이즈 (2팩)",1InTheOffice,30456,30456,4.4,62.0,이 파일 지갑은 편지와 법적 크기로 제공되므로 필요에 맞는 완벽한 크기를 찾을 수 있습니다. 지갑은 최대 13.3cm(5-1/4인치)까지 확장할 수 있어 중요한 문서를 모두 보관할 수 있는 충분한 공간을 제공합니다. 이 확장 파일 지갑은 튼튼하고 내구성이 뛰어난 소재로 만들어져 수년간 사용할 수 있으며 문서를 안전하게 보관할 수 있습니다. 편리한 플랩과 코드 클로저로 문서를 빠르고 쉽게 꺼낼 수 있으며 정리할 수 있습니다. 이 팩에는 두 개의 지갑이 포함되어 있어 문서를 정리하고 필요한 경우 여분을 보관할 수 있습니다.,"제품 설명:/신축성 있는 코드가 있는 13.3cm(5 1/4인치) 엑스트라 와이드 확장 파일 포켓으로 확장 가능한 리걸 크기의 문서를 정리하세요! 이 편리한 파일 포켓은 13.3cm(5 1/4인치) 두께로 확장할 수 있어 모든 보고서와 비즈니스 제안을 위한 충분한 공간을 제공합니다. 매우 넓은 구조로 측면 거싯이 튀어나오지 않고 상단 탭 폴더를 쉽게 삽입할 수 있습니다. 또한, 보호 플랩과 신축성 있는 코드는 운송 중에 안전을 보장합니다. 고품질의 11pt로 제작되었습니다. 찢어짐을 방지하는 이 폴더는 우수한 정리를 위해 다양한 유형의 문서를 분리하는 데 적합합니다. 또한 최소 30% 재활용 소재로 제작되어 표준 파일 포켓보다 환경 친화적입니다. 이 파일 포켓의 도움으로 모든 문서가 있어야 하는 위치에 정확히 있는지 확인하십시오!","['문서', '확장', '파일', '지갑', '포켓', '정리', '플랩', '폴더', '편리하다', '공간']"
사무용품,파일링 제품,확장형 파일,,B08HY3XB9H,"FANWU 손잡이가 달린 26개의 포켓 확장 파일 아코디언 폴더 - 레터 A4 용지 사이즈 - 확장 가능한 대형 플라스틱 파일 폴더 지갑 월간 휴대용 문서 정리함, 플랩 및 버클 포함 (블랙)",FANWU,29071,29071,4.4,401.0,"✔ 【 포켓 26개 대용량 】 확장 가능한 플라스틱 파일 폴더 아웃 크기는 33.2 x 26.9 x 8.9cm(13.25 x 10.5 x 3.5인치)입니다. 레터 / A4 사이즈 용지에 적합합니다. 최대 800장을 담을 수 있습니다. 26개의 개별 포켓, 각각 2.2cm(7/8인치)까지 확장되며 라벨용 탭이 있습니다. 핫 프레스 포켓은 찢어짐 방지 기능이 있습니다. 방수, 찢어짐 및 긁힘 방지, 파일 보호. ✔ 【 튼튼한 버클 클립 클로저가 있는 플랩】문서를 쉽게 꺼낼 수 있는 오픈 탑 디자인. 튼튼하고 내구성이 뛰어난 버클 잠금, 단단함. 버클 클로저가 있는 플랩은 중요한 문서와 종이에 더 많은 보호와 보안을 제공합니다. 파일 오거나이저를 쉽게 열고 닫을 수 있습니다. ✔ 【조절 가능한 내구성 있는 손잡이】인체 공학적 손잡이가 있는 확장 파일 오거나이저. 다른 브랜드의 플라스틱 손잡이보다 내구성이 뛰어납니다. 손잡이를 단단히 고정하기 위한 나사가 내부에 있습니다. 손잡이 공간은 1.9cm(0.75인치)에서 3.8cm(1.5인치)까지 조절할 수 있어 더욱 편안한 촉감과 휴대가 간편합니다. ✔ 【효율적인 분류 관리】 24개의 인덱스, 26개의 포켓 확장 파일은 여러 주제에 이상적이며 2년 개인 문서 파일 폴더로 사용할 수 있습니다. 2개의 이름 카드 및 카드 슬롯. A-Z/12월 사전 인쇄된 탭 2팩, 필요한 분류 항목을 직접 작성할 수 있는 빈 뒷면. 손잡이가 달린 26개의 포켓 확장 파일 박스는 월간 문서를 잘 보관할 수 있도록 도와줍니다. ✔ 【정리에 완벽】180° 확장 가능한 아코디언 폴더, 강력한 구조의 유연한 확장 아코디언 파일 오거나이저. 손잡이가 달린 확장 파일은 많은 양의 서류, 영수증 분류, 중요한 의료 문서, 인증서, 청구서, 보고서, 사진, 잡지, 책, 폴더, 노트북 등을 정리하고 보관하고 운반하는 데 이상적입니다.","FANWU 26 포켓 확장 파일 폴더 - 업그레이드된 내구성 있는 버클, 인체 공학적 휴대용 손잡이가 있는 베이스, 대형 A4 레터 사이즈 확장 가능한 파일 오거나이저, 사무실 가정용 알파벳 아코디언 파일 문서 프리미엄 품질 고품질의 매우 두꺼운 PP 소재, 투명 인덱스, 블랙 사이드로 제작되었습니다. 내구성이 뛰어난 버클 및 인체 공학적 손잡이. 수명 버클 클립을 사용하여 내구성이 뛰어나고 오래 사용할 수 있으며 더 많은 파일 용량을 로드할 수 있습니다. 버클 클로저가 있는 플랩은 중요한 파일과 문서를 더 안전하게 보관할 수 있습니다. 강력한 구조의 180° 확장 가능한 아코디언 폴더. 방수, 찢어짐 및 긁힘 방지, 파일 보호. 블랙 스티치 가장자리로 고품질 마감. 대용량 사이즈 33.2cm x 26.9cm x 8.9cm(13.25인치 x 10.5인치 x 3.레터 / A4 사이즈 용지에 적합합니다. 최대 1100장을 담을 수 있습니다. 26개의 개별 포켓, 각각 2.2cm(7/8인치)까지 확장되며 라벨용 탭이 있습니다. 효율적인 분류 관리 24개의 인덱스 및 26개의 포켓, 2년 개인 문서 및 주요 주제에 충분합니다. 패키지에는 A-Z/12월 사전 인쇄된 탭 2팩이 포함되어 있으며, 뒷면은 자유롭게 쓸 수 있도록 비어 있습니다. 2개의 이름 카드 및 카드 슬롯이 있어 쉽게 식별할 수 있습니다. 이상적인 휴대용 문서 정리함. 손잡이가 달린 FANWU 확장 파일 케이스는 서류 가방처럼 보이며 확장 파일처럼 정리되어 서류를 쉽고 쉽게 꺼낼 수 있습니다. 쉽게 다루고 배치할 수 있습니다. 심플한 스타일의 FANWU 파일 폴더는 비즈니스, 사무실, 학교 및 여행용으로 훌륭한 선택입니다. 소재: 내구성이 뛰어난 경량 폴리프로필렌 사이즈: 33.25x26.9x8.9cm 패키지: 손잡이가 달린 26 포켓 확장 가능한 파일 오거나이저 + A-Z/12월 사전 인쇄된 탭 2팩 색상: 블랙 잠금: 버클 클립 용량: 최대 800장 보관 가능","['파일', '확장', '손잡이', '문서', '포켓', '버클', '폴더', '가능하다', '구성', '아코디언']"
사무용품,파일링 제품,확장형 파일,,B0D35SXH8J,"Accordian 파일 오거나이저 토트, 지퍼 및 라벨이 있는 폴더, 12포켓 확장 파일 폴더, 멀티 포켓 종이 폴더, 레터 A4 파일 비즈니스 교사 사무실 가방용 (블랙/브라운)",BICOHIOH,51231,51231,,,"【아코디언 디자인 및 간편한 휴대】: 아코디언 파일 오거나이저가 장착되어 중요한 문서를 보관할 수 있도록 확장 가능하며 최대 A4 크기의 문서와 함께 사용하기에 적합합니다. 상단 손잡이로 출퇴근과 출퇴근 및 출퇴근 및 출퇴근 시 쉽게 휴대할 수 있습니다. 【이상적인 정리함】: 아코디언 파일 정리 가방에는 파일 폴더를 확장하는 12개의 포켓이 있습니다. 휴대폰, 여권, 신분증, 은행 카드, 펜, 현금, 동전 등에 적합합니다. 문서 폴더에는 독특한 이중 지퍼 디자인과 휴대용 손잡이가 있습니다. 이 디자인은 파일을 더 잘 보존하고 휴대하기 쉽도록 설계되었습니다. 휴대용 파일 폴더에는 분류 라벨이 있어 문서를 정리하는 데 도움이 됩니다. 【편리한 디테일】: 아코디언 파일 오거나이저 토트백은 길이 조절 가능한 어깨 스트랩이 있어 다양한 신체 유형에 적합합니다. 업무용 가방은 쇼핑, 사무실, 대학, 출장, 학교, 여행 등에서 매일 사용하기에 이상적입니다 【디자인 업그레이드로 기능이 향상되었습니다】: 더 이상 아코디언 폴더가 아니라 비즈니스 거래에 필요한 다기능 분류 저장 폴더입니다 【패셔너블】: 휴대용 파일 가방은 세련된 외관을 가지고 있습니다! 전문적인 복장이나 캐주얼 복장과 짝을 이루든, 파일 팩의 세련된 디자인은 당신을 돋보이게 할 것입니다! 취향을 잃지 않는 단순함, 직장 문화를 쓰는 성공적인 모델.","아코디언 파일 정리 가방에는 파일 폴더를 확장하는 12개의 포켓이 있습니다. 휴대폰, 여권, 신분증, 은행 카드, 펜, 현금, 동전 등에 적합합니다. 문서 폴더에는 독특한 이중 지퍼 디자인과 휴대용 손잡이가 있습니다. 이 디자인은 파일을 더 잘 보존하고 휴대하기 쉽도록 설계되었습니다. 휴대용 파일 폴더에는 분류 라벨이 있어 문서를 정리하는 데 도움이 됩니다.","['파일', '폴더', '휴대', '디자인', '문서', '아코디언', '가방', '정리', '확장', '포켓']"
사무용품,파일링 제품,확장형 파일,,B0C6MGM3W8,"확장 파일 폴더 3개, 13포켓 파일 오거나이저, 라벨 포함, A4 레터 사이즈 영수증 문서 오거나이저, 플라스틱 확장 가능한 파일 폴더 사무실, 교실, 가정용 (혼합 색상)",Harloon,27686,30456,4.3,21.0,"대용량 및 확장 가능: 확장 파일 오거나이저는 약 32.6 x 26.5 x 3.5cm(12.6 x 10.43 x 1.38인치)이며 13개의 포켓이 있어 많은 수의 문서를 보관할 수 있습니다. 확장 가능한 기능으로 공간 부족 걱정 없이 항상 폴더에 더 많은 문서를 추가할 수 있습니다 내구성 및 방수 소재: 당사의 파일 폴더 오거나이저는 견고하고 방수 기능이 있으며 오래 지속되는 고품질 PP 소재로 제작되었습니다. 방수 기능으로 문서를 흘리거나 떨어뜨리지 않도록 안전하게 보관할 수 있습니다 문서를 쉽게 정리하세요: 당사의 파일 폴더 오거나이저는 문서를 분류하고 쉽게 접근할 수 있는 훌륭한 솔루션입니다. 청구서, 명세서, 영수증 등과 같은 다양한 문서를 보관할 수 있는 13개의 포켓이 있어 필요한 것을 빠르게 찾는 데 문제가 없습니다. 확장 파일 폴더 3개에는 라벨 3장(시트당 12개)이 있어 쉽게 라벨을 붙이고 식별할 수 있습니다. 각 포켓 Morandi 색상의 세련된 디자인: 문서용 폴더의 모란디 색상 구성은 사무실 필수품에 우아함과 세련미를 더합니다. 포켓은 6가지 색상으로 제공되어 다양한 폴더를 쉽게 구별할 수 있습니다 다용도 및 다용도: 확장 가능한 파일 폴더 오거나이저는 다양한 용도에 적합합니다. 학생, 교사 또는 가정 정리함에 관계없이 이 파일 폴더는 문서를 쉽게 분류하고 찾을 수 있도록 도와줍니다. 또한 확장 가능한 파일 폴더는 친구와 가족을 위한 사랑스러운 선물입니다",,"['폴더', '파일', '문서', '확장', '포켓', '가능하다', '라벨', '방수']"
사무용품,파일링 제품,확장형 파일,,B000FD5TLM,"Globe-Weis PFXR217MHD /Pendaflex 튼튼한 확장 파일, 오픈 탑, 포켓 12개, 월간 인덱스, 레터 사이즈, 브라운 (R217MHD)",Globe-Weis,22991,22991,4.7,1040.0,고중량 커버 미리 인쇄된 월간 탭 한 줄과 빈 탭 한 줄로 맞춤 설정할 수 있습니다 파일링에 쉽게 접근할 수 있는 오픈 탑 확장 측면에는 Tyvek 강화 상단 가장자리가 포함됩니다 12개의 포켓이 있는 레터 사이즈 80pt의 튼튼한 아코디언 오픈 탑 파일. 흙 방지 Letha Tone 커버와 거싯의 상단과 하단에 찢어짐 방지 타이벡 보강. 매우 두꺼운 80pt로 오래 사용할 수 있도록 제작되었습니다. 흙 방지 Letha Tone 커버와 거싯의 상단과 하단에 찢어짐 방지 타이벡 보강. 인덱스에는 초대형 1/3 컷 더블 탑 탭이 있습니다.,"분리된 포켓이 있는 확장 파일은 프로젝트 정리, 일일 우선 순위 관리 또는 서류 정렬에 적합합니다. 빈 탭을 자신만의 제목으로 사용자 지정하거나 미리 인쇄된 탭을 사용하십시오. 데스크탑 또는 내부 파일 서랍에 적합합니다.","['파일', '탭', '방지', '탑', '포켓', '커버', '상단', '오픈', '확장', '흙방지']"
사무용품,파일링 제품,확장형 파일,,B0CKP88HR6,Glenmal 10피스 7포켓 파일 폴더 파일 오거나이저 확장 파일 폴더 라벨 포함 플라스틱 확장 가능한 파일 폴더 포켓 폴더 A4 레터 사이즈 종이 오거나이저 폴더 사무실용 (블랙),Glenmal,49846,49846,4.3,3.0,"효율적인 정리에 충분함: 이 10 7 포켓 파일 폴더 세트는 다양한 파일을 분류하거나 동료와 공유할 수 있는 충분한 공간을 제공합니다. 각 폴더의 크기는 33 x 24.4cm(13 x 9.6인치)이며 170-200장의 종이를 수용할 수 있어 문서를 쉽게 정리하고 관리할 수 있습니다. 포함된 12개의 쓰기 가능한 태그는 접근성을 향상시키고 빠르게 찾을 수 있도록 도와줍니다. 특정 파일 내구성이 뛰어나고 안전한 소재: 우수한 품질과 안전한 소재로 제작된 이 확장 가능한 파일 폴더는 내구성과 파손 또는 변형에 대한 저항성을 보장합니다. 중요한 문서를 효과적으로 가져갈 수 있도록 이 폴더의 수명과 신뢰성을 신뢰할 수 있습니다 편리하고 다채로운 수납 공간: 파일 폴더에는 생생한 칸이 있어 쉽고 효율적인 파일 분류가 가능합니다. 다채로운 디자인으로 필요한 파일을 빠르게 식별하고 검색할 수 있어 생산성을 높이고 종이 더미를 검색하는 번거로움을 없애줍니다 안전한 운반: 신축성 있는 버클 디자인의 이 플라스틱 파일 폴더에는 플랩과 번지 코드 클로저가 통합되어 있습니다. 이 기능은 운송 중에 파일이 제자리에 안전하게 유지되어 우발적인 손실을 방지합니다. 안전에 대한 걱정 없이 문서를 자신 있게 휴대할 수 있습니다 다용도 용도: 공과금, 송장, 편지, A4 용지 및 기타 문서를 정리하는 데 적합한 이 확장 파일 폴더는 전문가 및 개인 사용에 이상적입니다. 학생, 사무실 근로자 또는 체계적인 문서 관리가 필요한 개인 등 이 폴더는 사용자의 요구를 효과적으로 충족시킵니다","특징: 매끄럽고 전문적인 디자인: 클래식한 블랙 색상으로 디자인된 이 파일 오거나이저는 매끄럽고 전문적인 외관을 유지하여 모든 공식 또는 전문적인 환경에 적합합니다. 우아한 미학은 다양한 환경에서 잘 어울리므로 학교, 사무실 등에 탁월한 선택입니다. 편리한 수량: 패키지에는 10개의 문서 정리함이 포함되어 있으며, 각 문서 오거나이저는 7개의 포켓이 있는 충분한 수납 공간을 제공합니다. 이 수량은 포괄적인 파일 구성이 가능하며 다양한 프로젝트 또는 공유 목적으로 충분한 폴더를 확보할 수 있습니다. 이 파일 폴더 세트로 문서를 편리하게 관리할 수 있습니다. 사양: 소재: 품질 및 안전 소재 색상: 블랙. 사이즈: 약 13 x 9.6 x 1 인치/33 x 24.5 x 2.5 cm. 수량: 10 패키지 구성: 파일 폴더 10개. 참고: 수동 측정, 사이즈에 약간의 오차가 있을 수 있습니다. 화면 디스플레이의 차이로 인해 색상이 약간 다를 수 있습니다.","['파일', '폴더', '문서', '가능하다', '확장', '포켓', '안전하다', '정리', '디자인', '충분하다']"
사무용품,파일링 제품,확장형 파일,,B0BX5YHJFD,"25포켓 아코디언 파일 오거나이저 확장 파일 폴더, 손잡이 포함, Fun storage 휴대용 파일 박스, 서류 작업 문서 용지용, A4/레터 사이즈",Fun storage,24916,24916,4.5,187.0,"【뛰어난 휴대성 및 안전한 잠금】: 다른 파일 폴더와 비교했을 때, 확장 파일 폴더는 길이 조절 가능한 어깨끈과 손잡이로 설계되어 매우 큰 용량과 휴대성을 제공합니다. 나일론 더블 숄더 스트랩과 튼튼한 ABS 버클은 탁월한 바닥 지지력과 확장성을 제공합니다. 고정식이든 이동하든 크고 안전한 사용 공간이 있습니다 【업그레이드된 커버 및 스타일】: 아코디언 폴더의 커버 두께는 1 1/5mm로 다른 폴더보다 20% 두껍습니다. 새로운 블랙 매트 패턴이 있는 폴리프로필렌 플라스틱으로 제작되었으며, 방수 기능이 있으며 얼룩과 긁힘 방지 기능이 있어 중요한 종이를 보호합니다. 풀 사이즈 플랩은 추가적인 보호 레이어를 제공하며 운반 중에 보관된 물건을 제자리에 단단히 고정하는 데 도움이 됩니다. 【초대형 보관 용량】: 폴리 파일 폴더는 총 3000장의 종이를 담을 수 있으며 안정적인 파티션을 위한 25개의 개별 포켓을 제공합니다. 포켓에는 손으로 쓴 라벨을 추가할 수 있도록 탭이 있어 각 섹션을 즉시 식별하여 빠르게 꺼낼 수 있습니다. 각 포켓은 넉넉한 공간을 제공하며 2.2cm(7/8인치)까지 확장됩니다. 숙제부터 프레젠테이션 문서 또는 가정 기록 및 영수증에 이르기까지 확장 가능한 파일 폴더가 있습니다. 【쉬운 정리 및 빠른 조회】: 컬러 파일 상자에는 알파벳 A-Z용 인쇄 라벨과 월간 1-12월 필기용 빈 라벨이 함께 제공됩니다. 이 아코디언 파일 오거나이저는 모든 종이 작업을 잘 분류하고 독특한 인덱싱 라벨로 중요한 문서를 빠르게 식별할 수 있도록 도와줍니다. A4 또는 레터 사이즈 시트에 적합합니다 【다기능 적용】: 확장 파일 오거나이저는 다양한 문구, 사무용품, 학교 서류, 수업 과제, 숙제, 청구서, 명세서, 영수증, 바우처, 송장 및 가정 용품을 완벽하게 보관할 수 있습니다. 학교, 직장 또는 가정에 이상적입니다.",,"['파일', '폴더', '확장', '포켓', '빠르다', '아코디언', '휴대', '종이', '문서', '라벨']"
사무용품,파일링 제품,확장형 파일,,B0C6JJD2V6,"4피스 확장 파일 폴더 13포켓 파일 오거나이저, 라벨 포함, A4 레터 사이즈 영수증 문서 오거나이저 플라스틱 확장 가능한 파일 폴더 사무실, 교실, 가정, 모란디 색상",Harloon,35996,35996,4.5,19.0,"대용량 및 확장 가능: 확장 파일 오거나이저는 약 32.6 x 26.5 x 3.5cm(12.6 x 10.43 x 1.38인치)이며 13개의 포켓이 있어 많은 수의 문서를 보관할 수 있습니다. 확장 가능한 기능으로 공간 부족 걱정 없이 항상 폴더에 더 많은 문서를 추가할 수 있습니다 내구성 및 방수 소재: 당사의 파일 폴더 오거나이저는 견고하고 방수 기능이 있으며 오래 지속되는 고품질 PP 소재로 제작되었습니다. 방수 기능으로 문서를 흘리거나 떨어뜨리지 않도록 안전하게 보관할 수 있습니다 문서를 쉽게 정리하세요: 당사의 파일 폴더 오거나이저는 문서를 분류하고 쉽게 접근할 수 있는 훌륭한 솔루션입니다. 청구서, 명세서, 영수증 등과 같은 다양한 문서를 보관할 수 있는 13개의 포켓이 있어 필요한 것을 빠르게 찾는 데 문제가 없습니다. 4개의 확장 파일 폴더에는 4장의 라벨(시트당 12개)이 있어 쉽게 라벨을 붙이고 식별할 수 있습니다. 각 포켓 Morandi 색상의 세련된 디자인: 문서용 폴더의 모란디 색상 구성은 사무실 필수품에 우아함과 세련미를 더합니다. 포켓은 6가지 색상으로 제공되어 다양한 폴더를 쉽게 구별할 수 있습니다 다용도 및 다용도: 확장 가능한 파일 폴더 오거나이저는 다양한 용도에 적합합니다. 학생, 교사 또는 가정 정리함에 관계없이 이 파일 폴더는 문서를 쉽게 분류하고 찾을 수 있도록 도와줍니다. 또한 확장 가능한 파일 폴더는 친구와 가족을 위한 사랑스러운 선물입니다","특징: 다양한 용도: 포켓이 있는 폴더는 서, 설명서, 세금 신고서 및 기타 중요한 서류를 보관하기에 적합합니다. 사무실이나 집을 정리하고 깔끔하게 유지하는 이상적인 솔루션입니다. 사려 깊은 선물: 문서 정리함의 표면에는 카드 슬롯이 있어 다른 사람들이 실수로 폴더를 가져가는 것을 방지합니다. 신축성 있는 코드 클로저가 있는 플랩이 있어 운반 중에 문서를 안전하고 단단히 보호합니다. 사양: 소재: PP 색상: 확장 파일 폴더: 그레이, 다크 그린, 다크 핑크, 라이트 블루 사이즈: 약 32 x 26.5 x 3.5cm(12.6 x 10.43 x 1.38인치) 패키지 구성: 확장 파일 폴더 4개. 라벨 4장 (시트 당 12개) 참고: 수동 측정, 사이즈에 약간의 오차가 있을 수 있습니다. 화면 디스플레이의 차이로 인해 색상이 약간 다를 수 있습니다.","['폴더', '파일', '문서', '확장', '포켓', '가능하다', '정리', '라벨', '사무실', '방수']"
사무용품,파일링 제품,확장형 파일,,B0CYGJ3FLW,"아코디언 파일 오거나이저, 핑크 13포켓 확장 파일 폴더 오거나이저, 레터 사이즈/A4 문서용, 확장 가능한 휴대용 월간 청구서/영수증 정리함, 가정/사무실/학교용 (블랙)",JIMEIQI,12451,12451,4.5,186.0,"포함 사항: 33cm x 24.1cm(13인치 x 9.5인치) 크기의 핑크 13포켓 확장 파일 폴더를 받게 됩니다. 이 넉넉한 사이즈는 편지, A4 용지, 문서, 송장, 계약서 및 표준 미국 용지를 보관하기에 적합합니다. 완전히 확장되면 약 500장의 레터 사이즈 시트를 편리하게 보관할 수 있습니다. 프리미엄 소재: 이 멀티 포켓 폴더는 프리미엄 친환경 PP 소재로 제작되었습니다. 중성, PVC 프리 제품으로 안전한 문서 보관을 위해 보관 품질을 제공합니다. 방수 및 습기 방지 소재는 종이를 보호하여 손상, 파손 및 변형을 방지합니다. 실용적인 디자인: 이전의 확장 파일 오거나이저에 비해 신축성 있는 스트링과 버튼 클로저를 개선하여 사용자가 쉽게 다룰 수 있도록 합니다. 13개의 포켓과 투명한 라벨 디자인으로 내부 용지에 대한 보안을 강화합니다. 파일의 깔끔함과 질서를 효율적으로 유지하여 일상 생활을 아름답게 간소화합니다. 세련된 외관: 파일 아코디언 폴더의 세련된 외관은 전문적인 느낌을 더하여 이동 중인 사람들이 선호하는 선택입니다. 빠른 시각적 식별을 위해 다양한 색상으로 제공됩니다. 다용도 사용: 종이 정리 폴더는 지폐, 문서, 바우처, 종이, 카드, 영수증, 삽화 및 쿠폰을 보관하고 정리할 수 있는 다용도 도구입니다. 책상을 깨끗하고 깔끔하게 유지합니다. 이 휴대용 소형 종이 정리 폴더는 학교, 사무실, 가정 사용 및 스튜디오를 포함한 다양한 응용 분야에 적합하며 미국 일상 생활에 매우 적합합니다.","JIMEIQI 파일 폴더 확장은 중요한 문서와 영수증을 정리하는 완벽한 방법입니다. 이 13개의 포켓 확장 파일 폴더는 레터 크기와 A4 크기의 문서 및 지폐를 담을 수 있도록 설계되었습니다. 고품질 방수 폴리프로필렌 소재로 만들어져 문서를 안전하고 안전하게 보관할 수 있습니다. 폴더의 탭으로 문서를 쉽게 식별하고 정리할 수 있으며, 신축성 있는 잠금 밴드로 문서를 안전하게 보관할 수 있습니다. 폴더는 가볍고 컴팩트하여 어디를 가든 쉽게 휴대할 수 있습니다. 이 아코디언 파일 오거나이저를 사용하면 모든 문서를 정리하고 액세스할 수 있습니다. JIMEIQI 확장 파일 폴더로 오늘 정리하세요!","['폴더', '파일', '문서', '확장', '정리', '포켓', '안전하다', '보관', '종이', '휴대']"
사무용품,파일링 제품,확장형 파일,,B0CL49JX1X,"손잡이가 있는 파일 오거나이저, 13포켓 확장 파일 폴더, 영수증, 지폐, A4/레터 사이즈 용지, 문서, a-z 탭용 휴대용 아코디언 파일 오거나이저, 파일 폴더 매트에 포함",TOPCJ,19376,19376,4.5,8.0,"✔【우수성】이 혁신적인 파일 오거나이저는 내구성이 뛰어난 손잡이와 패션 버클로 디자인되어 기존의 확장 파일 폴더에서 성공적으로 업그레이드되었습니다. 많은 양의 문서를 보관할 때 언제 어디서나 중요한 문서를 더 쉽게 제거할 수 있습니다. 버클은 파일의 안전을 보호하는 데 매우 좋습니다. ✔【주요 섹션】파일 폴더 오거나이저의 뚜껑은 연장선과 조절 가능한 운반 손잡이로 설계되었습니다. 파일 폴더의 내부는 점점 더 많은 문서를 넣을 때 원하는 대로 완벽한 위치로 완전히 확장하고 조정할 수 있습니다. 유용하고 패셔너블한 확장 파일 폴더입니다. ✔【큰 용량】이 큰 파일 캐비닛으로, 총 13개의 확장 가능한 포켓, 각 포켓 3.3cm(1.3인치) 아코디언, A4 용지와 21.6 x 27.9cm(8.5 x 11인치) 레터 크기에 모두 맞습니다. 파일링 박스는 45cm(17.7인치)까지 확장할 수 있습니다. 약 1500장 이상의 시트를 담을 수 있습니다. ✔【최고 등급 소재】확장 가능한 파일 폴더는 고품질 폴리프로필렌과 폴리에스터로 만들어졌으며 다른 파일 폴더보다 20% 이상 두껍습니다. 데스크톱에 독립적으로 세울 수 있어 쉽게 깨지거나 변형되지 않습니다. 100% 방수, 무독성, 냄새 없음, 마모 방지, 찢어짐 및 습기 방지. ✔【선명도】미리 만들어진 알파벳 탭과 확장 가능한 파일 폴더의 컬러 정리 칸은 물건을 분리하고 쉽게 찾을 수 있는 좋은 방법입니다. ✔【다양한 사용】폴더 파일 수업, 학생을 위한 숙제, 중요한 문서, 청구서, 영수증, 사업가를 위한 서류 파일, 요리 메뉴, , 부모를 위한 설명서(한글이 아닐 수 있음). 출장, 집, 학교, 도서관, 회의실에 필요한 모든 문서를 매우 쉽게 휴대할 수 있습니다.",,"['파일', '폴더', '확장', '문서', '가능하다', '손잡이', '포켓']"
사무용품,파일링 제품,확장형 파일,,B0C3TQ7CVN,아코디언 파일 오거나이저 - 지퍼 및 라벨이 있는 내화성 폴더 - 레터 A4 파일용 멀티 포켓 종이 폴더가 있는 12포켓 확장 파일 폴더 | 영수증 등,JUNDUN,41536,40151,4.6,548.0,"고품질 소재: 내화성 아코디언 파일 오거나이저로 문서를 보호하세요. 이중 레이어, 가려움방지, 실리콘 코팅 유리 섬유로 제작되어 최대 1,093.3°C(2000°F)까지 견딜 수 있으며 SGS 테스트(UL94 VTM-0 인증)를 통과했습니다. 방수 기능이 뛰어나 예기치 않은 흘림이나 사고에 대한 완벽한 솔루션입니다. 확장 파일 오거나이저로 파일을 정리하고 쉽게 꺼낼 수 있습니다. 오늘 추가 보호 기능에 투자하세요! 업그레이드된 디자인: JUNDUN의 파일 정리 폴더로 어수선한 파일과 정리에 작별 인사를 하세요. 당사의 독특한 디자인으로 편지/A4 파일, 영수증, 카드, USB 드라이브, 펜, 여권 등을 깔끔하게 보관하고 분류할 수 있습니다. 당사의 파일 오거나이저를 사용하면 모든 파일을 처리할 수 있는 하나의 정리함만 있으면 시간과 비용을 절약할 수 있습니다. 삶을 단순화하고 비용으로 정리된 상태를 유지하세요. -효과적인 솔루션 넉넉한 공간: 아코디언 파일 오거나이저는 13개의 개별 포켓, 1개의 지퍼 포켓, 1개의 펜 슬롯, 6개의 카드 슬롯, 4개의 작은 메시 백, 4개의 미디엄 메시 백, 1개의 메인 포켓이 있으며, 모두 35.5cm x 26.5cm x 5cm(14x10.5x1.95인치) 크기의 컴팩트한 사이즈로 구성되어 있습니다. 충분한 공간으로 중요한 문서와 기타 물건을 안전하게 보관할 수 있습니다. 아코디언 폴더 파일을 효과적으로 분류하고 찾을 수 있습니다 이중 지퍼 및 다채로운 라벨: 확장 가능한 파일 폴더 오거나이저로 파일을 쉽게 액세스하고 정리할 수 있습니다. 편리한 열고 닫을 수 있는 이중 지퍼가 있어 중요한 문서를 잃어버릴 염려가 없습니다. 포함된 다채로운 라벨로 파일을 쉽게 분류할 수 있습니다 품질 최대 약속: JUNDUN 제품은 모서리를 자르지 않으며 고품질의 확장 파일 폴더와 탁월한 고객 서비스를 제공합니다! 저희는 고객님께서 큰 거래를 하고 계시다는 것을 잘 알고 있으며, 품질에 문제가 있을 경우 언제든지 Amazon.를 통해 저희에게 연락해주시기 바랍니다. 품질 문제가 있을 경우 즉시 교체 또는 환불을 드릴 것을 약속드립니다",,"['파일', '폴더', '정리', '포켓', '확장', '아코디언', '지퍼', '분류', '문서', '이중']"
사무용품,파일링 제품,확장형 파일,,B094YP6R7W,"CNK Accordian 파일 오거나이저 편지용 24포켓 확장 파일 폴더, A4 파일 박스, 내구성 있는 손잡이, 비즈니스, 사무실, 학교 가정용, 올리브 그레이, 컬러 포켓 포함",CNK,41508,41508,4.6,3047.0,"다채롭고 세련된 디자인의 24개의 개별 포켓은 손으로 쓴 라벨을 추가할 수 있도록 탭이 있어 각 섹션을 즉시 식별하여 빠르게 꺼낼 수 있습니다. 두 개의 타원형 잠금 걸쇠는 안전하고 안전한 잠금 메커니즘을 제공하며 의도하지 않게 열리지 않습니다. 보장합니다! 견고하고 인체 공학적 손잡이는 탁월한 그립감을 제공하며 사무실, 학교, 가정 및 중요한 문서를 가져와야 하는 모든 곳에서 쉽게 조작할 수 있습니다! 자체 접착 포켓이 포함되어 있어 필요에 따라 알파벳, 월, 블랙 태그와 함께 여러 오거나이저를 쉽게 표시하고 분류할 수 있습니다! 달 및 알파벳 프린트 태그는 크고 대담하여 쉽게 볼 수 있으며 쉽게 삽입하고 제거할 수 있도록 효율적으로 설계되었습니다 확장 파일 오거나이저는 쉽게 접근할 수 있도록 넓게 열 수 있으며 최대 1000장의 A4 및 레터 용지를 보관할 수 있습니다! (리걸 사이즈 용지에는 맞지 않음)",,"['포켓', '파일', '가정', '손잡이', '사무실', '태그', '용지', '확장', '알파벳', '학교']"
사무용품,파일링 제품,확장형 파일,,B0CLP6Q3PJ,"아코디언 파일 오거나이저/확장 파일 폴더, 13개의 확장 가능한 포켓이 있는 파일 박스, 손잡이가 있는 테이블 탑 스탠드/휴대용 파일 폴더에 적합, A4/레터 사이즈, 컬러 탭, 블랙 다이아몬드",Vanulee,17991,17991,4.1,37.0,"✔【주요 섹션】유연한 장식용 코드, 장식된 아코디언 파일 오거나이저는 더욱 패셔너블해 보이지만, 문서 로딩 수가 증가함에 따라 파일 오거나이저의 하단이 무한히 확장되지 않습니다. 사용하지 않을 때 숨길 수 있습니다. 사무실이나 이동 중에도 중요한 문서를 안전하게 보관합니다. ✔【우수성】인체 공학적 손잡이가 있는 13개의 포켓 휴대용 확장 파일 폴더와 편리하고 실용적인 버클, 전통과 현대적인 디자인의 조합으로 사람들에게 색다른 시각적 향연과 다른 경험을 제공합니다. ✔【큰 용량】완벽한 파일 캐비넷, 총 13개의 확장 가능한 포켓, 각 3.3cm(1.3인치) 아코디언, A4 용지와 21.6 x 27.9cm(8.5 x 11인치) 레터 크기에 모두 맞습니다. 파일 박스는 책상이나 캐비닛에서 펼쳤을 때 약 1500장 이상의 시트를 수용할 수 있습니다. ✔【빠른 접근】미리 만들어진 알파벳 탭과 파일 폴더 오거나이저의 컬러 정리 칸은 물건을 분리하고 쉽게 찾을 수 있는 좋은 방법입니다. ✔【최고 등급 소재【최고 등급 소재】 확장 가능한 파일 폴더는 고품질 폴리프로필렌과 폴리에스터로 만들어졌으며 다른 파일 폴더보다 20% 이상 두껍습니다. 데스크톱에 독립적으로 세울 수 있어 쉽게 깨지거나 변형되지 않습니다. 100% 방수, 무독성, 냄새 없음, 마모 방지, 찢어짐 및 습기 방지.",,"['파일', '확장', '폴더', '가능하다', '아코디언', '포켓', '탭', '문서', '박스', '방지']"
사무용품,파일링 제품,확장형 파일,,B0CLND3C2J,"확장 파일 폴더/아코디언 파일 오거나이저/휴대용 파일 박스, 13개의 포켓, 손잡이가 있는 Fun storage 파일 폴더, 서 있거나 휴대하기에 적합, A4/레터 사이즈, 컬러 탭, 블랙 매트",Fun storage,17991,17991,4.1,55.0,"【뛰어난 휴대성 및 안전한 잠금】: 다른 하단 확장 가능한 아코디언 폴더와 비교했을 때, 손잡이가 추가되어 매우 쉽게 움직일 수 있습니다. 플라스틱 손잡이가 있는 다른 파일 폴더는 일반적으로 하단에서 확장할 수 없으므로 사용 가능한 용량이 크게 제한됩니다. 폴더에는 이 문제가 없습니다. 움직이기 쉽고 충분한 용량을 가지고 있습니다. ABS 버클과 신축성 있는 밴드가 완벽하게 안전하게 닫을 수 있습니다. 【초대형 수납 용량】: 뚜껑을 닫지 않고 서 있는 아코디언 파일 오거나이저는 최대 1500장의 종이를 담을 수 있으며 안정적인 분할을 위해 25개의 개별 포켓을 제공합니다. 포켓에는 손으로 쓴 라벨을 추가할 수 있도록 탭이 있어 각 섹션을 즉시 식별하여 빠르게 꺼낼 수 있습니다. 각 포켓은 넉넉한 공간을 제공하며 3.2cm(1 1/8인치)까지 확장됩니다. 숙제부터 프레젠테이션 문서 또는 가정 기록 및 영수증에 이르기까지 확장 가능한 파일 폴더가 있습니다 【업그레이드된 커버 및 스타일】: 아코디언 폴더의 커버 두께는 1 1/5mm로 다른 폴더보다 20% 두껍습니다. 새로운 블랙 매트 패턴이 있는 폴리프로필렌 플라스틱으로 제작되었으며, 방수 기능이 있으며 얼룩과 긁힘 방지 기능이 있어 중요한 종이를 보호합니다. 풀 사이즈 플랩은 추가적인 보호 레이어를 제공하며 운반 중에 보관된 물건을 제자리에 단단히 고정하는 데 도움이 됩니다. 【쉬운 정리 및 빠른 조회】: 컬러 파일 상자에는 알파벳 A-Z용 인쇄 라벨과 월간 1-12월 필기용 빈 라벨이 함께 제공됩니다. 이 아코디언 파일 오거나이저는 모든 종이 작업을 잘 분류하고 독특한 인덱싱 라벨로 중요한 문서를 빠르게 식별할 수 있도록 도와줍니다. A4 또는 레터 사이즈 시트에 적합합니다 【다기능 적용】: 확장 파일 오거나이저는 다양한 문구, 사무용품, 학교 서류, 수업 과제, 숙제, 청구서, 명세서, 영수증, 바우처, 송장 및 가정 용품을 완벽하게 보관할 수 있습니다. 학교, 사무실 또는 가정에 이상적입니다.",,"['파일', '폴더', '확장', '아코디언', '포켓', '가능하다', '추가', '종이', '라벨', '빠르다']"
사무용품,파일링 제품,확장형 파일,,B0C23XLDY8,"아코디언 파일 오거나이저, 손잡이가 있는 확장 파일 폴더, 12포켓 아코디언 문서 오거나이저 확장 가능한 파일 박스, 종이 영수증 청구서용 휴대용 파일 박스, A4/레터 사이즈, 탭 2개, 반투명",Vanulee,20761,20761,4.5,155.0,"【혁신적인 폴더】손잡이가 달린 아코디언 파일 오거나이저는 혁신적이고 최신 유행의 지폐/영수증/종이/문서 정리함으로, 스냅과 조절 가능한 스트랩과 내구성 있는 손잡이로 디자인되어 잠그는 데 1초 만에 쉽게 열고 닫을 수 있어 더 많은 정리 가능성을 제공하며 어디에나 안전하게 휴대할 수 있습니다. 【클래식】 파일 폴더를 확장하기 위한 클래식한 매트 표면, 매우 패셔너블하고 고급스러워 보입니다. 컬러 인서트 탭, 명확한 분류 및 마크, 빠른 액세스, 나만의 맞춤형 보관 솔루션을 포함한 12개의 다채로운 포켓이 있는 아코디언 파일 오거나이저는 자녀, 연인 및 부모를 위한 완벽한 선물입니다. 【최고 등급 소재】확장 가능한 파일 폴더는 고품질 폴리프로필렌과 폴리에스터로 만들어졌으며 다른 파일 폴더보다 20% 이상 두껍습니다. 데스크톱에 독립적으로 세울 수 있어 쉽게 깨지거나 변형되지 않습니다. 100% 방수, 무독성, 냄새 없음, 마모 방지, 찢어짐 및 습기 방지. 【확장 및 대용량】12가지 색상 포켓 파일 박스는 A4 용지 및 레터 크기에 적합하며 중요한 파일과 문서를 쉽게 보관하고 정리할 수 있습니다. 접이식 사이즈는 33x24.4cm(13x9.6인치)이며 7.6cm(3인치)에서 38.1cm(15인치)까지 확장할 수 있습니다. 중요한 문서 정리함의 각 포켓은 3.3cm(1.3인치)까지 확장할 수 있습니다. 약 2000장 이상의 시트를 담을 수 있습니다. 【다양한 용도】폴더 파일 수업, 학생을 위한 숙제, 중요한 문서, 청구서, 영수증, 사업가를 위한 서류 파일, 요리 메뉴, , 부모를 위한 설명서(한글이 아닐 수 있음). 출장, 집, 학교, 도서관, 회의실에 필요한 모든 문서를 매우 쉽게 휴대할 수 있습니다. 【안전한 쇼핑】24시간 온라인 서비스, 모든 소비자의 질문에 적시에 답변합니다. 어떠한 이유도 없이 반품을 받아들이고 만족하지 못한 제품에 대해서는 100% 환불을 받을 수 있습니다.",,"['파일', '확장', '폴더', '문서', '아코디언', '정리', '포켓', '휴대', '손잡이', '박스']"
사무용품,파일링 제품,확장형 파일,,B081PR1X1Z,"ABC life 26 포켓 아코디언 파일 오거나이저, 메시 백이 있는 확장 파일 박스, 확장 가능한 A4/레터 사이즈 폴더, 아코디언 문서 오거나이저, A-Z 알파벳 탭이 있는 휴대용 청구서/영수증 폴더",ABC life,22146,22146,4.5,2110.0,"✅【26개의 포켓 월간 파일 오거나이저】ABC life 26개의 포켓 아코디언 파일 오거나이저는 세금 신고 및 중요한 가족 문서 보관에 적합합니다. 제품 크기는 33 x 23.9 x 71.1cm(13 x 9.4 x 28인치)이며 많은 레터/A4 크기 파일을 보관하는 데 사용할 수 있습니다. 【아코디언 대용량】확장 가능한 월간 지폐 정리함은 71.1cm(28인치)까지 확장할 수 있으며 안정적으로 세울 수 있습니다. 2년 이상의 문서를 담을 수 있는 26개의 포켓으로 내구성이 뛰어나고 튼튼합니다. ✅【레터 A4 사이즈 폴더】파일이 더 이상 인덱스 탭을 덮지 않습니다. Letter/A4 크기 문서에 맞는 확장 파일 폴더는 여러 품목, 가족 세금 기록, 청구서, 영수증, 송장, 신분증 문서, 의료 재무 기록 등을 저장할 수 있습니다. 【쉬운 분류】독특한 A-Z 탭과 컬러 내부 페이지 디자인으로 파일을 효과적으로 분류할 수 있습니다. 알파벳순으로 정리하기에 적합합니다. 【집 공간 확보】아코디언 파일 오거나이저는 홈 파일링에 가장 적합합니다. 많은 파일을 보관할 수 있도록 잘 확장되며 공간을 적게 차지할 수 있을 만큼 작게 접을 수 있습니다. 삶을 더 쉽고 즐겁게 만듭니다.",,"['파일', '확장', '아코디언', '문서', '폴더', '포켓', '오거나이저', '탭', '정리']"
사무용품,파일링 제품,확장형 파일,,B003OCW75W,"Five Star 6포켓 확장 파일 오거나이저, 플라스틱 확장 가능한 레터 사이즈 파일 폴더, 포켓 포함, 홈 오피스 용품, 영수증, 청구서, 문서용 휴대용 종이 정리함, 레드 (72387)",Five Star,18254,18254,4.7,3308.0,일 년 내내 지속됩니다. 보장! 내구성이 뛰어난 일체형 플라스틱 구조와 강화 거싯은 가장자리가 찢어지는 것을 방지합니다. 번지 코드 잠금으로 내용물을 안전하게 보관합니다. 펜 보관을 위한 두 개의 노치로 이동 중에도 종이를 쉽게 편집할 수 있습니다. 특허 출원 중인 턱 어웨이 플랩이 포함되어 있어 사용과 접근의 편의성을 높입니다. 6개의 포켓으로 여러 수업이나 프로젝트를 쉽게 정리할 수 있습니다. 각 포켓에 라벨을 붙일 수 있는 탭 인서트가 포함되어 있습니다. 레터 사이즈 21.6cm x 27.9cm(8-1/2인치 x 11인치) 시트를 담을 수 있습니다. 파이어 레드 색상으로 제공됩니다.,"일 년 내내 지속됩니다. 보장! * Five Star 6포켓 확장 파일은 슬림한 디자인으로 많은 수의 시트를 담을 수 있으며 단일 파일 폴더보다 더 많은 공간을 제공합니다. 내구성이 뛰어난 일체형 플라스틱 구조와 강화 거싯은 가장자리가 찢어지는 것을 방지합니다. 번지 코드 클로저는 사물함, 백팩 또는 가방에 내용물을 안전하게 보관합니다. 이 확장 파일에는 펜 보관을 위한 두 개의 노치가 있어 이동 중에도 종이를 쉽게 편집할 수 있습니다. 또한 이 확장 파일에는 특허 출원 중인 턱 어웨이 플랩이 있어 사용과 접근의 편의성을 높입니다. 6개의 포켓으로 여러 수업이나 프로젝트를 쉽게 정리할 수 있습니다. 탭 인서트가 포함되어 있어 각 포켓에 라벨을 붙일 수 있습니다. 이 확장 파일은 레터 사이즈 21.6cm x 27.9cm(8-1/2인치 x 11인치) 시트를 담을 수 있습니다. 파이어 레드 색상으로 제공됩니다. *보증은 구매일로부터 1년 동안 유효합니다. 오용을 커버하지 않습니다.","['포켓', '파일', '확장', '보관', '정리', '시트', '종이', '레드', '플라스틱', '편집']"
사무용품,파일링 제품,확장형 파일,,B0D3PZPQH4,"A4 플라스틱 파일 폴더 5팩, 스냅 버튼 클로저가 있는 확장 가능한 문서 폴더, 사무실 비즈니스 스쿨용 라벨 포켓이 있는 A4 확장 파일 폴더(블랙)",YoeeJob,22146,22146,,,"대용량 및 확장성: 당사의 파일 폴더는 최대 7.6cm(3인치)까지 확장할 수 있어 큰 책과 문서를 휴대하기에 적합합니다. 내구성 및 견고한 디자인: 찢어짐과 방수 폴리프로필렌으로 제작되어 쉽게 깨지거나 변형되지 않습니다. 강화된 천으로 박음질된 가장자리는 내구성을 더합니다. 간편한 정리 및 가시성: 폴더에는 카드 슬롯이 있어 중요한 문서를 쉽게 분류하고 식별할 수 있습니다. 넓은 바닥 디자인으로 선반에 단독으로 세울 수 있어 모든 것을 정리하고 눈에 띄게 유지합니다. 전문적이고 다용도: 저희 파일 폴더는 중요한 문서를 책상에 보관하기에 적합합니다. 매끄럽고 스마트한 디자인으로 파일을 안전하게 정리하면서 전문적인 룩을 보장합니다. 다용도 및 친환경: 이 파일 폴더는 학교, 사무실 및 가정에서 일상적인 서류 정리 및 보관을 위해 널리 사용됩니다. 명함, 세금 영수증 및 화장품 보관에도 적합합니다.",,"['폴더', '파일', '확장', '정리', '문서', '디자인', '보관', '다용', '전문', '중요하다']"
사무용품,파일링 제품,확장형 파일,,B09VTL5PZ9,"7 포켓 아코디언 파일 폴더, 확장 파일 폴더 A4 레터 사이즈 용지 휴대용 문서 오거나이저-블랙",CASAON,13836,6911,4.6,1081.0,"【아코디언 파일 폴더】7포켓 파일로 주제별로 정리할 수 있습니다. 중요한 문서를 모두 안전하게 보관하고 파일을 효과적으로 분류하고 찾을 수 있습니다 【대용량】파일 폴더 크기는 32.9 x 24.4cm(12.79 x 9.65인치)입니다. 최대 150~200장의 종이를 넣을 수 있습니다. 방수, 냄새 없음, 무독성, 쉽게 깨지거나 변형되지 않습니다 【탭이 있는 포켓】라벨 인서트가 있는 색상 코드 칸으로 각 파일에 라벨을 붙이고 쉽게 찾을 수 있어 지저분함 없이 모든 것을 순서대로 얻을 수 있습니다 【신축성 있는 코드 잠금】내구성이 뛰어난 일체형 구조로 작업을 보호하며 강화된 거싯은 가장자리가 찢어지는 것을 방지합니다. 번지 클로저로 내용물을 안전하게 유지합니다 【다양한 사용】공과금, 송장 및 기타 문서를 보관하세요. 학교, 직장 또는 가정에 이상적입니다. 이 확장 파일 폴더를 사용하면 쉽게 정리할 수 있습니다",,"['파일', '폴더', '문서', '포켓', '확장', '보관', '아코디언', '안전하다', '라벨', '정리']"
사무용품,파일링 제품,확장형 파일,,B094QMLQLP,"Forvencer 아코디언 파일 오거나이저, 레터 사이즈, 5포켓 확장 파일 폴더, 라벨이 있는 귀여운 파일 폴더, 학교 사무용품을 위한 휴대용 파일 오거나이저, 문서용 폴더, 제이드",Forvencer,17991,5526,4.6,3987.0,"귀엽고 풍부한 색상: 사랑스러운 외관 디자인과 귀여운 웃는 얼굴. 귀엽고 생생한 10가지 색상이 있으며 원하는 색상을 선택할 수 있습니다. 다양한 색상으로 파일을 빠르게 구별할 수 있습니다. 우수한 품질: 이 오거나이저 폴더는 고품질 소재로 만들어졌으며 방수 기능이 있으며 견고하며 쉽게 닦을 수 있습니다. 끈적한 잔여물을 남기지 않고 라벨을 제거할 수 있습니다. 휴대용 오거나이저: 포켓이 있는 귀여운 폴더는 32.5 x 24.1 x 1.8cm(12.75 x 9.5 x 0.75인치)이며 레터 사이즈와 A4 사이즈 용지에 이 폴더는 모든 것을 깔끔하게 보관할 수 있는 훌륭한 정리 도구로 가볍고 휴대가 간편합니다. 충분한 확장과 큰 용량: 이 플라스틱 아코디언 파일 폴더는 충분히 확장할 수 있으며 많은 종이를 보관하고 최대 150-200 페이지를 고정하기에 적합합니다. 낱장 종이, 폴더 또는 작은 공책을 여기에 넣을 수 있습니다. 유용한 스냅 클로저 및 스티커 라벨: 스냅 클로저는 모든 문서를 내부에 보관하고 종이가 날아가지 않도록 보호합니다. 스티커 라벨을 사용하면 정보를 빠르게 찾을 수 있습니다. 플라스틱 코팅으로 라벨을 제거하거나 위치를 쉽게 바꿀 수 있습니다.",,"['폴더', '파일', '귀엽다', '라벨', '오거나이저', '휴대', '확장', '종이', '제거']"
사무용품,파일링 제품,확장형 파일,,B08YD4DYT8,"2팩 아코디언 파일 오거나이저, 확장 가능한 커버 A4 레터 사이즈 파일 박스, 휴대용 문서 정리함 - 블랙",CASAON,27686,27686,4.6,437.0,"2팩 24 포켓 확장 가능한 파일 폴더는 모든 A4/레터 사이즈 용지에 적합하며 일상 생활에서 문서를 보관하기에 적합합니다. 풀 사이즈의 유연한 플립 커버와 코드 클로저는 문서가 떨어지는 것을 방지하고 문서를 안전하게 운반할 수 있습니다. 두 개의 명함 포켓 디자인으로 커리큘럼, 일정, 명함과 같은 많은 작은 카드를 쉽게 보관할 수 있습니다. 아코디언 파일 오거나이저는 작은 색상의 라벨이 함께 제공되어 파일을 더 잘 정리하고 분류할 수 있습니다. 확장 파일 오거나이저는 가정, 사무실, 학교 및 여행을 위한 완벽한 문서 정리함입니다.",,"['파일', '문서', '확장', '정리', '가능하다', '명함', '작다', '커버', '아코디언', '포켓']"
사무용품,파일링 제품,확장형 파일,,B0CMCPVJB7,"Tamfile 손잡이가 달린 내화성 아코디언 파일 오거나이저, 지퍼 및 라벨이 있는 13포켓 확장 파일 폴더, 레터 A4 파일용 멀티 포켓 종이 오거나이저 폴더가 있는 파일 폴더, 핑크",Tamfile,41536,41536,4.6,1977.0,"[Tamfile 내화성 보관 폴더] 표면은 내화성, 방수 및 방진 기능이 있습니다. 폴더 표면은 내화성 및 방수 업그레이드 실리콘 유리 섬유 원단으로 만들어져 최대 1,204.4°C(2200°F)의 온도를 견딜 수 있으며 SGS 테스트(UL94 인증)를 통과했습니다. 파일 폴더는 귀중한 물건과 정보를 보호합니다. 고급 내화성 다목적 폴더로 귀중한 재료, 유물, 중요한 문서, 사무용품 등을 보관하고 정리하세요. 디자인 업그레이드로 기능이 향상되었습니다. 더 이상 단순한 아코디언 폴더가 아니라 비즈니스 거래에 필요한 다기능 분류 저장 폴더이기도 합니다. 12페이지의 아코디언 폴더, 지퍼 포켓, 확장 가능한 포켓, 여권 크기에 적합한 가방 4개, 카드 슬롯 6개 + USB 슬롯 4개가 포함되어 있습니다. 폴더에는 문서, 서류, 출생 증명서, 여권, 신용 카드 및 USB를 카테고리에 저장할 수 있습니다. 가족이나 친구를 위한 이상적인 크리스마스 선물이 될 것입니다. [편리한 디테일]: 휴대폰, 여권, 신분증, 은행 카드, 펜, 현금, 동전 등을 위한 외부 포켓을 부착하십시오. 폴더에는 독특한 이중 지퍼 디자인과 휴대용 핸드 스트랩이 있습니다. 이 디자인은 파일을 더 잘 보존하고 휴대하기 쉽도록 설계되었습니다. 휴대용 폴더에는 문서를 정리하는 데 도움이 되는 분류 라벨이 있습니다. 직장, 생활 및 공부 시나리오에 적합합니다 간편한 보관: 귀중한 문서가 화재로 파괴되거나 문서가 지저분할 경우 귀중한 문서를 보호하는 데 도움이 될 것입니다. 집, 사무실, 자동차, 금고, 사물함에 넣을 수 있을 뿐만 아니라 여행에도 가져갈 수 있습니다. 큰 저장 공간은 문서를 정리하고 중요한 파일을 분류할 수 있도록 도와주어 필요할 때 빠르게 찾을 수 있습니다. 물론 아빠를 위한 훌륭한 크리스마스 선물이 될 것입니다. [아코디언 파일 폴더]: 파일을 최대한 보호하기 위해 특수 소재를 사용합니다. Tamfile 파일링 백은 파일의 안전을 보장하면서 원활한 작업 진행과 재산의 안전을 보장합니다! 질문이 있으시면 저희에게 연락해 주시면 문제를 해결하기 위해 최선을 다할 것입니다!","---고품질 지퍼, 양방향 지퍼, 매끄럽고 내구성이 뛰어납니다. ---두 개의 펜 홀더는 작업과 생활을 더 편리하게 만들 수 있도록 설계되었습니다. --- 특수 소재를 사용하여 문서를 보호하고 Tamfile 파일링 백은 문서의 안전을 보장할 뿐만 아니라 작업의 안전과 재산 안전을 보호합니다. ---화재가 발생한 경우, 화염이 파일로 타는 시간을 연장하고 구조 시간을 벌어 보세요. --- 비가 오는 날씨에서는 비가 올 때 파일이 젖는 것에 대해 걱정할 필요가 없습니다. --- 화재 및 방수 소재, 어떤 상황에서도 내부의 내용물을 보호합니다! ---휴대가 간편하고 스트랩이 있어 손을 자유롭게 할 수 있습니다. ---여행, 집, 캠핑, 출장 등에 적합합니다. ---완벽한 디자인으로 많은 편리함을 제공합니다. ---모든 것을 순서대로 보관하세요. 사양: 제품 크기: 36.3cm x 24.9cm 색상: 실버 내화성 방수 소재와 방수 지퍼를 사용하지만 완전히 내화성 및 방수는 아닙니다. 참고: 이 파일 폴더는 물 튀김 방지 기능이 있습니다. 물에 완전히 담그지 마십시오. 파일 가방의 표면 대부분은 내화성 소재로 만들어졌지만 가장자리 자동차 라인 부분과 스트랩 소재는 태울 수 있습니다. 내화성 방수 소재와 방수 지퍼를 사용하되 완전 내화성 및 방수는 아닙니다. 사무실을 위한 최고의 서류 정리함. 모든 것을 정리해보세요. 이 파일 홀더는 사무실에 적합합니다. Tamfile 파일 폴더는 많은 편리함을 제공하여 삶을 편안하고 멋지게 만듭니다.","['파일', '폴더', '화성', '방수', '문서', '지퍼', '보호', '정리', '포켓', '안전']"
사무용품,파일링 제품,확장형 파일,,B0C56YFHY9,"아코디언 파일 오거나이저, 문서 및 종이 분류를 위한 확장 파일 폴더, 가정, 여행 및 사무실용 13포켓 파일 보관 정리함 (퍼플)",Weovepaw,17991,13836,4.5,150.0,"【대용량】13개의 개별 포켓과 최대 350장의 종이를 보관할 수 있는 종이 정리 폴더는 중요한 문서를 정리하고 쉽게 꺼낼 수 있습니다. 【프리미엄 품질】환경 친화적인 PP 소재로 제작된 폴더 정리함은 중성, PVC 프리 및 보관 품질로 문서를 안전하게 보관할 수 있습니다. 또한 방수 및 습기 방지 기능이 있어 종이를 최상의 상태로 유지합니다. 【다채로운 디자인】확장 가능한 파일 폴더는 무지개 색상의 내부 페이지와 작은 색상의 라벨이 있어 쉽게 분류할 수 있어 기능적이고 시각적으로 매력적입니다 【쉬운 사용】신축성 있는 스트링과 버튼 클로저로 폴더를 쉽게 열고 닫을 수 있습니다. 이렇게 하면 작업이 더 편안하고 즐거워지며 모든 사람들이 느슨한 서류를 모두 보관할 수 있습니다. 【다양한 용도】당사의 아코디언 폴더에는 송장, 편지, 종이, 카드, 영수증, 계약서 및 기타 문서를 보관할 수 있습니다. 가정, 사무실, 학교 및 여행용으로 적합합니다. 또한 세련되고 심플한 디자인으로 친구와 가족을 위한 완벽한 선물입니다.",,"['폴더', '종이', '파일', '문서', '정리', '아코디언', '확장', '보관', '여행', '디자인']"
사무용품,파일링 제품,확장형 파일,,B0CZS1ML9R,"BARDOLPH 아코디언 손잡이가 달린 파일 오거나이저, 지퍼가 달린 12포켓 확장 파일 폴더, 멀티 포켓이 있는 파일 폴더 오거나이저, 튼튼한 아코디언 파일 오거나이저 (핑크)",BARDOLPH,52616,52616,4.2,3.0,"[아코디언 디자인 및 간편한 휴대]: 아코디언 파일 오거나이저가 장착되어 중요한 문서를 보관할 수 있도록 확장 가능하며 최대 A4 크기의 문서와 함께 사용하기에 적합합니다. 상단 손잡이로 출퇴근과 출퇴근 및 출퇴근 및 출퇴근 시 쉽게 휴대할 수 있습니다. [업그레이드된 디자인] BARDOLPH의 파일 정리 폴더로 어수선한 파일과 정리에 작별 인사를 하세요. 독특한 디자인으로 편지/A4 파일, 영수증, 카드, USB 드라이브, 펜, 여권 등을 깔끔하게 보관하고 분류할 수 있습니다. 파일 오거나이저를 사용하면 모든 파일을 처리할 수 있는 하나의 오거나이저만 있으면 시간과 비용을 절약할 수 있습니다. 삶을 단순화하고 정리된 상태를 유지하세요. 비용 효율적인 솔루션 비용 효율적인 솔루션 [다중 포켓 및 대용량] 아코디언 파일 오거나이저는 13개의 개별 포켓, 1개의 지퍼 포켓, 1개의 펜 슬롯, 6개의 카드 슬롯, 4개의 작은 메시 백, 4개의 중간 메시 백이 있습니다. 충분한 공간이 있어 중요한 문서 및 기타 물건을 이 아코디언 폴더에 안전하게 보관할 수 있으며 파일을 효과적으로 분류하고 찾을 수 있습니다 [패셔너블] BARDOLPH의 휴대용 파일 가방은 세련된 외관을 가지고 있습니다! 전문적인 복장이나 캐주얼 복장과 짝을 이루든, 파일 팩의 세련된 디자인은 당신을 돋보이게 할 것입니다! 취향을 잃지 않는 단순함, 직장 문화를 쓰는 성공적인 모델. [경량] 당사의 휴대용 파일 키퍼는 가볍고 고성능 소재로 만들어졌으며 인체 공학적 손잡이와 이중 지퍼 디자인이 있어 문서를 쉽게 휴대할 수 있습니다. 폴더 제작의 외관은 간단하고 가벼우며 정교하며 다양한 전문가와 학생들이 사용하기에 적합합니다.","아코디언 파일 오거나이저에는 13개의 개별 포켓, 1개의 지퍼 포켓, 1개의 펜 슬롯, 6개의 카드 슬롯, 4개의 작은 메시 백, 4개의 중간 메시 백이 있습니다. 충분한 공간이 있어 중요한 문서와 기타 물건을 이 아코디언 폴더에 안전하게 보관할 수 있으며 파일을 효과적으로 분류하고 찾을 수 있습니다","['파일', '아코디언', '포켓', '폴더', '휴대', '디자인', '문서', '지퍼', '출퇴근', '오거나이저']"
사무용품,파일링 제품,확장형 파일,,B09PVP525Z,"스티커 라벨이 있는 확장 파일 폴더, 아코디언 파일 폴더 오거나이저, 문서 레터 크기 및 A4 사이즈용 확장 가능한 파일 폴더",CN1ST,11066,11066,4.7,750.0,"파일 폴더, CN1ST 컬러 12포켓 확장 파일 폴더, 태그 및 클로저, 교실, 가정, 사무실 및 여행용 A4 사이즈 및 레터 사이즈 플라스틱으로 제작된 이 컬러 파일 폴더는 방수 및 내구성이 뛰어나 문서, 청구서, 바우처 등을 안전하게 보관할 수 있습니다. 다양한 종류의 태그: 월 태그 및 A to Z 태그가 확장 가능한 파일 폴더에 포함되어 있어 문서를 쉽게 분류하고 찾을 수 있습니다(세금 청구서, 사용자 설명서, 학교 서류 등) 밀봉된 수납 공간: 각 칸의 바닥은 밀봉되어 있어 한 칸의 문서가 다른 칸에 들어가지 않습니다 고품질 소재: 확장 파일 지갑은 중성 및 PVC 프리로 안심할 수 있으며 안전한 보관을 제공합니다",,"['파일', '폴더', '확장', '문서', '태그', '칸', '밀봉', '안전하다', '청구', '가능하다']"
사무용품,파일링 제품,확장형 파일,,B08T9TFBJH,"확장 파일 폴더 아코디언 파일 오거나이저, 포켓 24개, 아코디언 문서 폴더 레터 사이즈, 확장 가능한 파일 박스, 지폐, 영수증 및 종이 정리함 보관 상자, 경량, 휴대용 선택",Fun storage,13836,13836,4.2,855.0,"【휴대성 및 세련됨】: 클래식한 경량 폴더 오거나이저는 최소 약 3.8cm(1.5인치) 두께로 압축할 수 있으므로 작업을 위해 모든 장소를 오가는 여행에 적합합니다. 파일 캐비닛을 완전히 닫았을 때 완벽하게 맞으며 데스크톱에서 서서 사용하기에 적합하지 않습니다. 확장 가능한 파일 폴더의 분할 섹션은 6가지 밝은 색상으로 제공되며 세련되고 아름다우며 작고 가볍습니다. 【내구성 및 안전성】: 확장 파일 오거나이저는 프리미엄 폴리에스터 PP 소재로 만들어져 내구성이 뛰어나고 방수가 되며 안전하고 친환경적이며 휴대가 간편합니다. 커버의 유연성이 업그레이드되어 파일을 닫을 때 쉽게 덮을 수 있으며 중요한 문서를 더 잘 보호합니다. 서류를 안전하고 가깝게 유지할 수 있을 만큼 충분히 길고 유연한 탄성 코드. 【대용량 확장 파일】: 이 우아한 확장 파일 오거나이저는 약 3000장을 담을 수 있는 24개의 개별 포켓을 제공하며 모든 레터 크기 및 작은 용지에 적합합니다. 파일 오거나이저는 각 슬롯의 종이를 실용적인 방식으로 분리하고 정리할 수 있습니다. 또한 펜을 보관할 수 있는 추가 공간이 있습니다. 【쉬운 정리 및 빠른 조회】: 블랙 파일 오거나이저는 특정 색상 슬롯에 파일을 정리하도록 설계되었으며 글자와 월로 라벨이 붙어 있습니다. 표시를 위한 다채로운 스티커 라벨 시트가 함께 제공되어 파일 폴더의 내용을 빠르게 식별할 수 있습니다. 폴더의 귀에 직접 표시할 수도 있습니다. 【다기능】: 폴더 양쪽에 손잡이가 있어 파일 오거나이저를 잡고 이동하기 쉽습니다. 확장 파일 오거나이저는 종이, 영수증, 명함, 바우처, 쿠폰 등과 같은 다양한 문서를 보관할 수 있습니다. 가정, 사무실, 학교 및 여행용으로 적합합니다. 남녀공용.",,"['파일', '폴더', '확장', '정리', '휴대', '문서', '종이']"
사무용품,파일링 제품,확장형 파일,,B0BYCYKFNH,"7개의 포켓이 있는 아코디언 파일 오거나이저 (4팩), TRANBO 레터 사이즈/A4 확장 파일 폴더, 인덱스 탭 포함, 비즈니스 여행 학교 사무실 가정용 확장 가능한 플라스틱 문서 정리함",TRANBO,26301,26301,4.5,33.0,"7개의 포켓 아코디언 파일 오거나이저 - 4개의 휴대용 확장 파일 오거나이저가 제공됩니다. 파일 폴더 사이즈: 13x9.4x0.8인치. 레터 사이즈/A4 용지, 표준 문서 및 파일링에 적합합니다. 파일 폴더 오거나이저 - 아코디언 파일 폴더에는 쉽게 접근할 수 있도록 신축성 있는 끈이 있어 중요한 문서를 양호한 상태로 유지할 수 있어 열고 닫을 때 더 편리하고 시간을 절약할 수 있습니다. 간편한 분할 및 정리 - 이 영수증 오거나이저는 빈 인덱스 라벨이 함께 제공되어 각 슬롯을 분리하고 정리할 수 있습니다. 종이, 파일, 스크립트, 바우처, 쿠폰, 영수증, 청구서 등을 정리하는 데 적합합니다. 안전성 및 내구성 - 프리미엄 PP로 제작된 확장 파일 폴더 오거나이저는 외부 매트 커버는 지문이나 긁힘을 남기지 않는 훌륭한 느낌을 줍니다. 방수 및 우수한 유연성 다양한 용도 - 이 파일 폴더는 여행이나 회의에 휴대할 때 단기 보관에 이상적입니다. 교사, 학생, 의사, 엔지니어, 디자이너, 연구원, 세일즈맨을 위한 훌륭한 조수입니다.",,"['파일', '폴더', '확장', '정리', '오거나이저', '문서', '아코디언', '영수증', '휴대']"
사무용품,파일링 제품,확장형 파일,,B0CJVR94HS,"Blue Summit 확장 데스크 파일, 레터 사이즈, 일일 탭 31개 및 월간 탭 12개",Blue Summit Supplies,30456,30456,4.8,9.0,레터 사이즈(너비 24.9cm(9-7/8인치) x 높이 29.2cm(11-3/4인치) 확장 데스크톱 파일 매월 인덱싱된 12개의 디바이더와 명확한 정리를 위해 매일 인덱싱된 31개의 디바이더 고중량 칸막이는 내구성과 사용 편의성을 위해 확장되는 테이프 강화 아코디언 폴드로 빠르게 접근할 수 있습니다 탭 섹션은 월간(1월-12월) 및 일간(1-31) 인덱스를 보여주며 폴리 강화 탭이 특징입니다 날짜별로 문서를 빠르게 정리하고 책상을 깔끔하게 정리할 수 있습니다,Blue Summit Supplies 확장 데스크 파일은 문서 정리를 위한 체계적인 솔루션을 제공합니다. 일간(1-31) 및 월간(1-12월) 칸막이를 사용하면 날짜별로 종이 관리를 간소화할 수 있습니다. 고중량 칸막이는 내구성과 쉬운 접근을 위해 확장되는 테이프 강화 접힘을 자랑합니다. 각 섹션에는 강화된 탭이 있어 탄력적이고 신속한 파일링 또는 분류를 보장합니다. 날짜별로 문서를 빠르게 정리하고 책상을 어수선하게 유지하세요.,"['확장', '탭', '정리', '파일', '강화', '빠르다', '월간', '날짜', '칸막이', '별로']"
사무용품,파일링 제품,확장형 파일,,B07YG5C7YD,"FANWU 플라스틱 파일 폴더 폴리 봉투 확장 파일 지갑 문서 폴더, 스냅 버튼 잠금, 리갈 사이즈, 5팩 대형 방수 아코디언 파일 파우치 (다양한 색상)",FANWU,22146,22146,4.7,1452.0,"대용량 플라스틱 확장 가능한 파일 폴더: 리갈 사이즈 36.9cm x 26.4cm(14.4인치 x 10.4인치), 일반 A4 용지 / 레터 사이즈 플라스틱 봉투 포트폴리오보다 큽니다. 확장 가능, 최대 2.8인치/7cm, 800페이지의 대용량을 담을 수 있으며 캔버스 천 거싯이 있습니다. FANWU 확장 가능한 폴더 파일 지갑은 큰 책과 문서를 쉽게 휴대할 수 있도록 도와줍니다. 프리미엄 품질: 내구성이 뛰어난 소재와 정교한 바느질 공예로 더 긴 사용 수명과 더 많은 하중을 견딜 수 있습니다. FANWU 플라스틱 봉투 폴더는 고품질의 두꺼운 폴리프로필렌 소재로 만들어졌으며 내마모성 및 부식 방지 특성이 있습니다. 정교한 바느질 공예, 탁월한 솜씨로 강화된 천 박음질로 내구성을 높였습니다. 내구성이 뛰어난 스냅 버튼 및 라벨 카드 슬롯: 스냅 버튼이 있는 고품질의 멋진 투명 문서 폴더. 플라스틱 봉투에는 라벨을 위한 포켓이 있어 문서를 쉽게 구별할 수 있습니다. 반투명에서 볼 수 있습니다: 더 생생하고 밝은 색상의 폴더 가방이지만 여전히 반투명으로 보입니다. 플라스틱 파일 폴더 내부의 내용물을 쉽게 확인할 수 있습니다. 파일 문서 용지 보관을 위한 훌륭한 아이디어: 학교 사무실 가정에서 널리 사용됩니다. 미국 편지, 대형 노트북, 학교 과목, 사무실 문서 파일, 여행용 A4 파일, 명함 및 14인치 노트북이나 아이패드를 안에 넣어 휴대할 수 있습니다.","FANWU 확장 가능한 플라스틱 파일 폴더 폴리 지갑 5팩, 리갈 사이즈(36.8 x 26.6cm(14.4 x 10.4인치) 확장 파일 지갑 대용량 폴리 포켓 봉투 파일 폴더, 스냅 버튼 클로저 및 명함 슬롯 포함 두껍고 유연한 폴리 소재로 잘 만들어진 확장 가능한 파일 폴더는 플랩이 있어 많은 물건을 한 곳에 정리할 수 있습니다. 특징: 더 큰 사이즈 -- 외부 사이즈 36.9 x 26.4cm(14.4 x 10.4인치), 일반 A4 용지보다 큽니다/레터 사이즈 플라스틱 지갑 폴더 봉투 (23.9cm x 31cm(9.4 x 14인치 노트북 또는 아이패드를 안에 넣을 수 있습니다. 더 많은 용량 -- 확장 가능, 최대 2.8인치/7cm, 800페이지의 대용량, 캔버스 천 거싯. 반투명으로 볼 수 있음 -- 더 생생하고 밝은 색상의 폴더 가방이지만 여전히 반투명으로 볼 수 있습니다. 플라스틱 파일 폴더 내부의 내용물을 쉽게 확인할 수 있습니다. 프리미엄 품질 -- FANWU 플라스틱 봉투 폴더는 고품질의 두꺼운 폴리프로필렌 소재로 만들어졌으며 내마모성 및 부식 방지 특성이 있습니다. 정교한 바느질 공예 -- 정교한 바느질 공예, 탁월한 솜씨로 강화된 천 바느질 가장자리를 만들어 내구성을 높였습니다. 내구성 있는 스냅 버튼 -- FANWU 플라스틱 확장 지갑 파일 폴더는 다른 파일 지갑보다 내구성이 뛰어난 스냅 버튼 클로저가 있어 플라스틱 폴더를 휴대할 때 파일을 더 안전하게 만들 수 있습니다. 사양: 확장 사이즈: 36.5x26.5x7cm/14.4'' x 10.4'' x 2.8'' 소재: 폴리/캔버스 천/나일론 무게: 750g 패키지 포함: 1 x 레드 확장 가능한 플라스틱 파일 폴더 노란색 확장 가능한 플라스틱 파일 폴더 1개. 파란색 확장 가능한 플라스틱 파일 폴더 1개. 녹색 확장 가능한 플라스틱 파일 폴더 1개. 주황색 확장 가능한 플라스틱 파일 폴더 1개.","['폴더', '파일', '플라스틱', '확장', '가능하다', '봉투', '지갑', '구성', '문서', '버튼']"
사무용품,파일링 제품,확장형 파일,,B0CH8VHFC1,"4피스 13포켓 확장 파일 폴더, 손잡이 포함, 휴대용 파일 오거나이저, 라벨 포함, A4 레터 사이즈 영수증 확장 가능한 플라스틱 문서 정리함, 사무실 교실용(다크 색상)",Cholemy,23531,24916,4.7,6.0,"13개의 포켓 대용량: 각 패키지에는 약 32.5 x 24.5cm(12.75 x 9.75인치) 크기의 4가지 색상의 라벨이 있는 확장 파일 폴더 4개가 포함되어 있으며, 각 제품에는 13개의 개별 포켓이 있으며 최대 2000장의 종이를 담을 수 있습니다. A4 크기 또는 레터 사이즈 문서 또는 책을 모두 보관할 수 있는 충분한 공간을 제공하여 필요한 모든 물건을 한 곳에서 깔끔하게 보관할 수 있습니다 휴대성 및 편리함: 이 13포켓 확장 파일 폴더는 휴대용 디자인으로 제공되어 휴대가 더욱 편리합니다. 래치 시스템은 잠금 장치의 두 부분을 함께 누르기만 하면 활성화되어 사용자가 문서를 쉽고 효율적으로 보호할 수 있습니다. 또한 다양한 포켓 색상으로 종이 정리 및 분류를 용이하게 할 뿐만 아니라 원하는 것을 쉽게 찾을 수 있습니다 생생한 컬러 라벨: 손잡이가 달린 휴대용 파일 오거나이저에는 패키지의 일부로 컬러 라벨이 함께 제공됩니다. 스타일리시할 뿐만 아니라 실용적이어서 문서를 빠르게 분류하고 식별할 수 있습니다. 이 멀티 컬러 파일 폴더는 정리된 상태를 유지할 뿐만 아니라 일상 생활에 색채를 더하는 방식이 마음에 드실 것입니다 내구성 및 방수 소재: 이 13개의 포켓 휴대용 월간 파일 폴더는 튼튼하고 내구성이 뛰어난 소재인 폴리프로필렌으로 만들어져 수명과 찢어짐에 대한 탄력성을 제공합니다. 소재 구성으로 인해 이 멀티 컬러 파일 폴더는 방수 기능이 있어 실수로 흘리거나 젖은 상태로부터 귀중한 문서를 효과적으로 보호합니다 실용성 및 다용도: 13개의 포켓 폴더 오거나이저는 서류, 청구서, 직장 및 학교 과제, 보고서 문서, 바우처, 영수증, 시험지 등과 같은 다양한 문서 유형을 보관하고 분류하는 데 이상적입니다. 이 실용적인 도구는 가정, 사무실 또는 학교에서 효과적으로 사용할 수 있어 깔끔하고 정리된 데스크톱을 유지하는 데 도움이 됩니다","특징: 각 확장 가능한 파일 폴더에는 안전한 잠금을 위한 견고한 플라스틱 버클이 함께 제공됩니다. 이 편리한 기능으로 운송 중에도 문서를 제자리에 안전하게 보관할 수 있습니다. 작동은 간단합니다. 잠금 장치의 중간 지점을 누르기만 하면 잠금 해제가 가능합니다. 비즈니스 서류를 정리하거나, 학교 과제를 처리하거나, 소중한 사진 컬렉션을 보관하고 싶을 때 이 휴대용 리갈 사이즈 파일 오거나이저는 모든 것을 할 수 있습니다. 다재다능함과 기능성으로 개인 또는 직업 생활에서 질서와 조직을 소중히 여기는 사람들에게 꼭 필요한 제품입니다. 사양: 소재: 폴리프로필렌. 색상: 그림과 같음. 사이즈: 약 32cm x 24.6cm 패키지 구성: 라벨이 있는 문서를 위한 방수 폴더 4개. 참고: 수동 측정, 사이즈에 약간의 오차가 있을 수 있습니다. 화면 디스플레이의 차이로 인해 색상이 약간 다를 수 있습니다.","['파일', '문서', '폴더', '휴대', '포켓', '라벨', '확장', '정리', '구성', '컬러']"
사무용품,파일링 제품,확장형 파일,,B07WCW8WQW,"13포켓 휴대용 확장 파일 폴더, 문서 종이 및 레터 정리용 지퍼 잠금 손잡이가 있는 확장 가능한 아코디언 파일 오거나이저, 방수 옥스포드 캔버스 - 블랙",ManGotree,22090,22090,4.5,1160.0,[옥스포드 원단]: 당사의 문서 정리함은 최고 수준의 방수 옥스포드 캔버스와 PU 가죽으로 만들어져 출생 증명서 및 여권과 같은 중요한 문서와 서류를 긁힘이나 흠뻑 적시는 것으로부터 보호합니다. [13개의 주요 수납 공간]: 아코디언 파일 폴더에는 13개의 내부 대용량 칸막이가 있어 종이나 문서를 빠르게 관리하기에 적합합니다. 또한 전면 지퍼 포켓이 있어 정리해야 하는 다른 물건을 넣거나 꺼낼 때 더 쉽게 사용할 수 있으며 구겨지거나 구부러지지 않습니다. [지퍼 잠금]: 이중 지퍼 디자인으로 확장 가능한 파일 폴더를 매끄럽고 쉽게 당기고 잠글 수 있습니다. 문서는 이 폴더에 안전하게 밀봉되어 있어 잘 보호되므로 문서가 미끄러지거나 떨어지는 것에 대해 걱정할 필요가 없습니다. [인체 공학적 손잡이]: 이 아코디언 파일 폴더의 휴대용 디자인으로 촉감이 부드럽고 무거운 파일을 보관할 수 있습니다. 손을 안전하게 보관할 수 있는 넓은 손잡이 스트랩이 있어 종이를 휴대하거나 가장 효과적인 방법으로 보관할 수 있습니다. [태그 포함]: 종이 아코디언 오거나이저에는 끈적한 색상의 라벨이 포함되어 있어 무엇이든 쓰고 파일 폴더 오거나이저 내부의 풀업 플랩에 올려 원하는 대로 분류할 수 있습니다. 이를 통해 문서를 즉시 식별하여 빠르게 액세스할 수 있습니다. 질문이 있으시면 언제든지 저희에게 연락하시면 최고의 서비스를 제공해 드리겠습니다.,,"['문서', '파일', '폴더', '아코디언', '지퍼', '종이', '확장', '손잡이', '휴대', '옥스포드']"
사무용품,파일링 제품,확장형 파일,,B0C6MK6K4K,"2팩 24포켓 확장 파일 폴더, 커버 라벨 포함, 확장 가능한 커버가 있는 확장 파일 오거나이저, 데스크탑 폴더 레터 A4 용지 문서 보관 정리함 (라이트 블루, 다크 핑크)",Harloon,29071,30456,4.2,16.0,"대형 사이즈: 2개의 스티커가 있는 파일 폴더 2개가 제공됩니다. 파일 폴더는 약 32 x 26.5cm(12.6 x 10.43인치), 두께 4cm(1.57인치), 24개의 개별 포켓으로 디자인되었으며 최대 4,000장 이상의 종이, 풍부한 내용물 및 큰 크기를 담을 수 있습니다. 사용 및 교체 필요 휴대가 간편하고 세련된 디자인: 종이 정리 폴더는 다채롭고 트렌디한 다양한 색상으로 디자인되어 더 나은 시각적 감각을 제공합니다. 이 작은 컬러 탭은 파일을 쉽게 분류할 수 있어 시간과 에너지를 절약하고 휴대가 편리합니다 고품질 소재: 파일 폴더 오거나이저는 고품질 PP 소재로 만들어져 안전하고 신뢰할 수 있으며 쉽게 퇴색, 파손 또는 변형되지 않음, 방수 및 습기 방지 기능이 있어 오랫동안 사용할 수 있어 부드럽고 편안한 사용 경험을 제공합니다 확장 가능한 폴더: 문서 정리함은 확장 가능한 디자인, 사무실, 학교 및 가정을 위한 유용하고 실용적인 액세서리를 채택했으며, 여러 개의 포켓과 수납 공간으로 설계되어 파일이나 문서를 쉽게 정리할 수 있습니다 다양한 용도: 확장 가능한 파일 폴더 오거나이저는 집, 사무실, 학교 또는 여행과 같은 다양한 장소에 적합하며 편지, 종이, 카드, 영수증, 계약서, 문서 등을 정리하고 보관하는 데 사용할 수 있습니다. 친구, 동료 또는 가족과 공유할 수도 있습니다",,"['폴더', '파일', '확장', '정리', '가능하다', '디자인', '문서', '포켓', '종이', '커버']"
사무용품,파일링 제품,확장형 파일,,B0CJVQD12S,"Blue Summit 확장 데스크 파일, 레터 사이즈, 월간 정리용 칸막이 12개",Blue Summit Supplies,20761,20761,5.0,5.0,"레터 사이즈(너비 24.9cm(9-7/8인치) x 높이 29.2cm(11-3/4인치) 확장 데스크탑 파일, 12개의 칸막이가 있는 확장 데스크탑 파일, 날짜별로 깔끔한 종이 정리를 위해 매월 인덱싱됩니다 고중량 칸막이는 내구성과 사용 편의성을 위해 확장되는 테이프 강화 아코디언 폴드로 빠르게 접근할 수 있습니다 탭 섹션은 월간(1월-12월) 인덱스를 보여주고 폴리 강화 탭이 특징입니다 날짜별로 문서를 빠르게 정리하고 책상을 깔끔하게 정리할 수 있습니다",Blue Summit Supplies 확장 데스크 파일은 문서 정리를 위한 체계적인 솔루션을 제공합니다. 매월 12개의 칸막이가 배열되어 날짜별로 종이 관리를 간소화합니다. 고중량 칸막이는 내구성과 쉬운 접근을 위해 확장되는 테이프 강화 접힘을 자랑합니다. 1월부터 12월까지 월별 색인이 각인된 탭 섹션에는 강화된 탭이 있어 탄력적이고 신속한 파일링 또는 분류를 보장합니다. 날짜별로 문서를 빠르게 정리하고 책상을 어수선하게 유지하세요.,"['확장', '정리', '파일', '칸막이', '강화', '날짜', '탭', '별로', '문서', '빠르다']"
사무용품,파일링 제품,확장형 파일,,B0CSJZYS6B,"24 포켓 아코디언 파일 오거나이저, 라벨이 있는 멀티 포켓 확장 파일 오거나이저, 레터 A4 파일 등을 위한 휴대용 확장 파일 폴더",TAOZKAM,29071,29071,4.4,47.0,"넓고 컴팩트함: 저희 아코디언 파일 오거나이저는 포켓 24개, 지퍼 포켓 1개, 카드 슬롯 5개, 작은 메시 백 2개, 지퍼 메시 백 2개, 미디엄 메시 백 4개, 깔끔한 33.5cm x 24cm x 4.6cm(13.25인치 x 9.4인치 x 1.8인치)로 깔끔하게 정리된 메인 포켓 1개를 갖추고 있습니다. 충분한 공간이 있어 중요한 문서와 물건을 쉽게 정리하고 꺼낼 수 있습니다. 한 장장소 실용적인 디자인: TAOZKAM 향상된 파일 정리 폴더로 삶을 쉽게 간소화하세요. 실용적인 디자인으로 편지/A4 파일, 영수증, 카드, USB 드라이브, 펜, 여권 등을 깔끔하게 정리하고 분류할 수 있습니다. 이 효율적인 솔루션으로 시간과 비용을 절약하여 삶을 단순화하고 주문을 쉽게 유지할 수 있습니다 이중 지퍼 및 생생한 라벨: 확장 가능한 파일 폴더 오거나이저로 파일 액세스 및 정리를 단순화합니다. 새로운 섹션의 이중 지퍼로 쉽게 열고 닫을 수 있어 필수 아이템을 잘못 배치하지 않아도 안심할 수 있습니다. 포함된 생생한 라벨로 파일을 쉽게 분류하여 정리 시스템에 색상을 더합니다 타의 추종을 불허하는 보호: 내구성이 뛰어난 폴리프로필렌으로 제작된 확장 파일 폴더는 최대한의 보호를 보장합니다. 방수, 찢어짐 방지 및 보관 품질로 안전하게 보관할 수 있습니다. 조절 가능한 스냅 클로저는 추가적인 보안을 제공하며 두 개의 전면 포켓은 명함이나 메모를 편리하게 보관할 수 있습니다. 탄력성과 실용성을 염두에 두고 조직을 향상시키세요 원활한 만족: 당사는 탁월한 애프터 서비스를 제공하여 모든 문의에 대해 빠르고 전문적인 지원을 보장합니다. 넉넉한 90일 반품으로 번거롭지 않은 쇼핑 경험을 즐기세요. 저희 팀은 서류 정리 정리함을 원활하고 즐겁게 사용할 수 있도록 신속한 응답을 제공하기 위해 최선을 다하고 있습니다. 고객 만족을 지원하기 위해 여기 있습니다",,"['파일', '정리', '포켓', '폴더', '확장', '지퍼', '메시', '실용', '깔끔하다', '백']"
사무용품,파일링 제품,확장형 파일,,B0CNKHZG41,"ENGPOW 아코디언 파일 오거나이저, 멀티 포켓이 있는 내화성 확장 파일 폴더, 손잡이 및 라벨이 있는 13포켓 문서 오거나이저, 레터 A4 파일 등을 위한 휴대용 가정 여행 안전 보관",ENGPOW,41522,41522,4.4,240.0,"고품질 소재: ENGPOW 내화성 아코디언 파일 오거나이저로 파일을 보호하세요. 최대 1,204.4°C(2400°F)의 온도를 견딜 수 있는 3중 가려움 방지 실리콘 코팅 유리 섬유로 제작되었습니다. SGS 테스트(UL94 VTM-0 인증)를 통과했습니다. 내화성 파일 폴더는 내화성 및 방수 기능이 있어 화재, 홍수 및 습한 상태에서 중요한 문서를 효과적으로 보호할 수 있습니다. 날씨 날씨 파일을 그대로 유지합니다. 재해 발생 시 중요한 문서를 저장할 시간을 제공합니다 아코디언 파일 정리: 파일을 보관할 수 있는 안전한 폴더. ENGPOW의 파일 정리 폴더로 어수선한 파일과 정리에 작별 인사를 하세요. 다른 폴더와 비교했을 때, 당사의 내화성 폴더를 사용하면 편지/A4 파일, 영수증, 카드, USB 드라이브, 펜, 여권 등을 안전하고 정돈된 방식으로 깔끔하게 보관하고 분류할 수 있습니다. 일상적인 파일 정리 및 보관에 적합합니다. 먼지가 없는 소재는 먼지가 폴더 외부에 달라붙는 것을 방지하고 항상 깔끔하고 깔끔하게 유지합니다. 대용량: 36.1 x 26.4 x 5.1cm(14.2 x 10.4 x 2인치), 다른 폴더와 비교했을 때, 당사의 아코디언 파일 오거나이저는 모든 보관 요구 사항을 충족할 수 있는 다층 디자인을 채택했습니다. 여기에는 라벨이 있는 아코디언 포켓 13개(각각 3cm(1.2인치)까지 확장), 지퍼 포켓 1개, 펜 슬롯 2개, 카드 슬롯 6개, 작은 메시 백 4개, 중간 메시 4개가 포함되어 있습니다. 1 메인 포켓. 중요한 문서 및 기타 품목을 이 내화성 확장 파일 폴더에 안전하게 보관할 수 있으며 파일을 효과적으로 분류하고 찾을 수 있습니다. 혁신적인 인간화 디자인: 필요한 모든 것을 쉽게 휴대할 수 있는 튼튼한 손잡이가 있는 디자인. 편리하게 열고 닫을 수 있는 이중 지퍼가 있어 중요한 문서를 잃어버릴 염려가 없습니다. 포함된 다채로운 라벨로 파일을 쉽게 분류할 수 있습니다. 내화성 파일 폴더는 비즈니스, 여행, 사무실, 학교, 가정 보관에 적합하며 중요한 문서를 안전한 장소에 100% 확신할 수 있습니다. 신뢰할 수 있는 애프터 서비스: 응급 상황 발생 시 당사의 내화성 아코디언 파일 오거나이저 폴더는 내화성 금고보다 가볍고 휴대가 간편하며 빠르게 잡고 이동할 수 있습니다. 귀중품을 보호하기 위해 고객에게 최고의 제품만을 선물하고 싶습니다. 품질에 문제가 있으면 언제든지 저희에게 알려주십시오. 즉시 교체 또는 100% 환불을 약속드립니다. 24시간 이내에 응답할 준비가 되어 있습니다. 귀하의 제안은 제품 업그레이드에 큰 영향을 미칩니다.",,"['파일', '폴더', '화성', '아코디언', '문서', '포켓', '보관', '중요하다', '안전하다', '정리']"
사무용품,파일링 제품,확장형 파일,,B07PQH2LWB,"24포켓 확장 파일 폴더, 커버 포함, 아코디언 파일 오거나이저 휴대용 A4 레터 사이즈 파일 박스, 대용량 플라스틱 색종이 문서 오거나이저 파일 폴더 오거나이저",VICNOVA,16606,16606,4.6,1797.0,"구매자의 사용 경험에 따라 업그레이드하여 커버를 추가하고 커버의 유연성을 향상시켜 파일 폴더를 더 많은 파일에 넣어도 덮을 수 있습니다. 당사의 파일 폴더는 중요한 문서를 더 잘 보호합니다. 확장 가능한 파일 오거나이저에는 A4/레터 사이즈 용지를 안정적으로 분할할 수 있도록 24개의 분리된 포켓이 있습니다. 각 포켓은 넉넉한 공간을 제공하며 총 파일 폴더는 25.4cm(10인치)까지 확장되어 대용량을 제공합니다. 특정 색상 슬롯에 파일을 정리할 수 있는 무지개 색상 디자인과 글자 및 월 다채로운 탭으로 라벨이 붙어 있어 파일을 쉽게 정리하고 분류할 수 있습니다. 손으로 쓴 라벨을 추가할 수도 있습니다. 종이, 영수증, 명함, 바우처 등과 같은 다양한 문서를 널리 보관하고 관리하세요. 가정, 사무실, 학교 및 여행용으로 적합합니다. 100% 위험 부담 없는 구매 서비스. vicnova 구매에 만족하지 못하셨다면 질문 없이 환불 또는 교체를 제공하게 되어 매우 기쁩니다. 위험 부담 없이 오늘 주문하세요",,"['파일', '폴더', '커버', '포켓', '확장', '문서', '추가', '라벨', '위험', '정리']"
사무용품,파일링 제품,확장형 파일,,B0CJT8DHQL,"Blue Summit 확장 책상 파일, 레터 사이즈, 일상 정리용 칸막이 31개, 25PT 블루 프레스보드 확장 책상 파일, 데일리 1-31, 레터 사이즈, 블루",Blue Summit Supplies,30456,29071,4.5,7.0,"레터 사이즈(너비 24.9cm(9-7/8인치) x 높이 29.2cm(11-3/4인치)) 확장 데스크탑 파일, 31개의 칸막이가 있는 확장 데스크탑 파일, 날짜별로 깔끔한 종이 정리를 위해 매일 인덱싱됩니다 고중량 칸막이는 내구성과 사용 편의성을 위해 확장되는 테이프 강화 아코디언 폴드로 빠르게 접근할 수 있습니다 튼튼한 25PT 프레스보드 커버와 강화된 스파인이 문서를 안전하게 유지합니다 탭 섹션은 일간(1-31) 인덱스를 보여주며 폴리 강화 탭이 특징입니다 날짜별로 문서를 빠르게 정리하고 책상을 깔끔하게 정리할 수 있습니다",Blue Summit Supplies 확장 데스크 파일은 문서 정리를 위한 체계적인 솔루션을 제공합니다. 31개의 칸막이가 숫자로 배열되어 있어 날짜별로 종이 관리가 간소화됩니다. 고중량 칸막이는 내구성과 쉬운 접근을 위해 확장되는 테이프 강화 접힘을 자랑합니다. 일일 인덱스가 각인된 탭 섹션에는 탄력적이고 신속한 파일링 또는 분류를 보장하는 강화 탭이 있습니다. 이 견고하고 강화된 정리 도구로 날짜별로 문서를 빠르게 정리하고 문서를 안전하게 보관하세요.,"['확장', '정리', '강화', '파일', '칸막이', '문서', '별로', '탭', '날짜', '빠르다']"
사무용품,파일링 제품,확장형 파일,,B0CC587CLK,"아코디언 파일 오거나이저, 13포켓 내화성 확장 파일 폴더, 멀티 포켓, 휴대용 비즈니스 화재 안전 보관 문서 오거나이저 폴더, 문서 및 파일용 지퍼 포함",Hontom,41383,41383,4.5,373.0,"내화성 안전 보호: 아코디언 파일 오거나이저는 3중 고품질 난연성 가려움 방지 실리콘 코팅 유리 섬유로 만들어져 최대 1,093.3°C(2000°F)까지 견딜 수 있습니다. 문서 오거나이저는 화재 발생 시 중요한 문서를 최대한 안전하게 보호합니다. 중요한 문서 오거나이저는 매우 가벼워 비상 상황에서 들고 다닐 수 있습니다 문서를 안전하고 질서 있게 보관: 중요한 문서를 주름 없이 보관할 수 있을 만큼 충분히 큽니다. 확장 파일 오거나이저에는 출생 증명서, 여권, 은행 카드, U 접시, 토지 및 재산 제목, 최신 세금 신고, 졸업장 등과 같은 다양한 유형의 문서를 보관할 수 있는 여러 칸이 있습니다. 내부 펜 홀더는 펜을 제자리에 고정하는 데 사용됩니다. 문서를 작성하거나 계약서에 서명하면 빠르게 찾을 수 있습니다 문서 분류를 위한 다채로운 태그: 내화성 파일 폴더는 사무실에 없어서는 안될 필수 요소입니다. 다채로운 태그는 변호사, 회계사, 준비자 및 사업가가 빠르게 성장하는 파일을 분류하고 필요한 것을 빠르게 찾을 수 있도록 도와줍니다. 파일 폴더 오거나이저는 가장 중요한 문서를 깔끔하고 정돈된 상태로 보관할 수 있습니다. 집에서 사무실 방식으로 적용하여 모기지 문서를 한 곳에 보관하거나 영수증을 보관할 수 있습니다. 세금 시즌에 대한 세금 시즌의 to master paper management is endless 휴대용 및 안전한 보관: 중요한 종이와 파일을 매일 안전하게 보관할 수 있는 경량 휴대용 용기를 찾고 있습니다. 특히 비상 대피 시나리오 중 EZ 운송에 적합합니다. 중요한 문서 정리함이 확실히 그 요구를 충족하는 것으로 보입니다. 중요한 문서의 안전한 보관 및 전송이 필요할 때 성공적으로 작동하기 위해 비교적 안전하고 논리적이며 사용하기 편리한 예방 시스템입니다 신뢰할 수 있는 애프터 서비스: 안심하고 구매하세요. 당사의 문서 정리 폴더에 만족하지 못하셨다면 다시 보내주시면 아무 질문 없이 환불해 드립니다. 언제든지 메시지를 보낼 수 있으며, 모든 문제를 해결할 준비가 된 놀라운 팀원 중 한 명으로부터 빠르고 친절한 답변을 받으실 수 있습니다. 오늘 중요한 문서를 보호하세요 - ""장바구니에 담기""를 클릭하고 확장 가능한 파일 폴더 오거나이저로 소지품을 안전하게 보관할 수 있습니다",,"['문서', '파일', '중요하다', '안전하다', '폴더', '보관', '빠르다', '세금', '보호', '휴대']"
사무용품,파일링 제품,확장형 파일,,B0CR5SD3SJ,"아코디언 파일 오거나이저, A6 확장 가능한 휴대용 폴더, 17.8 x 11.4cm(7 x 4.5인치) 탭 및 체크 케이스가 있는 13개의 포켓, 영수증, 카드, 쿠폰, 가정 및",WMHNEI,9681,9681,4.5,13.0,"✔고품질 소재: 내구성이 뛰어난 방수 및 찢어짐 방지 폴리 파일로 문서를 보호하며 쉽게 깨지거나 변형되지 않습니다. ✔간편한 휴대: 사이즈: 17.8 x 11.4 x 1.8cm(7 x 4.5 x 0.7인치), 13개의 포켓 확장 가능한 영수증 송장 쿠폰 오거나이저는 어디에나 휴대할 수 있어 사무실 및 출장에 좋은 도우미입니다. ✔튼튼한 디자인 안전성: 내장된 파일 분리 레이어는 유연하여 파일이 구겨지지 않습니다. 신축성 있는 스트링과 버튼 클로저가 있는 전면 플랩은 내부 용지가 떨어지는 것을 방지합니다. ✔기능 및 용도: 일상적인 서류 정리 및 보관, 명함, 영수증, 송장, 바우처, A6 용지 등에 적합합니다. 분류하는 데 도움이 되는 작은 색상의 라벨을 따라 휴일 문서를 깔끔하게 정리할 수 있습니다. ✔애프터 서비스: 13개의 포켓과 작은 색상 라벨로 문서를 효과적으로 분류할 수 있습니다. 폴더에 대해 궁금한 사항이나 필요 사항이 있으시면 언제든지 저희에게 연락하십시오. 24시간 고객 서비스를 제공합니다.",,"['파일', '휴대', '문서', '영수증', '포켓', '가능하다', '쿠폰', '서비스', '송장', '방지']"
사무용품,파일링 제품,확장형 파일,,B093Q1H1QF,"대형 아코디언 파일 오거나이저, 24포켓 리갈 파일 폴더, 리갈/레터/A4 사이즈 용지, 영수증, 청구서, 중요 문서용 확장 파일 폴더",Yoassi,29071,29071,4.5,372.0,"【대형 아코디언 파일 정리함】- 5.1cm(2인치)에서 52.1cm(20.5인치)까지 확장 가능한 Yoassi 확장 파일 폴더는 최대 4000장의 리걸/레터 / A4/A5/A6/A7/A8 사이즈 용지를 담을 수 있으며 파일을 쉽게 액세스할 수 있습니다. 【법률/편지 용지의 향상된 크기】- 대부분의 알파벳 파일 폴더는 법률 용지에 맞지 않으므로 길이를 38.6cm(15.25인치), 높이 25.4cm(10인치)까지 확장하여 라벨이 문서에 의해 차단되지 않도록 했습니다. 【두꺼운 포켓 및 쉘】- 전통적인 아코디언 폴더는 고주파 사용 중에 찢어지기 쉽습니다. Yoassi 24개의 내부 포켓의 두께를 0.1cm(0.04인치)까지 보강하여 두께가 0.01cm(0.001인치)인 아마존에서 판매되는 일반 파일 폴더보다 44% 두껍습니다. 【추가 탭 및 스티커】- 전면에 있는 64개의 스티커 및 카드 홀더가 파일을 편리하게 분류할 수 있습니다. 【중요 문서 정리함】- 법률 서류, 세금 영수증, 청구서, 대출 서류, 지시서, 증서 파일, 학생의 과제 등을 분류하는 데 도움이 되는 조수.",,"['파일', '폴더', '확장', '용지', '문서', '아코디언', '포켓', '법률', '스티커', '서류']"
사무용품,파일링 제품,확장형 파일,,B0CN62LPMQ,"12 포켓 아코디언 파일 오거나이저, 업라이트 및 오픈 탑, 다채로운 탭, 대용량 확장 파일 폴더, 레터/A4 사이즈, 학교, 가정 및 사무실, 교실 필수품",esteemsea,13836,13836,4.6,54.0,"수직 및 확장 가능 - 아코디언 파일 오거나이저, 포켓 12개, 멀티 컬러 탭, 오픈 탑, 레터/A4 사이즈 대용량 및 공간 절약 - 포켓 12개, 풀 사이즈 확장 상단 및 하단, 원하는 만큼 작거나 큰 파일로 유연하게 확장 및 축소할 수 있습니다 쉬운 액세스 - 커버와 바구니 없음, 오픈 탑 및 다채로운 탭, 월 순서대로 파일 코딩 독립형 - 폴리프로필렌(PP) 소재로 더 두껍고 견고하며 내구성이 뛰어납니다. 서랍, 옷장, 캐비닛 또는 책상에 완벽하게 서 있습니다 팁: 파일 정리함을 균형있게 유지하려면 부피가 큰 파일을 한쪽에만 보관하지 마십시오. (채워진 폴더를 다른 장소로 자주 옮기는 데 적합하지 않습니다)",,"['파일', '확장', '포켓', '오픈', '탑', '탭', '아코디언', '오거나이저', '폴더']"
사무용품,파일링 제품,확장형 파일,,B0CYQ2J9ND,"Accordian 손잡이가 있는 파일 오거나이저, 지퍼 및 라벨이 있는 폴더, 레터 A4 파일용 멀티 포켓 종이 폴더가 있는 12포켓 확장 파일 폴더 | 영수증 등 (핑크)",KaAutoler,51231,51231,,,".아코디언 디자인과 간편한 휴대: 아코디언 파일 오거나이저가 장착되어 있어 중요한 문서를 보관할 수 있도록 확장 가능하며 최대 A4 크기의 문서와 함께 사용하기에 적합합니다. 상단 손잡이로 출퇴근과 출퇴근 및 출퇴근 및 출퇴근 시 쉽게 휴대할 수 있습니다. 여러 개의 포켓과 대용량: 아코디언 파일 정리 가방에는 파일 폴더를 확장하는 12개의 포켓이 있습니다. 뒷면의 수납 공간에는 느슨한 물건이나 노트 패드를 보관할 수 있으며, 카드 펜 홀더와 노트북 패드 홀더는 펜, 카드, 책 노트 및 노트북을 보관할 수 있습니다. 편리한 디테일: 외부 포켓을 부착하여 휴대폰, 여권, 신분증, 은행 카드, 펜, 현금, 동전 등에 적합합니다. 문서 폴더에는 독특한 이중 지퍼 디자인과 휴대용 손잡이가 있습니다. 이 디자인은 파일을 더 잘 보존하고 휴대하기 쉽도록 설계되었습니다. 휴대용 파일 폴더에는 분류 라벨이 있어 문서를 정리하는 데 도움이 됩니다. 디자인 업그레이드로 기능이 향상되었습니다. 더 이상 단순한 아코디언 폴더가 아니라 비즈니스 거래에 필요한 다기능 분류 저장 폴더이기도 합니다. 패셔너블함: 저희 휴대용 파일 가방은 세련된 외관을 가지고 있습니다! 전문적인 복장이나 캐주얼 복장과 짝을 이루든, 파일 팩의 세련된 디자인은 당신을 돋보이게 할 것입니다! 취향을 잃지 않는 단순함, 직장 문화를 쓰는 성공적인 모델.",더 이상 단순한 아코디언 폴더가 아니라 비즈니스 거래에 필요한 다기능 분류 저장 폴더이기도 합니다. 아코디언 파일 오거나이저가 장착되어 있어 중요한 문서를 보관할 수 있도록 확장 가능하며 최대 A4 크기의 문서와 함께 사용하기에 적합합니다. 상단 손잡이로 출퇴근과 출퇴근 및 출퇴근 및 출퇴근 시 쉽게 휴대할 수 있습니다.,"['폴더', '파일', '출퇴근', '휴대', '문서', '아코디언', '디자인', '포켓', '확장', '손잡이']"
사무용품,파일링 제품,확장형 파일,,B0C4SVPJ3R,"확장 파일 폴더, 손잡이가 있는 아코디언 파일 오거나이저, 13 포켓 아코디언 파일 폴더, 휴대용 파일 박스 확장 가능한 문서 정리함, 홈 스쿨 사무실 서류 작업 문서 종이 보관용",Fun storage,20761,20761,4.5,40.0,"【뛰어난 휴대성 및 안전한 잠금】: 다른 파일 폴더와 비교했을 때, 확장 파일 폴더는 길이 조절 가능한 어깨끈과 손잡이로 설계되어 매우 큰 용량과 휴대성을 제공합니다. 나일론 더블 숄더 스트랩과 튼튼한 ABS 버클은 탁월한 바닥 지지력과 확장성을 제공합니다. 고정식이든 이동하든 크고 안전한 사용 공간이 있습니다. 【초대형 보관 용량】: 폴리 파일 폴더는 총 1500장의 종이를 담을 수 있으며 안정적인 파티션을 위한 13개의 개별 포켓을 제공합니다. 포켓에는 손으로 쓴 라벨을 추가할 수 있도록 탭이 있어 각 섹션을 즉시 식별하여 빠르게 꺼낼 수 있습니다. 각 포켓은 넉넉한 공간을 제공하며 2.2cm(7/8인치)까지 확장됩니다. 숙제부터 프레젠테이션 문서 또는 가정 기록 및 영수증에 이르기까지 확장 가능한 파일 폴더가 있습니다. 【업그레이드된 커버 및 스타일】: 아코디언 폴더의 커버 두께는 1 1/5mm로 다른 폴더보다 20% 두껍습니다. 새로운 탄소 섬유 패턴의 폴리프로필렌 플라스틱으로 제작되었으며, 방수 기능이 있으며 얼룩과 긁힘 방지 기능이 있어 중요한 종이를 보호합니다. 풀 사이즈 플랩은 추가적인 보호 레이어를 제공하며 운반 중에 보관된 물건을 제자리에 단단히 고정하는 데 도움이 됩니다. 【쉬운 정리 및 빠른 조회】: 컬러 파일 상자에는 알파벳 A-Z용 인쇄 라벨과 월간 1-12월 필기용 빈 라벨이 함께 제공됩니다. 이 아코디언 파일 오거나이저는 모든 종이 작업을 잘 분류하고 독특한 인덱싱 라벨로 중요한 문서를 빠르게 식별할 수 있도록 도와줍니다. A4 또는 레터 사이즈 시트에 적합합니다. 【다기능 적용】: 확장 파일 오거나이저는 다양한 문구, 사무용품, 학교 서류, 수업 과제, 숙제, 청구서, 명세서, 영수증, 바우처, 송장 및 가정 용품을 완벽하게 보관할 수 있습니다. 학교, 직장 또는 가정에 이상적입니다.",,"['파일', '폴더', '확장', '종이', '아코디언', '문서', '포켓', '빠르다', '휴대', '가능하다']"
사무용품,파일링 제품,확장형 파일,,B0CWQXYS74,"13포켓 확장 파일 폴더, 포트폴리오 아코디언 파일 오거나이저, A4 레터 사이즈, 학생, 가정, 사무실 및 여행용 TFDLCG zm 종이 문서 영수증 폴더(블루)",TFDLCG zm,15221,15221,4.6,37.0,"클립보드가 있는 대용량: 아코디언 파일 오거나이저는 13개의 투명 포켓, 1개의 대각선 내부 포켓이 있으며 최대 300장의 종이를 담을 수 있습니다. 클립보드가 내장되어 있어 중요한 문서를 정리하고 쉽게 쓰고 서명하고 메모를 할 수 있는 넓고 안전한 공간을 제공합니다. 탭이 있는 확장 가능한 포켓: 파일 재킷에는 13개의 확장 가능한 개별 포켓이 있어 다양한 문서를 섹션으로 깔끔하게 분류할 수 있습니다. 탭 인서트가 있어 각 파일에 라벨을 붙이고 쉽게 찾을 수 있어 지저분함 없이 모든 것을 순서대로 정리할 수 있습니다. 내구성 및 방수: 다양한 섹션과 클립보드로 폴더를 확장하는 파일 오거나이저는 고품질 PP로 만들어져 강하고 유연하며 찢어짐 방지 및 내구성이 뛰어납니다. 방수 및 습기 방지 소재로 중요한 문서를 깨끗하게 유지할 수 있습니다. 독특하고 신축성 있는 버클: 이전 폴더 오거나이저에서 신축성 있는 스트링 버튼 클로를 업그레이드하여 사용자가 쉽게 열고 닫을 수 있습니다. 작업을 더 편안하고 즐겁게 만들어 주며, 모든 사람들이 느슨한 서류를 모두 보관할 수 있습니다. 다기능 및 세련됨: 저희 아코디언 파일 폴더는 가정, 사무실, 학교 및 여행에 적합하며 송장, 편지, 카드, 영수증, 계약서 등을 보관할 수 있습니다. 세련되고 미니멀한 디자인으로 가족과 친구들에게 완벽한 선물입니다.",,"['파일', '포켓', '폴더', '문서', '확장', '클립보드', '아코디언', '구성', '가정', '방수']"
사무용품,파일링 제품,확장형 파일,,B0CP6C24ZK,"26포켓 확장 파일 폴더 - 업그레이드된 내구성 있는 버클, 인체 공학적 휴대용 손잡이가 있는 베이스/대형 A4 레터 사이즈 확장 가능한 파일 오거나이저/아코디언 파일 문서 (블랙)",Jimm,24916,24916,4.1,10.0,"✔ 【새로운 버전】새로운 파일 오거나이저는 커버와 최대 26개의 포켓을 추가하여 기존 파일 오거나이저를 기반으로 업데이트되어 더 많은 문서를 안전하게 수집할 수 있습니다. ✔ 【엄청난 볼륨】파일 오거나이저는 각 슬롯의 용지를 분리하고 정리하여 잘 유지합니다. 제품 사이즈: 15.27''X 10.51''/ 38.8X 26.7CM. 확장 가능한 특성으로 약 3500장의 리갈 사이즈 시트를 담을 수 있습니다. ✔ 【쉬운 정리 및 빠른 조회】무지개 색상 파일 오거나이저는 특정 색상 슬롯에 파일을 정리할 수 있도록 설계되었으며 글자 및 월 태그로 라벨이 붙어 있어 필요한 종이를 빠르게 찾을 수 있습니다. ✔ 【프리미엄 소재】고품질의 내구성이 뛰어난 폴리프로필렌(PP) 소재(무독성 및 비방사성). 친환경. 균열과 변형이 쉽지 않습니다. ✔ 【다기능】확장 파일 오거나이저는 종이, 영수증, 명함, 바우처, 쿠폰 등과 같은 다양한 문서를 보관할 수 있습니다. 가정, 사무실, 학교 및 여행용으로 적합합니다. 남녀공용.","26포켓 확장 파일 폴더 - 업그레이드된 내구성 있는 버클, 인체 공학적 휴대용 손잡이가 있는 베이스/대형 A4 레터 사이즈 확장 가능한 파일 오거나이저/아코디언 파일 문서","['파일', '확장', '문서', '포켓', '정리', '가능하다', '구성', '베이스', '버클', '대형']"
사무용품,파일링 제품,확장형 파일,,B096TY5JXS,"캔버스 확장 파일 오거나이저, 컬러 라벨이 있는 방수 아코디언 파일 오거나이저, A4 사이즈, 손잡이가 있는 13포켓 파일 폴더, 비즈니스 문서 가방 서류 가방 방수 원단(블랙)",BTFLKNS,17935,17935,4.4,187.0,"【소재】: 프리미엄 방수 캔버스 소재, 쉽게 부러지거나 변형되지 않으며 내구성이 뛰어나 장시간 사용할 수 있습니다. 대용량, 약 550장의 종이를 담을 수 있으며, 튼튼한 손잡이는 약 2.5kg(5.5파운드)까지 견딜 수 있습니다. 【13개의 포켓 대용량】: 내화성 및 방수 문서 가방에는 13개의 독립적인 포켓, 태그 슬롯이 있어 일상적인 파일과 종이를 쉽게 보관할 수 있습니다. 【다양한 용도】: BTFLKNS 캔버스 확장 파일 오거나이저는 파일, 영수증, 카드, 쿠폰, 인증 등을 보관할 수 있습니다. 대용량 확장 파일 폴더는 고정 사무실/홈 파일 정리 및 보관에 이상적입니다. 【제품 사이즈】: 35.5 x 29 x 4.5cm(13.97 x 11.4 x 1.8인치) 550장 A4 또는 레터 사이즈 문서를 보관할 수 있습니다. 문서를 선택하는 동안 확장 가능한 13개의 포켓이 있어 파일에 쉽게 액세스할 수 있습니다. 【BTFLKNS 서비스】: 저희 서비스는 90일 100% 전액 환불 보장, 친절한 24시간 고객 서비스를 제공합니다. 문제가 있으시면 저희에게 연락하십시오. 문제를 해결하는 전문 팀이 있습니다. 아마존 프라임으로 지금 안전하고 안전하게 주문하세요",,"['파일', '확장', '포켓', '방수', '문서', '서비스', '캔버스', '가방', '폴더', '오거나이저']"
사무용품,파일링 제품,확장형 파일,,B0CB9Q7B1F,"손잡이가 있는 확장 파일 폴더, 25포켓 아코디언 파일 오거나이저 확장 가능, 휴대용 확장 가능한 파일 박스, 문서 용지 청구서 영수증용 탭이 있는 튼튼한 아코디언 파일 오거나이저, 다이아몬드",MARATI,23531,23531,4.4,55.0,"✔【우수성】 두꺼운 스트랩은 파일 오거나이저의 뚜껑에 잘 박음질되어 있으며 상단에 손잡이가 있으며 뚜껑은 아름다운 버클로 하단에 연결되어 폴더가 즉시 다르게 보입니다. 많은 양의 문서를 파일 폴더에 보관할 때 모든 중요한 문서를 쉽게 제거할 수 있으며 버클은 파일의 안전을 보호하는 데 적합하며 전통적인 아코디언 파일 오거나이저에서 성공적으로 업그레이드되었습니다. ✔【주요 섹션】파일 폴더 오거나이저의 뚜껑은 연장선과 조절 가능한 운반 손잡이로 설계되었습니다. 파일 폴더의 내부는 점점 더 많은 문서를 넣을 때 원하는 대로 완벽한 위치로 완전히 확장하고 조정할 수 있습니다. 유용하고 패셔너블한 확장 파일 폴더입니다. ✔【안전한 소재】확장 가능한 파일 폴더는 고품질 폴리프로필렌과 폴리에스터로 만들어졌으며 다른 파일 폴더보다 20% 이상 두껍습니다. 데스크톱에 독립적으로 세울 수 있어 쉽게 깨지거나 변형되지 않습니다. 100% 방수, 무독성, 냄새 없음, 마모 방지, 찢어짐 및 습기 방지. ✔【확장 및 대용량】25가지 색상 포켓 파일 폴더는 A4 용지 및 레터 크기에 적합하며 중요한 파일과 문서를 쉽게 보관하고 정리할 수 있습니다. 접이식 사이즈는 33x24.1x7.6cm(13x9.5x3인치)이며 7.6cm(3인치)에서 68.6cm(27인치)까지 확장할 수 있습니다. 문서 정리함의 각 포켓은 3.3cm(1.3인치)까지 확장할 수 있습니다. 약 4000장 이상의 시트를 담을 수 있습니다. ✔【다양한 용도】파일 캐비닛 파일 수업, 학생을 위한 숙제, 중요한 문서, 청구서, 영수증, 사업가를 위한 종이, 파일 요리 메뉴, , 파라던트 설명서(한글이 아닐 수 있음). 필요한 모든 문서를 집, 학교, 도서관, 회의실로 쉽게 휴대할 수 있습니다 ✔【위험 부담 없음】24시간 온라인 서비스, 모든 소비자의 질문에 적시에 답변합니다. 어떠한 이유도 없이 반품을 받아들이고 만족하지 못한 제품에 대해서는 100% 환불을 받을 수 있습니다.",,"['파일', '폴더', '확장', '문서', '중요하다', '아코디언', '손잡이', '포켓', '가능하다', '뚜껑']"
사무용품,파일링 제품,확장형 파일,,B07X4DPKCS,"확장 파일 폴더 - 6팩 아코디언 파일 오거나이저, 5개의 포켓 문서 아코디언 폴더 및 168피스 파일 폴더 라벨 학교 및 사무실용",STUs,26148,26148,4.8,1007.0,"고품질: 확장 파일 폴더는 내구성이 뛰어난 폴리프로필렌(PP) 소재로 만들어졌으며 무독성, 방수, 두꺼운 플라스틱으로 찢어지지 않습니다. 아코디언 폴더는 반복적인 마모를 견딜 수 있습니다. 변형되지 않습니다. 큰 용량: 아코디언 파일 오거나이저는 32.5 x 24 cm/12.8 x 9.4 인치로 A4 크기와 레터 사이즈 용지에 적합하며 아코디언 폴더는 확장 가능하여 최대 150-200장의 종이를 담을 수 있습니다. 탁월한 디자인: 확장형 파일 폴더에는 5개의 확장 가능한 포켓이 있어 중요한 문서나 서류를 정리하고 보관할 수 있으며 깔끔하게 유지할 수 있습니다. 문서를 안전하게 보관할 수 있는 스냅 버튼 클로저가 있습니다. 가족을 위한 완벽한 크리스마스 선물. 추가 선물: 168개의 파일 폴더 라벨이 있는 6개의 꽃 프린트 아코디언 폴더를 받게 됩니다. 빈 파일 폴더 라벨은 파일 폴더의 내용을 빠르고 편리하게 식별하는 데 도움이 되며 학생들이 각 학교 과목을 구별할 수 있습니다. 용도: 확장 파일 폴더는 가정, 사무실, 학교 또는 비즈니스용으로 적합합니다. 친구, 교사 또는 가족을 위한 선물로 좋습니다. 확장 가능한 파일 폴더는 매일 사용하기에 매우 편리합니다.",,"['폴더', '파일', '확장', '아코디언', '라벨', '문서', '선물', '가능하다', '학교']"
사무용품,파일링 제품,확장형 파일,,B0D4P8DTSD,"Accordian 파일 오거나이저, 12포켓 밀짚 확장 파일 폴더, 월간 지폐 영수증 오거나이저, 100% BPA 프리, 자연으로 돌아가기, 건강한 생활, 레터/A4 사이즈 - 스트로베리 핑크",EcoStash,20761,20761,4.3,21.0,"【밀짚 소재】Ecostash의 밀짚 아코디언 파일 오거나이저는 BPA 프리로 플라스틱 및 종이 파일 폴더에 비해 안전하고 건강합니다. 플라스틱 및 종이 걸이 폴더와 달리, 밀짚 소재는 재생 가능한 농업 폐기물에서 공급되어 석유 화학 플라스틱 및 산림 벌목에 대한 의존도를 줄입니다. 이는 온실 가스 배출을 줄이는 데 도움이 되며 지구의 생태를 보호하는 데 공동적으로 기여합니다. 【자연스러운 색상 선택】EcoStash 밀짚 확장 파일 폴더는 독특한 질감과 외관을 가지고 있습니다. 민트 그린, 스카이 블루, 밀 옐로우, 스트로베리 핑크의 4가지 색상으로 제공됩니다. 다양한 색상을 사용하면 문서를 쉽게 정리하고 구별할 수 있습니다. 뛰어난 미학으로 일상적인 사용 시 자연의 숨결을 경험할 수 있으며 문서 정리 및 보호에 독특한 스타일을 더합니다. 【독특한 컬러 라벨】밝은 탈착식 컬러 라벨이 장착된 탭은 선명하고 읽기 쉬워 한 눈에 찾을 수 있습니다. 컬러 라벨에는 미리 인쇄된 월 라벨과 빈 라벨이 포함되어 있어 분류 및 식별 요구 사항을 더욱 지원합니다. 【완벽한 확장】아코디언 디자인은 사용 중에 충분한 확장 공간을 보장하여 더 많은 파일을 저장할 수 있으며 사용하지 않을 때 탄성 밴드로 압축 및 고정할 수 있어 수명을 위한 더 많은 공간을 제공하고 편리함을 향상시킵니다. 유연한 커버와 두 개의 신축성 있는 밴드로 내부에 몇 개의 파일이 있더라도 폴더를 안전하게 닫을 수 있습니다. 【인생을 더 재미있게 만들어주세요】EcoStash 폴더는 단순한 폴더가 아닙니다. 시트, 티셔츠, 생활 설명서(한글이 아닐 수 있음), 레시피, 삽화, 건강 보고서, 비닐 시트 및 기타 물건을 보관하는 데에도 사용할 수 있습니다. 다양한 색상으로 다양한 기분을 생생하게 만듭니다. 작은 것들이 삶을 더 단순하게 만듭니다.",,"['폴더', '파일', '밀짚', '라벨', '확장', '컬러', '독특하다', '플라스틱', '프리', '오거나이저']"
사무용품,파일링 제품,확장형 파일,,B0CLD46QDM,"플랩 및 신축성 있는 코드 클로저가 있는 확장 파일 지갑 10개, 변호사, 은행가 문서 종이 사무실용, 확장 가능한 확장 파일 폴더, 8.9cm(3-1/2인치) 확장, 리갈 사이즈, 브라운",Chuangdi,88626,88626,,,"다용도 패키지: 각 패키지에 플랩과 신축성 있는 코드 클로저가 있는 확장 파일 지갑 10개를 배송하여 조직을 최적화하는 것이 그 어느 때보다 쉬워졌습니다. 이 세트는 상당한 종이 트레일을 다루는 기업과 개인에게 상당한 보관 기능을 제공합니다 이상적인 크기 및 넉넉한 공간: 40 x 28cm(15.7 x 11인치), 8.9cm(3-1/2인치) 확장으로 약 800장의 법적 크기 시트를 안전하게 보관할 수 있습니다. 이 풍부한 저장 용량으로 다양한 문서 유형에 적합하며 많은 양의 서류를 정리해야 하는 사람들을 수용할 수 있습니다 고품질 소재: 견고한 크래프트 종이로 제작된 8.9cm(3.5인치) 확장 확장 가능한 파일 폴더는 내구성과 수명을 자랑합니다. 브라운 색상은 독특하고 전문적인 외관을 부여하여 차별화됩니다. 이 신뢰할 수 있는 소재는 정기적인 취급에 필요한 수명을 제공하며 전문적인 설정이나 개인적인 사용에 이상적입니다 풍부한 디자인: 확장 가능한 갈색 파일 폴더에는 문서를 효율적으로 분류할 수 있는 4개의 슬롯이 있습니다. 이제 개인 또는 사무실 요구 사항에 맞는 합리적인 방식으로 문서를 분류할 수 있습니다. 법률 회사, 사무실, 학교 및 공부방에 이상적인 선택입니다 향상된 보호: 이 확장 파일 지갑의 리갈 사이즈의 디자인에는 신축성 있는 코드 클로저가 있는 플랩이 포함되어 있습니다. 이 기능은 문서를 보호할 뿐만 아니라 잠재적인 손상으로부터 보호합니다. 이 추가적인 보안 수준은 중요한 문서를 보관할 때 안심할 수 있습니다","특징: 전문 오거나이저: 당사의 확장 파일 폴더는 신뢰할 수 있는 문서 정리가 필요한 변호사, 회계사, 은행가 및 전문가들 사이에서 선호되는 도구입니다. 메모, 중요한 문서 및 지폐를 깔끔하게 정리함으로써 확장되는 파일 지갑은 작업 공간을 보다 효율적이고 깔끔한 환경으로 바꿔줍니다. 파일 지갑으로 책상에 질서를 더하세요. 약간의 방수: 완전 방수는 아니지만 확장 파일 포켓은 어느 정도의 방수 기능을 제공합니다. 부수적인 물 노출을 견딜 수 있어 소중한 문서를 물로 인한 손상으로부터 보호합니다. 참고: 물에 장시간 노출되면 파일 지갑의 보호 품질에 영향을 줄 수 있습니다. 사양: 소재: 크라프트지 색상: 브라운 사이즈: 약 15.7 x 11인치/40 x 28cm, 3-1/2인치 확장 패키지 구성: 확장 파일 지갑 10개. 참고: 수동 측정, 사이즈에 약간의 오차가 있을 수 있습니다. 화면 디스플레이의 차이로 인해 색상이 약간 다를 수 있습니다.","['확장', '파일', '문서', '지갑', '보호', '폴더', '패키지', '종이', '정리', '전문']"
사무용품,파일링 제품,확장형 파일,,B0C27XRBLZ,"EOOUT 확장 파일 폴더, 13포켓 레터 사이즈 아코디언 파일 오거나이저, 라벨 포함, 블랙 휴대용 폴더 문서 보관, 사무실 및 학교 용품",EOOUT,8296,8296,4.4,67.0,"패키지 구성: 이 파일 폴더 정리 키트에는 13개의 포켓 폴더 1개와 라벨 스티커 1장이 포함되어 있습니다. 폴더는 24.9 x 32.5cm(9.8 x 12.8인치)이며 미국 레터 사이즈 문서에 적합합니다. 프리미엄 제작: 고품질 폴리프로필렌(PP) 소재로 제작되었습니다. 이 아코디언 파일 오거나이저는 두껍고 견고하며 강하며 방수 기능이 있습니다. 대용량: 이 블랙 파일 폴더에는 안정적인 파티션을 위한 13개의 개별 포켓이 포함되어 있으며 모든 파일을 깔끔하게 정리할 수 있습니다. 이 정리함은 650장 이상의 종이를 담을 수 있습니다. 한 곳에서 더 이상 파일 저장에 대해 걱정할 필요가 없습니다. 휴대용 디자인: 폴더는 가볍고 휴대가 간편합니다. 스냅 버튼 잠금 디자인으로 파일이 떨어지는 것을 방지합니다. 언제든지 가지고 다닐 수 있습니다. 다양한 용도: 이 파일 홀더는 다양한 종류의 문서, 바우처, 종이, 카드, 영수증, 그림 작업 등을 보관할 수 있습니다. 가정, 사무실, 학교 및 여행에도 완벽한 문서 정리함입니다.",,"['파일', '폴더', '문서', '정리', '휴대', '포켓', '아코디언', '라벨', '디자인', '제작']"
사무용품,파일링 제품,확장형 파일,,B0D4Q9CPWQ,"Accordian 파일 오거나이저, 26포켓 밀짚 확장 파일 폴더, 월간 청구서 영수증 오거나이저, A-Z 탭, 100% BPA 프리, 자연으로 돌아가기, 건강한 생활, 레터/A4 사이즈 - 민트 그린",EcoStash,23531,23531,4.4,22.0,"【밀짚 소재】Ecostash의 밀짚 아코디언 파일 오거나이저는 BPA 프리로 플라스틱 및 종이 파일 폴더에 비해 안전하고 건강합니다. 플라스틱 및 종이 걸이 폴더와 달리, 밀짚 소재는 재생 가능한 농업 폐기물에서 공급되어 석유 화학 플라스틱 및 산림 벌목에 대한 의존도를 줄입니다. 이는 온실 가스 배출을 줄이는 데 도움이 되며 지구의 생태를 보호하는 데 공동적으로 기여합니다. 【자연스러운 색상 선택】EcoStash 밀짚 확장 파일 폴더는 독특한 질감과 외관을 가지고 있습니다. 민트 그린, 스카이 블루, 밀 옐로우, 스트로베리 핑크의 4가지 색상으로 제공됩니다. 다양한 색상을 사용하면 문서를 쉽게 정리하고 구별할 수 있습니다. 뛰어난 미학으로 일상적인 사용 시 자연의 숨결을 경험할 수 있으며 문서 정리 및 보호에 독특한 스타일을 더합니다. 【독특한 컬러 라벨】밝은 탈착식 컬러 라벨이 장착된 탭은 선명하고 읽기 쉬워 한 눈에 찾을 수 있습니다. 컬러 라벨에는 사전 인쇄된 A-Z 라벨과 빈 라벨이 포함되어 있어 분류 및 식별 요구 사항을 더욱 지원합니다. 【완벽한 확장】아코디언 디자인은 사용 중에 충분한 확장 공간을 보장하여 더 많은 파일을 저장할 수 있으며 사용하지 않을 때 탄성 밴드로 압축 및 고정할 수 있어 수명을 위한 더 많은 공간을 제공하고 편리함을 향상시킵니다. 유연한 커버와 두 개의 신축성 있는 밴드로 내부에 몇 개의 파일이 있더라도 폴더를 안전하게 닫을 수 있습니다. 【인생을 더 재미있게 만들어주세요】EcoStash 폴더는 단순한 폴더가 아닙니다. 시트, 티셔츠, 생활 설명서(한글이 아닐 수 있음), 레시피, 삽화, 건강 보고서, 비닐 시트 및 기타 물건을 보관하는 데에도 사용할 수 있습니다. 다양한 색상으로 다양한 기분을 생생하게 만듭니다. 작은 것들이 삶을 더 단순하게 만듭니다.",,"['폴더', '파일', '밀짚', '라벨', '확장', '컬러', '독특하다', '플라스틱', '프리', '종이']"
사무용품,파일링 제품,확장형 파일,,B07F7X6W7C,"BTSKY 확장 파일 폴더 - 13 포켓 소형 아코디언 파일 폴더 확장 가능한 카드 티켓 홀더 파일 보관 폴더 체크 지폐 파일 폴더 플라스틱 비즈니스 문서 정리함 지갑 케이스, 카키",BTSKY,12451,12451,4.6,1147.0,"소재: 고품질 플라스틱 소재 (무독성 및 비방사성), 쉽게 파손되거나 변형되지 않음 사이즈: 26cm x 3cm x 13.5cm (10.25인치 x 1.25인치 x 5.35인치), 카드 쿠폰 영수증 세금 품목 또는 변경 확인 문서를 매일 제출하고 보관하는 데 적합합니다 대용량: 13개의 확장 포켓, 쉬운 분할 및 인덱싱 휴대용 디자인: 인체 공학 휴대용 디자인으로 휴대가 더 편안합니다 이 소형 휴대용 대용량 파일 폴더는 사무실 생활에 도움이 됩니다. 심플한 디자인으로 패셔너블하고 엄숙합니다. 사무실, 가정, 학교 등에 적합합니다","BTSKY 확장 파일 폴더 - 카드, 영수증, 쿠폰 및 티켓용 휴대용 아코디언 파일 오거나이저 지갑 오거나이저는 삶을 더욱 체계적으로 정리할 수 있도록 도와줍니다. 쿠폰, 유료 청구서, 스탬프 봉투 등을 정리할 수 있습니다. 쉽고 깔끔하며 휴대가 간편합니다. 특징: --PP 소재(무독성 비방사성)로 제작된 다기능 아코디언 파일 폴더는 안전하고 환경 친화적입니다. --멀티 포켓 디자인으로 문서를 관리하고 사용하기 쉽습니다. 인체 공학적 휴대용 디자인, 패셔너블하고 휴대가 쉽습니다. --대용량 파일 폴더는 사무실 생활에 도움이 됩니다. 매트한 질감으로 더욱 편안하고 내구성이 뛰어난 변형이 가능합니다. --실용적이고 새로운 디자인, 견고하고 편리하며 파일을 더 안전하고 안전하게 유지합니다. 13개의 포켓 디자인으로 문서를 더 쉽게 요약할 수 있어 작업 효율성을 높입니다. --폴더는 더 넓고 실용적이며 카드 쿠폰 영수증 세금 품목 또는 변경에 적합합니다. 소재: 폴리프로필렌(PP) 소재(무독성 및 비방사성) --PP 소재는 환경 보호이며 PVC(저렴하고 유독한) 소재보다 단단하여 파일을 쓰거나 읽기에 편리합니다. 치수: 10.3""(길이) x 2.8cm(너비) x 5.5""(높이) 패키지 포함: 1 x 휴대용 아코디언 파일 폴더","['파일', '폴더', '휴대', '디자인', '확장', '문서', '아코디언', '카드', '포켓', '쿠폰']"
사무용품,파일링 제품,확장형 파일,,B006YC7UWO,"Smead 보호 플랩과 코드 클로저가 포함된 확장형 파일 폴더, 8.9cm(3.5인치) 확장, 레터 사이즈(너비 29.84 x 높이 24.1cm), 빨간색 끈, 박스 당 10개(72088)",SMEAD,45940,45940,4.4,710.0,"많은 문서를 편리하고 안전하게 운반할 수 있도록 설계된 이 폴더는 이동 중에도 문서를 깔끔하게 정리할 수 있는 완벽한 솔루션입니다. 신축성 있는 코드 클로저가 있는 플랩으로 보호 및 보안을 강화하여 어디에나 파일을 휴대할 수 있습니다. 아코디언 스타일 측면은 8.9cm(3.5인치)까지 확장됩니다. 이중 두께의 전면 및 후면 패널. 전체 높이 거싯은 상단의 찢어짐 방지 소재로 보강해 내구성을 강화했습니다. 보호 플랩과 코드 클로저가 포함된 레터 사이즈(너비 29.84 x 높이 24.1cm) 확장형 파일 폴더 10개. 30% 재활용 소재, 30% 소비자 사용 후 재료를 포함하고 있으며 SFI 소싱 인증을 받았습니다.","많은 문서를 편리하고 안전하게 운반할 수 있도록 설계된 이 폴더는 이동 중에도 문서를 깔끔하게 정리할 수 있는 완벽한 솔루션입니다. 신축성 있는 코드 클로저가 있는 플랩으로 보호 및 보안을 강화하여 어디에나 파일을 휴대할 수 있습니다. 아코디언 스타일 측면은 8.9cm(3.5인치)까지 확장됩니다. 이중 두께의 전면 및 후면 패널. 전체 높이 거싯은 상단의 찢어짐 방지 소재로 보강해 내구성을 강화했습니다. 보호 플랩과 코드 클로저가 포함된 레터 사이즈(너비 29.84 x 높이 24.1cm) 확장형 파일 폴더 10개. 30% 재활용 소재, 30% 소비자 사용 후 재료를 포함하고 있으며 SFI 소싱 인증을 받았습니다./혁신과 품질이라는 풍부한 유산./효율적인 문서 관리를 위한 솔루션을 제공하는 세계 최고의 공급업체인 Smead는 고품질의 환경 책임적인 제품 및 혁신적인 조직 시스템으로 잘 알려진 여성 소유 회사입니다. Smead는 한 세기가 넘도록 하나의 목적만을 위해 헌신해왔습니다./깔끔하게 정리하세요!","['확장', '파일', '플랩', '보호', '클로저', '폴더', '문서', '강화하다', '솔루션', '정리']"
사무용품,파일링 제품,확장형 파일,,B09PF281K3,"36 포켓 아코디언 파일 오거나이저, 확장 파일 폴더, 서류 폴더, 확장 가능한 A4/레터 사이즈 폴더, 아코디언 문서 오거나이저, 휴대용 종이/청구서/영수증 폴더, A-Z 빈 탭 2개 포함",Trinidad,33226,33226,4.4,51.0,"【쉬운 정리 및 빠른 설치】 무지개 색상 파일 오거나이저는 특정 색상 슬롯에 파일을 정리할 수 있도록 설계되었으며 글자와 월별 다채로운 탭으로 라벨이 붙어 있습니다. 저장하려는 파일의 유형과 위치를 빠르게 식별할 수 있으며 해당 파일을 빠르고 쉽게 찾을 수 있습니다. 【초고용량】오버사이즈 사이즈로 종이, 사용 설명서(한글이 아닐 수 있음) 등이 가능합니다. 페이지 구김이 적어 파일링할 수 있습니다. 이 문서 폴더에는 36개의 포켓이 있어 약 3000장 이상의 종이를 담을 수 있습니다. 모든 A4 크기와 레터 크기에 적합하며 많은 양의 문서를 매일 파일링 및 보관할 수 있습니다. 【두껍고 확장 가능한 파일 포켓】아코디언 폴더는 내구성이 뛰어난 플라스틱과 환경 친화적인 소재로 만들어졌으며 내부 파티션은 부드럽고 쉽게 손상되지 않으며 유연성이 뛰어나며 방수 기능이 있으며 쉽게 깨지거나 변형되지 않으며 파일을 보호하기 위해 파일을 양호한 상태로 유지합니다. 박스 폴더에 넣어도 안전합니다! 【다기능】폴더 양쪽에 손잡이가 있어 파일 오거나이저를 쉽게 잡고 이동할 수 있습니다. 확장 파일 상자에는 문서, 영수증, 청구서, 송장, 명함, 바우처, 쿠폰 등과 같은 다양한 파일을 저장할 수 있습니다. 가정, 사무실, 학교 및 여행에 적합하며 작업을 쉽고 즐겁게 만듭니다. 【완벽한 디자인】바닥의 확장으로 용량을 늘릴 수 있으며 테이블 위에 세울 수도 있습니다. 박스 파일에는 카드, 펜, 눈금자 등을 넣을 수 있는 특수 메시 백이 있습니다. 크기: 33 x 30 x 23.5cm/13 x 11.8 x 9.3인치. 무게: 560g. 색상: 블랙 & 무지개 색상의 내부","지저분한 책상이나 사무실 또는 집에서 산악 문서를 위해 두통을 겪는 경우, 이 확장 파일 폴더가 최고의 선택이 될 것입니다. 확장 가능한 파일 폴더는 시중의 파일 폴더의 모든 장점을 기반으로 설계되었습니다. 확장되는 36개의 포켓은 오래된 고대 파일을 두꺼운 외부로 대체했습니다. 인체 공학적 핸들 구멍은 파일 오거나이저를 확장하는 데 더 나은 지지력을 제공하는 것을 목표로 합니다. 하단이 확장되는 아코디언 디자인은 추가 용량을 제공하며 데스크톱에서 스스로 설 수 있는 기능을 제공합니다. 비즈니스 파일, 휴일 문서, 바우처, 카드 및 쿠폰 등을 깔끔하게 정리할 수 있으며 가정, 사무실, 학교 및 여행을 위한 완벽한 파일 오거나이저입니다. 라벨이 있는 태그 백은 파일을 순서대로 분류하므로 원하는 것을 쉽게 찾을 수 있습니다. 특징: 소재: 700D 폴리에스터 + 폴리프로필렌 (PP) 소재 색상: 무지개 사이즈: 33 X 30 X 23.5cm/13 X 11.8 X 9.3인치(길이*너비*높이) 무게: 560g 제품 구성: 파일 폴더 1개 컬러 라벨 2개","['파일', '폴더', '확장', '문서', '가능하다', '아코디언', '포켓']"
사무용품,파일링 제품,확장형 파일,,B0B2LLSS6R,"Uquelic 26포켓 확장 파일 폴더 - 업그레이드된 내구성 있는 버클, 인체 공학적 휴대용 손잡이가 있는 베이스/대형 리갈 사이즈 확장 가능한 파일 오거나이저/아코디언 파일 문서",Uquelic,42921,42921,3.5,12.0,"✔【프리미엄 PP 소재로 제작】 26개의 확장 가능한 블랙 폴더는 고품질 PP 소재로 만든 투명 포켓이 있는 니트 패턴이 있습니다. 더 나은 보호를 위해 가장자리가 덮여 있습니다. ✔【 업그레이드된 버클 및 인체 공학적 손잡이】구형 회전 버튼 버전에서 업데이트된 버클로 내구성이 뛰어나고 실용적입니다. 견고한 휴대용 손잡이는 출장에 이상적입니다. ✔【 26 포켓 대용량 】파일 오거나이저에는 각 슬롯의 종이를 분리하고 정리할 수 있는 26개의 리갈 사이즈 칸이 있습니다. 제품 사이즈: 15.16''x 11.42''x 3.54''/ 38.5x 29x 9CM. 쉽게 분류할 수 있는 다채로운 태그/라벨. ✔【 180° 확장 가능한 아코디언 폴더 】 강력한 구조의 유연한 확장 아코디언 파일 오거나이저. 쉽게 사용할 수 있도록 내부 그립 핸들이 함께 제공됩니다. ✔【 완벽한 비즈니스 파트너】이 확장 파일 폴더 케이스는 종이, 파일, 스크립트, 노트북, 바우처, 쿠폰, 영수증, 청구서 등을 정리하는 데 적합합니다. 가정, 사무실, 학교 및 여행용으로 적합합니다.",,"['파일', '확장', '폴더', '아코디언', '버클', '손잡이', '포켓', '가능하다', '학적', '종이']"
사무용품,파일링 제품,확장형 파일,,B0CQ7N6K1W,"아코디언 지퍼 라벨이 있는 파일 오거나이저, 멀티 포켓, 확장 파일 폴더, 포트폴리오 보관, 사무실 레터 A4 파일, 블랙",Jacng,34888,34888,4.8,16.0,"확장 파일 폴더 포트폴리오 백: 12탭 파일이 있는 다기능 포트폴리오 스토리지, 중요한 일상 기본 문서를 모두 보관할 수 있는 13개의 개별 포켓. (레터 및 A4 크기의 용지 또는 기타 티켓, 송장에 적합), 확장 파일 폴더는 최대 400개의 레터 크기 또는 A4 용지를 깔끔하게 보관할 수 있습니다. 내구성이 뛰어난 튼튼한 소재: 내구성이 뛰어난 폴리에스터 및 폴리프로필렌으로 제작된 확장형 파일 폴더 포트폴리오 백은 튼튼하고 찢어지지 않습니다. 전체 지퍼 클로저로 문서를 안전하게 유지하고 확장 파일 오거나이저로 파일 정리함을 쉽게 꺼낼 수 있습니다 비즈니스를 위한 휴대용 디자인: 2개의 추가 디자인으로 출장 시 폴더를 휴대할 수 있습니다. 전면 지퍼 포켓에는 펜, 휴대폰, 명함, 신분증 또는 편리한 티켓과 같은 액세서리를 보관할 수 있습니다. 그리고 뒷면의 넓은 이중 레이어 수하물 스트랩은 여행 비즈니스를 위한 수하물에 완벽하게 맞습니다. 대용량 포트폴리오 보관 케이스: 34.9 x 25.4 x 5.5cm(13.9 x 10.4 x 2.1인치) 크기, 아코디언 파일 오거나이저 지퍼 포트폴리오 백은 일상적인 문서와 파일을 넣을 수 있을 만큼 큽니다. 펜, 카드 휴대폰, I 패드, 다양한 문서 및 기타 물건을 위한 여러 개의 포켓. 완벽한 비즈니스 선물: 확장 파일 폴더는 사무실 문서 보관을 위한 전문적인 디자인이며, 비즈니스, 은행, 금융 기관, 비즈니스 여행자 또는 교육에서 일하는 사람들에게 꼭 필요한 제품입니다. 질문이 있으시면 언제든지 저희에게 연락하십시오.",,"['파일', '확장', '폴더', '포트폴리오', '문서', '비즈니스', '포켓', '지퍼', '백', '디자인']"
사무용품,파일링 제품,확장형 파일,,B0838XNSMB,"Uquelic 26포켓 확장 파일 폴더 - 업그레이드된 내구성 있는 버클, 인체 공학적 휴대용 손잡이가 있는 베이스/대형 A4 레터 사이즈 확장 가능한 파일 오거나이저/아코디언 파일 문서",Uquelic,40151,40151,4.5,899.0,"✔【프리미엄 PP 소재로 제작】 26개의 확장 가능한 블랙 폴더는 고품질 PP 소재로 만든 투명 포켓이 있는 니트 패턴이 있습니다. 더 나은 보호를 위해 가장자리가 덮여 있습니다. ✔【 업그레이드된 버클 및 인체 공학적 손잡이】구형 회전 버튼 버전에서 업데이트된 버클로 내구성이 뛰어나고 실용적입니다. 견고한 휴대용 손잡이는 출장에 이상적입니다. ✔【 26 포켓 대용량 】파일 오거나이저에는 26개의 A4/레터 사이즈 칸이 있어 각 슬롯의 종이를 분리하고 정리할 수 있습니다. 제품 사이즈: 13.15''x 11''x 3.94''/ 33.4x 28x 10CM. 쉽게 분류할 수 있는 다채로운 태그/라벨. ✔【 180° 확장 가능한 아코디언 폴더 】 강력한 구조의 유연한 확장 아코디언 파일 오거나이저. 쉽게 사용할 수 있도록 내부 그립 핸들이 함께 제공됩니다. ✔【 완벽한 비즈니스 파트너】이 확장 파일 폴더 케이스는 종이, 파일, 스크립트, 노트북, 바우처, 쿠폰, 영수증, 청구서 등을 정리하는 데 적합합니다. 가정, 사무실, 학교 및 여행용으로 적합합니다.",,"['파일', '확장', '폴더', '아코디언', '버클', '손잡이', '포켓', '가능하다', '학적', '종이']"
사무용품,파일링 제품,확장형 파일,,B0B9NB89PW,"Credibility 아코디언 파일 폴더 오거나이저, 2팩 수직 확장 플라스틱 파일 폴더 백, 7개의 포켓 및 라벨 포함, A4 레터 사이즈 종이 문서용, 번지 클로저, 35 x 24.9cm(13.8 x 9.84인치)",Credibility Store,24916,24916,4.5,31.0,"【확장 가능 및 대용량】 파일 오거나이저는 각 슬롯의 용지를 분리하고 정리할 수 있습니다. 제품 사이즈: 길이: 13.78"" / 35cm, 높이: 9.84"" / 25cm, 너비: 1.3"" / 3.3cm. 제품 무게: 356.4g. 【칸막이 라벨 디자인】 2팩 7포켓 알파벳 파일로 주제별로 정리할 수 있습니다. 라벨 인서트가 있는 코드 칸으로 각 파일에 라벨을 붙이고 쉽게 찾을 수 있으며 파일을 효과적으로 분류하고 찾을 수 있습니다. 확장 파일은 단일 파일 폴더보다 훨씬 많은 수의 시트를 담을 수 있습니다. 【고품질 소재】프리미엄 친환경 PP 플라스틱 소재, 무산성, PVC 프리 및 보관 품질로 제작되어 안전한 보관을 제공합니다. 방수 및 습기 방지 소재로 문서를 양호한 상태로 유지하고 쉽게 깨지거나 변형되지 않습니다. 방수 및 습기 방지 소재로 중요한 문서를 깨끗하게 유지할 수 있습니다. 【휴대용 및 안전한 디자인】 이전 폴더 오거나이저에서 신축성 있는 스트링 및 버튼 클로저를 업그레이드하여 사용자가 쉽게 열고 닫을 수 있습니다. 칸막이가 있는 아코르디안 파일 키퍼는 작업을 더 편안하고 즐겁게 만들어 주며, 모든 사람들이 느슨한 서류를 모두 보관할 수 있습니다. 【다양한 용도】확장되는 아코디언 폴더에는 공과금, 송장, 편지, A4 용지, 카드, 영수증, 계약서 및 기타 문서를 보관할 수 있습니다. 가정, 사무실, 직장, 학교 및 여행용으로 적합합니다. 이 확장 파일 폴더는 쉽게 정리할 수 있으며, 세련되고 심플한 디자인은 교사, 학생, 의사, 엔지니어, 디자이너, 연구원, 세일즈맨, 친구 및 가족을 위한 최고의 선물입니다.",,"['파일', '폴더', '확장', '문서', '라벨', '정리', '디자인', '방수', '칸막이', '아코디언']"
사무용품,파일링 제품,확장형 파일,,B0BBPXXDZX,"Enday 아코디언 파일 오거나이저, 13 포켓 확장 파일 및 커버 폴더, 라벨 포함, 플라스틱 휴대용 데스크탑 용품 레터 A4 용지(2팩)",Enday,21453,21453,4.6,97.0,"✓ 설명 - 아코디언 파일 오거나이저로 파일을 쉽게 정리하고 찾을 수 있습니다. 중요한 서류, 영수증, 명함, 바우처, 쿠폰 등과 같은 문서를 보관할 수 있는 좋은 장소입니다. 빠르게 사용할 수 있도록 데스크톱에 둘 수 있습니다. ✓품질 - 이 알파벳 파일 폴더는 고객 만족을 위해 고품질 폴리에스터 및 폴리프로필렌 플라스틱으로 제작되었습니다. 소재는 내구성이 뛰어나고 깨지지 않으며 모양이 변형되지 않습니다. 방수 뚜껑과 안전하고 신축성 있는 밴드 클로저가 있는 파일 홀더는 내부 내용물을 안전하게 보관합니다. ✓사양 - 13개의 포켓과 확장 가능한 커버가 있는 알파 파일 폴더 오거나이저는 정돈된 직장, 학교 및/또는 가정 생활을 깔끔하게 할 수 있습니다. 350장의 A4 레터 사이즈 시트를 수용할 수 있습니다. 컴팩트한 디자인으로 운반이 쉽습니다. ✓디자인 - 슬림한 바디로 제작되어 사무실 파일 폴더를 쉽게 옮길 수 있습니다. 폴더에 투명한 명함 슬롯이 있습니다. 작은 라벨 슬롯이 있어 파일을 분류할 수 있습니다. A-Z, 월 및 빈 인서트 라벨이 제공되어 소비자가 문서를 효율적으로 찾을 수 있습니다. ✓저희는 항상 등급을 만듭니다 - Enday는 학습의 기쁨을 선사합니다. 당사의 초점은 6가지 다양한 색상으로 학용품을 제공하여 학교 용품을 조화롭게 조정하여 원하는 재미있고 시크한 룩을 얻을 수 있도록 하는 것입니다. 교실에 색상과 생명을 불어넣습니다. Enday는 학생과 선생님들이 동의하는 한 가지 일입니다. 우수한 품질과 최고의 고객 지원에 실망시키지 않을 것입니다.",,"['파일', '폴더', '라벨', '슬롯', '아코디언', '문서', '제작', '명함', '디자인', '커버']"
사무용품,파일링 제품,확장형 파일,,B0CZ6X7CDC,"아코디언 파일 오거나이저, 12포켓 확장 파일 폴더, 빈 라벨이 있는 레터 A4 사이즈 문서 홀더, 학교, 가정 및 사무실용 휴대용 월간 종이 청구서 세금 영수증 정리함",Timart,13836,13836,4.8,8.0,"【12포켓 월간 파일 오거나이저】: Timart 아코디언 파일 오거나이저로 문서 관리를 간소화하세요. 월간 정리를 위해 제작된 12개의 포켓이 특징이며, 청구서, 세금, 영수증 및 송장과 같은 필수 서류를 보호하기 위한 최고의 솔루션입니다. 글자 크기에 적합합니다. 【충분한 용량】: 확장 가능한 월간 오거나이저는 최대 35.6cm(14인치)까지 늘어나며 1년 이상의 문서를 수용할 수 있는 동시에 안정성을 제공합니다. 내구성을 염두에 두고 제작되어 보관 요구 사항에 맞는 수명과 견고함을 보장합니다. 【손쉬운 사용】: 밝고 다채로운 탭과 빈 라벨로 문서에 빠르게 액세스할 수 있습니다. 선명도는 쉽게 읽을 수 있도록 보장하여 파일을 방해하지 않고 신속하게 검색할 수 있습니다. 【안정성 및 휴대성】: 넘어지지 않고 책상에 단단히 세울 수 있도록 설계된 오거나이저는 휴대가 간편하면서도 안정성을 제공합니다. 책상, 캐비닛 또는 기타 선호하는 위치 사이에서 원활하게 전환할 수 있습니다. 【최적의 보호 및 내구성】: 내구성이 뛰어난 와이프 클린 폴리프로필렌으로 제작된 오거나이저는 문서를 최대한 보호합니다. 방수 및 찢어짐 방지 구조로 수명을 보장하며, 중성, PVC 프리 및 보관 품질의 소재로 안전한 보관을 보장합니다. 또한, 조절 가능한 스냅 클로저는 보안을 강화하며, 두 개의 전면 포켓은 명함, 프로젝트 제목 또는 메모를 위한 추가 공간을 제공합니다.",,"['파일', '문서', '포켓', '월간', '보장', '제작', '안정', '휴대', '보호', '보관']"
사무용품,파일링 제품,확장형 파일,,B09JN1Q642,8포켓 레터 A4 종이 플라스틱 확장 가능한 파일 폴더 스냅 클로저 아코디언 문서 오거나이저 학교 사무실 가정용 (블랙),LAVRCJ,6911,6911,4.6,142.0,"견고하고 내구성이 뛰어난 폴더: 내구성이 뛰어난 폴리 소재로 제작된 파일 폴더는 방수 및 찢어짐 방지 성능을 제공하며 내부 문서와 종이를 잘 보호할 수 있습니다. 대용량 휴대용 파일 매니저: 플라스틱 확장 가능한 파일 폴더의 외부 크기는 32.5cm x 23.5cm x 2.2cm(12.75인치 x 9.25인치 x 0.85인치)로 가볍고 휴대가 간편합니다. 8개의 포켓은 최대 200페이지를 담을 수 있으며 A4 사이즈 용지와 레터 크기에 맞습니다. 카테고리별 정리: 폴더에 8개의 포켓과 7개의 탭 창이 있어 파일을 제자리에 넣고 카테고리별로 정리할 수 있습니다. 또한, 일치하는 라벨 카드는 파일을 쉽게 찾을 수 있도록 실제 필요에 따라 표시할 수 있습니다. 안전한 스냅 잠금: 아코디언 폴더는 세련되고 심플한 삼각형 커버 스냅 클로저 디자인을 채택하여 저장된 물건을 제자리에 단단히 고정하고 파일이 쉽게 떨어지지 않도록 합니다. 다용도: LAVRCJ 8 포켓 확장 폴더 아코디언 파일 오거나이저는 가정, 사무실, 학교 및 개인용으로 이상적인 선택이며, 생일 선물, 기념품, 웨딩 플래너로 문서, 바우처, 지폐를 정리할 수 있습니다.",,"['파일', '폴더', '포켓', '문서', '스냅', '확장', '아코디언', '정리', '휴대', '종이']"
사무용품,파일링 제품,확장형 파일,,B07GC9NTC1,"Better Office Products 수직 확장 포켓 6 포켓 백팩 파일, 1개, 레터 사이즈, 쉬운 백팩 액세스, 다양한 색상의 포켓 및 탭, 다양한 색상, 색상은 다를 수 있음 - 레드, 블루 또는 블랙",Better Office Products,11066,11066,4.3,167.0,"6개의 포켓/5개의 탭과 큰 버튼과 신축성 있는 코드 클로저가 있는 수직 폴리 확장 파일, 21.6 x 27.9cm(8.5 x 11인치) 문서에 맞습니다 상단 21.6cm(8.5인치) 측면을 따라 열면 백팩을 쉽게 넣고 꺼낼 수 있습니다 다양한 색상에는 블랙, 블루, 레드 색상이 포함됩니다. 무작위로 선택한 파일 색상 1개가 배송됩니다 옐로우, 블루, 그린, 레드, 오렌지 색상의 포켓과 탭으로 색상별로 정리할 수 있습니다 필기 접착 탭 라벨 포함","6개의 포켓/5개의 탭과 큰 버튼과 신축성 있는 코드 클로저가 있는 고중량 상단 로딩 폴리 확장 파일은 21.6cm x 27.9cm(8.5인치 x 11인치) 레터 사이즈 문서에 맞습니다. 파일은 상단(21.6cm(8.5인치) 측면에서 열리므로 백팩에서 전체 파일을 제거하지 않고도 파일에 쉽게 액세스할 수 있습니다. 외부 플랩 색상은 블랙, 레드 또는 블루입니다. 세 가지의 내부는 반투명 옐로우, 블루, 그린, 레드, 오렌지의 포켓과 탭이 있는 동일한 디자인입니다. 다양한 색상의 내부 포켓과 탭으로 피사체를 쉽게 정리할 수 있습니다.","['포켓', '파일', '탭', '레드', '블루', '확장', '블랙', '상단', '옐로우', '내부']"
사무용품,파일링 제품,확장형 파일,,B097XBZ2G5,"2팩 13 포켓 확장 파일 폴더, A4 레터 사이즈 휴대용 아코디언 파일 오거나이저, 학교, 사무실, 가정용 손잡이가 있는 문서 폴더 - 블랙",CASAON,22146,22146,4.6,345.0,"2팩 13 포켓 아코디언 파일 오거나이저는 모든 A4/레터 사이즈 용지에 적합하며 일상 생활에서 문서를 보관하기에 적합합니다 프리미엄 폴리프로필렌 소재로 제작된 이 문서 폴더는 무독성 및 방수 기능이 있습니다. 번지 클로저는 파일이 떨어지는 것을 방지하고 문서를 안전하게 보관할 수 있으며 손잡이는 휴대가 편리합니다 사용자는 컬러 라벨과 명함 포켓에 따라 문서를 빠르고 효과적으로 분류할 수 있습니다. 완벽하게 확장 가능한 파일 폴더는 사무실, 학교, 교실, 여행 및 비즈니스 등과 같은 다양한 행사에 적합합니다.",,"['파일', '문서', '폴더', '포켓', '휴대', '확장', '손잡이', '학교', '아코디언', '사무실']"
사무용품,파일링 제품,확장형 파일,,B07QKHSK1R,"EKIND 17.8x11.4cm(7x4.5인치) 확장 가능한 휴대용 폴더, 13포켓 로프 아코디언 파일 오거나이저, 카드, 쿠폰, 영수증, 세금 품목용 A6 플라스틱 지갑, 미니 확장 폴더 (1개, 핑크)",EKIND,12451,12451,4.3,67.0,"접힌 사이즈 및 소재 - A6 사이즈(18 x 10.9 x 2.8cm(7.1 x 4.3 x 1.1인치)), A4 사이즈가 아닙니다. 구매 전에 사이즈를 확인하십시오. 폴리프로필렌(pp) 플라스틱 소재로 제작되어 무독성이며 쉽게 깨지거나 변형되지 않습니다. 멀티 컬러 및 프라이버시 - 폴더의 색상은 매우 밝지만 투명하지 않기 때문에 중요한 파일을 보호할 수 있습니다. 또한 플라스틱 및 방수 소재로 만든 잠금 장치가 있어 다양한 파일을 보관할 수 있습니다. 다양한 용도: 가정, 사무실, 학교 등에 적합하며 수표, 현금, 수령, 예금 명세서 등과 같은 작고 중요한 문서를 효율적으로 정리할 수 있습니다. 실용적이고 휴대성 - 작은 지갑 디자인으로 공간을 절약할 수 있습니다. 여행 시 여권, 지도, 여행 플래너를 잘 정리할 수 있어 쉽고 편리하게 찾을 수 있습니다. 탭 포함 - 분류하는 데 도움이 되는 작은 컬러 라벨을 따라 휴일 문서, 바우처, 카드 및 쿠폰 등을 깔끔하고 정리하여 가정, 사무실 및 학교에서 사용할 수 있는 완벽한 문서 오거나이저",,"['정리', '문서', '플라스틱', '파일', '폴더', '오거나이저', '중요하다', '지갑', '카드', '작다']"
사무용품,파일링 제품,확장형 파일,,B08ZDJK9ZD,"FANWU 손잡이가 있는 13포켓 확장 파일 폴더, 리갈 사이즈, 플라스틱 아코디언 충전 파일 폴더 확장 가능한 월간 휴대용 종이 문서 정리함, 사무실 학교 및 가정용 (레드)",Tirrito,27686,20761,4.5,50.0,"✔ 【 법적 사이즈】 휴대용 파일 오거나이저 외부 사이즈 39.9 x 27.9 x 3.8cm(15.5 x 11 x 1.5인치), FANUW 법적 사이즈 포켓 13개 확장 파일 폴더에는 편지와 법정 크기의 용지 400장 이상을 담을 수 있습니다. 이상적인 파일 저장 보조 도구가 될 것입니다. ✔ 【 400장 용량 】 최대 400장 용량을 담을 수 있습니다. 12개의 칸막이 13 포켓 종이 오거나이저 폴더 아코디언 파일 오거나이저는 월간 파일 폴더로 사용할 수 있습니다. 탭 인서트가 함께 제공되어 각 파일에 라벨을 붙이고 쉽게 찾을 수 있습니다. 포켓은 라벨을 추가할 수 있도록 탭이 있어 각 섹션을 즉시 식별할 수 있어 빠르게 꺼낼 수 있습니다. ✔ 【프리미엄 품질 파일 정리함】 내구성이 뛰어나고 환경 친화적인 중성 PP 소재로 제작되어 방수 및 긁힘 방지 기능이 있습니다. 휴대용 파일 정리 가장자리는 편안하고 단단한 나일론 스트립으로 바느질되었습니다. 초음파 핫 프레스 기술로 확장 가능한 포켓을 쉽게 분리할 수 없습니다. 업그레이드된 내구성 있는 운반 손잡이. 금속 나사로 고정 설치하여 무거운 문서를 적재해도 견딜 수 있습니다. ✔ 【 창문 및 내구성 있는 버클 클로저가 있는 플랩】 밝고 눈에 띄는 외관을 기반으로 플랩에 이름 카드 슬롯을 추가하여 더 많은 라벨을 붙일 수 있습니다. 폴더의 풀 사이즈 유연한 플랩과 버클 클로저는 추가적인 보호 레이어를 제공하며 운반 중에 가져오는 문서나 종이 파일을 제자리에 단단히 보관할 수 있습니다. ✔ 【 다기능 】 필요할 때 모든 것을 정돈된 상태로 유지하여 문서와 파일을 추적하면서 서류 정리 및 검색을 쉽게 할 수 있습니다. 13포켓 확장 파일을 선택하면 청구서, 영수증 및 수표를 정리할 수 있는 더 많은 유연성을 제공합니다. 쿠폰, 주니어, 편지 및 법정 크기로 제공되는 이 확장 파일은 다양한 조직 시스템을 수용할 수 있습니다.","FANWU 리갈 사이즈 확장 파일 폴더 문서 오거나이저, 13포켓 파일 폴더, 접이식 손잡이가 있는 확장 가능한 파일 폴더, 400장 용량 제품 특징: 휴대가 간편한 패션 휴대용 파일 정리함 접이식 휴대용 손잡이 -- 내구성이 뛰어난 인체 공학적 손잡이가 있는 아코디언 파일 폴더는 더 편안한 운반 경험을 제공합니다. 색상 차단 디자인 -- 더 새롭고 패셔너블합니다. 하단에 추가 스티치 나일론으로 더욱 편안하고 내구성이 뛰어납니다. 창이 있는 플랩 -- 손잡이가 달린 문서 오거나이저 폴더의 플랩은 창이 있는 디자인으로, 내부에 표시 및 분류를 위한 이름 카드 1개가 있습니다. 잘 만들어진 고품질 폴리 아코디언 확장 파일 폴더 프리미엄 소재 -- 이 중요한 문서 정리함은 내구성이 뛰어나고 방수 및 찢어짐 방지 PP 소재로 만들어졌으며 무산성입니다. 안전한 플랩 및 버클 클로저 -- 안전한 보관 및 운반을 위한 내구성 있는 버클 클로저가 있는 풀 사이즈 플랩. 강화된 거싯 -- 이 편리한 아코디언 폴더를 줄여 가장자리가 찢어지는 것을 방지합니다. 대용량 및 효율적인 분류 관리 라지 사이즈 -- 39.9 x 27.9 x 3.8cm(15.5 x 11 x 1.5인치), 편지와 법적 크기의 문서를 컬러 탭/라벨 -- 13포켓 파일을 사용하면 포함된 탭 인서트로 제목 또는 월별로 정리할 수 있으므로 각 파일에 라벨을 붙일 수 있습니다. 13개의 확장 가능한 포켓 -- 각 포켓은 2.2cm(7/8인치)까지 확장되어 필요할 때 공간을 추가할 수 있습니다. 이상적인 휴대용 문서 보관 솔루션 확장 파일 폴더는 학교, 가정, 사무실 및 여행을 위한 완벽한 문서 정리함으로, 간단하고 패셔너블하며 서류를 잘 정리할 수 있도록 도와줍니다. 확장 파일 폴더에는 파일, 바우처, 종이, 카드, 영수증, 그림 및 쿠폰 등을 보관할 수 있습니다. 패키지 구성: 1 x 13 - 포켓 리갈 사이즈 컬러 블로킹 휴대용 확장 파일 폴더 컬러 라벨 1개.","['파일', '폴더', '확장', '포켓', '문서', '정리', '휴대', '구성', '플랩', '손잡이']"
사무용품,파일링 제품,확장형 파일,,B09PTM1MW5,"Blue Lake ECOLIFE 하드커버 포켓 6개 재활용 가능한 종이 확장 파일 문서 폴더, 플라스틱 프리 A4 레터 사이즈: 지구 친화적, 귀여운 아코디언 파일 오거나이저 450장 학교, 사무실, 가정용",Blue Lake,30456,23531,4.1,28.0,"대용량, 심플한 디자인: 6개의 포켓은 최대 450장의 A4/레터 사이즈 용지를 담을 수 있습니다. 과도한 종소리와 휘파람 없이 파일 정리 요구 사항을 충족합니다 프리미엄 소재, 견고한 구조: 우아한 질감과 트렌디한 색상의 최고급 종이 커버. 디테일에 주의를 기울여 잘 제작되었습니다 플라스틱 프리, 종이로 재활용 가능: 100% 천연 섬유로 제작되어 Forestry Stewardship Council (FSC) 인증을 받았습니다. How2Recycle 인증, 종이로 100% 재활용 가능 당신에게 안전하고 환경에 좋습니다: 염소, 독성 접착제, 플라스틱 또는 잉크 냄새가 없습니다. EPA 제로 폐기물 원칙을 준수하도록 설계되었습니다 제품 크기: 12.9x10.3x1.4인치 (329x263x35mm)",,"['종이', '파일', '재활용', '플라스틱', '인증', '프리', '포켓', '제작']"
사무용품,파일링 제품,확장형 파일,,B0CLNJZPQC,"25포켓 확장 파일 폴더 아코디언 파일 오거나이저, 손잡이 포함, Fun storage 휴대용 문서 오거나이저 파일 박스 파일 오거나이저 홈 스쿨 사무실 여행용 A4 및 레터 사이즈",Fun storage,24916,24916,,,"【뛰어난 휴대성 및 안전한 잠금】: 다른 하단 확장 가능한 아코디언 폴더와 비교했을 때, 손잡이가 추가되어 매우 쉽게 움직일 수 있습니다. 플라스틱 손잡이가 있는 다른 파일 폴더는 일반적으로 하단에서 확장할 수 없으므로 사용 가능한 용량이 크게 제한됩니다. 폴더에는 이 문제가 없습니다. 움직이기 쉽고 충분한 용량을 가지고 있습니다. ABS 버클과 신축성 있는 밴드가 완벽하게 안전하게 닫을 수 있습니다. 【투명한 창문 디자인】: 독특한 투명 창 디자인으로 내부를 볼 수 있으며, 고객은 파일 폴더 오거나이저 커버를 자주 열지 않고도 내부 파일 문서 세부 정보를 쉽게 확인할 수 있습니다. 이 새로운 아이디어는 매일 더 편리하고 빠르게 사용할 수 있습니다. 【큰 저장 용량】: 이 아코디언 폴더는 4개의 용지에 적합하며, 각 포켓은 쉽게 접근할 수 있도록 2.2cm(7/8인치)까지 확장할 수 있으며 최대 1000장 이상의 총 보관 용량입니다! 시험지, 보고서, 청구서, 숙제 또는 작은 중요한 문서를 보관하고 정리하는 데 적합합니다. 【쉬운 정리 및 빠른 조회】: 컬러 파일 상자에는 알파벳 A-Z용 인쇄 라벨과 월간 1-12월 필기용 빈 라벨이 함께 제공됩니다. 이 아코디언 파일 오거나이저는 모든 종이 작업을 잘 분류하고 독특한 인덱싱 라벨로 중요한 문서를 빠르게 식별할 수 있도록 도와줍니다. A4 또는 레터 사이즈 시트에 적합합니다. 【업그레이드된 커버 및 스타일】: 아코디언 폴더의 커버 두께는 1 1/5mm로 다른 폴더보다 20% 두껍습니다. 새로운 블랙 매트 패턴이 있는 폴리프로필렌 플라스틱으로 제작되었으며, 방수 기능이 있으며 얼룩과 긁힘 방지 기능이 있어 중요한 종이를 보호합니다. 풀 사이즈 플랩은 추가적인 보호 레이어를 제공하며 운반 중에 보관된 물건을 제자리에 단단히 고정하는 데 도움이 됩니다. 【다기능 적용】: 확장 파일 오거나이저는 다양한 문구, 사무용품, 학교 서류, 수업 과제, 숙제, 청구서, 명세서, 영수증, 바우처, 송장 및 가정 용품을 완벽하게 보관할 수 있습니다. 학교, 사무실 또는 가정에 이상적입니다.",,"['파일', '폴더', '확장', '아코디언', '오거나이저', '문서', '빠르다', '손잡이', '커버']"
사무용품,파일링 제품,확장형 파일,,B0CZ6YQR18,"아코디언 파일 오거나이저, 24포켓 확장 파일 폴더, 라벨이 있는 레터 A4 사이즈 문서 홀더, 학교, 가정 및 사무실용 휴대용 월간 종이 청구서 세금 영수증 정리함 - 투명",Timart,19376,19376,4.8,8.0,"【24포켓 월간 파일 오거나이저】: Timart 아코디언 파일 오거나이저로 문서 관리를 간소화하세요. 월간 정리를 위해 제작된 24개의 포켓이 특징이며, 청구서, 세금, 영수증 및 송장과 같은 필수 서류를 보호하기 위한 솔루션입니다. 글자 크기에 적합합니다. 【충분한 용량】: 확장 가능한 월간 오거나이저는 최대 50.8cm(20인치)까지 늘어나며 1년 이상의 문서를 수용할 수 있는 동시에 안정성을 제공합니다. 내구성을 염두에 두고 제작되어 보관 요구 사항에 맞는 수명과 견고함을 보장합니다. 【손쉬운 사용】: 밝고 다채로운 탭과 빈 라벨로 문서에 빠르게 액세스할 수 있습니다. 선명도는 쉽게 읽을 수 있도록 보장하여 파일을 방해하지 않고 신속하게 검색할 수 있습니다. 【안정성 및 휴대성】: 넘어지지 않고 책상에 단단히 세울 수 있도록 설계된 오거나이저는 휴대가 간편하면서도 안정성을 제공합니다. 책상, 캐비닛 또는 기타 선호하는 위치 사이에서 원활하게 전환할 수 있습니다. 【최적의 보호 및 내구성】: 내구성이 뛰어난 와이프 클린 폴리프로필렌으로 제작된 오거나이저는 문서를 최대한 보호합니다. 방수 및 찢어짐 방지 구조로 수명을 보장하며, 중성, PVC 프리 및 보관 품질의 소재로 안전한 보관을 보장합니다. 또한, 조절 가능한 스냅 클로저는 보안을 강화하며, 두 개의 전면 포켓은 명함, 프로젝트 제목 또는 메모를 위한 추가 공간을 제공합니다.",,"['파일', '문서', '포켓', '월간', '보장', '제작', '안정', '휴대', '보호', '보관']"
사무용품,파일링 제품,확장형 파일,,B00E92CO04,"Pendaflex Globe-Weis/Pendaflex 튼튼한 파일 지갑, 엑스트라 와이드, 17.8cm(7인치) 확장, 신축성 있는 코드 클로저, 레터 사이즈, 브라운, 5개입 (CL1084GLHD)",Pendaflex,54762,54762,4.6,113.0,"헤비 웨이트 24포인트 방수 커버 17.8cm(7인치) 확장으로 1,600장의 레터 사이즈 시트를 담을 수 있습니다 신축성 있는 코드 클로저가 있는 Tyvek 강화 보호 플랩 10% 재활용 소비자 사용 후 성분 포함 파일 지갑 5개 팩","Globe-Weis 헤비 듀티 파일 지갑 중 하나로 운송 중에 중요한 문서를 보호하세요. 표준 레터 사이즈 파일 폴더는 측면에 간섭이 없는 엑스트라 와이드 지갑 안에 잘 맞습니다. 찢어짐 방지, Tyvek 강화 거싯과 롤오버 기능이 추가되어 마모 및 찢어짐 방지 기능을 제공합니다. 튼튼한 거싯 측면은 최대 17.8cm(7인치)까지 확장되어 1,600장 용량으로 모든 프로젝트 아이템을 함께 보관할 수 있습니다. 매우 긴 전면 플랩은 쉽게 꺼낼 수 있도록 접을 수 있으며 지갑이 가득 찼을 때에도 적절한 커버리지를 제공합니다. 추가적인 보호를 위해 각 지갑에는 튼튼하고 신축성 있는 코드 클로저가 있어 사용하지 않거나 이동 중에도 지갑을 닫아 둘 수 있습니다. Globe-Weis 헤비 듀티 파일 지갑은 작은 요구 사항에 맞게 단일 수량으로 판매되며 오래 사용할 수 있을 뿐만 아니라 환경 친화적인 보관을 위해 10% 소비자 사용 후 콘텐츠를 포함합니다. Globe-Weis 제품을 사용하면 정리가 쉽고 빠르게 정리하며 정보에 더 쉽게 접근할 수 있습니다. Globe-Weis는 사무실, 가정 및 학교 또는 그 사이 어디에서나 모든 종류의 종이와 문서를 관리할 수 있도록 다양한 솔루션을 제공합니다!","['지갑', '파일', '확장', '신축', '보호', '튼튼하다', '클로저', '헤비', '와이드', '거싯']"
사무용품,파일링 제품,확장형 파일,,B0CNJJ64RF,"Accordion 파일 오거나이저 - 지퍼 및 라벨이 있는 12포켓 확장 파일 폴더 - 멀티 포켓이 있는 내화성 파일 폴더 오거나이저, 레터 A4 파일용 문서 정리함",LECTRUS,37118,37118,4.2,23.0,아코디언 파일 오거나이저,,"['파일', '오거나이저', '폴더', '포켓', '확장', '화성', '지퍼', '정리', '아코디언']"
사무용품,파일링 제품,확장형 파일,,B0CR888CJ8,"휴대용 아코디언 파일 오거나이저, 12포켓 확장 파일 폴더, 월간 지폐 영수증 오거나이저, 라벨이 있는 밝은 탭, 레터/A4 사이즈",SortRax,13836,13836,4.1,31.0,"월간 영수증 오거나이저 - 매월 12개의 포켓이 한 곳에 있습니다. 필요에 따라 상단과 하단을 확장하거나 접을 수 있습니다. 글자/A4 사이즈에 맞습니다 빠른 액세스 - 독특한 커버 라벨은 열리지 않고 내용물을 보여줍니다. 높은 칸막이는 명확한 가시성을 보장합니다. 크고 밝은 탭은 컬러 라벨과 일치하여 몇 초 만에 필요한 것을 찾을 수 있습니다 안전한 보관 - 프리미엄 플라스틱으로 제작되어 오래 지속됩니다. 견고하고 신축성 있는 클로저로 파일을 제자리에 유지합니다. 조절 가능한 슬라이더 및 뚜껑 노치는 증가하는 파일에 따라 다양한 확장 레벨을 수용할 수 있습니다 휴대성 및 세련됨 - 작고 가벼우며 보관 및 사용이 쉽습니다. 집과 사무실 사이를 이동하거나 이동 중에도 쉽게 셔틀할 수 있습니다 더 많은 가능성을 발견하세요 - 이 아코디언 파일 오거나이저는 세금만을 위한 것이 아니라 가족 문서, 애완 동물, 레시피, 예술, 건강 보고서 등을 위한 간단한 솔루션입니다. 쉽게 열고 닫을 수 있습니다 - 정리되고 즐거운 삶을 위한 단순함! 팁: 아코디언 포켓에 컬러 라벨이 붙어 있습니다",,"['파일', '라벨', '아코디언', '확장', '포켓', '오거나이저', '이동', '월간', '영수증']"
사무용품,파일링 제품,확장형 파일,,B0CJYBLRJ4,"스트랩과 손잡이가 있는 확장 파일 폴더 24개, 다이아몬드",MARATI,23531,23531,4.2,9.0,"✔【높은 등급】 내구성이 뛰어난 플라스틱 손잡이, 뚜껑은 아름다운 조절 가능한 버클로 바닥에 연결되어 폴더를 즉시 더 멋지게 보이게 합니다. 많은 양의 문서를 파일 폴더에 보관할 때 중요한 문서를 어디에서나 쉽게 꺼낼 수 있으며 버클은 파일의 안전을 보호하는 데 적합하며 전통적인 아코디언 파일 오거나이저에서 성공적으로 업그레이드되었습니다. ✔【확장 가능】파일 폴더 오거나이저의 뚜껑은 연장선으로 설계되었습니다. 파일 폴더의 내부는 점점 더 많은 문서를 넣을 때 원하는 대로 완벽한 위치로 완전히 확장하고 조정할 수 있습니다. 유용하고 패셔너블한 확장 파일 폴더입니다. ✔【대용량】25가지 색상의 포켓 파일 폴더는 A4 용지 및 레터 크기에 적합하며 중요한 파일과 문서를 쉽게 보관하고 정리할 수 있습니다. 접이식 사이즈는 33x24.1x7.6cm(13x9.5x3인치)이며 7.6cm(3인치)에서 68.6cm(27인치)까지 확장할 수 있습니다. 문서 정리함의 각 포켓은 3.3cm(1.3인치)까지 확장할 수 있습니다. 약 4000장 이상의 시트를 담을 수 있습니다. ✔【안전한 소재】확장 가능한 파일 폴더는 고품질 폴리프로필렌과 폴리에스터로 만들어졌으며 다른 파일 폴더보다 20% 이상 두껍습니다. 데스크톱에 독립적으로 세울 수 있어 쉽게 깨지거나 변형되지 않습니다. 100% 방수, 무독성, 냄새 없음, 마모 방지, 찢어짐 및 습기 방지. ✔【다양한 용도】파일 캐비닛 파일 수업, 학생을 위한 숙제, 중요한 문서, 청구서, 영수증, 사업가를 위한 종이, 파일 요리 메뉴, , 파라던트 설명서(한글이 아닐 수 있음). 필요한 모든 문서를 집, 학교, 도서관, 회의실로 쉽게 휴대할 수 있습니다 ✔【위험 부담 없음】24시간 온라인 서비스, 모든 소비자의 질문에 적시에 답변합니다. 어떠한 이유도 없이 반품을 받아들이고 만족하지 못한 제품에 대해서는 100% 환불을 받을 수 있습니다.",,"['파일', '폴더', '확장', '문서', '중요하다']"
사무용품,파일링 제품,확장형 파일,,B0BVH1KJQD,"확장 파일 폴더, 스티커 라벨이 있는 13포켓 아코디언 파일 폴더, 지퍼 클로저가 있는 A4 레터 사이즈 종이 문서 오거나이저, 사무실 학교 남아 여아용, 수중 해초 바다 거북",pnyoin,31841,31841,4.9,15.0,"【고품질 소재】아코디언 파일 폴더는 양면에 강화 원단이 있는 컬러 하드 플라스틱으로 제작되었습니다. 방수 및 견고하여 파일을 안전하게 보관할 수 있습니다. 또한 중성 및 PVC 프리로 폴더가 쉽게 변형되지 않습니다. 【지퍼 잠금】아코디언 파일 오거나이저에는 단방향 지퍼가 있어 파일을 쉽게 꺼낼 수 있습니다. 한 곳에서 다른 곳으로 쉽게 휴대할 수 있으며 물건을 잃어버릴 가능성이 적습니다. 【대용량】제품 크기: 36.9cm X 26.9cm X 2.2cm 13개의 개별 포켓은 A4 사이즈 용지 500장을 보관하기에 적합합니다. 중요한 문서를 모두 안전하게 보관할 수 있을 만큼 충분히 크며 문서를 효율적으로 분류하고 찾을 수 있습니다. 【세련되고 기능적】이 확장 가능한 폴더에는 끈적한 탭과 추가 전면 포켓이 함께 제공됩니다. 폴더의 내용물을 표시하고 빠르게 식별할 수 있는 다채로운 스티커 탭. 편리한 작은 전면 포켓은 펜, 펜, 형광펜 및 기타 자주 사용하는 기타 물건을 보관하기에 적합합니다. 【다기능】포켓이 있는 폴더는 모든 문서를 빠르게 정리할 수 있도록 도와주며, 송장, 편지, 종이, 청구서, 카드, 영수증, 계약서 및 기타 중요한 문서를 보관할 수 있습니다. 가정, 사무실, 은행, 학교 및 여행용으로 적합하며 책상을 깔끔하고 깔끔하게 유지합니다.",,"['폴더', '파일', '문서', '포켓', '아코디언', '펜', '지퍼', '중요하다', '물건', '안전하다']"
사무용품,파일링 제품,확장형 파일,,B0CLRW7D73,"PU 가죽 아코디언 파일 오거나이저 포켓 26개, 손잡이 및 휴대용 스트랩이 있는 확장 파일 폴더, 레터 사이즈 / A4 파일용 문서 오거나이저 아코디언 파일 키퍼, 사무실, 학교용, 블랙",YGROW,48461,48461,4.6,125.0,"전문적인 외관: YGROW 파일 폴더 오거나이저는 고품질 PU 가죽으로 만들어져 세련되고 전문적인 외관을 제공하며 문서를 보호합니다. 사무실과 비즈니스 모두에 완벽한 선택입니다. 대용량: 26개의 확장 가능한 포켓이 있는 이 파일 정리함은 레터 크기 또는 A4 크기의 파일 1000장을 수용할 수 있는 충분한 공간이 있어 정리하고 쉽게 꺼낼 수 있습니다. 휴대폰, 명함, 필기 도구 또는 스티커와 같은 작은 물건을 보관할 수 있는 추가 전면 포켓. 편리함: 편리한 손잡이 및 휴대용 스트랩으로 디자인된 이 문서 파일은 휴대가 간편하고 휴대가 간편합니다. 출장, 사무실, 학교 및 여행을 위한 서류 가방으로 중요한 문서를 쉽게 운반할 수 있습니다. 깔끔한 디자인: 파일을 정리하고 쉽게 액세스할 수 있도록 설계된 이 파일 오거나이저의 다채로운 라벨을 사용하면 문서를 효율적으로 분류하고 분류할 수 있습니다. 지저분한 종이 더미와 작별 인사를 하고 깔끔한 작업 공간을 즐기세요. Wattanty 소개: 1년 이 제공됩니다. 판매자에게 연락하려면 상점 이름을 클릭하기만 하면 12시간 이내에 문제가 발생할 수 있습니다.",,"['파일', '문서', '휴대', '정리', '사무실', '포켓', '디자인', '스트랩', '아코디언', '오거나이저']"
사무용품,파일링 제품,확장형 파일,,B0CSFP1YCG,"체크 사이즈 13 포켓 확장 파일 폴더, 쿠폰 영수증 보관용 아코디언 파일 오거나이저 지갑 케이스, 25.4 x 14cm(10 x 5.5인치), 청록색",H4D,12451,12451,4.8,19.0,"체크 사이즈 디자인: 이 체크 사이즈 확장 파일은 쿠폰 오거나이저를 위해 특별히 설계되었습니다. 25.4 x 14 x 2.5cm(10 x 5.5 x 1인치) 크기는 쿠폰, 영수증 또는 현금 크기에 맞습니다. 13개의 포켓: 아코디언 폴더는 15.2cm(6인치) 확장이 있는 13개의 포켓이 특징이며, 책상이나 카운터에서 완전히 세우고 확장할 수 있으며 내용물을 쉽게 꺼낼 수 있습니다. 5가지 색상: 선택할 수 있는 5가지 색상을 제공합니다. 내구성이 뛰어난 쉘과 다양한 색상의 포켓으로 쿠폰과 영수증을 잘 정리할 수 있습니다. 폴리프로필렌 소재: 폴리프로필렌 소재로 제작되어 가볍고 강하며 신축성이 있으며 버튼 잠금으로 이동 중에도 내용물을 안전하게 보관할 수 있어 지갑에 넣기에 적합합니다. 정리용 라벨: A-Z, 월간 및 빈 탭 라벨을 제공하여 필요에 맞게 조정 가능한 파일링을 위해 각 포켓을 찾을 수 있습니다.",,"['포켓', '확장', '파일', '쿠폰', '체크', '영수증', '정리', '라벨', '내용물', '지갑']"
사무용품,파일링 제품,확장형 파일,,B08ZDK765N,"FANWU 손잡이가 있는 13포켓 확장 파일 폴더, 리갈 사이즈, 플라스틱 아코디언 충전 파일 폴더 확장 가능한 월간 휴대용 종이 문서 정리함, 사무실 학교 및 가정용 (블랙)",FANWU,27686,20761,4.3,335.0,"✔ 【 법적 사이즈】 휴대용 파일 오거나이저 외부 사이즈 39.9 x 27.9 x 3.8cm(15.5 x 11 x 1.5인치), FANUW 법적 사이즈 포켓 13개 확장 파일 폴더에는 편지와 법정 크기의 용지 400장 이상을 담을 수 있습니다. 이상적인 파일 저장 보조 도구가 될 것입니다. ✔ 【 400장 용량 】 최대 400장 용량을 담을 수 있습니다. 12개의 칸막이 13 포켓 종이 오거나이저 폴더 아코디언 파일 오거나이저는 월간 파일 폴더로 사용할 수 있습니다. 탭 인서트가 함께 제공되어 각 파일에 라벨을 붙이고 쉽게 찾을 수 있습니다. 포켓은 라벨을 추가할 수 있도록 탭이 있어 각 섹션을 즉시 식별할 수 있어 빠르게 꺼낼 수 있습니다. ✔ 【프리미엄 품질 파일 정리함】 내구성이 뛰어나고 환경 친화적인 중성 PP 소재로 제작되어 방수 및 긁힘 방지 기능이 있습니다. 휴대용 파일 정리 가장자리는 편안하고 단단한 나일론 스트립으로 바느질되었습니다. 초음파 핫 프레스 기술로 확장 가능한 포켓을 쉽게 분리할 수 없습니다. 업그레이드된 내구성 있는 운반 손잡이. 금속 나사로 고정 설치하여 무거운 문서를 적재해도 견딜 수 있습니다. ✔ 【 창문 및 내구성 있는 버클 클로저가 있는 플랩】 밝고 눈에 띄는 외관을 기반으로 플랩에 이름 카드 슬롯을 추가하여 더 많은 라벨을 붙일 수 있습니다. 폴더의 풀 사이즈 유연한 플랩과 버클 클로저는 추가적인 보호 레이어를 제공하며 운반 중에 가져오는 문서나 종이 파일을 제자리에 단단히 보관할 수 있습니다. ✔ 【 다기능 】 필요할 때 모든 것을 정돈된 상태로 유지하여 문서와 파일을 추적하면서 서류 정리 및 검색을 쉽게 할 수 있습니다. 13포켓 확장 파일을 선택하면 청구서, 영수증 및 수표를 정리할 수 있는 더 많은 유연성을 제공합니다. 쿠폰, 주니어, 편지 및 법정 크기로 제공되는 이 확장 파일은 다양한 조직 시스템을 수용할 수 있습니다.","FANWU 리갈 사이즈 확장 파일 폴더 문서 오거나이저, 13포켓 파일 폴더, 접이식 손잡이가 있는 확장 가능한 파일 폴더, 400장 용량 제품 특징: 휴대가 간편한 패션 휴대용 파일 정리함 접이식 휴대용 손잡이 -- 내구성이 뛰어난 인체 공학적 손잡이가 있는 아코디언 파일 폴더는 더 편안한 운반 경험을 제공합니다. 색상 차단 디자인 -- 더 새롭고 패셔너블합니다. 하단에 추가 스티치 나일론으로 더욱 편안하고 내구성이 뛰어납니다. 창이 있는 플랩 -- 손잡이가 달린 문서 오거나이저 폴더의 플랩은 창이 있는 디자인으로, 내부에 표시 및 분류를 위한 이름 카드 1개가 있습니다. 잘 만들어진 고품질 폴리 아코디언 확장 파일 폴더 프리미엄 소재 -- 이 중요한 문서 정리함은 내구성이 뛰어나고 방수 및 찢어짐 방지 PP 소재로 만들어졌으며 무산성입니다. 안전한 플랩 및 버클 클로저 -- 안전한 보관 및 운반을 위한 내구성 있는 버클 클로저가 있는 풀 사이즈 플랩. 강화된 거싯 -- 이 편리한 아코디언 폴더를 줄여 가장자리가 찢어지는 것을 방지합니다. 대용량 및 효율적인 분류 관리 라지 사이즈 -- 39.9 x 27.9 x 3.8cm(15.5 x 11 x 1.5인치), 편지와 법적 크기의 문서를 컬러 탭/라벨 -- 13포켓 파일을 사용하면 포함된 탭 인서트로 제목 또는 월별로 정리할 수 있으므로 각 파일에 라벨을 붙일 수 있습니다. 13개의 확장 가능한 포켓 -- 각 포켓은 2.2cm(7/8인치)까지 확장되어 필요할 때 공간을 추가할 수 있습니다. 이상적인 휴대용 문서 보관 솔루션 확장 파일 폴더는 학교, 가정, 사무실 및 여행을 위한 완벽한 문서 정리함으로, 간단하고 패셔너블하며 서류를 잘 정리할 수 있도록 도와줍니다. 확장 파일 폴더에는 파일, 바우처, 종이, 카드, 영수증, 그림 및 쿠폰 등을 보관할 수 있습니다. 패키지 구성: 1 x 13 - 포켓 리갈 사이즈 컬러 블로킹 휴대용 확장 파일 폴더 컬러 라벨 1개.","['파일', '폴더', '확장', '포켓', '문서', '정리', '휴대', '구성', '플랩', '손잡이']"
사무용품,파일링 제품,확장형 파일,,B06X99YD66,"확장 파일 폴더, 세분화 아코디언 파일 폴더 미니 오거나이저 PP 지갑, 카드, 쿠폰, 영수증, 세금 품목 또는 변경용, 17.8 x 11.4cm(7 x 4.5인치), 탭 및 체크 케이스가 있는 포켓 12개(핑크)",deli,9681,8296,4.6,3129.0,"사무실, 학교 또는 가정 여행에 이상적인 정리 및 장식이 있는 심플하고 우아한 디자인. 확장 포켓 12개, 쉽게 세분화 및 인덱싱할 수 있는 11개의 컬러 탭. 추가적인 보안을 위한 플랩 및 스냅 클로저. 가볍고 유연하며 찢어지지 않는 소재. P.P. 두께: 0.6mm. 내구성이 뛰어나고 방수 및 찢어짐 방지 폴리 파일로 문서를 보호하세요.","스위트 하트를 위한 작고 귀여운 확장 파일 폴더! 작고 귀여운 작은 확장 파일은 단순하고 세련된 디자인으로 생생하고 견고하며 넉넉합니다. 고급 PP로 만들어져 내구성이 뛰어나고 방수 및 경량, 휴대가 쉽습니다. 내구성이 뛰어난 방수 및 찢어짐 방지 폴리 파일로 문서를 정리하고 보호합니다. 특징: 쉽게 분류할 수 있는 12개의 포켓. 스냅 클로저 잠금으로 파일을 안전하게 보호합니다. 내구성, 방수 및 찢어짐 방지 폴리 파일. 심플하고 우아한 패션 디자인으로 업무, 공부, 여행에 재미를 더합니다! 사양: 제품 크기: (4.5""x7""x0.98"")115X178X25mm 패키지 무게: 82g 소재: 폴리프로필렌(PP) 소재(무독성 및 비방사성). 두께: 0.6mm 색상: 핑크, 블루, 그린, 옐로우, 그레이, 화이트, 멀티컬러","['파일', '확장', '방수', '구성', '디자인', '보호', '폴리', '폴더', '포켓', '방지']"
사무용품,파일링 제품,확장형 파일,,B0BB7FH8B1,"수직 파일 폴더 확장 아코디언 폴더, 7개의 포켓, 멀티 포켓 파일 오거나이저, A4 레터 사이즈, 쉬운 백팩 액세스(2팩 블랙)",Generic,27686,27686,4.7,39.0,"7개의 포켓/6개의 탭과 21.6 x 27.9cm(8.5 x 11인치) 문서에 맞는 신축성 있는 코드 클로저가 있는 수직 폴리 확장 파일로 파일을 쉽게 분류하고 정리할 수 있습니다. 대용량 파일 폴더 오거나이저는 인생에서 좋은 보조 도구입니다. 신축성 있는 로프 클로저가 있는 휴대용 디자인으로 열고 휴대가 쉽고 가볍습니다. 문서, 바우처, 카드 및 쿠폰 등을 깔끔하게 정리할 수 있습니다. 상단 15.2cm(6인치) 측면을 따라 열려 백팩을 쉽게 넣고 꺼낼 수 있습니다. 아코디언 확장 가능한 문서 오거나이저는 직장 동료, 친구, 반 친구, 가족 또는 비즈니스 파트너에게 훌륭한 선물입니다. 수직 확장 파일 폴더. 각 제품에는 맞춤형 탭 인서트가 포함되어 있습니다. 폴리 소재는 무독성, 비방사성, 방수 및 찢어짐 방지 성능, 쉽게 깨지거나 변형되지 않으며 반복적인 마모를 견딜 수 있습니다. 치수는 25x2x35cm(9.8x0.8x13.7인치)로 A4 및 레터 사이즈 용지에 적합하며 약 150-210장의 문서를 완벽하게 정리할 수 있습니다.","제품 세부 정보/소재: 고품질 폴리프로필렌 (PP)/색상: 블랙/제품 크기: 25 x 2 x 35cm(9.8 x 0.8 x 13.7인치), A4 레터 사이즈, 수직 확장 레터 파일 폴더는 7개의 포켓이 특징입니다./특징:/1. 우아하고 방수 기능이 있습니다./2. 휴대용, 수직 버전/3. 습기 방지./4. 찢어짐 방지./5. 내마모성./6. 확장/7. 안전성: 보안을 강화하기 위한 코드 잠금./8. 경량./참고:/모니터와 컴퓨터의 밝기 차이로 인해 이미지와 제품 사이에 약간의 색상 차이가 있을 수 있습니다. 양해 부탁드립니다./패키지 구성:/문서 파일 폴더 2개","['파일', '확장', '폴더', '수직', '포켓', '문서', '휴대', '방지', '정리', '블랙']"
사무용품,파일링 제품,확장형 파일,,B0CR47RHBR,"Winsing 내화성 아코디언 파일 오거나이저, 26개의 포켓 확장 파일 폴더, 멀티 포켓 파일링이 있는 휴대용 중요 문서 오거나이저, A4 레터 사이즈 영수증, 종이, 사무실 가정용 청구서",Winsing,45635,45635,4.2,19.0,"업그레이드된 내화성 소재 - 문서용 Winsing 내화성 아코디언 파일 오거나이저는 고품질의 가려움 방지 실리콘 수지 코팅 유리 섬유 3겹으로 업그레이드되어 최대 1,093.3°C(2000°F)의 온도를 견딜 수 있으며 SGS 테스트를 통과했습니다. 또한 방수 기능이 뛰어나 예상치 못한 사고 및 자연 재해에 대한 해결책으로 중요한 문서와 귀중한 물건을 위한 추가 을 제공합니다. 모든 가정에 꼭 필요한 아이템입니다 업그레이드된 대용량 - 손잡이가 달린 Winsing 아코디언 파일 오거나이저는 13개의 확장 가능한 파일 포켓, 총 26개의 포켓을 추가하여 다른 브랜드를 능가합니다. 또한 지퍼 포켓 2개, 카드 슬롯 12개, 작은 메시 포켓 8개, 중간 메시 포켓 8개, 35.6cm(14인치) 노트북을 넣을 수 있는 대형 포켓 1개가 특징입니다. 이 모든 것들은 손잡이가 달린 38 x 30 x 5cm(15.9 x 11.8 x 1.975인치) 대형 아코디언 폴더에 영리하게 통합되어 있습니다. 중요한 문서를 안전하게 보관하면서 파일을 정리하고 빠르게 찾을 수 있습니다 쉽게 정리할 수 있습니다 - 중요한 문서 정리함에는 26개의 포켓이 있으며, 48개의 색상 코드 라벨이 있어 테마나 목적에 따라 다양한 파일을 쉽게 분류할 수 있습니다. 혼란스럽고 무질서한 파일 상태에 작별을 고하세요. 또한, 이 문서 오거나이저 폴리오는 여권, 은행 카드, USB 드라이브, 영수증, 현금 및 기타 필수 품목을 효율적으로 보관하고 분류할 수 있습니다. 삶을 단순화하고 모든 것을 순서대로 유지하세요. 휴대용 및 안전성 - 여행용 문서 오거나이저는 손잡이가 있어 38 x 30 x 5cm(15.1 x 11.8 x 1.975인치) 크기로 A4/레터 사이즈 문서를 수용할 수 있습니다. 잦은 출장 여행객과 대학생에게 적합합니다. 내화성 문서 홀더는 중요한 파일을 안전하고 쉽게 운반할 수 있어 필요한 모든 것을 손이 닿는 곳에 보관할 수 있습니다 30일 번거로움 없는 반품 - Winsing 는 확장 가능한 모든 파일 오거나이저가 타사 테스트 기관의 내구성 및 기능 테스트를 거쳤음을 보장합니다. 고객 만족의 중요성을 이해하고 제품에 품질 문제가 있는 경우 언제든지 아마존을 통해 연락해 주십시오. 일주일 7일 24시간 고객 서비스를 제공합니다. 제품에 품질 문제가 있을 경우 신속하게 해결해 드리겠습니다. 대체 또는 a를 제공 제공 대체 환불",,"['파일', '포켓', '문서', '중요하다', '화성', '오거나이저', '아코디언', '업그레이드', '테스트']"
사무용품,파일링 제품,확장형 파일,,B0CLLGGCY2,Mr. Pen - 아코디언 파일 오거나이저,Mr. Pen,13836,13836,4.5,158.0,Mr. Pen - 아코디언 파일 오거나이저,Mr. Pen - 아코디언 파일 오거나이저,"['파일', '아코디언', '오거나이저']"
사무용품,파일링 제품,확장형 파일,,B06WLNDJF9,확장 가능한 휴대용 아코디언 파일 폴더 문서 지갑 서류 가방 PU 가죽 비즈니스 파일 정리함 가방 A4 및 글자 사이즈 13 포켓,Oak-Pine,30456,30456,4.2,61.0,"고품질 PU 가죽으로 제작되어 깨지거나 변형이 쉽지 않습니다. 크기: 12.99"" x 9.72"" x 1.77"", 매일 서류 보관에 적합합니다; A4 크기와 글자 크기에 맞습니다. 약 400 시트를 담을 수 있습니다. 작은 색상의 라벨에 따라 13개의 포켓이 있어 스타일리시한 외관으로 쉽게 파일을 분류하고 정리할 수 있습니다. 대용량 파일 폴더는 사무실 생활에서 좋은 보조입니다. 더 편안하고 내구성 있는 변형을 느껴보세요. 심플한 빈티지 디자인으로 패셔너블하고 엄숙합니다. 그들은 당신에게 오래된 느낌을 줄 수 있습니다. 따라서 매일 자신감과 개성을 담아 비즈니스 활동을 시작할 수 있습니다.","제품 소개: --가죽으로 제작된 다기능 아코디언 파일 폴더, 고품질의 우아하고 방수 기능. --다양한 포켓 디자인으로 문서를 관리하고 사용할 수 있습니다. --대용량 파일 폴더는 사무실 생활에서 좋은 보조입니다. --실용적이고 패셔너블한 새로운 디자인, 견고하고 편리하며 파일을 더 안전하고 안전하게 유지합니다. - 라벨이 있는 13개의 포켓 디자인이 문서를 더 쉽게 정리할 수 있어 작업 효율을 높일 수 있습니다. --폴더가 더 넓고 실용적이며 A4 사이즈나 글자 사이즈에 적합합니다. 소재: 폴리우레탄 가죽 치수: 12.99"" x 9.72"" x 1.77"" 패키지 포함: 1 x 파일 폴더","['파일', '폴더', '가죽', '포켓', '디자인', '글자', '문서', '정리', '제작', '아코디언']"
사무용품,파일링 제품,확장형 파일,,B0D4TLYNSD,"Accordian 파일 오거나이저, 7포켓 밀짚 확장 파일 폴더, 월간 지폐 영수증 오거나이저, 100% BPA 프리, 자연으로 돌아가기, 건강한 생활, 레터/A4 사이즈 - 3팩",EcoStash,27686,20761,4.4,19.0,"【밀짚 소재】Ecostash의 밀짚 아코디언 파일 오거나이저는 BPA 프리로 플라스틱 및 종이 파일 폴더에 비해 안전하고 건강합니다. 플라스틱 및 종이 걸이 폴더와 달리, 밀짚 소재는 재생 가능한 농업 폐기물에서 공급되어 석유 화학 플라스틱 및 산림 벌목에 대한 의존도를 줄입니다. 이는 온실 가스 배출을 줄이는 데 도움이 되며 지구의 생태를 보호하는 데 공동적으로 기여합니다. 【자연스러운 색상 선택】EcoStash 밀짚 확장 파일 폴더는 독특한 질감과 외관을 가지고 있습니다. 민트 그린, 스카이 블루, 밀 옐로우의 3가지 색상으로 제공됩니다. 다양한 색상을 사용하면 문서를 쉽게 정리하고 구별할 수 있습니다. 뛰어난 미학으로 일상적인 사용 시 자연의 숨결을 경험할 수 있으며 문서 정리 및 보호에 독특한 스타일을 더합니다. 【독특한 컬러 라벨】밝은 탈착식 컬러 라벨이 장착된 탭은 선명하고 읽기 쉬워 한 눈에 찾을 수 있습니다. 컬러 라벨에는 미리 인쇄된 월 라벨과 빈 라벨이 포함되어 있어 분류 및 식별 요구 사항을 더욱 지원합니다. 【완벽한 확장】아코디언 디자인은 사용 중에 충분한 확장 공간을 보장하여 더 많은 파일을 저장할 수 있으며 사용하지 않을 때 탄성 밴드로 압축 및 고정할 수 있어 수명을 위한 더 많은 공간을 제공하고 편리함을 향상시킵니다. 유연한 커버와 두 개의 신축성 있는 밴드로 내부에 몇 개의 파일이 있더라도 폴더를 안전하게 닫을 수 있습니다. 【인생을 더 재미있게 만들어주세요】EcoStash 폴더는 단순한 폴더가 아닙니다. 시트, 티셔츠, 생활 설명서(한글이 아닐 수 있음), 레시피, 삽화, 건강 보고서, 비닐 시트 및 기타 물건을 보관하는 데에도 사용할 수 있습니다. 다양한 색상으로 다양한 기분을 생생하게 만듭니다. 작은 것들이 삶을 더 단순하게 만듭니다.",,"['폴더', '파일', '라벨', '확장', '밀짚', '컬러', '독특하다', '플라스틱', '건강하다', '오거나이저']"
사무용품,파일링 제품,확장형 파일,,B0C247JN5M,"Antner 8포켓 확장 파일 폴더 아코디언 파일 오거나이저, A4 레터 사이즈 종이 문서용, 라벨이 있는 귀여운 색상의 확장 가능한 파일 폴더, 학교 사무실용 휴대용 아코디언 파일 폴더",Antner,9681,9681,4.5,184.0,"재무 서류, 청구서, 소득세 및 법원 서류 작업에 이상적입니다. 확장 가능하고 컴팩트하여 보관이 쉽습니다. 정리 기능과 우수한 품질로 포장되어 가격 대비 훌륭한 가치를 제공합니다 다용도 미적 파일 오거나이저로 삶을 간소화하세요! 학생들에게 매우 기능적이며 숙제, 수업 노트, 파일, 레시피 또는 어린이 작품을 관리하는 데 적합합니다 가벼운 디자인과 생생한 색상이 특징인 포트폴리오 오거나이저는 기능성과 스타일을 결합했습니다. 안전한 스냅 클로저로 모든 것이 제자리에 고정됩니다. 포트폴리오 정리함으로 스타일을 유지하세요 Antner 폴더는 작고 가벼워 32.5 x 23.4cm(12.8 x 9.25인치)로 휴대가 쉽습니다. A4/레터 사이즈 문서에 맞게 설계되었으며 부피가 큰 바인더에 대한 세련된 대안을 제공합니다. 휴대용 디자인으로 회의나 학교에 갈 때 이동 중에도 사용하기에 적합합니다 서류 작업을 잘 관리하세요. 8개의 포켓과 12개의 스티커 라벨이 있어 주제별로 문서를 쉽게 정리할 수 있습니다. 편리한 정리 시스템으로 중요한 파일을 안전하게 보관하고 효율적으로 분류하고 찾을 수 있습니다",,"['파일', '정리', '폴더', '휴대', '확장', '문서', '서류', '가볍다', '관리', '디자인']"
사무용품,파일링 제품,확장형 파일,,B08L497PKJ,"내화성 방수 문서 가방 24 포켓 확장 파일 폴더/아코디언 파일 오거나이저, 확장 가능한 커버/휴대용 잠금 코드 A4 레터 사이즈 파일 박스, 여행용 파일 오거나이저",XIAODUN,41536,41536,4.3,436.0,내구성 있는 구조: 오래 사용할 수 있도록 내화성 및 방수 소재로 제작되었습니다. 편리한 정리: 문서와 영수증을 아코디언 파일로 정리할 수 있는 24개의 포켓이 있습니다. 휴대용 디자인: 접을 수 있고 가벼워 이동 중에도 문서를 휴대하기에 적합합니다. 안전한 보관: 확장 가능한 커버와 잠금 가능한 코드가 있어 보안을 강화합니다. 호환 사이즈: 다양한 용도로 사용할 수 있도록 표준 편지와 A4 크기의 문서에 맞습니다.,,"['파일', '문서', '휴대', '확장', '가능하다', '아코디언', '커버', '정리', '화성', '포켓']"
사무용품,파일링 제품,확장형 파일,,B0CG1B83Q7,"아코디언 파일 오거나이저, 13포켓 중요 문서 오거나이저, 확장 파일 폴더, 지퍼 및 라벨 포함, 편지, A4, 영수증용 멀티 포켓 종이 오거나이저 폴더, 문서를 안전하게 정리",IFUCTYE,33226,33226,4.6,121.0,"확장 파일 정리함: 다양한 유형의 여권, 출생 증명서, 제목 및 기타 중요한 서류와 함께 추가 신용 카드 및 물건이 정리함에 있어 중요한 서류를 한 곳에 쉽게 보관할 수 있습니다. 아코디언 폴더가 있는 바인더: 13칸 대용량 분류 보관, 다채로운 라벨이 있는 A4 사이즈 용지로 자유롭게 쓰고 표시할 수 있어 파일을 쉽게 분류할 수 있어 확인할 때 한 눈에 명확하게 볼 수 있습니다. 이중 지퍼 풀러 및 핸들 디자인: 폴더 오거나이저 바인더는 이중 지퍼 디자인으로 종이와 기타 물건을 훨씬 더 안전하게 보관할 수 있으며 편리하게 열고 닫을 수 있습니다. 양방향 지퍼는 아무것도 떨어지지 않도록 합니다. 외출 시 쉽게 휴대할 수 있는 손잡이. 중요 문서 바인더: 영수증, 가정용 유틸리티 및 비용 기록, 은행 업무에 필요한 조직을 파일링 시스템을 수용할 수 있는 쉽게 접근할 수 있는 포켓에 제공합니다. 문서 정리함은 집에서 사무실 방식으로 적용하여 모기지 서류를 한 곳에 보관하거나 세금 시즌 영수증을 보관할 수 있습니다. 대용량 보관 디자인: 아코디언 파일 홀더 13개, 펜 슬롯 3개, 휴대폰 슬롯, 지폐 보관 그리드, 태블릿 배치 포켓, 모든 파일을 다룰 수 있는 오거나이저 1개만 있으면 시간과 비용을 절약할 수 있습니다.",,"['파일', '오거나이저', '지퍼', '문서', '폴더', '포켓', '정리', '보관', '영수증']"
사무용품,파일링 제품,확장형 파일,,B0CL3YFYJF,"확장 파일 폴더/아코디언 파일 오거나이저/휴대용 파일 박스, 문서 용지 영수증 청구서 정리함용 손잡이가 있는 13개의 포켓 확장 가능한 파일 폴더, A4/레터 사이즈, 컬러 탭, 블랙 매트",MARATI,19376,19376,4.5,9.0,"✔【우수성】 두꺼운 스트랩은 파일 오거나이저의 뚜껑에 잘 박음질되어 있으며 상단에 손잡이가 있으며 뚜껑은 아름다운 버클로 하단에 연결되어 폴더가 즉시 다르게 보입니다. 많은 양의 문서를 파일 폴더에 보관할 때 모든 중요한 문서를 쉽게 제거할 수 있으며 버클은 파일의 안전을 보호하는 데 적합하며 전통적인 아코디언 파일 오거나이저에서 성공적으로 업그레이드되었습니다. ✔【주요 섹션】파일 폴더 오거나이저의 뚜껑은 연장선과 조절 가능한 운반 손잡이로 설계되었습니다. 파일 폴더의 내부는 점점 더 많은 문서를 넣을 때 원하는 대로 완벽한 위치로 완전히 확장하고 조정할 수 있습니다. 유용하고 패셔너블한 확장 파일 폴더입니다. ✔【안전한 소재】확장 가능한 파일 폴더는 고품질 폴리프로필렌과 폴리에스터로 만들어졌으며 다른 파일 폴더보다 20% 이상 두껍습니다. 데스크톱에 독립적으로 세울 수 있어 쉽게 깨지거나 변형되지 않습니다. 100% 방수, 무독성, 냄새 없음, 마모 방지, 찢어짐 및 습기 방지. ✔【확장 및 대용량】13가지 색상 포켓 파일 폴더는 A4 용지 및 레터 크기에 적합하며 중요한 파일과 문서를 쉽게 보관하고 정리할 수 있습니다. 접이식 사이즈는 33 x 24.1 x 5.1cm(13 x 9.5 x 2인치)이며 5.1cm(2인치)에서 33cm(13인치)까지 확장할 수 있습니다. 문서 정리함의 각 포켓은 3.3cm(1.3인치)까지 확장할 수 있습니다. 약 1500장 이상의 시트를 담을 수 있습니다. ✔【다양한 용도】파일 캐비닛 파일 수업, 학생을 위한 숙제, 중요한 문서, 청구서, 영수증, 사업가를 위한 종이, 파일 요리 메뉴, , 파라던트 설명서(한글이 아닐 수 있음). 필요한 모든 문서를 집, 학교, 도서관, 회의실로 쉽게 휴대할 수 있습니다 ✔【위험 부담 없음】24시간 온라인 서비스, 모든 소비자의 질문에 적시에 답변합니다. 어떠한 이유도 없이 반품을 받아들이고 만족하지 못한 제품에 대해서는 100% 환불을 받을 수 있습니다.",,"['파일', '폴더', '확장', '문서', '가능하다', '정리', '포켓', '손잡이', '뚜껑', '중요하다']"
사무용품,파일링 제품,확장형 파일,,B0CQ492FTD,"Ddaowanx 확장 파일 폴더, 레터 A4 사이즈 아코디언 플라스틱 파일 오거나이저, 포켓 폴더 5개, 라벨이 있는 미적 폴더, 학교 사무용품용 종이 정리함 (보헤미안 프린트 3)",Ddaowanx,9681,9681,4.6,153.0,"【미적 색상의 뛰어난 디자인】: 이 귀여운 폴더는 우아한 패턴 디자인과 눈길을 끄는 색상이 특징이며, 정리 과정에 개성을 더합니다 【쉬운 정리 유지】: 이 확장 파일 폴더는 종이를 쉽게 분류하고 정리할 수 있습니다. 탭이 있는 5개의 포켓으로 제목이나 작업별로 분류할 수 있으며, 다채로운 라벨로 빠르게 검색하고 찾을 수 있습니다 【두꺼운 플라스틱 및 오래 지속됨】: 폴더는 무거운 중성 폴리 플라스틱으로 만들어져 종이 소재보다 우수하여 찢어짐 및 방수 기능이 있으며 세척하기 쉽습니다. 이 포켓 폴더의 폴리 소재는 학년 내내 사용할 수 있도록 훨씬 내구성이 뛰어납니다 【더 큰 용량을 위한 업그레이드된 스파인】: 확장 가능한 척추 디자인의 이 아코디언 폴더는 너무 많이 부피가 크지 않고 250장 이상에 맞도록 신축성이 뛰어납니다. 쉽게 찌그러질 수 있는 일반 가시와 달리, 당사의 척추는 품질을 위해 만들어졌으며 운송 중에 쉽게 변형되지 않습니다 【표준 레터 사이즈】: 33 x 25.4cm(13 x 10인치). A4/레터 사이즈에 맞습니다. 휴대가 편리한 사이즈. 부피가 크지 않고 백팩에 완벽하게 맞는 바인더를 위한 이상적인 대안입니다. 서류를 회의나 학교에 쉽게 가져갈 수 있습니다",,"['폴더', '정리', '디자인', '확장', '종이', '플라스틱', '파일', '포켓', '척추', '아코디언']"
사무용품,파일링 제품,확장형 파일,,B0786W3DZ1,"꽃무늬 프린트 캔버스 A4 사이즈 13 포켓 확장 가능한 파일 폴더 아코디언 문서 오거나이저, 휴대용 손잡이 포함",Ozzptuu,20719,20719,4.6,279.0,"소재: 고품질 캔버스 소재, 쉽게 부서지거나 변형되지 않습니다. 사이즈: 13.78x11.02인치/35x28cm로 일상적인 서류 정리 및 보관에 적합합니다. A4 크기 및 레터 사이즈 용지에 맞습니다. 휴대용 손잡이 디자인으로 무거운 파일을 견딜 수 있습니다. 13개의 포켓, 태그 슬롯으로 파일을 쉽게 분류하고 정리할 수 있습니다. 지퍼 디자인으로 파일을 더 잘 보호합니다. 대용량 파일 폴더는 사무실 생활에 도움이 됩니다.","이 정리함은 중요한 문서, 인증서, 청구서, A4 파일 또는 기타 모든 것을 정리할 수 있는 가장 좋은 방법입니다. 확장 가능한 파일 폴더는 아코디언처럼 열리며 칸막이 탭 인서트가 함께 제공됩니다. 13개의 포켓이 있어 파일을 단단히 닫아 보관할 수 있으며 이 아코디언 오거나이저 폴더로 깔끔하게 정리할 수 있습니다. 대용량 파일 폴더는 사무실 생활에 도움이 됩니다. 사양: 소재: 캔버스 및 옥스포드 천 사이즈: 13.78x11.02인치/35x28cm 패키지 포함: 1 x 확장 파일 폴더","['파일', '폴더', '정리', '포켓', '캔버스', '아코디언', '확장', '휴대', '오거나이저', '도움']"
사무용품,파일링 제품,확장형 파일,,B0BX39R7L6,"7개의 포켓이 있는 확장 파일 폴더 10팩, 플라스틱 확장 가능한 파일 홀더 오거나이저 레터 사이즈 21.6 x 27.9cm(8.5 x 11인치) 종이 문서 영수증 보관 사무실 가정 학교 용품용",OSIMIG,41536,41536,4.6,34.0,"7포켓 & 대형 제품 용량: 7개의 포켓이 있는 10개의 파일 폴더를 받게 되며, 크기는 32.8 x 22.9cm(12.8 x 8.9인치)입니다. 최대 500장의 용지, 단일 파일 폴더 이상의 훨씬 더 많습니다. 다채로운 인덱스 스티커는 폴더의 내용을 쉽게 분류하고 파일을 효과적으로 찾을 수 있습니다. 방수 소재 및 간편한 휴대: 프리미엄 친환경 폴리프로필렌 플라스틱 소재로 만든 컬러 장기 문서. 냄새가 없고 무독성이며 방수 기능이 있어 문서를 젖거나 손상된 상태로 보관할 수 있습니다. 가볍고 편안하여 휴대가 편리합니다. 멀티 컬러 디자인: 7가지 색상의 7개의 포켓 파일 폴더는 주제별로 정리할 수 있습니다. 작은 색상의 라벨 스티커와 컬러 내부 디자인으로 파일을 편리하게 분류할 수 있어 지저분함 없이 모든 것을 순서대로 정리할 수 있습니다. 버튼 디자인 클로저가 있어 파일 보안을 보장합니다. 플라스틱 폴더를 열고 닫을 수 있어 더 편리하고 시간을 절약할 수 있습니다. 다기능 적용: 송장, 종이, 편지, 교육 종이, 회의 메모, 개인 파일, 영수증 및 기타 문서를 보관하는 데 사용할 수 있습니다. 학교, 사무실, 가정, 일상 글쓰기, 문자 및 페인팅 또는 친구를 위한 선물로 적합합니다. 휴대용 및 시간 절약: 당사의 파일 폴더 A4 레터 사이즈는 휴대용으로 적합합니다. 학교, 사무실, 회의에 파일을 가져갈 수 있는 최고의 선택입니다. 어디를 가든 안전하고 쉽게 가져갈 수 있습니다. 사무실 정리, 학교 과목 정리 및 어린이 파일 정리에 많은 시간을 절약할 수 있습니다.",,"['파일', '폴더', '정리', '휴대', '사무실', '문서', '학교', '포켓', '편리하다', '디자인']"
사무용품,파일링 제품,확장형 파일,,B0BB2LCW4L,"27.9x43.2cm(11x17인치) 아코디언 파일 오거나이저 13포켓 27.9x43.2cm(11x17인치) 포트폴리오 폴더, 손잡이 포함, 문서 오거나이저, 지퍼 잠금 및 스티커 라벨 포함, 옥스포드 천 엣지 반투명 1팩",Acocony,55386,55386,4.9,20.0,"제품 사이즈: 27.9x43.2cm(11x17인치) 파일 폴더 오거나이저 길이 46.7cm(18 4/5인치), 너비 35.6cm(14인치), 두께 3.8cm(1 4/5인치). 원장/법률/A3 사이즈 용지 및 문서를 보관하기에 적합합니다. 고품질 소재: Leger 확장 파일 폴더는 고품질 폴리프로필렌으로 만들어졌으며 방수 기능이 있으며 세척이 쉽습니다. 지퍼와 옥스포드 천 가장자리가 장착되어 찢어짐 방지 및 내구성이 뛰어납니다. 쉬운 분류: 어린이 작품을 위한 오버사이즈 27.9x43.2cm(11x17인치) 아트 포트폴리오로 파일 정렬이 용이하도록 13개의 포켓이 있습니다. 문서와 그림을 카테고리로 분리하세요. 휴대용 디자인: 지퍼와 손잡이가 달린 27.9 x 43.2cm(11 x 17인치) 아트 포트폴리오 케이스로 쉽게 꺼내고 넣을 수 있습니다. 학교, 가정 및 사무실을 위한 많은 초대형 책과 문서를 쉽게 휴대할 수 있습니다. 다양한 용도: 27.9 x 43.2cm(11 x 17인치) 포트폴리오 가방은 학교, 가정, 사무실에 적합합니다.","손잡이가 달린 27.9 x 43.2cm(11 x 17인치) 지퍼 바인더에는 포켓 13개, 반투명 반투명, 옥스포드 천 가장자리, PP 소재, 방수 및 방진, 세척이 쉽고, 문서 분류가 쉬운 13개의 포켓이 포함되어 있습니다. 27.9 x 43.2cm(11 x 17인치) 파일 백은 문서, 그림, 디자인 초안 등을 휴대하기 편리합니다. 사무실에서 좋은 도우미입니다.","['문서', '파일', '지퍼', '포트폴리오', '포켓', '옥스포드', '손잡이', '사무실', '천', '반투명']"
사무용품,파일링 제품,확장형 파일,,B0CMLT3SRQ,"플라스틱 봉투 9개, 24.9 x 19.1 x 7.6cm(9.8 x 7.5 x 3인치) 9가지 색상 문서 파일 폴더, 스냅 클로저 및 포켓 포함, 멀티컬러 방수 A5 파일 지갑 문서 정리함 보관, 학교 홈 오피스용",HOIGON,29071,29071,,,"간편한 정리 - 이 플라스틱 봉투 9팩은 화이트, 블루, 그린, 퍼플, 옐로우, 레드, 오렌지, 핑크, 카키 등 9가지 생생한 색상으로 제공됩니다. 이 다채로운 문서 파일 폴더를 사용하면 파일을 쉽게 분류하고 찾을 수 있습니다. 방수 및 내구성 - 고품질 방수 PP 소재로 제작된 이 24.9 x 19.1 x 7.6cm(9.8 x 7.5 x 3인치) 플라스틱 폴더는 A5 용지를 습기, 흘림 및 마모로부터 보호하도록 설계되었습니다. 내구성이 뛰어나고 오래 지속되어 문서를 최상의 상태로 유지합니다. 사려 깊은 디자인 - 각 다양한 색상의 문서 폴더에는 추가 보관을 위한 편리한 포켓이 있습니다. 명함, 메모 또는 라벨과 같은 작은 물건을 가까이에 보관하세요. 편리한 스냅 클로저로 파일이 손실되지 않습니다. 다용도 - 이 다채로운 플라스틱 파일 폴더는 문서에만 사용할 수 없습니다. 사진, 공예품, 작은 사무용품 또는 여행 정리함으로도 사용할 수 있습니다. 컴팩트한 크기와 견고한 디자인으로 다양한 용도에 적합합니다. 위험 부담 없는 쇼핑 - 저희는 고객을 매우 소중히 여기며 구매에 완전히 만족하기를 바랍니다. 탁월한 고객 서비스로 구매 후 걱정할 필요가 없습니다.",,"['파일', '문서', '폴더', '플라스틱', '정리', '방수', '보관', '스냅', '봉투', '디자인']"
사무용품,파일링 제품,확장형 파일,,B0CLX591PC,"2팩 13포켓 확장 파일 폴더 및 커버 폴더, 라벨 포함, 미니 확장 가능한 파일 폴더 오거나이저, 지갑, 문서 정리함, 사무실, 교실, 가정용 (블루, 라이트 핑크)",Harloon,17991,17991,4.2,12.0,"패키지 구성: 2가지 색상으로 파일 폴더를 확장하는 13개의 포켓 2팩, 각 색상 1개, 작은 컬러 라벨 스티커 2개가 제공되어 물건을 명확하게 분류할 수 있어 사용, 교체 또는 공유 요구 사항을 충족할 수 있습니다 컴팩트한 휴대성: 약 26 x 14cm(10.2 x 6인치) 크기의 이 확장 가능한 폴더는 휴대가 간편한 편리한 크기로 제공됩니다. 휴대용 디자인으로 학교, 사무실 또는 가방에 넣어 쉽게 운반할 수 있습니다 고품질 소재: 학교용 폴더는 고품질 PP 소재로 제작되어 쉽게 부러지거나 변형되지 않으며 신뢰성과 견고함을 자랑합니다. 방수 디자인으로 파일, 바우처 또는 영수증을 손상으로부터 보호하고 양호한 상태로 유지합니다 생생한 컬러 인서트: 포켓 폴더는 다양하고 생생한 색상으로 제공됩니다. 각 포켓의 다채로운 인서트는 시각적 매력을 더욱 향상시켜 작업 공간에 밝기를 더하는 동시에 문서를 쉽게 분류하고 정리할 수 있습니다 다기능 및 다용도: 대용량의 파일 폴더 오거나이저는 다양한 용도로 사용할 수 있습니다. 이 폴더는 과제를 보관하기 위해 학교, 쿠폰 정리를 위해 가정, 또는 일상 영수증, 바우처 및 청구서를 유지하기 위해 사무실에 사용할 수 있습니다. 단순하면서도 클래식한 디자인은 어떤 환경에도 적합합니다",,"['폴더', '파일', '확장', '포켓', '휴대', '정리', '학교', '디자인', '사무실', '가정']"
사무용품,파일링 제품,확장형 파일,,B0CLYDZBWN,"4팩 13포켓 확장 파일 폴더 및 커버 폴더, 라벨 포함, 미니 확장 가능한 파일 폴더 오거나이저 지갑, 확장 가능한 지갑, 영수증 청구서 티켓 카드용, 25.9 x 15.2cm(10.2 x 6인치) (프레시 색상)",Geyoga,24916,24916,4.2,13.0,"패키지 구성: 4가지 색상의 13개의 포켓 확장 파일 폴더와 4장의 라벨 스티커가 제공됩니다. 일상적인 요구 사항을 충족할 뿐만 아니라 교체하기에 충분합니다. 또한 다양하고 생생한 색상으로 개인 미학에 따라 자유롭게 정리할 수 있습니다 컬러 폴더와 세련된 기능의 만남: 확장 파일 오거나이저는 핑크, 라이트 핑크, 그레이, 블루를 포함한 4가지 색상으로 제공됩니다. 재미있고 생생한 색상으로 파일을 쉽게 분리할 수 있을 뿐만 아니라 일상 작업에 생동감을 더합니다. 또한 각 폴더에는 라벨 스티커가 함께 제공되어 정리 과정을 간소화합니다 미끄럼 방지 표면이 있는 신뢰할 수 있는 소재: 이 폴더 오거나이저는 PP 소재로 만들어져 실용적이고 신뢰할 수 있으며 오랫동안 사용할 수 있습니다. 향상된 방수 기능으로 파일을 양호한 상태로 유지하고 잠재적인 파손으로부터 보호합니다 모든 필요에 맞는 다목적 정리함: 사무실이나 학교에서만 사용할 수 있습니다. 이 포켓 파일 폴더는 가정의 요구 사항에도 적합합니다. 심플한 디자인과 유틸리티로 모든 파일을 잘 정리할 수 있는 훌륭한 도구입니다 미니하지만 강력한 대용량 바인더: 작지만 칸막이가 있는 휴대용 폴더는 모든 일일 영수증, 티켓, 바우처, 수표, 청구서, 스티커 메모 및 명함을 편안하게 보관할 수 있어 편리합니다",,"['폴더', '파일', '확장', '정리', '스티커', '포켓', '라벨', '티켓', '신뢰', '생생하다']"
사무용품,파일링 제품,확장형 파일,,B001L1RFIW,"Smead TUFF 파일 지갑, 17.8cm(7인치) 확장, 플랩 및 코드 클로저, 엑스트라 와이드 리갈 사이즈, 레드로프, 박스당 5개(71167)",SMEAD,121741,74360,4.5,125.0,"5개의 엑스트라 와이드 리걸 사이즈(너비 39.5 x 높이 25.4cm(15-3/8 x 10 인치)) TUFF 확장 파일 지갑이 포함되어 있으며 탭 폴더를 보관하고 보호할 수 있도록 17.8cm(7 인치)의 완전히 확장되는 단일 포켓이 있습니다 추가 너비로 상단 탭 파일 폴더를 내부에 넣을 수 있으며, 신축성 있는 코드가 있는 상단 플랩은 내용물이 완전히 확장될 때 문서를 보관합니다 전체 높이 거싯은 찢어짐 방지 소재로 전체 안감을 덧대어 내구성을 높이고 상단의 롤오버 찢어짐 방지 보강으로 파일과 서류를 안전하게 보호합니다 클래식하고 유행을 타지 않는 리드롭 외관은 전문적인 매력을 더해주며, 신축성 있는 코드 클로저가 있는 튼튼한 플랩은 운송 중에 내용물을 보호하고 고정하여 문서를 안전하게 유지합니다 미국에서 자랑스럽게 제작된 이 휴대용 파일 지갑은 30% 재활용 소재, 30% 소비자 사용 후 소재를 포함하고 있으며 SFI 소싱 인증을 받았습니다","Smead의 TUFF 확장 파일은 빠르게 운반해야 하는 많은 양의 서류를 정리할 수 있도록 설계되었습니다. 추가 너비와 아코디언 스타일 측면으로 상단 탭 파일 폴더를 튀어나오지 않고 내부에 넣을 수 있어 중요한 파일을 회의에 쉽게 가져갈 수 있습니다. 각 지갑에는 여러 관련 문서를 보관하고 물건을 정돈된 상태로 보관할 수 있는 단일 포켓이 있습니다. 풀 포켓 확장은 17.8cm(7인치)입니다. 보호 플랩과 코드 클로저가 있는 5개의 리걸 사이즈(너비 39.5cm x 높이 25.4cm(15-3/8 x 10인치)) TUFF 확장 파일이 포함되어 있습니다. 전체 높이 거싯은 찢어짐 방지 소재로 전체 안감 처리되었으며 상단은 롤오버 찢어짐 방지 보강이 특징입니다. Redrope 외관은 전문적인 외관을 제공하여 확장 파일 지갑을 변호사, 회계사, 은행 등에게 가장 좋아하는 것으로 만듭니다. 신축성 있는 코드 클로저가 있는 튼튼한 플랩은 보호 및 보안을 강화하여 어디를 가든 문서를 자신 있게 휴대할 수 있습니다. 자랑스러운 미국산. 30% 재활용 소재, 30% 소비자 사용 후 재료를 포함하고 있으며 SFI 소싱 인증을 받았습니다.","['파일', '확장', '상단', '플랩', '보호', '지갑', '전체', '클로저', '방지', '문서']"
사무용품,파일링 제품,확장형 파일,,B0CPM3CR2Y,"Sooez 24포켓 아코디언 파일 오거나이저, 레터 사이즈, 내구성 있는 비건 가죽 확장 파일 폴더, 종이 청구서 세금 영수증 오거나이저, 빈 라벨이 있는 대용량 문서 홀더, 다크 그레이",Sooez,13836,13836,4.6,404.0,"최대 보호 및 내구성: 강화된 패브릭 측면이 있는 튼튼한 소재로 제작된 이 업그레이드된 파일 정리함은 중성, PVC 프리 및 보관 품질로 중요한 문서, 청구서, 세금, 영수증 등을 안전하게 보관할 수 있습니다. 효율적인 보관 및 분류: 정확한 분류와 쉬운 액세스를 위해 설계된 24개의 포켓이 있는 당사의 파일 폴더는 2년 분량의 문서를 보관하고 서류를 정리하기에 적합합니다. 포함된 빈 라벨로 각 포켓에 라벨을 쉽게 붙일 수 있어 빠르고 쉽게 식별할 수 있습니다. 넉넉한 수납 공간: 길이 33cm x 높이 24.9cm x 너비 4.8cm - 66cm(13인치 x 9.3인치 x 1.9-26인치) 크기의 아코디언 파일 폴더는 66cm 이상으로 늘어날 수 있으며 4000장 이상의 종이 문서를 보관할 수 있습니다. 가정, 사무실 및 학교용으로 적합합니다. 확장 가능한 데스크탑 폴더: 파일 수가 증가함에 따라 파일 폴더를 다양한 너비로 확장할 수 있습니다. 책상 위에 단독으로 세울 수 있으며 최대 용량으로 꺼낼 때 넘어지지 않습니다. 각 포켓은 작은 물체가 움직이지 않도록 바닥에 완전히 밀봉되어 있습니다. 전문적인 룩 향상: Sooez 24 포켓 확장 파일 폴더는 세련된 PU 가죽 소재와 골드 하드웨어를 특징으로 하여 모든 작업 공간에 세련되고 전문적인 액세서리입니다.",,"['파일', '폴더', '포켓', '확장', '문서', '보관', '세금', '전문', '정리', '라벨']"
사무용품,파일링 제품,확장형 파일,,B07H169B7Q,"Smead 100% 재활용 확장 파일 지갑, 플랩 및 코드 클로저, 5.1cm(2인치) 확장, 레터 사이즈, 레드로프, 박스당 10개 (77170)",SMEAD,44153,44153,4.5,570.0,10개의 레터 사이즈(너비 29.4cm x 높이 24.1cm(11-3/4 x 9-1/2인치)) 재활용 확장 파일 지갑이 포함되어 있어 파일 포켓의 추가 용량을 제공하며 보호 커버 플랩의 안전성을 더합니다 튼튼한 커버 플랩은 보안과 보호 기능을 제공하므로 어디를 가든 자신 있게 파일을 휴대할 수 있습니다. 신축성 있는 코드로 플랩을 깔끔하고 안전하게 닫을 수 있습니다 전체 높이의 아코디언 스타일 거싯은 최대 5.1cm(2인치)까지 확장되어 최대 400페이지를 담을 수 있는 충분한 용량을 제공합니다. 학교 환경을 포함한 다양한 용도에 적합합니다 클래식하고 유행을 타지 않는 리드랍 외관은 전문적인 매력을 더하여 이 다용도 파일 지갑은 이동 중에도 눈에 띄는 인기 아이템이 됩니다. 다양한 확장 사이즈로 제공됩니다 환경을 생각하는 사무실에 적합하며 미국에서 자랑스럽게 제작된 이 휴대용 싱글 포켓 파일은 100% 재활용 재료와 30% 소비자 사용 후 재료를 포함합니다,"휴대할 수 있는 정리를 위한 완벽한 솔루션인 Smead 100% 재활용 확장 파일 지갑은 빠르게 운반해야 하는 많은 양의 서류를 정리할 수 있도록 설계되었습니다. 보호 플랩과 신축성 있는 코드 클로저가 있는 레터 사이즈(너비 29.2cm x 높이 24.1cm(11-3/4 x 9-1/2인치)) 확장 파일 지갑 10개가 포함되어 있습니다. 유행을 타지 않는 리드롭 외관은 전문적인 외관을 제공하여 이 확장 파일은 쉽게 파일링하고 정리할 수 있는 인기 제품입니다. 신축성 있는 코드 클로저가 있는 견고한 플랩은 보호 및 보안을 강화하여 단일 프로젝트에 대한 모든 문서를 함께 보관하고 어디를 가든 휴대할 수 있습니다. 전체 높이 거싯은 최대 5.1cm(2인치)까지 확장되어 최대 400페이지를 위한 충분한 저장 공간을 제공합니다. 자랑스러운 미국산. 환경을 생각하는 사무실에 적합한 이 휴대용 멀티 포켓 파일 오거나이저는 100% 재활용 소재, 30% 소비자 사용 후 재료를 포함하고 있으며 SFI 소싱 인증을 받았습니다. • 혁신과 품질의 풍부한 유산. 효율적인 문서 관리를 위한 솔루션을 제공하는 세계 최고의 공급업체인 Smead는 고품질의 환경 친화적인 제품 및 혁신적인 조직 시스템으로 잘 알려진 여성 소유 회사입니다. Smead는 한 세기 이상 하나의 목적을 위해 최선을 다하고 있습니다","['파일', '확장', '플랩', '휴대', '지갑', '재활용', '보호', '환경', '정리', '재료']"
사무용품,파일링 제품,확장형 파일,,B08ZXH7JZW,"확장 파일 폴더 4팩, 3m(10.4피트) 15.7m(5.5피트) 영수증 오거나이저 파일 폴더, 영수증, 쿠폰, 수표, 티켓용 포켓 12개 포함 - 방수",HYUNLAI,23531,23531,4.4,88.0,"❤❤다용도 파일 오거나이저: 학교, 사무실 및 집에서 사용하기에 적합한 아코디언 파일 폴더는 영수증, 쿠폰, 학교 노트 등을 보관할 수 있습니다. 파일 폴더는 방수 및 찢어짐 방지 기능이 있습니다. ❤❤오거나이저 폴더: 이 영수증 오거나이저는 잡을 수 있는 줄이 있어 영수증을 12개의 포켓에 넣어 작은 물건을 정리할 수 있습니다. 각 공간에 메모가 있어 많은 작은 물건을 쉽게 보관할 수 있습니다. ❤❤미끄럼 방지 표면: PP 플라스틱으로 만들어져 엉성하지 않고 쉽게 깨지지 않으며 방수 및 찢어짐 방지, 패션 및 매트 표면 효과. ❤❤접이식 사이즈: 작고 편리한 미니 영수증 파일 크기 약 26.4 x 14cm(10.4 x 5.5인치), 참고: (A4 사이즈가 아님) ➤A4 사이즈가 아닙니다. 4가지 색상의 레드 블랙 블루 그린 폴더 정리가 포함되어 있습니다 ❤❤안전 보장: HYUNLAI 포켓 확장 파일은 높은 환경 품질과 안전 소재를 사용하여 작은 물건을 정리할 수 있습니다","HYUNLAI 전문 사무용품 공장입니다. 당사는 국경을 넘는 전자 상거래에 종사하는 잘 알려진 회사입니다. 저희는 소비자에게 고품질의 확장 파일 폴더를 제공하는 전문 팀을 보유하고 있습니다. 저희는 한 가지 목적을 위해 최선을 다하고 있습니다: 물건을 정리하고 안전하게 유지하는 것입니다!/이 확장 파일 폴더를 선택해야 하는 이유는 무엇입니까?/★기기 마무리가 걱정되십니까?/★소액 송장 분실이 걱정되십니까?/★파일 폴더의 기능이 걱정되십니까?/저희 영수증 오거나이저는 여러분에게 완벽합니다!/영수증 정리함은 가정, 사무실, 학교 및 기타 여러 장소를 위해 설계되었습니다./특징:/멀티 포켓 및 컬러 티슈 파일에는 영수증, 쿠폰 티켓 및 카드를 사용할 수 있습니다./건강 소재는 사용자에게 감염되지 않으며 독특한 냄새가 없습니다./영수증 정리함은 매일 사용하도록 설계되었습니다. 프레젠테이션, 조직 프로젝트, 사무실 보고서, 코스 프로젝트 등에 이상적입니다./당사의 제품 디자인 철학은 모든 내용을 여러 부분으로 나누어 조직의 스타일을 유지하는 데 도움이 되는 것입니다. 라벨에 문자를 쓰고 작은 구성 요소를 빠르게 찾을 수 있습니다./1년 걱정 없는 고객 서비스 및 30일 환불 서비스. 이 파일 오거나이저를 안심하고 선택할 수 있습니다./패키지 구성:/파일 폴더 4개(블랙+블루+오렌지+퍼플)/작은 라벨./참고: 질문이 있으시면 이메일을 통해 저희에게 연락하시면 최대한 빨리 해결해 드리겠습니다.","['파일', '영수증', '폴더', '정리', '작다', '포켓', '확장', '걱정', '물건', '방수']"
사무용품,파일링 제품,확장형 파일,,B0C6JJJ381,"4피스 확장 파일 오거나이저, 7포켓 확장 파일 커버 폴더, 라벨 폴더 포함, 포켓 파일 폴더 오거나이저, 여행 학교용(클래식 색상)",Harloon,24916,24916,4.7,19.0,"확장 파일 정리: 7개의 포켓이 있는 확장 파일 폴더 오거나이저를 사용하면 파일, 문서, 영수증 및 청구서를 효율적으로 분류하고 보관할 수 있습니다. 라벨이 있는 확장 가능한 포켓으로 그 어느 때보다 빠르게 올바른 파일을 찾을 수 있습니다. 그레이, 그린, 핑크 및 블루 색상으로 파일을 재미있고 쉽게 색칠할 수 있습니다 내구성 및 안전성: 이 멀티 포켓 폴더는 PP 소재로 만들어져 장기간 가정이나 사무실에서 사용하기에 이상적입니다. 신축성 있는 잠금 디자인으로 중요한 문서를 안전하게 보호합니다 적절한 사이즈: 이 포켓 폴더 오거나이저는 약 32.5 x 24.5cm(12.8 x 9.65인치) 크기/32.5 x 24.5cm(12.8 x 9.65인치)로 스크립트, 바우처 및 영수증과 같은 A4 크기의 문서를 보관하기에 이상적입니다. 이 크기는 컴팩트한 보관 및 이동 중에도 사용하기에 이상적입니다 다용도 및 다양한 용도: 이 7개의 포켓 확장 파일 폴더는 사무실이나 가정용에만 국한되지 않고 학교 프로젝트나 개인 포트폴리오를 순서대로 보관하는 데 좋습니다. 또한, 서신을 저장하거나 레시피 키퍼로도 사용할 수 있습니다 대부분의 경우에 어울리는 세련됨: 패키지에는 4개의 파일 폴더 정리함이 포함되어 있으며, 세련된 디자인과 생생한 색상 옵션으로 작업 공간에 세련되고 실용적인 추가 기능을 제공합니다. 보안 디자인은 앞으로 몇 년 동안 사용할 수 있으며 수업 및 사무실에서 사용하기에 적합합니다","특징: 확장 가능한 파일 폴더에는 사용할 수 있는 다채로운 라벨이 장착되어 있으며, 더 빠르게 식별할 수 있도록 표시할 수 있습니다. 당사의 휴대용 종이 홀더는 선생님과 학생에게 좋은 선물이며, 생일, 축제에 이 선물을 줄 수 있습니다. 그리고 다른 의미 있는 날들. 사양: 소재: PP 색상: 그레이, 그린, 핑크, 블루 사이즈: 약 12.8 x 9.65 인치/32.5 x 24.5 cm. 패키지 구성: 파일 폴더 정리함 4개. 참고: 수동 측정, 사이즈에 약간의 오차가 있을 수 있습니다. 화면 디스플레이의 차이로 인해 색상이 약간 다를 수 있습니다.","['파일', '폴더', '확장', '포켓', '문서', '세련되다', '사무실', '디자인', '라벨', '정리']"
사무용품,파일링 제품,확장형 파일,,B0C722ZZR4,"5포켓 수직 파일 폴더 확장 아코디언 폴더 - A4 레터 사이즈용 멀티 포켓 파일 오거나이저, 서류 정리 시스템에 완벽한 백팩 액세스 보장 (5팩 컬러풀)",yadooom,24916,24916,4.2,6.0,"대용량 및 수직 디자인: 너비 24cm(9.4인치) x 길이 34.5cm(13.6인치) 크기의 이 수직 파일 폴더는 21.6 x 27.9cm(8.5 x 11인치) 용지 100-150페이지를 수용할 수 있습니다. 5개의 확장 가능한 포켓이 특징이며, 다양한 문서에 적합한 다용도 파일 시스템을 제공합니다. 수직 파일 폴더와 일반 파일 관리 시스템 모두에 이상적이며 효율적인 정리 및 저장 공간을 제공합니다. 내구성이 뛰어난 휴대용 백팩 오거나이저: 견고한 폴리프로필렌으로 제작된 이 폴더는 가볍지만 내구성이 뛰어나 백팩 정리함으로 사용하기에 적합합니다. 견고한 구조로 수명을 보장하며, 휴대성이 뛰어나 학생, 전문가 또는 가정용으로 적합합니다. 다용도 및 쉬운 정리: 이 아코디언 스타일의 수직 폴더 시스템은 사무실, 학교 또는 가정을 위한 다기능 파일 정리 솔루션을 제공합니다. 확장 가능한 디자인과 맞춤형 라벨로 파일 정리 프로세스를 단순화합니다. 문서를 위한 정리 폴더 역할을 하며 휴대용 파일 폴더 오거나이저로 사용할 수 있어 여행, 일상 사용 및 세금 정리에 적합합니다. 여행 및 세금 조직에 이상적: 이 수직 파일 폴더는 효율적인 보관 및 보호 기능 덕분에 여행 및 세금 조직에 적합합니다. 백팩에 완벽하게 맞아 여행 및 세금 파일 정리함으로 사용할 수 있어 문서 분실에 대한 걱정을 없애줍니다. 플라스틱 폴더로 효율적인 보관 및 보호: 수직 파일 폴더 디자인을 활용한 이 폴더는 문서 안전을 보장하면서 효율적인 저장 공간을 제공합니다. 수직 확장 파일 폴더 시스템은 고정 포켓에 쉽게 삽입할 수 있어 추가 플랩이 필요하지 않으며 문서를 빠르고 편리하게 액세스할 수 있습니다. 스냅 클로저로 파일에 추가적인 보안을 제공합니다.","고품질의 다기능 파일 정리 솔루션을 찾고 계십니까? 더 이상 찾으실 필요 없습니다! 인상적인 디자인과 뛰어난 내구성을 특징으로 하는 이 대용량 수직 아코디언 파일 폴더를 소개하게 된 것을 자랑스럽게 생각하며 이상적인 파일 관리 동반자입니다./다채로운 선택: 저희 아코디언 파일 폴더는 옐로우, 그린, 오렌지, 퍼플, 블루 등 다양한 색상 옵션을 제공하므로 취향과 상황에 따라 가장 적합한 색상을 선택할 수 있습니다./적절한 수량: 각 세트에는 5개의 아코디언 파일 폴더가 포함되어 있어 일상적인 파일 정리 요구 사항을 충족할 수 있습니다. 집, 학교 또는 사무실에서 모든 것을 쉽게 다룰 수 있습니다./우수한 용량: 각 아코디언 파일 폴더는 너비 24 x 34.5cm(9.4 x 13.6인치) 크기이며 21.6 x 27.9cm(8.5 x 11인치) 용지를 담을 수 있으며 5개의 확장 가능한 포켓이 있어 100-150페이지의 문서를 수용할 수 있어 충분한 수납 공간을 제공합니다./경량 및 휴대성: 저희 아코디언 파일 폴더의 무게는 0.1kg(0.2파운드)에 불과하여 가볍고 휴대가 간편합니다. 백팩이나 파일 가방에 넣기에 적합하며 언제 어디서나 필요한 문서를 휴대할 수 있어 삶과 작업에 편리함을 제공합니다./세심한 디자인: 각 아코디언 파일 폴더는 고품질 폴리프로필렌으로 만들어져 방수 및 내구성이 뛰어나며 쉽게 손상되지 않아 장기간 사용할 수 있습니다. 세심하게 디자인된 확장 가능한 포켓과 라벨이 부착된 표시로 파일을 더 간단하고 정돈된 정리가 가능합니다./휴대용 디자인: 집, 학교 또는 사무실에 있든, 당사의 아코디언 파일 폴더는 필요한 문서를 휴대하기에 이상적인 선택이 될 것입니다. 가볍고 휴대가 간편하여 어디를 가든 휴대할 수 있어 파일 관리가 더 쉽습니다./고품질 소재: 당사의 아코디언 파일 폴더는 고품질 폴리프로필렌으로 만들어져 내구성이 뛰어나고 방수 기능이 있어 장기간 사용할 수 있습니다. 고품질 접착제로 파일 폴더가 내구성이 뛰어나고 쉽게 손상되지 않습니다./다기능 사용: 가정 청구서와 영수증을 깔끔하게 유지하거나 의료 영수증이나 설명서(한글이 아닐 수 있음)를 보관할 때 아코디언 파일 폴더는 모든 것을 쉽게 처리할 수 있습니다. 또한 많은 양의 빈 종이 양식을 수용할 수 있어 다양한 파일 관리 솔루션을 제공합니다./쉬운 접근: 파일 폴더의 수직 디자인으로 추가 커버 없이 문서를 고정 포켓에 쉽게 밀어 넣을 수 있어 파일에 빠르고 편리하게 액세스할 수 있습니다. 또한 다양한 크기의 설명서(한글이 아닐 수 있음)를 수용할 수 있어 파일을 깔끔하고 정돈된 상태로 쉽게 액세스할 수 있습니다./다채로운 표시: 각 파일 폴더는 밝은 색상으로 표시되어 각 포켓을 명확하게 볼 수 있으며 다양한 유형의 파일이 섞이지 않습니다. 따라서 파일을 더 간단하고 질서 있게 정리할 수 있습니다./단점 방지: 당사의 제품은 엄격한 품질 관리를 거쳐 솔기 분리, 얇은 비닐 봉투, 쉽게 손상된 폴더 바닥 및 열등한 재료 품질과 같은 일반적인 단점을 피합니다. 당사는 파일 관리에 대한 걱정을 없애기 위해 최고 품질의 파일 정리 솔루션을 제공하기 위해 최선을 다하고 있습니다./당사의 아코디언 파일 폴더는 백팩의 동반자가 되어 모든 파일 정리 및 관리 문제를 해결하여 삶을 더 편리하고 질서 있게 만듭니다.","['파일', '폴더', '정리', '아코디언', '휴대', '수직', '문서', '디자인', '포켓', '관리']"
사무용품,파일링 제품,확장형 파일,,B0BS73NDHR,"아코디언 파일 오거나이저 2개, 라벨이 있는 7포켓 확장 파일 폴더, A4 레터 사이즈 종이 문서 보관 영수증 오거나이저 휴대용 아코디언 파일 폴더 교실, 가정, 사무실용",Maimis,13836,13836,4.6,135.0,"【확장 가능 및 대용량】-파일 오거나이저는 각 슬롯의 용지를 분리하고 정리하여 보관합니다. 제품 사이즈: 길이: 33cm 높이: 24cm, 너비: 3.6cm. 확장 가능한 특성으로 약 350개 이상의 A4 용지를 담을 수 있습니다. 【휴대용 및 안전한 디자인】-아코디언 폴더의 풀 사이즈 유연한 플랩과 코드 클로저는 추가적인 보안을 제공합니다. 보관된 물건을 꺼내려면 덮개를 뒤로 접기만 하면 됩니다. 작업이 끝나면 플랩을 폴더 상단 위로 돌려 놓고 코드 클로저를 사용하여 제자리에 고정합니다. 【안정성 및 방수 소재】-알파벳 아코디언 폴더는 고품질 폴리프로필렌(PP) 플라스틱 소재(무독성 및 비방사성)로 만들어져 환경 친화적이며 쉽게 파손되거나 변형되지 않습니다. 방수 및 습기 방지 소재로 중요한 문서를 깨끗하게 유지할 수 있습니다. 【다양한 사용】- 당사의 확장 파일 오거나이저는 공과금, 송장, 편지, A4 용지 및 기타 문서를 정리하는 데 적합합니다. 학교, 사무실, 가정용으로 사용하거나 교사, 학생, 의사, 엔지니어, 디자이너, 연구원, 세일즈맨 등을 위한 완벽한 선물입니다 【더 많은 서비스】고객 만족을 위해 어떤 식으로든 쇼핑 경험이 완벽하지 않은 경우 즉시 저희에게 연락하여 귀하에게 적합하게 만들 수 있습니다. 우수한 품질과 최고의 고객 지원으로 실망시키지 않을 것입니다",,"['폴더', '파일', '아코디언', '확장', '문서', '보관', '용지', '클로저', '가정', '오거나이저']"
사무용품,파일링 제품,확장형 파일,,B0CNXHT6JT,"리갈 파일 오거나이저 4개, 대형 사이즈 포켓 13개, 문서용 핸들 폴더 포함, 휴대용 확장 작업 폴더 방수 PP 중요 문서 폴더 학교 사무실용 블랙",Mooliwe,35996,31841,5.0,2.0,"풍부한 4개 팩: 견고한 디자인을 다루는 월간 파일 폴더는 4개 팩으로 제공됩니다. PP 소재로 제작된 크기는 약 38.1 x 25.9 x 4.1cm(15 x 10.25 x 1.6인치)이며 대부분의 문서용 A4 폴더보다 큽니다. 합법적인 용지를 치우는 데 이상적이며 내구성과 용량이 조화를 이룹니다. 파일을 쉽게 분류하고 라벨을 붙이고 보관 효율성을 향상시킵니다 혼돈을 주문으로 바꾸세요: 여러 칸으로 가득 차 있고 라벨이 함께 제공되며, 각 법률 파일 오거나이저는 12개의 칸과 13개의 파일 폴더를 제공합니다. 겹치지 않고 표시된 라벨 위치는 파일 라벨을 한 눈에 명확하게 만들 수 있습니다. 작업 영역의 혼란을 깨끗한 순서로 바꾸는 훌륭한 솔루션입니다. 번거롭지 않고 어수선한 커팅 동반자로서 교육, 학습 및 비즈니스에 이상적입니다 방수 효율로 문서 보호: 효과적인 보호 기능을 제공하는 문서 폴더는 방수 PP 소재로 문서를 보호합니다. 실수로 흘리거나 예상치 못한 날씨에 직면하더라도 파일을 안전하게 보관할 수 있습니다. 내구성을 위해 가장자리에 나일론 테이프로 바느질되어 있습니다 편리함과 품질: 사용하기 쉬운 버클과 운반 손잡이를 제공하는 방수, 긁힘 방지 문서 오거나이저는 문서를 안전하게 보관할 수 있습니다. 대용량 및 금속 나사로 고정되어 무거운 파일 로딩을 견딜 수 있으며 도로에서 이동할 때 파일을 제자리에 유지합니다. 학교, 가정, 사무실 및 병원에서 좋은 선택입니다 다양한 설정에 이상적입니다: 교실, 회의실에서 가정 학습에 이르기까지 모든 곳에서 당사의 오거나이저 폴더는 문서 보관 요구 사항을 충족하도록 설계되었습니다. 대용량과 결합된 보편적인 매력은 문서 관리 작업, 청구서, 영수증, 수표 정리, 그림, 사진 및 종이 공예 수집에 이상적입니다","특징: 전문적인 외관으로 내구성을 제공하도록 설계된 파일 폴더 리갈 사이즈는 어디를 가든 작업을 운반하는 데 이상적입니다. 스마트한 디자인은 기능을 손상시키지 않으면서 스타일을 더합니다. 이 파일 보관 오거나이저에는 필요에 따라 맞춤 설정할 수 있는 인덱스 라벨이 포함되어 있습니다. 파일, 카테고리 및 문서를 고유한 스타일에 맞는 방식으로 정렬하여 문서를 쉽고 빠르게 검색할 수 있습니다. 사양: 사이즈: 약 38.1cm x 25.9cm x 4.1cm 주요 소재: PP 색상: 블랙. 패키지 구성: 법률 파일 정리함 4개. 따뜻한 노트: 수동 측정, 약간의 크기 오차가 있을 수 있습니다. 화면 디스플레이의 차이로 인해 색상이 약간 다를 수 있습니다.","['파일', '문서', '폴더', '라벨', '작업', '방수', '보관', '구성', '보호']"
사무용품,파일링 제품,확장형 파일,,B0CH8PV38X,"콤비네이션 락 손잡이가 달린 아코디언 파일 오거나이저, 지퍼 및 잠금 기능이 있는 12포켓 확장 파일 폴더, 멀티 포켓이 있는 파일 폴더 오거나이저, 튼튼한 아코디언 파일 오거나이저 (그레이)",BARDOLPH,52616,52616,4.6,41.0,"[보안 보호] BARDOLPH Lock 폴더 오거나이저는 3자리 조합 잠금 장치가 함께 제공됩니다. 중요한 파일을 보거나 주얼리와 같은 귀중품을 분실할 걱정 없이 개인 물품을 보관할 수 있습니다. 새 비밀번호를 설정하는 것도 매우 쉽습니다. 새 비밀번호를 설정하는 방법에 대한 자세한 내용은 세부 정보 페이지의 그래픽 설명을 참조하십시오. (※원래 비밀번호: 000) [업그레이드된 디자인] BARDOLPH의 파일 정리 폴더로 어수선한 파일과 정리에 작별 인사를 하세요. 독특한 디자인으로 편지/A4 파일, 영수증, 카드, USB 드라이브, 펜, 여권 등을 깔끔하게 보관하고 분류할 수 있습니다. 파일 오거나이저를 사용하면 모든 파일을 처리할 수 있는 하나의 오거나이저만 있으면 시간과 비용을 절약할 수 있습니다. 삶을 단순화하고 정리된 상태를 유지하세요. 비용 효율적인 솔루션 비용 효율적인 솔루션 [다중 포켓 및 대용량] 아코디언 파일 오거나이저는 13개의 개별 포켓, 1개의 지퍼 포켓, 1개의 펜 슬롯, 6개의 카드 슬롯, 4개의 작은 메시 백, 4개의 중간 메시 백이 있습니다. 충분한 공간이 있어 중요한 문서 및 기타 물건을 이 아코디언 폴더에 안전하게 보관할 수 있으며 파일을 효과적으로 분류하고 찾을 수 있습니다 [패셔너블] BARDOLPH의 휴대용 파일 가방은 세련된 외관을 가지고 있습니다! 전문적인 복장이나 캐주얼 복장과 짝을 이루든, 파일 팩의 세련된 디자인은 당신을 돋보이게 할 것입니다! 취향을 잃지 않는 단순함, 직장 문화를 쓰는 성공적인 모델. [경량] 당사의 휴대용 파일 키퍼는 가볍고 고성능 소재로 만들어졌으며 인체 공학적 손잡이와 이중 지퍼 디자인이 있어 문서를 쉽게 휴대할 수 있습니다. 폴더 제작의 외관은 간단하고 가벼우며 정교하며 다양한 전문가와 학생들이 사용하기에 적합합니다.",,"['파일', '폴더', '포켓', '디자인', '아코디언', '비밀번호', '정리', '지퍼', '오거나이저']"
사무용품,파일링 제품,확장형 파일,,B082DYBPDK,Uquelic 8개의 주머니 확장 파일 폴더 - 플라스틱 블랙 아코디언 문서 보관 정리 A4 레터 크기 확장 가능한 파일 재킷 라벨 포함 지갑,Uquelic,19376,19376,4.5,115.0,"【SIMPLE & STYLISH】클래식한 컬러 ""Work & Life Balance"" 문구. 시간이 흘러도 변치 않는 스타일은 당신을 세련되고 전문적으로 보이게 합니다. 남성과 여성 모두에게 적합합니다. 【포켓 & 라벨】파일 폴더에는 8개의 칸이 있어 많은 저장 공간을 제공합니다. 그리고 붙일 수 있는 8가지 색상 라벨이 있으며, 라벨의 내용물은 당신에게 달려 있습니다. 【소재 및 사이즈】고품질 PP 소재로 제작, 마모, 찢어짐 및 습기에 강합니다. 사이즈: 12.7 x 9.6인치/32.5 x 24.5cm - A4 사이즈 문서에 적합합니다. 【다기능 & 안전】느슨한 페이지, 중요한 문서, 문자, 인쇄물, 전단지, 봉투, 명함, 사진 및 모든 종류의 물건을 쉽게 정리할 수 있습니다. 신축성 있는 코드 클로저로 플랩은 보호 기능을 더해 언제 어디서든 파일을 휴대할 수 있습니다. 【WORK & SCHOOL】고객님이 비지니스 사람이든 학생이든 저희 파일 홀더는 당신이 필요로 하는 사람입니다. 확장하는 파일들은 많은 양의 서류를 정리하고, 저장하고, 운반하는 데 이상적입니다.",아직도 지저분한 파일이 걱정되십니까? 무엇을 기다리고 계십니까? 지금 바로 구매하세요. 사무실과 생활에 더 편리합니다. 1. 파일을 효율적으로 크롤링하고 정렬하고 생산성과 작업 환경을 향상시키는 데 도움이 되는 맞춤형 라벨. 2. 확장 가능한 파일 폴더는 8개의 확장 가능한 포켓으로 필요에 맞게 콘텐츠를 지속적으로 사용자 지정할 수 있습니다. 3. 회의 및 이벤트 계획에 이상적입니다. 소재: 고품질 폴리프로필렌/pp 수량: 원피스 사이즈: 32.5 x 24.5cm/12.7 x 9.6인치,"['파일', '라벨', '확장', '가능하다', '폴더', '정리', '문서', '포켓', '사람', '저장']"
사무용품,파일링 제품,확장형 파일,,B0CYH55TJR,"Huolewa 내화성 아코디언 파일 오거나이저, 방수 지퍼 및 라벨이 있는 휴대용 확장 파일 폴더, 12개의 포켓이 있는 블랙 문서 오거나이저, 중요한 문서/종이 보관을 위한 파일 정리함",Huolewa,41536,37381,4.4,33.0,"뛰어난 보안 문서 보관 - Huolewa 내화성 아코디언 파일 오거나이저의 표면은 최대 1,093.3°C(2000°F)의 온도를 견딜 수 있는 고품질 난연성 가려움 방지 실리콘 코팅 유리 섬유 3중 레이어로 제작되었습니다. 동시에, 방수 기능이 뛰어나 중요한 문서와 귀중한 물건이 사고로 파괴되는 것을 방지할 수 있습니다. 문서 정리를 위한 신뢰할 수 있고 휴대가 가능하며 내화성 솔루션을 찾는 모든 사람에게 꼭 필요한 제품입니다 보관 및 휴대가 간편함 - 사이즈: 길이 36cm x 너비 27cm x 높이 4cm(14.25인치 x 10.75인치 x 1.57인치). 시중의 대형 내화성 상자와 비교했을 때, 휴대용 파일 정리 폴더는 적당한 크기와 가볍습니다. 중요한 서류, 편지, A4 파일, 영수증, 카드, USB 드라이브, 펜, 여권 등을 보관하는 데 사용되는지 여부. 출장이나 여행 중에도 휴대할 수 있습니다. 클래식한 블랙 색상과 심플한 라인은 바쁜 라이프 스타일에 완벽하게 어울립니다. 또한 가족과 친구를 위한 최고의 선물입니다. 다용도 문서 오거나이저 - 확장 가능한 파일 폴더 오거나이저일 뿐만 아니라 개인 파일 관리자이기도 하며 중요한 문서 보관 요구 사항을 모두 충족할 수 있습니다! 작은 문서 홀더에는 11페이지의 아코디언 폴더, 지퍼 포켓, 확장 가능한 포켓, 6개의 카드 슬롯이 있는 여권 크기의 가방 4개, USB 슬롯 4개가 포함되어 있습니다. 하나의 파일 오거나이저는 다목적이며 파일을 쉽게 분류하고 저장할 수 있어 언제든지 편리하게 시간과 비용을 절약할 수 있습니다. 독특한 기능성 디자인 - 당사의 아코디언 파일 폴더 오거나이저에는 이중 지퍼가 장착되어 있어 쉽게 열고 닫을 수 있습니다. 중요한 종이를 잘못 배치하는 것에 대한 우려에 작별을 고할 수 있습니다. 분류를 위한 다채로운 라벨로 파일을 빠르게 분류하고 사용할 때 필요한 파일을 빠르게 찾을 수 있습니다. 내화성 확장 가능한 파일 폴더 오거나이저로 각 파일을 쉽게 식별할 수 있습니다. 안심하고 구매하세요 - 30일 이내에 제품을 반품할 이유가 없습니다. 확장 가능한 파일 폴더 오거나이저는 귀하에게 보내기 전에 제3자의 내구성과 기능 테스트를 거쳤습니다. 저희는 제품이 모든 고객을 만족시킬 수 있도록 최선을 다합니다. 궁금한 점이 있거나 제품에 만족하지 않으시면 언제든지 저희에게 연락하십시오. 문제를 확실히 해결해 드리겠습니다!",,"['파일', '문서', '폴더', '휴대', '보관', '확장', '중요하다', '가능하다', '화성', '아코디언']"
사무용품,파일링 제품,확장형 파일,,B0BS89Z9NR,"확장 파일 폴더, 라벨 포함 5포켓 귀여운 폴더 레터 사이즈 아코디언 파일 오거나이저 휴대용 확장 가능한 파일 폴더 문서용 미적 종이 정리함 폴더 학교 사무실용",Maimis,6772,6772,4.6,223.0,"【귀엽고 풍부한 색상】: 이 MAIMIS 귀여운 폴더는 우아한 디자인과 눈길을 끄는 색상이 특징이며, 정리 과정에 개성을 더합니다. 다양한 색상으로 파일을 빠르게 구별할 수 있습니다. 【휴대용 정리함】: 사이즈는 33 x 25.4cm(13 x 10인치)로 A4 용지 / 레터에 적합합니다. 이 사이즈는 표준 레터 크기의 용지에 이상적입니다. 약 200장 이상의 종이를 담을 수 있습니다. 【쉬운 정리 유지】: 파일 오거나이저는 각 슬롯의 용지를 분리하고 잘 정리할 수 있습니다. 탭이 있는 5개의 포켓으로 제목이나 작업별로 분류할 수 있으며, 다채로운 라벨로 빠르게 검색하고 찾을 수 있습니다. 【고품질】: 우수한 웨이버 패턴 소재로 채택된 이 파일 폴더는 내구성이 뛰어납니다. 쉽게 구부러지지 않습니다. 방수 및 습기 특성으로 중요한 문서를 깨끗하고 완성할 수 있습니다. 【다용도】: 가족, 학교, 사무실 및 출장에 적합하며 개인 선물로도 간단하고 패셔너블합니다. 이 우아한 패턴 디자인은 결코 유행에 뒤떨어지지 않을 것입니다.",,"['폴더', '파일', '정리', '귀엽다', '용지', '휴대', '확장', '문서', '디자인', '우아하다']"
사무용품,파일링 제품,확장형 파일,,B07RL1VVGS,"확장 파일 폴더 4팩, 18.9cm(7.1인치) 10.7cm(4.2인치) 영수증 오거나이저 폴더 아코디언 폴더 문서, 사무실, 카드, 티켓용 포켓 13개 포함 - 방수",SEEKIND,27686,22146,4.6,952.0,"다용도 오거나이저: 학교 사무실 및 집에서 사용하기에 적합한 아코디언 파일 폴더는 영수증, 쿠폰, 카드 지폐 등을 보관할 수 있습니다. 파일 폴더는 방수 및 찢어짐 방지 기능이 있습니다. 미끄럼 방지 표면: 패션 및 매트 표면 효과, 영수증 폴더는 사무실과 학교 생활을 더 편안하게 만듭니다. 접이식 사이즈: 작고 편리한 미니 영수증 파일 크기 약 18 x 10.7cm(7.1 x 4.2인치), 참고: (필요한 사이즈를 확인하세요) A4 사이즈가 아닙니다. 4가지 색상의 레드 블랙 블루 그린 폴더 오거나이저가 포함되어 있습니다. 고품질 소재: 포켓 지출 서류에 고품질의 안전한 재료를 사용하여 작은 물건을 정리하세요. 오거나이저 폴더: 이 작은 영수증 오거나이저는 잡을 수 있는 줄이 있어 영수증을 13개의 포켓에 넣어 작은 물건을 정리할 수 있습니다. 각 공간에 메모가 있어 많은 작은 물건을 쉽게 보관할 수 있습니다.",,"['폴더', '영수증', '파일', '오거나이저', '작다', '물건', '포켓', '사무실', '카드']"
사무용품,파일링 제품,확장형 파일,,B09PD2Y3DC,"플라스틱 파일 폴더 리갈 사이즈 확장 가능한 문서 폴더, 스냅 버튼 잠금, B4 확장 파일 지갑 봉투 파우치, 라벨 포켓 포함, 10팩",YoeeJob,40151,40151,4.6,724.0,"프리미엄 소재: 0.45mm 두께의 내구성 있는 PP로 제작되었으며, 찢어짐 방지 및 방수, 두꺼운 소재로 중요한 파일을 얼룩과 주름으로부터 더 잘 보호합니다. 리걸 사이즈: 플라스틱 봉투는 37x28x7.5cm(14.6x11x3인치)로 시트, 잡지, 계약서, 노트북, 문구류, 아이패드, 화장품 등을 보관하기에 적합합니다. 대용량: 확장 가능한 거싯은 최대 7.6cm(3인치)까지 확장하여 대용량을 제공하며 최대 600장의 종이를 추가할 수 있으며 다른 제품보다 3배 더 많은 용량을 제공합니다. 좋은 디자인: 스냅 클로저가 있는 리걸 파일 폴더는 파일을 안전하게 보장하고 떨어지는 것을 방지합니다. 카드 슬롯 디자인으로 파일을 쉽게 정리할 수 있습니다. 섬세한 디테일: 금속 강화 버클과 정교한 바느질로 천 가장자리로 내구성이 뛰어납니다. 엠보싱 질감으로 문서 폴더가 긁히지 않습니다.","YoeeJob 플라스틱 파일 폴더 리걸 사이즈 확장 가능한 문서 폴더 스냅 버튼 클로저/확장 파일 지갑 봉투 파우치는 중요한 문서를 장기간 보관하기에 이상적이며 다양한 크기의 낱장 종이, 파일 폴더, 메모장을 쉽게 보관할 수 있습니다./제품 특징/스냅 버튼 잠금: 스냅 클로저로 파일을 안전하게 보호하고 떨어지는 것을 방지합니다./7.6cm(3인치) 확장: 확장 가능한 거싯은 최대 7.6cm(3인치)까지 확장되어 대용량 최대 600장의 종이를 추가할 수 있습니다./라벨 포켓: 각 파우치에는 파일을 쉽게 구별하고 정리할 수 있는 카드 홀더가 있습니다./사양/어울리는 행사:/학교, 병원, 사무실, 도서관, 집, 여행에서 모든 종이를 정리하는 데 적합하며 선생님, 회계사, 건축가 또는 변호사가 사용하기에 적합합니다.","['파일', '확장', '폴더', '스냅', '문서', '종이', '가능하다', '플라스틱', '파우치', '방지']"
사무용품,파일링 제품,확장형 파일,,B09ZHS7JMG,말 해바라기 필드 확장 파일 폴더 13 포켓 동물 옐로우 플로럴 확장 가능한 파일 폴더 아코디언 문서 파일 정리함 A4 레터 사이즈 용지용,Gredecor,31841,31841,5.0,12.0,"사이즈: 35.6 x 26.9 x 1.8 cm. A4 사이즈 용지 및 레터 사이즈, 표준 문서 및 파일링에 적합합니다. 큰 용량: 13 포켓 확장 파일 폴더는 모든 느슨한 문서를 순서대로 얻을 수 있는 좋은 방법입니다. A4 종이를 보관하기에 적합합니다. 소재: 내구성이 뛰어난 폴리에스터 소재로 제작된 파일 폴더는 방수 및 찢어짐 방지 성능을 제공합니다. 가볍고 휴대가 간편하며 배낭, 비즈니스 가방 또는 여행 가방에 넣을 수 있습니다. 특징: 방수 및 견고하여 종이를 안전하게 보관할 수 있습니다. 편리한 작은 전면 포켓은 펜, 형광펜 및 기타 일반적으로 사용되는 기타 물건을 보관하기에 적합합니다. 폴더 내용을 빠르게 식별할 수 있도록 손으로 쓴 컬러 라벨이 포함되어 있습니다. 다기능: 가정, 사무실, 학교 및 여행을 위한 분류 스토리지 파일 매니저, 심플하고 스타일리시하여 책상을 깔끔하고 깔끔하게 유지합니다.",확장 가능한 파일 폴더 -사이즈(약): 4.1 x 10.6 x 0.7 인치/36 x 27 x 2 cm -소재: 100% 폴리에스터 + PP 오르간 라이너 + 손으로 쓴 컬러 스트립 라벨 -디자인: 독특한 패션 맞춤 디자인 -인쇄: 단면 인쇄 제품 특징: --내구성 --방수 --확장 가능한 포켓 13개. --지퍼 잠금 디자인 --펜 홀더 디자인 --앞면 지퍼 포켓 포함 --세련된 패턴 디자인 --컬러 라벨이 함께 제공됩니다,"['파일', '폴더', '확장', '포켓', '디자인', '라벨', '문서', '방수', '컬러', '펜']"
사무용품,파일링 제품,확장형 파일,,B0CM3VXB5H,"6팩 13포켓 확장 파일 폴더 소형 파일 폴더 미니 확장 가능한 지갑 영수증 홀더 확장 가능한 파일 오거나이저, 티켓 카드 지폐용, 25.4 x 15.2cm(10.2 x 6인치)",Geyoga,26301,29071,5.0,3.0,"휴대용 영수증 오거나이저를 위한 완벽한 사이즈: 각 영수증 홀더 오거나이저는 매우 작고 휴대가 가능하며 개봉 후 약 25.9 x 15.2cm(10.2 x 6인치)로 다양한 용지 크기를 수용할 수 있는 충분한 공간을 제공하며 컴팩트한 크기로 휴대가 편리하여 가방, 서류 가방 및 백팩에 완벽하게 맞습니다 눈길을 끄는 컬러 폴더 인서트: 이 미니 파일 폴더는 핑크, 블루, 그린, 그레이, 누드 핑크 및 브라운을 포함한 컬러 인서트가 있는 13개의 포켓 폴더로 설계되어 파일을 다양한 색상의 슬롯에 보관할 수 있습니다. 이러한 색조는 눈에 좋을 뿐만 아니라 파일을 쉽고 빠르게 사용할 수 있도록 색상 코딩하는 데 도움이 됩니다 미끄럼 방지 표면 및 내구성: 13개의 포켓 확장 파일 폴더는 PP로 만들어져 마모 및 찢어짐 없이 수명과 정기적으로 사용할 수 있으며 방수 및 습기 방지 기능이 있으며 견고한 PP 소재로 중요한 문서를 양호한 상태로 안전하게 보관하고 시간의 테스트를 견딜 수 있습니다 다면적인 파일링 솔루션: 다양성과 편리함을 염두에 두고 설계된 6개의 카드 정리 상자에 서류 정리 요구 사항을 충족하는 칸막이가 있어 청구서, 일일 영수증, 서류, 티켓, 바우처, 수표, 스티커 메모, 명함 및 기타 문서를 깔끔하게 정리하고 쉽게 접근할 수 있으며 학교, 사무실, 가정, 상점 사용에 적합하며 지루한 집안일에서 산들 쉬운 일상으로 서류 정리 작업을 전환하는 데 이상적입니다 향상된 기능을 위한 버튼 및 탄성 로프 클로저: 매력적인 미학을 넘어서, 포켓이 있는 월간 지폐 오거나이저의 확장 가능한 기능은 많은 문서를 보관할 수 있는 더 많은 공간을 보장하며, 버튼과 탄성 로프 디자인은 추가적인 보안과 쉬운 액세스를 제공하여 문서가 미끄러질 위험 없이 손상되지 않도록 합니다. 각 폴더에는 품목을 명확하게 분류할 수 있도록 라벨 스티커가 포함되어 있습니다","특징: 정리된 삶: 패키지에 라벨이 있는 파일 폴더를 확장하는 13개의 포켓 6개가 포함되어 있어 사용하거나 교체할 수 있는 충분한 양을 제공합니다. 집, 학교 또는 사무실에서 효율적이고 체계적인 설치를 원하는 사람들에게 적합합니다. 편리한 라벨: 각 플라스틱 포켓 폴더에는 다채로운 라벨이 장착되어 있어 내용물을 빠르게 분류하고 식별할 수 있어 보다 체계적인 파일 정리 시스템을 가능하게 하여 시간을 절약하고 문서 검색을 간소화할 수 있습니다. 사양: 소재: PP 파일 폴더 커버 색상: 핑크, 블루, 그레이, 그린, 누드 핑크, 브라운. 사이즈: 개봉 후 약 25.9 x 15.2 cm 패키지 구성: 확장 파일 폴더 포켓 13개 6개. 참고: 수동 측정, 사이즈에 약간의 오차가 있을 수 있습니다. 화면 디스플레이의 차이로 인해 색상이 약간 다를 수 있습니다.","['파일', '폴더', '포켓', '확장', '정리', '가능하다', '문서', '라벨', '서류', '영수증']"
사무용품,파일링 제품,확장형 파일,,B0CLKLG4BR,Mr. Pen - 파일 폴더,Mr. Pen,11066,11066,3.7,6.0,"Mr. Pen 확장 파일 폴더 5팩은 문서를 매끄럽고 전문적으로 정리할 수 있는 방법을 제공하며, 각 폴더에는 세심한 분류를 위한 7개의 확장 가능한 포켓이 있습니다. 이 폴더는 확장되도록 설계되어 슬림한 외관을 유지하면서 충분한 저장 공간을 제공하여 최소한의 공간에서 정리를 극대화해야 하는 사람들에게 적합합니다. 각 확장 파일 폴더에는 쉽게 라벨을 붙일 수 있도록 빈 탭이 있어 각 섹션의 내용을 사용자 지정하고 빠르게 찾을 수 있습니다. 고품질 소재로 제작된 이 폴더는 일상적인 마모와 찢어짐을 견딜 수 있도록 제작되어 문서를 보호하고 정리할 수 있습니다. 가정, 사무실 또는 교실에 이상적입니다. 펜 확장 파일 폴더는 청구서, 편지, 법률 문서, 숙제 및 프로젝트 파일을 쉽고 효율적으로 관리하는 데 적합합니다.",,"['폴더', '확장', '파일', '문서', '정리', '공간', '제작']"
사무용품,파일링 제품,확장형 파일,,B09F2FHMLQ,"지갑용 영수증 쿠폰 홀더 오거나이저, 소형 확장 파일 폴더 미니 아코디언 폴더, 쿠폰 영수증 청구서 티켓 카드 보관을 위한 13포켓 확장 가능한 지갑, 17.8 x 11.4cm(7 x 4.5인치) (청록색)",H4D,9681,9681,4.7,961.0,"이 쿠폰 사이즈 확장 파일은 작고 가벼워 휴대가 매우 쉬우며, 쿠폰 영수증, 티켓 지폐 또는 현금 정리와 같은 작은 종이에 완벽하게 맞습니다 이 작은 아코디언 폴더는 15.2cm(6인치) 확장이 있는 13개의 포켓이 특징이며, 이 쿠폰 오거나이저가 책상이나 카운터에서 완전히 확장될 때 내용물을 쉽게 꺼낼 수 있습니다 신축성 있는 버튼 잠금으로 이동 중에도 내용물을 안전하게 보관할 수 있어 지갑에 넣기에 적합합니다 A-Z, 월간 및 빈 탭 라벨이 포함되어 있어 필요에 맞게 조정할 수 있는 파일링을 위해 각 색상 등급 포켓을 찾을 수 있습니다 미니 폴더 크기(17.8cm x 11.4cm(7인치 x 4 1/2인치))는 대부분의 쿠폰, 영수증 또는 현금 크기에 적합하며 밝고 매력적인 색상의 내구성 있는 폴리프로필렌 플라스틱으로 제작되었습니다",,"['쿠폰', '확장', '폴더', '영수증', '파일', '포켓', '지갑', '내용물', '오거나이저', '티켓']"
사무용품,파일링 제품,확장형 파일,,B09Y5NG6T8,"Accordian 파일, 13포켓 확장 파일 폴더 오거나이저 레터 사이즈, 사무실 종이 파일 오거나이저 보관, 칸막이 탭이 있는 문서용 아코디언 파일 폴더",H4D,12451,12451,4.6,629.0,"학교 사무실 서류 정리 용품용으로 설계된 레터 사이즈 파일 폴더 오거나이저는 학교 서류, 사무실 문서, 가정 서류, 비즈니스 영수증, 청구서, 세금 파일 보관 및 정리에 완벽하게 맞습니다 이 아코디언 파일 오거나이저는 3000장의 종이 보관 오거나이저를 위한 25.4cm(10인치) 확장이 있는 13개의 포켓이 특징이며, 확장 가능한 파일 폴더를 책상이나 카운터에서 완전히 확장하면 내용물을 쉽게 꺼낼 수 있습니다 새로운 디자인의 신축성 있는 클로저로 내용물을 안전하게 유지하고 신축성 코드 길이를 19.1cm(7 1/2인치)까지 개선했으며 더 오래 늘릴 수 있습니다. 플랩에 접이식 라인을 추가하여 폴더를 확장할 때 더 나은 보관 성능을 제공합니다 탭이 있는 무지개 색상 폴더 칸막이, 빈 탭 라벨이 부착되어 있어 알파벳 A-Z, 월간 1-12월 및 기타 분류 방법을 사용하여 쉽게 세분화할 수 있습니다 찢어짐 및 긁힘 방지 기능이 뛰어난 튼튼한 폴리프로필렌 플라스틱으로 제작된 쉘은 방수 기능이 있어 먼지와 얼룩을 쉽게 닦아낼 수 있습니다. 이 아코디언 폴더는 내구성이 뛰어나고 파일을 안전하게 보관할 수 있습니다","H4D 아코디언 파일 폴더 오거나이저를 사용하여 파일, 문서, 서류 및 기타 작은 종이를 쉽게 정리하고 고정할 수 있습니다.","['파일', '폴더', '확장', '아코디언', '서류', '보관', '탭', '문서', '정리', '사무실']"
사무용품,파일링 제품,확장형 파일,,B08B3RFXPM,"Uquelic 책상 스탠드 영수증 폴더 - 피아노 키 13포켓 확장 아코디언 쿠폰 보관/확장 가능한 대용량 소형 문서 파일 오거나이저, 라벨 포함, 25.4 x 12.7cm(10 x 5인치)",Uquelic,17991,17991,4.7,1212.0,"【 스탠드 + 롱 사이즈 디자인】 영수증, 쿠폰, 티켓, 바우처, 수표, 메모, 명함 및 지폐를 위한 새로운 책상 스탠드 디자인. 10*4.9인치/26*12.5CM. 【 상단과 하단에서 확장 가능 】 이 아코디언 파일 오거나이저는 상단과 하단이 모두 확장되어 저장 공간을 크게 확장하고 사용이 더 편리하고 유연합니다. 【 포켓 13개】대용량 확장 포켓 영수증 홀더로 13개의 칸이 있어 쉽게 세분화하고 인덱싱할 수 있습니다. 【프리미엄 소재】고품질 PP 소재, 무취, 무해함. 두껍고 내구성이 뛰어나 부서지거나 변형되지 않습니다. 【리듬 정리】심플한 스타일의 화이트 및 블랙 피아노 디자인 확장 영수증 오거나이저는 더 많은 문서를 커버할 수 있도록 접이식 기능을 확장하여 이전 버전 폴더를 기반으로 업데이트되었습니다. 실용적이고 심플한 스타일.",,"['확장', '영수증', '디자인', '스탠드', '포켓', '쿠폰', '문서', '상단', '스타일', '심플']"
사무용품,파일링 제품,확장형 파일,,B0CLYG9WHF,"6팩 확장 파일 폴더 7포켓 파일 폴더 오거나이저 미니 영수증 오거나이저 확장 가능한 휴대용 폴더, 인덱스 탭 포함, 비즈니스 여행 학교 사무실 가정용",Geyoga,23531,23531,3.4,3.0,"컴팩트한 사이즈, 넉넉한 수납 공간: 약 25.9 x 15.2 x 3cm(10.2 x 6 x 1.2인치) 크기이며 다양한 색상의 7개의 포켓으로 디자인된 미니 영수증 홀더 오거나이저는 용량이 크면서 크기가 작습니다. 컴팩트한 디자인으로 휴대가 편리하며, 여러 개의 포켓은 문서를 위한 충분한 수납 공간을 제공합니다 패키지 구성: 각 패키지에는 인덱스 태그가 있는 7개의 포켓 미니 파일 폴더 6개가 포함되어 있습니다. 파일 폴더 오거나이저의 용량과 실용성을 활용하여 정리의 흐름을 바꾸세요. 짐을 싸서 준비하세요. 성공은 여러분의 손이 닿는 범위 안에 있습니다 견고한 소재와 밝은 디자인: PP 소재로 제작된 방수 7 포켓 비즈니스 영수증 정리함은 미끄럼 방지 표면으로 오래 사용할 수 있는 내구성을 제공하며 쉽게 떨어지지 않습니다. 당사의 파일 폴더는 생생하고 다채로운 미학이 특징이며 사무실이나 공부 현장에 색상을 더합니다 편리함 및 휴대성: 가벼운 휴대용 스타일로 디자인된 7개의 포켓 확장 파일 폴더는 어디에서나 쉽게 휴대할 수 있습니다. 전면 플랩은 신축성 있는 코드와 버튼 클로저가 있어 쉽고 빠르게 꺼낼 수 있어 기존의 무겁고 부피가 큰 오거나이저와 차별화됩니다 다용도 사용: 학생, 전문가 또는 공예 애호가 등 7개의 포켓 소형 파일 폴더는 다양한 요구 사항에 적합합니다. 학습 자료, 사무실 문서, 일일 영수증, 티켓, 바우처, 수표, 청구서, 스티커 메모 및 명함 또는 공예 용품을 정리하는 데 사용하세요. 다목적 기능으로 정리가 간편합니다","특징: 현금용 머니 폴더 오거나이저는 확장 가능하고 방수 기능이 있으며 습기에 강합니다. 문서를 예기치 않은 손상으로부터 안전하게 보관하고 수명을 늘립니다. 7개의 포켓 미니 오피스 파일 폴더를 사용하면 물건을 쉽게 분류할 수 있습니다. 인덱스 태그가 있어 문서를 빠르게 정렬하고 찾을 수 있어 생산성과 사용 편의성을 향상시킵니다. 사양: 소재: PP 색상: 그림과 같음. 사이즈: 약 25.9 x 15.2 x 3.0 cm. 패키지 구성: 미니 확장 폴더 6개. 인덱스 탭 6개. 참고: 수동 측정, 사이즈에 약간의 오차가 있을 수 있습니다. 화면 디스플레이의 차이로 인해 색상이 약간 다를 수 있습니다.","['폴더', '파일', '포켓', '휴대', '미니', '확장', '인덱스', '영수증', '정리', '문서']"
사무용품,파일링 제품,확장형 파일,,B0CHB9G3DS,"4피스 24포켓 확장 파일 폴더, 내구성 있는 손잡이 A4 레터 사이즈 휴대용 파일 오거나이저, 확장 가능한 플라스틱 문서 정리함, 여행 학교 사무실용 플랩 버클 포함",Cholemy,20345,20345,5.0,1.0,"24개의 개별 포켓 및 대량: 각 패키지에는 4가지 색상의 라벨이 있는 4개의 월간 파일 폴더가 포함되어 있으며, 각 패키지에는 24개의 개별 포켓이 있으며 최대 2000장의 종이를 담을 수 있습니다. 당사의 파일 보관 상자는 일반 컴퓨터 가방과 동일한 크기이며 다양한 파일이나 책을 보관할 수 있습니다. 외출 시 언제든지 이 폴더를 휴대할 수 있습니다. 라지 사이즈: 약 32 x 24.4 x 4cm(12.6 x 9.6 x 1.57인치) (길이 x 너비 x 높이), 이 120도 확장 가능한 휴대용 확장 파일 폴더는 대부분의 가방에 넣을 수 있을 만큼 컴팩트하여 일상 및 여행 사용에 적합합니다. 수많은 문서를 소지하는 회사원, 메모를 정리해야 하는 학생 또는 여행 필수품을 보관하는 여행자 등 이 파일 폴더는 귀하의 다양한 요구 충족 휴대용 및 버클 디자인: 이 24 포켓 확장 가능한 파일 폴더는 휴대용 디자인으로 제공되어 휴대가 더욱 편리합니다. 래치 시스템은 잠금 장치의 두 부분을 함께 누르기만 하면 활성화되어 사용자가 문서를 쉽고 효율적으로 보호할 수 있습니다 안전 및 방수 소재: 이 24개의 포켓 확장 파일 폴더는 튼튼하고 내구성이 뛰어난 소재인 고품질 PP로 만들어져 수명과 찢어짐에 대한 탄력성을 제공합니다. 소재 구성으로 인해 이 멀티 컬러 파일 폴더는 방수 기능이 있어 실수로 흘리거나 젖은 상태로부터 귀중한 문서를 효과적으로 보호합니다 컬러 라벨: 손잡이가 달린 24 포켓 휴대용 파일 오거나이저는 패키지의 일부로 컬러 라벨이 함께 제공됩니다. 스타일리시할 뿐만 아니라 실용적이어서 문서를 빠르게 분류하고 식별할 수 있습니다. 이 멀티 컬러 파일 폴더는 정리된 상태를 유지할 뿐만 아니라 일상 생활에 색채를 더하는 방식이 마음에 드실 것입니다","특징: 문서용 방수 폴더에는 안전한 잠금을 위한 견고한 플라스틱 버클이 함께 제공됩니다. 이 편리한 기능으로 운송 중에도 문서를 제자리에 안전하게 보관할 수 있습니다. 작동은 간단합니다. 잠금 장치의 중간 지점을 누르기만 하면 잠금 해제가 가능합니다. 비즈니스 서류를 정리하거나, 학교 과제를 처리하거나, 소중한 사진 컬렉션을 보관하고 싶을 때 이 휴대용 리갈 사이즈 파일 오거나이저는 모든 것을 할 수 있습니다. 다재다능함과 기능성으로 개인 또는 직업 생활에서 질서와 조직을 소중히 여기는 사람들에게 꼭 필요한 제품입니다. 사양: 소재: PP 색상: 그림과 같음. 사이즈: 약 32 x 24.4 x 4cm(12.6 x 9.6 x 1.57인치) (길이 x 너비 패키지 구성: 라벨이 있는 방수 확장 파일 오거나이저 4개. 참고: 수동 측정, 사이즈에 약간의 오차가 있을 수 있습니다. 화면 디스플레이의 차이로 인해 색상이 약간 다를 수 있습니다.","['파일', '폴더', '휴대', '문서', '확장', '포켓', '구성', '라벨', '방수', '정리']"
사무용품,파일링 제품,확장형 파일,,B001EQ65J4,"Smead 확장 파일 지갑, 플랩 및 코드 클로저, 13.3cm(5-1/4인치) 확장, 엑스트라 와이드 레터 사이즈, 레드로프, 박스당 10개(71186)",SMEAD,82573,82573,4.6,89.0,"10개의 엑스트라 와이드 레터 사이즈(너비 32.9cm x 높이 25.4cm(12-3/8 x 10인치)) 확장 파일 지갑, 싱글 포켓, 보호 플랩 및 코드 클로저가 있는 전문적인 리드롭 외관에 포함되어 있습니다 튼튼한 커버 플랩은 보안과 보호 기능을 제공하므로 어디를 가든 파일을 자신 있게 휴대할 수 있습니다. 신축성 있는 코드가 플랩을 깔끔하고 단단히 닫습니다 전체 높이 거싯은 최대 13.2cm(5-1/4인치)까지 확장되어 이동 중에도 사용할 수 있도록 최대 1200페이지를 조립하고 보호하며, 이중 두께의 전면 및 후면 패널은 내구성을 향상시킵니다 유행을 타지 않는 리드롭 외관은 전문적인 매력을 더해 변호사, 회계사 및 은행사가 가장 좋아하는 제품입니다. 다양한 색상으로 제공됩니다 미국에서 자랑스럽게 제작된 이 휴대용 싱글 포켓 파일 지갑은 30% 재활용 소재, 30% 소비자 사용 후 소재를 포함하고 있으며 SFI 소싱 인증을 받았습니다","Smead의 엑스트라 와이드 확장 파일 지갑은 서류 정리용으로 완벽한 솔루션으로, 파일 캐비닛 없이 빠르게 운반하거나 파일 자료를 정리할 수 있도록 설계되었습니다. 보호 플랩과 신축성 있는 코드 클로저가 있는 엑스트라 와이드 레터 사이즈(너비 32.4cm x 높이 25.4cm(12-3/8 x 10인치)) 확장 파일 폴더 10개가 포함되어 있습니다. 엑스트라 와이드 포켓은 표준 파일 폴더를 쉽게 수용할 수 있어 측면 거싯이 튀어나오지 않고 내부에 깔끔하게 맞습니다. 유행을 타지 않는 리드랍 외관은 전문적인 외관을 제공하여 이 확장 파일은 쉽게 파일링 및 정리할 수 있는 인기 있는 제품입니다. 신축성 있는 코드 클로저가 있는 튼튼한 플랩은 보호 및 보안을 강화하여 어디를 가든 문서를 자신 있게 휴대할 수 있습니다. 찢어짐 방지 소재를 사용한 전체 높이 거싯으로 사실상 찢어지지 않습니다. 자랑스러운 미국산. 30% 재활용 소재, 30% 소비자 사용 후 재료를 포함하고 있으며 SFI 소싱 인증을 받았습니다. 이 다용도 내구성 지갑은 법률, 광고 또는 건축 회사의 클라이언트 파일에 유용합니다. • 혁신과 품질의 풍부한 유산. Smead는 효율적인 문서 관리를 위한 솔루션을 제공하는 세계 최고의 공급업체로 고품질의 환경 책임적인 제품 및 혁신적인 조직 시스템으로 잘 알려진 여성 소유 회사입니다. Smead는 한 세기가 넘도록 하나의 목적을 위해 헌신해왔습니다. 여러분의 정리정돈을 돕는 것입니다!","['파일', '확장', '플랩', '보호', '엑스트라', '와이드', '지갑', '외관', '클로저', '거싯']"
사무용품,파일링 제품,확장형 파일,,B08DK5DXHC,"ENGPOW 확장 파일 폴더, 25가지 색상의 포켓이 있는 내화성 파일 오거나이저, 라벨, 지퍼 잠금, 내화성 및 방수 안전 보관, 레터 A4 사이즈 용지, 문서, 서류, 실버",ENGPOW,29071,29071,4.5,737.0,"[내화성 및 방수]: 내화성 파일 폴더는 이중 레이어 가려움 방지 실리콘 코팅 유리 섬유로 만들어져 최대 1,093.3°C(2000°F)까지 견딜 수 있습니다. 확장 파일 폴더는 SGS 테스트: UL94 VTM-0 인증 및 ROHS IEC62321 인증을 통과했습니다. 내화성일 뿐만 아니라 어떤 이유로든 젖었을 때 높은 방수 기능이 있습니다. 완벽한 보호는 없지만 추가 보호 기능은 항상 좋은 생각입니다. [대용량] 제품 크기: 36.3 x 24.9 x 4cm(14.3 x 9.8 x 1.5인치), 컬러 라벨이 있는 25개의 컬러 포켓, 각각 3.8cm(1 1/8인치)까지 확장됩니다. 내화성 파일 폴더는 중요한 문서, 종이, 출생 증명서, 여권을 완벽하게 보호할 수 있습니다. 일상적인 서류 정리 및 보관에 적합합니다(레터 및 A4 사이즈 용지에 적합). 가족이나 친구에게 이상적인 크리스마스 선물이 될 것입니다. [안전 및 편리함]: 내화성 지퍼는 중요한 문서를 보다 안전하게 보호하도록 설계되었습니다. 다채로운 라벨은 문서를 분류하는 데 도움이 되도록 설계되어 원하는 문서를 명확하게 찾을 수 있습니다. 집, 사무실, 자동차에 파일 폴더를 놓을 수 있을 뿐만 아니라 여행 중에도 가져갈 수 있는 좋은 결정입니다. 중요한 정보가 안전한 장소에 있다는 것을 100% 확신할 수 있습니다. [원래 의도]: 사고는 우리가 가장 적게 예상할 때 발생하며, 귀중한 서류, 개인 정보, 사진 또는 업적을 없애는 화재보다 더 파괴적인 것은 없습니다. 그래서 저희가 내화성 문서 가방을 개발한 이유입니다. 비상 사태시 실망시키지 않는 재무, 개인 정보, 문서 노트를 보호합니다. [신뢰할 수 있는 애프터 서비스]: 여전히 파일 보안에 대해 걱정하고 계신가요? 여전히 지저분한 파일이 걱정되십니까? 지금 구매하세요. 완벽한 것은 없지만 추가적인 보호 기능은 항상 좋은 생각입니다. ENGPOW 는 친절한 애프터 서비스를 제공하며 고객에게 위험 환불이 없습니다. 문제가 있으시면 저희에게 연락해 주시면 문제를 해결하기 위해 최선을 다하겠습니다!",,"['화성', '파일', '문서', '보호', '폴더', '확장', '라벨', '완벽하다', '서류', '방수']"
사무용품,파일링 제품,확장형 파일,,B0CFKKHVPK,"내구성 있는 손잡이가 있는 13포켓 파일 오거나이저, 아코디언 파일 폴더, 휴대용 확장 가능한 문서 청구서 영수증 오거나이저, A4/레터 사이즈, a-z 탭 포함, 완벽한 파일 캐비닛",Vanulee,20761,20761,4.2,33.0,"✔【높은 등급】모든 가장자리를 고급 밀봉, 빠른 분류를 위한 눈에 띄는 창, 고급 휴대용 아코디언 파일 오거나이저 1개이며, 휴대용으로만 사용할 수 있는 특수 디자인으로 세울 수 없습니다. ✔【우수성】13개의 포켓, 내구성이 뛰어난 인체 공학적 손잡이가 있는 휴대용 파일 오거나이저, 편리하고 실용적인 버클, 전통과 현대적인 디자인의 조합으로 사람들에게 색다른 시각적 향연과 다른 경험을 제공합니다. ✔【빠른 분류】 미리 만들어진 알파벳 A-Z 탭과 파일 폴더 오거나이저의 컬러 정리 칸은 물건을 분리하고 쉽게 찾을 수 있는 좋은 방법입니다 ✔【최고 등급 소재】확장 가능한 파일 폴더는 고품질 폴리프로필렌과 폴리에스터로 만들어졌으며 다른 파일 폴더보다 20% 이상 두껍습니다. 데스크톱에 독립적으로 세울 수 있어 쉽게 깨지거나 변형되지 않습니다. 100% 방수, 무독성, 냄새 없음, 마모 방지, 찢어짐 및 습기 방지. ✔【큰 용량】 이 제품은 큰 파일 캐비넷으로, 총 13개의 확장 가능한 포켓, 각 포켓 3.3cm(1.3인치) 아코디언, A4 용지와 21.6 x 27.9cm(8.5 x 11인치) 레터 크기에 모두 맞습니다. 파일 상자는 열었을 때만 38.1cm(15인치)까지 확장할 수 있습니다. 약 4000장 이상의 시트를 담을 수 있습니다. ✔【다양한 사용】 파일 폴더 파일 수업, 학생을 위한 숙제, 중요한 문서, 청구서, 영수증, 사업가를 위한 서류 파일, 요리 메뉴, , 부모를 위한 설명서(한글이 아닐 수 있음). 출장, 집, 학교, 도서관, 회의실에 필요한 모든 문서를 매우 쉽게 휴대할 수 있습니다.",,"['파일', '휴대', '폴더', '확장', '오거나이저', '포켓', '문서', '아코디언', '가능하다']"
사무용품,파일링 제품,확장형 파일,,B0C6ZDM638,"핸들 및 콤비네이션 잠금 장치가 있는 튼튼한 아코디언 파일 오거나이저, 26개의 포켓 확장 파일 폴더, 레터 사이즈 / A4 파일용 휴대용 문서 오거나이저 아코디언 파일 키퍼 (블랙)",KaAutoler,49846,49846,3.9,20.0,"여러 개의 포켓과 대용량: 아코디언 파일 정리 가방에는 파일 폴더를 확장하는 26개의 포켓이 있습니다. 뒷면의 수납 공간에는 느슨한 물건이나 노트 패드를 보관할 수 있으며, 카드 펜 홀더와 노트북 패드 홀더는 펜, 카드, 책 노트 및 노트북을 보관할 수 있습니다. 보안 보호: KaAutoler Lock 폴더 오거나이저는 3자리 콤비네이션 락과 함께 제공됩니다. 중요한 파일을 보거나 주얼리와 같은 귀중품을 분실할 걱정 없이 개인 물품을 보관할 수 있습니다. 새 비밀번호를 설정하는 것도 매우 쉽습니다. 새 비밀번호를 설정하는 방법에 대한 자세한 내용은 세부 정보 페이지의 그래픽 설명을 참조하십시오. (※원래 비밀번호: 000) 아코디언 디자인과 간편한 휴대: 아코디언 파일 정리함이 장착되어 있어 중요한 문서를 보관할 수 있도록 확장 가능하며 최대 A4 크기의 문서와 함께 사용하기에 적합합니다. 상단 손잡이로 출퇴근과 출퇴근 및 출퇴근 및 출퇴근 시 쉽게 휴대할 수 있습니다. 편리한 디테일: 외부 포켓을 부착하여 휴대폰, 여권, 신분증, 은행 카드, 펜, 현금, 동전 등에 적합합니다. 문서 폴더에는 독특한 이중 지퍼 디자인과 휴대용 손잡이가 있습니다. 이 디자인은 파일을 더 잘 보존하고 휴대하기 쉽도록 설계되었습니다. 휴대용 파일 폴더에는 분류 라벨이 있어 문서를 정리하는 데 도움이 됩니다. 패셔너블함: 저희 휴대용 파일 가방은 세련된 외관을 가지고 있습니다! 전문적인 복장이나 캐주얼 복장과 짝을 이루든, 파일 팩의 세련된 디자인은 당신을 돋보이게 할 것입니다! 취향을 잃지 않는 단순함, 직장 문화를 쓰는 성공적인 모델.",보안 보호: KaAutoler Lock 폴더 오거나이저는 3자리 콤비네이션 락과 함께 제공됩니다. 중요한 파일을 보거나 주얼리와 같은 귀중품을 분실할 걱정 없이 개인 물품을 보관할 수 있습니다. 새 비밀번호를 설정하는 것도 매우 쉽습니다. 새 비밀번호를 설정하는 방법에 대한 자세한 내용은 세부 정보 페이지의 그래픽 설명을 참조하십시오. (※원래 비밀번호: 000),"['파일', '휴대', '비밀번호', '폴더', '아코디언', '문서', '디자인', '포켓', '출퇴근', '정리']"
사무용품,파일링 제품,확장형 파일,,B089YBVGDX,"Antner 손잡이가 달린 13포켓 확장 파일 폴더 문서 오거나이저, 대용량 아코디언 파일 오거나이저 휴대용 A4 레터 사이즈 파일 폴더, 사무실, 비즈니스, 학교 또는 가정용, 블랙",Antner,22146,22146,4.5,651.0,"13개의 포켓 아코디언 파일 오거나이저 파일 보관 가방, 편리하고 실용적인 손잡이로 디자인되어 휴대가 쉽습니다. 사무실, 학교, 가정 또는 여행을 위한 정리 도우미로 파일을 깔끔하게 정리할 수 있습니다 외부 치수: 33 x 24.9cm(13 x 9.8인치), 내부 파일 포켓은 A4 사이즈/미국 레터 사이즈 용지 또는 종이, 현금, 바우처, 영수증, 명함 또는 신분증과 같은 작은 문서를 보관할 수 있습니다 방수 옥스포드 천으로 제작되어 정교하고 내구성이 뛰어나며 모든 사람에게 적합합니다. 대용량으로 약 600장의 종이를 담을 수 있습니다. 강한 손잡이는 약 3kg(6.6파운드)까지 견딜 수 있습니다 26개의 색종이 페이지 라벨이 함께 제공됩니다. 라벨에 필요한 내용을 채우고 슬롯에 삽입하면 파일을 빠르게 구별하고 찾을 수 있습니다 이 확장 파일 폴더 문서 정리함의 뒷면에는 5개의 카드 포켓이 있습니다. 일반적으로 사용할 수 있는 카드를 넣고 빠르게 가져가 시간을 절약할 수 있습니다",,"['파일', '포켓', '오거나이저', '폴더', '손잡이', '정리', '문서', '휴대', '라벨']"
사무용품,파일링 제품,확장형 파일,,B083FHJWBP,"iCarryAll 확장 파일 폴더가 있는 메모장 포트폴리오, A4 확장 가능한 파일 오거나이저 비즈니스 파일 오거나이저 포트폴리오 케이스 블랙. (HMQ003-BK), 26.4x26.4x37.8cm(10.3x10.3x12.8인치)",iCarryAlls,43128,43128,4.0,56.0,프리미엄 품질의 합성 가죽과 폴리프로필렌(PP)으로 제작 스프링 클립은 레터 사이즈(A4) 메모장이나 종이를 담을 수 있습니다. 단단한 필기 표면이 필요한 모든 사람에게 이상적입니다(메모장 미포함) 중요한 서류나 문서를 정리하고 보관할 수 있는 확장 파일 폴더 확장 파일 폴더에는 6개의 확장 가능한 포켓이 있습니다. A4 사이즈/레터 사이즈 용지에 맞습니다. 견고하고 휴대가 간편합니다(확장된 폴더의 색상은 무작위입니다) 제품 치수 약 32.4 x 26 x 3cm(12.75 x 10.2 x 1.2인치),"확장 파일 폴더가 있는 이 메모장 포트폴리오는 일상적인 정리 요구 사항에 적합하며 모든 것을 섹션으로 깔끔하게 분류하여 정리하는 데 도움이 됩니다. 모든 유형의 비즈니스 미팅, 사무실, 학교 직장 또는 가정에 완벽하게 맞습니다. A4 확장 가능한 파일 폴더는 6개의 개별 포켓을 제공합니다. 각 섹션을 즉시 식별할 수 있습니다. 각 포켓은 넉넉한 공간을 제공합니다. 스냅 버튼 클로저는 파일을 보관할 수 있는 추가적인 보안을 제공합니다. 이동 때 빠지지 않을 것입니다 이 파일 폴더로 보고서 기록 및 기타 중요한 문서를 깔끔하게 정리하고 안전하게 보관하세요. 반대편에는 금속 펜 홀더가 있으며 스프링 클립은 레터 크기(A4) 메모장이나 종이를 보관할 수 있습니다. 견고한 필기 표면이 필요한 모든 사람에게 이상적입니다. 당신만큼 열심히 작동하는 현대적인 포트폴리오 가방으로 전문적인 스타일을 한 단계 업그레이드하세요","['파일', '확장', '폴더', '메모장', '정리', '포트폴리오', '가능하다', '포켓', '오거나이저', '섹션']"
사무용품,파일링 제품,확장형 파일,,B0BGXZ6567,"아코디언 확장 가능한 폴더, FOME 2팩 내구성 확장 가능한 파일 폴더 5포켓 레터 사이즈/A4 종이 문서 정리함 학교 홈 오피스용(퍼플, 핑크)",FOME,8988,8988,4.6,29.0,"【고품질】: 고품질 PP 소재로 만든 아코디언 확장 가능한 폴더는 무독성 및 비방사성으로 방수, 찢어짐 방지, 습기 방지, 내구성이 뛰어나며 쉽게 깨지거나 변형되지 않으며 쉽게 닦아낼 수 있습니다. 끈적한 잔여물을 남기지 않고 라벨을 제거할 수 있습니다. 【휴대용 및 경량】: 확장 파일 폴더 크기는 32.5 x 24.2cm(12.8 x 9.5인치)이며 A4 사이즈와 레터 크기에 맞습니다. 너무 크거나 작지 않아 휴대하기에 완벽한 크기입니다. 부피가 크지 않고 백팩에 완벽하게 들어갑니다. 서류를 회의나 학교에 쉽게 가져갈 수 있습니다. 【대용량】: 이 플라스틱 아코디언 파일 폴더는 충분히 확장할 수 있으며 많은 종이를 보관하고 최대 150-200페이지를 고정하기에 적합합니다. 영수증, 학교 서류, 여행 파일, 문서, 숙제, 쿠폰과 같은 홈 오피스 학교 일상 업무를 정리하고 분류하는 데 적합합니다. 【쉬운 사용】: 각 확장 파일 문서 폴더에는 5개의 확장 가능한 포켓이 있으며 측면의 라벨 위치는 원하는 파일을 빠르게 찾을 수 있도록 도와줍니다. 스냅 버튼 클로저는 사용 및 접근의 용이성을 높이면서도 용지가 미끄러지는 것을 방지합니다. 【다용도 파일 폴더】: 이 파일 오거나이저 확장 폴더는 가족, 학교, 사무실, 세금 및 출장에 적합합니다. 데스크톱 및 파일 정리를 위한 좋은 도우미입니다. 개인 선물로도 사용할 수 있으며 심플하고 패셔너블합니다.","특징: 확장 파일 폴더에는 5개의 확장 가능한 포켓이 있습니다. 이 오거나이저 폴더는 고품질 소재로 만들어졌으며 방수 기능이 있으며 견고하며 쉽게 닦아낼 수 있습니다. 웃는 얼굴과 생생한 색상의 사랑스러운 외관 디자인. 다양한 색상으로 파일을 빠르게 구별할 수 있습니다. 스티커 라벨은 정보를 빠르게 찾을 수 있도록 도와줍니다. 스냅 버튼 잠금 디자인은 파일이 떨어지는 것을 방지하고 종이를 깨끗하게 유지합니다. 이 폴더는 모든 것을 깔끔하게 보관할 수 있는 훌륭한 정리 도구로 가볍고 휴대가 쉽습니다. 확장 파일 폴더는 가족, 사무실에서 사용하기에 적합하며 조직의 일상적인 요구 사항을 충족하며 모든 내용을 깔끔하게 분류하여 선물, 친구 또는 아이들을 위한 기념품으로도 사용할 수 있습니다./사양: 소재: PP 소재 사이즈: 112.8 x 9.5 인치/32.5 x 24.2 cm 색상: 핑크/퍼플 패키지 포함: 확장 파일 폴더 2개 구입하기 전에 제품 크기를 확인하십시오./안내사항: 수동 측정으로 인해 사이즈에 약간의 오차가 있을 수 있습니다. 디스플레이 차이로 인해 색상이 약간 다를 수 있습니다. 제품에 문제가 있는 경우 언제든지 저희에게 연락하실 수 있습니다. 최선을 다해 도와드리겠습니다.","['파일', '폴더', '확장', '가능하다', '학교', '방지', '정리', '라벨', '문서', '빠르다']"
사무용품,파일링 제품,확장형 파일,,B09WHRLRGF,ZZKKO Cute Dog Paw 13 포켓 확장 파일 폴더 스티커 라벨 아코디언 파일 폴더 문서 오거나이저 레터 사이즈 A4 용지 확장 가능한 파일 키퍼 브라운,ZZKKO,31841,31841,4.9,13.0,"【폴더 사이즈】치수 26.9 x 36.1 x 2cm(10.6 x 14.2 x 0.8인치) 너비x길이x13개의 개별 포켓은 각각 3.2cm(1 1/8인치)까지 확장되며, 중요한 문서를 모두 묶지 않고 안전하게 보관할 수 있을 만큼 충분히 크며 백팩에 휴대할 수 있을 만큼 컴팩트합니다. 최대 500장의 A4 학교/사무실 용지, 레터 사이즈 문서를 함께 보관할 수 있어 실용적인 요구 사항을 충족합니다. 【고품질 소재】 아코디언 폴더는 내구성이 뛰어나고 환경 친화적인 PP 소재와 100% 폴리에스터 원단으로 만들어져 방수 및 강하며 쉽게 깨지거나 변형되지 않습니다. 【접착 라벨 및 추가 전면 포켓】표시를 위한 다채로운 스티커 라벨 시트가 함께 제공되어 파일 폴더의 내용을 빠르게 식별할 수 있습니다. 전면에 지퍼 클로저가 추가된 넉넉한 추가 포켓이 있어 펜, 지우개, 계산기 또는 영수증과 같은 학교 사무용품을 더 많이 휴대할 수 있도록 설계되었으며, 확장 가능한 파일 폴더 오거나이저로 송장 용지를 보관할 수 있습니다. 【지퍼 잠금 및 손목 스트랩】이 확장 파일 폴더는 지퍼 디자인으로 종이를 훨씬 안전하게 보관할 수 있습니다. 다른 곳으로 휴대하기가 훨씬 쉽고 물건을 잃을 가능성이 적습니다. 손목 스트랩으로 휴대가 간편하여 매우 유용하고 편리합니다. 【독특한 이미지 디자인 및 다목적】파일 폴더에 강아지 패턴 디자인의 독특한 이미지가 인쇄되어 학교나 사무실에서 가장 눈길을 끄는 제품이 될 것입니다. 다른 단색 파일 폴더와 다르며 세련되고 취향을 보여줍니다. 또한 파일 폴더는 휴일 문서, 바우처, 카드 및 쿠폰을 깔끔하고 정돈된 상태로 유지합니다. 가정, 사무실, 학교 사용 및 여행을 위한 완벽한 문서 정리함으로, 심플하고 스타일리시합니다.",,"['폴더', '파일', '확장', '문서', '휴대', '학교', '포켓', '용지', '지퍼', '사무실']"
사무용품,파일링 제품,확장형 파일,,B07MKMY85L,"ENGPOW 리갈 사이즈 확장 파일 폴더 중요 문서 오거나이저, 내화성 문서 가방, 포켓 13개, 컬러 라벨, 가려움 방지 실리콘 코팅 휴대용 파일 지갑, 대용량(40.6cm x 26.9cm(16인치 x 10.6인치))",ENGPOW,33226,27672,4.6,664.0,"이중 레이어 보호: 새로 디자인된 파일 폴더는 다른 폴더와 다른 재료를 사용합니다. 이중 레이어 디자인, 고품질 블랙 가려움 방지 액체 실리콘 코팅 내화성 유리 섬유로 1,000°C(2220°F)의 높은 온도를 견딜 수 있습니다. 이 가방은 내화성 및 방수 기능이 있습니다. 내화성 파일 폴더는 중요한 문서, 종이, 출생 증명서, 여권을 완벽하게 보호할 수 있습니다. 사이즈: 40.6cm x 26.9cm x 2cm(법정 사이즈), 무게: 450g/15.9온스, 13개의 개별 포켓. 내화성 파일 폴더는 문서를 매일 파일링하고 저장하는 데 적합합니다(컬러 라벨 포함). 다양한 용도: 내화성 지퍼는 보안과 안전한 운반을 더했습니다. 내구성이 뛰어납니다. 집, 사무실, 자동차에 파일 폴더를 넣을 수 있을 뿐만 아니라 금고에 넣는 것도 좋은 결정입니다. 중요한 정보가 안전한 장소에 있다는 것을 100% 확신할 수 있습니다. 완벽한 선물: 아름다운 디자인과 창의적인 폴더는 학생, 직원, 동료 등을 위한 기념일 또는 개인 선물로 사용할 수 있습니다. 고객 서비스: ENGPOW 는 친절한 애프터 서비스를 제공하며 고객에게 위험 환불이 없습니다. 문제가 있으시면 저희에게 연락해 주시면 문제를 해결하기 위해 최선을 다하겠습니다!",,"['폴더', '파일', '화성', '문서', '디자인', '가려움', '실리콘', '선물', '서비스', '완벽하다']"
사무용품,파일링 제품,확장형 파일,,B089399PDK,"확장 파일 폴더 13개의 포켓, A4 레터 사이즈 휴대용 문서 홀더, A4 파일 오거나이저, 손잡이가 있는 문서 폴더 학교, 사무실, 가정 확장 아코디언 폴더용(라이트 핑크)",YQMYXG,9681,9681,4.4,485.0,"아코디언 파일 오거나이저 사이즈: 13포켓 확장 파일 폴더 사이즈: 32.5cm x 24.5cm x 3cm(12.8인치 x 9.6인치 x 1.2인치)로 일상적인 파일 보관 및 보관에 적합합니다. 300-500장의 용지에 맞습니다. 편지, A4 종이, 문서, 송장, 계약서 및 일반 미국 서류를 보관할 수 있습니다. 문서 용지 폴더는 휴대가 쉽고 배낭, 서류 가방, 수하물 등에 넣을 수 있습니다. 탭이 있는 확장 가능한 포켓: 아코디언 파일 오거나이저 각 포켓에는 별도의 인덱스 태그가 있어 필요한 파일을 쉽게 찾을 수 있습니다. 탭이 있는 확장 가능한 포켓 - 파일 재킷에는 13개의 확장 가능한 개별 포켓이 있어 다양한 문서를 섹션으로 깔끔하게 정리할 수 있습니다. 컬러 탭 인서트가 있어 각 파일에 라벨을 붙이고 쉽게 찾을 수 있으며 지저분함 없이 모든 것을 순서대로 꺼낼 수 있습니다. 👉안전한 디자인 -: 휴대용 및 버튼 디자인의 확장 가능한 파일 폴더는 운송 중에 문서를 안전하고 단단히 보호하고 어디를 가든 파일을 휴대할 수 있습니다. 언제 어디서나 휴대할 수 있는 세련된 핸드 휴대용 파일 폴더/아코디언 폴더를 확장하여 문서를 쉽게 정리할 수 있습니다 내구성 및 방수 - 이 파일 오거나이저 확장 폴더는 고품질 PP로 만들어졌으며 확장 가능한 파일 폴더는 강하고 유연하며 찢어짐 방지 및 내구성이 뛰어납니다. 방수 및 습기 방지 소재로 중요한 문서를 깨끗하게 유지할 수 있습니다. 광범위한 사용 - 당사의 아코디언 홀더 폴더는 공과금 청구서, 송장, 편지, A4 용지 및 기타 문서를 정리하기에 적합합니다. 이 확장 문서 홀더 파일은 분류를 위해 설계되었습니다. 학교, 사무실, 가정용으로 이상적이며 선생님, 학생, 의사, 엔지니어, 디자이너, 연구원, 영업 사원 등을 위한 완벽한 선물입니다.",,"['파일', '폴더', '확장', '문서', '휴대', '포켓', '아코디언', '가능하다', '오거나이저']"
사무용품,파일링 제품,확장형 파일,,B0CLNJHP75,"손잡이가 있는 확장 파일 폴더, 문서용 아코디언 파일 폴더 오거나이저, 레터 사이즈 및 A4 사이즈 문서 폴더, 학교, 사무실, 가정용 확장 아코디언 폴더(블루) (1팩 포켓 26개)",V-KAMXECM,23531,23531,,,【대용량】제품 사이즈: 【고기능성 소재】 【컬러 디자인】 【편리한 디자인】 【다기능】,,"['폴더', '확장', '파일', '아코디언', '디자인', '문서', '블루', '개대', '오거나이저', '능']"
사무용품,파일링 제품,확장형 파일,,B07BXRGT8H,"파일 폴더, 포켓 폴더 파일 폴더 레터 사이즈 폴더 포켓 확장 파일 폴더 포켓 폴더 PU 가죽 13 포켓 A4 레터 사이즈 문서 오거나이저",NKTM,26287,26287,4.3,77.0,"【우수한 소재】NKTM 문서 정리함은 고품질 PU 가죽 소재를 채택하여 내구성이 뛰어나고 쉽게 변형되지 않습니다 【휴대용 사이즈】당사의 파일 폴더 크기는 33 x 24.7 x 4.5cm(12.99 x 9.72 x 1.77인치)이며 사무실과 고객 회의 간에 문서를 운반하기에 매우 적합합니다 【대용량】13개의 확장 가능한 포켓이 있어 책, 명함, 안경, 펜 및 기타 작은 물건을 넣을 수 있습니다. 다양한 요구 사항을 충족합니다 【심플한 디자인】이 파일 폴더 문서 오거나이저는 전문적인 비즈니스 확장 파일로, 웅장한 디자인이 없으며 사업가가 사용하기에 적합하며 간단하고 편리합니다 【다기능】가정, 사무실, 학교, 비즈니스 사용에 적합하며 문서, 바우처, 카드 및 쿠폰 등을 정리할 수 있는 좋은 도우미입니다",파일 폴더,"['폴더', '파일', '포켓', '문서', '확장', '정리', '사무실', '가죽', '비즈니스', '디자인']"
사무용품,파일링 제품,확장형 파일,,B0C22YKRP4,"아코디언 손잡이가 달린 파일 오거나이저, 26포켓 확장 파일 폴더, 휴대용 천 문서 오거나이저 아코디언 파일 키퍼, 레터 사이즈 / A4 파일, 사무실, 학교용, 틸",SEEKIND,41536,41536,4.5,120.0,"대용량: 26개의 개별 포켓으로 많은 수의 파일과 문서를 보관할 수 있습니다. 또한 휴대폰, 명함, 필기 도구 또는 스티커와 같은 작은 물건을 보관할 수 있는 추가 전면 포켓이 있습니다. 빠르게 진행되는 라이프 스타일을 갖춘 당사의 파일 폴더를 사용하면 다양한 비상 및 작업 작업에 쉽게 대응할 수 있습니다. 독특한 디자인: 내부 페이지 가장자리 래핑 디자인으로 파일을 자주 검색하여 찢어지는 것을 방지할 수 있습니다. 중간 강화 플레이트는 흔들림을 줄이고 파일이 압착, 변형 또는 손상을 효과적으로 방지할 수 있습니다. 3면 내부 라이너를 업그레이드하여 파일이 떨어지거나 접히지 않도록 합니다. PP 플라스틱 시트가 내장되어 내부 파일이 젖지 않도록 보호합니다. 호환성: 당사의 휴대용 파일 오거나이저는 다양한 파일 형식과 사양을 지원하며 A4 용지, 봉투 및 기타 일반적인 파일 사양에 적합하며 다양한 요구 사항을 충족합니다. 다채로운 삽입 라벨 디자인은 파일을 효과적으로 분류하고 찾을 수 있도록 도와주며, 필요에 따라 손으로 쓴 라벨을 추가할 수 있어 파일을 보다 체계적이고 깔끔하게 만들 수 있습니다. 경량: 당사의 휴대용 파일 키퍼는 가볍고 고성능 소재로 만들어졌으며 인체 공학적 손잡이와 이중 지퍼 디자인이 특징이며, 문서를 쉽게 휴대할 수 있습니다. 폴더 제작의 외관은 간단하고 가벼우며 정교하며 다양한 전문가와 학생들이 사용하기에 적합합니다. 패셔너블함: 저희 휴대용 파일 가방은 세련된 외관을 가지고 있습니다! 전문적인 복장이나 캐주얼 복장과 짝을 이루든, 파일 팩의 세련된 디자인은 당신을 돋보이게 할 것입니다! 취향을 잃지 않는 단순함, 직장 문화를 쓰는 성공적인 모델.",,"['파일', '디자인', '휴대', '내부', '문서', '폴더', '포켓']"
사무용품,파일링 제품,확장형 파일,,B08CYC1P9N,"BAZIC 확장 파일 폴더 13 포켓, 쿠폰 사이즈 플라스틱 파일 폴더, 컬러 탭 포켓 포함, 홈 오피스 용품, 청구서 영수증 오거나이저, 4팩",BAZIC Products,27686,27686,4.6,39.0,"파일 오거나이저. 고품질 폴리프로필렌(PP) 플라스틱 소재로 제작되었습니다. 안전하고 무독성. 치수: 26.4cm x 13.3cm x 3.2cm. 13개의 포켓으로 확장 가능. 카테고리에 5가지 색상 삽입 카드가 포함되어 있습니다. 컬러 탭. 분류에 도움이 되는 작은 색상 라벨과 함께 제공됩니다. 바우처, 카드, 쿠폰, 인덱스 카드, 명함, 메모, 플래시 카드, 주소, 사진, 영수증, 수표, 청구서를 정리하세요. ⭐ 확장 디자인. 칸막이가 있는 대용량 지폐 폴더는 사무실 생활에 좋은 보조 도구입니다. 이 폴더는 더 넓고 실용적이며 사이즈 또는 티켓 크기에 적합합니다 ⭐ 이상적인 보관. 경량, 유연성, 찢어짐 방지 및 방수 폴리 파일. 홀더는 신축성 있는 밴드 클로저가 있어 문서를 빠르게 꺼내고 안전하게 보관할 수 있습니다. 사무실, 학교 및 가정에 적합합니다. 휴대성. 패션을 갖춘 심플하고 우아한 디자인으로 직장, 공부, 여행에 많은 재미를 더합니다! 매일 서류 정리 및 보관에 적합합니다.",,"['카드', '폴더', '파일', '확장', '포켓', '탭', '안전하다', '영수증', '사무실', '보관']"
사무용품,파일링 제품,확장형 파일,,B0C363HX2V,Penguin Big Eyes 확장 파일 폴더 13 포켓 귀여운 동물 확장 가능한 파일 폴더 아코디언 문서 파일 오거나이저 A4 레터 사이즈 용지용,Gredecor,31841,31841,5.0,2.0,"사이즈: 35.6 x 26.9 x 1.8 cm. A4 사이즈 용지 및 레터 사이즈, 표준 문서 및 파일링에 맞습니다. 큰 용량: 13포켓 확장 파일 폴더는 모든 느슨한 문서를 순서대로 가져올 수 있는 좋은 방법입니다. A4 용지를 보관하기에 적합합니다. 소재: 내구성이 뛰어난 폴리에스터 소재로 제작된 파일 폴더는 방수 및 찢어짐 방지 성능을 제공합니다. 가볍고 휴대가 간편하며 배낭, 비즈니스 가방 또는 여행 가방에 잘 넣을 수 있습니다. 특징: 방수 및 견고하여 종이를 안전하게 보관합니다. 편리한 작은 전면 포켓은 펜, 형광펜 및 기타 일반적으로 사용되는 기타 물건을 보관하기에 적합합니다. 폴더 내용을 빠르게 식별할 수 있도록 컬러 필기 라벨이 포함되어 있습니다. 다기능: 가정, 사무실, 학교 및 여행을 위한 분류 된 보관 파일 관리자로 간단하고 세련되며 책상을 깔끔하고 깔끔하게 유지합니다.",확장 가능한 파일 폴더 -사이즈(약): 4.1 x 10.6 x 0.7인치/36 x 27 x 2 cm -소재: 100% 폴리에스터 + PP 오르간 라이너 + 손글씨 컬러 스트립 라벨 -디자인: 독특한 패션 맞춤 디자인 -인쇄: 단면 인쇄 제품 특징: --내구성 --방수. --확장 가능한 포켓 13개. --지퍼 잠금 디자인 --펜 홀더 디자인 --전면 지퍼 포켓 포함 --세련된 패턴 디자인 --컬러 라벨 포함,"['파일', '폴더', '확장', '디자인', '포켓', '보관', '펜', '방수', '문서', '라벨']"
사무용품,파일링 제품,확장형 파일,,B0CD275KLH,"손잡이가 있는 파일 오거나이저, 휴대용 확장 파일 폴더, 영수증, 청구서, A4/레터 사이즈 용지, 문서, a-z 탭용 25포켓 아코디언 파일 오거나이저, 파일 폴더 다이아몬드 포함",TOPCJ,23531,23531,4.2,58.0,"✔【우수성】이 혁신적인 파일 오거나이저는 내구성이 뛰어난 손잡이와 패션 버클로 디자인되어 기존의 확장 파일 폴더에서 성공적으로 업그레이드되었습니다. 많은 양의 문서를 보관할 때 언제 어디서나 중요한 문서를 더 쉽게 제거할 수 있습니다. 버클은 파일의 안전을 보호하는 데 매우 좋습니다. ✔【주요 섹션】파일 폴더 오거나이저의 뚜껑은 연장선과 조절 가능한 운반 손잡이로 설계되었습니다. 파일 폴더의 내부는 점점 더 많은 문서를 넣을 때 원하는 대로 완벽한 위치로 완전히 확장하고 조정할 수 있습니다. 유용하고 패셔너블한 확장 파일 폴더입니다. ✔【큰 용량】이 큰 파일 캐비닛으로, 총 25개의 확장 가능한 포켓, 각 포켓 3.3cm(1.3인치) 아코디언, A4 용지와 21.6 x 27.9cm(8.5 x 11인치) 레터 크기에 모두 맞습니다. 파일링 박스는 45cm(17.7인치)까지 확장할 수 있습니다. 약 4000장 이상의 시트를 담을 수 있습니다. ✔【최고 등급 소재】확장 가능한 파일 폴더는 고품질 폴리프로필렌과 폴리에스터로 만들어졌으며 다른 파일 폴더보다 20% 이상 두껍습니다. 데스크톱에 독립적으로 세울 수 있어 쉽게 깨지거나 변형되지 않습니다. 100% 방수, 무독성, 냄새 없음, 마모 방지, 찢어짐 및 습기 방지. ✔【선명도】미리 만들어진 알파벳 탭과 확장 가능한 파일 폴더의 컬러 정리 칸은 물건을 분리하고 쉽게 찾을 수 있는 좋은 방법입니다. ✔【다양한 사용】폴더 파일 수업, 학생을 위한 숙제, 중요한 문서, 청구서, 영수증, 사업가를 위한 서류 파일, 요리 메뉴, , 부모를 위한 설명서(한글이 아닐 수 있음). 출장, 집, 학교, 도서관, 회의실에 필요한 모든 문서를 매우 쉽게 휴대할 수 있습니다.",,"['파일', '폴더', '확장', '문서', '가능하다', '손잡이', '포켓']"
사무용품,파일링 제품,확장형 파일,,B00C55U81E,"KOKUYO 확장 가능한 파일 클리어 북, Novita α, A4, 포켓 24개 포함, 최대 6 x 12 포켓 (옐로우)",,21606,19376,4.2,166.0,"Novita α 시리즈의 Kokuyo 파일 클리어 북으로, 파일 유닛을 자유롭게 추가하고 교체할 수 있는 새로운 클리어 북 메커니즘입니다! Clear Book α는 문서를 보호하는 유연하면서도 튼튼한 반투명 커버가 있습니다. 척추에 6개의 홈이 있어 6개의 포켓 파일을 간단히 밀어 넣거나 뺄 수 있습니다. 이미 2개의 투명 포켓 파일이 있습니다(포켓 파일 α당 포켓 12개) 추가 포켓 파일 α는 용도에 따라 자유롭게 추가하거나 교체할 수 있습니다. 같은 시리즈의 α 파일을 삽입하여 사용할 수 있으므로 자신만의 파일을 만들 수 있습니다. 더 이상 전체 파일을 꺼낼 필요가 없습니다. 필요한 포켓 파일을 꺼내서 휴대하거나 언제든지 다른 명확한 책에 넣을 수 있습니다.",,"['파일', '포켓', '클리어', '북', '자유롭다', '추가', '시리즈']"
사무용품,파일링 제품,확장형 파일,,B0CQT8KLGM,"손잡이가 달린 내화성 아코디언 파일 오거나이저, 멀티 포켓이 있는 13포켓 확장 파일 폴더, 지퍼 및 라벨이 있는 종이 폴더 문서 오거나이저, 레터 A4 파일 및 문서용",Brrxiur,30456,30456,4.4,14.0,1,,"['파일', '폴더', '포켓', '문서', '오거나이저', '확장', '화성', '지퍼', '종이']"
사무용품,파일링 제품,확장형 파일,,B0CKNMBGR2,"Credibility 수직 확장 파일 폴더 2팩, 13포켓 아코디언 파일 폴더 오거나이저 백, A4 및 레터 사이즈 종이 문서 홀더 오거나이저, 레드 색상",Credibility Store,31841,31841,,,"【확장 가능 및 대용량】제품 크기: 길이: 13.4인치 / 34cm, 높이: 9.84인치 / 25cm, 너비: 0.79인치 / 2cm, 13가지 색상의 포켓 파일 오거나이저는 각 슬롯의 용지를 잘 분리하고 정리할 수 있습니다. 【방수 및 강화 원단 측면】프리미엄 친환경 PP 플라스틱 소재, 무산성, PVC 프리 및 안전한 보관을 위한 보관 품질로 제작되었습니다. 방수 및 습기 방지 소재로 문서를 양호한 상태로 유지하고 쉽게 깨지거나 변형되지 않습니다. 【컬러 디자인】 멋진 색상의 내부 페이지가 있는 맞춤형 라벨은 문서를 편리하고 쉽게 정리할 수 있으며 파일을 쉽게 찾을 수 있습니다. 【휴대용 및 안전한 디자인】 이전 폴더 오거나이저에서 신축성 있는 스트링 및 버튼 클로저를 업그레이드하여 사용자가 쉽게 열고 닫을 수 있습니다. 칸막이가 있는 아코르디안 파일 키퍼는 작업을 더 편안하고 즐겁게 만들어 주며, 모든 사람들이 느슨한 서류를 모두 보관할 수 있습니다. 【다양한 용도】확장되는 아코디언 폴더에는 공과금, 송장, 편지, A4 용지, 카드, 영수증, 계약서 및 기타 문서를 보관할 수 있습니다. 가정, 사무실, 직장, 학교 및 여행용으로 적합합니다. 이 확장 파일 폴더는 쉽게 정리할 수 있으며, 세련되고 심플한 디자인은 교사, 학생, 의사, 엔지니어, 디자이너, 연구원, 세일즈맨, 친구 및 가족을 위한 최고의 선물입니다.",,"['파일', '폴더', '확장', '문서', '정리', '디자인', '안전하다', '아코디언', '오거나이저', '용지']"
사무용품,파일링 제품,확장형 파일,,B0B4G2L9FQ,"수직 확장 파일 폴더 13포켓 아코디언 파일 폴더 오거나이저, A4 사이즈, 레터 사이즈, 종이, 문서 홀더, 오거나이저, 그라데이션 색상(그린)",V-KAMXECM,20761,20761,4.5,48.0,"대용량: 제품 크기: 24.9cm x 2cm x 34cm. 최대 350장의 종이를 담을 수 있는 A4 용지용 포켓 13개. 중요한 문서와 서류를 모두 보관할 수 있을 만큼 충분히 크며, 12개의 컬러 포켓이 있어 모든 문서를 구별할 수 있습니다. 고품질 소재: 이 아코디언 파일 오거나이저는 방수 및 내구성이 뛰어난 PP 소재로 만들어져 문서를 안전하게 보관할 수 있습니다. 방수 및 강화 원단 측면으로 파일 정리함이 쉽게 깨지거나 충돌하지 않습니다. 컬러 디자인: 멋진 색상의 내부 페이지가 있는 맞춤형 라벨은 문서를 편리하고 쉽게 찾을 수 있습니다. 편리한 디자인: 12개의 빈 라벨이 함께 제공되어 파일을 직접 분류할 수 있으며 파일을 쉽게 정리하고 찾을 수 있습니다. 유연한 안전 버클은 쉽게 부러지거나 변형되지 않으며 문서를 안전하게 고정할 수 있습니다. 다기능: 이 확장 파일 폴더에는 최대 350개의 A4 용지, 문서 및 영수증 등을 보관할 수 있습니다. 아코디언 파일 오거나이저는 학교, 출장, 집, 사무실 등에 사용할 수 있습니다.",,"['파일', '문서', '폴더', '포켓', '아코디언', '확장', '종이', '오거나이저', '디자인', '라벨']"
사무용품,파일링 제품,확장형 파일,,B0BY8PCG6R,"ENGPOW 다기능 포켓이 있는 확장 파일 폴더, 내화성 파일 오거나이저 아코디언 문서 오거나이저, 레터 A4 사이즈 보관, 중요한 문서, 돈, 카드, USB, 여권용, 포켓 3개, 블랙",ENGPOW,27686,27686,4.4,87.0,"아코디언 파일 정리: 다른 파일 폴더와 비교했을 때, 당사의 내화성 폴더는 분류 및 보관 요구 사항을 충족하기 위해 수납 공간에 다양한 다기능 포켓으로 설계되었습니다. 여기에는 여권 메시 백 4개, 카드 슬롯 12개, U 디스크 포켓 6개가 포함됩니다. 중요한 문서, 종이, 현금, 카드, USB, 여권, 인증서 및 기타 귀중품을 보관하기에 이상적입니다. 가족이나 친구에게 이상적인 크리스마스 선물이 될 것입니다. (다양한 옵션: 3/4/5 칸) 내화성 및 방수 및 방진 소재: 일반 파일 폴더와 달리, 이 새로 디자인된 내화성 파일 폴더는 3중 레이어 가려움 방지 실리콘 코팅 유리 섬유로 만들어져 최대 1,204.4°C(2500°F)까지 견딜 수 있습니다. 재해가 닥쳤을 때 중요한 문서를 저장할 시간을 제공합니다. 파일 폴더가 종종 먼지로 덮이는 것이 걱정되십니까? 먼지가 없는 소재는 내화성 폴더 외부에 먼지가 달라붙는 것을 방지하고 항상 깔끔하고 깔끔하게 유지합니다. 큰 용량: 36.6cm x 25cm x 4cm(14.45인치 x 9.75인치 x 1.57인치), 내화성 파일 폴더는 일상적인 서류 정리 및 보관에 적합하며 A4 크기와 레터 크기 모두에 적합합니다. 두 개의 잠금 가능한 지퍼 클로저, 펜 홀더, 휴대용 걸이 로프. 완벽한 것은 아니지만 추가적인 보호 기능은 항상 좋은 생각입니다. 다양한 상황에 적합: 클래식한 블랙, 세련된 외관, 내화성 및 방진 소재 디자인으로 책상이 엉망이 되지 않도록 모든 것이 전문적이고 깨끗하며 깔끔합니다. 내화성 파일 폴더는 비즈니스, 여행, 사무실, 학교, 가정 보관에 적합하며 중요한 문서를 안전한 장소에 100% 확신할 수 있습니다. 신뢰할 수 있는 애프터 서비스: 귀중품을 화재로부터 어떻게 더 잘 보호할 수 있을까요? ENGPOW 내화성 재료, 안전 기술에 대한 연구와 개발을 계속합니다. 귀중품을 보호하기 위해 고객에게 최고의 제품을 제공하고자 합니다. 품질 문제가 있으면 언제든지 저희에게 알려주십시오. 즉시 교체 또는 100% 환불을 약속드립니다. 24시간 이내에 응답할 준비가 되어 있습니다. 귀하의 제안은 제품 업그레이드에 큰 영향을 미칩니다.",,"['파일', '폴더', '화성', '문서', '보관', '포켓', '중요하다', '보호', '품', '여권']"
사무용품,파일링 제품,확장형 파일,,B07D29GCGR,"Umriox 플라스틱 파일 폴더, 5팩 A4 폴리 봉투 확장 파일 지갑 문서 폴더, 스냅 버튼 클로저 및 라벨 포켓 포함(5가지 색상)",Umriox,22146,19376,4.7,598.0,"✔ 다양한 색상: 플라스틱 지갑 폴더에는 5가지 색상(레드 / 그린 / 블루 / 블랙 / 옐로우)이 포함되어 있으며, 각 a4 플라스틱 지갑은 반투명하므로 다양한 파일 옵션을 구별할 수 있습니다. ✔ 고품질: 고품질 폴리프로필렌으로 만들어졌으며 무독성이며 환경 친화적이며 재활용 가능합니다. 내구성이 뛰어난 폴리는 찢어짐 방지 및 방수 기능이 있습니다. ✔ 대용량: 31 x 24cm(12.25 x 9.4인치) 제품과 폴리 봉투는 대용량으로 확장 가능하며 각 플라스틱 지갑은 약 800장의 종이를 보관할 수 있습니다. ✔ 독특한 디자인: 문서를 쉽게 구별할 수 있는 명함 슬롯이 있는 폴더; 가장자리 트림이 박음질된 천 거싯은 손가락을 긁힘으로부터 보호합니다. 반투명 색상의 봉투로 내용물을 볼 수 있습니다. ✔ 다양한 기능: 학교 과목, 사무실 문서 파일, 여행 A4 파일, 명함 및 화장품 보관과 같은 일상적인 사용에 적합합니다. 심플하고 패셔너블합니다.",,"['파일', '지갑', '플라스틱', '폴더', '문서', '봉투', '폴리', '구별', '명함', '가능하다']"
사무용품,파일링 제품,확장형 파일,,B07D7KXPL3,"13 포켓 영수증 오거나이저, 영수증, 쿠폰용 소형 확장 파일 포더 4팩",XUCHUN,24916,24916,4.5,291.0,"【좋은 소재】PP 플라스틱으로 만든 확장 파일 폴더는 엉성하지 않고 쉽게 깨지지 않으며 방수 및 찢어짐 방지, 패션 및 매트 표면 효과로 사무실과 학교 생활을 더 편안하게 만듭니다 【접었을 때 사이즈】: 26.4 x 14.5 x 2.8cm(10.4 x 5.7 x 1.1인치), 구입하기 전에 크기를 확인하세요(A4 사이즈가 아님), 4가지 색상 확장 파일 폴더가 포함되어 있습니다. 모든 사람에게 보관을 위한 12개의 확장 포켓이 있으며, 쉽게 세분화하고 인덱싱할 수 있는 12개의 탭이 있어 삶을 잘 정리하고 작업 효율성을 향상시킵니다 【아름다운 표면】 심플하고 우아한 디자인, 다양한 색상의 4개 팩: 레드/블랙/블루/그린, 사무실, 학교 및 가정을 위한 훌륭한 정리 및 장식. 【다용도 정리함】학교 사무실 및 집에서 사용하기에 적합한 작은 영수증 오거나이저로 중요한 파일, 문서, 카드, 인증서, 청구서, 쿠폰, 영수증, 수표, 학교 노트 등을 보관할 수 있습니다. 【종이 떨어지는 방지】풀 사이즈 유연한 플랩과 번지 클로저가 있는 아코디언 문서 파일 오거나이저는 추가적인 보안과 안전한 운반을 제공합니다.","XUCHUN 확장 파일 폴더 학교, 직장 또는 가정에 이상적인 이 XUCHUN 확장 파일 폴더는 쉽게 정리할 수 있습니다. 편리한 파일 폴더는 중요한 종이와 문서를 위한 귀중한 공간을 만들어 모든 것을 섹션으로 깔끔하게 분류할 수 있습니다. 내구성이 뛰어난 폴리 소재로 제작된 파일 폴더는 방수 및 찢어짐 방지 성능을 제공합니다. 또한 중성, PVC 프리, 아카이브 품질로 최고의 마음의 평화와 오래 지속되는 안전한 보관을 제공합니다. 성장할 수 있는 공간이 있는 신뢰할 수 있는 휴대용 저장 솔루션을 찾고 계신다면, XUCHUN 확장 파일 폴더는 높은 품질과 탁월한 편리함을 제공합니다. 접을 수 있는 휴대용 디자인으로 사무실에 편리하며, 여행에 좋은 도우미입니다. 폴리 파일 폴더는 안정적인 파티션을 위해 12개의 개별 포켓을 제공합니다. 포켓은 손으로 쓴 라벨을 추가할 수 있도록 탭이 있어 각 섹션을 즉시 식별할 수 있어 빠르게 사용할 수 있습니다. 당사의 제품 디자인 철학은 모든 내용을 여러 부분으로 나누어 조직의 스타일을 유지하는 데 도움이 되는 것입니다. 라벨에 문자를 쓰고 작은 구성 요소를 빠르게 찾을 수 있습니다. 패키지 구성: 파일 폴더 4개(레드 +블루 +그린 +블랙) 작은 라벨","['파일', '폴더', '확장', '학교', '영수증', '정리', '사무실', '포켓', '라벨', '디자인']"
사무용품,파일링 제품,확장형 파일,,B07VMFKV7Z,Lemical 데스크탑 확장 파일 홀더 13개의 무지개 포켓 휴대용 파일 폴더 A4 파일 오거나이저 셀프 스탠딩 아코디언 문서 보관 상자 대용량 충전 가정 및 사무실 및 학교용,Lemical,15913,15913,4.3,95.0,"[고품질 플라스틱] 고품질 환경 PP 소재로 제작되어 방수, 유연성이 뛰어나며 쉽게 깨지거나 변형되지 않아 파일을 양호한 상태로 유지합니다. 아름다운 외관, 다양한 색상 중에서 선택할 수 있으며, 예술적인 스타일로 손에 든 작품처럼 마음에 드실 것입니다. [13개의 포켓 확장 파일] 특히 저장 공간이 제한된 경우 파일을 분류하고 보관하는 훌륭한 방법입니다. 보관해야 하는 품목에 따라 데스크탑 스토리지 확장기를 사용할 수 있습니다. 필요에 따라 각 파일을 사용자 지정할 수 있습니다. [자체 지지 선반] 테이블의 파일 선반과 마찬가지로 확장 파일 홀더는 테이블에 안정적으로 놓을 수 있으며 작동이 쉽고 파일을 넣거나 꺼낼 수 있습니다. 양쪽에 손잡이가 있어 쉽게 움직일 수 있습니다. 사무실, 학교, 가정 및 기타 장소에서 사용하기에 매우 적합합니다. 문서, 바우처, 카드 및 쿠폰을 정리할 수도 있습니다. [다기능] 확장 파일 상자에는 문서, 영수증, 청구서, 송장, 명함, 쿠폰, 쿠폰 등과 같은 다양한 파일을 저장할 수 있습니다. 가정, 사무실, 학교 및 여행에 적합하며 작업을 쉽고 즐겁게 만듭니다. 가족, 어린이 및 친구를 위한 독특한 선물이 될 것입니다. [파일 빠른 액세스] 직사각형 확장 파일 홀더와 달리, Lemical A4 문서 정리함은 부채꼴 모양으로 원하는 것을 쉽게 찾고 꺼낼 수 있습니다.",,"['파일', '확장', '문서', '가정', '보관', '사무실', '쿠폰', '홀더', '학교', '선반']"
사무용품,파일링 제품,확장형 파일,,B08YN3J7NV,"확장 파일 폴더 포켓 6개, 아코디언 문서 폴더 오거나이저 A4 레터 페이퍼 파일 오거나이저 포켓, 버클 클로저, 플라스틱 확장 가능한 파일 폴더 학교 사무실 가정용",Guzack,13836,13836,4.5,139.0,"탭이 있는 6개의 포켓 - 확장 파일 폴더는 다양한 종류의 문서를 넣을 수 있는 6개의 부분으로 나뉘어져 있습니다. 내부에 5개의 탭 섹션이 있어 손으로 쓴 라벨을 추가하여 각 섹션을 즉시 식별할 수 있어 빠르게 꺼낼 수 있습니다. 휴대용 파일 오거나이저 - 파일 폴더 크기: 32.5cm x 23.5cm x 1.9cm, 휴대가 간편하며 A4 레터 용지 정리함에 적합하며 내구성이 뛰어나고 튼튼하여 많은 종이를 휴대할 수 있으며 폴더가 주름지지 않습니다. 앞면의 스냅 버클 클로저는 종이 문서가 떨어지지 않도록 도와줍니다. DIY 파일 폴더 맞춤형 - 아코디언 파일 폴더 외부에 투명 라벨 창이 있으며 라벨 카드를 사용하여 카드를 DIY하여 폴더를 분류할 수 있습니다. 귀여운 파일 폴더 - 행복한 얼굴이 있는 아코디언 파일 폴더는 매우 사랑스럽고 훌륭한 색상이며, 파일 폴더는 모든 것을 깔끔하게 유지하고 고등학교/대학 수업에 적합합니다. 적용 범위 - 아코디언 폴더는 가정, 사무실, 학교 생활에 이상적이며 학교의 모든 과목에 대한 폴더를 갖기에 적합합니다. 파일 폴더는 가족 청구서와 문서를 한 곳에 정리할 수 있습니다. 원하는 대로 선물, 기념품 또는 웨딩 플래너가 될 수 있습니다.",,"['폴더', '파일', '아코디언', '문서', '휴대', '오거나이저', '확장', '학교', '포켓', '오거나이저']"
사무용품,파일링 제품,확장형 파일,,B0CXSZJQFN,"4팩 A4 플라스틱 파일 폴더 폴리 봉투 확장 파일 지갑 문서 폴더, 지퍼 및 라벨 포켓 포함, A4 파일 파우치 플라스틱 지갑 폴더 가정, 사무실, 학교용 (블랙)",HUA JIE,24916,24916,4.7,4.0,"대용량: A4 플라스틱 지갑 폴더는 34x24x7cm / 13.4""x9.4""x2.75""입니다. 폴리 봉투는 더 큰 용량으로 확장 가능합니다. 파일 백의 측면은 7cm까지 확장 가능하여 용량을 더 크게 만듭니다. 고품질: A4 플라스틱 지갑 폴더는 EVA 피부 친화적인 소재로 만들어져 유연성이 좋고 변형이 쉽지 않으며 반복적으로 사용할 수 있습니다. 실용적인 디자인: A4 플라스틱 파일 폴더의 표면은 방수 처리되어 파일이 젖지 않도록 보호합니다. 완벽한 디자인: 지퍼가 달린 4개의 플라스틱 지갑 폴더로 쉽게 열고 닫을 수 있으며, 중요한 문서를 보호하면서도 직장이나 여행 중에 쉽게 꺼낼 수 있습니다. 다양한 기능: 매일 사용하기에 적합하며 학교, 집, 직장, 사무실, 여행 및 출장에서 사용할 수 있습니다.","대용량: A4 플라스틱 지갑 폴더는 34x24x7cm / 13.4""x9.4""x2.76""입니다. 폴리 봉투는 더 큰 용량으로 확장 가능합니다. 파일 백의 측면은 7cm까지 확장 가능하여 용량을 더 크게 만듭니다.","['폴더', '플라스틱', '파일', '지갑', '확장', '가능하다', '폴리', '봉투', '지퍼', '디자인']"
사무용품,파일링 제품,확장형 파일,,B08P769XXP,"Kokuyo Novita α, 확장 가능한 파일 클리어 북, 디스플레이 북, 플라스틱 슬리브가 있는 프리젠테이션 바인더, 40포켓 바인딩, A4-S, 투명, 일본 수입 (RA-NV40T)",KOKUYO,19251,19251,4.4,498.0,"커버: R-PP; 포켓: PP 수량 및 사이즈: A4-S 사이즈 용지를 안전하게 보관할 수 있도록 설계된 40개의 고정 울트라 클리어 포켓. 제품의 최대 용량은 40개의 포켓에 최대 약 500장입니다. 제품 외부 치수는 307 x 251 x 8-50mm(12.09 x 9.88 x 0.3-1.9인치)이며 커버 두께는 1.0mm(0.04인치), 포켓 시트 두께는 0.05mm입니다. 확장 가능한 스파인: 척추 너비를 최대 6배까지 확장할 수 있으며 문서 수에 따라 변경되므로 문서를 항상 컴팩트하게 보관할 수 있습니다. 많은 수의 문서를 보관할 때에도 말리지 않고 깔끔하게 보관할 수 있습니다. 파일이 부풀지 않으며 커버를 단단히 닫을 수 있습니다. 탑로딩 디자인: Novita α 클리어 북은 넓은 상단 입구가 있어 종이를 쉽게 넣고 뺄 수 있으며 작업 프레젠테이션 및 제안, 학교 보고서 등에 이상적입니다. 우수한 소재: 고품질 폴리프로필렌으로 제작되어 장기간 문서 보호를 위해 산성이 없습니다. 커버는 10% 재활용 폴리프로필렌으로 제작되었습니다. 기능성 척추: 척추의 인덱스는 쓰기 및 교체가 가능합니다. 주제 분류 및 인식이 쉽습니다.",,"['포켓', '문서', '커버', '확장', '클리어', '북', '척추', '가능하다', '파일', '폴리프로필렌']"
사무용품,파일링 제품,확장형 파일,,B0B8RV3S6Y,"CLOUDIA 확장 파일 폴더, 포켓 13개 아코디언 파일 오거나이저, 레터 사이즈/A4 문서 오거나이저, 컬러 탭 및 확장 가능한 커버, 학교, 가정, 사무실 및 여행에 적합 (투명)",Cloudia,9681,9681,4.7,88.0,"【업그레이드된 디자인】CLOUDIA 13개의 포켓 파일 폴더 오거나이저는 새로운 외관을 가지고 있으며 투명한 상단 디자인으로 업그레이드되어 생생한 대비 디자인을 가지고 있습니다. 【프리미엄 품질】저희 아코디언 파일 오거나이저는 프리미엄 폴리프로필렌으로 만들어졌으며 방수 기능이 있으며 원단 측면이 강화되었습니다. 중요한 문서를 장기간 보관하기에 이상적입니다. 【휴대용 및 컴팩트】CLOUDIA 13개의 포켓 파일 폴더는 200-300장 이상의 종이와 레터 크기와 A4 크기의 문서를 보관할 수 있으며 가볍고 컴팩트하며 휴대가 간편하여 사무실 생활에 좋은 도움이 됩니다. 【빠른 오거나이저】 CLOUDIA 13개의 포켓 파일 폴더는 모든 A4 및 레터 사이즈 문서, 모든 수업을 위한 포켓에 맞습니다. 당사의 파일 폴더에는 노트북 폴더의 내용을 표시할 수 있는 라벨 위치가 있는 인덱스가 있어 문서를 쉽게 찾을 수 있습니다. 【다용도】CLOUDIA 13개의 포켓 파일 폴더는 마닐라 폴더에 적합하며 가정, 사무실, 학교 및 일상 사용에 적합합니다. 영수증, 학교 종이, 여행 파일 문서 또는 숙제를 보관할 수 있습니다. 개인 선물, 기념품, 웨딩 플래너 등으로 완벽합니다.","CLOUDIA 13개의 포켓 스마일 파일 폴더 오거나이저는 탁월한 그리드 패턴으로 업그레이드된 새로운 외관을 가지고 있습니다. 매우 귀엽고 쾌활한 색상과 생생한 대비 색상 디자인. 당사의 플라스틱 아코디언 파일 오거나이저는 매우 두꺼운 프리미엄 폴리프로필렌으로 만들어져 찢어짐 및 방수, 무취, 무독성 및 환경 친화적이며 중요한 문서를 장기간 보관하기에 이상적입니다. CLOUDIA 13 포켓 파일 폴더는 200-300장 이상의 종이와 레터 크기와 A4 크기의 문서를 보관할 수 있으며, 가볍고 컴팩트하여 휴대가 간편하여 사무실 생활에 좋은 도움이 됩니다. CLOUDIA 13 포켓 파일 폴더는 모든 A4 및 레터 사이즈 문서에 적합하며, 모든 수업을 위한 13개의 포켓이 있습니다. 파일 폴더에는 노트북 폴더의 내용을 표시하기 위한 다채로운 라벨이 있는 인덱스가 함께 제공되어 문서를 쉽게 찾을 수 있습니다. CLOUDIA 13 포켓 파일 폴더는 마닐라 폴더에 적합하며 가정, 사무실, 학교 및 일상 사용에 적합하며 영수증, 학교 서류, 여행 파일 문서 또는 숙제를 보관할 수 있습니다. 개인 선물, 기념품, 웨딩 플래너 등으로 완벽합니다.","['파일', '폴더', '문서', '포켓', '학교', '사무실', '디자인']"
사무용품,파일링 제품,확장형 파일,,B09W59J8GF,"ZZKKO Vintage World Map 13포켓 확장 파일 폴더, 스티커 라벨 포함, 아코디언 파일 폴더, 문서 오거나이저, 레터 사이즈, A4 용지, 확장 가능한 파일 키퍼, 오래된 스테인드",ZZKKO,13836,13836,4.8,38.0,"【폴더 사이즈】치수 26.9 x 36.1 x 2cm(10.6 x 14.2 x 0.8인치) 너비x길이x13개의 개별 포켓은 각각 3.2cm(1 1/8인치)까지 확장되며, 중요한 문서를 모두 묶지 않고 안전하게 보관할 수 있을 만큼 충분히 크며 백팩에 휴대할 수 있을 만큼 컴팩트합니다. 최대 500장의 A4 학교/사무실 용지, 레터 사이즈 문서를 함께 보관할 수 있어 실용적인 요구 사항을 충족합니다. 【고품질 소재】 아코디언 폴더는 내구성이 뛰어나고 환경 친화적인 PP 소재와 100% 폴리에스터 원단으로 만들어져 방수 및 강하며 쉽게 깨지거나 변형되지 않습니다. 【접착 라벨 및 추가 전면 포켓】표시를 위한 다채로운 스티커 라벨 시트가 함께 제공되어 파일 폴더의 내용을 빠르게 식별할 수 있습니다. 전면에 지퍼 클로저가 추가된 넉넉한 추가 포켓이 있어 펜, 지우개, 계산기 또는 영수증과 같은 학교 사무용품을 더 많이 휴대할 수 있도록 설계되었으며, 확장 가능한 파일 폴더 오거나이저로 송장 용지를 보관할 수 있습니다. 【지퍼 잠금 및 손목 스트랩】이 확장 파일 폴더는 지퍼 디자인으로 종이를 훨씬 안전하게 보관할 수 있습니다. 다른 곳으로 휴대하기가 훨씬 쉽고 물건을 잃을 가능성이 적습니다. 손목 스트랩으로 휴대가 간편하여 매우 유용하고 편리합니다. 【독특한 이미지 디자인 및 다목적】파일 폴더에 인쇄된 구세계 지도의 독특한 이미지가 있어 학교나 사무실에서 가장 눈길을 끄는 이미지가 될 것입니다. 다른 단색 파일 폴더와 다르며 세련되고 취향을 보여줍니다. 또한 파일 폴더는 바우처, 카드 및 쿠폰을 깔끔하고 정돈된 상태로 유지합니다. 가정, 사무실 및 여행을 위한 완벽한 문서 정리함으로, 심플하고 스타일리시합니다. 카드, 펜, 열쇠 및 기타 일반적으로 사용되는 작은 물건을 수집하는 데 이상적입니다.",,"['폴더', '파일', '확장', '문서', '포켓', '휴대', '용지', '사무실', '이미지', '학교']"
사무용품,파일링 제품,확장형 파일,,B0B1MFY9NT,"Summer Flower Butterfly 13 포켓 확장 파일 폴더, 라벨 포함, 수채화 꽃무늬 아코디언 파일 오거나이저, 지퍼 포함, 홈 오피스 학교 용품, A4 레터 사이즈 휴대용 파일 폴더",CUPADA,31841,31841,4.7,53.0,"대용량: 36.1 x 26.9 x 2cm(14.2 x 10.6 x 0.8인치) 및 내부 포켓 13개로 충분한 수납 각 포켓에는 폴더 내용물을 빠르게 식별할 수 있도록 다채로운 필기 라벨이 장착되어 있습니다. 휴대용 및 내구성: 확장 파일 폴더의 무게는 320.3g(11온스)이며 앤티크 나일론으로 만들어져 방수 기능이 있으며 견고하며 가볍고 휴대가 쉽습니다 전면 포켓과 지퍼 디자인: 전면 포켓에는 개인 물품을 넣을 수 있으며 지퍼 디자인으로 문서의 보안을 보호합니다. 사용자는 문서 및 물건의 분실에 대해 걱정할 필요가 없습니다 다기능 사용: 출장을 위한 최고의 도우미로, 사무실, 공부 및 분류된 저장 파일 관리 폴더의 일상적인 사용에 적합합니다 재미있는 패턴: 맞춤형 디자인으로 선물을 더욱 특별하고 창의적으로 만듭니다. 친구, 가족 및 연인을 위한 완벽한 선물입니다.",,"['폴더', '포켓', '파일', '휴대', '지퍼', '디자인', '라벨', '문서', '확장', '전면']"
사무용품,파일링 제품,확장형 파일,,B0BGY2Q4JR,"탭이 있는 확장 파일 폴더, FOME 7 포켓 레터 A4 용지 사이즈 아코디언 파일 폴더 오거나이저, 스티커 탭 포함, 플라스틱 중요한 문서 홀더 학교 홈 오피스용",FOME,6911,6911,4.3,35.0,"【고품질】: 고품질 PP 방수 소재로 만든 플라스틱 파일 폴더는 찢어짐 및 방수, 냄새 없음, 무독성, 환경 친화적, 쉽게 깨지거나 변형되지 않아 다양한 프로젝트에서 재사용할 수 있으며 탁월한 보호 및 내구성, 긴 수명을 제공합니다. 중요한 문서를 장기간 보관하기에 이상적입니다. 【대용량】: 이 확장 파일 폴더 크기는 약 32.5 x 24cm(12.8 x 9인치)이며 표준 레터 봉투 크기입니다. 7개의 확장 가능한 포켓과 6개의 라벨을 위한 탭 위치로 설계된 확장 파일 폴더. 대용량으로 레터 크기와 A4 크기의 종이 300-500장의 종이를 보관할 수 있습니다. 사무실 생활에서 정말 좋은 보조 도구이므로 더 이상 파일이 섞이는 것에 대해 걱정할 필요가 없습니다. 【쉬운 구별】: 7가지 색상의 파일 폴더 내부의 파일 폴더는 파일 오거나이저의 다채로운 인간화된 인덱스 디자인으로 파일을 쉽게 분류하고 저장할 수 있습니다. 다양한 색상은 다양한 파일 유형을 나타낼 수 있으므로 각 파일에 라벨을 붙이고 쉽게 찾을 수 있습니다. 【버튼 잠금】: 파일을 안전하게 보장하는 다채로운 문서 오거나이저 버튼 클로저로 플라스틱 파일 폴더를 열고 닫을 수 있어 더 편리하고 시간을 절약할 수 있습니다. 스냅 버튼 잠금 디자인은 파일이 떨어지는 것을 방지하고 종이를 깨끗하게 유지합니다. 【다양한 사용】: 교육, 학교 업무, 교육 및 숙제, 사무실 일상 작업, 프로젝트, 서류 정리 및 보관에 적합합니다. 많은 수의 문서를 분리해야 하는 경우, 이 폴더를 사용할 수 있습니다. 다양한 작업이나 배열을 분류하고 정리할 수 있도록 도와줍니다. 개인 선물, 기념품, 웨딩 플래너 등으로 완벽합니다.","특징: 고품질 PP 소재로 만든 플라스틱 아코디언 파일 오거나이저. 실수로 젖어 쉽게 깨지거나 변형되지 않는 경우 내부 물건을 보호할 수 있습니다. 측면의 인덱스 태그 위치는 원하는 파일을 빠르게 찾을 수 있도록 도와줍니다. 패키지에는 7가지 색상의 종이 폴더 오거나이저 7개가 포함되어 있어 페이지를 보관할 수 있는 충분한 공간을 제공하여 순서대로 보관할 수 있습니다. 일상 생활에서 파일 정리 요구 사항을 충족시킬 수 있을 만큼 풍부합니다. 스냅 버튼 잠금 디자인은 파일이 떨어지는 것을 방지하고 종이를 깨끗하게 유지합니다. 이 플라스틱 파일 폴더는 홈 오피스 학교 일상 사용에 적합합니다. 가족, 친구 및 반 친구를 위한 훌륭한 선물입니다. 페이지를 보관할 수 있는 충분한 공간을 확보하고 순서대로 보관할 수 있습니다./사양: 소재: PP 플라스틱 사이즈: 12.8 x 9 인치/32.5 x 24 cm 색상: 멀티컬러. 패키지 포함: 플라스틱 파일 폴더/안내사항: 수동 측정으로 인해 사이즈에 약간의 오차가 있을 수 있습니다. 디스플레이 차이로 인해 색상이 약간 다를 수 있습니다. 제품에 문제가 있는 경우 언제든지 저희에게 연락하실 수 있습니다. 최선을 다해 도와드리겠습니다.","['파일', '폴더', '플라스틱', '종이', '확장', '버튼', '문서', '오거나이저']"
사무용품,파일링 제품,확장형 파일,,B093LMF35D,"FANWU 코드 및 버튼 클로저가 있는 확장 파일 폴더 4팩, 레터 사이즈, 7포켓 플라스틱 아코디언 파일 오거나이저 폴리 A4 확장 가능한 종이 문서 오거나이저 사무실 학교 가정 정리용",FANWU,27686,27686,4.7,390.0,"【프리미엄 품질】이 아코디언 파일 오거나이저는 환경 친화적인 PP 소재로 만들어졌으며 내마모성 및 긁힘 방지 기능이 있으며 청소하기 쉽습니다. 내구성이 뛰어난 두꺼운 일체형 구조 확장 파일 폴더는 내구성이 뛰어나고 수명이 깁니다. 【대용량 】 확장 가능한 레터 파일은 프로젝트, 유인물, 과제 등을 정리할 수 있는 완벽한 공간을 제공합니다. 각 파일 폴더에는 7개의 확장 포켓이 있어 문서를 보관할 수 있는 충분한 공간을 제공합니다. 전체 크기는 33 x 24.1cm(13 x 9-1/2인치)입니다. 【색상 코드 및 탭】 패키지에는 7개의 포켓 폴더 오거나이저, 블루 x 1, 그린 x 1, 레드 x 1, 블랙 x1이 포함되어 있습니다. 더 많은 종이, 프로젝트 및 문서를 정리하는 데 도움이 됩니다. 투명 칸막이가 있는 플라스틱 아코디언 문서 오거나이저는 더욱 전문적으로 보입니다. 7포켓 파일을 사용하면 포함된 탭 인서트로 피사체별로 정리할 수 있어 각 파일에 라벨을 붙일 수 있습니다. 【빠르고 쉬운 접근】 플랩과 신축성 있는 코드 클로저가 있는 확장 파일 지갑으로 더욱 안전합니다. 번지 클로저로 아코디언 파일 오거나이저를 쉽게 열고 닫을 수 있습니다. 또한 내용물을 안전하게 유지하고 종이 문서를 확장하고 놓을 수 있습니다. 【완벽한 휴대용 파일】안전한 탄성 및 버튼 클로저가 있는 내구성 있는 구조의 아코디언 파일, 이 정리용 파일 폴더는 직장, 학교 또는 가정 서류 정리 요구 사항을 필요한 곳 어디에나 휴대할 수 있어 이동 중에도 라이프 스타일을 쉽게 지원할 수 있습니다. 멀티 포켓 아코디언 폴더는 지폐, 송장을 정리하고, 영수증, 학교 과목 종이, 서류, 숙제, 개인 중요한 문서 등을 기록하기에 적합합니다","FANWU 신축성 있는 코드 클로저가 있는 4팩 7포켓 확장 파일, 포켓이 있는 플라스틱 확장 가능한 파일 폴더, A4/레터 사이즈 아코디언 오거나이저 폴더, 학교 및 사무용품용 폴리 문서 파일 폴더 정리함 - 블랙/블루/그린/레드 효율적인 분류 및 보관 도구 -- 클래식 4가지 색상 조합: 레드 & 그린 & 블루 & 블랙 -- 탭이 있는 7개의 포켓: DIY 및 탭을 삽입하여 각 포켓에 라벨을 붙일 수 있어 작업 및 문서 분류를 보다 효율적으로 할 수 있습니다. -- 더 많은 피사체를 위한 확장 가능한 멀티 포켓. 빠르고 쉬운 접근을 위한 신축성 있는 코드 클로저 -- 보안 번지 클로저: 내구성이 뛰어난 코드 클로저는 아코디언 파일 폴더에 포함되어 있는 것을 강력하게 보호하면서도 접근과 닫기가 쉽습니다. -- 코드 클로저가 있는 플랩: 다양한 수량 시트를 로드할 수 있는 파일 폴더 확장 지원. 잘 만들어진 긴 사용 수명의 내구성 있는 문서 파일 --프리미엄 소재: 환경 친화적인 PP 소재, 내마모성 및 긁힘 방지, 산성 및 PVC 프리 소재로 제작되어 안전하게 보관할 수 있습니다. --내구성: 일체형 구조로 작업물을 보호하고 강화된 거싯은 가장자리가 찢어지는 것을 방지합니다. 스타일리시하게 정돈된 상태를 유지하세요. -- 7개의 포켓이 있는 확장형 파일 폴더는 일상적인 정리에 적합하며 모든 것을 섹션으로 깔끔하게 분류하여 정리정돈하고 종이를 쉽게 찾을 수 있습니다. 이 확장 가능한 파일 폴더는 가정, 사무실, 학교 또는 비즈니스용으로 적합합니다. -- 멀티 포켓 아코디언 폴더는 지폐, 송장, 영수증, 학교 과목 종이, 서류, 숙제, 개인 중요한 문서 등을 정리하기에 적합합니다. 사양 제품 크기: 33cm x 24.1cm x 2.5cm. 용량: 확장 가능한 최대 200페이지 21.6cm x 27.9cm 또는 A4 용지를 담을 수 있습니다. 소재: 고품질의 두꺼운 PP 소재. 패키지: 파일 폴더 4개 세트, 레드 x 1, 그린 x 1, 블루 x 1, 블랙 x1","['파일', '폴더', '확장', '포켓', '문서', '정리', '아코디언', '클로저', '종이', '가능하다']"
사무용품,파일링 제품,확장형 파일,,B002VKTG34,"플랩이 있는 확장 파일, 레터, 1월-12월, 포켓 12개",[IN]PLACE,18005,18005,4.4,4.0,"Office Depot의 휴대용 깔끔한 확장 폴더는 인조 가죽 커버가 있어 문서를 정리하고 안전하게 보관할 수 있습니다. 2.2cm(7/8인치) 확장이 있는 이 파일 폴더에는 편지, 영수증, 송장 및 기타 분실할 수 없는 문서를 쉽게 정리할 수 있는 수많은 라벨 포켓이 있습니다. 플랩 클로저는 안전을 위해 탄성으로 고정되어 이동 중에도 특히 유용합니다. 내구성이 뛰어난 인조 가죽 커버는 흠집과 습기를 방지하면서 스마트하고 전문적인 외관을 제공합니다. 레터 사이즈 (21.6cm x 27.9cm) 폴더.","Office Depot의 휴대용 깔끔한 확장 폴더는 인조 가죽 커버가 있어 문서를 정리하고 안전하게 보관할 수 있습니다. 2.2cm(7/8인치) 확장이 있는 이 파일 폴더에는 편지, 영수증, 송장 및 기타 분실할 수 없는 문서를 쉽게 정리할 수 있는 수많은 라벨 포켓이 있습니다. 플랩 클로저는 안전을 위해 탄성으로 고정되어 이동 중에도 특히 유용합니다. 내구성이 뛰어난 인조 가죽 커버는 흠집과 습기를 방지하면서 스마트하고 전문적인 외관을 제공합니다. 레터 사이즈 (21.6cm x 27.9cm) 폴더. 1월-12월 탭으로 인쇄되어 월별 정리가 용이합니다. 친환경적인 선택은 30% 재활용된 소비자 사용 후 콘텐츠를 포함합니다. 재활용 내용물 포함 - 자세한 내용은 사양을 참조하십시오","['폴더', '확장', '정리', '가죽', '문서', '인조', '커버', '파일', '플랩', '포켓']"
사무용품,파일링 제품,확장형 파일,,B07RQ5GBPR,SAYEEC 13포켓 아코디언 파일 오거나이저 책상 오거나이저 수직 확장 파일 폴더 레터 사이즈 책상 스톱 잡지 홀더 A4 문서 공간 절약 사무실 홈 클래스용,SAYEEC,15221,15221,4.4,84.0,"【확장 디자인】--특히 저장 공간이 제한된 곳에서 문서를 분류하고 파일링하는 훌륭한 방법입니다. 책상 보관 확장기는 보관해야 하는 것에 따라 사용할 수 있습니다. 각 파일은 필요한 것에 따라 맞춤 설정할 수 있습니다. 정리하려고 하지만 공간에 제한되는 사람들에게 권장합니다 【셀프 스탠드】-- 책상의 파일 랙과 마찬가지로 SAYEEC 확장 파일 폴더는 책상에 안정적으로 세울 수 있으며 작동이 쉽고 파일을 넣거나 꺼낼 수 있습니다. 양면에 손잡이가 있어 이동이 쉽습니다. 사무실, 학교, 가정 등에서 사용하기 좋습니다. 문서, 바우처, 카드 및 쿠폰 등을 정리하세요. 깔끔하고 깔끔함 【대용량】-- 13개의 포켓 디자인으로 약 1300장을 유지할 수 있으며 A4 및 레터 크기에 맞습니다. 지저분한 책상에 성가신 일이 없지만 큰 파일 바구니를 넣을 공간이 충분하지 않습니다. 조절 가능한 사이즈로 필요에 따라 최소 3cm에서 최대 32cm까지 확장됩니다 【편리한 모양】-- 직사각형 확장 파일 호더와 달리, A4 문서 오거나이저는 팬 모양이므로 원하는 것을 쉽게 찾고 꺼낼 수 있습니다 【6가지 밝은 색상 선택】-- 블랙은 클래식한 비즈니스 색상이며, 사무실 책상에서 사용할 때 블랙 색상을 선택하세요. 사무실 책상을 깔끔하고 전문적으로 만들 수 있습니다. 화이트, 블루, 핑크, 옐로우는 가정, 학교에 밝은 색상이며 학생 친구 또는 자신을 위한 훌륭한 선물입니다",,"['파일', '책상', '확장', '문서', '사무실', '공간', '깔끔하다', '학교', '오거나이저', '정리']"
사무용품,파일링 제품,확장형 파일,,B0754K6GHQ,24 포켓 확장 파일 폴더/A4 확장 가능한 파일 오거나이저/휴대용 아코디언 파일 폴더/대용량 멀티 컬러 스탠드/플라스틱 비즈니스 파일 오거나이저 박스,Blinyang,26647,26647,4.4,261.0,"✪ 【스타일】: 24개의 포켓, 작은 색상 라벨, 스타일리시한 외관으로 파일을 쉽게 분류하고 정리할 수 있습니다. ✪ 【대용량】: 대용량 파일 폴더는 사무실 생활에 도움이 됩니다. 더 편안하고 내구성 있는 변형을 느껴보세요. ✪ 【소재】: 700D 폴리에스터 및 고품질 폴리프로필렌 (PP) 소재 (무독성 및 비방사성), 쉽게 깨지거나 변형되지 않습니다. ✪ 【사이즈】: 32 cm x 23.5 cm, 너비: 5 cm - 52 cm (12.7 인치) - 매일 서류 정리 및 보관에 적합합니다. A4 사이즈와 레터 크기에 맞습니다. 약 3000장을 담을 수 있습니다. ✪ 【다용도】: 가정, 사무실, 학교 사용 및 여행을 위한 휴일 문서, 바우처, 카드 및 쿠폰 등을 깔끔하고 정리된 완벽한 문서 오거나이저로 간단하고 패셔너블합니다.","참고: Blindyang은 Blinyang의 공인 판매자가 아닙니다. Blindyang에서 판매하는 제품은 모조품입니다!! ! 특징: ☛ 폴더는 더 넓고 실용적이며 A4 사이즈 또는 글자 크기에 적합합니다. ☛ 실용적인 새로운 디자인, 견고하고 편리함, 파일을 더 안전하고 안전하게 유지합니다. ☛ 대용량 파일 폴더는 사무실 생활에 좋은 보조 도구입니다. 내구성이 뛰어난 변형. ☛ 라벨이 있는 24개의 포켓 디자인은 문서를 더 쉽게 요약할 수 있어 작업 효율성을 높입니다. ☛ 멀티 포켓 디자인으로 문서 및 사용이 쉽습니다. 인체 공학적 손잡이 디자인, 패셔너블하고 휴대하기 쉽습니다. ☛ 700D 폴리에스터와 PP 소재(무독성 비방사성)로 제작된 다기능 아코디언 파일 폴더로, 더욱 안전합니다. 소재: ▲ 700D 폴리에스터 + 폴리프로필렌 (PP) 소재 (무독성 및 비방사성). ▲ PP 소재는 환경 보호 기능이 있으며 PVC(저렴하고 독성) 소재보다 단단하여 파일을 쓰거나 읽기가 편리합니다. 패키지 구성: ❤ 파일 폴더 1개.","['파일', '폴더', '문서', '디자인', '포켓', '정리', '폴리에스터', '안전하다', '변형', '사무실']"
사무용품,파일링 제품,확장형 파일,,B0BWN42DN4,"레터 사이즈 A4 문서, 영수증 등을 위한 13포켓 확장 파일 폴더 오거나이저, 신축성 있는 잠금 아코디언 파일 오거나이저/투명 탭 학교, 사무실용",JIMEIQI,12451,12451,4.7,60.0,"【제품 구성】블랙 T자형 패턴 13포켓 아코디언 파일 오거나이저 1개. 사이즈: 33*23.5*2.8cm/12.99*9.25*1.1인치. 파일을 쉽게 액세스하고 볼 수 있도록 아코디언 모양으로 쉽게 확장할 수 있습니다. 사용하지 않을 때는 컴팩트한 폴더로 다시 접어 휴대성과 공간 절약형 보관을 할 수 있습니다. 【프리미엄 소재】이 확장 가능한 파일 폴더는 고품질 PP 소재로 만들어졌으며 안전한 보관을 위해 무산성, PVC 프리 제품입니다. 파일을 그대로 유지하고 물, 먼지 및 기타 물건으로부터 파일을 보호합니다. 【실용적인 디자인】이 파일 폴더 오거나이저는 신축성 있는 스트랩, 명함 가방 2개, 포켓 13개, 투명 라벨이 있어 파일 폴더를 편리하게 분류할 수 있어 필요한 용지를 빠르게 찾을 수 있습니다. 모든 파일을 깔끔하고 정돈된 상태로 유지하는 데 도움이 됩니다. 실용적인 디자인으로 일상 생활을 아름답게 만듭니다. 【안전한 디자인】신축성 있는 코드 클로저가 있는 확장 파일 폴더는 운송 중에 문서를 안전하고 단단히 고정하고 문서를 잃어버리지 않도록 하여 언제 어디서나 문서를 휴대할 수 있습니다. 【다용도】13개의 포켓 아코디언 파일 오거나이저는 지폐, 문서, 바우처, 종이, 카드, 영수증, 그림 및 쿠폰을 보관하고 정리할 수 있으며 책상을 깨끗하게 유지할 수 있습니다. 휴대용 및 컴팩트한 종이 정리 폴더는 학교, 사무실, 가정 생활 및 스튜디오에 매우 적합합니다.",,"['파일', '폴더', '문서', '포켓', '확장', '아코디언', '휴대', '유지', '디자인', '보관']"
사무용품,파일링 제품,확장형 파일,,B0BLRM2GSV,"EOOUT 확장 파일 폴더 2개, A4 레터 사이즈 아코디언 폴더, 학교 및 사무실 정리용 16가지 색상의 라벨 32개, 학교 및 사무용품을 위한 포켓 5개",EOOUT,6911,6911,4.6,213.0,"【클래식한 색상 및 질감】이 확장 파일 폴더는 클래식한 블랙 색상을 가지고 있으며 정교하고 우아한 패턴 디자인을 사용하여 전체가 매우 섬세하여 좋은 경험을 제공합니다. 【패키지 구성】패키지에는 2개의 확장 파일 폴더와 16가지 색상의 라벨 32개가 포함되어 있어 일부 문서를 분류하고 정리하는 데 매우 유용하여 좋은 사용 경험을 제공합니다. 【적절한 사이즈】플라스틱 확장 가능한 아코디언 폴더의 크기는 32.8 x 23.1 x 1.8cm(12.8 x 9.1 x 0.7인치)로 A4 크기 및 레터 크기 파일에 적합하며 최소 150장의 용지를 수용할 수 있습니다. 사무실이나 정리용으로 좋은 선택입니다. 【쉬운 사용】이 아코디언 파일 오거나이저는 신뢰할 수 있는 PP 소재로 만들어졌으며 각 확장 파일 문서 폴더에는 5개의 확장 가능한 포켓이 있으며 측면의 라벨 위치는 원하는 파일을 빠르게 찾을 수 있도록 도와줍니다. 스냅 버튼 잠금 디자인은 파일이 떨어지는 것을 방지하고 용지를 깨끗하게 유지합니다. 【다용도】사무실, 학교, 가정용으로 적합하며 시험지 배치, 회의록, 할 일 항목과 같은 일상적인 파일 배열 요구 사항을 충족하며 동료, 친구, 가족에게 좋은 선물이 될 수 있습니다.",,"['파일', '폴더', '확장', '아코디언', '정리', '학교', '라벨', '사무실', '경험', '디자인']"
사무용품,파일링 제품,확장형 파일,,B0CF1SCWXZ,"아코디언 파일 오거나이저, 레터 사이즈/A4 용지/영수증용 포켓 6개 다용도 문서 오거나이저, 노트북 1개, 사무실/학교/가정/여행용 핑크 확장 파일 폴더",JIMEIQI,15221,15221,4.4,16.0,"대용량 저장 용량: 확장 파일 오거나이저는 33 x 23.5cm(13 x 9.25인치) 크기, 개별 포켓 6개, 노트북 용지 1개, 메인 포켓 1개, 훌륭한 디자인에서 종이가 떨어지는 것을 방지하기 위한 고정 탭 1개, 왼쪽 포켓에 명함 슬롯 1개로 설계되었습니다. 업그레이드된 스냅 버튼: 폴더 오거나이저로 편리함을 경험하십시오. 향상된 탄성 버클 클로저로 쉽게 열고 닫을 수 있어 일상 작업을 더 매끄럽게 만듭니다. 프리미엄 친환경 구조: 최고 품질의 친환경 PP 소재로 제작된 아코디언 폴더는 중성, PVC 프리 및 보관 품질로 안전한 보관을 보장합니다. 향상된 구조: 6개의 포켓 확장 가능한 파일 폴더를 사용하여 파일 정리 관리를 업그레이드하세요. 여기에는 레터 크기/A4 파일, 영수증 및 카드를 보관할 수 있는 독특한 디자인이 포함되어 있습니다. 영수증, 쿠폰, 종이 작품 등과 같은 다른 문서를 보관할 수 있는 다양한 용도의 아코디언 폴더. 그리고 적당한 크기로 인해 여행에 매우 편리합니다.",,"['파일', '폴더', '포켓', '아코디언', '영수증', '확장', '친환경', '업그레이드', '여행', '용지']"
사무용품,파일링 제품,확장형 파일,,B0CKR1RZ45,"튼튼한 확장 파일 지갑 8.9cm(3.5인치) 확장 브라운 확장 파일 포켓, 신축성 있는 코드 클로저 및 뚜껑 포함, 32.9 x 14.9cm(12.9 x 5.9인치) 보관 영수증 카드 티켓용 (10개)",Chuangdi,42921,42921,3.9,8.0,"적절한 사이즈: 각 확장 폴더 지갑은 약 32.9 x 14.9cm(12.9 x 5.9인치)이며 파일 폴더의 측면은 9cm(3.5인치)까지 확장할 수 있습니다. 휴대 및 보관이 가능하여 카드, 영수증, 세금 품목 또는 수표 문서 등을 매일 제출하고 보관하는 데 적합합니다 사려 깊은 디자인: 당사의 파일 포켓 폴더는 신축성 있는 로프 클로저가 있는 강화된 보호 플립이 있어 내부 문서, 종이가 누락되는 것을 방지하고 안전하고 실용적입니다 서비스 및 신뢰성: 플랩이 있는 확장 파일 지갑은 고품질 크래프트 종이 소재로 만들어져 신뢰할 수 있고 견고하며 쉽게 깨지거나 변형되지 않아 오랫동안 사용할 수 있습니다 충분한 수량: 갈색 파일 지갑 10개를 받게 됩니다. 충분한 수량은 일상적인 사용, 교체 및 공유 요구 사항을 충족하며 다른 사람들과 공유할 수도 있습니다 넓은 적용 장소: 파일 포켓 폴더는 가정, 학교, 사무실 및 기타 공식 행사에 널리 적합하며 보관 공간을 절약하고 물건을 정리할 수 있어 일상적인 사용에 이상적입니다",,"['파일', '확장', '지갑', '보관', '폴더', '포켓', '카드', '신뢰', '영수증', '일상']"
사무용품,파일링 제품,확장형 파일,,B004Q9XLW0,"C-Line 13 멀티 포켓 폴리 확장 파일, 25.4 x 12.7cm(10 x 5인치), 영수증 및 수표 용 주니어 사이즈, 탭 포함, 파일 1개, 색상은 다를 수 있음 (58710)",C-Line,13836,13836,4.6,2677.0,"수표 및 영수증을 편리한 포켓 파일로 정리하세요. 포켓 13개, 탭 12개 신축성 있는 스트링과 버튼식 잠금이 달린 앞면 플랩으로 쉽게 이용할 수 있습니다. 끼워 넣을 수 있는 탭 영수증, 수표, 메모 등을 보관할 수 있는 주니어 사이즈","C-Line은 보관, 분류 및 정리를 위한 제품 생산 라인을 갖춘 사무용품 선두 제조업체입니다. 세련된 C-Line 13 멀티 포켓 폴리 확장 파일로 수표와 영수증을 스타일리시하게 정리하세요. 25.4 x 12.7cm (10 x 5인치) 주니어 사이즈는 영수증 및 수표 또는 인덱스카드나 작은 메모를 보관하기에 적합합니다. 내구성이 뛰어난 기록 보관 용 폴리프로필렌으로 제작되어 수년 동안 가정과 사무실에서 사용할 수 있습니다. 각 파일에는 12개의 인쇄된 삽입 가능 탭과 버튼 및 고무줄 잠금장치가 포함되어 있습니다. C-라인 멀티 포켓 폴리 확장 파일은 스타일과 기능이 하나가 된 사무실에 필수적인 탁월한 선택입니다.","['파일', '수표', '영수증', '포켓', '탭', '멀티', '보관', '정리', '주니어', '확장']"
사무용품,파일링 제품,확장형 파일,,B0CMQLBR8F,"플라스틱 파일 폴더 리갈 사이즈 10개, 스냅 클로저 및 라벨 포켓이 있는 B4 확장 가능한 파일 지갑, 방수 레터 사이즈 확장 문서 폴더, A4 용지용, 투명 컬러 파일 봉투",Lnrueg,38766,38766,4.8,4.0,"【넉넉한 10개 세트】각 패키지에는 10개의 폴더가 있어 종합적인 파일 시스템을 제공합니다. 유연성을 더하는 두 개의 흰색 폴더로 쉽게 커스터마이징할 수 있습니다. 다양한 색상 선택은 기능을 향상할 뿐만 아니라 작업 공간에 개성을 불어넣습니다. 【생생한 색상으로 정리】블루, 퍼플, 그린, 레드, 오렌지, 핑크, 브라운, 옐로우, 화이트 2개의 생생한 색상의 10개의 폴더로 정리가 시각적으로 매력적입니다. 이 스펙트럼은 직관적인 색상 코드 시스템을 가능하게 하여 식별을 간소화하고 특정 콘텐츠에 빠르게 액세스할 수 있습니다. 【A4, A5 문서를 위한 충분한 공간】38.6 x 25.9cm(15.2 x 10.2인치) 크기의 각 폴더는 넉넉한 공간을 제공하여 레터 크기의 문서를 구부리거나 접을 필요가 없습니다. 이 사려 깊은 디자인은 문서 무결성을 보존하여 원래 형식을 손상시키지 않으면서 체계적인 보관을 가능하게 합니다. 【내구성을 위한 PP 구조】내구성이 뛰어난 폴리프로필렌(PP)으로 제작된 이 폴더는 마모, 찢어짐 및 습기로부터 견고한 보호 기능을 보장합니다. PP의 복원력은 필수 문서를 오래 지속되는 보호를 보장하므로 시간이 지남에 따라 문서 무결성을 유지하기 위한 신뢰할 수 있는 선택입니다. 【다양한 용도로 설계】사무실 문서 정리, 학교 과제 또는 가정 서류 정리에 이상적이며 수직 방향으로 문서를 쉽게 탐색할 수 있어 제거하지 않고도 문서를 쉽게 탐색할 수 있습니다. 전문가, 학업 또는 개인 환경에서 효율성을 보장하는 실용적인 디자인.",,"['문서', '폴더', '정리', '파일', '가능하다', '보장', '공간', '선택', '생생하다', '보호']"
사무용품,파일링 제품,확장형 파일,,B07L5GD3RF,"12 포켓 확장 파일 폴더 프로젝트 분류기, 튼튼한 월간 플라스틱 확장 가능한 폴더 오거나이저, A4 레터 사이즈, 멀티컬러(블랙 004)",Wsyhomie,13780,13780,4.5,167.0,"1. 소재: 확장 파일은 고품질 PP 시트로 만들어졌으며 밀도, 방수, 내열성 및 압력 저항, 손상 및 변형이 어렵습니다 2. 스마트한 디자인: 파일 폴더의 신축성 있는 코드 클로저는 중요한 문서를 단단히 고정하고 안전하게 보관할 수 있도록 도와줍니다 3. 큰 용량: 라거 크기 32 x 25.4 x 2cm(12.6 x 10 x 0.8인치)로 약 300장을 담을 수 있으며 A4 용지 및 레터 크기에 적합합니다. 4. 다용도: 휴일 문서, 바우처, 카드 및 쿠폰 등을 깔끔하게 정리하기에 완벽하며, 가정, 사무실, 학교 사용 및 여행을 위한 멋진 문서 정리함입니다. 심플하고 패셔너블합니다 5. 고객은 저희에게 가장 중요합니다. 문제가 있으시면 이메일로 문의할 수 있습니다. 전문 고객 서비스를 제공합니다. 수령하신 각 결함에 대해 100% 환불 또는 재발송을 보장합니다! 이 제품이 마음에 드실 것이라고 확신합니다. 무엇을 망설이시나요? WSYhomie에서 지금 주문하세요",·치수: 33X25X1.7cm/·단위 중량: 0.3kg(0.6파운드)/용량: 약 백 용량/·소재: 방수 PP 플라스틱/색상: 블랙(커버) + 멀티 컬러 (포켓)/·포켓 수: 포켓 12개./·패키지: 1 x 확장 가능한 파일/문제가 있는 경우 이메일로 문의하여 전문적인 고객 서비스를 제공합니다. 수령한 각 결함에 대해 100% 환불 또는 재발송을 보장합니다! WSYhomie에서 지금 주문하세요./【참고】 확장 파일 폴더의 실제 색상은 디스플레이 설정 차이나 촬영 시 반사광으로 인해 사진과 약간 다를 수 있습니다.,"['확장', '파일', '폴더', '포켓', '문서', '가능하다', '문제', '중요하다', '정리', '전문']"
사무용품,파일링 제품,확장형 파일,,B0CWGJQ5LS,"확장 파일 폴더, 8포켓 아코디언 파일 오거나이저, A4 레터 사이즈 종이 문서 영수증 오거나이저, 교실, 가정, 사무실 및 여행용 아코디언 파일 폴더(옐로우)",Nicecho,5526,5526,4.6,127.0,"【귀엽고 풍부한 색상】: 독특하고 귀여운 외관 디자인, 7가지 생생한 색상을 선택할 수 있습니다. 좋아하는 색상을 선택하여 파일을 빠르게 구별할 수 있습니다. 즐거운 색상의 폴더를 찾아 공간을 밝게 하고 삶에 약간의 플레어를 더하세요. 【대용량】제품 크기는 32.8 x 24.1 x 1.5cm(12.8 x 9.5 x 0.6인치)입니다. 8개의 개별 포켓, 최대 200장의 용지, 중요한 문서를 모두 안전하게 보관할 수 있을 만큼 충분히 커서 파일을 효과적으로 분류하고 찾을 수 있습니다. 【오래 지속되도록 제작】: 강화된 플라스틱 폴더는 찢어짐을 견딜 수 있으며 신축성이 뛰어나지만 변형되거나 주름이 생기지 않도록 충분히 단단합니다. 스냅 클로저는 사용 편의성과 접근성을 높이면서도 종이가 미끄러지는 것을 방지합니다. 작업을 더 편안하고 즐겁게 만들어 주며, 모든 사람들이 느슨한 서류를 모두 보관할 수 있습니다. 【빠른 액세스】: 이 확장 파일 폴더는 종이를 쉽게 분류하고 정리할 수 있습니다. 탭이 있는 8개의 포켓으로 제목이나 작업별로 정렬할 수 있으며, 일치하는 컬러 라벨을 사용하면 빠르게 검색하고 찾을 수 있어 문서 정리 및 검색 효율성을 향상시킵니다. 【다기능 적용】: 당사의 아코디언 폴더에는 송장, 편지, 종이, 카드, 영수증, 계약서 및 기타 문서를 보관할 수 있습니다. 가정, 사무실, 학교 및 여행용으로 적합합니다. 또한, 세련되고 심플한 디자인은 친구와 가족을 위한 최고의 선물입니다.",,"['파일', '폴더', '종이', '문서', '아코디언', '포켓', '빠르다', '분류', '디자인', '오거나이저']"
사무용품,파일링 제품,확장형 파일,,B09W2SHBND,"확장 파일 폴더, 13 포켓 확장 파일 폴더, 분류 폴더, 탄성 밴드 및 잠금 버튼이 있는 파일 오거나이저, A4 문서 가방, 서류 가방, 다채로운 라벨이 있는 주문 폴더",JIELUO,9681,9681,4.5,2.0,"1. 【탁월한 커버 디자인】: 더 가치 있는 고객 요구를 충족하기 위해 최신 13포켓 확장 파일 폴더는 다른 제품과 다릅니다. 당사의 파일 상자에는 파일을 양호한 상태로 유지할 수 있는 독점적인 확장 가능한 뚜껑이 있어 파일 폴더에 서류를 안전하게 보관할 수 있습니다. 하단을 확장하면 추가 용량을 허용하고 데스크톱에 세울 수 있습니다. 2. 【대용량 확장 파일】: 이 우아한 확장 파일 오거나이저는 약 1500장의 시트를 담을 수 있는 13개의 개별 칸을 제공하며 모든 A4 사이즈 용지에 적합합니다. 책상과 선반에 일상적인 서류 정리 및 문서 보관에 적합하며 모든 파일을 쉽게 꺼낼 수 있습니다. 3. 【프리미엄 소재】: 가장자리가 숨겨진 고품질의 내구성이 뛰어난 폴리프로필렌(PP) 소재(무독성 및 비방사성). 환경 친화적. 균열과 변형이 쉽지 않습니다. 4. 【다기능 애플리케이션 폴더】: 확장 가능한 바닥이 있는 아코디언 디자인으로 추가 용량을 제공하며 데스크톱에서 스스로 세울 수 있습니다. 비즈니스 파일, 휴가 문서, 바우처, 카드 및 쿠폰 등을 깔끔하게 정리할 수 있습니다. 가정, 사무실, 학교 및 여행을 위한 완벽한 파일 오거나이저. 5. 【고객에게 약속할 수 있는 것】확장 파일 지갑과 서비스에 만족하지 못하셨다면 어떤 이유로든 100% 환불 해드립니다. 언제든지 저희에게 연락 주시면 24시간 이내에 답변을 받으실 수 있습니다.","제품 설명 폴더 A4/문서 폴더 A4, 13칸 대용량 문서 케이스 폴더 가방 서류 가방 주문 폴더 책상 오거나이저, 휴대용/책상 서류 가방 폴더 구획 폴더 DIN A4 정리 기능 공간 절약형 13개의 포켓 디자인으로 종이, 영수증, 사진, 카드 및 문서를 잘 정리할 수 있습니다. 장식 디자인으로 A-Z 또는 월 순서로 파일을 쉽게 요약할 수 있으며 작업 효율성을 높일 수 있습니다. 대용량 파일 폴더는 최대 1500장을 저장할 수 있는 A4 용지 또는 레터 사이즈 문서에 적합합니다. 패셔너블하고 실용적인 디자인은 문서를 요약하기 쉽고 작업을 효율적으로 만듭니다. PP (무독성, 비방사성) 소재로 만든 다기능 아코디언 파일 폴더는 강하고 내구성이 뛰어나며 환경 친화적입니다. 왜 확장 파일 폴더를 직접 준비해야 할까요? 사무실과 고객 회의 간에 문서를 운반하거나 교실에서 학생의 집으로 옮기는 것은 어려운 일이 아닙니다. 모든 서류가 한 곳에 보관되도록 하려면 한 곳에 보관하면 더 쉬울 것입니다. 중요한 문서를 보존하기 위해 올바른 저장 요소를 선택하는 것이 중요하며 A4 확장 가능한 폴더는 내부에 저장된 파일을 오래 보호합니다.","['파일', '폴더', '확장', '문서', '서류', '가방', '디자인', '정리']"
사무용품,파일링 제품,확장형 파일,,B0BVZBB5JS,"BOROLA 17.8 x 11.4cm(7 x 4.5인치) 확장 가능한 휴대용 폴더, 포켓 아코디언 파일 오거나이저, 보관 송장/영수증/카드/쿠폰/티켓과 호환(4팩, 색상)",BOROLA,17991,17991,4.4,9.0,"제품 세부 정보: 확장 가능한 휴대용 폴더는 다양한 색상으로 제공되며 13개의 포켓이 포함되어 있으며 A6 크기의 용지, 레터 크기 및 표준 파일을 보관할 수 있습니다. 우수한 품질: 고품질 폴리프로필렌(PP) 플라스틱 소재로 제작되어 내구성이 뛰어나고 쉽게 깨지거나 변형되지 않습니다. 가볍고 유연한 폴리에틸렌은 습기 방지 기능이 있어 중요한 문서를 손상으로부터 보호합니다. 뛰어난 실용성: 확장 가능한 휴대용 폴더는 모든 느슨한 문서를 정리할 수 있는 좋은 방법입니다. 13개의 포켓이 있어 영수증, 재무 기록 및 중요한 문서를 쉽게 보관할 수 있으며 단일 폴더를 훨씬 초과하는 많은 양의 종이를 수용할 수 있습니다. 독특한 디자인: 잠금 버클 디자인은 폴더의 파일을 더 잘 보호하여 중요한 파일이 떨어지거나 손실되는 것을 방지합니다. 맞춤형 분류: 각 포켓에는 독립적인 라벨 영역이 있어 쉽게 분할, 인덱싱 및 관리를 위해 맞춤형 라벨을 추가할 수 있어 생활을 정리하고 작업 효율성을 향상시킵니다. 도우미: 저희 폴더는 크기가 작고 가벼우며 휴대가 간편합니다. 여행 중에 보관 공간을 절약할 뿐만 아니라 여권, 지도 및 여행 계획을 잘 정리하여 쉽고 편리하게 찾을 수 있습니다. 다양한 용도: 휴대용 폴더는 가정, 사무실, 학교 및 기타 행사에서 사용하기에 매우 적합합니다. 수표, 현금, 영수증, 증서, 청구서 등과 같은 작은 중요한 문서를 효과적으로 정리할 수 있습니다",,"['폴더', '휴대', '문서', '정리', '중요하다', '파일', '포켓', '영수증', '가능하다', '확장']"
사무용품,파일링 제품,확장형 파일,,B0BB5NKXNT,"HA 24 포켓 확장 파일 폴더/아코디언 파일 오거나이저, 확장 가능한 커버/휴대용 A4 레터 사이즈 파일 박스, 대용량 플라스틱 컬러 종이 문서 영수증 정리함 서류 폴더",HA1,19376,19376,4.4,14.0,"✔걱정하지 마세요: 지저분한 파일에 대해 아직도 걱정되십니까? 무엇을 망설이시나요? 지금 구매하세요. 사무실과 생활에 더 편리합니다. 확장 가능한 파일의 다채로운 폴더에 매료될 것을 보장합니다 ✔26개의 확장 가능한 폴더로 삶이 더 쉬워집니다: 종이를 책상 어디에나 놓을 수 있는 대신 이 폴더를 사용하여 최대 4000장의 종이를 보관할 수 있습니다. ✔독특한 색상: 사무실에서 독특한 것을 원하시나요? 흰색 또는 검은색 책상이 있습니까? 저희 제품은 사무실에 아름다운 캐릭터를 줄 것입니다. 모든 사무실, 특히 사무실에 맞는 독특한 색상 ✔넉넉한 수납 공간: 제품 크기: 길이 33cm x 높이 23.5cm. 각 포켓은 모든 A4/레터 사이즈 용지에 적합합니다. 탁월한 확장성. 아코디언 파일 폴더는 61cm(24인치) 이상 멀리 늘릴 수 있습니다.","* 안정적이고 견고한 구조: 확장형 파일 폴더는 내구성이 뛰어난 와이프 클린 폴리프로필렌으로 만들어졌습니다. 신뢰할 수 있는 사용을 위한 중성 및 고품질. 방수 및 견고하여 파일 오거나이저가 무너지는 것을 방지합니다. 아코디언 폴더의 코드 클로저와 조절 가능한 플랩은 추가적인 보안을 제공합니다. 내장된 파일 분리 레이버는 유연하여 파일에 주름이 생기지 않습니다. * 편리한 정리 및 쉬운 찾기: 확장 가능한 파일 폴더에는 서류를 정리할 수 있도록 설계된 24개의 포켓이 있습니다. 특정 색상 슬롯에 정확하게 분류된 저장 공간과 탭으로 라벨이 붙어 있어 필요한 서류를 쉽게 찾을 수 있습니다. * 충분한 저장 공간: 제품 크기: 33cm 길이 x 23.5cm 높이. 각 포켓은 모든 A4/레터 사이즈 용지에 잘 맞습니다. 탁월한 확장성. 아코디언 파일 폴더는 61cm(24인치) 이상 길게 늘릴 수 있습니다. 24개의 포켓으로 4000장 이상의 종이 문서를 보관할 수 있습니다. * 휴대용 & 세련됨: 클래식 경량 폴더 오거나이저는 최소 두께로 약 5.1cm(2인치)로 압축할 수 있으므로 모든 장소에서 출근할 때 쿼트를 보관할 수 있습니다. 파일 캐비닛을 완전히 닫았을 때 완벽하게 맞습니다. 무지개 파일 폴더의 칸막이 섹션은 6가지 밝은 색상으로 제공되며 세련되고 아름답습니다. 가정, 사무실, 학교 및 여행 시나리오를 위한 다용도 문서 오거나이저, 컴팩트하고 가볍습니다","['파일', '폴더', '확장', '사무실', '포켓', '가능하다', '아코디언', '종이', '오거나이저', '독특하다']"
사무용품,파일링 제품,확장형 파일,,B09D9STWL2,"라벨이 있는 확장 파일 폴더, 26 포켓 아코디언 파일 폴더 문서 오거나이저 확장 지퍼 파일 폴더, 레터 A4 종이 문서 아코디언 폴더, 1팩 (블랙)",XINGXINRONG,29071,29071,4.2,73.0,"【사용자 친화적인 소재】 패키지 구성: 확장 파일 폴더 1개. 하드 블랙 플라스틱으로 제작. 방수 및 견고하여 종이를 안전하게 보관할 수 있습니다. 안전한 보관을 위한 무산성, PVC 프리 및 보관 품질 【레터 A4 사이즈 아코디언 파일 오거나이저】 제품 크기 32.8 x 23.8 x 6.4 x 6.4cm(12.8 x 9.4 x 2.5인치), 새로운 26개의 포켓 확장 파일 폴더 핸들 백은 미국 레터 / A4 종이 사이즈 종이 시트에 적합합니다. 【충분한 공간: 】26개의 개별 포켓은 각각 2.9cm(1 1/8인치)까지 확장되며 중요한 문서를 모두 뭉치지 않고 안전하게 보관할 수 있을 만큼 충분히 크지만 백팩에 휴대할 수 있을 정도로 컴팩트합니다. 대용량 확장 파일 폴더에는 A4/레터 사이즈 용지 500장을 담을 수 있습니다. 【컬러 라벨로 표시】파일 폴더의 내용을 빠르게 식별할 수 있는 마킹을 위한 다채로운 라벨 시트가 함께 제공됩니다. 각 포켓에는 다양한 색상 태그로 라벨을 붙일 수 있어 문서를 분류하고 빠르게 꺼낼 수 있습니다. 【 내구성 있는 버클 잠금 및 인체 공학적 손잡이】조절 가능한 오거나이저 핸들은 보다 편안한 운반 경험을 제공합니다. 내구성이 뛰어나고 튼튼한 버클 잠금, 견고함. 버클 잠금장치가 있는 플랩은 중요한 문서와 종이를 더 안전하게 보호합니다. 또한 파일 오거나이저를 쉽게 열고 닫을 수 있습니다.",,"['파일', '폴더', '확장', '문서', '종이', '포켓', '안전하다', '버클', '라벨', '오거나이저']"
사무용품,파일링 제품,확장형 파일,,B07C1L2M2C,"확장된 파일, 휴대용 파일 폴더 아코디언 바인더 멀티칼라 쿠폰 바인더 아코디안 파일 오거나이저 A4 확장 문서 확장가능 파일 정리 파일 폴더 스탠드 백 오피스 12 포켓",Clobeau,11066,11066,4.4,2.0,"고품질의 환경 친화적인 700D 폴리에스터와 폴리프로필렌(PP), 무독성 및 비방사성, 깨짐과 변형이 쉽지 않습니다. A4 사이즈와 글자 사이즈에 맞습니다. 서류, 바우처, 카드 및 쿠폰 등을 정리할 수 있는 좋은 도구입니다. 깔끔하고 깔끔합니다. 대용량 파일 폴더는 사무실 생활에서 좋은 보조입니다. 안정적인 파티셔닝을 위해 12 / 24 개의 개별 포켓을 제공합니다. 고객 미팅 및 비즈니스 여행을 위한 완벽한 정리함 내구성, 방수 및 찢어짐 방지 폴리 파일로 문서를 보호하십시오. 휴일 서류, 바우처, 카드 및 쿠폰 등을 깔끔하게 정리하고 정리하여 가정, 사무실, 학교 사용 및 여행, 간단하고 패셔너블하게 보관하세요.","확장 파일, 휴대용 파일 폴더 멀티컬러 아코디안 파일 정리함 A4 확장 문서 폴더 확장 가능한 파일 정리 파일 폴더 스탠드 가방 사무실 비즈니스 스터디 12/24 포켓/특징:/-플라스틱으로 만든 아코디안 폴더, 고품질의 우아하고 방수 및 무독성 ​ -멀티 컬러 아코디안 폴더 멀티 포켓 디자인은 문서와 사용을 쉽게 관리할 수 있습니다. -라벨이 있는 각 주머니는 문서를 더 쉽게 정리할 수 있으며 작업 효율을 높일 수 있습니다. -폴더가 더 넓고 실용적이며 A4 사이즈나 글자 크기에 적합합니다. -저희의 파일 폴더는 12~24개의 레이어와 넓은 하단으로 A4 파일 및 폴더를 저장하는 데 사용할 수 있습니다. -서류, 바우처, 카드 및 쿠폰 등을 정리하는 좋은 도구. 깔끔하고 깔끔합니다. 사무실, 가정, 비즈니스, 연구 등에 적합합니다. -파일 폴더의 양면에 손잡이가 있어 이동이 쉽습니다./패키지 포함:/1 x 확장 파일 아코디안 파일 정리함","['파일', '폴더', '정리', '확장', '디안', '아코', '문서', '깔끔하다', '멀티', '사무실']"
사무용품,파일링 제품,확장형 파일,,B0CHB7XZV1,"4피스 7포켓 확장 파일 폴더, 핸들 파일 폴더 파일 오거나이저 A4 레터 사이즈 휴대용 종이 오거나이저, 여행 학교 사무실용 플라스틱 정리함, 플랩 포함(다크 색상)",Cholemy,24916,24916,4.4,3.0,"정리가 쉬운 대용량: 길이 32.5 x 너비 24.5 x 높이 3.5cm(12.8 x 9.65 x 1.4인치) 크기의 플라스틱 파일 폴더는 문서 보관을 위한 컴팩트한 공간 절약형 솔루션을 제공합니다. A4 레터 크기는 문서를 쉽게 넣을 수 있으며 파일 폴더는 최대 6개까지 담을 수 있습니다. 000 시트, 7개의 개별 포켓은 각각 2.2cm(7/8인치)까지 확장할 수 있으며 라벨용 탭이 있습니다 효과적이고 효율적인 문서 보관: 각 패키지에는 4개의 확장 파일 폴더와 4장의 라벨이 포함되어 있으며, 각 패키지에는 쉽게 운반할 수 있도록 내구성 있는 손잡이가 있습니다. 7개의 확장 포켓은 문서를 분류하고 분류할 수 있는 충분한 공간을 제공하여 정리된 작업 공간이나 학습 영역을 촉진합니다. 이 효율적인 파일 시스템으로 중요한 문서를 잃어버리지 마세요 고품질 소재 및 다양한 색상: 확장 오거나이저 파일 폴더는 내구성이 뛰어난 PP 소재로 만들어져 장기적인 기능, 방수 및 긁힘 방지 기능을 보장합니다. 그레이, 다크 그린, 핑크, 라이트 블루로 파일 폴더는 실용적이면서도 스타일리시하며 스타일을 보완하면서 문서를 안전하게 유지합니다 컬러 라벨 기능: 7개의 포켓 확장 파일 폴더는 컬러 라벨이 있어 정리 기능을 더욱 향상시킵니다. 다양한 문서 유형에 다양한 색상을 할당할 수 있어 서둘러 쉽게 찾을 수 있으며 잠금 장치의 두 부분을 함께 눌러 잠글 수 있습니다 다양한 용도: 확장 가능한 파일 폴더 7 포켓은 가정, 직장, 학교, 사무실 또는 개인용으로 문서를 보관할 수 있는 다목적 도구이며 종이, 카드, 송장, 편지, 영수증, 계약서 등을 보관하는 데 사용할 수 있습니다",,"['파일', '폴더', '문서', '확장', '포켓', '정리', '라벨', '오거나이저', '보관']"
사무용품,파일링 제품,확장형 파일,,B0CPXZ47XL,"아코디언 파일 오거나이저, 중요 문서 오거나이저, 지퍼가 달린 방수 및 내화성 폴더, 26 포켓 가죽 라벨 확장 파일 폴더, 레터 A4 파일 및 중요 문서용",IBBWB,41522,42907,4.2,8.0,"【업그레이드된 디자인】내화성 아코디언 파일 오거나이저 휴대용 핸들 디자인과 이중 개별 포켓. 스타일과 실용성이 완벽하게 조화를 이루는 이 문서 정리함은 중요한 문서 정리 및 관리 시스템에 가치를 더합니다. 【내화성 및 방수】방수 디자인을 추가한 이 아코디언 파일 오거나이저는 고품질 내화성 및 방수 소재로 중요한 문서를 화재 및 물로 인한 손상으로부터 안전하게 보호합니다. 최대 1,148.9°C(2500°F)까지 견딜 수 있으며 SGS 테스트(UL94 VTM-0 인증)를 통과했습니다. 【추가 수납 공간】이 포켓이 있는 서류 정리 정리함은 문서, 지폐, 영수증, 중요한 문서 등을 더 잘 정리할 수 있는 추가 수납 공간을 제공합니다. 확장 파일 폴더 포켓 26개, 지퍼 포켓 2개, 카드 슬롯 6개, 소형 메시 백 4개, 메인 포켓 2개, 중형 메시 백 4개, 대형 문서 포켓 4개, 다채로운 라벨 20개가 포함되어 있습니다. 여행용으로도 사용할 수 있습니다. 문서 【고품질 소재】이중 레이어, 가려움 없는 고성능 소재, 프리미엄 가죽, 실리콘 코팅 유리 섬유로 만든 내화성 확장 파일 폴더는 내구성이 뛰어나고 오래 지속되어 중요한 파일을 보호하고 정리할 수 있습니다. 【휴대용 및 안전한 보관】폴더 오거나이저는 컴팩트하면서도 넓은 디자인으로 휴대가 가능하여 안전하게 보관할 수 있으며 번거로움 없이 출장 시 매우 편리합니다. 【브랜드 서비스】IBBWB 제품은 모서리를 자르지 않습니다. 파일 폴더 정리함에 품질 문제가 있는 경우 언제든지 Amazon.를 통해 문의하십시오. 즉시 교체 또는 환불을 준비하겠습니다.",,"['파일', '문서', '정리', '포켓', '폴더', '화성', '디자인', '중요하다', '방수', '휴대']"
사무용품,파일링 제품,확장형 파일,,B094J6WQKW,"Guzack Plaid Pink 6 포켓 확장 파일 폴더, A4 레터 용지, 플라스틱",Guzack,13836,13836,4.3,96.0,"탭이 있는 6개의 포켓 - 확장 파일 폴더는 다양한 종류의 문서를 넣을 수 있는 6개의 부분으로 나뉘어져 있습니다. 내부에 5개의 탭 섹션이 있어 손으로 쓴 라벨을 추가할 수 있어 각 섹션을 즉시 식별하여 빠르게 액세스할 수 있습니다. 휴대용 파일 오거나이저 - 파일 폴더 크기: 32.4 x 23.6 x 1.9cm(12.75 x 9.3 x 0.75인치), 휴대가 간편하며 A4 용지 및 미국 레터 정리함에 적합합니다. 내구성이 뛰어나고 견고하며 많은 종이를 휴대할 수 있으며 폴더가 구겨지지 않도록 합니다. 앞면의 스냅 버클 클로저는 종이 문서가 떨어지지 않도록 도와줍니다. DIY 파일 폴더 맞춤형 - 아코디언 파일 폴더 외부에 투명한 라벨 창이 있으며 라벨 카드를 사용하면 카드를 DIY하여 폴더를 분류할 수 있습니다. 귀여운 파일 폴더 - 격자 무늬 패턴의 파일 폴더는 귀엽고 젊어 보이며 다른 파일 폴더 중에서도 눈에 띕니다. 매우 사랑스럽고 훌륭한 색상입니다. 파일 폴더는 모든 것을 깔끔하게 유지하여 고등학교/대학 수업에 적합합니다. 적용 범위 - 아코디언 폴더는 가정, 사무실, 학교 생활에 이상적이며 학교의 모든 과목에 대한 폴더를 갖기에 적합하며 파일 폴더는 가족 청구서와 문서를 한 곳에 정리할 수 있습니다. 선물, 기념품 또는 웨딩 플래너가 될 수 있습니다.",,"['폴더', '파일', '휴대', '문서', '라벨']"
사무용품,파일링 제품,확장형 파일,,B0753DWN22,휴대용 핸드 헬드 A4 사이즈 캔버스 확장 가능한 파일 폴더 아코디언 문서 오거나이저 지퍼 클로저가 있는 포켓 13개 (패턴 1),Lzttyee,27644,27644,4.6,161.0,"소재: 고품질 캔버스 소재, 오래 사용할 수 있는 내구성. 사이즈: 13.98x11.02x1.69 인치/35.5x28x4.3 cm는 매일 문서 서류 정리 및 보관에 적합합니다. A4 사이즈 및 레터 사이즈 용지에 맞습니다. 휴대용 핸들 디자인으로 무거운 파일도 견딜 수 있습니다. 13개의 포켓, 태그 슬롯으로 세련된 외관으로 파일을 쉽게 분류하고 정리할 수 있습니다. 지퍼 디자인으로 파일을 더 잘 보호합니다. 대용량 파일 폴더는 사무실 생활에 좋은 보조 도구입니다.","이 오거나이저는 중요한 문서, 인증서, 지폐, A4 파일 또는 기타 모든 것을 정리할 수 있는 가장 좋은 방법입니다. 확장 가능한 파일 폴더는 아코디언처럼 열리고 칸막이 탭 인서트가 함께 제공됩니다. 13개의 포켓이 있어 파일을 단단히 닫아 보관할 수 있으며, 이 아코디언 오거나이저 폴더로 정리할 수 있습니다. 대용량 파일 폴더는 사무실 생활에 좋은 보조 도구입니다. 사양: 소재: 캔버스 사이즈: 13.98x11.02x1.69인치/35.5x28x4.3cm 패키지 포함: 1 x 확장 파일 폴더","['파일', '폴더', '정리', '포켓', '문서', '아코디언', '캔버스', '확장', '휴대', '오거나이저']"
사무용품,파일링 제품,확장형 파일,,B0B6JM1RW9,"13 포켓 소형 아코디언 파일 오거나이저, 쿠폰, 영수증, 티켓, 세금 품목, 청구서 파일, 종이 스크랩용 확장 파일 오거나이저 스몰",BRITUDE,8296,8296,4.5,96.0,"모든 것을 주문하세요: 이 미니 아코디언 파일 오거나이저에 작은 물건을 정리하여 삶을 더 쉽고 편리하게 만듭니다. 쿠폰, 영수증, 송장, 세금 서류, 청구서, 티켓 및 기타 작은 품목에 적합합니다. 작지만 다용도: 확장 가능한 파일 홀더는 일상적인 파일 보관 및 보안뿐만 아니라 여행, 출장, 사무실 및 기타 용도에도 적합합니다. 보관을 위한 대용량: 13개의 포켓 확장 파일 정리함으로 파일 관리가 쉽습니다. 신축성 있는 버튼이 있는 안전한 잠금 디자인으로 문서가 미끄러지지 않습니다. 쉬운 색인화: 고급 PP로 제작된 영수증 정리함은 내구성이 뛰어나고 방수 기능이 있습니다. 12가지 색상 탭으로 세분화 및 인덱싱이 쉽습니다. 휴대용 디자인: 이 A6 파일 폴더는 가볍고 휴대가 간편하며 크기가 26.2cm x 2cm x 13.2cm(10.38인치 x 0.8인치 x 5.2인치) 크기의 핸드백을 포함한 모든 곳에 맞습니다.",,"['파일', '정리', '확장', '영수증', '오거나이저', '보관', '아코디언', '작다', '세금']"
사무용품,파일링 제품,확장형 파일,,B07K73G2P1,"ThinkTex 확장 파일 폴더 12 포켓 아코디언 파일 오거나이저/휴대용 확장 가능한 플라스틱 파일 박스, 아코디언 지폐/종이/문서/영수증 오거나이저 폴더, 컬러 탭(A4/레터 사이즈)",ThinkTex,19376,19376,4.6,3174.0,"안정적인 방수 소재 - 당사의 아코디언 폴더는 고품질 폴리프로필렌(PP) 플라스틱 소재(무독성 및 비방사성)로 만들어져 쉽게 파손되거나 변형되지 않습니다. 매우 안정적이고 100% 방수 기능이 있습니다. 안전한 플랩 및 코드 잠금 - 폴더의 풀 사이즈 유연한 플랩과 코드 클로저는 추가적인 보안을 제공합니다. 보관된 물건을 꺼내려면 덮개를 뒤로 접기만 하면 됩니다. 작업이 끝나면 플랩을 폴더 상단 위로 돌려 놓고 코드 클로저를 사용하여 제자리에 고정합니다. 확장 가능 및 대용량 - A4 사이즈/레터 사이즈 용지를 위한 안정적인 파티션을 위해 확장 가능한 12가지 색상의 개별 포켓. 각 포켓은 넉넉한 공간을 제공하며 25.4cm(10인치)까지 확장됩니다. 확장 가능한 바닥으로 추가 용량을 더합니다. 독특한 디자인 - 확장 파일 오거나이저는 다른 전통적인 서류 가방보다 고급입니다. 당사의 무지개 파일 오거나이저는 커버가 있는 12개의 개별 포켓과 안전한 보관을 위한 충분한 긴 코드의 유연한 탄성 클로저로 인간화된 펜 홀더 디자인 외에도 종이나 펜을 잃어버릴 염려가 없습니다. 전면 페이지에 2개의 투명 명함 슬롯이 표시되어 있습니다. 다용도 및 시간 절약 - 포켓에는 손으로 쓴 라벨을 추가할 수 있도록 탭이 있어 각 섹션을 즉시 식별하여 빠르게 꺼낼 수 있습니다. 휴일 문서, 바우처, 카드 및 쿠폰 등을 깔끔하게 정리하여 가정, 사무실, 학교 사용 및 여행을 위한 완벽한 문서 정리함으로 심플하고 패셔너블합니다.",,"['확장', '폴더', '파일', '포켓', '가능하다', '추가', '문서', '클로저', '안정', '플랩']"
사무용품,파일링 제품,확장형 파일,,B0CQH8RBMM,24 오르간 폴더 플라스틱 파일 폴더 플라스틱 폴더 확장 가능한 파일 확장 파일 오거나이저 아코르디온 폴더 데스크탑 오거나이저 아코디언 폴더 휴대용 A4 아코디언,FUNOMOCYA,23669,23669,,,"데스크탑 오거나이저 -- 이 무지개 문서 폴더는 가정, 사무실, 사용에 적합합니다. 버튼이 있는 파일 폴더 -- 버튼 탄성 스트링 클로저로 보안과 안전한 운반을 강화합니다. 24개의 포켓 문서 폴더 -- 밝은 색상 디자인, 24개의 포켓, 대용량 파일을 잘 분류할 수 있습니다. 사무용품 -- 중요한 문서나 서류를 정리하고 보관하고 검색하는 시간을 절약하는 데 이상적입니다. 확장 가능한 폴더 -- 이 무지개 문서 폴더는 가정, 사무실, 학교에서 사용하기에 적합합니다.",,"['폴더', '파일', '문서', '오거나이저', '확장', '가능하다', '버튼', '가정', '플라스틱']"
사무용품,파일링 제품,확장형 파일,,B0C8BJSCYT,"휴대용 파일 가방, A4, 오르간 백, 학생 분류 파일 가방, 멀티레이어 (13 그리드/휴대용, 베이지)",YCJOBOXO,12326,12326,,,"누드 색상 컨트롤, A4 오르간 백, 두 스타일 | 컬러풀 | 내구성 잠금 버튼 더블 디자인 라벨 가능한 인덱스 디자인 부드러운 플라스틱 손, 인체 공학적 디자인 누드 컬러 컨트롤 멀티 레이어 페이징 방수 및 습기 방지 디자인",,"['디자인', '휴대', '누드', '멀티', '레이어', '오르간', '컨트롤', '파일', '가방', '백']"
사무용품,파일링 제품,확장형 파일,,B07L2THSG2,"EKIND 17.8 x 11.4cm(7 x 4.5인치) 확장 가능한 휴대용 폴더, 13 포켓 버클 아코디언 파일 오거나이저, 카드, 쿠폰, 영수증, 세금 품목, 미니 확장 폴더용 A6 플라스틱 지갑 (1팩, 색상)",EKIND,11066,11066,4.2,58.0,"접은 사이즈 및 소재 - A6 사이즈(18 x 10.9 x 2.8 cm), A4 사이즈가 아닙니다. 구매 전에 사이즈를 확인하십시오. 폴리프로필렌(pp) 플라스틱 소재로 제작되어 무독성이며 쉽게 깨지거나 변형되지 않습니다. 다양한 색상 및 프라이버시 - 폴더의 색상은 매우 밝지만 투명하지 않기 때문에 중요한 파일을 보호할 수 있습니다. 또한 플라스틱 및 방수 소재로 제작된 잠금 장치가 있어 다양한 파일을 보관할 수 있습니다. 다양한 용도: 가정, 사무실, 학교 사용 등에 적합하며 수표, 현금, 리셉트, 예금 명세서 등과 같은 작고 중요한 문서를 효율적으로 정리할 수 있습니다. 실용적이고 휴대 가능 - 작은 지갑 디자인으로 공간을 절약할 수 있습니다. 여행 시 여권, 지도, 여행 플래너를 잘 정리할 수 있어 쉽고 편리하게 찾을 수 있습니다. 탭 포함 - 작은 색상의 라벨을 따라 분류하는 데 도움이 되며 휴일 문서, 바우처, 카드 및 쿠폰 등을 깔끔하고 정리하여 가정, 사무실 및 학교에서 사용할 수 있는 완벽한 문서 오거나이저입니다",,"['파일', '문서', '플라스틱', '정리', '폴더', '카드', '여행', '휴대', '작다', '제작']"
사무용품,파일링 제품,확장형 파일,,B06XXSK8K6,"13 포켓 영수증 폴더/확장 쿠폰 통화 정리함, 라벨/플라스틱 체크 지폐 파일 보관/소형 아코디언 카드 티켓 홀더 지갑 사무실 가정용 (클라렛)",Oak-Pine,15221,15221,4.5,476.0,"【소재】고품질 플라스틱, 방수, 쉽게 부러지거나 변형되지 않습니다. 【컴팩트한 사이즈】26.9 x 13.5 x 3cm(10.24 x 5.3 x 1.2인치). 작은 파일 오거나이저는 휴대하거나 핸드백에 넣기 쉽습니다. 【 대용량】13개의 독립적인 저장 공간이 있는 확장 가능한 파일 폴더는 파일을 쉽게 분류하고 정리할 수 있도록 도와줍니다. 컬러 라벨을 사용하여 파일을 정렬하여 쉽게 액세스할 수 있습니다. 【 효율적인 영수증 홀더】루프와 버튼 클로저로 제작된 영수증 파일 오거나이저는 파일을 단단히 고정할 뿐만 아니라 최대한의 기능을 위해 늘릴 수 있을 만큼 유연합니다. 【 다양한 용도】아코디언 파일 키퍼는 모든 일일 영수증, 티켓, 쿠폰, 바우처, 청구서, 메모 및 명함을 보관할 수 있습니다. 심플한 디자인으로 패셔너블하고 엄숙합니다. 사무실, 가정, 학교 등에 적합합니다.","특징: -- 멀티 포켓 디자인으로 문서를 쉽게 관리할 수 있습니다. -- 대용량 지폐 폴더는 인생에서 좋은 도우미입니다. -- 실용적이고 패셔너블한 디자인으로 파일을 안전하고 안전하게 보관합니다. -- 이 정리함은 파일이 구겨지지 않도록 하고 특정 내용을 쉽게 찾을 수 있습니다. -- 13개의 섹션을 나누어 각 섹션에 내용을 쓸 수 있는 탭이 있습니다. -- 가정용: 쿠폰, 지폐 등을 보관하기에 적합합니다. -- 사무실용: 문서, 영수증 등을 보관하기에 적합합니다. -- 학교용: 작은 메모, 카드 컬렉션 등을 보관하기에 적합합니다. 사양: 재료: 플라스틱 크기: 26cm x 13.5cm x 3cm 패키지 포함: 1 x 파일 폴더, 라벨","['파일', '영수증', '보관', '폴더', '지폐', '정리', '쿠폰', '라벨', '플라스틱', '가정']"
사무용품,파일링 제품,확장형 파일,,B0C54775WV,"1InTheOffice 플라스틱 확장 파일 지갑, 신축성 있는 클로저가 있는 플라스틱 봉투, 8.9cm(3.5인치) 확장, 리갈 사이즈, 블랙, 1팩",1InTheOffice,17991,17991,4.6,3.0,"파일 지갑은 법정 크기의 문서를 정리하도록 설계되었으며, 8.9cm(3.5인치) 확장으로 많은 양의 종이를 수용할 수 있습니다. 신축성 있는 클로저는 모든 것을 제자리에 안전하게 유지하면서 필요할 때 쉽게 사용할 수 있습니다. 고품질 플라스틱 소재로 제작된 파일 지갑은 내구성이 뛰어나고 일반적인 마모와 찢어짐을 견딜 수 있도록 제작되었습니다. 중요한 서류와 문서를 훌륭하게 보호합니다. 파일 지갑의 매끄러운 블랙 색상은 전문적인 외관을 제공하며 개인 및 전문가 모두에 적합합니다. 사무실, 교실 또는 집에서 사용하기에 적합합니다. 파일 지갑의 컴팩트한 사이즈로 휴대가 간편하여 이동 중에도 정리하고 준비할 수 있습니다. 여행이나 출퇴근 중에 서류를 관리해야 하는 사람들에게 훌륭한 선택입니다. 1개 팩으로 판매되므로 필요에 맞는 적절한 금액을 쉽게 주문할 수 있습니다. 단일 파일 지갑이 필요하든 여러 개의 지갑이 필요하든 고품질 제품을 구입하고 있다는 것을 알고 안심하고 주문할 수 있습니다.","1InTheOffice 플라스틱 확장 파일 지갑, 신축성 있는 클로저가 있는 플라스틱 봉투, 8.9cm(3.5인치) 확장, 리갈 사이즈, 블랙, 1팩/법적 크기의 문서를 정리하는 실용적이고 신뢰할 수 있는 방법입니다. 지갑은 8.9cm(3.5인치) 확대가 있어 서류 작업을 위한 충분한 공간을 제공합니다. 신축성 있는 클로저로 문서를 안전하게 보관할 수 있어 쉽게 접근할 수 있습니다./일상적인 사용을 견딜 수 있는 내구성 있는 플라스틱으로 만들어져 필수 문서는 파일 지갑에 안전하게 보관됩니다. 이 지갑은 블랙 색상 덕분에 매끄럽고 비즈니스 같은 외관을 가지고 있어 개인 및 전문가 모두에 적합합니다./1InTheOffice 플라스틱 확장 파일 지갑의 편리한 크기와 휴대성 덕분에 이동 중에도 문서를 정리할 수 있습니다. 이 파일 지갑은 직장, 학교 또는 이동 중에도 정리하고 준비할 수 있습니다.","['지갑', '파일', '플라스틱', '문서', '확장', '정리', '클로저', '블랙', '신축', '서류']"
사무용품,파일링 제품,확장형 파일,,B0CMHZXDRC,"아코디언 파일 오거나이저 3개, 포켓 확장 파일 폴더 13개, A4 아코디언 파일 폴더, 컬러 탭 및 확장 가능한 커버, 교실, 가정, 사무실 및 여행에 적합",WOPPLXY,22146,22146,,,"👍【패키지 포함】- 라벨과 명함 용지가 있는 13개의 포켓 폴더가 포함된 확장 파일 폴더 오거나이저 3개가 제공됩니다. 32.8 x 24.1 x 2cm(12.9 x 9.5 x 0.8인치)의 폴더는 최대 350장의 종이를 담을 수 있을 만큼 충분히 크며 모든 중요한 파일을 안전하게 보관할 수 있어 파일을 효율적이고 빠르게 정렬하고 찾을 수 있습니다. 【고품질】- 확장 파일 오거나이저는 고품질 및 환경 보호 PP 소재로 만들어져 두껍고 내구성이 뛰어나며 파일 품질, 가볍고 휴대가 쉽습니다. 방수 및 습기 방지 소재로 문서를 안전하게 보관하고 양호한 상태로 유지되며 쉽게 금이 가거나 변형되지 않습니다. 👍【독특한 디자인】- 아코디언 파일 오거나이저에는 다채로운 라벨이 있어 문서를 쉽게 분류하고 찾을 수 있습니다. 측면에 펜을 넣을 수 있는 펜 슬롯이 있으며, 전면에 두 개의 카드 포켓이 있어 수업 일정, 달력 및 명함과 같은 작은 카드를 쉽게 보관할 수 있도록 설계되었습니다. 👍【편리한 탄성 버클】 - 당사의 파일 폴더 오거나이저는 신축성 있는 코드와 버튼 클로저로 업그레이드되어 쉽게 열고 닫을 수 있습니다. 작업을 더 쉽고 즐겁게 만들어 주며, 느슨한 파일을 보관하는 모든 작업자에게 적합합니다. 👍【다양한 용도】- 당사의 아코디언 파일 폴더에는 바우처, 송장, 세금 양식, 편지, 카드, 영수증, 계약서 및 기타 문서를 저장할 수 있습니다. 가정, 사무실 및 여행에 이상적입니다. 또한, 세련되고 미니멀한 디자인으로 친구와 가족에게 완벽한 선물이 됩니다.","WOPPLXY 아코디언 파일 오거나이저 3개, 포켓 확장 파일 폴더 13개, 컬러 탭 및 확장 가능한 커버가 있는 A4 아코디언 파일 폴더, 교실, 가정, 사무실 및 여행에 적합 고품질 환경 보호 PP 소재로 제작되어 두껍고 내구성이 뛰어나며 파일 품질, 가볍고 휴대가 쉽습니다. 방수 및 습기 방지 소재로 문서를 안전하게 보관하고 쉽게 금이 가거나 변형되지 않습니다. 👍아코디언 파일 오거나이저는 다채로운 라벨이 함께 제공되므로 문서를 쉽게 분류하고 찾을 수 있습니다. 측면에 펜 슬롯이 있고 전면에 두 개의 카드 가방이 있어 수업 일정, 달력, 명함 및 기타 작은 카드를 편리하게 보관할 수 있습니다. 당사의 확장 파일 오거나이저는 신축성 있는 코드와 버튼 클로저로 업그레이드되어 쉽게 열고 닫을 수 있습니다. 작업을 더 쉽고 즐겁게 만들어 주며, 느슨한 파일을 보관하는 작업자에게 적합합니다. 👍아코디언 신고 폴더에는 바우처, 송장, 세금 양식, 편지, 카드, 영수증, 계약서 및 기타 문서를 저장할 수 있습니다. 가정, 사무실 및 여행에 이상적입니다. 또한, 세련되고 미니멀한 디자인은 친구와 가족을 위한 완벽한 선물입니다. 사양: 소재: PP 색상: 화이트 사이즈: 32.8 x 24.1 x 2cm 패키지 구성: 아코디언 파일 오거나이저 3개","['파일', '폴더', '아코디언', '확장', '카드', '문서', '여행', '가정', '포켓', '오거나이저']"
사무용품,파일링 제품,확장형 파일,,B07D8SSKJ2,"Shappy 12포켓 확장 파일 폴더, 무지개 파일 폴더 오거나이저, 다양한 색상의 포켓, A4 사이즈 문서 정리함, 학생 사무실용, (A4/레터 사이즈)",Shappy,8988,8988,4.7,429.0,"소재: 확장 파일은 PP 시트로 만들어져 밀도가 높고 방수, 열 및 압력 저항성이 있으며 쉽게 손상되거나 변형되지 않습니다 크기: 프로젝트 분류기는 약 32 x 25.5 x 2 cm/12.6 x 10 x 0.79인치, A4 사이즈 및 레터 크기에 적합 용도: 파일 폴더는 학교, 사무실, 상, 슈퍼마켓, 컨퍼런스, 가정, 일상 서류 및 문서 보관에 적용할 수 있습니다 패셔너블한 외관: 블랙 반투명 쉘, 컬러 페이지 노트, 메모를 깔끔하고 정돈된 상태로 분류하고 유지하는 데 도움이 됩니다 대용량: 대용량 폴더 디자인은 사무실 생활에 도움이 되므로 더 이상 파일이 섞이는 것에 대해 걱정할 필요가 없습니다",,"['파일', '폴더', '확장', '사무실', '포켓', '도움', '문서']"
사무용품,파일링 제품,확장형 파일,,B0BX8MBG6D,손잡이가 달린 확장 파일 폴더: 3팩 12 포켓 플라스틱 확장 가능한 파일 폴더 아코디언 폴더 A4/레터 사이즈,Vefungyan,23531,23531,,,"3팩 12개의 구획 디자인은 다채로운 라벨이 있어 최대 300장까지 많은 수납 공간을 제공합니다. A4/레터 사이즈 파일에 적합한 확장 파일 폴더는 매일 문서를 제출하고 보관하는 데 사용할 수 있습니다. 이 확장 가능한 파일 폴더는 휴대용 손잡이와 버튼 스위치 커버로 설계되었습니다. 잠금 장치로 내용물을 안전하게 유지하고 손잡이가 있어 휴대가 편리합니다. 태그를 사용하여 문서를 분류하고 관리할 수 있어 파일을 쉽게 찾을 수 있습니다. 이 확장 파일 폴더 오거나이저는 사무실, 학교, 가정 및 비즈니스 등과 같은 다양한 행사에 적합합니다.",손잡이가 달린 확장 파일 폴더: 3팩 12개의 포켓 플라스틱 확장 가능한 파일 폴더 아코디언 폴더 A4/레터 사이즈,"['파일', '폴더', '확장', '손잡이', '가능하다', '문서', '아코디언', '휴대', '포켓', '플라스틱']"
사무용품,파일링 제품,확장형 파일,,B085HKY3V1,"BTSKY 확장 파일 폴더 - 새로운 13포켓 핸디 아코디언 파일 정리함, 영수증 쿠폰 카드, 티켓 세금 품목 파일 보관 폴더 체크 지폐 플라스틱 아코디언 지갑 케이스(로프 포함, 블랙)",BTSKY,9681,9681,4.6,275.0,"소재: 고품질 플라스틱 소재 (무독성 및 비방사성), 쉽게 파손되거나 변형되지 않음 사이즈: 25.9cm x 2.5cm x 14.5cm (10.25인치 x 1인치) x 14.5cm (5.75인치), 카드 쿠폰 영수증 세금 품목 또는 변경 확인 문서를 매일 제출하고 보관하는 데 적합합니다 대용량: 13개의 확장 포켓, 쉬운 세분화 및 인덱싱. 긴 고정 로프 클로저는 일상적인 파일링에 보안과 편리함을 제공합니다 휴대용 디자인: 인체 공학 휴대용 디자인으로 휴대가 더 편안합니다 이 소형 휴대용 대용량 파일 폴더는 사무실 생활에 도움이 됩니다. 심플한 디자인으로 패셔너블하고 엄숙합니다. 사무실, 가정, 학교 등에 적합합니다","BTSKY 확장 파일 폴더-휴대용 13 포켓 아코디언 파일 오거나이저 지갑 오거나이저는 카드, 영수증, 쿠폰 및 티켓용 삶을 더 잘 정리할 수 있도록 도와줍니다. 쿠폰, 유료 청구서, 스탬프 봉투 등을 정리할 수 있습니다. 쉽고 깔끔하며 휴대가 간편합니다. 특징: --PP 소재(무독성 비방사성)로 제작된 다기능 아코디언 파일 폴더는 안전하고 환경 친화적입니다. --멀티 포켓 디자인으로 문서를 관리하고 사용하기 쉽습니다. 인체 공학적 휴대용 디자인, 패셔너블하고 휴대가 쉽습니다. --대용량 파일 폴더는 사무실 생활에 도움이 됩니다. 매트한 질감으로 더욱 편안하고 내구성이 뛰어난 변형이 가능합니다. --긴 고정 로프 클로저가 있는 실용적이고 새로운 디자인은 일상적인 파일링에 보안과 편리함을 제공하며 견고하고 편리하며 파일을 더 안전하고 안전하게 유지합니다. --13개의 포켓 디자인으로 문서를 더 쉽게 요약할 수 있어 작업 효율성을 높입니다. --폴더는 더 넓고 실용적이며 카드 쿠폰 영수증 세금 품목 또는 변경에 적합합니다. 소재: 폴리프로필렌(PP) 소재(무독성 및 비방사성) --PP 소재는 환경 보호이며 PVC(저렴하고 유독한) 소재보다 단단하여 파일을 쓰거나 읽기에 편리합니다. 치수: 10.2""(길이) x 1""(너비) x 5.7""(높이) 패키지 포함: 1 x 휴대용 아코디언 파일 폴더","['파일', '휴대', '폴더', '디자인', '아코디언', '포켓', '쿠폰', '영수증', '카드', '편리하다']"
사무용품,파일링 제품,확장형 파일,,B0C8H69QJB,확장 파일 포켓 폴더 오거나이저 고양이 재미있는 만화 아코디언 파일 오거나이저 13 포켓 확장 파일 폴더 휴대용 지폐 영수증 오거나이저,Sletend,31841,31841,5.0,8.0,"내구성 및 방수: 고품질 나일론 소재로 제작된 이 확장 파일은 물이 튀는 것을 견딜 수 있도록 설계되었으며 오래 사용할 수 있습니다. 넉넉한 수납 공간: 13개의 분리된 아코디언 스타일 포켓이 있는 이 파일 오거나이저는 문서를 보관하고 정리할 수 있는 충분한 공간을 제공합니다. 강화된 구조: 양면의 강화 원단은 파일에 강도와 내구성을 더하여 종이의 안전을 보장합니다. 편리한 전면 포켓: 편리한 전면 포켓은 펜, 형광펜 및 기타 필수 문구류를 보관하기에 적합합니다. 색상 코드 라벨: 파일에는 다채로운 필기 라벨이 있어 각 폴더의 내용을 쉽게 식별할 수 있습니다.",,"['파일', '포켓', '폴더', '확장', '아코디언', '전면', '공간', '구성', '오거나이저', '라벨']"
사무용품,파일링 제품,확장형 파일,,B0BYV5BZTZ,"YXQ 확장 파일 오거나이저, 36 포켓 문서 오거나이저, 확장 가능한 아코디언 파일 폴더, 뚜껑 포함, 가정 및 사무실 및 학교 서류 A4 사이즈 탭 파일 박스",YXQ,23531,23531,,,"【고품질 소재】: 확장된 파일 오거나이저는 폴리에스터 PP 소재로 만들어졌으며 뚜껑이 있는 고품질 디자인은 내구성이 뛰어나고 방수 기능이 있으며 안전하며 환경 친화적이며 휴대가 가능합니다. 【대용량】: 아코디언 파일 오거나이저 디자인은 용량을 늘려 36개의 개별 포켓을 제공하여 모든 A4 용지 크기에 적합하며 쉽게 확장 가능한 서류 작업에 사용하기 쉽습니다. 【다용도】: Paperwork A4용 폴더는 에세이, 영수증, 명함, 쿠폰, 바우처 등과 같은 다양한 문서를 저장할 수 있습니다. 가정, 사무실, 학교 및 여행용으로 이상적입니다. 【독특한 디자인】: 파일링 박스는 폴더의 내용을 빠르게 식별할 수 있도록 글자와 월로 표시된 컬러 탭이 있는 독특한 멀티 컬러 디자인을 가지고 있습니다. 폴더의 귀에 직접 자국을 남길 수도 있습니다. 쉽게 정리하고 빠르게 찾을 수 있습니다 【다양한 용도】: 여전히 문서가 걱정되십니까? 무엇을 기다리고 계십니까? 지금 구매하세요. 고품질의 대용량 확장 폴더는 휴대용 및 고정 사무실/홈 파일 정리 및 보관에 이상적입니다. 이 품목에 대해 질문이 있는 경우","다채롭고 확장 가능한 파일 관리자인 이 폴더는 뚜껑과 탭 파일 박스가 있는 서류 작업 A4 크기를 위한 36 포켓 문서 정리함입니다. - 폴더 용량이 충분하지 않을까 걱정되십니까? - 파일 정리함에서 파일을 찾고 필요한 것을 찾지 못하는 것을 싫어하십니까? - 모든 크기의 파일을 보관할 수 있는 대용량 확장 폴더를 찾고 계십니까? YXQ 36 포켓 통합 연장 폴더는 이러한 문제를 완벽하게 해결하는 데 도움이 됩니다. 이것은 최고의 선택 중 하나이며 사무실/일상 생활에 이상적입니다. 확장 가능한 폴더는 내구성이 뛰어나고 인체 공학적이며 문서를 양호한 상태로 유지하고 파일 폴더의 파일 보안을 보장하는 독특한 멀티 컬러 디자인이 특징입니다. 또한 파일 오거나이저 36 포켓에는 종이, 영수증, 명함, 바우처, 쿠폰 등과 같은 다양한 문서를 보관할 수 있습니다. 가정, 사무실, 학교 및 여행용으로 이상적입니다. 아코디언 디자인은 용량을 늘리고 스스로 설 수 있는 기능을 제공합니다. - 적합한 선물: 홈스쿨 부모님, 특히 선생님을 위한 훌륭한 선물입니다. - 폴더는 더 넓으며 36개의 포켓이 있어 보다 실용적이며 A4 크기에 적합합니다. - 독특하고 다채롭고 인체 공학적 디자인으로 안정적이고 사용하기 쉬워 문서를 더욱 안전하게 만듭니다. - 폴리에스터와 PP 소재로 제작된 다기능 아코디언 폴더는 안전하고 환경 친화적이며 휴대가 간편합니다","['파일', '폴더', '확장', '디자인', '문서', '포켓', '가능하다', '사무실', '아코디언', '오거나이저']"
사무용품,파일링 제품,확장형 파일,,B0BW3XHBBS,귀여운 아코디언 파일 오거나이저 13 포켓 그린 확장 파일 폴더 A4 레터 사이즈 폴더 문서용 휴대용 확장 가능한 파일 폴더 (그린),Docustge,17991,17991,5.0,4.0,"[귀엽고 달콤한 디자인]: 독특하고 귀엽고 달콤한 이미지 디자인의 아코디언 파일 오거나이저는 양면에 인쇄된 귀여운 이미지 디자인, 여성 또는 십대 소녀를 위해 특별히 디자인되었습니다. 귀여운 아코디언 파일 오거나이저일 뿐만 아니라 손에 들고 다닐 때 예술이기도 합니다. [편안한 손잡이]: Kawaii 확장 파일 폴더는 편안한 플라스틱 손잡이가 특징이며, 소녀나 여성이 외출하거나 책상용 파일 홀더가 필요합니다. 이 손잡이는 편안하고 내구성이 뛰어나며 쉽게 꺼내거나 책상에 놓을 수 있습니다. [어코디언 파일 오거나이저]: 13개의 투명 포켓이 있는 확장 가능한 파일 폴더는 A4 사이즈 용지를 안정적으로 파티션할 수 있으며, 각 포켓은 25.4cm(10인치)까지 확장할 수 있는 충분한 공간을 제공합니다. 확장 가능한 하단은 추가 용량을 더합니다. [4가지 색상 선택 가능]: 이 아코디언 파일 오거나이저는 4가지 스타일을 선택할 수 있습니다. 핑크 아코디언 파일 오거나이저, 로열 블루 아코디언 파일 오거나이저, 퍼플 아코디언 파일 오거나이저, 특별한 선물로 소녀를 위해 선택할 수 있습니다! 의미와 기억에 남습니다 [안전 및 방수]: 귀여운 아코디언 폴더는 고품질 폴리프로필렌(PP) 플라스틱 소재(무독성 및 비방사성)로 만들어져 쉽게 깨지거나 변형되지 않습니다. 매우 안정적이고 방수 기능이 있습니다.","[귀엽고 달콤한 디자인]: 독특하고 귀엽고 달콤한 이미지 디자인의 아코디언 파일 오거나이저는 양면에 인쇄되었으며, 여성 또는 십대 소녀를 위해 특별히 디자인되었으며, 귀여운 아코디언 파일 오거나이저일 뿐만 아니라 손에 쥐는 예술이기도 합니다. [편안한 손잡이]: Kawaii 확장 파일 폴더는 편안한 플라스틱 손잡이가 특징이며, 소녀나 여성이 외출할 때 잡거나 책상용 파일 홀더가 필요합니다. 이 손잡이는 편안하고 내구성이 뛰어나며 쉽게 꺼내거나 책상에 놓을 수 있습니다. [ACCORDIAN 파일 오거나이저]: 13개의 투명 포켓이 있는 확장 가능한 파일 폴더는 A4 사이즈 용지를 안정적으로 분할 수 있으며, 각 포켓은 25.4cm(10인치)까지 확장할 수 있는 충분한 공간을 제공합니다. 확장 가능한 하단은 추가 용량을 더합니다. [4가지 색상 선택 가능]: 이 아코디언 파일 오거나이저는 4가지 스타일을 선택할 수 있습니다. 핑크 아코디언 파일 오거나이저, 로열 블루 아코디언 파일 오거나이저, 퍼플 아코디언 파일 오거나이저, 특별한 선물로 소녀를 위해 선택할 수 있습니다! 의미와 기억에 남는 것으로 가득합니다! [안전 및 방수]: 귀여운 아코디언 폴더는 고품질 폴리프로필렌(PP) 플라스틱 소재(무독성 및 비방사성)로 만들어져 쉽게 깨지거나 변형되지 않습니다. 매우 안정적이고 방수 기능이 있습니다.","['파일', '아코디언', '귀엽다', '확장', '오거나이저', '폴더', '디자인', '소녀', '손잡이']"
사무용품,파일링 제품,확장형 파일,,B09PTHLGYX,"Blue Lake ECOLIFE 6포켓 재활용 가능한 종이 확장 파일 문서 폴더 플라스틱 프리, 아코디언 파일 오거나이저 - A4 레터 사이즈, 학교, 사무실, 홈 캐롤라이나용 200장",Blue Lake,16606,16606,4.2,176.0,"당신에게 안전하고 환경에 좋습니다: 염소, 독성 접착제, 플라스틱 또는 잉크 냄새가 없습니다. EPA 제로 폐기물 원칙을 준수하도록 설계되었습니다 대용량, 심플한 디자인: 6개의 포켓은 최대 200장의 A4/레터 사이즈를 담을 수 있습니다. 종이. 과도한 종소리와 휘파람 없이 파일 정리 요구 사항을 충족합니다 프리미엄 소재, 견고한 구조: 우아한 질감과 트렌디한 색상의 최고급 종이 커버. 디테일에 주의를 기울여 잘 제작되었습니다 플라스틱 프리, 종이로 재활용 가능: 100% 천연 섬유로 제작되어 Forestry Stewardship Council (FSC) 인증을 받았습니다. How2Recycle 인증, 종이로 100% 재활용 가능 제품 크기: 324 X 240 X 18 mm",,"['종이', '재활용', '플라스틱', '파일', '제작', '프리', '포켓', '인증']"
사무용품,파일링 제품,확장형 파일,,B08JLDMG5H,확장 파일 폴더 수직 아코디언 문서 정리함 2팩 레터 사이즈 A4 플라스틱 파일 폴더 6개의 포켓 포함(블루),GUKBIAY,13822,13822,4.6,21.0,"수직 파일 폴더는 고품질 폴리프로필렌 소재로 만들어졌으며 무독성, 방수, 내구성이 뛰어나며 내부 물건을 쉽게 깨지거나 변형되지 않도록 보호합니다. 수직 및 휴대용 디자인으로 별도의 뚜껑 플랩이 없어 토트백이나 백팩에 사용하기에 이상적입니다. 쉽게 열고 휴대할 수 있으며 가볍습니다. 좋은 용량&쉬운 정리: 치수 9.4x14.1인치/24x36cm, 표준 A4(8.5 x 11) 및 레터 사이즈 용지에 맞습니다. 6개의 확장 가능한 포켓이 있어 파일을 쉽게 분류하고 정리할 수 있습니다. 이 수직 아코디언 폴더는 가정, 사무실, 학교 및 아코디언 확장 가능한 문서 오거나이저는 친구, 반 친구, 가족, 어린이, 비즈니스 파트너, 직장 동료 등을 위한 훌륭한 선물입니다. 패키지에 포함된 항목: 2팩 확장 파일 폴더, 블루 컬러가 제공됩니다. 학생용 백팩에 잘 맞으며, 모든 부모와 선생님의 ""I lost my paper""에 대한 해답이 될 수 있습니다.",,"['폴더', '파일', '확장', '수직', '아코디언', '정리', '휴대', '문서', '블루', '친구']"
사무용품,파일링 제품,확장형 파일,,B0C9P52LQP,"Cow Skin 프린트 확장 파일 폴더, 13포켓 아코디언 파일 오거나이저, 스티커 라벨 지퍼 포함, 휴대용 A4 문서 정리함, 홈 오피스 학교 용품용",Bolaz,31841,31841,4.6,3.0,"[고품질 소재] -- 이 확장 파일 폴더는 폴리에스터와 PP 소재로 제작되었습니다. 내구성 및 방수. 양면에 강화 원단이 있어 종이를 안전하게 보호합니다. [사이즈 정보] -- 35.6 x 27.6 x 1.3cm(14.2 x 10.6 x A4/레터 사이즈 용지에 적합합니다. 파일, 편지, 송장, 계약서, 노트북, 바우처, 영수증, 청구서와 같은 여러 품목을 보관할 수 있습니다. 폴더 내용을 빠르게 식별할 수 있도록 쓰기 가능한 컬러 라벨이 패키지에 포함되어 있습니다. [대용량] -- 내부에 13개의 개별 거싯 포켓이 있어 문서를 분류하고 정리할 수 있는 충분한 공간을 제공합니다. 앞면의 지퍼 포켓은 펜, 형광펜 및 기타 자주 사용하는 기타 물건을 보관하기에 적합합니다. [지퍼 잠금] -- 이 아코디언 파일 오거나이저는 지퍼 디자인으로 종이를 훨씬 안전하게 보관할 수 있습니다. 다른 곳으로 휴대하기가 훨씬 쉽고 물건을 잃을 가능성이 적습니다. [사용 가능한 경우] -- 분류 보관 문서 정리함은 가정, 사무실, 학교 및 여행에 적합하며 심플하고 스타일리시하여 책상을 깔끔하고 정돈된 상태로 만듭니다.","확장 파일 폴더, 13 포켓 아코디언 파일 오거나이저, 스티커 라벨 지퍼 포함, 휴대용 A4 문서 정리함, 홈 오피스 학교 용품용 특징 학습, 페인팅, 그룹 프로젝트, 야외 학습 등을 위해 설계되었습니다. 간호사, 비즈니스 전문가, 교사, 변호사, 학생, 남성, 여성, 소녀, 어린이가 좋아합니다. 우수한 나일론 소재, 가볍고 내구성이 뛰어나 장시간 사용할 수 있습니다. 생일, 기념일, 학교, 아버지의 날에 자녀, 선생님, 친구를 위한 완벽한 선물입니다. 팁: 세탁, 드라이 클리닝 또는 다림질 금지.","['파일', '지퍼', '정리', '폴더', '문서', '학교', '포켓', '확장', '아코디언', '라벨']"
사무용품,파일링 제품,확장형 파일,,B0CZ3GLVL8,"아코디언 폴더 확장 파일 폴더, 7포켓 아코디언 파일 오거나이저, A4 레터 사이즈 종이 문서 영수증 오거나이저, 교실, 가정, 사무실 및 여행용 아코디언 파일 폴더",Aabicku,9681,9681,4.5,30.0,"7 포켓 아코디언 파일 오거나이저 사이즈는 32.9 x 24.1 x 1.5cm(12.9 x 9.5 x 0.67개의 개별 포켓, 최대 250장의 용지, 중요한 문서를 모두 안전하게 보관할 수 있을 만큼 충분히 커서 파일을 효과적으로 분류하고 찾을 수 있습니다. 프리미엄 친환경 PP 소재, 무산성, PVC 프리, 보관 품질로 만든 문서용 폴더로 안전한 보관을 제공합니다. 방수 및 습기 방지 소재로 문서를 양호한 상태로 유지하고 쉽게 깨지거나 변형되지 않습니다. Cesil 확장 파일 폴더 7 포켓 파일 폴더는 더 나은 시각적 감각을 위해 멋진 색상의 내부 페이지로 업데이트되었습니다. 작은 색상의 라벨은 파일을 편리하게 분류하여 필요한 용지를 빠르게 찾을 수 있습니다. 이전 폴더 오거나이저에서 신축성 있는 스트링 및 버튼 클로저를 업그레이드하여 사용자가 쉽게 열고 닫을 수 있습니다. 작업을 더 편안하고 즐겁게 만들어 주며, 모든 사람들이 느슨한 서류를 모두 보관할 수 있습니다. 아코디언 폴더에는 송장, 편지, 종이, 카드, 영수증, 계약서 및 기타 문서를 저장할 수 있습니다. 가정, 사무실, 학교 및 여행용으로 적합합니다. 또한, 세련되고 심플한 디자인은 친구와 가족을 위한 최고의 선물입니다.",,"['파일', '폴더', '아코디언', '문서', '포켓', '오거나이저', '여행', '종이', '사무실']"
사무용품,파일링 제품,확장형 파일,,B07RP96B31,"확장 파일 폴더 12개 포켓, KXF 휴대용 확장 가능한 문서 홀더, 뚜껑 포함, 사무실 A4 책상 보관 확장기 파일 폴더 아코디언 파일 오거나이저 레인보우 컬러 스탠드",KXF,15221,15221,4.7,5.0,"확장 지갑 -- 12개의 확장 섹션이 있는 편리한 확장 오거나이저 파일, 안정적으로 세울 수 있습니다. KXF 확장 파일은 각 섹션의 종이를 분리하여 더 많은 공간을 절약합니다. 책상과 선반 상단에서 사용하기에 좋습니다. 새롭고 스타일리시한 디자인 -- 독특하고 작은 색상의 빈 삽입 라벨 디자인이 있는 파일 오거나이저 백은 편리하고 스타일리시하며 파일을 효과적으로 분류하고 찾을 수 있도록 도와줍니다. 각 파일은 필요에 따라 맞춤 설정할 수 있습니다. 방수 및 방진 기능의 유연한 플랩과 코드 클로저가 함께 제공되어 우수한 보호 기능과 안전한 운반을 제공합니다 대용량 -- 확장 가능한 A4 파일 박스 사이즈: 2.5x25.5x32.5cm(길이*너비*높이)/2.5x25.4x32.5cm(1x10x12.8인치) 및 32.5cm(32x10x12.8인치) (길이*너비*높이)/32x25.4x32.5cm(32x10x12.8인치)까지 확장할 수 있습니다. 휴대용 아코디언 파일 상자에는 12개의 개별 분리된 포켓이 있어 A4 크기 및 레터 크기의 약 3000장의 종이와 문서를 보관할 수 있도록 확장 가능합니다. 내구성 있는 소재 -- KXF 확장 파일 정리함은 고품질 폴리프로필렌(PP) 소재로 만들어졌으며 무독성, 비방사성, 가볍지만 안정적이고 유연하며 내구성이 뛰어납니다. 확장 파일 오거나이저/문서 지갑은 쉽게 버리지 않으며 쉽게 깨지거나 변형되지 않아 문서를 깔끔하게 정리할 수 있습니다. 다기능 적용 --확장형 파일 가방은 단순하고 패셔너블하며 종이, 문서, 영수증, 은행 명세서, 공과금 청구서, 재산 증서, 카드, 시험지, 바우처, 쿠폰 등과 같은 여러 품목을 깔끔하게 정리할 수 있습니다. 가정, 사무실, 학교 사용 및 여행을 위한 pertect 문서 정리함.",,"['파일', '확장', '문서', '정리', '가능하다', '종이', '오거나이저']"
사무용품,파일링 제품,확장형 파일,,B001L1RFKK,"Smead 플랩 및 코드 클로저가 있는 클래식 확장 파일 지갑, 8.9cm(3-1/2인치) 확장, 리갈 사이즈, 레드로프, 박스당 10개(71356)",SMEAD,159136,150258,4.1,268.0,"10개의 리갈 사이즈(너비 38.1cm x 높이 25.4cm(15인치 x 10인치) 확장 파일 지갑, 싱글 포켓, 보호 플랩 및 코드 클로저가 있는 전문적인 리드롭 외관이 포함되어 있습니다 튼튼한 커버 플랩은 보안과 보호 기능을 제공하므로 어디를 가든 자신 있게 파일을 휴대할 수 있습니다. 신축성 있는 코드는 플랩을 깔끔하고 단단히 닫힙니다 전체 높이 거싯과 아코디언 스타일 측면은 최대 8.9cm(3-1/2인치)까지 확장되어 저장 용량을 늘려 최대 800페이지를 조립하고 보호하여 이동 중에도 사용할 수 있습니다 유행을 타지 않는 redrope 외관은 전문적인 매력을 더하여 이 다용도 파일 지갑은 변호사, 회계사 및 은행가가 좋아하는 제품입니다. 다양한 잠금 스타일로 제공됩니다 미국에서 자랑스럽게 제작된 이 휴대용 싱글 포켓 파일 지갑은 30% 재활용 소재, 30%의 소비자 사용 후 소재를 포함하고 있으며 SFI 소싱 인증을 받았습니다","휴대할 수 있는 완벽한 솔루션인 Smead의 클래식 확장 파일 지갑은 파일 캐비닛 없이 빠르게 운반해야 하는 많은 양의 서류 작업이나 파일 자료를 정리할 수 있도록 설계되었습니다. 보호 플랩과 신축성 있는 코드 클로저가 있는 법적 사이즈(너비 38.1cm x 높이 25.4cm(15 x 10인치) 확장 파일 지갑 10개가 포함되어 있습니다. 유행을 타지 않는 리드롭 프린트 외관은 전문적인 외관을 제공하여 이 확장 파일을 쉽게 정리하고 정리할 수 있도록 눈에 띄는 인기 제품입니다. 신축성 있는 코드 클로저가 있는 튼튼한 플랩은 보호 기능과 보안을 더하여 어디를 가든 자신 있게 문서를 휴대할 수 있습니다. 전체 높이 redrope 거싯은 내구성을 높이기 위해 상단에서 강화되었습니다. 이 깔끔하고 전문적인 파일 지갑은 변호사, 회계사 및 은행가가 가장 좋아하는 제품입니다. 자랑스럽게 미국에서 제작되었습니다. 30% 재활용 소재, 30% 소비자 사용 후 소재를 포함하고 있으며 SFI 소싱 인증을 받았습니다.","['파일', '확장', '지갑', '플랩', '보호', '휴대', '클로저', '전문', '외관', '정리']"
사무용품,파일링 제품,확장형 파일,,B0B9NCZBR5,"Credibility 수직 확장 아코디언 파일 폴더, 7개의 포켓, 신축성 있는 로프 클로저가 있는 A4 레터 사이즈용 확장 파일 문서 오거나이저 백",Credibility Store,19376,19376,5.0,2.0,"【확장 가능 및 대용량】 파일 오거나이저는 각 슬롯의 종이를 분리하고 잘 정리할 수 있습니다. 제품 크기: 길이: 13.78"" / 35cm, 높이: 9.84"" / 25cm, 너비: 1.3"" / 3.3cm. 제품 무게: 186.9g. 【칸막이 라벨 디자인】 7포켓 알파벳 파일로 주제별로 정리할 수 있습니다. 라벨 인서트가 있는 코드 칸으로 각 파일에 라벨을 붙이고 쉽게 찾을 수 있으며 파일을 효과적으로 분류하고 찾을 수 있습니다. 확장 파일은 단일 파일 폴더보다 훨씬 많은 수의 시트를 담을 수 있습니다. 【고품질 소재】프리미엄 환경 친화적인 PP 플라스틱 소재로 제작되었으며, 무산성, PVC 프리 및 안전한 보관을 위해 아카이브 품질로 제작되었습니다. 방수 및 습기 방지 소재로 문서를 양호한 상태로 유지하고 쉽게 깨지거나 변형되지 않습니다. 방수 및 습기 방지 소재로 중요한 문서를 깨끗하게 유지할 수 있습니다. 【휴대용 및 안전한 디자인】 이전 폴더 오거나이저에서 신축성 있는 스트링 및 버튼 클로저를 업그레이드하여 사용자가 쉽게 열고 닫을 수 있습니다. 칸막이가 있는 아코디언 파일 키퍼는 작업을 더 편안하고 즐겁게 만들어 모든 사람들이 느슨한 서류를 모두 보관하기에 적합합니다. 【다양한 용도】확장되는 아코디언 폴더는 공과금 청구서, 송장, 편지, A4 종이, 카드, 영수증, 계약서 및 기타 문서를 보관할 수 있습니다. 가정, 사무실, 직장, 학교 및 여행용으로 적합합니다. 이 확장 파일 폴더는 쉽게 정리할 수 있습니다. 세련되고 심플한 디자인은 선생님, 학생, 의사, 엔지니어, 디자이너, 연구원, 영업 사원, 친구 및 가족에게 최고의 선물입니다.","【확장 가능 및 대용량】 파일 오거나이저는 각 슬롯의 종이를 분리하고 정리할 수 있습니다. 제품 크기: 길이: 13.78"" / 35cm, 높이: 9.84"" / 25cm, 너비: 1.3"" / 3.3cm. 제품 무게: 186.9g./【칸막이 라벨 디자인】 7개의 포켓 알파벳 파일로 주제별로 정리할 수 있습니다. 라벨 인서트가 있는 코드 칸은 각 파일에 라벨을 붙이고 쉽게 찾을 수 있어 파일을 효과적으로 분류하고 찾을 수 있습니다. 확장 파일은 단일 파일 폴더 이상의 많은 시트를 담을 수 있습니다./【고품질 소재】프리미엄 환경 친화적인 PP 플라스틱 소재, 중성, PVC 프리 및 보관 품질로 제작되어 안전한 보관을 제공합니다. 방수 및 습기 방지 소재로 문서를 양호한 상태로 유지하고 쉽게 깨지거나 변형되지 않습니다. 방수 및 습기 방지 소재로 중요한 문서를 깨끗하게 유지할 수 있습니다./【휴대용 및 안전한 디자인】 이전 폴더 오거나이저에서 신축성 있는 스트링 및 버튼 클로저를 업그레이드하여 사용자가 쉽게 열고 닫을 수 있습니다. 칸막이가 있는 아코디언 파일 키퍼는 작업을 더 편안하고 즐겁게 만들어 주며, 모든 사람들이 느슨한 서류를 모두 보관할 수 있습니다./【다양한 용도】확장 아코디언 폴더는 공과금, 송장, 편지, A4 종이, 카드, 영수증, 계약서 및 기타 문서를 보관할 수 있습니다. 가정, 사무실, 직장, 학교 및 여행용으로 적합합니다. 이 확장 파일 폴더는 쉽게 정리할 수 있습니다. 세련되고 심플한 디자인은 선생님, 학생, 의사, 엔지니어, 디자이너, 연구자, 영업 담당자, 친구 및 가족에게 최고의 선물입니다.","['파일', '확장', '폴더', '문서', '정리', '디자인', '라벨', '아코디언', '보관', '칸막이']"
사무용품,파일링 제품,확장형 파일,,B09VDGNRTY,다채로운 낙서 강아지 발바닥 프린트 확장 파일 폴더 13 포켓 확장 오거나이저 파일 폴더 A4 레터 사이즈,susiyo,31841,31841,4.9,16.0,"13개의 포켓이 있는 확장 가능한 파일 폴더로 A4 사이즈 문서, 신분증/은행 카드, 영수증, 송장 등을 보관하기에 적합합니다 대용량, 사이즈: 14.2*10.6*0.78인치/36*27*2cm, 최대 500장을 담을 수 있습니다 전면에 추가 포켓은 펜, 형광펜 및 기타 자주 사용하는 물건을 전면에 보관할 수 있습니다 이 확장 가능한 파일 오거나이저는 레터 크기 및 A4 용지 문서에 적합합니다 파일 폴더의 내용을 빠르게 식별할 수 있는 다채로운 라벨이 함께 제공됩니다","패키지 포함: 1 피스 * 확장 가능한 파일 폴더 사이즈: 14.2*10.6*0.78인치/36*27*2cm 소재: 폴리에스터+PP(폴리프로필렌)+컬러 라벨 13개의 포켓 확장 가능한 파일 폴더는 모든 A4/레터 사이즈 용지에 맞습니다. 펜 및 기타 작은 사무용품을 보관할 수 있는 포켓이 있습니다. 파일 정리 패키지에는 컬러 라벨이 함께 제공됩니다. 파일을 쉽게 정리하고 분류할 수 있습니다. 문서, 바우처, 종이, 카드, 영수증 및 그림 작업 등을 보관할 수 있습니다. 가정, 사무실, 학교 및 출장에 적합한 확장 가능한 파일 오거나이저.","['파일', '확장', '폴더', '포켓', '가능하다', '펜', '문서', '라벨', '영수증', '오거나이저']"
사무용품,파일링 제품,확장형 파일,,B0BZJ421LL,투명 아코디언 파일 오거나이저 12 포켓 확장 파일 폴더 확장 가능한 커버 휴대용 A4 레터 사이즈 파일 박스 핑크 종이 문서 영수증 정리함 서류 폴더 오거나이저(핑크 투명),Docustge,16606,16606,4.6,956.0,"EXPANDING FILE FOLDERS：The expandable 12 clear independent pockets can reliably partition A4 size paper.Each pocket provides enough space to expand to 10 inches.The expandable bottom adds additional capacity. ACCORDIAN FILE ORGANIZER:Our clear document organizer has 12 independent bags, Our accordion file organizer can fully protect your important documents, paper,birth certificate, passport. FIND FILES QUICKLY：The featured clear file organizer is specially used to organize files in specific slots, and can marked with letters and color labels according to your request , which can help you organize and classify files easily. Moreover, if the label is not clear enough, you can also mark letters on the ears of the folder to quickly find the paper you need. SAFETY & WATERPROOF：Our accordion folder is made of high-quality polypropylene (PP) plastic material (non-toxic and non-radioactive), which is not easy to break and deform. Very stable and 100% waterproof. REPETITIVENESS & TIME SAVING：These accordion file organizer allows handwritten tags to be added, ensuring that each part can be identified immediately for quick access. Keep your vacation documents, vouchers, cards, coupons, etc. clean and orderly. It is an ideal document organizer for home, office, school use and travel.",투명 아코디언 파일 오거나이저 12 포켓 확장 파일 폴더 확장 가능한 커버 휴대용 A4 레터 사이즈 파일 박스 핑크 플라스틱 컬러 종이 문서 영수증 오거나이저 파일 폴더 오거나이저,"['파일', '오거나이저', '폴더', '확장', '핑크', '투명', '휴대', '문서', '박스']"
사무용품,파일링 제품,확장형 파일,,B099N61ZY1,"13포켓 확장 파일 폴더 레터 사이즈 아코디언 파일 오거나이저, 라벨이 있는 플라스틱 문서 폴더, 사무실, 학교, 가정, 자동차용 휴대용 아코디언 폴더 (라이트블루)",Finebely,18683,18683,4.6,58.0,"디테일한 디자인 및 특징 - 고품질 플라스틱 소재로 제작된 이 아코디언 파일 오거나이저는 견고하고 찢어짐 방지 및 방수 기능이 있습니다. 신축성 있는 버튼 클로저로 중요한 문서가 떨어지는 것을 방지하고 이동 중에도 안전하고 휴대할 수 있습니다. 부드러운 색상은 눈에 도움이 되어 편안한 시각적 효과를 제공합니다. 확장 가능 및 13개의 포켓 용량 - 확장되는 파일 폴더는 레터 또는 A4 크기의 용지에 적합합니다. 유연하고 대용량으로 쉽게 확장할 수 있으며 구부리거나 접히지 않고 많은 종이 파일을 보관할 수 있습니다. 분류 라벨로 물건을 정리하세요 - 당사의 파일 폴더에는 13개의 개별 포켓 상단에 삽입할 수 있는 다채로운 라벨 시트가 함께 제공됩니다. 각 포켓에 모든 주제별로 라벨을 붙일 수 있어 빠르게 꺼낼 수 있습니다. 쉽게 검색할 수 있도록 다양한 문서를 섹션으로 깔끔하게 분류하세요. 지저분함 없이 모든 것을 순서대로 구매하세요. 다용도 - 아코디언 폴더는 중요한 문서, 사진, 월간 영수증, 세금 서류 등을 분류하는 좋은 방법을 제공합니다. 가정, 학교, 사무실, 출장에 적합합니다. 또한 임시 서류를 제자리에 보관할 수 있는 좋은 자동차 보관 액세서리입니다. 이 폴더 오거나이저가 파일을 효과적으로 찾고 시간을 절약하는 데 도움이 되기를 진심으로 바랍니다. 제품에 대해 궁금한 점이 있으시면 언제든지 문의하십시오. 저희 제품은 최대한 빨리 문제를 해결할 것입니다!",,"['폴더', '파일', '아코디언', '확장', '포켓', '문서', '라벨', '분류', '중요하다', '오거나이저']"
사무용품,파일링 제품,확장형 파일,,B0B96LL8L3,"Dog Paw 프린트 확장 파일 폴더, 13 포켓 A4 레터 사이즈 아코디언 파일 폴더",susiyo,31841,31841,5.0,1.0,"13개의 포켓이 있는 확장 가능한 파일 폴더는 각 슬롯의 용지를 분리하고 정리할 수 있습니다 사이즈: 14.2*10.6*0.8인치/36*27*2cm, 확장되는 파일 폴더는 A4 사이즈 용지를 최대 500장까지 담을 수 있습니다 파일 폴더의 내용을 빠르게 식별할 수 있는 마킹을 위한 손으로 쓴 컬러 라벨이 함께 제공됩니다 확장 파일 폴더는 100% 폴리에스터 + pp 오르간 라이너 + 컬러 라벨로 제작되었습니다 추가 전면 포켓이 있어 펜, 열쇠, 카드, 눈금자, 형광펜 및 기타 물건을 보관하기에 적합합니다","패키지 구성: 확장 가능한 파일 폴더 1개. 특징: 사이즈: 14.2*10.6*0.8인치/36*27*2cm 소재: 100% 폴리에스터+PP 오르간 라이너+컬러 라벨 13개의 포켓 확장 가능한 파일 폴더는 A4 레터 사이즈 용지에 맞습니다. 파일을 쉽게 정리하고 분류할 수 있습니다. 펜 및 기타 작은 사무용품을 보관할 수 있는 전면 포켓이 있습니다. 확장 오거나이저 파일 폴더에는 컬러 라벨이 함께 제공됩니다. 문서, 바우처, 종이, 카드, 영수증 및 그림 작업 등을 보관할 수 있습니다. 가정, 사무실, 학교 및 출장에 적합한 확장 가능한 파일 오거나이저. 특별 참고 사항: 아코디언 문서 정리함에 대해 궁금한 점이 있으시면 언제든지 저희에게 연락하십시오! 고객 만족이 저희의 가장 큰 동기입니다!","['파일', '폴더', '확장', '포켓', '컬러', '가능하다', '라벨', '펜', '용지', '정리']"
사무용품,파일링 제품,확장형 파일,,B0CS2X1WKY,"Sooez 업그레이드된 26포켓 아코디언 파일 오거나이저, 방해받지 않는 탭, 대용량 확장 파일 폴더, A4/레터 사이즈, 학교, 사무실 및 가정용 세금 영수증 용지 정리함 보관",Sooez,12451,12451,4.4,34.0,"더 깊은 포켓 및 방해받지 않는 탭: 종이가 인덱스 라벨을 덮는 아코디언 폴더의 일반적인 문제에 대응하여 포켓 높이를 2cm(0.8인치) 늘렸습니다. 이 독특한 향상된 기능으로 라벨을 계속 볼 수 있습니다. 이는 경쟁사와 비교할 수 없는 기능입니다. 신선한 색상의 매끄러운 디자인: 이 파일 폴더는 정교한 패턴 디자인과 눈길을 끄는 색상을 보여주어 조직의 노력의 개성을 향상시킵니다. 6가지 밝은 색상으로 제공되어 공간을 활기차게 만듭니다. 우수한 내구성: 강한 100C 두꺼운 커버와 리벳으로 고정된 강화된 가장자리가 특징이며, 내구성이 경쟁사를 능가합니다. PVC 프리, 중성 소재로 제작되어 지폐와 문서를 안전하게 정리할 수 있으며 비교할 수 없는 내구성과 신뢰성을 제공합니다. 스티커 라벨 및 3 루프 번지 잠금: 다채로운 월간 탭과 라벨을 사용하면 대상 물체를 한 눈에 찾고 월별 작업을 쉽게 관리할 수 있습니다. 3개의 루프가 있는 신축성 있는 밴드 클로저는 모든 보관 요구 사항을 수용할 수 있도록 넉넉하게 확장됩니다. 넉넉한 용량의 월간 지폐 오거나이저: 확장 가능한 월간 지폐 오거나이저는 최대 71.1cm(28인치)까지 연장할 수 있으며 안정적으로 서있는 동안 1500장 이상의 파일을 수용할 수 있습니다. 26개의 포켓이 있어 세금 기록, 청구서, 영수증, 송장 및 중요한 가족 파일을 1년 이상 보관하기에 적합합니다.",,"['파일', '라벨', '포켓', '보관', '월간', '지폐', '확장', '탭', '폴더', '수용']"
사무용품,파일링 제품,확장형 파일,,B0C55GGF4B,"Wason 확장 A4 문서 파일 PU 가죽 봉투 케이스 홀더 - 종이 지폐, 문구 태블릿 및 PC, 직장 학습 여행용 대형 포켓 (라이트 블루)",WASON,20761,20761,4.1,119.0,"혁신적인 기능 - 이 확장 가죽 파일은 중요한 문서, 종이 및 파일을 쉽게 정리하고 보관할 수 있는 기능적인 구조로 설계되었습니다. 두 개의 큰 포켓과 추가 작은 포켓이 있어 모든 필수품을 한 곳에 편리하게 보관할 수 있습니다. 프리미엄 품질 소재 - 고품질 PU 가죽으로 제작된 이 확장 파일은 세련되고 내구성이 뛰어납니다. 가죽 소재는 전문적인 외관을 유지하면서 일상적인 마모와 찢어짐을 견딜 수 있도록 합니다. 큰 사이즈 - 확대된 크기로 이 확장 가죽 파일은 모든 중요한 문서를 위한 충분한 공간을 제공합니다. 200장 이상의 A4 용지를 담을 수 있어 물건을 관리하기에 적합합니다. 가방의 내부 치수는 23.5 x 33cm(9.4 x 13인치)이며 외부 치수는 24.5 x 34cm(9.6 x 13.35인치)입니다. 간편한 휴대 - 휴대성을 염두에 두고 설계된 이 확장 가죽 파일은 가볍고 어디를 가든 쉽게 휴대할 수 있습니다. 컴팩트한 디자인으로 일상 사용 및 여행 목적에 적합합니다. 다용도 - 이 다용도 확장 가죽 파일은 서류 보관, 청구서, 영수증, 문구류, 여권, 돈, 태블릿, PC 또는 이동 중에도 여행 문서 홀더로 사용할 수 있습니다! 혁신적인 기능과 프리미엄 품질의 소재를 갖춘 이 확장 가죽 파일은 문서를 정리하는 세련되고 기능적인 방법을 찾는 모든 사람에게 꼭 필요한 제품입니다.",,"['가죽', '파일', '확장', '문서', '휴대', '여행', '포켓', '중요하다', '세련되다', '일상']"
사무용품,파일링 제품,확장형 파일,,B0CLR915WX,"Operitacx 아코디언 파일 오거나이저 탭 포함 영수증 홀더 오거나이저, 지퍼 확장 파일 폴더, 카드, 지폐, 영수증, 수표, 현금용",Operitacx,11800,11800,,,"컴팩트하고 휴대성: 당사의 미니 아코디언 가방은 작고 휴대가 간편하여 지갑이나 주머니에 넣기에 완벽한 크기입니다. 안전한 지퍼 잠금: 가방은 안전한 지퍼 클로저가 있어 물건을 안전하게 보관하고 떨어지는 것을 방지합니다. 여러 칸: 가방의 아코디언 디자인으로 카드, 현금, 동전 및 기타 작은 물건을 보관할 수 있는 충분한 공간을 제공합니다. 좋은 품질의 소재: 좋은 품질의 소재로 제작된 이 가방은 내구성이 뛰어나고 오래 지속되어 일상적인 마모와 찢어짐을 견딜 수 있습니다. 세련된 디자인: 이 가방은 세련된 디자인과 다양한 색상과 패턴 중에서 선택할 수 있어 어떤 의상에도 어울리는 패셔너블한 액세서리입니다.","설명 문서 폴더 백이 이 품목입니다. 플라스틱으로 제작되어 오래 지속되고 유용합니다. 사용하기 쉽고 가벼우며 휴대가 간편하며 긍정적인 경험을 제공할 수 있습니다. 작은 문서, 청구서, 변경 등에 이상적입니다. 특징 -색상: 블랙 -소재: 플라스틱 -사이즈: 20.7X12.8X2.4cm/8.14X5.03X0.94인치 폴더 백은 파일 정리를 위해 특별히 설계되어 정보 저장을 개선하여 빠르게 작업해야 하는 사람들에게 이상적입니다. 가볍고 휴대가 간편하여 휴대와 보관이 쉽습니다. 이 제품은 유용한 용도로 사용됩니다. 문서, 송장, 명함, 티켓, 바우처 및 정리에 적합합니다. 이 파일 오거나이저는 견고하고 안전한 플라스틱으로 만들어졌기 때문에 안심하고 사용할 수 있습니다. 간편한 휴대와 삽입으로 더욱 편리합니다. 보관을 위해 특별히 제작되었으며 다양한 크기의 종이를 보관할 수 있습니다. 색상: 블랙. 사이즈: 20.7x12.8x2.4CM. 패키지 포함 아코디언 가방 1개","['휴대', '가방', '아코디언', '간편하다', '안전하다', '파일', '플라스틱', '폴더', '디자인', '문서']"
사무용품,파일링 제품,확장형 파일,,B07CGYSJ9D,"xutong 4팩 소형 아코디언 파일 오거나이저, 13개의 포켓, A6 사이즈, 다채롭고 세련된 외관, 폴리프로필렌 플라스틱으로 제작, 실용적이고 휴대 가능",xutong,17991,17991,4.5,826.0,"고품질 소재: 아코디언 파일 오거나이저는 고품질 폴리프로필렌(PP) 플라스틱 소재(무독성 및 비방사성)로 제작되어 쉽게 파손되거나 변형되지 않습니다. 컬러의 스타일리시한 외관: 포켓 13개, 쉽게 세분화하고 인덱싱할 수 있는 12개의 컬러 탭으로 삶을 잘 정리하고 작업 효율성을 향상시킵니다. 아코디언 파일 폴더는 파일을 쉽게 정리할 수 있습니다. A6 사이즈: 18cm x 11.3cm x 2.8cm(7.1인치 x 4.5인치 x 1.1인치) 세금 서류, 계약서, 청구서, 명세서, 카드, 영수증, 수표 또는 기타 모든 것에 적합합니다. 실용적이고 휴대성: 실용적이고 정교하며 바로 가기 버튼은 간단하고 실용적입니다. 스위치를 단단히 누르기만 하면 흩어지지 않으며 쉽게 휴대할 수 있는 곳 어디든 갈 수 있습니다. 패키지 구성: 아코디언 폴더 4개",,"['아코디언', '파일', '실용', '휴대', '폴리프로필렌', '포켓', '플라스틱', '폴더', '컬러', '제작']"
사무용품,파일링 제품,확장형 파일,,B07CHHTYRF,"Mead 확장 파일 폴더, 학교 정리함, 종이 정리함, 포켓 13개, 22.9 x 33cm(9 x 13인치), 확장 가능한 컨버터-A-File, 탠 (38550)",Mead,13836,13836,3.8,8.0,Mead 확장형 Convert-A-Fil은 종이 또는 문서를 추가로 보관할 수 있도록 확장되는 13개의 포켓이 특징입니다 전면에 있는 빠른 4단계 이미지 지침(한글이 아닐 수 있음)을 사용하여 휴대용 파일에서 자체 스탠딩 데스크탑 파일로 쉽게 변환할 수 있습니다 제공된 맞춤형 탭 인서트와 스파인에 라벨 홀더로 포켓을 정리하세요. 레터 파일은 똑바로 세울 수 있습니다. 보관에 이상적입니다 플랩과 번지 코드 클로저로 파일을 쉽게 닫을 수 있으며 동시에 중요한 물건을 안전하게 보관할 수 있습니다 내구성이 뛰어난 플라스틱으로 제작된 이 파일은 일상적인 마모와 찢어짐을 견딜 수 있으며 레터 또는 작은 크기의 용지에 적합합니다,Mead 확장 가능 변환-A-File은 종이나 문서를 추가할 수 있도록 확장되는 13개의 포켓이 특징입니다. 데스크톱 파일에서 운반 파일로 쉽게 변환할 수 있습니다. 앞면의 빠른 4단계 이미지 설명서(한글이 아닐 수 있음)로 자체 스탠딩 데스크탑 파일로 쉽게 변환할 수 있습니다. 제공된 맞춤형 탭 인서트로 포켓을 정리하세요. 레터 파일은 똑바로 세울 수 있으며 척추에 라벨 홀더가 포함되어 있습니다. 플랩과 번지 코드 클로저로 파일을 쉽게 닫을 수 있으며 중요한 물건을 안전하게 보관할 수 있습니다. 두 개의 식별 포켓이 있습니다 - 비즈니스 또는 라벨 내용을 위한 훌륭한 장소입니다. 내구성이 뛰어난 플라스틱으로 제작된 이 파일은 일상적인 마모와 찢어짐을 견딜 수 있습니다. Convert-A-File 24.7 x 33cm(9-3/4 x 13인치) 전체 크기는 레터 또는 작은 크기의 용지에 적합합니다. 황갈색.,"['파일', '포켓', '확장', '정리', '변환', '라벨', '종이', '일상', '똑바로', '마모']"
사무용품,파일링 제품,확장형 파일,,B07GNBDFQL,수직 확장 아코디언 폴더 7포켓 서류 정리 문서 지갑 서류 가방 비즈니스 파일 정리함 가방 A4 레터 사이즈 탄성 로프 클로저 핑크,Snow Abonci,13836,13836,4.6,117.0,"---내구성이 뛰어난 폴리프로필렌(PP) 소재(무독성 및 비방사성), 방수 및 찢어짐 방지 성능으로 쉽게 파손되거나 변형되지 않으며 반복적인 마모를 견딜 수 있습니다. ---7개의 확장 가능한 포켓이 있어 파일을 쉽게 분류하고 정리할 수 있습니다. 수직 플레이트의 디자인은 책가방에 넣고 책가방에서 약간 꺼내기 쉽습니다. ---대용량 파일 폴더 오거나이저는 인생의 좋은 도우미입니다. 신축성 있는 로프 클로저가 있는 휴대용 디자인, 쉽게 열고 휴대할 수 있으며 가볍습니다. 문서, 바우처, 카드 및 쿠폰 등을 깔끔하게 정리할 수 있습니다. ---편리하고 컴팩트한 파일 폴더 오거나이저로 사무실, 학교, 교실 및 가정에서 사용하기에 적합합니다. 확장 가능한 아코디언 문서 정리함은 직장 동료, 친구, 반 친구, 가족 또는 비즈니스 파트너에게 훌륭한 선물입니다. ---치수: 9.8x0.98x13.4인치/25x2.5x34cm, A4 및 레터 사이즈 용지에 적합하며 수업 문서 약 150-200장을 완벽하게 정리할 수 있습니다.","제품 세부 정보 소재: 고품질 폴리프로필렌 (PP) 색상: 그린, 블루, 핑크, 초콜릿 제품 크기: 25 x 2.5 x 34cm(9.8 x 0.98 x 13.4인치), A4,7 투명 포켓 특징: 1. 우아한 방수 2. 휴대용, 수직 버전. 3. 습기 방지. 4. 찢어짐 방지. 5. 내마모성. 6. 확장 7. 안전성: 추가적인 보안을 위한 플랩 및 코드 클로저. 8. 가볍고 다채로운 색상. 참고: 컴퓨터의 모니터와 밝기로 인해 이미지와 항목 사이에 약간의 색상 차이가 있을 수 있습니다. 이해해 주셔서 감사합니다! 패키지 구성: 문서 파일 폴더 1개","['정리', '문서', '파일', '확장', '폴더', '포켓', '클로저', '수직', '방지', '휴대']"
사무용품,파일링 제품,확장형 파일,,B07XH76W9S,"확장 가능한 파일 폴더 오거나이저, 5개의 포켓 A4 레터 사이즈 아코디언 파일 오거나이저 휴대용 확장 파일 박스, 플라스틱 아코디언 파일 백 지갑 문서 보관 상자 지퍼 포함 (블랙&화이트)",U-Fan,17991,17991,4.2,79.0,"5개의 끈적한 라벨이 있는 5개의 포켓 디자인으로 다양한 유형의 종이나 문서를 분리할 수 있으며 아코디언 파일 폴더를 확장할 수 있습니다 고품질 폴리프로필렌(PP) 플라스틱 소재는 내구성이 뛰어나고 방수 기능이 있으며 가벼워 휴대용 핸드백 파일 폴더로 청소하고 휴대하기 쉽습니다 32.5cm x 24.9cm x 2.5cm(길이x너비x높이), 최대 100장 이상을 담을 수 있는 충분한 공간, A4 용지, 증명서 및 지폐를 보관할 수 있는 완벽한 문서 정리 폴더 및 파일 보관 상자 로프와 버튼은 패스너를 더 많이 사용할 수 있도록 도와줍니다. 파일 손실 및 문서에서 뛰어오르는 것을 방지하기 위해 제대로 닫을 수 있습니다 이 아코디언 폴더는 가정, 사무실, 학교 등에 적합하며 남성, 여성, 어린이, 소년 소녀에게 적합합니다.","➤➤특징 1.5 포켓 디자인으로 종이, 편지, 지폐 등을 보관하고 정리할 수 있는 충분한 공간을 제공합니다. 2. 독특한 메시 백 디자인과 끈적한 라벨 디자인으로 파일 유형별로 구분할 수 있습니다. 3. 무독성 PP 소재로 내구성이 뛰어나고 친환경적이며 가볍고 청소하기 쉽습니다. 사무실, 가정, 학교 등 여러 장소에 적합합니다. 4. 실용적이고 패셔너블한 디자인으로 가족, 어린이 및 친구들에게 독특한 선물이 될 것입니다. ➤➤패키지 포함 확장 파일 폴더 2개(포켓 5개). 컬러 라벨 (A-Z) 2개.","['파일', '폴더', '디자인', '아코디언', '문서', '확장', '포켓', '라벨', '보관', '휴대']"
사무용품,파일링 제품,확장형 파일,,B0BK3CDST1,"Credibility 수직 확장 아코디언 파일 폴더 2팩, 포켓 8개, 신축성 있는 로프 클로저가 있는 A4 레터 사이즈용 확장 파일 문서 오거나이저 백, 그린",Credibility Store,22146,22146,,,"【확장 가능 및 대용량】 파일 오거나이저는 각 슬롯의 종이를 분리하고 잘 정리할 수 있습니다. 제품 크기: 길이: 13.78"" / 35cm, 높이: 9.84"" / 25cm, 너비: 0.8"" / 2cm. 제품 무게: 220.9g, 팩: 2, 포켓: 8, 색상: 그린. 【칸막이 라벨 디자인】 2팩 8포켓 알파벳 파일로 주제별로 정리할 수 있습니다. 라벨 인서트가 있는 코드 칸으로 각 파일에 라벨을 붙이고 쉽게 찾을 수 있으며 파일을 효과적으로 분류하고 찾을 수 있습니다. 확장 파일은 단일 파일 폴더보다 훨씬 많은 수의 시트를 담을 수 있습니다. 【고품질 소재】프리미엄 환경 친화적인 PP 플라스틱 소재로 제작되었으며, 무산성, PVC 프리 및 안전한 보관을 위해 아카이브 품질로 제작되었습니다. 방수 및 습기 방지 소재로 문서를 양호한 상태로 유지하고 쉽게 깨지거나 변형되지 않습니다. 방수 및 습기 방지 소재로 중요한 문서를 깨끗하게 유지할 수 있습니다. 【휴대용 및 안전한 디자인】 이전 폴더 오거나이저에서 신축성 있는 스트링 및 버튼 클로저를 업그레이드하여 사용자가 쉽게 열고 닫을 수 있습니다. 칸막이가 있는 아코디언 파일 키퍼는 작업을 더 편안하고 즐겁게 만들어 모든 사람들이 느슨한 서류를 모두 보관하기에 적합합니다.","【확장 가능 및 대용량】 파일 오거나이저는 각 슬롯의 종이를 분리하고 정리할 수 있습니다. 제품 크기: 길이: 13.78"" / 35cm, 높이: 9.84"" / 25cm, 너비: 0.8"" / 2cm. 제품 무게: 220.9g, 팩: 2, 포켓: 8, 색상: 그린./【칸막이 라벨 디자인】 2팩 8포켓 알파벳 파일로 주제별로 정리할 수 있습니다. 라벨 인서트가 있는 코드 칸은 각 파일에 라벨을 붙이고 쉽게 찾을 수 있어 파일을 효과적으로 분류하고 찾을 수 있습니다. 확장 파일은 단일 파일 폴더 이상의 많은 시트를 담을 수 있습니다./【고품질 소재】프리미엄 환경 친화적인 PP 플라스틱 소재, 중성, PVC 프리 및 보관 품질로 제작되어 안전한 보관을 제공합니다. 방수 및 습기 방지 소재로 문서를 양호한 상태로 유지하고 쉽게 깨지거나 변형되지 않습니다. 방수 및 습기 방지 소재로 중요한 문서를 깨끗하게 유지할 수 있습니다./【휴대용 및 안전한 디자인】 이전 폴더 오거나이저에서 신축성 있는 스트링 및 버튼 클로저를 업그레이드하여 사용자가 쉽게 열고 닫을 수 있습니다. 칸막이가 있는 아코디언 파일 키퍼는 작업을 더 편안하고 즐겁게 만들어 주며, 모든 사람들이 느슨한 서류를 모두 보관할 수 있습니다./【다양한 용도】확장 아코디언 폴더는 공과금, 송장, 편지, A4 종이, 카드, 영수증, 계약서 및 기타 문서를 보관할 수 있습니다. 가정, 사무실, 직장, 학교 및 여행용으로 적합합니다. 이 확장 파일 폴더는 쉽게 정리할 수 있습니다. 세련되고 심플한 디자인은 선생님, 학생, 의사, 엔지니어, 디자이너, 연구자, 영업 담당자, 친구 및 가족에게 최고의 선물입니다.","['파일', '확장', '폴더', '라벨', '문서', '정리', '디자인', '포켓', '아코디언', '방지']"
사무용품,파일링 제품,확장형 파일,,B0CRYGDWL9,"아코디언 파일 오거나이저, 작은 포켓이 있는 12포켓 확장 파일 폴더, 사무실 홈 휴대용 문서 폴더 홀더, A4 또는 레터 사이즈 문서, 청구서, 영수증, 송장 및 세금용",TUNROP,24916,24916,4.6,52.0,"작고 실용적인 포켓 디자인: 아코디언 파일 오거나이저는 중요한 문서를 주름 없이 보관할 수 있을 만큼 큽니다. 작은 추가 포켓이 있는 파일 폴더 오거나이저는 은행 카드, 펜, USB 드라이브, 여권 및 출생 증명서와 같은 필수 품목을 보관하기에 적합합니다. 더 이상 중요한 문서를 높거나 낮게 검색할 필요가 없습니다. 문서 오거나이저는 모든 문서를 안전하고 쉽게 접근할 수 있는 곳에 보관합니다 올인원 월간 오거나이저 12 포켓 디자인은 매월 서류, 청구서, 전화 기록, 송장 및 세금 관련 문서를 정리하고 보호하는 데 적합합니다. 이제 폴더를 사용하면 문서 관리에 대한 보다 체계적인 접근 방식을 어수선하게 만들고 포용할 수 있습니다. 파일을 안전하게 저장하고 필요할 때마다 편리하게 액세스할 수 있습니다. 월간 정리 폴더가 제공하는 편리함과 마음의 평화를 경험하십시오! 대용량: 아코디언 같은 디자인으로 이 폴더는 최대 30.5cm(12인치)까지 확장할 수 있어 부피가 큰 파일을 쉽게 수용할 수 있습니다. 광범위한 컬렉션이든 성장하는 저장소이든 폴더는 모든 요구 사항에 맞게 동적으로 확장됩니다. 얼마나 많은 파일을 저장해야 하든 이 슈퍼 폴더는 스토리지 요구 사항을 간소화하기 위해 여기에 있습니다. 한계에 작별 인사를 하고 넓은 파일 시스템의 자유를 받아들이세요 클래식을 위한 다채로운 라벨: 생생한 라벨이 있는 아코디언 파일 오거나이저 지퍼로 문서를 쉽게 분류하고 즉시 검색할 수 있습니다. 작업 프로젝트, 개인 금융 또는 중요한 문서를 관리하든, 색상 코드 시스템은 작업 흐름을 단순화합니다. 더 이상 종이 더미를 검색하는 데 소중한 시간을 낭비하지 않아도 됩니다. 아코디언 파일 오거나이저는 모든 파일을 쉽게 식별할 수 있도록 합니다 편리하고 내구성: 확장 파일 폴더는 고품질의 세척이 쉬운 폴리프로필렌으로 만들어졌습니다. 찢어짐 방지 플라스틱으로 안심하고 사용할 수 있습니다. 중성 특성과 PVC 프리 구조로 내구성과 안전을 보장합니다. 조절 가능한 스냅 클로저 디자인으로 중요한 문서를 보호합니다. 또한, 전면에 있는 두 개의 추가 포켓은 명함, 프로젝트 파일 카드 또는 메모를 보관하기에 적합합니다",,"['파일', '문서', '폴더', '포켓', '아코디언', '중요하다', '디자인', '확장', '보관', '검색']"
사무용품,파일링 제품,확장형 파일,,B07FFS789P,"2 팩 휴대용 무지개 문서 폴더, 13 포켓 A6 확장 파일 정리 가방 뚜껑이 달린 덮개, 플라스틱 확장 가능한 아코디안 오거나이저 지갑 영수증, 지폐, 수표, 바우처, 비즈니스용",Toosunny,12451,12451,4.5,61.0,"안정적인 소재: Toosunny 파일 정리함 고품질 폴리프로필렌(PP) 플라스틱 소재 (무독성 및 비방사성), 부서짐과 변형이 쉽지 않습니다. 매우 안정적이고 100% 방수 A6 사이즈: 17.8cm x 10.8cm x 2.54cm, 그룹 6개, 제품 당 2개, 작은 색상 라벨과 13개의 포켓이 있어 파일을 효과적으로 분류하고 컨텐츠를 편리하게 보호할 수 있습니다. 다용도: 분류에 도움이 되는 작은 색상의 라벨과 함께 휴일 서류, 바우처, 카드 및 쿠폰 등을 깔끔하고 정리하여 가정, 사무실 및 학교 사용을 위한 완벽한 문서 정리함 패션 및 휴대성: 휴대용 및 버튼 디자인으로 문서를 쉽게 정리할 수 있도록 13개의 포켓이 확장됩니다. 파일을 잘 보존하고 퍼지지 않도록 하십시오. 언제 어디서나 휴대할 수 있으며 스타일리시한 확장 포켓이 있습니다 보증 정책: 제품에 만족하지 못하신 경우 무료 교환이나 전액 환불을 보장합니다. 어떤 서비스든 저희 고객 지원팀에 먼저 연락하시고 최선을 다하겠습니다.","특징: 라벨이 있는 13개의 포켓 파일 폴더 디자인이 문서를 보다 쉽게 정리할 수 있으며 효율적으로 작업할 수 있습니다. 파일을 어디에서나 휴대할 수 있습니다. 플라스틱, 완벽한 품질, 우아함, 방수, 무독성으로 만든 아코디언 폴더. 다양한 색상의 폴더 13개의 포켓 디자인은 바우처, 카드, 쿠폰, 세금 품목 등을 쉽게 관리하고 사용할 수 있습니다. 파일 폴더를 확장하는 것은 사무실 생활을 위한 좋은 방법입니다. 실용적이고 세련된 디자인, 견고하고 편리한 정리함 파일을 더 안전하고 안전합니다. 패키지 포함: Toosunny 파일 폴더 x 2 6가지 색상 라벨 x 2","['파일', '정리', '폴더', '포켓', '확장', '휴대', '문서', '라벨', '디자인', '플라스틱']"
사무용품,파일링 제품,확장형 파일,,B0CDX5JZC7,"13포켓 확장 아코디언 파일 오거나이저, 25.4 x 30.5cm(10 x 12인치), 확장 가능한 A4/레터 사이즈 폴더, 데스크톱용 스탠딩 문서 보관 정리함 (포켓 13개, 화이트 커버 및 레인보우 포켓)",Ipienlee,13836,13836,4.0,1.0,"사이즈: 25.4cm x 30.5cm, 너비를 3cm(1.2인치)에서 30.6cm(12.6인치)까지 확장할 수 있습니다 확장 파일은 25.4cm(10인치) 미만의 파일을 담을 수 있습니다 13개의 포켓과 컬러 내부 페이지 디자인으로 파일을 쉽게 분류하고 정리할 수 있습니다. 1300장을 수용할 수 있습니다. 소재: 고품질 폴리프로필렌 및 폴리에스터 소재(무독성 및 비방사성), 쉽게 파손되거나 변형되지 않습니다. 장기적으로 문서를 보호할 수 있는 방수 기능. 패키지 내용물: 1 x Standing Expanding File","스탠딩 확장 파일에는 13개의 포켓과 컬러 내부 페이지 디자인이 있어 세련된 외관으로 파일을 쉽게 분류하고 정리할 수 있습니다. 소재: 폴리프로필렌 및 폴리에스터(무독성 및 비방사성) 사이즈: 길이 25.4cm, 높이 30.5cm, 너비가 3cm / 1.18인치에서 32cm / 12.6인치로 확장될 수 있으며 1300장을 수용할 수 있습니다. 패키지 포함 내역: 1 x 확장 파일","['확장', '파일', '포켓', '정리', '내부', '디자인', '문서', '분류', '비방', '사성']"
사무용품,파일링 제품,확장형 파일,,B0D141KQMM,"Edufun 확장 파일 폴더 - 포켓 5개, 내구성 있는 A4 레터 사이즈 오거나이저, 방수 플라스틱 칸막이, 가정/사무실/학교 문서 홀더(블랙 및 블루-포켓 5개)",Edufun,11066,11066,4.7,2884.0,"5포켓 확장: 효율적인 문서 분리 및 구성을 위해 5개의 개별 섹션으로 스마트하게 설계되어 파일을 빠르고 쉽게 검색할 수 있습니다. 구조: 견고한 고품질 폴리프로필렌 소재로 제작되어 찢어짐과 습기를 방지하여 문서를 오래 보호합니다. A4 호환성: A4 용지에 맞는 맞춤형 사이즈, 접거나 구김 없이 큰 문서를 수용할 수 있는 넓은 포켓이 있습니다. 안전한 스냅 클로저: 이동 중에도 내용물을 제자리에 안전하게 유지하는 신뢰할 수 있는 스냅 클로저 메커니즘이 특징입니다. 색상 코드 인덱싱: 분류를 위한 시각적 신호를 제공하는 밝은 색상의 인덱스 탭이 함께 제공되어 보다 체계적이고 시간 효율적인 작업 흐름을 가능하게 합니다.","/우수한 정리와 스타일을 위해 설계된 꼼꼼하게 설계된 5포켓 파일 폴더인 Quintessential 오거나이저로 문서 관리를 향상시키세요. 넓은 5개의 섹션은 A4 문서에 맞게 조정되어 충분한 공간과 구부러지거나 구겨지지 않고 다양한 문서 크기를 보관할 수 있는 유연성을 제공합니다. 각 포켓에는 선명한 색상 코드 탭이 있어 빠르게 식별하고 중요한 종이를 빠르게 꺼낼 수 있습니다.//견고한 폴리프로필렌으로 제작된 이 폴더는 일상적인 취급을 견딜 수 있으며 습기를 차단하고 찢어짐을 방지하여 파일을 보호합니다. 안전한 스냅 클로저로 문서를 그대로 유지하여 운반이나 보관 중에 안심할 수 있습니다. 매끄럽고 전문적인 디자인으로 모든 사무실이나 가정 공부에 훌륭한 추가 아이템이 되어 세련미를 반영합니다.//내구성과 효율성에 대한 증거인 이 필수 도구로 분류 및 보관 과정을 최적화하세요. 전문가, 학생 및 오거나이저 모두에게 완벽한 Quintessential 오거나이저는 깔끔한 작업 공간을 위한 솔루션입니다. 생산성과 주문을 활용하세요 - 오늘 사무실 필수품에 이 필수 정리함을 추가하세요.","['문서', '포켓', '파일', '안전하다', '폴더', '효율', '사무실', '빠르다', '클로저', '스냅']"
사무용품,파일링 제품,확장형 파일,,B001AJJFAQ,"Smead 플랩 및 코드 클로저가 있는 컬러 확장 파일 지갑, 5.1cm(2인치) 확장, 리갈 사이즈, 다양한 색상, 박스당 50개 (77271)",SMEAD,176878,176878,4.6,35.0,"50개의 법적 사이즈(너비 38.1cm(15인치) x 높이 25.4cm(10인치) 확장 파일 지갑이 포함되어 있어 파일 포켓의 추가 용량을 제공하며 보호 커버 플랩의 보안을 강화합니다 튼튼한 커버 플랩은 보안과 보호 기능을 제공하므로 어디를 가든 자신 있게 파일을 휴대할 수 있습니다. 신축성 있는 코드는 플랩을 깔끔하고 안전하게 닫습니다 전체 높이의 아코디언 스타일 거싯은 최대 5.1cm(2인치)까지 확장되어 최대 400페이지를 담을 수 있는 충분한 용량을 제공합니다. 학교 환경을 포함한 다양한 용도에 적합합니다 세련된 외관은 전문적인 매력을 더하여 이동 중에도 휴대할 수 있는 다용도 파일 지갑입니다. 다양한 색상으로 제공되어 쉽게 식별할 수 있습니다 미국에서 자랑스럽게 제작된 이 휴대용 싱글 포켓 파일 지갑은 10% 재활용 소재, 10% 소비자 사용 후 소재를 포함하고 있으며 SFI 소싱 인증을 받았습니다","휴대할 수 있는 완벽한 솔루션인 Smead의 플랩 및 코드 클로저가 있는 컬러 확장 파일 지갑은 파일 캐비닛 없이 빠르게 운반해야 하는 많은 양의 서류 작업이나 파일 자료를 정리할 수 있도록 설계되었습니다. 보호 플랩과 신축성 있는 코드 클로저가 있는 50개의 리갈 사이즈(너비 38.1cm x 높이 25.4cm(15 x 10인치) 확장 파일 지갑이 포함되어 있습니다. 다양한 색상의 외관은 전문적인 외관을 제공하므로 이 확장 파일은 파일 정리 및 정리에 있어 눈에 띄는 인기 제품입니다. 블루, 레드, 옐로우, 그린 색상의 확장 파일 지갑이 포함되어 있습니다. 신축성 있는 코드 클로저가 있는 튼튼한 플랩은 보호 기능과 보안을 더하여 어디를 가든 자신 있게 문서를 휴대할 수 있습니다. 전체 높이 거싯은 최대 5.1cm(2인치)까지 확장되어 최대 400페이지를 위한 충분한 수납 공간을 제공합니다. 자랑스럽게 미국에서 제작되었습니다. 10% 재활용 소재, 10% 소비자 사용 후 소재를 포함하고 있으며 SFI 소싱 인증을 받았습니다. 다재다능하고 휴대가 간편한 이 확장 지갑은 학교 설정을 포함한 다양한 용도로 사용할 수 있는 훌륭한 선택으로, 프로젝트, 메모, 유인물 및 학교 프로젝트를 한 과목으로 그룹화하여 쉽게 보관할 수 있습니다. 시각적으로 쉽게 식별할 수 있도록 다양한 색상으로 제공됩니다. 간단한 변경으로 생산성을 높일 수 있습니다.","['파일', '확장', '지갑', '플랩', '휴대', '보호', '클로저', '신축', '정리', '학교']"
사무용품,파일링 제품,확장형 파일,,B09F6KF9W4,확장 파일 폴더 2팩 수직 아코디언 문서 오거나이저 A4 플라스틱 파일 폴더 6개의 포켓 포함(화이트),GUKBIAY,13822,13822,4.6,13.0,"수직 파일 폴더는 고품질 폴리프로필렌 소재로 만들어졌으며 무독성, 방수, 내구성이 뛰어나며 내부 물건을 쉽게 깨지거나 변형되지 않도록 보호합니다. 수직 및 휴대용 디자인으로 별도의 뚜껑 플랩이 없어 토트백이나 백팩에 사용하기에 이상적입니다. 쉽게 열고 휴대할 수 있으며 가볍습니다. 좋은 용량&쉬운 정리: 치수 9.4x14.1인치/24x36cm, 표준 A4(8.5 x 11) 및 레터 사이즈 용지에 맞습니다. 6개의 확장 가능한 포켓이 있어 파일을 쉽게 분류하고 정리할 수 있습니다. 이 수직 아코디언 폴더는 가정, 사무실, 학교 및 아코디언 확장 가능한 문서 오거나이저는 친구, 반 친구, 가족, 어린이, 비즈니스 파트너, 직장 동료 등을 위한 훌륭한 선물입니다. 패키지에 포함된 항목: 2팩 확장 파일 폴더, 화이트 색상을 받게 됩니다. 학생용 백팩에 잘 맞으며, 모든 부모와 선생님의 ""I lost my paper""에 대한 해답이 될 수 있습니다.",,"['폴더', '파일', '확장', '수직', '아코디언', '문서', '정리', '친구', '포켓', '휴대']"
사무용품,파일링 제품,확장형 파일,,B0CKT85D3J,"Accordian 파일 오거나이저 - 확장 파일 폴더, 휴대용 월간 청구서 영수증 오거나이저 네이비",Songaa,8226,8226,4.0,1.0,"[제품 구성] 패키지에는 13개의 포켓 확장 가능한 파일 오거나이저가 포함되어 있어 종이를 잘 정리할 수 있으며 원하는 파일이나 문서를 쉽게 찾고 작업 또는 학습 효율성을 향상시킵니다. [고품질 소재] 확장 파일 폴더는 프리미엄 PP 소재로 만들어져 내구성이 뛰어나고 환경 친화적이며 안전하며 냄새가 없습니다. 반투명 커버는 종이 정리함의 방수 및 얼룩 방지 기능을 향상시킵니다. [탁월한 확장성 및 대용량] 아코디언 폴더 크기: 길이 25.4cm(10인치) x 너비 2cm(0.8인치) x 높이 32.2cm(12.75인치). 20cm(7.8인치)까지 꽤 많이 늘릴 수 있습니다. A4 사이즈 용지 및 문서에 적합합니다. 13개의 포켓으로 필요에 따라 2000장 이상의 종이를 보관할 수 있습니다. [펜 홀더 디자인] 이 확장 가능한 파일 폴더는 펜 슬롯 버클 디자인이 특징이며, 펜을 가지고 언제 어디서나 모든 좋은 아이디어를 기록할 수 있습니다. 가정용, 사무실, 학교 또는 여행에 적합합니다. [실용적인 선물] 파일 폴더는 가정, 학교 및 사무용품에 일반적으로 사용됩니다. 친구, 동료, 가족, 선생님, 학생들이 A4 용지, 영수증, 편지, 책, 카드, 잡지, 계약서 또는 기타 문서를 정리할 수 있는 멋지고 실용적인 선물이 될 수 있습니다.","서류 더미를 검색하고 필요할 때 올바른 문서를 찾는 데 어려움을 겪고 계십니까? 당사의 아코디언 파일 오거나이저 확장 파일 폴더는 혼란으로부터 여러분을 구하기 위해 여기 있습니다. 기능과 스타일을 염두에 두고 설계된 이 파일 폴더는 전문가, 학생 및 서류를 깔끔하고 접근하기 쉽게 보관하고 싶은 모든 사람에게 적합합니다. 아코디언 스타일 디자인으로 쉽게 확장할 수 있으며 많은 수의 종이, 영수증, 청구서 등을 수용할 수 있습니다. 여러 개의 포켓과 수납 공간이 있어 파일을 편리하게 분류하고 정리할 수 있어 쉽게 꺼낼 수 있습니다.","['파일', '확장', '폴더', '오거나이저', '종이', '정리', '문서', '영수증', '아코디언']"
사무용품,파일링 제품,확장형 파일,,B086JLF4QQ,"Uquelic 리갈 사이즈 파일 폴더, 플랩/휴대용 24 포켓 확장 아코디언 필링 오거나이저, 커버 엣지 포함, 색상 인덱스 및 탄성 스트랩, 문서 보관 지갑(블랙)",Uquelic,34611,34611,4.6,310.0,"✔ 참신한 버전. 새로운 파일 오거나이저는 커버와 최대 24개의 포켓을 추가하여 더 많은 문서를 안전하게 수집할 수 있습니다. ✔ 큰 볼륨. 파일 오거나이저는 각 슬롯의 종이를 분리하고 잘 정리할 수 있습니다. 제품 크기: 15.27""X 10.51""/ 38.8X 26.7CM. 확장 가능한 특성으로 약 3500장의 리걸 사이즈 시트를 담을 수 있습니다. ✔ 간편한 정리 및 빠른 보기. 무지개 색상 파일 오거나이저는 특정 컬러 슬롯에서 파일을 정리할 수 있도록 설계되었으며 문자 및 월 태그로 표시되어 있어 필요한 종이를 빠르게 찾을 수 있습니다. ✔ 프리미엄 소재. 고품질의 내구성이 뛰어난 폴리프로필렌(PP) 소재(무독성 및 비방사성). 친환경. 균열 및 변형이 쉽지 않습니다. ✔ 다기능. 확장 파일 오거나이저는 인스턴스 서류, 영수증, 명함, 바우처, 쿠폰 등을 위한 다양한 문서를 보관할 수 있습니다. 가정, 사무실, 학교 및 여행용으로 적합합니다. 남녀공용.",,"['파일', '문서', '확장', '정리', '포켓', '빠르다', '종이', '커버', '슬롯']"
사무용품,파일링 제품,확장형 파일,,B0CG6QG5TK,"플라스틱 파일 폴더 봉투 - 스냅 클로저 및 포켓이 있는 확장 파일 지갑 오거나이저 문서 폴더, 칸막이 없음, 대용량, 레터/A4 사이즈 - 5팩",Wiekyze,22146,22146,5.0,1.0,"소재 - 플라스틱 지갑 폴더는 주로 폴리프로필렌 소재와 캔버스 포장으로 만들어졌으며 방수 및 세척이 쉽고 마모되거나 파손되거나 변형되지 않으며 오랫동안 사용할 수 있습니다. 완벽한 디자인 - 시스루 매끄러운 문서 폴더는 내용물을 볼 수 있으며 봉투를 열지 않고도 문서를 쉽게 찾을 수 있습니다. 라벨 포켓이 있는 각 봉투는 다양한 파일을 분류하는 데 도움이 됩니다. 내용물을 편리하게 열고 고정할 수 있는 버튼 디자인으로 더 이상 파일 손실에 대해 걱정할 필요가 없습니다. 안전한 잠금: 파일 지갑에는 안전한 스냅 클로저가 장착되어 문서를 안전하게 보관하고 떨어지는 것을 방지합니다. 사이즈: 플라스틱 파일 지갑 문서 폴더는 약 33 x 25 x 6cm(12.9 x 9.8 x 2.4인치)로 A4 크기의 용지 및 문서를 보관하기에 적합하며 대용량으로 약 500장의 A4 용지를 담을 수 있습니다. 다양한 기능 - 학교 과목, 사무실 문서 파일, 여행 A4 파일, 명함 등과 같은 일상적인 사용에 적합합니다.","Wiekyze 데스크 폴리 파일 오거나이저는 문서, 계약서, 스크랩북, 파일, 청구서, 우편, 영수증, 종이, 편지, 바우처, 카드를 정리할 수 있는 좋은 도구입니다. 당사의 파일 폴더 크기는 일반 A4 용지보다 크며 B4 용지를 잘 담을 수 있습니다. 50c 두께로 다른 폴더보다 넓은 수납 공간을 제공하므로 많은 사무용품과 문서를 폴더에 넣을 수 있습니다. 사이즈: 약 12.9 x 9.8 x 2.4인치/33 x 25 x 6cm.","['파일', '문서', '폴더', '지갑', '용지', '봉투', '안전하다', '플라스틱']"
사무용품,파일링 제품,확장형 파일,,B086JC7Z87,"12포켓 아코디언 파일 오거나이저 파일 폴더 오거나이저 확장 파일 폴더, 아코디언 폴더 파일 오거나이저 포켓 폴더, 문서 지폐 영수증용 다채로운 알파벳 스티커 탭 포함",RUBEX,13836,13836,4.6,1336.0,"완벽한 오거나이저 - 확장형 파일 폴더는 종이 정리함, 파일 오거나이저, 문서 오거나이저, 지폐 오거나이저, 영수증 정리함, 기록 보관, 쿠폰 오거나이저, 지폐 정리함, 학교, 사무실 또는 가정의 우편 정리함으로 사용할 수 있습니다. 스마트한 디자인 - 아코디언 파일 오거나이저, 버튼 및 스트링 클로저가 있는 무지개 색상 파일 오거나이저, 알파벳 스티커, 카드 포켓은 다른 전통적인 파일 폴더 오거나이저보다 고급 방수 문서 홀더이며 내구성이 뛰어난 폴리로 제작되었습니다. 휴대용 및 내구성 - 확장 가능한 파일 폴더는 33 x 24.1cm(13 x 9-1/2인치)이며 휴대용 파일링에 이상적입니다. 25.4cm(10인치)까지 확장되는 칸막이 탭이 있는 컬러 파일 폴더는 사무실 정리, 홈스쿨 정리, 책상 정리에 적합합니다. 다용도 및 안전성 - 아코디언 파일 폴더 오거나이저는 12개의 탭 포켓, 명함 홀더 및 신축성 있는 스트링 클로저가 있어 보안을 강화합니다. 가정, 사무실 또는 학교에 청구서, 문서, 기록, 중요한 서류를 보관하세요 가성비 - 저희는 시간과 돈을 소중히 여깁니다. 인체 공학적이고 안전하며 방수 및 확장 가능한 파일 폴더에는 12가지 색상의 포켓이 있어 손으로 쓴 라벨을 추가할 수 있어 각 섹션을 즉시 식별할 수 있어 빠르게 사용할 수 있습니다. 대용량 Rubex 아코디언 파일 폴더 정리대는 대용량으로 약 1500장을 담을 수 있으며 접을 수 있어 많은 공간을 절약할 수 있습니다. 내구성이 뛰어난 변형으로 사무실, 교실, 도서관 등에서 좋은 보조 도구입니다.",,"['파일', '폴더', '오거나이저', '정리', '확장', '포켓', '아코디언', '문서', '사무실']"
사무용품,파일링 제품,확장형 파일,,B07H5G9XDX,"2팩 확장 파일 폴더, A6 미니 아코디언 파일 오거나이저, 월간 지폐, 카드, 수표 쿠폰, 바우처, 영수증 세금 품목 또는 변경, 쿠폰 정리함 13포켓 무지개 영수증 오거나이저 웰렛",BigBigMe,10512,10512,4.6,181.0,"*안정적인 소재: 고품질 폴리프로필렌(PP) 플라스틱 소재(무독성 및 비방사성)로 제작되어 쉽게 파손되거나 변형되지 않습니다. 매우 안정적이고 100% 방수 기능이 있습니다. *A6 사이즈: 17.8cm x 11.7cm(7인치 x 4.6인치), 13개의 포켓과 작은 색상의 라벨로 파일을 효과적으로 분류하고 편리하게 내용물을 안전하게 보관할 수 있습니다. *패션 및 휴대성: 13개의 포켓이 있어 아코디언 폴더를 확장하여 문서를 쉽게 정리할 수 있으며 휴대가 가능하고 신축성 있는 코드 디자인입니다. 파일이 잘 보존되어 있고 퍼지지 않는지 확인하십시오. *작은 지갑 디자인, 공간 절약, 실용적이고 정교합니다. 중요한 파일, 문서, 카드, 인증서, 청구서, 쿠폰, 영수증, 수표 또는 기타 모든 것을 위한 완벽한 정리함. 언제 어디서나 휴대할 수 있으며 세련된 확장 포켓이 있습니다. *패션 캔디 코트가 있는 심플하고 우아한 디자인, 사무실, 학교 또는 가정 여행을 위한 이상적인 정리 및 장식.",,"['파일', '정리', '포켓', '휴대', '확장', '영수증', '디자인', '쿠폰', '카드', '오거나이저']"
사무용품,파일링 제품,확장형 파일,,B0CLNHJ693,"손잡이가 달린 확장 파일 폴더 아코디언 파일 오거나이저, 13포켓 휴대용 문서 오거나이저 파일 박스 파일 오거나이저 홈 스쿨 사무실 여행용 A4 및 레터 사이즈",Fun storage,20761,20761,,,"【뛰어난 휴대성 및 안전한 잠금】: 다른 하단 확장 가능한 아코디언 폴더와 비교했을 때, 손잡이가 추가되어 매우 쉽게 움직일 수 있습니다. 플라스틱 손잡이가 있는 다른 파일 폴더는 일반적으로 하단에서 확장할 수 없으므로 사용 가능한 용량이 크게 제한됩니다. 폴더에는 이 문제가 없습니다. 움직이기 쉽고 충분한 용량을 가지고 있습니다. ABS 버클과 신축성 있는 밴드가 완벽하게 안전하게 닫을 수 있습니다. 【투명한 창문 디자인】: 독특한 투명 창 디자인으로 내부를 볼 수 있으며, 고객은 파일 폴더 오거나이저 커버를 자주 열지 않고도 내부 파일 문서 세부 정보를 쉽게 확인할 수 있습니다. 이 새로운 아이디어는 매일 더 편리하고 빠르게 사용할 수 있습니다 【큰 저장 용량】: 이 아코디언 폴더는 4개의 용지에 적합하며, 각 포켓은 쉽게 접근할 수 있도록 2.2cm(7/8인치)까지 확장할 수 있으며 총 보관 용량은 최대 500장 이상입니다! 시험지, 보고서, 청구서, 숙제 또는 작은 중요한 문서를 보관하고 정리하는 데 적합합니다 【쉬운 정리 및 빠른 조회】: 컬러 파일 상자에는 알파벳 A-Z용 인쇄 라벨과 월간 1-12월 필기용 빈 라벨이 함께 제공됩니다. 이 아코디언 파일 오거나이저는 모든 종이 작업을 잘 분류하고 독특한 인덱싱 라벨로 중요한 문서를 빠르게 식별할 수 있도록 도와줍니다. A4 또는 레터 사이즈 시트에 적합합니다 【업그레이드된 커버 및 스타일】: 아코디언 폴더의 커버 두께는 1 1/5mm로 다른 폴더보다 20% 두껍습니다. 새로운 블랙 매트 패턴이 있는 폴리프로필렌 플라스틱으로 제작되었으며, 방수 기능이 있으며 얼룩과 긁힘 방지 기능이 있어 중요한 종이를 보호합니다. 풀 사이즈 플랩은 추가적인 보호 레이어를 제공하며 운반 중에 보관된 물건을 제자리에 단단히 고정하는 데 도움이 됩니다. 【다기능 적용】: 확장 파일 오거나이저는 다양한 문구, 사무용품, 학교 서류, 수업 과제, 숙제, 청구서, 명세서, 영수증, 바우처, 송장 및 가정 용품을 완벽하게 보관할 수 있습니다. 학교, 사무실 또는 가정에 이상적입니다.",,"['파일', '폴더', '확장', '아코디언', '오거나이저', '문서', '빠르다', '손잡이', '커버']"
사무용품,파일링 제품,확장형 파일,,B09QM8N8P7,"7피스 플라스틱 파일 폴더 폴리 봉투 투명 확장 파일 지갑 오거나이저 문서 폴더, 스냅 클로저 및 포켓 포함, 학교 사무실용 방수 파일 파우치",Uranus&No.1,26301,26301,4.7,118.0,"【슈퍼 밸류 팩】퍼플, 핑크, 옐로우, 그린, 화이트, 블루, 블랙의 7가지 색상의 문서 폴더를 얻을 수 있습니다. 이 다양한 색상은 다양한 문서를 구별하는 데 도움이 됩니다. 충분한 수량과 색상으로 일상적인 사용을 충족할 수 있으며 에너지를 절약하여 더 많은 폴더 A4 문서 홀더를 찾을 수 있습니다. 【대용량 플라스틱 확장 가능한 파일 폴더】A4 봉투 확장 파일은 33 x 25cm(13 x 9.8인치) 크기이며 최대 2.8인치/7cm까지 확장 가능하며 800페이지의 대용량으로 노트북, 문구류, 잡지, 서류, 계약서, 중요한 문서, 인증서, 명함, 세금 영수증, 심지어 아이패드, 화장품 등을 보관하기에 적합합니다. 【사려 깊은 디자인】플라스틱 폴더에는 문서를 쉽게 구별할 수 있는 명함 슬롯이 장착되어 있습니다. 가장자리 트림이 박음질된 천 거싯은 손가락을 긁힘으로부터 보호할 수 있습니다. 스냅 클로저가 있는 플라스틱 파일 폴더는 파일을 안전하게 보관하고 떨어지는 것을 방지합니다. 더 생생하고 밝은 색상의 폴더 가방이지만 여전히 반투명으로 볼 수 있어 플라스틱 파일 폴더 내부의 내용물을 쉽게 확인할 수 있습니다. 【프리미엄 품질】내구성이 뛰어난 소재와 정교한 바느질 공예로 수명이 길고 하중을 견딜 수 있습니다. 당사의 플라스틱 봉투 폴더는 고품질의 두꺼운 폴리프로필렌 소재로 만들어졌으며 내마모성 및 부식 방지 특성, 방수, 변형이나 깨지지 않아 문서나 문구류가 젖거나 더러워지는 것을 효과적으로 방지할 수 있습니다. 정교한 바느질 공예, 탁월한 솜씨로 강화된 천 바느질 가장자리를 만들어 내구성을 높였습니다. 【광범위한 사용】A4 파일 폴더는 간단하고 스타일리시합니다. 휴대를 위해 손이나 백팩에 넣거나 서랍이나 파일 캐비닛에 파일 폴더를 보관할 수 있습니다. 학교 사무실 가정에서 널리 사용됩니다. 여행, 출장 시 물건을 휴대하기에 적합하며 모든 요구 사항을 충족할 수 있는 충분한 양의 조합으로 자신, 선생님, 학생, 가족, 어린이 및 친구에게 적합한 선물입니다.",,"['폴더', '파일', '문서', '플라스틱', '확장', '바느질', '봉투', '방지']"
사무용품,파일링 제품,확장형 파일,,B08DV1T7PH,"Tamfile 내화성 방수 안전 확장 파일 폴더 아코디언 문서 오거나이저, 24개의 포켓, 휴대용 머니 파일 가방, 파일링 홀더 및 컬러 라벨/3지퍼 A4 레터 사이즈 (블랙, 36.9cm(14.3인치) 24.9cm(9.8인치))",Tamfile,27686,27686,4.6,1265.0,"[내화성 및 방수 문서 정리함]: 표면은 고품질 블랙 가려움 방지 액체 실리콘 코팅 내화성 유리 섬유로 제작되었습니다. [폴더 A4 레터 사이즈]: 14. 7.6 x 2220.3cm(8인치) 크기의 대형 확장 파일은 주름 없이 문서 지갑에 종이를 더 잘 보존할 수 있습니다. 확장 파일 오거나이저에는 25개의 다양한 색상의 포켓이 있어 450장 이상의 A4 용지를 담을 수 있습니다. [편리한 디테일]: 외부 포켓을 부착하여 휴대폰, 여권, 신분증, 은행 카드, 펜, 현금, 동전 등에 적합합니다. 양방향 지퍼와 두 개의 펜 홀더가 디자인되었으며, 문서 폴더는 독특한 이중 지퍼 디자인을 가지고 있습니다. [내화성 및 방수]: 화재 파일링 케이스에서 화염이 파일에 타는 시간을 연장하고 구조 시간을 구입하십시오. 비로 인해 파일이 젖는 것에 대해 걱정할 필요가 없습니다. 완전 내화성 및 방수 기능이 없습니다. [아코디언 파일 폴더]: Lungern GC는 친절한 서비스를 제공하며 고객에게 위험 환불이 없습니다. 문제가 있으시면 저희에게 연락해 주시면 문제를 해결하기 위해 최선을 다하겠습니다!",,"['파일', '화성', '폴더', '문서', '방수', '포켓', '확장', '지퍼', '디자인', '펜']"
사무용품,파일링 제품,확장형 파일,,B097MCZ81P,"빈 라벨이 있는 24개의 포켓 확장 파일 폴더, 확장 가능한 커버가 있는 다양한 색상의 파일 오거나이저, 데스크탑 폴더 레터 A4 종이 문서 보관 오거나이저- 블랙",WedFeir,19376,19376,4.7,20.0,"최고 품질의 소재: 확장 파일 폴더는 내구성이 뛰어난 와이프 클린 폴리프로필렌으로 제작되었습니다. 신뢰할 수 있는 사용을 위한 중성 및 고품질. 방수 및 견고하여 파일 정리함이 무너지지 않습니다. 확장 파일 폴더 크기: 길이 33cm x 높이 24cm 각 포켓은 모든 A4/레터 사이즈 용지에 적합합니다. 24개의 포켓이 있어 4000장 이상의 종이 문서를 보관할 수 있습니다. 편리한 정리 및 쉬운 외관: 각 포켓 상단에 다채로운 라벨이 있어 필요한 용지를 쉽게 찾을 수 있어 작업을 보다 효과적으로 할 수 있습니다. 다기능: 문서, 바우처, 종이, 카드, 영수증, 페인팅 작업 및 쿠폰 등을 보관할 수 있습니다. 이 확장 폴더는 책상을 깔끔하게 정리할 수 있게 해줍니다. 확장 가능한 데스크톱 폴더: 넣은 파일 수로 인해 폴더는 다른 너비로 확장할 수 있습니다. 책상에 스스로 서 있으며 최대 용량으로 꺼내서 채울 때 쉽게 넘어지지 않습니다. 각 포켓은 작은 물체가 움직이지 않도록 바닥에 완전히 밀봉되어 있습니다.","사양: 사이즈: 13*9.25인치 (A4/레터 사이즈 용지에 맞음) 용량: 24 포켓 (파일 4000장 이상) 소재: 폴리프로필렌. 색상: 블랙 (무지개 색상의 주머니) 특징: 작업 효율성을 높입니다. 폴더는 더 넓고 실용적이며 A4 크기 또는 글자 크기에 적합합니다. 견고하고 편리하여 파일을 더 안전하고 안전하게 보관합니다. 사용하기 쉬움: 인체 공학적 손잡이 디자인, 패셔너블하고 휴대하기 쉽습니다. 제품 구성: 1 x 24 포켓 확장 파일 폴더.","['파일', '폴더', '확장', '포켓', '문서', '정리', '작업', '용지', '종이']"
사무용품,파일링 제품,확장형 파일,,B0CG2YMDV1,"파일 아코디언 오거나이저, A4 오르간 팩 폴더 확장 가능한 폴더, 책상 플라스틱 책장용",,16606,16606,,,고품질 플라스틱 파일 폴더: 이 파일 폴더는 내구성이 뛰어난 플라스틱 소재로 만들어져 오래 사용할 수 있으며 우수한 품질을 보장합니다. 세련된 블랙 색상: 파일 폴더는 세련된 블랙 색상으로 제공되어 사무실이나 작업 공간에 우아함을 더합니다. 편리한 사이즈: 255x323x20mm 크기의 이 파일 폴더는 작고 휴대가 간편합니다. 가방이나 서류 가방에 쉽게 넣을 수 있어 이동 중에도 전문가에게 적합합니다. 멀티 포켓 디자인: 파일 폴더는 멀티 포켓 디자인으로 문서를 쉽게 관리하고 정리할 수 있습니다. 중요한 모든 종이를 위한 충분한 공간을 제공하여 깔끔하고 깔끔하게 유지합니다. 인체 공학적 손잡이 디자인: 파일 폴더는 인체 공학적 손잡이로 설계되어 잡고 휴대가 편안합니다. 패셔너블한 디자인으로 일상 생활에 스타일을 더합니다.,"1. 고품질 플라스틱 파일 폴더: 이 파일 폴더는 내구성이 뛰어난 플라스틱 소재로 만들어져 오래 사용할 수 있으며 우수한 품질을 보장합니다./2. 세련된 블랙 색상: 파일 폴더는 세련된 블랙 색상으로 제공되어 사무실이나 작업 공간에 우아함을 더합니다./3. 편리한 사이즈: 255x323x20mm 크기의 이 파일 폴더는 작고 휴대가 간편합니다. 가방이나 서류 가방에 쉽게 넣을 수 있어 이동 중에도 전문가에게 적합합니다./4. 멀티 포켓 디자인: 파일 폴더는 멀티 포켓 디자인으로 문서를 쉽게 관리하고 정리할 수 있습니다. 중요한 모든 종이를 위한 충분한 공간을 제공하여 깔끔하고 깔끔하게 유지합니다./5. 인체 공학적 손잡이 디자인: 파일 폴더는 인체 공학적 손잡이로 설계되어 잡고 휴대가 편안합니다. 패셔너블한 디자인으로 일상 생활에 스타일을 더합니다./신상품 및 고품질!/재료: 플라스틱/색상: 블랙/사이즈: 255x323x20mm/수량: 1개/특징:/--멀티 포켓 디자인으로 문서를 관리하고 사용하기 쉽습니다. 인체 공학적 손잡이 디자인, 패셔너블하고 휴대가 쉽습니다./--견고하고 편리하여 문서를 더 쉽게 요약할 수 있어 고효율로 작업할 수 있습니다./--실용적이고 새로운 디자인. 가볍고 컴팩트하며 편리하며 파일을 더 안전하고 안전하게 보관합니다./참고:/-수동 측정으로 인해 약간의 차이가 있을 수 있습니다. 위의 치수는 참고용입니다./-조명 효과, 모니터의 밝기/대비 설정 등으로 인해 웹사이트 사진과 실제 제품의 색상 톤에 약간의 차이가 있을 수 있음을 알려드립니다./패키지 포함: 1* 파일 폴더","['파일', '폴더', '디자인', '플라스틱', '손잡이', '블랙', '멀티', '인체', '휴대', '포켓']"
사무용품,파일링 제품,확장형 파일,,B081LWDZ14,"확장 파일 폴더, 2019 새로운 13포켓 플라스틱 확장 가능한 파일 오거나이저, A4 사이즈 방수 및 내구성 있는 아코디언 파일 오거나이저, 학교, 사무실용 (레드)",DIFFLIFE,35982,35982,3.0,7.0,"파일 저장 및 분류: 이 확장 파일 폴더는 가볍고 컴팩트하며 다양한 A4 크기 파일을 저장할 수 있습니다. 내부에 13개의 보관 가방과 라벨이 있어 사무실 문서를 정리하고 분류하고 필요한 문서를 신속하게 검색하고 책상이 어수선하지 않도록 할 수 있습니다. 심플하고 스타일리시한 외관: 저희 아코디언 폴더는 독특한 색상 매칭과 레이아웃을 채택합니다. 심플하고 스타일리시하여 비즈니스 스타일과 일상 스타일 모두에 적합합니다. 휴대용 손잡이 및 당김 디자인: 이 파일 폴더 오거나이저는 휴대가 간편한 휴대용 손잡이가 장착되어 있습니다. 버클 디자인은 문서를 쉽게 떨어뜨리지 않도록 하며, 작동이 간단하며 열고 닫기가 매끄럽습니다. 내구성 및 간편한 청소: 당사의 파일 오거나이저 확장 폴더는 내구성이 뛰어난 PP 소재로 만들어져 방수 및 방진 기능이 있으며 파일이 더러워지지 않도록 보호합니다. 또한, 세척이 매우 쉽습니다. 부드럽게 닦거나 물로 씻으십시오. 다양한 용도: 이 폴더 오거나이저는 직원 보상, 수상 기념 및 선물로 사용할 수 있습니다. 비즈니스 오피스, 무역 박람회 등에 적합합니다.","특징: -고품질 옥스포드 캔버스 튼튼한 소재, 안전하고 구부러지거나 부서지지 않습니다. -하단의 매끄러운 디자인은 평소보다 더 상업적 분위기를 가지고 있습니다. -옥스포드 천 가방 가장자리 디자인, 세련된 옥스포드 천을 사용하여 바느질하여 내구성이 뛰어납니다. -실용적이고 패셔너블한 디자인, 견고하고 편리함, 정리 파일 더 절약. -더 넓고, 더 실용적이며, A4 사이즈 또는 글자 크기에 적합합니다. -다용도, 사업가/교사/회계사/간호사/의사/학생 등을 위한 최고의 선택.","['파일', '폴더', '디자인', '확장', '구성', '오거나이저', '옥스포드', '문서', '휴대']"
사무용품,파일링 제품,확장형 파일,,B07F69B95D,Uquelic 24 포켓 확장 파일 폴더 커버 포함 - 대형 플라스틱 무지개 확장 가능한 파일 정리함 자체 스탠딩 아코디언 A4 문서 폴더 지갑 서류 가방 비즈니스 파일 박스,Uquelic,24916,24916,4.6,243.0,"✔ 혁신적인 버전. 새로운 파일 정리함은 더 많은 문서를 안전하게 수집할 수 있도록 커버와 최대 24개의 포켓을 추가하여 기존 파일 정리함을 기반으로 업데이트됩니다. ✔ 큰 볼륨. 파일 정리함은 각 슬롯의 용지를 분리하고 잘 정리합니다. 제품 사이즈: 13""X 9.84""X 1.57""/ 33X 25X 4CM. 확장 가능한 특성으로 약 3000 A4 시트를 담을 수 있습니다. ✔ 쉬운 정리 및 퀵 룩. 무지개 색상 파일 정리함은 특정 색상 슬롯에 파일을 정리할 수 있도록 디자인되었으며 글자와 달 태그가 붙어 있어 필요한 종이를 빠르게 찾을 수 있습니다. ✔ 프리미엄 소재. 고품질의 내구성이 뛰어난 폴리프로필렌 소재 (무독성 및 비방사성). 환경 친화적. 갈라짐과 변형이 쉽지 않습니다. ✔ 다양한 기능 확장되는 파일 정리함은 종이, 영수증, 명함, 바우처, 쿠폰 등과 같은 다양한 문서를 저장할 수 있습니다. 가정, 사무실, 학교 및 여행용으로 적합합니다. 남녀공용.",,"['정리', '파일', '확장', '문서', '포켓', '종이', '커버', '무지개', '가능하다', '폴더']"
사무용품,파일링 제품,확장형 파일,,B09W5LFLTM,"Uquelic 13포켓 확장 파일 폴더, 3팩 A4 문서 오거나이저, 문서 서류 세금 청구서 또는 영수증용 탭 스티커가 있는 플라스틱 아코디언 파일 오거나이저, 다양한 색상 (3팩 블랙)",Uquelic,23531,23531,4.7,58.0,"[ 13 포켓 ] 제품 크기: 12.9 x 9.6 x 0.8 인치/33x 24.5x 2CM. 200개 이상의 A4 사이즈 시트 파일링. 13개의 개별 확장 가능한 포켓으로 파일을 쉽게 꺼낼 수 있습니다. [고품질 소재] 고품질 폴리프로필렌(PP) 소재로 내구성이 뛰어나고 친환경적입니다. 방수 및 습기 방지 기능이 있어 문서를 양호한 상태로 유지하고 쉽게 깨지거나 변형되지 않습니다. [ 3팩 ] 모든 것이 하나의 귀중한 팩에 담겨 있어 일상적인 서류 정리 및 문서 분류 요구 사항이 높다면 3팩 블랙으로 보다 저렴한 옵션을 제공합니다. [ 무지개 색상 디자인 ] 컬러 내부 페이지가 있는 13 포켓 파일 폴더는 레터 표지판이 있는 특정 컬러 슬롯에 파일을 보관할 수 있도록 설계되어 필요할 때 종이를 빠르게 찾을 수 있습니다. [ 다양한 용도 ] 13개의 포켓이 있는 확장 가능한 파일 폴더는 파일을 잘 정리할 수 있습니다. 가정, 사무실 및 학교 파일 정리에 적합합니다.",,"['파일', '포켓', '문서', '확장', '폴더', '정리', '컬러', '오거나이저', '블랙', '서류']"
사무용품,파일링 제품,확장형 파일,,B0D4H2ZGWN,"플라스틱 확장 걸이식 파일 폴더 A4, 13 포켓 추가 용량 아코디언 걸이 폴더, 파일 캐비닛용 멀티컬러 라벨 걸이 폴더, 걸이식 파일 폴더(블랙)",HKZTUY,12451,12451,,,"【내구성 있는 파일 폴더 레터 사이즈】확장 폴더는 내구성이 뛰어난 플라스틱으로 만들어져 내마모성 및 내열성이 있으며 쉽게 깨지거나 변형되지 않으며 청소하기 쉽습니다. 물, 비 및 기름 손상으로부터 문서를 보호합니다. 【13개의 포켓 대용량 걸이식 폴더】13개의 포켓이 있는 확장 파일 관리자를 사용하면 이름, 부서, 월 또는 사용자 지정 분류에 관계없이 다양하고 다양한 파일 관리를 수행할 수 있습니다. 문서, 레시피, 카드, 영수증, 쿠폰 등을 보관할 수 있습니다. 【색인 라벨 컬러 파일 폴더】쓰기 가능한 메모 카드와 인덱스 라벨은 모든 수준의 분류를 한 눈에 명확하게 하며 데이터를 편리하고 빠르게 검색할 수 있습니다. 데이터 파일을 쉽게 정리하여 학습과 사무실을 보다 효율적으로 만듭니다. 다채로운 색상으로 더 나은 시각적 감각을 제공합니다. 【사이즈 정보】폴더 크기는 약 33x24cm/12.99x9.45인치)이며 보관할 수 있는 크기는 4입니다. 사용 및 교체 요구 사항을 충족하는 큰 사이즈. 양면 번지 코드 스트랩으로 문서를 고정합니다. 【다양한 용도】걸이용 파일 폴더 포켓에는 다양한 문서, 명세서, 송장, 명함, 편지, 종이, 카드, 쿠폰 등을 보관할 수 있습니다. 플라스틱 걸이식 파일 폴더는 가정, 사무실, 학교에서 사용하기에 적합하며 작업을 더 편안하고 즐겁게 만듭니다.",,"['폴더', '파일', '걸이', '포켓', '문서', '카드', '라벨', '플라스틱', '확장', '사무실']"
사무용품,파일링 제품,확장형 파일,,B0C6T8NPJP,"Western Bull Boho 스티커 라벨이 있는 확장 파일 폴더, 13포켓 아코디언 파일 폴더 문서 오거나이저, 지퍼 클로저가 있는 확장 가능한 지퍼 파일 폴더",linqin,31841,31841,5.0,4.0,"대용량: 사이즈: 36.1 x 26.9 x 2cm(14.25 x 10.6A4 사이즈와 레터 사이즈에 적합한 13개의 분리된 포켓. 모든 문서를 묶지 않고도 중요한 문서를 안전하게 보관할 수 있을 만큼 충분히 크며, 백팩에 넣을 수 있을 만큼 컴팩트합니다. 사무실 생활에 좋은 도우미입니다. 업그레이드된 소재: 아코디언 폴더는 내구성이 뛰어나고 환경 친화적인 폴리에스터로 만들어져 방수, 내화성 및 내구성이 뛰어나며 쉽게 깨지거나 변형되지 않습니다. 지퍼 잠금: 이 확장 폴더는 지퍼 디자인으로 내부의 파일을 더 안전하게 만들 수 있습니다. 작은 카드나 사진도 떨어지지 않아 안전하고 휴대가 편리합니다. 다용도: 학교 사무실, 프로젝트 활동, 비즈니스 문서, 학생 작업 패키지에 적합합니다. 일상 문서, 바우처, 카드 및 쿠폰을 깔끔하고 정돈된 상태로 보관하세요. 카드, 펜, 눈금자, 형광펜, 열쇠 및 기타 일반적으로 사용되는 작은 물건을 수집하기 위한 완벽한 문서 정리함입니다. 애프터 서비스: 저희는 고객에게 100% 만족스러운 서비스를 제공하기 위해 최선을 다하고 있습니다. 파일 보관 가방에 만족하지 못하셨다면 즉시 이메일로 연락해 주시면 만족스러운 서비스를 제공해 드리겠습니다.","제품 크기:/36.1 x 26.9 x 2cm(14.25 x 10./특징:/1. 중요한 문서에 빠르고 쉽게 액세스할 수 있는 아코디언 디자인. 업그레이드된 부드러운 지퍼로 파일 폴더를 더 깔끔하고 편리하게 만듭니다./2. 대용량 포켓 13개 디자인으로 A4/레터 사이즈 용지 약 500장을 담을 수 있습니다. 종이, 편지, 명세서, 사진, 카드 및 문서를 깔끔하게 관리할 수 있는 훌륭한 선택입니다./3. 독특하고 다채로운 스티커 라벨 디자인으로 파일을 효과적으로 잡고 분류할 수 있으며 작업 효율성과 작업 환경을 개선하여 비즈니스 엘리트가 될 수 있습니다./4. 확장 파일 폴더를 사용하면 더 이상 사무실이나 교실에서 학생의 집으로 문서를 옮길 염려가 없습니다./5. 내구성이 뛰어나고 환경 친화적인 프리미엄 PP 소재와 나일론으로 견고하고 내구성이 뛰어나며 모든 종이가 제자리에 있으며 손상되지 않습니다./6. 실용적이고 패셔너블한 디자인으로 가족, 자녀 및 친구들에게 독특한 선물이 될 것입니다./패키지 구성:/확장 파일 폴더(포켓 13개) 1개./컬러 라벨 1개.","['파일', '문서', '폴더', '구성', '지퍼', '확장', '디자인', '카드', '포켓', '라벨']"
사무용품,펜 및 리필,볼펜,,B005DEW3J4,"Paper Mate Profile 접이식 볼펜, 볼드 (1.4mm), 다양한 색상, 12개",Paper Mate,10138,10138,4.7,32096.0,대담한 1.4mm 포인트가 있는 볼펜은 생각을 자신 있게 전달할 수 있도록 도와줍니다 부드러운 그립으로 매일 편안하게 쓸 수 있습니다 믿을 수 있는 생생한 잉크로 노트를 밝게 합니다 편리한 접이식 디자인과 색상 매칭 배럴 다양한 색상의 볼펜 12개로 글쓰기에 생명을 불어넣습니다,"가장 대담한 볼펜인 Paper Mate Profile 리트랙터블 볼펜으로 글쓰기에 주목하세요. 대담한 1.4mm 팁과 편안한 쿠션 그립이 결합되어 강력하면서도 실용적인 방식으로 메시지를 전달할 수 있습니다. 한편, 신뢰할 수 있고 생생한 잉크로 페이지에서 단어를 잃어버리지 않습니다. Paper Mate 펜 - 신뢰할 수 있는 일상 필기 동반자입니다.","['볼펜', '접이식', '편안하다', '글쓰기', '생생하다', '신뢰', '대담하다', '전달', '잉크', '동반']"
사무용품,펜 및 리필,볼펜,,B0B6H5PHF8,멀티컬러 볼펜 4-in-1 컬러 펜 (1.0mm) 다양한 잉크 4색 볼펜 (8팩),Aisibeiger,13836,11066,4.5,654.0,"【4-in-1 컬러 펜】4-in-1 멀티 컬러 펜은 레드, 블루, 그린, 블랙 잉크 색상이 하나의 펜에 있어 편리함을 제공하며 매일 사용하기에 적합합니다. 【매우 부드러운 미끄럼 방지 그립】그립이 있어 매우 부드럽고 편안한 촉감을 제공하여 각 볼펜을 쉽게 잡을 수 있습니다. 인체 최고의 펜 고정 자세에 맞춰 패셔너블하고 귀여운 외관으로 필기 손이 탁월합니다. 【1.0mm 미디엄 포인트】펜 미디엄 포인트 부드러운 필기 펜, 선명하게 쓸 수 있습니다. 모든 글쓰기에 사용할 수 있으며, 종이를 통과하지 않으며 번짐이나 번짐이 없습니다. 오래 지속되는 리필 가능한 잉크로 신뢰할 수 있는 필기감을 제공하며, 볼의 볼 팁은 매끄 럽습니다. 【간편한 휴대】각 펜에는 깨지지 않는 금속 클립이 있어 펜을 노트북, 바인더 또는 주머니에 쉽게 고정할 수 있어 시그니처 작업과 일상적인 필기 작업을 할 수 있습니다. 【완벽한 선물】학생, 관리자, 작가, 동료, 자신뿐만 아니라 아트 파티, 생일 선물 및 크리스마스를 위한 완벽한 선물입니다.","【4-in-1 컬러 펜】4-in-1 멀티 컬러 펜은 레드, 블루, 그린, 블랙 잉크 색상이 하나의 펜에 있어 편리함을 제공하며 매일 사용하기에 적합합니다. 【매우 부드러운 미끄럼 방지 그립】그립이 있어 매우 부드럽고 편안한 촉감을 제공하여 각 볼펜을 쉽게 잡을 수 있습니다. 인체 최고의 펜 고정 자세에 맞춰 패셔너블하고 귀여운 외관으로 필기 손이 탁월합니다. 【1.0mm 미디엄 포인트】펜 미디엄 포인트 부드러운 필기 펜, 선명하게 쓸 수 있습니다. 모든 글쓰기에 사용할 수 있으며, 종이를 통과하지 않으며 번짐이나 번짐이 없습니다. 오래 지속되는 리필 가능한 잉크로 신뢰할 수 있는 필기감을 제공하며, 볼의 볼 팁은 매끄 럽습니다. 【간편한 휴대】각 펜에는 깨지지 않는 금속 클립이 있어 펜을 노트북, 바인더 또는 주머니에 쉽게 고정할 수 있어 시그니처 작업과 일상적인 필기 작업을 할 수 있습니다. 【완벽한 선물】학생, 관리자, 작가, 동료, 자신뿐만 아니라 아트 파티, 생일 선물 및 크리스마스를 위한 완벽한 선물입니다.","['펜', '필기', '선물', '부드럽다', '컬러', '잉크', '미디엄', '볼펜', '완벽하다', '고정']"
사무용품,펜 및 리필,볼펜,,B01DJBH2S4,"파카 조터 스테인리스 스틸 CT 볼펜, 선물 상자 포함",Parker,27686,16287,4.6,15315.0,"조터 볼펜 로얄 블루 CT. 조터는 지난 60년간 고유의 디자인 아이콘으로 자리 잡고 있습니다. 누구나 탐낼 색상과 차별화된 모양으로 조터는 파카의 가장 인기 있는 펜으로, 시그니처 클릭 방식으로 유명합니다. 파카 선물 상자 포함. 특허받은 퀸크플로우 볼펜 리필과 함께 배송됩니다.","PARKER Jotter 스테인리스 스틸 볼펜으로 종이에 생각과 아이디어를 표현하는 경험을 느리게 감상하세요. 60년 이상 스타일 아이콘인 Jotter는 신선하고 유선형 디자인을 가지고 있습니다. 스테인리스 스틸 배럴과 캡, 고광택 트림 및 화살촉 클립이 특징입니다. Jotter의 놀라운 디테일은 졸업생, 처음 구직자 또는 훌륭한 글쓰기 기술을 높이 평가하는 모든 사람에게 세련된 선물입니다. 이 펜은 우아한 선물 상자에 포장되어 배송됩니다.","['선물', '볼펜', '스틸', '스테인리스', '파카', '상자', '아이콘', '펜', '디자인']"
사무용품,펜 및 리필,볼펜,,B002FSZP5A,"Uniball Jetstream RT 3팩, 0.7mm 파인 블랙, Wirecutter 베스트 펜, 볼펜, 일본 잉크 펜 | 사무용품, 저널링 펜, 볼펜, 컬러 펜, 섬세한 포인트, 부드러운 필기 펜",Uni-Ball,16467,16467,4.6,8528.0,"볼펜: 당사의 블랙 볼펜은 젤 펜의 매끄럽고 생생한 필기와 볼펜 잉크 펜의 빠른 건조, 얼룩 방지 특성을 결합했습니다 uni Super Ink: 방수 및 변색 방지 잉크로 오래 지속되는 고품질 문서를 보관할 수 있습니다. 당사의 잉크 펜은 물, 변색 및 사기로부터 보호합니다 빠른 건조 기술: 빠르게 건조되는 블랙 펜 잉크는 번짐과 번짐을 방지하여 왼손잡이 작가에게 이상적입니다 고품질 구조: 저희 필기 펜은 편안한 엠보싱 그립과 매끄러운 스테인리스 스틸 악센트가 특징입니다. 편리한 클립으로 좋아하는 잉크 펜을 항상 손에 넣을 수 있습니다 프리미엄 성능: 혁신적인 블랙 펜은 개인 및 전문적인 필기 요구 사항에 적합합니다","유니볼로 시대를 초월한 우아함과 비교할 수 없는 장인 정신의 세계로 들어가세요. 유니볼의 유산을 고급 필기구의 원단에 엮어왔습니다. 혁신에 뿌리를 둔 유산과 우수성에 대한 헌신을 바탕으로 Uniball은 시간의 시험을 견디는 필기 경험을 지속적으로 제공해 왔습니다. 일본에서 자랑스럽게 제작된 Uniball의 꼼꼼하게 제작된 펜으로 글쓰기 기술에 빠져보세요. 정밀성과 품질의 유산은 모든 스트로크에서 분명하며, 펜의 움직임마다 생각이 종이에 매끄럽게 흐르도록 합니다. 젤 펜부터 롤러볼 펜, 볼펜, 파인라이너 펜, 샤프 펜슬에 이르기까지 Uniball은 모든 필기 스타일과 선호도에 맞는 종합적인 범위를 제공합니다. 복잡한 디테일을 위한 울트라 마이크로 0.38부터 눈에 띄는 강조를 위한 대담한 1.0에 이르기까지 Uniball의 다양한 팁 크기로 다양한 범위의 다양한 팁 크기로 뛰어들어 보세요. 스케치, 저널링, 메모 작성 또는 아이디어를 실현할 때 Uniball은 스트로크 사이를 쉽게 전환할 수 있도록 하여 글쓰기에 눈을 사로 잡고 영혼을 자극하는 독특한 차원을 제공합니다. Uniball 펜을 손에 쥐고 있을 때 필기구를 수용하는 것이 아니라 장인 정신, 혁신 및 완벽 추구의 유산을 받아들입니다. 각 펜은 모든 단어가 의사 소통 예술에 대한 찬가인 타의 추종을 불허하는 필기 경험을 제공하기 위한 당사의 헌신에 대한 증거입니다. 유산과 현대성이 만나는 유니볼로 이야기를 시작해보세요. 각 스트로크는 무한한 표현의 세계에 빠져들도록 초대합니다. 품질, 유산 및 글의 힘의 가치에 감사하는 안목 있는 개인 커뮤니티에 가입하세요. 유니볼의 마법을 직접 경험하고 시간을 초월하고 모든 페이지에 지울 수 없는 흔적을 남기는 글쓰기의 기쁨을 발견하십시오.","['펜', '필기', '볼펜', '잉크', '유산', '블랙', '유니', '경험', '매끄럽다', '빠르다']"
사무용품,펜 및 리필,볼펜,,B002JFR8Q8,"BIC 4색 볼펜 (1.0mm), 다양한 잉크 색상",BIC,11066,11066,4.8,37913.0,BIC 4색 볼펜 3개입 팩 1개 다용도 4색 볼펜으로 노트 및 데이터 정리 기술을 향상시키세요 비용 효율적이고 오래 지속되는 리필 가능한 펜 편안하고 넓은 배럴 디자인의 멀티컬러 펜 간호사 또는 교사 용품을 위한 펜 벌크 팩,"BIC 4색 볼펜으로 메모와 데이터를 정리하여 항상 완벽한 컬러 잉크를 사용할 수 있습니다. 다용도 1.0mm 미디엄 포인트는 깔끔한 메모를 위해 선명하고 어두운 선을 만들고 다양한 필기 활동을 처리할 수 있도록 도와줍니다. 오래 지속되는 잉크는 이 멀티 컬러 펜으로 프로젝트에 신뢰할 수 있는 내구성을 제공합니다. 넓은 배럴 디자인은 잡기 쉬워 필기 중에 편안하게 다룰 수 있습니다. 랜야드 구멍과 내장 클립으로 노트북에 부착하거나 목에 걸 수 있어 다채로운 펜을 항상 쉽게 꺼낼 수 있습니다. 간단한 클릭으로 이 접이식 볼펜의 원하는 색상을 쉽게 발전시키고 창의력을 발휘할 수 있습니다. 일기, 낙서 또는 정리를 위해 필기구가 필요한 경우에도 훌륭한 선택입니다. 비용 효율적인 리필 가능한 펜으로, 각 멀티 컬러 볼펜은 펜에 잉크 리필을 사용하여 펜의 수명을 연장하고 낭비를 줄일 수 있습니다*. 이 컬러 볼펜의 블랙, 블루, 레드, 그린 잉크는 선생님에게 이상적인 펜입니다. BIC 4색 볼펜으로 생산성을 향상시키세요. *컬러 볼펜 리필은 별도로 판매되며 4가지 잉크 색상이 모두 한 팩에 들어 있습니다.","['펜', '볼펜', '잉크', '컬러', '색', '리필', '멀티', '정리', '지속', '넓다']"
사무용품,펜 및 리필,볼펜,,B0016P6CUU,"Uniball Jetstream RT 12팩, 1.0mm 미디엄 블랙, Wirecutter 베스트 펜, 볼펜, 볼펜 잉크 펜 | 사무용품, 볼펜, 컬러 펜, 섬세한 포인트, 부드러운 필기 펜",Uni-Ball,28918,28918,4.8,3705.0,"볼펜: 당사의 블랙 볼펜은 젤 펜의 매끄럽고 생생한 필기와 볼펜 잉크 펜의 빠른 건조, 얼룩 방지 특성을 결합했습니다 uni 슈퍼 잉크: 방수 및 변색 방지 잉크로 오래 지속되는 고품질 문서를 보관할 수 있습니다. 당사의 잉크 펜은 물, 변색 및 사기로부터 보호합니다 빠른 건조 기술: 빠르게 건조되는 블랙 펜 잉크는 번짐과 번짐을 방지하여 왼손잡이 작가에게 이상적입니다 고품질 구조: 저희 필기 펜은 편안한 엠보싱 그립과 매끄러운 스테인리스 스틸 악센트가 특징입니다. 편리한 클립으로 좋아하는 잉크 펜을 항상 손에 넣을 수 있습니다 프리미엄 성능: 혁신적인 블랙 펜은 개인 및 전문적인 필기 요구 사항에 적합합니다","유니볼로 시대를 초월한 우아함과 비교할 수 없는 장인 정신의 세계로 들어가세요. 유니볼의 유산을 고급 필기구의 원단에 엮어왔습니다. 혁신에 뿌리를 둔 유산과 우수성에 대한 헌신을 바탕으로 Uniball은 시간의 시험을 견디는 필기 경험을 지속적으로 제공해 왔습니다. 일본에서 자랑스럽게 제작된 Uniball의 꼼꼼하게 제작된 펜으로 글쓰기 기술에 빠져보세요. 정밀성과 품질의 유산은 모든 스트로크에서 분명하며, 펜의 움직임마다 생각이 종이에 매끄럽게 흐르도록 합니다. 젤 펜부터 롤러볼 펜, 볼펜, 파인라이너 펜, 샤프 펜슬에 이르기까지 Uniball은 모든 필기 스타일과 선호도에 맞는 종합적인 범위를 제공합니다. 복잡한 디테일을 위한 울트라 마이크로 0.38부터 눈에 띄는 강조를 위한 대담한 1.0에 이르기까지 Uniball의 다양한 팁 크기로 다양한 범위의 다양한 팁 크기로 뛰어들어 보세요. 스케치, 저널링, 메모 작성 또는 아이디어를 실현할 때 Uniball은 스트로크 사이를 쉽게 전환할 수 있도록 하여 글쓰기에 눈을 사로 잡고 영혼을 자극하는 독특한 차원을 제공합니다. Uniball 펜을 손에 쥐고 있을 때 필기구를 수용하는 것이 아니라 장인 정신, 혁신 및 완벽 추구의 유산을 받아들입니다. 각 펜은 모든 단어가 의사 소통 예술에 대한 찬가인 타의 추종을 불허하는 필기 경험을 제공하기 위한 당사의 헌신에 대한 증거입니다. 유산과 현대성이 만나는 유니볼로 이야기를 시작해보세요. 각 스트로크는 무한한 표현의 세계에 빠져들도록 초대합니다. 품질, 유산 및 글의 힘의 가치에 감사하는 안목 있는 개인 커뮤니티에 가입하세요. 유니볼의 마법을 직접 경험하고 시간을 초월하고 모든 페이지에 지울 수 없는 흔적을 남기는 글쓰기의 기쁨을 발견하십시오.","['펜', '잉크', '볼펜', '필기', '유산', '블랙', '유니', '경험', '빠르다', '매끄럽다']"
사무용품,펜 및 리필,볼펜,,B07BDWD8B7,"Amazon Basics 접이식 볼펜 - 블랙, 1.2mm, 12팩",Amazon Basics,13282,13282,4.4,10294.0,"메모, 숙제, 사무실 사용 등을 위한 블랙 잉크가 있는 접이식 볼펜 12팩 쉽게 쓰고 명확하게 읽을 수 있는 매우 부드러운 잉크 대담한 1.2mm 포인트는 매일 사용하기에 적합합니다 편안한 그립을 위한 부드러운 배럴 볼펜 ISO 12757-1 H B, ASTM D4236, JIS S 6039 볼펜 H B 준수 제품 크기: 14.5 x 1 x 1.4 cm (길이x너비x높이); 1.2mm 포인트",Amazon Basics 접이식 볼펜 - 블랙 - 12팩/Amazon Basics,"['볼펜', '접이식', '블랙', '포인트', '잉크', '부드럽다', '편안하다', '준수', '숙제', '사무실']"
사무용품,펜 및 리필,볼펜,,B0BVB8MQL9,"Linbsunne 볼펜 블랙 미디엄 포인트 1mm 펜, 슈퍼 소프트 그립 볼펜 포함, 남성 여성용 접이식 펜",Linbsunne,13836,13836,4.7,1061.0,"매우 부드러운 미끄럼 방지 그립 - 그립은 매우 부드럽고 편안한 촉감을 제공하여 각 볼펜을 쉽게 잡을 수 있습니다. 미디엄 1.0mm 포인트 - 클래식 블랙 펜. 생생한 블랙 잉크 구조로 일상적인 필기 도구로 훌륭합니다. 오래 지속되고 리필 가능한 잉크로 안정적인 필기를 제공하며, 볼의 볼 팁은 매끄럽고 잉크를 쉽게 깨뜨리지 않습니다. 빠른 건조 잉크 - 볼펜 잉크 건조 속도는 매우 빠르고, 글씨는 매끄럽고 얼룩이 생기지 않으며 밝은 색상, 빠르게 건조됩니다. 수령하신 제품에 품질 문제가 있는 경우 저희에게 연락하시면 무료 교체품을 제공해 드리겠습니다.",,"['잉크', '볼펜', '펜', '블랙', '빠르다', '건조', '포인트', '매끄럽다', '미디엄', '필기']"
사무용품,펜 및 리필,볼펜,,B0BPWV9QNN,"6팩 볼펜 2-in-1 스타일러스 접이식 볼펜, 스타일러스 팁, 터치 스크린용 금속 스타일러스 펜, 1.0mm 블랙 잉크",Bribobo,12451,11066,4.6,2603.0,"고품질 소재: 펜홀더는 고품질 금속 소재로 만들어져 편안하고 내구성이 뛰어납니다. 사무실에 좋은 도우미로 멋진 사용 경험을 제공합니다. 밝은 색상: 볼펜은 로즈 골드 색상으로 제공됩니다. 밝고 아름다운 색상은 더 편안한 외관과 느낌을 선사합니다. 클립 디자인: 스타일러스 펜은 클립 디자인으로 가볍고 휴대용 케이스, 주머니, 책, 다이어리 등에 쉽게 고정할 수 있습니다. 원하는 곳 어디에나 쉽게 휴대할 수 있습니다. 실용적인 디자인: 한쪽 끝은 매우 민감한 고급 스타일러스가 특징입니다. 다른 쪽 끝에는 편리한 사용을 위해 고품질 볼펜이 장착되어 있습니다(검은색 잉크). 스타일러스 펜 본체를 비틀어 펜을 확장하여 부드럽고 오래 지속되는 잉크 흐름을 쓸 수 있습니다. 볼펜 리필은 교체할 수 있습니다. 다양한 용도: 펜이 달린 2 in 1 스타일러스는 어린이, 학생, 선생님, 친구, 사업가 등에 적합하며 비즈니스 고객, 동료, 결혼식을 위한 생일 선물 또는 휴일 선물로 좋습니다. 블랙 잉크 접이식 펜은 의사와 간호사에게 빠르고 편리합니다.",,"['스타일러스', '펜', '볼펜', '잉크', '디자인', '접이식', '좋다', '금속', '클립', '블랙']"
사무용품,펜 및 리필,볼펜,,B07H2VVPVN,"블랙 펜 벌크, 볼펜 블랙 부드러운 필기 펜 얼룩 없음, 블랙 펜 볼펜 블랙 잉크 펜 미디엄 포인트, 접이식 클릭 펜, 학교 사무실 서버 펜 (오일 잉크 60팩)",Sikao,21398,21398,4.7,181.0,"매끄러움: 매우 부드러운 다크 블랙 잉크로 더 부드러운 필기 경험과 빠른 쓰기 속도를 제공합니다. 신뢰할 수 있는 텅스텐 카바이드 볼은 잉크를 부드럽고 일관되게 퍼뜨려 거의 모든 종이 표면에 이상적입니다. 선명한 라인: 표준 1.0mm 중간 포인트는 생생하고 선명한 선을 만들고 건너뛰지 않고 번지지 않습니다. 편안함: 매번 편안하게 쓸 수 있는 유연한 원형 배럴, 언제든지 남은 잉크 잔량을 확인할 수 있는 투명 배럴. 편리함: 편리한 클릭 접이식 디자인으로 빠르게 글쓰기와 일기를 쓸 수 있습니다. 책이나 주머니에 쉽게 고정할 수 있는 튼튼한 클립. 밸럼 팩: 60개의 펜으로 구성된 대용량 박스는 대학 학교 비즈니스 작업 공간, 은행, 호텔에 완벽하게 추가되며, 교사 학생 간호사 서버에 사용하거나 펜을 책상에 두어 피플을 도와줄 수 있습니다. 각 펜의 리필에는 왁스가 밀봉되어 잉크가 마르지 않습니다. 유통 기한은 최대 3년입니다. (품질 ).",,"['펜', '잉크', '블랙', '부드럽다', '학교', '필기', '선명하다', '서버', '포인트', '접이식']"
사무용품,펜 및 리필,볼펜,,B09QMC36M8,"볼펜 블랙 리필, 비즈니스 펜, 럭셔리 펜, 남성 및 여성 전문 경영진, 사무실을 위한 최고의 볼펜 선물 세트, 멋진 펜, 고급스러운 선물 상자 (레드)",YIVONKA,13573,13573,4.3,919.0,"★오래 사용할 수 있도록 제작: 저희 펜은 튼튼한 스틸 파이프와 다층 베이킹 페인트로 만들어져 내구성과 수명을 보장합니다. 부드럽고 연속적인 필기를 위해 텍스트를 장기간 보존합니다. 39g 및 14.4cm/5.67인치로 완벽한 무게와 편안한 사용을 위한 크기입니다. ★부드러운 글쓰기: 0.5mm 중간 포인트와 고품질 블랙 잉크로 텍스트를 장기간 보존하는 부드럽고 지속적인 필기 경험을 제공합니다. ★클래식 디자인: 저희 펜의 클래식하고 복고풍 디자인은 매력과 세련미를 발산하여 깊은 인상을 줄 영적인 즐거움을 제공합니다. ★편안한 사용: 39g 및 14.4cm/5.67인치의 펜은 완벽한 무게와 편안한 사용을 위한 크기로 글쓰기를 즐겁게합니다. ★완벽한 패키지: 레드 펜 1개, 리필 4개, 정교한 선물 상자 1개를 한 패키지에 담으세요. ★다용도: 저희 펜은 학습 및 사무실 글쓰기에 적합하며 친척, 친구 및 비즈니스 파트너에게 절묘한 선물이 됩니다. ★만족 보장: 저희는 100% 만족 보장으로 제품을 지지하며 모든 고객에게 세심한 서비스를 제공하여 안심하고 구매할 수 있습니다. ★주의: 저희 가게의 선물 펜은 선물 상자에 ""YIVONKA"" 상표가 인쇄되어 있습니다. 선물용 펜을 구입한 후 제품을 주의 깊게 확인하십시오. 감사합니다!","1. 제품 설명: ★이 정교한 선물 상자 볼펜 세트는 귀중한 직원에게 이상적인 선물이며 도움이 됩니다. 동료 또는 사랑하는 사람들. ★클래식한 스타일의 디자인으로 전체 나뭇가지가 클래식하고 복고풍의 매력으로 가득 차 있습니다. 주인이 영적인 즐거움을 누릴 수 있도록 합니다. ★이 펜은 강한 그립을 위한 질감 있는 손잡이가 있습니다. 균형 감각이 있고 무겁습니다. 볼 팁의 매끄럽고 깨끗한 라인에 무게가 적혀 있습니다. 2. 사용 시나리오: ★학생들이 공부할 때 글쓰기에 사용할 수 있습니다. ★비즈니스맨이 사무실에서 글을 쓸 수 있습니다. ★친척, 친구 또는 파트너에게 절묘한 선물로 선물할 수 있습니다. 3. 제품 정보: ★펜 무게: 39g, 펜 길이: 14.4cm/5.67인치, 내장 강관, 다층 베이킹 페인트. 용도: 커버 풀링 타입. ★고품질 잉크를 사용하여 펜이 모든 유형의 종이에 부드럽게 미끄러질 수 있습니다. ★잉크 색상을 현지 문구점에서 리필로 교체할 수 있습니다. ★패키지: 펜 1개, 펜 리필 4개, 아름다운 선물 상자, 때로는 아름다운 선물을 줄 것입니다. 4. 완벽한 서비스: ★저희는 100% 반품을 약속하며, 고객 만족은 저희의 사업 목적, 대담하고 확실한 구매입니다. 저희는 모든 고객에게 세심한 서비스를 제공할 것입니다.","['펜', '선물', '상자', '완벽하다', '부드럽다', '클래식', '글쓰기', '서비스', '리필', '디자인']"
사무용품,펜 및 리필,볼펜,,B07BDV7QXS,Amazon Basics 접이식 볼펜 - 블루 - 12팩,Amazon Basics,13517,13517,4.5,2526.0,ASTM D4236 준수 JIS S 6039 볼펜 H B 볼펜 ISO 12757-1 H B 제품 크기: 14.5 x 1 x 1.4 cm (길이x너비x높이); 1.2mm 포인트,Amazon Basics 접이식 볼펜 - 블루 - 12팩/Amazon Basics,"['볼펜', '접이식', '블루', '포인트', '준수']"
사무용품,펜 및 리필,볼펜,,B0CG4TZ1M1,"Mr. Pen - 볼펜, 10팩, 다채로운 잉크, 귀여운 볼펜 다양한 색상 잉크, 저널링을 위한 귀여운 펜, 미적 펜, 성경 펜, 볼펜 블랙, 펜, 부드러운 필기 펜",,13836,9681,4.5,65.0,"Mr. Pen 무지개 색상의 볼펜 10팩을 제공하며, 핑크, 오렌지, 옐로우, 그린, 라이트 블루, 다크 블루, 퍼플, 블랙 등 쉽게 식별할 수 있도록 색상이 일치하는 끝이 있는 투명 케이스가 특징입니다. 섬세한 0.7mm 팁으로 제작된 이 펜은 정확하고 부드러운 필기 경험을 제공하며 디테일한 작업이나 정확성이 필요한 모든 필기 작업에 이상적입니다. 펜은 매끄럽고 편안한 그립으로 설계되어 손의 피로를 유발하지 않고 장기간 사용할 수 있습니다. Mr. Pen 볼펜은 건너뛰거나 번지지 않는 일관되고 신뢰할 수 있는 잉크 흐름을 제공하도록 설계되어 작업을 깔끔하고 전문적으로 유지합니다. 메모 및 저널링부터 전문 문서에 이르기까지 다양한 용도에 적합합니다. 펜 볼펜은 매일 사용할 수 있는 신뢰할 수 있는 선택입니다.",,"['펜', '볼펜', '필기', '잉크', '작업', '전문', '귀엽다', '신뢰', '블루', '블랙']"
사무용품,펜 및 리필,볼펜,,B07JZ7P3WF,"블랙 펜 벌크, 60팩 블랙 잉크 펜 볼펜, 부드러운 필기 펜, 얼룩 없음, 접이식 볼펜, 미디엄 포인트, 클릭 펜, 웨이트리스용 서버 펜, 학교 사무용품",Sikao,21398,21398,4.5,323.0,"매끄러움: 매우 부드러운 펜 다크 블랙 잉크로 더 부드러운 필기 경험과 빠른 쓰기 속도를 제공합니다. 신뢰할 수 있는 텅스텐 카바이드 볼은 잉크를 부드럽고 일관되게 퍼뜨려 거의 모든 종이 표면에 이상적입니다. 생생한 라인: 표준 1.0mm 미디엄 포인트 펜은 생생하고 선명한 선을 만들고 건너뛰지 않고 번지지 않습니다. 편안함: 펜을 잡기 쉬운 유연한 원형 배럴로 매번 편안하게 쓸 수 있으며, 투명한 배럴로 언제든지 잉크 잔량을 확인할 수 있습니다 편리함: 편리한 클릭 접이식 디자인으로 빠르게 글쓰기와 일기를 쓸 수 있습니다. 책이나 주머니에 쉽게 고정할 수 있는 튼튼한 클립. 각 펜의 리필은 처음 사용하기 전에 잉크가 마르지 않도록 왁스 밀봉되어 최대 3년입니다. 밸럼 팩: 60개의 큰 펜 박스는 학교 사무실 및 교사 학생 간호사 서버 글쓰기에 완벽한 추가 아이템입니다. 또는 펜을 책상에 두어 피플을 도와줄 수 있습니다. 동료 초보 근로자를 위한 대량 선물.",,"['펜', '잉크', '부드럽다', '블랙', '미디엄', '접이식', '빠르다', '클릭', '생생하다', '서버']"
사무용품,펜 및 리필,볼펜,,B08NHYS79B,"COLNK 멀티컬러 볼펜 0.5, 4-in-1 컬러 펜 파인 포인트, 플래너 저널링용 볼펜 선물 펜, 다양한 잉크, 6개입",COLNK,24916,19348,4.6,5044.0,"4-in-1멀티 컬러 펜은 4가지 잉크 색상으로 되어 있습니다. 편리함을 위해 모든 잉크 색상이 하나의 펜에 담겨 있어 매일 사용하기에 적합합니다. 멀티 컬러 펜은 매우 부드럽게 쓰지만 번지거나 번지지 않습니다. 정리, 색상 코딩, 낙서에 이상적입니다. 하나의 4가지 색상 펜은 부드러운 그립이 있어 쓰기 편하고 잡기 쉽습니다. 귀여운 파스텔 펜은 네 가지 색상을 클릭하며 각 색상은 어린이, 간호 학생, 아기방, 여성 및 교사에게 똑같이 생생하고 좋아하는 선물입니다. 4가지 잉크 색상 레드 블루 그린 블랙(펜 클립을 눌러 블랙 잉크를 얻으세요), 6개 팩",,"['펜', '잉크', '컬러', '멀티', '블랙', '부드럽다', '볼펜', '선물']"
사무용품,펜 및 리필,볼펜,,B0C73JDN4S,"Linbsunne 볼펜 블랙 미디엄 포인트 1mm 펜, 슈퍼 소프트 그립 볼펜, 남성 및 여성용 접이식 펜 (골드-12개)",Linbsunne,13836,13836,4.7,769.0,"매우 부드러운 미끄럼 방지 그립 - 그립이 있어 매우 부드럽고 편안한 촉감을 제공하여 각 볼펜을 쉽게 잡을 수 있습니다. 미디엄 1.0mm 포인트 - 클래식 블랙 펜. 생생한 블랙 잉크 구조로 일상적인 필기 도구로 좋습니다. 오래 지속되는 리필 가능한 잉크로 신뢰할 수 있는 필기감을 제공하며, 볼의 볼 팁은 매끄럽고 잉크가 쉽게 깨지지 않습니다. 빠른 건조 잉크 - 볼펜 잉크 건조 속도는 매우 빠르며 글씨가 매끄럽고 얼룩이 생기지 않으며 밝은 색상으로 빠르게 건조됩니다. 간편한 사용 - 사무실 펜, 시그니처 펜, 성인 및 어린이를 위한 학용품에 이상적입니다. 받으신 제품에 품질 문제가 있는 경우 저희에게 연락하시면 무료 교체품을 제공해 드리겠습니다.",,"['잉크', '펜', '볼펜', '빠르다', '블랙', '건조', '포인트', '필기', '부드럽다', '미디엄']"
사무용품,펜 및 리필,볼펜,,B09ZQSJ131,볼펜 블랙 접이식 잉크 필기 펜 사무실 0.7mm 볼펜 저널링용 (6개),AZGO,9681,9681,4.6,753.0,접이식 디자인: 코어를 눌러 편리하게 쓸 수 있습니다 부드러운 고무 그립: 글을 쓰는 동안 편안한 느낌을 제공합니다 전문적인 외관: 심플하고 우아한 디자인으로 모든 상황에 적합합니다 빠른 건조 잉크: 액체와 젤의 장점을 결합하여 부드럽고 얼룩이 생기지 않습니다 6개입 상자: 0.7mm 포인트 크기의 블랙 볼펜 6개 포함,,"['볼펜', '디자인', '접이식', '부드럽다', '블랙', '잉크', '필기', '심플', '건조', '고무']"
사무용품,펜 및 리필,볼펜,,B084HGBBWX,"Pilot, Precise V5 RT 리필 가능 & 접이식 롤링 볼펜, 엑스트라 파인 포인트 0.5mm, 다양한 색상, 12개 팩",PILOT,46203,28544,4.8,5883.0,"부드러운 필기 액체 잉크: 종이 전체에 쉽게 미끄러져 일관된 스트로크와 건너뛰기 없는 글씨를 제공합니다. 내구성이 뛰어난 텅스텐 카바이드 초미세 팁으로 제작되었습니다 특허받은 정밀 포인트 기술: Pilot의 Precise 펜은 매번 깨끗하고 정확한 선을 제공하는 정밀 팁이 특징이며, 놀라운 디테일로 글쓰기나 창의성에 생명을 불어넣습니다 다용도: 메모를 작성하거나 식료품 목록을 적어두기에 적합합니다. 광택, 글쓰기, 드로잉, 디자인, 스케치 또는 낙서 경험을 위해 부드럽게 쓸 수 있습니다 탁월한 편안함 및 제어: 부드러운 고무 그립은 탁월한 제어력을 제공하면서 편안한 필기 경험을 제공합니다 펜에 힘: 젤 잉크, 지울 수 있는 롤링 볼, 볼펜, 만년필, 드라이 지우개 마커 등을 포함한 Pilot의 혁신적인 필기 도구 라인으로 쉽게 자신을 표현하세요",Precise 프리미엄 리트랙터블 롤링 볼펜으로 항상 포인트를 유지하세요. 매우 부드럽고 정밀한 필기를 위한 비교할 수 없는 성능. Pilot의 독특한 액체 잉크 포뮬러는 Precision Point Technology와 결합되어 정말 탁월하고 건너뛰기 없는 필기 경험을 제공합니다. 정밀함은 디테일을 좋아하는 사람들에게 이상적입니다. 엑스트라 파인 포인트 0. 5mm. 다양한 잉크 색상. 접이식 12팩.,"['필기', '정밀', '부드럽다', '잉크', '포인트', '탁월하다', '롤링', '볼펜', '경험', '펜']"
사무용품,펜 및 리필,볼펜,,B089X5MDV7,"Pilot, Precise V5, 캡핑 리퀴드 잉크 롤링 볼펜, 엑스트라 파인 포인트 0.5mm, 블랙, 14개 팩",PILOT,47117,25816,4.8,948.0,"부드러운 필기 액체 잉크: 종이에 쉽게 미끄러져 일관된 획과 건너뛰기 없는 필기를 제공하여 깔끔하고 전문적인 문서를 제공합니다 특허받은 정밀 포인트 기술: Pilot의 Precise 펜은 매번 깨끗하고 정확한 선을 제공하는 정밀 팁이 특징이며, 놀라운 디테일로 글쓰기나 창의성에 생명을 불어넣습니다 다용도: 메모를 작성하고 식료품 목록을 적어두기에 적합합니다. 광택이 나고 오류가 없는 글쓰기, 드로잉, 디자인, 스케치 또는 낙서 경험을 위해 부드럽게 쓸 수 있습니다 눈에 띄는 잉크 공급: 투명한 배럴을 사용하면 잉크 잔량을 모니터링할 수 있어 예기치 않게 소모되지 않습니다 펜에 힘: 젤 잉크, 지울 수 있는 롤링 볼, 볼펜, 만년필, 드라이 지우개 마커 등을 포함한 Pilot의 혁신적인 필기 도구 라인으로 쉽게 자신을 표현하세요","롤링 볼펜으로 항상 지키세요. 매우 부드럽고 정밀한 필기를 위한 비교할 수 없는 성능. Pilot의 독특한 액체 잉크 포뮬러는 Precision Point Technology와 결합되어 정말 탁월하고 건너뛰기 없는 필기 경험을 제공합니다. 눈에 띄는 잉크 저장소는 새 펜을 언제 구입해야 하는지 항상 알 수 있음을 의미합니다. 정밀함은 디테일을 좋아하는 사람들에게 이상적입니다. 포인트 사이즈: 0.5mm, 포인트 유형: 엑스트라 파인; 잉크 색상: 블랙; 펜 유형: 롤링 볼. 14개.","['잉크', '필기', '펜', '정밀', '롤링', '포인트', '부드럽다', '볼펜', '글쓰기', '액체']"
사무용품,펜 및 리필,볼펜,,B07ZJN7HYY,"BIC PENS 잉크 펜 240개 대형 벌크 팩, Bic Round Stic Xtra Life 볼펜 미디엄 포인트 1.0mm, 블랙 펜 120개 및 블루 펜 120개 박스 콤보 팩",BIC,49860,44721,4.8,2811.0,"블랙 및 블루 컬러 잉크 펜, 블랙 펜 240개, 블랙 펜 120개, 블루 1mm 펜 120개, 많은 펜이 포함되어 있습니다. 반투명 배럴은 잉크 레벨을 보여주며, 일상용으로 적합하며 사무실 펜, 시그니처 펜, 성인 및 어린이를 위한 교실 학용품에 사용하기 좋습니다. 편안하게 쓸 수 있는 유연한 원형 배럴로 노트북, 저널, 플래너, 리갈 패드, 초대 카드 및 거의 모든 종이 표면에 사용하기에 이상적입니다. 신뢰할 수 있는 텅스텐 카바이드 볼은 잉크를 부드럽고 일관되게 퍼뜨립니다. 이전에는 없었던 부드러운 필기구를 경험하십시오.","BIC 라운드 스틱 엑스트라 라이프 볼펜은 생생한 선을 만드는 다용도 1.0mm 미디엄 포인트가 있어 다양한 필기 활동에 적합합니다./이 신뢰할 수 있는 펜은 잉크를 일관되고 고르게 방출하는 내구성 있는 텅스텐 카바이드 볼펜이 특징입니다./반투명 배럴을 사용하면 남은 잉크 공급량을 볼 수 있으며, 유연한 원형 배럴 디자인은 장시간 필기 세션 중에도 편안함을 유지합니다.","['펜', '잉크', '블랙', '블루', '볼펜', '원형', '미디엄', '필기', '신뢰', '포인트']"
사무용품,펜 및 리필,볼펜,,B0B6H5MG37,볼펜 블랙 잉크 볼펜 슈퍼 소프트 그립 미디엄 포인트 1.0mm 오피스 펜 (6팩),Aisibeiger,13836,10235,4.5,1649.0,"【매우 부드러운 미끄럼 방지 그립】그립이 있어 매우 부드럽고 편안한 촉감을 제공하여 각 볼펜을 쉽게 잡을 수 있습니다. 인체 최고의 펜 고정 자세에 맞춰 패셔너블하고 귀여운 외관으로 필기 손이 탁월합니다. 【1.0mm 미디엄 포인트】펜 미디엄 포인트 부드러운 필기 펜, 선명하게 쓸 수 있습니다. 모든 글쓰기에 사용할 수 있으며, 종이를 통과하지 않으며 번짐이나 번짐이 없습니다. 오래 지속되는 리필 가능한 잉크로 신뢰할 수 있는 필기감을 제공하며, 볼의 볼 팁은 매끄 럽습니다. 【클래식 블랙 잉크】생생한 볼펜 블랙 잉크 구조로 훌륭한 필기 도구입니다. 학용품, 사무용품, 메모, 일기, 스케치 및 계획을 위한 훌륭한 접이식 펜입니다. 【간편한 휴대】각 펜에는 깨지지 않는 금속 클립이 있어 펜을 노트북, 바인더 또는 주머니에 쉽게 고정할 수 있어 시그니처 작업과 일상적인 필기 작업을 할 수 있습니다. 【완벽한 선물】학생, 관리자, 작가, 동료, 자신뿐만 아니라 아트 파티, 생일 선물 및 크리스마스를 위한 완벽한 선물입니다.",,"['펜', '필기', '잉크', '볼펜', '선물', '포인트', '부드럽다', '블랙', '미디엄', '완벽하다']"
사무용품,펜 및 리필,볼펜,,B07V7271LD,"접이식 금속 볼펜 3개, 선물, 비즈니스, 사무실용, 1.0mm 미디엄 포인트 블랙 잉크, 교체 가능한 추가 금속 리필 6개 - 스테인스 스틸",ChaoQ,13836,12437,4.4,4209.0,"가볍고 편안하여 부드럽고 정확한 필기 성능을 제공합니다 휴대용 디자인, 사용하기 쉽고, 펜을 접어 쓰거나 닫을 수 있습니다 매끄러운 1.0mm 미디엄 메탈 팁, 쉽게 건조되는 블랙 잉크, 번짐, 건너뛰기 또는 번짐 없음 남성, 여성, 경영진, 비즈니스, 학교, 사무실, 게스트 펜, 유니폼 펜, 동료 선물 등에 사용하기에 이상적입니다 패키지: 3pcs x 볼펜 & 6pcs x 리필, 펜 크기: 13 x 0.98 cm",모델: 접이식 볼펜 색상: 스테인리스 스틸 / 실버 제품 구성: CHAOQ 볼펜 3개 + 교체용 리필 6개. 사양: 크기: 13.7 x 1 x 1cm 무게: 14.2g 당사의 서비스 및 신뢰성: 신뢰성의 원칙에 따라 CHAOQ 그룹은 10년 이상의 전문적인 생산 경험을 가지고 있다는 점에서 각 부분에 대한 품질 검사를 엄격하게 관리합니다.,"['펜', '볼펜', '리필', '비즈니스', '블랙', '선물', '미디엄', '접이식', '잉크', '스틸']"
사무용품,펜 및 리필,볼펜,,B0C73FZXBQ,볼펜 블랙 잉크 볼펜 슈퍼 소프트 그립 미디엄 포인트 1.0mm 오피스 펜 (골드 12개),Aisibeiger,13836,13836,4.7,255.0,"【매우 부드러운 미끄럼 방지 그립】그립이 있어 매우 부드럽고 편안한 촉감을 제공하여 각 볼펜을 쉽게 잡을 수 있습니다. 인체 최고의 펜 고정 자세에 맞춰 패셔너블하고 귀여운 외관으로 필기 손이 탁월합니다. 【1.0mm 미디엄 포인트】펜 미디엄 포인트 부드러운 필기 펜, 선명하게 쓸 수 있습니다. 모든 글쓰기에 사용할 수 있으며, 종이를 통과하지 않으며 번짐이나 번짐이 없습니다. 오래 지속되는 리필 가능한 잉크로 신뢰할 수 있는 필기감을 제공하며, 볼의 볼 팁은 매끄 럽습니다. 【클래식 블랙 잉크】볼펜 블랙 잉크 구조로 훌륭한 필기 도구입니다. 학용품, 사무용품, 메모, 일기, 스케치 및 계획을 위한 훌륭한 접이식 펜입니다. 【완벽한 선물】학생, 관리자, 작가, 동료, 자신뿐만 아니라 아트 파티, 생일 선물 및 크리스마스를 위한 완벽한 선물입니다. 【간편한 휴대】각 펜에는 깨지지 않는 금속 클립이 있어 펜을 노트북, 바인더 또는 주머니에 쉽게 고정할 수 있어 시그니처 작업과 일상적인 필기 작업을 할 수 있습니다.",펜,"['펜', '필기', '잉크', '볼펜', '선물', '미디엄', '포인트', '부드럽다', '블랙', '완벽하다']"
사무용품,펜 및 리필,볼펜,,B07PLL76SR,"ZEBRA , 잉크 펜 24개 벌크 팩, Z-Grip 접이식 볼펜 미디엄 포인트 1.0mm, 블랙 12개 및 블루 펜 콤보 팩 12개",Zebra Pen,27146,20733,4.7,9470.0,"ZEBRA 맞춤형 펜 24개 벌크 팩 - 세트에 블랙 잉크 펜 12개와 블루 잉크 펜 12개가 포함되어 있습니다. ZGrip, 1mm 미디엄 포인트 볼펜으로 부드럽고 건너뛰지 않는 필기 경험과 빠른 필기 속도를 제공합니다 비즈니스 경영진에게 적극 권장되며, 부드러운 라텍스 프리 고무 그립은 편안함을 제공하며 플라스틱 배럴은 잉크 공급 가시성을 제공합니다. 사무실 펜, 시그니처 펜, 성인 및 아동용 학용품에 사용하기 좋습니다. 편리한 금속 포켓 클립으로 빠르고 쉽게 사용할 수 있으며 좋아하는 펜을 잃어버리지 않습니다 생생하고 신뢰할 수 있는 다양한 컬러 젤 잉크와 견고한 펜 구조로 일상적인 필기 도구로 훌륭합니다! 다양한 색상 포함: 블랙 & 블루. 노트북, 저널, 플래너, 리갈 패드, 초대 카드 및 거의 모든 종이 표면에 사용하기에 이상적입니다","보거나 성능이 좋지 않은 일상적인 도구를 찾고 계십니까?/Zebra의 Z-Grip 펜 브랜드는 단순하고 효과적인 스타일과 고성능 필기가 만나는 곳입니다./Z-Grip 볼펜 리트랙터블 펜은 가치, 성능, 편안함 및 스타일 등 모든 전면에 제공합니다./Z-Grip 접이식 볼펜은 쉽게 미끄러지는 잉크, 편안한 리지드 그립 및 내구성을 위한 금속 클립이 특징이므로 펜에서 좋아하는 특성을 타협할 필요가 없습니다./실크처럼 매끄러운 저점도 잉크는 더 빠른 필기 속도와 매끄럽고 건너뛰기 없는 필기 경험을 제공하므로 Z-Grip 접이식 볼펜은 메모, 일기 작성 및 긴 회의에 사용하기에 이상적입니다./부드러운 라텍스 프리 고무 그립은 편안함을 제공하며 플라스틱 배럴은 잉크 공급 가시성을 제공합니다./편리한 금속 포켓 클립으로 빠르게 꺼낼 수 있으며 좋아하는 펜을 잃어버리지 않습니다./이제 신뢰할 수 있고 부드럽게 흐르는 펜으로 매번 작업을 올바르게 완료할 수 있습니다! 글을 쓸 때 차이를 느낄 수 있지만 금전 등록기에서는 그렇지 않습니다./볼펜은 리필할 수 없습니다.","['펜', '잉크', '볼펜', '필기', '부드럽다', '빠르다', '클립', '블루', '접이식', '블랙']"
사무용품,펜 및 리필,볼펜,,B0CGJJJB9G,"Mr. Pen - 볼펜, 레트로 또는 빈티지 색상",Mr. Pen,9681,9681,4.5,63.0,"Mr. 펜 접이식 볼펜은 정확한 문서를 위해 일관된 잉크 흐름을 제공하도록 특별히 설계되었습니다. 이 세트에는 12개의 펜이 포함되어 있어 영감의 순간이나 광범위한 메모 세션을 위해 항상 백업을 준비할 수 있습니다. 각 펜은 독특한 색상의 배럴로 장식되어 있으며, 문구 컬렉션의 미학을 향상시키는 6가지 아름다운 색상 배열을 제공합니다. 프리미엄 블랙 잉크로 채워진 펜은 대담하고 읽기 쉬운 글쓰기를 보장하며 전문가 및 개인 사용 모두에 적합합니다. 접이식 메커니즘은 편리함을 보장하고 의도하지 않은 자국을 방지하고 잉크의 수명을 연장합니다.",,"['펜', '잉크', '볼펜', '보장', '접이식', '향상', '블랙', '백업', '배열', '방지']"
사무용품,펜 및 리필,볼펜,,B0BZSNLQ1B,볼펜 블랙 잉크 접이식 펜 볼펜 저널링 필기 사무실 펜용 (골드 6+1개),AZGO,9127,9127,4.7,776.0,"빠르게 건조되는 잉크는 액체와 젤의 장점을 결합하여 부드럽고 얼룩이 생기지 않습니다 편안한 느낌을 위한 매우 부드러운 윤곽 고무 그립 심플하고 전문적이며 우아한 외관은 모든 상황에 적합합니다 접이식 디자인, 코어를 눌러 편리하게 쓸 수 있습니다",,"['접이식', '볼펜', '부드럽다', '잉크', '필기', '액체', '고무', '골드', '느낌', '디자인']"
사무용품,펜 및 리필,볼펜,,B0BVDZZYYR,볼펜 블랙 잉크 볼펜 슈퍼 소프트 그립 미디엄 포인트 1.0mm 오피스 펜 (8개),Aisibeiger,10512,10512,4.5,228.0,"【매우 부드러운 미끄럼 방지 그립】그립이 있어 매우 부드럽고 편안한 촉감을 제공하여 각 볼펜을 쉽게 잡을 수 있습니다. 인체 최고의 펜 고정 자세에 맞춰 패셔너블하고 귀여운 외관으로 필기 손이 탁월합니다. 【1.0mm 미디엄 포인트】펜 미디엄 포인트 부드러운 필기 펜, 선명하게 쓸 수 있습니다. 모든 글쓰기에 사용할 수 있으며, 종이를 통과하지 않으며 번짐이나 번짐이 없습니다. 오래 지속되는 리필 가능한 잉크로 신뢰할 수 있는 필기감을 제공하며, 볼의 볼 팁은 매끄 럽습니다. 【클래식 블랙 잉크】볼펜 블랙 잉크 구조로 훌륭한 필기 도구입니다. 학용품, 사무용품, 메모, 일기, 스케치 및 계획을 위한 훌륭한 접이식 펜입니다. 【완벽한 선물】학생, 관리자, 작가, 동료, 자신뿐만 아니라 아트 파티, 생일 선물 및 크리스마스를 위한 완벽한 선물입니다. 【간편한 휴대】각 펜에는 깨지지 않는 클립이 있어 펜을 노트북, 바인더 또는 주머니에 쉽게 고정할 수 있어 시그니처 작업과 일상적인 필기 작업을 할 수 있습니다.",펜,"['펜', '필기', '잉크', '볼펜', '선물', '포인트', '미디엄', '블랙', '부드럽다', '완벽하다']"
사무용품,펜 및 리필,볼펜,,B001E6A9M8,"Pilot Precise V5 RT 리트랙터블 롤링 볼펜, 여분의 심, 2팩, 블랙 잉크 (26050)",PILOT,38766,29902,4.8,4947.0,"부드러운 필기 액체 잉크: 종이 전체에 쉽게 미끄러져 일관된 스트로크와 건너뛰기 없는 글씨를 제공합니다. 내구성이 뛰어난 텅스텐 카바이드 초미세 팁으로 제작되었습니다 특허받은 정밀 포인트 기술: Pilot의 Precise 펜은 매번 깨끗하고 정확한 선을 제공하는 정밀 팁이 특징이며, 놀라운 디테일로 글쓰기나 창의성에 생명을 불어넣습니다 다용도: 메모를 작성하거나 식료품 목록을 적어두기에 적합합니다. 광택, 글쓰기, 드로잉, 디자인, 스케치 또는 낙서 경험을 위해 부드럽게 쓸 수 있습니다 탁월한 편안함 및 제어: 부드러운 고무 그립은 탁월한 제어력을 제공하면서 편안한 필기 경험을 제공합니다 펜에 힘: 젤 잉크, 지울 수 있는 롤링 볼, 볼펜, 만년필, 드라이 지우개 마커 등을 포함한 Pilot의 혁신적인 필기 도구 라인으로 쉽게 자신을 표현하세요","PILOT Precise V5 RT 접이식 롤링 볼펜은 일관된 흐르는 스트로크를 유지하는 독특한 액체 잉크 포뮬러가 특징입니다. 특허받은 정밀 니들 포인트 기술로 각 펜에는 부드럽고 균일한 잉크 흐름을 위한 링 잉크 공급 장치가 있으며 눈에 띄는 잉크 공급 장치로 잉크가 얼마나 남았는지 확인할 수 있습니다. 이 펜은 0.5mm 엑스트라 파인 포인트 텅스텐 카바이드 팁과 함께 제공되며 다양한 색상(별도 판매)으로 제공되어 강조, 정리 및 색상 코드 정보를 강조하고 정리할 수 있습니다. PILOT Precise V5 RT 펜은 접을 수 있는 새로운 시대 디자인으로 리필이 가능하며 비행기 사용에도 안전합니다. 만능 품질의 접이식 펜 - 오늘 하나 고르세요!","['잉크', '펜', '부드럽다', '정밀', '롤링', '볼펜', '필기', '포인트', '액체', '디자인']"
사무용품,펜 및 리필,볼펜,,B0CPX57WNB,"9팩 볼펜 부드러운 필기 2-in-1 스타일러스 접이식 볼펜, 스타일러스 팁, 사무실 장식 금속 스타일러스 펜, 터치 스크린용, 1.0mm 블랙 잉크 (모듬)",Aozora,9404,9404,4.4,168.0,1 2 3 4 5,,"['스타일러스', '볼펜', '필기', '펜', '터치', '접이식', '장식', '잉크', '스크린', '사무실']"
사무용품,펜 및 리필,볼펜,,B07KBM5GNL,"Pilot, Precise V5, 캡핑 리퀴드 잉크 롤링 볼펜, 엑스트라 파인 포인트 0.5mm, 다양한 색상, 10개 팩",PILOT,34805,23822,4.8,5235.0,"편리한 디자인: 실수로 얼룩과 얼룩을 방지하는 캡핑 펜의 편리함을 즐기세요. 투명한 배럴을 사용하면 잉크 레벨을 모니터링할 수 있어 예기치 않게 소모되지 않습니다 부드러운 필기 액체 잉크: 종이 전체에 쉽게 미끄러져 탁월한 필기 경험을 제공합니다. 10팩 세트에는 레드, 옐로우, 오렌지, 핑크, 라임, 그린, 네이비, 블루, 블랙, 터쿼이즈 색상의 펜 1개가 포함되어 있습니다 특허받은 정밀 포인트 기술: Pilot의 Precise 펜은 매번 깨끗하고 정확한 선을 제공하는 정밀 팁이 특징이며, 놀라운 디테일로 글쓰기나 창의성에 생명을 불어넣습니다 다용도: 메모를 작성하고 식료품 목록을 적어두기에 적합합니다. 광택이 나고 오류가 없는 글쓰기, 드로잉, 디자인, 스케치 또는 낙서 경험을 위해 부드럽게 쓸 수 있습니다 펜에 힘: 젤 잉크, 지울 수 있는 롤링 볼, 볼펜, 만년필, 드라이 지우개 마커 등을 포함한 Pilot의 혁신적인 필기 도구 라인으로 쉽게 자신을 표현하세요","PILOT 정밀한 V5 프리미엄 롤링 볼펜, 매우 섬세한 포인트, 다양한 색상, 10팩(12562) 정밀 팁은 매번 정확하고 깨끗한 라인을 제공합니다.","['잉크', '펜', '정밀', '볼펜', '필기', '롤링', '포인트', '경험', '정확하다', '얼룩']"
사무용품,펜 및 리필,볼펜,,B004F9QBDC,"BIC Glide Bold 블랙 볼펜, 볼드 포인트 (1.6mm), 12개입 팩, 편안한 풀 그립이 있는 접이식 볼펜",BIC,12160,12160,4.7,9075.0,"이지 글라이드 시스템이 특징인 검정색, 파란색, 빨간색 및 초록색 잉크를 사용하였으며, BIC 특유의 잉크 기술로 더 부드러운 필기감과 선명한 색상 라인을 자랑합니다. 부드러움을 느껴보세요. 볼드한 1.6 mm 포인트, 선명한 라인. 고무 그립으로 편안한 필기감. 검정색, 파란색, 빨간색, 초록색, 청록색(turquoise), 연두색(lime green), 보라색, 핑크색 잉크 색상. 8개 팩.","BIC 글라이드 볼드 리트랙터블 블랙 볼펜으로 매우 매끄럽고 대담한 라인을 만들어보세요. 1.6mm 두께의 펜 포인트가 장착된 이 블랙 잉크 펜은 선명하고 생생한 자국을 만들어 일상적인 글쓰기가 눈길을 사로잡는 효과를 냅니다. 선명하고 어두운 선을 쉽게 만들 수 있으며, 메모 작성, 목록 작성 등에 이상적인 펜입니다. 독점적인 Easy Glide System 잉크 기술은 신뢰할 수 있는 부드럽고 일관된 잉크 흐름을 제공합니다. BIC Glide Bold 볼펜은 편리한 접이식 디자인으로 한 번의 클릭으로 팁을 확장하고 접을 수 있습니다. 또한 원형 배럴은 편안한 그립이 있어 제어력을 제공하며 메모를 적거나 몇 시간 동안 낙서하고 그릴 수 있도록 도와줍니다. 노트북, 포켓 등에 쉽게 부착할 수 있는 내장 클립으로 필기할 수 있는 부드러운 펜을 안전하게 보관할 수 있습니다. 학교나 사무용품을 위한 신뢰할 수 있는 펜을 구입하고 싶으신가요? BIC Glide Bold 접이식 볼드 포인트 펜은 블랙, 블루, 레드, 그린, 핑크, 퍼플, 라임 그린 및 청록색 잉크 색상으로 제공되므로 항상 멋진 인상을 남길 수 있습니다. 표준 볼펜보다 오랫동안 사용하기 쉬운 부드러운 볼펜 블랙 잉크 펜 12개입 팩으로 글쓰기를 한 단계 업그레이드하세요. 신뢰할 수 있는 고품질의 안전하고 저렴한 제품을 위해 BIC Glide Bold Black 접이식 볼펜을 선택하십시오.","['잉크', '볼펜', '펜', '블랙', '포인트', '접이식', '볼드', '선명하다', '부드럽다', '편안하다']"
사무용품,펜 및 리필,볼펜,,B002L6RB80,Zebra 스테인리스 스틸 샤프 펜/펜슬,Zebra,13074,10927,4.7,9772.0,리필을 포함하여 팁에서 클립까지 전체 금속. 장갑을 낀 상태에서도 안전하게 쓸 수 있는 널링 배럴. 튼튼한 2mm 두께의 스테인리스 스틸 배럴 금속 및 엑스레이 감지 가능 안전한 널링 그립,"Zebra Pen F-701 접이식 볼펜은 끝에서 클립까지 스테인리스 스틸입니다. 이 열심히 일하는 금속 펜은 필기에 업계 최고의 정밀성과 안정성을 제공합니다. 리필 가능한 F-701은 금속 플런지, 클립, 링 및 콘이 있어 매끄럽고 고급스러운 룩을 선사합니다. 접이식 볼펜은 블랙 잉크와 0.8mm 파인 포인트 팁이 있습니다. 부식 방지 스테인리스 스틸 배럴은 플라스틱보다 소독하기 쉽습니다. 널링 메탈 그립은 필기감을 제공합니다. 금속 클립은 노트북, 플래너, 작업 가방 또는 서류 가방 주머니에 쉽게 부착할 수 있습니다. 이 매력적인 펜은 가정, 학교 또는 사무실에 적합합니다. 깨끗하고 세련된 이 신뢰할 수 있는 펜은 회의실, 법정, 교실, 의료 환경, 사무실 및 작업 현장에 적합합니다./F-701 Retractable Ballpoint Pen is made of professional-grade stainless steel from tip to clip. Designed to prevent corrosion. Easy-to-hold knurled metal grip provides writing stability. Quiet plunger mechanism silences any clicking when you retract. Refillable with Zebra F-Refill.","['금속', '스틸', '스테인리스', '클립', '널링', '펜', '사무실', '필기', '작업', '안전하다']"
사무용품,펜 및 리필,볼펜,,B07XLF4X51,"Zebra 펜 잉크 펜 48개 벌크 팩, Z-그립 접이식 볼펜 미디엄 포인트 1.0mm, 블랙 펜 24개 및 블루 펜 콤보 팩 24개",Zebra,48433,29625,4.6,769.0,"ZEBRA 48개의 펜으로 구성된 맞춤형 벌크 팩 - 세트에 블랙 잉크 펜 24개와 블루 잉크 펜 24개가 포함되어 있습니다. ZGrip, 1mm 미디엄 포인트 볼펜은 부드럽고 건너뛰지 않는 필기 경험과 빠른 필기 속도를 제공합니다 비즈니스 경영진에게 적극 권장되며, 부드러운 라텍스 프리 고무 그립은 편안함을 제공하며 플라스틱 배럴은 잉크 공급 가시성을 제공합니다. 사무실 펜, 시그니처 펜, 성인 및 아동용 학용품에 사용하기 좋습니다. 편리한 금속 포켓 클립으로 빠르고 쉽게 사용할 수 있으며 좋아하는 펜을 잃어버리지 않습니다 생생하고 신뢰할 수 있는 다양한 컬러 젤 잉크와 견고한 펜 구조로 일상적인 필기 도구로 훌륭합니다! 다양한 색상 포함: 블랙 & 블루. 노트북, 저널, 플래너, 리갈 패드, 초대 카드 및 거의 모든 종이 표면에 사용하기에 이상적입니다","보거나 성능이 좋지 않은 일상적인 도구를 찾고 계십니까?/Zebra의 Z-Grip 펜 브랜드는 단순하고 효과적인 스타일과 고성능 필기가 만나는 곳입니다./Z-Grip 볼펜 리트랙터블 펜은 가치, 성능, 편안함 및 스타일 등 모든 전면에 제공합니다./Z-Grip 접이식 볼펜은 쉽게 미끄러지는 잉크, 편안한 리지드 그립 및 내구성을 위한 금속 클립이 특징이므로 펜에서 좋아하는 특성을 타협할 필요가 없습니다./실크처럼 매끄러운 저점도 잉크는 더 빠른 필기 속도와 매끄럽고 건너뛰기 없는 필기 경험을 제공하므로 Z-Grip 접이식 볼펜은 메모, 일기 작성 및 긴 회의에 사용하기에 이상적입니다./부드러운 라텍스 프리 고무 그립은 편안함을 제공하며 플라스틱 배럴은 잉크 공급 가시성을 제공합니다./편리한 금속 포켓 클립으로 빠르게 꺼낼 수 있으며 좋아하는 펜을 잃어버리지 않습니다./이제 신뢰할 수 있고 부드럽게 흐르는 펜으로 매번 작업을 올바르게 완료할 수 있습니다! 글을 쓸 때 차이를 느낄 수 있지만 금전 등록기에서는 그렇지 않습니다./볼펜은 리필할 수 없습니다.","['펜', '잉크', '볼펜', '필기', '부드럽다', '빠르다', '블랙', '금속', '편안함', '클립']"
사무용품,펜 및 리필,볼펜,,B00006IE7F,"BIC Glide 접이식 볼펜, 미디엄 포인트 (1.0mm), 블랙, 글쓰기를 위한 편안한 고무 그립, 12개입 팩 (VCG11-BLK)",BIC,19376,13836,4.5,5454.0,"BIC Glide 블랙 리트랙터블 볼펜 12개입 팩 다용도 1.0mm 미디엄 포인트 블랙 잉크 펜. 볼펜은 직장, 학교 또는 가정에서 매일 글쓰기에 적합합니다 이 블랙 볼펜은 모든 필기에 필요한 매우 부드러운 필기감을 제공합니다 BIC 펜에는 주머니와 노트북에 부착할 수 있는 편리한 플라스틱 클립이 있습니다 편안한 고무 그립이 있는 편리한 접이식 펜","BIC 글라이드 블랙 리트랙터블 볼펜으로 매우 부드러운 필기감을 경험하세요. 이 1.0mm 미디엄 포인트 볼펜은 직장, 학교 또는 가정에서 매일 필기하기에 적합합니다. 매우 부드러운 필기로 목록 쓰기, 메모 작성, 일기 쓰기 등에 이상적인 볼펜입니다. BIC Glide 블랙 접이식 볼펜은 학용품을 위한 현명한 선택입니다. 편안한 고무 그립이 있는 접이식 볼펜으로 쉽게 쓸 수 있습니다. 또한 금속 클립은 주머니, 노트북 등에 쉽게 부착하여 이동 중에도 빠르게 사용할 수 있습니다. 편의를 위해 설계된 이 블랙 펜을 사용하면 한 번의 클릭으로 글쓰기를 시작할 수 있습니다. BIC 펜 벌크 팩의 모든 펜에는 편안함을 위한 고무 그립이 있습니다. 이 미디엄 포인트 펜 12개입 팩으로 신뢰할 수 있는 BIC 볼펜을 구입할 수 있습니다. 학교나 사무용품을 위한 신뢰할 수 있는 펜을 찾고 계십니까? 신뢰할 수 있는 고품질의 저렴한 제품을 위해 BIC Glide 블랙 리트랙터블 볼펜을 선택하세요.","['볼펜', '펜', '블랙', '필기', '포인트', '고무', '미디엄', '접이식', '개입', '부드럽다']"
사무용품,펜 및 리필,볼펜,,B0CN8P13MY,"저점도 볼펜, 블루 잉크, 0.5mm 파인 포인트, 12개 팩, 부드러운 잉크 펜, 볼펜, 다양한 바디 컬러 (FO-GELB039-블루)",FLEXOFFICE,15221,15221,4.4,15.0,"펜 끝 부분의 0.5mm 크기로 사용하기 편리합니다. 저점도 잉크 펜, 파란색 잉크로 부드러운 필기, 균일하고 지속적으로 잉크가 나옵니다. Pazto 배럴은 둥글고 단단한 그립감을 가지고 있으며 편안함을 느끼며 종이에 잡고 쓸 때 피곤하지 않습니다. 이 저점도 볼펜은 편안한 그립감을 제공하여 안정적인 잉크 흐름으로 즐겁고 일관된 필기 경험을 보장합니다. 파스텔 색상의 파즈토 펜은 휴식감과 편안함을 제공하며 학습과 작업에 대한 영감을 높입니다. 배럴 색상: 퍼플, 터쿼이즈, 그린, 레몬 옐로우, 핑크.",,"['잉크', '펜', '볼펜', '점도', '블루', '편안함', '필기', '부드럽다']"
사무용품,펜 및 리필,볼펜,,B0B1H1ZLBQ,"Linbsunne 블랙 볼펜 미디엄 포인트 1mm 작업 펜, 매우 부드러운 그립, 남성 및 여성용 접이식 사무실 펜 (6개입 펜 + 리필 3개)",Linbsunne,9681,9681,4.5,5670.0,"매우 부드러운 미끄럼 방지 그립 - 그립이 있어 매우 부드럽고 편안한 촉감을 제공하여 각 볼펜을 쉽게 잡을 수 있습니다. 미디엄 1.0mm 포인트 - 클래식 블랙 펜. 생생한 블랙 잉크 구조로 일상적인 필기 도구로 좋습니다. 오래 지속되는 리필 가능한 잉크로 신뢰할 수 있는 필기감을 제공하며, 볼의 볼 팁은 매끄럽고 잉크가 쉽게 깨지지 않습니다. 빠른 건조 잉크 - 볼펜 잉크 건조 속도는 매우 빠르며 글씨가 매끄럽고 얼룩이 생기지 않으며 밝은 색상으로 빠르게 건조됩니다. 내구성 있는 금속 골드 클립 - 각 펜에는 내구성이 뛰어난 금속 골드 클립이 있어 노트북, 바인더 또는 주머니에 쉽게 고정할 수 있어 시그니처 작업과 일상적인 필기 작업을 할 수 있습니다. 간편한 사용 - 사무실 펜, 시그니처 펜, 성인 및 어린이를 위한 학용품에 이상적입니다.",,"['펜', '잉크', '빠르다', '볼펜', '부드럽다', '블랙', '건조', '필기', '작업', '미디엄']"
사무용품,펜 및 리필,볼펜,,B0B1HBSLMF,Linbsunne 볼펜 미디엄 포인트 1mm 블랙 펜 슈퍼 소프트 그립 볼펜 남성용 여성용 접이식 펜 (6팩 + 리필 2개),Linbsunne,9681,9681,4.6,1317.0,"매우 부드러운 미끄럼 방지 그립 - 그립이 있어 매우 부드럽고 편안한 촉감을 제공하여 각 볼펜을 쉽게 잡을 수 있습니다. 미디엄 1.0mm 포인트 - 클래식 블랙 펜. 생생한 블랙 잉크 구조로 일상적인 필기 도구로 좋습니다. 오래 지속되는 리필 가능한 잉크로 신뢰할 수 있는 필기감을 제공하며, 볼의 볼 팁은 매끄럽고 잉크가 쉽게 깨지지 않습니다. 빠른 건조 잉크 - 볼펜 잉크 건조 속도는 매우 빠르며 글씨가 매끄럽고 얼룩이 생기지 않으며 밝은 색상으로 빠르게 건조됩니다. 고품질 - 제품에 품질 문제가 있는 경우 저희에게 연락하시면 무료로 교체해 드리겠습니다.",,"['잉크', '볼펜', '빠르다', '블랙', '펜', '건조', '리필', '부드럽다', '매끄럽다', '미디엄']"
사무용품,펜 및 리필,볼펜,,B07YV73P3C,"Scriveiner 실버 크롬 만년필 - 24K 골드 마감의 멋진 럭셔리 펜, 슈미트 18K 금박 펜촉(미디엄), 남성 및 여성을 위한 최고의 펜 선물 세트, 전문적, 중역 사무실, 멋진 펜",Scriveiner,45691,45691,4.7,8591.0,"진정한 고급 펜의 느낌을 즐겨보세요 - Scriveiner의 놀라운 고급 볼펜. 24캐럿 금으로 마감된 실버 크롬 황동. 영국 부티크 브랜드의 프리미엄 품질과 절제된 고급스러움. 생각을 쉽게 전달하세요 - 이 제품은 독일의 슈미트 리필을 사용하여 펜이 모든 유형의 종이에 부드럽게 미끄러집니다. 완벽히 무게와 균형이 잡혀 있어 편안하게 필기할 수 있습니다. 매일 쓰는 것을 좋아하는 사람들을 위해 설계된 고급 펜입니다. ★ 동료와 사랑하는 사람들에게 깊은 인상을 주세요 - 펜은 아름다운 선물 상자에 담겨 제공되어 완벽한 선물이 됩니다. 캐주얼 펜, 경영진용 펜, 업무용, 사무실용, 개인적인 용도를 막론하고 Scribeiner 볼펜은 주변 사람들에게 감탄을 끌어낼 것입니다. ★ 우아함, 세련됨 및 절제된 고급스러움을 표현하세요 - Scriveiner 펜은 영국 런던에서 디자인되었으며 클래식한 영국 디자인의 시대를 초월한 특성을 공유합니다. - 고객은 저희가 하는 모든 일의 핵심입니다. 만족스럽지 않은 경우 저희가 바로잡아 드립니다. 저희는 저희 제품의 품질을 잘 알고 있으며 고객이 가능한 한 최고의 제품을 구매하시길 바랍니다.","Scriveiner 럭셔리 볼펜이 헤비웨이트 럭셔리 펜은 실버 크롬 마감과 24캐럿 골드 장식 및 황동으로 아름답게 제작되었습니다. 장인 정신과 재료의 품질은 일반적으로 몇 배나 더 비싼 펜에서만 찾을 수 있습니다. 어떤 환경에서도 깊은 인상을 줄 펜입니다. 경영진 회의실, 카페 또는 길에서 당신의 펜은 감탄하는 시선과 말을 끌어낼 것입니다.훌륭한 글쓰기 경험저희 펜은 독일에서 제조된 슈미트 리필을 사용합니다. 부드러운 필기 스타일에 감탄할 것이며 저희 펜은 아름다운 캘리그래피용으로 완벽합니다.정교한 선물 상자이 펜은 아름다운 외관을 자랑하며 아래에 숨겨진 공간에는 여분의 카트리지 두 개를 보관할 수 있습니다. 기념일, 크리스마스, 생일 또는 그냥 자신을 위해 이 펜을 받는 사람은 누구나 기뻐할 것입니다. 어떤 경우에도 완벽한 선물을 찾고 계신다면 더 이상 찾으실 필요가 없습니다!구성:슈미트 P900 미디엄 블랙 리필이 장착된 볼펜 1개-선물 상자 1개펜 트레이 아래 봉투에 스페어 슈미트 블랙 리필 1개보증 카드편한 마음으로 구매하세요!- - -무엇을 망설이시나요? 지금 장바구니에 담기를 클릭하여 이 아름다운 펜을 주문하세요!","['펜', '선물', '아름답다', '슈미트', '사람', '완벽하다', '리필', '볼펜', '상자', '감탄']"
사무용품,펜 및 리필,볼펜,,B07SRWHPBY,"""Achieve Your Dreams"" 각인 볼펜 선물 펜 - LED 조명 및 스타일러스 팁 - 격려와 학생, 졸업생 및 전문가를 축하하는 영감을 주는 럭셔리 펜",Proper Productions,17991,17991,4.5,240.0,"✔ 영감 및 실용성 - 유용하고 세련된 3-in-1 도구뿐만 아니라 꿈이 항상 도달 범위 내에 있음을 상기시켜줍니다. ✔ 품질 우선 - 정교하게 가공되어 새틴 안감 프레젠테이션 케이스에 제공됩니다. ""축하합니다!"" 라고 말하는 완벽한 방법입니다. 직원 및 동료 또는 대학생 및 고등학생을 위한 졸업 선물로 좋습니다. ✔ 화면을 깨끗하게 유지 - 고무 스타일러스 팁으로 화면에 지문이나 기타 덩어리를 남기지 않고 터치 스크린 장치를 사용할 수 있습니다. ✔ 길을 밝히세요 - 더 이상 손전등을 사용하기 위해 휴대폰을 꺼낼 필요가 없습니다. 전구 팁을 아래로 눌러 강력한 LED 손전등을 활성화하세요. 배터리 크기: 3x LR41 또는 L736 또는 AG3 (포함). ✔ 계속 주는 선물 - 볼펜 필기 팁에는 블랙 잉크가 있으며 크로스 스타일 미니 잉크 리필로 리필하여 평생 사용할 수 있습니다. 펜이 마음에 들지 않으시면 질문하지 않고 다시 구매해 드립니다!","Proper Productions ""Achieve Your Dreams"" 각인 선물 펜은 단순한 볼펜 그 이상입니다./또한 어둠 속에서 길을 찾을 수 있도록 도와주는 매우 밝은 LED 조명과 모든 터치 스크린 장치를 정확하고 쉽게 작동할 수 있는 스타일러스가 특징입니다. 고급스러운 포장으로 이 펜은 어떤 경우에도 훌륭한 선물이 됩니다. 사무실에서 고객과 동료를 위한 기업 선물 또는 사랑하는 사람이나 친구를 위한 졸업 선물로 구매하세요. 어떤 상황이든 이 펜은 가장 큰 꿈을 시각화하고 달성하는 데 필요한 영감을 불어 넣는 고급스러운 방법입니다! LR41 또는 L736 또는 AG3 배터리 3개로 교체할 수 있는 배터리가 함께 제공됩니다. 크로스 스타일 미니 잉크 리필과 호환됩니다.","['선물', '펜', '스타일러스', '영감', '볼펜', '잉크', '배터리', '동료', '크로스', '스크린']"
사무용품,펜 및 리필,볼펜,,B0D1RJ6SC9,"COLNK 4가지 색상 볼펜, 멀티컬러 볼펜, 다양한 잉크 색상, 저널링 및 정리용 4-in-1 컬러 펜 0.7 볼펜, 6개 - 12가지 잉크 색상",COLNK,17991,17991,4.2,33.0,"볼펜 0.7은 4가지 색상이 하나로 제공되며 각 펜은 다른 색상과 4가지 색상이 있습니다. 한 팩에는 총 12가지 잉크 색상이 포함되어 있습니다. 하나의 펜에 네 가지 색상을 모두 쓰면 작업과 공부가 훨씬 쉬워지고 더 편리합니다. 멀티 컬러 잉크 볼펜은 매우 부드럽게 미끄러지며 번지거나 번지지 않습니다. 색상 코딩 목록, 메모 작성, 작업 정리, 낙서, 코디네이팅, 색칠에 적합합니다 귀여운 미적 다채로운 볼펜은 스타일과 기능성을 결합했습니다. 간호 학교, 학생, 아기방, 여성 및 교사, 소녀, 어린이 어린이 파티 선물로 완벽한 선물입니다. 하나의 4가지 색상 펜은 부드러운 그립이 있어 쓰기 편하고 잡기 쉽습니다. 팩 6개(12가지 잉크 색상): 레드, 옐로우, 블루, 블랙, 퍼플, 오렌지, 그린, 브라운, 스카이 블루, 마젠타, 플럼, 터쿼이즈",,"['볼펜', '잉크', '펜', '컬러', '작업', '블루', '부드럽다', '어린이', '정리', '선물']"
사무용품,펜 및 리필,볼펜,,B01EB6N5K0,"Paper Mate InkJoy 300RT 똑딱이 볼펜, 중간 볼팁, 여러 가지 혼합, 4 팩 (1945906)",Paper Mate,33406,10470,4.6,771.0,매우 부드러운 블랙 잉크로 재미와 아이디어가 흐르도록 합니다 신뢰할 수 있고 유동적인 1.0mm 미디엄 팁은 처터 끝까지 굵은 선을 그립니다 접이식 디자인으로 클릭 한 번으로 쓸 수 있습니다 편안한 그립은 손에 닿는 느낌이 좋습니다 블랙 볼펜 36개 포함,"클릭하고 웃으며 가세요! Paper Mate InkJoy 300RT 접이식 볼펜은 단어와 아이디어를 대담한 블랙 색상으로 흐르게 합니다. 매우 매끄러운 필기 시스템으로 절대 끌리지 않으며, 각 볼펜은 편안한 고무 그립이 있어 손에 닿는 느낌이 좋습니다. Paper Mate InkJoy로 활기를 불어넣고 기쁨을 퍼뜨리세요","['볼펜', '블랙', '손', '편안하다', '클릭', '느낌', '좋다', '접이식', '아이디어', '딱이다']"
사무용품,펜 및 리필,볼펜,,B09BZ2VJDT,"WY WENYUAN 볼펜 12개, 편안한 필기 펜, 파스텔 접이식 예쁜 저널링 펜, 블랙 잉크 미디엄 포인트 1.0mm 선물 펜, 귀여운 펜 여성용 사무용품",WY WENYUAN,8282,8282,4.5,3232.0,"【12개의 독특한 파스텔 배럴】: 12가지 파스텔 배럴은 일상 생활에서 더 많은 재미를 제공하고 편안한 느낌을 줍니다. 이 젤 잉크 펜은 학교, 사무실 및 가정에 적합합니다. 글쓰기, 일기, 메모, 밑줄, 스케치 등에 이상적입니다. 【블랙 잉크】: WY WENYUAN 12팩 1mm 접이식 파스텔 젤 펜은 모두 블랙 잉크가 포함되어 있습니다. 중성 및 무독성 젤 잉크 펜은 일상적인 쓰기, 마킹 및 서명에 대한 요구 사항을 충족합니다. 매일 사용하기에 완벽한 선택입니다. 【부드러운 필기】: 클릭 펜, 내구성이 뛰어나며 장기간 사용하기에 적합합니다. 1.0mm 중간 포인트, 블랙 잉크는 건조하기 쉽고 얼룩이 생기지 않습니다. 잡기 쉽고 안정적인 클립으로 노트북이나 주머니에 쉽게 연결할 수 있으며 휴대가 쉽습니다. 【완벽한 선물】: 선생님, 사무실 동료, 동료, 상사, 매니저, 친구, 여성 상사, 신부 파티, 처녀 파티, 생일, 소녀, 동료, 이벤트 게스트 북, 팀 선물, 청소년, 아가씨 소녀 선물, 친구 및 가족에게 좋은 분위기를 퍼뜨리거나 큰 것부터 작은 것까지 모든 행사에 적합합니다. 여성을 위한 완벽한 블링! 【문의】: 주문에 문제가 있는 경우 이메일을 보내거나 직접 문의하십시오. 행복한 쇼핑을 기원합니다!",,"['펜', '잉크', '선물', '블랙', '파스텔', '완벽하다', '동료', '접이식', '친구', '상사']"
사무용품,펜 및 리필,볼펜,,B08JS2GK3S,"BIC PrevaGuard Clic Stic 볼펜, 박테리아 성장을 억제하는 내장 보호 기능, 미디엄 포인트 (1.0mm), 블랙, 12개입",BIC,17991,10899,4.6,1677.0,"상징적인 Clic Stic 볼펜이 이제 펜에 PrevaGuard가 있습니다. 펜의 신선함을 향상시키고 얼룩과 펜 분해를 방지하는 에이전트가 포함되어 있습니다. 플라스틱이 파손되지 않는 한 약제는 플라스틱의 수명 동안 지속되어야 합니다 1.0mm 미디엄 포인트는 글을 쓸 때 잉크를 고르게 퍼뜨리고 생생하고 눈에 잘 띄는 선을 만들어 메모, 제도, 낙서 및 기타 필기 활동에 이상적입니다. 가정, 학교, 사무실, 레스토랑 또는 기타 소규모 비즈니스를 위한 훌륭한 선택입니다","BIC Clic Stic은 여러분이 알고 사랑하는 상징적인 펜입니다. BIC PrevaGuardClic Stick을 소개하게 된 것을 자랑스럽게 생각합니다. 클래식한 BIC Clic Stic 펜은 글을 쓸 때 잉크를 고르게 퍼뜨리는 중간 볼펜이 특징이며, 필기, 제도, 낙서 및 기타 필기 활동에 이상적인 생생하고 눈에 잘 띄는 선을 만듭니다. 유연한 원형 배럴은 부러지지 않는 포켓 클립이 부착되어 손에 편안하게 맞아 펜을 옷에 고정하여 가까이 둘 수 있습니다.","['펜', '필기', '볼펜', '생생하다', '낙서', '제도', '미디엄', '퍼뜨리', '포인트', '활동']"
사무용품,펜 및 리필,볼펜,,B0BB4T93XY,"Paper Mate Write Bros 볼펜 스틱 펜, 블랙 배럴이 있는 블랙 잉크, 1mm 미디엄 포인트 - 8팩 (2140570)",Paper Mate,6080,6080,4.6,358.0,볼펜 디자인 1mm 미디엄 포인트 캡 디자인으로 팁을 보호하고 숨깁니다 간편한 운반을 위한 포켓 클립 포함,"블랙 배럴 1mm 볼펜 스틱 펜이 있는 Paper Mate Write Bros 블랙 잉크로 사무실을 비축하세요. 볼펜 디자인 덕분에 매끄럽고 균일한 스트로크를 만들어 번짐과 얼룩을 방지할 수 있습니다. 1mm 포인트는 읽기 쉬운 쓰기를 위한 완벽한 두께입니다. 이는 시설의 비즈니스 사무실, 리셉션 데스크 또는 집 앞 직원에게 이상적인 전문 옵션입니다. 이 펜은 사용하지 않을 때 팁을 보호하고 숨길 수 있는 캡 디자인이 있습니다. 포켓 클립은 쉽게 운반할 수 있으며 직원이 각 펜을 추적할 수 있도록 도와주어 가장 필요할 때 항상 손에 들고 다닐 수 있습니다. 펜은 모든 시설에 경제적이고 실용적인 추가 아이템입니다!","['펜', '디자인', '볼펜', '블랙', '포인트', '포켓', '운반', '미디엄', '보호', '사무실']"
사무용품,펜 및 리필,볼펜,,B07RFNQFYY,"Pilot, Precise V5 RT 리필 가능 & 접이식 롤링 볼펜, 엑스트라 파인 포인트 0.5mm, 블랙, 6개 팩",PILOT,19459,19459,4.8,5407.0,"부드러운 필기 액체 잉크: 종이 전체에 쉽게 미끄러져 일관된 스트로크와 건너뛰기 없는 글씨를 제공합니다. 내구성이 뛰어난 텅스텐 카바이드 초미세 팁으로 제작되었습니다 특허받은 정밀 포인트 기술: Pilot의 Precise 펜은 매번 깨끗하고 정확한 선을 제공하는 정밀 팁이 특징이며, 놀라운 디테일로 글쓰기나 창의성에 생명을 불어넣습니다 다용도: 메모를 작성하거나 식료품 목록을 적어두기에 적합합니다. 광택, 글쓰기, 드로잉, 디자인, 스케치 또는 낙서 경험을 위해 부드럽게 쓸 수 있습니다 탁월한 편안함 및 제어: 부드러운 고무 그립은 탁월한 제어력을 제공하면서 편안한 필기 경험을 제공합니다 펜에 힘: 젤 잉크, 지울 수 있는 롤링 볼, 볼펜, 만년필, 드라이 지우개 마커 등을 포함한 Pilot의 혁신적인 필기 도구 라인으로 쉽게 자신을 표현하세요","Pilot Precise V5 RT 롤링 볼펜으로 편안함, 정밀도 및 매끄러움의 완벽한 조화를 발견하십시오. 중요한 문서에 서명하거나, 메모를 적거나, 예술적 노력을 통해 창의성을 표현하든, Precise 펜은 놀라운 제어력과 정교함으로 아이디어가 흐르도록 합니다. Pilot의 정밀 포인트 기술이 특징인 이 펜은 모든 스트로크마다 깨끗하고 정확한 라인을 제공합니다. 매우 부드럽고 건너뛰지 않는 필기 경험을 제공하는 쉽게 미끄러지는 액체 잉크 펜으로 글쓰기나 예술의 걸작을 만들어보세요. 0.5mm 펜 포인트 사이즈는 더 섬세하고 정확한 필기 스타일을 제공합니다. 복잡한 디테일을 만들고, 작은 공간에 쓰고, 더 높은 정확도를 얻을 수 있습니다. 보관 안전 및 중성 블랙 잉크는 오래 지속되고 변색 방지 기능이 있어 문서를 오랫동안 사용할 수 있습니다. Pilot V5 RT 리필(별도 판매)으로 리필하여 폐기물을 줄이고 원하는 만큼 자주 재사용할 수 있습니다. 이 세련된 펜은 금속 클립이 있는 편리한 접이식 디자인으로 쉽게 휴대할 수 있습니다. 미국에서 가장 인기 있는 롤링 볼 펜 브랜드로 다양한 생생한 색상으로 제공되는 Precise로 글쓰기를 향상시키세요.","['펜', '필기', '롤링', '포인트', '부드럽다', '글쓰기', '잉크', '제어', '경험', '정밀']"
사무용품,펜 및 리필,볼펜,,B077HQ9Y18,"Cambond 블랙 펜 볼펜 - 블랙 잉크 벌크 펜 1.0mm 미디엄 포인트 부드러운 필기 사무실 펜, 남성 여성 경찰 유니폼 사무실 비즈니스, 10팩 (블랙)",Cambond,12451,12451,4.3,5532.0,"클래식 블랙 펜: 블랙 볼펜은 남성, 경영진, 비즈니스, 사무실, 대학, 승무원, 경찰관, 방명록 펜, 웨딩 펜, 유니폼 펜, 동료 선물 등에 완벽하게 맞습니다 매끄러운 필기 금속 펜: 블랙 골드 펜은 일관된 잉크 흐름을 제공하여 부드러운 필기 경험을 제공합니다 (약 필기 길이: 500미터) 편안한 파인 포인트 펜: 쓰기 편안함을 위한 완벽한 무게와 둥근 배럴, 수표 서명, 메모 작성, 양식 작성 등에 필요한 모든 요구 사항을 충족합니다 교체 가능한 잉크가 있는 멋진 펜: 표준 리필을 사용하여 Cambond 금속 펜은 시장에서 교체 카트리지를 쉽게 구입할 수 있습니다(아마존에서 ""Cambond 볼펜 리필""을 검색하여 다양한 색상 리필을 받으세요) 멋진 펜 대량 선물: 크리스마스, 화이트 코끼리 선물 교환, 새해, 졸업식, 비즈니스, 남성, 선생님, 아버지의 날 등을 위한 완벽한 선물",,"['펜', '블랙', '선물', '필기', '비즈니스', '잉크', '볼펜', '리필', '완벽하다', '남성']"
사무용품,펜 및 리필,볼펜,,B0BT1WQ5Y7,"BEILUNER 럭셔리 볼펜, 24K 골드 트림이 있는 비할 데 없는 럭셔리 펜, 정교한 제품 디테일, 슈나이더 펜 리필, 정교한 가죽 박스 - 남성 및 여성을 위한 최고의 펜 선물 세트 - 전문적이고 멋진 펜",BEILUNER,40151,40151,4.3,194.0,"☆손에 있는 고급스러움 - 이 클래식 볼펜은 아름다운 주얼리 수준의 장인 정신이 있는 24k 금 도금 트림 덕분에 시각적 프로필을 새로운 수준의 고급스러움으로 끌어올립니다. 가지고 있으면 가장 좋아하는 펜 중 하나가 될 것입니다. 비교할 수 없는 필기 경험 - 독일의 슈나이더 잉크 리필을 사용하여 탁월한 부드러운 필기 경험을 제공하여 생각을 쉽게 표현할 수 있습니다. 아이디어를 위한 펜을 들고 있으면 기분이 좋아집니다. 멋진 선물 펜 세트 - 프리미엄 품질과 절제된 고급스러움을 표현하는 24K 골드 마감의 블랙 래커 펜 배럴. 아름다운 가죽 상자에 담겨 제공됩니다. 고품질의 독특한 선물 - 생일, 크리스마스, 졸업식, 아버지의 날 및 어머니의 날에 이상적입니다. ☆이상적인 펜 웨이트 디자인--완벽한 무게와 균형이 잡혀 있어 BEILUNER 럭셔리 볼펜으로 훨씬 더 오래 쓸 수 있습니다. 잘 디자인된 펜의 무게는 글쓰기나 서명용으로 사용하기에도 매우 편안합니다. BEILUNER : BEILUNER 는 고객에게 우수한 서비스와 고품질 제품을 제공할 것을 약속합니다. 고객 만족이 저희의 궁극적인 목표입니다. 펜에 만족하지 않으신다면 저희가 바로 제품을 만들기 위해 여기에 있습니다. 저희는 저희 제품 품질을 정말로 알고 있으며, 최고의 펜을 받을 자격이 있다고 믿습니다.",,"['펜', '고급스럽다', '럭셔리', '볼펜', '선물', '필기', '정교하다', '경험', '골드', '디자인']"
사무용품,펜 및 리필,볼펜,,B00006IE7Y,BIC Clic Stic 리트랙터블 펜 미디엄 포인트 볼 필기구,BIC,15484,15484,4.7,6460.0,리트랙터블 및 합리적인 가격: BIC 클래식. 편안한 라운드 배럴 디자인. 깨짐 방지 포켓 클립.,BIC 클래식인 Clic Stic 볼펜은 편리하고 저렴합니다. 이 접이식 볼펜은 하루 종일 사용하기에 이상적인 편안한 원형 배럴 디자인이 특징입니다. 다용도 1.0mm 미디엄 포인트로 이 펜은 목록 작성부터 메모에 이르기까지 모든 것에 훌륭한 선택입니다. 파손 방지 포켓 클립으로 어디를 가든 Clic Stic 볼펜을 쉽게 휴대할 수 있습니다!,"['볼펜', '펜', '트랙터', '방지', '디자인', '포켓', '포인트', '편안하다', '미디엄', '클래식']"
사무용품,펜 및 리필,볼펜,,B09YN8NLPB,"PASISIBICK 스타일러스 팁이 있는 볼펜 12개, 투인원 스타일러스 스타일리시 펜, 터치 스크린용 프리미엄 메탈 스타일러스 펜, 블랙 잉크, 1.0mm 미디엄 포인트(12팩)",PASISIBICK,13836,13836,4.6,3257.0,"❤【충분한 수량】스타일러스 팁이 있는 충분한 볼펜을 받을 수 있어 일상적인 필요와 교체에 충분합니다. 스타일러스 팁이 있는 단일 볼펜의 크기는 5.5 x 0.4인치/14 x 1cm로 펜에 적합한 크기입니다. 참고: 리필의 잉크는 검은색입니다 ❤【멋진 색상 세트】펜은 다크 그린, 다크 블루, 그레이, 라이트 블루, 스카이 블루, 블랙의 6가지 색상으로 제공됩니다. 각 컬러 펜은 2개의 피스가 있습니다. 이 6가지 종류의 밝고 아름다운 색상 조합으로 보다 편안한 외관과 느낌을 선사하여 기분을 더 행복하게 할 수 있습니다 ❤【실용적인 디자인】2-in-1 디자인은 이 펜에 더 많은 기능을 제공합니다. 종이뿐만 아니라 휴대폰이나 태블릿 화면에서도 메모를 작성하는 데 사용할 수 있습니다. 더 중요한 것은 충전할 필요가 없어 많은 문제를 줄여줍니다. 그립의 이중 링 디자인은 마찰력을 증가시키고 잡을 때 쉽게 떨어지는 것을 방지합니다 ❤【고품질 소재】펜 홀더는 고품질 금속 소재로 만들어져 편안하고 내구성이 뛰어난 프레스 타입 디자인으로 언제든지 잉크가 흐르지 않고 물이 아닌 펜 캡이 떨어지는 것에 대해 걱정할 필요가 없습니다. 탄성 스프링을 사용하여 펜 바디 스프링 내부에서 모든 프레스가 인덕션을 가질 수 있도록 하여 쉽게 쓰거나 만질 수 있습니다 ❤【적절한 선물 선택】스타일러스 팁이 있는 PASISIBICK 볼펜은 30.5cm(12인치)의 충분한 수량과 아름다운 다양한 색상으로 남성과 여성이든 친구들과 공유할 수 있습니다. 어떤 색상으로 친구를 좋아할 수 있습니다. 그리고 이 펜의 우아한 외관과 부드러운 잉크로 친구에게 특별한 경험을 선사할 수 있습니다","특징: 다양한 장치와의 광범위한 호환성: 스타일러스 팁이 있는 볼펜은 다양한 브랜드의 터치 스크린 장치와 호환되어 편리합니다. 휴대폰부터 태블릿까지 모든 곳에서 쉽게 사용할 수 있습니다. 아름답고 세련된 디자인: 스타일러스 팁이 있는 눈길을 끄는 볼펜은 편안한 그립과 적절한 무게를 제공하여 유창하게 쓸 수 있습니다. 눈길을 끄는 이 금속 펜은 파티, 회의, 무역 박람회, 기업 행사 및 기타 다양한 행사에 적합한 가장 인기 있는 선물이 될 것입니다. 소재: 금속. 색상: 다크 그린, 다크 블루, 그레이, 라이트 블루, 스카이 블루, 블랙 사이즈: 5.5 x 0.4 인치/14 x 1 cm 참고: 제품 크기는 손으로 측정하므로 약간의 오차가 있을 수 있습니다. 손상과 변형을 피하기 위해 단단한 물체로 제품을 치지 마십시오. 조명과 디스플레이 화면의 영향으로 제품 색상은 실제 물체에 따라 달라집니다.","['펜', '스타일러스', '블루', '볼펜', '디자인', '충분하다', '잉크', '다크', '필요', '아름답다']"
사무용품,펜 및 리필,볼펜,,B0CGCMY2RY,Zebra Pen Zebra 블랙 펜 - 40팩 - Zebra Z 그립 볼펜 - 0.7mm 파인 포인트 - 접이식,Zebra,27658,27658,4.9,41.0,"펜 40개 벌크 팩 - 이 벌크 팩에는 0.7mm의 파인 포인트 볼펜 팁이 있는 40개의 블랙 잉크 펜이 포함되어 있습니다. Z 그립 디자인은 저점도로 부드러운 필기 경험을 보장하여 더 빠른 쓰기 속도와 건너뛰기 없는 쓰기를 허용합니다. ZGRIP 펜 - 부드러운 라텍스 프리 고무 그립은 편안함을 높이고 플라스틱 배럴은 잉크 공급이 쉽습니다. 펜은 대학, 학교 및 사무실에 적합합니다. 금속 포켓 클립 - Pen Zebra Z 그립 펜 편리한 금속 포켓 클립으로 빠르고 쉽게 사용할 수 있으며 좋아하는 펜을 잃어버리지 않습니다. 대담한 블랙 잉크 - 신뢰할 수 있는 얼룩말 블랙 잉크 펜 젤 잉크와 솔리드 펜 구조로 매일 쓸 수 있습니다 ZEBRA 블랙 펜 - 훌륭한 가치, 성능, 편안함 및 스타일을 제공하는 40개의 고품질 메모 볼펜. 메모 작성 등에 적합합니다.",0.7mm 포인트 크기의 접이식 볼펜은 저점도 잉크로 매우 부드러운 필기 경험을 제공합니다. 라텍스 프리 고무 그립으로 장시간 사용해도 펜을 편안하게 잡을 수 있어 손의 피로를 방지합니다. 튼튼한 금속 포켓 클립은 다양한 위치에 쉽게 고정되어 빠르게 보관하고 쉽게 사용할 수 있습니다.,"['펜', '잉크', '블랙', '볼펜', '빠르다', '클립', '부드럽다', '포켓', '포인트', '금속']"
사무용품,펜 및 리필,볼펜,,B0CNX4CQNJ,"멀티컬러 펜, 접이식 다양한 색상 잉크 펜, 미끄럼 방지 그립, 사무실, 학교 및 선물에 적합, 볼펜 멀티 컬러 펜 4 in 1 (8)",Colourcolor,9681,9681,4.4,64.0,"【다양한 색상】: 4-in-1 펜은 블랙, 블루, 레드, 그린의 네 가지 색상으로 제공됩니다. 노트의 초점을 구별하기 위해 사용하기 쉽습니다. 【부드러운 필기】: Colourcolor 멀티 컬러 펜은 매우 부드러운 필기로, 잉크가 새지 않으며 잉크가 깨지지 않으며 오랫동안 계속 쓸 수 있습니다. 【미끄럼 방지 그립】: 이 4-1 볼펜에는 실리콘 미끄럼 방지 그립이 있어 부드러운 필기와 잡기 쉽습니다. 【최고의 선물】: 4-in-1 볼펜은 8가지 귀여운 색상의 플라스틱 쉘 8개 상자에 담겨 제공되며, 8피스 1팩으로 친구, 반 친구, 선생님, 동료, 상사 등에 줄 수 있습니다. 다이어리 쓰기, 메모 작성 등에 사용할 수 있습니다. 【서비스 보장】: 당사의 4-in-1 볼펜은 우수한 품질과 귀여운 디자인으로 훌륭한 선택입니다. 나중에 질문이 있으시면 환불을 위해 반품하거나 언제든지 저에게 연락하실 수 있습니다. 행복한 쇼핑을 기원합니다!","멀티컬러 펜, 접이식 다양한 컬러 잉크 펜, 미끄럼 방지 그립, 사무실, 학교 및 선물, 볼펜 멀티 컬러 펜 4 in 1","['펜', '컬러', '볼펜', '멀티', '방지', '미끄럼', '잉크', '선물', '부드럽다', '필기']"
사무용품,펜 및 리필,볼펜,,B09Y5XJ4Z1,"볼펜 블랙 리필, 럭셔리 볼펜, 선 너비 0.5mm, 남성 및 여성 전문 경영진, 사무실을 위한 최고의 볼펜 선물 세트, 멋진 볼펜, 고급스러운 선물 상자 (로즈 골드)",YIVONKA,13836,13836,4.4,399.0,"★간편한 필기 경험: 저희 펜은 0.5mm 중간 포인트와 고품질 블랙 잉크로 모든 유형의 용지에 부드럽게 미끄러져 쉽게 쓸 수 있습니다. ★매끄럽고 세련된 디자인: 심플하고 패셔너블한 펜의 디자인은 인생에서 더 좋은 것을 감상하는 도시인에게 적합합니다. ★편안한 필기 경험: 저희 펜은 필기의 편안함을 위해 완벽한 무게와 균형이 잡혀 있어 매일 글쓰기를 좋아하는 사람들을 위해 디자인된 고급 펜입니다. ★다용도 사용: 저희 펜은 학습, 사무실 글쓰기에 적합하며 친척, 친구 및 비즈니스 파트너에게 절묘한 선물이 됩니다. ★완벽한 패키지: 로즈 골드 펜 1개, 리필 4개, 정교한 선물 상자 1개를 한 패키지에 담으세요. ★만족 보장: 100% 반품을 약속하며 고객 만족이 저희의 사업 목적입니다. 모든 고객에게 사려 깊은 서비스를 제공할 것이므로 안심하고 구매할 수 있습니다.","1. 제품 설명: ★이 정교한 선물 상자 볼펜 세트는 귀중한 직원에게 이상적인 선물이며 도움이 됩니다. 동료 또는 사랑하는 사람들. ★이 펜의 디자인 스타일은 심플하고 패셔너블합니다. 펜 모양 하이라이트. 도시 사람들이 추구하는 단순한 삶! ★이 펜은 강한 그립을 위한 질감 있는 손잡이가 있습니다. 균형 감각이 있고 무겁습니다. 볼 팁의 매끄럽고 깨끗한 라인에 무게가 적혀 있습니다. 2. 사용 시나리오: ★학생들이 공부할 때 글쓰기에 사용할 수 있습니다. ★비즈니스맨이 사무실에서 글을 쓸 수 있습니다. ★친척, 친구 또는 파트너에게 절묘한 선물로 선물할 수 있습니다. 3. 제품 정보: ★펜 무게: 31g, 펜 길이: 13.8cm/5.43인치, 내장 강관, 다층 베이킹 페인트. 용도: 커버 풀링 타입. ★고품질 잉크를 사용하여 펜이 모든 유형의 종이에 부드럽게 미끄러질 수 있습니다. ★잉크 색상을 현지 문구점에서 리필로 교체할 수 있습니다. ★패키지: 펜 1개, 펜 리필 4개, 아름다운 선물 상자, 때로는 아름다운 선물을 줄 것입니다. 4. 완벽한 서비스: ★저희는 100% 반품을 약속하며, 고객 만족은 저희의 사업 목적, 대담하고 확실한 구매입니다. 저희는 모든 고객에게 세심한 서비스를 제공할 것입니다.","['펜', '선물', '볼펜', '디자인', '상자', '서비스', '만족', '잉크', '완벽하다', '글쓰기']"
사무용품,펜 및 리필,볼펜,,B0CN8S86ZH,"볼펜, 블랙 잉크, 0.5mm 파인 포인트, 50개 팩, 빠르고 부드러운 쓰기, 볼펜, 학교, 사무용품용(FO-09-블랙",FLEXOFFICE,24916,24916,4.4,23.0,"니켈 실버 하우징과 내구성이 뛰어난 텅스텐 카바이드 볼이 있는 0.5mm 신뢰할 수 있는 팁. 부드러운 필기 성능, 일정하고 규칙적인 잉크 흐름. 이 볼펜은 편안한 그립감을 제공하여 안정적인 잉크 흐름으로 즐겁고 일관된 필기 경험을 보장합니다. 안정적인 잉크 흐름으로 부드럽고 일관된 필기 성능을 즐기세요. 독일 고품질 블랙 잉크는 ASTM D-4236 및 EN 71/4 표준을 준수합니다. 클래식하고 인기 있는 디자인의 이 볼펜은 분명 가장 좋아하는 아이템이 될 것입니다.",,"['잉크', '볼펜', '필기', '블랙', '부드럽다', '성능', '안정', '일관']"
사무용품,펜 및 리필,볼펜,,B07D4YVZXS,"Pentel BX480BP2D RSVP 슈퍼 RT 볼펜, (1.0mm) 미디움 라인, 그린 잉크, 2개입",Pentel,8822,8822,4.6,5028.0,"드래그, 얼룩, 건너뛰기 또는 긁히지 않는 쉽게 쓸 수 있는 매우 부드러운 볼펜 잉크 우아한 금속 액센트 및 쿠션 처리된 윤곽 그립으로 피로 없이 쉽게 쓸 수 있습니다 배럴 색상은 잉크 색상과 일치합니다 0. 7mm 금속 팁은 미세한 선을 쓸 수 있으며 1. 0mm 금속 팁은 중간 선을 씁니다 리필: Bxl10","Pentel RSVP 슈퍼 랫 리트랙터블 볼펜은 펜텔의 최신 매우 부드러운 볼펜 잉크가 특징입니다. 특별한 저점도 잉크 포뮬러는 끌림, 얼룩 또는 긁힘을 방지하여 그 어느 때보다 부드러운 필기를 제공합니다. 펜에는 우아한 금속 악센트와 편안하고 윤곽이 잡힌 라텍스 프리 그립이 포함되어 있어 피로 없이 쉽게 쓸 수 있습니다. 매끄러운 배럴 디자인으로 손에 닿는 느낌이 좋습니다. 배럴 색상은 내부의 잉크 색상과 일치합니다. 1. 0mm 팁은 중간 선을 씁니다. (Bxl10) 잉크 리필로 리필 가능. 각 펜은 제한된 수명을 지원합니다.","['잉크', '볼펜', '금속', '부드럽다', '슈퍼', '얼룩', '우아하다', '윤곽', '일치', '중간']"
사무용품,펜 및 리필,볼펜,,B07JWHGBQJ,"선물 상자가 있는 볼펜, 남성 여성 경영진 비즈니스 사무실 학교 용품, 리필 가능한 1.0mm 블랙 잉크 B5 (로즈 골드)",Penneed,22146,22146,4.6,862.0,"★최고의 필기 품질––– 매우 부드러운 필기 경험, 누출 없음, 얼룩 없음. 1.00mm 팁은 완벽한 너비의 안정적인 잉크 흐름을 쉽게 제공합니다. 잉크는 빠르게 건조되고 색이 바래지 않습니다. 각 펜은 프리미엄 가죽 선물 케이스와 함께 제공됩니다. ASIN ""B07KQWN1YS""를 검색하여 B5 펜 리필을 확인하세요 ★견고한 구조 및 인체 공학적 디자인–––– 우수한 구리로 만든 스테인리스 스틸 바디. 완벽한 균형과 적절한 무게를 가지고 있으며 손에 편안함을 느낍니다. 멋진 스냅으로 정확하고 단단히 클립을 끼우고 뺄 수 있습니다. ★매우 고급스러운 외관––– 로즈 골드 트림으로 강조된 매끄러운 래커 마감으로 좋은 시야와 촉감을 제공합니다. 글을 쓸 때 실질적이고 고급스러운 느낌. 펜은 항상 금속 광택을 유지하며 마모 흔적이 없습니다. ★다용도––– 간단한 글쓰기뿐만 아니라 사무실, 집, 학교, 야외, 여행 휴가, 결혼, 생일, 파티, 축제, 캠페인, 축하, 특별 이벤트, 비즈니스, 홍보 및 광고, 직원 혜택 및 콘테스트 상품 등에도 적합합니다. ★멋진 선물 옵션––– 각 펜은 섬세한 벨벳 상자에 담겨 있습니다. 다양한 취향에 맞는 4가지 클래식하고 세련된 색상. 경영진, 임원, 전문가, 학자, 교수, 변호사, 의사, 간호사, 사업가, 관리자, 상사, 동료 또는 고객에게 선물하거나 아버지, 형제 또는 남편을 위한 깜짝 선물로 완벽합니다. 또한 하나를 구입하여 자신에게 보상할 수 있습니다!","독특한 글쓰기 경험 이 펜은 부드러운 필기 경험을 제공합니다. 정밀한 글씨를 위해 미세한 선을 더 선명하고 명확하게 만들어 손글씨를 향상시킵니다. 매일 사용하기에 좋은 펜입니다. 매우 편안한 펜 그립 당사의 스테인리스 스틸 펜 바디는 완벽한 그립과 균형을 갖추고 있어 필기할 때 손에 편안하게 고정됩니다. 손목이나 손에 부담 없이 몇 시간 동안 글을 쓸 수 있습니다. 전문적인 디자인 및 매끄러운 외관 품질과 스타일을 염두에 두고 디자인되었습니다. 우아하고 고급스러운 스테인리스 스틸 올 메탈 바디 펜은 세련된 룩을 원하는 모든 사람에게 이상적입니다. 기분 좋은 선물, 주고 받기. 럭셔리 펜 선물 세트를 사용하면 사랑하는 가족, 좋아하는 친구부터 중요한 동료 및 소중한 고객에 이르기까지 받는 사람의 얼굴에 감사의 표정을 확실히 볼 수 있습니다. 자신을 위한 완벽한 선택을 하고 계시나요? 아니면 인생의 특별한 사람들에게 고급스럽고 우아한 선물을 제공하고 계신가요? 이 모델에 대한 세부 정보: 이 시리즈는 눈길을 끄는 4가지 색상으로 제공되며, 각 색상은 환상적이고 독특합니다. 럭셔리 골드는 정말 웅장하고 화려하며 감각적인 자신감, 번영 및 낙관주의를 전달합니다. 화려한 로즈 골드는 정말 화려하고 아름답습니다. 우아한 실버는 깔끔하고 단정하며 조용한 패션 감각을 전달합니다. 팬시 다크 그레이 액센트 로즈 골드 트림은 창의적이고 스타일리시하며 매력적입니다. 사양 잉크 색상: 블랙. 펜촉 사이즈: 1.00mm/0.04인치. 소재: 스테인리스 스틸. 펜 길이: 14cm/5.5인치 펜 무게: 50g/0.11파운드 유용한 팁 1. 잉크 흐름이 번지지 않도록 사용하기 전에 롤러 볼 주변의 보호 왁스를 완전히 제거해야 합니다. 2. 리필을 지금 사용할 수 있습니다. ""Penneed"" 또는 ASIN ""B07KQWN1YS""를 검색하여 B5 펜 리필을 확인하세요.","['펜', '선물', '잉크', '골드', '완벽하다', '리필', '스테인리스', '스틸', '고급스럽다', '필기']"
사무용품,펜 및 리필,볼펜,,B0CJ7S2Q3Q,"6피스 럭셔리 메탈 파인 포인트 볼펜, 맞춤형 빈티지 컬러 펜 홀더, 남성 및 여성용 최고의 볼펜 선물 세트, 사무용품, 멋진 펜 (펜 6개)",YONCOUX,12451,12451,4.1,60.0,"【고품질 소재】저희 볼펜은 고품질 금속 소재로 만들어져 내구성이 뛰어나고 훌륭한 필기 경험을 제공합니다. 【6가지 색상, 6가지 재미】볼펜 세트는 블랙, 그린, 블루, 오렌지, 그레이, 브라운 등 다양한 색상의 외관을 제공하여 다양한 사람들과 행사의 요구를 충족합니다. 【부드러운 필기】 처터 끝까지 명확한 선이 있는 신뢰할 수 있고 매끄러운 0.5mm 블랙 잉크는 서명과 페인팅 모두에서 글쓰기의 재미와 아이디어의 흐름을 유지합니다. 【정교한 외관】각 금속 볼펜은 광택이 나는 금속 표면과 안정적인 금속 클립이 있는 우아한 디자인이 특징이며, 노트북이나 주머니에 쉽게 부착할 수 있어 휴대가 편리합니다. 실용적일 뿐만 아니라 패션을 더합니다. 【완벽한 선물】이 금속 볼펜 세트는 개인적인 용도로 적합할 뿐만 아니라 선물로 탁월한 선택입니다. 생일, 휴일 또는 기념일 등 친구, 가족 또는 동료를 위한 실용적이고 고품질의 선물이 될 것입니다.",,"['볼펜', '금속', '선물', '펜', '실용', '필기', '블랙', '외관', '재미']"
사무용품,펜 및 리필,볼펜,,B07TZ96MFR,BEILUNER 럭셔리 월넛 볼펜 필기 세트 - 시그니처 경영진 비즈니스 사무용품을 위한 우아하고 멋진 선물 펜 세트 - 추가 리필이 있는 선물 박스 (블랙),BEILUNER,17437,17437,4.6,3607.0,"최고 품질: 이 클래식 볼펜은 메탈릭 마감으로 도금되어 우아함과 매끄럽고 전문적인 느낌을 줍니다. 고품질의 천연 수제 앤티크 월넛 우드, 목재 펜 빈티지 컬렉션으로 제작, 부식 방지 및 가볍고 편안한 필기감을 제공합니다. 부드러운 필기 경험: 이 펜은 부드러운 필기 경험을 제공하며 미세한 선을 더 선명하고 선명하게 만들어 필기를 향상시킵니다. 0.5mm의 초미세 포인트 팁은 지저분함 없이 만년필처럼 매끄럽게 정확하고 새지 않으며 디테일한 필기를 제공합니다. 균형이 잘 잡히고 손에 편안한 느낌을 줍니다. 패키지: 레트로 느낌의 펜, 정교한 포장, 뛰어난 솜씨. 호두나무 볼펜 1개, 선물 상자 1개, 쉽게 교체할 수 있는 스테인리스 스틸 블랙 잉크 리필 1개가 포함되어 있어 매일 사용하기에 최고의 펜입니다. 노트북, 저널, 플래너, 리갈 패드, 초대 카드 및 거의 모든 종이 표면에 사용하기에 이상적입니다. 훌륭한 선물 옵션: 각 펜은 아름답고 장식적인 블랙 박스와 함께 제공됩니다. 가족, 연인 및 직장 파트너를 위한 앤티크 패션 및 우아한 선물 펜. 생일, 졸업식, 기념일, 결혼식, 크리스마스를 위한 멋진 선물로 기억에 남는 인상을 남깁니다. : 성실하고 신뢰할 수 있는 판매자로서, 우리는 고객에게 우수한 품질의 제품과 훌륭한 서비스를 제공할 것을 약속합니다.","평생 지속되는 아름다운 수제 나무 펜 빈티지 컬렉션 신중하게 매치된 펜 세트와 가죽 노트는 귀중한 스타일을 표현합니다. BEILUNER 럭셔리 나무 볼펜 필기 세트와 가죽 노트와 같은 클래식한 조합은 여행에 좋은 동반자가 될 것입니다. 앤티크 또는 빈티지 제품을 좋아하는 모든 사람에게 적합합니다. 고품질 최고 품질의 소재와 장인 정신만을 사용하여 경쟁사와 차별화할 수 있습니다. 각 펜은 친환경 재생 가능한 100% 천연 목재로 제작되었습니다. 블랙 잉크 및 0.5mm 미디엄 포인트. 각 볼펜은 0.5mm 미디엄 펜촉과 블랙 잉크가 있습니다. 글씨를 쓸 수 있는 부드러운 롤링 볼 포인트로 잉크를 건너뛰지 않고 고르게 안정적으로 퍼집니다. 볼펜은 부드럽게 쓸 수 있으며 빠르게 쓸 수 있으며 종이에 긁히거나 얼룩이 생기지 않습니다. 이 모델에 대한 세부 정보 이 시리즈는 네 가지 소재로 제공되며, 각 제품은 환상적이고 독특합니다. 대나무 볼펜은 정말 화려하며 감각적인 자신감, 번영 및 낙관주의를 전달합니다. 로즈우드 볼펜은 특히 여성들에게 정말 화려하고 아름답습니다. 월넛 볼펜은 깨끗하고 깔끔하며 조용한 패션 감각을 전달합니다. 나무 볼펜은 창의적이고 스타일리시하며 매력적입니다. 선물 아이디어 비즈니스 스타일 볼펜은 자신, 사랑하는 사람, 동료, 비즈니스 전문가, 학교 학생, 경영진, 작가, 축제 선물로 완벽합니다. 패키지 -월넛 볼펜 1개 - BEILUNER 선물 상자 1개. - 0.5mm 블랙 잉크 리필 1개. 주의 사항 펜은 진짜 나무 소재로 제작되었습니다. 모든 나무 펜 색상과 질감은 다르거나 자연스러운 자국이 있습니다.","['펜', '볼펜', '선물', '필기', '블랙', '잉크', '나무', '부드럽다', '월넛', '우아하다']"
사무용품,펜 및 리필,볼펜,,B001GAOTVE,"Pilot Precise V7 스틱 롤러 볼펜, 파인 포인트, 0.35mm, 블루 배럴/잉크 (35349), 12개입",PILOT,26467,26467,4.6,5266.0,"편리한 디자인: 실수로 얼룩과 얼룩을 방지하는 캡핑 펜의 편리함을 즐기세요. 투명한 배럴을 사용하면 잉크 레벨을 모니터링할 수 있어 예기치 않게 소모되지 않습니다 부드러운 필기 액체 잉크: 종이에 쉽게 미끄러져 일관된 획과 건너뛰기 없는 필기를 제공하여 깔끔하고 전문적인 문서를 제공합니다 특허받은 정밀 포인트 기술: Pilot의 Precise 펜은 매번 깨끗하고 정확한 선을 제공하는 정밀 팁이 특징이며, 놀라운 디테일로 글쓰기나 창의성에 생명을 불어넣습니다 다용도: 메모를 작성하고 식료품 목록을 적어두기에 적합합니다. 광택이 나고 오류가 없는 글쓰기, 드로잉, 디자인, 스케치 또는 낙서 경험을 위해 부드럽게 쓸 수 있습니다 미적 학용품 지울 수 있는 멀티 컬러 샤피 g2 프릭션 글리터 컬러풀 일본 벌크 오피스 메탈릭 컬러링 스크랩북 카와이 플래너 하이라이터 라이터 학생 어린이 연필 재사용 가능한 화이트보드 교사 편집 대학","Pilot Precise V7 롤링 볼펜은 일관된 흐르는 스트로크를 유지하는 독특한 액체 잉크 포뮬러가 특징입니다. 특허받은 정밀 니들 포인트 기술로 각 펜에는 부드럽고 균일한 잉크 흐름을 위한 링 잉크 공급 장치가 있으며 눈에 띄는 잉크 공급 장치로 잉크가 얼마나 남았는지 확인할 수 있습니다. 이 펜은 0.7mm 파인 포인트 텅스텐 카바이드 팁과 함께 제공되며 다양한 색상(별도 판매)으로 제공되어 강조, 정리 및 색상 코드 정보를 강조합니다. 만능 품질의 펜 - 오늘 하나 고르세요!/Precise V Pens write through layers of copies. Concentric ring ink feeder system delivers an even, continuous flow of ink, ensuring the same density of ink from start to finish. Pen offers a large, visible ink supply for longer writing capacity. Pens are nonrefillable.","['잉크', '펜', '포인트', '정밀', '부드럽다', '액체', '공급', '편리하다', '볼펜', '라이터']"
사무용품,펜 및 리필,볼펜,,B0052CEJL2,"PILOT Precise V5 리트랙터블 롤링 볼펜, 액체 잉크, 엑스트라 파인 포인트(0.5mm) 블랙 잉크, 펜 8개",PILOT,31868,21633,4.8,6143.0,"PILOT 정밀한 V5 RT: 이 프리미엄 리트랙터블 롤링 볼펜은 특허받은 초미세 정밀 팁이 있어 매번 부드럽고 건너뛰지 않는 필기를 제공합니다. 매우 부드러운 필기를 위한 비교할 수 없는 성능. 정밀한 포인트: 이 접이식 롤링 볼펜의 깔끔한 라인과 부드러운 잉크 전달이 마음에 드실 것입니다. 12가지 멋진 잉크 색상으로 제공됩니다. 정교한 금속 클립이 특징입니다 즐거움을 위한 디자인: Pilot Precise 펜을 좋아하신다면 Precise V5, V5 데코 컬렉션 및 V7 롤링 볼펜의 전체 라인을 사용해 보시고 싶을 것입니다. 캡 및 접이식 옵션으로 제공됩니다 신뢰할 수 있는 품질: 당사는 100년 이상 펜을 제작해왔습니다. 필기하거나 학교 또는 사무용품을 비축하거나 불렛 저널에 글을 쓸 때 Pilot은 완벽한 펜을 제공합니다 펜의 힘: Pilot은 모든 필요에 맞는 탁월한 필기구를 만듭니다. 모든 필기 스타일에 맞는 분수, 볼펜, 접이식 및 지울 수 있는 젤 잉크 펜, 화이트보드 마커 등을 갖추고 있습니다","Precise 프리미엄 롤링 볼펜으로 항상 지키세요. 매우 매끄럽고 손글씨가 향상되고 정밀한 필기 경험을 위한 비교할 수 없는 성능. 정밀한 롤링 볼 리트랙터블 펜은 캡 버전과 동일한 종류의 프리미엄, 정밀 필기 경험을 제공하도록 설계되었습니다. Precise는 PILOT의 매우 부드러운 필기 잉크, 프리미엄 메탈 액센트 및 편안한 그립을 결합하여 어디에서나 세련된 필기 경험을 제공합니다. Precise는 접이식 펜을 선호하고 탁월한 필기 성능을 요구하는 사람들에게 이상적입니다.","['필기', '펜', '롤링', '볼펜', '정밀', '잉크', '부드럽다', '접이식', '프리미엄', '트랙터']"
사무용품,펜 및 리필,볼펜,,B07RZGSQK8,Parker 조터 오리지널 클래식 펜 마감 잉크 필기구,Parker,16606,10526,4.5,10860.0,레트로 터치의 유광 블랙 마감으로 독창적인 아이디어에 영감을 줍니다 상징적인 Parker Jotter 디자인의 유선형 스타일과 깔끔한 라인을 경험하십시오 시그니처 리트랙터블 디자인으로 만족스러운 클릭으로 열립니다 긁힘 방지 플라스틱 바디 최적의 잉크 흐름과 부드러운 필기 경험을 위해 Quinkflow 볼펜 리필이 장착되어 있습니다. 미디엄 포인트. Parker 젤 리필과도 사용할 수 있습니다,"Jotter 오리지널은 1954년부터 생각을 포착하고 새로운 아이디어에 영감을 주는 오리지널 디자인 아이콘입니다. Parker 볼펜의 범위는 조터의 독특한 실루엣, 시그니처 클릭 및 화살표 클립과 레트로 컬러 팔레트를 결합하여 60년 이상의 탁월한 필기력을 제공합니다. Jotter 제품군에 생동감 넘치는 추가 아이템으로 이동 중에도 글쓰기에 완벽한 Parker Jotter 오리지널은 펜의 모든 스트로크에 복고풍 감각을 선사합니다.","['디자인', '아이디어', '영감', '볼펜', '잉크', '마감', '레트로', '클릭', '리필', '펜']"
사무용품,펜 및 리필,볼펜,,B08YVZPG1T,"터치 스크린용 스타일러스 펜, 여성용 및 아동용 크리스탈이 있는 미디엄 포인트 펜, 아이패드용 편안한 그립이 있는 스타일러스 볼펜이 있는 블랙 잉크 펜, 5팩",Linbsunne,13697,10512,4.5,2662.0,"부드러운 필기 - 미디엄 1.0mm 포인트, 클래식 블랙 펜. 생생하고 신뢰할 수 있는 블랙 잉크 구조로 일상적인 필기 도구가 됩니다. 오래 지속되는 리필 가능한 잉크로 신뢰할 수 있는 필기감을 제공하며, 볼의 볼 팁은 매끄럽고 잉크가 쉽게 깨지지 않습니다. 곡선형 고무 슬리브 디자인 - 올바른 펜 고정 자세를 개발할 수 있도록 도와줍니다. 아이들이 글쓰기 연습에 적합합니다. 터치 스크린 스타일러스 펜 - 손으로 쓴 메모를 작성하거나 터치 스크린 장치를 따라갈 때 사용할 수 있는 멋진 펜입니다. 편리함을 위한 디자인 - 각 볼펜에는 내구성이 뛰어난 금속 은색 클립이 있어 노트북, 바인더 또는 주머니에 쉽게 고정할 수 있어 시그니처 작업과 일상적인 필기 작업을 할 수 있습니다. 마음에 드실 겁니다! 지금 구매하고 사용해 보세요! - 손상된 것이 있거나 만족스럽지 않은 경우 판매자에게 자유롭게 연락하십시오. 무료 교환 또는 전액 환불을 제공합니다! 위험 부담 없음.","무엇이 저희가 최고의 선택일까요? 1. 펜 홀더 디자인: 휴대가 간편합니다. 2. 부드러운 글쓰기: 볼의 볼 팁은 매끄럽고 잉크가 쉽게 깨지지 않습니다. 3. 곡선형 고무 슬리브 디자인: 올바른 펜 고정 자세를 개발할 수 있도록 도와줍니다. 아이들이 글쓰기 연습에 적합합니다. 부드러운 그립으로 손에 꼭 맞아 몇 시간 동안 편안하게 글을 쓸 수 있습니다. 사양: 길이: 5.5"" (140mm) 쓰기 포인트: 1MM 미디엄 포인트 이 기회를 놓치지 마세요. 이 입문 제안이 종료되기 전에 이 멋진 펜을 구입하세요. 위로 스크롤하여 지금 장바구니에 담기를 누르기만 하면 됩니다!","['펜', '잉크', '필기', '포인트', '디자인', '부드럽다', '스타일러스', '글쓰기', '미디엄', '블랙']"
사무용품,펜 및 리필,볼펜,,B09BJ8PWYK,"스타일러스 팁이 있는 볼펜, 소프트 터치 클릭 메탈 펜, 1.0mm 미디엄 포인트, 블랙 잉크, 12개(혼합 색상)",Oddmoal,17991,17991,4.6,2042.0,"【패키지 구성】: 스타일러스가 있는 볼펜 12개, 12가지 색상 포함. 【투인원 디자인】: 펜과 스타일러스. 이 스타일러스 펜은 애플 제품, 태블릿, 휴대폰, 컴퓨터 스크린 또는 기타 터치 스크린 장치와 호환됩니다. 【편안한 그립】: 부드러운 고무 배럴은 부드러운 터치 그립을 제공하여 편안함을 더하고, 부드러운 필기감을 제공하며, 적당한 무게로 쉽게 사용할 수 있습니다. 【펜 사이즈】: 14 x 1.5cm(5.5 x 0.6인치), 1.0mm 중간 포인트, 블랙 잉크는 건조하기 쉽고 번지지 않아 얼룩을 유발합니다. 【완벽한 선물】: 이 세련된 필기구는 컨벤션, 무역 박람회, 파티 등에서 방명록 테이블을 위한 완벽한 선물입니다. 학교, 사무실, 가족용으로 적합합니다.",,"['스타일러스', '펜', '부드럽다', '터치', '스크린', '잉크', '선물', '블랙', '볼펜', '완벽하다']"
사무용품,펜 및 리필,볼펜,,B0CN8JHML7,"볼펜, 블랙 잉크, 0.5mm 파인 포인트, 40개 팩, 부드러운 잉크 펜, 볼펜, 투명 페일 바디 (FO-GELB068-블랙)",FLEXOFFICE,20761,20761,4.1,10.0,접이식 클릭으로 매우 부드럽고 정밀한 필기. 리트랙터블 클릭 볼펜으로 필기의 정밀도를 경험하세요! 0.5mm 팁과 저점도 잉크로 매우 부드러운 필기를 즐기며 균일하고 지속적인 잉크 흐름을 보장합니다. 효율성과 장기간 사용을 위해 제작된 인체 공학적으로 설계된 그립으로 타의 추종을 불허하는 필기 편안함을 발견하십시오. ASTM D-4236 및 EN 71/3 표준을 충족하는 고품질 블랙 잉크로 필기 표준을 높이세요. 이 저점도 볼펜의 매끄러운 성능을 즐기세요. 안정적인 잉크 흐름으로 부드럽고 일관된 필기를 제공합니다.,,"['필기', '잉크', '부드럽다', '볼펜', '블랙', '클릭', '점도', '표준']"
사무용품,펜 및 리필,볼펜,,B0CT34C8XF,"KOKUYO Me 볼펜, 블랙 잉크 0.5mm 접이식 볼 포인트 필기 젤 펜, 피만 그린, 일본 수입 (KME-BPEG5D102G)",KOKUYO,9681,9681,4.3,14.0,"[파인 볼펜] Kokuyo ME 젤 블랙 0.5mm 볼펜, 외부 치수(샤프트 지름 x 길이)/φ12x143(mm) / φ0.5x5.6(인치))로 편안하고 세련된 필기 경험을 즐기세요. 세련되고 차분한 바디 컬러로 제공됩니다. [부드러운 필기 펜] 트윈 볼 펜촉 디자인으로 잉크가 부드럽게 흘러 나오며 번짐이 없고 건너뛰지 않는 필기 경험을 제공합니다. 메모 작성, 편지 쓰기 또는 속기법과 같이 빠르고 쉬운 글쓰기를 선호하는 사람들에게 적합합니다. [고품질 젤 잉크 펜] 잉크는 블랙 0.5mm 젤 타입입니다. 필기가 쉽고 어둡고 생생한 통풍이 잘되는 젤 타입 잉크가 특징이며, 펜의 스트로크로 라인을 부드럽고 고르게 쓸 수 있습니다. [D 모양 그립] 접이식 펜은 편안한 고무 그립이 특징입니다. 그립은 한쪽에 평평하고 질감이 있어 오른손잡이이든 왼손잡이이든 엄지손가락을 편안하게 쉴 수 있습니다. [인간화된 펜 배럴] 특별히 설계된 펜 배럴은 오랫동안 편안하게 사용할 수 있습니다. 튼튼한 펜 클립 근처에는 리필의 색상과 인쇄된 팁 크기를 볼 수 있는 작은 창이 있습니다.",KOKUYO ME 볼펜 젤 블랙 0.5mm 피만,"['펜', '필기', '잉크', '블랙', '볼펜', '편안하다', '부드럽다', '접이식', '타입', '경험']"
사무용품,펜 및 리필,볼펜,,B09LM9SBKP,200피스 접이식 볼펜 벌크 미디엄 포인트 펜 롤링 볼 리필 가능한 펜 0.5mm 리필 가능한 잉크 펜 볼펜 볼드 펜 사무실 학교 (블랙),Spakon,47076,47076,3.4,84.0,"많은 양의 볼펜: 블랙 미디엄 포인트 펜 200개를 받게 되며, 충분한 수량과 풍부한 디자인으로 다양한 일상 요구 사항과 교체를 충족할 수 있으며 추가 금액을 친구 및 가족과 공유할 수도 있습니다 부드러운 글쓰기: 0.5mm 필기 라인과 불렛 헤드가 있는 미디엄 포인트 잉크 펜은 안정적이고 강력하며 글씨를 부드럽게 쓰고 빠르게 건조됩니다. 글쓰기용 잉크 펜은 글쓰기에 좋고 이상적입니다 클립이 있는 접이식 펜: 학교 펜은 접이식 스타일로 디자인되어 펜 코어가 잉크가 잘 배출되지 않을 걱정 없이 사용할 수 있습니다. 가볍게 누르기만 하면 됩니다. 클립으로 펜을 노트북, 다이어리, 셔츠 포켓 등에 고정할 수 있어 휴대가 간편합니다 잡기 쉬움: 길이가 약 150mm/6인치 인 파인 포인트 젤 펜은 단단한 고무 그립과 편안한 그립감을 가지고 있어 가볍고 휴대가 편리합니다 다양한 활용성: 파인 포인트 펜은 생일, 크리스마스 파티에 작가, 예술가, 교사, 교육자 및 학생에게 좋은 선물입니다. 다양한 행사에 볼펜 젤 펜을 사용할 수 있습니다",,"['펜', '포인트', '볼펜', '잉크', '글쓰기', '미디엄', '접이식', '휴대', '클립', '가볍다']"
사무용품,펜 및 리필,볼펜,,B0D2GZZL98,"HSK 럭셔리 볼펜 선물 펜 블랙 리필 라인 너비 0.5mm, 남성 및 여성 전문 경영진, 사무실을 위한 최고의 볼펜 선물 세트, 멋진 펜, 고급스러운 선물 상자(블랙)",HSK,13836,13836,5.0,1.0,"★완벽한 선물: 저희 펜은 정교한 선물 상자에 포장되어 친척, 친구 및 비즈니스 파트너에게 완벽한 선물입니다. ★오래 사용할 수 있도록 제작: 저희 펜은 튼튼한 구리 튜브와 다층 베이킹 페인트로 만들어져 내구성과 수명을 보장합니다. 부드럽고 연속적인 필기를 위해 텍스트를 장기간 보존합니다. 36g 및 13.8cm/5.43인치로 완벽한 무게와 편안한 사용을 위한 크기입니다. ★부드러운 글쓰기: 0.5mm 중간 포인트와 고품질 블랙 잉크로 텍스트를 장기간 보존하는 부드럽고 지속적인 필기 경험을 제공합니다. ★클래식한 디자인: 저희 펜 디자인은 매우 단순하고 정교하며 도시의 화이트 칼라 근로자에게 적합하며 능력을 제공합니다. ★완벽한 포장: 펜 1개, 펜 가방 1개, 펜 리필 1팩(펜 리필 5개), 정교한 선물 상자 1개를 한 패키지에 드립니다. ★만족 보장: 저희는 100% 만족 보장으로 제품을 지지하며 모든 고객에게 세심한 서비스를 제공하여 안심하고 구매할 수 있습니다.","1. 제품 설명: ★이 정교한 선물 상자 볼펜 세트는 귀중한 직원에게 이상적인 선물이며 도움이 됩니다. 동료 또는 사랑하는 사람들. ★디자인은 매우 간단하고 정교하며 도시의 화이트 칼라 근로자에게 적합합니다. 능력의 감각. ★이 펜은 강한 그립을 위한 질감 있는 손잡이가 있습니다. 균형 감각이 있고 무겁습니다. 볼 팁의 매끄럽고 깨끗한 라인에 무게가 적혀 있습니다. ★펜은 풀아웃 스타일을 채택하여 시간을 절약하고 사용하기 편리합니다. 2. 사용 시나리오: ★학생들이 공부할 때 글쓰기에 사용할 수 있습니다. ★비즈니스맨이 사무실에서 글을 쓸 수 있습니다. ★친척, 친구 또는 파트너에게 절묘한 선물로 선물할 수 있습니다. 3. 제품 정보: ★펜 무게: 36g, 펜 길이: 13.8cm/5.43인치, 내장 구리 튜브, 다층 베이킹 페인트. 용도: 커버 풀링 타입. ★고품질 잉크를 사용하여 펜이 모든 유형의 용지에 부드럽게 미끄러질 수 있습니다. ★이 펜은 7가지 색상으로 제공됩니다: 화이트, 블랙, 레드, 그레이, 골드, 블루, 그린, 실버, 항상 좋아하는 색상이 있습니다. ★잉크 색상을 현지 문구점에서 리필로 교체할 수 있습니다. ★패키지: 펜 1개, 펜 가방 1개, 펜 리필 1팩(펜 리필 5개), 정교한 1개를 드립니다. 한 패키지에 선물 상자. 4. 완벽한 서비스: ★저희는 100% 반품을 약속하며, 고객 만족은 저희의 사업 목적, 대담하고 확실한 구매입니다. 저희는 모든 고객에게 세심한 서비스를 제공할 것입니다.","['펜', '선물', '정교하다', '완벽하다', '상자', '리필', '블랙', '부드럽다', '화이트', '잉크']"
사무용품,펜 및 리필,볼펜,,B0002Q8Z7C,"PILOT Dr. Grip Center of Gravity 리필 가능 & 접이식 볼펜, 미디엄 포인트, 핑크 그립, 블랙 잉크, 싱글 펜 (36182)",Pilot,13683,13683,4.7,11043.0,"PILOT DR. 그립 무게 중심: 편안하고 균형 잡힌 글쓰기를 위해 완벽한 무게 분포로 설계된 인체 공학적 접이식 볼펜은 매우 부드러운 필기 경험을 제공합니다. 무게 중심: 라텍스 프리, 넓은 이중 레이어 컴포트 그립과 균형 잡힌 그립 축이 특징인 이 인체 공학적 볼펜은 매우 부드러운 필기를 제공합니다. 편안한 글쓰기를 위한 처방전: Pilot Dr. 볼펜을 잡고, Dr. 반투명 다기능, 퓨어 화이트, 풀블랙 접이식 볼펜 포함 그립 라인! 신뢰할 수 있는 품질: 당사는 100년 이상 펜을 제작해왔습니다. 필기하거나 학교 또는 사무용품을 비축하거나 불렛 저널에 글을 쓸 때 Pilot은 완벽한 펜을 제공합니다! 펜에 힘: Pilot은 모든 필요에 맞는 탁월한 필기구를 만듭니다. 모든 필기 스타일에 맞는 분수, 볼펜, 접이식 및 지울 수 있는 젤 잉크 펜, 화이트보드 마커 등을 갖추고 있습니다.","1995년에 소개된 Dr. 그립은 최초의 진정한 인체 공학적 필기구였습니다. 2012년, Dr. Grip 퓨어 화이트와 풀 블랙 출시로 Dr. 그립 라인. Dr. 그립은 필기의 편안함을 위한 처방전입니다. 독특하고 균형 잡힌 디자인, 필기 피로를 완화하는 쿠션 그립, 탁월한 필기 경험을 위한 부드러운 잉크 포뮬러가 특징입니다. 최근 연구에서 Georgia Tech, Dr. 그립 무게 중심(COG)은 기존 볼펜보다 2배 더 편안한 것으로 입증되었습니다. 그립은 관절염 재단이 사용하기 쉽도록 칭찬하는 유일한 펜입니다. Dr. 그립 펜은 접을 수 있고 리필할 수 있습니다.","['펜', '필기', '볼펜', '접이식', '편안하다', '중심', '잉크', '블랙', '인체', '학적']"
사무용품,펜 및 리필,볼펜,,B0CT2M35T1,"LIONSOUL 접이식 볼펜, 12팩 0.5mm 블랙 잉크 미디엄 포인트, 매우 부드러운 그립 볼펜 포함, 남성 여성 사무용품용(화이트 배럴)",LIONSOUL,13836,13836,,,"부드러운 필기 경험: 이 접이식 볼펜은 0.5mm 중간 지점이 있어 일관되고 건너뛰지 않는 선을 제공하여 사무실, 가정 또는 저널링에서 일상적인 필기 작업에 적합합니다. 부드럽고 신뢰할 수 있는 성능을 위한 이상적인 잉크 펜. 편안한 그립: 매우 부드러운 그립으로 설계된 이 펜은 최대한의 편안함과 제어력을 제공하여 장시간 필기 세션 동안 손의 피로를 줄여줍니다. 남성과 여성 모두에게 이상적인 이 귀여운 펜은 저널링 용품에 적합합니다. 편리하고 실용적: 접이식 디자인으로 펜 팁을 보호하고 잉크가 마르지 않도록 하여 펜을 항상 사용할 수 있습니다. 간단히 클릭하여 팁을 확장하고 접을 수 있어 모든 필기 작업에 편리한 잉크 펜이 됩니다. 고품질 블랙 잉크: 프리미엄 블랙 잉크로 채워진 이 펜은 메모, 문서 서명 또는 저널링에 적합한 풍부하고 생생한 선을 생성합니다. 빠른 건조 및 얼룩 방지 잉크로 모든 저널링 용품에 이상적입니다. 훌륭한 가성비 팩: 이 팩에는 12개의 펜이 포함되어 있어 가성비가 뛰어납니다. 사무용품, 학용품 또는 개인용으로 적합하며 필요할 때 항상 신뢰할 수 있고 귀여운 펜을 손에 넣을 수 있습니다. 저널링 및 일상적인 글쓰기에 적합합니다.","접이식 볼펜, 12팩 0.5mm 블랙 잉크 미디엄 포인트 슈퍼 소프트 그립 볼펜 남성 여성 사무용품 귀여운 펜 볼펜 여성용 교사 선물 사무용품 학교 용품 펜 파인 포인트 부드러운 필기용 펜","['펜', '잉크', '볼펜', '저널링', '필기', '부드럽다', '사무', '블랙', '접이식', '여성']"
사무용품,펜 및 리필,볼펜,,B09QD3B6DT,"Pilot, Precise V7, 캡핑 리퀴드 잉크 롤링 볼펜, 파인 포인트 0.7mm, 한정판 다양한 색상, 9개 팩",PILOT,31204,23143,4.8,1126.0,"편리한 디자인: 실수로 얼룩과 얼룩을 방지하는 캡핑 펜의 편리함을 즐기세요. 투명한 배럴을 사용하면 잉크 레벨을 모니터링할 수 있어 예기치 않게 소모되지 않습니다 부드러운 필기 액체 잉크: 종이 전체에 쉽게 미끄러져 탁월한 필기 경험을 제공합니다. 한정판 세트에는 블랙, 블루, 체리, 에메랄드, 허니 옐로우, 라일락, 페리윙클, 연어 및 레드 색상의 펜 1개가 포함되어 있습니다 특허받은 정밀 포인트 기술: Pilot의 Precise 펜은 매번 깨끗하고 정확한 선을 제공하는 정밀 팁이 특징이며, 놀라운 디테일로 글쓰기나 창의성에 생명을 불어넣습니다 다용도: 메모를 작성하고 식료품 목록을 적어두기에 적합합니다. 광택이 나고 오류가 없는 글쓰기, 드로잉, 디자인, 스케치 또는 낙서 경험을 위해 부드럽게 쓸 수 있습니다 펜에 힘: 젤 잉크, 지울 수 있는 롤링 볼, 볼펜, 만년필, 드라이 지우개 마커 등을 포함한 Pilot의 혁신적인 필기 도구 라인으로 쉽게 자신을 표현하세요","Pilot의 Precise V7 프리미엄 롤링 볼펜으로 항상 지키세요. Precise V7은 매우 부드럽고 섬세한 포인트 정밀 필기를 위해 비교할 수 없는 성능을 제공합니다. Pilot의 독특한 액체 잉크 포뮬러는 특허받은 Precision Point Technology와 결합되어 일관된 흐르는 스트로크를 제공하여 정말 탁월하고 건너뛰지 않는 필기 경험을 제공합니다. 섬세한 포인트 0.7mm 필기 팁은 할 일 목록을 완벽하게 정리하는 것부터 디테일한 그림을 만드는 것까지 모든 것을 위한 훌륭한 선택입니다. 캡핑 옵션의 눈에 띄는 잉크 저장소는 새 펜을 언제 구입해야 하는지 항상 알 수 있음을 의미합니다. 한정판 잉크 색상은 프리미엄의 정밀한 필기감을 제공합니다. 어울리는 색상 배럴과 멋진 금속 악센트가 있는 Precise V7은 디테일을 좋아하는 사람들에게 이상적입니다. 포인트 사이즈: 0.7mm, 포인트 유형: 파인; 잉크 색상: 블랙, 블루, 페리윙클, 에메랄드, 라일락, 체리, 연어, 허니 옐로우; 펜 유형: 롤링 볼. 9개.","['잉크', '필기', '포인트', '펜', '정밀', '롤링', '경험', '한정판', '부드럽다', '볼펜']"
사무용품,펜 및 리필,볼펜,,B0B5XQZHB3,럭셔리 볼펜 최고의 볼펜 선물 세트 남성 및 여성용 전문 경영진 사무실 멋진 볼펜 고급스러운 선물 상자 볼펜 블랙 리필 라인 너비 0.5mm (블루 골드),YIVONKA,12451,12451,4.4,318.0,"★제품 세부 정보: 펜 무게 29g, 펜 길이 14cm/5.51인치, 내장 스틸 파이프, 다층 베이킹 페인트, 0.5mm 미디엄 포인트, 고품질 블랙 잉크, 부드러운 필기, 연속 잉크, 텍스트의 장기간 보존. ★디자인 스타일: 이 펜의 디자인 스타일은 심플하고 패셔너블합니다. 펜 모양은 도시 사람들이 추구하는 단순한 삶을 강조합니다! ★글쓰기 재미: 고품질 잉크를 사용하여 펜이 모든 유형의 종이에 부드럽게 미끄러질 수 있습니다. 필기의 편안함을 위해 완벽한 무게와 균형이 잡혀 있습니다. 매일 글쓰기를 좋아하는 사람들을 위해 디자인된 럭셔리 펜입니다. ★사용 시나리오: 저희 제품은 학습, 사무실 글쓰기에 적합하며 친척, 친구 및 비즈니스 파트너를 위한 정교한 선물로 만들 수 있습니다. ★완벽한 서비스: 저희는 100% 반품을 약속하며, 고객 만족은 저희의 사업 목적, 대담하고 확실한 구매이며, 모든 고객에게 세심한 서비스를 제공할 것입니다.","1. 제품 설명: ★이 정교한 선물 상자 볼펜 세트는 귀중한 직원에게 이상적인 선물이며 도움이 됩니다. 동료 또는 사랑하는 사람들. ★이 펜의 디자인 스타일은 심플하고 패셔너블합니다. 펜 모양 하이라이트. 도시 사람들이 추구하는 단순한 삶! ★이 펜은 강한 그립을 위한 질감 있는 손잡이가 있습니다. 균형 감각이 있고 무겁습니다. 볼 팁의 매끄럽고 깨끗한 라인에 무게가 적혀 있습니다. 2. 사용 시나리오: ★학생들이 공부할 때 글쓰기에 사용할 수 있습니다. ★비즈니스맨이 사무실에서 글을 쓸 수 있습니다. ★친척, 친구 또는 파트너에게 절묘한 선물로 선물할 수 있습니다. 3. 제품 정보: ★펜 무게: 29g, 펜 길이: 14cm/5.51인치, 내장 강관, 다층 베이킹 페인트. 용도: 커버 풀링 타입. ★고품질 잉크를 사용하여 펜이 모든 유형의 종이에 부드럽게 미끄러질 수 있습니다. ★잉크 색상을 현지 문구점에서 리필로 교체할 수 있습니다. ★패키지: 펜 1개, 펜 리필 4개, 아름다운 선물 상자. 4. 완벽한 서비스: ★저희는 100% 반품을 약속하며, 고객 만족은 저희의 사업 목적, 대담하고 확실한 구매입니다. 저희는 모든 고객에게 세심한 서비스를 제공할 것입니다.","['펜', '선물', '잉크', '볼펜', '디자인', '사람', '서비스', '글쓰기', '스타일', '완벽하다']"
사무용품,펜 및 리필,볼펜,,B00IPD3G2S,"Pilot Frixion Ball Knock 4가지 컬러 젤 잉크 멀티펜, 블랙 (LKFB-80EF-B)",Pilot,9695,9695,4.3,3299.0,"Pilot 프릭션 볼 노크: 4색 젤 잉크 멀티펜 잉크 색상: 블랙, 레드, 블루, 그린 팁 사이즈: 0.5mm 슬라이드 레버 유형 섬세한 도트 패턴 디자인","Frixion Ball10.2cm(4인치)는 4가지 색상을 하나씩 적절하게 사용할 수 있으며, 여러 번 긁어낼 수 있으며 4색 볼포인트로 매우 편리합니다. 잉크 색상 -- 블랙과 레드 - 블루와 그린. 펜촉은 0.5mm 초박형 타입이며 노트북 및 데이터와 같은 미세한 부분에 쓰는 데 적합합니다. - 온도 변화에 의해 손이 투명합니다! 새로운 사고 방식의 온도 변화로 잉크를 무색으로 만드는 ""Frixion 잉크""를 들고 있는 볼포인트. 지우기 온도가 ""Frixion 잉크""로 설정되어 있기 때문에 마찰열에 의해 잉크의 색상이 무색으로 변할 수 있으며 바디 후면의 독점 고무에 문지르면 손을 지울 수 있습니다. - 쓰레기가 나오지 않습니다. 지워지고 남은 부분이 거의 없습니다. 지우개로 지운 펜과 연필과 달리 마찰열에 의해 손의 잉크를 무색으로 만들기 위해 쓰레기가 나오지 않습니다. 또한, 연필과 샤프 지우기는 자국과 비교하여 지워지며, 특징은 거의 남지 않습니다. - 여러 번 긁어내면 가능합니다. 잉크 제거 액체와 같은 화학 포뮬러와 달리 지워진 부분의 반복 메모가 가능합니다. - 손이 마르면 축 뒤의 고무로 문지르면 색상이 사라집니다. * 채권 및 주소 쓰기에는 사용할 수 없습니다.","['잉크', '손', '의하다', '블랙', '펜', '무색', '온도', '변화', '블루', '색']"
사무용품,펜 및 리필,볼펜,,B0CSYZ9ZTM,"HSK 볼펜 럭셔리 선물용 펜 블랙 리필 라인 너비 0.5mm, 남성 및 여성 전문 경영진, 사무실을 위한 최고의 볼펜 선물 세트, 멋진 펜, 고급스러운 선물 상자(블랙)",HSK,13836,13836,4.3,8.0,"★완벽한 선물: 저희 펜은 정교한 선물 상자에 포장되어 친척, 친구 및 비즈니스 파트너에게 완벽한 선물입니다. ★오래 사용할 수 있도록 제작: 저희 펜은 튼튼한 스틸 파이프와 다층 베이킹 페인트로 만들어져 내구성과 수명을 보장합니다. 부드럽고 연속적인 필기를 위해 텍스트를 장기간 보존합니다. 31g 및 13.8cm/5.43인치로 완벽한 무게와 편안한 사용을 위한 크기입니다. ★부드러운 글쓰기: 0.5mm 중간 포인트와 고품질 블랙 잉크로 텍스트를 장기간 보존하는 부드럽고 지속적인 필기 경험을 제공합니다. ★클래식한 디자인: 저희 펜 디자인은 매우 단순하고 정교하며 도시의 화이트 칼라 근로자에게 적합하며 능력을 제공합니다. ★완벽한 포장: 펜 1개, 펜 가방 1개, 펜 리필 1팩(펜 리필 5개), 정교한 선물 상자 1개를 한 패키지에 드립니다. ★만족 보장: 저희는 100% 만족 보장으로 제품을 지지하며 모든 고객에게 세심한 서비스를 제공하여 안심하고 구매할 수 있습니다.","1. 제품 설명: ★이 정교한 선물 상자 볼펜 세트는 귀중한 직원에게 이상적인 선물이며 도움이 됩니다. 동료 또는 사랑하는 사람들. ★디자인은 매우 간단하고 정교하며 도시의 화이트 칼라 근로자에게 적합합니다. 능력의 감각. ★이 펜은 강한 그립을 위한 질감 있는 손잡이가 있습니다. 균형 감각이 있고 무겁습니다. 볼 팁의 매끄럽고 깨끗한 라인에 무게가 적혀 있습니다. ★펜은 풀아웃 스타일을 채택하여 시간을 절약하고 사용하기 편리합니다. 2. 사용 시나리오: ★학생들이 공부할 때 글쓰기에 사용할 수 있습니다. ★비즈니스맨이 사무실에서 글을 쓸 수 있습니다. ★친척, 친구 또는 파트너에게 절묘한 선물로 선물할 수 있습니다. 3. 제품 정보: ★펜 무게: 31g, 펜 길이: 13.8cm/5.43인치, 내장 강관, 다층 베이킹 페인트. 용도: 커버 풀링 타입. ★고품질 잉크를 사용하여 펜이 모든 유형의 용지에 부드럽게 미끄러질 수 있습니다. ★이 펜은 블랙, 골드, 로즈 골드, 블루의 네 가지 색상으로 제공됩니다. 항상 원하는 색상이 있습니다. ★잉크 색상을 현지 문구점에서 리필로 교체할 수 있습니다. ★패키지: 펜 1개, 펜 가방 1개, 펜 리필 1팩(펜 리필 5개), 정교한 1개를 드립니다. 한 패키지에 선물 상자. 4. 완벽한 서비스: ★저희는 100% 반품을 약속하며, 고객 만족은 저희의 사업 목적, 대담하고 확실한 구매입니다. 저희는 모든 고객에게 세심한 서비스를 제공할 것입니다.","['펜', '선물', '정교하다', '완벽하다', '상자', '리필', '블랙', '부드럽다', '보장', '패키지']"
사무용품,펜 및 리필,볼펜,,B07J5FHBPH,"Parker Jotter 오리지널 볼펜 컬렉션, 미디엄 포인트, 블랙 잉크, 4개입",Parker,34611,31979,4.7,6410.0,"유광 마감으로 90년대의 향수를 불러일으킵니다. Parker Jotter의 상징적인 유선형 스타일과 깔끔한 라인 디자인을 누려보세요. 시그니처 접이식 디자인은 클릭으로 만족스럽게 열리고 닫힙니다. 스크래치 방지 플라스틱 바디. 독점 세트에는 다음과 같은 색상의 볼펜 4개가 포함되어 있습니다: 그린, 옐로우, 블루, 마젠타. 최적의 잉크 흐름과 부드러운 필기감을 위해 퀸크플로우 볼펜 리필심과 호환됩니다. 미디엄 포인트; 파커 젤 리필심도 사용할 수 있습니다.","Jotter Originals는 90년대의 정신에서 영감을 얻은 스로우 백 컬렉션입니다. 이 제품군은 Jotter의 독특한 실루엣과 시그니처 클릭과 대담한 색상 팔레트를 결합하여 상징적인 10년을 기념합니다. 이 독점 세트는 4개의 볼펜이 특징이며, 희귀한 가치가 있습니다. Jotter 제품군에 생동감 넘치는 추가 아이템으로 이동 중에도 글쓰기에 완벽한 Jotter Originals는 펜의 모든 스트로크에 평온한 번영을 보장합니다.","['볼펜', '잉크', '제품군', '필심', '미디엄', '상징', '포인트', '컬렉션', '디자인', '클릭']"
사무용품,펜 및 리필,볼펜,,B000J3TZAY,Waterman Carène 볼펜 | 23k 골드 클립이 있는 마린 앰버 | 블루 잉크 카트리지가 있는 미디엄 포인트 | 선물 상자,Waterman,146726,146726,4.1,236.0,깊고 물결 모양의 다크 브라운과 블랙 래커 배럴로 뚜렷하게 즐거운 필기 경험을 제공합니다 고급스럽고 생생한 스타일을 위한 풍부한 골든 트림과 23캐럿 골드 클립 숙련된 구조의 볼펜 팁은 빠르게 건조되는 완벽한 라인을 만들어 언제 어디서나 자연스러운 표현을 할 수 있습니다 프랑스에서 꼼꼼하게 제작되어 시그니처 스타일을 향상시킵니다 컨버터가 있는 프리미엄 다크 블루 Waterman 선물 상자에 담겨 제공됩니다. 중요한 행사를 표시하는 데 이상적입니다,Waterman Carène 마린 앰버 볼펜은 고급스러운 보트 디자인에서 영감을 얻었으며 예술가의 디테일에 주의를 기울여 고귀한 소재로 제작되었습니다. 이 전형적인 파리 디자인으로 성공을 위한 코스를 설정하고 모든 글쓰기 작업을 철저히 일류 경험으로 만드세요. 각 럭셔리 펜은 프랑스에서 제작되었으며 프리미엄 Waterman 선물 상자에 담겨 제공됩니다. 등록 시 4년까지 연장될 수 있는 2년 국제 보증이 제공됩니다.,"['선물', '제작', '상자', '볼펜', '스타일', '디자인', '다크', '클립', '앰버', '마린']"
사무용품,펜 및 리필,볼펜,,B0CPHRB54K,Aozora 볼펜 블랙 잉크 미디엄 포인트 슈퍼 소프트 그립 접이식 볼펜 1.0mm 사무실 장식 학교 용품 (15피스-골드),Aozora,11066,10373,4.4,103.0,"【부드러운 필기】: 내구성이 뛰어나고 장기간 사용하기에 적합합니다. 1.0mm 중간 포인트, 블랙 잉크는 건조하기 쉽고 얼룩이 생기지 않습니다. 잡기 쉽고 안정적인 금속 클립으로 노트북이나 주머니에 쉽게 연결할 수 있으며 휴대가 쉽습니다. 【완벽한 선물】: 선생님, 사무실 동료, 동료, 상사, 매니저, 친구, 여성 상사, 신부 파티, 처녀 파티, 생일, 소녀, 동료, 이벤트 게스트 북, 팀 선물, 청소년, 아가씨 소녀 선물, 친구 및 가족에게 좋은 분위기를 퍼뜨리거나 큰 것부터 작은 것까지 모든 행사에 적합합니다. 여성을 위한 완벽한 블링! 【고품질 소재】: 볼펜의 끝은 변형이나 얼룩 없이 완전하고 깨끗합니다. 볼펜의 잉크는 특별히 제조되었으며 내광성, 방수 및 불투과성과 같은 장점이 있습니다. 【독특한 디자인】: 반투명 실리콘 그립과 골드 바디는 이 펜의 독특한 기질을 만듭니다. 15가지 색상 펜 바디 세트는 훌륭한 거래이며 매일 사용하기에 충분합니다. 【문의】: 모든 펜은 우수한 품질로 뒷받침되며 엄격한 품질 검사를 거칩니다. 저희의 목표는 100% 고객 만족을 달성하는 것입니다. 저희 사랑스러운 펜에 만족하지 않으시면 언제든지 반품하고 환불하실 수 있습니다. 주문에 대해 궁금한 점이 있으면 이메일 또는 직접 문의하십시오.",,"['볼펜', '펜', '잉크', '선물', '동료', '소녀', '얼룩', '독특하다', '완벽하다', '여성']"
사무용품,펜 및 리필,볼펜,,B00PPD1DZ8,"OHTO Fude 볼펜 엑스트라 볼드, 1.5mm, 블랙 잉크, 팩당 펜 3개(일본 수입) [Komainu-Dou 오리지널 패키지]",オート,7894,7894,4.6,965.0,Fude 브러시 펜과 같은 스트로크 잉크: 블랙 워터 피그먼트 공의 지름: 1.5 밀리미터 직접 액체 타입의 경우 잉크가 오래 지속됩니다.,Fude 브러시 펜과 같은 스트로크. 잉크: 블랙 워터 피그먼트. 공의 지름: 1.5 밀리미터. 직접 액체 타입의 경우 잉크가 오래 지속됩니다.,"['잉크', '블랙', '펜', '피그먼트', '브러시', '액체', '워터', '지속', '직접', '타입']"
사무용품,펜 및 리필,볼펜,,B0D3FGZ38V,Macron 4색 볼펜 - 8팩 | 성경 등을 위한 부드러운 필기 선물 펜,DENSET,8296,8296,4.8,14.0,"1. 부드러운 글쓰기: 0.7mm 볼펜 팁으로 부드러운 필기 경험을 즐기세요. 모든 스트로크를 쉽고 일관되게 만듭니다. 2.4가지 색상 하나: 각 펜은 블랙, 블루, 레드, 그린의 네 가지 잉크 색상을 제공하여 다양한 필기 작업에 편리함을 제공합니다. 3. 접이식 디자인: 펜은 한 손으로 쉽게 작동할 수 있는 접이식 메커니즘이 특징이며, 사용하지 않을 때 펜 팁을 보호합니다. 4. 번짐 없음: 특별히 고안된 잉크는 종이를 통한 번짐을 방지하여 깨끗하고 깔끔한 메모를 보장합니다. 5. 선물할 만한 가치: 우아한 디자인으로 포장된 이 펜은 친구, 가족 및 동료에게 사려 깊은 선물이 됩니다.","이 스테인리스 스틸 볼펜은 세련되고 기능적인 선물이 됩니다. 내구성이 뛰어난 금속으로 제작되어 부드러운 크롬 마감과 편안한 그립 섹션이 특징입니다. 이 12팩은 다양한 색상을 제공하므로 항상 필요에 맞는 펜을 사용할 수 있습니다. 사무실에서 문서를 작성하거나 집에서 할 일 목록을 적어 두든, 이 펜은 선명하고 번짐 방지 라인으로 페이지를 가로질러 미끄러집니다. 12달러에 10달러 미만으로 체계적으로 정리할 수 있는 합리적인 방법입니다. 블랙, 블루, 레드, 그린과 같은 색상의 이 펜은 모든 작업에 적합합니다. 슬림한 외관으로 가방이나 주머니에 쉽게 넣을 수 있으므로 어디에서나 필기구를 편리하게 사용할 수 있습니다.","['펜', '선물', '부드럽다', '필기', '볼펜', '달러', '블랙', '방지', '레드', '잉크']"
사무용품,펜 및 리필,볼펜,,B08XSG73DT,"Zebra Pen Z-Grip 파스텔 접이식 볼펜, 다양한 색상 배럴, 미디엄 포인트, 1.0mm, 블랙 잉크, 10팩 (22101)",Zebra,12603,12465,4.5,682.0,"1.0mm 미디엄 포인트 블랙 잉크는 저렴한 가격으로 고품질의 세련된 흐름으로 볼펜의 도달 범위를 제공합니다 저점도 잉크는 메모, 편지 쓰기 및 문서에 서명할 때 부드럽고 건너뛰지 않는 필기 경험을 제공합니다 옐로우, 그린, 블루, 퍼플, 핑크의 사랑스러운 파스텔 컬러 배럴은 한 단계 업그레이드되며, 어울리는 부드러운 라텍스 프리 고무 그립은 잉크 흐름을 안내하는 데 도움이 됩니다 편리한 금속 클립으로 이 펜은 주머니, 칼라 또는 서류 가방 주머니에 부착할 수 있어 환상적인 그랩 앤 고 옵션으로 사용할 수 있습니다 이 10개입 팩은 가정 및 비즈니스 사무실에 적합하므로 공유해도 괜찮은 가격으로 항상 훌륭한 펜을 사용할 수 있습니다","Zebra Pen Z-Grip 파스텔 접이식 볼펜, 다양한 색상 배럴, 미디엄 포인트, 1.0mm, 블랙 잉크, 10팩 (22101)","['잉크', '파스텔', '볼펜', '블랙', '포인트', '미디엄', '접이식', '주머니', '부드럽다', '펜']"
사무용품,펜 및 리필,볼펜,,B0BC13769S,"볼펜 4팩, 프리미엄 접이식 금속 볼펜, 골드 트림이 있는 매트 블랙, 미디엄 포인트 1.0mm 블랙 잉크 펜, 가정 학교 직장 사무실 용품용, 추가 리필 4개",LINFANC,13836,13836,4.5,359.0,"접이식 디자인: 사용하기 쉽고 클릭하여 열거나 닫을 수 있습니다. 만족스러운 클릭 반응으로 스트레스를 완화하고 영감을 주는 좋은 방법입니다. 부드러운 글쓰기: LINFANC 볼펜은 중간 포인트 1.0mm 생생한 블랙 잉크로 부드럽고 일관되게 쓸 수 있습니다. 빠르게 건조되고 얼룩이 없는 블랙 잉크는 페이지를 깨끗하고 깔끔하게 유지합니다. 일상적인 글쓰기에 좋습니다. 메탈릭 배럴: 균형 잡힌 무게의 견고하고 고품질의 금속 펜으로 일상적인 필기 요구 사항에 맞게 쉽게 휴대할 수 있습니다. 내구성이 뛰어난 금속 클립으로 노트북, 포켓 및 바인더를 쉽게 휴대할 수 있습니다. 우아하고 전문적인 외관: 심플하고 깔끔한 라인 디자인으로 펜을 우아하고 전문적으로 만듭니다. 학교 및 사무용품에 적합합니다. 가족/친구/동료/휴일을 위한 완벽한 선물. 만족 보장: 제품에 문제가 있으시면 언제든지 문의하십시오. LINFANC 평생 기술 지원과 90일 환불 을 제공합니다.",제품 사양:,"['블랙', '금속', '볼펜', '잉크', '펜', '전문', '휴대', '우아하다', '디자인', '일상']"
사무용품,펜 및 리필,볼펜,,B0018RHUM0,"Zebra 미니 볼펜 0.7mm, 실버 바디, 블랙 잉크 (T-3)",Zebra,8808,7257,4.3,2894.0,휴대가 편리한 슬림한 미니 볼포인트 팁 사이즈: 0.7mm 미니 노트에 메모를 쓰는 데 가장 좋습니다,주머니나 수첩에 깔끔하게 맞는 짧은 사이즈. 유성 볼펜. 볼 직경: 0.7mm. 잉크: 오일 염료,"['미니', '볼펜', '잉크', '휴대', '실버', '노트', '메모', '바디', '블랙', '수첩']"
사무용품,펜 및 리필,볼펜,,B086WYMP15,"Shuttle Art 멀티컬러 펜, 23팩 6-in-1 0.7mm 접이식 볼펜, 사무실 학교 용품, 학생, 어린이 선물",Shuttle Art,22146,15221,4.3,1524.0,"6가지 색상: 각 Shuttle Art 멀티 컬러 볼펜은 블랙, 블루, 레드, 오렌지, 그린, 퍼플의 6가지 생생한 색상으로 제공됩니다. 부드럽게 누르기만 하면 원하는 색상으로 즉시 전환할 수 있습니다. 다양한 색상으로 표시, 메모 작성 및 장식에 이상적입니다. 건너뛰기 및 얼룩 없음: 0.7mm 미세 포인트는 항상 부드러운 글라이드를 제공하여 만족스러운 필기 경험을 제공합니다. 게다가, 빠른 건조 및 변색 방지 잉크를 사용하여 번짐이나 번짐이 없습니다. 안전하며 ASTM-D4236을 준수합니다. 효율적인 스위치: 각 펜은 색상 변화에 적합합니다. 아래로 누르면 각 컬러 튜브가 올바른 위치에 있습니다. 효율적인 스위치와 편안한 배럴로 드로잉, 기본 및 기타 예술 프로젝트에 적합합니다. 다용도의 밸류 세트: 23팩 멀티컬러 볼펜으로 구성된 넉넉한 팩은 결혼식이나 생일 카드를 장식하고 이벤트와 작업을 다양한 색상으로 표시하는 특별한 행사에 충분합니다. 수업 중인 모든 학생, 모든 파티 손님, 사무실 모두가 글쓰기의 재미를 즐길 수 있습니다. 이 펜은 모든 연령대에 적합합니다. 무독성이며 무산성입니다. 어린이와 어른 모두에게 환상적인 선물입니다. 서비스 보장: 고객 만족을 최우선으로 생각합니다. 안심하고 제품을 구입하십시오. 저희 제품에 만족하지 못하거나 질문이 있으시면 언제든지 저희에게 연락하십시오.",,"['컬러', '펜', '멀티', '볼펜', '효율', '부드럽다', '사무실', '선물', '어린이', '장식']"
사무용품,펜 및 리필,볼펜,,B0CYP7B8D9,"0.5mm 멀티컬러 볼펜 6개, 10가지 색상 접이식 인어 패턴 볼펜, 사무실 개학 용품, 학생 및 어린이 선물로 적합",Permcoly,13836,13836,4.5,14.0,"【창의적인 만화 볼펜】이 멀티 컬러 볼펜은 귀여운 만화 캐릭터 테마 디자인을 가지고 있습니다. 다양하고 귀여운 디자인으로 필기 경험을 밝혀줍니다. 어린아이 같은 재미로 가득 차 있으며 사람들이 도울 수 없지만 탐닉할 수 없게 만듭니다! 【10 in 1 다양한 색상】이 멀티 컬러 볼펜은 블랙, 레드, 블루, 오렌지, 그린, 퍼플, 핑크, 옐로우, 라이트 블루 및 브라운의 10가지 색상으로 제공되며 빠르고 쉽게 전환할 수 있습니다. 펜 헤드를 재설정하면 한 색상을 다른 색상으로 전환할 수 있어 메모를 쉽게 할 수 있습니다. 【최고의 선물 상품 선택】크리스마스, 생일, 휴일, 파티 선물, 학교 사무용품 등에 어린이와 성인을 위한 완벽한 선물입니다. 또한 아이들의 학습에 대한 관심을 자극할 수 있으며 아이들이 잘 수행할 때 교실 상품으로 사용할 수 있습니다. 창의적인 상품을 위한 최고의 선택입니다! 【고품질 소재】매우 실용적이고 창의적인 디자인 외에도 이 볼펜은 고품질 소재로 만들어져 편안한 촉감과 부드러운 필기를 제공하여 개인의 필요에 가장 잘 맞습니다. 【다양한 용도】다양한 행사에 적합하며 글쓰기, 낙서, 그림, 컬러 스케치에 적합합니다. 멀티 컬러 펜으로 소중한 생각, 추억 및 흥미로운 경험을 기록할 수 있습니다.",,"['볼펜', '컬러', '선물', '멀티', '창의', '디자인', '선택', '어린이', '블루', '전환']"
사무용품,펜 및 리필,볼펜,,B0C5M3M3HK,접이식 볼펜 블랙 잉크 0.7mm 펜 필기 펜 사무실 파인 볼펜 저널링용 (18+2개),AZGO,17991,17991,4.5,102.0,"고품질: 부드러운 필기와 번짐 방지를 위해 업그레이드된 리필을 사용하며, 0.7mm 포인트는 훌륭하고 선명하며 섬세한 필기를 제공하여 일상적인 공부나 업무용으로 적합합니다. 편안한 그립: 편안한 느낌을 위한 매우 부드러운 윤곽 그립. 마른 펜보다 잡기 쉽습니다. 매우 편안합니다 접이식 디자인: 코어를 눌러 편리하게 쓸 수 있습니다. 잉크 펜의 무결성을 보호하기 위해 펜 끝에 보호 기능이 있어 펜을 사용할 준비가 되면 쉽게 제거할 수 있습니다. 훌륭한 선물: 독특한 디자인의 볼펜은 어린이, 반 친구, 반 친구, 작가를 위한 선물로 완벽합니다. 사랑스러운 색상: 이 펜은 작업 공간에 따뜻한 미학을 더하고 글쓰기를 즐겁게합니다. 심플하고 전문적이며 우아한 외관은 모든 상황에 적합합니다.",,"['펜', '필기', '편안하다', '볼펜', '훌륭하다', '디자인', '부드럽다', '보호', '잉크', '접이식']"
사무용품,펜 및 리필,볼펜,,B0D45DB1B2,"할로우 라운드 펜 및 금속 펜 스탠드 홀더 세트, 방명록, 서명펜, 서명펜, 서명펜, 웨딩 파티 비즈니스용 필기 볼펜, 2개입(골드+실버)",Savgkoyt,13836,13836,,,"패키지 구성 및 사이즈: 금색과 은색으로 된 2개의 할로우 라운드 펜 세트를 받게 되며, 각 서명펜은 길이가 16.7cm(6.6인치), 베이스는 6.5cm(2.5인치) 너비입니다. 서명펜의 크기는 다양한 경우에 우아하게 사용할 수 있을 만큼 충분히 큽니다. 고품질 소재: 당사의 할로우 라운드 펜 케이스는 고품질 금속으로 만들어져 쉽게 부러지거나 변형되지 않으며 견고하며 여러 번 사용할 수 있습니다. 리필에는 서명펜을 오랫동안 사용할 수 있도록 충분한 잉크가 포함되어 있으며 부드러운 필기 경험을 제공합니다. 360도 회전 디자인: 할로우 라운드 사인 펜은 360도 회전으로 설계되었으며, 사용 시 언제든지 배럴의 방향을 조정할 수 있어 사용자가 모든 각도에서 쉽게 집을 수 있습니다. 할로우 라운드 펜 케이스의 섬세하고 우아한 디자인으로 할로우 라운드 시그니처 펜을 어떤 장소에나 놓고 사용하고 장식할 수 있습니다. 간편한 사용: 할로우 라운드 펜 배럴은 중간 크기이며 책상이나 테이블에 잘 맞습니다. 사용 시 할로우 펜을 배럴에 삽입하고 배럴을 똑바로 세우거나 위쪽으로 기울이면 볼펜을 쉽게 놓고 사용할 수 있습니다. 적용 가능한 경우: 이 정교한 서명펜은 학생, 사무실 근로자, 직원, 경찰, 교사 및 기타 다양한 전문가에게 적합하며 비즈니스 펜, 게스트 펜, 결혼식 방명록 레지스트리 펜, 선물 펜 등으로도 사용할 수 있습니다.","특징: 할로우 라운드 시그니처 펜 슬리브는 고품질 금속으로 만들어져 쉽게 부러지거나 변형되지 않으며 견고하며 여러 번 사용할 수 있습니다. 당사의 할로우 라운드 사인 펜은 360도 회전 디자인으로 사용 시 언제든지 배럴의 방향을 조정할 수 있어 사용자가 모든 각도에서 쉽게 집어 들고 사용할 수 있습니다. 한편, 할로우 라운드 시그니처 펜의 정교한 외관은 다양한 그랜드 미팅이나 저녁 식사를 위해 잘 장식할 수 있습니다. 할로우 라운드 시그니처 펜은 사용하기 쉽고 책상이나 테이블에 잘 맞습니다. 사인 펜을 배럴에 삽입하고 배럴을 똑바로 세우거나 위쪽으로 기울이면 볼펜을 쉽게 놓고 사용할 수 있습니다. 조절 가능한 시그니처 펜은 다양한 전문가에게 적합하며 비즈니스 펜, 게스트 펜, 웨딩 방명록 레지스트리 펜, 선물 펜 등으로도 사용할 수 있습니다. 사양 색상: 골드, 실버 재료: 금속 포함된 구성 요소: 2피스 서명펜 세트 패키지 크기: 16.7X10.9X3.2cm 제품 크기: 펜 길이: 16.7cm 베이스 너비: 6.5cm 제품 무게: 111.7g 적용 대상: 비즈니스 펜, 게스트 펜, 웨딩 방명록 레지스트리 펜, 선물 펜 등 팁: 제품 치수는 수동 측정이므로 측정 각도가 다르기 때문에 불가피한 오류가 있습니다. 실제 치수를 참조하십시오. 촬영 각도와 빛의 문제로 인해 제품 자체의 색상이 사진과 약간 다를 수 있습니다. 실제 물체를 참조하십시오.","['펜', '할로우', '라운드', '서명']"
사무용품,펜 및 리필,볼펜,,B001JT1NG6,"PILOT The Better 30010 볼펜 리필 가능 & 접이식 볼펜, 섬세한 포인트, 블랙 잉크, 싱글 펜",Pilot,4653,4653,4.2,67.0,"PILOT 더 나은 볼펜: 리필 가능한 볼펜은 질감 있는 배럴을 제공하여 편안함과 제어력을 향상시킵니다. 캡 또는 접이식 옵션으로 제공됩니다. 블랙, 블루, 레드 또는 그린 잉크 색상. 클래식하고 신뢰할 수 있음: 이 데일리 볼펜은 멋진 금속 악센트로 강조된 슬림하고 내구성이 뛰어난 배럴 디자인으로 매끄럽고 번짐 없는 필기를 제공합니다. 미세(0.7mm) 또는 미디엄(1.0mm) 사이즈로 제공됩니다. 즐거움을 위한 디자인: 예술, 디자인 및 품질의 유산이 모든 Pilot 제품에 적용됩니다. 일상적인 형광펜과 파인 또는 엑스트라 파인 포인트 펜부터 만년필 등에 이르기까지 Pilot은 필요한 것을 갖추고 있습니다. 신뢰할 수 있는 품질: 당사는 100년 이상 펜을 제작해왔습니다. 필기하거나 학교 또는 사무용품을 비축하거나 불렛 저널에 글을 쓸 때 Pilot은 완벽한 펜을 제공합니다! 펜에 힘: Pilot은 모든 필요에 맞는 탁월한 필기구를 만듭니다. 모든 필기 스타일에 맞는 분수, 볼펜, 접이식 및 지울 수 있는 젤 잉크 펜, 화이트보드 마커 등을 갖추고 있습니다.",Pilot의 Better 리트랙터블 펜은 일상적인 글쓰기를 위한 클래식한 제품입니다. 이 파인 포인트 펜은 골지 그립을 제공하며 손가락에 쉽게 닿을 수 있습니다. 혁신적인 잉크는 리필이 가능하여 계속 사용할 수 있습니다. 펜 1개가 포함되어 있습니다. 수입품.,"['펜', '볼펜', '잉크', '필기', '리필', '접이식', '포인트', '디자인', '블랙', '클래식']"
사무용품,펜 및 리필,볼펜,,B004E3GGNO,Cross 클래식 센추리,Cross,124650,48073,4.7,7287.0,"CROSS 클래식 센추리 볼펜 오일 기반 제품 번호: N3302 색상: 메달리스트 메커니즘: 트위스트 타입 리필 포함: 블랙, M, 미디엄 (모델 번호: 8513)","Die ikonischen Stifte der Cross Classic Century Collection zeichnen sich durch ein schlankes Profil und einen patentierten Drehlauf aus/Classic Century Medalist Ball-Point Pen. The stylish combination of polished chrome and 23 karat gold plated appointments makes the Classic Century ball-point pen a writing instrument that reflects its owner's good taste. An American classic-since 1946. An icon of mid-century modern design, this is the Cross pen everyone knows and loves. We may have come a long way since then but this nostalgic favorite spans sixty years of poems and letters, good wishes and thank you's.","['클래식', '추리', '트위스트', '타입', '오일', '블랙', '볼펜', '미디엄', '메커니즘', '메달리스트']"
사무용품,펜 및 리필,볼펜,,B09MXWQ6RN,"PILOT The Better 볼펜 리필 가능 & 접이식 볼펜, 섬세한 포인트, 블루 잉크, 6팩",PILOT,13836,13836,4.6,220.0,"PILOT 더 나은 볼펜: 리필 가능한 볼펜은 질감 있는 배럴을 제공하여 편안함과 제어력을 향상시킵니다. 캡 또는 접이식 옵션으로 제공됩니다. 블랙, 블루, 레드 또는 그린 잉크 색상. 클래식하고 신뢰할 수 있음: 이 데일리 볼펜은 멋진 금속 악센트로 강조된 슬림하고 내구성이 뛰어난 배럴 디자인으로 매끄럽고 번짐 없는 필기를 제공합니다. 미세(0.7mm) 또는 미디엄(1.0mm) 사이즈로 제공됩니다. 즐거움을 위한 디자인: 예술, 디자인 및 품질의 유산이 모든 Pilot 제품에 적용됩니다. 일상적인 형광펜과 파인 또는 엑스트라 파인 포인트 펜부터 만년필 등에 이르기까지 Pilot은 필요한 것을 갖추고 있습니다. 신뢰할 수 있는 품질: 당사는 100년 이상 펜을 제작해왔습니다. 필기하거나 학교 또는 사무용품을 비축하거나 불렛 저널에 글을 쓸 때 Pilot은 완벽한 펜을 제공합니다! 펜에 힘: Pilot은 모든 필요에 맞는 탁월한 필기구를 만듭니다. 모든 필기 스타일에 맞는 분수, 볼펜, 접이식 및 지울 수 있는 젤 잉크 펜, 화이트보드 마커 등을 갖추고 있습니다.","Pilot Better 리트랙터블 볼펜은 스테인리스 스틸 포인트, 미끄럼 방지 그립이 있는 투명한 배럴, 세련된 금속 클립이 특징입니다. 스테인리스 스틸 포인트는 일관된 필기를 제공하며 골지 손가락 그립은 편안함과 제어력을 제공합니다. Better 리트랙터블 펜은 편리함을 위해 리필할 수 있습니다. 탁월한 가치의 클래식한 스타일링. 각 펜에는 잉크 공급을 주시할 수 있는 틴트 투명 배럴이 있습니다. 분실할 캡이 없으므로 고품질 볼펜뿐만 아니라 완벽한 필기를 위해 자신 있게 신뢰할 수 있는 편리한 볼펜입니다. 학생, 사무실 근로자 또는 글을 많이 쓰는 모든 사람에게 적합합니다.","['볼펜', '펜', '필기', '잉크', '포인트', '디자인', '접이식', '신뢰', '리필', '제어']"
사무용품,펜 및 리필,볼펜,,B0D69XPP2M,"블랙 볼펜 샘플러, 미세/미디엄/볼드 팁, 블랙 잉크, 일본 볼펜 7피스 및 잉크 테스트 카드 세트",Stationery JP,22824,22824,,,"다용도 일본 볼펜 세트: 0.25mm에서 0.7mm까지 다양한 팁 크기의 7개의 볼펜이 특징인 문구 JP의 블랙 볼펜 샘플러의 프리미엄 품질을 경험하십시오. 모든 필기에 적합합니다. 부드러운 필기 경험: 이 일본 볼펜은 최소한의 번짐과 빠른 건조 잉크로 매우 부드러운 필기 경험을 제공합니다. 개인 및 전문가 모두에 이상적입니다. 다양한 팁 사이즈: 이 세트에는 미세, 중간 및 굵은 팁이 포함되어 있어 다양한 필기 스타일을 테스트하고 완벽한 펜을 찾을 수 있습니다. 자세한 메모나 굵은 서명 등 모든 작업을 위한 펜이 있습니다. 독특한 블랙 잉크: 이 세트의 각 펜은 고품질 블랙 젤 잉크를 사용하여 세련되고 클래식한 룩을 제공합니다. 일본에서 제작되어 최고의 성능과 내구성을 보장합니다. 번들에 포함된 제품: Zebra Blen/BA88-BK, Pentel Energel/BLN73-A, Pilot Acroball/BAB-15EF-BB, Uni-ball Jet Stream/SXN15038.24, Uni Power Tank/SN200PT07.24, Pilot Hitec-C025/LH-20C25-B, Zebra Sarasa 클립/클립/JJ15-BK, 잉크 테스트 카드","Stationery JP 블랙 볼펜 샘플러의 정교한 필기 경험을 발견하세요. 이 세트에는 7개의 고품질 일본 볼펜이 포함되어 있으며, 각 펜은 미세한 것부터 굵은(0.25mm ~ 0.7mm)까지 독특한 팁 사이즈가 특징입니다. 글쓰기 기술을 좋아하는 사람들을 위해 완벽하게 제작된 이 세트는 매끄럽고 일관적이며 빠르게 건조되는 잉크 흐름을 보장하여 얼룩을 줄이고 글쓰기의 즐거움을 향상시킵니다. 일본에서 제작된 이 볼펜은 비교할 수 없는 필기 경험을 제공하며 전통적인 펜과 차별화되는 정교한 블랙 잉크를 보여줍니다. 메모를 작성하거나 편지를 작성하거나 중요한 문서에 서명할 때 이 세트는 모든 상황에 완벽한 펜입니다. 다용도 팁 사이즈는 다양한 필기 스타일에 적합하며 이상적인 매칭을 찾을 수 있습니다. Stationery JP 블랙 볼펜 샘플러는 다양성뿐만 아니라 품질에 관한 것입니다. 각 펜은 빠르게 건조되는 잉크로 매끄러운 필기 경험을 제공하여 번짐의 위험을 최소화합니다. 따라서 개인 및 전문적인 사용 모두에 적합하며 학생, 사무실 근로자, 예술가 및 필기구의 정확성을 중요시하는 모든 사람에게 신뢰할 수 있는 도구를 제공합니다. 이 세트에는 잉크 테스트 카드가 포함되어 있어 좋아하는 펜에 전념하기 전에 각 펜의 성능과 느낌을 테스트할 수 있습니다. 이 사려 깊은 추가 제품은 어떤 펜이 자신의 필요에 가장 잘 맞는지 정보에 입각한 선택을 할 수 있도록 도와주어 모든 필기 작업에 적합한 도구를 제공합니다. Stationery JP의 독점 샘플러 세트로 일본 볼펜의 우아함과 기능성을 받아들이세요. 훌륭한 장인 정신, 우수한 잉크 품질 및 다양한 팁 크기가 혼합된 이 세트는 최고의 필기구를 찾는 모든 사람에게 꼭 필요한 제품입니다. Stationery JP 블랙 볼펜 샘플러로 필기 경험을 향상시키고 정밀함과 스타일로 글쓰기의 즐거움을 발견하십시오.","['볼펜', '잉크', '필기', '펜', '블랙', '경험', '일본', '샘플러', '테스트']"
사무용품,펜 및 리필,볼펜,,B082MRCCNQ,"PILOT Acroball 1000 울트라 프리미엄 리필 가능 & 접이식 볼펜, 블루 배럴, 파인 포인트, 블랙 잉크, 싱글 펜 (13656)",PILOT,22146,13753,4.5,1062.0,"골드 스탠다드: Acroball 1000은 울트라 프리미엄 볼펜의 새로운 표준입니다. 우수한 얼룩 방지 고급 잉크와 텅스텐 카바이드 필기 팁을 결합하여 극한의 더위나 추위에서도 성능이 입증되었습니다. 블랙 잉크와 함께 미세한 포인트로 제공됩니다. 매끄럽고 번짐 방지: 접이식, 매끄러운 필기, 번짐 방지 Acroball 1000은 독특한 슬림 메탈 배럴 디자인을 가지고 있으며 스틸 클립과 악센트가 있어 정교한 필기 경험을 제공합니다. 미래의 볼펜: Acroball을 좋아하신다면 Acroball Colors, Acroball PureWhite, Acroball Pro 등 다양한 포인트 사이즈와 잉크 색상으로 제공되는 전체 라인을 시험해보고 싶을 것입니다. 신뢰할 수 있는 품질: 당사는 100년 이상 펜을 제작해왔습니다. 필기하거나 학교 또는 사무용품을 비축하거나 불렛 저널에 글을 쓸 때 Pilot은 완벽한 펜을 제공합니다! 펜에 힘: Pilot은 모든 필요에 맞는 탁월한 필기구를 만듭니다. 모든 필기 스타일에 맞는 분수, 볼펜, 접이식 및 지울 수 있는 젤 잉크 펜, 화이트보드 마커 등을 갖추고 있습니다.","Pilot의 Acroball 1000은 울트라 프리미엄 볼펜의 새로운 표준입니다. 전문적으로 제작된 탄화 텅스텐 필기 팁, 매우 매끄러운 고급 잉크, 스타일리시하면서도 내구성이 뛰어난 금속 배럴이 특징인 Acroball 1000은 세련된 스타일과 실체를 제공합니다. 미래의 볼펜으로 업그레이드하세요. 파인 포인트 0. 7mm. 블루 배럴. 블랙 잉크.","['잉크', '볼펜', '필기', '펜', '포인트', '접이식', '매끄럽다', '블랙', '방지', '울트라']"
사무용품,펜 및 리필,볼펜,,B001O049ZC,"Cross Calais 리필 가능한 볼펜, 미디엄 볼펜, 프리미엄 선물 상자 포함 - 크롬/블랙",Cross,40165,40165,4.7,1953.0,"펜 리필 포인트를 확장하기 위한 트위스트 액션 메커니즘 Cross 프리미엄 선물 상자에 포장됩니다 다른 색상을 사용할 수 있습니다 블랙, 미디엄 볼펜. 탁월한 필기 경험을 위해 완벽하게 흐르는 특수 포뮬러 잉크가 함께 제공됩니다",아르데코에서 영감을 받은 라인과 눈에 띄는 투톤 마감으로 칼레 컬렉션은 즉각적인 클래식입니다. 가볍고 매끄러우며 크롬 악센트와 대담한 외관으로 매번 테이블에 선명하고 깨끗한 외관을 제공합니다.,"['볼펜', '선물', '크롬', '프리미엄', '상자', '외관', '블랙', '리필', '미디엄', '선명하다']"
사무용품,펜 및 리필,볼펜,,B00PPDM8DE,"OHTO Fude 볼펜 엑스트라 볼드, 1.5mm, 블랙 잉크, 팩당 펜 5개(일본 수입) [Komainu-Dou 오리지널 패키지]",オート,14819,9695,4.5,756.0,"방수, 내광성,",1,"['펜', '패키지', '잉크', '일본', '엑스트라', '수입', '블랙', '볼펜', '볼드', '방수']"
사무용품,펜 및 리필,볼펜,,B0047Z24IU,"Tombow Airpress 0.7mm 볼펜, 풀 블랙",Tombow,8310,8310,4.5,1489.0,"압력 타입 오일 기반 볼펜: 깨지거나 깨지지 않는 튼튼한 압축 펜 [특징] 빠른 쓰기, 덮어쓰기 및 젖은 종이에 적합합니다 사양: 휴대성을 위한 컴팩트한 사이즈 / 넓은 와이어 클립 / 장갑을 착용했을 때에도 잡기 쉬운 고무 바디 총 길이: 4.8 인치 (122 mm) 무게: 0.5 oz (15 g)",거꾸로 쓰는 가압 볼펜이기 때문에 양쪽이나 젖은 종이에 쓸 수 있습니다. 어반 스포츠 색상: 풀 블랙. 그립 부분은 투명하여 내부의 스프링을 볼 수 있습니다.,"['볼펜', '블랙', '종이', '풀', '기반', '내부', '넓다', '바디', '고무', '압축']"
사무용품,펜 및 리필,볼펜,,B0BL399859,"Xeno Lunatic Lunny 0.38mm 슬림 볼펜 12개 박스 12개, 한국산 (블랙 블루 레드 12개)",ZEESOON,13185,13185,4.5,170.0,"루니는 민첩한 토끼이지만 때로는 라거드 거북이입니다. 미친 듯이 달을 사랑하는 것을 도울 수 없습니다. 우수한 잉크 포뮬러: Xeno Mikey The Cat 펜의 독특한 오일 베이스 잉크 포뮬러는 건조를 방지하여 장기간 사용할 수 있으며 번짐, 번짐 또는 건너뛰기가 없는 부드러운 필기 경험을 제공합니다 필기 정밀도 달성: Baby Mikey 펜의 견고하고 완전히 접을 수 있는 파인 포인트 0.5mm 팁은 정확하고 정확한 선을 유지하면서 선명하고 대담하며 읽기 쉬운 글씨를 제공합니다 편안한 고무 그립: 각 펜은 인체 공학적 미끄럼 방지 고무 그립으로 설계되어 견고하면서도 편안한 그립감을 제공하여 장시간 쉽게 쓰고 스케치할 수 있습니다. 또한, 디자인은 리트랙터블 포켓 클릭 클립이 있어 휴대가 편리하며 잉크가 건조해지는 것을 방지합니다 포인트 사이즈: 0.38mm / 한국산, 잉크 유형: 오일 베이스 / 스냅 버튼 타입, 사이즈: 약 155 x 10 mm (6.1 x 0.4 인치) 잉크 색상: 블랙 - 펜 12개 팩","Xeno Lunatic Lunny 0.38mm 슬림 볼펜 12개 박스 12개, 한국산","['잉크', '펜', '국산', '방지', '볼펜', '박스', '블랙', '포뮬러', '슬림', '오일']"
사무용품,펜 및 리필,볼펜,,B0BX5KY6ZH,"스타일러스 팁이 있는 볼펜 7개, 접이식 터치 스크린 미디엄 포인트 볼펜 블랙 잉크 필기 펜 2 in 1 일상 직장 학교 필기 문구 사무용품",TIESOME,9667,9667,4.3,47.0,"【투인원 볼펜】패키지에는 터치 스크린 스타일러스 팁이 있는 다채로운 접이식 볼펜 7개가 포함되어 있습니다. 터치스크린 장치의 스타일러스로 작동하며 표준 볼펜으로도 사용할 수 있습니다. 【부드러운 쓰기】블랙 잉크는 매끄럽고 빠르게 건조되며 잉크가 새지 않으며 글씨가 번지지 않으며 프레스 타입 펜으로 한 손으로 쉽게 완성할 수 있으며 간단하고 편리하며 빠릅니다. 대부분의 표면에 부드럽게 쓰이며 매일 사용하기에 적합합니다. 【고품질 소재】당사의 스타일러스 펜은 대부분의 제품보다 강한 특수 플라스틱으로 제작되었습니다. 민감한 터치의 프리미엄 소프트 고무 팁 엔드는 모든 터치 장치의 긁힘과 지문을 줄이는 데 도움이 되며 손가락과 똑같이 작동합니다. 【호환성 및 휴대성】모든 Capactive 터치 스크린 장치와 100% 호환됩니다. 편리한 클립 디자인으로 접이식 볼펜을 책, 노트북 또는 가방에 단단히 고정할 수 있으며 잃어버릴 걱정 없이 휴대가 쉽습니다. 접이식 디자인으로 캡을 부드럽게 누르면 펜 끝이 자동으로 접힙니다. 【섬세한 선물】: 이 필기구 펜은 컨벤션, 무역 박람회, 파티 등에서 방명록 테이블을 위한 완벽한 선물입니다. 학교, 사무실 및 가족용으로 적합합니다. 매일 사용하기에 완벽한 선택입니다.","TIESOME 터치 스크린용 스타일러스 펜 7개, 스타일러스 팁이 있는 볼펜, 블랙 잉크 펜, 태블릿 스타일러스, 모든 정전식 터치스크린과 호환 가능//포장 목록: 7개* 볼펜 (블랙, 라이트 그린, 오렌지, 레드, 퍼플, 사파이어 블루, 다크 그린)./소재: 플라스틱/색상: 블랙, 라이트 그린, 오렌지, 레드, 퍼플, 로열 블루, 다크 그린/제품 사이즈: 싱글 14.5*0.9cm/5.7*0.35인치./포장 사이즈: 16*14*1cm//특징://투인원 스타일러스 볼펜:/볼펜 팁(블랙 잉크)으로 노트북에 쓰고, 부드러운 고무 스타일러스 팁으로 스마트폰의 터치 스크린을 쓸 수 있습니다. 화면/종이에 중단 없이 서명되었습니다.//부드러운 잉크:/블랙 잉크 펜에는 정밀 잉크 출력 레귤레이터가 내장되어 있어 액체 잉크가 고르게 흐르도록 하여 부드러운 필기 경험을 제공합니다.","['볼펜', '스타일러스', '잉크', '펜', '터치', '블랙', '부드럽다', '스크린', '그린', '접이식']"
사무용품,펜 및 리필,볼펜,,B096HVWYMV,"미디엄 포인트 1mm 블랙 잉크 작업 펜 슈퍼 소프트 그립 볼펜 남성 여성용 접이식 사무실 펜 (블랙 잉크, 블랙 12)",Lin.Pen,12451,12451,4.6,974.0,"매우 부드러운 미끄럼 방지 그립 - 그립이 있어 매우 부드럽고 편안한 촉감을 제공하여 각 볼펜을 쉽게 잡을 수 있습니다 미디엄 1.0mm 포인트 - 클래식 블랙 펜. 생생한 블랙 잉크 구조로 일상적인 필기 도구로 좋습니다. 오래 지속되는 리필 가능한 잉크로 신뢰할 수 있는 필기감을 제공하며, 볼의 볼 팁은 매끄럽고 잉크가 쉽게 깨지지 않습니다. 빠른 건조 잉크 - 볼펜 잉크 건조 속도는 매우 빠르며 글씨가 매끄럽고 얼룩이 생기지 않으며 밝은 색상으로 빠르게 건조됩니다. 내구성이 뛰어난 금속 은색 클립 - 각 펜에는 내구성이 뛰어난 금속 은색 클립이 있어 노트북, 바인더 또는 주머니에 쉽게 고정할 수 있어 시그니처 작업과 일상적인 필기 작업을 할 수 있습니다. 간편한 사용 - 사무실 펜, 시그니처 펜, 성인 및 어린이를 위한 학용품에 이상적입니다.","제품 세부 정보 1. 접이식 펜: 편리하고 빠르게 사용할 수 있습니다. 2. 부드러운 미끄럼 방지 그립: 부드러운 그립이 있어 더욱 편안합니다. 몇 시간 동안 편안하게 글을 쓸 수 있도록 손에 꼭 맞습니다. 3. 간편한 고정: 편리한 금속 포켓 클립으로 빠르게 사용할 수 있습니다. 4.1mm 미디엄 포인트 볼펜. 5. 블랙 잉크: 빠른 건조, 번짐 없는 잉크. 6.길이: 5.7 인치 (145 mm)","['잉크', '펜', '블랙', '빠르다', '볼펜', '부드럽다', '건조', '작업', '포인트', '편안하다']"
사무용품,펜 및 리필,볼펜,,B07J9K239J,"Paper Mate Profile RT 접이식 볼펜, 볼드 포인트, 1.4mm, 블랙 잉크, 펜 3개 2팩",Paper Mate,17991,11066,4.7,958.0,볼드 포인트가 있는 볼펜은 생각을 자신 있게 전달할 수 있도록 도와줍니다 부드러운 그립으로 매일 편안하게 쓸 수 있습니다 믿을 수 있는 생생한 잉크로 노트를 밝게 합니다 편리한 접이식 디자인과 색상 매칭 배럴 Paper Mate Profile RT 블랙 볼펜 6개 포함,"Paper Mate Profile RT는 편안하고 편리한 디자인으로 강력한 필기 경험을 제공합니다. 대담한 팁은 신뢰할 수 있는 생생한 잉크를 제공하여 모든 글쓰기를 밝게 하며, 부드러운 쿠션 그립으로 더 오래 쓸 수 있습니다. 편리한 포켓 클립으로 이 신뢰할 수 있는 펜을 어디에나 휴대할 수 있습니다.","['볼펜', '편리하다', '잉크', '볼드', '부드럽다', '블랙', '디자인', '신뢰', '생생하다', '펜']"
사무용품,펜 및 리필,볼펜,,B0CZHDW3MT,"스타일러스 팁이 있는 볼펜, 터치 스크린용 접이식 금속 스타일러스 펜 10개, 1.0mm 블랙 잉크(모란디 색상)",SHIBASHAN,12451,12451,4.4,162.0,"【프리미엄 품질】편안한 그립을 위한 내구성 있는 금속 바디와 팁이 특징입니다. 정통 무게는 느낌을 더하고 작가에게 매우 만족스러운 느낌과 균형으로 보다 통제된 필기 경험을 제공합니다. 【미적 펜】우아한 로즈 골드 색상의 SHIBASHAN 펜 10팩은 사무실의 미적 외관에 맞아 영감을 주고 집중할 수 있는 차분하고 아름다운 직장을 만듭니다. 【2-in-1 스타일러스 펜】터치 스크린용 스타일러스 팁이 있는 볼펜 10개를 받게 됩니다. 터치 스크린용 스타일러스 펜을 사용하여 종이, 휴대폰 또는 태블릿 화면에 메모를 할 수 있습니다. 【부드러운 필기】블랙 잉크 1.0mm 미디엄 포인트 부드러운 필기 펜. 일관된 잉크 흐름, 번짐이나 얼룩이 없습니다. 펜은 2-3회 사용 후에도 쓰기가 멈추지 않습니다. 메모 작성, 수표 서명, 일기 작성 및 방명록에 적합합니다. 【적절한 선물 선택】에스테틱 펜은 동료, 친구, 가족, 학생, 교사, 의사, 사업가 등을 위한 훌륭한 선물입니다.","제품 이름: 금속 볼펜./제품 사양: 14.3cmx1.0cm/개, 15cm*15cm/팩/제품 소재: 금속/제품 무게: 17.6g/pc/제품 유형: 접이식 볼펜/제품 사용: Gifts / Office / Exhibition publicity","['펜', '스타일러스', '금속', '볼펜', '스크린', '터치', '필기', '잉크', '작성', '부드럽다']"
사무용품,펜 및 리필,볼펜,,B0CMDD8PYP,"BIC 메탈릭 레드, 블루, 실버 배럴이 있는 4가지 컬러 샤인 볼펜 미디엄 포인트 (1.0mm) - 3개 팩",BIC,17021,17021,4.7,63.0,"항상 시대를 따라가는 이 3개의 BIC 4 컬러 샤인 볼펜은 메탈릭 레드, 블루, 실버 배럴로 장식되어 있습니다 선명하고 정밀하며 다채로운 필기를 위해 블루, 레드, 그린, 블랙 색상의 미디엄 1mm 볼펜 4개가 포함되어 있습니다 잡기 쉬운 원형 배럴, 측면 클립 및 시그니처 클릭 버튼이 특징인 전설적인 디자인 BIC 4 컬러 샤인 펜으로 오래 사용할 수 있습니다: 4개의 잉크 카트리지로 5마일 이상 쓸 수 있습니다 유럽에서 제작된 BIC 4 컬러 샤인은 탁월한 품질을 제공합니다","레드, 블루, 실버 색상의 매끄럽고 현대적인 메탈릭 배럴이 있는 BIC 4 컬러 샤인 펜 3개 팩. 블루, 블랙, 레드, 그린의 미디엄 1mm 볼펜 4개 - 글쓰기 및 드로잉부터 노트 정리에 이르기까지 모든 것에 적합합니다. 버튼을 사용하여 펜을 교체하지 않고도 클릭 한 번으로 색상을 변경할 수 있습니다.","['샤인', '레드', '컬러', '블루', '볼펜', '실버', '펜', '메탈', '미디엄', '버튼']"
사무용품,펜 및 리필,볼펜,,B0CS38T97Z,"20피스 축구 파티 선물 축구 펜 축구 모양 볼펜 축구 블랙 잉크 접이식 볼펜 미디엄 포인트 1.0mm 소프트 그립 펜 학교 사무실용 (블루, 비비드)",Dianelhall,11066,11066,4.5,219.0,"수량 및 색상: 패키지에는 총 20개의 축구펜이 있으며, 쉘은 파란색으로 사랑스럽고 밝습니다. 이 볼펜은 빠르게 건조되는 블랙 잉크와 1.0mm 미세 포인트를 채택하여 부드럽고 명확하게 쓸 수 있으며 종이에 얼룩이 생기지 않습니다 재미있는 축구 스타일: 축구 잉크 펜 상단에는 창의적인 축구 장식이 있어 360도 회전할 수 있어 스트레스를 완화하고 직장과 공부에 지쳤을 때 약간의 재미를 가져다 줄 수 있습니다 잡기 쉽고 휴대가 간편합니다: 축구 경품 펜의 그립 위치는 미끄럼 방지 부드러운 고무로 그립 마찰을 증가시키고 그립에 편안함을 더합니다. 펜 클립 디자인으로 볼펜을 책이나 주머니에 쉽게 고정할 수 있어 휴대가 편리하고 쉽게 잃어버리지 않습니다 탈착식 디자인: 축구 펜 축구팀 선물에는 단단한 플라스틱 케이스가 있어 가볍지만 견고하며 쉽게 손상되지 않습니다. 펜은 분리 가능하며 리필은 교체할 수 있습니다. 새 리필을 쉽게 교체하여 펜의 수명을 연장할 수 있습니다 다양한 용도: 재미있는 축구 볼펜은 메모 쓰기, 드로잉, 서명, 캘리그래피 연습, 스케치, 낙서 및 메모 작성에 사용할 수 있어 학생, 어린이, 사무실 근로자 등을 위한 이상적인 선물입니다. ; 또한 사진 소품으로 사용할 수 있으며 사무실과 가정을 위한 정교한 스포츠 스타일 장식으로도 사용할 수 있습니다",,"['축구', '펜', '볼펜', '선물', '잉크', '휴대', '디자인', '리필', '메모', '부드럽다']"
사무용품,펜 및 리필,볼펜,,B09S9PF6LQ,"Reynolds 045 CARBURE 25CT 병, 블루 16개, 블랙 6개 및 레드 3개 I 경량 볼펜, 매우 부드러운 글쓰기를 위한 편안한 그립 I 학교 및 사무실 문구류 | 0.7mm 팁 사이즈",Reynolds,22146,22146,4.3,3436.0,"팁 사이즈: 0.7 mm 잉크 색상: 블루, 블랙, 레드 압력 없는 글쓰기: 저희 볼펜은 완벽한 그립감과 니들 포인트 팁을 제공하도록 설계되어 압력 없이 쓸 수 있습니다 긴 글쓰기에 적합: Reynolds 볼펜은 가벼워 장시간 글쓰기에 적합합니다 섬세한 글쓰기: 볼펜은 레이저 팁을 사용하여 섬세하고 부드러운 필기를 가능하게 합니다.","Reynolds 045는 결코 유행에 뒤떨어지지 않는 클래식입니다. 블루, 블랙, 레드의 3가지 훌륭한 잉크 색상으로 제공되며, 신뢰할 수 있고 신뢰할 수 있으며 스타일리시합니다. 훌륭한 0.7mm 팁은 부드러운 필기를 보장하며 부드러운 그립으로 더 오래 잡을 수 있습니다. 클래식 제품을 찾고 계신다면 Reynolds 045를 선택하세요","['글쓰기', '부드럽다', '볼펜', '블랙', '블루', '레드', '신뢰', '압력', '필기', '섬세하다']"
사무용품,펜 및 리필,볼펜,,B0C9TGBGZQ,"볼펜 3개, 블랙 잉크 미디엄 포인트 0.5, 접이식 예쁜 메탈 볼펜 선물 펜, 메모 작성용 추가 리필 10개, 남성 여성 학교 사무실 귀여운 펜, 3피스-핑크 세트",YONCOUX,22146,22146,4.8,7.0,"색상 디자인: 볼펜은 다양한 색상으로 멋진 메탈릭 질감과 밝은 색상을 가지고 있으며, 패션과 고귀함을 결합하고 부드럽고 편안한 터치로 고급스럽고 질감의 즐거움을 경험할 수 있습니다. 부드러운 필기: 0.5mm 미디엄 볼펜, 섬세한 포인트 부드러운 필기 펜, 손쉬운 필기 경험. 블랙 잉크는 건조하기 쉽고 불침투성이며 번짐이 적어 쉽고 정확하게 쓸 수 있습니다. 고품질 소재: 스테인리스 스틸 금속 볼펜, 각 펜에는 깨지지 않는 금속 클립이 있어 노트, 바인더 또는 포켓에 펜을 쉽게 고정할 수 있어 메모를 하거나 매일 쓸 수 있습니다. 독특한 기능: 금속 소재로 제작된 접이식 볼펜, 각각의 새 리필은 잉크가 마르지 않도록 왁스로 밀봉되어 있으며 다양한 색상과 모델의 다른 비즈 펜 리필로 교체할 수 있습니다. 필기용으로 좋은 펜입니다 완벽한 선물: 저희 세트에는 접이식 볼펜 3개, 정교한 선물 상자 및 교체 가능한 리필 10개가 포함되어 있습니다. 학생, 가족, 친구 또는 동료뿐만 아니라 생일 파티, 크리스마스 파티, 졸업식 등에 완벽한 선물입니다.",,"['펜', '볼펜', '선물', '필기', '리필', '금속', '접이식', '잉크', '부드럽다', '메모']"
사무용품,펜 및 리필,볼펜,,B0BCK5X53K,"Cobee® 미적 볼펜, 0.5mm 접이식 젤 잉크 펜, 귀여운 볼포인트 펜, 블랙 잉크, 부드러운 필기 펜, 파스텔 롤러 볼펜, 학교 사무실 선물 용품, 5개 (모란디)",Cobee,9667,9667,4.5,574.0,"【미적 볼펜 】 단순하지만 세련된 디자인, 부드러운 촉감, 좋은 느낌을 갖춘 다양한 색상의 접이식 젤 잉크 펜 5개를 얻을 수 있습니다. 완벽한 크기의 귀여운 볼펜은 일상적인 사용 및 교체 요구 사항에 적합합니다. 【섬세한 선물】 귀엽고 섬세한 볼펜은 정교하고 매력적인 플라스틱 외관을 가지고 있습니다. 광택 파스텔 컬러 페인트 배럴 마감으로 멋진 볼펜을 매우 독특하고 고급스럽게 보이게 합니다. 가족, 친구, 학생, 반 친구 및 동료에게 축복을 표현할 수 있는 실용적인 선물로 이 미적 펜을 줄 수 있습니다. 【빠른 건조 잉크】블랙 잉크 펜은 0.5mm 총알로 구성된 펜촉이 있으며 매끄럽고 연속적인 잉크를 가지고 있습니다. 빠르게 건조되는 잉크는 즉시 건조되고 번지지 않아 더 선명하고 디테일한 그림을 만들 수 있습니다. 【간편한 휴대】편리한 클립 디자인으로 중성 잉크 볼펜을 책, 노트북 또는 가방에 단단히 고정할 수 있으며 분실 걱정 없이 휴대가 쉽습니다. 접이식 디자인으로 캡을 부드럽게 누르면 펜 끝이 자동으로 접힙니다. 【다양한 용도】 이 젤 잉크 롤러볼 펜은 글쓰기, 메모, 드로잉, 다이어리, 스케치, 그림, 스크랩북 등에 적합하며 일상적인 공부 및 작업의 다양한 요구 사항을 충족합니다.",,"['잉크', '펜', '볼펜', '접이식', '건조', '귀엽다', '디자인', '부드럽다', '선물', '휴대']"
사무용품,펜 및 리필,볼펜,,B0C3HL8KVC,Pilot Japan Frixion Ball Knock Zone 퍼스트 라이트 핑크 0.5mm 블랙 잉크 LFBKZ-50EF-FP 일본 수입 오리지널 스타일러스 볼펜 터치 펜 포함,Generic,16592,16592,4.3,31.0,"Frixion Ball Knock Zone은 새롭게 개발된 지울 수 있는 볼펜으로, 더 어두운 필기와 증가된 잉크 용량에 대한 사용자의 요청에 따라 ""더 깊고 길게"" 쓸 수 있습니다. ""프리미엄 프릭션 잉크""는 금속 리필을 사용합니다. 기존의 마찰 잉크에 비해 잉크 밀도를 검정색의 경우 30%, 빨간색과 파란색의 경우 15% 증가시켜 더 어둡고 눈에 잘 띄는 글씨를 쓸 수 있습니다. 병당 잉크 용량이 70% 증가했으며 필기 양이 약 40% 증가하여 잉크가 이전보다 훨씬 오래 지속됩니다. 잉크 색상: 블랙 사이즈: 최대 지름 φ 1.1cm 총 길이 15cm / 볼 직경: 0.5mm (매우 얇음) 방법: 클립 슬라이드 리트랙터블 타입 / 샤프트 칼집: 레진 고무 교체용 리필: LFBKRF50EF 우아한 핑크 골드로 강조된 팁과 클립이 있는 단색 블랙은 고급스러워 보입니다. 민감한 고무 팁은 대부분의 터치 스크린 장치와 함께 사용하도록 설계되었습니다. 또한 팁을 접거나 늘릴 때 쿠션으로도 사용할 수 있습니다. 아름다운 블루 블랙 잉크.",또한 금속 리필을 채택하고 파이프의 두께를 줄임으로써 병당 잉크 용량이 기존 수지 리필에 비해 70% 증가합니다. 오래 지속됩니다.,"['잉크', '증가', '블랙', '리필', '기존', '지속', '볼펜', '클립', '핑크', '금속']"
사무용품,펜 및 리필,볼펜,,B09Z6Z4B2D,"볼펜 럭셔리 볼펜 라인 블랙 리필 너비 0.5mm 선물 세트 남성 및 여성 전문 경영진, 사무실, 멋진 볼펜, 고급스러운 선물 상자 (블랙)",YIVONKA,13836,13836,4.4,152.0,"★손쉬운 필기 경험: 저희 펜은 부드럽고 편안한 필기 경험을 제공하도록 설계되었습니다. 0.5mm 미디엄 포인트와 고품질 블랙 잉크로 지속적인 잉크 흐름과 텍스트를 장기간 보존할 수 있습니다. ★매끄럽고 세련된 디자인: 심플하고 패셔너블한 펜의 디자인은 인생에서 더 좋은 것을 감상하는 도시인에게 적합합니다. 펜의 모양은 단순함의 아름다움을 강조하기 위해 신중하게 제작되었습니다. ★고급스러운 필기 경험: 저희 펜은 필기감을 위해 완벽하게 무게와 균형이 잡혀 있습니다. 매일 글쓰기를 좋아하는 사람들을 위해 디자인된 럭셔리 펜입니다. ★다용도 사용: 저희 펜은 학습, 사무실 글쓰기에 적합하며 친척, 친구 및 비즈니스 파트너를 위한 정교한 선물로 만들 수 있습니다. ★완벽한 패키지: 펜 1개, 리필 4개, 정교한 선물 상자 1개를 한 패키지에 담으세요. ★100% 만족 보장: 저희는 제품에 자신이 있으며 100% 반품을 약속합니다. 고객 만족은 당사의 비즈니스 목적이며 모든 고객에게 세심한 서비스를 제공합니다. 안심하고 구매하세요","1. 제품 설명: ★이 정교한 선물 상자 볼펜 세트는 귀중한 직원에게 이상적인 선물이며 도움이 됩니다. 동료 또는 사랑하는 사람들. ★이 펜의 디자인 스타일은 심플하고 패셔너블합니다. 펜 모양 하이라이트. 도시 사람들이 추구하는 단순한 삶! ★이 펜은 강한 그립을 위한 질감 있는 손잡이가 있습니다. 균형 감각이 있고 무겁습니다. 볼 팁의 매끄럽고 깨끗한 라인에 무게가 적혀 있습니다. 2. 사용 시나리오: ★학생들이 공부할 때 글쓰기에 사용할 수 있습니다. ★비즈니스맨이 사무실에서 글을 쓸 수 있습니다. ★친척, 친구 또는 파트너에게 절묘한 선물로 선물할 수 있습니다. 3. 제품 정보: ★펜 무게: 38g, 펜 길이: 13.8cm/5.43인치, 내장 강관, 다층 베이킹 페인트. 용도: 커버 풀링 타입. ★고품질 잉크를 사용하여 펜이 모든 유형의 종이에 부드럽게 미끄러질 수 있습니다. ★잉크 색상을 현지 문구점에서 리필로 교체할 수 있습니다. ★패키지: 펜 1개, 펜 리필 4개, 아름다운 선물 상자, 때로는 아름다운 선물을 줄 것입니다. 4. 완벽한 서비스: ★저희는 100% 반품을 약속하며, 고객 만족은 저희의 사업 목적, 대담하고 확실한 구매입니다. 저희는 모든 고객에게 세심한 서비스를 제공할 것입니다.","['펜', '선물', '상자', '필기', '잉크', '볼펜', '디자인', '사무실', '아름답다', '정교하다']"
사무용품,펜 및 리필,볼펜,,B0CW1QDQMK,4피스 스피닝 피젯 펜 피젯 볼펜 금속 필기 도구 실용적인 펜 스트레스 감소 볼펜 LED 조명 포함,HEQU,13822,13822,5.0,1.0,"제품 구성: 패키지에는 섬세하고 세련된 피젯 펜 4개가 포함되어 있어 더 많은 필기 재미를 제공합니다. 충분한 양으로 일상적인 필기 요구 사항을 충족할 수 있습니다. 고품질 소재: 펜 몸체는 고품질 구리 소재로 만들어졌으며 중간 부분은 아연 합금 소재로 만들어져 견고하고 관리가 가능하며 부식 방지 기능이 있으며 쉽게 깨지거나 마모되지 않아 장시간 사용할 수 있습니다. 간편한 사용: 이 다기능 볼펜에는 LED 조명이 있습니다. 상단을 눌러 조명 기능을 켭니다. 볼펜을 켜면 더 많은 재미를 선사합니다. 어둠 속에서 백업 손전등으로도 사용할 수 있습니다. 기분 조절에 도움이 됩니다: 부드러운 피젯 펜은 스트레스와 불안을 완화하는 데 도움이 되므로 주의력과 작업 효율성을 향상시키는 데 도움이 됩니다. 다양한 용도: 여성, 남성을 위한 이상적인 선물 펜, 교사, 디자이너, 학생, 사무원, 엔지니어, 근로자, 의사, 변호사 등과 같은 모든 뇌 종사자를 위한 완벽한 볼펜.","특징: 1. 스피닝 펜은 클래식하고 정교하며, 한쪽은 미니 LED 조명이며, 다른 쪽은 글쓰기에 사용할 수 있는 볼펜입니다. 미끄럼 방지 디자인으로 사람들이 편안하게 잡을 수 있어 편안하고 쉬운 필기 경험을 제공합니다. 2. 손가락 펜은 재미있고, 디자인은 불안과 압력을 완화할 수 있으며 공부, 비즈니스, 드로잉, 스케치 등에 적합합니다. 내부에 리필이 있어 부드럽게 쓰고 빠르게 건조되며 리필이 가능합니다. 사양: 소재: 구리, 아연 합금 색상: 블랙, 골드, 실버, 블루 사이즈: 약 10.3 x 1.1 cm/4.1 x 0.4인치. 패키지 구성: LED 조명이 있는 피젯 펜 4개","['펜', '볼펜', '피젯', '조명', '필기', '도움', '가능하다', '구리', '완화', '아연']"
사무용품,펜 및 리필,볼펜,,B0CVR2XW8Y,"Pentonic 볼펜, 10개, 반투명 페일 그레이 배럴, 블랙 잉크, 0.7mm 가는 포인트, 저널링 및 메모 작성을 위한 부드러운 필기(PEN13086)",Pentonic,11052,11052,4.8,7.0,"이 Pentonic 볼펜은 10개 팩으로 제공됩니다. 블랙 잉크가 있는 반투명 옅은 회색 배럴이 있으며 0.7mm 파인 포인트 팁으로 제공됩니다 0.7mm 파인 포인트 펜 팁은 긴 메모, 디테일한 스케치 및 작은 필기에 적합한 얇고 정확한 선을 만듭니다 이 경량 볼펜은 다용도로 사용할 수 있으며 오래 사용할 수 있습니다. 번짐 및 방수 잉크는 모든 유형의 종이에 적합하며 캡은 펜의 수명을 유지합니다 저점도 잉크를 사용하여 쉽게 글을 쓸 수 있습니다. 일관된 잉크 흐름으로 저널링에 완벽한 펜입니다 이 블랙 잉크 펜은 각각 반투명 옅은 회색 배럴과 니켈 실버 펜 팁이 있어 스마트하고 프리미엄 디자인 미학을 선사합니다","이 Pentonic 멀티 컬러 펜 세트에는 10개의 볼펜이 포함되어 있으며, 모두 블랙 잉크가 있습니다. 각 깃털처럼 가벼운 펜은 반투명 옅은 회색 마감으로 편안한 그립과 부드럽고 쉽게 쓰고 일기를 쓸 수 있습니다. 니켈 실버 펜 팁은 얇고 정확한 선을 위한 0.7mm 미세 포인트입니다. 저점도 잉크로 롤링 볼이 번짐 없이 모든 종류의 종이 표면에서 미끄러질 수 있습니다. 첫 사용부터 마지막 사용까지 일관된 잉크 흐름을 얻을 수 있습니다. 펜 캡은 볼펜의 수명을 유지하는 데 도움이 됩니다! 10개.","['잉크', '펜', '볼펜', '포인트', '반투명', '블랙', '회색', '옅다', '니켈', '메모']"
사무용품,펜 및 리필,볼펜,,B0BW15XNQ8,"Writon 접이식 블루 볼펜 - 24팩 필기 펜 - 편안한 그립 - 부드러운 필기를 위한 0.7mm 파인 포인트 - 빠른 건조 잉크 펜 - 볼펜 - 모던 스쿨, 사무용품",Writon,12451,13836,4.1,246.0,"편안한 그립으로 손의 피로를 방지합니다. 어떤 필기 스타일이든 Writon 잉크 펜은 탁월한 선택입니다. 손에 편안함을 느끼며 비슷한 벌크 접이식 펜처럼 장시간 사용해도 피로를 유발하지 않습니다. 접이식 펜은 마르지 않습니다: 이 접이식 볼펜은 오래 사용할 수 있도록 제작되었습니다. 각 볼펜은 관련 0.7mm 펜촉을 다시 돌려서 수축시켜 필기펜이 마르지 않도록 방지하고 수명을 연장합니다. 학교 또는 사무실을 위한 부드러운 필기 펜: 이 파란색 잉크 펜은 부드러운 잉크 흐름을 자랑하며 사무실 근로자, 학생, 교사, 작가, 간호사 및 서버를 위한 이상적인 학교 펜, 사무실 펜, 저널링 펜 및 필기 펜입니다. 하이라이트를 위한 파인 포인트 펜: 저희 블루 볼펜은 0.7mm의 섬세한 팁이 있어 긴 텍스트에서 중요한 포인트를 쉽게 강조할 수 있습니다. 섬세한 볼펜 팁은 내구성이 뛰어나 오래 사용할 수 있습니다. 비용 효율적인 블루 펜 세트: 저희 클릭 펜은 합리적인 가격에 24팩 세트로 제공됩니다. 학용품, 사무용품, 글쓰기 또는 학습 용품에 강력하고 기능적이며 저렴한 블루 볼펜 세트를 장착하세요.",,"['펜', '볼펜', '필기', '잉크', '접이식', '블루', '포인트', '사무실', '부드럽다']"
사무용품,펜 및 리필,볼펜,,B08XWJX1Q9,Cross Bailey 매트 블랙 래커 롤링 볼펜 광택 블랙 PVD 약속,Cross,90025,64541,4.5,61.0,"새로운 매트 블랙, 매트 그레이 및 매트 레드 래커 마감 학생, 신입 전문가, 첫 만년필 사용자에게 적합합니다 배럴의 캡 핏이 개선되어 롤러볼과 만년필 사용자의 경험을 향상시킵니다 Cross 프리미엄 선물 상자에 담겨 제공됩니다 평생 기계적","Cross 인기 있는 Bailey 컬렉션에 흥미로운 업데이트를 도입하여 소비자 경험을 현대화하고 향상시킵니다. 현대적인 외관, 확장된 만년필 펜촉 크기 및 캡의 향상된 핏으로 새로운 마감을 지켜보세요. Cross Bailey는 그 어느 때보다 우수합니다. 편안한 중간 사이즈 프로필과 전통적인 캐릭터로 디자인된 이 라인은 이제 세대에 걸친 매력을 더하여 추가 마감으로 제공됩니다.","['매트', '향상', '블랙', '만년필', '마감', '경험', '캡', '래커']"
사무용품,펜 및 리필,볼펜,,B08998S1BV,"Zebra F-301 볼펜 스테인리스 스틸 접이식 가능, 0.7mm, 블랙 잉크, 블랙 잉크 메탈 펜 6개 콤보 팩, 블랙 잉크 리필 3개, 펜 리필 포함 0.7mm 파인 포인트 펜",Zebra Pen,27284,22118,4.8,3311.0,"얼룩말 잉크 펜 F301 블랙 잉크 6개 콤보 팩, 블랙 컬러 잉크 리필 3개, Ball Point Zebra Pen 는 0.7mm 파인 포인트 팁입니다. 리필은 Zebra의 F-301, F-402, F-701, F301 컴팩트 및 301A 0.7mm 볼펜을 보완하도록 설계되었습니다 접이식 볼펜은 세련된 디자인과 세계적 수준의 품질을 갖춘 현대적인 스테인리스 스틸 배럴이 특징이며, 사무실 펜, 시그니처 펜, 성인 및 아동용 학용품에 사용하기 좋습니다. 가볍지만 내구성이 뛰어난 스테인리스 스틸 배럴은 현대적이고 매력적인 외관을 제공합니다 F-301 BP 스테인리스 스틸 펜은 편안하고 쉽게 쓸 수 있는 미끄럼 방지 그립이 특징입니다. 이 내구성 있는 볼펜은 Zebra의 F-리필(85512)로 리필할 수 있습니다 모든 Zebra 제품의 내구성 있는 성능을 보장하는 강력한 품질 테스트",1,"['펜', '잉크', '블랙', '리필', '볼펜', '스테인리스', '스틸', '구성', '현대', '포인트']"
사무용품,펜 및 리필,볼펜,,B0C29N4NL5,"Mr. Pen - 에스테틱 펜, 6팩, 블랙 잉크, 빠른 건조, 번짐 방지 성경 펜, 번짐 없음, 파인 포인트 펜, 볼펜 볼펜, 메모용 파인 팁 펜, 미적 펜",Mr. Pen,9681,9681,4.5,298.0,"이 볼펜 6개 팩은 블랙 잉크와 함께 아름다운 배럴 색상으로 제공되어 일상적인 글쓰기와 드로잉에 적합합니다. Mr. Pen 펜은 독특한 사각형 바디로 편안한 그립감을 제공하며 작업 공간에서 굴러가는 것을 방지합니다. 현대적인 미학이 가미된 기능적인 디자인입니다. 이 펜은 고품질 잉크로 채워져 부드럽고 일관된 필기 경험을 보장합니다. 건너뛰거나 얼룩질 걱정 없이 자유롭게 아이디어를 표현하세요. 펜의 사각형 몸체는 견고하고 내구성이 뛰어나며 장기간 과도한 사용을 견딜 수 있습니다. 이 펜은 오래 사용할 수 있도록 설계되어 학생, 전문가 및 그 사이의 모든 사람에게 실용적인 선택입니다. Mr. Pen 볼펜은 메모, 일기, 낙서 등을 포함한 다양한 작업에 적합합니다.",,"['펜', '볼펜', '잉크', '사각형', '방지', '메모', '작업', '블랙']"
사무용품,펜 및 리필,볼펜,,B0C2CFBV99,"폼폼 볼펜 4피스 푹신한 볼펜 귀여운 카와이 펜 블랙 젤 잉크 볼펜, 사무실 학교 용품용, 퍼플, 그린, 핑크, 화이트",Qfeley,9681,9681,3.1,7.0,"귀여운 폼폼 디자인: 여아용 푹신한 펜은 보라색, 흰색, 분홍색 및 녹색의 밝은 색상을 가지고 있으며 세련되고 푹신한 폼폼 볼이 있어 촉감이 편안하여 공부와 작업에 더 많은 재미를 가져다 줄 수 있습니다. 사이즈 정보: 저희 폼폼 펜은 길이가 약 15.7cm(6.2인치)이며 폼폼볼의 직경은 4cm/1.5인치이며 가볍고 휴대가 간편하며, 펜 코어는 0.5mm로 부드럽고 잡기 쉽습니다. 좋은 필기 경험: 이 푹신한 펜은 고품질의 멘탈 케이스로 만들어져 쉽게 변색되거나 깨지지 않으며 고품질 잉크 리필이 가능합니다. 다음 사용을 위해 리필을 교체할 수 있습니다. 블랙 잉크와 0.5mm 펜촉이 매치되어 더 부드럽게 글을 쓸 수 있습니다. 멋진 선물: 저희 퍼지 펜은 가족, 어린이, 선생님, 반 친구, 친구 및 생일, 기념일, 파티에 관심이 있는 다른 사람들에게 의미 있는 선물이 될 수 있습니다. 볼펜 세트: 부드럽고 편안한 폼폼 볼 장식으로 4가지 색상으로 디자인된 총 4개의 귀여운 볼펜을 받게 되며 귀엽고 아름답습니다. 친구들과 공유할 수도 있습니다.",,"['펜', '폼폼', '볼펜', '푹신하다', '귀엽다', '친구', '잉크', '부드럽다', '편안하다', '리필']"
사무용품,펜 및 리필,볼펜,,B0CXG2FQ8P,Uni-ball Jetstream Rt 볼펜 블랙 - 필기 펜 볼드 포인트 (1.0mm) - 리필 2개가 있는 잉크 펜 3개 - 왼손잡이 작가에게 이상적인 부드러운 필기 펜,Uni-Ball,13808,13808,4.6,10.0,"Uni-ball 제트스트림 RT 볼펜으로 굵은 포인트(1.0mm)로 부드러운 필기 경험을 즐기세요. 왼손잡이 작가에게 적합한 빠른 건조 블랙 잉크를 제공합니다 비교할 수 없는 내구성과 물, 변색 방지 기능을 경험하고 Super Ink 기술로 사기 방지 기능이 있어 시간이 지나도 문서를 안전하고 읽기 쉽게 유지할 수 있습니다. 엠보싱 그립과 스테인리스 스틸 악센트로 필기 스타일을 업그레이드하여 편안하고 정확한 제어를 제공하면서 세련된 느낌을 줍니다. 사무실 또는 저널링에 적합합니다 각 팩에는 펜 3개와 리필 2개가 포함되어 있어 오래 지속되는 편리함과 가치를 제공합니다. 신뢰할 수 있는 필기구를 찾는 학생이나 수표를 쓰는 전문가에게 이상적입니다. Uni-ball Jetstream RT 볼펜은 접을 수 있으며 대담하고 매끄러운 선을 위한 Uni의 유명한 Jetstream 잉크로 일상적인 필기 작업에 최고의 선택입니다.","Uni-ball 제트스트림 RT 볼펜을 소개합니다. 사무실 작업이나 저널링 요구 사항을 위한 최고의 필기 동반자입니다. 대담한 1.0mm 포인트의 이 펜은 부드럽고 빠르게 건조되는 블랙 잉크를 제공하여 정확하고 읽기 쉬운 필기를 제공합니다. Super Ink 기술 덕분에 문서를 물, 변색 및 사기로부터 보호하여 장기적인 보안과 가독성을 보장합니다./엠보싱 그립과 스테인리스 스틸 악센트로 필기 경험을 향상시키세요. 스타일과 편안한 제어력을 제공합니다. 각 팩에는 펜 3개와 리필 2개가 포함되어 있어 오래 지속되는 편리함과 탁월한 가치를 제공합니다. 전문가이든 학생이든, 이 펜은 신뢰할 수 있는 필기구를 위한 완벽한 선택입니다./접을 수 있고 Uni의 유명한 Jetstream 잉크가 특징인 이 펜은 모든 스트로크에 대담하고 매끄러운 선을 만들어 일상적인 필기 작업에 이상적입니다. Uni-ball 제트스트림 RT 볼펜으로 필기 무기고를 업그레이드하고 품질과 성능의 차이를 경험하십시오.","['필기', '펜', '볼펜', '잉크', '경험', '스트림', '부드럽다', '블랙', '리필', '작업']"
사무용품,펜 및 리필,볼펜,,B007ZYF27A,"PILOT B2P - Bottle to Pen 리필 가능한 접이식 볼펜, 재활용된 페트병으로 제작, 가는 심, 검정 잉크, 5개입 팩 (32612)",PILOT,9944,9542,4.7,2906.0,"B2P와 함께 친환경적: Pilot의 B2P 접이식 볼펜은 재활용 병으로 만들어졌습니다! 편안한 그립감을 가지고 있으며 Dr. 그립 잉크 리필로 지구를 보호하면서 스케치, 일기, 메모 작성 또는 보고서 작성을 할 수 있습니다. 친환경적인 제품: B2P 볼포인트 펜은 블루, 블랙, 레드, 그린 및 퍼플 얼룩 방지 볼펜 잉크로 제공됩니다. 따라서 학교, 집 또는 사무실에서 어떤 색상으로 글을 쓰든 초록색으로 사용할 수 있습니다. 친환경 대안: 일상 필수품을 좀 더 친환경적으로 만들고 싶으신가요? 재활용 물병으로 만든 B2P 젤 롤러 펜을 사용해보세요. Pilot의 오래 지속되고 생생한 G2 젤 잉크로 부드럽고 쉽게 쓸 수 있습니다. 신뢰할 수 있는 품질: 당사는 100년 이상 펜을 제작해왔습니다. 필기하거나 학교 또는 사무용품을 비축하거나 불렛 저널에 글을 쓸 때 Pilot은 완벽한 펜을 제공합니다! 펜에 힘: Pilot은 모든 필요에 맞는 탁월한 필기구를 만듭니다. 모든 필기 스타일에 맞는 분수, 볼펜, 접이식 및 지울 수 있는 젤 잉크 펜, 화이트보드 마커 등을 갖추고 있습니다.","B2P와 함께 Bottle 2 펜 볼포인트인 Pilot은 재활용 병으로 만든 세계 최초의 펜을 출시했습니다. 최근 몇 년 동안 플라스틱 물병은 환경 친화적이지 않은 특성에 대해 면밀한 조사를 받고 있습니다. 거의 매 시간마다 약 250,000개의 플라스틱 병이 매립지에 들어가며 모든 재활용 가능한 폐기물의 약 50%를 차지합니다. 86% 재활용 플라스틱 병으로 제작된 Pilot B2P는 번짐 방지 볼 포인트 잉크와 0.7mm 포인트로 부드럽고 쉽게 쓸 수 있습니다. 물 한 병을 모방하도록 설계된 B2P 펜의 몸체는 물병에서 흔히 볼 수 있는 것과 같은 독특한 줄무늬가 있는 반투명 블루입니다. 각 펜에는 편안한 라텍스 프리 고무 그립이 있어 잡고 사용하기 쉽습니다. 접이식 및 리필 가능한 B2P 보틀 2 펜 볼포인트는 파일럿 접이식 볼펜 리필을 사용합니다. 블루, 블랙 및 레드 잉크로 제공되는 B2P의 필기 품질은 모든 Pilot Pen 제품에서 볼 수 있는 것과 동일한 고성능 표준을 충족합니다. 파일럿 펜. 간단히 작성하세요.","['펜', '잉크', '재활용', '볼펜', '접이식', '포인트', '친환경', '제작', '리필', '작성']"
사무용품,펜 및 리필,볼펜,,B009QYH540,"Pilot Acroball PureWhite 리트랙터블 고급 잉크 볼펜, 파인 포인트, 블랙 잉크, 실버 액센트 2팩(31895) 매우 매끄러운 필기, 스킵 프리 라인을 위한 번짐 방지 고급 잉크",PILOT,7382,7382,4.8,2521.0,"매우 매끄럽고 패셔너블한 Pilot의 새로운 Acroball PureWhite 펜은 세련된 디자인, 편안한 윤곽 그립, 믿을 수 없을 정도로 매끄럽고 쉽게 쓸 수 있는 필기감을 제공합니다. Acroball의 고급 잉크를 사용하면 매우 매끄럽고 다채롭고 번짐 방지 포뮬러로 자신을 훌륭하게 표현할 수 있습니다. Acroball 펜은 글쓰기가 재미있을 뿐만 아니라 접을 수 있고 리필이 가능하므로 캡을 잃어버리거나 잉크가 부족할 염려가 없습니다. Pilot Acroball PureWhite 펜은 고급 블랙 잉크와 미세(0.7mm) 포인트가 포함되어 있으며 배럴에 다양한 세련된 색상 악센트가 있습니다. 모두가 무슨 말을하는지 확인하세요 - 오늘 팩을 구입하세요! 모델 번호를 입력하여 이 제품이 맞는지 확인하세요. 미래의 펜으로 업그레이드: 볼펜이 진화했습니다! Pilot Acroball 펜은 과학적으로 설계되고 현장 테스트를 거쳐 극한의 조건에서도 탁월합니다. 형태 및 기능의 결합: 저희 아크로볼 펜은 볼펜의 신뢰성과 젤의 생동감 및 색상 옵션을 결합하여 식료품 목록부터 청구서 지불, 보고서 색상 코딩에 이르기까지 모든 필기 작업을 처리할 수 있습니다. 사무실 용품에 집착: Pilot Acroball 펜은 매우 부드럽고 번짐 방지 및 편안한 경험을 제공하므로 학교, 가정 또는 사무실에서 쉽게 단어를 표현할 수 있습니다.","매우 매끄럽고 패셔너블한 Pilot의 새로운 Acroball PureWhite 펜은 세련된 디자인, 편안한 윤곽 그립, 믿을 수 없을 정도로 매끄럽고 쉽게 쓸 수 있는 필기감을 제공합니다. Acroball의 고급 잉크를 사용하면 매우 매끄럽고 다채롭고 번짐 방지 포뮬러로 자신을 훌륭하게 표현할 수 있습니다. Acroball 펜은 글쓰기가 재미있을 뿐만 아니라 접을 수 있고 리필이 가능하므로 캡을 잃어버리거나 잉크가 부족할 염려가 없습니다. Pilot Acroball PureWhite 펜은 고급 블랙 잉크와 미세(0.7mm) 포인트가 포함되어 있으며 배럴에 다양한 세련된 색상 악센트가 있습니다. 모두가 무슨 말을하는지 확인하세요 - 오늘 팩을 구입하세요!","['펜', '잉크', '매끄럽다', '고급', '방지', '필기', '세련되다', '블랙', '편안하다', '포인트']"
사무용품,펜 및 리필,볼펜,,B01J6JY3PI,"Pilot Precise V5 스틱 롤링 볼펜, 엑스트라 파인 포인트, 블루 잉크, 6개 팩",Pilot,13836,13836,4.7,688.0,6개 팩 독특한 액체 잉크 포뮬러로 일관된 흐르는 스트로크를 유지합니다 믿을 수 없을 정도로 매끄럽고 건너뛰지 않는 글 눈에 띄는 잉크 공급으로 잉크가 얼마나 남았는지 확인할 수 있습니다 정확한 필기를 위한 매우 미세한 포인트(0.5mm),파일럿 정밀한 V5 롤링 볼 펜은 독특한 액체 잉크 포뮬러가 있어 지속적으로 흐르는 스트로크를 유지합니다. 특허받은 정밀한 바늘 포인트 기술로 각 펜은 링이 있는 잉크 피더가 있어 부드럽고 균일한 잉크 흐름을 가지며 눈에 띄는 잉크 공급 장치로 잉크가 얼마나 남았는지 확인할 수 있습니다. 이 펜은 0.5mm의 섬세한 포인트 텅스텐 카바이드 팁으로 제공되며 다양한 색상(별도 판매)으로 제공되며 강조하고 정리하고 색상 코드 정보를 제공합니다. 모든 품질 좋은 펜 - 오늘 하나 고르세요!,"['잉크', '포인트', '펜', '유지', '롤링', '정밀', '액체', '포뮬러', '독특하다', '공급']"
사무용품,펜 및 리필,볼펜,,B08NFC8VXT,"파스텔 고무 소프트 터치 | 파스텔 색상 | 스타일러스 팁이 있는 볼펜, 세련된 프리미엄 메탈 펜, 블랙 잉크, 미디엄 포인트 (모듬, 7팩)",Express Pencils,27630,27630,4.6,1020.0,"현대적인 부드러운 촉감의 금속 펜 ★ 모든 펜은 잘 쓰고 멋지게 보입니다. 이 독특한 제품은 반응성이 뛰어난 클릭 액션, 밝은 마감 배럴, 어울리는 색상의 정전식 스타일러스 팁, 매우 부드러운 블랙 잉크를 가지고 있습니다. 밝은 파스텔 색상 ★ 다양한 밝은 고무 소프트 터치 스타일러스 펜 제품 색상 중에서 선택하세요. 고무 배럴은 부드러운 터치 그립을 제공하여 더욱 편안합니다. 이 다채로운 눈길을 끄는 금속 펜은 선물이나 파티, 컨벤션, 무역 박람회, 기업 행사 등에서 가장 좋아하는 아이템이 될 것입니다! 품질 ★ 모던하고 클래식하며 기능적입니다. 내구성이 뛰어난 구조, 수용성 스타일러스 팁 및 고무 처리된 밝고 다채로운 마감의 매우 부드러운 블랙 잉크 필기 카트리지를 보장합니다. 스타일러스 펜 ★ 멋진 외관으로 이 펜은 모두에게 이상적인 비즈니스 또는 개인 선물이 됩니다. 모든 휴대폰, 태블릿 또는 터치스크린 장치에 사용할 수 있는 반응성 스타일러스 팁이 함께 제공됩니다. 편안함 ★ 스타일러스 팁이 있는 눈길을 끄는 고무 소프트 터치 볼펜은 편안한 그립과 적절한 무게를 제공하여 쉽고 부드러운 필기를 제공합니다. 스타일러스가 있는 베스트셀러 펜입니다.","밝은 파스텔 펜 - 매우 부드러운 블랙 잉크 소프트 터치 펜은 일반적인 잉크 펜보다 매끄러운 슬라이드와 높은 감도를 제공합니다. 학교 학생, 친구, 가족을 위한 훌륭한 선물 아이디어와 이 다채로운 펜으로 휴일을 위한 멋진 선물입니다. 부드러운 촉감의 볼펜은 고객과 잠재 고객에게 선물할 때 추가적인 관심을 끕니다. 매끄러운 고무 배럴, 크롬 액센트 클립 및 전문적인 필기 블랙 잉크가 특징입니다. 오늘 번들을 구매하여 고객이 이 재미있는 펜으로 스타일과 색상을 추가해 주셔서 감사합니다! 이 멋진 클래식 프로모션 펜은 결혼식, 크리스마스 선물, 컨벤션, 베이비 샤워, 생일, 기업 또는 휴일에 가장 좋아하는 아이템이 될 것입니다. 펜 구성: ★ 펜과 스타일러스 콤보가 있는 2 in 1 ★ 금속 프레임이 있는 소프트 터치 펜 ★ 번짐 없는 블랙 잉크 ★ 다양한 파스텔 색상 ★ 클릭 볼펜","['펜', '스타일러스', '잉크', '부드럽다', '고무', '터치', '블랙', '선물', '파스텔', '소프트']"
사무용품,펜 및 리필,볼펜,,B0BZVSFG5B,"Shuttle Art 볼펜, 24팩 컬러 리트랙터블 블랙 잉크 볼펜, 귀여운 펜 1.0mm 미디엄 포인트 빠른 건조, 저널링, 메모 작성, 학교, 사무실, 가정",Shuttle Art,11066,11066,4.3,887.0,"24개의 독특한 색상의 배럴: 24가지 색상의 배럴이 일상 생활에서 더 많은 재미를 선사하고 편안한 느낌을 줍니다. 이 볼펜은 학교, 사무실 및 가정에 적합합니다. 글쓰기, 일기, 메모, 밑줄, 스케치 등에 이상적입니다. 블랙 잉크: Shuttle Art 24팩 1.0mm 리트랙터블 볼펜은 모두 블랙 잉크로 제공됩니다. 이 펜은 중성이며 무독성이며 ASTM-D4236을 준수하여 일상적인 쓰기, 마킹 및 서명 요구 사항을 충족합니다. 매일 사용하기에 완벽한 선택입니다. 부드러운 필기 및 빠른 건조: 프리미엄 잉크로 최적화된 볼펜은 항상 건너뛰지 않는 미끄러짐을 제공합니다. 고품질 잉크는 빠르게 건조되므로 필기 중에 번짐이나 번짐이 없습니다. 프리미엄 디자인: 내구성이 뛰어난 클립으로 휴대가 편리합니다. 접이식 디자인으로 사용하기 쉽습니다. 본인이 소유하거나 다른 사람에게 선물로 보내기에 이상적입니다. 서비스 보장: 고객 만족을 최우선으로 생각합니다. 안심하고 제품을 구입하십시오. 저희 제품에 만족하지 못하거나 질문이 있으시면 언제든지 저희에게 연락하십시오.",,"['잉크', '볼펜', '건조', '블랙', '빠르다', '사무실', '펜', '트랙터', '학교', '프리미엄']"
사무용품,펜 및 리필,볼펜,,B00P18WWC0,새로운 FABER-CASTELL 12 펜 블루/블랙/레드 잉크 배럴 1423 볼펜 0.5,Faber-Castell,17977,17977,4.3,59.0,브랜드: 파버카스텔 종류: 볼펜 모델: 1423 펜 크기 = 0.5mm 블루 잉크=4 레드 잉크=4 블랙 잉크 = 4,"새로운 파버-카스텔 12 펜 블루 / 블랙 / 레드 잉크 배럴 1423 볼펜 0.5 블루 잉크=4, 레드 잉크=4, 블랙 잉크 = 4, 총 수량 = 12 펜, 브랜드: 파버-카스텔, 사이즈: 0.5 mm, 유형: 볼펜, 모델: 1423","['잉크', '펜', '블루', '블랙', '볼펜', '레드', '파버카스텔', '새롭다']"
사무용품,펜 및 리필,볼펜,,B009QYH892,"PILOT Acroball PureWhite 고급 잉크 리필 가능 & 접이식 볼펜, 터키석/오렌지/퍼플/라임/블루 악센트, 가는 포인트, 블랙 잉크, 5팩 (31861)",PILOT,15581,13836,4.8,6053.0,"극한을 위한 설계: Acroball PureWhite 볼펜은 극한의 더위나 추위에서도 성능이 입증된 얼룩 방지 고급 잉크를 특징으로 합니다. 블랙 잉크와 함께 미세한 포인트로 제공됩니다. 매끄럽고 번짐 방지: 7가지 세련된 배럴 색상 악센트가 있는 눈에 띄는 흰색 배럴로 제공되며, 접을 수 있고 매끄러운 필기, 번짐 방지 Acroball은 편안함을 위한 질감 있는 그립을 가지고 있습니다. 미래의 볼펜: Acroball을 좋아하신다면 Acroball Colors, Acroball PureWhite, Acroball Pro 등 다양한 포인트 사이즈와 잉크 색상으로 제공되는 전체 라인을 시험해보고 싶을 것입니다. 신뢰할 수 있는 품질: 당사는 100년 이상 펜을 제작해왔습니다. 필기하거나 학교 또는 사무용품을 비축하거나 불렛 저널에 글을 쓸 때 Pilot은 완벽한 펜을 제공합니다! 펜에 힘: Pilot은 모든 필요에 맞는 탁월한 필기구를 만듭니다. 모든 필기 스타일에 맞는 분수, 볼펜, 접이식 및 지울 수 있는 젤 잉크 펜, 화이트보드 마커 등을 갖추고 있습니다.","매우 매끄럽고 패셔너블한 파이롯트의 새로운 Acroball PureWhite 펜은 세련된 디자인, 편안한 윤곽이 잡힌 그립, 믿을 수 없을 정도로 부드럽고 쉽게 쓸 수 있는 모든 것을 갖추고 있습니다! Acroball의 고급 잉크를 사용하면 매우 매끄럽고 다채롭고 번짐 방지 포뮬러로 자신을 멋지게 표현할 수 있습니다. Acroball 펜은 재미있게 글을 쓸 수 있을 뿐만 아니라 접이식 및 리필 가능하므로 캡을 잃어버리거나 잉크가 부족할 염려가 없습니다. Pilot Acroball 퓨어화이트 펜은 고급 블랙 잉크와 미세(0.7mm) 포인트가 포함되어 있으며 배럴에 다양한 세련된 색상 악센트가 있습니다. 모두가 무슨 말을 하는지 확인하세요 - 오늘 팩을 구매하세요!","['잉크', '펜', '방지', '포인트', '볼펜', '매끄럽다', '고급', '세련되다', '필기', '악센트']"
사무용품,펜 및 리필,볼펜,,B079JSPTY8,"Monami 153 볼펜 0.7mm 12개 박스 (블랙, 블루, 레드 잉크 다양한 색상 펜 12개)",MONAMI,11010,11010,4.5,28.0,,,"['펜', '잉크', '블루', '블랙', '볼펜', '박스', '레드']"
사무용품,펜 및 리필,볼펜,,B01LI125KW,"Dong-a Speedy-Ball 0.5mm 부드러운 필기 리트랙터블 오일 베이스 잉크 볼펜, 12개의 박스 (24개 팩) - 블랙",Dong-A,23531,23531,5.0,6.0,접이식 오일 기반 잉크 펜의 부드러운 필기 12개의 박스 (펜 24개 팩) 선명한 잉크 색상의 새로운 고급 디자인 한국산 노크 타입 펜,,"['잉크', '펜', '필기', '오일', '박스', '부드럽다', '베이스', '국산', '기반', '노크']"
사무용품,펜 및 리필,볼펜,,B089X5LR94,"Pilot, Precise V5 RT 리필 가능 & 접이식 롤링 볼펜, 엑스트라 파인 포인트 0.5mm, 블루, 14개 팩",PILOT,55566,45137,4.8,1447.0,"부드러운 필기 액체 잉크: 종이 전체에 쉽게 미끄러져 일관된 스트로크와 건너뛰기 없는 글씨를 제공합니다. 내구성이 뛰어난 텅스텐 카바이드 초미세 팁으로 제작되었습니다 특허받은 정밀 포인트 기술: Pilot의 Precise 펜은 매번 깨끗하고 정확한 선을 제공하는 정밀 팁이 특징이며, 놀라운 디테일로 글쓰기나 창의성에 생명을 불어넣습니다 다용도: 메모를 작성하거나 식료품 목록을 적어두기에 적합합니다. 광택, 글쓰기, 드로잉, 디자인, 스케치 또는 낙서 경험을 위해 부드럽게 쓸 수 있습니다 탁월한 편안함 및 제어: 부드러운 고무 그립은 탁월한 제어력을 제공하면서 편안한 필기 경험을 제공합니다 펜에 힘: 젤 잉크, 지울 수 있는 롤링 볼, 볼펜, 만년필, 드라이 지우개 마커 등을 포함한 Pilot의 혁신적인 필기 도구 라인으로 쉽게 자신을 표현하세요","정밀한 프리미엄 롤링 볼펜으로 항상 눈에 띄세요. 매우 부드럽고 손글씨를 향상하고 정밀한 필기 경험을 위한 비교할 수 없는 성능. 정밀한 롤링 볼 접이식 펜은 캡 버전과 동일한 종류의 프리미엄 정밀 필기 경험을 제공하도록 설계되었습니다. PILOT의 매우 부드러운 필기 잉크, 프리미엄 금속 악센트, 편안한 그립을 결합하여 어디에서나 세련된 필기 경험을 제공합니다. Precision은 접이식 펜을 선호하고 탁월한 필기 성능을 요구하는 사람들에게 이상적입니다. 포인트 사이즈: 0.5 mm; 포인트 유형: 엑스트라 파인; 잉크 색상: 블루; 펜 유형: 롤링 볼. 14개.","['필기', '정밀', '경험', '부드럽다', '펜', '롤링', '포인트', '잉크', '프리미엄', '볼펜']"
사무용품,펜 및 리필,볼펜,,B0BW8TTCKV,볼펜 16개(펜 8개 + 리필 8개) 블랙 잉크 펜 1.0mm 펜 미디엄 포인트 부드러운 필기 펜 저널링 사무용품 귀여운 펜 여성 남성용,HuoHuair,10373,10373,4.6,302.0,"매우 부드러운 미끄럼 방지 그립 - 그립이 있어 매우 부드럽고 편안한 촉감을 제공하여 각 볼펜을 쉽게 잡을 수 있습니다 미디엄 1.0mm 포인트 - 클래식 블랙 펜. 생생한 블랙 잉크 구조로 일상적인 필기 도구로 좋습니다. 오래 지속되는 리필 가능한 잉크로 신뢰할 수 있는 필기감을 제공하며, 볼의 볼 팁은 매끄럽고 잉크가 쉽게 깨지지 않습니다 빠른 건조 잉크 - 볼펜 잉크 건조 속도는 매우 빠르며 필기가 매끄럽고 얼룩이 생기지 않으며 밝은 색상으로 빠르게 건조됩니다 간편한 사용 - 모든 종류의 행복한 파티, 휴일, 교사 용품에 사용할 수 있습니다. 일상 생활, 사무실, 병원, 교실, 도서관 등에서 사용하세요. 글쓰기, 서명, 페인팅 등에 사용할 수 있습니다. 서비스 보장 - 고객 만족이 저희의 목표입니다. 어떤 이유로든 저희 펜에 만족하지 않으시면 저희에게 연락하십시오. 만족하실 때까지 문제를 해결해 드리겠습니다.","제품 세부 정보/1. 접이식 펜: 편리하고 빠르게 사용할 수 있습니다./2. 부드러운 미끄럼 방지 그립: 부드러운 그립이 있어 더욱 편안합니다. 몇 시간 동안 편안하게 글을 쓸 수 있도록 손에 꼭 맞습니다./3. 간편한 고정: 편리한 금속 포켓 클립으로 빠르게 사용할 수 있습니다./4.1mm 미디엄 포인트 볼펜./5. 블랙 잉크: 빠른 건조, 번짐 없는 잉크./6.길이: 5.7 인치 (145 mm)","['잉크', '펜', '빠르다', '부드럽다', '블랙', '필기', '건조', '볼펜', '포인트', '편안하다']"
사무용품,펜 및 리필,볼펜,,B0C7C9BF6R,"펜 볼펜, 부드러운 필기 펜 12개, 볼펜 블랙 잉크 미디엄 포인트(1.0mm), 접이식 예쁜 저널링 펜 학교 사무용품 여성 및 남성용",Drawdart,5526,5526,4.5,110.0,"【부드러운 쓰기】: 신뢰할 수 있고 유동적인 1.0mm 미디엄 팁은 처터 끝까지 깨끗한 선을 그립니다. 매우 부드러운 잉크로 재미와 아이디어가 흐르도록 합니다. 볼펜의 펜촉은 꽉 차고 깨끗하며 변형되지 않습니다. 펜 배럴과 잘 맞으며 글을 쓰는 동안 흔들리지 않습니다. 【고품질 블랙 잉크】: 잉크가 번지지 않고 페이지가 번지거나 과포화되지 않아 문제 없이 양면에 쓸 수 있습니다. 이 볼펜은 글쓰기, 일기, 메모 작성, 밑받침, 스케치 등에 이상적입니다. 【프리미엄 디자인】: 유행을 선도하는 사람들을 위해 설계된 우아한 필기구. 내구성이 뛰어난 금속 클립으로 노트, 바인더 또는 포켓에 쉽게 부착할 수 있어 이동 중에도 편리합니다. 【완벽한 선물】: 생일, 어린이 날, 크리스마스, 개학 선물로 이상적입니다. 학생, 선생님, 가족, 친구, 동료에게 적합합니다. 저널 펜, 플래너 펜, 교사 펜, 저널링 펜, 학년 과제, 사무용품, 플래너 액세서리, 교실 상품으로 적합합니다. 학교, 가정, 사무실, 직장, 비즈니스, 클럽, 파티 선물 및 조직 활동에 적합합니다. 【문의】: 각 펜은 고품질이며 엄격한 품질 검사를 거칩니다. 동시에, 저희는 고객 경험을 매우 중요하게 생각합니다. 이 귀여운 펜이 마음에 들지 않으면 언제든지 반품하고 환불받을 수 있습니다. 주문에 대해 궁금한 점이 있으시면 언제든지 저희에게 연락하십시오.",,"['펜', '잉크', '볼펜', '선물', '부드럽다', '블랙', '미디엄', '깨끗하다', '저널링', '사무']"
사무용품,펜 및 리필,볼펜,,B00006IEBS,"Pilot The Better 볼펜 리필 가능한 볼펜, 파인 포인트, 블루 잉크, 12팩(36011), 12박스 (0.7mm - 미세)",Pilot,22146,18822,4.7,1814.0,"PILOT 더 나은 볼펜: 리필 가능한 볼펜은 질감 있는 배럴을 제공하여 편안함과 제어력을 향상시킵니다. 캡 또는 접이식 옵션으로 제공됩니다. 블랙, 블루, 레드 또는 그린 잉크 색상. 클래식하고 신뢰할 수 있음: 이 데일리 볼펜은 멋진 금속 악센트로 강조된 슬림하고 내구성이 뛰어난 배럴 디자인으로 매끄럽고 번짐 없는 필기를 제공합니다. 미세(0.7mm) 또는 미디엄(1.0mm) 사이즈로 제공됩니다. 즐거움을 위한 디자인: 예술, 디자인 및 품질의 유산이 모든 Pilot 제품에 적용됩니다. 일상적인 형광펜과 파인 또는 엑스트라 파인 포인트 펜부터 만년필 등에 이르기까지 Pilot 는 여러분이 필요로 하는 모든 것을 갖추고 있습니다. 신뢰할 수 있는 품질: 당사는 100년 이상 펜을 제작해왔습니다. 메모를 작성하거나, 학교 또는 사무용품을 비축하거나, 불렛 저널에 글을 쓸 때 Pilot 는 완벽한 펜을 제공합니다! 펜에 힘: Pilot 는 모든 요구 사항에 맞는 탁월한 필기구를 만듭니다. 모든 필기 스타일에 맞는 분수, 볼펜, 접이식 및 지울 수 있는 젤 잉크 펜, 화이트보드 마커 등을 갖추고 있습니다.","Pilot Better 볼펜은 편안하고 제어력을 위한 골지 손가락 그립이 특징입니다. Better 볼펜은 편리함을 위해 리필이 가능합니다. 탁월한 가치의 클래식한 기능입니다. 각 펜에는 잉크 공급을 주시할 수 있는 틴트 투명 배럴이 있습니다. 컬러 캡은 내부의 잉크 색상을 나타내므로 달리는 동안 펜을 쉽게 정리하고 잡을 수 있습니다. 고품질 볼펜뿐만 아니라 완벽한 필기를 위해 자신 있게 신뢰할 수 있는 편리한 볼펜이 있습니다. 학생, 사무실 근로자 또는 글을 많이 쓰는 모든 사람에게 적합합니다.","['볼펜', '펜', '잉크', '필기', '리필', '디자인', '가능하다', '신뢰', '완벽하다', '블루']"
사무용품,펜 및 리필,볼펜,,B002C2IF1K,"Waterman 엑스퍼트 블랙 볼펜 CT, 미디엄 포인트, 블루 잉크",Waterman,110786,63446,4.7,2482.0,담배 모양의 실루엣은 당신의 비즈니스 소통에 파리 스타일을 가져다 줍니다. 깊고 광택있는 블랙 래커 마감과 팔라듐 도금 트림과 클립이 결합되었습니다. 미디엄 팁이 부드럽게 쓰여지고 비틀어서 열고 닫을 수 있습니다. 워터맨 선물 상자에 담겨 제공됩니다.,Waterman Expert 볼펜으로 시그니처 파리 스타일을 보여주고 업무 시간을 향상시키세요. 풍부하고 깊은 래커와 훌륭한 장인 정신으로 경영진 페르소나 아래에서 창의적인 정신을 자극합니다. 각 럭셔리 펜은 프랑스에서 제작되었으며 프리미엄 Waterman 선물 상자에 담겨 제공됩니다. 등록 시 4년까지 연장될 수 있는 2년 국제 보증이 제공됩니다.,"['미디엄', '스타일', '깊다', '선물', '상자', '래커', '파리', '블랙', '정신', '볼펜']"
사무용품,펜 및 리필,볼펜,,B0CPTJ4482,"Writon 접이식 볼펜, 편안한 그립, 1.0mm 미디엄 포인트, 블랙 잉크, 24팩",Writon,13836,13836,4.7,199.0,"편안한 그립으로 손의 피로를 방지합니다. 어떤 필기 스타일이든 Writon 잉크 펜은 탁월한 선택입니다. 손에 편안함을 느끼며 비슷한 벌크 접이식 펜처럼 장시간 사용해도 피로를 유발하지 않습니다. 접이식 펜은 마르지 않습니다: 이 접이식 볼펜은 오래 사용할 수 있도록 제작되었습니다. 각 볼펜은 관련 1.0mm 펜촉을 다시 돌려서 수축시켜 필기펜이 마르지 않도록 방지하고 수명을 연장합니다. 학교 또는 사무실을 위한 부드러운 필기 펜: 이 블랙 잉크 펜은 부드러운 잉크 흐름을 자랑하며 사무원, 학생, 교사, 작가, 간호사 및 서버를 위한 이상적인 학교 펜, 사무실 펜, 저널링 펜 및 필기 펜입니다. 하이라이트를 위한 미디엄 포인트 펜: 당사의 블랙 볼펜은 1.0mm의 중간 팁이 있어 긴 텍스트에서 중요한 포인트를 쉽게 강조할 수 있습니다. 미디엄 볼펜 팁은 내구성이 뛰어나 오래 사용할 수 있습니다. 비용 효율적인 블랙 펜 세트: 저희 클릭 펜은 합리적인 가격에 24팩 세트로 제공됩니다. 학용품, 사무용품, 글쓰기 또는 학습 용품에 강력하고 기능적이며 저렴한 블랙 볼펜 세트를 장착하세요.",,"['펜', '볼펜', '블랙', '잉크', '필기', '접이식', '미디엄', '포인트', '편안하다', '부드럽다']"
사무용품,펜 및 리필,볼펜,,B07XZMDTQ9,Cross Coventry 블랙 래커 볼펜,Cross,48475,22437,4.6,700.0,클래식한 Cross 프로파일과 시그니처 원뿔형 탑이 특징입니다 캡 오버 배럴 디자인 투피스 선물 상자에 담겨 제공됩니다 회전 동작 추진/반발 필기 메커니즘 평생 기계적,"코번트리 볼펜은 강한 프로필, 풍부한 광택, 세련된 대비되는 약속으로 깊은 인상을 남깁니다. 이 세련된 필기구는 매일 필기 경험을 향상시키고 싶은 사람들에게 완벽한 선물입니다.","['세련되다', '선물', '필기', '볼펜', '래커', '상자', '사람', '블랙', '반발', '메커니즘']"
사무용품,펜 및 리필,볼펜,,B014H3FXDY,"Pilot LFBKS-1SUF-WR Frixion 잉크 볼펜 프릭션 볼 슬림 비즈, 블랙 잉크, 와인 레드",Pilot,12825,12825,4.0,207.0,"Frixion 잉크 볼펜, 일본 문구 브랜드의 Frixion 비즈 슬림 Pilot 지울 수 있는 프릭션 잉크 비즈니스용 스마트 슬림 디자인","Frixion 잉크 볼펜, 일본 문구 브랜드 Pilot의 Frixion 비즈 슬림. 지울 수 있는 프릭션 잉크. 비즈니스용 스마트 슬림 디자인","['잉크', '슬림', '프릭션', '비즈', '볼펜', '일본', '스마트', '비즈니스', '문구', '디자인']"
사무용품,펜 및 리필,볼펜,,B00B7QW9TG,"PILOT Acroball Colors 고급 잉크 리필 가능 & 접이식 볼펜, 미디엄 포인트, 블랙/블루/레드/그린/퍼플 잉크, 5팩 (31820)",PILOT,15581,13143,4.7,2088.0,"극한을 위한 설계: Acroball Colors 볼펜은 극한의 더위나 추위에서도 성능이 입증된 얼룩 방지 고급 잉크를 특징으로 합니다. 중간 포인트 및 8가지 잉크 색상과 어울리는 배럴이 있습니다. 매끄럽고 번짐 방지: 접이식, 매끄러운 필기, 번짐 방지 Acroball Colors는 편안함을 위한 질감 있는 그립을 가지고 있으며 블랙, 블루, 레드, 그린, 퍼플, 핑크, 오렌지 및 청록색 잉크로 제공됩니다. 미래의 볼펜: Acroball을 좋아하신다면 Acroball Colors, Acroball PureWhite, Acroball Pro 등 다양한 포인트 사이즈와 잉크 색상으로 제공되는 전체 라인을 시험해보고 싶을 것입니다. 신뢰할 수 있는 품질: 당사는 100년 이상 펜을 제작해왔습니다. 필기하거나 학교 또는 사무용품을 비축하거나 불렛 저널에 글을 쓸 때 Pilot은 완벽한 펜을 제공합니다! 펜에 힘: Pilot은 모든 필요에 맞는 탁월한 필기구를 만듭니다. 모든 필기 스타일에 맞는 분수, 볼펜, 접이식 및 지울 수 있는 젤 잉크 펜, 화이트보드 마커 등을 갖추고 있습니다.","믿을 수 없을 정도로 매끄럽고 다채로운 파이롯트의 새로운 Acroball 컬러 펜은 세련된 디자인, 편안한 윤곽 그립, 믿을 수 없을 정도로 부드럽고 쉽게 쓸 수 있는 모든 것을 갖추고 있습니다! Acroball의 고급 잉크를 사용하면 매우 매끄럽고 다채롭고 번짐 방지 포뮬러로 자신을 멋지게 표현할 수 있습니다. Acroball 펜은 재미있게 글을 쓸 수 있을 뿐만 아니라 접이식 및 리필 가능하므로 캡을 잃어버리거나 잉크가 부족할 염려가 없습니다. Pilot Acroball 컬러 펜은 다양한 배럴 색상으로 제공되며, 일치하는 색상의 고급 잉크와 중간 (1.0mm) 포인트가 있습니다. 모두가 무슨 말을 하는지 확인하세요 - 오늘 팩을 구매하세요!","['잉크', '펜', '볼펜', '고급', '접이식', '포인트', '방지', '매끄럽다', '필기', '블루']"
사무용품,펜 및 리필,볼펜,,B0BWXZY2FR,"FYY 볼펜, 터치 스크린용 스타일러스 팁이 있는 접이식 볼펜 10개, 세련된 미디엄 포인트 1.0mm 블랙 잉크 격려용 스타일러스 펜, 금속 클립 포함, 학교 사무용품용",FYY,6911,6911,4.2,33.0,"제품 구성: 패키지에는 블랙, 그린, 그레이, 와인 레드 및 다크 블루, 각 색상 2개의 풍부한 색상의 볼펜 10개가 포함되어 있습니다. 교체용 리필 10개가 함께 제공됩니다. 펜은 블랙 잉크이며 1.0mm 미디엄 볼펜입니다 2-in-1 디자인: 스타일러스 팁으로 디자인된 이 펜은 부드럽게 메모를 할 수 있을 뿐만 아니라 펜으로 휴대폰 화면을 부드럽게 터치할 수 있습니다. 스타일러스 팁은 작동이 쉽고 일상 생활에 편리함을 제공합니다 프리미엄 품질: 무광 배럴이 있는 튼튼한 금속으로 만든 블랙 잉크 볼펜은 부드럽고 편안한 촉감을 제공합니다. 외관은 긁힘 방지, 지문 방지 및 균형 잡힌 그립입니다. 볼의 볼 팁은 매끄럽고 잉크가 쉽게 깨지지 않습니다 금속 펜 클립: 펜 클립으로 디자인된 볼펜. 편리한 금속 포켓 클립으로 빠르고 쉽게 사용할 수 있으며 좋아하는 펜을 잃어버리지 않습니다 이상적인 선택: 이 볼펜은 사무실 펜, 시그니처 펜, 학교 및 사무용품으로 사용할 수 있으며 성인과 어린이에게 적합합니다",,"['펜', '볼펜', '클립', '블랙', '스타일러스', '금속', '잉크', '부드럽다', '디자인', '터치']"
사무용품,펜 및 리필,볼펜,,B07F814H3X,"JOVITEC 멀티컬러 볼펜 4 in 1 접이식 볼펜 12개, 4가지 색상 젤 잉크 볼펜, 사무실 학교 교사 간호사 학생 어린이 선물, 0.7mm, 블랙, 블루, 레드 및 그린",JOVITEC,10373,10373,4.4,1842.0,"멀티 컬러 잉크: 4 in 1 다채로운 펜은 블랙, 블루, 레드, 그린이 하나의 볼펜에 포함되어 있어 다양한 선택을 제공합니다. 어린이와 성인에게 색상, 코딩, 드로잉, 일기 및 낙서를 표시하는 데 이상적이며 교회 공부 성경 및 기타 다양한 작업에 적합합니다 효율적이고 편리함: 멀티 컬러 볼펜은 일상 생활을 용이하게 할 수 있으며 다양한 색상의 여러 펜을 휴대하는 번거로움으로부터 해방됩니다. 유연한 반응 디자인으로 다양한 색상 간에 빠르게 전환할 수 있어 쉽게 표시할 수 있습니다. 편리한 포켓 클립은 주머니나 노트북에 고정할 수 있습니다. 재미있고 실용적인 올인원 제품입니다 쉬운 작동: 4가지 색상의 볼펜은 확장성이 뛰어난 스프링 디자인이 특징이며, 빠르고 쉽게 전환하고, 부드럽게 쓰고 선을 깨끗하게 할 수 있습니다. 이 멀티 볼펜은 드로잉 아트 프로젝트 및 컬러 코딩 텍스트에 적합하며 종이와 책에 다양한 색상으로 쉽게 사용할 수 있습니다 패키지에 포함된 항목: 롤러볼 멀티 컬러 펜 12개, 0.7mm 포인트는 일반적인 필기를 위한 멋지고 견고하며 매끄러운 선을 제공합니다. 고무 소재로 제작되어 미끄러지지 않고 떨어지지 않습니다 다양한 용도: 멀티 컬러 펜은 어린이 생일, 휴일, 어린이 날 선물, 크리스마스 스타킹 스터퍼 또는 연말 선물로 좋은 선물입니다. 학생 선생님, 간호사 선물로도 좋습니다. 멀티 컬러 펜은 동료를 위한 사무실 학교 용품으로도 좋습니다",,"['볼펜', '컬러', '멀티', '선물', '펜', '어린이', '좋다', '전환', '코딩', '간호사']"
사무용품,펜 및 리필,볼펜,,B000V9BKS6,"Paper Mate Profile 접이식 볼펜, 볼드 (1.4mm), 블랙, 2개입",Paper Mate,6384,6384,4.6,477.0,대담한 1.4mm 포인트가 있는 볼펜은 생각을 자신 있게 전달할 수 있도록 도와줍니다 부드러운 그립으로 매일 편안하게 쓸 수 있습니다 믿을 수 있는 생생한 잉크로 노트를 밝게 합니다 편리한 접이식 디자인과 색상 매칭 배럴 생생한 블랙 볼펜 2개가 필기에 생명을 불어넣습니다,"가장 대담한 볼펜인 Paper Mate Profile 리트랙터블 볼펜으로 글쓰기에 주목하세요. 대담한 1.4mm 팁과 편안한 쿠션 그립이 결합되어 강력하면서도 실용적인 방식으로 메시지를 전달할 수 있습니다. 한편, 신뢰할 수 있고 밝은 잉크로 페이지에서 단어를 잃어버리지 않습니다. Paper Mate 펜 - 신뢰할 수 있는 일상 필기 동반자입니다. 제조업체의 접이식 볼펜은 1.4mm의 매우 대담하고 매우 부드러운 필기 시스템을 제공합니다. 편안한 그립은 손쉬운 필기 경험을 제공합니다. 각 펜은 젤 펜의 부드러운 느낌과 빠르게 건조되는 매우 대담한 잉크를 결합합니다. 잉크 색상은 배럴 색상과 일치합니다. 펜은 리필 가능합니다./Retractable ballpoint pens provide 1.4mm super bold, extra-smooth writing system. Comfort grip provides an effortless writing experience. Each pen unites the smooth feeling of a gel pen with a quick-drying, super bold ink. Ink color matches the barrel color. Pens are refillable.","['볼펜', '대담하다', '펜', '필기', '잉크', '편안하다', '부드럽다', '접이식', '신뢰', '생생하다']"
사무용품,펜 및 리필,볼펜,,B09V4DVLV1,"볼펜, 볼펜 3팩 블랙 잉크 미디엄 포인트 1.0mm 선물, 비즈니스, 사무실용, 교체 가능한 금속 리필 6개 - 드림 핑크, 드림 퍼플, 드림 블루",ChaoQ,9321,9321,4.3,376.0,"볼펜 길이: 141mm(5.5인치), 펜 배럴 지름 8.5mm(0.33인치), 리필 길이 70mm(2.75인치) 1.0mm 미디엄 포인트 블랙 잉크, 무게: 16.3g (0.57oz) 부드러운 필기, 1.0mm 미디엄 메탈 팁, 쉽게 건조되는 블랙 잉크, 번짐, 건너뛰기 또는 번짐 없음 금속 포켓 클립으로 빠르고 쉽게 사용할 수 있으며 좋아하는 펜을 잃어버리지 않습니다 남성, 여성, 경영진, 비즈니스, 학교, 사무실, 게스트 펜, 유니폼 펜, 동료 선물 등에 사용하기에 이상적입니다. 패키지: 볼펜 3개, 리필 6개","색상: 3개 - 드림 핑크 / 드림 퍼플 / 드림 블루 제품 구성: 볼펜 3개. 교체 가능한 리필 6개 사양: 길이: 5.5 in (141mm) 배럴 직경: 0.33 in (8.5 mm) 리필 길이: 70 mm 무게: 16.2g 소재: 금속 액세서리가 있는 스테인리스 스틸로 제작, 플라스틱 부품 없음, 고품질, 실제 펜 느낌 서비스 및 신뢰성: 서비스 및 신뢰성: 신뢰성의 원칙에 따라 ChaoQ 그룹은 10년 이상의 전문적인 생산 경험을 가지고 있다는 점에서 스타일러스의 각 부분에 대한 품질 검사를 엄격하게 관리합니다. 참고 사항: 새 리필을 펜 배럴에 삽입하기 전에 새 리필의 왁스 팁 커버를 완전히 제거하십시오. 그렇지 않으면, 남은 왁스 팁 커버가 장착 및 필기 문제를 일으킬 수 있습니다.","['리필', '드림', '펜', '볼펜', '미디엄', '잉크', '신뢰', '금속', '블랙', '왁스']"
사무용품,펜 및 리필,볼펜,,B0CN8GD255,"볼펜, 블루 잉크, 0.5mm 파인 포인트, 50개 팩, 빠르고 부드러운 쓰기, 볼펜, 학교, 사무용품(FO-09-블루)",FLEXOFFICE,22146,22146,3.9,13.0,블루 잉크 0.5mm 볼펜으로 글쓰기에서 완벽함을 발견하세요! 니켈 실버 하우징과 내구성이 뛰어난 텅스텐 카바이드 볼로 제작된 이 펜은 필기 요구 사항에 대한 신뢰성과 내구성을 보장합니다. 지속적이고 규칙적인 잉크 흐름으로 부드러운 필기의 즐거움을 경험하여 모든 스트로크를 완벽하게 유지합니다. 잉크는 번지지 않고 번짐 없이 매우 빠르게 건조됩니다. 편안한 그립으로 이 펜은 일관되고 즐거운 필기 경험을 약속하며 일상 작업에 꼭 필요한 제품입니다. 독일 고품질 블랙 잉크의 우수성을 수용하여 ASTM D-4236 및 EN 71/3 표준을 충족하여 안심할 수 있습니다. 클래식하고 보편적으로 사랑받는 디자인의 이 볼펜은 여러분이 가장 좋아하는 필기 동반자가 될 것입니다.,,"['잉크', '볼펜', '필기', '블루', '경험', '구성', '펜', '완벽하다', '빠르다', '부드럽다']"
사무용품,펜 및 리필,볼펜,,B0CPXFL6QB,"6팩 0.5mm 6-in-1 멀티컬러 볼펜, 6가지 색상 접이식 볼펜, 사무실 학교 용품 학생 어린이 선물, 어린이 파티 선물 (6)",favide,8296,8296,4.5,8170.0,"6가지 색상 사이에서 쉽게 전환할 수 있습니다. 6-in-1 펜은 다양한 색상으로 쓸 수 있습니다. 색상에는 블랙, 블루, 레드, 오렌지, 그린, 퍼플이 포함되어 있습니다. 학생, 어린이, 사무실 근로자 등을 위한 유용하고 재미있는 선물, 드로잉 아트 프로젝트 및 색상 코딩 텍스트에 적합합니다 부드러운 필기용 섬세한 포인트는 깔끔한 선을 제공합니다. 0.5mm 노크 타입 접이식 프리미엄 젤 잉크 롤러 볼펜은 스프링 텔레스코픽 디자인으로 빠르고 쉽게 전환할 수 있어 특별한 분위기로 메모를 할 수 있습니다 우수한 성능: 변색 방지 잉크는 견고한 필기 라인을 제공합니다. 또한 중요한 것을 종이나 책에 다양한 색상 정보로 표시할 수 있습니다 효율적이고 편리함: 밝은 색상의 볼펜 6개가 넉넉한 팩으로 수업 중인 모든 학생, 모든 파티 게스트 및 사무실의 모든 사람이 자신만의 다용도 펜을 사용할 수 있습니다. 멋진 파티 선물 또는 스타킹 스터퍼로 만듭니다. 패키지: 접이식 볼펜 6팩, 글쓰기, 공부 또는 작업을 위한 멋진 액세서리, 자신을 위한 섬세한 선물 또는 기타 특별한 선물이 포함되어 있습니다","매우 밝은 색상으로 상상력을 발휘하세요: 6-in-1 펜은 블랙, 블루, 레드, 오렌지, 그린, 퍼플을 포함한 6가지 색상이 있습니다. 생생한 잉크 색상의 풍부한 팔레트를 제공하여 필기 상상력을 눈부시게 합니다. 사무실 페인팅에 선호되는 선택: 변색 방지 잉크의 선명한 색상, 흐려지거나 바래지 않는 밝은 색상의 화려한 선택. 신뢰할 수 있는 스프링 액션 접이식 팁으로 매번 컬러 수유 펜을 빠르게 전환할 수 있습니다. 멋진 선물: 이 접이식 볼펜은 다양한 색상으로 글을 쓸 수 있으며 공부와 작업에 적합하며 대부분의 사람들에게 적합합니다. 사랑하는 사람, 친구 등을 위한 섬세한 선물로 보낼 수도 있습니다. 사양: 잉크 색상: 블랙, 레드, 오렌지, 그린, 블루, 퍼플 리필 팁 크기: 0.5 밀리미터 펜 배럴 길이: 14 cm/5.5 inch 펜 배럴 직경: 1.6 센티미터 / 0.63 인치 패키지 구성: 6색 펜 6개","['선물', '펜', '볼펜', '잉크', '접이식', '사무실', '오렌지', '전환', '블랙', '블루']"
사무용품,펜 및 리필,볼펜,,B0CYHCG4NQ,2피스 럭셔리 나무 볼펜 세트 정교한 시그니처 펜 필기 캘리그래피 뉴트럴 펜 비즈니스 사무실 다이어리 쓰기 최고의 선물,WTCLWIHS,13836,13836,5.0,1.0,"고급 품질: 볼펜은 고품질 천연 목재로 만들어졌으며 골드 링으로 장식되어 있습니다. 둥글고 편안한 디자인으로 사용자에게 비교할 수 없는 고급스러운 경험을 제공합니다. 글쓰기 유창함: 글씨는 선명하고 일관성이 있으며 잉크가 새지 않습니다. 0.5mm 펜촉과 고품질 잉크로 더 부드럽게 쓸 수 있으며 글씨를 오랫동안 보존할 수 있습니다. 매일 사용할 수 있는 최고의 펜입니다. 노트북, 저널, 플래너, 리갈 패드, 초대 카드 및 거의 모든 종이 표면에 사용하기에 이상적입니다. 최고의 선물: 잘 디자인된 펜입니다. 자신이나 사랑하는 사람, 가족, 친구, 교사 등에 줄 수 있습니다. 생일, 졸업식, 결혼식, 크리스마스 및 기타 휴일에 이상적인 선물이든, 이 중성 펜을 사용하면 사람들이 부러워할 것입니다. 가성비 좋은 선물 상자: 이 세트는 볼펜 2개와 교체용 코어 4개로 구성되어 있습니다. 개인적인 용도로 친구 및 가족과 공유할 수도 있습니다.",,"['펜', '선물', '최고', '볼펜', '디자인', '글씨', '잉크', '친구', '사람', '가족']"
사무용품,펜 및 리필,볼펜,,B0055EB2XK,Zebra Pen F-301 볼포인트 스테인리스 스틸 노크식 포인트 파인 필기구,Zebra,7118,4141,4.2,1278.0,"1.6mm 볼드 포인트 리트랙터블 볼펜은 부식을 방지하고 플라스틱보다 소독이 쉬운 현대적인 스테인리스 스틸 배럴이 특징입니다 이지 글라이드 잉크는 메모, 문서 서명, 양식 작성 및 목록 만들기와 같은 일상적인 요구 사항에 최고의 필기 성능을 제공합니다 내구성이 뛰어난 스테인리스 스틸 배럴은 부식을 방지하고 편안하고 쉽게 쓸 수 있는 미끄럼 방지 그립이 있는 현대적이고 매력적인 외관을 가지고 있습니다. 짧은 길이는 셔츠 포켓 내부에 맞습니다 편리한 금속 클립으로 주머니, 플래너 또는 서류 가방 주머니에 부착할 수 있는 환상적인 휴대용 제품입니다 이 튼튼한 볼펜은 Zebra Pen F-리필로 리필할 수 있습니다. 회의실, 법원, 의료 환경 및 개인 사용을 위해 제작된 F-301은 작업에 개인적인 스타일을 더합니다","Zebra Pen F-301 접이식 볼펜은 매끄럽고 정교하며 소독이 쉽습니다. 이 튼튼한 금속 펜은 업계 최고의 정밀성과 안정성을 제공합니다. 리필 가능한 F-301에는 금속 플런지, 클립 및 콘이 있어 이그제큐티브 룩을 연출합니다. 접이식 볼펜은 블랙 잉크와 1.6mm 굵은 포인트 팁이 있습니다. 부식 방지 스테인리스 스틸 배럴은 플라스틱보다 소독하기 쉽습니다. 짧은 배럴은 셔츠 주머니에 쉽게 넣을 수 있습니다. 배럴 악센트와 잘 어울리는 편안한 그립. 금속 클립은 노트북, 플래너, 작업 가방 또는 서류 가방 포켓에 쉽게 부착할 수 있습니다. 이 매력적인 펜은 가정, 학교 또는 사무실에 적합합니다. 깔끔하고 세련된 이 신뢰할 수 있는 펜은 회의실, 법원, 교실, 의료 환경, 사무실 및 작업 현장에 적합합니다. 모든 작업에 적합한 펜입니다.","['볼펜', '금속', '방지', '스틸', '스테인리스', '작업', '펜', '포인트', '가방', '클립']"
사무용품,펜 및 리필,볼펜,,B0932ZT7B1,10피스 LED 조명 펜 5가지 색상 1.0 블랙 잉크 펜 손전등 볼펜 트위스트 펜 여아 남아 학생 필기 시그니처 문구류 사무실 학교 수업 선물,Tenare,13836,13836,4.2,187.0,"패키지 구성: 포장에 10개의 LED 블랙 잉크 펜이 포함되어 있으며, 레드, 오렌지, 그린, 블루, 블랙의 5가지 펜 쉘 색상이 포함되어 있습니다. 이 밝은 라이트 펜은 자신만의 세련미를 만들어 글을 더 재미있게 만들 수 있습니다 끝 부분의 LED 조명: 야간과 어두운 상황에서 준비하세요. 손전등 팁을 눌러 작은 흰색 LED 조명을 켜고 끌 수 있습니다. 적절한 크기와 아름다운 색상으로 디자인되었으며 이 펜은 오래 사용할 수 있도록 내구성이 뛰어납니다. 주머니, 지갑 또는 원하는 곳 어디에나 쉽게 넣을 수 있는 작은 크기의 클립입니다 고품질 소재: 이 LED 조명 펜은 플라스틱 소재로 만들어져 가볍고 매끄 럽습니다. 편안한 고무 그립으로 정확성과 부드러움을 보장합니다. 잉크는 끊임없이 흐르지 않고 잉크가 빠르게 건조됩니다. 어린이, 청소년 및 성인을 위한 일상적인 글쓰기, 서명, 시험 및 메모 작성에 적합합니다 부드러운 글쓰기: 1.0mm 미디엄 포인트로 쉽게 쓸 수 있으며 믿을 수 없을 정도로 매끄럽고 강렬한 글쓰기 또는 드로잉 경험을 보장합니다. 대부분의 표면에 잘 쓰이며 매일 사용하기에 적합합니다 다양한 용도: 이 아름다운 플래시 라이트 잉크 펜은 실용적이고 편리하며 크리스마스, 결혼식, 생일, 발렌타인 데이 및 기타 행사를 위한 섬세한 선물로 적합합니다. 메모 작성, 숙제, 드로잉, 마킹, 다이어리 쓰기, 카드 만들기 등에 적합합니다.","특징: 다용도: 이 아름다운 플래시 라이트 잉크 펜은 실용적이고 편리하며 크리스마스, 결혼식, 생일, 발렌타인 데이 및 기타 행사를 위한 섬세한 선물로 적합합니다. 메모 작성, 숙제, 그림 그리기, 표시, 일기 쓰기, 카드 만들기 등에 적합합니다. 끝 부분의 LED 조명: 야간과 어두운 상황에서 준비하세요. 손전등 팁을 눌러 작은 흰색 LED 조명을 켜고 끌 수 있습니다. 적절한 크기와 아름다운 색상으로 디자인된 이 펜은 내구성이 뛰어나 오랫동안 사용할 수 있습니다. 작은 크기의 클립으로 주머니, 지갑 또는 원하는 곳에 쉽게 넣을 수 있습니다. 사양: 소재: 플라스틱 색상: 5가지 색상 사이즈: 길이 14cm / 5.5인치 패키지 구성: LED 조명 펜 10개. 주의 사항: 수동 측정으로 인한 편차를 허용하십시오.","['펜', '조명', '잉크', '구성', '작다', '아름답다', '글쓰기', '블랙', '선물', '메모']"
사무용품,펜 및 리필,볼펜,,B0035IZV80,"uni 볼펜 제트스트림 3색 잉크 0.5mm, 블랙/레드/블루/화이트(SXE340005.1)",三菱鉛筆,6925,6925,4.7,472.0,Uni 멀티 컬러 볼펜 Jetstream 잉크 SXE340005.1 3가지 색상,"Uni 볼펜 제트스트림 3가지 색상 블랙, 레드, 블루 잉크 0.5mm, 화이트","['잉크', '볼펜', '화이트', '제트', '스트림', '블루', '블랙', '레드', '컬러', '색']"
사무용품,펜 및 리필,볼펜,,B0CLLJWSPL,"럭셔리 볼펜, 8mm 브릴리언트 다이아몬드가 있는 탑 세트, 세련된 퍼플 펜 바디, 매력적인 로즈 리얼 골드 마감, 슈나이더 잉크 리필, 여성을 위한 우아한 선물 펜, 독특함, 팬시, 오피스 펜",MCNTEIK,31841,31841,4.5,32.0,"잊을 수 없는 첫인상-펜 본체에 세련된 퍼플 래커, 매력적인 로즈 리얼 골드로 도금, 8mm 스파클링 다이아몬드가 세팅된 탑 세트, 세련되고 독특합니다. 어디에서든 이 펜은 주목을 끌 것입니다. 독특한 다이아몬드 장식 디자인 - 여성들이 우아함과 스타일로 글을 쓸 수 있는 멋진 펜을 끊임없이 탐구합니다. 이번에는 상단에 8mm 다이아몬드를 세팅하는 대담한 단계를 밟았습니다 당신의 생각을 우아하게 묘사하세요 - 정밀성과 매끄러움으로 유명한 독일 슈나이더 리필을 채택했습니다. 글쓰기의 진정한 우아함은 트렌디한 룩, 여성에게 적합한 펜 무게 및 정확한 필기 경험 사이의 완벽한 균형에서 비롯된다고 믿습니다. 시간을 초월하는 선물 펜 - 이 MCNTEIK 럭셔리 여성용 볼펜은 아름다운 선물 펜 상자에 담겨 제공되어 기념일, 크리스마스, 생일 또는 노력에 대한 보상으로 모든 경우에 완벽한 선물입니다. 이 펜을 받는 사람은 기뻐할 것입니다. 품질에 대한 신뢰, MCNTEIK 차별화 - 저희는 탁월한 태도로 모든 펜을 만듭니다. 제품에 대해 궁금한 점이 있으시면 언제든지 저희에게 연락해 주시면 최대한 빨리 해결하기 위해 최선을 다하겠습니다.",,"['펜', '선물', '우아하다', '다이아몬드', '독특하다', '여성', '세련되다', '리얼', '럭셔리', '완벽하다']"
사무용품,펜 및 리필,볼펜,,B08BBZ3B8G,"Mr. Pen - 펜, 블랙 펜, 12팩, 빠른 건조, 번짐 방지 펜, 성경 펜, 저널링용 펜, 번짐 없는 펜, 파인 포인트, 저널 펜, 파인 팁, 플래너 펜, 볼펜 저널 펜",Mr. Pen,13836,13836,4.5,5296.0,"번짐 방지 파인 포인트 펜 0.7mm 블랙 펜 12개 잡지와 성경을 포함한 종이에 번지지 않습니다. 번지지 않고 매끄럽고 빠르게 건조됩니다 저널링, 성경 또는 기타 책에 쓰기에 적합합니다 부드럽고 건너뛰기 없는 선과 선명하고 일관된 글자 오래 지속되는 잉크, 사무실, 학교 또는 가정에 적합합니다. 일상적인 쓰기, 기술 드로잉 또는 예술 프로젝트에 적합합니다",,"['펜', '성경', '포인트', '건조', '저널링', '방지', '블랙', '빠르다']"
사무용품,펜 및 리필,볼펜,,B09476R7QX,"Faber-Castell Click X 볼펜 4개 팩 (0.5mm 블랙) - 매우 부드럽고 편안한 그립, 방수, 독일 잉크 펜으로 개발, 번짐 방지 펜",Faber-Castell,9681,9681,4.6,22.0,매끄럽고 안정적인 잉크 흐름: 다른 잉크 포뮬러보다 빠르게 건조되는 신뢰할 수 있는 잉크 흐름으로 매우 부드럽게 쓸 수 있습니다. 메시 레스: 펜 케이스나 옷 전체에 캡을 잃어버릴 염려가 없는 접이식 펜. 바늘 포인트: 필기 표면의 방해가 적어 부드러운 글씨와 선명하고 정확한 선을 제공하여 더 빠르고 선명하게 쓸 수 있습니다! 방수: 방수 잉크로 제작된 Click X는 번짐 없이 부드러운 필기를 보장하며 왼손잡이에게 적합합니다! 높은 색상 강도 잉크: 밝고 다채로운 노트로 매일 공부를 생생하게 만들어 더 흥미롭고 기억에 도움이 됩니다!,"저점도 잉크인 독일 잉크로 개발된 Faber-Castell Click X는 매우 부드러운 필기 경험을 위해 설계되었습니다. 0.5mm, 0.7mm 및 1.0mm 바늘 포인트 중에서 선택할 수 있는 이 접이식 펜은 대부분의 종이에 부드럽게 쓸 수 있습니다./파버카스텔은 250년 이상의 사건스러운 역사를 가지고 있으며 매년 수백만 개 이상의 문구류를 생산합니다. 저희는 사무실 또는 학교 사용, 일기 또는 판매 등 모든 요구 사항에 맞는 다양한 필기구를 보유하고 있습니다.","['잉크', '부드럽다', '펜', '필기', '방수', '선명하다', '독일', '빠르다', '바늘', '접이식']"
사무용품,펜 및 리필,볼펜,,B0CCSDQX7L,"스타일러스 팁이 있는 블루 잉크 볼펜 6개, 투인원 볼펜, 금속 펜, 스타일러스 펜, 터치 스크린, 학교, 사무실, 동료용 (블루)",Lragvtbk,11066,11066,4.2,81.0,"블루 잉크 볼펜: 스타일러스 팁이 있는 볼펜은 모두 블루 잉크로 블루 리필 애호가에게 매우 적합합니다 패키지 구성: 14.3cm/5.6인치 스타일러스가 있는 블루 잉크 볼펜 6개 편안한 그립감: 슬림한 펜 바디는 튼튼한 알루미늄으로 만들어졌으며 소재의 표면은 매우 매끄럽고 매우 시원하므로 글을 쓸 때 더 즐겁습니다 멋진 선물 아이디어: 파란색 잉크 펜은 사무실 근로자와 직원, 임원, 간호사 등에 사용할 수 있습니다 클래식하고 세련된 디자인: 부드러운 소재 펜 튜브, 스타일러스 펜 상단을 눌러 펜을 확장하여 부드럽고 오래 지속되는 잉크 흐름 쓰기;",사양: 사이즈: 14.3 x 0.9 cm/5.6 x 0.35 인치 소재: 금속. 색상: 사진과 같음. 잉크 색상: 블루 패키지: 스타일러스 팁이 있는 펜 6개. 참고: 조명과 디스플레이 화면의 영향으로 제품 색상은 실제 물체에 따라 달라집니다,"['펜', '블루', '잉크', '스타일러스', '볼펜', '금속', '패키지', '사무실', '부드럽다']"
사무용품,펜 및 리필,볼펜,,B00O46O372,"Universal UNV15530 1mm 컴포트 그립 접이식 볼펜 - 미디엄, 블랙 (12개)",Universal,9334,9334,4.3,117.0,12개로 판매됩니다. 첫 번째 마크부터 마지막까지 신뢰할 수 있습니다. 가성비 좋은 사무실 표준. 빠르게 건조되는 얼룩 없는 성능. 오일 기반 잉크.,첫 번째 마크부터 마지막까지 안정적이고 편안한 펜. 배럴은 부드럽고 질감이 있는 Comfort Grip®으로 제작되어 부드럽고 편안한 필기감을 제공합니다. 글을 쓰는 동안 쉽게 잡고 잡을 수 있어 부드럽고 안정적인 스트로크를 제공합니다. 생생한 오일 기반 잉크는 빠르게 건조되어 번짐 없는 성능을 보장합니다. 글쓰기 품질이 중요한 모든 비즈니스 또는 학교 환경에서 일반적인 용도로 쓰기에 적합합니다.,"['부드럽다', '안정', '잉크', '건조', '빠르다', '편안하다', '기반', '마지막', '첫', '마크']"
사무용품,펜 및 리필,볼펜,,B00L7MTYU2,"Pilot 4가지 색상 볼펜, Acroball 4 엑스트라 파인, 블랙, 레드, 블루 & 그린 (Bkab-45EF-CSL)",Pilot,13850,9279,4.6,1278.0,"4가지 색상 볼펜: 블랙, 레드, 블루, 그린 Acro 잉크 채택 볼펜 사이즈: 0.5mm","이 펜은 파일럿이 개발한 Acro 잉크를 사용하는 4가지 색상의 블랙, 레드, 블루, 그린 볼펜입니다. 오일 기반 잉크는 기존 오일 베이스 잉크의 점도의 1/5를 가지고 있습니다. 잉크와 윤활제의 독특한 혼합으로 펜 끝에 있는 볼이 마찰을 줄여 부드럽게 회전할 수 있습니다. 이렇게 하면 즐겁고 끊김 없는 필기 경험을 선사합니다. 잉크는 만족스러운 안료를 사용하며 방수 기능이 있습니다. 펜에는 파이롯트가 개발한 독특한 고무 그립이 있어 타이어 패턴을 자랑하며 손이 미끄러지는 것을 방지합니다. 펜의 클립은 파일럿 테스트에 따르면 깨지지 않고 100,000번 고정할 수 있는 ""소프트 클립"" 메커니즘이 있는 코일 스프링을 사용합니다. 내구성이 좋을 뿐만 아니라 클립은 열고 사용하기 매우 쉽습니다.","['잉크', '볼펜', '펜', '레드', '그린', '블루', '클립', '블랙', '독특하다', '파일럿']"
사무용품,펜 및 리필,볼펜,,B0B2F7Y3R8,"PILOT Precise V5 스틱 리퀴드 잉크 롤링 볼 스틱 펜, 엑스트라 파인 포인트(0.5mm) 블랙 잉크, 9팩",Pilot,17991,17991,4.8,161.0,"PILOT 정밀한 V5: 이 롤링 볼펜은 특허받은 초미세 정밀 팁이 있어 매번 부드럽고 건너뛰지 않는 필기를 제공합니다. 당사의 독특한 잉크 포뮬러는 정확한 필기를 위해 균일하고 흐르는 스트로크를 유지합니다. 정밀한 포인트: 이 롤링 볼펜의 깔끔한 라인과 잉크 배달이 마음에 드실 것입니다. 블랙, 블루, 레드, 터키석, 퍼플, 그린 잉크로 제공됩니다. 눈에 띄는 잉크 공급으로 절대 건조하지 않습니다 즐거움을 위한 디자인: Pilot Precise 펜을 좋아하신다면 Precise V5, V5 데코 컬렉션 및 V7 롤링 볼펜의 전체 라인을 사용해 보시고 싶을 것입니다. 캡 및 접이식 옵션으로 제공됩니다. 신뢰할 수 있는 품질: 당사는 100년 이상 펜을 제작해왔습니다. 필기하거나 학교 또는 사무용품을 비축하거나 불렛 저널에 글을 쓸 때 Pilot은 완벽한 펜을 제공합니다 펜에 힘: Pilot은 모든 필요에 맞는 탁월한 필기구를 만듭니다. 모든 필기 스타일에 맞는 분수, 볼펜, 접이식 및 지울 수 있는 젤 잉크 펜, 화이트보드 마커 등을 갖추고 있습니다.",Pilot Pen-Precise V5 프리미엄 롤링 볼펜 엑스트라 파인 오픈 스톡. 정밀한 포인트와 현대적인 디자인은 퇴폐적인 색상으로 믿을 수 없을 정도로 매끄럽고 건너뛰지 않는 필기 경험을 제공합니다. 글쓰기를 좋아하는 사람들을 위해 Pilot's Precise는 탁월한 필기 경험을 제공합니다. 이 패키지에는 12개의 초미세 롤링 볼펜이 포함되어 있습니다. 다양한 색상으로 제공됩니다. 각각 별도 판매. 수입품.,"['잉크', '필기', '볼펜', '롤링', '펜', '정밀', '포인트', '블랙', '라인', '디자인']"
사무용품,펜 및 리필,볼펜,,B0BNQDGLNB,"Cobee® 스타일러스 팁 볼펜, 6피스 1.0mm 접이식 볼펜 미디엄 포인트 부드러운 필기 펜 블랙 잉크 메탈 펜 스타일러스 터치 스크린용 멋진 펜",Cobee,10221,10221,4.4,100.0,"【스타일러스 팁 볼펜】패키지에는 터치 스크린 스타일러스 팁이 있는 다채로운 접이식 볼펜 6개가 포함되어 있습니다. 이 귀여운 펜을 사용하여 종이와 휴대폰 또는 태블릿 화면에 메모를 할 수 있습니다. 그립의 이중 링 디자인은 마찰력을 증가시키고 잡을 때 떨어지는 것을 방지합니다. 【부드러운 쓰기】블랙 잉크 볼펜에는 1mm 총알로 구성된 펜촉이 있어 스타일러스 볼펜을 쉽게 쓸 수 있으며 믿을 수 없을 정도로 매끄럽고 강렬한 필기 또는 드로잉 경험을 보장합니다. 대부분의 표면에 부드럽게 쓸 수 있으며 매일 사용하기에 적합합니다. 【고품질】슬림한 펜 바디는 튼튼한 알루미늄으로 만들어져 내구성이 뛰어나고 튼튼합니다. 매트 질감의 배럴 마감으로 멋진 볼펜을 매우 독특하고 고급스럽게 보이게 하며, 펜 본체 내부는 신축성 있는 스프링을 사용하여 모든 프레스가 인덕션을 가질 수 있습니다. 【간편한 휴대】편리한 클립 디자인으로 접이식 볼펜을 책, 노트북 또는 가방에 단단히 고정할 수 있으며 잃어버릴 걱정 없이 휴대가 쉽습니다. 접이식 디자인으로 캡을 부드럽게 누르면 펜 끝이 자동으로 접힙니다. 【섬세한 선물】: 이 필기구 펜은 컨벤션, 무역 박람회, 파티 등에서 방명록 테이블을 위한 완벽한 선물입니다. 학교, 사무실 및 가족용으로 적합합니다.","""----------------- 저희 가게에 오신 것을 환영합니다 -----------------""//포장 목록: 스타일러스 팁이 있는 1.0mm 접이식 볼펜 6개/사이즈: 14.3x1.45 cm/5.63x0.57 in/잉크 색상: 블랙./소재: 알루미늄//❤빠른 배송/FBA 창고, 빠른 배송//❤ 서비스 보장/고객 만족은 저희의 최우선 과제 중 하나입니다. 제품이나 서비스에 문제가 있으시면 언제든지 연락주세요.","['볼펜', '펜', '스타일러스', '접이식', '부드럽다', '잉크', '디자인', '블랙', '스크린', '멋지다']"
사무용품,펜 및 리필,볼펜,,B00B57LNP8,"Uni Ball Signo Knock 볼펜 RT1 0.28mm 색상, 블랙 (UMN15528.24)",三菱鉛筆,5526,5526,4.3,240.0,패키지 크기: 길이 1.0cm x 너비 1.3cm x 높이 14.2cm 제품 유형: 필기구 포장 수량: 1 원산지: 일본,"Uni Uni-Ball Signo Knock 볼펜 RT1 0.28mm 색상, 블랙","['블랙', '볼펜', '필기구', '포장', '패키지', '일본']"
사무용품,펜 및 리필,볼펜,,B0CGTTZD7Y,"60개입 펜 벌크 블랙 볼펜, 슈퍼 소프트 그립 접이식 볼펜 미디엄 포인트 1.0mm (골드 60개)",Aisibeiger,24916,24916,4.7,230.0,"【매우 부드러운 미끄럼 방지 그립】그립이 있어 매우 부드럽고 편안한 촉감을 제공하여 각 볼펜을 쉽게 잡을 수 있습니다. 인체 최고의 펜 고정 자세에 맞춰 패셔너블하고 귀여운 외관으로 필기 손이 탁월합니다. 【1.0mm 미디엄 포인트】펜 미디엄 포인트 부드러운 필기 펜, 선명하게 쓸 수 있습니다. 모든 글쓰기에 사용할 수 있으며, 종이를 통과하지 않으며 번짐이나 번짐이 없습니다. 오래 지속되는 리필 가능한 잉크로 신뢰할 수 있는 필기감을 제공하며, 볼의 볼 팁은 매끄 럽습니다. 【클래식 블랙 잉크】생생한 볼펜 블랙 잉크 구조로 훌륭한 필기 도구입니다. 학용품, 사무용품, 메모, 일기, 스케치 및 계획을 위한 훌륭한 접이식 펜입니다. 【간편한 휴대】각 펜에는 펜을 노트북, 바인더 또는 포켓에 쉽게 고정할 수 있는 클립이 있어 시그니처 작업과 일상적인 필기 작업을 할 수 있습니다. 【완벽한 선물】학생, 관리자, 작가, 동료, 자신뿐만 아니라 아트 파티, 생일 선물 및 크리스마스를 위한 완벽한 선물입니다.",검정색 볼펜,"['펜', '필기', '볼펜', '선물', '잉크', '미디엄', '부드럽다', '블랙', '포인트', '훌륭하다']"
사무용품,펜 및 리필,볼펜,,B0D2RFPMYK,"골프 볼펜, 블랙 젤 잉크 펜 미니 골프 클럽 펜 장식 인체 공학적 펜 재미있는 스포츠 골프 클럽 소품 문구 용품 학생 동료 사무실 보스 아빠 12개",Amabro,10221,10221,,,"【매력적인 골프 디자인】실제 골프 클럽과 비슷하게 제작된 작고 세련된 골프 볼펜으로 끝없는 재미를 경험하십시오. 이 블랙 젤 잉크 펜은 탁월한 취향을 보여주고 학습 경험을 향상시켜 적극적인 참여와 빠른 글쓰기를 장려합니다. 진정으로 사랑스럽고 매혹적입니다. 【넉넉한 수량】창의적으로 디자인된 미니 골프 클럽 펜 12개 세트를 즐기세요. 각 펜은 매력적인 골프 테마 모양으로 부드러운 필기를 보장합니다. 일상적인 요구 사항을 충족하고 교체품을 제공할 수 있는 충분한 장식용 인체 공학적 펜으로 친구, 반 친구 및 가족과 공유할 수도 있습니다. 완벽한 장비를 갖추고 있습니다! 【펜 디테일】약 15.8×6.3cm/6.22×2.48인치 크기의 이 재미있는 스포츠 골프 클럽 소품은 1.0mm 파인 포인트와 정밀한 필기를 위한 블랙 잉크로 세련된 디자인을 자랑합니다. 튼튼한 하드 플라스틱으로 제작된 이 문구 용품은 가볍고 내구성이 뛰어나 쉽게 깨지지 않고 매일 사용해도 견딜 수 있습니다. 【실용적인 사용】부드럽고 일관된 잉크 흐름을 경험하여 색이 바래거나 새지 않고 선명하고 대담한 잔주름을 만듭니다. 이 골프 볼펜의 인체 공학적이고 기술적인 디자인 덕분에 쉽게 글쓰기를 즐길 수 있습니다. 이 다용도 블랙 젤 잉크 펜은 다양한 기능을 제공하며 글쓰기, 드로잉, 제도, 사인, 캘리그래피, 스케치, 낙서, DIY 공예 및 홈 데코에 이상적입니다. 【멋진 선물 아이디어】골프 애호가에게 이상적이며 모든 책상에 스타일리시하게 추가할 수 있는 이 미니 골프 클럽 펜 컬렉션은 환상적인 선물이 됩니다. 비즈니스 선물, 생일, 크리스마스, 할로윈, 장식, 무대 소품 등을 포함한 다양한 행사에 완벽한 이 장식용 인체 공학적 펜은 친구와 반 친구를 위한 사려 깊은 제스처입니다.","제품 구성:/골프 볼펜 12개/사양/재료: 플라스틱/색상: 블랙, 실버/제품 크기:/각 골프 볼펜: 15.8×6.3cm/6.22×2.48인치/❤ 서비스/고객 만족은 저희에게 매우 중요합니다. 저희 제품이나 서비스에 문제가 있는 경우 주저하지 말고 저희에게 연락하십시오.","['골프', '펜', '클럽', '볼펜', '블랙', '잉크', '장식', '학적', '디자인', '친구']"
사무용품,펜 및 리필,볼펜,,B0032AMZV2,"Promarx TC 볼 스틱 펜, 미디엄 포인트, 블랙 잉크, 10개입 (BP48-KR1P10-48)",Promarx,6897,6897,4.1,356.0,"텅스텐 카바이드 볼이 있는 10개의 블랙 잉크 볼펜으로 가장 부드러운 필기 경험을 선사합니다 Promarx 미디엄 1.0mm 볼펜은 매번 깨끗하고 매끄러운 선을 안정적으로 쓸 수 있습니다 노트, 저널, 법률 패드, 카드 등을 포함한 모든 용지 유형에 쓸 수 있도록 특별히 고안된 저점도 블랙 잉크 탈착식 펜 캡은 원치 않는 자국을 방지하고 필기 팁을 보호합니다 가정, 학교 또는 사무실에서 사용하기에 이상적인 블랙 잉크가 있는 볼펜 10개가 포함되어 있습니다","Promarx TC 볼 스틱 펜, 미디엄 포인트, 블랙 잉크, 10개","['잉크', '블랙', '펜', '볼펜', '미디엄', '스틱', '포인트', '필기']"
사무용품,펜 및 리필,볼펜,,B0BGP3XMYJ,"볼펜, 블랙 잉크 미디엄 포인트 1.0mm 스테인리스 스틸 볼펜 6개, 선물 펜, 학교, 비즈니스, 사무실, 여성 및 남성용 - 실버",ChaoQ,15221,10927,4.5,134.0,"고품질 소재: 풀 메탈 바디, 내구성이 뛰어난 스테인리스 스틸 펜 버렐은 장기간 사용하기에 적합합니다. 볼펜의 펜촉은 완전하고 깨끗하며 얼룩이 없습니다. 펜 배럴과 잘 맞으며 펜 코어와 함께 움직이지 않습니다. 부드러운 글쓰기: 볼펜은 번짐이나 번짐 없이 부드럽고 일관되게 쓸 수 있습니다. 1.0mm 미디엄 포인트 블랙 잉크. 내구성이 뛰어난 펜은 일상적인 글쓰기 및 서명에 대한 요구 사항을 충족합니다. 매일 사용하기에 완벽한 선택입니다. 두꺼운 펜 버렐: 두꺼운 펜 베렐(0.9cm(0.35인치))은 잡기 편하고 일상적인 필기를 위해 균형이 잘 잡혀 있습니다. 잡기 쉬운 안정적인 클립으로 볼펜은 휴대가 쉽고 편리합니다. 완벽한 선물: 친구, 가족, 사무실, 비즈니스, 남성, 여성, 학생, 동료, 선생님, 경찰관, 사무실 동료, 생일 선물, 팀 선물 등을 위한 완벽한 선물. 패키지: 볼펜 6개, 펜 크기: 13.2 x 0.91 cm, ASIN 번호를 검색하면 교체 가능한 리필을 찾을 수 있습니다. B01MDPAF5M","모델: 접이식 볼펜 색상: 실버 제품 구성: CHAOQ 볼펜 6개 사양: 크기: 13.2 x 0.9 x 0.9cm 무게: 10.5g 당사의 서비스 및 신뢰성: 신뢰성의 원칙에 따라 CHAOQ 그룹은 10년 이상의 전문적인 생산 경험을 가지고 있다는 점에서 각 부분에 대한 품질 검사를 엄격하게 관리합니다. 참고 사항: 새 리필을 펜 배럴에 삽입하기 전에 새 리필의 왁스 팁 커버를 완전히 제거하십시오. 그렇지 않으면, 남은 왁스 팁 커버가 장착 및 필기 문제를 일으킬 수 있습니다.","['펜', '볼펜', '선물', '리필', '사무실', '완벽하다', '구성', '여성', '일상', '미디엄']"
사무용품,펜 및 리필,볼펜,,B0CM7FFXNM,"멀티컬러 볼펜 0.5mm, 10-in-1 컬러 접이식 만화 볼펜, 사무실 학교 용품, 학생, 어린이 어린이 선물, 6개입",Heliar,13836,13836,4.7,26.0,"멀티컬러 볼펜 0.5mm, 10-in-1 컬러 접이식 동물 볼펜, 사무실 개학 용품, 학생, 어린이 선물, 6개입","멀티컬러 볼펜 0.5mm, 10-in-1 컬러 접이식 동물 볼펜, 사무실 개학 용품, 학생, 어린이 선물, 6개입","['컬러', '볼펜', '어린이', '학생', '접이식', '선물', '사무실', '멀티', '개입', '동물']"
사무용품,펜 및 리필,볼펜,,B07KXTM6ZP,JOVITEC 24팩 멀티컬러 볼펜 4-in-1 0.7mm 컬러 접이식 볼펜 사무실 학교 용품 학생 선물 어린이 파티 선물,JOVITEC,16606,16606,4.6,1047.0,"멀티 컬러 펜: 블랙, 블루, 레드, 그린을 하나의 볼펜으로 편리하게 사용할 수 있습니다 다채로운 펜 폴: 미끄럼 방지 그립과 내구성을 위해 고무 소재로 제작되었습니다 효율적이고 편리함: 멀티 컬러 펜은 일상 생활을 용이하게 하고 여러 개의 펜을 가지고 다니지 않습니다 쉬운 작동: 확장성의 스프링 디자인으로 색상 간에 빠르고 쉽게 전환할 수 있습니다 포함: 부드러운 필기를 위한 0.7mm 포인트가 있는 롤러볼 펜 24개",,"['펜', '컬러', '멀티', '볼펜', '편리하다', '선물', '방지', '사무실', '빠르다', '블루']"
사무용품,펜 및 리필,볼펜,,B0B3LM4XM9,"펜, 파인 포인트 부드러운 필기 펜, 맞춤형 볼펜 벌크, 플레어 컬러풀 펜, 블랙 잉크 1.0mm 저널링 펜, 여성 및 남성용 사무용품, 메모 작성 (12팩)",HuoHuair,13836,13836,4.6,1074.0,"매우 부드러운 미끄럼 방지 그립 - 그립이 있어 매우 부드럽고 편안한 촉감을 제공하여 각 볼펜을 쉽게 잡을 수 있습니다 미디엄 1.0mm 포인트 - 클래식 블랙 펜. 생생한 블랙 잉크 구조로 일상적인 필기 도구로 좋습니다. 오래 지속되는 리필 가능한 잉크로 신뢰할 수 있는 필기감을 제공하며, 볼의 볼 팁은 매끄럽고 잉크가 쉽게 깨지지 않습니다 빠른 건조 잉크 - 볼펜 잉크 건조 속도는 매우 빠르며 필기가 매끄럽고 얼룩이 생기지 않으며 밝은 색상으로 빠르게 건조됩니다 간편한 사용 - 모든 종류의 행복한 파티, 휴일, 교사 용품에 사용할 수 있습니다. 일상 생활, 사무실, 병원, 교실, 도서관 등에서 사용하세요. 글쓰기, 서명, 페인팅 등에 사용할 수 있습니다. 내구성이 뛰어난 골드 메탈 클립 - 각 펜에는 내구성이 뛰어난 골드 메탈 클립이 있어 노트북, 바인더 또는 포켓에 쉽게 고정할 수 있어 시그니처 작업과 일상적인 필기 작업을 할 수 있습니다 서비스 보장 - 고객 만족이 저희의 목표입니다. 어떤 이유로든 저희 펜에 만족하지 않으시면 저희에게 연락하십시오. 만족하실 때까지 문제를 해결해 드리겠습니다.","제품 세부 정보 1. 접이식 펜: 편리하고 빠르게 사용할 수 있습니다. 2. 부드러운 미끄럼 방지 그립: 부드러운 그립이 있어 더욱 편안합니다. 몇 시간 동안 편안하게 글을 쓸 수 있도록 손에 꼭 맞습니다. 3. 간편한 고정: 편리한 금속 포켓 클립으로 빠르게 사용할 수 있습니다. 4.1mm 미디엄 포인트 볼펜. 5. 블랙 잉크: 빠른 건조, 번짐 없는 잉크. 6.길이: 5.7 인치 (145 mm)","['펜', '잉크', '빠르다', '필기', '부드럽다', '볼펜', '건조', '블랙', '클립', '일상']"
사무용품,펜 및 리필,볼펜,,B07B4FXFB5,"Cross ATX 브러시드 메탈릭 리필 가능한 젤 잉크 롤러볼 펜, 미디엄 롤러볼, 프리미엄 선물 상자 포함 - 브러시드 블랙",Cross,159275,41176,4.5,1943.0,기계 회전 다이아몬드 패턴 각인과 광택 블랙 pvd 장식이 있는 브러시드 블랙 마감 클릭 오프 캡 독점적인 젤 잉크 롤러볼 포뮬러는 만년필처럼 자유롭게 흐릅니다 펜에 블랙 젤 잉크 롤러볼 리필 (#8523) 1개 포함 Cross 롤러볼 펜은 리필을 원하는 유형의 팁으로 변경하기만 하면 볼펜 또는 크리미한 다공성 펠트 펜으로 쉽게 전환할 수 있습니다. 리필은 별도로 판매됩니다,"Cross 이 세련되고 도시적인 ATX 롤러볼 펜으로 현대적인 산업 디자인 트렌드를 선보였습니다. 매끄러운 실루엣은 다이아몬드 패턴, 기계 회전 각인 블랙 스틸에 광택 처리된 블랙 장식이 있습니다. 통합 클립이 펜 상단을 감싸서 완벽한 마감을 제공합니다.","['블랙', '펜', '롤러', '리필', '브러시', '잉크', '광택', '각인', '패턴', '마감']"
사무용품,펜 및 리필,볼펜,,B0BNH5BT19,"WEMATE 슬림 접이식 볼펜 4개, 블랙 & 블루 잉크 리필 4개, 금속 펜 1.0mm 미디엄 포인트, 사무실, 교사 및 결혼식을 위한 선물 상자가 있는 필기 펜, 그레이 멋진 펜",WEMATE,9681,9681,4.2,92.0,"🎁 부드럽게 쓰기: 1.0mm 포인트의 금속 볼펜은 간단하고 튼튼합니다. 대부분의 표면에 완벽하게 쓸 수 있으며 매일 사용하기에 적합합니다. 글쓰기에 필요한 가벼운 압력으로 선을 정의하고, 번짐이나 건너뛰기 없이 부드럽고 균일하게 작동하여 손으로 글을 쓰는 것을 절대적인 즐거움으로 만듭니다. 🎁간편한 휴대: 클립이 달린 각 금속 필기 펜은 가볍고 직선적이며 가방이나 주머니에 휴대하고 보관할 수 있어 중요한 정보를 제때에 쓸 수 있습니다. 트위스트 디자인은 펜 팁이 주머니와 가방에 잉하는 것을 방지합니다 🎁추가 잉크 리필: 슬림 메탈릭 리트랙터블 볼펜 4개와 블랙과 블루 리필 4개, 일상적인 사용 및 교체를 충족하기에 충분한 수량; 대부분의 사람들에게 필요하고 실용적인 펜이며, 금속 펜은 사무실, 학교, 가정, 비즈니스, 승무원, 경찰관 등에 적합합니다. 🎁남성에게 적합: 남성을 위한 심플한 회색 볼펜 필기용 펜, 특히 경찰과 의사를 위한 제품. 슬림하고 가벼우며 휴대가 간편하여 주머니나 지갑에 넣을 수 있으며 트위스트 디자인으로 펜촉이 주머니와 지갑에 달라붙지 않습니다. 멋진 선물 선택: 휴일, 크리스마스, 선물 교환, 기업 이벤트, 생일, 결혼식, 졸업식, 비즈니스, 남성, 선생님, 아버지의 날 등과 같은 선물 행사에 완벽한 선물입니다. 가벼운 볼펜은 멋진 사무용품이며 일상적인 사무실을 가져갈 뿐만 아니라 책상을 멋지게 꾸며줍니다.",100% 만족 보장: 만족하지 않으십니까? 저희는 무조건적인 교체 및 환불을 제공합니다. 저희에게 연락하시면 반품할 필요가 없습니다,"['펜', '볼펜', '선물', '주머니', '금속', '멋지다', '가볍다', '사무실', '슬림', '남성']"
사무용품,펜 및 리필,볼펜,,B0BF3KDP4K,"Cambond 볼펜 블랙 펜 - 저널링 선물 비즈니스 남성 경찰 승무원용 벌크 펜 메탈 펜 1.0mm 미디엄 포인트 멋진 펜, 리필 6개가 있는 펜 3개(건 블랙)",Cambond,12451,12451,4.5,4448.0,"✔ 멋진 금속 펜 - 멋진 절제된 금속 배럴 모양의 남성, 경영진, 비즈니스, 사무실, 대학, 승무원, 경찰 펜, 게스트 펜, 멋진 펜, 동료 선물, 번짐 없는 저널링용 펜 등을 위한 전문 펜. ✔ 부드러운 필기 블랙 펜 - 1.0mm 미디엄 포인트는 일관된 잉크 흐름을 제공하여 부드러운 필기 경험을 제공합니다 (약 필기 길이: 1200미터). 매일 사용하기에 꼭 필요한 제품 ✔ 좋은 무게의 프레피 펜 - 편안하고 적당한 무게와 편안한 필기감을 위한 둥근 배럴, 이 경찰 펜 볼펜은 수표 서명, 메모 작성, 양식 작성 등에 필요한 모든 요구 사항을 충족합니다 ✔ 교체 가능한 잉크가 있는 멋진 펜 - 이 팬시 펜은 표준 리필을 사용하여 시장에서 교체 카트리지를 쉽게 구입할 수 있습니다(6개의 추가 블랙 잉크 교체 리필 포함) ✔ 완벽한 선물 펜 - Cambond 펜 파인 포인트 스무스 필기 펜은 크리스마스, 화이트 코끼리 선물 교환, 새해, 졸업식, 비즈니스, 남성, 선생님, 아버지의 날 등 아버지의 날 등을 위한 완벽한 선물입니다",,"['펜', '선물', '멋지다', '필기', '블랙', '남성', '잉크', '리필', '포인트', '비즈니스']"
사무용품,펜 및 리필,볼펜,,B07X13NY42,"Pilot Precise V5 스틱 롤링 볼펜, 엑스트라 파인 포인트, 펜 6개(블랙/블루/레드)",PILOT,16620,16620,4.7,290.0,독특한 액체 잉크 포뮬러로 지속적으로 흐르는 스트로크를 유지합니다. 믿을 수 없을 정도로 부드럽고 생기지 않는 글씨 눈에 띄는 잉크 공급으로 잉크가 얼마나 남았는지 확인할 수 있습니다. 정확한 쓰기를 위한 추가 미세 포인트 (0.5mm) 6팩 (블루/블랙/레드),독특한 액체 잉크 포뮬러는 첫 단어부터 지속되는 정확하고 깨끗한 선을 위해 일관된 흐르는 스트로크를 유지합니다. 특허받은 Precision Point Technology는 믿을 수 없을 정도로 매끄럽고 생략이 없는 쓰기를 보장합니다. 눈에 띄는 잉크 공급을 통해 남은 잉크 양을 확인할 수 있습니다. 정밀 필기 기기에 감사하는 사람들을 위한 펜.,"['잉크', '정도', '블랙', '블루', '포뮬러', '포인트', '액체', '유지', '레드', '공급']"
사무용품,펜 및 리필,볼펜,,B0CCRB1B7X,Fulmoon 100피스 잉크 펜 접이식 볼펜 미디엄 포인트 1.0mm 볼펜 부드러운 필기 클릭 펜 저널 글쓰기 학교 사무실 가정용 (블랙 및 블루 잉크),Fulmoon,30456,30456,3.6,16.0,"장시간 사용에 충분합니다: 1.0mm 포인트의 접이식 볼펜 100개를 받게 되며 일상적인 사용 및 교체 요구 사항을 충족하기에 충분하며 가족, 친구, 동료 및 직원에게 줄 수 있습니다 다양한 용도: 미디엄 포인트 펜은 신뢰할 수 있는 중간 포인트와 견고한 구조를 채택하여 사무실, 학교, 가정, 호텔, 비즈니스 미팅, 회사 활동 및 기타 행사에 적합하며 공부 및 사무용품으로 이상적입니다 부드러운 글쓰기: 이 학교 펜은 1.0mm 중간 포인트로 쓰기가 쉽고, 미끄러지기 쉽고, 잉크가 깨지기 어렵고, 건조하기 쉽고, 점도가 낮아 부드러운 필기 경험을 제공합니다 간편한 사용: 저희 볼펜은 사용 시 누를 수 있는 버튼으로 디자인되어 펜 캡 분실로 인한 문제를 방지합니다. 또한 접이식 볼펜에는 클립이 있어 옷, 노트북, 바인더 또는 주머니에 쉽게 걸 수 있으며 휴대가 편리합니다 편안한 손잡이 디자인: 접이식 펜은 고무 그립이 있어 글쓰기의 편안함을 높여주며, 오랫동안 글을 쓰는 사람들에게 좋은 선택입니다. 또한 플라스틱 투명 펜 배럴은 잉크 공급을 명확하게 볼 수 있으며 제 시간에 잉크를 교체하도록 선택할 수 있습니다",,"['펜', '볼펜', '잉크', '포인트', '접이식', '부드럽다', '학교', '글쓰기', '가정', '선택']"
사무용품,펜 및 리필,볼펜,,B0BGM7PF8P,Zebra Z-Grip 스무스 미니 리트랙터블 볼펜 - 1.0mm - 블랙 - 3개 팩,Zebra Pen,8988,8988,4.6,116.0,"Z-Grip Mini는 Zebra의 베스트셀러 접이식 볼펜의 11.4cm 버전입니다. 이 펜에는 투명 배럴이 포함되어 있어 잉크 소비량을 지속적으로 모니터링할 수 있습니다. Zebra의 혁신적인 새로운 ""Smooth"" 잉크는 매우 유창한 필기 경험을 제공하며 중간 선을 쓰는 1.0mm 펜촉이 특징입니다. 편안함을 위한 부드럽고 신축성 있는 미끄럼 방지 고무 그립 존과 이동 중에도 적합한 금속 포켓 클립이 포함되어 있습니다. 이 팩에는 블랙 잉크가 있는 펜 3개가 포함되어 있습니다.",Zebra의 접이식 볼펜 3개 팩.,"['잉크', '볼펜', '블랙', '접이식', '펜', '혁신', '버전', '부드럽다', '베스트셀러', '방지']"
사무용품,펜 및 리필,볼펜,,B08JGRLF1J,"PILOT Frixion 멀티 볼펜, Frixion Ball3 슬림 038, 초미세, 무컬러 바디",PILOT,8988,8988,4.2,111.0,패키지 크기: 길이 145 x 높이 13 x 너비 13 (mm) 패키지 무게: 15g 원산지: 일본,"Pilot Frixion 멀티 볼펜, Frixion Ball3 슬림 038, 울트라 파인, 무색 바디","['패키지', '슬림', '볼펜', '바디', '멀티', '컬러', '일본', '울트라', '미세', '무색']"
사무용품,펜 및 리필,볼펜,,B0C6KY81S9,"PATIKIL 회전식 볼펜, 7팩 미디엄 포인트 1mm 부드러운 필기 블랙 잉크 회전식 볼펜 플라스틱 트위스트 펜 홈 오피스 선물 펜, 퍼플",PATIKIL,11343,11343,,,"사양: 펜 배럴 색상: 퍼플, 잉크 색상: 블랙, 소재: 플라스틱, 전체 길이: 141mm/5.55인치, 펜 본체 직경: 10mm/0.39인치, 펜 포인트 직경: 1mm/0.039인치, 포장 목록: 회전 볼펜 7개 장점: 1mm 블랙 잉크 ""트위스트 탑"" 볼펜입니다. 각 볼펜의 몸체는 잡기 쉽고 편안한 멋진 질감을 가지고 있으며 대부분 부드럽게 쓸 수 있습니다. 펜 상단을 비틀어 팁을 접거나 연장할 수 있습니다. 볼펜을 가방이나 주머니에 넣을 때 잉크가 다른 물건에 묻는 것을 방지하기 때문에 좋은 기능입니다. 지침: 펜 상단을 비틀어 펜 끝을 접거나 연장하십시오. 용도: 이 볼펜은 노트북, 저널, 메모장, 스크래치 패드 및 거의 모든 종이 표면에 적합합니다. 가정, 사무실, 회의, 교실, 여행 등에서 널리 사용됩니다. 친구나 가족에게 줄 수 있는 독특한 회전식 볼펜 선물 펜입니다. 참고: 주문 전에 사이즈와 잉크 색상을 확인하십시오.",,"['펜', '볼펜', '잉크', '회전', '블랙', '플라스틱', '트위스트', '부드럽다', '상단', '선물']"
사무용품,펜 및 리필,볼펜,,B0CMC9JJVK,"폼폼 펜, 다채롭고 푹신한 펜, 귀엽고 푹신한 볼펜, 사무실, 학교 액세서리, 문구류, 어린이, 여성, 소녀, 동료, 핑크, 블루, 퍼플, 옐로우 4팩",SBYURE,13836,12451,4.8,11.0,"독특한 디자인: 이 귀엽고 다채로운 폼폼 펜은 글쓰기에 재미와 색감을 더하는 데 적합합니다. 독특한 트위스트 메커니즘과 부드럽고 편안한 플러시 볼 디자인으로 즐거운 필기 경험을 제공합니다. 고품질 소재: 저희의 푹신한 펜은 내구성이 뛰어나고 손상에 강한 프리미엄 플라스틱으로 만들어졌습니다. 부드러운 플러시 볼은 편안한 촉감을 제공하며 고품질 블루 잉크는 대부분의 종이에 부드럽게 쓸 수 있습니다. 폼폼 볼펜 세트: 각 세트에는 옐로우, 블루, 퍼플, 핑크 색상의 퍼지 펜 4개가 포함되어 있어 다양한 색상으로 창의력을 표현할 수 있습니다. 학교에서 메모를 하거나 사무실에서 아이디어를 적거나 집에서 낙서를 할 때 이 펜은 필수 아이템입니다. 재미있고 실용적: 당사의 폼폼 펜은 푹신하고 보송보송한 외관으로 사랑스러워 보일 뿐만 아니라 부드러운 블루 잉크로 편안한 필기 경험을 제공합니다. 펜은 잡기 쉬워 어린이, 학생 및 사무실 근로자에게 적합합니다. 사려 깊은 선물: 이 다채로운 여아용 폼폼 펜은 개인적인 용도로 이상적일 뿐만 아니라 친구, 반 친구 및 사랑하는 사람에게 사려 깊은 선물이 됩니다. 생일, 개학 선물 및 사무실 축하 행사를 포함한 다양한 행사에 적합합니다.",,"['펜', '폼폼', '블루', '부드럽다', '푹신하다', '사무실', '선물', '편안하다', '행사', '귀엽다']"
사무용품,펜 및 리필,볼펜,,B0B3RC8WX8,"볼펜, 블랙 잉크 파인 포인트 0.5mm 독특한 피자 빵 모양 필기 펜, 작고 귀여운 볼펜, 학생 아동용 선물, 사무실 학교 용품 (3개)",SHUILING,13836,13836,3.7,5.0,"창의적이고 참신한 디자인: 피자와 빵 모양, 볼펜은 블랙 잉크, 0.5mm 포인트입니다. 참고: 외모로 인해 6세 미만의 어린이의 손이 닿지 않는 곳에 두십시오. 감사합니다. 패키지 포함: 각 주문마다 3개 또는 6개. 3가지 다른 디자인, 피자 + 바게트 + 크루아상 모양. 매우 참신하고 독특한 볼펜입니다. 유용한 선물: 매우 귀여운 볼펜입니다. 학생, 어린이, 친구, 반 친구, 동료, 사무실 근로자 등을 위한 더 멋지고 재미있는 선물입니다. 생일, 할로윈, 크리스마스, 축하 선물, 쇼핑몰 이벤트를 위한 완벽한 선물. 다양한 용도: 작고 섬세한 펜, 글쓰기에 적합하며, 글쓰기, 공부 또는 작업을 위한 멋진 액세서리일 뿐만 아니라 휴일 장식 선물로도 좋습니다. 학교, 가정, 사무실, 비즈니스 용품에 적합합니다. 위험 없는 쇼핑을 경험하실 수 있습니다. 문제가 있으시면 저희에게 연락해 주시면 24시간 이내에 답변 드리겠습니다","볼펜/블랙 잉크 펜/볼펜 사무실 펜/발렌타인 데이 선물 - 잉크 색상: 0.5mm 검정 잉크 -패키지 포함: 각 주문마다 3개 또는 6개. -학생, 친구, 선생님, 반 친구, 아이들을 위한 재미있는 펜. -쓰기 편합니다. 학생, 어린이, 사무실 근로자 등을 위한 더 멋지고 재미있는 선물입니다. 생일, 할로윈, 크리스마스, 축하 선물, 쇼핑몰 이벤트를 위한 완벽한 선물. 참고: 1. 주변 상품과 비교하여 구매하기 전에 사이즈를 확인하십시오. 감사합니다! 2. 조명과 화면 차이로 인해 제품의 색상이 사진과 약간 다를 수 있습니다. 3. 대량 주문을 원하시면 먼저 저희에게 연락하십시오. 또한 주문 수량이 많으면 특급 회사로부터 큰 할인을 받으실 수 있습니다. 4. 구매에 문제가 있거나 품질에 문제가 있는 경우 언제든지 저희에게 연락해 주시면 100% 반품 또는 환불을 보장하고 만족스러운 해결책을 제공해 드리며, 고객이 되어 주셔서 감사합니다!","['선물', '볼펜', '펜', '사무실', '잉크', '학생', '친구', '블랙', '문제', '멋지다']"
사무용품,펜 및 리필,볼펜,,B0BQRGQH8D,볼펜 9개 세트 메탈 크리스탈 다이아몬드 펜 글리터 펜 저널링용 블랙 잉크 예쁘고 귀여운 펜 멋진 펜 선물 여성 소녀 크리스마스 생일 학교 사무실 책상 (블랙),Janmini,13836,13836,4.6,1410.0,"제품 구성: 패키지에는 저널링을 위한 9개의 블랙 펜이 있으며, 9가지 디자인으로 제공되며 각 디자인마다 하나씩 제공됩니다. 충분한 수량과 우아한 디자인으로 일상 생활에서 다양한 사용과 교체 요구 사항을 충족할 수 있습니다 신뢰할 수 있는 소재: 여성용 멋진 펜은 주로 고품질 금속 소재로 만들어져 견고하고 신뢰할 수 있으며 냄새가 없으며 쉽게 깨지거나 변형되지 않습니다. 매끄러운 표면으로 광택 처리되고 밝은 색상으로 디자인되어 오랫동안 사용할 수 있습니다 섬세한 디자인: 여성용 필기 펜은 9가지 섬세한 디자인으로 특정 취향과 기분에 맞는 다양한 옵션을 제공합니다. 대중에게 사용하면 많은 관심과 감탄을 끌 수 있습니다 멋진 선물: 이 여성용 사무용품은 명확한 선을 제공하고 글을 쓸 때 건너뛰는 것을 줄여줍니다. 생일 선물, 크리스마스 선물과 같은 다양한 선물로 적합하며 반 친구, 동료, 선생님, 친구, 가족에게 보낼 수 있습니다 다양한 용도: 이 글리터 펜은 회의 세션, 결혼식, 브라이덜 샤워, 다양한 파티 또는 일상 알림 및 일정과 같은 많은 활동 중에 일기, 예산 작성, 메모 작성, 이름 서명 시 유용합니다",,"['펜', '디자인', '선물', '블랙', '멋지다', '글리터', '섬세하다', '생일', '신뢰', '일상']"
사무용품,펜 및 리필,볼펜,,B0B45XHCPM,"LoveBB 파인 포인트 볼펜 10개, 0.5mm 블랙 잉크, 부드러운 필기 펜, 볼펜, 사무실 근로자, 학생용",LoveBB,12035,12035,3.9,58.0,"블랙 잉크가 있는 0.5mm 볼펜 10개가 제공됩니다. 그립은 완벽하게 찌그러지고, 너무 말랑말랑하거나 너무 단단하지 않고 부드러운 필기감을 제공합니다 간편한 건조 - 볼펜은 글을 쓸 때 손에 얼룩이 생기지 않으며, 잉크가 노트북에 침투하지 않습니다 간편한 사용 - 변색 방지 잉크는 단단하고 매끄러운 필기 선을 제공하여 성인과 어린이를 위한 사무실 학교 수업 작업 펜에 적합합니다 빠르고 쉽게 전환할 수 있는 스프링 접이식 디자인의 0.5mm 접이식 파스텔 젤 펜, 쉽게 보관할 수 있습니다 각 펜에는 금속 클립이 있어 노트북, 바인더 또는 포켓에 쉽게 부착할 수 있어 시그니처 작업 및 일상적인 필기 작업을 할 수 있습니다","미디엄 포인트 볼펜 10개, 1mm 블랙 잉크, 부드러운 필기 펜, 볼펜, 사무실 근로자, 학생용","['볼펜', '잉크', '필기', '펜', '부드럽다', '블랙', '사무실', '작업', '학생용', '근로자']"
사무용품,펜 및 리필,볼펜,,B0CMX13W2W,"Abhay 6팩 크래프트 폼폼 펜, 다채롭고 푹신한 볼펜, 여아용 펜, 창의적인 폼폼 펜, 여아용 파티 용품",Abhay,13836,13836,,,"100% 새 제품이며 고품질. 소재: 플라스틱 + 나일론 스트링. 다채로운 볼펜, 매우 귀엽습니다. 어린이, 친구 및 동료를 위한 훌륭한 선물. 다양한 스타일 중에서 선택할 수 있으며, 취향에 따라 다양한 스타일의 펜을 구입하거나 모두 수집할 수 있습니다.","매우 귀여운 볼펜입니다. 글쓰기 및 일상 사용에 좋은 선택입니다. 볼펜은 건강하고 안전한 친환경 잉크를 사용합니다. 볼펜은 플라스틱과 금속으로 만들어졌습니다. 내구성이 뛰어나고 쉽게 깨지지 않습니다. 볼펜의 크기는 약 길이 14.5cm(5.71인치), 잉크 리필은 다 사용했을 때 교체할 수 있습니다. 펜은 opp 가방에 포장되어 보관 및 운반에 안전하고 편리합니다. 볼펜은 글쓰기, 그림 그리기 및 일상 사용에 적합합니다. 어린이, 학생 및 친구에게 좋은 선물입니다.","['볼펜', '펜', '안전하다', '친구', '선택', '스타일', '어린이', '일상', '잉크', '좋다']"
사무용품,펜 및 리필,볼펜,,B0B6H83F28,블랙 볼펜 1mm 미디엄 포인트 펜 사무실 펜 부드러운 필기 (6팩),Aisibeiger,9681,9681,4.5,124.0,"【1.0mm 미디엄 포인트】 미디엄 포인트 부드러운 필기 펜, 선명하게 쓸 수 있습니다. 모든 글쓰기에 사용할 수 있으며, 종이를 통과하지 않고 번지거나 번지지 않습니다. 오래 지속되는 리필 가능한 잉크로 안정적인 필기를 제공하며, 볼 팁은 매끄럽습니다. 【클래식 블랙 잉크】생생한 볼펜 블랙 잉크 구조로 훌륭한 필기 도구입니다. 학용품, 사무용품, 메모, 일기, 스케치 및 계획을 위한 훌륭한 접이식 펜입니다. 【멋진 외관】 인체 최고의 펜 고정 자세에 맞는 패션 유선형 외관으로 필기가 탁월합니다. 【간편한 휴대】펜에는 클립이 있어 펜을 노트북, 바인더 또는 포켓에 쉽게 고정할 수 있어 시그니처 작업과 일상적인 필기 작업을 할 수 있습니다. 【완벽한 선물】학생, 관리자, 작가, 동료, 자신뿐만 아니라 아트 파티, 생일 선물 및 크리스마스에도 완벽한 선물입니다.",펜,"['펜', '필기', '미디엄', '블랙', '선물', '잉크', '포인트', '볼펜', '부드럽다', '완벽하다']"
사무용품,펜 및 리필,볼펜,,B08S329J56,"Unibene 슬림 메탈릭 접이식 볼펜 - 매트 실버 & 블랙, 비즈니스 사무실 학생 교사 웨딩 크리스마스를 위한 멋진 선물, 미디엄 포인트(1mm) 6팩-블랙 잉크",Unibene,13836,13836,4.5,1218.0,"선물: 얇지만 좋은 무게로 균형이 잘 잡히고, 매트 표면, 경영진, 경찰, 친애하는 친구, 동료 및 사랑하는 사람에게 서명, 그림 및 저널링을 위한 선물로 완벽하고 고급스럽습니다 🎁지갑이나 주머니에 매일 휴대할 수 있는 슬림하고 가벼운 펜. 트위스트 디자인으로 펜 팁이 주머니에 잉크가 들어가는 것을 방지합니다. 깨끗하고 일관된 잉크, 이 세련되고 기능적인 펜으로 칭찬을 받는 것에 지쳤습니다 🎁합리적인 가격으로 매우 독특한 외관과 성능, 유니폼 셔츠의 놀라운 동반자. 프로모션, 졸업식, 인터뷰, 결혼식 방명록, 비즈니스, 추수 감사절/크리스마스/생일 모임에 적합합니다 🎁Parker, Watermen 표준으로 원활하게 쓰고, 필기 경험에 화려함을 더합니다. 남성용 휴대용 EDC 펜, 상담사, 영업 사원, 경찰관, 변호사, 작가, 간호사, 의사, 승무원을 위한 전문가 🎁100% 만족 보장: 만족하지 않으십니까? 저희는 무조건 교환 및 환불을 제공합니다. 저희에게 연락만 주시면 반품하는 번거로움이 없습니다",,"['펜', '잉크', '선물', '블랙', '주머니', '매트', '크리스마스', '휴대', '비즈니스', '슬림']"
사무용품,펜 및 리필,볼펜,,B0CT8QNN2J,"럭셔리 메탈 볼펜 세트, 0.5mm 파인 포인트 비즈니스 롤러볼 펜 블랙 잉크 펜 리필 2개 포함, 팬시 펜 골든 트림 볼펜, 선물 상자 포함 (블랙)",TIESOME,11066,11066,3.2,4.0,"【편안한 고정】무게가 34g이고 길이가 13.8cm/5.4인치인 당사의 금속 롤러볼 펜은 균형 잡힌 구조로 설계되어 장시간 필기 세션 중에도 손목을 피로하게 하지 않습니다. 부드러운 성능으로 모든 스트로크에서 즐거운 필기 경험을 보장합니다. 【부드러운 미세 팁】0.5mm의 섬세한 포인트가 특징인 멋진 필기 펜은 정확하고 선명한 필기를 제공합니다. 메모 작성, 복잡한 선 그리기 또는 작은 공간에서 쓰는 것과 같이 깔끔함과 정확성이 필요한 작업에 이상적입니다. 섬세한 펜촉은 잉크 흐름을 제어하여 종이에 과도한 번짐과 페더링을 방지하면서 부드럽고 쉬운 필기 경험을 제공합니다. 【럭셔리 볼펜 선물 세트】정교한 선물 상자에 담긴 이 럭셔리 볼펜은 생일, 어머니의 날, 아버지의 날, 추수감사절, 크리스마스, 새해 및 기타 특별한 날을 위한 사려 깊은 선물입니다. 11.3cm/4.44인치 크기의 리필 2개가 포함되어 있어 오랜 시간 동안 지속되는 필기 경험을 즐길 수 있습니다. 【내구성 있는 금속 소재】고품질 합금 금속으로 제작된 펜 본체와 리필은 매우 견고하고 오래 지속됩니다. 고급스러운 금속 구조는 펜에 고급스러운 느낌을 줄 뿐만 아니라 매끄럽고 매끄러운 표면을 제공합니다. 편안한 그립과 짝을 이루는 이 비즈니스 펜은 즐거운 필기 경험을 보장하면서 독특한 취향을 보여줍니다. 【간편한 휴대】실용적인 클립 디자인이 특징인 파인 포인트 펜을 사용하면 주머니, 책, 노트북 또는 가방에 안전하게 부착할 수 있습니다. 휴대성이 뛰어나 어디를 가든 편리함을 보장하므로 항상 손끝에서 신뢰할 수 있는 필기 도구를 사용할 수 있습니다.","""-----------------저희 가게에 오신 것을 환영합니다-----------------"" 제품 구성: 0.5mm 럭셔리 볼펜 1개. 블랙 잉크 리필 2개. 사양 펜 13.8×1.1cm/5.43×0.43인치. 리필 11.3cm/4.44인치. 박스 17.5×6.2×2.4cm/6.88×2.44×0.94인치. 소재: 금속+플라스틱 잉크 색상: 블랙/❤ 서비스 고객 만족은 저희에게 매우 중요합니다. 제품이나 서비스에 문제가 있으시면 언제든지 저희에게 연락하십시오.","['펜', '필기', '금속', '볼펜', '리필', '블랙', '럭셔리', '선물', '경험', '잉크']"
사무용품,펜 및 리필,볼펜,,B0CSP9PQZC,"비즈니스 금속 볼펜, 럭셔리 0.5mm 볼펜, 잉크 리필 2개, 트위스트 롤러볼 펜, 손글씨 젤 펜, 동료 가족을 위한 선물 펜(그라데이션 색상)",TIESOME,8420,8420,3.7,7.0,"【트위스트 볼펜】이 금속 볼펜은 꼬인 방식으로 사용되며 사용 중에 완전히 조용합니다. 상체를 돌리면 부드러운 필기 팁을 쉽게 드러낼 수 있습니다. 리필을 교체하는 방법도 더 간단합니다. 리필을 노출시키기 위해 필기 펜의 상단과 하단 부분만 분리하면 되며, 리필을 돌려 교체할 수 있습니다. 【부드러운 미세 팁】당사의 고급 금속 펜은 0.5mm 팁을 자랑하며 적당한 선 너비와 종이에 흠 잡을 데 없는 선명도를 보장합니다. 복잡한 글꼴을 만들거나 우아한 캘리그래피를 만들 때 이 잉크 펜은 편안하고 효율적인 부드러운 필기 경험을 제공하여 필기 작업을 쉽게 만듭니다. 【내구성 있는 소재】금속 볼펜은 펜 본체와 리필 모두 합금 금속으로 만들어졌습니다. 펜 전체가 매우 강하고 내구성이 뛰어나며 쉽게 깨지지 않습니다. 그리고 금속 소재는 볼펜의 고급스러움과 매우 밝고 매끄러운 표면을 제공합니다. 편안한 그립 경험을 제공하는 동시에 고급스러운 외관은 독특한 취향을 반영합니다. 【우아한 펜 선물】사전 장착된 펜 리필과 함께 필기 펜 세트에는 11.7cm/4.6인치 크기의 교체용 블랙 잉크 리필 2개가 포함되어 있어 장시간 필기 경험을 보장합니다. 우아한 선물 상자에 포장된 이 펜은 생일, 어머니의 날, 아버지의 날, 추수감사절, 크리스마스, 새해 및 기타 특별한 날에 완벽한 선물입니다. 【휴대용 및 실용성】실용적인 클립 디자인이 특징인 블랙 잉크 펜은 코트 포켓, 셔츠 포켓, 책, 노트북 또는 가방에 단단히 부착되어 어디를 가든 쉽게 휴대할 수 있습니다. 펜을 잘못 놓을 염려가 없습니다. 언제 어디서나 모든 필기 요구 사항을 충족할 수 있도록 준비하세요.","""-----------------저희 가게에 오신 것을 환영합니다-----------------"" 제품 구성: 금속 비즈니스 볼펜 사양 펜 13.7x0.8cm/5.39x0.31인치. 리필 11.7cm/4.6인치. 박스 17.5x4.2x2.3cm/6.88x1.65x0.9인치. 소재: 합금 잉크 색상: 블랙/❤ 서비스 고객 만족은 저희에게 매우 중요합니다. 제품이나 서비스에 문제가 있으시면 언제든지 저희에게 연락하십시오.","['펜', '리필', '볼펜', '필기', '금속', '잉크', '선물', '우아하다', '부드럽다', '경험']"
사무용품,펜 및 리필,볼펜,,B0C3QG3LV5,"핑크 영감을 주는 인용구 볼피온 펜 스크린 터치 스타일러스 팁 동기 부여 장려 펜 사무실 여성용 파인 포인트 스무스, 블랙 잉크 12개",Fuhgkg,13836,13836,4.7,496.0,"당신을 위한 12개: 패키지에는 12가지 영감을 주는 구절의 핑크 영감을 주는 펜 12개가 포함되어 있으며, 사용, 교체 및 공유 요구 사항을 충족하기에 충분한 양과 스타일이 있습니다. 희망과 격려: 이 핑크 동기 부여 정보 펜은 전면에 영감을 주는 인용문이 인쇄된 금속으로 만들어졌습니다. 일상 생활에서 긍정적인 태도를 유지하도록 상기시켜줍니다. 응원하고 업무 압력을 완화할 수 있습니다. 고품질 소재: 이 포지티브 펜은 주로 금속으로 만들어졌으며 견고하고 오랫동안 사용할 수 있을 만큼 오래 사용할 수 있습니다. 각 개인 필기 펜은 끝에 부드러운 팁이 있어 펜으로 휴대폰 화면을 부드럽게 터치할 수 있습니다. 그립에 적합: 이 핑크 맞춤형 펜의 크기는 약 길이 14.3cm/5.63인치, 약 지름 1cm/0.39인치, 성인과 청소년 모두가 잡고 사용하기에 적합합니다. 적절한 선물 선택: 이 핑크 구절 펜은 주변 사람들에게 격려와 관심을 표현하는 데 사용할 수 있으며 하루 종일 동기를 부여할 수 있습니다. 이 펜의 우아한 외관과 부드러운 잉크로 친구들에게 특별한 경험을 줄 수 있습니다.",,"['펜', '핑크', '영감', '부드럽다', '동기', '격려', '구절', '금속', '잉크', '터치']"
사무용품,펜 및 리필,볼펜,,B08S3QCYDH,"Unibene 슬림 메탈릭 접이식 볼펜 - 매트 블랙, 비즈니스 사무실 학생 교사 결혼식 크리스마스, 미디엄 포인트(1mm) 6팩-블랙 잉크",Unibene,13836,13836,4.4,141.0,"🎁선물: 얇지만 멋진 무게는 균형이 잘 잡혀 있으며, 매트 표면, 경영진, 경찰, 친애하는 친구, 동료 및 사랑하는 사람에게 서명, 그림 및 저널링을 위한 선물로 완벽하고 고급스럽습니다 🎁매일 사용할 수 있는 슬림하고 가벼운 펜으로 지갑이나 주머니에 휴대할 수 있습니다. 트위스트 디자인으로 펜 팁이 주머니에 묻는 것을 방지합니다. 깨끗하고 일관된 잉크, Nerver는 이 세련되고 기능적인 펜으로 칭찬을 받는 것에 지쳤습니다 🎁합리적인 가격의 매우 독특한 외관과 성능, 유니폼 셔츠의 놀라운 동반자. 추진용, 졸업, 인터뷰, 결혼식 방명록, 비즈니스, 추수감사절/크리스마스/생일 동창회에 적합합니다 Parker, Watermen 표준으로 매끄럽게 글쓰기, 글쓰기 경험에 매력을 더합니다. 남성용 휴대용 EDC 펜, 카운슬러, 세일즈맨, 경찰관, 변호사, 카운슬러, 작가, 간호사, 의사, 승무원을 위한 전문가 🎁100% 만족 보장: 만족하지 않으십니까? 저희는 무조건적인 교체 및 환불을 제공합니다. 저희에게 연락하시면 번거롭지 않습니다",,"['펜', '휴대', '카운슬러', '주머니', '글쓰기', '선물', '슬림', '매트', '잉크', '크리스마스']"
사무용품,펜 및 리필,볼펜,,B08S3HBBJF,"Unibene 슬림 메탈릭 접이식 볼펜 - 블랙 잉크-블루 & 블랙, 비즈니스 사무실 학생 교사 결혼식 크리스마스, 미디엄 포인트(1mm) 6팩",Unibene,13836,13836,4.2,212.0,"🎁선물: 얇지만 멋진 무게는 균형이 잘 잡혀 있으며, 매트 표면, 경영진, 경찰, 친애하는 친구, 동료 및 사랑하는 사람에게 서명, 그림 및 저널링을 위한 선물로 완벽하고 고급스럽습니다 🎁매일 사용할 수 있는 슬림하고 가벼운 펜으로 지갑이나 주머니에 휴대할 수 있습니다. 트위스트 디자인으로 펜 팁이 주머니에 묻는 것을 방지합니다. 깨끗하고 일관된 잉크, Nerver는 이 세련되고 기능적인 펜으로 칭찬을 받는 것에 지쳤습니다 🎁합리적인 가격의 매우 독특한 외관과 성능, 유니폼 셔츠의 놀라운 동반자. 추진용, 졸업, 인터뷰, 결혼식 방명록, 비즈니스, 추수감사절/크리스마스/생일 동창회에 적합합니다 Parker, Watermen 표준으로 매끄럽게 글쓰기, 글쓰기 경험에 매력을 더합니다. 남성용 휴대용 EDC 펜, 카운슬러, 세일즈맨, 경찰관, 변호사, 카운슬러, 작가, 간호사, 의사, 승무원을 위한 전문가 🎁100% 만족 보장: 만족하지 않으십니까? 저희는 무조건적인 교체 및 환불을 제공합니다. 저희에게 연락하시면 번거롭지 않습니다",,"['펜', '휴대', '카운슬러', '비즈니스', '선물', '슬림', '잉크', '주머니', '글쓰기', '블랙']"
사무용품,펜 및 리필,볼펜,,B088LV88D9,접이식 볼펜 블랙 잉크 1mm 미디엄 포인트 작업 펜 부드러운 필기 남성 여성 사무실 비즈니스용 (6개 + 리필 3개),MiSiBao,9681,9681,4.3,2505.0,"부드러운 필기 - 미디엄 1.0mm 포인트, 클래식 블랙 펜. 생생하고 신뢰할 수 있는 블랙 잉크 구조로 일상적인 필기 도구입니다. 오래 지속되고 리필 가능한 잉크로 안정적인 필기를 제공하며, 볼의 볼 팁은 매끄럽고 잉크를 쉽게 깨뜨리지 않습니다. 각 패키지에 무료 스페어 리필. 커브 고무 슬리브 디자인 - 올바른 펜 고정 자세를 개발하는 데 도움이 됩니다. 이 인체 공학적 볼펜은 번짐 방지 고급 잉크와 인체 공학적 소프트 그립이 있어 손에 꼭 맞아 몇 시간 동안 편안하게 필기할 수 있습니다. 아이들이 글쓰기를 연습하기에 적합합니다. 접이식 펜 - 학생, 관리자, 작가, 동료, 경찰관, 자신뿐만 아니라 사무실 및 가정 용품에도 완벽한 선물입니다. 편의를 위한 디자인 - 각 볼펜에는 내구성이 뛰어난 금속 실버 클립이 있어 노트북, 바인더 또는 포켓에 쉽게 고정할 수 있어 시그니처 작업과 일상적인 필기 작업을 할 수 있습니다. 마음에 드실 겁니다! 지금 구매해 보세요! - 손상되었거나 만족스럽지 않은 경우 판매자에게 자유롭게 연락하십시오. 무료 교환 또는 전액 환불을 제공합니다! 위험 부담 없음.",무엇이 최고의 선택일까요? 1. 펜 홀더 디자인: 휴대가 간편합니다. 2. 부드러운 필기: 볼의 볼 팁이 매끄럽고 잉크를 쉽게 깨뜨리지 않습니다. 3. 곡선형 고무 슬리브 디자인: 올바른 펜을 잡는 자세를 개발하는 데 도움이 됩니다. 아이들이 글쓰기를 연습하기에 적합합니다. 부드러운 그립이 있어 손에 꼭 맞아 몇 시간 동안 편안하게 쓸 수 있습니다. 사양: 길이: 5.5인치 (140mm) 필기 포인트: 0.045인치 (1mm) 패키지 구성: 볼펜 6팩 이 기회를 놓치지 마세요. 이 입문 오퍼가 끝나기 전에 이 멋진 펜을 구매하세요. 스크롤을 올려 장바구니에 담기를 누르세요!,"['필기', '펜', '잉크', '부드럽다', '볼펜', '디자인', '리필', '작업', '블랙', '포인트']"
사무용품,펜 및 리필,볼펜,,B01CDW497W,"Pilot Precise V7 스틱 롤링 볼펜 파인 포인트, 블랙 잉크, 6팩",PILOT,15650,15650,4.6,947.0,매번 정확하고 깨끗한 라인을 제공하는 정밀 팁 독특한 액체 잉크 포뮬러는 일관된 흐르는 스트로크를 유지하는 데 도움이 됩니다 믿을 수 없을 정도로 매끄럽고 건너뛰지 않는 글 눈에 띄는 잉크 공급으로 잉크가 얼마나 남았는지 확인할 수 있습니다 특허받은 정밀 포인트 기술,"좋은 것과 위대한 사이에 미세한 선이 있으며 그 선은 Pilot Precise V7로 그려집니다. 정밀한 V7 롤링 볼펜은 Pilot의 부드러운 필기 잉크, 프리미엄 메탈 액센트 및 상징적인 외관을 결합하여 고급스럽고 정교한 필기 경험을 제공합니다. Precise V7은 탁월한 필기 성능이 필요한 작가를 위한 것입니다.","['잉크', '필기', '정밀', '포인트', '볼펜', '롤링', '부드럽다', '미세하다', '포뮬러', '메탈']"
사무용품,펜 및 리필,볼펜,,B0BX94M89H,"Cobee® 스타일러스 팁 볼펜, 6피스 1.0mm 접이식 볼펜 미디엄 포인트 부드러운 필기 펜 블랙 잉크 메탈 펜 스타일러스 터치 스크린용 멋진 펜 (블랙)",Cobee,9667,9667,4.4,104.0,"【스타일러스 팁 볼펜】패키지에는 터치 스크린 스타일러스 팁이 있는 블랙 접이식 볼펜 6개가 포함되어 있습니다. 이 귀여운 펜을 사용하여 종이와 휴대폰 또는 태블릿 화면에 메모를 할 수 있습니다. 그립의 이중 링 디자인은 마찰력을 증가시키고 잡을 때 떨어지는 것을 방지합니다. 【부드러운 쓰기】블랙 잉크 볼펜에는 1mm 총알로 구성된 펜촉이 있어 스타일러스 볼펜을 쉽게 쓸 수 있으며 믿을 수 없을 정도로 매끄럽고 강렬한 필기 또는 드로잉 경험을 보장합니다. 대부분의 표면에 부드럽게 쓸 수 있으며 매일 사용하기에 적합합니다. 【고품질】슬림한 펜 바디는 튼튼한 알루미늄으로 만들어져 내구성이 뛰어나고 튼튼합니다. 매트 질감의 배럴 마감으로 멋진 볼펜을 매우 독특하고 고급스럽게 보이게 하며, 펜 본체 내부는 신축성 있는 스프링을 사용하여 모든 프레스가 인덕션을 가질 수 있습니다. 【간편한 휴대】편리한 클립 디자인으로 접이식 볼펜을 책, 노트북 또는 가방에 단단히 고정할 수 있으며 잃어버릴 걱정 없이 휴대가 쉽습니다. 접이식 디자인으로 캡을 부드럽게 누르면 펜 끝이 자동으로 접힙니다. 【섬세한 선물】: 이 필기구 펜은 컨벤션, 무역 박람회, 파티 등에서 방명록 테이블을 위한 완벽한 선물입니다. 학교, 사무실 및 가족용으로 적합합니다.","""----------------- 저희 가게에 오신 것을 환영합니다 -----------------""/포장 목록: 스타일러스 팁이 있는 1.0mm 접이식 볼펜 6개/사이즈: 14.3x1.45 cm/5.63x0.57 in/잉크 색상: 블랙./소재: 알루미늄","['볼펜', '펜', '스타일러스', '블랙', '접이식', '부드럽다', '디자인', '잉크', '필기', '휴대']"
사무용품,펜 및 리필,볼펜,,B00OJBGNY8,"Uni Jetstream 표준 볼펜, 0.5mm, 블랙 잉크, 화이트 바디, 팩당 펜 6개(일본 수입) [Komainu-Dou 오리지널 패키지] Uni-ball",Uni-Ball,10844,10844,4.7,671.0,마찰 저항의 저잉크로 운반됩니다. 볼 직경: 0.5mm 잉크 색상: 블랙 합리적인 팩.,"Uni Jetstream 표준 볼펜, 0.5mm, 블랙 잉크, 화이트 바디, 팩당 펜 6개 (일본 수입)","['잉크', '블랙', '화이트', '표준', '펜', '일본', '수입', '볼펜', '바디', '합리']"
사무용품,펜 및 리필,볼펜,,B0047Z5L9Y,"Tombow Pencil BC-AP20 가압 오일 베이스 볼펜, 에어 프레스, 0.7, 투명",Tombow,9154,9154,4.4,1560.0,"압력 타입 오일 베이스 볼펜: 깨지거나 부서지지 않는 튼튼한 압축 펜 [특징] 빠른 쓰기, 덮어쓰기 및 젖은 종이에 적합합니다 사양: 휴대성을 위한 컴팩트한 사이즈 / 넓은 와이어 클립 / 장갑을 착용했을 때에도 잡기 쉬운 고무 바디 총 길이: 4.8 인치 (122 mm) 무게: 0.5 oz (15 g)","각 노크는 압축 공기를 만들고 잠자리의 독점적인 압력 메커니즘 ""APS (에어 프레스 시스템)으로 주름이나 꼬임 없이 쓸 수 있습니다. 젖은 종이에 위쪽으로 쓰거나, 속도를 내거나, 쓰기에 사용할 수 있습니다. 가압 표시기를 사용하면 노크 압력 메커니즘을 볼 수 있으므로 항상 압력을 확인할 수 있으므로 안심하고 필드에 쓸 수 있습니다. 총 길이 122mm(4.8인치)의 짧은 몸체. 유연성과 강도를 결합한 강력한 와이어 클립.","['압력', '에어', '종이', '노크', '메커니즘', '베이스', '볼펜', '압축', '오일', '와이어']"
사무용품,펜 및 리필,볼펜,,B0D3HGNGPQ,6피스 귀여운 만화 0.5mm 10 in 1 스티치 멀티컬러 볼펜 10가지 색상 만화 접이식 볼펜 파티 선물 펜 어린이 사무실 학교 용품 교사 선물 (펜-10 in 1-스티치),Generic,20747,19362,,,"【최고의 선택】10-in-1 멀티컬러 볼펜 6개가 제공됩니다. 매일 사용하고 친구 및 동료와 공유하기에 충분합니다 【놀라운 효과】스티치 10-in-1 펜은 다양한 색상으로 쓸 수 있습니다. 색상에는 블랙, 레드, 블루, 오렌지, 그린, 퍼플, 핑크, 옐로우, 라이트 블루 및 브라운이 포함되어 있습니다. 학생, 어린이, 사무실 작업자 등을 위한 유용하고 재미있는 선물, 드로잉 아트 프로젝트 및 텍스트 코딩에 적합합니다 【【간편한 사용】0.5mm 펜촉은 매끄럽고 미세한 선을 쓸 수 있으며 잉크가 부드럽게 흐르며 균일한 선으로 손과 종이에 얼룩이 생기지 않습니다. 특별한 분위기로 메모를 할 수 있습니다 【최고의 선물】이 귀여운 스티치 펜은 사무실, 학교, 집에서 사용하기에 적합하며 멋진 파티 선물 또는 선물 가방 스터퍼로 만들 수 있습니다. 모두가 글쓰기를 즐길 수 있으며 모든 연령대의 사람들에게 멋진 용품입니다 【뛰어난 내구성】 스티치 멀티 컬러 볼펜은 포켓 클립이 함께 제공되어 휴대가 쉽고 잃어버릴 염려가 없습니다. 공부와 작업에 이상적이며 자신 있게 사용할 수 있습니다","스티치 멀티컬러 볼펜을 소개합니다. 생생하고 다채로운 문구류를 좋아하는 학교, 학생 및 소녀를 위한 완벽한 필기 동반자입니다. 이 접이식 볼펜 10개 팩은 10가지 멋진 색상 중에서 선택할 수 있습니다. 메모, 낙서 또는 창의적인 프로젝트 작업 시 이 파인 포인트 펜은 매번 부드럽고 정확한 필기를 보장합니다. 여성, 학생 및 어린이의 요구를 충족하도록 설계된 이 펜은 편안한 그립과 세련된 디자인을 제공합니다. 섬세한 팁으로 저널링, 색칠 및 디테일한 아트워크에도 이상적입니다. 스티치 멀티컬러 볼펜은 간호사, 교사 및 고품질 필기구를 소중히 여기는 모든 사람에게 적합합니다. 이 펜은 사랑스러운 스티치 캐릭터를 좋아하는 여성과 소녀에게 훌륭한 선물입니다. 편리한 벌크 팩으로 제공되어 사무용, 학용품 또는 스티치 테마 축하를 위한 파티 선물로 적합합니다. 내구성과 신뢰성을 염두에 두고 제작된 이 펜은 오래 지속되는 성능을 제공합니다. 스티치 멀티컬러 볼펜으로 필기 경험을 업그레이드하세요. 부드러운 필기 기능과 생생한 색상으로 이 펜은 글쓰기의 즐거움을 높이 평가하는 모든 사람에게 꼭 필요한 제품입니다. 그러니 이 환상적인 펜 세트로 삶에 색채를 더하세요.","['스티치', '펜', '볼펜', '선물', '멀티', '컬러', '필기', '부드럽다', '사람', '작업']"
사무용품,펜 및 리필,볼펜,,B0CP92DSDC,Big Pens 팻 펜 가중 펜 - 관절염 및 노인을 위한 향상된 필기 안정성 쉽고 두꺼운 그립 3피스 블루,lyforx,13836,13836,3.8,67.0,"향상된 필기 편의성 경험: 당사의 큰 펜은 일반 펜보다 크고 무겁게 설계되어 더 편안한 그립과 향상된 필기 안정성을 제공합니다. 관절염 및 손 떨림에 이상적: 이 펜은 관절염, 손 떨림 또는 그립력이 약한 사람들에게 적합하며 보다 편안하고 통제된 필기 경험을 제공합니다. 다시는 펜을 잃어버리지 마세요: 눈에 띄는 크기로 인해 큰 펜은 잘못 놓기 어려워 가정, 사무실 및 창고에 훌륭한 추가 아이템입니다. 장갑을 끼고도 쉽게 쓸 수 있습니다: 창고에 있든 장갑이 필요한 다른 환경에 있든, 당사의 큰 펜은 쉽고 부드럽게 쓸 수 있습니다. 고품질 디자인: 디테일에 주의를 기울여 제작된 대형 펜은 탁월한 기능을 제공할 뿐만 아니라 매끄럽고 전문적인 외관을 자랑합니다.","Big Pens 팻 펜 가중 펜으로 글을 쓰는 동안 최고의 편안함과 안정성을 경험하십시오. 이 펜은 보다 안전한 그립과 향상된 필기 안정성을 위해 더 크고 무거운 펜을 선호하는 사람들을 위해 특별히 설계되었습니다. 관절염, 손 떨림 또는 그립력이 약한 사람들에게 이상적인 당사의 큰 펜은 보다 편안하고 통제된 필기 경험을 제공합니다. 추가된 무게와 두꺼운 그립은 손을 안정적으로 유지하여 장시간 필기 세션 동안 부담과 피로를 줄여줍니다. 펜을 잘못 놓을 염려가 없습니다! 눈에 띄는 크기로 눈에 띄고 쉽게 찾을 수 있어 가정, 사무실 및 창고에 훌륭한 추가 아이템입니다. 창고나 보관 시설과 같이 장갑이 필요한 환경에서 작업하고 계십니까? 당사의 큰 펜은 장갑을 착용했을 때에도 쉽게 쓸 수 있도록 특별히 설계되었습니다. 크기와 무게로 다루기 쉽고 조작이 쉬워 부드럽고 끊김 없는 필기 경험을 제공합니다. 고품질 소재로 제작된 대형 펜은 탁월한 기능을 제공할 뿐만 아니라 매끄럽고 전문적인 외관을 자랑합니다. 내구성이 뛰어난 구조로 펜이 오래 지속되도록 하여 모든 필기 요구 사항에 맞는 신뢰할 수 있는 선택입니다. Big Pens 팻 펜 가중 펜으로 필기 경험을 업그레이드하세요. 오늘 차이를 경험하세요!","['펜', '필기', '경험', '안정', '향상', '손', '관절염', '장갑', '창고', '추가']"
사무용품,펜 및 리필,볼펜,,B08RSW882X,"Pilot, Precise V5, 캡핑 리퀴드 잉크 롤링 볼펜, 엑스트라 파인 포인트 0.5mm, 블루/블랙, 8개 팩",PILOT,23254,23254,4.7,1040.0,"부드러운 필기 액체 잉크: 종이에 쉽게 미끄러져 일관된 획과 건너뛰기 없는 필기를 제공하여 깔끔하고 전문적인 문서를 제공합니다 특허받은 정밀 포인트 기술: Pilot의 Precise 펜은 매번 깨끗하고 정확한 선을 제공하는 정밀 팁이 특징이며, 놀라운 디테일로 글쓰기나 창의성에 생명을 불어넣습니다 다용도: 메모를 작성하고 식료품 목록을 적어두기에 적합합니다. 광택이 나고 오류가 없는 글쓰기, 드로잉, 디자인, 스케치 또는 낙서 경험을 위해 부드럽게 쓸 수 있습니다 눈에 띄는 잉크 공급: 투명한 배럴을 사용하면 잉크 잔량을 모니터링할 수 있어 예기치 않게 소모되지 않습니다 펜에 힘: 젤 잉크, 지울 수 있는 롤링 볼, 볼펜, 만년필, 드라이 지우개 마커 등을 포함한 Pilot의 혁신적인 필기 도구 라인으로 쉽게 자신을 표현하세요","Precise 프리미엄 롤링 볼펜으로 항상 지키세요. 매우 매끄럽고 손글씨가 향상되고 정밀한 필기 경험을 위한 비교할 수 없는 성능. Precise는 Pilot의 매우 부드러운 필기 잉크, 프리미엄 메탈 액센트 및 상징적인 외관을 결합하여 진정으로 정교한 필기 경험을 제공합니다. Precise는 탁월한 필기 성능을 즐기는 사람들에게 이상적입니다. 포인트 사이즈: 0.5mm, 포인트 유형: 엑스트라 파인; 잉크 색상: 블랙과 블루; 펜 유형: 롤링 볼; 8개.","['잉크', '필기', '롤링', '포인트', '정밀', '부드럽다', '펜', '경험', '볼펜', '글쓰기']"
사무용품,펜 및 리필,볼펜,,B0D1W1XP8M,"빅 웨이트 팻 펜, 접이식 블루 바디 볼펜, 걸이용 로프 포함, 관절염, 손 통증, 파킨슨, 떨림, 손목 터널 볼펜 및 리필용 대형 와이드 그립 펜",Qintreesify,9681,9681,,,"인체 공학적 디자인: 이 가중 펜은 편안한 필기를 위한 넓고 윤곽이 잡힌 그립이 특징이며, 손의 피로와 피로를 줄여줍니다. 특별한 요구 사항에 이상적: 관절염, 손 통증, 파킨슨병, 떨림 또는 손목 터널 증후군이 있는 사람들을 위해 설계되었습니다. 접이식 볼펜: 부드럽게 흐르는 볼펜은 쉽게 보관하고 휴대할 수 있도록 접을 수 있습니다. 편리한 걸이용 로프: 각 펜에는 쉽게 접근하고 정리할 수 있도록 걸이용 로프가 포함되어 있습니다.","Big Weighted Fat Pens를 소개합니다. 관절염, 손 통증, 파킨슨병, 떨림 또는 손목 터널 증후군이 있는 사람들을 위한 게임 체인저입니다. 이 접이식 볼펜은 넓은 그립과 무게감 있는 디자인을 자랑하며 장시간 필기 세션 중에 탁월한 제어력과 편안함을 제공합니다. 큰 배럴과 부드럽고 질감이 있는 그립은 손가락, 손 및 손목의 부담을 줄여 쉽게 글을 쓸 수 있습니다. 내구성이 뛰어난 블루 바디로 제작되었으며 쉽게 사용할 수 있도록 걸이용 로프가 장착되어 있어 실용적이고 스타일리시합니다. 메모, 양식 작성 또는 단순히 알림을 적어 둘 때 Big Weighted Fat Pens는 부드럽고 쉬운 필기 경험을 제공합니다. 신중하게 디자인된 펜으로 손의 피로에 작별 인사를 하고 글쓰기의 즐거움을 받아들이세요.","['손', '볼펜', '펜', '로프', '이용', '손목', '통증', '터널', '접이식', '관절염']"
사무용품,펜 및 리필,볼펜,,B07VF3LDWP,"4팩 0.7mm 4-in-1 멀티컬러 볼펜, 4가지 색상 접이식 볼펜, 사무실 학교 용품 학생 어린이 선물",favide,6911,6911,4.4,2512.0,"【다양한 색상 잉크】: 블랙, 블루, 레드, 그린이 하나의 볼펜에 들어 있어 메모를 작성하고 플래너의 이벤트를 강조하기에 적합합니다 【쉬운 작동】: 4-in-1 볼펜은 유연한 반응 디자인으로 빠르고 쉽게 전환할 수 있습니다 【부드러운 필기】: 0.7mm 포인트는 일반적인 필기를 위해 멋지고 견고하며 매끄러운 선을 제공합니다 【완벽한 선물】: 고품질 소재로 제작되어 가볍고 접을 수 있어 학생, 어린이, 사무실 근로자 등을 위한 최고의 선물입니다 【제품 구성】: 4팩 접이식 볼펜, 글쓰기, 공부 또는 작업을 위한 멋진 액세서리, 자신이나 기타 특별한 사람을 위한 섬세한 선물 포함","4팩 0.7mm 4-in-1 멀티컬러 볼펜, 4색 접이식 볼펜, 사무실 학교 용품 학생 어린이 선물 특징: 쉬운 사용: 4가지 색상 사이에서 쉽게 전환할 수 있습니다. 펜의 상단 버튼을 눌러 블루, 그린, 레드, 블랙 잉크를 선택하기만 하면 됩니다. 간편한 휴대: 편리한 휴대를 위한 포켓 클립. 부드럽게 쓰기: 0.7mm 포인트는 일반적인 글쓰기를 위한 멋지고 견고하며 매끄러운 선을 제공합니다. 훌륭한 선물: 멋진 블랙 펜 쉘, 자신이나 친구에게 좋은 선물입니다. 사양: 리필 팁 사이즈: 0.7 mm 펜 배럴 길이: 13.7 cm/ 5.39 inch 펜 배럴 직경: 1.3 cm/ 0.51 inch 제품 구성: 볼펜 4개","['볼펜', '선물', '펜', '멋지다', '접이식', '블랙', '어린이', '사무실', '학생', '잉크']"
사무용품,펜 및 리필,볼펜,,B0B8ZFZRJ6,"빅 팻 펜 5개, 블루 추가 리필 10개 포함, 접이식 빅 팻 볼펜 레드 바디 펜, 떨림, 관절염, 파킨슨용 걸이용 로프 손글씨 보조 도구 포함 (블랙)",Tenare,13836,13836,4.3,403.0,"다용도: 큰 팻 펜은 집, 학교, 사무실과 같은 다양한 경우에 쓰기, 스케치, 메모 및 드로잉에 사용할 수 있어 언제 어디서나 휴대할 수 있습니다. 가족, 친구, 선생님, 동료 등을 위한 유용한 선물입니다. 사려 깊은 디자인: 팻 웨이트 펜은 잡기 쉽고 잡기 편안합니다. 미끄럼 방지 고무 디자인으로 이동성 장애가 있는 개인 및 관절염, 손 통증 등이 있는 사람들에게 적합합니다 로프 포함: 무거운 무거운 펜의 걸이용 로프는 핸드백, 서류 가방, 벨트 등에 편리하게 부착할 수 있습니다. 펜을 팔에 닿는 곳에 보관하고 필요할 때 언제든지 사용할 수 있습니다 크기: 각 펜의 무게는 약 30g이며, 크고 무거운 펜은 길이 13.2cm/5.2인치, 너비 2.6cm/1인치로 가방과 주머니에 넣기에 적합하며 많은 공간을 차지하지 않습니다. 충분한 수량과 밝은 색상: 파란색 잉크가 있는 10개의 추가 리필이 있는 접이식 빅 팻 펜 5개가 제공됩니다. 일상적인 사용 요구 사항을 충족하며 눈에 띄는 외관 덕분에 쉽게 찾을 수 있습니다",,"['펜', '팻', '빅', '무겁다', '로프', '추가', '이용', '리필', '잡기', '접이식']"
사무용품,펜 및 리필,볼펜,,B00LZPTK7S,"Parker 갤럭시 롤러 볼펜 - 블루 바디, 블루 잉크",Parker,29085,29085,3.8,529.0,,,"['블루', '잉크', '볼펜', '바디', '롤러', '갤럭시']"
사무용품,펜 및 리필,볼펜,,B00M747820,Pentel Blue Superb 볼펜 볼펜 0.7mm 펜촉 팁 0.25mm 라인 너비 미세 라인 리필 가능한 잉크 BK77 (6팩),Pentel,12437,12437,4.4,347.0,"0,25mm 라인을 생산하는 0,7mm 팁으로 우수한 품질의 펜텔 뛰어난 볼펜 범위 오일 베이스 잉크, 슬림라인 배럴 및 캡 제거 시 청소되는 펜 팁이 특징인 오리지널 볼펜 단기 및 메모에 탁월합니다 1, 3, 6, 12 및 다양한 팩으로 3가지 색상 (블랙, 블루, 레드) 선택 가능 모든 제품을 보시려면 매장을 참조하십시오","0,25mm 라인을 생산하는 0,7mm 팁으로 우수한 품질의 펜텔 뛰어난 볼펜 범위. 오일 베이스 잉크, 슬림라인 배럴 및 캡을 제거할 때마다 청소되는 펜 팁이 특징인 오리지널 볼펜. 단기 및 메모에 탁월합니다. 1, 3, 6, 12 및 다양한 팩으로 3가지 색상 (블랙, 블루, 레드) 범위에서 제공됩니다. 모든 제품을 보시려면 매장을 참조하십시오","['볼펜', '라인', '범위', '잉크', '펜텔', '블루', '단기', '레드', '매장', '메모']"
사무용품,펜 및 리필,볼펜,,B0CLPSYP5S,"24K 골드 트림이 있는 멋진 볼펜, 리필 포함 스위스 팁 포인트, 남성 여성을 위한 럭셔리 볼펜 선물 세트, Chirtmas 드로잉을 위한 멋진 필기 펜, 블랙",Urhomefull,27686,27686,4.5,35.0,"손에 든 독특한 펜: 진짜 24캐럿 금으로 마감된 제트 블랙 래커가 있는 단단한 황동으로 우아하고 세련된 볼펜으로 글을 쓸 때 실질적이고 고급스러운 느낌을 줍니다. 롤러볼 펜은 항상 금속 광택을 유지하고 마모의 흔적이 없습니다 부드럽게 쓰는 잉크 교체: 추가 잉크 리필 2개(블랙 1개, 블루 1개), 미국 잉크 스위스 팁 포인트 0.5mm로 부드럽게 글씨를 쓸 수 있습니다. 잉크가 새거나 번지지 않도록 테스트를 거쳤으며 젤 잉크 펜에 탁월한 필기 동작을 제공하며 잉크가 빠르게 건조됩니다. 매일 필기 경험을 즐기세요 훌륭하게 제작된 디자인: 아름다운 복고풍 패턴으로 덮인 매끄럽고 미니멀한 바디 스타일은 놀랍습니다. 마름모 펜 그립 디자인으로 마찰력을 높여 뭉치를 더 오래 쓸 수 있습니다. 글쓰기의 편안함을 위해 완벽한 무게와 균형이 잡혀 있습니다. 매일 글을 쓰는 것을 좋아하는 사람들을 위해 설계된 고급 펜입니다 완벽한 선물: 저희 볼펜은 정교한 상자에 담겨 제공되어 동료 악마 선생님, 작가 및 사랑하는 사람, 사무실 경영진 비즈니스 전문가에게 적합한 선물이 됩니다. 팬시 펜은 축제, 어머니, 아버지, 스승의 날 선물, 생일, 졸업식, 크리스마스 선물을 위한 최고의 선물 펜입니다 안심하고 구매하세요: 신뢰할 수 있는 판매자로서, 저희는 제품의 품질을 잘 알고 있으며 귀하가 최선의 선택을 하기를 바랍니다. 저희는 항상 우수한 고객 서비스를 제공하기 위해 최선을 다하고 있습니다. 귀하의 신뢰와 사업은 우리에게 매우 중요합니다","정교한 선물 상자 Urhomefull 볼펜 세트는 생일, 기념일, 크리스마스 및 모든 행사에 적합합니다. 제품 구성: ✔️ 블랙 리필이 있는 볼펜 1개 ✔️ 추가 리필 2개(블랙 1개, 블루 1개) ✔️ 선물 상자 1개","['펜', '선물', '잉크', '볼펜', '블랙', '리필', '필기', '상자', '블루', '디자인']"
사무용품,펜 및 리필,볼펜,,B09HSJ5XZ4,"10팩, 펜 절약 볼펜 리필, 몽블랑 트위스트 스타일 볼펜과 호환, 미디엄 포인트(벌크 팩) (모듬)",Pen Savings,27630,27630,4.4,155.0,"프리미엄 볼펜 리필: 볼펜 리필 밸류 팩은 10개의 프리미엄 표준 잉크 리필이 특징입니다. 이 리필은 볼펜에만 호환됩니다. 전체 크기 - 길이 100mm(3 7/8인치). 캡을 켜고 끌 수 있는 롤러볼 펜과 호환되지 않습니다. 부드러운 잉크 리필: 저희 펜 잉크는 고품질 필기 성능을 제공하기 위해 특별히 제작되었습니다. 잉크는 독일에서 만들어졌으며 마찰이 없는 흐름을 제공하도록 설계되었습니다. 각 리필에는 보호 고무 팁이 있어 보관 중에 볼이 마르거나 손상되지 않습니다 품질: 리필은 니켈 도금 튜브로 만들어졌으며 스위스 제작 팁을 사용합니다. 스위스 제작 팁은 정밀한 엔지니어링으로 디자인 및 제작되었습니다. 포장: 저희 펜 리필은 깨짐 방지, 재사용 가능한 플라스틱 튜브에 포장됩니다. 이렇게 하면 운송 중에 리필이 부서지는 것을 방지합니다 정확한 리필: 펜 리필은 모두에게 맞는 프리 사이즈가 아닙니다. 각 제조업체는 다양한 스타일의 펜과 다양한 스타일의 리필을 만듭니다. 현재 리필의 모양과 크기를 확인하여 필요한 리필인지 확인하십시오",,"['리필', '펜', '볼펜', '잉크', '제작', '호환', '스타일', '스위스', '방지', '튜브']"
사무용품,펜 및 리필,볼펜,,B08N62G6MR,"볼펜 필기용 펜, 8팩(5개+리필 3개) 스타일러스 팁 1mm 미디엄 포인트 펜 블랙 잉크 펜 스타일러스 펜 아이패드용",MiSiBao,10512,12312,4.5,1573.0,"부드러운 필기 - 미디엄 1.0mm 포인트, 클래식 블랙 펜. 생생하고 신뢰할 수 있는 블랙 잉크 구조로 일상적인 필기 도구입니다. 오래 지속되고 리필 가능한 잉크로 안정적인 필기를 제공하며, 볼의 볼 팁은 매끄럽고 잉크를 쉽게 깨뜨리지 않습니다. 커브 고무 슬리브 디자인 - 올바른 펜 고정 자세를 개발하는 데 도움이 됩니다. 이 인체 공학적 볼펜은 번짐 방지 고급 잉크와 인체 공학적 소프트 그립이 있어 손에 꼭 맞아 몇 시간 동안 편안하게 필기할 수 있습니다. 아이들이 글쓰기를 연습하기에 적합합니다. 터치 스크린 스타일러스 펜 - 손으로 쓴 메모를 작성하거나 터치 스크린 장치를 따라 사용할 수 있는 멋진 펜입니다. 편의를 위한 디자인 - 각 볼펜에는 내구성이 뛰어난 금속 실버 클립이 있어 노트북, 바인더 또는 포켓에 쉽게 고정할 수 있어 시그니처 작업과 일상적인 필기 작업을 할 수 있습니다. 마음에 드실 겁니다! 지금 구매해 보세요! - 손상되었거나 만족스럽지 않은 경우 판매자에게 자유롭게 연락하십시오. 무료 교환 또는 전액 환불을 제공합니다! 위험 부담 없음.",무엇이 최고의 선택일까요? 1. 펜 홀더 디자인: 휴대가 간편합니다. 2. 부드러운 필기: 볼의 볼 팁이 매끄럽고 잉크를 쉽게 깨뜨리지 않습니다. 3. 곡선형 고무 슬리브 디자인: 올바른 펜을 잡는 자세를 개발하는 데 도움이 됩니다. 아이들이 글쓰기를 연습하기에 적합합니다. 부드러운 그립이 있어 손에 꼭 맞아 몇 시간 동안 편안하게 쓸 수 있습니다. 사양: 길이: 5.5인치 (140mm) 필기 포인트: 1MM 미디엄 포인트 이 기회를 놓치지 마세요. 이 입문 오퍼가 끝나기 전에 이 멋진 펜을 구매하세요. 스크롤을 올려 장바구니에 담기를 누르세요!,"['펜', '필기', '잉크', '디자인', '포인트', '부드럽다', '스타일러스', '블랙', '미디엄', '손']"
사무용품,펜 및 리필,볼펜,,B00M747UW8,"Pentel BK77 레드 수퍼브(Red Superb) 볼펜 0.7mm, 펜촉 팁 0.25mm, 라인 너비 미세 라인, 리필 가능한 잉크, 6개입",Pentel,11066,11066,4.6,101.0,"0,7mm 팁이 있는 우수한 품질의 펜텔 최고의 볼펜 범위 0,25mm 라인 생산 오리지널 볼펜은 오일 베이스 잉크, 슬림라인 배럴 & 펜 끝이 제거될 때마다 청소됩니다. 짧고 메모를 찍기에 좋습니다. 3가지 색상 (블랙, 블루 & 레드) 1, 3, 6, 12개 및 다양한 팩 전체 범위는 스토어를 확인하세요.","0,7mm 팁이 있는 우수한 품질의 펜텔 최고의 볼펜 범위는 0,25mm 라인을 생산합니다. 오리지널 볼펜은 오일 베이스 잉크, 슬림라인 배럴 & 펜 끝이 제거될 때마다 청소됩니다. 짧은 및 메모에 탁월합니다. 3가지 색상 (블랙, 블루, 레드) 1개, 3, 6, 12개 및 모듬. 전체 범위는 스토어를 확인하세요.","['볼펜', '라인', '범위', '레드', '잉크', '펜텔', '오일', '메모', '베이스', '블랙']"
사무용품,펜 및 리필,볼펜,,B00OA6WKVM,"BIC Glide Exact 접이식 볼펜, 파인 포인트 (0.7mm), 블루, 깔끔한 필기를 위한 정밀한 선, 3개입",BIC,11066,11066,4.7,2122.0,깔끔한 필기를 위한 정확하고 정확한 선. 전체 그립 영역으로 제어력과 편안함을 더했습니다. BIC 가장 매끄러운 잉크. 매끄럽고 전문적인 매끄러운 클릭 접이식 볼펜. 미디엄 포인트와 편안한 그립으로도 제공됩니다.,BIC 아틀란티스 이그젝트 리트랙터블 볼펜은 글을 쓰는 동안 훌륭한 제어를 위한 전체 길이 그립이 특징입니다. 펜은 리필이 가능하며 깔끔하고 깨끗한 시야를 위해 정확하고 정확한 라인을 제공합니다.,"['정확하다', '매끄럽다', '볼펜', '깔끔하다', '제어', '포인트', '필기', '전체', '접이식', '미디엄']"
사무용품,펜 및 리필,볼펜,,B0CJHKR4D2,12피스 만화 볼펜 애니메이션 젤 잉크 펜 블랙 0.5mm 멜로디 키티 선물 귀여운 카와이 학교 용품 세트 어린이 십대 소녀 학생용,LokDra,13836,13836,4.5,303.0,"【카와이 펜】그립은 부드럽고 편안한 촉감을 제공하여 각 볼펜을 쉽게 잡을 수 있습니다. 【애니메이션 펜】이 키티 펜은 주로 PVC로 만들어졌으며 견고하며 섬세한 외관으로 오랫동안 사용할 수 있을 만큼 튼튼합니다. 【귀여운 펜】패키지에는 카와이 멜로디 디자인 블랙 잉크 펜 12팩이 포함되어 있습니다. 카와이 학용품: 글쓰기, 일기, 메모, 밑줄, 스케치 등에 이상적입니다. 【서비스】질문이 있으시면 언제든지 저희에게 연락하십시오.",,"['펜', '카와이', '키티', '블랙', '잉크', '볼펜', '멜로디', '애니메이션', '귀엽다']"
사무용품,펜 및 리필,볼펜,,B002H9W9N8,"Uni 볼펜, 블랙 잉크, 방수 (UB155.24)",uni,6218,6218,4.4,78.0,Uni 볼펜 Uni -공 UB150.24,"Uni 볼펜 유니볼, 블랙 잉크, 방수","['볼펜', '잉크', '블랙', '방수', '유니']"
사무용품,펜 및 리필,볼펜,,B0CSYJS7ZN,"HSK 럭셔리 선물용 펜 볼펜 블랙 리필, 클래식 레트로 스타일 펜, 남성 및 여성 전문 경영진, 사무실을 위한 최고의 볼펜 선물 세트, 멋진 펜, 고급스러운 선물 상자 (레드)",HSK,13836,13836,4.0,2.0,"★완벽한 선물: 저희 펜은 정교한 선물 상자에 포장되어 친척, 친구 및 비즈니스 파트너에게 완벽한 선물입니다. ★오래 사용할 수 있도록 제작: 저희 펜은 튼튼한 스틸 파이프와 다층 베이킹 페인트로 만들어져 내구성과 수명을 보장합니다. 부드럽고 연속적인 필기를 위해 텍스트를 장기간 보존합니다. 38g 및 14.4cm/5.67인치로 완벽한 무게와 편안한 사용을 위한 크기입니다. ★부드러운 글쓰기: 0.5mm 중간 포인트와 고품질 블랙 잉크로 텍스트를 장기간 보존하는 부드럽고 지속적인 필기 경험을 제공합니다. ★클래식 디자인: 저희 펜의 클래식하고 복고풍 디자인은 매력과 세련미를 발산하여 깊은 인상을 줄 영적인 즐거움을 제공합니다. ★완벽한 포장: 펜 1개, 펜 가방 1개, 펜 리필 1팩(펜 리필 5개), 정교한 선물 상자 1개를 한 패키지에 드립니다. ★만족 보장: 저희는 100% 만족 보장으로 제품을 지지하며 모든 고객에게 세심한 서비스를 제공하여 안심하고 구매할 수 있습니다.","1. 제품 설명: ★이 정교한 선물 상자 볼펜 세트는 귀중한 직원에게 이상적인 선물이며 도움이 됩니다. 동료 또는 사랑하는 사람들. ★클래식한 스타일의 디자인으로 전체 나뭇가지가 클래식하고 복고풍의 매력으로 가득 차 있습니다. 주인이 영적인 즐거움을 누릴 수 있도록 합니다. ★이 펜은 강한 그립을 위한 질감 있는 손잡이가 있습니다. 균형 감각이 있고 무겁습니다. 볼 팁의 매끄럽고 깨끗한 라인에 무게가 적혀 있습니다. ★펜은 풀아웃 스타일을 채택하여 시간을 절약하고 사용하기 편리합니다. 2. 사용 시나리오: ★학생들이 공부할 때 글쓰기에 사용할 수 있습니다. ★비즈니스맨이 사무실에서 글을 쓸 수 있습니다. ★친척, 친구 또는 파트너에게 절묘한 선물로 선물할 수 있습니다. 3. 제품 정보: ★펜 무게: 38g, 펜 길이: 14.4cm/5.67인치, 내장 강관, 다층 베이킹 페인트. 용도: 커버 풀링 타입. ★고품질 잉크를 사용하여 펜이 모든 유형의 용지에 부드럽게 미끄러질 수 있습니다. ★잉크 색상을 현지 문구점에서 리필로 교체할 수 있습니다. ★패키지: 펜 1개, 펜 가방 1개, 펜 리필 1팩(펜 리필 5개), 정교한 1개를 드립니다. 한 패키지에 선물 상자. 4. 완벽한 서비스: ★저희는 100% 반품을 약속하며, 고객 만족은 저희의 사업 목적, 대담하고 확실한 구매입니다. 저희는 모든 고객에게 세심한 서비스를 제공할 것입니다.","['펜', '선물', '리필', '완벽하다', '상자', '클래식', '정교하다', '부드럽다', '잉크', '디자인']"
사무용품,펜 및 리필,볼펜,,B01MZDULF6,"PILOT Frixion 4색 볼펜, 핑크 바디 (LKFB-80EF-P)",Pilot,20775,9902,4.4,2186.0,"Pilot Frixion 젤 잉크 볼펜 4가지 색상 (블랙, 레드, 블루, 그린) 슬라이드 레버 유형","프릭션 볼 4 시리즈에 새로운 밝은 색상이 나타납니다. 하나의 펜 본체에 4가지 색상의 Pilot Frixion 지울 수 있는 젤 잉크를 즐길 수 있습니다. 마법처럼 펜 상단에 내장된 고무로 문지르면 열에 민감한 잉크가 보이지 않습니다. 또한 지우개와 달리 잔여물이 빠지지 않습니다. 같은 곳에 여러 번 쓸 수 있습니다. ※사라지지 않는 문서에는 사용하지 마십시오. (인증서, 주소 등)","['잉크', '볼펜', '펜', '핑크', '그린', '내장', '레드', '레버', '마법', '문서']"
사무용품,펜 및 리필,볼펜,,B00KM7NQUW,Parker 45 갤럭시 리프레시 레드 배럴 볼펜 / 블루 잉크가 있는 볼 포인트 골드 트림 바디,Parker,16606,16606,5.0,2.0,,(배송 중에 펜을 고정하기 위해 프리젠테이션 박스에만 제공됩니다) Parker의 새로운 디자인은 실험하고 승리를 좋아하는 젊은 지망자를 위한 것입니다. ? 새로운 슬림 디자인. ? 상단에 반짝이는 후드로 장식되어 있습니다. ? 프리미엄 룩을 위한 금 도금 트림. ? 클래식한 플라스틱 마감 배럴이 있는 스테인리스 스틸 캡. ? 퀸크 플로우 리필 장착 볼펜 0.8F (블루 잉크),"['새롭다', '블루', '볼펜', '잉크', '디자인', '트림', '리필', '상단', '박스', '바디']"
사무용품,펜 및 리필,볼펜,,B07FMWJ7XC,"Unibene 슬림 스테인리스 스틸 접이식 볼펜, 비즈니스 사무실 학생 교사 결혼식 크리스마스, 미디엄 포인트(1mm) 6팩-블랙 잉크",Unibene,13836,13836,4.5,454.0,"🎁선물: 얇지만 멋진 무게는 균형이 잘 잡혀 있으며, 새틴 니켈 실버의 에이스 마감으로 경영진, 경찰, 친애하는 친구, 동료 및 사랑하는 사람에게 서명, 드로잉 및 저널링을 위한 선물로 완벽하고 고급스러운 제품입니다 🎁매일 사용할 수 있는 슬림하고 가벼운 펜으로 지갑이나 주머니에 휴대할 수 있습니다. 트위스트 디자인으로 펜 팁이 주머니에 묻는 것을 방지합니다. 깨끗하고 일관된 잉크, Nerver는 이 세련되고 기능적인 펜으로 칭찬을 받는 것에 지쳤습니다 🎁합리적인 가격의 매우 독특한 외관과 성능, 유니폼 셔츠의 놀라운 동반자. 추진용, 졸업, 인터뷰, 결혼식 방명록, 비즈니스, 추수감사절/크리스마스/생일 동창회에 적합합니다 Parker, Watermen 표준으로 매끄럽게 글쓰기, 글쓰기 경험에 매력을 더합니다. 남성용 휴대용 EDC 펜, 카운슬러, 세일즈맨, 경찰관, 변호사, 카운슬러, 작가, 간호사, 의사, 승무원을 위한 전문가 🎁 100% 만족 보장: 만족하지 않으십니까? 저희는 무조건적인 교체 및 환불을 제공합니다. 저희에게 연락하시면 번거롭지 않습니다",,"['펜', '휴대', '카운슬러', '비즈니스', '잉크', '슬림', '주머니', '선물', '글쓰기', '크리스마스']"
사무용품,펜 및 리필,볼펜,,B001W0Y60M,"Zebra Z-Grip MAX 볼펜, 접이식 가능, 미디엄 1mm, 레드 잉크, 실버 배럴, 12/팩",Zebra,16869,16869,4.5,1076.0,"쉽게 미끄러지는 잉크로 건너뛰지 않고 글쓰기와 최고의 성능을 제공합니다. 넓고 편안한 배럴과 그립이 있어 멋진 인체 공학적 경험을 제공합니다. 고무 그립과 잉크 색상과 조화를 이루는 접이식 펜 버튼 색상으로 독특하게 디자인되었습니다. 대형 실버 배럴은 매우 매끄럽고 쉽게 미끄러지는 잉크의 광택 성능을 보완합니다. 편리한 금속 클립을 사용하면 노트북, 저널, 플래너 또는 포켓에 추가하여 쉽게 운반할 수 있습니다.","손을 쉬게 하세요. Zebra® 펜의 Z-Grip MAX 리트랙터블 볼펜은 메모를 작성하고 긴 필기 세션을 편안하게 견딜 수 있도록 도와줍니다. 이지 글라이드 잉크는 건너뛰기 없는 필기 경험을 의미합니다. 비용 효율적이고 신뢰할 수 있는 접이식 펜으로 사무실 펜을 업그레이드하세요. 가정, 학교 및 사무실에서 최고의 성능을 제공합니다. 더 넓은 배럴이 있어 잡기 쉽고 작가의 경련으로 이어지는 압력을 줄여줍니다. 부드러운 고무 그립과 플런지는 잉크 색상과 일치하므로 필요한 펜을 한 눈에 찾을 수 있습니다. 멋진 인체 공학적 경험을 즐기세요. 경제적이고 신뢰할 수 있는 풍부한 잉크로 회의록, 숙제, 메모 작성 등을 위한 신뢰할 수 있는 선택입니다. 금속 클립은 노트북, 저널 및 주머니에 안전한 걸쇠를 제공합니다. 실버 배럴은 신뢰할 수 있는 볼펜을 이그제큐티브 스타일로 높여줍니다.","['잉크', '펜', '신뢰', '성능', '볼펜', '접이식', '경험', '실버', '메모', '작성']"
사무용품,펜 및 리필,볼펜,,B0CH9YN87L,"폼폼 볼펜 4팩 하트 모양 푹신한 펜 여아용 푹신한 펜 다채로운 퍼지 펜 볼펜 학교, 사무실 및 파티 용품",SBYURE,12451,12451,4.8,6.0,"핑크, 퍼플, 옐로우, 그린의 4가지 생생한 색상의 귀엽고 푹신한 펜 4팩을 받게 됩니다. 이 폼폼 펜은 문구 컬렉션에 귀여움을 더하는 데 적합합니다. 푹신한 펜의 길이는 약 22.1cm(8.75인치)이며 크고 부드러운 하트 모양의 폼폼 볼은 8.9cm(3.5인치)입니다. 하트 모양 디자인은 펜에 독특함을 더하여 재미있고 세련된 선택입니다. 이 폼폼 펜의 잉크 색상은 파란색이며 미세한 점은 0.5mm입니다. 내구성이 뛰어난 플라스틱으로 만들어져 부드럽고 신뢰할 수 있는 필기 경험을 보장합니다. 이 펜은 귀여울 뿐만 아니라 학교, 사무실 및 파티 용품에 적합한 기능성 문구 액세서리이기도 합니다. 이 사랑스러운 폼폼 펜은 일상적인 메모, 드로잉, 낙서 등에 적합합니다. 생생한 색상과 부드러운 글씨로 글쓰기 경험에 기쁨과 창의성을 선사합니다. 또한 학생, 친구 또는 생일, 크리스마스 및 할로윈 장식으로 훌륭한 선물이 됩니다. 귀여운 퍼지 펜은 기능적인 필기 도구일 뿐만 아니라 다기능 패션 스타일로 독특한 책상 장식으로도 사용할 수 있습니다. 잉크가 고르게 흐르며 선명하고 대담한 잔주름을 보장하여 즐거운 필기 경험을 제공합니다. 이 즐거운 폼폼 펜으로 자신을 표현하고 글을 쓰는 동안 멋진 분위기를 조성하세요.",,"['펜', '폼폼', '푹신하다', '경험', '부드럽다', '하트', '필기', '생생하다', '볼펜', '보장']"
사무용품,펜 및 리필,볼펜,,B01KU9JMOA,"Paper Mate 1960662 프로파일 볼펜 리트랙터블 펜, 다양한 잉크, 볼드, 8/세트",Paper Mate,17714,12520,4.7,241.0,"8/세트로 판매됩니다. 매우 부드러운 필기 시스템과 매우 부드럽고 편안한 그립. 쉽게 미끄러지는 느낌과 번짐 방지, 빠른 건조 잉크. 잉크는 배럴 색상과 일치합니다. 다양한 색상의 배럴.","Paper Mate Profile 접이식 볼펜으로 부드럽고 쉽게 필기할 수 있습니다. 대담한 잉크는 빠르게 건조되어 얼룩을 줄여 깔끔하고 깨끗한 필기를 할 수 있으며, 클릭 어드밴스 접이식 팁은 주머니와 지갑을 보호합니다. 부드럽게 흐르는 잉크와 부드러운 윤곽 그립으로 장시간 필기 중에도 편안함을 유지합니다. 포인트 사이즈: 1.4mm, 포인트 유형: 볼드; 잉크 색상: 모듬; 잉크 색상 모음: 검정; 파랑; 녹색; 마젠타; 오렌지; 보라색; 빨강; 터키석.","['잉크', '부드럽다', '필기', '접이식', '볼드', '볼펜', '빠르다', '건조', '포인트']"
사무용품,펜 및 리필,볼펜,,B0D3S17CVV,"스타일러스 팁이 있는 2-in-1 금속 접이식 볼펜 8팩 (블랙) 터치스크린 아이폰, 태블릿, 노트북 및 기타 정전식 장치를 위한 훌륭한 펜. 1.0mm 블랙 잉크",FareCo,8296,8296,5.0,2.0,"8 펜 팩 (수량): 매끄러운 필기와 터치 스크린 탐색을 위한 스타일러스 팁이 있는 다용도 볼펜 블랙 잉크. 터치 스크린 장치를 위한 훌륭한 컴퓨터 스타일러스 펜. 부드러운 글쓰기: 고품질 블랙 잉크 펜은 부드럽고 일관된 필기 경험을 제공합니다. 비즈니스 펜, 시그니처 펜 및 웨이트리스용 서버 펜으로 사용하기에 좋습니다. 정밀한 터치 스크린 제어: 훌륭한 터치스크린 펜입니다. 일체형 스타일러스 팁으로 스마트폰, 태블릿, 아이패드 및 기타 터치스크린 장치에서 정확한 탐색이 가능합니다. 컴팩트한 디자인: 스타일러스 팁이 있는 매끄럽고 휴대용 잉크 펜은 주머니나 가방에 쉽게 넣을 수 있어 이동 중에도 사용할 수 있습니다. 업무와 비즈니스를 위한 훌륭한 금속 볼펜입니다. 내구성 있는 구조: 이 멋진 펜은 일상적인 사용과 여행을 견딜 수 있도록 튼튼한 소재로 제작되었습니다. 멋진 작업용 펜, 선물용 펜, cna 펜 및 방명록용 웨딩 펜.",,"['펜', '스타일러스', '훌륭하다', '블랙', '잉크', '터치', '스크린', '터치스크린', '볼펜', '태블릿']"
사무용품,펜 및 리필,볼펜,,B004UN86NQ,"UNV15511 - 범용 컴포트 그립 볼펜 접이식 펜, 블루",Universal,9944,9944,4.4,66.0,12개로 판매됩니다. 방수 잉크. 접이식 가능. 블루 잉크. 리필 불가 고무 배럴. 1년 제조업체 제한 .,"Universal™ Retractable Ballpoint Pen features a rubberized barrel with ringed, no-slip grip that’s easy to hold. The stable and rubberized barrel provides exceptional comfort and a secure grip for precision writing. The quick-drying, water-resistant ink won't smear or run, keeping your documents safe and legible. The retractable pen protects pockets and purses by keeping ink inside the pen when closed.","['접이식', '잉크', '블루', '컴포트', '펜', '판매', '제한', '볼펜', '범용', '방수']"
사무용품,펜 및 리필,볼펜,,B017M5U7SU,"PILOT Dr. Grip 반투명 리필 가능 & 접이식 볼펜, 미디엄 포인트, 퍼플 배럴, 블랙 잉크, 싱글 펜 (36250)",PILOT,13157,12257,4.6,6518.0,"PILOT DR. 그립: 이 부드러운 필기 인체 공학적 볼펜은 번짐 방지 고급 잉크와 인체 공학적이고 라텍스 프리 쿠션 그립이 있는 넓은 배럴이 있어 필기 스트레스를 줄여줍니다. 인체 공학적 펜: 관절염 재단에서 사용하기 쉬운 것으로 칭찬받은 Pilot's Dr. 그립 볼펜은 중간 및 가는 포인트로 제공되며 블루, 블랙 또는 레드 얼룩 방지 잉크로 제공됩니다. 편안한 글쓰기를 위한 처방전: Pilot Dr. 볼펜을 잡고, Dr. 반투명 다기능, 퓨어 화이트, 풀블랙 접이식 볼펜 포함 그립 라인! 신뢰할 수 있는 품질: 당사는 100년 이상 펜을 제작해왔습니다. 필기하거나 학교 또는 사무용품을 비축하거나 불렛 저널에 글을 쓸 때 Pilot은 완벽한 펜을 제공합니다! 펜에 힘: Pilot은 모든 필요에 맞는 탁월한 필기구를 만듭니다. 모든 필기 스타일에 맞는 분수, 볼펜, 접이식 및 지울 수 있는 젤 잉크 펜, 화이트보드 마커 등을 갖추고 있습니다.","The Pilot Dr. Grip 반투명 접이식 볼펜은 세련되게 디자인된 가벼운 배럴로 놀라운 필기감을 제공합니다. 접이식 펜에는 리필 가능한 볼펜 잉크가 있어 모든 필기 요구 사항을 충족할 수 있습니다. 이 펜은 가볍고 바람이 잘 통하는 파스텔 배럴 색상과 어울리는 그립과 내부에 매우 부드러운 필기 고급 블랙 잉크가 있습니다. 라텍스 프리 고무로 만든 넓은 윤곽 그립은 실제로 필요한 그립 노력을 줄여 스트레스를 완화하고 필기 피로를 완화합니다. 분실할 캡이 없으므로 고품질 볼펜뿐만 아니라 완벽한 필기를 위해 자신 있게 신뢰할 수 있는 편리한 볼펜입니다. 학생, 사무실 근로자 또는 글을 많이 쓰는 모든 사람에게 적합합니다. 매우 편안하게 사용할 수 있어 관절염 재단에서 사용하기 쉽다는 칭찬을 받았습니다. Pilot Dr. 그립 펜 - 부드러운 필기를 위한 처방전!","['필기', '볼펜', '펜', '잉크', '접이식', '블랙', '인체공학적', '부드럽다', '반투명']"
사무용품,펜 및 리필,볼펜,,B07Z1VS6HG,"Gullor 5PCS 다이아몬드 볼 리트랙터블 볼펜, 블링 메탈 볼펜, 멀티컬러",Gullor,13836,13836,4.5,157.0,"잡기 편하고, 검은색 잉크로 손글씨를 쉽게 쓸 수 있고, 크리스마스, 결혼식, 생일 등을 위한 훌륭한 선물입니다. 사랑스러운 다이아몬드 볼의 독특한 디자인, 화려한 금속 볼펜 위에 부착되어 있습니다. 사랑스럽습니다. 가볍고 슬림한 고품질 메탈 쉴드 펜을 긁힘으로부터 보호합니다. 사이즈: 14.1 x 0.9 cm/5.55 x 0.35 인치. 진화시켜 펜을 열면 블랙 잉크로 부드럽게 쓸 수 있으며 마른 부분이 남지 않습니다. 패키지: 사진과 같이 다른 색상의 볼펜 5개.","잡기 편하고, 블랙 잉크로 손글씨를 쉽게 쓸 수 있으며, 어머니의 날, 여성, 여자 아이, 생일, 결혼식, 기념일 상, 광고 프로모션, 비즈니스 선물, 지도자 동료 친구 애인 가족을 위한 기념일 축하 행사입니다. 사양: 사이즈: 14.1 x 0.9 cm / 5.55 x 0.35 인치 소재: 스테인리스 스틸 펜 튜브 및 금속 구리 진주 홀더 다양한 색상: 사진과 같은 5가지 색상. 잉크 색상: 블랙 패키지 구성: 볼펜 5개.","['볼펜', '잉크', '블랙', '펜', '손글씨', '금속', '잡기', '사진', '다이아몬드', '기념일']"
사무용품,펜 및 리필,볼펜,,B0B294LWHN,STAEDTLER 미디엄 0.5mm 430 스틱 볼펜 부드러운 필기용 펜 - 그린 잉크 - 3개 팩,STAEDTLER,7312,7312,4.3,76.0,고품질 손글씨 펜. 비행기 안전 - 자동 압력 균등화는 항공기 내에서 펜이 새는 것을 방지합니다. 눈에 띄는 잉크 공급을 위한 크리스탈 배럴. 잉크 공급을 조절하여 얼룩과 긁힘을 방지합니다. 그린 잉크 펜.,그린 잉크 스틱 볼펜 3개 팩. Staedtler.,"['잉크', '펜', '그린', '공급', '방지', '볼펜', '스틱', '손글씨', '균등', '미디엄']"
사무용품,펜 및 리필,볼펜,,B09476KHF6,"Faber-Castell NX 23 볼펜 4개 팩 (0.5/0.7/1.0mm - 블랙/블루/레드) - 반투명 디자인, 매트 그립, 매우 부드러운 펜, 통기성 캡, 방수, 니들 포인트 (0.5mm (블랙))",Faber-Castell,8296,8296,4.5,20.0,통기성 캡: 공기 압력을 안정화시켜 잉크가 자유롭게 흐르도록 하여 잉크가 새는 것을 방지합니다! 통기성 캡에는 안전 기능이 있어 실수로 캡을 삼킬 때 질식하는 것을 방지합니다. 얼룩 방지: 방수 잉크와 잉크가 빠르게 건조되어 얼룩을 방지하고 종이를 깨끗하고 깔끔하게 유지합니다. 단단한 그립: 매트 그립 마감이 장착되어 있어 필기 및 드로잉 요구 사항을 통해 안정적이고 더 나은 그립감을 제공합니다. 매끄럽고 세련됨: 반투명 디자인과 어울리는 단색 클립이 통합되어 쉽게 펜으로 갈 수 있습니다.,"Faber-Castell NX 23은 통풍이 잘되는 보안 캡이 있는 클래식 볼펜 중 하나입니다. 매우 부드러운 필기감을 가진 볼펜 외에도 저점도 잉크로 만들어져 펜에 훌륭한 필기 특성을 제공합니다. 파버카스텔은 매년 수백만 개 이상의 문구류를 생산하는 세계에서 가장 크고 오래된 문구 제조업체 중 하나입니다. 저희는 사무실 또는 학교 사용, 일기 또는 판매 등 모든 요구 사항에 맞는 다양한 필기구를 보유하고 있습니다","['캡', '잉크', '방지', '필기', '펜', '볼펜', '통기성', '디자인', '반투명']"
사무용품,펜 및 리필,볼펜,,B0D5R7QHH8,"Fumete 성경 구절 대나무 접이식 볼펜, 기독교 펜, 영감을 주는 성경 구절 볼펜, 블랙 잉크 펜 저널 글쓰기 사무실 종교 선물 여성용 50팩 (나무 색상)",Fumete,33226,33226,4.7,108.0,"고품질 소재: 성경 볼펜의 펜 본체는 대나무로 만들어졌으며 정교한 장인 정신으로 성경 인용문이 인쇄되어 인쇄가 명확하여 단어의 색상이 흐려지지 않습니다 휴대용 사이즈: 이 볼펜의 길이는 13.5cm/5.31인치, 너비는 1cm/0.39인치, 펜은 접을 수 있어 손에 쥐고 있는 크기로 바로 사용할 수 있습니다. 대나무 펜은 가볍고 휴대가 가능하며 매끄럽고 매끄러운 촉감으로 오랫동안 불편함을 느끼지 않습니다 패키지 구성: 5가지 스타일의 대나무 성경 클릭 볼펜 50개, 각 10개, 일상적인 요구 사항을 충족하거나 가족과 친구에게 선물로 줄 수 있습니다 믿음의 테마: 성경 테마, 몸에 영감을 주는 성경 인용문이 인쇄된 볼펜, 졸업 시즌, 스승의 날, 추수감사절, 할로윈 및 기타 휴일에 가족, 친구, 교사 및 지도자 등을 위한 선물로 이상적입니다 부드러운 글쓰기: 유창하게 흐르는 블랙 잉크로 믿을 수 있고 가벼운 디자인으로 제작된 이 볼펜은 오랫동안 사용할 수 있으며 부드러운 필기 경험을 제공합니다","특징: 쉬운 사용: 이 성경 펜은 휴대용 크기로 디자인되어 휴대나 보관이 쉽습니다. 펜 케이스, 백팩, 지갑에 넣고 어디를 가든 휴대할 수 있어 더욱 편리합니다. 이상적인 선물: 이 종교 펜은 가족, 친구, 동료, 확고한 가톨릭 신앙을 가진 이웃에게 보내고 그들에 대한 사랑과 관심을 보여줄 수 있는 사려 깊은 선물입니다. 사양: 소재: 대나무 색상: 나무 색상 사이즈: 길이 13.5cm/5.31인치, 너비 1cm/0.39인치 패키지 구성: 성경 펜 50개. 참고: 수동 측정, 사이즈에 약간의 오차가 있을 수 있습니다. 화면 디스플레이의 차이로 인해 색상이 약간 다를 수 있습니다. 저희 제품의 텍스트는 저희 상표가 아니라 장식용이며, 저희 상표는 Fumete.","['펜', '성경', '볼펜', '대나무', '선물', '휴대', '친구', '인쇄', '가족']"
사무용품,펜 및 리필,볼펜,,B0BG4CBQLP,볼펜 블랙 볼펜 오피스 펜 0.7mm 포인트 펜 여성 및 남성용 (6개),AZGO,8296,8296,4.1,80.0,"편안한 느낌을 위한 매우 부드러운 윤곽 고무 그립. 부드럽게 쓸 수 있는 0.7mm 볼 포인트는 액체와 젤의 장점을 결합하여 부드럽고 얼룩이 없는 결과를 제공합니다. 접이식 디자인, 코어를 눌러 편리하게 쓸 수 있습니다. 우아한 외관과 클래식한 블랙 잉크는 모든 상황에 적합합니다. 독특하게 디자인된 볼펜은 어린이, 반 친구, 반 친구, 작가를 위한 선물로 적합합니다.",,"['볼펜', '부드럽다', '포인트', '펜', '친구', '디자인', '블랙', '얼룩', '고무', '남성']"
사무용품,펜 및 리필,볼펜,,B08JCZW615,"핑크 볼펜 - 리필 가능, 여성, 남성용 럭셔리 펜. 부드러운 필기 프리미엄 슈미트 잉크 리필. 멋진 고급 펜 선물 세트. 접이식 전문 저널링 펜",ZenZoi,42588,42588,4.4,318.0,"A 부터 Z까지 확실한 필기 펜 경험. ZenZoi는 컨템포러리 컬렉션에 추가된 핑크 럭셔리 볼펜 세트를 제공합니다. 현대적인 디자인 접근 방식, 견고한 금속 바디, 흠 없는 필기 성능을 발견하십시오. 여성 또는 남성을 위한 완벽하고 우아한 펜. 얼룩 없는 성능 - Zenzoi 볼펜은 얼룩, 건너뛰기 및 흘림이 없는 유동적이고 매끄러운 성능을 제공합니다. 각 펜은 독일 Schmidt 잉크 리필(블랙)과 함께 제공되며 반려동물을 종이에 넣을 때마다 광택과 광택이 나는 균형 잡힌 잉크 흐름을 제공합니다 지칠 줄 모르는 글쓰기를 위한 균형 잡힌 구조 - 손목에 피로감 없이 사용할 수 있는 기쁨으로 펜을 디자인하고 싶었습니다. 풀 메탈 바디는 펜을 잡을 때 상당한 느낌을 주지만 장시간 필기 세션에도 손목이 피로하지 않습니다. 독일 SCHMIDT 카트리지 포함 - 각 럭셔리 볼펜에는 잉크 카트리지와 펜 안에 추가 여분이 포함되어 있습니다. 저희 펜은 Schmidt 리필과 함께 작동합니다. 전 세계의 캘리그래퍼 및 고급 펜 애호가들이 찬사를 받는 독일 잉크로 유명합니다. 고급스러운 언박싱 경험 - 훌륭한 선물은 처터 완벽한 경험을 제공해야 합니다. 그렇기 때문에 펜이 독특한 경험으로 만들기 위해 고급 펜 선물 하드 케이스에 멋진 볼펜을 배송합니다. ZenZoi 펜으로 생일, 기념일, 아버지의 날, 프로모션 또는 특별한 행사에 가족이나 친구들에게 잊을 수 없는 순간을 선물하세요. 비즈니스, 경영진, 전문가, 학생을 위한 완벽한 펜",,"['펜', '볼펜', '잉크', '선물', '경험', '리필', '필기', '독일', '완벽하다', '럭셔리']"
사무용품,펜 및 리필,볼펜,,B00NT9ON66,"Uni -볼 아이 롤링 볼펜, 엑스트라 파인 포인트 0.5mm, 블랙 잉크, 팩 당 펜 3개 (일본 수입) [Komainu-Dou 오리지널 패키지]",Uni-Ball,8725,8725,4.6,151.0,"Extra Fine Point 0.5mm, Black Ink","Extra Fine Point 0.5mm, Black Ink, 3 pens per Pack","['포인트', '펜', '패키지', '잉크', '일본', '엑스트라', '수입', '블랙', '볼펜', '롤링']"
사무용품,펜 및 리필,볼펜,,B0CLZNTJM7,"빅 팻 펜 14개, 떨림, 관절염, 파킨슨, 장애, 손목 터널 대형 와이드 그립 펜 (펜 2개 + 블랙 리필 6개 + 블루 리필 6개)",lyforx,12451,12451,4.1,122.0,"【강화된 무게 디자인】: 이 볼펜은 일반 펜보다 무겁도록 설계되어 과도한 압력이 필요하지 않은 안정적이고 쉬운 필기 경험을 제공합니다. 【사이즈 및 모양】: 길이 13.2cm(5.25인치), 그립 직경이 2.5cm(1인치)인 이 펜은 잡기 쉽고 떨림, 관절염, 파킨슨, 장애, 손 통증 및 손목 터널과 같은 질환이 있는 사람들에게 특히 적합합니다. 【고품질 배럴 및 교체용 리필】: 고품질 소재로 제작된 이 볼펜은 수명이 길고 튼튼한 배럴을 가지고 있습니다. 또한, 각 팩에는 12개의 교체용 리필이 포함되어 있어 필기 요구 사항을 충족할 수 있습니다. 【편안한 필기 경험】: 이 볼펜의 디자인은 쉽고 편안하게 쓸 수 있어 노인이 사용하기에 적합하며 쉽게 글을 쓸 수 있습니다. 【다용도 디자인】: 이 볼펜은 탈착식 랜야드가 특징이며, 사무실 및 가정과 같은 다양한 그룹의 사람들과 행사에 적합하며 모든 필기 요구 사항을 충족할 수 있는 이상적인 범용 펜입니다.","강화된 무게 디자인: 이 볼펜은 일반 펜보다 3배 더 무겁도록 설계되어 과도한 압력이 필요하지 않은 안정적이고 손쉬운 필기 경험을 제공합니다. 사이즈 및 모양: 길이 13.2cm(5.25인치), 그립 직경이 2.5cm(1인치)인 이 펜은 잡기 쉽고 떨림, 관절염, 파킨슨, 장애, 손 통증 및 손목 터널과 같은 조건을 가진 사람들에게 특히 적합합니다. 고품질 배럴 및 교체 리필: 고품질 소재로 제작된 이 볼펜은 수명이 길고 배럴이 튼튼합니다. 또한, 각 팩에는 12개의 교체용 리필이 포함되어 있어 필기 요구 사항을 충족할 수 있습니다. 편안한 필기 경험: 이 볼펜의 디자인은 쉽고 편안하게 글을 쓸 수 있어 노인들이 사용하기에 적합하며 쉽게 글을 쓸 수 있습니다. 다용도 디자인: 이 볼펜은 탈착식 랜야드가 특징이며, 사무실과 가정과 같은 다양한 그룹의 사람들과 행사에 적합하며 모든 필기 요구 사항을 충족할 수 있는 이상적인 범용 펜입니다.","['펜', '필기', '볼펜', '디자인', '리필', '요구', '사람', '충족', '경험', '편안하다']"
사무용품,펜 및 리필,볼펜,,B0CJC2QVRC,Teling 36피스 소형 볼펜 미니 펜 벌크 10.2cm(4인치) 짧은 소형 펜 지갑 펜 작은 펜 잉크 볼펜 노트북 포켓 시그니처 메모장 학교 사무실용 (샴페인),Teling,13836,13836,4.5,153.0,"사용 요구 사항 충족: 블랙 잉크가 있는 미니 볼펜 36개를 받게 되며, 충분한 수량으로 사용 및 교체 요구 사항을 충족할 수 있으며 직접 사용할 수 있으며 다른 사람들과 공유할 수도 있습니다 미니 펜: 이 시그니처 펜은 약 10 x 0.7cm(4 x 0.3인치) 크기로 가볍고 컴팩트한 사이즈로 배낭, 지갑, 핸드백, 주머니, 수하물 등에 쉽게 넣을 수 있으며 일상적인 사용 및 여행에 이상적입니다 좋은 사용 경험: 미니 잉크 펜은 회전 가능한 디자인을 가지고 있으며, 사용하지 않을 때 필기 부분을 접을 수 있어 펜촉이 변형되거나 새는 것을 방지하고 가볍고 휴대가 간편하여 좋은 사용 경험을 제공합니다 견고함 및 내구성: 미니 지갑 펜은 주로 플라스틱 소재로 만들어져 견고하고 신뢰할 수 있으며 쉽게 변형되거나 색이 바래지 않으며 깨지지 않아 장기간 사용할 수 있습니다 다양한 용도: 클립이 달린 미니 펜은 클래식한 외관과 색상을 가지고 있어 회의, 사무실, 학교 및 수업과 같은 대부분의 비공식 및 공식 행사에 적합합니다. 노트북, 지갑 등에 고정할 수도 있습니다",,"['펜', '미니', '지갑', '잉크', '볼펜', '요구', '좋다', '변형', '수도', '충족']"
사무용품,펜 및 리필,볼펜,,B009QYH9HI,"PILOT Acroball 컬러 고급 잉크 리필 가능 & 리트랙터블 볼 포인트 펜, 중간 포인트, 레드 잉크, 2팩",PILOT,8573,8573,4.6,80.0,"믿을 수 없을 정도로 부드럽고 다채로운 파일럿의 새로운 Acroball 컬러 펜은 모든 것을 가지고 있습니다 - 세련된 디자인, 편안한 윤곽이 잡힌 그립, 믿을 수 없을 정도로 부드럽고 쉽게 쓸 수 있습니다! Acroball의 고급 잉크를 사용하면 매우 부드럽고 다채롭고 번짐 방지 포뮬러로 자신을 멋지게 표현할 수 있습니다. Acroball 펜은 글을 쓰는 것이 재미있을 뿐만 아니라 접을 수 있고 리필 가능하므로 캡을 잃어버리거나 잉크가 부족할 걱정을 할 필요가 없습니다. Pilot Acroball 컬러 펜은 다양한 배럴 색상으로 제공되며, 고급 잉크와 중간 (1.0mm) 포인트가 있습니다. 모두가 말하는 것을 확인하세요 - 오늘 팩을 구매하세요! 모델 번호를 입력하여 이 제품이 맞는지 확인하십시오. 미래의 펜으로 업그레이드: 볼펜은 진화했습니다! Pilot Acroball 펜은 과학적으로 설계되고 현장 테스트를 거쳐 극한의 조건에서도 탁월하며 멋지게 보입니다. 형태 및 기능의 결혼: 저희 아크로볼 펜은 볼포인트의 신뢰성과 젤의 생동감 있는 색상 옵션을 결합하여 식료품 목록부터 계산서 지불, 리포트에 이르기까지 모든 글쓰기 작업을 수행할 수 있습니다. 사무실 용품에 집착: Pilot Acroball 펜은 매우 부드럽고 번짐 방지 기능이 있으며 편안한 경험을 제공하므로 학교, 가정 또는 사무실 등 단어를 쉽게 표현할 수 있습니다.","Incredibly smooth and colorful, the new Acroball Colors Pen from Pilot has it all - A stylish design, comfortable contoured grip, and incredibly smooth effortless writing! Acroball’s advanced ink allows you to express yourself brilliantly with ultra-smooth, colorful, smear-resistant formula. Not only is the Acroball pen fun to write with, it is also retractable and refillable, so you won't have to worry about losing a cap or running out of ink. Pilot Acroball Color pens are available in a variety of different barrel colors, with an advanced ink in a matching color and a medium (1.0mm) point. See what everyone is talking about - Buy a pack today!","['펜', '잉크', '부드럽다', '포인트', '고급', '컬러', '사무실', '중간', '리필', '멋지다']"
사무용품,펜 및 리필,볼펜,,B00KU732OO,"Parker 갤럭시 Ss 스틸 Gt 볼펜, 골드 트림",Parker,27700,27700,4.2,431.0,"블루 잉크, 파인 펜촉 골드 트림 및 스틸 바디 푸시 메커니즘",Parker 최신 모델이 여기 있습니다. Parker GALAXY라고 불립니다. 방수 및 얼룩 방지 잉크와 함께 제공되는 이 펜을 사용하면 필기에 도움이 되는 펜을 사용하십시오. Parker GALAXY 스틸 GT 볼펜은 멋진 펜으로 소유자의 페르소나에 품격을 더합니다. 이 볼펜은 파란색 잉크로 채워져 있어 필기가 깔끔하고 읽기 쉽게 보입니다. 편의를 위해 이 볼펜은 푸시 메커니즘에 따라 작동하도록 설계되었습니다. 크롬 도금 골드 클립은 이 펜 디자인에 포함된 또 다른 주목할만한 기능입니다.,"['볼펜', '펜', '스틸', '골드', '잉크', '트림', '메커니즘', '필기', '푸시', '파란색']"
사무용품,펜 및 리필,볼펜,,B0CTMBTYQW,볼트 액션 펜 - 볼트가 있는 피젯 펜 - 아버지의 날 선물용 EDC 펜 - 블랙 펜 잉크 - 튼튼한 금속 펜 - 일상적인 휴대를 위한 멋진 펜 - 부드러운 볼펜 액션,Ellis Kay,34611,34611,4.3,25.0,"내구성이 뛰어난 스테인리스 스틸 펜: 갈라지거나 마모되지 않습니다. 이 금속 펜은 수년 동안 사용할 수 있으며 새 것처럼 유지됩니다. 당사의 피젯 펜은 다른 블랙 잉크 펜과 edc 펜에서는 볼 수 없는 수준의 강도와 신뢰성을 제공합니다. 부식 방지 포켓 클립이 있어 쉽게 사용할 수 있고 오래 사용할 수 있도록 설계된 이 펜은 제자리에 유지되며 멋지게 보입니다. 파인 포인트 볼 포인트 팁: 매우 부드러운 필기 동작과 섬세한 팁 블랙 잉크 필기구의 정밀도를 즐기세요. 편리하고 쉬운 유지 보수를 위해 제공된 블랙 잉크 카트리지와 동일한 사양에 맞는 리필을 아마존에서 쉽게 찾을 수 있습니다. 손의 편안함: 이 볼펜의 특수 설계된 질감 그립 텍스처는 손가락에 딱 맞으며 미끄러지지 않습니다. 타의 추종을 불허하는 편안함과 기능성을 갖춘 볼트 액션 펜은 edc 장비와 필수품의 스타일과 효율성을 모두 소중히 여기는 안목 있는 개인에게 있어 다른 모든 럭셔리 펜보다 뛰어납니다. 적당한 무게: 이 펜의 스테인리스 스틸 디자인은 장시간 쓸 수 없을 정도로 무겁지 않고 고급 펜의 무게를 제공합니다. 이상적인 전천후 펜으로, 다용도로 사용할 수 있으며 남성과 여성을 위한 다른 멋진 펜보다 뛰어납니다. 신뢰할 수 있는 볼트 액션 메커니즘: 독특하고 만족스러운 볼트 액션은 완벽하게 계산된 스프링 장력으로 보정되어 사용 시 기분이 좋고 주머니나 가방에 우발적인 자국이 남지 않습니다. 주머니, 지갑, 가방 또는 차량에 편리하고 훌륭한 필기구로 설계된 이 펜은 효과적이고 우아하며 전문가부터 창의적인 사람까지 모든 사람에게 적합합니다.",,"['펜', '액션', '볼트', '블랙', '잉크', '멋지다', '유지']"
사무용품,펜 및 리필,볼펜,,B09G35HPLV,16피스 미니 펜 작은 펜 짧은 펜 벌크 미니 금속 볼펜 소형 스테인리스 스틸 포인트 펜 구리 피팅 포켓 노트북 메모장 사무실 학교용 (실버),Chinco,16606,16606,4.5,335.0,"제품 구성: 패키지에는 16개의 비즈니스 펜이 포함되어 있으며, 충분한 양으로 일상 생활에서 필요를 충족시킬 수 있습니다. 혼자서 사용하거나 다른 사람들과 공유하여 삶의 편리함을 가져다 줄 수 있습니다 이상적인 솜씨: 볼 포인트 메탈 펜의 회전 가능한 디자인으로 펜촉을 늘리고 뒤로 당길 수 있습니다. 우수한 성능의 잉크 기술은 고품질 액체와 젤 잉크를 결합하여 부드러운 필기 경험을 제공합니다 사이즈 정보: 금속 필기 펜의 크기는 길이 8.5cm/3.35인치, 지름 0.7cm(0.28인치), 잡고 사용하기에 적합한 크기이며, 대부분의 손에 맞도록 설계되었으므로 대부분의 사람들에게 적합합니다. 구매 전에 사이즈를 확인하십시오 신뢰할 수 있는 소재: 스테인리스 스틸 펜은 멋진 스틸 막대와 구리 피팅으로 만들어져 내마모성이 뛰어나고 안전하고 신뢰할 수 있으며 쉽게 변형되거나 색이 바래지 않습니다. 오랫동안 지지할 수 있으며 즐거운 사용감을 느낄 수 있습니다 적용 가능한 경우: 작은 펜은 여러 경우에 사용할 수 있으며, 반접이식 또는 3단 지갑, 대부분의 크기의 지갑, 주머니, 플래너, 여권 커버 또는 상상력이 필요한 모든 곳에 맞도록 제작되었으며, 가장 다재다능한 펜 중 하나입니다",,"['펜', '스틸', '가능하다', '금속', '미니', '잉크', '사람', '지갑', '작다', '신뢰']"
사무용품,펜 및 리필,볼펜,,B09JS54M1S,8팩 멀티컬러 볼펜 4-in-1 0.7mm 컬러 접이식 볼펜 선물 펜 사무실 학교 용품 학생 선물,Bribobo,11066,11066,4.3,855.0,"멀티컬러 펜: 4가지 잉크 색상의 4-in-1 멀티컬러 볼펜으로 플래너의 메모 작성 및 하이라이트 이벤트에 적합합니다. 쉬운 작동: 4가지 색상의 볼펜은 스프링 디자인으로 확장성이 있어 빠르고 쉽게 전환할 수 있습니다. 부드러운 글쓰기: 0.7mm 포인트는 일반적인 글쓰기를 위한 멋지고 단단하며 매끄러운 선을 제공합니다. 다양한 용도: 멀티 컬러 펜은 매우 부드럽게 쓰지만 번지거나 번지지 않습니다. 정리, 색상 코딩, 낙서에 이상적입니다. 완벽한 선물: 재미있는 펜은 네 가지 색상을 클릭하며 각 색상은 어린이, 간호 학생, 아기방, 여성 및 교사에게 똑같이 생생하고 좋아하는 선물입니다.",,"['컬러', '멀티', '선물', '볼펜', '펜', '부드럽다', '학생', '글쓰기']"
사무용품,펜 및 리필,볼펜,,B0B135X8H5,"Pilot Precise V5 RT 리필 가능 & 접이식 리퀴드 잉크 롤링 볼펜, 엑스트라 파인 포인트(0.5mm) 핑크 잉크, 6팩",Pilot,22007,18683,4.8,141.0,"Pilot 정밀한 V5 RT: 이 프리미엄 리트랙터블 롤링 볼펜은 특허받은 초미세 정밀 팁이 있어 매번 부드럽고 끊김 없는 필기를 제공합니다. 매우 부드러운 필기를 위한 비교할 수 없는 성능 정밀 포인트: 이 접이식 롤링 볼펜의 깔끔한 라인과 부드러운 잉크 전달이 마음에 드실 것입니다. 12가지 멋진 잉크 색상으로 제공됩니다. 정교한 금속 클립이 특징입니다 신뢰할 수 있는 품질: 저희는 100년 이상 펜을 만들어 왔습니다. 메모를 작성하거나 학교 또는 사무용품을 구입하거나 불렛 저널에 글을 쓸 때 Pilot은 완벽한 펜을 제공합니다 펜의 힘: 파일럿은 모든 필요에 맞는 탁월한 필기구를 만듭니다. 모든 필기 스타일에 맞는 분수, 볼펜, 접이식, 지울 수 있는 젤 잉크 펜, 화이트보드 마커 등을 보유하고 있습니다 핑크 잉크가 있는 V5 접이식 핑크 펜 6개 포함","Precise 프리미엄 롤링 볼펜으로 항상 포인트를 유지하세요. 비교할 수 없는 정밀도로 매우 매끄럽고 손글씨를 향상시키고 정밀한 필기 경험을 제공합니다. Precise는 Pilot의 매우 부드러운 필기 잉크, 프리미엄 금속 클립 및 상징적인 외관을 결합하여 글쓰기의 즐거움을 선사합니다. 정밀한 펜은 디테일을 좋아하는 사람들에게 이상적입니다.","['잉크', '펜', '볼펜', '필기', '정밀', '롤링', '접이식', '부드럽다', '포인트', '핑크']"
사무용품,펜 및 리필,볼펜,,B098KDW9FC,"블루 볼펜 세트 - 남성, 여성을 위한 우아한 이그제큐티브 펜. 고급 펜 및 프리미엄 젤 볼펜 잉크 리필이 포함된 고급 펜 선물 상자. 사무실이나 가정을 위한 훌륭하고 부드러운 필기 펜",ZenZoi,44320,44320,4.5,241.0,"경영진의 저명한 선택 - ZenZoi 는 유행을 타지 않는 정교함과 대담한 네이비 블루 색상 구성이 결합된 럭셔리 볼펜을 소개합니다. 까다로운 청중을 위해 완벽하게 설계된 우아한 펜은 완벽한 성능, 실용적인 기능 및 견고한 금속 구조를 제공합니다. 타의 추종을 불허하는 성능 - 손목에 무거워지지 않고 잡을 수 있도록 설계된 젤 펜은 부드러운 필기 펜 성능을 자랑합니다. 얼룩, 번짐 또는 건너뛰기 없이 일관된 잉크 흐름의 세계를 발견하세요. ZenZoi 제품은 결코 깊은 인상을 남기지 않습니다. 컴팩트하고 기능적입니다 - 실버 바탕에 화려한 레드 색상 구성은 캡을 쓸모 없게 만드는 트위스트 투 드러나는 디자인으로 보완됩니다. 사용하려면 상체를 비틀어 미세한 펜촉을 드러내고 끝나면 왼쪽으로 비틀어 주머니에 이그제큐티브 펜을 보관하세요. 정교한 선물 선택 - 고급 펜 하드 케이스에 조심스럽게 포장된 ZenZoi 파인 포인트 볼펜은 어떤 경우에도 오래 지속되는 인상을 남길 수 있도록 제작되었습니다. 글쓰기에 가장 좋은 펜입니다. 저희 세트에는 생일, 기념일, 기업 선물, 프로모션, 아버지의 날 또는 세련된 선물로 적합한 모든 행사를 위한 권위 있는 선택인 젤 볼펜 잉크 리필 2개(블랙 & 블루)가 포함되어 있습니다. 남성 또는 여성을 위한 훌륭한 펜. ZENZOI, 펜맨십의 표준 - 구매로 인한 위험을 없애기 위해 모든 ZenZoi 럭셔리 볼펜은 60일 환불 이 전적으로 지원됩니다. 불가능한 경우에 저희 펜이 고객의 기대를 완전히 충족시키지 못하면 전액 환불해 드리겠습니다.",,"['펜', '볼펜', '선물', '선택', '블루', '성능', '고급', '잉크', '리필', '정교하다']"
사무용품,펜 및 리필,볼펜,,B077PCB6YZ,"Pilot Acroball 리트랙터블 고급 잉크 볼펜, 엑스트라 파인 포인트 0.5mm, 블루 잉크, 고무 그립, 5팩, 스티커 메모 밸류 세트",Stationery JP,17257,17257,4.7,486.0,"세트에는 Pilot Acroball 150 리트랙터블 볼펜 5개, 엑스트라 파인 포인트 0.5mm, 블루 잉크 + 컴팩트 5색 스티커 노트 1개가 포함되어 있습니다. Pilot Acroball 리트랙터블 고급 잉크 볼펜, 엑스트라 파인 포인트 0.5mm, 블루 잉크, 고무 그립. Stationery JP 컴팩트 5색 스티커 노트 100피스 생태 유형, NBM02454. 휴대하기에 편리합니다. 이 제품은 일본 한정 버전입니다. Pilot Acroball 고급 잉크 리필, 엑스트라 파인 포인트 0.5mm, 블루 잉크로 리필 가능.","Pilot Acroball 리트랙터블 고급 잉크 볼펜, 엑스트라 파인 포인트 0.5mm, 블루 잉크, 고무 그립, 5팩, 스티커 메모 밸류 세트/세트에는 Pilot Acroball 150 리트랙터블 볼펜 5개, 엑스트라 파인 포인트 0.5mm, 블루 잉크 + 컴팩트 5색 스티커 노트 1개가 포함되어 있습니다./[Pilot Acroball 볼펜 - 0.5mm - 블랙 바디 - 블루 잉크]/[Stationery JP 컴팩트 5색 스티커 노트 100피스 생태 유형]","['잉크', '블루', '볼펜', '포인트', '엑스트라', '스티커', '트랙터', '고급', '노트', '컴팩트']"
사무용품,펜 및 리필,펜 리필,,B08JTDMMLP,"블랙 잉크 리필 (6개), 교체 가능한 볼펜 리필, 1mm 미디엄 팁 - 블랙",ChaoQ,11066,8282,4.6,3546.0,"치수 - 총 길이는 9.9cm(3.9인치) 1mm 미디엄 팁 블랙 잉크입니다 부드러운 필기 품질 - 리필 본체는 스테인리스 스틸로 만들어져 가볍고 고급스러운 느낌을 줍니다 다양한 필기 행사에 적합 - 금속 볼펜 리필은 사무실, 비즈니스, 학교 및 가정 등에 적합합니다. 1.0mm 포인트가 있는 고품질 리필은 부드럽고 일관된 잉크 흐름을 제공하여 탁월한 필기 경험을 제공합니다 패키지: (블랙 잉크 리필 팩 6개). 구입하기 전에 리필의 모양과 크기를 신중하게 비교하여 원래 리필과 일치하십시오.","참고 사항: 새 리필을 펜 배럴에 삽입하기 전에 새 리필의 왁스 팁 커버를 완전히 제거하십시오. 그렇지 않으면, 남은 왁스 팁 커버가 장착 및 필기 문제를 일으킬 수 있습니다. 사양: 잉크 색상: 검정 길이: 9.9 센티미터 팁: 1.0 mm 최고의 필기 품질: 블랙 잉크 리필은 부드러운 필기, 방수, 빠른 건조 성능을 가지고 있습니다. 잉크는 얼룩을 방지하기 위해 빠르게 건조되어 종이를 우아하고 깔끔하게 보이게 합니다. 범용 호환성: 교체용 볼펜 리필은 많은 볼펜과 호환되며 좋아하는 값비싼 펜의 수명을 연장하는 데 도움이 됩니다. 다용도: 이 리필은 직장, 학교, 호텔, 레스토랑 및 다양한 필기 행사에 적합합니다. 사무용품, 학교 문구류, 가족용으로 좋은 리필입니다.","['리필', '필기', '잉크', '블랙', '볼펜', '부드럽다', '학교']"
사무용품,펜 및 리필,펜 리필,,B01MDPAF5M,"블랙 잉크 리필 (10개), 교체 가능한 펜 리필, 1mm 미디엄 팁 - 블랙",ChaoQ,11066,8282,4.5,5107.0,"리필 길이: 4.563 in (116 mm) 1mm 미디엄 팁 블랙 잉크 부드러운 필기 품질 - 리필 본체는 스테인리스 스틸로 만들어져 가볍고 고급스러운 느낌을 줍니다 다양한 필기 상황에 적합: 금속 볼펜 리필은 사무실, 비즈니스, 학교 및 가정 등에 적합합니다. 이 리필과 어울리는 스타일러스 펜이 필요한 경우 아마존 검색 키워드 ChaoQ 에서 ASIN: B01MCUQIOX 또는 B01MDNFKYD를 검색하십시오.","참고 사항: 새 리필을 펜 배럴에 삽입하기 전에 새 리필의 왁스 팁 커버를 완전히 제거하십시오. 그렇지 않으면, 남은 왁스 팁 커버가 장착 및 필기 문제를 일으킬 수 있습니다. 잉크 색상: 블랙 사양: 길이: 4.563 인치 (116 mm) 포인트: 미디엄 소재: 금속. 패키지: 폴리백 당 10개 당사의 서비스 및 신뢰성 신뢰성의 원칙에 따라 ChaoQ 그룹은 10년 이상의 전문적인 생산 경험을 가지고 있다는 점에서 스타일러스의 각 부분에 대한 품질 검사를 엄격하게 관리합니다. 고객님께 드리는 저희의 약속 어떤 이유로든 저희 제품에 만족하지 못하셨다면 주저하지 마시고 저희에게 먼저 연락해 주십시오. ChaoQ 제품은 제품의 품질에 대한 책임을 집니다. 더 다양한 새로운 스타일러스를 찾고 싶다면 아마존에서 ChaoQ 검색하세요. 또는 이 리필과 어울리는 스타일러스 펜이 필요합니다. 아마존에서 ASIN: B01MCUQIOX 또는 B01MDNFKYD를 검색하십시오","['리필', '스타일러스', '펜', '검색', '필기', '아마존', '블랙', '미디엄', '잉크', '금속']"
사무용품,펜 및 리필,펜 리필,,B09TDKQ5CJ,"접이식 볼펜 리필 교체용 볼펜 리필 잉크 펜 리필 블랙 저널 쓰기, 사무실 및 학교 용품, 길이 107mm (블랙, 0.7mm) 65개",sunioine,11066,9348,4.3,332.0,"【적절한 수량】접이식 펜용 볼펜 교체 리필 65개는 일상 생활, 글쓰기, 공부 및 작업 요구 사항에서 사용 및 교체하기에 충분하며 친구, 동료 및 반 친구들과 공유할 수 있습니다. 【사이즈 및 색상】블랙 접이식 볼펜 리필, 길이는 약 10.7cm(4.2인치)/10.2cm(4.2인치)입니다. 팁 모델은 0.7mm입니다. 참고: 구입하기 전에 이 제품의 크기가 펜과 일치하는지 확인하십시오. 【쉬운 사용】다양한 펜에 맞게 접이식 펜 리필의 길이를 자를 수 있습니다. 리필 길이가 너무 길면 펜 케이스에 맞게 길이를 자를 수 있으며 마지막으로 펜 케이스에 설치하면 사용할 수 있습니다. 【우수한 성능】고품질 소재로 제작된 펜 리필은 필기 후 빠르게 건조되며 필기는 매끄럽고 내구성이 뛰어납니다. 글쓰기, 학습 및 작업에 적합합니다. 【실용적인 선물】이 접이식 리필 세트는 여분의 리필뿐만 아니라 접이식 펜을 가진 동료, 반 친구, 가족 및 친구에게 선물로도 사용할 수 있습니다. 유용한 선물을 받게되어 기쁩니다.","이 0.7mm 볼펜 리필을 사용하면 명확한 선을 그리거나 쓸 수 있으며 글씨는 매끄럽고 내구성이 뛰어나며, 접이식 펜을 가진 동료, 반 친구, 가족 및 친구에게 선물로도 사용할 수 있습니다. 유용한 선물을 받게 되어 기쁩니다.//사양:/잉크 색상: 검정/수량: 65개/길이: 4.2 인치/107 mm/팁 크기: 0.7 밀리미터/패키지 구성:/접이식 펜 교체 리필 65개.//교체용 볼펜 리필은 많은 볼펜과 호환됩니다. 다양한 펜에 맞게 접이식 펜 리필의 길이를 자를 수 있습니다.","['리필', '펜', '접이식', '볼펜', '친구', '선물', '블랙', '동료', '구성']"
사무용품,펜 및 리필,펜 리필,,B086V39H6H,"PARKER QUINKflow 볼펜 잉크 리필, 미디엄 팁, 블랙, 3개입",Parker,20761,18849,4.6,23212.0,"Parker Quinkflow 리필, 미디엄 팁, 블랙 잉크 Parker 볼펜용으로 설계된 정품 Parker 잉크 리필 Parker QUINKflow 잉크는 종이에 지속적으로 부드럽게 글씨를 쓸 수 아름답게 착색된 딥 블랙 잉크가 생각을 포착합니다 일상적인 글쓰기를 위한 중간 팁 모든 Parker 볼펜 리필은 ISO 12757.2 인증을 받았으며 장기간 문서 처리 및 보관에 대한 다큐멘터리 사용 표준을 준수합니다",PARKER 볼펜을 생생한 QUINKflow 잉크로 리필하세요. 부드럽고 쓰기 쉬운 스타일이 특징인 풍부한 잉크는 생각을 훌륭하게 포착합니다. 각 펜 잉크 리필은 신뢰할 수 있는 필기 성능을 위해 설계되었습니다. 잉크 리필을 사용하여 기존 PARKER 볼펜 리필을 교체하거나 리필을 교체하여 잉크 색상을 변경하십시오.,"['잉크', '리필', '볼펜', '블랙', '미디엄', '생각', '포착', '부드럽다']"
사무용품,펜 및 리필,펜 리필,,B0B6RTXKDT,"교체 가능한 볼펜 리필 10개, 블랙 잉크 리필, 1mm 미디엄 리필 (블랙)",CFDXK,6911,6911,4.7,163.0,"크기: 총 길이는 9.9cm (3.9인치), 1mm 미디엄 팁 블랙 잉크입니다. 리필 본체는 스테인리스 스틸로 만들어졌습니다. 1.0mm 포인트는 부드럽고 일관된 잉크 흐름을 제공하여 탁월한 필기 경험을 제공합니다. 대량 포장은 소량 포장보다 저렴합니다. 【제품 구성】패키지 구성: 교체 가능한 볼펜 리필 10개, 중간 사이즈 1mm, 블랙 잉크.",,"['리필', '블랙', '잉크', '가능하다', '구성', '미디엄', '볼펜', '포장', '경험', '대량']"
사무용품,펜 및 리필,펜 리필,,B075T8SL7X,"MengRan 트위스트 펜용 11.4cm(4.5인치) 볼펜 잉크 펜 리필, 미디엄 팁, 크로스 펜 리필과 호환 (블랙 잉크 20개)",MengRan,11066,11066,4.4,1203.0,부드러운 필기: 중간 지점과 3점 지원 펜 팁 기술이 특징인 이 리필은 건너뛰지 않고 부드럽게 미끄러집니다. 오래 지속되는 잉크: 큰 잉크 용량으로 제작된 각 리필은 교체가 필요하기 전에 수천 개의 문자에 대해 신뢰할 수 있는 필기 성능을 제공합니다. 빠른 건조 잉크: 빠르게 건조되는 잉크로 글씨가 번지지 않으므로 페이지가 마를 때까지 기다리지 않고도 즉시 새로운 작업을 시작할 수 있습니다. 내구성 있는 팁: 스테인리스 스틸 펜촉과 텅스텐 카바이드 볼로 제작된 필기 팁은 너무 빨리 마모되지 않고 과도한 사용을 견딜 수 있도록 제작되었습니다. 범용 리필: 많은 인기 브랜드의 펜에 맞는 사이즈의 이 리필은 좋아하는 필기구를 지속적으로 사용할 수 있는 비용 효율적인 방법을 제공합니다.,"MengRan 펜 리필은 좋아하는 펜을 부드럽게 쓸 수 있도록 하기에 적합합니다. 중간 포인트의 잉크 리필로 다양하게 사용할 수 있습니다. 각 리필에는 3포인트 서포트 펜 팁이 있어 미끄러지며 잉크를 연속적으로 어두운 선으로 눕힐 수 있습니다. 빠르게 건조되는 잉크는 더 이상 손에 번지거나 얼룩이 생기지 않습니다. 큰 잉크 용량과 매우 긴 필기 길이로 수천 개의 메모, 목록 및 문서를 안정적으로 쓸 수 있습니다. 프리미엄 소재로 제작된 스테인리스 스틸 펜촉과 텅스텐 카바이드 볼은 세션 후에도 선명하고 일관된 성능을 보장합니다. 지금 비축하고 중요한 필기 작업을 위해 리필이 부족할 염려가 없습니다.","['잉크', '리필', '펜', '필기', '제작', '건조', '빠르다', '부드럽다', '카바이드', '스테인리스']"
사무용품,펜 및 리필,펜 리필,,B0995DQFSG,0.7mm 블랙 컬러 볼펜 리필 학교 사무용품 30개,SHIMAIXJYY,10456,10456,4.1,213.0,"사양: 총 30개의 볼펜 교체 리필, 볼펜 리필 길이는 107mm/4.2인치, 팁 모델은 0.7mm입니다. 사용 상황: 일상, 직장 및 공부용으로 적합합니다. 볼펜에 맞게 리필 끝 부분을 자를 수 있습니다. 제품 특징: 이 볼펜 리필은 사용하기 쉽고 부드러운 필기입니다. 소재: 고품질 플라스틱 참고: 주문하기 전에 길이를 확인하십시오.","100% 신상품 및 고품질! 유형: 볼펜 리필 리필 헤드: 총알 모양 잉크 색상: 블랙. 리필 길이: 99mm (펜 포인트의 일부는 포함되지 않음), 총: 107mm 패키지 포함: 볼펜 리필 30개 참고: 주문하기 전에 길이를 확인하십시오.","['리필', '볼펜', '블랙', '참고']"
사무용품,펜 및 리필,펜 리필,,B08LR2JXBD,"접이식 펜용 젤 잉크 리필 12개 팩, 미디엄 팁 포인트 0.7mm, 블랙 잉크, 접이식 펜에 적합, 범용 사이즈 리필, 115mm/11.5cm/4.5인치(블랙, 115mm)",Lenden,13642,13642,4.1,279.0,"접이식 펜용 블랙 젤 잉크 리필 12개 팩 미디엄 젤 리퀴드 잉크 0.7mm, 블랙 잉크, 부드러운 필기 접이식 볼펜을 젤 잉크로 친환경적으로 교체하세요. 범용 사이즈. 길이 115mm/11.5cm/4.5인치. 너무 긴 경우 기존 길이에 맞게 끝을 100mm(4인치)까지 자를 수 있습니다. 각 젤 펜 끝 부분에 보호 왁스가 있습니다. 사용하기 전과 튜브를 자르기 전에 제거하십시오",젤 리퀴드 리필 잉크 12개 팩으로 판매됩니다. 사이즈는 115mm / 4.5인치 / 4.5인치입니다. 당사의 리필은 기존 펜에 맞게 끝을 자를 수 있는 범용 크기입니다. 좋아하는 볼펜을 젤 잉크 펜으로 바꿀 수 있습니다.,"['잉크', '리필', '블랙', '펜', '접이식', '범용', '기존', '펜용', '미디엄', '퀴드']"
사무용품,펜 및 리필,펜 리필,,B01E8PFKWU,"MengRan 7.9cm(2.75인치) 미니 볼펜 리필, 표준 D1 볼펜 리필 (블랙 모자 제거), 금속 리필, 블랙 잉크 펜 리필 (10개 팩)",MengRan,11066,8296,4.5,2487.0,"블랙 잉크, 미디엄 포인트. 길이: 2.75인치, 7CM (블랙 모자 포함) 블랙 모자를 벗는 동안 표준 D1 볼펜 리필이 될 것입니다. 길이: 6.75cm, 6.75cm (블랙 모자 제거). 부드러운 글씨. MengRan의 스타일러스 볼펜에 적합합니다. 스타드 D1 펜 리필이 있는 펜에도 적합합니다. 자리 잡기 전에 펜 리필을 측정하십시오.",,"['리필', '블랙', '볼펜', '펜', '모자', '표준', '제거', '잉크']"
사무용품,펜 및 리필,펜 리필,,B095BXYBZB,JANYUN 100피스 잉크 펜 리필 교체 가능한 볼펜 리필 블랙 잉크 리필 0.7mm 부드러운 필기 펜 리필 접이식 펜 사무실 학교 용품(블랙),JANYUN,9681,9681,4.2,918.0,"【부드러운 필기 및 내구성】볼펜 리필은 고품질 플라스틱으로 만들어져 밝은 표면, 좋은 질감, 대용량 디자인으로 오랫동안 쓸 수 있습니다. 펜 리필의 끝은 매끄럽고 잉크가 깨지지 않습니다. 부드러운 필기 경험을 제공합니다. 【빠른 잉크 건조】잉크 펜 리필은 필기 후 빠르게 건조되므로 변색, 흘림 및 얼룩 없이 글씨를 최대한 매끄럽게 유지하여 손과 커프스를 깨끗하게 유지하는 데 도움이 됩니다. 【다양한 용도】블랙 잉크 리필은 대부분의 볼펜에 적합하며 훌륭한 서비스를 제공합니다. 팁에는 구형 캡이 있어 펜과 잉크를 신선하게 유지할 수 있으며 글쓰기, 학습 및 작업에 적합합니다. 【쉬운 사용】 젤 잉크 리필은 사용하기 매우 쉽고 필요에 따라 자를 수 있습니다. 리필 길이가 너무 길면 펜 케이스에 맞게 길이를 자를 수 있으며 마지막으로 펜 케이스에 설치하면 사용할 수 있습니다. 【충분한 수량】0.7mm 접이식 펜 리필 총 100개(블랙), 길이는 약 10.7cm(4.2인치)/10.2cm(4.2인치)로 매일 사용하기에 충분합니다. 공부나 사무실에서 볼펜 리필을 쉽게 교체할 수 있습니다.",,"['리필', '펜', '잉크', '블랙', '필기', '볼펜', '유지', '부드럽다']"
사무용품,펜 및 리필,펜 리필,,B093W2FXCX,"MengRan 9.9cm(3.9인치) 볼펜 리필, 0.7mm 미디엄 포인트, Parker 호환 펜 리필(블랙 잉크, 10팩)",MengRan,8296,8296,4.6,486.0,"블랙 잉크, 미디엄 포인트, 10개 팩 Parker 호환 볼펜 리필, Parker 제품 #1782469와 비교하세요. 모든 Parker 볼펜과 Parker 스타일 볼펜 리필을 사용하는 모든 펜에 맞습니다. 맞지 않음: Parker 롤러볼 펜 리필을 주문하기 전에 사진을 빈 잉크 카트리지와 일치시켜 3.9인치/99mm인지 확인하십시오.",,"['리필', '볼펜', '펜', '잉크', '호환', '포인트', '블랙', '미디엄', '카트리지', '일치']"
사무용품,펜 및 리필,펜 리필,,B09YNGY3YN,"PASISIBICK 플라스틱 비더블 펜 리필 100개, 6.2cm(2.44인치)/6.2cm(2.44인치) 블랙 잉크 부드러운 필기 펜 리필 비즈 펜 DIY PPL 선물(100개 팩)",PASISIBICK,12146,12146,4.6,2061.0,"길이: 2.44 인치 (6.2 cm), 블랙 잉크, 미디엄 포인트, 100개 팩 표준 리필: 플라스틱 비즈 펜에 적합합니다 펜 볼 사이즈: 1.0 mm 품질: 부드럽게 쓸 수 있습니다. 고품질 훌륭한 가방: 투명하고 아름다운 가방 포장","①길이: 2.44인치(6.2cm), 블랙 잉크, 중간 굵기, 100개 팩 ② 표준 리필: 비즈 펜에 적합. ③ 펜 볼 사이즈: 1.0 mm ④ 품질: 부드럽게 글씨를 쓸 수 있습니다. 고품질 ⑤ 훌륭한 가방: 투명하고 아름다운 크래프트 종이 가방 포장. ⑥치수: 비즈 장식 펜 리필은 약 길이 6.2cm(2.44인치), 플라스틱 비즈 펜에 잘 맞습니다. 잉크 색상: 이 비즈 펜 리필 벌크는 우리가 자주 사용하는 블랙 잉크입니다. 훌륭한 파티 선물이 됩니다","['펜', '리필', '비즈', '잉크', '가방', '블랙', '부드럽다', '훌륭하다', '플라스틱', '투명하다']"
사무용품,펜 및 리필,펜 리필,,B004I9CZ2U,Cross 볼펜 리필 펜 필기구,Cross,10110,10110,4.6,28398.0,최적의 성능을 보장하기 위해 표준 Cross 볼펜과 함께 사용할 수 있습니다 범용 필기에 적합하며 모든 종이에 사용할 수 있습니다 원산지: 중국 패키지 무게: 0.5kg(1파운드) 블랙 잉크 정품 Cross 리필 미디엄 포인트,Cross 범용 볼펜 리필 - 미디엄 포인트 - 블랙 - 2팩,"['리필', '볼펜', '미디엄', '포인트', '범용', '블랙', '정품', '보장', '성능', '잉크']"
사무용품,펜 및 리필,펜 리필,,B0CMC4HWD7,2-in-1 접이식 볼펜 리필 50개 - 터치 스크린 스타일러스 펜 리필 - 9.8cm(3.85인치) 펜 리필,AUBEINSON,13836,13836,3.8,26.0,사이즈: 리필 길이 9.8cm/3.85인치 참고: 구입하기 전에 사이즈를 확인하십시오 수량: 비즈블 펜 리필 50팩 적합성: 사진에서 볼펜의 종류를 확인하십시오.,블랙/블루 비즈블 펜 리필,"['리필', '펜', '비즈', '볼펜', '터치', '참고', '종류', '접이식', '적합', '스타일러스']"
사무용품,펜 및 리필,펜 리필,,B0CHL4KJHM,"Garland 범용 #1 크로스 호환 볼펜 리필, 미국산 제품, 1.0mm 미디엄 포인트, 부드러운 필기, 5팩 (블랙)",Garland,13836,13836,4.4,196.0,"절대 고정되지 않음: Garland Universal #1 리필은 미국에서 만든 고품질 리필입니다. 낮은 품질의 수입품에 만족하지 마세요 매끄러움: 리필은 처터 끝까지 부드럽게 눕습니다. 아름다운 펜에는 프리미엄 리필이 필요합니다. 평생 기념품: 펜이 선물이었을 수도 있고 훌륭한 성과를 기념하기 위해서일 수도 있습니다. 아마도 이 펜은 아버지나 어머니로부터 물려받은 것입니다. 리필을 준비하여 이 특별한 펜을 소중히 간직하세요. 블랙 또는 블루: 블랙 잉크와 블루 잉크로 제공됩니다. A Century of Dedication: 1920년대부터 Garland 는 진정으로 독특하고 특별한 펜을 만드는 데 있어 그 자체로 명성을 얻었습니다. 당사의 모든 미국산 제품은 엄격한 품질 관리 테스트를 거치며 평생 약속을 포함합니다. 부드러운 글씨, 견고한 최고 품질의 느낌 및 우아한 이미지 향상은 고객이 좋아하는 모든 특성이며, 이러한 화려한 액세서리에 대한 놀라운 경제성과 함께 제공됩니다. 질문이 있으십니까? 언제든지 친절한 팀과 연락하세요.","Garland 1920년대부터 미국에서 펜을 제작해 왔으며, 당사의 모든 펜은 여전히 미국 제조 부품으로 뉴저지 공장에서 제작됩니다. 이제 Garland 트위스트 펜에 맞는 #1 범용 리필을 구입할 수 있습니다. 이 리필은 크로스 펜 및 #1 범용 리필을 사용하는 기타 스타일에도 사용할 수 있습니다. 블루와 블랙 색상으로 제공되며, 각 팩에는 어댑터가 있는 리필 5개가 함께 제공됩니다.","['리필', '펜', '미국', '블랙', '범용', '블루', '부드럽다', '특별하다', '수도', '잉크']"
사무용품,펜 및 리필,펜 리필,,B096VNYHVS,"펜 리필 12개, 블랙 잉크 1.0mm 미디엄 포인트 메탈 볼펜 리필 부드러운 필기 펜 리필 교체용 리필 접이식 볼펜 학교 사무용품(블랙)",Outus,7603,7603,4.5,1063.0,"제품 구성: 패키지에는 교체 가능한 검은색 펜 리필 12개가 포함되어 있으며, 각 제품은 길이 9.9cm(3.9인치)/9.9cm(3.9인치), 부드러운 필기를 위한 1.0mm 중간 포인트입니다. 많은 양의 펜 리필로 사용하기에 충분합니다. 반 친구 및 동료와 공유할 수 있습니다 다양한 용도: 미디엄 포인트 메탈 리필은 사무실, 비즈니스, 교실, 상점, 학교 및 가정 등과 같은 다양한 시나리오에서 사용하기에 적합합니다. 친구, 가족, 어린이 및 학생에게 선물로 줄 수도 있습니다 고품질 소재: 접이식 펜 리필의 외부 쉘은 신뢰할 수 있는 금속을 채택하고 내구성이 뛰어나고 견고하며 내부 잉크는 고품질 소재로 만들어져 높은 연색성과 균일한 유동성을 가지고 있어 리필이 신뢰할 수 있으며 종이에 부드럽게 쓰거나 그릴 수 있습니다 편리한 사용: 볼펜 리필은 휴대가 간편하고 실용적이며 휴대가 편리하며 리필 헤드에 보호 커버가 있어 잉크가 새는 걱정 없이 주머니에 넣을 수 있습니다. 포켓 사이즈는 보관하기 쉽고 여행 및 출장에도 적합합니다. 주문하기 전에 펜 리필을 측정하고 제품 사진과 사양과 비교하십시오. 우수한 성능: 1.0mm 팁이 있는 교체 가능한 블랙 잉크 리필로 종이에 부드럽고 쉽게 미세한 선을 쓰거나 그릴 수 있습니다. 접이식 펜에 잘 맞으며 교체하기 편리하며 낭비를 줄이는 데 실용적이며 다른 펜을 선택하는 데 시간을 절약할 수 있습니다",,"['리필', '펜', '부드럽다', '잉크', '볼펜', '포인트', '편리하다', '블랙', '접이식', '휴대']"
사무용품,펜 및 리필,펜 리필,,B0995YLB5P,"30피스 펜 리필 잉크 펜 리필 볼펜 리필 교체 볼펜 블랙 접이식 펜 사무실 대학 학교 용품 (블랙, 1mm)",Sepamoon,9681,9681,4.2,1126.0,"적절한 수량: 패키지에 접이식 펜을 위한 볼펜 교체 리필 30개가 있어 일상 생활에서 사용하고 교체하기에 충분하며 글쓰기, 공부 및 작업 요구 사항을 충족합니다 고품질 소재: 접이식 펜 교체 리필의 쉘은 고품질 플라스틱으로 만들어졌으며 내부의 잉크는 고품질 소재로 만들어졌으며 높은 연색성과 고르게 흐릅니다. 펜 리필은 내구성이 뛰어나고 종이에 부드럽게 쓸 수 있습니다. 운송으로 인한 잉크 누출을 방지하기 위해 펜촉에 밀봉 왁스를 추가했습니다 간편한 사용: 접이식 펜 리필은 사용하기 매우 쉽고 필요에 따라 자를 수 있습니다. 먼저 리필을 교체해야 하는 펜 케이스를 준비한 다음 펜 케이스와 리필의 길이를 비교하십시오. 리필 길이가 너무 길면 펜 케이스에 맞게 길이를 자를 수 있습니다. 마지막으로 펜 케이스에 설치하면 사용할 수 있습니다 실용적인 선물: 이 접이식 펜 리필 세트는 여분의 리필로 사용할 수 있을 뿐만 아니라 접이식 펜을 가진 가족, 반 친구, 동료 및 친구를 위한 선물로 사용할 수 있습니다. 유용하고 사려 깊은 선물이 될 것입니다 제품 특성: 강조해야 할 점은 이 접이식 펜 교체 리필 세트의 잉크 색상은 파란색 또는 검정색이며, 팁 모델은 0.7mm이며 길이는 약 10.7cm/4.2인치입니다. 참고: 너무 긴 펜에는 적합하지 않습니다. 제품 크기에 주의해야 합니다","특징: 다양한 용도: 접이식 펜용 젤 잉크 리필은 가정, 사무실, 학교, 공장 등을 위한 실용적인 액세서리이며 쓰기, 드로잉, 스케치 등에 사용할 수 있습니다. 적절한 길이: 각 젤 잉크 펜 리필은 길이가 약 10.7cm/4.2인치이며, 접이식 펜에만 적합할 뿐만 아니라 다양한 펜에 맞게 길이를 자를 수 있습니다. 사양: 소재: 플라스틱, 잉크 잉크 색상: 사진과 같음 수량: 30개 패키지 구성: 접이식 펜 교체 리필 30개. 참고: 수동 측정이므로 사이즈에 약간의 오차가 있을 수 있습니다.","['펜', '리필', '접이식', '잉크', '케이스', '볼펜', '선물']"
사무용품,펜 및 리필,펜 리필,,B09M7W6K5V,"0.7mm 접이식 펜 리필 교체 볼펜 리필 블랙 및 블루 잉크 펜 리필 접이식 펜 사무실 학교 용품용, 길이 107mm (30개)",Outus,8988,8988,3.9,511.0,"패키지 구성: 접이식 펜용 0.7mm 볼펜 교체 리필 30개가 제공됩니다. 길이 4.2인치/107mm. 충분한 수량으로 다양한 글쓰기, 학습 및 작업 요구 사항을 충족할 수 있으며 친구 및 반 친구들과 공유할 수 있습니다 편리한 사용: 접이식 펜 리필의 길이를 다양한 펜과 일치하도록 자를 수 있어 시간과 에너지를 절약할 수 있습니다. 휴대가 간편하고 실용적입니다. 리필 길이가 너무 길면 펜 케이스에 맞게 길이를 자를 수 있습니다. 마지막으로 펜 케이스에 설치하면 사용할 수 있습니다 안전한 사용: 접이식 펜 교체용 리필의 쉘은 고품질 플라스틱으로 만들어졌으며 냄새가 없고 신뢰할 수 있습니다. 내부의 잉크는 고품질 소재를 채택하여 높은 연색성과 고르게 흐릅니다. 전체 리필이 내구성이 뛰어나고 종이에 부드럽게 쓸 수 있습니다 뛰어난 성능: 볼펜 리필은 0.7mm 팁이 있어 종이에 부드럽고 쉽게 미세한 선을 쓰거나 그릴 수 있습니다. 접이식 펜에 잘 맞으며 교체가 편리하며 폐기물을 줄이는 데 유용하며 다른 펜을 선택하는 시간을 절약할 수 있습니다 사용 용도: 이 펜 리필은 가정, 교실, 사무실, 상점 등을 포함한 모든 행사에 사용하기에 적합하며 보관이 쉬운 포켓 크기를 충분히 리필할 수 있습니다. 다른 사람에게 선물로 줄 수도 있습니다",,"['리필', '펜', '접이식', '볼펜', '케이스', '절약', '종이', '충분하다', '부드럽다', '친구']"
사무용품,펜 및 리필,펜 리필,,B010NDMYV6,Pentel EnerGel 리퀴드 젤 펜용 리필 잉크 / 0.7mm 블랙 잉크 / 리필 10개 밸류 세트,Pentel,8587,8587,4.8,5106.0,10개 팩,Pentel EnerGel LR-7 블랙 리필 10개 팩 잉크 색상: 블랙,"['잉크', '블랙', '리필', '펜용', '퀴드']"
사무용품,펜 및 리필,펜 리필,,B0BQC82G1Z,"블랙 잉크 비즈 펜 리필 100개, 교체 가능한 펜 리필, 플라스틱 비즈 볼펜 잉크 리필용 (블랙)",AUBEINSON,12160,12160,4.8,188.0,사이즈: 리필 길이 6cm/2.36인치 참고: 구입하기 전에 사이즈를 확인하십시오 수량: 비즈블 펜 리필 100팩 적합성: 사진에서 볼펜의 종류를 확인하십시오.,블랙/블루 비즈블 펜 리필,"['리필', '펜', '비즈', '블랙', '잉크', '볼펜', '플라스틱', '참고', '종류', '적합']"
사무용품,펜 및 리필,펜 리필,,B0BHZPG8ZX,볼펜 리필 1.0mm 포인트 블랙 잉크 24개,U-RIGHT,9681,9681,4.5,90.0,"제품 구성: 블랙 오일 베이스 잉크 리필 24개, 미디엄 포인트 1.0mm, 박스 포장. 리필 사이즈: 길이 3.9- / 너비 3.9- 중요: 주문하기 전에 리필을 제거하고 길이와 너비를 측정하십시오. 부드러운 쓰기: 텅스텐 카다이드 포인트, 마찰 방지 및 부드러운 필기, 자유로운 흐름, 오래 지속. 훌륭하고 견고하며 무독성, 완벽한 잉크 리필로 펜을 오래 사용할 수 있습니다.",플라스틱 펜 리필,"['리필', '잉크', '포인트', '펜', '부드럽다', '블랙', '오일', '구성', '마찰', '무독성']"
사무용품,펜 및 리필,펜 리필,,B0BTBYF7SH,"MESMOS 9.8cm(3.9인치) 펜 리필 볼펜 6팩, 볼펜 파커 펜과 호환, 교체용 잉크 펜 리필, 1.0mm 부드러운 필기 팁 볼펜 리필, 잉크 카트리지 펜(블랙 잉크)",MESMOS,21190,19320,4.4,171.0,"다시는 잉크가 떨어지지 않습니다! 독일에서 만든 고품질 잉크와 스위스에서 제조된 정밀 팁이 특징인 Mesmos 6팩 볼펜 리필로 좋아하는 펜을 몇 년 동안 계속 사용하세요. 두 번 측정하고 한 번 리필하세요! 실망하지 않도록 기존 펜 카트리지의 길이가 98mm(3.9인치)이며 직경이 6mm(0.22인치)인지 다시 확인하십시오. 악명 높은 Parker 볼펜과 여성용 Mesmos 파스텔 펜, 남성용 미드나잇 펜을 포함한 시중의 대부분의 볼펜과 호환됩니다 이 1.0mm 미디엄 팁 오일 베이스 블랙 잉크 리필로 매우 부드러운 글쓰기를 즐기세요. 필기를 쉽게 할 수 있습니다. 메모와 저널링에 적합합니다. 돈을 절약하고 지구를 구하세요 - 매번 새 펜을 구입하는 대신 Mesmos 리필로 전환하여 지구와 지갑에 변화를 주세요. 수익금은 여성의 인간 이니셔티브를 지원하는 비영리 재단인 Global Fund에 기부되므로 구매와 차이를 만드십시오.",,"['펜', '볼펜', '잉크', '리필', '필로', '지구', '블랙', '부드럽다', '호환', '필기']"
사무용품,펜 및 리필,펜 리필,,B07FFQRKC9,"PASISIBICK 7.9cm(2.75인치) 블랙 잉크 크리스탈 펜 리필, 표준 D1 볼펜 리필 (블랙 모자 제거), 금속 리필(20개 팩)",PASISIBICK,8296,8296,4.5,2029.0,"길이 : 2.75 inch (7 cm), 블랙 잉크, 미디엄 포인트, 20개 팩 표준 리필: 액체 모래 펜, 공구 펜, 꽃 펜, 빈 펜 및 기타 스타일러스 크리스탈 펜에 적합합니다 펜 볼 사이즈: 1.0mm 품질: 부드럽게 글씨를 쓸 수 있습니다. 고품질 훌륭한 가방: 투명하고 아름다운 가방 포장","길이 : 2.75 inch (7 cm), 블랙 잉크, 20개 팩 표준 리필: 이 리필은 크리스탈 펜, 빈 펜, 꽃무늬 펜 및 기타 스타일러스 펜에 적합합니다. 펜 볼 사이즈: 1.0mm 품질: 부드럽게 글씨를 쓸 수 있습니다. 고품질  훌륭한 가방: 투명하고 아름다운 가방 포장. 수량: 블랙 잉크 크리스탈 펜 리필 20개가 제공됩니다. 모두 크래프트 종이 봉투에 담겨 제공되어 편리하게 보관할 수 있습니다. 표준 호환 리필: 이 액체 샌드 펜 리필은 약 길이 7cm/2.75인치. 부드러운 필기를 위한 1.0mm 미디엄 팁이 특징입니다. 고품질 잉크: 블랙 블루 잉크 리필은 부드러운 필기, 방수 및 빠른 건조 잉크와 잘 어울립니다. 좋아하는 펜의 수명을 연장하는 데 도움이 됩니다. 적용 가능: 다기능 볼펜 리필은 크기가 펜과 잘 어울리는 한 대부분의 볼펜에 맞습니다. 사무실, 학교에 적합합니다. 및 홈 응용 프로그램참고 사항: 이 제품을 구입하기 전에 펜을 풀고 2.75인치/7cm 길이 리필에 맞는지 확인하십시오","['펜', '리필', '잉크', '블랙', '가방', '표준', '부드럽다', '크리스탈', '볼펜']"
사무용품,펜 및 리필,펜 리필,,B01GPM3OIQ,"Parker Parker 리트랙터블 젤 잉크 롤러 볼 펜용 리필, 미디엄 코니컬 팁, 블랙 잉크, 2/팩",Parker,11066,11066,4.6,23372.0,좋아하는 젤 펜의 수명을 연장하세요. 원뿔형 롤러 볼 팁은 읽기 쉬운 제어된 필기를 제공합니다. 모든 Parker 접이식 젤 잉크 펜에 맞습니다. Parker 리필은 접이식 롤러 볼펜과 함께 사용할 수 있습니다 1년 제한 이 포함되어 있습니다,모든 Parker® 펜 리필과 마찬가지로 이 접이식 젤 잉크 롤러 볼 펜 리필은 고품질의 필기 경험을 제공합니다. 잉크가 완벽하게 분사되며 원뿔형 롤러 볼 포인트는 대담하고 어두운 선을 그립니다.,"['롤러', '잉크', '펜', '리필', '접이식', '필기', '원뿔형']"
사무용품,펜 및 리필,펜 리필,,B00P1PJ352,"Pilot Precise V5 RT 리퀴드 잉크 리트랙터블 롤러볼 펜 리필, 0.5mm, 엑스트라 파인 포인트, 블랙 잉크, 12개 팩",Pilot,17991,17991,4.9,2295.0,2개 팩으로 판매됩니다. 2.5m(8피트) 거리에서 기록하도록 성능 테스트를 거쳤습니다. 빠른 건조 및 방수.,"특허 받은 고급 액체 잉크 기술 배합으로 일관되고 부드럽게 흐르는 글씨를 제공합니다. 2.5m(8피트) 거리를 기록하도록 성능 테스트를 거쳤습니다. Pilot 제품은 번짐 없는 결과를 위해 빠른 건조, 방수 잉크를 제공합니다.","['잉크', '빠르다', '건조', '기록', '방수', '성능', '거리', '테스트', '퀴드', '트랙터']"
사무용품,펜 및 리필,펜 리필,,B07ZYFDDSG,"Unibene Cross 호환 볼펜 리필 20팩, 1.0mm 미디엄 포인트-블랙, 부드러운 필기 교체 가능한 독일 잉크 리필",Unibene,11066,11066,4.5,2828.0,"【범용】: 모든 크로스 볼펜과 크로스 스타일 볼포인트 리필을 사용하는 모든 펜에 맞습니다. 저널링 용지, 중간 무게의 스케치북 용지, 프린터 용지, 저렴한 노트 용지에 부드럽게 쓸 수 있습니다. 【최고 품질】: 금속 샤프트와 독일산 속건성 잉크로 오리지널 제조업체 품질로 손가락이 더러워질 염려가 없습니다. 오래된 펜을 새로운 삶으로 만드세요. 【필기를 즐기세요】: 독일 잉크는 대담하고 생생하며 볼펜의 중간 팁은 쉽고 매끄럽고 매력적인 방식으로 종이를 가로질러 미끄러집니다. 종이에 꿈처럼 잉크가 흐르는 것을 느껴보세요. 번지거나 건너뛰지 않습니다. 【내구성】: 높은 잉크 볼륨으로 장시간 사용할 수 있으며 800미터 이상 쓸 수 있습니다. 100% 만족 보장: 만족하지 않으십니까? 무조건 교환 및 환불을 제공하며, 저희에게 연락하시면 반품이 필요하지 않습니다.",,"['잉크', '용지', '리필', '독일', '볼펜', '크로스', '중간', '종이', '부드럽다', '펜']"
사무용품,펜 및 리필,펜 리필,,B0CHCDZ87J,"MESMOS 6팩 크로스 호환 펜 리필 볼펜 블랙 잉크, 1mm 미디엄 포인트, 독일산 잉크 및 스위스 제작 펜촉, 펜 교체 리필, 116mm(4.5인치) (블랙 잉크)",MESMOS,17935,16550,4.6,25.0,다시는 잉크가 떨어지지 않습니다! 독일에서 만든 고품질 잉크와 스위스에서 제조된 정밀 팁이 특징인 Mesmos 6팩 볼펜 리필로 좋아하는 펜을 몇 년 동안 계속 사용하세요. 두 번 측정하고 한 번 리필하세요! 실망을 피하기 위해 기존 펜 카트리지의 길이가 116mm(4.5인치)인지 다시 확인하십시오. 크로스 볼펜 및 매우 놀라운 Mesmos 깅엄 펜 세트와 호환됩니다. 이 1.0mm 미디엄 팁 오일 베이스 블랙 잉크 리필로 매우 부드러운 글쓰기를 즐기세요. 필기를 쉽게 할 수 있습니다. 메모와 저널링에 적합합니다. 돈을 절약하고 지구를 구하세요 - 매번 새 펜을 구입하는 대신 Mesmos 리필로 전환하여 지구와 지갑에 변화를 주세요. 수익금은 여성의 인간 이니셔티브를 지원하는 비영리 재단인 Global Fund에 기부되므로 구매와 차이를 만드십시오.,,"['잉크', '펜', '필로', '블랙', '볼펜', '호환', '지구', '미디엄', '스위스', '리필']"
사무용품,펜 및 리필,펜 리필,,B0CPSGC63C,"비즈 펜 리필 200개, 플라스틱 비즈 볼펜 리필 블랙/블루 잉크 1.0mm 교체 가능한 펜 리필 부드러운 필기 비즈 펜 리필 6.2cm(2.44인치) (블랙)",TIESOME,13143,11066,4.5,5.0,"【제품 구성】: 오랫동안 사용할 수 있는 충분한 양의 블루/블랙 대용량 볼펜 리필 200개를 대량으로 받게 됩니다. 【사이즈】: 비즈 펜 리필 사이즈는 약 6.2cm/2.44인치입니다. 리필은 작고 휴대가 쉽습니다. 리필은 지갑, 가방 또는 주머니에 넣을 수 있습니다. 남성, 여성, 학생, 작가 등에 적합합니다. 【내구성 있는 소재】: 잉크 펜 리필은 고품질 플라스틱과 잉크로 만들어져 내구성이 뛰어나고 가벼우며 쉽게 바래지 않습니다. 볼펜 리필은 매우 유용한 액세서리입니다. 사무실, 학교, 비즈니스 및 기타 행사에 적합합니다. 【실크처럼 빠르게 건조되는 잉크】: 볼펜 리필은 빠르게 건조되고 밝은 색상과 부드러운 필기를 가지고 있으며 쉽게 얼룩을 일으키지 않습니다. 서명, 메모 작성 및 글쓰기에 적합합니다. 【쉬운 사용】: 비즈 펜은 플라스틱 볼펜과 볼펜에 적합합니다. 잉크 리필을 교체하려면 볼펜에서 잉크 리필을 제거하고 잉크 리필을 교체하면 편리합니다.",포장 목록: 200피스 비즈 펜 볼펜 리필 (블랙) / 200pcs 비즈 펜 볼펜 리필 (블루)//펜 팁: 1mm//제품 크기: 6.2cm/2.44인치//소재: 플라스틱 + 잉크//색상: 블랙/블루,"['리필', '볼펜', '펜', '잉크', '비즈', '블랙', '플라스틱', '블루', '구성']"
사무용품,펜 및 리필,펜 리필,,B0CQP6F32P,"블랙 잉크 리필, 교체 가능한 볼펜 리필, 미디엄 포인트 메탈 리필 10팩",CFDXK,6911,6911,4.3,103.0,"리필 가능한 볼펜: 이 리필 가능한 볼펜은 중간 포인트 팁이 있어 메모 작성, 일기 작성 및 문서 서명과 같은 일상적인 필기 작업에 적합합니다. 펜은 얼룩 방지 및 오래 지속되는 내구성 있는 블랙 잉크로 만들어져 필기를 선명하고 깨끗하게 유지합니다. 교체 가능한 잉크 카트리지: 펜은 교체 가능한 잉크 카트리지와 함께 제공되므로 잉크가 부족할 때 쉽게 리필할 수 있습니다. 리필 가능한 카트리지는 표준 잉크 카트리지 및 대용량 잉크 카트리지를 포함한 다양한 잉크 유형과 호환되므로 필요에 가장 적합한 옵션을 선택할 수 있습니다. 스테인리스 스틸 와이어 메쉬 필라멘트 바늘: 펜에는 10개의 스테인리스 스틸 와이어 메쉬 필라멘트 바늘이 포함되어 있어 잉크 카트리지를 잉크로 채우는 데 적합합니다. 바늘은 작고 정확하여 지저분하거나 흘리지 않고 카트리지를 쉽게 채울 수 있습니다. 편안한 그립감: 펜은 편안한 그립으로 장시간 잡기 쉽습니다. 그립은 긴 필기 세션 중에도 편안한 필기 경험을 제공하도록 설계되었습니다. 내구성 있는 구조: 펜은 튼튼한 금속 배럴과 내구성 있는 플라스틱 팁을 포함한 내구성 있는 소재로 만들어졌습니다. 이렇게 하면 펜이 정기적인 사용을 견딜 수 있으며 수년간 사용할 수 있습니다.",,"['잉크', '카트리지', '가능하다', '리필', '펜', '구성', '필기', '바늘', '편안하다', '볼펜']"
사무용품,펜 및 리필,펜 리필,,B09WDR1YK7,"Scriveiner 만년필 잉크 카트리지 - 블루 - 표준 국제 잉크 카트리지 20개, 영국산, Scriveiner 펜을 위한 최고의 카트리지, 다양한 만년필에 맞는 리필 사이즈",Scriveiner,20761,20761,4.6,1107.0,영국산 Scriveiner 펜용으로 디자인 - Scriveiner 만년필을 최대한 활용하세요! 탁월한 품질의 잉크 - 페이지에 아름답게 흐르는 영구 잉크 국제 표준 크기의 잉크 카트리지 리필을 사용할 수 있는 모든 고품질 만년필에 맞습니다 100% 고객 만족 보장 - 리필에 만족하지 못하셨다면 저희에게 알려주시면 바로 해결해 드리겠습니다.,20팩 블랙 국제 표준 사이즈 잉크 카트리지는 시중의 거의 모든 만년필에 맞습니다.,"['잉크', '만년필', '카트리지', '표준', '국제', '리필', '국산']"
사무용품,펜 및 리필,펜 리필,,B00P17SB94,"Pilot Dr. Grip 중심 볼펜 리필, 미디엄 포인트, 블랙 잉크, 리필 2개 3팩 (총 6개 리필)",Pilot,10096,10096,4.7,3393.0,"빠른 건조, 방수 및 얼룩 없는 결과를 제공합니다 특허받은 고급 액체 잉크 기술 배합은 일관되고 부드럽게 흐르는 필기를 제공합니다. 파이롯트를 믿어 프리미엄 필기 결과를 제공합니다.","빠른 건조, 방수 및 번짐 없는 결과를 제공합니다. 특허 받은 고급 액체 잉크 기술 배합으로 일관되고 부드럽게 흐르는 글씨를 제공합니다.","['리필', '잉크', '필기', '액체', '고급', '방수', '배합', '부드럽다', '빠르다', '일관']"
사무용품,펜 및 리필,펜 리필,,B0D4RQKQQ7,"Pentel 리필 잉크 - EnerGel 젤 펜용, 0.7mm 금속 팁, 미디엄, 블랙 잉크, 리필 6개 팩",Pentel,11218,8988,,,"EnerGel 0.7mm 블랙 잉크 리필 6개 팩 고성능 잉크 기술은 액체와 젤 잉크의 최고 품질을 결합하여 매우 부드러운 필기 경험을 제공합니다 액체 젤 잉크는 왼손잡이 작가들도 매우 빠르게 건조됩니다. 번짐이나 얼룩, 얼룩이 생기지 않습니다 EnerGel 잉크는 주요 브랜드*보다 더 부드럽게 쓸 수 있습니다(*표준 필기 용지의 주요 젤 펜보다 부드러운 필기하도록 내부 테스트 완료) 0.7mm 금속 팁은 중간 선을 씁니다",액체와 젤 잉크의 융합으로 탁월한 품질과 장인 정신.,"['잉크', '필기', '리필', '부드럽다', '액체', '금속', '주요', '블랙', '얼룩']"
사무용품,펜 및 리필,펜 리필,,B009QYH9CI,"Pilot, FriXion 지울 수 있는 펜용 볼 젤 잉크 리필, 파인 포인트 0.7mm, 3팩, 블랙",Pilot,7949,7949,4.7,5266.0,"고품질 리필: FriXion Ball용 리필 가능한 잉크로 좋아하는 펜을 영원히 사용할 수 있습니다 스트레스 없는 쓰기: 리필로 문서를 손상시키지 않고 쓰기, 지우기 및 다시 쓸 수 있습니다. 독특한 열에 민감한 잉크는 마찰을 지우면서 완전히 사라집니다 혁신적인 디자인: FriXion 볼 리필은 생생하고 매끄러운 젤 잉크를 사용하여 모든 필기 목적과 스타일에 이상적입니다 최고의 가치: 리필 및 액세서리는 Pilot 제품의 수명을 연장합니다. 경제적이고 친환경적입니다. 블랙 리필 3개 포함 펜에 힘: 젤 잉크, 지울 수 있는 롤링 볼, 볼펜 및 만년필을 포함한 Pilot의 혁신적인 필기 도구 라인과 하이라이터, 드라이 지우개 마커 등으로 쉽게 자신을 표현하세요","지울 수 있는 펜용 FriXion 볼 리필을 사용하면 손상이나 지저분한 지우개 잔여물 없이 깨끗하고 세련된 문서를 쓰고, 지우고, 다시 쓸 수 있습니다. 메모를 하거나 목록을 만들거나 디자인을 일러스트레이션할 때 이 혁신적인 펜은 학생, 교사 및 전문가 모두에게 이상적입니다. 0.7mm 파인 펜 포인트 사이즈는 미세한 선과 굵은 선 사이의 균형을 이루어 일상적인 필기 요구 사항에 적합합니다. 보관 안전 및 중성 블랙 잉크는 오래 지속되고 변색 방지 기능이 있어 문서를 오랫동안 사용할 수 있습니다. 또한 FriXion은 미국 최고의 과학, 기술, 공학 및 수학(STEM) 교육 기관에서 인증한 유일한 펜입니다. 이 놀라운 범위의 프리미엄 지울 수 있는 필기구로 무한한 창의적 가능성의 힘을 손에 쥐고 있습니다.","['리필', '잉크', '펜', '문서', '블랙', '필기', '혁신', '힘', '디자인', '지우개']"
사무용품,펜 및 리필,펜 리필,,B099587YJQ,0.7mm 블루 컬러 볼펜 리필 학교 사무용품 30개,SHIMAIXJYY,10456,10456,4.0,77.0,"사양: 총 30개의 볼펜 교체 리필, 볼펜 리필 길이는 107mm/4.2인치, 팁 모델은 0.7mm입니다. 사용 상황: 일상, 직장 및 공부용으로 적합합니다. 볼펜에 맞게 리필 끝 부분을 자를 수 있습니다. 제품 특성: 이 볼펜 리필은 사용하기 쉽고 부드러운 필기입니다 소재: 고품질 플라스틱 참고: 주문하기 전에 길이를 확인하십시오.","100% 신상품 및 고품질! 유형: 볼펜 리필 리필 헤드: 총알 모양 색상: 블루 리필 길이: 99mm (펜 포인트의 일부는 포함되지 않음), 총: 107mm 패키지 포함: 볼펜 리필 30개 참고: 주문하기 전에 길이를 확인하십시오.","['리필', '볼펜', '참고', '블루']"
사무용품,펜 및 리필,펜 리필,,B0925VLPXQ,"60피스 0.7mm 접이식 펜 리필 교체 볼펜 리필 교체 잉크 펜 리필 접이식 펜 사무실 학교 용품, 길이 107mm (블루)",Outus,7603,7603,4.1,650.0,"패키지 구성: 접이식 펜용 0.7mm 볼펜 교체 리필 60개가 제공됩니다. 길이 4.2인치/107mm. 충분한 수량으로 다양한 글쓰기, 학습 및 작업 요구 사항을 충족할 수 있으며 친구 및 반 친구들과 공유할 수 있습니다. 참고: 구입하기 전에 이 제품의 크기가 펜과 일치하는지 확인하십시오 편리한 사용: 접이식 펜 리필의 길이를 다양한 펜과 일치하도록 자를 수 있어 시간과 에너지를 절약할 수 있습니다. 휴대가 간편하고 실용적입니다. 리필 길이가 너무 길면 펜 케이스에 맞게 길이를 자를 수 있습니다. 마지막으로 펜 케이스에 설치하면 사용할 수 있습니다 신뢰할 수 있는 사용: 접이식 펜 교체용 리필의 쉘은 고품질 플라스틱으로 만들어졌으며 냄새가 없고 신뢰할 수 있습니다. 내부의 잉크는 고품질 소재를 채택하여 연색성이 고르게 흐르므로 전체 리필이 신뢰할 수 있으며 종이에 부드럽게 쓸 수 있습니다. 참고: 구입하기 전에 리필의 크기와 펜에 적합한지 확인하십시오 뛰어난 성능: 볼펜 리필은 0.7mm 팁이 있어 종이에 부드럽고 쉽게 미세한 선을 쓰거나 그릴 수 있습니다. 접이식 펜에 잘 맞으며 교체가 편리하며 폐기물을 줄이는 데 유용하며 다른 펜을 선택하는 시간을 절약할 수 있습니다 사용 용도: 이 펜 리필은 가정, 교실, 사무실, 상점 등을 포함한 모든 행사에 사용하기에 적합하며 보관이 쉬운 포켓 크기를 충분히 리필할 수 있습니다. 다른 사람에게 선물로 줄 수도 있습니다",,"['펜', '리필', '접이식', '신뢰', '볼펜']"
사무용품,펜 및 리필,펜 리필,,B005V69EJG,펜텔 리필 잉크,Pentel,22437,17908,4.8,10653.0,"EnerGel 리퀴드 젤 펜용 리필 (BLN75) 빠른 건조, 매우 부드러운 잉크 0.7mm 니들 팁으로 중간 선을 쓸 수 있습니다 블랙 잉크 박스 당 리필 12개",한 상자에 EnerGel 리필 12개 팩. EnerGel 리퀴드 젤 펜 니들 팁(LRN7)용 잉크 리필. 매우 부드러운 잉크가 종이를 쉽게 가로질러 미끄러집니다. 빠르게 건조되는 잉크는 왼손잡이 작가에게 이상적입니다. 0.7mm 니들 팁은 미세한 라인을 생성합니다.,"['잉크', '리필', '건조', '빠르다', '퀴드', '부드럽다', '라인', '미세하다', '박스', '블랙']"
사무용품,펜 및 리필,펜 리필,,B07GZJ9TYW,"7.9cm(2.75인치) 볼펜 리필, 다이아몬드 크리스탈 스타일러스 펜 및 볼펜용 교체 리필(블랙 리필, 10팩)",AIYIBEN,8296,8296,4.6,1062.0,"사이즈: 리필 길이는 약 2.75인치/7cm, 중간점은 1.0mm입니다. 표준 D1 볼펜 리드 (모자 제거: 2.65인치/6.75cm)입니다. 구입하기 전에 사양이 펜에 맞는지 다시 확인하십시오. 수량: 10개의 볼펜 리필로 여러분과 친구들이 공유할 수 있습니다. 품질: 금속 소재로 제작되어 매끄럽고 가벼운 잉크는 종이에 일관된 필기 흐름을 제공합니다 장소에 적합: 금속 볼펜 리필은 사무실, 기업, 학교 및 가족에게 적합합니다 적용 범위: 1년 애프터 서비스, 저희 제품이 볼펜과 호환되지 않는 경우 직접 문의하십시오","특징: 펜 리필 페이스는 금속으로 만들어져 내구성이 뛰어납니다. 블랙 잉크와 0.7mm 코어가 있어 부드럽고 빠르게 쓸 수 있으며 건조한 부분을 남기지 않습니다. 다양한 용도: 학생 및 사무실 근로자를 위한 학교, 사무실 및 가정 용품에 적합합니다. 패키지 구성: 볼펜 리필 10개(블랙 잉크).","['리필', '볼펜', '사무실', '블랙', '잉크', '펜', '금속', '학교', '구성']"
사무용품,펜 및 리필,펜 리필,,B01EKEABPK,6 - Black Parker® 호환 볼펜 리필. 부드러운 필기 독일 잉크 및 1mm 미디엄 팁. #1782467,Cottage Mills,12451,11066,4.4,4113.0,"JAYMO - Parker Black 1950369, Blue 1950371 또는 Red 1950370용 볼펜 리필 교체품 품질 - 1mm 미디엄 볼펜 팁이 있는 자유롭게 흐르고 오래 지속되는 부드러운 필기 잉크. 금속 샤프트가 있는 오리지널 제조업체 품질. 재사용 가능한 지퍼 백에 포장됩니다. 중요 - 주문하기 전에 리필을 제거하고 길이와 직경을 측정하고 사진과 비교하여 여기에서 맞는 가이드를 확인하세요. 리필은 길이 98.4mm(3 7/8인치), 지름 6mm(0.25인치)입니다. 자세히 알아보려면 유튜브에서 ""Parker용 Jaymo 볼펜 교체품""을 검색하세요. 만족 보장 - 리필에 만족하지 못하셨다면 저희에게 알려주시면 바로 해결해 드리겠습니다. 최고의 가치 - 왜 $5에서 $10를 지불하고 리필 1개만 받나요?","Jaymo 브랜드 리필은 고가의 리필을 대체할 수 있는 경제적인 대안입니다. Parker Black (1950369, 1782469), 블루 (1950371, 1782470) 또는 레드 1950370 교체품. 리필을 제거하고 사진과 비교하고 여기에 맞는 가이드(한글이 아닐 수 있음). 리필이 같은 모양인 것 같으면 길이 98.4mm / 3.875 인치 / 0.25 인치 / 직경 6 mm인지 측정하십시오. 리필이 사진과 치수와 일치하면 안심하고 주문하세요. 자세한 내용은 YouTube에서 ""Parker용 Jaymo 볼펜 리필 교체품""을 검색하여 비디오를 확인하세요. 독일에서 부드러운 필기 잉크와 미세한 선을 위해 1mm 미디엄 볼펜 팁을 사용합니다. 리필은 재사용 가능한 지퍼 잠금 백에 포장됩니다. 이 볼펜 리필은 전 세계 펜 브랜드의 90% 이상에서 사용됩니다. Jaymo 리필은 이 페이지에 언급된 펜 제조업체에서 제조, 라이선스 또는 보증하지 않습니다. 펜 제조업체의 상표는 리필 호환성 정보를 제공하기 위한 목적으로만 식별됩니다. Cottage Mills/Jaymo의 다른 제품들을 확인하십시오: BagTag, CardPen, PixCase, PixMug","['리필', '볼펜', '품', '부드럽다', '필기', '펜', '사진', '미디엄', '잉크']"
사무용품,펜 및 리필,펜 리필,,B00XGM0KT0,"Parker Quink 영구 잉크 만년필 리필 카트리지, 블랙 잉크 리필 10개 (3011031PP)",Parker,19390,9404,4.6,1383.0,"카트리지에는 잉크가 포함되어 있어 깨끗한 교체 과정이며, 펜이 부족할 때 탭으로 꺼낼 수 있는 잉크가 장착되어 있습니다. 영구 잉크는 부드럽게 펴지고 빠르게 건조되며 번지지 않습니다. 모든 Parker 만년필과 함께 사용하기에 적합합니다. Parker Quink 잉크는 Parker 제품이 완벽한 성능을 제공하도록 가장 엄격한 표준에 따라 특별히 설계 및 제조되었습니다.",Parker Quink는 거의 한 세기 동안 사용되어 온 고품질의 매끄러운 잉크로. Quink 잉크는 1900년대 초에 블로팅이 필요하지 않은 혁신적인 잉크로 개발되었습니다. 오늘날 사용 가능한 대부분의 만년필 잉크는 부드러운 흐름과 빠른 건조 시간을 특징으로 하지만 Parker Quink는 여전히 클래식한 인기 제품입니다.,"['잉크', '만년필', '건조', '리필', '카트리지', '부드럽다', '빠르다', '영구']"
사무용품,펜 및 리필,펜 리필,,B0B9328VJR,Linbsunne 볼펜 리필 미디엄 포인트 1mm 블랙 잉크 교체 가능한 볼펜 리필 남성 여성용 50개 (50피스-블랙 잉크),Linbsunne,13836,13836,4.5,73.0,"50개 팩 - 패키지에 교체 가능한 리필 50개가 있어 일상 생활에서 글쓰기, 공부 및 작업 요구 사항을 위해 사용하고 교체할 수 있습니다. 미디엄 1.0mm 포인트 - 생생한 블랙 잉크 구조로 훌륭한 일상 필기 도구입니다. 오래 지속되는 리필 가능한 잉크로 신뢰할 수 있는 필기감을 제공하며, 볼의 볼 팁은 매끄럽고 잉크가 쉽게 깨지지 않습니다. 빠른 건조 잉크 - 볼펜 잉크 건조 속도는 매우 빠르며 글씨가 매끄럽고 얼룩이 생기지 않으며 밝은 색상으로 빠르게 건조됩니다. 간편한 사용 - 사무실 펜, 시그니처 펜, 성인 및 어린이를 위한 학용품에 이상적입니다.","미디엄 1.0mm 포인트 - 생생한 블랙 잉크 구조로 일상적인 필기 도구입니다. 오래 지속되는 리필 가능한 잉크로 안정적인 필기를 제공합니다. 볼의 볼 팁은 매끄럽고 잉크가 쉽게 깨지지 않습니다. 빠른 건조 잉크 - 볼펜 잉크 건조 속도는 매우 빠르며, 글씨가 매끄럽고 얼룩이 생기지 않으며 밝은 색상으로 빠르게 건조됩니다.","['잉크', '빠르다', '건조', '리필', '가능하다', '블랙', '매끄럽다', '볼펜', '필기', '일상']"
사무용품,펜 및 리필,펜 리필,,B0091JNMS8,"CROSS 볼펜 리필, 미디엄 포인트, 블랙 잉크, 팩당 2개, 총 3팩, 8513-2",Cross,48461,26315,4.5,532.0,블랙 잉크 미디엄 포인트 정품 Cross 리필 카드당 리필 2개 - 주문당 카드 3장으로 판매됩니다.,Cross 미디엄 블랙 볼펜 리필 (2팩)/Cross 미디엄 블랙 볼펜 리필은 표준 Cross 볼펜용으로 설계되었습니다. 범용 글쓰기에 적합합니다. 모든 종이에 사용하기 매우 신뢰할 수 있으며 편리합니다. 최적의 성능을 보장하기 위해 표준 Cross 볼펜과 함께 유용합니다./번들 구성:,"['리필', '볼펜', '블랙', '미디엄', '표준', '카드', '잉크', '포인트']"
사무용품,펜 및 리필,펜 리필,,B06XRV44K6,볼펜용 펜 리필 - 블랙 잉크 미디엄 플로우 리필 카트리지 6팩 - 전술 펜 및 G2 Parker 볼펜 유형에 적합 - 스페어 스프링이 포함된 부드러운 필기,The Atomic Bear,15221,15221,4.4,1562.0,"파커 스타일 볼펜 스타일에 적합 - 이 크로스 펜 블랙 잉크 리필 팩은 Atomic Bear SWAT 펜, Rebel Pen 및 Defender 펜, Smith and Wesson, Hoffman Richter Stinger, J5 Tactical, Gerber Impromptu, Sminiker를 포함한 모든 파커 볼펜에 적합합니다 부드러운 필기 느낌 - 이 펜 잉크 리필은 좋아하는 펜만큼 좋은 느낌을 주며 일관된 흐름을 가지고 있어 마음껏 쓸 수 있습니다 번짐 없음, 빠른 건조 - 오른손잡이이든 왼손잡이이든 상관없이 잉크가 종이에 건조되어 번짐과 번짐을 방지하기 위해 종이나 손에 잉크가 번지지 않습니다 젖었을 때 쓰기 가능, 얼룩 방지 - 이 블랙 잉크 볼펜 리필은 젖어도 볼펜에 사용할 수 있으며, 종이에 번지거나 손에 닿지 않고 현재 펜보다 잘 쓸 수 있습니다 디자인 상 오래 지속됨 - 이 잉크 카트리지는 최고 브랜드보다 20% 더 많은 잉크와 적은 공기로 포장되어 있으므로 자주 리필을 구입할 필요가 없습니다. 만족 보장","볼펜용 블랙 잉크 리필 6팩으로 저렴한 잉크 리필에 만족하지 마세요. The Atomic Bear 프리미엄 잉크 카트리지로 훌륭한 필기 경험을 제공하겠다는 약속을 지킵니다. Defender, Rebel 또는 SWAT 펜과 같은 The Atomic Bear 전술 펜이 있거나 리필이 필요한 볼펜이 있는 경우 현재 잉크보다 많이 또는 그 이상을 즐길 수 있습니다. The Atomic Bear 제품은 경쟁사의 엉뚱한 잉크 리필을 위해 만족해야 한다고 생각하지 않기 때문에 튼튼하고 오래 사용할 수 있도록 제작되었습니다. The Atomic Bear 6팩 잉크 리필의 주요 장점: ** 좋아하는 펜을 버리지 마십시오 - 대부분의 사람들은 다 쓰면 펜을 버리지만 일부 펜은 버리기에는 너무 좋으므로 대신 리필을 받으십시오. ** 20% 더 많은 잉크 - 리필에는 공기가 아닌 가능한 한 많은 잉크가 있어야 합니다. 이 볼펜 리필을 사용하면 얻을 수 있습니다. ** 매번 부드럽게 쓸 수 있습니다 - 잉크를 사용하기 위해 종이에 계속 낙서할 필요가 없습니다. 더 나은 잉크 카트리지만 있으면 됩니다. ** 클리커 펜용 추가 스프링 포함 - 접이식 클리커 펜이 있는 경우 메커니즘을 작동시키기 위해 스프링이 필요하며 이 잉크 리필 세트에는 하나가 포함되어 있습니다. ** 대부분의 전술 펜에 적합 - 이 잉크 리필 세트는 Atomic Bear의 SWAT 펜, Rebel Pen 및 Defender 펜에 맞을 뿐만 아니라 시중의 다른 인기 있는 전술 펜에도 맞습니다. ** 일상적인 글쓰기를 위한 중간 포인트 - 너무 미세하거나 두껍지 않은 잉크 카트리지의 포인트는 딱 맞습니다. 더 오래 지속되고 더 잘 쓸 수 있는 볼펜용 잉크 리필을 구매하세요","['잉크', '펜', '리필', '볼펜', '카트리지', '블랙', '전술', '종이']"
사무용품,펜 및 리필,펜 리필,,B078W78VJW,"12피스 볼펜 리필 교체 가능, 크로스 볼펜과 호환 가능, 1.0mm 11.4cm(4.5인치) 부드러운 필기 빠른 건조 리필, 블랙 벨벳 백 포함, 블랙 및 블루",TecUnite,9681,9681,4.3,515.0,"패키지 구성: 블랙 잉크 볼펜 리필 6개, 블루 잉크 볼펜 리필 6개가 포함되어 있습니다. 블랙 벨벳 백이 함께 제공되어 볼펜 리필을 보관하기에 편리합니다 표준 호환 리필: 볼펜 리필 길이는 약 11.6cm(4.5인치), 팁 1.0mm, 크로스 볼펜과 호환됩니다 신뢰할 수 있는 품질의 잉크: 고품질 소재로 만든 블랙 및 블루 잉크 리필은 높은 색상 렌더링, 균일한 유동성, 방수, 빠른 건조 성능을 가지고 있습니다. 손가락이 더러워지거나 종이를 뚫을 염려가 없으며 좋아하는 펜의 수명을 연장합니다 다양한 용도: 젤 잉크 리필은 크로스 볼펜과 호환되며 모든 크기와 볼펜에 맞으며, 사무실, 학교 또는 집에서 매일 사용하기에 이상적이며 친구, 가족, 어린이, 교사 및 학생에게 이상적인 선물입니다 주의 사항: 주문하기 전에 리필을 풀고 여기서 사진과 비교하십시오. 길이 치수는 11.6cm(4.5인치)/11.6cm(4.5인치)이며 리필이 나사산이 있고 제자리에 고정됩니다.","11.4cm(4.5인치) 12피스 볼펜 리필 교체 가능한 부드러운 필기 볼펜 리필, 블랙 벨벳 백 포함, 블랙 및 블루 특징: 블랙과 블루, 2가지 색상의 잉크 리필이 함께 제공되며, 각 색상은 6피스이며, 총 12개입니다. 1mm 미디엄 팁은 부드러운 필기, 방수 및 빠른 건조를 제공합니다. 호환 모델: 볼펜 리필 길이는 약 11.6cm/4.5인치, 대부분의 볼펜에 맞으며 좋아하는 펜의 수명을 연장하는 데 도움이 됩니다. 보관용 가방 포함: 각 패키지에는 블랙 벨벳 보관 가방이 장착되어 있어 볼펜 리필을 보관하기에 매우 편리합니다. 안내 사항: 주문하기 전에 리필을 풀고 여기서 사진과 비교하고 길이가 4.5인치/4.5인치인지 확인하십시오. 리필은 나사산이 있고 제자리에 나사로 고정됩니다. 사양: 수량: 12개 잉크 색상: 블랙 및 블루 (각 색상 6개) 리필 길이: 약 11.6cm/4.5인치 포인트: 1mm 미디엄 팁 패키지 구성: 블랙 볼펜 리필 6개 블루 볼펜 리필 6개 블랙 벨벳 가방 1개","['리필', '볼펜', '블랙', '블루', '잉크', '호환', '벨벳', '보관']"
사무용품,펜 및 리필,펜 리필,,B0BWH985XK,볼펜 리필 블루 잉크 1.0mm 미디엄 포인트 부드러운 필기 펜 리필 교체용 젤 잉크 리필 접이식 볼펜 학교 사무용품용 20개,HLPHA,9681,9681,4.6,1078.0,"20개 팩: 패키지에는 교체 가능한 파란색 펜 리필 20개가 포함되어 있으며, 각 제품은 길이 9.8cm(3.8인치)/9.8cm(3.8인치), 부드러운 필기를 위한 1.0mm 중간 포인트입니다. 많은 양의 펜 리필로 사용하기에 충분합니다. 반 친구 및 동료와 공유할 수 있습니다 다양한 용도: 중간 포인트 금속 리필은 사무실, 비즈니스, 교실, 상점, 학교 및 가정 등과 같은 다양한 시나리오에서 사용하기에 적합합니다. 친구, 가족, 어린이 및 학생에게 선물로 줄 수도 있습니다 고품질 소재: 접이식 펜 리필의 외부 쉘은 신뢰할 수 있는 금속을 채택하여 내구성이 뛰어나고 견고하며 내부 잉크는 고품질 소재로 만들어져 높은 연색성과 균일한 유동성을 가지고 있어 리필이 신뢰할 수 있으며 종이에 부드럽게 쓰거나 그릴 수 있습니다 편리한 사용: 볼펜 리필은 휴대가 간편하고 실용적이며 휴대가 편리합니다. 리필 헤드에 보호 커버가 있어 잉크가 새는 걱정 없이 주머니에 넣을 수 있습니다. 포켓 사이즈는 보관이 쉽고 여행 및 출장에도 적합합니다",,"['리필', '잉크', '펜', '부드럽다', '볼펜', '포인트', '휴대', '친구', '신뢰', '접이식']"
사무용품,펜 및 리필,펜 리필,,B089KKHDT2,"8피스 교체 가능한 볼펜 리필 대부분의 브랜드 펜에 사용 가능, 부드러운 필기, 자유롭게 흐르는 독일 잉크, 미디엄 0.5mm 볼펜 팁(블랙 리필)",PenghaiYunfei,9681,9681,4.1,1571.0,"치수 - 8팩 블랙 교체 가능한 펜 리필, 표준 호환 리필, 리필 길이는 11cm/4.3인치, 0.04인치/0.5mm 미디엄 팁입니다 부드러운 필기 경험을 즐기세요 - 당사의 고품질 볼펜은 안정적이고 신뢰할 수 있는 잉크 흐름을 생성합니다! 모든 유형의 종이에 사용할 수 있으며 강하고 균일하며 끊김 없는 선을 제공합니다 용도 - 볼펜 리필 젤 잉크는 전 세계 펜 브랜드의 90%에서 사용됩니다 다양한 필기 상황에 적합 - 볼펜 리필은 사무실, 비즈니스, 학교 및 가정 등에 적합합니다. 작고 휴대가 간편하며 휴대가 편리합니다 저희는 당신을 위해 여기 있습니다 - 저희는 모든 사무용품의 절대적인 최고의 품질에 자부심을 가지고 있지만, 어떤 이유로든 완전히 만족하지 못하셨다면 친절한 고객 지원팀에 연락하시면 구매에 100% 만족하실 수 있도록 모든 것을 다하겠습니다. 왜 기다려야 할까요? 지금 저희를 선택하세요!","이 부드러운 필기용 볼펜 리필은 대부분의 만년필 사용자에게 꼭 필요한 제품입니다. 독일 잉크는 자유롭게 흐르며 0.5mm 펜촉은 손에 편안하게 느껴지며 종이를 가로질러 미끄러질 때 건너뛰지 않습니다. 각 리필은 가장 인기 있는 만년필 브랜드에 적합하므로 리필이 부족해서 만년필을 다시 구입할 필요가 없으므로 중단 없이 글을 쓸 수 있으며 필기구 없이는 자신을 찾을 수 없습니다. 사무실, 가정 또는 이동 중에도 리필을 구입하세요. 이 저렴한 리필의 신뢰할 수 있는 필기 성능을 좋아할 것입니다.","['리필', '볼펜', '필기', '잉크', '만년필', '부드럽다', '펜', '신뢰', '사무실', '블랙']"
사무용품,펜 및 리필,펜 리필,,B0BLZ5TR44,"교체 가능한 볼펜 리필 5개, 스프링 메탈 볼펜 리필 포함, 부드러운 필기 펜 리필, 0.7mm 접이식 볼펜 리필, 학교 사무용품용 (블랙)",TIESOME,8988,8988,4.4,179.0,"적합한 사이즈: 0.7mm 교체 가능한 금속 볼펜 리필은 길이가 약 9.9cm/3.9인치이며 휴대가 간편하여 공부나 사무실에 놓을 수 있으므로 필요할 때 사용할 수 있으며 동일한 리필이 있는 대부분의 볼펜에 적합합니다 내구성 및 매끄러움: 이 금속 볼펜 리필은 오랫동안 사용할 수 있으며 좋아하는 펜의 수명을 연장할 수 있습니다. 또한, 펜촉 디자인은 매끄럽고 펜 리필의 잉크가 갑자기 깨지지 않아 즐거운 필기 시간을 제공합니다 추가 스프링: 각 리필에는 일치하는 스프링이 장착되어 있어 원래 스프링이 손실되었을 때 펜을 정상적으로 사용할 수 있습니다. 필요하지 않은 경우 스프링을 제거한 다음 백업 장치로 보관할 수 있습니다 고품질 소재: 이 볼펜 리필의 외부 부분은 금속으로 만들어졌으며 내구성이 뛰어나고 견고하며 촉감이 좋고 매끄러운 외관과 냄새가 없는 내부 잉크가 특징입니다. 이 금속 볼펜 리필은 빠르게 건조되므로 잉크가 손, 책상 등에 달라붙을 염려가 없습니다 다양한 용도: 접이식 펜 리필은 사무실, 비즈니스, 교실, 상점, 학교 및 가정 등과 같은 다양한 시나리오에서 사용하기에 적합합니다. 친구, 가족, 어린이 및 학생에게 선물로 줄 수도 있습니다","접이식 금속 볼펜 리필 5개//포장 목록: 볼펜 리필 5개, 스프링 5개./소재: 금속 + 플라스틱/색상: 레드, 블루, 블랙./사양: 0.7mm/제품 사이즈: 싱글 9.9*0.4cm/3.9*0.2인치, 스프링 2.8cm/1.1인치./포장 사이즈: 15*10.5*0.7cm/","['리필', '볼펜', '스프링', '금속', '펜', '접이식', '매끄럽다', '잉크']"
사무용품,펜 및 리필,펜 리필,,B0C71PTBLT,"블랙 메탈 볼펜 리필 1.0mm 잉크 펜 리필 15개, 가정, 사무실, 학교, 문구류용 투명 플라스틱 펜 박스와 호환 가능",TASJSHMYY,8296,8296,5.0,12.0,블랙 메탈 볼펜 리필 부드러운 필기,"블랙 메탈 볼펜 리필 1.0mm 잉크 펜 리필 15개, 가정, 사무실, 학교, 문구류용 투명 플라스틱 펜 박스와 호환 가능","['리필', '펜', '블랙', '볼펜', '메탈', '호환', '학교', '플라스틱', '투명', '잉크']"
사무용품,펜 및 리필,펜 리필,,B019OZVSHK,"Pilot G2 젤 잉크 리필, 롤링 볼펜용 2팩, 볼드 포인트, 블랙 잉크, 3개 팩 = 리필 6개",Pilot Pen,10526,10526,4.8,3938.0,"Pilot G2 젤 잉크 리필, 롤링 볼펜용 2팩, 볼드 포인트, 블랙 잉크, 3개 팩 = 리필 6개","Pilot G2 젤 잉크 리필, 롤링 볼펜용 2팩, 볼드 포인트, 블랙 잉크, 3개 팩 = 리필 6개","['잉크', '리필', '포인트', '블랙', '볼펜', '볼드', '롤링']"
사무용품,펜 및 리필,펜 리필,,B004Q4ESBS,"Cross 슬림 젤 롤링 볼 리필, 블루, 카드 1장 (8910-2)",Cross,8420,8420,4.4,3714.0,크로스 클릭 롤러볼 펜과 호환 가능 Cross Spire 및 클래식 센추리 롤러볼 펜에도 사용할 수 있습니다 중간 포인트 팁은 탁월한 가시성을 위해 선명하고 대담한 선을 생성합니다 독점적인 젤 잉크 롤러볼 포뮬러는 만년필처럼 자유롭게 흐릅니다 고품질 잉크 포뮬러로 지속적으로 매끄러운 레이다운을 제공합니다,슬림 젤 리필은 부드럽게 흐르는 젤 잉크를 포함하고 있으며 블랙 잉크로 쓸 수 있는 중간 포인트가 특징입니다. 이 리필은 크로스 클릭 및 클래식 센추리 롤러볼 펜과 같은 크로스 슬림 배럴 펜에 적합합니다.,"['펜', '롤러', '잉크', '슬림', '리필', '크로스', '포뮬러', '클릭', '클래식', '추리']"
사무용품,펜 및 리필,펜 리필,,B01FOFHPK8,"Pentel LR7 EnerGel 젤 펜용 리필, 0.7mm 금속 팁 - 8가지 색상 세트 - 블랙, 블루, 레드, 그린, 오렌지, 핑크, 스카이 블루 및 바이올렛 - 루즈 제공",Pentel,14958,7755,4.8,1301.0,"사이즈: 1개 (8개 팩) Pentel LR7 리필 EnerGel 젤 펜용, 0.7mm 금속 팁 - 8가지 색상 세트 - 블랙, 블루, 레드, 그린, 오렌지, 핑크, 스카이 블루 및 바이올렛 - 루즈 제공","Pentel EnerGel 리퀴드 젤 잉크 펜용 0.7mm 메탈 팁 8가지 색상 (블랙/블루/레드/그린/오렌지/핑크/스카이 블루/바이올렛) 리필 세트. EnerGel 리퀴드 젤 잉크는 부드러운 필기 경험을 제공하며 빠르게 건조됩니다. 번짐, 얼룩 및 글로브가 없습니다. 빠르게 건조되는 잉크는 왼손잡이 작가에게 이상적입니다. 액체와 젤 잉크의 독특한 혼합으로 생생하고 오래 지속되는 색상을 만들어냅니다.","['블루', '잉크', '핑크', '그린', '펜용', '레드', '리필', '오렌지', '바이올렛', '블랙']"
사무용품,펜 및 리필,펜 리필,,B0CPWRPYQG,"볼펜 리필 블루 100개, 1.0mm 교체 가능한 펜 리필 107mm/4.2인치, 추가 볼펜 1개 보내기, 접이식 펜, 사무실 학교 용품(블루)",Twokiln,13226,13226,4.0,6.0,"1.0mm 접이식 볼펜 리필 블루 100개, 길이는 약 10.6cm(4.2인치)/10.2cm(4.2인치)이며 추가 볼펜 1개가 포함되어 있습니다(참고: 추가 센드 볼펜의 리필은 검은색일 수 있습니다) 볼펜 리필 1.0mm 팁, 유창하고 선명한 선을 쓸 수 있습니다. 인내심을 가지고 구입한 100개의 블루 볼펜 리필을 사용해 보시면 매우 마음에 드실 것입니다. 볼펜 리필은 1.0mm 펜촉 블루이며 내부의 파란색 잉크는 높은 연색성과 균일한 흐름을 가지고 있습니다. 펜 리필은 내구성이 뛰어나고 부드럽게 쓸 수 있습니다. 볼펜 리필은 접이식 볼펜 및 기타 같은 크기의 펜에 사용할 수 있으며 학교, 직장, 교실 등에 적합합니다. 볼펜 코어의 품질을 보장하며, 각 펜 팁은 사용 전에 잉크가 넘치지 않도록 왁스로 밀봉되었습니다.","접이식 볼펜 리필, 길이 10.6cm, 부드러운 필기, 선명한 필기, 블랙 잉크, 볼펜 코어를 교체하는 데 사용할 수 있는 100개 이상의 펜.","['볼펜', '리필', '펜', '블루', '접이식', '잉크', '추가']"
사무용품,펜 및 리필,펜 리필,,B08PCBRG9D,"Pilot G2 젤 잉크 펜 리필, 파인 포인트, 0.7mm, 블루 잉크, 리필 6개",PILOT,11869,11869,4.8,378.0,"과잉 성취자를 위한 이상적인 펜: 부드럽고 오래 지속되는 Pilot G2 프리미엄 젤 잉크 펜은 편안한 고무 그립이 특징이며 초미세, 미세, 미세, 굵은 포인트로 제공됩니다. 가장 오래 지속되고 리필 가능한 젤 잉크: 최고의 브랜드 중에서 가장 긴 필기 젤 잉크 펜으로 입증된 부드러운 필기식 접이식 G2 젤 잉크 펜은 모든 필기 요구 사항을 충족하는 클래식한 선택입니다. 당신에게 딱 맞는 제품: 오리지널 Pilot G2를 좋아하신다면 미니, 메탈릭, 모자이크 및 패션 젤 잉크 펜의 전체 G2 라인을 다양한 크기, 배럴 디자인 및 색상으로 사용해보고 싶을 것입니다. 신뢰할 수 있는 품질: 당사는 100년 이상 펜을 제작해왔습니다. 필기하거나 학교 또는 사무용품을 비축하거나 불렛 저널에 글을 쓸 때 Pilot은 완벽한 펜을 제공합니다! 펜에 힘: Pilot은 모든 필요에 맞는 탁월한 필기구를 만듭니다. 모든 필기 스타일에 맞는 분수, 볼펜, 접이식 및 지울 수 있는 젤 잉크 펜, 화이트보드 마커 등을 갖추고 있습니다.","Pilot G2 젤 잉크 리필은 G2, G2 Limited, G2 Pro, G6, Dr. Drip LTD., Dr. 그립 젤, 정밀한 젤 BeGreen, G-Knock BeGreen 및 Q7 및 B2P 젤 잉크 펜. 이 잉크 리필에는 부드러운 필기, 얼룩 방지 젤 잉크가 포함되어 있으며 좋아하는 Pilot Gel Ink 펜을 위한 초미세 (0.38mm), 초미세 (0.5mm), 미세(0.7mm) 또는 굵은(1.0mm) 포인트가 있는 리필 2개 팩으로 제공됩니다.","['잉크', '펜', '미세', '필기', '리필', '부드럽다', '포인트']"
사무용품,펜 및 리필,펜 리필,,B00KKY49OY,"Pilot FriXion 지울 수 있는 젤 펜, 파인 포인트, 블랙 잉크용 젤 잉크 리필 - 18개 팩 (77330)",Pilot,34611,26799,4.8,1055.0,문서를 손상시키지 않고 반복적으로 지우고 다시 쓸 수 있습니다 - 마모나 찢어짐 없음 FriXion 볼 및 FriXion 클리커용으로 설계되었습니다. 생생하고 지울 수 있는 FriXion 젤 잉크 리필.,생생하고 지울 수 있는 FriXion 젤 잉크 리필. FriXion 볼 및 FriXion 클리커용으로 설계되었습니다. 문서를 손상시키지 않고 반복적으로 지우고 다시 쓸 수 있습니다. 마모되거나 찢어지지 않습니다. 펜 리필 유형: 롤러 볼; 특수 잉크 유형: 젤; 시리즈용 리필: Pilot FriXion 볼과 FriXion 클리커.,"['잉크', '리필', '클리커', '펜', '손상', '생생하다', '반복', '문서', '포인트', '특수']"
사무용품,펜 및 리필,펜 리필,,B004IKTKQI,파이롯트 나미키 IC50 만년필 잉크 카트리지,Pilot,9154,9154,4.7,1819.0,"Pilot 고품질 리필 및 액세서리는 파일럿 제품의 수명을 연장하여 최고의 가치를 제공합니다. 경제적이고 환경 친화적인 옵션입니다. 일본에서 제조 최고 수준의 색상을 사용하여 제작되었습니다. 신뢰할 수 있는 품질: 저희는 100년 이상 펜을 제작했습니다. 메모를 쓰거나, 학교 또는 사무용품 스타킹 또는 불렛 저널에 글을 쓰거나, 파일럿은 당신에게 완벽한 펜이 있습니다! 펜 전원: 파일럿은 모든 필요에 맞는 탁월한 필기구를 만듭니다. 저희는 모든 필기 스타일에 분수, 볼펜, 접기 가능, 지울 수 있는 젤 잉크 펜, 화이트보드 마커 등을 보유하고 있습니다.","From a culture that has revered the art of writing for more than a thousand years comes instruments and accessories that celebrate both writing and art. Namiki Fountain Pen Ink Cartridges are created using the highest standards and variations of color. Each hue provides an intense depth of color and consistency, rendering the highest performance from your most treasured fountain pens. Enjoy the rich colors of Japan with every stroke. For every creative endeavor, Namiki provides the ultimate writing tool.","['펜', '파일럿', '잉크', '제작', '최고', '환경', '분수', '스타일', '수준', '수명']"
사무용품,펜 및 리필,펜 리필,,B0CTFDTW2Z,"MengRan 젤 펜 리필 10개, 0.5mm 파인 포인트, 빠른 건조 블랙 잉크 부드러운 필기 접이식 펜 리필 (오리지널 젤 잉크 리필 10개)",MengRan,13836,13836,4.9,84.0,"10개 팩, 블랙 잉크. 0.5mm 파인 포인트 팁. MengRan 젤 펜에 적합합니다. 빠른 건조 잉크. 부드러운 필기와 안정적인 품질. 더블 볼 CS 헤드 디자인. 일본의 MiKUNI에서 가장 최근에 개선된 잉크를 사용하여 과거의 풍부한 색상을 동시에 유지하고, 점도가 감소하여 글을 더 매끄럽게 만들고, 볼 비즈는 잉크를 그릴 수 있기 전에 2개월 동안 노출될 수 있습니다. 얇은 펜 리필로 인한 흰색과 종이 긁힘을 방지하기에 적합한 두께로, 메모의 선명도에 영향을 줄 수 있는 약간 두꺼운 펜 리필을 피하고, 글쓰기 요구 사항을 최대한 충족하며, 인생의 작고 아름다운 순간을 기록합니다.","빠른 건조. 이 펜 리필은 누출, 번짐, 얼룩 및 얼룩 없이 빠르게 건조됩니다. 글을 쓰고 그릴 때 매끄럽고 연속적입니다. 참고: 젤 펜을 사용한 후에는 펜을 평평하게 놓거나 펜촉을 위로 향하게 놓는 것이 좋습니다. 펜 끝을 보호하는 데 도움이 됩니다.","['펜', '잉크', '리필', '건조', '빠르다', '포인트', '부드럽다', '매끄럽다', '얼룩', '필기']"
사무용품,펜 및 리필,펜 리필,,B0164F8KYW,"Cross 만년필 카트리지 잉크 리필, 블랙 잉크 카트리지, 카드 당 6개 (8921) 2팩",Cross,20124,20124,4.7,543.0,"팩당 카트리지 6개, 주문당 2팩, 총 12개의 카트리지 블랙 잉크 Spire and the New Classic Cenury 컬렉션을 제외한 모든 Cross 펜에 맞습니다",뉴 클래식 센추리 및 첨탑 만년필을 제외한 모든 Cross 만년필에 맞습니다.,"['카트리지', '잉크', '만년필', '제외', '블랙', '펜', '팩팩', '클래식', '컬렉션', '카드']"
사무용품,펜 및 리필,펜 리필,,B000WH0RQS,"Schneider 잉크 카트리지, 표준 형식, 볼 클로저, 분수 및 카트리지 롤러볼 펜용 리필, 블랙 잉크, 카트리지 6개 박스 (6601)",Schneider,7035,7035,4.5,611.0,Schneider 표준 잉크 카트리지 블랙 잉크 카트리지 박스당 잉크 카트리지 6개 볼 클로저가 있는 표준 포맷 잉크 카트리지 Schneider 및 기타 많은 분수 및 롤러볼 펜과 호환됩니다. 독일에서 제작.,"Schneider® 블랙 잉크 색상의 잉크 카트리지와 박스당 6개의 카트리지. 볼 클로저가 있는 표준 포맷 잉크 카트리지. 불렛 저널링, 핸드 레터링 또는 편지, 인사말 카드, 초대장 및 장소 카드를 쓸 때 글을 개인화하려는 작가와 창의적인 사람들에게 이상적입니다. Schneider® 만년필, 카트리지 롤러볼 펜 및 기타 많은 만년필 및 카트리지 롤러 펜과 호환됩니다. 독일에서 제작. 독일에서 제작된 Schneider® 제품은 80년 이상의 역사를 통해 수상과 찬사를 받은 최고 품질 및 환경 표준에 따라 제조됩니다. 신뢰성, 기능성 및 지속 가능성으로 잘 알려진 Schneider® 필기구는 창의성과 펜에서 종이에 힘을 실어주기 위해 탁월한 가격대로 제공됩니다. 슈나이더® 방식으로 각 생각을 적어 둘 가치가 있습니다.","['카트리지', '잉크', '표준', '롤러', '펜', '블랙', '박스', '클로저', '제작', '독일']"
사무용품,펜 및 리필,펜 리필,,B0BYMTP692,"WY WENYUAN 잉크 펜 리필 30개, 교체 가능한 볼펜 리필, 블랙 잉크 리필 1.0mm, 10.3cm(4.3인치)/10.9cm(4.3인치) 부드러운 필기 펜 리필 접이식 펜, 사무실 학교 용품(블랙)",WY WENYUAN,13836,13836,3.7,15.0,【30개 팩】총 1.0mm 접이식 펜 리필 30개(블랙)이 있으며 길이는 약 10.92cm/4.3인치로 매일 사용하기에 충분합니다. you can prepare some ballpoint pen 【뛰어난 성능】볼펜 리필은 1.0mm 팁이 함께 제공되어 종이에 부드럽고 쉽게 미세한 선을 쓰거나 그릴 수 있습니다 【빠른 건조 잉크】볼펜 잉크 건조 속도는 매우 빠르며 글씨가 매끄럽고 얼룩이 생기지 않으며 밝은 색상으로 빠르게 건조됩니다. 【다양한 용도】블랙 잉크 리필은 대부분의 볼펜에 적합하며 훌륭한 서비스를 제공합니다. 팁에는 구형 캡이 있어 펜과 잉크를 신선하게 유지할 수 있습니다 【쉬운 사용】 젤 잉크 리필은 사용하기 매우 쉽고 필요에 따라 자를 수 있습니다. 리필 길이가 너무 길면 펜 케이스에 맞게 길이를 자를 수 있으며 마지막으로 펜 케이스에 설치할 수 있습니다,1,"['리필', '펜', '잉크', '블랙', '볼펜', '건조', '빠르다', '케이스', '부드럽다', '접이식']"
사무용품,펜 및 리필,펜 리필,,B0CRNPS4LX,접이식 볼펜 리필 100개 길이 107mm 블랙 잉크 1.0mm 미디엄 포인트,Idcrea,13836,13836,4.1,7.0,블랙 1.0mm 접이식 볼펜 잉크 리필 100개 독일산 잉크로 부드럽고 건너뛰지 않는 글씨를 경험하세요 97~106.5mm의 볼펜 잉크 리필 길이에 맞게 재단되었습니다. 좋아하는 볼펜을 최대한 활용하고 환경 친화적입니다,볼펜 잉크,"['잉크', '볼펜', '리필', '접이식', '블랙', '활용', '환경', '포인트', '최대한', '재단']"
사무용품,펜 및 리필,펜 리필,,B08XBLYRWM,"24피스 젤 잉크 리필 리트랙터블 펜 리필 교체용, 미디엄 팁 포인트 0.7mm, 블랙 잉크 리필, 길이 115mm (블랙)",Dianelhall,10512,10512,4.0,183.0,"사이즈 정보: 각 젤 잉크 리필의 총 길이는 11.5cm/4.53인치, 카트리지 본체 길이는 10.7cm/4.2인치, 잉크 길이는 약 8.7cm/3.43인치입니다. 주문하기 전에 적절한 볼펜에 부착하고 길이를 확인하기만 하면 됩니다 제품 구성: 이 패키지에는 24개의 젤 잉크 리필이 포함되어 있으며, 충분한 수량으로 일상적인 필기 교체 요구 사항을 충족할 수 있습니다 고품질 소재: 접이식 펜용 젤 잉크 리필은 플라스틱으로 만들어졌으며 고품질 잉크와 하드 펜촉으로 부드럽게 쓸 수 있어 좋은 필기 시스템을 형성하는 데 도움이 됩니다 사려 깊은 디자인: 이 젤 잉크 리필을 사용하면 선명한 선을 그리거나 쓸 수 있으며 잉크가 고르게 흐르므로 대부분의 드로잉 및 필기 요구 사항을 충족할 수 있습니다. 또한, 볼펜 블랙 젤 잉크는 쉽게 바래거나 건너뛰지 않아 부드럽게 쓸 수 있으며 캘리그래피 작업은 색이 바래지 않고 오래 지속될 수 있습니다 좋은 선물: 이 젤 잉크 리필은 내구성이 뛰어나고 실용적이어서 자녀, 동료, 친구에게 보낼 수 있으며 가족, 예술가 및 글쓰기 초보자를 위한 멋진 선물이 될 수 있습니다","24피스 젤 잉크 리필은 접이식 펜 범용 리필 교체품, 중간 팁 포인트 0.7mm, 블랙 잉크 리필, 115mm 길이에 적합합니다. 충분한 수량: 접이식 펜용 젤 잉크 리필 24개가 있어 선명하고 두껍고 얇은 선으로 고르게 흐르며 부드럽게 쓸 수 있으며 멋진 젤 잉크 펜 리필은 일상 생활과 학습 과정에서 많은 그림과 필기 요구 사항을 충족할 수 있습니다. 실용적인 젤 잉크 리필. 이:유용한 젤 잉크 젤 잉크 리필은 접이식 펜에 적합하며 블랙 잉크가 부족할 때 젤 잉크 펜 블랙 잉크 리필을 교체할 수 있으며 다른 도구 없이 조립할 수 있습니다. 사양: 소재: 플라스틱 및 금속잉크 색상: 블랙. 사이즈: 약 11.4cm(4.5인치) 11.5cm(4.5인치). 패키지 구성: 젤 잉크 리필 24개. 참고: 수동 측정으로 인해 약간의 사이즈 오차가 있을 수 있습니다.","['잉크', '리필', '블랙', '펜', '필기', '접이식']"
사무용품,펜 및 리필,펜 리필,,B00GS6BZHW,"Parker Quink 세척 가능한 잉크 만년필 리필 카트리지, 블루 잉크 리필 10개 (3016031PP) (카트리지 10개, 블루)",Parker,9556,9556,4.7,1401.0,"Parker 리필 카트리지에는 ""잉크 리저브""가 장착되어 있어 라이터가 비어있을 때 탭으로 풀 수 있습니다 블루 잉크 리필 10개 Parker 만년필에 맞게 설계되었습니다 카트리지는 잉크를 그대로 유지하므로 교체가 깨끗하게 됩니다 종이에 잉크가 영구적이며, 옷에서 씻어낼 수 있습니다.",,"['잉크', '카트리지', '리필', '블루', '만년필', '깨끗하다', '라이터', '리저브', '영구']"
사무용품,펜 및 리필,펜 리필,,B0BKRR4LNG,"블랙 젤 잉크 펜 리필 볼펜 블랙, 12팩 젤 펜 리필 파인 포인트 0.5mm 팁 부드러운 필기 펜 리필 (12 블랙)",LINFANC,13836,13836,4.0,77.0,"젤 펜 리필: 12팩 블랙 잉크 파인 포인트 젤 잉크 펜 리필은 파커 스타일 젤 펜과 호환됩니다. 펜 리필의 길이는 97mm(3.8인치)이며 지름은 6mm(0.25인치)입니다. 블랙 잉크 스무스 라이터: 고품질 젤 잉크 펜 리필은 버터처럼 부드러운 필기 경험과 미세한 포인트 0.5mm 라인으로 일관된 잉크 흐름을 제공합니다. 건너뛰기가 전혀 없으며 일상적인 글쓰기에 적합합니다. 고품질 소재: 프리미엄 황동 배럴 펜 리필은 사무용품, 학용품, EDC 펜 등에 적합합니다. 훌륭한 필기구의 수명을 연장하고 최고의 필기 경험으로 레벨을 올리세요. 프리미엄 잉크: 신뢰할 수 있는 고품질의 생생한 블랙 잉크는 자유로운 잉크 흐름과 안정적인 필기 성능을 제공합니다. 번지거나 번지지 않습니다. 대용량 잉크 보관함은 오래 지속되는 필기 시간을 제공하며 장기간 사용 및 다큐멘터리 사용에 적합합니다. 만족 보장: 제품에 문제가 있으시면 언제든지 문의하십시오. LINFANC 평생 기술 지원과 90일 환불 을 제공합니다.",제품 사양:,"['펜', '잉크', '리필', '블랙', '필기', '포인트', '경험', '부드럽다', '프리미엄']"
사무용품,펜 및 리필,펜 리필,,B0B4DMBSVD,만년필 잉크 리필 - 24팩 국제 표준 사이즈 카트리지 - 프리미엄 품질 및 무독성 - 오래 지속되는 잉크,Ellington Pens,20705,20705,4.4,149.0,"ELLINGTON 펜에 딱 맞습니다: 당사의 프리미엄 잉크 카트리지는 Ellington Pens에 맞게 특별히 설계되어 매번 완벽한 핏을 제공합니다. 이렇게 하면 잉크가 누출되거나 흘리지 않고 매끄럽고 고르게 흐릅니다. 카트리지가 제대로 맞지 않아 잉크를 낭비하거나 펜을 망칠 염려가 없습니다. 전문적인 잉크 품질 - 당사의 잉크 카트리지는 최고 품질의 잉크로 채워져 풍부하고 생생한 색상을 제공하여 글쓰기를 돋보이게 합니다. 메모, 편지 또는 저널 항목을 작성할 때 잉크가 페이지에서 단어를 돋보이게 합니다. 또한 고품질 잉크는 빠르게 건조되어 번짐을 방지하고 글씨를 선명하고 깨끗하게 유지합니다. 24 밸류 팩: 당사의 프리미엄 잉크 카트리지는 24개의 카트리지가 포함된 편리한 밸류 팩으로 제공되므로 조만간 잉크가 부족할 염려가 없습니다. 이 팩은 오래 지속되는 잉크를 제공하여 몇 주 또는 몇 달 동안 글을 쓸 수 있습니다. 지속적으로 교체할 필요 없이 프리미엄 잉크 카트리지의 이점을 누릴 수 있어 시간과 비용을 절약할 수 있습니다. 100% 안전 및 무독성 - 안전이 중요하다는 것을 알고 있습니다. 그래서 당사의 잉크 카트리지는 균형 잡힌 Ph 수준으로 제조되고 무독성입니다. 즉, 펜에 부드럽게 닿아 사용하기에 안전합니다. 저희 잉크가 건강이나 환경에 해롭지 않다는 것을 알고 안심하고 글을 쓸 수 있습니다. 부드럽고 고급스러운 필기 경험: 당사의 잉크 카트리지는 끊김 없이 매끄러운 잉크 흐름을 제공하여 쉽고 일관되게 글을 쓸 수 있습니다. 잉크가 건너뛰거나 문장 중간이 부족할 염려가 없습니다. 잉크 카트리지를 사용하면 글쓰기에 집중하고 잉크가 페이지에 부드럽게 흐르도록 할 수 있습니다.",,"['잉크', '카트리지', '프리미엄', '지속', '염려', '부드럽다', '무독성', '펜']"
사무용품,펜 및 리필,펜 리필,,B0964R572F,"펜 리필 잉크 펜 리필 볼펜 리필 1.0mm 교체용 잉크 리필 벌크, 접이식 펜, 사무실 학교 용품, 미디엄 포인트, 30개입(블랙)",Zonon,9681,9681,3.9,622.0,"패키지 구성: 1.0mm 접이식 볼펜 리필 30개가 제공됩니다. 다양한 사무실이나 학교에서 사용하고 교체할 수 있는 충분한 수량으로 친구, 반 친구 및 동료와 공유할 수 있습니다. 구매 전에 그림 2의 치수를 참조하십시오 사이즈 정보: 각 볼펜 리필의 총 길이는 9.9cm(3.9인치) / 3.9인치이며, 카트리지 본체의 길이는 9cm/3.54인치이며 잉크 길이는 약 6.7cm(2.64인치)입니다. 볼펜 리필의 크기와 교체용 볼펜 리필의 크기를 비교하십시오. 제품이 더 짧으면 사용하지 않는 것이 좋습니다 고품질 소재: 접이식 펜 리필의 외부 쉘은 신뢰할 수 있는 플라스틱으로 만들어졌으며 내부 잉크는 높은 연색성과 균일성을 가지고 있어 심각하고 신뢰할 수 있어 종이에 부드럽게 쓰거나 그릴 수 있어 오랫동안 사용할 수 있습니다 사려 깊은 디자인: 이 1.0mm 볼펜 리필을 사용하면 선명한 선을 그리거나 쓸 수 있으며 잉크가 고르게 흐르므로 대부분의 드로잉 및 필기 요구 사항을 충족할 수 있습니다. 또한, 잉크 리필은 쉽게 바래거나 건너뛰지 않아 부드럽게 쓸 수 있으며 캘리그래피 작업은 색이 바래지 않고 오래 지속될 수 있습니다 실용적인 선물: 이 접이식 리필 세트는 여분의 리필로 사용할 수 있을 뿐만 아니라 항상 많은 글을 써야 하는 가족, 반 친구, 동료 및 친구들에게 실용적인 선물로도 사용할 수 있습니다. 유용하고 사려 깊은 선물을 받으면 기뻐할 것입니다",,"['리필', '볼펜', '잉크', '접이식', '펜', '친구', '선물', '학교', '깊다', '동료']"
사무용품,펜 및 리필,펜 리필,,B06XGHH2MF,"펜 리필, 9.9cm(3.9인치) 블랙 잉크 펜 리필 1.0mm 교체 잉크 볼펜 파커 펜 전술 펜용 (10팩)",Lsqurel,12451,9681,4.6,1040.0,"★【세부 사항】길이 3.9인치/9.9cm. 펜 팁 1.0mm. 미디엄 포인트. ★【리필 잉크 색상】블랙. ★【범용】금속 볼펜 리필은 크기가 펜과 잘 맞는 한 대부분의 볼펜에 맞습니다. ★【최고 품질】높은 잉크 볼륨으로 장시간 사용할 수 있으며 800미터 이상 쓸 수 있습니다. 잉크 리필은 부드러운 필기, 방수 및 속건성 잉크와 잘 어울리며 오래된 펜을 새로운 생명을 불어 넣습니다. ★【패키지 목록】택티컬 펜용 잉크 펜 리필 10팩 (펜 미포함). 주의 사항: 구매 전에 사이즈를 확인하십시오.",,"['펜', '잉크', '리필', '볼펜', '블랙', '펜용']"
사무용품,펜 및 리필,펜 리필,,B00IE9WOJY,"6개 밸류 팩, PILOT G2 롤러 볼 잉크 리필, 볼드, 블랙, 6팩 = 리필 12개, (77289)",PILOT,18766,18960,4.8,2356.0,"G2는 최고 브랜드 젤 잉크 펜의 평균보다 오래 쓸 수 있습니다 독립적인 타사 ISO 테스트. 테스트 된 최고 브랜드 젤 잉크 펜의 평균(모든 포인트 사이즈)에 비해 평균 G2 쓰기 출력(모든 포인트 사이즈). Pilot Corporation of America에 등록된 데이터. G2, G2 리미티드, G2 프로, G6, Dr. Grip LTD.; Dr. 그립 젤, 정밀한 젤 비그린, G-Knock BeGreen; Q7; B2P 젤 잉크 펜, ExecuGel 및 Pilot MR 젤 롤러 다이나믹 젤 잉크 포뮬라는 부드러운 필기감과 선명한 1.0mm 포인트로 번짐 방지 기능이 있습니다 프리미엄 블랙 젤 잉크 리필 2개 - 좋아하는 파일럿 젤 잉크 펜의 수명을 연장하세요",Z,"['잉크', '펜', '리필', '포인트', '평균', '테스트', '롤러', '최고', '블랙']"
사무용품,펜 및 리필,펜 리필,,B00A4ZUJ3E,"Parker 볼펜 리필, 파인 포인트, 블랙 잉크, 6/팩 (S0406280)",Parker,17561,17561,4.6,808.0,"이 리필은 오리지널 Parker 플라스틱 튜브 또는 블리스터에 있는 정품입니다. 각 리필 챙은 Quink 독점 잉크 포뮬러로 최적의 성능을 약속합니다 부드러운 필기를 위해 일관된 잉크 흐름을 기대하세요. 사용할 때마다 1/4 회전하도록 설계된 이 카트리지는 볼포인트 내구성을 제공합니다. 모든 Parker 볼펜에 맞습니다: Facet, Sonnet Mono, Executive Quatro 및 Esprit.",정품 및 새로운 Parker 볼펜 리필,"['리필', '볼펜', '잉크', '포인트', '정품', '회전', '새롭다', '기대하다', '독점', '포뮬러']"
사무용품,펜 및 리필,펜 리필,,B0921M325V,"SHARPIE S-Gel 젤 잉크 펜 리필, 미디엄 포인트, 블랙 잉크, 2/팩 (2096168)",SHARPIE,8296,8296,4.7,309.0,"2개 팩으로 판매됩니다. 블랙 젤 잉크 펜 리필로 좋아하는 펜을 오래 사용할 수 있습니다. 강렬하게 대담한 젤 잉크 색상은 항상 생생한 글씨를 제공합니다. 0.7mm 미디엄 포인트. 가정, 사무실 및 학교에 적합합니다. 블랙 젤 잉크 리필 2개가 포함되어 있습니다. 젤 펜 잉크 리필로 번짐 및 번짐 방지 기술.","샤피의 힘은 이제 Sharpie S-Gel과 함께 젤 펜에 담겨 있습니다. 번짐 없음, 번짐 없는 기술 및 대담하고 동급 최고의 잉크로 항상 생생한 필기를 제공합니다. 매끄럽고 전문적인 외관의 고성능 젤 펜으로 대여하고 싶지 않은 필기구입니다. 윤곽이 잡힌 고무 그립으로 어떤 작업 중에도 편안하게 쓸 수 있습니다. 다양한 포인트 사이즈, 배럴 마감 및 젤 잉크 색상으로 제공되는 Sharpie S-Gel은 가정, 학교 또는 사무실에 완벽한 부드러운 필기 경험을 제공합니다. - 블랙 젤 잉크 펜 리필로 좋아하는 펜을 오래 사용할 수 있습니다. - 0.7mm 미디엄 포인트. - 블랙 젤 잉크 리필 2개가 포함되어 있습니다. - 번짐 없이 번짐 없는 젤 펜 잉크 리필. - 강렬하게 대담한 젤 잉크 색상은 항상 생생한 글씨를 제공합니다. - 가정, 사무실 및 학교에 적합합니다. - 2개 팩으로 판매됩니다.","['잉크', '펜', '블랙', '리필', '포인트', '생생하다', '대담하다', '미디엄', '사무실', '학교']"
사무용품,펜 및 리필,펜 리필,,B0CQLMK4X2,"비즈블 펜 리필 볼펜 리필 1.0mm 비즈 펜 용품 펜 리필 플라스틱 비즈 펜 비즈 펜 볼펜 학생 선생님용 200개 (6.4cm(2.44인치), 블랙 잉크)",Tophoniex,15955,15955,4.8,12.0,"【 】: PVC 백과 함께 블랙 색상의 1.0mm 비즈 펜 리필 200개가 제공됩니다. 일상 생활 사용 및 교체를 충족하기에 충분한 수량. 【 PVC 가방의 크기는 약 24 x 13 cm, 넣을 수 있는 PVC 가방이 있어 가지고 다닐 수 있습니다. 【 손글씨는 훌륭하고 매우 좋습니다. 【 】: 3포인트 서포트 펜촉 기술로 부드럽고 연속빠른 건조 잉크로 긁힘을 방지하고 손이 더러워지지 않습니다. 펜과 잉크 용량이 크며 오랫동안 안정적으로 쓸 수 있습니다. 【 리필을 교체하려면 비즈 펜에서 직접 리필을 제거하고 리필을 교체하면 작동이 쉽습니다. 참고: 구입하기 전에 사이즈를 확인하십시오",,"['펜', '리필', '비즈', '잉크', '가방', '블랙', '볼펜']"
사무용품,펜 및 리필,펜 리필,,B08PDTBPD9,"Pilot G2 젤 잉크 펜 리필, 볼드 포인트, 1.0mm, 블루 잉크, 리필 6개",Pilot,10373,10373,4.8,652.0,"과잉 시절을 위한 이상적인 펜: 부드러운 필기, 오래 지속되는 Pilot G2 프리미엄 젤 잉크 펜은 편안한 고무 그립이 특징이며 초미세, 미세, 굵게 파인 포인트로 제공됩니다. 오래 지속되는 리필 가능한 젤 잉크: 탑 브랜드 중 가장 긴 필기 젤 잉크 펜으로 입증된 부드럽게 글씨를 쓸 수 있는 접이식 G2 젤 잉크 펜은 모든 필기 요구 사항을 충족하는 클래식한 선택입니다. 고객님께 딱 맞는 제품: 오리지널 Pilot G2를 좋아하신다면 미니, 메탈릭, 모자이크 및 패션 젤 잉크 펜의 전체 G2 라인을 다양한 사이즈, 배럴 디자인 및 색상으로 사용해 보세요. 신뢰할 수 있는 품질: 100년 이상 펜을 만들어 왔습니다. 메모를 작성하든, 학교 또는 사무실 용품을 구입하든, 불렛 저널에 쓰든, 파일럿은 당신을 위한 완벽한 펜을 가지고 있습니다! 펜의 힘: 파이롯트는 모든 필요에 맞는 탁월한 필기구를 만듭니다. 만년필, 볼펜, 접이식, 지울 수 있는 젤 잉크 펜, 화이트보드 마커 등을 모든 필기 스타일에 사용할 수 있습니다.","Pilot G2 젤 잉크 펜 리필, 볼드 포인트, 1.0mm, 블루 잉크, 리필 6개","['펜', '잉크', '리필', '필기', '포인트', '블루', '부드럽다', '볼드', '미세', '접이식']"
사무용품,펜 및 리필,펜 리필,,B00LC92QG4,"파카 볼펜용 큉크플로우 잉크 리필, 세밀한 포인트, 6개의 리필 블랙 팩 (1782467)",Parker,20761,19390,4.5,1129.0,가장 매끄럽고 가장 깔끔하고 가장 일관된 파카 볼펜 리필입니다.,"Parker QuinkFlow 볼펜용 잉크 리필, 파인 포인트, 리필 6개 블랙 팩 (1782467). 프랑스산","['리필', '볼펜', '포인트', '파카', '잉크', '블랙', '플로우', '프랑스', '큉크', '일관']"
사무용품,펜 및 리필,펜 리필,,B084HG7Y1H,"Pilot, Precise V5 RT 액체 잉크 리필, 엑스트라 파인 포인트 0.5mm, 블랙, 6개 팩",PILOT,13822,13822,4.9,996.0,"펜에 활력을 불어넣으세요: 이 액체 잉크 리필로 좋아하는 정밀 롤러 볼펜을 계속 사용하세요. Precise V5/V7 RT, Precise V5 RT Deco Collection 및 Precise V5 BeGreen에 맞습니다 부드러운 필기 액체 잉크: 종이에 쉽게 미끄러져 일관된 획과 건너뛰기 없는 필기를 제공하여 깔끔하고 전문적인 문서를 제공합니다 특허받은 정밀 포인트 기술: Pilot의 Precise 펜은 매번 깨끗하고 정확한 선을 제공하는 정밀 팁이 특징이며, 놀라운 디테일로 글쓰기나 창의성에 생명을 불어넣습니다 다용도: 메모를 작성하거나 식료품 목록을 적어두기에 적합합니다. 광택, 글쓰기, 드로잉, 디자인, 스케치 또는 낙서 경험을 위해 부드럽게 쓸 수 있습니다 펜에 힘: 젤 잉크, 지울 수 있는 롤링 볼, 볼펜, 만년필, 드라이 지우개 마커 등을 포함한 Pilot의 혁신적인 필기 도구 라인으로 쉽게 자신을 표현하세요",정밀한 프리미엄 리트랙터블 롤링 볼펜과 리필로 항상 포인트를 유지하세요. 매우 부드럽고 정밀한 필기를 위한 비교할 수 없는 성능. Pilot의 독특한 액체 잉크 포뮬러는 Precision Point Technology와 짝을 이루어 정말 탁월하고 끊김 없는 필기 경험을 제공합니다. 정밀도는 디테일을 즐기는 사람들에게 이상적입니다. 엑스트라 파인 포인트 0. 5mm. 블랙 잉크. 6팩,"['잉크', '정밀', '필기', '액체', '포인트', '부드럽다', '볼펜', '경험', '엑스트라', '롤링']"
사무용품,펜 및 리필,펜 리필,,B0852YDVZD,"롤러볼 펜 리필 부드러운 필기 독일 젤 잉크, Parker Waterman 호환 펜 리필 금속 표준 사이즈 파인 포인트 블랙 잉크 10개 팩 (블랙)",Pemmeed,13822,13822,4.4,749.0,"★적용 가능성---- 교체용 롤러볼 펜 리필은 많은 롤러볼 펜과 호환되며 Parker Waterman 및 오리지널 펜 G5 / G8 호환 리필(자세한 내용은 ""Penneed"" 롤러볼 펜""을 검색하세요)으로 좋아하는 값비싼 펜의 수명을 연장합니다. ★매우 매끄러운 필기--- 스위스에서 수입된 롤러볼, 젤 잉크는 매우 빠르게 건조되며, 번짐이나 번짐이 없으며 전체적으로 보이지 않아 특히 부드러운 필기 경험을 제공합니다. ★치수--- 길이는 11.1cm(4.37인치)입니다. 잉크 재보어의 직경은 0.6cm(0.25인치), 0.7mm 가는 포인트, 블랙 잉크입니다. 구입하기 전에 사양이 펜에 맞는지 다시 확인하십시오. ★포장 수량--- 리필 10개 팩, 많은 수의 리필이 가능합니다. 사무용품, 학교 문구류, 가정용 및 플로터를 위한 좋은 리필. ★다목적--- 범용 글쓰기에 적합하며 신뢰성이 높으며 모든 종이에 적합합니다.","최고의 필기 품질 프리미엄 잉크는 종이에 부드럽게 쓰여지며 잉크가 즉시 건조되고 침투하지 않아 종이가 우아하고 깔끔하게 보입니다. 좋은 교체품. 값비싼 펜에 잉크가 부족하여 버릴 필요가 없을 때 좋은 선택입니다. 패키지에는 사용하기에 충분한 10팩 리필이 함께 제공됩니다. 긴 수명과 내구성 리필의 끝 부분은 보호 왁스로 밀봉되어 있어 보관한 여분의 리필은 사용을 기다리는 동안 마르지 않으며 오래 지속됩니다. 다양한 제품 이 리필은 직장, 학교, 호텔, 레스토랑 및 다양한 필기 행사에 적합합니다. 사무용품, 학교 문구류, 가족용으로 좋은 리필입니다. 가볍고 휴대가 간편하며 휴대가 간편합니다. 사양: 펜촉: 0.7mm 잉크 색상: 블랙 소재: 스테인리스 스틸 길이: 11.1cm 패키지: 자체 밀봉 정교한 상자에 리필 10개 유용한 팁: 1. 리필은 처음에 당사의 G5/G8 볼펜용입니다. 자세한 내용은 다음 ASIN을 검색하십시오: B07JJ6THZF, B07JGJRF8M 또는 B07KFVBWG4. 또한 아마존 검색 상자에 ""penneed""를 입력하기만 하면 됩니다. 2. 리필은 다른 브랜드의 일반적인 롤러볼펜에도 사용할 수 있습니다. 하지만 리필 사양을 주의 깊게 확인하여 원래 펜과 제대로 일치하는지 확인해야 합니다. 3. 쓰기 시 잉크 흐름이 번지지 않도록 사용하기 전에 볼 주변의 보호 왁스를 완전히 제거하십시오. 성실한 애프터 서비스: 제품에 대한 질문이나 조언이 있으시면 언제든지 저희에게 연락하십시오.","['리필', '잉크', '펜', '롤러', '필기', '블랙', '좋다', '사양', '부드럽다', '학교']"
사무용품,펜 및 리필,펜 리필,,B000FTGCFI,"Fisher Space Pen 포인트 가압 리필, 블랙 볼드 (SPR4B)",Fisher Space Pen,12866,12866,4.7,3482.0,"블랙 잉크 볼드 포인트 무중력 상태에서도 어떤 각도에서도 쓸 수 있습니다. 지금까지 만들어진 가장 다재다능한 펜입니다. -30F ~ 250F의 극한의 온도에서 쓸 수 있습니다 전체 황동 및 강철 구조 각 Fisher Space Pen 제품은 정밀 조립, 수작업 테스트를 거쳤으며 모든 제조 결함에 대해 평생 을 제공합니다","Fisher Space Pen 가압 리필(PR 시리즈)은 다음 스페이스 펜 제품 카테고리에 적합합니다: Bullet, Astronaut, Shuttle, X-750, Space-Tec, 밀리터리, 무중력, 미래, Cap-O-Matic 어댑터는 Parker 스타일 펜에 맞습니다. 페그 보드 디스플레이용 블리스터 카드.","['펜', '가압', '리필', '블랙', '볼드', '무중력', '포인트', '극한', '다재다능하다', '상태']"
사무용품,펜 및 리필,펜 리필,,B00P05MQ0W,Zebra F-리필 0.7mm 블루 잉크 2개입 (3팩),ZEBRA,11634,11634,4.7,1390.0,깨끗하고 생생한 선을 만들어 글을 눈에 띄게 합니다 무산성 아카이브 품질의 잉크는 중요한 문서에 적합합니다 Zebra는 신뢰할 수 있는 이름으로 고품질을 제공합니다,Zebra F-리필 0.7mm 블루 잉크 2개입 (3팩),"['잉크', '블루', '리필', '개입', '중요하다', '이름', '아카이브', '신뢰', '생생하다', '문서']"
사무용품,펜 및 리필,펜 리필,,B003DXXTLS,Cross 만년필 잉크 카트리지,Cross,9847,9819,4.6,4657.0,Cross 만년필용 잉크 카트리지는 최적의 성능을 제공합니다 블랙 및 블루 6 / 팩,"Cross 만년필 리필 - 블루, 블랙 - 6/팩/Ink Cartridges for the Cross Fountain Pen provide optimal performance.","['만년필', '카트리지', '잉크', '블루', '블랙', '최적', '성능', '리필']"
사무용품,펜 및 리필,펜 리필,,B071XYC29Q,몽블랑 볼펜 리필 (M) 로얄 블루 124493 - 몽블랑 볼펜용 미디엄 팁이 있는 리필 카트리지 - 블루 볼펜 리필 2개,MONTBLANC,30470,26190,4.6,11981.0,"몽블랑의 고품질 볼펜 리필은 잉크가 매끄럽고 일관되게 흘러 탁월한 필기 경험을 제공합니다. 종이에 부드러운 선을 긋기 위한 미디엄 팁 포함. 리필 잉크는 번지지 않으며 빠르게 마릅니다. 왼손잡이에게 탁월한 선택입니다. 부드러운 팁은 긁히지 않으며 고급 종이에 쓰기에 적합합니다. 로얄 블루 색상은 존경과 흥미로운 창작물을 상징합니다. 경영진의 비즈니스, 공식 서한과 생생한 이야기를 기록하는 데 이상적입니다. 네이비 블루 볼펜 리필은 Meisterstück Hommage à W.A Mozart를 제외한 모든 몽블랑 볼펜과 호환됩니다. 배송 품목: 몽블랑 미디엄 볼펜 리필 로얄 블루 2개 / 카트리지는 잉크 색상을 반영한 우아한 선물 상자에 담겨 제공됩니다.","몽블랑 볼펜 리필은 Meisterstück Hommage à W.A. Mozart를 제외한 모든 몽블랑 볼펜을 위한 완벽한 선택입니다.퍼시픽 블루 컬러는 세련되고 우아한 느낌을 위해 종이에 강렬함과 매혹적인 분위기를 선사합니다. 부드러운 팁은 긁히거나번지지 않고 달라붙지 않으며, 빠르게 건조되어 깨끗하고 깔끔하게 필기를 할 수 있습니다. 펜 교체용 리필은 오래 지속되고 강렬한 블루 색상을 고르게 분배합니다./몽블랑은 고급 필기구, 시계, 주얼리, 가죽 제품, 향수 및 안경 부문에서 세계 최고의 브랜드 중 하나입니다. 지난100년이 넘는 시간 동안, 몽블랑은 고급 필기 문화의 대명사였습니다. 화이트 별 엠블럼은 눈 덮인 몽블랑 정상을 나타냅니다.몽블랑은 유럽에서 가장 높은 산으로, 최상의 품질과 최고의 장인 정신에 대한 브랜드의 헌신을 상징합니다. 각개별 제품은 몽블랑의 오랜 전통의 장인 정신과 필수품 제작에 필요한 시간에 대한 감사를 의미합니다.현대 생활이 빠른 속도로 발전함에 따라 이러한 가치는 새롭고 더 큰 의미를 갖게 되며, 몽블랑 제품은 이러한 경험을 공유하는 데도움이 될 것입니다.","['몽블랑', '리필', '볼펜', '블루', '로얄', '필기', '잉크', '종이', '고급', '미디엄']"
사무용품,펜 및 리필,펜 리필,,B002IKK5SW,"Monteverde Parker 볼펜에 맞는 캡리스 젤 볼펜 리필, 파인 포인트, 그린, 팩당 2개 (P422GN)",Monteverde,14971,14971,4.5,713.0,Monteverde 소프트 롤은 매끄러운 필기 경험을 위한 최신 기술을 제공합니다 저점도 잉크 대용량 금속 리필 니켈 실버 튜브 팁 Parker 볼펜에 맞는 세라믹 젤 리필,"몬테베르데(Est. 1999)는 항상 새로운 모양과 상상할 수 없는 색상을 소개하는 고급 펜 업계의 선두 주자입니다. Yafa Pen Company의 완전 소유 자회사입니다 (Est. 1978)는 필기구 분야에서 31년의 경험을 바탕으로 만들었습니다. 이러한 경험은 펜과 리필에 전례 없는 디자인과 기술적으로 진보된 혁신을 만들었습니다. 새로운 품질의 제품에 대한 이러한 강력한 헌신으로 몬테베르데는 25개국에서 국제적으로 판매될 수 있었습니다. 당사는 펜 리필을 위한 세계 최대의 단일 소스임을 매우 자랑스럽게 생각합니다. 대부분의 주요 브랜드에 맞는 리필에 다양한 잉크 유형과 색상을 제공하여 고객에게 재미있고 창의적인 선택을 제공합니다. Monteverde의 프리미엄 리필로 제공되는 모든 옵션을 탐색하는 것을 즐기시기 바랍니다. ""내부에서 바깥으로 새로운 아이디어를 만드는 것""은 몬테베르데의 확고한 헌신으로 계속 남을 것입니다. 리필은 모든 필기 시스템의 핵심이기 때문에 이미 광범위한 컬렉션에 추가할 수 있는 다양한 새롭고 창의적인 리필을 지속적으로 개발할 것입니다. 몬테베르데 필기구의 고급스러운 아름다움과 혁신적인 디자인을 경험하여 글쓰기에 대한 사랑을 새롭게 할 수 있도록 여러분을 초대합니다. 쓰여진 단어의 아름다움으로 자신을 표현할 수 있는 새로운 창의적인 방법을 발견하면 우리의 목표는 달성될 것입니다.","['리필', '새롭다', '몬테베르데', '경험', '펜', '창의', '볼펜', '잉크', '이러하다', '아름답다']"
사무용품,펜 및 리필,펜 리필,,B0CL53D65H,"블루 잉크 비즈 펜 리필 100개, 플라스틱 비즈 볼펜, 비즈 펜 벌크 리필, 비즈 펜 리필 (리필 100개)",MexSpFit,12160,12160,4.5,37.0,"수량: 파란색 잉크 플라스틱 비즈 펜 리필 100팩 사이즈: 리필 길이 6.1cm/2.4인치 적합성: 플라스틱 비즈 펜에만 사용 참고: 구입하기 전에 사진에 표시된 모델을 확인하십시오 멋진 선물 펜: 이 금속 비즈 볼펜은 외관이 아름답습니다. 생일, 비즈니스 이벤트, 기념일, 졸업식, 기념일, 크리스마스, 친구, 친척, 반 친구, 학생, 교사 등을 위한 좋은 선물로 독특한 수공예품을 만들 수 있습니다. 선물",플라스틱 비즈 펜 리필,"['비즈', '리필', '펜', '플라스틱', '선물', '볼펜', '기념일', '친구', '잉크']"
사무용품,펜 및 리필,펜 리필,,B09Z3781Y6,"블랙 잉크 비즈 펜 리필 100개, 플라스틱 비즈 볼펜, 비즈 펜 벌크 리필, 비즈 펜 리필 (리필 100개)",MexSpFit,12160,12160,4.7,115.0,"수량: 블랙 잉크 플라스틱 비즈 펜 리필 100팩 사이즈: 리필 길이 6.1cm/2.4인치 적합성: 플라스틱 비즈 펜에만 사용 참고: 구입하기 전에 사진에 표시된 모델을 확인하십시오 멋진 선물 펜: 이 금속 비즈 볼펜은 외관이 아름답습니다. 생일, 비즈니스 이벤트, 기념일, 졸업식, 기념일, 크리스마스, 친구, 친척, 반 친구, 학생, 교사 등을 위한 좋은 선물로 독특한 수공예품을 만들 수 있습니다. 선물",플라스틱 비즈 펜 리필,"['비즈', '펜', '리필', '플라스틱', '선물', '잉크', '블랙', '친구', '기념일', '볼펜']"
사무용품,펜 및 리필,펜 리필,,B0040T6TUM,"BIC MRC21-B-BLU 와이드 바디/벨로시티/클리어 클릭용 펜 리필, 미디움 포인트, 2개입, 블루",BIC,12949,12949,4.5,344.0,"볼펜 리필은 BIC 클리어 클릭 펜, 리액션, AI, XXL, 프로 플러스, 와이드 바디 및 미디엄 포인트의 벨로시티 펜에 부드러운 필기감을 제공합니다 부드러운 필기 볼펜 잉크 리필","볼펜 리필은 BIC 클리어 클릭 펜, 리액션, AI, XXL, 프로 플러스, 와이드 바디 및 미디엄 포인트의 벨로시티 펜에 부드러운 필기감을 제공합니다.","['펜', '리필', '필기', '와이드', '바디', '볼펜', '부드럽다', '시티', '클리어', '클릭']"
사무용품,펜 및 리필,펜 리필,,B00P05OBIW,"Zebra G-301 스테인리스 스틸 펜 JK-리필, 미디엄 포인트, 0.7mm, 블랙 잉크, 2개입 (6팩)",Zebra Pen,24583,17215,4.8,2182.0,부드러운 잉크 흐름을 방출하여 깨끗하고 선명한 선을 만듭니다 생생한 젤 잉크로 스타일을 돋보이게 합니다 Zebra는 신뢰할 수 있는 이름으로 고품질을 제공합니다,"Zebra Pen 88112 모델 G-301 스테인리스 스틸 펜 JK 리필, 미디엄 포인트, 0.7mm, 블랙 잉크, 2개(6팩), 최고의 성능을 위한 부드러운 글라이드 잉크가 특징입니다. 품질과 가치는 당사가 제조하는 제품에 가장 중요합니다. 저희가 취급하는 모든 제품은 필기 성능을 보장하기 위해 엄격한 품질 테스트를 거칩니다. 여러분이 기대하는 표준을 유지하기 위해 가장 인기 있는 Zebra 필기 도구의 수명을 보완하고 연장할 수 있는 리필 및 액세서리를 제공합니다. 주요 특징 - 최고의 성능을 위한 부드러운 글라이드 잉크가 특징입니다. - 대담하고 고발색 다크 컬러 잉크로 일반적인 용도로 완벽한 선택입니다. - 모든 Zebra 제품에 대한 내구성 있는 성능을 보장하는 강력한 품질 테스트","['잉크', '성능', '부드럽다', '리필', '특징', '스틸', '스테인리스', '글라이드', '보장', '필기']"
사무용품,펜 및 리필,펜 리필,,B09WDNR41K,Scriveiner 롤러볼 리필 블랙 미디엄 - Scriveiner 펜용으로 설계된 롤러볼 리필 4개 - 안전 세라믹 건조 롤러 펜 리필 M - Schmidt 888 사이즈 - 독일산,Scriveiner,13836,13836,4.6,953.0,미디엄 팁 - 블랙 잉크 - 표준 사이즈 세라믹 팁 롤러 볼 리필 Scriveiner 액체 잉크 리필 - 볼펜의 편리함으로 만년필의 느낌을 줍니다 탁월한 품질의 잉크 - 미디엄 팁은 탁월한 전반적인 필기 경험을 제공합니다 독일산 - Scriveiner 펜용으로 디자인,Scriveiner 롤러볼 리필 최고 품질의 리필 4팩. Scriveiner 펜을 최대한 활용할 수 있도록 설계되었습니다. 당사의 액체 잉크 시스템은 젤 기반 펜보다 더 나은 필기 느낌을 제공합니다. 독일에서 제작. Schmidt 888 사이즈는 이 리필이 표준 사이즈 리필을 사용하는 대부분의 롤러볼 펜에 맞습니다.,"['리필', '롤러', '펜', '잉크', '미디엄', '독일', '세라믹', '표준', '펜용', '탁월하다']"
사무용품,펜 및 리필,펜 리필,,B0C2GX5XZ1,"볼펜 리필 100개 접이식 펜 리필 9.8cm(3.8인치) 스파클 펜용 블랙 잉크 대나무 펜 리필용 1.0mm 접이식 펜, 사무실 학교 가족의 나무 펜",Lopenle,13836,13836,4.5,12.0,"포장 세부 정보: 이 좋은 품질의 리필은 100개로 포장되어 있으며, 각 리필은 레드 왁스로 덮여 있으며 많은 양의 펜 리필은 장기간 사용하기에 충분하며 반 친구 및 동료들과 공유할 수도 있습니다. 적합한 사이즈: 접이식 펜 리필, 리필 1개 길이는 약 9.8cm(3.86인치), 미디엄 포인트 1.0mm, 사무실, 비즈니스, 상점, 학교 및 가정에 적합합니다. 친구, 어린이, 가족 및 학생에게도 완벽한 선물입니다 부드러운 필기: 대나무 리필, 잉크 색상은 검은색입니다. 고품질 블랙 잉크 리필은 쉽고 부드럽게 쓸 수 있으며 색이 바래거나 건너뛰지 않습니다. 메모, 숙제, 드로잉, 마킹, 다이어리 쓰기, 카드 만들기에 적합합니다. 학교, 사무실, 가족용으로 적합합니다. 다양한 용도 디자인: 블랙 잉크 볼펜 리필은 반짝이는 금속 접이식 펜과 대나무 펜 또는 기타 볼펜을 교체할 수 있습니다. 이 멋진 펜은 재사용이 가능합니다. 다양한 용도: 플라스틱 볼펜 리필, 최고 품질 표준. 여자 친구, 청소년, 반 친구, 친구, 동료, 고객, 가정 또는 사무용품, 비즈니스, 생일, 크리스마스, 할로우마스, 장식, 무대 소품, 특별한 행사 등을 위한 완벽한 선물입니다.",,"['리필', '펜', '친구', '접이식', '볼펜', '잉크', '사무실', '대나무', '학교', '가족']"
사무용품,펜 및 리필,펜 리필,,B003ZHFELK,Schneider Topball 850 볼펜 리필 박스 10 리필 마킹펜,Schneider,19251,12271,4.6,4044.0,"유럽 사이즈 롤러볼 리필, 리필 10개 박스 블랙 잉크의 선 너비 약 0.5mm 내마모성, 원뿔형 스테인리스 스틸 팁 캡을 2-3일 동안 제거해도 캡 오프 잉크가 마르지 않습니다 Schneider Topball 811 및 기타 유로 사이즈 잉크 펜용 교체 리필. 독일에서 제작.","슈나이더® 탑볼 850 롤러볼 리필은 내마모성 스테인리스 스틸로 만든 원뿔형 팁이 특징이며, 편안하고 눈에 띄는 필기를 촉진합니다. Schneider® Topball 811용 교체용 리필이며 다른 많은 유럽 사이즈 잉크 펜에 맞습니다. 대략적인 선 너비 0.5mm, 블랙 잉크로 쓰입니다. 리필 10개 박스. 독일에서 제작. 독일에서 제작된 Schneider® 제품은 80년 이상의 역사를 통해 수상과 찬사를 받은 최고 품질 및 환경 표준에 따라 제조됩니다. 신뢰성, 기능성 및 지속 가능성으로 잘 알려진 Schneider® 필기구는 창의성과 펜에서 종이에 힘을 실어주기 위해 탁월한 가격대로 제공됩니다. 슈나이더® 방식으로 각 생각을 적어 둘 가치가 있습니다.","['리필', '잉크', '제작', '독일', '박스', '캡', '스틸', '스테인리스', '슈나이더', '유럽']"
사무용품,펜 및 리필,펜 리필,,B07BGR3XF7,"4.5"" 교체 가능한 볼펜 리필, 30팩 부드러운 글씨 볼펜 리필 크로스 스타일 펜 (블랙 및 블루 잉크 리필)",Aniann,9681,9681,4.2,489.0,"패키지에 포함된 항목: 30개의 금속 볼펜 리필 포함, 15개의 블랙 잉크와 15개의 블루 잉크를 포함합니다. 교체할 수 있는 충분한 수량. 표준 호환 리필: 금속 리필의 길이는 4.5인치/11.6cm, 매끈한 글씨를 위한 1mm 미디엄 포인트입니다. 좋은 품질: 리필 바디는 금속 소재로 만들어졌으며, 인체 공학적 디자인으로 잡기 편합니다. 펜 리필은 빠르고 매끄러운 글씨를 제공하므로 건조한 부위를 남기지 않습니다. 용도: 크로스 펜 리필은 대부분의 크로스 펜에 적합하며, 가정, 학교 및 사무실 등에 적합합니다. 안내: 구매하기 전에 리필을 풀고 치수를 확인하십시오. 길이는 4.5인치/11.6cm인지 확인하십시오. 이 리필은 스레드가 있어 제자리에 나사로 고정해야 합니다.","4.5"" 교체 가능한 볼펜 리필, 30 팩 부드러운 글씨 십자가 잉크 리필 (블랙 및 블루 잉크 리필 볼펜 리필: 2가지 색상의 잉크 리필, 블루 잉크와 블랙 잉크, 총 30개 리필 가능, 각 색상 15개입 좋은 품질의 잉크는 빠르고 매끄러운 글씨를 제공하며 번지지 않습니다. 용도: 교체용 볼펜 리필은 학교, 사무실 및 가정에 적합합니다. 사양 : 색상: 블루, 블랙 소재: 금속 본체 중간 포인트: 1.0mm 길이: 4.5인치/11.6cm 안내: 구매하기 전에 리필을 풀고 치수를 확인하세요. 길이는 4.5인치/11.6cm인지 확인하십시오. 패키지에 포함된 항목: 15 x 블루 볼펜 리필 15 x 블랙 볼펜 리필","['리필', '잉크', '볼펜', '블랙', '블루', '글씨', '펜', '금속', '크로스']"
사무용품,펜 및 리필,펜 리필,,B0CXXSWL2R,"Giantree Beadable 펜 리필 200개, 블루 잉크 1.0mm 교체 가능한 펜 리필 부드러운 필기 비즈 펜 리필 플라스틱 비즈 볼펜 리필 6.2cm(2.44인치)",Giantree,11066,11066,1.5,2.0,"【제품 구성】: 블루/블랙 대용량 볼펜 리필 200개를 대량으로 받게 되며, 오랫동안 사용할 수 있는 충분한 펜 잉크 리필이 제공됩니다. 【실크처럼 빠르게 건조되는 잉크】: 볼펜 리필은 빠르게 건조되며 밝은 색상, 부드러운 필기감을 가지고 있으며 쉽게 얼룩이 생기지 않습니다. 서명, 메모 작성 및 글쓰기에 적합합니다. 【내구성 있는 소재】: 잉크 비즈 펜 리필은 고품질 플라스틱과 잉크로 만들어져 내구성이 뛰어나고 가벼우며 쉽게 바래지 않습니다. 볼펜 리필은 매우 유용한 액세서리입니다. 사무실, 학교, 비즈니스 및 기타 행사에 적합합니다. 【쉬운 사용】: 비즈 펜은 플라스틱 볼펜과 볼펜에 적합합니다. 잉크 리필을 교체하려면 볼펜에서 잉크 리필을 제거하고 잉크 리필을 교체하면 편리합니다. 【사이즈】: 트위스트 펜용 펜 리필은 약 6.2cm/2.44인치입니다. 리필은 작고 휴대가 쉽습니다. 리필은 지갑, 가방 또는 주머니에 넣을 수 있습니다. 남성, 여성, 학생, 작가 등에 적합합니다.",포장 목록: 200피스 비즈 펜 볼펜 리필 (블랙) / 200pcs 비즈 펜 볼펜 리필 (블루)//펜 팁: 1mm//제품 크기: 6.2cm/2.44인치//소재: 플라스틱 + 잉크//색상: 블랙/블루,"['리필', '펜', '볼펜', '잉크', '비즈', '플라스틱', '블루', '구성', '블랙']"
사무용품,펜 및 리필,펜 리필,,B00VII4THI,"Pilot, G2 젤 잉크 리필, 볼드 포인트 1mm, 퍼플, 2개 팩",Pilot,6938,7118,4.7,646.0,"G2 리필: 펜 전체를 교체할 필요 없이 좋아하는 젤 펜을 계속 사용할 수 있습니다. G2는 더 많은 것을 쓸 수 있는 가장 오래 지속되는 젤 잉크 펜으로 입증되었습니다(파일의 데이터) 부드럽고 생생한 잉크: 부드럽게 흐르는 젤 잉크가 종이를 가로질러 쉽게 미끄러져 정확하고 깨끗한 선을 만들어냅니다. 초미세 미세, 미세, 미세, 굵은 포인트 크기로 제공되므로 필기 스타일에 맞는 완벽한 펜을 찾을 수 있습니다 다용도: 일상적인 필기 작업과 드로잉, 스케치 또는 낙서와 같은 창의적인 프로젝트에 적합합니다. 가정, 학교 또는 사무실에서 사용하기에 이상적입니다 빠른 건조 및 호환: 생생하고 빠르게 건조되는 잉크는 깔끔하고 전문적인 품질의 문서를 위해 얼룩과 얼룩을 방지합니다. 다양한 파일럿 젤 잉크 펜에 맞습니다 펜에 힘: 젤 잉크, 지우기, 롤링 볼, 볼펜, 만년필, 드라이 지우개 마커 등을 포함한 Pilot의 혁신적인 필기 도구 라인으로 쉽게 자신을 표현하세요","이 젤 잉크 리필로 소중한 파일럿 젤 펜에 잉크가 떨어지지 않도록 하세요. 낭비를 줄이고 펜의 수명을 연장하는 비용 효율적인 솔루션을 제공합니다. 여러 Pilot 젤 펜 라인과 호환되는 이 리필은 Pilot 펜 모델에 완벽하게 맞는 것을 쉽게 찾을 수 있습니다. 오래 지속되는 G2 잉크로 더 많이 쓸 수 있어 더 나은 가치를 제공합니다. 이 리필은 매끄럽고 생생한 잉크가 특징이며, 읽기 쉬운 글씨나 그림을 그릴 때마다 깨끗하고 선명한 선을 제공합니다. 속건성 잉크는 얼룩과 얼룩을 방지하고 1mm 펜 포인트 사이즈는 더 굵은 선 너비를 제공하여 더욱 표현력 있는 필기를 제공합니다. 매끄럽고 끊김 없는 필기 경험을 위해 Pilot 펜 리필을 선택하세요. 좋아하는 펜은 앞으로 몇 년 동안 신뢰할 수 있는 필기 도구로 남을 수 있습니다.","['펜', '잉크', '필기', '리필', '얼룩', '미세', '포인트', '생생하다']"
사무용품,펜 및 리필,펜 리필,,B07ZKX53LC,"Cross 볼펜 리필, 미디엄, 블랙 잉크, 2/팩 (85132) (새 버전)",Cross,12451,12451,4.3,76.0,,"Cross 볼펜, 미디엄, 블랙 잉크용 리필","['잉크', '블랙', '볼펜', '미디엄', '리필', '버전']"
사무용품,펜 및 리필,펜 리필,,B07L315P4L,"Jovitec 교체 가능한 볼펜 리필 24개, 부드러운 필기 11.6cm(4.5인치) 및 미디엄 팁 1mm (블랙 및 블루)",JOVITEC,8988,8988,4.3,2681.0,"호환 브랜드: 12팩 블랙 및 12팩 블루 교체 가능한 펜 리필, Cross item #8513과 호환 가능 표준 호환 리필: 리필 길이는 11.6cm(4.5인치) / 1.6cm(4.5인치), 0.04인치/1mm 미디엄 팁으로 부드러운 필기를 제공합니다 고품질 잉크: 블랙 및 블루 잉크 리필은 부드러운 필기, 방수, 빠른 건조 성능을 제공합니다 용도: 펜 리필의 나사 끝을 교체하는 데 적합하며 Cross 및 기타 펜과 호환되며 사무실, 학교 및 가정에서 사용하기에 적합합니다 참고: 구입하기 전에 펜 리필을 측정하고 제품 사진 및 사양과 비교하십시오","JV0065: 교체 가능한 블랙 볼펜 리필 24개, 부드러운 필기 11.6cm(4.5인치) 및 1mm 미디엄 팁 사양: 수량: 24 팩 잉크 색상: 블랙. 리필 길이: 약 11.6cm(4.5인치) 포인트: 1mm 미디엄 팁 참고: 1. 주문하기 전에 펜 리필을 측정하고 구입하기 전에 제품 사진 및 사양과 비교하십시오. 2. 호환 가능한 예비 부품이며, 제조업체의 이름과 부품 번호는 참조 용도로만 언급되었습니다. 패키지 구성: 블랙 볼펜 리필 JV1100 24개: 교체 가능한 블랙 및 블루 볼펜 리필 24개, 부드러운 필기구, 11.6cm(4.5인치) 및 1mm 미디엄 팁. 사양: 수량: 24개 잉크 색상: 블랙과 블루 리필 길이: 약 11.6cm(4.5인치) 포인트: 1mm 미디엄 팁 참고: 1. 주문하기 전에 펜 리필을 측정하고 구입하기 전에 제품 사진 및 사양과 비교하십시오. 2. 호환 가능한 예비 부품이며, 제조업체의 이름과 부품 번호는 참조 용도로만 언급되었습니다. 패키지 구성: 블랙 볼펜 리필 12개. 블루 볼펜 리필 12개 JV1346: 교체 가능한 블루 볼펜 리필 24개, 부드러운 필기 11.6cm(4.5인치) 및 1mm 미디엄 팁 사양: 수량: 24개 잉크 색상: 블루 리필 길이: 약 11.6cm(4.5인치) 포인트: 1mm 미디엄 팁 참고: 1. 주문하기 전에 펜 리필을 측정하고 구입하기 전에 제품 사진 및 사양과 비교하십시오. 2. 호환 가능한 예비 부품이며, 제조업체의 이름과 부품 번호는 참조 용도로만 언급되었습니다.","['리필', '블랙', '가능하다', '미디엄', '블루', '사양', '볼펜', '호환', '펜', '부드럽다']"
사무용품,펜 및 리필,펜 리필,,B0CW9QL5YS,"0.7mm 지울 수 있는 젤 잉크 펜 리필 16개, Frixion 마찰과 호환, 멀티컬러 접이식 파인 포인트 클릭 파일럿 펜 리필, 그리기 쓰기 용품용 (8가지 색상-블루 네이비 블랙 퍼플)",Jawfait,13836,13836,4.4,6.0,"【패키지 구성】지울 수 있는 젤 펜 리필 16개가 패키지에 포함되어 있습니다. 지울 수 있는 젤 펜의 크기는 미세한 포인트(0.7mm)입니다. 곱슬거림 및 마찰이 쉬운 교체, 더 많은 색상 및 더 많은 선택과 호환됩니다. 【안전 잉크】우수한 소재를 사용하여 리필을 부드럽고 내구성이 뛰어납니다. 수성 무독성 잉크, 중성, 번짐 방지, 열 지울 수 있습니다. 글쓰기, 페인팅, 색칠 등에 적합합니다. 글쓰기와 그림을 좋아하는 아이들도 행복하게 사용할 수 있습니다 【부드러운 필기】지울 수 있는 리필은 약 0.7mm 크기의 고급 볼펜으로 설계되었으며, 필기가 편안합니다. FriXion 볼 및 클리커 펜 및 기타 유명 브랜드에 적합합니다. 메모 작성, 어린이 낙서, 스케치, 글쓰기 및 재미있고 숙련된 방식으로 창의력을 발휘하는 데 적합합니다. 【마찰로 제거】고무를 사용하면 새로운 열에 민감한 잉크가 마찰로 사라지므로 반복적으로 실수를 하거나 노트북을 망칠 염려가 없습니다. 지울 수 있는 기능으로 생각할 수 있는 더 많은 공간을 제공합니다 【8가지 다른 색상】이 세트에는 8가지 색상의 지울 수 있는 펜 리필 16개가 포함되어 있으며, 각 색상마다 2개의 피스가 포함되어 있으며, 다양한 녹음 및 페인팅 요구 사항에 맞는 다양한 색상으로 휴대가 쉽습니다. 지갑, 필통에 보관하고 친구들과 공유하여 관계를 향상시킬 수 있습니다",제품 크기: (0.7mm)/제품 소재: 잉크/적용 범위: 매일,"['펜', '리필', '잉크', '마찰', '글쓰기', '열', '페인', '패키지', '포인트', '부드럽다']"
사무용품,펜 및 리필,펜 리필,,B0843S9T5B,"Cross Selectip 젤 롤러볼 펜 리필, 파인 포인트, 블랙, 1팩 (8015)",Cross,13850,9002,4.5,12957.0,"필기구 아이콘 십자가의 고품질 표준을 충족하는 리필. 오리지널 액세서리는 필기구의 최적의 기능을 보장합니다 리필 유형: Cross 8015. 필기 액체 유형: 만년필처럼 부드럽고 유창하게 흐르는 젤 잉크. 리필 디자인: 롤러볼, 선 너비 0.5 mm, 잉크 색상: 블랙 박스 구성: 젤 롤러볼 리필 1개가 포함된 블리스터 카드",A.T Cross Co. .5 고급 젤 롤러볼 펜 리필.,"['리필', '롤러', '필기구', '펜', '잉크', '블랙', '블리스', '구성', '디자인', '만년필']"
사무용품,펜 및 리필,펜 리필,,B00GS5PGL4,Parker 볼펜용 젤 리필 미디엄 포인트 블랙 잉크 총 4개 리필,Parker,16606,16606,4.6,1940.0,젤 잉크가 종이에 직접 흐르도록 하는 팁 중간 포인트는 깨끗하고 매끄러운 선을 만듭니다 블랙 잉크 리필 2개 - 팩당,젤 잉크를 종이에 직접 흘릴 수 있는 롤러 볼 팁. 중간 지점은 깨끗하고 매끄러운 선을 만듭니다. Parker 펜 리필 선택시 항상 만족하실 것입니다.,"['잉크', '리필', '포인트', '종이', '매끄럽다', '블랙', '중간', '직접', '깨끗하다', '선택']"
사무용품,펜 및 리필,펜 리필,,B00P1PJ65E,"Pilot Precise V5 RT 리퀴드 잉크 리트랙터블 롤러볼 펜 리필, 0.5mm, 엑스트라 파인 포인트, 블루 잉크, 6팩, 리필 2개 포함",PILOT,23268,16620,4.9,1029.0,"6팩에 리필 2개씩 총 12개 리필 특허받은 고급 액체 잉크 기술 포뮬레이션은 일관되고 매끄러운 쓰기를 제공합니다. 8,202피트의 거리를 적어내도록 성능 테스트 빠른 건조, 방수 잉크를 제공하여 번짐이 없는 결과를 얻을 수 있습니다.","Pilot Precise V5 RT 리퀴드 잉크 리트랙터블 롤러볼 펜 리필, 0.5mm, 엑스트라 파인 포인트, 블루 잉크, 각 리필 2개 포함 6팩","['잉크', '리필', '포인트', '블루', '펜', '트랙터', '퀴드', '롤러', '엑스트라']"
사무용품,펜 및 리필,펜 리필,,B0B2W32F8B,Parker 볼펜 리필 | 미디엄 팁 | 레드 QUINKflow 잉크 | 2개입,Parker,8282,8282,4.4,577.0,Parker 볼펜용으로 설계된 정품 Parker 잉크 리필 Parker QUINKflow 잉크는 종이에 지속적으로 부드럽게 글씨를 쓸 수 아름답게 착색된 잉크는 생각을 컬러로 포착합니다 일상적인 글쓰기를 위한 중간 팁 모든 Parker 볼펜 리필은 ISO 12757.2 인증을 받았으며 장기간 문서 처리 및 보관에 대한 다큐멘터리 사용 표준을 준수합니다,Parker 볼펜을 생생한 QUINKflow 잉크로 리필하세요. 부드럽고 쓰기 쉬운 스타일이 특징인 풍부한 잉크는 생각을 훌륭하게 포착합니다. 각 리필은 신뢰할 수 있는 필기 성능을 위해 설계되었습니다. 잉크 리필을 사용하여 기존 Parker 볼펜 리필을 교체하거나 리필을 교체하여 잉크 색상을 변경하십시오.,"['잉크', '리필', '볼펜', '포착', '생각', '부드럽다']"
사무용품,펜 및 리필,펜 리필,,B07Q2FHQYW,"Zebra G-402 스테인리스 스틸 펜 JK-리필, 파인 포인트, 0.5mm, 블랙 잉크, 8개입",Zebra,17935,13836,4.6,699.0,"0.5mm 파인 포인트, 쉽게 미끄러지는 블랙 젤 잉크로 최고의 필기 성능을 제공합니다 대담하고 고발색 색상으로 일상적인 글쓰기와 창의적인 표현에 적합합니다 부드럽고 거슬리지 않는 필기 경험을 제공합니다 모든 Zebra 제품의 내구성 있는 성능을 보장하는 강력한 품질 테스트 Zebra의 g-402 스테인리스 스틸 젤 펜을 보완하도록 설계되었습니다. 패키지 포함: Zebra G-402 스테인리스 스틸 펜 JK-리필, 파인 포인트, 0.5mm, 블랙 잉크, 8개입","품질과 가치는 Zebra가 제조하는 제품에 가장 중요합니다. 모든 제품은 필기 성능을 보장하고 Zebra 고객이 기대하는 표준을 유지하기 위해 엄격한 품질 테스트를 거칩니다. Zebra는 가장 인기 있는 Zebra 필기 도구의 수명을 보완하고 연장할 수 있는 리필 및 액세서리를 제공합니다. Zebra의 이지 글라이드 젤 잉크 성능으로 부드럽고 거슬리지 않는 필기 경험을 즐기세요. Zebra의 G-402 스테인리스 스틸 젤 펜을 보완하도록 설계되었습니다./패키지 포함: Zebra G-402 스테인리스 스틸 펜 JK-리필, 파인 포인트, 0.5mm, 블랙 잉크, 8개입","['필기', '펜', '스틸', '잉크', '스테인리스', '블랙', '성능', '포인트', '리필', '개입']"
사무용품,펜 및 리필,펜 리필,,B09BF79H41,"Vanstek 22가지 다양한 색상의 지울 수 있는 펜 리필, FriXion 및 Friction 지울 수 있는 펜과 호환되는 젤 잉크 리필, 파인 포인트 0.7mm, 플래너 및 크로스 워드 퍼즐 쓰기에 적합",Vanstek,13143,13143,4.4,554.0,"【지울 수 있는 젤 펜을 위한 디자인】: 0.7mm 미세 팁이 있는 22가지 색상의 지울 수 있는 젤 펜 리필 팩, Vanstek 지울 수 있는 접이식 클리커 펜용으로 설계되었습니다. FriXion 볼 및 클리커 펜 및 기타 유명 브랜드에 적합합니다. (이 제품은 FriXion의 후원 또는 을 받지 않았으며 적합한 브랜드와 제휴하지 않습니다.) 【마찰로 제거】: 이 리필에는 고무 지우개를 사용할 때 마찰로 사라지는 열에 민감한 잉크가 포함되어 있습니다(잉크가 완전히 건조된 후 지우십시오). 실수나 종이에 구멍이 남지 않습니다. 페이지를 깨끗하고 깔끔하게 유지하세요. 【최고 품질】: 우수한 소재를 사용하여 리필을 부드럽고 내구성이 뛰어납니다. EN71-3 및 ASTM D-4236을 준수합니다. 메모 작성, 어린이 낙서, 스케치, 글쓰기 및 재미있고 숙련된 방식으로 창의력을 발휘하는 데 적합합니다. 【유용한 팁】: 처음 사용하기 전에 보호 캡을 제거하십시오. 극한의 온도나 직사광선에 노출되면 열에 민감한 특성으로 인해 잉크가 사라질 수 있습니다. 이 리필은 시험지, 법률 또는 공식 문서에 사용하지 않는 것이 좋습니다. 【서비스 】: 구매 후 문제가 있는 경우 저희에게 연락하시면 가능한 한 빨리 만족스러운 해결책을 제공해 드리겠습니다.",,"['리필', '펜', '잉크', '클리커', '제거', '민감하다', '마찰', '열']"
사무용품,펜 및 리필,펜 리필,,B07147MW2F,"PENTEL Energel 0.7mm 리필 메탈 팁 LR7 4개 - Energel Xm, BL77/BL57/BL37에 적합 - 바이올렛",Pentel,9279,9279,4.7,247.0,펜텔 에너젤 메탈 팁 리필 4개 - 바이올렛 Energel Sterling Executive and Lancelot Executive Range & BL77/BL57/BL37에 적합합니다 액체 잉크는 일반 잉크보다 더 부드럽고 빠르게 건조됩니다 0.7mm 팁은 0.35mm 라인을 씁니다 바이올렛 잉크 LR7 에너젤 리필 4개,Energel Sterling Executive and Lancelot Executive Range & BL77/BL57/BL37에 적합합니다,"['잉크', '바이올렛', '리필', '메탈', '펜텔', '적합', '일반', '액체', '빠르다', '부드럽다']"
사무용품,펜 및 리필,펜 리필,,B08STJMWJ8,"Pentel Energel BL57 및 BL77 펜용 0.7 리필 잉크, 블랙 6개 및 블루 6개 (총 12개) 0.7mm, 금속 팁, LR7 리필은 BL407 펜에도 사용",Pentel,19348,19348,4.8,1322.0,"필기가 더욱 즐거워졌습니다 - 고성능 잉크 기술, 탁월한 흐름, 풍부하고 생생한 안료 덕분에 Pentel EnerGel 0.7 리필로 매우 부드러운 필기를 경험하십시오. 다양한 호환성 - EnerGel용 Pentel 리필 세트는 다용도로 사용할 수 있습니다. 각 Medium Line Pentel EnerGel 리필은 BL407, BL77, BL107, BL117, BL57 및 BL37에 적합한 교체용 잉크입니다. 얼룩, 얼룩 없음 - EnerGel 액체 젤 잉크 펜 0.7은 잉크가 종이에 놓이면 빠르게 건조됩니다. 이렇게 하면 글을 망칠 수 있는 번짐, 번짐 또는 글로브의 가능성을 줄입니다. 더 오래 쓸 수 있습니다 - 각 EnerGel 리퀴드 젤 잉크 펜 0.7 리필의 팁은 튼튼하고 견고하며 손상 없이 몇 시간 동안 쓸 수 있습니다. 무거운 작가를 위한 완벽한 선택입니다. 리필이 다 떨어지지 않습니다 - 팩에는 EnerGel용 블랙 리필 6개와 블루 리필 6개가 포함되어 있습니다. Energel 0.7용 Pentel 리필 잉크를 지금 구입할 필요가 없습니다!","좋아하는 펜을 교체할 생각이 두렵나요? 아무리 자주 쓰더라도 잉크가 부족할 때는 항상 시간이 올 것입니다. 잘못 놓기 전에 펜 전체를 다 사용할 수 있는 경우입니다! 하지만 좋아하는 펜을 잃어버릴 사람이 아니라면 리필 가능한 필기구가 적합합니다. 결국, 매장에 들러 리필을 위해 온라인으로 쇼핑하면 예쁜 펜 배럴을 계속 사용할 수 있습니다. 펜 리필을 구입하는 것은 상당히 어려울 수 있다는 것입니다. 시중에 나와 있는 모든 제품이 똑같이 만들어지는 것은 아니며, 익숙해져 온 매끄러운 필기 경험을 제공할 수 있는 사람은 몇 개뿐입니다. 여러분이 원하는 것은 선택한 펜으로 계속 글을 쓰는 것입니다. 새 리필, 오래된 펜과 같은 새 것처럼 느껴집니다. EnerGel 리퀴드 젤 펜용 Pentel 리필 잉크로 사랑하는 펜을 계속 사용하세요. 당사의 리필에는 밝은 안료가 있어 모든 스트로크마다 깨끗하고 선명한 라인을 만들 수 있습니다. 점도가 일관되어 종이에 붙으면 잉크가 페더링될 가능성을 줄이거나 없애줍니다. 왼손잡이 작가에게 적합한 잉크 리필은 빠르게 건조되므로 글을 쓸 때 손으로 잉크가 번질 염려가 없습니다. 이제 글을 쓰는 동안 들어 올리려고 손을 긴장시킬 필요가 없습니다! 마지막으로, 리필을 사용하면 환경을 돕는 데 어떻게 기여하고 있는지 더 잘 알 수 있습니다. 이는 새 펜을 구입하거나 오래된 펜을 쓰레기통에 버리지 않아도 되므로 매립지에 쓰레기가 쌓일 뿐입니다. 펜 리필에 대한 자세한 정보: 0.7mm 금속 팁. 일관된 잉크 분배. 상자에 잉크 리필 12개(블랙 6개, 블루 6개). 가장 소중한 일상 펜에 새로운 삶을 불어넣으세요. EnerGel 리퀴드 젤 펜용 Pentel 리필 잉크를 오늘 장바구니에 추가하세요","['리필', '펜', '잉크']"
사무용품,펜 및 리필,펜 리필,,B0B4Y5HN1N,"Sharpie S-젤 젤 잉크 펜 리필, 0.7mm 미디엄 포인트, 블루 잉크, 리필 6개",SHARPIE,13836,13836,4.8,236.0,"블루 젤 잉크 펜 리필로 좋아하는 펜을 오래 사용할 수 있습니다 0.7mm 미디엄 포인트 블루 젤 잉크 리필 6개 포함(2개 3팩) 얼룩 방지, 번짐 방지 기술이 적용된 젤 펜 잉크 리필","번짐이 없고 번지지 않는 기술과 대담한 고품질 잉크로 Sharpie 젤 잉크 펜 리필은 항상 생생한 필기를 제공합니다. Sharpie S-Gel 고성능 젤 펜 리필은 가정, 학교 또는 사무실에 완벽한 부드러운 필기 경험을 제공합니다.","['잉크', '펜', '리필', '블루', '방지', '필기', '포인트', '미디엄']"
사무용품,펜 및 리필,펜 리필,,B06XPPPLWB,Jaymo Cross 8513 교체용 - 치수 길이 116mm/4.563인치 - 볼펜 리필 - 블랙 6개,Jaymo,12451,11066,4.3,4593.0,"JAYMO - 크로스 블랙 #8513, 블루 #8511 또는 레드 #8515용 볼펜 리필 교체품 품질 - 1mm 미디엄 볼펜 팁이 있는 자유롭게 흐르고 오래 지속되는 부드러운 필기 잉크. 금속 샤프트가 있는 오리지널 제조업체 품질. 재사용 가능한 지퍼 백에 포장됩니다. 중요 - 주문하기 전에 리필을 제거하고 길이와 직경을 측정하고 여기 사진과 비교하십시오. 리필은 길이 116mm(4.563인치)이며 금속 샤프트의 직경은 3mm(0.12인치)입니다. 리필에는 나사산과 나사가 있는 플라스틱 상단이 있습니다. 리필이 사진과 치수와 일치한다면 안심하고 주문하세요. 자세한 내용은 비디오를 보려면 유튜브에서 ""Jaymo 볼펜 리필 교체용 크로스""를 검색하십시오. 만족 보장 - 리필에 만족하지 못하셨다면 저희에게 알려주시면 바로 해결해 드리겠습니다. 최고의 가치 - 왜 $5에서 $10를 지불하고 리필 1개만 받나요?","Jaymo 브랜드 리필은 고가의 리필을 대체할 수 있는 경제적인 대안입니다./크로스 블랙 #8513, 블루 #8511 또는 레드 #8515 교체품/Jaymo 리필은 이 페이지에 언급된 펜 제조업체에서 제조, 라이선스 또는 하지 않습니다. 펜 제조업체의 상표는 리필 호환성 정보를 제공하기 위한 목적으로만 식별됩니다./Cottage Mills/Jaymo의 다른 제품을 확인하세요:","['리필', '볼펜', '크로스', '블랙', '사진', '레드', '직경', '나사', '금속', '펜']"
사무용품,펜 및 리필,펜 리필,,B000FA5DVQ,LAMY T10 만년필 잉크 리필. 블루/블랙 박스,Lamy,6204,6204,4.8,7010.0,Lamy T10 그린 잉크 한 박스에는 각각 5개의 리필이 들어 있습니다 대부분의 Lamy 만년필에 적합합니다 영국 런던에서 영업일 기준 5~7일 이내에 배송됩니다.,1930년 독일의 아름다운 고대 도시인 하이델베르크에서 설립된 라미는 독일뿐만 아니라 글쓰기 시장에 새로운 바람을 가져왔습니다. Lamy 제품은 자체 디자이너가 개발했으며 Bauhaus의 생각으로 전 세계 다양한 분야의 디자이너와 협력하여 개발되었으며 다양한 디자인 상을 수상했습니다. Lamy 만년필 카트리지 블루 블랙 잉크 수량: 1.3ml 호환 제품 시리즈: LAMY 2000 (Ramie 2000) 이외의 모든 Lamy 만년필과 호환됩니다.,"['만년필', '잉크', '호환', '디자이너', '블랙', '박스', '리필', '블루', '독일']"
사무용품,펜 및 리필,펜 리필,,B0CPS4J2N7,"비즈 펜 리필 200개, 플라스틱 비즈 볼펜 리필 블랙/블루 잉크 1.0mm 교체 가능한 펜 리필 부드러운 필기 비즈 펜 리필 6.2cm(2.44인치) (블루)",TIESOME,11066,11066,3.8,7.0,"【제품 구성】: 오랫동안 사용할 수 있는 충분한 양의 블루/블랙 대용량 볼펜 리필 200개를 대량으로 받게 됩니다. 【사이즈】: 비즈 펜 리필 사이즈는 약 6.2cm/2.44인치입니다. 리필은 작고 휴대가 쉽습니다. 리필은 지갑, 가방 또는 주머니에 넣을 수 있습니다. 남성, 여성, 학생, 작가 등에 적합합니다. 【내구성 있는 소재】: 잉크 펜 리필은 고품질 플라스틱과 잉크로 만들어져 내구성이 뛰어나고 가벼우며 쉽게 바래지 않습니다. 볼펜 리필은 매우 유용한 액세서리입니다. 사무실, 학교, 비즈니스 및 기타 행사에 적합합니다. 【실크처럼 빠르게 건조되는 잉크】: 볼펜 리필은 빠르게 건조되고 밝은 색상과 부드러운 필기를 가지고 있으며 쉽게 얼룩을 일으키지 않습니다. 서명, 메모 작성 및 글쓰기에 적합합니다. 【쉬운 사용】: 비즈 펜은 플라스틱 볼펜과 볼펜에 적합합니다. 잉크 리필을 교체하려면 볼펜에서 잉크 리필을 제거하고 잉크 리필을 교체하면 편리합니다.",포장 목록: 200피스 비즈 펜 볼펜 리필 (블랙) / 200pcs 비즈 펜 볼펜 리필 (블루)//펜 팁: 1mm//제품 크기: 6.2cm/2.44인치//소재: 플라스틱 + 잉크//색상: 블랙/블루,"['리필', '볼펜', '펜', '잉크', '비즈', '블루', '플라스틱', '블랙', '구성']"
사무용품,펜 및 리필,펜 리필,,B0BKLXQ1TN,"블랙 잉크 펜 리필 볼펜 블랙, 12팩 볼펜 리필 미디엄 포인트 1.0mm 팁 부드러운 필기 펜 리필 (12 블랙)",LINFANC,9681,9681,4.3,33.0,"볼펜 리필: 파커 스타일 볼펜과 호환되는 12팩 블랙 잉크 미디엄 포인트 볼펜 리필. 펜 리필의 길이는 97mm(3.85인치), 직경은 6mm(0.25인치)입니다. 블랙 잉크 스무스 라이터: 고품질 볼펜 리필은 버터처럼 부드러운 필기 경험과 중간 포인트 1.0mm 라인으로 일관된 잉크 흐름을 제공합니다. 건너뛰기가 전혀 없으며 일상적인 글쓰기에 적합합니다. 고품질 소재: 프리미엄 스테인리스 스틸 펜 리필은 사무용품, 학용품, EDC 펜 등에 적합합니다. 가장 좋아하는 값비싼 펜의 수명을 연장합니다. 프리미엄 잉크: 믿을 수 있는 고품질의 생생한 블랙 잉크는 자유로운 잉크 흐름을 제공하며 종이에 빠르게 건조됩니다. 번지거나 번지지 않습니다. 대용량 잉크 보관함으로 장기간 사용하기에 적합합니다. 만족 보장: 제품에 문제가 있는 경우 언제든지 문의하십시오. Linfanc는 평생 기술 지원과 90일 환불 을 제공합니다.",제품 사양:,"['리필', '잉크', '펜', '블랙', '볼펜', '포인트', '필기', '프리미엄', '부드럽다', '미디엄']"
사무용품,펜 및 리필,펜 리필,,B08B68T3KT,Wordsworth & Black 만년필 잉크 리필 - 블랙 잉크 카트리지 30개 세트 - 국제 표준 사이즈 - 길이 APPR 5.1cm(2.04인치) - 베이스 지름 APPR 0.6cm(0.24인치) - 일회용 및 일반,Wordsworth & Black,26315,19736,4.4,1701.0,"✅큰 가성비 블랙 팩: 30팩은 시중의 거의 모든 만년필에 맞는 30개의 블랙 국제 표준 사이즈 잉크 카트리지가 특징입니다. 박스 치수; 12*4.5*1.6CM. ✅매끄럽고 끊김 없는 잉크 흐름: 잉크 흐름이 끊어지지 않고 만년필이 종이를 가로질러 우아하게 미끄러지듯 매끄럽고 최적의 필기 경험을 즐기세요. 중성 pH 및 무독성: 캘리그래피 펜 잉크는 천연 염료만을 사용하여 신중하게 제조되어 중성, 천연 및 무독성 pH를 제공합니다. ✅긴 수명: 각 캘리그래피 잉크 및 만년필 잉크 카트리지는 다시 닫을 수 있는 플라스틱으로 제공되며 최소 2주 동안 정기적으로 사용할 수 있습니다. ✅빠른 건조: Wordsworth & Black 만년필 펜촉 잉크 펜 리필은 건조하는 데 몇 초밖에 걸리지 않아 중요한 필기 순간이 얼룩이나 얼룩으로 손상되지 않습니다.",,"['잉크', '만년필', '블랙', '카트리지', '필기', '천연', '얼룩', '무독성', '매끄럽다', '리필']"
사무용품,펜 및 리필,펜 리필,,B0055EAZO2,"Zebra V-301 스테인리스 스틸 만년필 리필 카트리지, 블랙 잉크, 2개입",Zebra,6592,6592,4.6,523.0,매우 부드러운 블랙 잉크로 향상된 필기 경험을 제공합니다 종이를 가로질러 미끄러지듯 고급스러운 스트로크로 더욱 우아한 손글씨를 만들어보세요 간편한 리필 공정으로 매일 사용하기에 완벽한 선택입니다 격렬한 품질 보증 테스트로 모든 Zebra 제품에 내구성 있는 성능을 보장합니다 Zebra의 V-301 스테인리스 스틸 만년필을 보완하도록 설계되었습니다,품질과 가치는 Zebra가 제조하는 제품의 가장 중요합니다. 모든 제품은 필기 성능을 보장하고 Zebra 고객이 기대하는 표준을 유지하기 위해 활발한 품질 보증 테스트를 거칩니다. Zebra는 가장 인기 있는 Zebra 필기 도구의 수명을 보완하고 연장할 수 있는 다양한 리필 및 액세서리를 제공합니다. Zebra의 간단하고 편리한 잉크 카트리지 리필로 만년필만 제공할 수 있는 간편한 필기 경험을 즐기십시오. Zebra의 V-301 스테인리스 스틸 만년필을 보완하도록 설계되었습니다.,"['필기', '만년필', '리필', '보완', '스테인리스', '잉크', '스틸', '성능', '간편하다', '보장']"
사무용품,펜 및 리필,펜 리필,,B00P05MKVC,"Zebra F301, F301 울트라, F402, 301A, 나선형 볼펜 리필, 0.7mm, 가는 심, 블랙 잉크, 2/팩, 3팩으로 판매, 총 6개",ZEBRA,11024,11024,4.7,1141.0,깨끗하고 생생한 선을 만들어 글을 눈에 띄게 합니다 . 무산성 아카이브 품질의 잉크는 중요한 문서에 적합합니다. Zebra 신뢰할 수 있는 이름으로 고품질을 제공합니다.,깨끗하고 생동감 있는 라인을 만들어 글씨가 눈에 띄게 합니다. 중성 보존용 품질의 잉크는 중요한 문서에 적합합니다. Zebra는 신뢰할 수 있는 이름으로 고품질의 제품을 제공합니다.,"['잉크', '깨끗하다', '이름', '신뢰', '중요하다', '문서', '판매', '보존', '나선형', '라인']"
사무용품,펜 및 리필,펜 리필,,B0CRBMBB3D,Zebra 젤 펜 리필 - G-시리즈 스테인리스 스틸 젤 잉크 펜 JK 리필 - 파인 포인트 - 0.5mm - 블랙 잉크 - 12개입,Zebra,27658,27658,4.5,15.0,"HIGH-QUALITY PERFORMANCE - Enjoy smooth and easy-glide writing with our Zebra JK gel pen refills featuring medium 0.7mm points and rich black ink – perfect for precise, detailed writing. PERFECT FIT FOR ZEBRA STEEL COLLECTION PENS - Specifically crafted for Zebra Pen Steel Collection G-Series pens, including the popular G301, G350, G402, G450, and G750 models. These refills ensure a seamless fit and exceptional performance. FINE POINT PRECISION - Achieve impeccable detail with the medium 0.7mm point of our gel ink refills. Whether you're jotting down notes, sketching, or working on detailed projects. VALUE PACK - This set includes a 12-pack of Zebra JK refills, ensuring a long-lasting supply of high-quality gel ink. Elevate your writing experience with these reliable, fine-point refills compatible with your favorite Zebra pens. TRUSTED ZEBRA QUALITY - Zebra is synonymous with quality and reliability. These pen cartridges undergo rigorous testing to meet the high standards set by Zebra, ensuring an amazing writing experience every time.",Huhudde 사이클링 장갑 로드 마운틴 바이크 라이딩 장갑 미끄럼 방지 자전거 장갑 피트니스 사이클링 훈련 야외 스포츠 운동 윈트,"['장갑', '사이클링', '펜', '잉크', '리필', '훈련', '라이딩', '로드', '마운틴', '미끄럼']"
사무용품,펜 및 리필,펜 리필,,B0CPPTQYGF,"접이식 펜 리필 100개, 볼펜용 0.7mm 펜 리필, 부드러운 필기가 있는 블루 잉크 리필, 사무실 학교 용품용 펜 잉크 리필(블루)",Bewudy,9681,9681,4.2,16.0,"【포장 목록】블루 펜 리필 100개를 받게 되며 친구들과 공유할 수 있습니다. 접이식 볼펜 리필에는 매일 사용하고 교체할 수 있는 충분한 리필이 있으며 친구들과 공유할 수 있습니다. 【부드러운 필기】펜으로 종이에 부드러운 글씨를 쓰는 블루 볼펜을 리필합니다. 볼펜 리필 파인 팁은 일상적인 필기에 좋은 도우미입니다. 작은 볼펜용 리필은 고품질 볼펜 리필을 생성하여 균일하고 안정적인 잉크 흐름을 생성합니다! 【교체용 리필】0.7mm 볼펜 리필은 사무실, 비즈니스, 학교, 가정 등에 적합합니다. 휴대성이 작고 휴대가 편리합니다. 글쓰기, 공부 및 작업 요구 사항을 충족하기 위해 일상 생활에서 사용하고 교체하기에 충분합니다. 【편리한 사용】볼펜의 교체용 리필 길이를 줄여 다양한 펜에 맞출 수 있습니다. 휴대가 간편하고 실용적입니다. 리필 길이가 너무 길면 필통에 맞도록 길이를 줄이고 마지막으로 필통에 설치할 수 있습니다. 【적용 가능한 경우】이 부드러운 필기 펜 리필은 가정, 교실, 사무실, 상점 등을 포함한 모든 상황에 적합합니다. 충분한 포켓 사이즈 리필은 보관하기 쉽고 다른 사람에게 선물로도 줄 수 있습니다.","""""""""---------- 저희 가게에 오신 것을 환영합니다 ----------""""""""""/제품 구성: 볼펜 리필 100개/프레스 볼펜 리필 100개/소재: 플라스틱 + 잉크/색상: 블루/제품 크기:/리필: 10.6cm/4.17인치,/펜 팁: 0.7mm/포장: 진주 빛 가방.","['리필', '볼펜', '펜', '블루', '부드럽다', '필기', '잉크', '사무실', '충분하다', '휴대']"
사무용품,펜 및 리필,펜 리필,,B01NAL50CT,"Dryden Designs 만년필 잉크 카트리지 - 다양한 색상: 블랙, 블루, 그린, 퍼플, 레드, 핑크 - 짧은 국제 표준 사이즈 - 일회용 및 일반 잉크 리필 카트리지",Dryden Designs,12451,12451,4.4,3981.0,"큰 가성비 다양한 팩: 24팩은 다음과 같은 색상의 6가지가 있습니다: 블랙, 블루, 그린, 퍼플, 핑크, 레드. 시중의 거의 모든 만년필에 맞는 국제 표준 사이즈 잉크 카트리지입니다. 매끄럽고 끊김 없는 잉크 흐름: 잉크 흐름이 끊어지지 않으며, 만년필이 종이를 가로질러 우아하게 미끄러지듯 부드럽고 최적의 필기 경험을 즐기십시오. 중성 PH 및 무독성: 잉크는 천연 염료만을 사용하여 신중하게 제조되어 구성에 중성, 천연, 무독성 pH를 제공합니다. 긴 수명: 각 잉크 카트리지는 재밀폐 가능한 플라스틱 케이스에 담겨 제공되며 정기적으로 사용하는 경우 최소 2주 동안 지속됩니다. 빠른 건조: Dryden Designs 잉크는 건조하는 데 몇 초밖에 걸리지 않아 중요한 글쓰기 순간이 얼룩이나 얼룩으로 손상되지 않습니다.",,"['잉크', '카트리지', '만년필', '핑크', '국제', '블루', '블랙', '얼룩', '무독성', '레드']"
사무용품,펜 및 리필,펜 리필,,B01GPM3OK4,"Parker Rollerball 리필 미디엄 펜촉, 블루, 2개 팩",Parker,17728,11772,4.5,3370.0,PARKER 롤러볼 펜용으로 설계된 잉크 리필 PARKER QUINK 잉크는 종이에 부드럽고 신뢰할 수 있는 필기를 제공합니다 아름다운 색소가 들어간 잉크로 생각을 포착합니다 일상적인 글쓰기를 위한 중간 팁 블루 잉크 리필 2개 포함,부드럽고 유연한 필기 경험을 위해 Parker 롤러볼 펜용 Parker QUINK 잉크 리필을 선택하세요. 각 리필은 프리미엄 QUINK 잉크로 채워져 선의 선명도와 풍부한 색상을 제공합니다. 잉크 리필을 사용하여 기존 Parker 롤러볼 펜 리필을 교체하거나 리필을 교체하여 잉크 색상을 변경하십시오.,"['리필', '잉크', '롤러', '필기', '펜용', '부드럽다', '블루']"
사무용품,펜 및 리필,펜 리필,,B01GPM3VJ8,"Parker 만년필 잉크 병, 블랙 QUINK 잉크, 57ml 만년필 리필",Parker,11495,11495,4.7,9503.0,Parker 블랙 잉크 병 PARKER 만년필 및 기타 고급 만년필용 잉크 리필 펜을 종이에 넣을 때 매끄러운 흐름을 위해 윤활성이 추가된 고품질 병 잉크 빠르게 건조되는 풍부한 색소가 있는 잉크는 페이지에 생생한 인상을 남깁니다 넓은 베이스와 단단히 밀봉되는 나사 상단 뚜껑이 있는 우아한 유리병 블랙 잉크 50ml 병 1개가 포함되어 있습니다. PARKER 컨버터와 함께 사용하세요(별도 구매),PARKER QUINK 병 잉크로 클래식한 글쓰기의 즐거움을 재발견하세요. 매끄럽고 풍부하며 생생한 블랙 잉크로 채워져 만년필을 사용하면 유행을 타지 않는 병 채우기 의식을 즐길 수 있습니다. PARKER 만년필 잉크를 사용하면 액체 잉크의 진품으로 종이에 생각을 할 수 있습니다.,"['잉크', '만년필', '블랙', '풍부하다', '종이', '리필', '매끄럽다', '생생하다']"
사무용품,펜 및 리필,펜 리필,,B08KZY3FLG,"젤 잉크 리필용 호환 가능한 Parker G2 타입 Pelican Fibercastle S.T. &(블랙, 0.7mm)",iungo,13642,13642,4.2,520.0,"- 다른 제품과 비교할 수 없는 높은 수준을 유지하기 위해 일본의 품질 관리를 갖춘 프리미엄 리필을 제공합니다. 훌륭한 필기 체험: 젤 잉크를 쓰므로 방수 기능이 있어 번짐이 적고, 밝은 색상을 제공하며, 끊김이나 막힘이 없는 부드러운 필기 경험을 제공합니다. 당신의 필기에 약간의 우아함과 기쁨을 가져다줄 것입니다. 가치있는 팩: 대용량 리필, 다량의 잉크로 장시간의 소비를 지원합니다. 사용해보세요: 오일 기반 볼펜의 훌륭한 대안품입니다. 사용해보시면 마음에 드실 것입니다. 호환성: 이 표준 클래식 파커 디자인 리필용 심은 대부분의 파커 타입 또는 G2 타입 볼펜에 맞습니다. 구입하기 전에 펜의 종류나 리필용 심의 모양을 살피고 확인하십시오. 참고로, 호환 가능한 브랜드 목록에서 저희 제품과 호환되는 제품의 일부 제조업체를 참고하시기 바랍니다. 심을 끼워도 펜이 작동을 하지 않을 경우 스프링을 반대 방향으로 끼우십시오. - 소재: 스테인리스 스틸, 플라스틱, 잉크. 크기: 98.3mm x 6.0mm(3.9인치 x 1.0인치)","특징:/잉크는 유성이면서 수성인 중성 유형이며, 번짐이 적고, 밝은 색상 및 부드러운 필기감이 특징입니다./젤이기 때문에 방수 기능이 있습니다. 속건성 잉크로 얼룩을 방지합니다./오일 기반의 볼펜에서 젤 유형의 펜으로 전환하는 것이 좋습니다. 당신의/필기 경험/을 더욱 즐겁게 만들어 줄 것입니다./- 가능한 한 빨리 답변 드리겠습니다./주의사항:/심의 구조와 잉크의 특성으로 인해 필기 과정이 끝날 때 잉크의 압력이 감소할 수 있습니다. 이러한 경우 잉크가 나오기가 약간 어렵습니다. 고지사항:/iungo 리필용 제품은 이 페이지에 언급된 펜 제조업체에 의해 제조되거나, 그 업체로부터 라이선스 또는 보증을 받은 제품이 아닙니다.리필용 심의 호환성 정보를 제공하는 목적으로만 펜 제조업체의 상표를 밝힙니다.","['잉크', '필기', '펜', '가능하다', '호환', '볼펜', '타입', '참고', '경험', '기반']"
사무용품,펜 및 리필,펜 리필,,B08VSF3X7J,"PILOT FriXion 클리커, LX 및 볼펜용 젤 잉크 리필, 파인 포인트 (0.7mm), 라벤더 잉크, 2팩 (15517)",PILOT,6786,6786,4.7,161.0,"젤 펜처럼 쓰고, 연필처럼 지우기: FriXion을 사용하면 부드럽게 쓸 수 있지만 오류는 남습니다. 독특한 열에 민감한 젤 잉크 포뮬러는 마찰을 지우면 사라집니다. FriXion 볼, 클리커 및 접이식 펜과 호환됩니다. Pilot FRIXION 지울 수 있는 젤 펜은 접이식 펜의 편리함과 놀라운 FriXion 지울 수 있는 젤 잉크를 결합했습니다. 문서를 손상시키지 않고 반복적으로 지우고 다시 쓸 수 있습니다. 두려움 없이 쓰고 제작: FriXion 지울 수 있는 잉크 펜과 마커를 좋아한다면 파일럿의 지울 수 있는 클리커, 컬러스틱, 파인라이너, 컬러 마커 펜 및 하이라이터를 사용해 보시기 바랍니다. 신뢰할 수 있는 품질: 당사는 100년 이상 펜을 만들어 왔습니다. 메모를 작성하거나 학교 또는 사무용품을 구입하거나 불렛 저널에 글을 쓸 때 Pilot은 완벽한 펜을 제공합니다! 펜의 힘: Pilot은 모든 필요에 맞는 탁월한 필기구를 만듭니다. 만년필, 볼펜, 접이식, 지울 수 있는 젤 잉크 펜, 화이트보드 마커 등을 모든 필기 스타일에 사용할 수 있습니다.","Pilot Write & Create Fearless의 FriXion 지울 수 있는 펜을 사용하면 문서를 손상시키지 않고 반복해서 쓰고, 지우고, 다시 쓸 수 있습니다. 지우개 팁은 마모되거나 부스러기를 남기지 않습니다. 처음에는 완벽하지 않았다는 것을 아무도 알 수 없습니다! FriXion의 부드럽고 실수 없는 글쓰기는 선생님, 학생, 부모 및 전문가 모두에게 도움이 됩니다. FriXion 지울 수 있는 펜은 다양한 색상의 잉크와 포인트 크기로 제공되어 목록을 만들고 정리하는 데 적합합니다. FriXion은 연필 그 이상을 제공합니다!","['펜', '잉크', '클리커', '접이식', '연필', '손상', '문서', '부드럽다', '볼펜', '반복']"
사무용품,펜 및 리필,펜 리필,,B09QJJQ7PM,"Zebra Pen F-시리즈 볼펜 스테인리스 스틸 펜 리필, 파인 포인트, 0.7mm, 블랙 잉크, 10팩, (50073)",Zebra,17174,17174,4.7,6872.0,"Zebra Pen F-시리즈 볼펜용 0.7mm 파인 포인트 리필은 신뢰할 수 있는 블랙 잉크로 좋아하는 필기구의 수명을 연장합니다 이지 글라이드 잉크는 메모, 문서 서명, 양식 작성 및 목록 만들기와 같은 일상적인 요구 사항에 최고의 필기 성능을 제공합니다 간편한 리필 공정으로 매일 사용하기에 좋습니다. 리필에는 10개의 볼펜 리필이 포함되어 있어 단어가 흐르도록 합니다 정확한 포인트 사이즈를 위해 펜의 배럴 크기를 참조하십시오. 잉크 리필은 Zebra Pen Steel Collection F-시리즈 펜에서 아름답게 작동합니다 회의실, 교실, 의료 환경 및 개인 사용에 사용되는 펜을 위해 제작된 이 리필은 Zebra Pen F-301, F-401 및 F-701 시리즈, Expandz 및 Silver Select 리필 가능한 펜과 호환됩니다","Zebra Pen F-시리즈 리필은 좋아하는 펜의 수명을 연장하는 데 도움이 됩니다. 0.7mm 미세 포인트의 블랙 잉크 리필 10팩으로 쉽게 미끄러지는 잉크를 손끝으로 사용할 수 있습니다. 리필을 사용하면 잉크가 부족할 염려가 없습니다. Zebra Pen 301A 리트랙터블 펜, F-301, F-301 울트라, F-301 울트라 디자이너, F-301 컴팩트, F-401, F-402, F-701, 익스팬즈 및 실버 셀렉트와 호환됩니다. 원하는 포인트 크기를 위해 펜 배럴을 확인하십시오. 쉽게 리필할 수 있어 글쓰기에 중요한 것을 다시 찾을 수 있습니다. 추가 물품을 공급 캐비닛에 보관하세요.","['리필', '펜', '잉크', '시리즈', '포인트', '블랙', '볼펜', '울트라', '호환', '수명']"
사무용품,펜 및 리필,펜 리필,,B01GPM3HDI,Parker 롤러볼 펜 잉크 리필 파인 블랙 QUINK 잉크 1개입,Parker,10152,7354,4.5,2424.0,"PARKER QUINK 리필, 미세 팁, 블랙 잉크 PARKER 롤러볼 펜용으로 설계된 잉크 리필 PARKER QUINK 잉크는 종이에 부드럽고 신뢰할 수 있는 필기를 제공합니다 아름다운 색소가 들어간 잉크로 생각을 포착합니다 정확한 글자와 디테일을 위한 섬세한 팁 블랙 잉크 리필 1개 포함",부드럽고 유연한 필기 경험을 위해 PARKER 롤러볼 펜에 PARKER QUINK 잉크 리필을 선택하세요. 각 리필은 프리미엄 QUINK 잉크로 채워져 선의 선명도와 풍부한 색상을 제공합니다. 잉크 리필을 사용하여 기존 PARKER 롤러볼 펜 리필을 교체하거나 리필을 교체하여 잉크 색상을 변경하십시오.,"['잉크', '리필', '롤러', '펜', '블랙', '필기', '부드럽다']"
사무용품,펜 및 리필,펜 리필,,B00IPS7JVW,"Pilot FriXion 지울 수 있는 젤 잉크 펜용 젤 잉크 리필, 섬세한 포인트, 블루 잉크, 총 18개의 리필 6팩 (77331)",Pilot,26855,26855,4.8,873.0,생생하고 지울 수 있는 FriXion 젤 잉크 리필 FriXion 볼 및 FriXion 클리커용으로 설계되었습니다 문서를 손상시키지 않고 반복해서 지우고 다시 쓸 수 있습니다. 마모되거나 찢어지지 않습니다,"Pilot FriXion 지울 수 있는 젤 잉크 펜용 젤 잉크 리필, 섬세한 포인트, 블루 잉크, 총 18개의 리필 6팩 (77331)","['잉크', '리필', '포인트', '펜용', '섬세하다', '블루', '클리커', '손상', '생생하다', '반복']"
사무용품,펜 및 리필,펜 리필,,B0CHBN996R,"Big Fat Pen 리필 블랙 볼펜 리필 30개 - 부드러운 필기, 1mm, 헤비 웨그티드 팻 펜과 호환 가능",lyforx,9681,9681,4.4,16.0,부드러운 글쓰기: 빅 팻 펜 리필 30피스 블랙 볼펜으로 쉽게 쓸 수 있습니다. 30개 팩: 이 30피스 리필 팩으로 잉크가 부족하지 않습니다. 완벽한 핏: 매끄러운 성능을 위해 헤비 웨이트 팻펜과 호환됩니다. 1mm 미디엄 포인트: 다양한 필기 작업을 위한 균형 잡힌 정밀한 라인. 고품질 잉크: 건너뛰기 없는 글씨와 생생한 블랙 컬러를 보장합니다.,빅 팻 펜 리필 30피스 블랙 볼펜으로 필기 경험을 업그레이드하세요. 1mm 미디엄 포인트로 부드럽고 유창한 글씨를 즐기세요. 이 팩은 오래 지속되는 잉크 공급을 제공하여 절대 떨어지지 않습니다. Big Fat Pen과 호환되는 이 리필은 원활한 성능을 제공합니다. 고품질 잉크로 제작되어 건너뛰기 없는 필기와 생생한 블루 색상을 제공합니다. 전문가 및 개인 사용 모두에 적합합니다. 오늘 구매하세요!,"['리필', '필기', '블랙', '잉크', '팻', '부드럽다', '볼펜', '호환', '펜', '피스']"
사무용품,펜 및 리필,펜 리필,,B0C3GJZLT2,"KACO 펜용 젤 펜 리필, 블랙 잉크, 0.5mm 파인 포인트 부드러운 필기 롤링 볼펜 리필 10개 박스",Kaco,9681,9681,4.3,27.0,"블랙 리필: 대부분의 KACO 펜(퓨어, 터보, 로켓, MIDOT, 키보드, K9)에 적합하며 KACO K7 및 퍼스트 시리즈에는 맞지 않습니다 부드럽게 쓰기: 잉크가 건너뛰거나 막히지 않습니다 번짐 없음 및 얼룩 없음: 빠르게 말려서 쓸 수 있습니다 다양한 용도: 0.5mm 파인 포인트는 글쓰기, 사인, 스케치, 미술 그림 및 낙서 등에 적합합니다",,"['리필', '부드럽다', '포인트', '펜', '잉크', '블랙', '필기', '글쓰기', '낙서', '로켓']"
사무용품,펜 및 리필,펜 리필,,B079ZT8Q39,"TecUnite 7cm 볼펜 리필, 다이아몬드 크리스탈 스타일러스 펜 및 블랙 벨벳 백이 달린 볼펜, 20피스 (블랙 및 블루 리필)",TecUnite,9681,9681,4.5,1430.0,"수량: 총 20개의 볼펜 리필을 드립니다; 모든 제품은 검은색 벨벳 백에 포장되어 있어 편리하게 보관할 수 있습니다. 표준 호환 리필: 이 볼펜 리필은 대략적입니다. 2.75인치/7cm 길이; 부드러운 글씨를 위한 1mm 중간 팁이 특징입니다. 우수한 품질의 잉크: 잉크 리필은 매끄러운 글씨와 잘 어울리며, 방수 및 속건성 잉크를 사용합니다; 좋아하는 펜의 수명을 연장합니다. 용도: 다기능 볼펜 리필은 펜과 잘 어울리는 한 대부분의 볼펜에 적합합니다. 사무실, 학교 및 가정용으로 적합합니다. 주의 사항: 이 제품을 구입하기 전에 펜을 나사를 풀고 2.75인치/7cm 길이의 리필에 맞는지 확인하십시오.","2.75인치 볼펜 리필, 다이아몬드 크리스탈 스타일러스 펜과 블랙 벨벳 백이 있는 볼펜, 20피스 특징: 패키지에는 총 20개의 볼펜 리필이 포함되어 있습니다. 1mm 중간 팁은 부드러운 글씨와 방수 및 속건성 잉크를 제공합니다. 지원 모델: 볼펜 리필은 대략적입니다. 길이 2.75인치/7cm. 대부분의 볼펜에 맞으며, 좋아하는 펜의 수명을 연장할 수 있습니다. 보관 가방: 각 패키지에는 볼펜 리필을 보관하는 데 매우 편리한 블랙 벨벳 보관 가방이 장착되어 있습니다. 주의사항: 이 제품을 구입하기 전에 펜의 나사를 풀고 2.75인치/7cm 길이 리필에 맞는지 확인하십시오. 사양 : 수량: 20개 리필 길이: 대략. 2.75 inch/7 cm 포인트: 1mm 중간 팁 패키지 포함: 20 x 볼펜 리필 1 x 블랙 벨벳 가방 참고: 펜 리필 앞면에 왁스가 있습니다. 여러 번 긁어 제거하십시오.","['리필', '볼펜', '펜', '벨벳', '블랙', '잉크', '가방', '중간', '보관', '패키지']"
사무용품,펜 및 리필,펜 리필,,B00GYG7TJE,"6개 밸류 팩 - Pilot G2 젤 잉크 리필, 롤링 볼펜용 2팩, 가는 심, 블루 잉크 (77241)",PILOT,11066,11066,4.8,1497.0,"{ ""language_tag"": ""en_US"", ""value"": ""Fine 0.7mm point"", ""marketplace_id"": ""ATVPDKIKX0DER"" }","밸류 팩 6개 - Pilot G2 젤 잉크 리필, 롤링 볼펜용 2팩, 파인 포인트, 블루 잉크 (77241)","['잉크', '블루', '볼펜', '리필', '롤링', '포인트', '심']"
사무용품,펜 및 리필,펜 리필,,B0BL79YTS2,YOUMI 펜 리필 20피스 8.2cm(3.25인치) 볼펜 리필 리필 교체 가능한 스파클링 블링 다이아몬드 크라운 탑 볼펜 리필 블랙 잉크 리필 롤러 볼펜 리필 미디엄 포인트 펜 리필,YOUMI,9681,9681,4.4,69.0,"블랙 잉크 20개. 길이 8.17cm(3.25인치). 참고: 구입하기 전에 사이즈를 확인하십시오. 이 볼펜 리필은 반짝이는 크리스탈 다이아몬드 크라운 볼펜에 적합한 금속으로 만들어졌습니다. 많은 양의 펜 리필로 사용하기에 충분합니다. 매일 쓸 때 사용할 수 있는 충분한 양. 다양한 용도: 학교, 사무실, 가정, 학생 및 사무실 근로자에게 적합합니다. 실용적인 선물: 이 펜 리필 세트는 여분의 리필로 사용할 수 있을 뿐만 아니라 접이식 펜을 가지고 있는 가족, 반 친구, 동료 및 친구에게 선물로도 사용할 수 있습니다. 유용하고 사려 깊은 선물이 될 것입니다.",,"['리필', '볼펜', '펜', '선물', '충분하다', '사무실', '크라운', '친구', '블랙', '필로']"
사무용품,펜 및 리필,펜 리필,,B00P1PJ7DU,"Pilot Precise V5 RT 리퀴드 잉크 리트랙터블 롤러볼 펜 리필, 0.5mm, 엑스트라 파인 포인트, 블루 잉크, 6개 팩",PILOT,11634,10816,4.9,1329.0,특허받은 고급 액체 잉크 기술 배합으로 일관되고 매끄러운 필기를 제공합니다 2.5m(8피트) 거리에서 글을 쓸 수 있도록 성능 테스트를 거쳤습니다 파일럿을 신뢰하여 빠르게 건조되는 방수 잉크를 제공하여 번짐 없는 결과를 제공합니다. 총 6개의 리필,특허 받은 고급 액체 잉크 기술 배합으로 일관되고 부드럽게 흐르는 쓰기를 제공합니다. 2.5m(8피트) 거리에서 쓸 수 있도록 성능 테스트를 거쳤습니다. 파이롯트는 번짐 없는 결과를 위해 빠르게 건조되는 방수 잉크를 제공합니다.,"['잉크', '거리', '빠르다', '성능', '방수', '액체', '일관', '리필', '테스트', '특허']"
사무용품,펜 및 리필,펜 리필,,B088HZR4J6,"Everyman 그래프턴 메탈 젤 리필, 교체 가능한 볼펜 리필, 부드러운 필기, 그래프톤 펜 및 그래프턴 미니 트위스트에 이상적, 메탈 블랙, 3팩, 0.7mm",Everyman,18005,15235,4.1,313.0,고품질 블루 젤 리필: Everyman 블루 젤 리필 3팩은 필기구에 맞는 최고급 잉크를 항상 사용할 수 있도록 보장합니다. 각 리필은 부드럽고 일관된 잉크 흐름을 제공하도록 제작되어 중단 없이 고품질 필기 결과를 유지할 수 있습니다. 그래프톤 펜을 위해 특별히 디자인: 이 리필은 그래프톤 펜과 그래프턴 미니 트위스트 모델에 완벽하게 맞도록 꼼꼼하게 설계되었습니다. 이 펜을 위해 특별히 설계된 이 제품은 대체 카트리지를 찾을 필요가 없으므로 원활한 호환성과 최적의 성능을 보장합니다. 새롭게 개선된 리필 잉크: Everyman 잉크 전문가와 협력하여 이러한 리필을 개선했습니다. 이제 이전보다 더 많은 잉크를 함유하여 리필 당 수명을 연장하고 훨씬 향상된 필기 경험을 제공합니다. 잉크가 쉽게 흐르기 때문에 선명하고 생생한 라인과 즐거운 필기 느낌을 줍니다. 글쓰기 향상: 고급 배합으로 그래프톤 펜을 필기용 정밀 기기로 변환합니다. 글쓰기의 매끄러움과 일관성을 향상시켜 어떤 페이지에서도 눈에 띄는 선명하고 깨끗한 필기를 가능하게 합니다. 메모를 적거나 중요한 문서를 작성할 때 이 리필은 필기 경험을 향상시킵니다. 견고한 사양: 0.7mm 및 0.5mm 크기로 제공되는 이 리필은 정밀하게 설계되었습니다. 내구성과 최적의 잉크 흐름을 위한 구리 튜브와 스테인리스 스틸 팁이 특징입니다. 각 리필에는 스페이서와 스프링이 포함되어 있어 그래프톤 펜에 완벽하게 맞아 신뢰성과 사용성을 향상시킵니다. 일반적인 사용을 견딜 수 있도록 제작된 이 제품은 견고하고 오래 지속되는 디자인에 대한 Everyman의 헌신을 증명합니다.,,"['리필', '그래프톤', '필기', '잉크', '펜', '향상']"
사무용품,펜 및 리필,펜 리필,,B0007GGWUY,"Pilot, G2 젤 잉크 리필, 파인 포인트 0.7mm, 퍼플, 2개 팩",Pilot,6731,6731,4.8,752.0,"G2 리필: 펜 전체를 교체할 필요 없이 좋아하는 젤 펜을 계속 사용할 수 있습니다. G2는 더 많은 것을 쓸 수 있는 가장 오래 지속되는 젤 잉크 펜으로 입증되었습니다(파일의 데이터) 부드럽고 생생한 잉크: 부드럽게 흐르는 젤 잉크가 종이를 가로질러 쉽게 미끄러져 정확하고 깨끗한 선을 만들어냅니다. 초미세 미세, 미세, 미세, 굵은 포인트 크기로 제공되므로 필기 스타일에 맞는 완벽한 펜을 찾을 수 있습니다 다용도: 일상적인 필기 작업과 드로잉, 스케치 또는 낙서와 같은 창의적인 프로젝트에 적합합니다. 가정, 학교 또는 사무실에서 사용하기에 이상적입니다 빠른 건조 및 호환: 생생하고 빠르게 건조되는 잉크는 깔끔하고 전문적인 품질의 문서를 위해 얼룩과 얼룩을 방지합니다. 다양한 파일럿 젤 잉크 펜에 맞습니다 펜에 힘: 젤 잉크, 지우기, 롤링 볼, 볼펜, 만년필, 드라이 지우개 마커 등을 포함한 Pilot의 혁신적인 필기 도구 라인으로 쉽게 자신을 표현하세요","이 젤 잉크 리필로 소중한 파일럿 젤 펜에 잉크가 떨어지지 않도록 하세요. 낭비를 줄이고 펜의 수명을 연장하는 비용 효율적인 솔루션을 제공합니다. 여러 Pilot 젤 펜 라인과 호환되는 이 리필은 Pilot 펜 모델에 완벽하게 맞는 것을 쉽게 찾을 수 있습니다. 오래 지속되는 G2 잉크로 더 많이 쓸 수 있어 더 나은 가치를 제공합니다. 이 리필은 매끄럽고 생생한 잉크가 특징이며, 읽기 쉬운 글씨나 그림을 그릴 때마다 깨끗하고 선명한 선을 제공합니다. 속건성 잉크는 얼룩과 얼룩을 방지합니다. 매끄럽고 끊김 없는 필기 경험을 위해 Pilot 펜 리필을 선택하세요. 좋아하는 펜은 앞으로 몇 년 동안 신뢰할 수 있는 필기 도구로 남을 수 있습니다.","['잉크', '펜', '리필', '필기', '얼룩', '미세', '생생하다']"
사무용품,펜 및 리필,펜 리필,,B002VKP4EO,"PILOT G2 젤 잉크 리필, 롤링 볼펜용, 볼드 포인트, 블랙 잉크, 2팩 (77289)",Pilot,6440,6440,4.8,7096.0,"과감한 사람을 위한 이상적인 펜: 부드러운 필기, 오래 지속되는 Pilot G2 프리미엄 젤 잉크 펜은 편안한 고무 그립이 특징이며 초미세, 초미세, 미세, 굵은 포인트로 제공됩니다. 가장 오래 지속되는 리필 가능한 젤 잉크: 유명 브랜드 중 가장 긴 필기 젤 잉크 펜으로 입증된 부드러운 필기감의 접이식 G2 젤 잉크 펜은 모든 필기 요구 사항을 충족하는 클래식한 선택입니다. 완벽하게 어울립니다: 오리지널 Pilot G2를 좋아하신다면 미니, 메탈릭, 모자이크 및 패션 젤 잉크 펜의 G2 라인을 다양한 사이즈, 배럴 디자인 및 색상으로 만나보실 수 있습니다. 신뢰할 수 있는 품질: 저희는 100년 이상 펜을 만들어 왔습니다. 메모를 작성하거나 학교 또는 사무용품을 구입하거나 불렛 저널에 글을 쓸 때 Pilot은 당신을 위한 완벽한 펜을 제공합니다! 펜의 힘: Pilot은 모든 필요에 맞는 탁월한 필기구를 만듭니다. 모든 필기 스타일에 맞는 분수, 볼펜, 접이식, 지울 수 있는 젤 잉크 펜, 화이트보드 마커 등을 보유하고 있습니다.","Pilot G2 젤 잉크 리필은 G2, G2 Limited, G2 Pro, G6, Dr. Drip LTD., Dr. 그립 젤, 정밀한 젤 비그린, G-Knock BeGreen 및 Q7 및 B2P 젤 잉크 펜. 이 잉크 리필은 부드러운 필기, 번짐 방지 젤 잉크가 포함되어 있으며 좋아하는 파일럿 젤 잉크 펜을 위해 초미세 (0.38mm), 초미세 (0.5mm), 미세 (0.7mm) 또는 굵은 (1.0mm) 포인트가 있는 리필 2개 팩으로 제공됩니다.","['잉크', '펜', '필기', '미세', '리필', '부드럽다', '포인트']"
사무용품,펜 및 리필,펜 리필,,B09JFKLZ72,"PILOT Dr. Grip 4+1 다기능 볼펜 잉크 리필, 파인 포인트, 블랙/레드/블루/그린 잉크, 3팩",Pilot,13836,13836,4.7,227.0,"펜에 힘: Pilot은 모든 필요에 맞는 탁월한 필기구를 만듭니다. 모든 필기 스타일에 맞는 분수, 볼펜, 접이식 및 지울 수 있는 젤 잉크 펜, 화이트보드 마커 등을 갖추고 있습니다. Pilot 의 고품질 리필 및 액세서리는 Pilot 제품의 수명을 연장하여 최고의 가치를 창출합니다. 경제적이고 환경 친화적인 옵션입니다. Dr. 그립 4+1 다기능 펜 리필 4개 3팩 - 블랙, 블루, 레드, 그린 각각 3개",Dr. 그립은 극도의 편안함에 대한 열정입니다. 그는 인체 공학적 무중력 휴식 박사 학위를 가지고 있으며 주인과 낮잠을 자는 풍수를 공부했습니다. 그의 목표는 한 번에 맛있고 부드러운 쿠션 그립 하나만 손의 행복을 퍼뜨리는 것입니다. 전문적으로 균형 잡힌 배럴과 인체 공학적 쿠션 그립으로 진정한 손의 행복을 누릴 수 있습니다.,"['리필', '잉크', '블랙', '펜', '레드', '다기능', '볼펜', '블루', '그린']"
사무용품,펜 및 리필,펜 리필,,B09JBB3RT6,"Pilot Dr. Grip Center of Gravity 볼펜 리필, 미디엄 포인트, 블랙 잉크, 리필 2개 6팩 (총 리필 12개)",Pilot,16149,16149,4.7,230.0,"리필은 다음 펜에만 적합합니다: 배니싱 포인트 볼 포인트, 에이지리스 볼 포인트, Axiom 볼 포인트, Dr Grip Center of Gravity 블랙 잉크 - 미디엄 포인트 팩당 볼펜 잉크 리필 2개, 총 6팩 = 총 리필 12개","빠른 건조, 방수 및 번짐 없는 결과를 제공합니다. 특허 받은 고급 액체 잉크 기술 배합으로 일관되고 부드럽게 흐르는 글씨를 제공합니다. Pilot을 믿고 프리미엄 필기 결과를 제공합니다.","['포인트', '리필', '잉크', '미디엄', '블랙', '볼펜']"
사무용품,펜 및 리필,펜 리필,,B00M2KQC1M,"SCHMIDT Retro 1951 짧은 캡리스 롤러볼 잉크 리필 미디엄 팁, P8127, P8127 쇼트 블루, 캡리스 롤러 볼 리필 2팩, 레트로 51 토네이도 롤러 볼펜에 적합",SCHMIDT,15567,15567,4.5,101.0,"캡리스 시스템에는 커버 캡이 필요하지 않습니다. 잉크는 종이에 즉시 건조되지만 시스템에서는 1년 이상 건조되지 않습니다! 탐폰 시스템이 있는 금속 튜브, 0.7mm 루비 볼이 있는 스테인리스 스틸 팁. 리필 읽기: SCHMIDT 캡리스 시스템 P8127 길이 - 3.88인치 (98.5mm) 독일산 - Lanier Pen 유통 - 미국, 최고 품질의 제품 보장 - 대리점에서 직접 구매하세요!",Schmidt P8127 블루 잉크 미디엄 펜촉 캡리스 롤러볼 리필. Schmidt의 짧은 롤러 볼 리필. Schmidt Capless System은 가장 부드럽고 우아한 글씨를 위해 새로 개발되었습니다. 이 시스템은 만년필의 개별 필기 특성과 볼펜의 문제 없는 핸들링 편의성을 결합했습니다.,"['캡', '시스템', '리필', '리스', '롤러', '잉크', '건조', '블루', '볼펜', '미디엄']"
사무용품,펜 및 리필,펜 리필,,B08JXGMDCF,"SHARPIE S-젤 리필, 블루 잉크 젤 펜 리필, 미디엄 포인트 (0.7mm), 2개입",SHARPIE,22160,22160,4.6,953.0,"번짐 없이 번짐 없는 젤 펜 잉크 리필 강렬하게 대담한 젤 잉크 색상은 항상 생생한 글씨를 제공합니다 가정, 사무실 및 학교에 적합합니다 미디엄 포인트 (0.7mm) 블루 젤 잉크 리필 2개 포함","샤피의 힘은 이제 Sharpie S-Gel과 함께 젤 펜에 담겨 있습니다. 번짐 없음, 번짐 없는 기술 및 대담하고 동급 최고의 잉크로 항상 생생한 필기를 제공합니다. 매끄럽고 전문적인 외관의 고성능 젤 펜으로 대여하고 싶지 않은 필기구입니다. 윤곽이 잡힌 고무 그립으로 어떤 작업 중에도 편안하게 쓸 수 있습니다. 다양한 포인트 사이즈, 배럴 마감 및 젤 잉크 색상으로 제공되는 Sharpie S-Gel은 가정, 학교 또는 사무실에 완벽한 부드러운 필기 경험을 제공합니다.","['잉크', '리필', '펜', '포인트', '사무실', '대담하다', '미디엄', '블루', '학교', '생생하다']"
사무용품,펜 및 리필,펜 리필,,B01CS4520I,"밸류 팩 6개 - Pilot Dr. Grip 중심 볼펜 잉크 리필, 2팩, 미디엄 포인트, 블루 잉크 (77272)",Pilot,15387,15387,4.6,564.0,"매우 매끄럽고 번짐 방지 고급 잉크 Dr. Grip Center of Gravity, Dr. Grip PureWhite, Dr. Grip FullBlack, Dr. 그립 프로스트, 파일럿 MR 볼 포인트 및 공리","6개 밸류 팩 - Pilot Dr. 그립 무게 중심 볼펜 잉크 리필, 2팩, 미디엄 포인트, 블루 잉크 (77272)","['잉크', '포인트', '중심', '블루', '볼펜', '미디엄', '리필', '프로스트', '파일럿', '방지']"
사무용품,펜 및 리필,펜 리필,,B000SO1V88,Waterman 대형 표준 잉크 카트리지 영구 블랙,Waterman,6925,7271,4.6,2327.0,잉크 카트리지 8개 팩. 영구 블랙 잉크. 표준 사이즈 카트리지. 만년필에 적합합니다.,자신의 상상력만큼 개인적이고 모험적인 다양한 잉크로 아이디어를 페이지 전체에 자유롭게 흐르게 하세요. 이 8개의 롱 잉크 카트리지 세트는 Waterman 만년필과 함께 사용하기에 이상적입니다.,"['잉크', '카트리지', '표준', '영구', '블랙', '만년필', '페이지', '전체', '자유롭다', '아이디어']"
사무용품,펜 및 리필,펜 리필,,B010NDPWOM,Pentel EnerGel 리퀴드 젤 펜용 리필 잉크 / 0.7mm 블루 잉크 / 리필 10개 밸류 세트,Pentel,10373,10373,4.8,2142.0,LR-7 블루 리필 10개 팩,"빠른 건조, 매우 부드러운 잉크 총 10 리필 가치 세트","['리필', '잉크', '블루', '펜용', '퀴드', '빠르다', '부드럽다', '건조', '가치']"
사무용품,펜 및 리필,펜 리필,,B00007JQQZ,"Waterman 볼펜용 볼펜 리필, 미디엄 포인트, 블루 잉크 (834264)",Waterman,12728,8019,4.6,1597.0,이 고품질 리필의 잉크는 부드럽게 흐릅니다. 오래 지속되는 리필은 Waterman 볼펜에 맞습니다. WATERMAN 볼펜은 완벽한 라인을 생성하며 절대 마르지 않습니다. 언제 어디서나 자연스러운 표정을 자유롭게 통치할 수 있는 잉크입니다. Waterman 볼펜 리필 파인 포인트 블랙 잉크 Waterman 볼펜 리필. EA에서 판매,"WATERMAN 볼펜용 잉크 리필, 미디엄 포인트, 블루 (834264). 이 고품질 리필의 잉크는 부드럽게 흐릅니다. 오래 지속되는 리필은 Waterman 볼펜에 맞습니다. Waterman 볼펜은 완벽한 라인을 생성하며 절대 마르지 않습니다. 언제 어디서나 자연스러운 표정을 자유롭게 통치할 수 있는 잉크입니다.","['볼펜', '리필', '잉크', '포인트', '미디엄', '부드럽다', '블루', '완벽하다', '표정', '자연스럽다']"
사무용품,펜 및 리필,펜 리필,,B095LSZR1T,Lanier 콤보 팩 - 2팩 - Monteverde® 캡리스 세라믹 젤™ P42 잉크 리필 대부분의 Parker® 스타일 볼펜과 호환 - 청록색 (파인 팁 0.6mm),Lanier Pens,9487,9487,5.0,4.0,"2팩 - Monteverde 캡리스 세라믹 젤 P42 잉크 리필 대부분의 Parker 스타일 볼펜과 호환 - 청록색 (파인 팁 0.6mm) Monteverde 소프트 롤 볼펜 리필은 대부분의 크로스 스타일 볼펜과 호환되며 볼펜을 필기 기술의 기적으로 바꿔줍니다. Monteverde의 표준 사이즈 크로스 스타일 볼펜 리필. 가장 부드러운 필기 경험을 만들기 위해 잉크 기술의 최신 혁신이 적용되었습니다! 이 리필은 젤 잉크, 부드럽고 편안한 필기, 정교하게 개발된 잉크, 금속 튜브 리필, 세라믹 볼이 있는 스테인리스 스틸 팁, 3년 유통 기한, 대부분의 Parker Style 볼펜과 호환되도록 설계되었습니다 펜촉 사이즈: 파인 포인트 (0.6mm), 잉크 색상: 터키석, 잉크 유형: 젤 잉크, 리필 길이 - 3.86- (98.07mm) Monteverde 캡리스 세라믹 젤 리필 - 세라믹 볼이 있는 스테인리스 스틸 팁, 리필 내용: ""Monteverde USA 세라믹 젤 - 파인 P42"", 7.6cm x 12.7cm Lanier Pen 블리스터 패키지, 4MIL, 재밀폐 가능 백","Lanier 콤보 팩 - 2팩 - 몬테베르데 캡리스 세라믹 젤 P42 잉크 리필 대부분의 파커 스타일 볼펜과 호환 - 터키석(파인 팁 0.6mm) 이 새로운 Monteverde USA 캡리스 세라믹 젤 리필을 사용하면 볼펜을 캡리스 롤러볼로 변환할 수 있습니다. Monteverde의 표준 사이즈 Parker 스타일 캡리스 세라믹 젤 리필. 젤 잉크를 사용한 세라믹 볼이 있는 스테인리스 스틸 팁이 있어 부드럽고 편안한 필기 경험을 제공합니다. Parker 스타일 볼펜과 호환됩니다. 이 펜 리필은 다음 브랜드와 호환됩니다: Aldo Domani, Acme, Aurora, Bexley, Bossert & Erhard, Colibri, conklin, Delta, Diplomat, Elysee, Faber-Castell, Foray Focus, Hauser, Inoxcrom, Itoya, Jean Pierre Lepine, Krone, Marlen, Montegrappa, Monteverde USA, Nettuno, 오마스, 파커, 파커, Pelikan, Retro 51, Schmidt, Schneider, Stipula, Visconti, Yafa 등. 특징 ● 이 리필은 처음으로 젤 잉크로 제공됩니다. 부드럽고 편안한 필기 ● 최고급 잉크 개발 금속 튜브 리필 ● 세라믹 볼이 있는 스테인리스 스틸 팁 ● 유통 기한 3년 리필 - 2개 팩. ● 대부분의 파커 스타일 볼펜과 호환되도록 설계되었습니다. 기술 사양 ● 펜촉 사이즈: 파인 포인트 (0.6mm) ● 잉크 색상: 청록색 ● 잉크 유형: 젤 잉크 리필 길이 - 98.07mm(3.86인치) 확장 정보 몬테베르데 캡리스 세라믹 젤 리필 - 세라믹 볼이 있는 스테인리스 스틸 팁 리필 내용: ""Monteverde USA 세라믹 젤 - 파인 P42"" 포장 7.6 x 12.7cm(3 x 5인치) 라니어 펜 블리스터 패키지 ● 4mm, 재밀폐 가능한 백","['리필', '잉크', '세라믹', '볼펜', '캡', '리스', '호환', '스타일', '스틸', '필기']"
사무용품,펜 및 리필,펜 리필,,B0163I64QG,WATERMAN PARIS 만년필 잉크 카트리지 리필 인텐스 블랙 2팩 WAT52021 부드럽게 흐르고 오래 지속되는 잉크,Waterman,10941,15428,4.7,579.0,이 Waterman 만년필 카트리지는 만년필의 잉크 공급을 쉽게 채울 수 있는 방법입니다. 정품 WATERMAN 잉크 카트리지는 모든 WATERMAN 만년필에 적합하며 16개의 강렬한 블랙 잉크 카트리지가 포함되어 있습니다. 부드러운 흐르는 잉크는 클래식한 만년필로 세련된 필기 경험을 더합니다. 몇 세대에 걸쳐 선택된 블랙은 페이지와 극적으로 충돌하여 단어의 영향을 오래 지속되는 선명도로 강조합니다. 프랑스에서 숙련된 제작: 워터맨 펜은 1883년 최초의 신뢰할 수 있는 만년필을 발명한 창립자 루이스 에드슨의 천재성을 반영합니다.,WAT52021 Waterman 만년필용 리필 카트리지 (2팩),"['만년필', '잉크', '카트리지', '블랙', '지속', '부드럽다', '리필']"
사무용품,펜 및 리필,펜 리필,,B08WLLV515,Parker Jotter Originals 젤 펜 리필 | 부드러운 블루 젤 잉크 리필 | 미디엄 팁 (0.7mm) | 2개입,Parker,7049,7049,4.3,2900.0,"PARKER 볼펜을 젤 펜으로 바꾸어 안정적이고 매끄럽고 다채로운 필기 경험을 즐기세요 지속적으로 건너뛰지 않고 매끄럽고 빠른 건조 기술로 얼룩이 적고 깔끔한 자국을 제공합니다 강렬한 블루 젤 잉크는 생각을 포착하고 새로운 아이디어에 영감을 줍니다 Jotter Originals 펜의 완벽한 동반자로, Jotter의 세련된 디자인과 Parker의 부드러운 필기 경험을 결합했습니다 포함: 모든 PARKER 볼펜과 젤 펜에 맞게 설계된 블루 젤 잉크 리필 2개, 깊고 읽기 쉬운 디테일을 위해 미디엄 팁으로 제공됩니다 고품질 Quinkflow 젤 기술과 생생한 블루 잉크는 번지거나 건너뛰지 않고 더욱 매끄러운 필기 경험을 제공합니다",Parker 고품질 Quinkflow® 젤 기술과 생생한 블루 잉크는 번지거나 건너뛰지 않고 더욱 매끄러운 필기 경험을 제공합니다. Parker 젤 리필은 Jotter Originals 펜의 완벽한 동반자입니다. 세련된 디자인과 더욱 부드러운 필기 경험을 결합했습니다. Parker의 신뢰성과 전문성을 활용하여 일상적인 글쓰기와 대담한 아이디어를 실현합니다.,"['펜', '블루', '경험', '잉크', '필기', '매끄럽다', '리필', '부드럽다', '미디엄', '디자인']"
사무용품,펜 및 리필,펜 리필,,B0995CNF6D,0.7mm 블루 컬러 볼펜 리필 학교 사무용품 50개,SHIMAIXJYY,11841,11841,4.1,15.0,"사양: 총 50개의 볼펜 교체 리필, 볼펜 리필 길이는 107mm/4.2인치, 팁 모델은 0.7mm입니다. 사용 상황: 일상, 직장 및 공부용으로 적합합니다. 볼펜에 맞게 리필 끝 부분을 자를 수 있습니다. 제품 특성: 이 볼펜 리필은 사용하기 쉽고 부드러운 필기입니다 소재: 고품질 플라스틱 참고: 주문하기 전에 길이를 확인하십시오.","100% 신상품 및 고품질! 유형: 볼펜 리필 리필 헤드: 총알 모양 잉크 색상: 블루 리필 길이: 99mm (펜 포인트의 일부는 포함되지 않음), 총: 107mm 패키지 포함: 볼펜 리필 50개 참고: 주문하기 전에 길이를 확인하십시오.","['리필', '볼펜', '블루', '참고']"
사무용품,펜 및 리필,펜 리필,,B0028SK53Y,Rite in the Rain 내후성 펜 리필 - 블루 잉크 - (No. 47R) 8.9 x 0.4 x 0.6cm(3.5 x 0.187 x 0,Rite in the Rain,17963,17963,4.7,1133.0,"쓰기: 영구 잉크는 뭉치거나 번지지 않고 물, 기름, 진흙을 통해 쓸 수 있습니다. 가압 카트리지: 전천후 카트리지는 가압되어 -30F ~ 250F의 온도에서 수중(최대 10.7m) 및 모든 각도에서 쓸 수 있습니다. 독점 잉크: Rite in the Rain 리필에만 사용되는 잉크 및 전달 시스템은 다른 전천후 펜보다 훨씬 습한 조건에서 건너뛰지 않고 쓸 수 있습니다. 잉크 배달: 펜 팁의 작은 포켓은 물이나 공기가 카트리지에 다시 들어가지 않도록 최악의 조건에서 잉크를 전달합니다. 모든 리터에 적합: Rite in the Rain 펜 리필은 모든 Rite in the Rain 펜에 맞습니다.",Rite in the Rain 전천후 펜 잉크 리필 카트리지는 상당한 시간 동안 쓸 수 있습니다. 마침내 잉크가 다 떨어지면 이 리필은 신뢰할 수 있는 전천후 펜을 현장으로 다시 가져올 것입니다. 펜에 맞는 리필에 대해 걱정하지 마세요. 모든 Rite in the Rain 전천후 펜은 동일한 펜 리필 스타일을 사용합니다. 이 펜 리필은 8.9cm(3 1/2인치) 길이이며 블랙 잉크가 있습니다.,"['펜', '잉크', '리필', '천후', '카트리지', '가압', '조건', '전달']"
사무용품,펜 및 리필,펜 리필,,B0765ZS44S,Parker QUINKflow 볼펜 잉크 리필 6개 밸류 팩 필기구,Parker,15705,15705,4.5,329.0,Parker Quinkflow 잉크는 종이에 끊어지지 않고 부드럽게 쓸 수 있습니다 모든 Parker 볼펜 리필은 ISO 12757.2 인증을 받았으며 장기간 문서 처리 및 보관에 대한 문서 사용 표준을 준수합니다. Parker 볼펜용으로 디자인된 정품 Parker 잉크 리필. 정확한 레터링 및 디테일을 위한 섬세한 팁. 일상적인 작성에 사용할 수 있는 중간 굵기의 팁.,Parker 볼펜을 생생한 Quinkflow 잉크로 리필하세요. 부드럽고 쓰기 쉬운 스타일이 특징인 풍부한 잉크는 생각을 훌륭하게 포착합니다. 각 펜 잉크 리필은 신뢰할 수 있는 필기 성능을 위해 설계되었습니다. 잉크 리필을 사용하여 기존 Parker 볼펜 리필을 교체하거나 리필을 교체하여 잉크 색상을 변경하십시오.,"['잉크', '리필', '볼펜', '부드럽다', '문서']"
사무용품,펜 및 리필,펜 리필,,B09JBKCHL7,"Pilot G2 젤 잉크 펜 리필, 파인 포인트, 0.7mm, 레드 잉크, 리필 6개",Pilot,12035,12035,4.8,193.0,"과잉 성취자를 위한 이상적인 펜: 부드러운 필기, 오래 지속되는 Pilot G2 프리미엄 젤 잉크 펜은 편안한 고무 그립이 특징이며 초미세, 초미세 및 굵은 포인트로 제공됩니다. 가장 오래 지속되고 리필 가능한 젤 잉크: 최고의 브랜드 중에서 가장 긴 필기 젤 잉크 펜으로 입증된 부드러운 필기식 접이식 G2 젤 잉크 펜은 모든 필기 요구 사항을 충족하는 클래식한 선택입니다. 당신에게 딱 맞는 제품: 오리지널 Pilot G2를 좋아하신다면 미니, 메탈릭, 모자이크 및 패션 젤 잉크 펜의 전체 G2 라인을 다양한 크기, 배럴 디자인 및 색상으로 사용해보고 싶을 것입니다. 신뢰할 수 있는 품질: 당사는 100년 이상 펜을 제작해왔습니다. 메모를 작성하거나, 학교 또는 사무용품을 비축하거나, 불렛 저널에 글을 쓸 때 Pilot 는 완벽한 펜을 제공합니다! 펜에 힘: Pilot 는 모든 요구 사항에 맞는 탁월한 필기구를 만듭니다. 모든 필기 스타일에 맞는 분수, 볼펜, 접이식 및 지울 수 있는 젤 잉크 펜, 화이트보드 마커 등을 갖추고 있습니다.","Pilot G2 젤 잉크 펜은 파인 포인트(0.7mm)로 레드 잉크로 리필됩니다. 이 세트에는 Pilot G2 젤 잉크 펜에 활력을 불어넣도록 설계된 6개의 프리미엄 품질의 리필이 포함되어 있어 일관되게 매끄럽고 생생한 필기 성능을 보장합니다. 섬세한 포인트 팁은 정밀도와 제어력을 제공하여 흠 잡을 데 없는 정확도로 생각을 종이에 쉽게 넣을 수 있습니다. 이 젤 잉크 펜 리필은 타의 추종을 불허하는 필기 경험을 제공하도록 설계되었습니다. 선명한 레드 잉크가 페이지에 매끄럽게 흐르므로 단어가 눈에 띄고 지속적인 인상을 남깁니다. 메모를 적거나 아이디어를 브레인스토밍하거나 창의력을 표현하든, Pilot G2 젤 잉크 펜 리필은 번지거나 건너뛰지 않는 안정적이고 일관된 잉크 흐름을 제공합니다.","['잉크', '펜', '필기', '리필', '포인트', '지속', '레드']"
사무용품,펜 및 리필,펜 리필,,B01E0JDM0Q,Waterman Paris 만년필 카트리지 세레니티 블루 카트리지 8개 2팩 대형 사이즈 표준 리필 Waterman 펜용 부드러운 흐르는 잉크 럭셔리 필기용,Waterman,11010,11010,4.7,345.0,잉크 카트리지 8개 팩 2개(총 40.6cm(16인치)). 영구 블루 잉크. 표준 사이즈 카트리지. 만년필에 적합합니다. 프랑스에서 제작.,Waterman 펜으로 선택한 잉크는 오래 지속되는 인상을 남깁니다. 손글씨에 개성과 독특하고 독특한 터치를 제공합니다. Waterman 제품은 최고의 성능을 보장하기 위해 항상 최고 품질의 잉크를 펜에 장착했으며 매우 편안한 필기 경험을 보장합니다.,"['잉크', '카트리지', '필기', '독특하다', '블루', '보장', '만년필', '최고', '펜', '표준']"
사무용품,펜 및 리필,펜 리필,,B09YCYB39Y,"볼펜 리필, 대부분의 브랜드에 사용 가능, 부드러운 필기 잉크 펜 리필, 교체 가능한 미디엄 포인트 파커 볼펜 잉크 리필 사무실 학교 용품 15개 팩(믹스)",nekigoen,16606,16606,4.6,536.0,"★전문적인 필기 도구 ––– 【저희 가게에서 판매하는 필통이 있습니다. 구입을 환영합니다】Parker 호환 볼펜과 Waterman 호환 볼펜 리필 젤 잉크에 맞아 매우 부드러운 필기 경험, 풍부한 잉크 흐름, 일관된 선 및 상당히 빠른 건조를 제공합니다. 펜 팁은 강력하고 대담한 블랙 스트로크를 쉽고 일관되게 쓸 수 있습니다. ★매끄러운 필기 ––– 볼이 종이 위로 부드럽게 굴러가며 잉크가 미끄러지며 라인 민감도가 뛰어나 부드럽고 선명하게 쓸 수 있습니다. 손글씨, 캘리그래피, 한자 등을 연습하기에 좋습니다. 글씨가 좋을 뿐만 아니라 외관과 느낌이 좋습니다 ★좋은 품질 ––– 펜 리필은 금속 소재로 만들어져 가볍고 매끄럽고 내구성이 뛰어나고 내구성이 뛰어나며 슬림한 바디로 펜을 쉽게 휴대할 수 있습니다. 필기할 때 풍부하고 고급스러운 느낌을 줍니다. 긴 필기 수명 ★다용도 ––– 이 리필은 학교, 직장, 사무실, 레스토랑 및 다양한 필기 행사에 적합합니다. 사무용품, 학교 문구류, 가족용으로 좋은 리필입니다. nekigoen B2 볼펜의 오리지널 카트리지로, 대부분의 다른 브랜드 표준 사이즈 볼펜에도 적용 가능합니다 ★완벽한 패키지 ––– 맞춤형 상자에 1팩 15개 리필, 많은 양의 펜 리필로 사용하기에 충분합니다. 리필 팁은 잉크가 마르지 않도록 보호 왁스로 밀봉되어 있습니다. 값비싼 펜에 잉크가 부족할 때 좋은 선택입니다","최고의 필기 품질. 블랙 잉크 리필은 부드러운 필기, 방수, 빠른 건조 성능을 가지고 있습니다. 잉크는 얼룩을 방지하기 위해 빠르게 건조되어 종이를 우아하고 깔끔하게 보이게 합니다. 탁월한 필기 경험을 제공합니다. 범용 호환성 교체용 볼펜 리필은 많은 볼펜과 호환되며 좋아하는 값비싼 펜의 수명을 연장하는 데 도움이 됩니다. 긴 수명 및 내구성 리필의 수명은 상당히 깁니다. 리필 펜 바디는 금속 스테인리스 스틸로 만들어졌으며 리필에 잉크가 많이 있습니다. 충전 팁은 보호 왁스로 밀봉되어 있어 사용을 기다리는 동안 보관한 추가 리필이 마르지 않습니다. 다용도 이 리필은 직장, 학교, 호텔, 레스토랑 및 다양한 필기 행사에 적합합니다. 사무용품, 학교 문구류, 가족용으로 좋은 리필입니다. 가볍고 휴대가 간편하며 휴대가 간편합니다. 사양: 잉크 색상: 블랙 길이: 9.9 센티미터 팁: 1.0mm 소재: 스테인리스 스틸 패키지: 자체 밀봉 플라스틱 상자에 리필 15개. 유용한 팁: 1. 리필은 처음에 당사의 B2 B3 볼펜용입니다. 자세한 내용은 이 ASIN을 검색하십시오: B07TJWG1H5, B07THYVK24 또는 B07TK1J7BD. 또한 아마존 검색 상자에 ""Nekigoen""을 입력하기만 하면 됩니다. 2. 리필은 Parker와 같은 다른 브랜드의 일반 전술 펜과 볼펜에 사용할 수 있습니다. 하지만 리필 사양을 주의 깊게 확인하여 원래 펜과 제대로 일치하는지 확인해야 합니다. 3. 약간의 힘으로 리필의 좁은 부분에서 스프링을 제거할 수 있습니다. 사용 수명이 다하면 필요한 경우 스프링을 백업 장치로 예약할 수 있습니다. 성실한 애프터 서비스: 제품에 대한 질문이나 조언이 있으시면 언제든지 저희에게 연락하십시오.","['리필', '필기', '잉크', '볼펜', '펜', '좋다', '부드럽다', '수명', '학교']"
사무용품,펜 및 리필,펜 리필,,B000J3VKLQ,"Waterman 만년필, 멀티컬러, 미디엄 펜촉",Waterman,9071,8143,4.7,3669.0,WATERMAN 볼펜용 펜 잉크 리필 생생한 블루 잉크는 충격과 선명도를 유지하기 위해 완벽한 라인을 생성합니다 중간 포인트는 대담하면서도 디테일한 선을 만듭니다 잉크는 대부분의 표면에 아름답게 쓸 수 있으며 건조에 강합니다 포함: 블루 볼펜 리필 1개,WATERMAN 볼펜이 항상 섬세하고 완벽한 라인을 만들 준비가 되었는지 확인하십시오. 펜 잉크 리필은 충격과 선명도를 오래 유지하기 위해 강렬한 밝은 블루 잉크로 채워져 있습니다. WATERMAN 볼펜 리필을 사용하면 리필이 쉽습니다. 교체하려면 Watermen 펜을 풀고 빈 카트리지를 제거하고 본체를 다시 조립하기만 하면 됩니다. 내구성이 뛰어난 중간 포인트와 생생한 잉크가 결합되어 쉽게 대담한 마크를 만듭니다.,"['잉크', '리필', '볼펜', '펜', '블루', '생생하다', '포인트', '충격', '중간', '대담하다']"
사무용품,펜 및 리필,펜 리필,,B006QRCHG6,"Retro 51 토네이도 롤러볼 리필 블랙 3팩 - 프리미엄 독일 잉크, 부드러운 필기, 토네이도 펜과 호환 가능",Retro 1951,19334,19334,4.6,1208.0,"최적화된 필기 경험: Retro 1951 Tornado 컬렉션에 완벽한 프리미엄 블랙 잉크의 부드럽고 일관된 흐름을 즐기세요. 모든 스트로크에서 최고의 필기 품질을 보장합니다. 독일 전문 장인 정신: 각 리필은 독일에서 꼼꼼하게 제작되었으며, Retro 1951 펜에 맞게 제작된 타의 추종을 불허하는 필기 경험을 위해 최신 잉크 기술을 통합했습니다. 정밀 엔지니어링: 길이 9.7cm(3.8인치), 지름 0.6cm(0.25인치)의 이 리필은 좋아하는 Retro 1951 Tornado 펜과의 정밀성과 호환성을 위해 설계되었습니다. 세련되고 신뢰할 수 있음: 스타일과 기능성을 이 우아한 리필과 결합하여 성능을 저하시키지 않으면서 필기구의 미학을 향상시키도록 설계되었습니다. 품질에 전념: 20년 이상의 Retro 1951의 품질과 혁신에 대한 헌신을 뒷받침하는 이 리필은 글쓰기에 패션과 재미를 가져다주는 사명에 대한 증거입니다.","Retro 1951 쇼트 캡 리스 롤러 볼 리필 블랙 3팩. 이 부드럽게 흐르는 블랙 롤러 볼 잉크 리필은 Retro 1951 Tornado 컬렉션에 사용됩니다(엘리트 및 만년필을 제외한 모든 모델). 독일에서 제조된 이 리필은 최고급 최첨단 잉크 기술로 설계되었습니다. 길이는 9.7cm(3.8인치), 지름 0.6cm(0.25인치)이며 3팩으로 판매됩니다. Retro 1951의 사명은 20년 이상 필기구 세계에 패션, 재미, 가치를 제공하는 것입니다. 숙련된 장인이 제조한 최고급 소재로 각 제품을 생산하여 최고 품질의 디자인을 제공하기 위해 노력합니다. 스타일, 색상 및 소재 구조의 끊임없는 진화를 통해 Retro 1951 자랑스럽게 생각나게 합니다. 인생은 너무 짧아서 어글리 펜을 들고 다니기에는 너무 짧습니다!","['리필', '잉크', '독일', '블랙', '필기', '펜', '롤러', '부드럽다', '제작', '제조']"
사무용품,펜 및 리필,펜 리필,,B001GX8FO8,"Pilot, G2 젤 잉크 리필, 파인 포인트 0.7mm, 레드, 2개 팩",Pilot,6426,6426,4.8,850.0,"G2 리필: 펜 전체를 교체할 필요 없이 좋아하는 젤 펜을 계속 사용할 수 있습니다. G2는 더 많은 것을 쓸 수 있는 가장 오래 지속되는 젤 잉크 펜으로 입증되었습니다(파일의 데이터) 부드럽고 생생한 잉크: 부드럽게 흐르는 젤 잉크가 종이를 가로질러 쉽게 미끄러져 정확하고 깨끗한 선을 만들어냅니다. 초미세 미세, 미세, 미세, 굵은 포인트 크기로 제공되므로 필기 스타일에 맞는 완벽한 펜을 찾을 수 있습니다 다용도: 일상적인 필기 작업과 드로잉, 스케치 또는 낙서와 같은 창의적인 프로젝트에 적합합니다. 가정, 학교 또는 사무실에서 사용하기에 이상적입니다 빠른 건조 및 호환: 생생하고 빠르게 건조되는 잉크는 깔끔하고 전문적인 품질의 문서를 위해 얼룩과 얼룩을 방지합니다. 다양한 파일럿 젤 잉크 펜에 맞습니다 펜에 힘: 젤 잉크, 지우기, 롤링 볼, 볼펜, 만년필, 드라이 지우개 마커 등을 포함한 Pilot의 혁신적인 필기 도구 라인으로 쉽게 자신을 표현하세요","이 젤 잉크 리필로 소중한 파일럿 젤 펜에 잉크가 떨어지지 않도록 하세요. 낭비를 줄이고 펜의 수명을 연장하는 비용 효율적인 솔루션을 제공합니다. 여러 Pilot 젤 펜 라인과 호환되는 이 리필은 Pilot 펜 모델에 완벽하게 맞는 것을 쉽게 찾을 수 있습니다. 오래 지속되는 G2 잉크로 더 많이 쓸 수 있어 더 나은 가치를 제공합니다. 이 리필은 매끄럽고 생생한 잉크가 특징이며, 읽기 쉬운 글씨나 그림을 그릴 때마다 깨끗하고 선명한 선을 제공합니다. 속건성 잉크는 얼룩과 얼룩을 방지합니다. 매끄럽고 끊김 없는 필기 경험을 위해 Pilot 펜 리필을 선택하세요. 좋아하는 펜은 앞으로 몇 년 동안 신뢰할 수 있는 필기 도구로 남을 수 있습니다.","['잉크', '펜', '필기', '리필', '얼룩', '미세', '생생하다']"
사무용품,펜 및 리필,펜 리필,,B00DAVGKGY,피셔 스페이스 펜 - 3개의 가압 카트리지 블루 잉크 파인 포인트 #SPR1F,Fisher,31494,31494,4.7,458.0,블루 잉크 파인 포인트 무중력 상태에서도 모든 각도로 쓸 수 있습니다. 가장 다재다능한 펜입니다. -30F에서 250F까지 극한의 온도에서 쓰기 가능 모든 황동 및 강철 구조. 주문 당 리필: 3,Made In USA,"['블루', '포인트', '펜', '잉크', '리필', '각도', '강철', '구조', '극한', '다재다능하다']"
사무용품,펜 및 리필,펜 리필,,B0BLZ78F3G,"교체 가능한 볼펜 리필 5개, 스프링 메탈 볼펜 리필 포함, 부드러운 필기 펜 리필, 0.7mm 접이식 볼펜 리필 학교 사무용품용(블루)",TIESOME,8157,8157,4.4,100.0,"적합한 사이즈: 0.7mm 교체 가능한 금속 볼펜 리필은 길이가 약 9.9cm/3.9인치이며 휴대가 간편하여 공부나 사무실에 놓을 수 있으므로 필요할 때 사용할 수 있으며 동일한 리필이 있는 대부분의 볼펜에 적합합니다 내구성 및 매끄러움: 이 금속 볼펜 리필은 오랫동안 사용할 수 있으며 좋아하는 펜의 수명을 연장할 수 있습니다. 또한, 펜촉 디자인은 매끄럽고 펜 리필의 잉크가 갑자기 깨지지 않아 즐거운 필기 시간을 제공합니다 추가 스프링: 각 리필에는 일치하는 스프링이 장착되어 있어 원래 스프링이 손실되었을 때 펜을 정상적으로 사용할 수 있습니다. 필요하지 않은 경우 스프링을 제거한 다음 백업 장치로 보관할 수 있습니다 고품질 소재: 이 볼펜 리필의 외부 부분은 금속으로 만들어졌으며 내구성이 뛰어나고 견고하며 촉감이 좋고 매끄러운 외관과 냄새가 없는 내부 잉크가 특징입니다. 이 금속 볼펜 리필은 빠르게 건조되므로 잉크가 손, 책상 등에 달라붙을 염려가 없습니다 다양한 용도: 접이식 펜 리필은 사무실, 비즈니스, 교실, 상점, 학교 및 가정 등과 같은 다양한 시나리오에서 사용하기에 적합합니다. 친구, 가족, 어린이 및 학생에게 선물로 줄 수도 있습니다","접이식 금속 볼펜 리필 5개//포장 목록: 볼펜 리필 5개, 스프링 5개./소재: 금속 + 플라스틱/색상: 레드, 블루, 블랙./사양: 0.7mm/제품 사이즈: 싱글 9.9*0.4cm/3.9*0.2인치, 스프링 2.8cm/1.1인치./포장 사이즈: 15*10.5*0.7cm/","['리필', '볼펜', '스프링', '금속', '펜', '접이식', '매끄럽다', '잉크']"
사무용품,펜 및 리필,펜 리필,,B07T4P3Z3D,"펜 리필 0.7mm 팩 10"" f-701"" (A)",Myasrelae,11343,11343,4.7,675.0,,"zebra 펜 리필 0.7mm 팩 10"" f-701"" ‎Br-1b-f-bk","['펜', '리필']"
사무용품,펜 및 리필,펜 리필,,B09DKK2TCX,"30피스 접이식 볼펜 리필 잉크 펜 리필 1.0mm 접이식 볼펜 리필, 사무실 학교 용품용, 미디엄 포인트 (블루)",Zonon,8296,8296,3.9,136.0,"패키지 구성: 1.0mm 접이식 볼펜 리필 30개가 제공됩니다. 다양한 사무실이나 학교에서 사용할 수 있는 충분한 수량으로 친구, 반 친구 및 동료와 공유할 수 있습니다 사이즈 정보: 각 볼펜 리필의 총 길이는 8.9cm(3.5인치), 카트리지 본체의 길이는 7.9cm(3.1인치), 잉크 길이는 약 5.5cm(2.1인치)입니다. 볼펜의 크기를 비교하십시오 고품질 소재: 접이식 펜 리필의 외부 쉘은 신뢰할 수 있는 플라스틱으로 만들어졌으며 내부 잉크는 높은 연색성과 균일성을 가지고 있어 심각하고 신뢰할 수 있어 종이에 부드럽게 쓰거나 그릴 수 있어 오랫동안 사용할 수 있습니다 사려 깊은 디자인: 이 1.0mm 볼펜 리필을 사용하면 선명한 선을 그리거나 쓸 수 있으며 잉크가 고르게 흐르므로 대부분의 드로잉 및 필기 요구 사항을 충족할 수 있습니다. 또한, 잉크 리필은 쉽게 바래거나 건너뛰지 않아 부드럽게 쓸 수 있으며 캘리그래피 작업은 색이 바래지 않고 오래 지속될 수 있습니다 실용적인 선물: 이 접이식 리필 세트는 여분의 리필로 사용할 수 있을 뿐만 아니라 항상 많은 글을 써야 하는 가족, 반 친구, 동료 및 친구들에게 실용적인 선물로도 사용할 수 있습니다. 유용하고 사려 깊은 선물을 받으면 기뻐할 것입니다","특징: 우수한 성능: 이 1.0mm 볼펜 리필을 사용하면 선명한 선을 그리거나 쓸 수 있으며 잉크가 고르게 흐르므로 대부분의 드로잉 및 필기 요구 사항을 충족할 수 있습니다. 또한, 잉크 리필은 쉽게 바래거나 건너뛰지 않아 부드럽게 쓸 수 있으며 캘리그래피 작업은 변색 없이 오래 지속될 수 있습니다. 실용적인 볼펜 리필: 유용한 볼펜 리필은 접이식 펜에 적합하며 잉크가 부족할 때 볼펜 잉크 리필을 교체할 수 있으며 다른 도구 없이 조립할 수 있습니다. 사양: 소재: 플라스틱 및 금속. 사이즈: 총 길이: 약 8.9cm(3.5인치). 카트리지 본체: 7.9 센티미터 잉크: 5.5cm 패키지 구성: 접이식 볼펜 리필 30개. 참고: 수동 측정으로 인해 약간의 사이즈 오차가 있을 수 있습니다.","['리필', '볼펜', '잉크', '접이식', '친구', '선물', '실용', '부드럽다', '펜']"
사무용품,펜 및 리필,펜 리필,,B07Q2S4287,"Unibene Parker 호환 볼펜 리필 12팩, 1.0mm 미디엄 포인트 블루, 부드러운 필기, 교체 가능한 독일 잉크 전술 펜 리필 Parker 볼펜/UZI 펜용",Unibene,13836,13836,4.6,1461.0,"범용: 타협하지 않는 품질에 알맞은 가격. 모든 Parker 볼펜과 Parker 스타일 볼펜 리필을 사용하는 모든 펜에 맞습니다. 맞지 않음: Parker 롤러볼 펜. Parker 롤러볼 리필이 필요한 경우 아마존에서 ""Unibene parker 롤러볼 리필""을 검색하세요 글쓰기 즐기기: 부드럽고 깨끗한 필기 경험. 느긋한 상태로 종이 위에서 꿈처럼 잉크가 흐르는 것을 느껴보세요. 지연, 긁힘 또는 건너뛰기가 없습니다. 내구성: 높은 잉크 볼륨은 장시간 사용을 지원하며 800미터 이상을 쓸 수 있습니다. 최고 품질: 금속 샤프트가 있는 오리지널 제조업체 품질로 압력, 충격 및 온도에 의한 잉크 누출을 방지합니다. 독일산 속건성 저점도 잉크는 변색, 번짐 및 물에 강하며 항상 글쓰기를 생생하게 유지합니다.",,"['리필', '잉크', '볼펜', '펜', '롤러', '독일', '필기', '글쓰기', '부드럽다']"
사무용품,펜 및 리필,펜 리필,,B01N1QP78I,Schneider P006803 카트리지 100개 병,Schneider,20885,13309,4.7,6459.0,볼 클로저 100병 지울 수 있는 블루 색상,볼 클로저가 있는 잉크 카트리지. Schneider 만년필과 풍선 펜 등을 위한 표준 사이즈. 코리 지우개 또는 이와 동등한 로열 블루 지울 수 있는 병 100개,"['클로저', '카트리지', '블루', '풍선', '표준', '펜', '코리', '지우개', '잉크', '병볼']"
사무용품,펜 및 리필,펜 리필,,B07TZ8GMVF,"OOLY, 컬러 필기 만년필 & 잉크 리필",Ooly,11772,11772,4.7,281.0,"[WHAT IS IT!]: OOLY Color Write 8 Pack of Fountain Pens Refills is just the thing to make sure you never run out of your favorite color. Works with all OOLY fountain pens including Color Write, Splendid Pens, Modern Script and Fab fountain pens [WHAT'S INCLUDED]: This fountain pen refill pack includes 8 different fountain pens, each with different colors. Colors include red, orange, yellow, green, light and dark blue, lavender and pink [COMPATIBLE WITH:]: These OOLY colorful fountain pen ink refills are only compatible with the OOLY Fountain Pens [SO MANY USES] - These fountain pen refills are perfect school supplies for slightly older kids who can handle pens, they are great for note taking, art supplies, stationery and more. Add these cute school supplies to your stationery set, back to school pen bag, or journal writing. Give them as a gift to your new teacher. Use them for drawing, art, writing, greeting card writing, or classroom notes. Your writing and drawing will never be the same [SAFE & NONTOXIC] - OOLY makes safe products for kids of all ages (and adults). These OOLY Fountain Pen refills are a great addition to school stationery kits that will take coloring to a whole new level of fun and imagination",,"['필기', '컬러', '잉크', '만년필', '리필']"
사무용품,펜 및 리필,펜 리필,,B0006VQARA,"PARKER 볼펜용 젤 리필, 미디엄 포인트, 블랙 잉크, 팩 당 2개 (30525PP)",Parker,10345,10345,4.4,2605.0,"젤 잉크 롤러 볼 펜, 미디엄, 블루 잉크, 2/팩 Sanford 제조사 1년 한정 보증.",PARKER 볼펜을 생생한 QUINK 젤 잉크로 리필하세요. 부드럽고 쉽게 쓸 수 있는 스타일이 특징인 젤 잉크는 생생한 색상으로 생각을 훌륭하게 포착합니다. 각 리필은 신뢰할 수 있는 필기 성능을 위해 설계되었습니다. 젤 잉크 리필을 사용하여 기존 PARKER 볼펜 리필을 교체하거나 리필을 교체하여 잉크 색상을 변경할 수 있습니다.,"['잉크', '리필', '볼펜', '생생하다', '미디엄']"
사무용품,펜 및 리필,펜 리필,,B01B6PQLKA,"Pilot Namiki IC100 만년필 잉크 카트리지, 블랙, 팩당 카트리지 12개 (2팩)",Pilot,14362,13005,4.8,1122.0,최고 수준의 색상을 사용하여 제작되었습니다 팩 당 카트리지 12개 2개 팩 (총 24개의 카트리지) 일관된 잉크 전달 파일럿 및 나미키 만년필과 함께 사용,수천 년 이상 글쓰기 예술을 존경해 온 문화에서 글쓰기와 예술을 모두 기념하는 악기와 액세서리가 제공됩니다. Namiki 만년필 잉크 카트리지는 최고 수준의 기준과 다양한 색상을 사용하여 제작되었습니다. 각 색조는 강렬한 깊이와 일관성을 제공하여 가장 소중한 만년필에서 최고의 성능을 제공합니다. 모든 획마다 일본의 풍부한 색상을 즐기세요. 모든 창의적인 노력을 위해 Namiki는 최고의 필기 도구를 제공합니다.,"['카트리지', '만년필', '최고', '잉크', '수준', '글쓰기', '제작', '예술']"
사무용품,펜 및 리필,펜 리필,,B01DBGRH0K,Pentel EnerGel 리퀴드 젤 펜용 리필 잉크 / 1.0mm 블랙 잉크/밸류 리필 10개 세트,Pentel,12049,11080,4.6,355.0,Pentel EnerGel 리퀴드 젤 펜용 리필 잉크,Pentel EnerGel 리퀴드 젤 펜용 리필 잉크 / 1.0mm 블랙 잉크 / 리필 10개 밸류 세트 (샵 오리지널 제품 설명 참조) ..,"['잉크', '리필', '펜용', '퀴드', '블랙', '참조', '샵']"
사무용품,펜 및 리필,펜 리필,,B0BZJWVJ9L,"PILOT Pen FriXion 지울 수 있는 펜용 젤 잉크 리필, 초미세 포인트, 0.5mm, 블랙 잉크, 12팩",PILOT,25054,25054,4.4,32.0,"Pilot FriXion 리필: 밝은 마음이 STEM에 들어갈 수 있는 밝은 방법인 FriXion은 지울 수 있는 최초의 파인 포인트 마커 펜입니다. 독특한 열 감지 잉크 포뮬러로 페이지를 망치지 않고 쉽게 지우고 다시 쓸 수 있습니다 PILOT 마찰 지울 수 있는 젤 펜은 접이식 펜의 편리함과 놀라운 FriXion 지울 수 있는 젤 잉크를 결합했습니다. 문서를 손상시키지 않고 반복적으로 지우고 다시 쓸 수 있습니다 STEM의 힘: FriXion 지울 수 있는 펜 뒤에 숨겨진 과학은 STEM의 원칙을 구현하고 흥미진진한 실습 시연을 가능하게 합니다. Frixion은 미국 최고의 STEM 인증 및 교육 기관에서 인증한 최초이자 유일한 펜입니다 신뢰할 수 있는 품질: 저희는 100년 이상 펜을 만들어 왔습니다. 메모를 작성하거나 학교 또는 사무용품을 구입하거나 불렛 저널에 글을 쓸 때 Pilot은 완벽한 펜을 제공합니다 펜의 힘: Pilot은 모든 필요에 맞는 탁월한 필기구를 만듭니다. 모든 필기 스타일에 맞는 분수, 볼펜, 접이식, 지울 수 있는 젤 잉크 펜, 화이트보드 마커 등을 보유하고 있습니다","FriXion의 지울 수 있는 잉크 기술은 일상적인 필기 요구 사항에 맞는 다양한 스타일과 포인트 크기로 제공됩니다. Pilot FriXion은 FriXion 젤 잉크 펜, FriXion 마커 펜 및 FriXion 하이라이터로 제공됩니다. 메모, 편집, 학교 과제 완료 또는 사무실에서 작업을 할 때 FriXion 제품은 일상적인 글쓰기에서 스트레스를 덜어줍니다.","['펜', '잉크', '포인트', '힘', '리필', '메모', '인증', '일상', '접이식', '최초']"
사무용품,펜 및 리필,펜 리필,,B09VLJ316K,"Pilot G2 젤 잉크 펜 리필, 울트라 파인 포인트, 0.38mm, 블랙 잉크, 리필 6개",PILOT,9888,9888,4.7,711.0,"과감한 사람을 위한 이상적인 펜: 부드러운 필기, 오래 지속되는 Pilot G2 프리미엄 젤 잉크 펜은 편안한 고무 그립이 특징이며 초미세, 초미세, 미세, 굵은 포인트로 제공됩니다. 가장 오래 지속되는 리필 가능한 젤 잉크: 유명 브랜드 중 가장 긴 필기 젤 잉크 펜으로 입증된 부드러운 필기감의 접이식 G2 젤 잉크 펜은 모든 필기 요구 사항을 충족하는 클래식한 선택입니다. 완벽하게 어울립니다: 오리지널 Pilot G2를 좋아하신다면 미니, 메탈릭, 모자이크 및 패션 젤 잉크 펜의 G2 라인을 다양한 사이즈, 배럴 디자인 및 색상으로 만나보실 수 있습니다. 신뢰할 수 있는 품질: 저희는 100년 이상 펜을 만들어 왔습니다. 메모를 작성하거나 학교 또는 사무용품을 구입하거나 불렛 저널에 글을 쓸 때 Pilot은 당신을 위한 완벽한 펜을 제공합니다! 펜의 힘: Pilot은 모든 필요에 맞는 탁월한 필기구를 만듭니다. 모든 필기 스타일에 맞는 분수, 볼펜, 접이식, 지울 수 있는 젤 잉크 펜, 화이트보드 마커 등을 보유하고 있습니다.","Pilot G2 젤 잉크 리필은 G2, G2 Limited, G2 Pro, G6, Dr. Drip LTD., Dr. 그립 젤, 정밀한 젤 비그린, G-Knock BeGreen 및 Q7 및 B2P 젤 잉크 펜. 이 잉크 리필은 부드러운 필기, 번짐 방지 젤 잉크가 포함되어 있으며 좋아하는 파일럿 젤 잉크 펜을 위해 초미세 (0.38mm), 초미세 (0.5mm), 미세 (0.7mm) 또는 굵은 (1.0mm) 포인트가 있는 리필 2개 팩으로 제공됩니다.","['잉크', '펜', '미세', '필기', '리필', '부드럽다', '포인트']"
사무용품,펜 및 리필,펜 리필,,B09VLJ316K,"Pilot G2 젤 잉크 펜 리필, 울트라 파인 포인트, 0.38mm, 블랙 잉크, 리필 6개",PILOT,9888,9888,4.7,711.0,"과감한 사람을 위한 이상적인 펜: 부드러운 필기, 오래 지속되는 Pilot G2 프리미엄 젤 잉크 펜은 편안한 고무 그립이 특징이며 초미세, 초미세, 미세, 굵은 포인트로 제공됩니다. 가장 오래 지속되는 리필 가능한 젤 잉크: 유명 브랜드 중 가장 긴 필기 젤 잉크 펜으로 입증된 부드러운 필기감의 접이식 G2 젤 잉크 펜은 모든 필기 요구 사항을 충족하는 클래식한 선택입니다. 완벽하게 어울립니다: 오리지널 Pilot G2를 좋아하신다면 미니, 메탈릭, 모자이크 및 패션 젤 잉크 펜의 G2 라인을 다양한 사이즈, 배럴 디자인 및 색상으로 만나보실 수 있습니다. 신뢰할 수 있는 품질: 저희는 100년 이상 펜을 만들어 왔습니다. 메모를 작성하거나 학교 또는 사무용품을 구입하거나 불렛 저널에 글을 쓸 때 Pilot은 당신을 위한 완벽한 펜을 제공합니다! 펜의 힘: Pilot은 모든 필요에 맞는 탁월한 필기구를 만듭니다. 모든 필기 스타일에 맞는 분수, 볼펜, 접이식, 지울 수 있는 젤 잉크 펜, 화이트보드 마커 등을 보유하고 있습니다.","Pilot G2 젤 잉크 리필은 G2, G2 Limited, G2 Pro, G6, Dr. Drip LTD., Dr. 그립 젤, 정밀한 젤 비그린, G-Knock BeGreen 및 Q7 및 B2P 젤 잉크 펜. 이 잉크 리필은 부드러운 필기, 번짐 방지 젤 잉크가 포함되어 있으며 좋아하는 파일럿 젤 잉크 펜을 위해 초미세 (0.38mm), 초미세 (0.5mm), 미세 (0.7mm) 또는 굵은 (1.0mm) 포인트가 있는 리필 2개 팩으로 제공됩니다.","['잉크', '펜', '미세', '필기', '리필', '부드럽다', '포인트']"
사무용품,펜 및 리필,펜 리필,,B001B09BX0,"Waterman 볼펜 리필, 미디엄 포인트, 블랙 잉크 (834254)",Waterman,9695,9002,4.4,686.0,Waterman 볼펜용 펜 잉크 리필 풍부한 블랙 잉크는 페이지에 충격적이고 드라마틱한 인상을 남깁니다 중간 포인트는 대담하면서도 디테일한 선을 만듭니다 잉크는 대부분의 표면에 아름답게 쓰이며 건조에 강합니다 포함: 블랙 볼펜 리필 1개,Waterman 볼펜이 항상 대담하고 완벽한 라인을 만들 준비가 되었는지 확인하세요. 펜 잉크 리필은 강렬한 다크 블랙 잉크로 채워져 있어 충격과 선명도를 유지합니다. Waterman 볼펜 리필로 쉽게 리필할 수 있습니다. 교체하려면 Watermen 펜을 풀고 빈 카트리지를 제거한 다음 본체를 다시 조립하기만 하면 됩니다. 내구성이 뛰어난 미디엄 포인트 리치 잉크가 결합되어 대부분의 표면에 완벽한 라인을 만듭니다.,"['잉크', '볼펜', '리필', '블랙', '포인트', '펜', '미디엄', '완벽하다', '라인', '대담하다']"
사무용품,펜 및 리필,펜 리필,,B08PCDMFL6,"Pilot G2 젤 잉크 펜 리필, 파인 포인트, 0.7mm, 그린 잉크, 리필 6개",Pilot,11620,11620,4.9,91.0,"오버라키버를 위한 이상적인 펜: 부드러운 필기감, 오래 지속되는 Pilot G2 프리미엄 젤 잉크 펜은 편안한 고무 그립이 특징이며, 초미세, 초미세, 굵은 포인트로 제공됩니다. 오래 지속되는 리필 가능한 젤 잉크: 최고의 브랜드 중 가장 긴 필기 젤 잉크 펜으로 입증된 부드러운 글씨를 위한 접이식 G2 젤 잉크 펜은 모든 글씨를 위한 클래식한 선택입니다. 당신에게 딱 맞는 제품: 오리지널 Pilot G2를 사랑한다면 다양한 크기, 배럴 디자인 및 색상의 미니, 메탈릭, 모자이크 및 패션 젤 잉크 펜의 G2 라인을 사용해보고 싶으실 것입니다. 신뢰할 수 있는 품질: 당사는 100년 이상 펜을 만들어 왔습니다. 메모를 작성하거나 학교 또는 사무용품을 구입하거나 불렛 저널에 글을 쓸 때 Pilot은 완벽한 펜을 제공합니다! 펜의 힘: Pilot은 모든 필요에 맞는 탁월한 필기구를 만듭니다. 만년필, 볼펜, 접이식, 지울 수 있는 젤 잉크 펜, 화이트보드 마커 등을 모든 필기 스타일에 사용할 수 있습니다.","Pilot G2 젤 잉크 리필은 G2, G2 Limited, G2 Pro, G6, Dr. Drip LTD., Dr. 그립 젤, 정밀 젤 비그린, G-Knock 비그린 및 Q7 및 B2P 젤 잉크 펜. 이 잉크 리필에는 부드러운 필기, 번짐 방지 젤 잉크가 포함되어 있으며 좋아하는 파일럿 젤 잉크 펜을 위한 초미세 (0.38mm), 초미세 (0.5mm), 미세(0.7mm) 또는 볼드(1.0mm) 포인트가 있는 리필 2개가 포함되어 있습니다.","['잉크', '펜', '리필', '미세', '필기', '부드럽다', '그린', '포인트']"
사무용품,펜 및 리필,펜 리필,,B008GVMA3A,"Cross 볼펜 리필, 파인 포인트-블랙 (1팩)",Cross,12465,8310,4.6,1619.0,CrO8514 - Cross 범용 볼펜 리필 패키지 크기: 길이 2.5cm x 너비 2.5cm x 높이 2.5cm 원산지: 중국 제품 패키지 무게: 0.04kg,"A. T. Cross 회사는 고급 필기구, 시계 및 개인 액세서리의 주요 국제 제조업체입니다. Cross 제품은 전 세계의 고급 매장을 통해 소비자에게 판매되고 인식 프로그램을 전문으로 하는 회사 네트워크를 통해 비즈니스 선물 시장에 판매됩니다. Richard Cross 는 1846년 최초의 Cross 제품을 만든 이래로 디자인 독창성과 보석 품질의 장인 정신을 결합하여 필기구 카테고리를 재발명했습니다. 당사는 미국 최초의 고품질 필기구 제조업체였으며, 이는 사람들이 오랫동안 사용하고 의존하며 즐길 수 있는 펜을 만들고 있다는 것을 의미합니다. 하지만 우리가 가장 자랑스럽게 생각하는 것은 1846년 이후로 바뀐 전부는 아닙니다. 변경되지 않은 것입니다. 로드 아일랜드의 아름다운 프로비던스에 본사를 두고 있습니다. A. T. Cross 는 여전히 우리가 건설하는 데 도움을 준 커뮤니티의 일원이라는 것을 자랑스럽게 생각합니다. 또한 Richard Cin이 한 번에 하나씩 수작업으로 했던 것처럼 디자인과 장인 정신에서 탁월한 제품을 만들고 있습니다.","['필기구', '회사', '디자인', '생각', '볼펜', '자랑', '장인', '리필', '최초', '정신']"
사무용품,펜 및 리필,펜 리필,,B01BKE3V1O,"박스 3개: Pilot Parallel 펜 잉크 리필, 캘리그래피 펜용, 다양한 색상, 팩 당 12개 카트리지 (77312)",Pilot,13836,13836,4.7,584.0,"1.5mm, 2.4mm, 3.8mm 및 6.0mm 펜촉과 함께 작동합니다 Pilot Parallel 펜을 위해 독점적으로 제작되었습니다 생기 넘치는 특별히 고안된 잉크 독특한 졸업 효과를 위해 다른 Parallel Pen 잉크 색상과 혼합할 수 있습니다 12가지 독특한 색상","3 BOXES: Pilot Parallel Pen Ink Refills for Calligraphy Pens, Assorted Colors, 12 Cartridges per Pack (77312)","['잉크', '펜', '독특하다', '효과', '넘치다', '독점', '리필', '박스', '생기', '제작']"
사무용품,펜 및 리필,펜 리필,,B00GS5Y94E,"파카 큉크 볼펜용 리필 잉크, 미디엄 포인트, 블루 잉크, 총 4회 리필 (30526PP-2PK)",Parker,16897,16897,4.4,1056.0,블루 젤 잉크 리필 팩 당 2회 리필 2팩 = 총 4회 리필 가능. 미디엄 포인트는 깨끗하고 매끄러운 라인을 만듭니다. 젤 잉크를 종이에 직접 흐르게 하는 팁.,,"['리필', '잉크', '포인트', '블루', '미디엄', '파카', '큉크', '직접', '종이']"
사무용품,펜 및 리필,펜 리필,,B00OPRKKSG,"Pentel Arts 포켓 브러시 리필, 블랙 잉크, 밸류 12개 세트",Pentel,11135,11135,4.8,1068.0,"영구 안료 잉크는 변색 및 방수 기능이 있습니다 기존 페인트 및 브러시에 비해 휴대가 간편하고 깔끔하고 사용하기 쉽습니다 국제 제품은 별도의 용어가 있으며 해외에서 판매되며 적합성, 연령 등급, 제품 언어, 라벨 또는 지침을 포함하여 현지 제품과 다를 수 있습니다.","Pentel 포켓 브러시 펜용 리필입니다. (FP10BP) / 총 12개의 리필, 영구 안료 잉크는 변색 및 방수 기능이 있습니다. 리필 카트리지는 쉽고 지저분해지지 않는 잉크를 만듭니다","['리필', '잉크', '브러시', '영구', '포켓', '방수', '변색', '안료', '언어', '국제']"
사무용품,펜 및 리필,펜 리필,,B01GPM3OD6,"Parker 롤러볼 펜 리필 미디엄 펜촉 블랙, 2개 팩",Parker,13005,13005,4.5,5790.0,PARKER 롤러볼 펜용으로 설계된 잉크 리필 PARKER QUINK 잉크는 종이에 부드럽고 안정적으로 쓸 수 있습니다 아름다운 색소 잉크가 생각을 포착합니다 일상적인 글쓰기를 위한 미디엄 팁 블랙 잉크 리필 2개 포함,부드럽고 부드러운 필기 경험을 위해 Parker 롤러볼 펜용 Parker QUINK 잉크 리필을 선택하세요. 각 리필은 선의 선명도와 풍부한 색상을 위해 프리미엄 QUINK 잉크로 채워져 있습니다. 잉크 리필을 사용하여 기존 Parker 롤러볼 펜 리필을 교체하거나 리필을 교체하여 잉크 색상을 변경하십시오.,"['리필', '잉크', '롤러', '부드럽다', '펜용', '펜', '미디엄', '블랙']"
사무용품,펜 및 리필,펜 리필,,B00P2O8T70,"Pilot Better/EasyTouch/Dr Grip 접이식 볼펜 리필, 0.7mm, 가는 포인트, 블루 잉크, 2개 6팩",Pilot,12852,12852,4.6,310.0,,"Pilot Better/EasyTouch/Dr Grip 접이식 볼펜 리필, 0.7mm, 미세 포인트, 블루 잉크, 2개 6팩","['포인트', '접이식', '잉크', '블루', '볼펜', '리필', '미세']"
사무용품,펜 및 리필,펜 리필,,B00006I579,"Cross Selectip 젤 롤링볼 펜 리필, 블랙, 카드 당 1개(8523)",Cross,8171,8171,4.5,1223.0,Cross 셀렉팁 롤러볼 펜과 함께 사용 만년필의 자유롭게 흐르는 잉크의 부드러운 대안 블랙 정품 Cross 리필 미디엄 포인트. 블랙 잉크 Cross 주얼리 품질의 장인 정신으로 필기구를 재발명했습니다. 모든 Cross 필기구는 연령에 관계없이 기계적 고장에 대해 의심할 여지 없이 보장됩니다.,"만년필의 자유롭게 흐르는 잉크에 대한 부드러운 대안으로, 볼펜의 편리함을 제공합니다. 젤 잉크 리필은 4가지 클래식 색상으로 제공되며 모든 Cross 셀렉팁 펜과 함께 사용하도록 설계되었습니다./Black Cross Secectip Refill. A smooth alternative to the free-flowing ink of a fountain pen, with the convenience of a ball-point. Gel ink refills are available in three classic colors, and are designed for use with all Cross Selectip pens.","['잉크', '펜', '리필', '블랙', '필기구', '셀렉', '대안', '만년필', '자유롭다', '부드럽다']"
사무용품,펜 및 리필,펜 리필,,B08PBVKBWR,"Cross 슬림 젤 롤링 볼 롤러볼 펜 리필, 블랙 8910-1",Cross,11232,11232,4.2,102.0,10-Jan,Cross 슬림 젤 롤링 볼 리필은 중간 포인트가 있으며 블랙 잉크로 쓸 수 있습니다. Cross Spire 및 Cross Click 젤 펜에 사용하도록 설계되었습니다.,"['펜', '슬림', '블랙', '리필', '롤링', '포인트', '중간', '잉크', '롤러']"
사무용품,펜 및 리필,펜 리필,,B002JFQKAS,SKILCRAFT 7510-01-565-0621 5피스 B3 에비에이터 펜 리필 키트,Skilcraft,25996,17991,4.8,745.0,"레드, 블랙 잉크 및 0.5mm 연필이 있는 다기능 펜 펜에는 빛을 반사하지 않는 특수 마감이 포함되어 있습니다 모든 이물질 손상(FOD) 요구 사항 충족 맹인 미국인들이 자부심을 가지고 제작했습니다","Skilcraft B3 에비에이터 펜 리필 - 레드 잉크, 블랙 잉크 - 2 / 키트","['펜', '잉크', '키트', '레드', '리필', '에비에이터', '블랙', '피스', '반사', '다기']"
사무용품,펜 및 리필,펜 리필,,B00U0ZIM64,LAMY 블랙 T10 만년필 잉크 카트리지 4팩 (LAM-T10-BLK4PAC),Lamy,13836,13836,4.8,2350.0,Lamy 잉크 카트리지 4팩 (총 50.8cm(20인치)) 모든 Lamy 만년필에 적합합니다 색상: 블랙,Lamy 잉크 카트리지 4팩 (총 50.8cm/20인치),"['카트리지', '잉크', '블랙', '만년필']"
사무용품,펜 및 리필,펜 리필,,B09S1DVYY6,"PILOT Acroball PureWhite 고급 잉크 리필, 접이식 펜용, 가는 심, 블랙 잉크, 6팩",PILOT,8143,8143,5.0,52.0,"미래의 펜으로 업그레이드: 볼펜이 진화했습니다! Pilot Acroball 펜은 과학적으로 설계되고 현장 테스트를 거쳐 극한의 조건에서도 탁월합니다. 형태 및 기능의 결합: 저희 아크로볼 펜은 볼펜의 신뢰성과 젤의 생동감 및 색상 옵션을 결합하여 식료품 목록부터 청구서 지불, 보고서 색상 코딩에 이르기까지 모든 필기 작업을 처리할 수 있습니다. 스타일 및 물질: 매우 매끄럽고 번짐 방지 고급 잉크로 구동되며 다양한 눈에 띄는 색상으로 제공되는 Acroball 펜은 필기 경험을 업그레이드하는 데 도움이 됩니다. 신뢰할 수 있는 품질: 당사는 100년 이상 펜을 제작해왔습니다. 필기하거나 학교 또는 사무용품을 비축하거나 불렛 저널에 글을 쓸 때 Pilot은 완벽한 펜을 제공합니다! 펜에 힘: Pilot은 모든 필요에 맞는 탁월한 필기구를 만듭니다. 모든 필기 스타일에 맞는 분수, 볼펜, 접이식 및 지울 수 있는 젤 잉크 펜, 화이트보드 마커 등을 갖추고 있습니다.","PILOT Acroball PureWhite 고급 잉크 리필, 리트랙터블 펜, 섬세한 포인트, 블랙 잉크, 6팩","['펜', '잉크', '필기', '고급', '볼펜', '업그레이드', '블랙', '접이식', '스타일', '탁월하다']"
사무용품,펜 및 리필,펜 리필,,B00FK0HA8K,"Pentel LR7-V EnerGel 젤 펜용 리필, 0.7mm 금속 팁, 바이올렛 잉크, 12개 팩",Pentel,12326,12451,4.8,1851.0,"EnerGel 리퀴드 젤 잉크는 부드러운 필기 경험을 제공하며 빠르게 건조됩니다. 얼룩, 얼룩 및 글로브가 없습니다. 액체와 젤 잉크의 독특한 혼합은 생생한 색상을 만들어냅니다. 빠르게 건조됩니다 - 왼손잡이 모두가 가장 좋아하는 제품입니다! Vibrant Violet Ink 미디엄 포인트, 0.7mm EnerGel 리퀴드 젤 잉크는 부드러운 필기 경험을 제공하며 빠르게 건조됩니다 - 얼룩, 얼룩 및 글로브가 없습니다 액체와 젤 잉크의 독특한 혼합은 생생한 색상을 만들어냅니다 매우 빠르게 건조됩니다 - 왼손잡이들이 가장 좋아하는 제품! Vibrant Violet Ink 미디엄 포인트, 0.7mm","Pentel LR7-V EnerGel 젤 펜용 리필, 0.7mm 금속 팁, 바이올렛 잉크, 12개 팩","['잉크', '빠르다', '얼룩', '건조', '퀴드', '펜용', '왼손잡이', '포인트', '액체', '생생하다']"
사무용품,펜 및 리필,펜 리필,,B018DMWJ5A,"Uni-ball 볼펜 블랙 잉크 리필(UMR85N.24), 0.5mm, Signo 207 리트랙터블 펜(UMN-207-05) 용, 6팩/총 6개 (일본 수입) [Komainu-Dou 오리지널 패키지]",Uni-Ball,10789,10789,4.8,185.0,"0.5mm 블랙 잉크 색상 6개 일본 수입 UMN155-05, UMN105, UMN152 등용",Uni-ball Ballpoint Pen Black Ink Refills(UMR85N.24) 6 Pack,"['잉크', '일본', '수입', '블랙', '펜', '팩총', '패키지', '트랙터', '볼펜', '리필']"
사무용품,펜 및 리필,펜 리필,,B00WS1WG8S,PILOT Namiki 잉크 리필 카트리지 블랙 12팩,Namiki,8240,8240,4.8,151.0,Namiki 만년필 잉크 카트리지 블랙 강렬한 색상의 고품질 잉크 일관된 색상 Pilot Plumix 및 Vanishing Point 만년필과 함께 사용하세요 카트리지 12개 1박스,Pilot의 Namiki 브랜드 만년필 잉크 카트리지는 딥 블랙으로 제공되며 배니싱 포인트를 포함한 Plumix 및 Pilot MR 만년필과 함께 사용하도록 설계되었습니다. 강렬하고 일관된 색상을 만들어냅니다. 이 상자에는 리필 카트리지 6개가 포함되어 있습니다.,"['카트리지', '잉크', '만년필', '블랙', '일관', '리필', '강렬하다', '포인트', '상자', '배니싱']"
사무용품,펜 및 리필,펜 리필,,B002E38RMO,Pilot Parallel Pen 리필 블랙 6팩,PILOT,5747,5747,4.7,767.0,매우 부드러운 필기 파일럿 병렬 펜용 블랙 6개 팩,Pilot Parallel Pen 리필 블랙 6팩,"['블랙', '리필', '필기', '펜용', '파일럿', '부드럽다', '병렬']"
사무용품,펜 및 리필,펜 리필,,B06XBY8P2S,"Pilot FriXion 지울 수 있는 젤 잉크 펜용 젤 잉크 리필, 파인 포인트 0.7mm, 바이올렛 잉크, 9개 팩",PILOT,13711,13711,4.8,706.0,"Pilot FriXion 지울 수 있는 젤 잉크 펜용 젤 잉크 리필, LFBKRF-12F-V 심 지름: 파인 포인트 0.7mm, 색상: 바이올렛 잉크 Pilot FriXion Ball 지울 수 있는 젤 잉크 펜, 볼펜 리필 9개 팩","Pilot FriXion 지울 수 있는 젤 잉크 펜용 젤 잉크 리필, 파인 포인트 0.7mm, 바이올렛 잉크, 6개 팩","['잉크', '리필', '포인트', '펜용', '바이올렛']"
사무용품,펜 및 리필,펜 리필,,B08PDTP19W,"Pilot G2 젤 잉크 펜 리필, 볼드 포인트, 1.0mm, 레드 잉크, 리필 6개",PILOT,12437,12437,4.7,86.0,"오버라키버를 위한 이상적인 펜: 부드러운 필기감, 오래 지속되는 Pilot G2 프리미엄 젤 잉크 펜은 편안한 고무 그립이 특징이며, 초미세, 초미세, 굵은 포인트로 제공됩니다. 오래 지속되는 리필 가능한 젤 잉크: 최고의 브랜드 중 가장 긴 필기 젤 잉크 펜으로 입증된 부드러운 글씨를 위한 접이식 G2 젤 잉크 펜은 모든 글씨를 위한 클래식한 선택입니다. 당신에게 딱 맞는 제품: 오리지널 Pilot G2를 사랑한다면 다양한 크기, 배럴 디자인 및 색상의 미니, 메탈릭, 모자이크 및 패션 젤 잉크 펜의 G2 라인을 사용해보고 싶으실 것입니다. 신뢰할 수 있는 품질: 당사는 100년 이상 펜을 만들어 왔습니다. 메모를 작성하거나 학교 또는 사무용품을 구입하거나 불렛 저널에 글을 쓸 때 Pilot은 완벽한 펜을 제공합니다! 펜의 힘: Pilot은 모든 필요에 맞는 탁월한 필기구를 만듭니다. 만년필, 볼펜, 접이식, 지울 수 있는 젤 잉크 펜, 화이트보드 마커 등을 모든 필기 스타일에 사용할 수 있습니다.","Pilot G2 젤 잉크 리필은 G2, G2 Limited, G2 Pro, G6, Dr. Drip LTD., Dr. 그립 젤, 정밀 젤 비그린, G-Knock 비그린 및 Q7 및 B2P 젤 잉크 펜. 이 잉크 리필에는 부드러운 필기, 번짐 방지 젤 잉크가 포함되어 있으며 좋아하는 파일럿 젤 잉크 펜을 위한 초미세 (0.38mm), 초미세 (0.5mm), 미세(0.7mm) 또는 볼드(1.0mm) 포인트가 있는 리필 2개가 포함되어 있습니다.","['잉크', '펜', '리필', '미세', '필기', '부드럽다', '포인트']"
사무용품,펜 및 리필,펜 리필,,B00135M2Y8,Itoya AQR-10BP-BK 아쿠아롤러 펜 잉크 리필 2팩 블랙,伊東屋,6052,6052,4.7,294.0,"Itoya Itoya 펜 리필, 1.0mm, 2/팩, 블랙",Itoya의 Aquaroller 1.0mm 리필 블랙 2팩은 제논 롤러볼 펜과 함께 사용할 수 있습니다. 중성 잉크. Parker 볼펜에도 맞습니다. 미디엄 포인트.,"['펜', '블랙', '리필', '잉크', '롤러', '포인트', '중성', '제논', '아쿠아', '볼펜']"
사무용품,펜 및 리필,펜 리필,,B010NDGEZI,Pentel EnerGel 리퀴드 젤 펜용 리필 잉크 / 0.5mm 블랙 잉크 / 리필 10개 밸류 세트,Pentel,9418,9418,4.8,491.0,"EnerGel 리퀴드 젤 펜 리필 0.5mm 빠른 건조, 매우 부드러운 잉크 총 10개의 리필 밸류 세트",,"['리필', '잉크', '퀴드', '펜용', '펜', '빠르다', '블랙', '부드럽다', '건조']"
사무용품,펜 및 리필,펜 리필,,B00V1673PM,"Lamy 만년필 잉크 카트리지, 블루 잉크, 20개 팩 (LT10BLB)",Lamy,17354,12575,4.8,1415.0,브랜드: Lamy Lamy 잉크 카트리지 4팩(총 50.8cm(20인치)) 블루 모든 Lamy 만년필에 적합합니다,모든 Lamy 만년필 모델용 자이언트 잉크 카트리지. 카트리지 20개가 포함되어 있습니다.,"['카트리지', '잉크', '만년필', '블루', '팩총', '자이언트']"
사무용품,펜 및 리필,펜 리필,,B00VPJ1TKU,"Pilot, FriXion 지울 수 있는 펜용 볼 젤 잉크 리필, 엑스트라 파인 포인트 0.5mm, 3팩, 블랙",Pilot,6800,6800,4.7,2024.0,"고품질 리필: FriXion Ball용 리필 가능한 잉크로 좋아하는 펜을 영원히 사용할 수 있습니다 스트레스 없는 쓰기: 리필로 문서를 손상시키지 않고 쓰기, 지우기 및 다시 쓸 수 있습니다. 독특한 열에 민감한 잉크는 마찰을 지우면서 완전히 사라집니다 혁신적인 디자인: FriXion 볼 리필은 생생하고 매끄러운 젤 잉크를 사용하여 모든 필기 목적과 스타일에 이상적입니다 최고의 가치: 리필 및 액세서리는 Pilot 제품의 수명을 연장합니다. 경제적이고 친환경적입니다. 블랙 리필 3개 포함 펜에 힘: 젤 잉크, 지울 수 있는 롤링 볼, 볼펜 및 만년필을 포함한 Pilot의 혁신적인 필기 도구 라인과 하이라이터, 드라이 지우개 마커 등으로 쉽게 자신을 표현하세요","FriXion 지울 수 있는 잉크 리필로 좋아하는 Pilot 지울 수 있는 펜의 수명을 연장하세요. 이 잉크 리필에는 FriXion Ball, FriXion 클리커 및 FriXion LX 리필 가능한 펜에 맞게 제작된 부드럽고 깨끗한 지우기 젤 잉크가 포함되어 있습니다. 다양한 사이즈와 색상으로 제공됩니다. 열에 민감한 젤 잉크 포뮬러는 FriXion 펜의 마찰로 사라집니다. 지우면 잔여물이나 파편이 남지 않으며 각 펜은 지워진 것과 동일한 지점에 쓸 수 있습니다. 참고: FriXion 지울 수 있는 잉크는 서명이나 공식 법적 문서에는 권장되지 않습니다. 잉크/펜이 60°C(140°F)에 도달하는 온도에 노출되면 글을 쓸 때 잉크가 무색으로 나타납니다. 색상을 복원하려면 냉동실에서 최소 10°C(10°F)까지 식히면 잉크가 다시 색상으로 쓰입니다./Extend the Life of Your Favorite Pilot Erasable Pen with a FriXion Erasable Ink Refill. These ink refills contain smooth-writing, clean erasing gel ink made to fit FriXion Ball, FriXion Clicker and FriXion LX refillable pens. They are available in assorted sizes and colors. The thermo-sensitive gel ink formula disappears with the erasing friction of your FriXion pen. Erasing leaves no residue or debris and each pen can write on the same spot that has been erased. Note: FriXion Erasable Ink is not recommended for signatures or official legal documents. If ink/pen is exposed to temperature that reaches 140 degrees Fahrenheit, the ink will appear colorless when writing. To restore color, cool to at least 14 degrees Fahrenheit in freezer and the ink will again write in color.","['잉크', '리필', '펜', '블랙', '마찰', '문서', '민감하다', '혁신', '수명', '연장']"
사무용품,펜 및 리필,펜 리필,,B00GU319SI,uni -ball Jetstream 파인 포인트 롤러 볼펜 리필 표준 펜 타입 -0.7mm-블랙 잉크 밸류 5개 세트,三菱鉛筆,8033,8171,4.5,369.0,패키지 크기: 길이 13.97cm x 너비 4.064cm x 높이 1.016cm 제품 유형: 필기구 포장 수량: 1 패키지 무게: 0.04kg,"My Store는 고품질의 인기 있는 일본 제품을 신중하게 선택하며 합리적인 가격으로 판매됩니다. 저렴한 세트가 많이 판매되기 때문에 ""밸류 세트""로 검색하십시오.","['패키지', '판매', '합리', '일본', '롤러', '리필', '볼펜', '블랙', '선택', '신중하다']"
사무용품,펜 및 리필,펜 리필,,B00XGJ5NG8,"Waterman 블랙 미디엄 포인트 볼펜 리필, 2팩",Waterman,11772,13836,4.5,934.0,맥시마 블랙 미디엄 포인트 볼펜 리필,Waterman 블랙 미디엄 포인트 볼펜 리필 (2팩),"['포인트', '블랙', '볼펜', '미디엄', '리필', '팩맥', '시마']"
사무용품,펜 및 리필,펜 리필,,B001JFDS5Y,"Acme Studios 롤러 볼 리필, 블랙 5개 세트",ACME,30470,29071,4.6,332.0,표준 롤러 볼 리필. 리필 5개 세트. 블랙 잉크.,"Acme Studios 롤러 볼 리필, 블랙 잉크, 5개 세트","['리필', '블랙', '롤러', '잉크', '표준']"
사무용품,펜 및 리필,펜 리필,,B08287MKXX,"Penagain 펜과 호환되는 볼펜 리필 10개, 미디엄 포인트 (벌크 팩) (벌크 팩) (블루)",Pen Refills,17935,17935,4.4,143.0,"길이 66mm(2 5/8인치) 리필 10개, 대량 포장",PenAgain 및 Zebra 텔레스코픽 펜과 호환되는 10개의 볼펜 리필. 리필 치수는 길이 66mm(2 5/8인치),"['리필', '호환', '펜', '볼펜', '포장', '포인트', '텔레스코픽', '블루길', '미디엄', '대량']"
사무용품,펜 및 리필,펜 리필,,B0032JX634,"Cross 미니 볼펜 리필 가죽 액세서리 펜, 미디엄 블랙 (8518-4)",Cross,10027,10027,4.5,2309.0,"볼펜 리필은 Cross 오토크로스 Tech3 다기능 펜 및 컴팩트 펜과 함께 사용하도록 설계되었습니다 미디엄 포인트 블랙 잉크 단일 리필 정품 Cross 리필 미디엄 포인트, 블랙 잉크.","볼펜 리필은 Cross Autocross, Tech3 다기능 펜 및 컴팩트 펜과 함께 사용하도록 설계되었습니다.","['펜', '리필', '블랙', '미디엄', '볼펜', '다기능', '포인트', '잉크', '컴팩트']"
사무용품,펜 및 리필,펜 리필,,B07C5R4X3D,"Jinhao 만년필 리필 잉크 카트리지, 바이올렛 색상, 30개 세트, 국제 표준 사이즈 일회용 및 일반 잉크 리필 카트리지",Lanxivi,12451,12451,4.3,4494.0,"Jinhao 잉크 카트리지는 중성 PH, 탁월한 커버리지, 부드러운 흐름을 가지고 있습니다 카트리지 길이: Appr 51mm, 카트리지 직경: Appr4-6mm, 보어 직경: 2.6mm 만년필과 호환되는 Jinhao와 같은 2.6mm 표준 카트리지를 사용합니다. 만년필과 함께 작동하는지 확실하지 않은 경우 이를 확인하는 메시지를 보내주십시오. 패키지: 30피스 만년필 카트리지 블루이쉬 바이올렛 컬러 세트 저희 제품이 마음에 들지 않는 이유가 있으시면, 메시지를 보내주시면 전액 환불 또는 교환을 해드릴 수 있습니다!","Jinhao 잉크 카트리지는 중성 PH, 탁월한 커버리지, 부드러운 흐름을 가지고 있습니다. 카트리지로 만년필을 채우는 방법: 새 카트리지의 좁은 끝을 섹션 블록의 블랙 부분에 삽입하여 충분한 압력을 가하여 꼭 맞는 핏을 만듭니다. 섹션 블록 내부의 핀은 카트리지 씰에 구멍을 뚫어 잉크가 섹션 블록으로 흐르도록 합니다. 카트리지 위에 배럴을 섹션 블록에 나사로 고정합니다. 처음에 펜을 채울 때 펜을 흔들어 펜촉에서 잉크 몇 방울을 떨어뜨려 쉽게 흐르게 할 수 있습니다.","['카트리지', '잉크', '만년필', '섹션', '블록', '펜', '부드럽다', '탁월하다', '바이올렛', '표준']"
사무용품,펜 및 리필,펜 리필,,B00HNWHEZW,Parker Quink Ink RollerBall 파인 포인트 블랙 잉크 리필 리필 6개 3021331,Parker,17894,17894,4.3,694.0,Parker 롤러 볼펜용 리필 Quink 독점 잉크 포뮬러 블랙 악센트가 있는 크롬 배럴 일관된 잉크 흐름 리필 6개,Parker Quink Ink RollerBall 파인 포인트 블랙 잉크 리필 리필 6개 3021331,"['리필', '잉크', '블랙', '포인트', '크롬', '일관', '악센트', '볼펜', '포뮬러', '롤러']"
사무용품,펜 및 리필,펜 리필,,B08PDSYJ72,"Pilot G2 젤 잉크 펜 리필, 볼드 포인트, 1.0mm, 퍼플 잉크, 리필 6개",PILOT,11066,11066,4.7,72.0,"과잉 성취자를 위한 이상적인 펜: 부드럽고 오래 지속되는 Pilot G2 프리미엄 젤 잉크 펜은 편안한 고무 그립이 특징이며 초미세, 미세, 미세, 굵은 포인트로 제공됩니다. 가장 오래 지속되고 리필 가능한 젤 잉크: 최고의 브랜드 중에서 가장 긴 필기 젤 잉크 펜으로 입증된 부드러운 필기식 접이식 G2 젤 잉크 펜은 모든 필기 요구 사항을 충족하는 클래식한 선택입니다. 당신에게 딱 맞는 제품: 오리지널 Pilot G2를 좋아하신다면 미니, 메탈릭, 모자이크 및 패션 젤 잉크 펜의 전체 G2 라인을 다양한 크기, 배럴 디자인 및 색상으로 사용해보고 싶을 것입니다. 신뢰할 수 있는 품질: 당사는 100년 이상 펜을 제작해왔습니다. 필기하거나 학교 또는 사무용품을 비축하거나 불렛 저널에 글을 쓸 때 Pilot은 완벽한 펜을 제공합니다! 펜에 힘: Pilot은 모든 필요에 맞는 탁월한 필기구를 만듭니다. 모든 필기 스타일에 맞는 분수, 볼펜, 접이식 및 지울 수 있는 젤 잉크 펜, 화이트보드 마커 등을 갖추고 있습니다.","Pilot G2 젤 잉크 리필은 G2, G2 Limited, G2 Pro, G6, Dr. Drip LTD., Dr. 그립 젤, 정밀한 젤 BeGreen, G-Knock BeGreen 및 Q7 및 B2P 젤 잉크 펜. 이 잉크 리필에는 부드러운 필기, 얼룩 방지 젤 잉크가 포함되어 있으며 좋아하는 Pilot Gel Ink 펜을 위한 초미세 (0.38mm), 초미세 (0.5mm), 미세(0.7mm) 또는 굵은(1.0mm) 포인트가 있는 리필 2개 팩으로 제공됩니다.","['펜', '잉크', '미세', '필기', '리필', '포인트', '부드럽다']"
사무용품,펜 및 리필,펜 리필,,B07X8YYH5R,"페이퍼메이트 루브리글라이드, 어스피어, PhD 펜용 정품 인트레피드 무결점 플로우 미디엄 포인트 리필 5개, 벌크 포장 (블랙)",Intrepid Company,24223,24223,4.6,906.0,"견고한 회사 2년 보증. 완벽하고 마찰이 없는 흐름. 보장 리필은 다음 Paper Mate 펜에서 잘 작동합니다: PhD, Vintage 1971, Heart PowerPoint Slim; Vintage '98, Profile, #541 Profile * 특별히 고안된 용감한 잉크는 탁월한 필기 경험을 위해 완벽하게 흐릅니다 비교할 수 없는 품질 정책을 알려주는 용감한 휘장과 상표 완벽하고 마찰이 없는 흐름. 롤러볼펜처럼 마찰이 없는 볼펜 리필","Papermate Lubriglide, Aspire, PhD 펜, Crosspenmall 존경하는 고객님들을 위한 정품 Intrepid 포인트 리필입니다. Paper Mate 펜으로 리필이 잘 작동한다는 것을 확인했습니다. PhD, Vintage 1971, Heart PowerPoint Slim; Vintage '98, Profile, #541 Profile 및 슈나이더 펜 Express 225가 뒷받침됩니다. 크로스스펜 모든 품질 보증 프로그램. 리필은 실크처럼 부드럽습니다. 잃을 것이 없습니다. 완벽하고 마찰이 없는 흐름.","['리필', '완벽하다', '펜', '마찰', '포인트', '용감하다', '볼펜', '정품']"
사무용품,펜 및 리필,펜 리필,,B01F57QD7G,"Pilot Hi-Tec-C Coleto 젤 잉크 펜 리필 0.4mm, 블랙, × 6팩/총 6개 (일본 수입) [Komainu-Dou 오리지널 패키지]",PILOT,9418,9418,4.5,270.0,펜 팁 직경: 0.4mm 잉크: 워터 바이오폴리머 잉크 시스템: 슬라이드 레버 타입 잉크 색상: 블랙,,"['잉크', '펜', '블랙', '폴리머', '팩총', '패키지', '타입', '직경', '일본', '워터']"
사무용품,펜 및 리필,펜 리필,,B00M2KSWVU,3팩 - 볼 포인트 리필 - 블랙 잉크 미디엄 슈미트 P900 파커 스타일,SCHMIDT,9625,9625,4.2,93.0,"미디엄 팁 - 블랙 잉크 - Schmidt의 표준 파커 스타일 볼 포인트 리필. 표준 Parker 스타일 볼 포인트 리필을 수용하는 모든 유형의 펜에 맞습니다. 리필 읽기: SCHMIDT 리필 P 900 M 길이: 3 7/8 inch (9.8cm), 지름 - .230 inch (0.58cm) 독일산 - Lanier Pens가 배포 - 미국, 최고 품질의 제품을 보장 - 유통 업체에서 직접 구입하십시오!","미디엄 팁 - 블랙 잉크 - SCHMIDT의 Parker 스타일 볼 포인트 리필. Parker 스타일 리필을 사용하는 모든 유형의 펜에 맞습니다. 리필 내용: SCHMIDT Refill P 900 M 길이: 3 7/8? (9.8cm), 지름 - 0.58cm(0.230인치)","['리필', '스타일', '포인트', '잉크', '미디엄', '블랙', '표준', '펜', '파커']"
사무용품,펜 및 리필,펜 리필,,B0086FHZL8,"KURETAKE No.7, 8 & Mannen Mouhitsu 시리즈용 블랙 리필 잉크 5개, 레터링, 캘리그래피, 일러스트레이션, 아트, 글쓰기, 스케치 도구, 일본산",Kuretake,12326,12326,4.4,404.0,"KURETAKE No.7, 8 및 Mannen Mouhitsu 시리즈용 리필 잉크 [얼룩 방지 잉크] 블랙 수성 안료 잉크를 사용합니다. 예술, 캘리그래피, 브러시 레터링, 스케치, 일러스트레이션, 윤곽, 잉크, 워시 드로잉 등에 적합합니다! [인증] 크실렌 프리, ASTM D 4236 준수, 안전을 위해 ACMI 인증, 미국에서 판매되는 등록된 AP 마크. [일본산] 일본에서 생산할 때 풍부한 색상과 미묘함을 관리하기 위한 품질 관리를 신중하게 고려합니다.","일본 Stationary 브랜드 Kuretake의 Kuretake Fude Brush 펜용 블랙 잉크 리필 카트리지, 모델: DH150-7B, DP150-8B, DT140-13C, DT141-13C, DU140-15C, DU180-315, DU180-415, DU180-515, DU141-15. 18181 -115, DU181-215, DU181-315, DU181-415, DU181-515, DU143-15C, DU184-015, DU184-115, DU184-215, DU184-315, DU184-415, DU184-415, 184 - 515, DV140-40, DW140-50, DW141-50","['잉크', '일본', '블랙', '리필', '인증', '시리즈', '산', '일러스트레이션', '스케치', '캘리그래피']"
사무용품,펜 및 리필,펜 리필,,B01AFJHSAU,"Parker Quink Ink Refill Cartridge for Fountain Pens, Blue/Black Ink, 5/Pack",Parker,13836,13836,4.4,90.0,영구적인 잉크는 매끄럽게 펼쳐지며 빠르게 건조되며 지워지지 않습니다. 카트리지는 잉크를 함유하여 깨끗한 공정입니다. 파커 리필 카트리지는 작가가 빈 상태에서 실행되기 시작할 때 탭으로 놓을 수 있는 잉크 리저버가 장착되어 있습니다. 모든 파커 분수 펜과 함께 사용하기에 적합합니다. Parker Quink 잉크는 Parker 제품이 결함없는 성능을 제공하도록 가장 엄격한 기준에 따라 특별히 디자인되고 공식화되었습니다.,"영구적인 잉크가 부드럽게 펼쳐지고, 빠르게 건조되며 지워지지 않습니다. 카트리지는 잉크를 함유하여 교체하는 과정이 깔끔합니다. Parker 리필 카트리지는 작가가 빈 상태에서 실행될 때 탭으로 놓을 수 있는 잉크 리저버가 장착되어 있습니다.","['잉크', '카트리지', '함유', '영구', '리저버', '리필', '빠르다', '실행', '상태']"
사무용품,펜 및 리필,펜 리필,,B0017DAAUO,파카 큉크 잉크병,Parker,8753,8753,4.6,2626.0,PARKER 만년필 전용으로 설계된 잉크 리필 카트리지 편리한 긴 카트리지로 잉크를 보관하여 쉽게 리필할 수 있습니다 풍부한 색소가 들어간 잉크가 페이지에 생생한 인상을 남깁니다 카트리지 디자인으로 어디에서나 만년필을 쉽게 사용할 수 있습니다 블랙 잉크 리필 5개 포함 PARKER QUINK 만년필 잉크 리필로 세련되고 편리한 필기 경험을 즐기세요. 카트리지 디자인으로 리필하거나 색상을 변경할 때 잉크를 쉽게 교체할 수 있습니다.,"카트리지 잉크 리필의 편리함으로 전통적인 만년필 필기 경험을 즐기세요. 매끄럽고 풍부하며 생생한 블랙 만년필 잉크로 채워진 PARKER QUINK 리필은 PARKER 만년필과 함께 사용하도록 설계되었습니다. 고품질 QUINK 잉크 펜 리필로 종이를 가로질러 펜이 부드럽게 미끄러지는 느낌을 즐기세요./Quink ink cartridge contains a rich, sensual, permanent black ink for Parker fountain pens. Practical refill cartridge is easy to install. Simply unscrew the barrel of your pen, remove the old cartridge and push the new one until you feel a click. Then, you""re ready to keep writing.","['잉크', '만년필', '리필', '카트리지', '편리하다', '필로', '디자인', '블랙', '생생하다', '필기']"
사무용품,펜 및 리필,펜 리필,,B010NE263Q,Uni -ball Jetstream 파인 포인트 롤러 볼펜 리필 표준 펜 타입 -0.7mm-블랙 잉크 밸류 10개 세트,Uni-Ball,13836,13836,4.2,94.0,새로운 제트스트림 젤 펜 0.7mm 리필 (멀티 타입 제트 스트림에는 맞지 않습니다) 빠르게 건조되는 잉크는 번짐을 방지합니다. 왼손잡이 작가에게 적합합니다 유니 슈퍼 잉크 - 종이에 갇히도록 특별히 제작되어 범죄 수표 세척 및 기타 문서 변경을 방지합니다,"Oil-Based Ballpoint Pen Refill - 10 pieces - Smooth Writing Experience: Features Jetstream technology, offering an exceptionally smooth writing experience, distinct from traditional oil-based ballpoint pens. - Quick-Drying & Rich Black Ink: Delivers crisp, intense black lines that glide effortlessly across the paper, ensuring smudge-free writing even for fast note-taking. - Innovative Leak-Proof Design: Equipped with a spring tip and twin ball mechanism to prevent ink backflow and excessive leakage, ensuring a consistently pleasant writing experience to the last drop. - Optimized Comfort: The 0.7mm ballpoint size allows for smooth, fatigue-free writing, making it ideal for extensive note-taking and diverse writing tasks. - Specifications and Compatibility: Each refill measures 111.5mm in length with a 4.4mm diameter, compatible with a wide range of pen models.","['잉크', '펜', '타입', '리필', '제트', '방지', '스트림', '표준', '빠르다', '롤러']"
사무용품,펜 및 리필,펜 리필,,B00P05ORAY,"Zebra JK-Refll G301 접이식 볼펜 리필, 0.7mm, 미디엄 포인트, 블루 잉크, 6개 (3팩 x 각각 2개 리필)",ZEBRA,12132,12132,4.6,336.0,,"Zebra JK-Refll G301 리트랙터블 볼펜 리필, 0.7mm, 미디엄 포인트, 블루 잉크, 6개입 (각 3팩 x 리필 2개).","['리필', '포인트', '잉크', '블루', '볼펜', '미디엄', '트랙터', '접이식', '개입']"
사무용품,펜 및 리필,펜 리필,,B01E0LN9UC,"Waterman (R) 리필, 롤러볼, 파인 포인트, 0.5mm, 블랙 (2팩)",Waterman,22160,11010,4.6,870.0,이 고품질 리필의 잉크는 부드럽게 흐릅니다. 오래 지속되는 리필은 Waterman 롤러볼 펜에 맞습니다. WATERMAN 롤러볼 펜은 액체 잉크의 전통과 최고의 편안함과 편리함을 결합합니다. 0,"Waterman 롤러볼 펜용 잉크 리필, 파인 포인트, 블랙 (540951). 이 고품질 리필의 잉크는 부드럽게 흐릅니다. 오래 지속되는 리필은 Waterman 롤러볼 펜에 맞습니다. Waterman 롤러볼 펜은 액체 잉크의 전통과 최고의 편안함과 편리함을 결합합니다.","['리필', '롤러', '잉크', '펜', '포인트', '편안함', '편리하다', '최고', '지속', '전통']"
사무용품,펜 및 리필,펜 리필,,B0BYMLVL8R,"WY WENYUAN 잉크 펜 리필 30개, 교체 가능한 볼펜 리필, 블랙 잉크 리필 1.0mm, 11.7cm(4.6인치)/11.7cm(4.6인치) 부드러운 필기 펜 리필 접이식 펜, 사무실 학교 용품(블랙)",WY WENYUAN,13836,13836,4.2,26.0,"【30개 팩】1.0mm 접이식 펜 리필 총 30개(검정색), 길이는 약 11.7cm(4.6인치)/11.6cm(4.6인치)로 매일 사용하기에 충분합니다. 공부나 사무실에서 볼펜 리필을 준비하여 쉽게 교체할 수 있습니다. 【뛰어난 성능】볼펜 리필은 1.0mm 팁이 함께 제공되어 종이에 부드럽고 쉽게 미세한 선을 쓰거나 그릴 수 있습니다 【빠른 건조 잉크】볼펜 잉크 건조 속도는 매우 빠르며 글씨가 매끄럽고 얼룩이 생기지 않으며 밝은 색상으로 빠르게 건조됩니다. 【다양한 용도】블랙 잉크 리필은 대부분의 볼펜에 적합하며 훌륭한 서비스를 제공합니다. 팁에는 구형 캡이 있어 펜과 잉크를 신선하게 유지할 수 있으며 글쓰기, 학습 및 작업에 적합합니다. 【쉬운 사용】 젤 잉크 리필은 사용하기 매우 쉽고 필요에 따라 자를 수 있습니다. 리필 길이가 너무 길면 펜 케이스에 맞게 길이를 자를 수 있으며 마지막으로 펜 케이스에 설치하면 사용할 수 있습니다.",1,"['리필', '펜', '잉크', '볼펜', '빠르다', '건조', '블랙', '부드럽다', '케이스', '사무실']"
사무용품,펜 및 리필,펜 리필,,B07MLJTQZQ,Parker Waterman 호환 볼펜 리필 트위스트 액션 미디엄 포인트 1.0mm 10개 팩 (블루 잉크),Penneed,15221,15221,4.6,1479.0,"★넓은 활용성--- 이 리필은 Penneed B5/B6/B8 볼펜의 오리지널 카트리지입니다(아마존에서 'penneed 볼펜'을 검색하세요). 또한 Waterman Parker 볼펜, 트위스트 액션 펜과 호환됩니다. 불쾌한 구매를 피하기 위해 치수의 세부 사항을 다시 확인해야 합니다 ★치수--- 총 길이는 9.9cm(3.9인치)입니다. 잉크 저장소의 직경은 0.6cm(0.23인치)입니다. 스프링이 있는 좁은 부분은 2.6cm(1인치)입니다. 1.0mm 팁, 블루 잉크. ★최고의 필기 품질--- 최고의 필기 품질---부드럽고 일관된 방식으로 잉크를 방출합니다. 잉크가 빠르게 건조됩니다. 리필의 몸체는 스테인리스 스틸로 만들어져 가볍고 고급스럽습니다. ★추가 보너스--- 각 리필에는 스템에 이미 고정되어 있는 스프링이 함께 제공됩니다. 스프링이 누락되거나 리필이 기존 스프링에 제대로 맞지 않을까 걱정할 필요가 없습니다. ★패키지 수량--- 패키지 수량 및 제품 --패키지 10개 리필. 사무용품, 학교 문구류로 좋은 선택입니다.","최고의 필기 품질 블루 잉크 리필은 부드러운 필기, 방수, 빠른 건조 성능을 가지고 있습니다. 잉크는 얼룩을 방지하기 위해 빠르게 건조되어 종이를 우아하고 깔끔하게 보이게 합니다. 탁월한 필기 경험을 제공합니다. 범용 호환성 교체용 볼펜 리필은 많은 볼펜과 호환되며 좋아하는 값비싼 펜의 수명을 연장하는 데 도움이 됩니다. 긴 수명 및 내구성 리필의 수명은 매우 깁니다. 리필 펜 본체는 금속 스테인리스 스틸로 만들어졌으며 리필에 잉크가 많이 있습니다. 충전 팁은 보호 왁스로 밀봉되어 있어 사용을 기다리는 동안 보관한 추가 리필이 마르지 않습니다. 다용도 이 리필은 직장, 학교, 호텔, 레스토랑 및 다양한 필기 행사에 적합합니다. 사무용품, 학교 문구류, 가족용으로 좋은 리필입니다. 가볍고 휴대가 간편하며 휴대가 간편합니다. 사양: 길이: 9.9cm 팁: 1.0mm 잉크 색상: 블루 패키지: 골드 자체 밀봉 비닐 봉투에 리필 10개. 유용한 팁: 1. 리필은 처음에는 당사의 B5/B6/B8 볼펜용입니다. 자세한 내용은 다음 ASIN을 검색하십시오: B07JJ7C4L8, B07JH9FJGX 또는 07JFNN2GW. 또한, 아마존 검색 상자에 ""penneed""를 입력하기만 하면 됩니다. 2. 리필은 Parker와 같은 다른 브랜드의 일반 전술 펜과 볼펜에 사용할 수 있습니다. 그러나 리필 사양을 신중하게 확인하여 원래 펜과 제대로 일치하는지 확인해야 합니다. 3. 약간의 힘으로도 리필의 좁은 부분에서 스프링을 제거할 수 있습니다. 사용 수명이 끝나면, 필요한 경우 스프링을 백업 장치로 예약할 수 있습니다. 진실한 애프터 서비스: 제품에 대한 질문이나 조언이 있으시면 언제든지 문의하십시오. 가능한 한 빨리 회신해 드리겠습니다.","['리필', '잉크', '볼펜', '필기', '스프링', '펜', '블루', '패키지', '수명', '최고']"
사무용품,펜 및 리필,펜 리필,,B073YP954C,Tombow Zoom 505 리퀴드 잉크 롤러 볼펜 리필 - 0.5mm - 블랙 7세트,Tombow,16509,16509,4.4,74.0,,Tombow Zoom 505 리퀴드 잉크 롤러 볼펜 리필 - 0.5mm - 블랙 7세트,"['퀴드', '잉크', '블랙', '볼펜', '리필', '롤러']"
사무용품,펜 및 리필,펜 리필,,B0BYJ99YP5,"Giantree 교체 가능한 볼펜 리필, 0.7mm 접이식 금속 볼 포인트 리필 5개, 스프링 부드러운 필기 펜 리필 학교 사무실 용품(블랙)",Giantree,8157,8157,4.4,81.0,"패키지 구성: 약 9.9cm/3.9cm(3.9인치)/9.9cm(3.9인치) 길이의 0.7mm 교체 가능한 금속 볼펜 리필 5개가 제공됩니다. 공부나 사무실에 놓을 수 있으므로 필요할 때 사용할 수 있으며 동일한 리필이 있는 대부분의 볼펜에 적합합니다 고품질 소재: 이 볼펜 리필의 외부 부분은 금속으로 만들어졌으며 내구성이 뛰어나고 견고하며 촉감이 좋고 매끄러운 외관이 특징입니다. 이 금속 볼펜 리필은 오랫동안 사용할 수 있으며 좋아하는 펜의 수명을 연장합니다 빠른 건조 잉크: 펜촉 디자인은 매끄럽고 펜 리필의 잉크는 필기할 때 갑자기 깨지지 않으며 내부 잉크는 냄새가 나지 않습니다. 이 금속 볼펜 리필은 빠르게 건조되므로 손, 책상 등에 잉크가 달라붙는 것에 대해 걱정할 필요가 없습니다. 즐거운 필기 시간을 제공합니다 추가 스프링: 각 리필에는 일치하는 스프링이 장착되어 있어 원래 스프링이 손실되었을 때 펜을 정상적으로 사용할 수 있습니다. 필요하지 않은 경우 스프링을 제거한 다음 백업 장치로 보관할 수 있습니다 다양한 용도: 접이식 펜 리필은 사무실, 비즈니스, 교실, 상점, 학교, 가정 등과 같은 다양한 시나리오에서 사용하기에 적합합니다. 친구, 가족, 어린이 및 학생에게 선물로 줄 수도 있습니다","----------------- 저희 가게에 오신 것을 환영합니다 -----------------//포장 목록: 볼펜 리필 5개, 스프링 5개./소재: 금속 + 플라스틱/색상: 레드, 블루, 블랙./사양: 0.7mm/제품 사이즈: 싱글 9.9*0.4cm/3.9*0.2인치, 스프링 2.8cm/1.1인치./포장 사이즈: 15*10.5*0.7cm","['리필', '볼펜', '스프링', '금속', '펜', '잉크', '사무실', '필기']"
사무용품,펜 및 리필,펜 리필,,B000J3X9XS,"Waterman ‘50 ml’ 만년필용 잉크병, 앱솔루트 브라운",Waterman,12465,9681,4.6,1470.0,"정품 Waterman 잉크 카트리지는 모든 Waterman 만년필에 맞습니다 부드럽게 흐르는 잉크는 클래식한 만년필로 정교한 필기 경험을 더합니다 세대의 선택, 블랙은 페이지와 극적으로 충돌하여 단어의 영향을 지속적으로 명확하게 강조합니다 프랑스에서 전문적으로 제작된 모든 Waterman 펜은 1883년 최초의 신뢰할 수 있는 만년필을 발명한 창립자 루이스 에드슨 워터맨의 천재성을 반영합니다","WATERMAN 만년필용 잉크 리필 카트리지, 블랙, 8팩 (S0712991). 정품 Waterman 잉크 카트리지는 모든 Waterman 만년필에 맞습니다. 부드럽게 흐르는 잉크는 클래식한 만년필로 정교한 필기 경험을 더합니다. 세대의 선택, 블랙은 페이지와 극적으로 충돌하여 단어의 영향을 지속적으로 명확하게 강조합니다. 프랑스에서 전문적으로 제작된 모든 Waterman 펜은 1883년 최초의 신뢰할 수 있는 만년필을 발명한 창립자 루이스 에드슨 워터맨의 천재성을 반영합니다.","['만년필', '잉크', '카트리지', '블랙', '필기', '발명', '슨', '세대', '선택', '부드럽다']"
사무용품,펜 및 리필,펜 리필,,B079NY4V4S,"Hestya 다이아몬드 크리스탈 스타일러스 펜용 볼펜 리필 24개, 2.75인치 (블랙 잉크)",HESTYA,8988,8988,4.5,1472.0,"치수: 각 크리스탈 펜 리필은 약 길이 7 cm/2.75 인치, 코어 0.7 mm. 참고: 구매 전에 사이즈를 확인하십시오 특징: 블랙 잉크 볼 포인트 펜 리필은 부드럽고 빠르게 쓸 수 있으며 건조한 자국을 남기지 않습니다 수량: 볼펜 리필 24개, 매일 쓸 수 있는 충분한 수량 소재: 이 스타일러스 펜 리필의 얼굴은 금속으로 만들어져 내구성이 뛰어나고 당신에게 좋습니다 다양한 용도: 학교, 사무실, 가정, 학생 및 사무실 근로자가 사용하기에 좋습니다","HE0323: 다이아몬드 크리스탈 스타일러스 펜용 볼펜 리필 24개, 2.75인치 특징: 펜 리필의 표면은 금속으로 만들어져 내구성이 뛰어납니다. 블랙 잉크와 0.7mm 코어로 부드럽고 빠르게 글을 쓸 수 있으며 건조한 부분을 남기지 않습니다. 다양한 용도: 학교, 사무실, 가정, 학생 및 사무실 근로자에게 적합합니다. 사양: 길이: 7cm / 2.75인치 잉크 색상: 블랙 수량: 24개 패키지 구성: 블랙 잉크 볼펜 리필 24개. 참고: 입에 넣지 마십시오. 구입하기 전에 사이즈를 확인하십시오. 이것은 오리지널 부품이 아니며, 브랜드 언급은 펜 리필의 호환성을 보여주기 위한 것입니다. HE1337: 다이아몬드 크리스탈 스타일러스 펜용 볼펜 리필 24개, 2.75인치 특징: 펜 리필의 표면은 금속으로 만들어져 내구성이 뛰어납니다. 블랙과 블루 잉크와 0.7 mm 코어로 부드럽고 빠르게 글을 쓸 수 있으며 건조한 부분을 남기지 않습니다. 다양한 용도: 학교, 사무실, 가정, 학생 및 사무실 근로자에게 적합합니다. 사양: 길이: 7cm / 2.75인치 잉크 색상: 블랙과 블루 수량: 24개 패키지 구성: 블랙 잉크 볼펜 리필 12개. 블루 잉크 볼펜 리필 12개. 참고: 입에 넣지 마십시오. 구입하기 전에 사이즈를 확인하십시오. 이것은 오리지널 부품이 아니며, 브랜드 언급은 펜 리필의 호환성을 보여주기 위한 것입니다.","['리필', '잉크', '블랙', '펜', '볼펜', '사무실', '구성', '스타일러스', '크리스탈', '다이아몬드']"
사무용품,펜 및 리필,펜 리필,,B00S2F5RIA,"Muji 알루미늄 바디 만년필 카트리지 리필, 블랙 잉크 리필 2개",MUJI,6786,6786,4.5,175.0,수성 잉크 리필 잉크 카트리지 2개 블랙,"설명: 부드러운 필기 잉크와 편안한 고무 그립이 있는 폴리카보네이트 펜. SKU#: 4547315139040 잉크: 수성, 블랙 컨트리, 호주 지역","['잉크', '리필', '블랙', '카트리지', '호주', '수성', '고무', '만년필', '바디', '부드럽다']"
사무용품,펜 및 리필,펜 리필,,B0BZR1TH5N,"100피스 8.1cm(3.2인치) 금속 볼펜 리필 다이아몬드 펜, 메탈 크라운 펜, 펄 펜 또는 크리스탈 메탈 펜, 블랙 및 블루 잉크 펜 리필 (블랙50, 블루50)",Lopenle,12451,12451,4.0,8.0,"다양한 용도 디자인: 플라스틱 캡이 있는 스테인리스 스틸 튜브, 다이아몬드 트위스트 펜, 금속 파인애플 펜, 금속 진주 트위스트 펜 및 크라운 메탈 트위스트 볼펜과 같은 금속 트위스트 펜에 일반적으로 적용됩니다. 포장 세부 정보: 다이아몬드 펜 리필, 이 좋은 품질의 리필은 100피스, 블랙 50개, 블루 50개, 각 리필은 레드 왁스로 덮여 있으며 많은 양의 펜 리필로 장기간 사용하기에 충분하며 반 친구 및 동료들과 공유할 수도 있습니다. 적합한 사이즈: 크리스탈 펜 및 스타일러스 펜용 트위스트 펜 리필. 단일 리필 길이는 약 8.1cm(3.2인치), 1.0mm 미디엄 포인트, 대용량 볼펜 리필은 범용 교체 가능한 금속 볼펜입니다. 부드러운 필기: 하트 헤드 펜 리필, 더블 컬러 미디엄 포인트 펜 리필, 1.0mm 팁, 텅스텐 카바이드 볼, 색이 바래거나 건너뛰지 않음, 메모, 숙제, 드로잉, 마킹, 다이어리 쓰기, 카드 만들기 시 부드러운 필기 경험을 제공합니다. 학교, 사무실, 가족용으로 적합합니다. 다양한 용도: 밝은 색상의 금속 볼펜 리필, 매끄럽고 내구성이 뛰어난 최고 품질 표준. 여자 친구, 교사, 청소년, 반 친구, 친구, 동료, 고객, 가정 또는 사무용품, 비즈니스를 위한 완벽한 선물입니다.",,"['펜', '리필', '금속', '볼펜', '트위스트', '친구', '블랙', '메탈', '다이아몬드', '블루']"
사무용품,펜 및 리필,펜 리필,,B001XCFP86,"CROSS 볼펜 리필, 볼드 포인트, 블랙 잉크, 팩 당 2개, 총 3팩, #8101-2",Cross,32519,32519,4.2,182.0,,"크로스 볼펜 리필, 블랙 볼드 포인트. 리필 2개 3팩, 리필 총 6개.","['리필', '포인트', '블랙', '볼펜', '볼드', '크로스', '잉크']"
사무용품,펜 및 리필,펜 리필,,B0102RFPG4,"Schmidt 635 미니 D1 볼펜 리필 미디엄, 4팩, 블랙 (SC58149)",Schmidt,10179,10179,4.6,776.0,D1 리필 스테인리스 스틸 팁과 TC 볼. 미디엄 포인트 팁. 4피스 팩.,Schmidt 액체 잉크 리필은 뛰어난 성능과 쉬운 취급을 제공합니다. 이 편리함은 종이 위를 쉽고 부드럽게 미끄러지기 때문입니다. 전 세계의 펜 제조업체는 Schmidt Technology의 액체 잉크 리필을 사용합니다.,"['리필', '미디엄', '잉크', '액체', '세계', '미니', '볼펜', '부드럽다', '블랙', '성능']"
사무용품,펜 및 리필,펜 리필,,B00V166ZE2,"Lamy 만년필 잉크 카트리지, 블랙 잉크, 20개 팩 (LT10BKB)",Lamy,16993,16993,4.8,663.0,모든 Lamy 만년필 모델을 위한 거대한 잉크 카트리지. 카트리지 20개가 포함된 패키지.,모든 Lamy 분수 펜 모델을 위한 거대한 잉크 카트리지. 카트리지 20개 포함.,"['카트리지', '잉크', '만년필', '거대하다', '펜', '패키지', '블랙', '분수']"
사무용품,펜 및 리필,펜 리필,,B08W58BKPZ,Montblanc 리필 BP M 2x1 미스터리 블랙 PF 브랜드,MONTBLANC,27700,25262,4.6,999.0,"컬러 미스터리 블랙 몽블랑 펜 필기구로 쉽게 교체하고 고정할 수 있습니다 Meisterstück Hommage à W.A.Mozart를 제외한 모든 몽블랑 펜에 맞게 제작되었습니다 이 패키지에는 펜 리필 2개가 함께 제공됩니다 잉크 카트리지, 마커, 펜 및 펜용 리필, 몽블랑, 128211, 미스터리 블랙",몽블랑이 디자인한 이 신비한 펜 리필은 마이스터스튁 오마쥬 à W.A.Mozart를 제외한 모든 몽블랑 펜에 맞게 제작되었습니다. 이 신비한 펜 리필은 몽블랑 펜 필기구에 쉽게 교체하고 고정할 수 있습니다. 이 패키지는 한 패키지에 2개의 펜 리필이 함께 제공됩니다. 이 펜 리필은 작은 몽블랑 선물 상자 안에 담겨 제공됩니다. * Meisterstück Hommage에서 W.A.Mozart를 제외한 모든 몽블랑 펜용. 제품 세부 정보: 유형: 볼펜 리필. 팁 너비: 미디엄 팩 사이즈: 2팩 포장: 몽블랑 프레젠테이션 박스. 추가 정보 폭: 0.5cm 높이: 10cm 제품 유형: 리필 패키지 사이즈: 2팩 펜촉 사이즈: 미디엄 펜촉 (M),"['펜', '리필', '몽블랑', '패키지', '미스터리', '블랙', '제외', '필기구', '제작', '미디엄']"
사무용품,펜 및 리필,펜 리필,,B09NS1WPKR,Jaymo Sheaffer K 99325 교체용 - 치수 길이 95mm/3.75인치 - 볼펜 리필 - 블루 2개,Jaymo,9681,9681,4.4,35.0,"JAYMO - Sheaffer K Black (99334, 99335) 또는 블루 (99324, 99325)용 볼펜 리필 교체품 품질 - 중간 1mm 볼펜 팁이 있는 자유롭게 흐르고 오래 지속되는 부드러운 필기 독일 잉크. 금속 샤프트가 있는 오리지널 제조업체 품질. 재사용 가능한 지퍼 백에 포장됩니다. 중요 - 주문하기 전에 리필을 제거하고 여기 사진과 비교하고 길이와 직경을 측정하십시오. 리필은 길이 95mm(3.75인치), 지름 0.25인치/6mm입니다. 리필이 사진과 치수와 일치하면 안심하고 주문하세요. 자세한 내용은 비디오를 보려면 유튜브에서 ""Sheaffer K 볼펜 리필용 Jaymo 교체품""을 검색하십시오. 만족 보장 - 리필에 만족하지 못하셨다면 저희에게 알려주시면 바로 해결해 드리겠습니다. 최고의 가치 - 왜 $5에서 $10를 지불하고 리필 1개만 받나요?","Jaymo 브랜드 리필은 더 높은 가격의 리필을 대체할 수 있는 경제적인 대안입니다. Sheaffer K 블랙(99334, 99335) 또는 블루(99324, 99325) 교체품. 리필을 제거하고 사진과 호환 가이드(한글이 아닐 수 있음)를 비교하십시오. 리필이 같은 모양인 것 같으면 측정하여 길이 95mm/3.75인치, 지름 0.25인치/6mm인지 확인하십시오. 리필이 사진과 치수와 일치하면 안심하고 주문하세요. 자세한 내용은 YouTube에서 ""Sheaffer용 Jaymo 볼펜 리필 교체품""을 검색하여 비디오를 확인하세요. ""독일에서 부드러운 필기 잉크와 미세한 선을 위해 1mm 미디엄 볼펜 팁을 사용합니다. 리필은 재사용 가능한 지퍼 잠금 백에 포장됩니다. Jaymo 리필은 이 페이지에 언급된 펜 제조업체에서 제조, 라이선스 또는 하지 않습니다. 펜 제조업체의 상표는 리필 호환성 정보를 제공하기 위한 목적으로만 식별됩니다. Cottage Mills/Jaymo: BagTagCardPenPixCas에서 다른 제품을 확인하세요. 픽픽픽픽픽픽픽PenPixStylusShowOff PenZipSignStay-In-Place MatsDotBox 소형 아이템 보관바느질 및 퀼팅 노션","['리필', '볼펜', '품', '사진', '블루']"
사무용품,펜 및 리필,펜 리필,,B01BL9JWH0,"Waterman 볼펜 리필, 블루 잉크가 있는 파인 팁, 1개입",Waterman,7479,7479,4.5,1225.0,Waterman 볼펜용 잉크 리필 1개 클래식한 블루 잉크는 끝없는 창의성에 영감을 줍니다 섬세한 팁은 작고 정확한 필기에 이상적입니다 번짐과 번짐을 줄이기 위한 빠르게 건조되는 잉크,이 볼펜 리필로 필요할 때 Waterman 볼펜이 항상 준비되었는지 확인하십시오. 교체하려면 Waterman 펜을 풀고 빈 카트리지를 제거하고 본체를 다시 조립하기만 하면 됩니다. 신뢰할 수 있는 잉크는 건조에 강하며 다양한 유형의 종이에 쉽게 쓸 수 있습니다. 모든 종류의 필기 행사에 이상적인 이 유형의 잉크는 빠르게 건조되어 번짐이나 번짐에 대한 우려를 없애줍니다.,"['잉크', '볼펜', '건조', '필기', '리필', '블루', '빠르다']"
사무용품,펜 및 리필,펜 리필,,B015ATLPHM,"Tombow 0.7mm 블랙 잉크 리필 (BR-SF33), 에어프레스 볼펜 (BC-AP), 3팩/총 3개 (일본 수입)",Tombow,5526,5526,4.5,674.0,"에어프레스 볼포인트 펜(BC-AP11, BC-AP41, BC-AP54, BC-AP12, BC-AP20, BC-AP21), 리포터 컴팩트 펜(BC-FSRC/BC-TSRC/BC-WSRC) 및 리포터 4 컴팩트 펜(BC-FSRCV)용 리필 잉크 색상: 검정 펜 팁 직경: 0.7mm",,"['펜', '프레', '컴팩트', '잉크', '에어', '리필', '리포터', '포인트', '펜용', '팩총']"
사무용품,펜 및 리필,펜 리필,,B0841Z1SDQ,"Cross 셀렉팁 젤 롤러 볼펜, 2개/팩 리필",Cross,15096,15096,4.6,662.0,"포인트 타입: 미디엄 재활용 제품: 아니요 특수 잉크 유형: 젤, 시리즈용 리필: 셀렉팁 젤 롤러 볼 펜, 팁 유형: 원뿔형",볼펜의 편리함과 함께 만년필의 자유로운 잉크의 부드러운 대안. 젤 잉크 리필은 세 가지 클래식 색상(블루 블랙 및 레드)으로 제공되며 모든 Cross Selectip 펜과 함께 사용하도록 설계되었습니다.,"['리필', '잉크', '셀렉', '펜', '롤러', '볼펜', '블루', '레드', '만년필', '미디엄']"
사무용품,펜 및 리필,펜 리필,,B01N00UEKQ,"6개 밸류 팩 - Pilot G2 젤 잉크 리필, 롤링 볼펜, 파인 포인트, 핑크 (77253)",PILOT,18600,18600,4.8,533.0,"G2는 최고 브랜드 젤 잉크 펜의 평균보다 오래 쓸 수 있습니다. ** **독립적인 타사 ISO 테스트. G2 쓰기 (모든 포인트 사이즈)의 평균과 비교하여 테스트한 최고 브랜드 젤 잉크 펜 (모든 포인트 사이즈). Pilot Corporation of America에 파일 관련 데이터. G2, G2 Limited, G2 Pro, G6, Dr. Grip LTD., Dr. 그립 젤, 정밀한 젤 BeGreen, G-Knock BeGreen, Q7, B2P 젤 잉크 펜, ExecuGel 및 Pilot MR 젤 롤러 다이나믹 젤 잉크 포뮬러로 부드러운 필기감과 번짐 방지 기능이 있으며 0.7mm 포인트가 있습니다 프리미엄 터키석 젤 잉크 리필 2개 - 좋아하는 파일럿 젤 잉크 펜의 수명을 연장하세요","Value Pack of 6 - Pilot G2 Gel Ink Refills for Rolling Ball Pen, Fine Point, Pink (77253)","['잉크', '포인트', '펜', '평균', '테스트', '최고', '리필']"
사무용품,펜 및 리필,펜 리필,,B007Z7L0KK,"Zebra Pen StylusPen 텔레스코픽 볼펜 4C 리필, 미디엄 포인트, 1.0mm, 블랙 잉크, 2개입",Zebra,8296,5913,4.6,630.0,"1.0mm 미디엄 포인트, 최고의 필기 성능을 위한 블랙 울트라 스무스 잉크 대담하고 고발색 색상으로 일상적인 글쓰기와 창의적인 표현에 적합합니다 간편한 리필 공정으로 매일 사용하기에 좋습니다 엄격한 품질 테스트로 모든 Zebra 제품에 대한 내구성 있는 성능을 보장합니다 Zebra의 스타일러스 펜 텔레스코픽 1.0mm 볼펜을 보완하도록 설계되었습니다",품질과 가치는 Zebra가 제조하는 제품에 가장 중요합니다. 모든 제품은 필기 성능을 보장하고 Zebra 고객이 기대하는 표준을 유지하기 위해 엄격한 품질 보증 테스트를 거칩니다. Zebra는 가장 인기 있는 Zebra 필기 도구의 수명을 보완하고 연장할 수 있는 리필 및 액세서리를 제공합니다. Zebra의 잉크 연구소 팀은 항상 모든 고객의 요구와 선호도에 맞는 잉크 포뮬러를 테스트하고 혁신하며 완성하고 있습니다. Zebra의 StylusPen 텔레스코픽 1.0mm 볼펜을 보완하도록 설계되었습니다.,"['잉크', '성능', '필기', '볼펜', '텔레스코픽', '테스트', '보완', '리필', '엄격하다', '포인트']"
사무용품,펜 및 리필,펜 리필,,B087QR4R2X,"Pilot FriXion 볼 젤 잉크 리필, 파인 포인트, 0.7mm, 그린 잉크, 2팩",PILOT,5858,5858,4.7,162.0,"빠른 건조, 방수 및 번짐 없는 결과를 제공합니다. 특허 받은 고급 액체 잉크 기술 배합으로 일관되고 부드럽게 흐르는 글씨를 제공합니다. 문서를 깨끗하고 깔끔하게 유지하세요. 리필은 경제적이고 환경 친화적인 옵션입니다. 모든 필요에 맞는 탁월한 필기구를 만듭니다. 필기하거나 학교 또는 사무용품을 비축하거나 불렛 저널에 글을 쓸 때 Pilot은 완벽한 펜을 제공합니다. 프리미엄 품질의 성능을 위해 Pilot을 믿으세요. 문서 및 학교 프로젝트를 손상시키지 않고 부드럽게 쓰고, 지우고 다시 쓸 수 있습니다. 지갑, 필통에 보관하고 친구들과 공유하여 관계를 향상시킬 수 있습니다 이 잉크 펜 리필은 대부분의 펜과 호환되며 메모, 카드 쓰기, 드로잉, 색칠에 사용할 수 있으며 학교, 사무실 및 가정에서 잘 작동합니다.",파일럿의 고품질 리필과 액세서리는 파일럿 제품의 수명을 연장하여 최고의 가치를 창출합니다. 경제적이고 친환경적인 옵션입니다.,"['리필', '잉크', '학교', '펜', '파일럿', '경제', '옵션', '문서', '부드럽다']"
사무용품,펜 및 리필,펜 리필,,B0D1FX3TQ2,"교체 가능한 볼펜 리필 10팩, 부드러운 필기 펜 리필 1.0mm 미디엄 포인트 롤러볼 펜 금속 리필, 사무실 학교용 잉크 펜 리필과 호환 (블랙)",GEEHUA,5110,5526,,,"【리필 사이즈】이 프리미엄 미디엄 롤러볼 펜 리필은 11.7cm(4.6인치)로 접이식 펜을 제외한 대부분의 펜 범위와 호환됩니다. 블랙 잉크 리필 10개 팩은 반 친구나 친구들과 공유하기에 적합하며 일상적인 글쓰기, 공부 및 작업에 필요한 충분한 양의 용품을 제공합니다. 【고품질 잉크】롤러볼 펜 리필로 부드럽고 생생한 필기를 경험하세요. 1.0mm 중간 포인트가 특징이며, 일관된 잉크 흐름을 제공하여 오래 지속되는 성능을 제공합니다. 번지거나 번지지 않는 속건성 잉크로 이 리필은 좋아하는 펜의 수명을 연장하여 교체 시간과 비용을 절약할 수 있습니다. 【다양한 사용】저널링부터 사무실 작업에 이르기까지 이 리필은 저널링 용지, 스케치북 용지, 프린터 용지 및 공책을 포함한 다양한 용지 유형에 부드럽게 쓸 수 있습니다. 학교, 사무실 및 가정용으로 적합하며 학생과 사무실 근로자 모두의 요구를 충족합니다. 【내구성 있는 구조】내구성이 뛰어난 금속 소재로 제작된 이 리필은 가볍지만 튼튼합니다. 플라스틱 리필과 달리, 금속 볼펜 리필은 반복적인 사용으로 시간이 지남에 따라 마모되거나 변형될 가능성이 적어 오래 지속되는 성능을 보장합니다. 【멋진 선물】이 펜 리필은 개인적으로 사용할 수 있을 뿐만 아니라 볼펜을 사용하는 가족, 반 친구, 동료 및 친구에게 실용적이고 유용한 선물입니다. 이 사려 깊은 선물로 누군가의 노력에 대한 감사를 표현하세요.",포장 목록: 교체 가능한 블랙 볼펜 리필 10팩 사이즈:11.7cm/4.6인치 팁: 1.0mm 미디엄 포인트. 색상: 블랙 소재: 금속,"['리필', '펜', '잉크', '용지', '금속', '볼펜', '친구', '사무실', '부드럽다', '선물']"
사무용품,펜 및 리필,펜 리필,,B078T67PWH,Tombow Zoom 505 리퀴드 잉크 롤러 볼펜 리필 - 0.5mm - 블루 3세트,Tombow,20775,20775,5.0,3.0,,"Tombow 수성 볼펜 ""ZOOM 501"" 시리즈용 리필. 볼 직경: 0.5mm. 수성 안료 잉크.","['잉크', '수성', '볼펜', '리필', '퀴드', '직경', '안료', '시리즈', '블루', '롤러']"
사무용품,펜 및 리필,펜 리필,,B0BGC2ZBWC,"교체 가능한 볼펜 리필 미디엄 포인트 메탈 리필 10개, 부드러운 필기 블랙 또는 블루 잉크 펜 리필 0.5mm (블랙 0.5mm 리필 10개)",YIVONKA,12451,12451,4.3,38.0,"【부드러운 필기 및 내구성】포인트 펜 리필은 금속으로 만들어져 밝은 표면, 좋은 질감, 대용량 디자인, 부드러운 필기를 위한 0.5mm 미디엄 포인트, 펜 리필의 끝이 매끄럽고 잉크가 깨지지 않습니다. 부드러운 필기 경험을 제공합니다. 블랙 및 블루 잉크를 선택할 수 있습니다. 【빠른 잉크 건조】잉크 펜 리필은 필기 후 빠르게 건조되므로 변색, 흘림 및 얼룩 없이 글씨를 최대한 매끄럽게 유지하여 손과 커프스를 깨끗하게 유지하는 데 도움이 됩니다. 【다양한 용도】교체 가능한 금속 볼펜 리필은 대부분의 볼펜에 적합하며 훌륭한 서비스를 제공합니다. 팁에는 구형 캡이 있어 펜과 잉크를 신선하게 유지할 수 있으며 글쓰기, 학습 및 작업에 적합합니다. 【간편한 휴대】볼펜 리필은 길이가 11.1cm(4.3인치) / 11.4cm(4.37인치)이며 휴대가 쉽습니다. 공부나 사무실에 필요할 때마다 교체할 수 있습니다. 【충분한 수량】총 10개의 블랙/블루 잉크 펜 리필로 매일 사용하기에 충분합니다. 공부나 사무실에서 볼펜 리필을 준비하여 쉽게 교체할 수 있습니다. 【적용 가능한 물체】이 리필은 ""YIVONKA"" 브랜드의 볼펜에 적합합니다.","★ 부드러운 필기 및 내구성 1. 포인트 펜 리필은 밝은 표면, 좋은 질감, 대용량 디자인, 0.5mm 미디엄 포인트를 가진 금속으로 만들어졌습니다. 부드러운 글씨를 위해 블랙과 블루 잉크를 선택할 수 있습니다. 2. 펜 리필의 끝이 매끄럽고 잉크가 깨지지 않습니다. 부드러운 필기 경험을 제공합니다. ★ 빠른 잉크 건조 잉크 펜 리필은 필기 후 빠르게 건조되므로 색이 바래거나 흘리지 않고 가능한 한 매끄럽게 글씨를 쓸 수 있도록 하세요. 얼룩이 있어 손과 소매를 깨끗하게 유지하는 데 도움이 됩니다. ★ 다양한 적용 교체 가능한 금속 볼펜 리필은 대부분의 볼펜에 적합하며 훌륭한 서비스를 제공합니다. 팁 구형 캡이 있어 펜과 잉크를 신선하게 유지할 수 있으며 글쓰기, 학습 및 작업에 적합합니다. ★ 간편한 휴대. 볼펜 리필은 길이가 11.1cm(4.3인치) / 11.4cm(4.37인치)이며 휴대가 쉽습니다. 공부나 사무실에서 교체할 수 있습니다. 필요할 때마다 사용할 수 있습니다. ★ 충분한 수량 총 10개의 블랙/블루 잉크 펜 리필로 매일 사용하기에 충분합니다. 공부나 사무실에서 볼펜 리필을 준비할 수 있습니다. 쉽게 교체할 수 있습니다. ★ 적용 가능한 물체 이 리필은 ""YIVONKA"" 브랜드의 볼펜에 적합합니다.","['리필', '잉크', '펜', '볼펜', '필기', '부드럽다', '블랙', '가능하다', '포인트', '블루']"
사무용품,펜 및 리필,펜 리필,,B08KWMPGVL,Schmidt 888 F 안전 세라믹 롤러볼 리필 블랙 잉크 파인 팁 6개 팩,Lanier Pens,12395,12395,4.6,142.0,"Schmidt 888 F 안전 세라믹 롤러볼 리필 블랙 잉크 파인 팁 6개 팩에는 다음 Schmidt 리필이 포함되어 있습니다: (6) 블랙 888 파인 프리미엄 Schmidt 888 파인 팁 블랙 잉크 플라스틱 바디 세이프티 세라믹 롤러 볼 리필. Schmidt의 표준 사이즈 세라믹 팁 롤러 볼 리필. 표준 사이즈 리필을 허용하는 모든 롤러볼 펜의 98%에 맞습니다. 리필 내용물: ""SCHMIDT 안전 세라믹 롤러 888 F"" 펜촉 사이즈: 미세(0.6mm), 색상: 블랙, 길이 - 4 5/16"" (11cm), 지름 - 0.245"" (0.62cm) 미국에서 포장 및 유통 Lanier Pens","6개 팩 - Schmidt 888 F 안전 세라믹 롤러볼 리필 블랙 잉크 파인 팁 팩에는 다음 Schmidt 리필이 포함되어 있습니다: 블랙 슈미트 888 파인 팁 6개. 설명 프리미엄 Schmidt 888 파인 팁 블랙 잉크 플라스틱 바디 세이프티 세라믹 롤러 볼 리필. 특징 Schmidt의 표준 사이즈 세라믹 팁 롤러 볼 리필. 표준 사이즈 리필을 허용하는 모든 롤러볼 펜의 98%에 맞습니다. 리필 내용물: ""SCHMIDT 안전 세라믹 롤러 888 F"" 독일산. 기술 사양 펜촉 사이즈: 미세(0.6mm) 색상: 블랙 길이 - 11cm(4 5/16인치) 지름 - 0.62cm(0.245인치). 확장 정보 Schmidt 888 금속 롤러 볼 핏: Acme, Aurora, Bexley, Bossert & Erhard, Caran d' Ache, Colebri, Conklin, Conway Stewart, Delta, Diplomat, 파버카스텔 이토야, Jean-Pierre Lepine, Lanier, Marlin, Montegrappa, Monteverde, Pentel, Retro 1951, Recife, Stipula, Visconti, Waterford, 워터맨, Yafa, Yard-O-Lead 및 기타 많은 롤러 볼은 미국, 대만, 한국 및 중국에서 제작되었습니다. Schmidt가 독일에서 제작 - Lanier Pens 미국에서 유통","['롤러', '리필', '세라믹', '블랙', '안전', '잉크', '표준', '미국']"
사무용품,펜 및 리필,펜 리필,,B08W5862CG,Montblanc 잉크 카트 로열 블루 1팩=8CART PF 브랜드,MONTBLANC,19237,18739,4.6,148.0,"로열 블루 카트리지 시스템이 있는 모든 몽블랑 만년필용 팩당 카트리지 8개 강렬한 색상 경험을 제공합니다 잉크 카트리지, 마커, 펜 및 펜용 리필, 몽블랑, 128198, 로열 블루","Montblanc 60ml 잉크 카트리지, 로열 블루. 카트리지 시스템이 있는 모든 몽블랑 만년필, 팩당 8개의 카트리지. 몽블랑 잉크 카트리지는 고품질 잉크이며 페이지의 얼룩 수를 제한하기 위해 빠르게 건조되도록 설계되었습니다. 이 잉크는 카트리지를 운반하는 만년필과 함께 작동합니다. 카트리지는 작고 투명하여 내부의 잉크를 볼 수 있습니다. 내부에 조심스럽게 정렬된 작은 몽블랑 슬라이드 박스 안에 포장되어 제공됩니다. * 모든 몽블랑 만년필에 적합합니다. 제품 세부정보: 시스템: Ink Cartridges. 패키지 크기: 2 x 8 팩 에 적합: All Montblanc Fountain pens. 포장: 작은 선물 상자. 추가 정보 너비: 0.8cm 높이: 3.8cm 제품 유형: 잉크 카트리지 패키지 사이즈: 8팩","['카트리지', '잉크', '몽블랑', '만년필', '블루', '로열', '시스템', '내부', '패키지', '작다']"
사무용품,펜 및 리필,펜 리필,,B0CXMYPHVK,"0.7mm 볼펜 리필 100개, 접이식 볼펜 리필, 블루 잉크, 볼펜 리필 107mm/4.2인치, 추가 볼펜 1개 보내기 사무실 학교 용품 (블루)",Twokiln,13226,12451,4.0,1.0,"1: 0.7mm 블루 볼펜 리필 100개, 볼펜 리필 길이는 약 10.6cm/4.2인치이며 추가 볼펜 1개가 있습니다. 2: 볼펜 리필 0.7mm 팁, 유창하고 선명한 선을 쓸 수 있습니다. 인내심을 가지고 구입한 100개의 블루 접이식 볼펜 리필을 사용해 보시면 매우 마음에 드실 것입니다. 3: 볼펜 리필 0.7mm 펜촉 블루, 내부의 파란색 잉크는 높은 연색성과 균일한 흐름을 가지고 있습니다. 펜 리필은 내구성이 뛰어나고 부드럽게 쓸 수 있습니다. 4: 볼펜 리필은 접이식 볼펜 및 기타 동일한 크기의 펜에 사용할 수 있으며 학교, 직장, 교실 등에 적합합니다. 5: 볼펜 코어의 품질을 보장하며, 각 펜 팁은 사용 전에 잉크가 넘치지 않도록 왁스로 밀봉되었습니다.","텔레스코픽 볼펜 리필, 0.7mm 펜촉, 길이 10.6cm, 필기 유창성, 가독성, 블루 잉크, 100개, 볼펜 코어를 교체하는 데 사용할 수 있으며 교체 및 재사용을 위해 다른 볼펜이 제공됩니다.","['볼펜', '리필', '블루', '잉크', '펜', '접이식']"
사무용품,펜 및 리필,펜 리필,,B00P2QZWK0,"Pilot Frixion 젤 잉크 펜 리필, 파인 포인트 0.7mm, 네이비 블루 잉크 (각 리필 2개 3팩)",PILOT,11356,11356,4.8,619.0,,"무제한 도오버를 사용하면 문서를 손상시키지 않고 반복적으로 쓰고, 지우고, 다시 쓸 수 있습니다. 지우개 팁은 마모되거나 부스러기를 남기지 않습니다. 처음에는 완벽하지 않다는 것을 아무도 모를 것입니다! FriXion의 부드럽고 실수 없는 글쓰기는 교사, 학생, 부모 및 전문가 모두에게 도움이 됩니다. FriXion 지울 수 있는 펜은 목록을 만들고 정리하기에 적합한 다양한 다채로운 잉크와 포인트 크기로 제공됩니다. FriXion은 연필 그 이상을 제공합니다!","['잉크', '펜', '리필', '포인트', '학생', '부스러기', '글쓰기', '네이비', '도움', '목록']"
사무용품,펜 및 리필,펜 리필,,B0CHY779GP,sencoo 24팩 0.7mm 블랙 리트랙터블 펜 리필 교체용 볼펜 리필 교체용 잉크 펜 리필 접이식 펜용,sencoo,9681,9681,4.1,2.0,잉크: 블랙 총 24개. 길이: 4.2 인치/107 mm. 필기 포인트는 0.7mm입니다.,검정색 잉크,"['잉크', '리필', '펜', '블랙', '필기', '포인트', '펜용', '트랙터', '접이식', '볼펜']"
사무용품,펜 및 리필,펜 리필,,B01GPM3OFO,"Parker Parker 리트랙터블 젤 잉크 롤러 볼 펜용 리필, 미디엄 코니컬 팁, 블루 잉크, 2/팩",Parker,10996,10996,4.3,1746.0,좋아하는 젤 펜의 수명을 연장하세요. 원뿔형 롤러 볼 팁은 읽기 쉬운 제어된 필기를 제공합니다. 모든 Parker 접이식 젤 잉크 펜에 맞습니다. Parker 리필은 접이식 롤러 볼펜과 함께 사용할 수 있습니다 1년 제한 이 포함되어 있습니다,모든 Parker® 펜 리필과 마찬가지로 이 접이식 젤 잉크 롤러 볼 펜 리필은 고품질의 필기 경험을 제공합니다. 잉크가 완벽하게 분사되며 원뿔형 롤러 볼 포인트는 대담하고 어두운 선을 그립니다.,"['롤러', '잉크', '펜', '리필', '접이식', '필기', '원뿔형']"
사무용품,펜 및 리필,펜 리필,,B00INWZZ7A,"Fisher SPR4 리필 불렛 피셔 스페이스 펜용, 블랙, 3팩 및 무료 블랙 클립!",Fisher,31356,31356,4.6,343.0,,"Fisher SPR4 리필, Bullet Fisher 스페이스 펜용, 블랙, 3팩 및 무료 블랙 클립!","['블랙', '펜용', '클립', '스페이스', '리필', '피셔', '불렛']"
사무용품,펜 및 리필,펜 리필,,B002IKK56O,"Monteverde 크로스 볼펜에 맞는 볼펜 리필, 미디엄 포인트, 소프트 롤, 퍼플, 팩당 2개(C132PL)",Monteverde,15387,15387,4.3,668.0,몬테베르데 볼펜 리필 가장 부드러운 필기 경험을 위한 최신 기술 저점도 잉크 니켈 실버 튜브 및 팁,크로스 볼펜에 맞는 몬테베르데 볼펜 리필 - 미디엄 퍼플 (C132PL),"['볼펜', '리필', '퍼플', '크로스', '몬테베르데', '미디엄', '필기', '부드럽다', '니켈', '롤']"
사무용품,펜 및 리필,펜 리필,,B0972HKBD8,"L: 7cm(2.75인치), 0.7mm 팁, 크리스탈 펜 및 스크루 드라이버 펜과 호환되는 액체 볼펜 리필, 독일 잉크, 액체 모래 펜, 공구 펜에 적합 (블랙 6개)",CaoDuRen,11066,11066,4.3,117.0,"1. CaoDuRen 70mm 길이, 0.7mm 팁, 크리스탈 펜 및 스크루 드라이버 펜과 호환되는 액체 볼펜 리필, 독일 잉크, 액체 모래 펜, 공구 펜 및 기타 스타일러스 크리스탈 펜에 적합(블랙 6개) 2. 품질: 금속 소재로 만든 리필은 경제적이고 내구성이 뛰어납니다. 고품질 필기 잉크, 0.7mm 중간 크기의 볼펜 펜촉으로 자유롭게 흐르며 더 부드럽고 오래 쓸 수 있습니다. 1~2년 동안 보관할 수 있습니다 3. 참고: 구입하기 전에 먼저 리필 길이를 측정하십시오. 리필이 펜에 맞는지 확인하세요. 리필 사이즈는 길이 2.75인치/70mm입니다. 플라스틱 상단에는 나사산과 나사가 있습니다. 4. 제품 사용: 글쓰기, 비즈니스 선물, 광고 및 판촉 선물 등. 5. 리필에 만족하지 않으시면 즉시 저희에게 연락하시면 만족하실 때까지 수정해 드리겠습니다.",,"['펜', '리필', '액체', '잉크', '볼펜', '크리스탈', '호환', '모래', '만족하다', '선물']"
사무용품,펜 및 리필,펜 리필,,B084P7G7BS,"Pilot FriXion Point 지울 수 있는 젤 잉크 리필, 엑스트라 파인 포인트, 0.5mm, 블랙 잉크, 리필 12개",PILOT,19376,19376,4.7,409.0,매우 섬세한 포인트 (0.5mm) 독특한 열에 민감한 젤 잉크 포뮬러는 마찰을 지우면 사라집니다 FriXion 포인트 지울 수 있는 젤 잉크 펜 31586 및 31587에 적합합니다 FriXion은 일반 젤 잉크 펜처럼 부드럽게 쓸 수 있지만 언제든지 연필처럼 지울 수 있습니다 이 고품질 리필은 신뢰할 수 있는 동일한 펜을 반복해서 사용할 수 있습니다.,"Pilot FriXion Point 지울 수 있는 젤 잉크 리필, 엑스트라 파인 포인트, 0.5mm, 블랙 잉크, 리필 12개","['잉크', '리필', '포인트', '펜', '엑스트라', '블랙']"
사무용품,펜 및 리필,펜 리필,,B00SKPCAMS,rOtring S0195390 볼펜 리필 - 블랙 (5개 팩),Rotring,22478,22478,4.8,52.0,볼펜 리필 블랙 잉크 팩에는 리필 5개가 포함되어 있습니다,"회전 볼펜 리필은 국제 사이즈 D1 리필을 사용하는 모든 Rotring 멀티 펜(트리오, 콰트로, 듀오), Esprit 미니 볼펜 및 기타 브랜드 펜에 적합합니다. 약 6.7cm(2-5/8인치) 길이.","['리필', '볼펜', '펜', '블랙', '회전', '트리오', '콰트로', '잉크', '미니', '멀티']"
사무용품,펜 및 리필,펜 리필,,B00P2O81NC,"Pilot Dr Grip 접이식 볼펜 리필, 1.0mm, 미디엄 포인트, 블랙 잉크, 6개(2팩)",PILOT,13102,13102,4.7,902.0,"일관된 적용을 위해 특허받은 고급 액체 잉크 기술을 제공합니다. 신뢰할 수 있는 부드럽고 깨끗한 결과를 제공합니다 프리미엄 품질의 성능을 위해 Pilot을 믿으세요. Dr. 그립 볼펜 (36100 및 36101) Pilot Dr. Grip Center of Gravity 젤 펜과 Dr. 그립 롤러볼 펜 (36270~36273, 36180, 36181)",일관된 적용을 위해 특허받은 고급 액체 잉크 기술을 제공합니다. 신뢰할 수 있는 부드럽고 깨끗한 결과를 제공합니다. 프리미엄 필기 결과를 위해 Pilot을 믿으세요.,"['잉크', '신뢰', '일관', '깨끗하다', '볼펜', '부드럽다', '프리미엄', '액체', '고급', '적용']"
사무용품,펜 및 리필,펜 리필,,B00ZC9C6II,"Uni-Ball Signo Broad Point 젤 임팩트 펜 블루 잉크 리필, 1.0mm, 5개 세트 (일본 수입) [Komainu-Dou 오리지널 패키지]",,8310,6786,4.3,66.0,,"Uni-Ball Signo Broad Point Gel Impact Pen Blue Ink Refills, 1.0mm, Set of 5 (UMR10.33)","['펜', '패키지', '잉크', '임팩트', '일본', '수입', '블루', '리필']"
사무용품,펜 및 리필,펜 리필,,B009QYH554,"Pilot, FriXion 지울 수 있는 펜용 볼 젤 잉크 리필, 파인 포인트 0.7mm, 3팩, 레드",Pilot,8600,8600,4.8,1018.0,"고품질 리필: FriXion Ball용 리필 가능한 잉크로 좋아하는 펜을 영원히 사용할 수 있습니다 스트레스 없는 쓰기: 리필로 문서를 손상시키지 않고 쓰기, 지우기 및 다시 쓸 수 있습니다. 독특한 열에 민감한 잉크는 마찰을 지우면서 완전히 사라집니다 혁신적인 디자인: FriXion 볼 리필은 생생하고 매끄러운 젤 잉크를 사용하여 모든 필기 목적과 스타일에 이상적입니다 최고의 가치: 리필 및 액세서리는 Pilot 제품의 수명을 연장합니다. 경제적이고 친환경적입니다. 레드 리필 3개 포함 펜에 힘: 젤 잉크, 지울 수 있는 롤링 볼, 볼펜 및 만년필을 포함한 Pilot의 혁신적인 필기 도구 라인과 하이라이터, 드라이 지우개 마커 등으로 쉽게 자신을 표현하세요","지울 수 있는 펜용 FriXion 볼 리필을 사용하면 손상이나 지저분한 지우개 잔여물 없이 깨끗하고 세련된 문서를 쓰고, 지우고, 다시 쓸 수 있습니다. 메모를 하거나 목록을 만들거나 디자인을 일러스트레이션할 때 이 혁신적인 펜은 학생, 교사 및 전문가 모두에게 이상적입니다. 0.7mm 파인 펜 포인트 사이즈는 미세한 선과 굵은 선 사이의 균형을 이루어 일상적인 필기 요구 사항에 적합합니다. 또한 FriXion은 미국 최고의 과학, 기술, 공학 및 수학(STEM) 교육 기관에서 인증한 유일한 펜입니다. 이 놀라운 범위의 프리미엄 지울 수 있는 필기구로 무한한 창의적 가능성의 힘을 손에 쥐고 있습니다.","['리필', '잉크', '펜', '혁신', '필기', '힘', '최고', '손상', '레드', '디자인']"
사무용품,펜 및 리필,펜 리필,,B00ATLP30C,"Zebra BRNJK5BK Prefer Sarasa NJK-0.5 볼펜 리필, 블랙, 10개",ゼブラ(ZEBRA),11772,11772,4.2,149.0,호환 제품: Prefeel (맞춤형 다기능 펜) / Sarasa 멀티 (다기능 펜) 잉크: 수성 안료 (젤 볼펜) 단일 제품 크기: 최대 직경 3.0 mm x 총 길이 98.2 mm (3.9 인치) 무게: 0.7 g (0.03 온스) 패키지 사이즈: 165 x 25 x 3 수량: 10개,"맞춤형 펜 및 미리 보기를 위한 리필. 젤 볼펜 리필 맞춤 설정할 수 있는 다기능 펜: 홀더 및 리필과 자유롭게 결합할 수 있는 다기능 펜. 물과 오일을 슬러리 필기 경험과 혼합하는 것이 특징인 ""에멀전 잉크"" 외에도 젤 잉크, 오일 잉크 및 선명도를 포함한 4가지 유형의 필기 유형이 있으며 각 제품은 색상과 두께의 변형이 있습니다. 젤 잉크: 젤 잉크는 부드럽고 매끄럽게 쓸 수 있습니다. 방수 및 수성 안료이기 때문에 어둡고 번지지 않으므로 생생한 색상과 다양한 색상을 즐길 수 있습니다.","['잉크', '펜', '리필', '능', '다기', '볼펜', '맞춤', '수성', '안료', '오일']"
사무용품,펜 및 리필,펜 리필,,B00HDE06K0,"F301, F301 울트라, F402, 301A, 나선형 볼펜, 파인, 블랙, 2/팩",Zebra,11315,11315,4.8,2723.0,"0.7mm 미세, 블랙, 팩당 리필 2개, 총 4팩 = 총 리필 8개 F-301, Ultra, BOLD, F-701, 컴팩트, F-402, Expandz에 맞습니다. 블랙/블루 0.7mm/1.0mm/1.6mm 선택 가능","4팩 = 총 8개의 리필, 블랙, 미세 0.7mm. F-301, Ultra, BOLD, F-701, Compact, F-402 및 Expandz에 적합합니다.","['블랙', '리필', '미세', '컴팩트', '울트라', '선택', '블루', '볼펜', '나선형']"
사무용품,펜 및 리필,펜 리필,,B01B6PWF4Q,"Pilot Namiki IC100 만년필 잉크 카트리지, 블루/블랙, 팩당 12개 (os 2)",Pilot,12700,12700,4.8,820.0,최고 수준의 색상을 사용하여 제작되었습니다 팩당 카트리지 12개 2개 팩(총 24개 카트리지) 일관된 잉크 전달 Pilot 및 Namiki 만년필과 함께 사용할 수 있습니다,"From a culture that has revered the art of writing for over a thousand years comes instruments and accessories that celebrate both writing and art. Namiki fountain pen ink cartridges are created using the highest standards and colour variations. Each shade offers intense color depth and consistency, making the best performance of your most valuable fountain pens. Enjoy the rich colors of Japan every time. For every creative project, Namiki provides the ultimate writing tool.","['카트리지', '잉크', '만년필', '팩총', '최고', '제작', '전달', '일관', '수준', '블루']"
사무용품,펜 및 리필,펜 리필,,B0BRLCJG9Z,Cross Selectip 롤러볼 펜 리필 (4팩),Cross,27533,27533,4.0,17.0,번들 구성: Cross 셀렉팁 롤러볼 펜 리필 2개(2팩) 펜촉 스타일: 이 리필은 중간 뾰족한 펜촉이 있어 버터처럼 부드러운 필기 경험을 제공합니다 관리 없는 유지 보수: 신뢰성과 전통적인 스타일로 인기 있는 이 리필은 일상적인 작가에게 절대적인 효율성과 관리 없는 유지 보수를 약속합니다 잉크 색상: 이 리필 2개 팩에는 클래식한 블랙 잉크가 있습니다 다용도: 모든 Cross Selectip 펜과 함께 사용하도록 설계되었습니다,Cross 셀렉팁 롤러볼 펜 리필은 만년필의 자유롭게 흐르는 잉크에 대한 매끄러운 대안을 제공하며 볼포인트의 편리함을 제공합니다. 이 젤 잉크 리필은 클래식 블랙으로 제공되며 버터처럼 부드러운 필기 경험을 제공하는 중간 뾰족한 펜촉이 특징입니다. 모든 Cross Selectip 펜과 함께 사용하도록 설계되었습니다./번들 구성:,"['리필', '펜', '잉크', '펜촉', '롤러', '유지', '필기', '관리', '구성', '버터']"
사무용품,펜 및 리필,펜 리필,,B00P2O8452,"Pilot Better/EasyTouch/Dr 그립 리트랙터블 볼펜 리필, 1.0mm, 미디엄 포인트, 블루 잉크, 12 리필 팩",Pilot,11163,11163,4.7,373.0,일관된 사용을 위해 특허받은 고급 액체 잉크 기술을 제공합니다. 당신이 의존할 수 있는 매끄럽고 깨끗한 결과를 제공합니다. 프리미엄 품질 성능을 위한 파일럿 신뢰.,일관된 사용을 위해 특허받은 고급 액체 잉크 기술을 제공합니다. 당신이 의지할 수 있는 매끄럽고 깨끗한 결과를 제공합니다. 프리미엄 필기 결과를 위해 파일럿을 신뢰하십시오.,"['잉크', '액체', '프리미엄', '깨끗하다', '리필', '매끄럽다', '신뢰', '고급', '일관', '특허']"
사무용품,펜 및 리필,펜 리필,,B08VSJRCR8,"PILOT FriXion 클리커, LX 및 볼펜용 젤 잉크 리필, 파인 포인트(0.7mm), 버건디 잉크, 2팩(15214)",PILOT,6287,6287,4.8,201.0,"젤 펜처럼 글을 쓰고 연필처럼 지워집니다. FriXion을 사용하면 부드럽게 쓸 수 있지만 오류의 여지가 있습니다. 독특한 열에 민감한 젤 잉크 포뮬러는 마찰이 지워지면 사라집니다. FriXion 볼, 클리커 및 리트랙터블 펜과 호환됩니다. PILOT FRIXION 지울 수 있는 젤 펜은 접이식 펜의 편리함과 놀라운 FriXion 지울 수 있는 젤 잉크를 결합했습니다. 문서를 손상시키지 않고 반복적으로 지우고 다시 쓸 수 있습니다. 두려움 없이 쓰고 만들기: FriXion 지울 수 있는 잉크 펜 및 마커를 좋아하신다면 Pilot의 지울 수 있는 클리커, 컬러스틱, 파인라이너, 컬러 마커 펜 및 형광펜 전체 라인을 사용해보고 싶을 것입니다. 신뢰할 수 있는 품질: 당사는 100년 이상 펜을 제작해왔습니다. 필기하거나 학교 또는 사무용품을 비축하거나 불렛 저널에 글을 쓸 때 Pilot은 완벽한 펜을 제공합니다! 펜에 힘: Pilot은 모든 필요에 맞는 탁월한 필기구를 만듭니다. 모든 필기 스타일에 맞는 분수, 볼펜, 접이식 및 지울 수 있는 젤 잉크 펜, 화이트보드 마커 등을 갖추고 있습니다.","Pilot Write & Create Fearlessly Unlimited 도오버의 FriXion 지울 수 있는 펜을 사용하면 문서를 손상시키지 않고 반복적으로 쓰고, 지우고, 다시 쓸 수 있습니다. 지우개 팁은 마모되거나 부스러기를 남기지 않습니다. 처음에는 완벽하지 않다는 것을 아무도 모를 것입니다! FriXion의 부드럽고 실수 없는 글쓰기는 교사, 학생, 부모 및 전문가 모두에게 도움이 됩니다. FriXion 지울 수 있는 펜은 목록을 만들고 정리하기에 적합한 다양한 다채로운 잉크와 포인트 크기로 제공됩니다. FriXion은 연필 그 이상을 제공합니다!","['펜', '잉크', '클리커', '부드럽다', '반복', '문서', '손상', '컬러', '완벽하다', '볼펜']"
사무용품,펜 및 리필,펜 리필,,B07KG3GC9Y,"Schneider One Change 롤러볼 리필 카트리지, 0.6mm, 블루 잉크, 리필 카트리지 5개 박스 (185403)",Schneider,11647,11647,4.7,1776.0,"혁신적인 슈퍼 플로우 시스템은 처터 끝까지 일관된 잉크 흐름을 보장합니다 선 너비 약 0.6mm 파란색 잉크. 빠른 건조, 얼룩 방지 잉크. 잉크 표준 ISO 14145-2에 따른 방수 리필 카트리지 5개 박스, 블루 잉크 캡을 2-3일 동안 제거하더라도 캡오프 잉크는 마르지 않습니다 Schneider One Change 리필 가능한 롤러볼 펜에 맞습니다. CO2 중립 생산으로 독일에서 제작되었습니다.","Schneider® 원 체인지 롤러볼 리필 카트리지는 혁신적인 슈퍼 플로우 시스템과 매우 매끄러운 팁이 특징이며, 처음부터 끝까지 일관되고 균일한 잉크 흐름을 보장합니다. 잉크는 ISO 14145-2에 따라 방수 기능이 있어 다큐멘터리 사용에 적합합니다. 캡을 2-3일 동안 방치해도 캡 오프 잉크는 마르지 않습니다. 대략적인 라인 너비 0.6mm, 블루 잉크로 쓸 수 있습니다. 롤러볼 리필 카트리지 5개 박스. 독일산. 독일에서 제작된 Schneider® 제품은 80년 이상의 역사를 통해 수상 및 찬사를 받은 최고 품질 및 환경 표준에 따라 제조됩니다. 신뢰성, 기능 및 지속 가능성으로 알려진 Schneider® 필기구는 창의성과 펜과 종이에 힘을 실어주기 위해 탁월한 가격대로 제공됩니다. 각 생각은 Schneider® 방식이라는 글을 쓸 가치가 있습니다.","['잉크', '리필', '카트리지', '캡', '롤러', '독일', '블루', '박스', '일관', '제작']"
사무용품,펜 및 리필,펜 리필,,B0777JR5QF,"Pilot Acroball 고급 잉크 리필, Acroball 리트랙터블 볼펜용, 엑스트라 파인 포인트 0.5mm, 블루 잉크, 10팩, 스티커 노트 밸류 세트",Stationery JP,17617,17617,4.3,190.0,"세트에는 Acroball 접이식 볼펜용 Pilot Acroball 고급 잉크 리필 10개, 엑스트라 파인 포인트 0.5mm, 블루 잉크 + 컴팩트 5색 스티커 노트 1개가 포함되어 있습니다. Pilot Acroball 고급 잉크 리필, Acroball 리트랙터블 볼펜용, 엑스트라 파인 포인트 0.5mm, 블루 잉크. Stationery JP 컴팩트 5색 스티커 노트 100피스 생태 유형, NBM02454. 휴대하기에 편리합니다. 생생한 색상의 고급 잉크 - 고급 잉크 리필은 매끄럽고 방수 기능이 있으며 빠르게 건조되는 성능을 제공합니다. 좋아하는 파일럿 펜의 수명을 연장하세요. Pilot Acroball 리트랙터블 고급 잉크 볼펜 0.5mm, Acroball 150, Acroball L, Acroball M에 맞습니다.","Pilot Acroball 고급 잉크 리필, Acroball 리트랙터블 볼펜용, 엑스트라 파인 포인트 0.5mm, 블루 잉크, 10팩, 스티커 메모 밸류 세트/세트에는 Acroball 접이식 볼펜용 Pilot Acroball 고급 잉크 리필 10개, 엑스트라 파인 포인트 0.5mm, 블루 잉크 + 컴팩트 5색 스티커 노트 1개가 포함되어 있습니다./[Pilot BRFV-10EF 아크로 잉크 볼펜 리필 - 0.5mm - 블루]/[Stationery JP 컴팩트 5색 스티커 노트 100피스 생태 유형]","['잉크', '고급', '리필', '볼펜', '블루', '스티커', '노트', '포인트', '엑스트라', '트랙터']"
사무용품,펜 및 리필,펜 리필,,B00WMDQKU2,"PILOT FriXion 지워지는 펜용 젤 잉크 리필, 엑스트라 파인 포인트, 블루 잉크, 3팩 (77351)",Pilot,12451,12451,4.7,196.0,"젤 펜처럼 쓰고, 연필처럼 지워집니다: FriXion을 사용하면 부드럽게 쓸 수 있지만 오류의 여유를 남깁니다. 독특한 열에 민감한 젤 잉크 포뮬러는 마찰을 지우면 사라집니다. FriXion 볼, 클리커 및 리트랙터블 펜과 호환됩니다. 파이롯프릭션 지울 수 있는 젤 펜은 접이식 펜의 편리함과 놀라운 FriXion 지울 수 있는 젤 잉크를 결합했습니다. 문서를 손상시키지 않고 반복적으로 지우고 다시 씁니다. 두려움 없이 쓰기 및 만들기: FriXion 지울 수 있는 잉크 펜과 마커를 좋아한다면 파일럿의 지울 수 있는 클리커, 컬러스틱, 파인라이너, 컬러 마커 펜 및 하이라이터 전체 라인을 사용해보십시오. 신뢰할 수 있는 품질: 당사는 100년 이상 펜을 제작해왔습니다. 메모를 작성하거나 학교 또는 사무실 용품을 구입하거나 불렛 저널에 글을 쓸 때 Pilot은 당신을 위한 완벽한 펜을 가지고 있습니다! 펜의 힘: 파이롯트는 모든 필요에 맞는 탁월한 필기구를 만듭니다. 모든 필기 스타일에 맞는 만년필, 볼펜, 접이식 및 지울 수 있는 젤 잉크 펜, 화이트보드 마커 등을 보유하고 있습니다.","FriXion 지울 수 있는 잉크 리필로 좋아하는 파일럿 지울 수 있는 펜의 수명을 연장하세요. 이 잉크 리필에는 FriXion Ball, FriXion Clicker 및 FriXion LX 리필 가능한 펜에 맞게 만들어진 부드럽고 깨끗한 지우기 젤 잉크가 포함되어 있습니다. 다양한 사이즈와 색상으로 제공됩니다. 열에 민감한 젤 잉크 포뮬러는 FriXion 펜의 마찰을 지우면 사라집니다. 지우면 잔여물이 남지 않으며 각 펜은 지워진 동일한 지점에 쓸 수 있습니다. 참고: FriXion 지울 수 있는 잉크는 서명이나 공식 법률 문서에는 권장되지 않습니다. 잉크/펜이 60°C에 도달하는 온도에 노출되면 필기 시 잉크가 무색으로 보입니다. 색상을 복원하려면 냉동고에서 최소 10°C(10°F)까지 식으면 잉크의 색상이 다시 표시됩니다./Extend the Life of Your Favorite Pilot Erasable Pen with a FriXion Erasable Ink Refill. These ink refills contain smooth-writing, clean erasing gel ink made to fit FriXion Ball, FriXion Clicker and FriXion LX refillable pens. They are available in assorted sizes and colors. The thermo-sensitive gel ink formula disappears with the erasing friction of your FriXion pen. Erasing leaves no residue or debris and each pen can write on the same spot that has been erased. Note: FriXion Erasable Ink is not recommended for signatures or official legal documents. If ink/pen is exposed to temperature that reaches 140 degrees Fahrenheit, the ink will appear colorless when writing. To restore color, cool to at least 14 degrees Fahrenheit in freezer and the ink will again write in color.","['펜', '잉크', '리필']"
사무용품,펜 및 리필,펜 리필,,B008JF5JU4,"Pilot Pen FriXion Ball 4 2269001F 롤러볼 펜 리필 3개 세트, 0.5mm 잉크 색상, 블랙",Pilot,6578,6578,4.4,2749.0,프릭션 볼에 적합 4가지 색상 블리스터 포장의 리필 3개 열에 민감한 잉크 지울 수 있고 다시 쓸 수 선 폭: 0.25 mm,Pilot 전용 코어 교체용 3병 마찰 3 LFBTRF30EF3B 0.5mm 블랙,"['잉크', '블랙', '리필', '프릭', '포장', '펜', '코어', '적합', '열', '블리스']"
사무용품,펜 및 리필,펜 리필,,B07QL3TZH2,PILOT Namiki IC50 만년필 잉크 카트리지,PILOT,13836,13836,4.8,155.0,"Created using the highest standards of color Pack of 2, 1 Black & 1 Blue, 12 cartridges per pack 12 Black cartridges & 12 Blue cartridges = 24 cartridges total Consistent ink delivery For use with Pilot and Namiki fountain pens",,"['카트리지', '잉크', '만년필']"
사무용품,플래너 및 수첩,플래너,,B0CRLDDLX8,Simplified 2024 월간 플래너 및 캘린더 북 - 아름다운 2024-2025 할 일 목록 노트 여성 또는 남성용 - 생산성을 높이기 위해 작업을 쉽게 정리할 수 있습니다 - 2025년 12월까지 실행,ZICOTO,13836,11647,4.7,193.0,"정리 및 매월 기쁨인지 확인하세요: ZICOTO 아름다운 월간 플래너가 시간을 최대한 활용할 수 있도록 도와드립니다! 2024년 1월부터 2025년 12월까지 실행되는 캘린더 및 할 일 목록 노트는 스마트하게 계획하고 시간을 효과적으로 관리할 수 있도록 도와줍니다. 스트레스를 줄이고 더 많은 자유 시간을 즐기세요! 매우 쉬운 유지: 월간 플래너 2024-2025 월간 계획의 단순하고 간단한 월간 보기 덕분에 쉽고 효율적이어서 약속, 생일, 비즈니스 미팅, 어린이 야구 연습 등을 쉽게 추적할 수 있습니다. 자신을 위해 ""나를 위한 시간""을 예약하는 것을 잊지 마세요 생산성을 높이고 월간 목표 달성: 생산성을 높이고 매달 조직의 걸작으로 바꾸는 삶을 변화시키는 해킹입니다! 할 일, 월간 목표 및 작업을 계획하고 모든 중요한 날짜를 적어 마감일이나 이벤트를 잊지 마세요. 개인 메모 및 (동기 부여) 알림을 위한 충분한 공간이 있습니다 사랑스러운 디자인: 월간 캘린더 및 플래너는 뇌의 천재적인 확장일 뿐만 아니라 현대적인 미니멀리즘 디자인으로 돋보입니다. 우아한 캘리그래피 글꼴과 조화를 이루는 아름답고 현대적인 세이지 그린 - 프리미엄 계획 도구 및 멋진 눈길을 사로잡습니다! 매끄러운 계획을 위한 완벽한 사이즈: 24.4 x 18.8cm(9.6 x 7.4인치)의 컴팩트한 크기와 편리한 디자인으로 월간 플래너는 가방에 멋지고 컴팩트하게 들어가므로 항상 모든 정보를 손에 넣을 수 있습니다! 추가 메모, 쇼핑 목록 등을 보관할 수 있는 실용적인 뒷면 포켓도 제공합니다","ZICOTO의 모던 월간 플래너: 한 달 내내 시간 관리 게임을 소유할 시간입니다! 매일, 주 및 월을 세는 것이 그 어느 때보다 쉽고 예뻐집니다. ZICOTO 월간 플래너는 약속, 할 일, 목표, 작업 등을 간단하게 정리할 수 있습니다. 마음이 크게 윙윙 거리는 모든 것들을 잘 파악할 수 있는 멋진 방법입니다. 최고의 시간 관리 및 생산성! 아름다운 월간 플래너는 일상 생활에서 필수적인 도우미입니다. 일정을 깔끔하고 잘 정리하여 스트레스를 줄이고 약속을 놓칠 위험을 줄입니다. 잘 정리된 전투는 절반입니다. 영리한 계획 도구 덕분에 승리를 거둘 수 있습니다! 매월 - 2024년 1월부터 2025년 12월까지 진행됩니다 - 약속을 정리하고 생산성을 향상시키는 4페이지를 제공하며 가장 중요한 것은 더 많은 자유 시간과 모든 것을 성취한 놀라운 느낌을 즐기십시오. 캘린더를 일일 플래너로 사용하고 생일, 비즈니스 미팅, 휴일, 식사 계획을 추가할 수 있는 충분한 공간이 있습니다. 매일, 매주 또는 매월 할 일을 기록하고 의제를 지우세요. 오, 네, 해냈습니다! 플래너는 또한 월간 목표와 월간 작업을 위한 전용 섹션을 제공합니다. 새로운 습관을 구축하고 인생이라고 불리는 게임을 흔들 수 있는 약간의 킥스타터입니다. 여전히 여기서 멈추지 않습니다: 중요한 날짜를 추가할 수 있으며(마감일을 다시는 잊지 못할 것입니다) 개인 메모와 미리 알림을 위한 거의 전체 페이지를 가질 수 있습니다. 추가 메모, 쇼핑 목록, 러브 노트 등을 추가하고 싶다면 플래너가 실용적인 뒷주머니를 제공합니다. 월간 플래너의 사랑스럽고 현대적인 디자인을 이미 확인하셨나요? 얼마나 귀여워요! 그리고 어울리는 우아한 글꼴은 케이크의 아이싱입니다. 아름다운 캘린더와 플래너는 어디에서나 휴대할 수 있는 완벽한 사이즈(24.5 x 18.9cm(9.6 x 7.5인치))로 제공됩니다. 모든 정보 - 항상 가까이에 있습니다!","['월간', '계획', '정리', '아름답다', '캘린더', '생산', '추가', '메모', '목록', '약속']"
사무용품,플래너 및 수첩,플래너,,B0CFXL7KNC,"Planner 2024년 1월 - 2024년 12월, 주간 및 월간 교사 학업 플래너 14.5 x 21.1cm(5.7 x 8.3인치), 계획용 12개월 달력 오거나이저 노트",TREES,4598,4598,4.5,74.0,"아카데믹 플래너 -- 2024년 1월부터 2024년 12월까지 실행됩니다. 사이즈: 14.5cm X 21.1cm(5.75인치 X 8.3인치). 주간 및 월간 달력 플래너 -- 시간을 정리하고 생산성을 높입니다. 2024 플래너 --주간 보기 페이지에는 자세한 일일 계획, 약속, 활동 등을 위한 충분한 유선 공간이 포함되어 있습니다. 주요 휴일 목록, 경과 및 남은 날짜가 표시됩니다. 방수 튼튼한 커버 -- PP 커버, 경량, 내구성 및 방수 기능으로 내부의 모든 시트를 잘 보호할 수 있습니다. 인쇄 -- 전문적인 디자인과 합리적인 레이아웃으로 프리미엄 두꺼운 종이에 깨끗하게 인쇄되었습니다",,"['주간', '달력', '계획', '방수', '월간', '커버', '인쇄', '휴일', '보호', '목록']"
사무용품,플래너 및 수첩,플래너,,B0CFXLB3LC,"월간 플래너 2024-2025, 간단한 달력 플래너 노트 17.8 x 22.9cm(7 x 9인치) 부드러운 PVC 커버 나선형 바인딩, 목표 목록, 생산성을 높이기 위해 작업을 쉽게 정리할 수 있습니다 - 2024년 1월 - 2025년 12월부터 실행",GOLDPEI,6218,6218,4.7,413.0,"SIMPLE PLANNER 2024-2025 - The calendar planner begins Jan 2024 and ends Dec 2025; a full 24 months to cover 2 years. Manage your goals, tasks, to do list, notes with our monthly planner, you will enjoy the happy and success from planning PLENTY SPACE FOR WRITING - Great size 7.3x 9.5 inches cute planner with 55 pages and flexible soft PP cover, suible for office & home, or carry by bags, including monthly goals,priorities,tasks,notes,reminders for all your needs HARDY PAPER - Our calendar notebook made of 100GSM permium white paper, which is thicker in the market, just for you have a happy writing experience without ink bleed through EASY TO KEEP ON TRACK - However you are a ""list"" person or not, planning ahead is easy & efficient, keep track of your goals, appointments, birthdays, business meeting etc",,"['커버', '정리', '작업', '월간', '실행', '생산', '부드럽다', '바인딩', '목록', '달력']"
사무용품,플래너 및 수첩,플래너,,B0BVM4KNPG,"2024-2025 월간 플래너 - 플래너 2024-2025, 2024년 1월 - 2025년 12월, 월간 플래너 21.6cm x 27.9cm(8.5인치 x 11인치), 월간 탭이 있는 2년 월간 달력, 뒷면 포켓",Urneeds,8296,8296,4.6,378.0,"월간 플래너 2024-2025- 월간 플래너는 2024년 1월부터 2025년 12월까지 24개월을 커버하며, 이는 장기 계획을 위한 완벽한 도구입니다. 이 월간 달력의 각 월간 페이지에는 율리우스력 날짜와 특별한 휴일로 표시된 휴일이 포함되어 있습니다. 월간 개요 - 이 2년 월간 플래너는 계획에 적합한 두 페이지 전체를 커버합니다. 동시에, 각 월간 페이지에는 4.1 x 5.8cm(1.6 x 2.3인치) 크기의 큰 일일 블록이 있는 월간 개요가 포함되어 있으며 매월 일일 계획을 위한 충분한 공간을 제공합니다. 2년 월간 플래너에는 3개월 참조 달력(이전, 현재 및 다음 달)이 포함되어 있어 페이지와 메모 섹션을 뒤집지 않고도 날짜가 어느 날에 표시되는지 빠르게 확인할 수 있어 매월 명확하게 정리할 수 있습니다. 기능적인 정리 - 2024-2025 월간 플래너, 2024-2026년 연간 개요 + 2024-2026년 휴일 + 메모 페이지 + 월간 인쇄 탭 24개 + 개인 정보 페이지 + 연락처 페이지 8개 + 중요 페이지 4개, 튼튼한 트윈 와이어 바인딩 + 내부 포켓. 이 모든 것이 2024-2025 월간 캘린더/플래너를 깨끗한 삶을 이끌 수 있는 완벽한 선택입니다. 프리미엄 두꺼운 용지 - 이 월간 캘린더 2024-2025는 밝은 흰색 고품질 종이에 인쇄되어 잉크가 통과하는 것을 방지하고 페더링을 방지하여 부드러운 필기 경험을 제공합니다. 튼튼한 금색 트윈 와이어 바인딩으로 캘린더 페이지를 부드럽게 뒤집고 평평하게 놓을 수 있습니다. 삶을 더 생산적으로 만드세요 - 이 2024 월간 플래너는 삶을 효율적으로 만드는 훌륭한 도구입니다. 이 2년 월간 플래너를 사용하면 매일 모든 일을 명확하게 추적할 수 있습니다. 플래너 2024-2025의 그린과 심플한 커버는 공부/직장/운동 목표를 달성하도록 동기를 부여합니다.",,"['월간', '페이지', '삶', '캘린더', '커버', '휴일', '개요', '달력', '계획']"
사무용품,플래너 및 수첩,플래너,,B0CKNY7G74,"Forvencer 2024년 날짜 없는 주간 플래너, 간체 주간 및 월간 캘린더 플래너, 귀여운 일일 오거나이저 노트, 목표 및 과제를 추적할 수 있는 아젠다 저널, 언제든지 시작, A5 사이즈, 블랙",Forvencer,8296,8296,4.6,303.0,"간단한 레이아웃의 날짜가 없는 플래너: 12개월의 월간 및 주간 페이지가 함께 제공되어 언제든지 일년 내내 새로운 시작을 제공합니다! 이 플래너는 사용하기 쉽도록 단순화된 레이아웃이 특징이며, 일정을 자유롭게 계획할 수 있는 넓은 필기 공간을 제공합니다. 월간 달력 및 주간 플래너: 큰 날짜 상자가 있는 각 월간 스프레드를 사용하면 약속, 의제, 중요한 날짜, 청구서 등을 쉽게 표시할 수 있습니다. 주간 2페이지 스프레드는 더 자세한 계획을 위한 넉넉한 안감 필기 공간을 제공하여 일상 작업을 추적하고 습관이나 기술을 개발할 수 있도록 도와줍니다. 추가 플래너 기능: 이 캘린더 플래너는 목표 설정 및 생각 정리를 위해 연간 목표 및 마인드 맵 페이지로 시작합니다. 또한 특별한 날짜를 기록할 수 있는 휴일 목록, 연락처 페이지 및 생각을 적어 둘 수 있는 추가 메모 페이지가 포함되어 있습니다. 1년 내내 사용할 수 있는 신뢰할 수 있는 품질: 100GSM 두꺼운 용지를 채택하여 쉽게 쓰고 잉크 번짐을 방지합니다. 13.7 x 21.3cm(5.4 x 8.4인치) 크기로 지갑이나 백팩에 넣고 어디에나 휴대할 수 있는 완벽한 크기입니다. 귀여운 플래너에는 내부 포켓, 펜 루프, 리본 책갈피가 있습니다. 하루를 정리하고 집중력을 유지하십시오: 수천 가지 물건이 머리 주위로 윙윙 거릴 때 얼마나 까다로울 수 있습니다! 이 플래너 저널은 확실히 생명의 은인이 되어 일주일 내내 작업에 집중할 수 있도록 도와줍니다. 이 노트를 사용하여 삶을 단순화하고 하루를 정리하여 효율성을 극대화합니다.",,"['주간', '날짜', '페이지', '월간', '정리', '내내', '시작', '작업', '추적', '집중']"
사무용품,플래너 및 수첩,플래너,,B0CC8ZPPSJ,Simplified 2024-2025 월간 플래너 및 캘린더 북 - 아름다운 모던 그린 할 일 목록 노트는 생산성을 높이기 위해 작업을 쉽게 정리합니다 - 2024년 1월부터 2025년 12월까지 실행,ZICOTO,10498,10498,4.7,509.0,"정리 및 매월 기쁨인지 확인하세요: ZICOTO 아름답고 현대적인 녹색 월간 플래너가 시간을 최대한 활용할 수 있도록 도와드립니다! 2024년 1월부터 2025년 12월까지 실행되는 캘린더 및 할 일 목록 노트는 스마트하게 계획하고 시간을 효과적으로 관리할 수 있도록 도와줍니다. 스트레스를 줄이고 더 많은 자유 시간을 즐기세요! 매우 쉬운 유지: 월간 플래너 2024-2025 월간 계획의 단순하고 간단한 월간 보기 덕분에 쉽고 효율적이어서 약속, 생일, 비즈니스 미팅, 어린이 야구 연습 등을 쉽게 추적할 수 있습니다. 자신을 위해 ""나를 위한 시간""을 예약하는 것을 잊지 마세요 생산성을 높이고 월간 목표 달성: 생산성을 높이고 매달 조직의 걸작으로 바꾸는 삶을 변화시키는 해킹입니다! 할 일, 월간 목표 및 작업을 계획하고 모든 중요한 날짜를 적어 마감일이나 이벤트를 잊지 마세요. 개인 메모 및 (동기 부여) 알림을 위한 충분한 공간이 있습니다 사랑스러운 모던 그린 디자인: 월간 캘린더 및 플래너는 뇌의 천재적인 확장일 뿐만 아니라 귀여운 디자인으로 돋보입니다. 우아한 캘리그래피 글꼴과 조화를 이루는 아름답고 현대적인 녹지 그림 - 프리미엄 계획 도구 및 멋진 눈길을 하나로 모아보세요! 매끄러운 계획을 위한 완벽한 사이즈: 24.4 x 18.8cm(9.6 x 7.4인치)의 컴팩트한 크기와 편리한 디자인으로 월간 플래너는 가방에 멋지고 컴팩트하게 들어가므로 항상 모든 정보를 손에 넣을 수 있습니다! 추가 메모, 쇼핑 목록 등을 보관할 수 있는 실용적인 뒷면 포켓도 제공합니다","ZICOTO의 모던 월간 플래너: 한 달 내내 시간 관리 게임을 소유할 시간입니다! 매일, 주 및 월을 세는 것이 그 어느 때보다 쉽고 예뻐집니다. ZICOTO 월간 플래너는 약속, 할 일, 목표, 작업 등을 간단하게 정리할 수 있습니다. 마음이 크게 윙윙 거리는 모든 것들을 잘 파악할 수 있는 멋진 방법입니다. 최고의 시간 관리 및 생산성! 아름다운 월간 플래너는 일상 생활에서 필수적인 도우미입니다. 일정을 깔끔하고 잘 정리하여 스트레스를 줄이고 약속을 놓칠 위험을 줄입니다. 잘 정리된 전투는 절반입니다. 영리한 계획 도구 덕분에 승리를 거둘 수 있습니다! 매월 - 2024년 1월부터 2025년 12월까지 진행됩니다 - 약속을 정리하고 생산성을 향상시키는 4페이지를 제공하며 가장 중요한 것은 더 많은 자유 시간과 모든 것을 성취한 놀라운 느낌을 즐기십시오. 캘린더를 일일 플래너로 사용하고 생일, 비즈니스 미팅, 휴일, 식사 계획을 추가할 수 있는 충분한 공간이 있습니다. 매일, 매주 또는 매월 할 일을 기록하고 의제를 지우세요. 오, 네, 해냈습니다! 플래너는 또한 월간 목표와 월간 작업을 위한 전용 섹션을 제공합니다. 새로운 습관을 구축하고 인생이라고 불리는 게임을 흔들 수 있는 약간의 킥스타터입니다. 여전히 여기서 멈추지 않습니다: 중요한 날짜를 추가할 수 있으며(마감일을 다시는 잊지 못할 것입니다) 개인 메모와 미리 알림을 위한 거의 전체 페이지를 가질 수 있습니다. 추가 메모, 쇼핑 목록, 러브 노트 등을 추가하고 싶다면 플래너가 실용적인 뒷주머니를 제공합니다. 월간 플래너의 사랑스러운 디자인을 이미 확인하셨나요? 얼마나 귀여워요! 그리고 어울리는 우아한 글꼴은 케이크의 아이싱입니다. 아름다운 캘린더와 플래너는 어디에서나 휴대할 수 있는 완벽한 사이즈(24.5 x 18.9cm(9.6 x 7.5인치))로 제공됩니다. 모든 정보 - 항상 가까이에 있습니다! ***모든 디자인은 미국 등록에 의해 보호됩니다. Copyright 2022-2024***","['월간', '계획', '정리', '생산', '디자인', '추가', '캘린더', '아름답다', '목록', '약속']"
사무용품,플래너 및 수첩,플래너,,B09W9FHPSC,"Dunwell 2023 플래너 주간 월간 (21.6 x 27.9cm(8.5 x 11인치), 컬러풀), 2023 대형 플래너 북, 빅 아젠다 21.6 x 27.9cm(8 1/2 x 11인치), 연간 달력 플래너, 월간 탭, 책갈피, 메모, 보너스 포켓, 스티커",Dunwell,30400,30400,4.7,1209.0,"2023 21.6 x 27.9cm(8.5 x 11인치) 플래너 북, 가정이나 사무실에 적합한 나선형 제본, 평평하게 펴짐, 라미네이트 그레이 탭, 포함: 책갈피, 20.3cm(8인치) 뒷면 포켓(레터 사이즈 아님), 스티커. 전문적인 스타일링: 유연한 폴리 커버. 인기 있는 Dunwell 벽 및 책상 캘린더 라인과 유사한 읽기 쉬운 디자인이 매력적입니다. 월별 보기: 매월 탭 개요, 이전 및 다음 달 포함, 메모 블록, 인기 휴일, 연중 요일 카운터. 주간 보기: 7일 (월요일부터 일요일까지), 줄지어 있는 일일 블록, 휴일. 기능 페이지: 연간 개요, 빠른 참조, 연락처, 중요 날짜(예: 생일, 기념일 등. ), 휴일, 미국 시간대 및 주 수도, 노트 9페이지 - 전면 10.2cm(4인치), 뒷면 12.7cm(5인치).",,"['휴일', '탭', '책갈피', '연간', '월간', '블록', '북', '인기', '메모', '주간']"
사무용품,플래너 및 수첩,플래너,,B0CTTYNZB1,"Blue Sky 2024-2025 학년도 주간 및 월간 플래너, 21.6cm x 27.9cm(8.5인치 x 11인치), 유연한 커버, 와이어바인드, 엔터프라이즈(150144)",Blue Sky,16606,16606,4.7,3324.0,"2024년 7월 - 2025년 6월 프로페셔널 데이 플래너는 12개월의 월간 및 주간 페이지가 있어 학업 계획 및 일정을 쉽게 할 수 있습니다. 2개의 추가 월간 페이지(2024년 5월 - 2024년 6월)가 포함되어 있습니다 월간 보기 페이지에는 장기 계획을 위한 이전 및 다음 달 참조 캘린더와 중요한 프로젝트를 위한 메모 섹션이 포함되어 있습니다. 주요 휴일 목록, 경과 및 남은 날짜가 기록되어 있습니다 주간 보기 페이지는 더 자세한 계획을 위한 충분한 줄 지어 쓰기 공간을 제공하여 약속, 미리 알림, 아이디어 및 할 일 목록을 매일 추적할 수 있습니다 연간 캘린더 플래너에는 편리한 휴일 목록, 참조 캘린더, 연락처 페이지 및 추가 메모 페이지가 포함되어 있어 일정 요구 사항을 수용할 수 있습니다. 학생과 교사에게 적합합니다 깨끗한 필기 공간을 위해 고품질 백지에 인쇄되었으며, 전문적인 디자인의 프리미엄 품질의 커버와 일년 내내 지속적으로 사용할 수 있는 내구성 있는 코팅 탭이 있습니다","2024-2025 학년도 엔터프라이즈 컬렉션으로 데스크톱에 전문적인 매력을 더하세요. 이 세련된 주간 및 월간 플래너는 어디를 가든 정리할 수 있습니다. 심플한 페이지 디자인은 세련미를 더하고 중요한 정보를 모두 담을 수 있는 충분한 공간을 제공합니다. 실용성과 사용 편의성을 염두에 두고 설계된 이 학업 의제의 월간 캘린더 탭은 매월 계획에 쉽게 액세스할 수 있으며 주간 보기는 매일 자세히 설명할 수 있는 충분한 필기 공간을 제공합니다. 고품질 백지는 약속, 할 일 및 미리 알림을 적어 둘 수 있는 깨끗한 필기 공간을 제공합니다. 이 날짜가 지정된 학업 플래너를 사용하여 약속을 추적하고 메모와 아이디어를 한 곳에 적어 둘 수 있습니다. 내구성이 뛰어난 코팅 탭 디바이더는 오래 지속되며 정보에 쉽게 접근할 수 있습니다. 프리미엄 품질의 커버와 트윈 와이어 바인딩은 매일 사용할 수 있는 신뢰할 수 있는 내구성을 제공합니다. 2024년 7월 - 2025년 6월의 대형 21.6 x 27.9cm(8.5 x 11인치) 플래너로 학년도 내내 추적하세요. Blue Sky 엔터프라이즈 컬렉션 계획 제품과 믹스 앤 매치하여 일상 생활을 정리하세요. • Blue Sky 는 비즈니스 전문가, 대학생, 교사 또는 메모할 약속이 있는 모든 사람을 위한 바쁜 사람들의 일정 요구 사항에 맞게 현대적이고 정교한 정리 플래너와 캘린더를 만듭니다. 책상 패드 캘린더, 일정 요구 사항을 수용할 수 있는 연락처 및 메모 페이지가 있는 와이어 바운드 주간 및 월간 플래너, 라미네이트 양면 벽 캘린더를 포함한 전체 제품 라인으로 생활을 정리하세요. 이 모든 제품은 라이프 스타일과 성격에 맞는 다양한 색상과 패턴으로 제공됩니다.","['월간', '페이지', '캘린더', '주간', '계획', '공간', '메모', '일정', '정리', '약속']"
사무용품,플래너 및 수첩,플래너,,B091GWWRL8,"날짜 없는 주간 플래너 - 주간 목표 노트, A5 할 일 목록 플래너, 나선형 바인딩이 있는 습관 추적기 저널, 14.5 x 20.3cm(5.7 x 8인치)",KAICN,12451,7880,4.6,4403.0,"52주 날짜 없는 플래너: 주간 목표 및 할 일 목록을 기록하고 우선 순위를 정한 다음 효율성을 극대화하기 위해 매일 작업을 할당하십시오. 일주일을 놓치더라도 죄책감이 없습니다. 심플한 디자인과 완벽한 사이즈: 로즈 골드 코일이 있는 Morandi Blue 두꺼운 커버, 로맨틱하고 부드럽습니다. 14 x 20.3cm(5.7 x 8인치) 건강한 생활 습관 기르기: 날짜 없는 주간 플래너, 주간 목표, 할 일 목록, 일상 업무를 위한 습관 추적기. 매주 건강한 습관을 추적하고 확인란을 시각적 알림으로 사용하세요. 프리미엄 품질: 두껍고 부드러운 백지로 쉽게 쓸 수 있습니다. 저희는 번지지 않는 무거운 중성 종이를 사용합니다. 완벽한 용도: 일상 업무를 위한 주간 플래너, 건강한 생활 습관을 길러주고 모든 것을 추적하세요. 한눈에 보면 집안일의 전반적인 진행 상황을 알 수 있습니다. 계획 시간을 위한 최고의 동반자.",,"['주간', '습관', '추적', '건강하다', '목록', '날짜', '생활', '부드럽다', '업무', '완벽하다']"
사무용품,플래너 및 수첩,플래너,,B0CC91RFYW,Simplified 2024-2025 월간 플래너 및 캘린더 북 - 아름다운 추상 할 일 목록 노트는 생산성을 높이기 위해 작업을 쉽게 정리할 수 있습니다 - 2024년 1월부터 2025년 12월까지 실행,ZICOTO,9182,9182,4.8,422.0,"정리 및 매월 기쁨인지 확인하세요: ZICOTO 아름다운 추상 월간 플래너가 시간을 최대한 활용할 수 있도록 도와드립니다! 2024년 1월부터 2025년 12월까지 실행되는 캘린더 및 할 일 목록 노트는 스마트하게 계획하고 시간을 효과적으로 관리할 수 있도록 도와줍니다. 스트레스를 줄이고 더 많은 자유 시간을 즐기세요! 매우 쉬운 유지: 월간 플래너 2024-2025 월간 계획의 단순하고 간단한 월간 보기 덕분에 쉽고 효율적이어서 약속, 생일, 비즈니스 미팅, 어린이 야구 연습 등을 쉽게 추적할 수 있습니다. 자신을 위해 ""나를 위한 시간""을 예약하는 것을 잊지 마세요 생산성을 높이고 월간 목표 달성: 생산성을 높이고 매달 조직의 걸작으로 바꾸는 삶을 변화시키는 해킹입니다! 할 일, 월간 목표 및 작업을 계획하고 모든 중요한 날짜를 적어 마감일이나 이벤트를 잊지 마세요. 개인 메모 및 (동기 부여) 알림을 위한 충분한 공간이 있습니다 사랑스러운 추상 디자인: 월간 캘린더 및 플래너는 뇌의 천재적인 확장일 뿐만 아니라 귀여운 디자인으로 돋보입니다. 우아한 캘리그래피 글꼴과 조화를 이루는 아름다운 추상 그림 - 프리미엄 계획 도구와 멋진 눈길을 하나로 모아보세요! 매끄러운 계획을 위한 완벽한 사이즈: 24.4 x 18.8cm(9.6 x 7.4인치)의 컴팩트한 크기와 편리한 디자인으로 월간 플래너는 가방에 멋지고 컴팩트하게 들어가므로 항상 모든 정보를 손에 넣을 수 있습니다! 추가 메모, 쇼핑 목록 등을 보관할 수 있는 실용적인 뒷면 포켓도 제공합니다","ZICOTO의 모던 월간 플래너: 한 달 내내 시간 관리 게임을 소유할 시간입니다! 매일, 주 및 월을 세는 것이 그 어느 때보다 쉽고 예뻐집니다. ZICOTO 월간 플래너는 약속, 할 일, 목표, 작업 등을 간단하게 정리할 수 있습니다. 마음이 크게 윙윙 거리는 모든 것들을 잘 파악할 수 있는 멋진 방법입니다. 최고의 시간 관리 및 생산성! 아름다운 월간 플래너는 일상 생활에서 필수적인 도우미입니다. 일정을 깔끔하고 잘 정리하여 스트레스를 줄이고 약속을 놓칠 위험을 줄입니다. 잘 정리된 전투는 절반입니다. 영리한 계획 도구 덕분에 승리를 거둘 수 있습니다! 매월 - 2024년 1월부터 2025년 12월까지 진행됩니다 - 약속을 정리하고 생산성을 향상시키는 4페이지를 제공하며 가장 중요한 것은 더 많은 자유 시간과 모든 것을 성취한 놀라운 느낌을 즐기십시오. 캘린더를 일일 플래너로 사용하고 생일, 비즈니스 미팅, 휴일, 식사 계획을 추가할 수 있는 충분한 공간이 있습니다. 매일, 매주 또는 매월 할 일을 기록하고 의제를 지우세요. 오, 네, 해냈습니다! 플래너는 또한 월간 목표와 월간 작업을 위한 전용 섹션을 제공합니다. 새로운 습관을 구축하고 인생이라고 불리는 게임을 흔들 수 있는 약간의 킥스타터입니다. 여전히 여기서 멈추지 않습니다: 중요한 날짜를 추가할 수 있으며(마감일을 다시는 잊지 못할 것입니다) 개인 메모와 미리 알림을 위한 거의 전체 페이지를 가질 수 있습니다. 추가 메모, 쇼핑 목록, 러브 노트 등을 추가하고 싶다면 플래너가 실용적인 뒷주머니를 제공합니다. 월간 플래너의 사랑스러운 디자인을 이미 확인하셨나요? 얼마나 귀여워요! 그리고 어울리는 우아한 글꼴은 케이크의 아이싱입니다. 아름다운 캘린더와 플래너는 어디에서나 휴대할 수 있는 완벽한 사이즈(24.5 x 18.9cm(9.6 x 7.5인치))로 제공됩니다. 모든 정보 - 항상 가까이에 있습니다! ***모든 디자인은 미국 등록에 의해 보호됩니다. Copyright 2022-2024***","['월간', '계획', '정리', '아름답다', '디자인', '추가', '생산', '캘린더', '추상', '메모']"
사무용품,플래너 및 수첩,플래너,,B09W9GP95X,"CRANBURY 2024-2025 플래너 북 (21.6 x 27.9cm(8.5 x 11인치), 꽃무늬), 2024년 7월-2025년 6월 대형 주간 일일 플래너, 2024-25 달력 노트, 20.3x27.9cm(8x11인치) 아젠다, 월간 탭 포함, 스티커",CRANBURY,34555,34555,4.7,1078.0,"2024-2025 학년도 플래너 북, 21.6x27.9cm(8.5x11인치), 2024년 7월부터 2025년 6월까지 사용. 아름다운 꽃무늬 디자인 월간 플래너, 주간 플래너, 연간 플래너 24 25. 추가 제품에는 라미네이트 책갈피, 스티커가 포함됩니다. 월간 조회수: 매월 색인을 생성하는 라미네이트 탭, 2페이지 월 레이아웃은 다음을 포함합니다: 이전 및 다음 달, 메모 섹션, 인기 휴일, 연중 일 카운터. 주간 조회수: 7일 (월요일 ~ 일요일), 줄 지어 있는 일일 블록, 휴일. 이전, 현재 및 다음 달 참조. 크기: 커버: 21.6cm x 27.9cm. 페이지: 8 x 10-7/8 인치. 수납 포켓 너비: 20.3cm (레터 사이즈 용지는 아님). 잉크 번짐을 방지하기 위해 고품질 종이로 제작되었으며, 내구성이 뛰어난 중성 폴리 커버. 특징 페이지: 메모용 15페이지, 연간 개요, 중요 날짜, 휴일, 빠른 참조, 연락처, 미국 시간대 및 주 수도가 있는 편리한 지도.",,"['페이지', '휴일', '주간', '월간', '메모', '참조', '연간', '회수', '이전', '북']"
사무용품,플래너 및 수첩,플래너,,B0CM5LJLHX,"2024-2026 월간 플래너/달력 - 월간 플래너 2024-2026년 7월 - 2026년 6월, 유연한 커버가 있는 학술 플래너, 월간 탭, 나선형 바인딩, 백 포켓, 일일 오거나이저, 블랙",Tersus,6911,6911,4.6,445.0,"👍2024-2026 전문 플래너 - 2024년 7월부터 2026년 6월까지 커버하세요. 24개월의 월간 페이지가 특징이며, 추가 연간 개요 및 휴일 페이지와 24개월 탭이 포함되어 있으며 모든 계획 및 일정 요구 사항을 충족하는 Lay-flat 기능이 있으며 치수는 22.9 x 27.9cm(9 x 11인치)입니다. 💎월 계획 - 각 날짜 상자에는 충분한 필기 공간이 있으며 이전 및 다음 달의 참조, 인기 있는 휴일이 있는 줄 지어 있는 일일 블록, 쉬운 장기 프로젝트 및 약속 일정을 위한 율리우스 날짜가 포함되어 있습니다. 오른쪽의 노트 섹션에는 월간 아이디어, 생각 등을 적어 둘 수 있습니다. 잉크 번짐 방지 두꺼운 용지 - 잉크 번짐을 방지하기 위해 프리미엄 고중량 종이로 제작되었습니다. 22.9 x 27.9cm(9 x 11인치) 사이즈는 정리 및 일정을 위한 충분한 공간을 제공합니다. 튼튼한 노트북은 배낭, 서류 가방 및 자동차 안팎에서 자주 옮기는 것을 견딜 수 있습니다. 특수 - 22.9 x 27.9cm(9 x 11인치) 계획 페이지 | 두꺼운 용지 | 유연한 커버 | 연락처 | 빠른 참조 정보 | 연간 개요 | 참조 캘린더 | 휴일 | 월간 탭 | 강력한 트윈 와이어 바인딩 | 내부 포켓 추가 기능 - 월간 플래너에는 2024-2026년 달력, 2024-2026년 전체 학년도 일정, 휴일 목록, 연락처 페이지, 메모 페이지, 중요한 날짜가 포함되어 있습니다. 월간 탭은 탐색을 단순화하고 플래너의 미학에 세련되고 재미있는 요소를 더합니다.",,"['월간', '페이지', '휴일', '탭', '일정', '계획', '참조', '날짜', '커버', '유연하다']"
사무용품,플래너 및 수첩,플래너,,B0BZVQJ854,"SUNEE 17개월 학업 플래너 2024-2025 주간 및 월간 - 2024년 8월 - 2025년 12월, 21.6 x 27.9cm(8.5 x 11인치) 학년도 일일 플래너, 월간 탭, 유연한 커버, 노트 페이지, 포켓, 책갈피, 블랙",SUNEE,24916,19930,4.7,499.0,"2024-2025 프로페셔널 플래너 - 2024년 8월부터 2025년 12월까지 커버되며, 17개월의 주간 및 월간 페이지, 3개의 추가 월간 페이지(2024년 5월 - 2024년 7월)가 포함되어 있으며, Lay-flat 기능과 크기는 21.6cm x 27.9cm(8.5인치 x 11인치)입니다. 월간 보기 - 각 날짜 상자는 충분한 필기 공간을 제공하며 이전 및 다음 달의 참조, 인기 있는 휴일이 있는 줄이 있는 일일 블록, 쉬운 장기 프로젝트 및 약속 일정을 위한 율리우스 날짜가 포함되어 있습니다. 주간 보기 - 월요일부터 일요일까지 2페이지의 주간 스프레드는 인기 있는 휴일 및 3개월 참조 미리보기와 함께 넉넉한 안감 필기 공간을 제공하여 약속, 메모 및 일일 작업 관리가 쉽습니다. 잉크 번짐 방지 두꺼운 용지 - 잉크 번짐을 방지하기 위해 프리미엄 고중량 종이로 제작되었습니다. 21.6 x 27.9cm(8.5 x 11인치) 사이즈는 정리 및 일정을 위한 충분한 공간을 제공합니다. 튼튼한 노트북은 배낭, 서류 가방 및 자동차 안팎에서 자주 옮기는 것을 견딜 수 있습니다. 추가 기능 - 주간 플래너에는 2024-2026년 달력, 2024년 학년도 일정, 휴일 목록, 연락처 페이지, 메모 페이지, 중요한 날짜 및 미국 시간대 지도가 포함되어 있습니다. 레인보우 월간 탭은 탐색을 단순화하고 플래너의 미학에 세련되고 장난기 넘치는 요소를 더합니다.",,"['월간', '페이지', '주간', '휴일', '공간', '일일', '날짜', '일정', '추가', '인기']"
사무용품,플래너 및 수첩,플래너,,B0CLNV9FMB,Simplified 2024-2025 월간 플래너 및 캘린더 북 - 아름다운 아치형 할 일 목록 노트는 생산성을 높이기 위해 작업을 쉽게 정리할 수 있습니다 - 2024년 1월부터 2025년 12월까지 실행,ZICOTO,7880,7880,4.8,253.0,"정리 및 매달 기쁨인지 확인하세요: ZICOTO 아치 디자인의 아름답고 현대적인 월간 플래너가 시간을 최대한 활용할 수 있도록 도와드립니다! 2024년 1월부터 2025년 12월까지 실행되는 캘린더 및 할 일 목록 노트는 스마트하게 계획하고 시간을 효과적으로 관리할 수 있도록 도와줍니다. 스트레스를 줄이고 더 많은 자유 시간을 즐기세요! 매우 쉬운 유지: 월간 플래너 2024-2025 월간 계획의 단순하고 간단한 월간 보기 덕분에 쉽고 효율적이어서 약속, 생일, 비즈니스 미팅, 어린이 야구 연습 등을 쉽게 추적할 수 있습니다. 자신을 위해 ""나를 위한 시간""을 예약하는 것을 잊지 마세요 생산성을 높이고 월간 목표 달성: 생산성을 높이고 매달 조직의 걸작으로 바꾸는 삶을 변화시키는 해킹입니다! 할 일, 월간 목표 및 작업을 계획하고 모든 중요한 날짜를 적어 마감일이나 이벤트를 잊지 마세요. 개인 메모 및 (동기 부여) 알림을 위한 충분한 공간이 있습니다 사랑스러운 모던 아치 디자인: 월간 캘린더 및 플래너는 뇌의 천재적인 확장일 뿐만 아니라 귀여운 디자인으로 돋보입니다. 깔끔한 글꼴과 조화를 이루는 아름답고 현대적인 그림 - 프리미엄 계획 도구 및 멋진 눈길을 사로잡습니다! 매끄러운 계획을 위한 완벽한 사이즈: 24.4 x 18.8cm(9.6 x 7.4인치)의 컴팩트한 크기와 편리한 디자인으로 월간 플래너는 가방에 멋지고 컴팩트하게 들어가므로 항상 모든 정보를 손에 넣을 수 있습니다! 추가 메모, 쇼핑 목록 등을 보관할 수 있는 실용적인 뒷면 포켓도 제공합니다","ZICOTO의 모던 아치 디자인 월간 플래너: 한 달 내내 시간 관리 게임을 소유할 시간입니다! 매일, 주 및 월을 세는 것이 그 어느 때보다 쉽고 예뻐집니다. ZICOTO 월간 플래너는 약속, 할 일, 목표, 작업 등을 간단하게 정리할 수 있습니다. 마음이 크게 윙윙 거리는 모든 것들을 잘 파악할 수 있는 멋진 방법입니다. 최고의 시간 관리 및 생산성! 아름다운 월간 플래너는 일상 생활에서 필수적인 도우미입니다. 일정을 깔끔하고 잘 정리하여 스트레스를 줄이고 약속을 놓칠 위험을 줄입니다. 잘 정리된 전투는 절반입니다. 영리한 계획 도구 덕분에 승리를 거둘 수 있습니다! 매월 - 2024년 1월부터 2025년 12월까지 진행됩니다 - 약속을 정리하고 생산성을 향상시키는 4페이지를 제공하며 가장 중요한 것은 더 많은 자유 시간과 모든 것을 성취한 놀라운 느낌을 즐기십시오. 캘린더를 일일 플래너로 사용하고 생일, 비즈니스 미팅, 휴일, 식사 계획을 추가할 수 있는 충분한 공간이 있습니다. 매일, 매주 또는 매월 할 일을 기록하고 의제를 지우세요. 오, 네, 해냈습니다! 플래너는 또한 월간 목표와 월간 작업을 위한 전용 섹션을 제공합니다. 새로운 습관을 구축하고 인생이라고 불리는 게임을 흔들 수 있는 약간의 킥스타터입니다. 여전히 여기서 멈추지 않습니다: 중요한 날짜를 추가할 수 있으며(마감일을 다시는 잊지 못할 것입니다) 개인 메모와 미리 알림을 위한 거의 전체 페이지를 가질 수 있습니다. 추가 메모, 쇼핑 목록, 러브 노트 등을 추가하고 싶다면 플래너가 실용적인 뒷주머니를 제공합니다. 아름다운 캘린더와 플래너는 어디에서나 휴대할 수 있는 완벽한 사이즈(24.5 x 18.9cm(9.6 x 7.5인치))로 제공됩니다. 모든 정보 - 항상 가까이에 있습니다!","['월간', '계획', '정리', '생산', '디자인', '추가', '캘린더', '아름답다', '목록', '약속']"
사무용품,플래너 및 수첩,플래너,,B0C8MHW4RW,"2024-2025 월간 플래너 - 2년 월간 플래너/달력 2024-2025년 1월 - 2025년 12월, 27.9 x 22.9cm(11 x 9인치), 월간 플래너 24개, 탭, 뒷면 포켓, 휴일, 두꺼운 종이, 트윈 와이어 바인딩, 노트 페이지",Indeme,11703,11703,4.6,572.0,"2024-2025 월간 플래너 - 월간 플래너 2024-2025, 2024년 1월 - 2025년 12월, 율리우스 날짜와 공휴일이 표시된 24개월 월간 페이지가 특징입니다. 이 플래너의 매월 두 페이지를 커버하여 장기 계획에 적합합니다. 월간 개요 - 오픈 스케줄링을 위한 줄이 없는 일일 블록(4.7cm x 4.8cm(1.8 x 1.9인치))과 자발적이고 중요한 항목에 대한 메모 섹션. 월간 페이지에는 과거, 현재 및 미래의 월간 참조도 있습니다. 또한, 강조된 휴일과 율리우스 날짜는 삶을 더 잘 정리하는 데 도움이 됩니다. 독특한 디자인 - 내구성이 뛰어나고 강한 트윈 와이어 디자인으로 플래너를 360° 뒤집고 평평하게 놓을 수 있어 효율적인 필기를 할 수 있습니다. 또한 월간 탭을 사용하면 일정을 빠르게 추적하고 배치할 수 있습니다. 또한, 뒷면 포켓에는 카드, 편지, 문서 등과 같은 흩어져 있는 물건을 보관할 수 있습니다. Specialties - 27.9cm x 22.9cm(11인치 x 9인치) 월간 캘린더 플래너 페이지 | 연락처 페이지 8개 | 비밀번호 페이지 4개 | 노트 섹션 | 2024-2026년 연간 개요 | 2024-2026년 휴일 | 노트 페이지 | 영감을 주는 인용문 | 참조 캘린더 | 월간 탭 | 양면 포켓 | 유연한 커버 커버 잉크 누출 방지 - 이 월간 플래너 2024-2025의 용지는 일반 플래너보다 두껍기 때문에 이 플래너는 열광적인 작품을 견딜 수 있어 잉크 침투, 마모 및 음영 제거 문제를 줄입니다. 또한, 당사는 중성 생산을 위해 환경 친화적인 원료를 사용합니다.",,"['월간', '페이지', '휴일', '포켓', '탭', '노트', '커버', '와이어', '율리우스', '날짜']"
사무용품,플래너 및 수첩,플래너,,B0CCJ7VWNM,"JUBTIC 2023-2024 -2025용 날짜 없는 월간 플래너, 달력 포함, 여성용 30개월 할 일 목록 노트, 하드커버 약속 책, 학업 플래너는 금박 글자로 생산성을 높이기 위해 작업을 정리합니다, 비건 가죽 커버 핑크, 17.8 x 25.4cm(7 x 10인치)",JUBTIC,9944,9944,4.7,99.0,"✓ 30 - 월 월간 달력: 월간 오거나이저는 30개월 계획에 사용할 수 있으며 장기 일정에 적합합니다. 삶에 대한 비전을 만들고 생산성을 높이고, 단기 및 장기 목표를 각 월간 의제에 통합하여 스트레스를 줄이고 더 많은 자유 시간을 즐기십시오! ✓ 매월 4페이지: 매월 4페이지는 더 자세한 계획을 위한 충분한 줄 지어 쓰기 공간을 제공합니다. 월초에 미리 계획할 수 있는 빈 달력이 있는 2페이지, 월간 2페이지에는 월간 목표, 할 일 목록, 리뷰, 작업, 집중, 약속 및 중요한 프로젝트를 위한 메모 섹션이 포함되어 있습니다. 중요한 마감일, 주요 이벤트를 추적하고 한 달 일정을 한 눈에 볼 수 있습니다. ✓ 실용적이고 아름다운 디자인: 이 하드커버 연도 플래너 커버는 프리미엄 골드 포일 비건 가죽으로 만들어졌으며 적당한 사이즈, 17.8cm x 25.4cm(7 x 10인치), 사무실과 가정에 적합합니다. 책갈피 리본이 함께 제공되어 원하는 페이지를 표시할 수 있습니다. 펜 홀더 1개, 느슨한 물건을 위한 뒷면 포켓 1개, 로즈 골드가 있는 다채로운 스티커 2장은 월간 대패 2023-2024를 개인화하는 데 도움이 되며 나선형 바인딩으로 월간 플래너 2024를 360° 평평하게 놓을 수 있습니다. ✓ 날짜가 없는 독특한 레이아웃 및 독특한 레이아웃 - 대부분의 날짜가 지정된 플래너와 달리, 저희 플래너는 날짜가 기재되어 있어 페이지를 낭비하지 않고 일년 중 언제든지 사용할 수 있습니다. 연간 캘린더 플래너에는 개인 정보 페이지, 캘린더 1개, 연락처 페이지, 비밀번호 페이지, 중요한 날짜 페이지 및 추가 메모 페이지가 포함되어 있어 아이디어, 생각을 적고 일정 요구 사항을 수용할 수 있습니다. 학생과 교사에게 적합합니다. ✓ FSC 두꺼운 용지 & 100% 만족 보장. – 월간 플래너는 고품질 환경 용지로 만들어져 일반 용지보다 부드럽고 두꺼우며 잉크 저항성이 뛰어납니다. 눈을 보호하고 좋은 필기 경험을 선사합니다. 계획 노트에 만족하지 않으시면 언제든지 100% 만족 보장으로 전액을 환불해 드립니다.",,"['페이지', '월간', '날짜', '계획', '일정', '달력', '중요하다', '용지']"
사무용품,플래너 및 수첩,플래너,,B09PQMXBXT,"일일 플래너 날짜 없음, 할 일 목록 노트, 시간별 일정 달력 식사 포함, 남성/여성용 나선형 약속 오거나이저 노트, 포켓, 펜 루프, 160페이지 (17.8 x 25.4cm(7 x 10인치))",Regolden-Book,19376,11066,4.5,3494.0,"삶을 생산적으로 만듭니다 - 이 일일 플래너는 모든 요구 사항을 충족하는 데 중점을 둡니다. 일정, 우선 순위, 할 일 목록, 약속 및 회의를 위한 공간이 포함되어 있으며 일일 보기로 일정을 명확하게 추적합니다. 일일 페이지에서 우선 순위를 차단하고 자발적이고 중요한 이벤트에 대한 메모 열을 표시합니다. 시간을 효과적으로 관리하세요. 업데이트된 일일 플래너 - 날짜가 표시되지 않은 160페이지의 일일 계획 페이지를 사용하면 중단한 부분부터 바로 선택할 수 있습니다. 채울 불필요한 섹션이 없으며 날짜나 페이지를 건너뛸 필요가 없습니다. 일일 플래너는 편리하게 날짜가 지정되어 있어 2024년, 2025년 또는 2050년에도 계획을 세울 수 있습니다! 기능적인 디자인 - 노트북에는 내부 포켓과 펜 루프가 있습니다. 유연한 커버와 트윈 와이어 바인딩, 클래식하고 세련된 외관 조합. 120gsm 프리미엄 두꺼운 용지는 잉크 번짐을 줄이고 마모 및 음영 문제를 제거합니다. 더 나은 필기 경험을 제공합니다. 인기 있는 완벽한 사이즈 - 이 일일 플래너의 크기는 160페이지에 대해 17.8 x 25.4cm(7 x 10인치)이며 일정 및 약속에 충분히 큽니다. 직장, 가정, 학교 및 여행을 위한 완벽한 휴대용 주간 플래너 저널은 완벽한 선물입니다. 고품질 및 서비스 - 품질 문제가 있거나 어떤 이유로든 저희 제품에 완전히 만족하지 못하는 경우 최대한 빨리 제품을 교환하거나 환불해 드립니다. 간편한 환불을 위해 아마존 메시지를 통해 당사에 연락하기만 하면 됩니다.",,"['일일', '페이지', '날짜', '일정', '완벽하다', '약속', '문제', '표시', '포켓', '펜']"
사무용품,플래너 및 수첩,플래너,,B0CM9839RD,"포켓 플래너/달력 2024-2027 - 월간 포켓 플래너, 2024년 7월 - 2027년 6월, 9.7cm x 16.3cm(3.8 x 6.4인치), 내부 포켓이 있는 3년 월간 플래너 - Gery",Artfan,5526,5526,4.7,980.0,"2024-2027 포켓 캘린더 - 월간 포켓 플래너 7월. 2024 - 6월. 2027년, 36개월의 월간 페이지와 휴일 표시가 특징입니다. 이 2024-2026 월간 달력의 연방 공휴일이 강조 표시됩니다. 전문적인 콘텐츠 디자인 - 책갈피 2개 + 펜 홀더 + 카드를 보관할 수 있는 뒷면 포켓 + 둥근 아크 모서리는 손을 자르지 않습니다 + 플래너를 안전하게 닫을 수 있는 신축성 있는 클로저. 향상된 정리 - 과거 및 미래 월간 참조 + 월간 페이지의 메모 열 + 2024-2027 캘린더 개요 + 2024-2027 휴일 페이지 + 연락처 페이지 4개 + 노트 페이지 60개. 기능성 & 스타일리시 - 오픈 스케줄링, 수직 형식을 위한 줄이 없는 일일 블록. 레이 페이지 플랫 디자인 + 화려한 골든 프린트 및 방수 하드커버 가죽 커버 디자인 + 백팩에 쉽게 넣을 수 있는 경량 디자인으로 어디를 가든 휴대가 간편합니다. 쉬운 사용 - 언제든지 2024-2026 포켓 플래너로 일과 삶을 관리하세요! 포켓 플래너에 모든 것을 정리하면 생산성을 높일 수 있습니다.",,"['포켓', '월간', '페이지', '디자인', '휴일', '표시', '정리', '캘린더', '달력']"
사무용품,플래너 및 수첩,플래너,,B07HNQC9TT,월간 플래너 2024년 7월 - 2026년 6월 사무실 캘린더 플래너 - 22.9 x 27.9cm(9 x 11인치) 교사 플래너 나선형 바운드 하드 PVC 커버,TREES,13836,12035,4.7,7074.0,"참고 : 일일 플래너는 2024년 7월 -- 2026년 6월부터 시작됩니다. 계획 24개월 두꺼운 용지와 쉬운 디자인 - 종이 시트는 마커가 번지는 것을 방지합니다. 각 페이지에는 모든 달 동안 미니 캘린더가 있습니다. 매일, 매주 및 매월 메모를 작성할 수 있는 쉬운 디자인을 선택하여 모든 일정을 쉽고 명확하게 볼 수 있습니다. 달력 부분이 있고 그 달의 날짜를 기록할 수 있는 장소가 있습니다. 간단하지만 일 년 내내 사용할 수 있습니다 플래너 2024-2026의 각 사각형은 4.9cm x 4.5cm(1.9인치 x 1.75인치)이며 쓸 수 있는 충분한 공간을 확보할 수 있습니다 튼튼한 커버 - PVC 커버, 경량, 내구성 및 방수 기능으로 내부의 모든 시트를 잘 보호할 수 있습니다 플래너는 과학적으로 설계된 월간 플래너로, 통제력을 되찾고 행복을 되찾고 모든 면에서 번성할 수 있도록 도와줍니다",,"['커버', '캘린더', '디자인', '쉽다', '시트', '월간', '확보', '내부', '미니', '명확하다']"
사무용품,플래너 및 수첩,플래너,,B09V4D4QM4,JUBTIC 날짜 없는 플래너 주간 및 월간 생산성 일일 플래너 아젠다 캘린더 할 일 목록 노트 A5 정리 저널 스티커 약속 책 시간 관리 2024-2025용 (핑크),JUBTIC,11066,11066,4.5,439.0,"날짜가 지정된 플래너 & 언제든지 시작: 2024년 7월-2025년 6월, 1월-12월 등에 잠겨 있는 다른 학술 플래너와 달리. JUBTIC 플래너(12개월)는 날짜가 표시되어 있어 공간을 낭비하지 않고 일년 중 언제든지 사용할 수 있습니다. 정리된 상태를 유지하고 생산성을 향상시키고 습관을 추적하며 목표를 달성하기 쉽습니다. 목표 달성 및 생산성 향상: 바쁜 전문가이든 일상 생활이 엉망인 사람이든 상관 없습니다. 실제 일과 삶의 균형을 이루기 위해 이 의제 저널에 실망하지 않으실 것입니다. 명확한 비전으로 삶에 영감을 주고, 단기 및 장기 목표를 월별, 주간 및 일일 의제로 분류하세요. 이 목표 지향적인 플래너를 사용하면 목표를 쉽게 달성하고 행복하고 건강하며 성공할 수 있습니다. 월간 및 주간 검토 커버: 이 맞춤형 생산성 플래너는 월간 및 주간 스프레드로 개발되었습니다. 감사, 자기 인식 및 일상 의식, 비전 보드에서 올해의 삶과 주요 목표를 묘사합니다. 일일 의식을 추적할 수 있는 53+1주 페이지로, 습관, 주의 우선 순위, 할 일 목록, 주의 주요 목표 및 주간 승리 검토 및 다음 주 개선 방법에 대한 섹션도 있습니다. 개인 디자인: JUBTIC 플래너는 여성과 남성을 위한 모든 플래너 및 오거나이저의 생산성을 위한 프리미엄 품질의 데일리 저널입니다. A5 사이즈 저널은 하드커버 비건 가죽 커버, 플래너를 보호하기 위한 신축성 있는 클로저, 특정 페이지를 북마크할 수 있는 리본 3개, 뒷면 포켓에 보너스 플래너 스틱 4개로 만들어져 정리와 삶의 생산성을 높이는 데 도움이 됩니다. 및 반품: JUBTIC 생산성 플래너는 품질 문제가 있거나 플래너에 완전히 만족하지 못하는 경우 아마존을 통해 문의하시면 즉시 문제를 해결해 드리겠습니다.",,"['생산', '주간', '삶', '월간', '일일', '날짜', '정리', '향상', '주의', '습관']"
사무용품,플래너 및 수첩,플래너,,B0CHJVFPVW,"2024 플래너 - 2024년 1월 주간 및 월간 플래너, 2024년 12월 일일 플래너 노트, 월간 탭 12개, 나선형 트윈 와이어 바인딩, 16 x 21.3cm(6.3 x 8.4인치), 블랙",PIOOJK,8296,8296,4.4,30.0,"2024 플래너 - 이 플래너 노트에는 2024년 1월부터 2024년 12월까지의 주간 및 월간 계획 페이지가 포함되어 있습니다. 이 연도 플래너는 16cm x 21.3cm(6.3인치 x 8.4인치) 크기로 휴대가 간편합니다. 약속, 마감일, 생일, 일정, 학업 및 기타 중요한 항목을 계획하는 데 적합하며 중요한 이벤트를 놓치지 않습니다. 월간 계획 - 달력의 각 월간 페이지에는 월간 개요, 휴일, 과거 및 미래 달에 대한 참조 캘린더, 오른쪽에 개인적인 생각과 알림을 위한 메모 섹션이 포함되어 있습니다. 월간 캘린더 페이지는 약속, 이벤트, 알림 및 메모를 기록할 수 있는 충분한 공간을 제공합니다. 주간 계획 - 주간 페이지는 더 자세한 주간 계획을 위한 충분한 쓰기 공간을 제공합니다. 가장 중요한 작업을 상기시키기 위해 각 주간 페이지 상단에 최우선 순위가 나열되어 있습니다. 중요한 날짜를 알려주기 위해 휴일이 표시됩니다. 미리 계획하여 주간 약속, 미리 알림, 아이디어, 일정 및 할 일 목록을 추적할 수 있습니다. 프리미엄 소재 - 2024년 주간 및 월간 학년도 플래너는 프리미엄 두꺼운 종이로 만들어져 부드럽게 쓰고 잉크가 번지는 것을 방지합니다. 이 플래너는 프리미엄 방수 PVC 커버와 12개의 월간 탭이 특징입니다. 2024 플래너 저널은 학습과 작업을 위한 훌륭한 동반자입니다. 특징 - 이 2024 플래너 노트에는 2024-2025년 연간 개요, 개인 정보 페이지, 2024-2025년 휴일, 빠른 참조 정보, 율리우스력 날짜 및 연락처 페이지와 12개의 월간 인덱스 탭이 포함되어 있습니다. 이 플래너는 일정 요구 사항을 충족하며 학생, 교사, 여성, 남성 및 직장 및 가정 생활을 계획하려는 모든 사람에게 적합합니다.",,"['월간', '주간', '계획', '페이지', '중요하다', '알림', '약속', '일정', '노트', '탭']"
사무용품,플래너 및 수첩,플래너,,B0CRJYDVYG,"POPRUN Planner 2024-2025 (16.5 x 21.6cm(6.5 x 8.5인치)) 학업 캘린더 노트 (2024년 7월 - 2025년 6월) 시간 관리를 위한 주간 및 월간 오거나이저, 가죽 커버, 월간 탭, 내부 포켓 - 브라운",POPRUN,25470,25470,4.8,34.0,"►2024년 7월 - 2025년 6월 아카데믹 플래너 - 사이즈는 16.5cm x 21.6cm(6.5인치 x 8.5인치)로 넓은 필기 공간을 허용합니다. 학생들이 학교 일정을 추적할 수 있도록 완벽하게 제작되었습니다. 💡►효율적인 주간 레이아웃 - 수평 주간 레이아웃은 매주 노트 페이지를 포함하여 매주 2페이지를 제공하여 자세한 계획을 위한 충분한 공간을 보장합니다. 또한 각 월간 레이아웃에는 해당 월의 개요와 전용 노트 섹션이 포함되어 있습니다. ►보너스 기능: 편리한 월간 탭과 떼어낼 수 있는 모서리로 빠르게 탐색하고 현재 날짜를 쉽게 찾을 수 있습니다. 중요한 페이지를 표시하기 위해 책갈피 리본이 포함되어 있어 쉽게 탐색할 수 있습니다. 추가 기능 페이지 - 이 2024년 주간 플래너에는 ""2024-2025 휴일 및 캘린더"" 페이지 + ""2024-2025년 플래너"" 페이지 + 월간 비용 페이지+ ""생일 및 중요 날짜"" 페이지 + 6개의 점선 메모 페이지 + 연락처 및 비밀번호 페이지가 포함되어 있어 녹화를 위한 공간을 제공합니다. 중요한 정보 및 중요한 정보와 ation. 고품질 및 친환경 - 지속 가능한 숲의 생태학적 FSC 100GSM 두꺼운 종이를 사용하면 실크처럼 매끄럽고 잉크에 강하여 환경 영향을 줄이면서 내구성을 보장합니다.",,"['페이지', '월간', '주간', '공간', '레이아웃', '노트', '중요하다', '날짜', '탭', '탐색']"
사무용품,플래너 및 수첩,플래너,,B08RJG18J7,"2024 플래너, 월간 탭이 있는 주간 및 월간 플래너, 16.5 x 21.6cm(6.5 x 8.5인치), 2024년 1월-12월 와이어 바인딩 캘린더 플래너 학교 달력 노트 (A5, 오렌지)",Veiai,5124,5124,4.6,790.0,"2024 플래너: 주간 및 월간 페이지의 2024년 1월부터 2024년 12월까지 이 2023 플래너는 삶을 정리하고 시간 관리 기술을 향상시켜 작업 프로젝트와 개인 목표를 추적하는 작업 전문가가 될 수 있도록 도와줍니다. 2024 플래너의 크기는 16.5 x 21.6cm(6.5 x 8.5인치)입니다. 빠른 참조 정보를 위한 1페이지와 비상 연락처를 기록할 수 있는 2개의 연락처 페이지가 있습니다. 플래너 노트에는 70장/140페이지가 포함되어 있습니다. 월간 관리: 월간 보기 페이지에는 장기 계획을 위한 이전 및 다음 달 참조 캘린더와 중요한 프로젝트를 위한 메모 섹션이 포함되어 있습니다. 주요 휴일이 나열되어 있습니다. 매주 가이드: 주간 보기 페이지는 더 자세한 계획을 위한 충분한 줄 지어 쓰기 공간을 제공하여 약속, 할 일, 알림 및 아이디어를 추적할 수 있습니다. 업그레이드: 월요일에 시작되며 평일에 예약할 수 있는 더 많은 공간을 제공합니다. 어린이, 학생, 교사, 성인이 일상적인 약속, 일일 검토 및 작업 일정을 정리하는 데 도움이 될 것입니다. 간단하지만 기능적인 생활 정리함이 될 것입니다.",,"['페이지', '월간', '정리', '작업', '주간', '관리', '노트', '약속', '참조', '추적']"
사무용품,플래너 및 수첩,플래너,,B0BFHN7C8R,"주간 플래너 메모장 날짜 없는 주간 목표 일정 플래너, 할 일 목록 노트 계획 패드, 달력 오거나이저, 습관 추적기 저널, 남성 및 여성용, 52주 (21.6 x 27.9cm(8.5 x 11인치))",Regolden-Book,8850,8850,4.8,975.0,"삶을 생산적으로 만듭니다 - 이 주간 플래너 메모장은 모든 요구 사항을 충족하는 데 중점을 둡니다. 주간 플래너 메모장에는 할 일 목록, 약속 및 회의를 작성하고 주간 보기로 하루 종일 명확하게 추적할 수 있는 공간이 포함되어 있습니다. 주간 페이지에서 우선 순위를 차단하고 자발적이고 중요한 이벤트에 대한 메모 열을 표시합니다. 시간을 효과적으로 관리하세요. 업데이트된 주간 플래너 - 52주, 날짜가 표시되지 않은 주간 계획 페이지를 통해 중단한 부분부터 바로 시작할 수 있습니다. 채울 불필요한 섹션이 없으며 날짜나 페이지를 건너뛸 필요가 없습니다. 주간 플래너는 편리하게 날짜가 지정되어 있어 2024년, 2025년 또는 2050년에도 계획을 세울 수 있습니다! 기능적인 디자인-프리미엄 품질의 커버와 트윈 와이어 바인딩, 튼튼한 판지 뒷면. 클래식하고 세련된 외관 조합. 프리미엄 두꺼운 용지는 잉크 번짐을 줄이고 마모 및 음영 문제를 지웁니다. 더 나은 필기 경험을 제공합니다. 인기 있는 완벽한 사이즈. 이 주간 플래너의 크기는 52주 동안 21.6 x 27.9cm(8.5 x 11인치)로 일정 및 약속에 충분히 큽니다. 직장, 가정, 학교 및 여행을 위한 완벽한 휴대용 주간 플래너 저널은 완벽한 선물입니다. 고품질 및 서비스 - 품질 문제가 있거나 어떤 이유로든 저희 제품에 완전히 만족하지 못하는 경우 최대한 빨리 제품을 교환하거나 환불해 드립니다. 간편한 환불을 위해 아마존 메시지를 통해 당사에 연락하기만 하면 됩니다.",,"['주간', '날짜', '페이지', '완벽하다', '계획', '메모장', '추적', '표시', '프리미엄', '약속']"
사무용품,플래너 및 수첩,플래너,,B0CV4BV1LR,날짜 없는 일일 플래너 할 일 목록 시간별 일정 2024 2025 달력 및 휴일 습관 추적기 200페이지 레터 사이즈 21.6cm x 27.9cm(8.5인치 x 11인치) 시트 하드커버 나선형 바운드 노트 (인디고),AuroPlanner,28794,28794,4.6,35.0,"프리미엄 품질의 100gsm 용지 200페이지(크림 화이트 색상): 눈의 피로를 줄이고 잉크 번짐을 방지하면서 편안하고 즐거운 필기 경험을 보장하는 부드러운 필기 표면을 제공합니다. 고급스러운 프리미엄 하드커버: 내구성이 뛰어난 프리미엄 품질의 소재로 제작된 플래너의 하드커버는 방수 및 긁힘 방지 기능이 있으며 스타일과 지속적인 장인 정신이 매끄럽게 조화를 이룹니다. 고급스러운 매트 마감은 세련미를 더하며, 견고한 구조로 매일 사용할 수 있는 지속적인 내구성을 보장합니다. 최고의 계획 경험: 이 종합 플래너는 미국, 캐나다 및 멕시코의 휴일과 함께 2024년 및 2025년 달력을 제공합니다. 연간 계획, 습관 추적기, 30분 슬롯이 있는 일일 스케줄링, 후속 조치, 할 일 목록, 우선 순위 및 주요 초점 섹션을 제공하여 효율적인 구성을 제공합니다. 천공 시트 및 데일리 영감 인용구: 쉽게 뜯어낼 수 있는 천공 시트가 특징이며, 노트 정리에 이상적입니다. 레터 사이즈 형식(21.6 x 27.9cm(8.5 x 11인치))은 대부분의 노트와 다이어리에 적합하며 학생, 전문가 및 플래너에게 적합합니다. 또한, 동기 부여를 더하기 위해 매일 영감을 주는 인용문을 즐기세요. 우리와 함께 친환경: 리그닌 프리, 무산성 및 FSC 인증 용지가 특징인 플래너로 친환경 의식을 받아들이세요. 지속 가능성에 대한 당사의 헌신은 CA Prop 65 표준을 충족하는 FSC 인증 커버로 확장되어 환경 무결성과 안전을 모두 보장합니다.",,"['시트', '지속', '구성', '프리미엄', '보장', '노트', '하드커버', '인증', '목록', '추적']"
사무용품,플래너 및 수첩,플래너,,B0CL47VPS5,"날짜 없는 2024 플래너, Forvencer B5 일일 주간 및 월간 플래너 2024-2025, 12개월 달력 일정 플래너 오거나이저 노트, 남성 및 여성용 간소화된 대형 스케줄 북, 17.8 x 25.4cm(7 x 10인치)",Forvencer,12284,12284,4.5,115.0,"일관된 시스템: 시중의 다른 플래너와 달리, 이 플래너는 일간, 주간 및 월간 일정을 결합한 혁신적인 디자인을 특징으로 하여 단기 및 장기 목표를 저글링하고 계획의 일관성을 유지할 수 있습니다. 실용적인 레이아웃: 이 플래너는 실용성을 크게 향상시키는 혁신적인 레이아웃 디자인이 특징입니다. 일일 보기 상단에는 우선 순위가 지정된 할 일 목록이 있어 우선 순위 수준을 사용자 지정할 수 있으며 확인란을 시각적 알림으로 제공할 수도 있습니다. 중간 부분은 오전 6시부터 오후 8시까지의 일정으로 시간별 플래너를 만들 수 있습니다. 하단에는 메모를 작성하거나 리뷰를 작성하는 데 사용할 수 있는 메모 영역이 있습니다. 52주 연도 플래너: 시중의 26주 플래너와 비교했을 때, 당사의 플래너에는 52주 분량의 일일 계획 페이지가 포함되어 있어 1년 내내 철저한 계획을 세울 수 있습니다. 남은 연도 동안 플랜을 계속하기 위해 플랜을 중단하거나 새 플랜을 구입하지 않아도 됩니다. 프리미엄 품질: 저희는 번지지 않는 프리미엄 헤비 웨이트 용지를 사용하며 대부분의 만년필과 함께 사용할 수 있어 즐거운 필기 경험을 제공합니다. 또한, 이 정리함은 오래 사용할 수 있도록 하드커버로 묶여 있습니다. 날짜 없는 일일 플래너: 원할 때마다 시작하고 일시 중지합니다. 달과 날짜를 입력하는 것은 전적으로 귀하에게 달려 있습니다. 계획을 일시 중지한 후 낭비하지 않고 언제든지 계획을 다시 시작할 수도 있습니다. 며칠을 놓치더라도 죄책감이 없습니다.",,"['계획', '일일', '날짜', '일정', '플랜', '혁신', '일시', '디자인', '작성', '순위']"
사무용품,플래너 및 수첩,플래너,,B09W9BY637,"Dunwell 2023 주간 주간 플래너 (15.2 x 21cm(6 x 8.25인치), 컬러풀), 2023 소형 플래너 북, 미니 아젠다 20.3 x 15.2cm(8 x 6인치), 연간 달력 플래너, 월간 탭, 책갈피, 메모, 보너스 포켓, 스티커",Dunwell,13780,13780,4.7,1008.0,"2023 소형 플래너 북, 15.2x21cm(6x8.25인치). 컴팩트한 사이즈, 어디에나 휴대할 수 있습니다. 나선형 바인드, 평평하게 펴짐, 다채로운 라미네이트 탭, 포함: 책갈피, 뒷면 포켓, 스티커. 전문적인 스타일링: 유연한 폴리 커버. 인기 있는 Dunwell 벽 및 책상 캘린더 라인과 유사한 매력적인 다채로운 디자인. 월별 보기: 매월 탭 개요, 이전 및 다음 달 포함, 메모 블록, 인기 휴일, 연중 요일 카운터. 주간 보기: 7일 (월요일부터 일요일까지), 줄지어 있는 일일 블록, 휴일. 기능 페이지: 연간 개요, 빠른 참조, 연락처, 중요 날짜(예: 생일, 기념일 등. ), 휴일, 미국 시간대 및 주 수도, 메모용 9페이지 - 전면 10.2cm(4인치), 뒷면 12.7cm(5인치).",,"['휴일', '메모', '탭', '주간', '책갈피', '북', '블록', '소형', '스티커', '연간']"
사무용품,플래너 및 수첩,플래너,,B07T2YRXFF,"Planner 2024년 7월 - 2025년 6월 - 플래너 2024-2025, 19.6 x 24.9cm(7.75 x 9.8인치), 2024-2025 학술 플래너 주간 및 월간, 강력한 트윈 와이어 바인딩, 둥근 모서리, 시간 관리 기술 향상",BooQool,8296,8296,4.6,15393.0,"개요 - 2024-2025년 7월 - 2025년 6월(2024년 1월 아님)의 2024-2025 학술 플래너로, 12개월의 월간 및 주간 페이지가 있어 일년 내내 쉽게 계획할 수 있습니다. 전체 크기(와이어 바인딩 포함)는 20.3cm x 25.4cm(8인치 x 10인치)이며 사용 가능한 페이지 크기는 19.6cm x 24.9cm(7.75인치 x 9.8인치)입니다. 프리미엄 품질의 커버와 트윈 와이어 바인딩, 메탈 레이 플랫 나선형 바인딩, 클래식하고 세련된 외관. 월간 - 월간 보기 페이지에는 이전 및 다음 달 참조 캘린더가 표시되어 있어 더 쉽게 계획을 세울 수 있으며 중요한 것, 약속 또는 영감을 주는 인용문을 작성할 수 있는 메모 섹션이 있습니다. 주간 - 주간 보기 페이지에는 자세한 일일 계획, 약속 및 활동을 위한 충분한 글쓰기 공간이 포함되어 있습니다. 또한 이 학술 플래너 2024-2025는 명확한 주간 보기로 하루 종일 추적할 수 있도록 도와줍니다. 특징 - 2024년 7월 - 2025년 6월 | 19.6cm x 24.9cm(7.75인치 x 9.8인치) 계획 페이지 | 유연한 커버 | 빠른 참조 정보 | 연간 개요 | 휴일 | 연락처 | 2024-2025년 주간 및 월간 페이지 | 트윈 와이어 바인딩 |. 프리미엄 디자인 - 이 학술 플래너 2024-2025의 유연한 블랙 플라스틱 커버는 방수 기능이 있습니다. 튼튼한 트윈 와이어 바인딩과 둥근 모서리 디자인으로 사용하기 쉽고 휴대가 간편합니다. 이 2024-2025 플래너를 구입하고 삶을 더 효율적으로 만드세요!",,"['주간', '페이지', '바인딩', '와이어', '월간', '트윈', '학술', '계획', '커버', '디자인']"
사무용품,플래너 및 수첩,플래너,,B0D22PRLDS,"월간 플래너 2024-2025, 2024 달력 18개월 플래너, JUL 2024 - DEC 2025, 18.8 x 24.4cm(7.4 x 9.6인치), 2024 플래너 나선형 바인드, 학교 및 사무실에 적합 - 24.7-25.12 - 블랙",Taja,9404,9404,4.5,461.0,"간편한 시간 관리: 현대적인 디자인으로 TAJA 24-25 월간 플래너의 아름다움과 효율성을 경험하십시오. 2024년 7월부터 2025년 12월까지 진행되는 이 캘린더 북은 체계적으로 정리하고 매달 기쁨을 만드는 열쇠입니다. 월간 계획 달력: 빈 일일 블록, 주요 미국 휴일, 영감을 주는 인용문 및 전용 할 일 섹션이 있는 월간 계획 달력을 즐기세요. 편리한 캘린더 참조로 과거 검토 및 향후 계획을 향상시키세요. 간편한 월간 뷰: 단순하고 간단한 월간 보기로 손쉽게 업무를 파악할 수 있습니다. 스마트하게 계획하고, 시간을 효과적으로 관리하고, 스트레스를 줄여 더 많은 자유 시간을 제공합니다. 약속, 생일, 회의 및 개인 활동을 쉽게 추적할 수 있습니다. 생산성 향상 및 목표 달성: 삶을 변화시키는 생산성 해킹으로 매달 조직의 걸작으로 바꿔보세요. 월간 목표를 설정하고, 작업을 계획하고, 중요한 날짜를 적어 마감일이나 이벤트를 놓치지 않도록 하세요. 월간 캘린더 플래너 2024는 개인 메모와 동기 부여 알림을 위한 충분한 공간을 제공합니다. 매끄러운 계획을 위한 완벽한 사이즈: 18.8cm x 24.4cm(7.4인치 x 9.6인치)의 컴팩트한 사이즈로 이동 중에도 부드러운 계획을 즐기세요. 편리한 디자인으로 가방에 잘 맞아 항상 정보를 준비할 수 있습니다. 또한 플래너에는 추가 메모, 쇼핑 목록 등을 보관할 수 있는 투명한 양면 포켓이 있습니다.",,"['월간', '계획', '달력', '캘린더', '디자인', '매달', '편리하다', '생산', '관리', '메모']"
사무용품,플래너 및 수첩,플래너,,B09KC525SF,"2024-2025 주간 및 월간 플래너 - 2024-2025 목표 추적을 위한 플래너 및 오거나이저 노트, 일상 생활을 쉽게 정리할 수 있음, 미디엄 16.5cm x 21.6cm(6.5인치 x 8.5인치), 로즈",Getvow,12451,12451,4.6,471.0,"플래너 개요 - 2024-2025년 12개월 플래너, 2024년 7월부터 2025년 6월까지 12개월의 월간 및 주간 페이지가 있어 쉽게 계획할 수 있습니다. 15.9 x 21cm(6.25 x 8.25인치), 휴대와 사용이 편안합니다 매월 - 각 월간 스프레드에는 휴일, 전월 및 다음 달 달력, 메모 섹션이 포함된 월 개요가 포함되어 있습니다. 메모와 디테일을 위한 충분한 공간 주간 - 2024-2025 주간 플래너 나선형 바운드 스프레드는 일일 일정, 자세한 약속 및 활동을 기록하고 주간 보기로 모든 일을 명확하게 추적할 수 있는 충분한 공간이 포함되어 있습니다 탭 및 포켓 및 플랫 바인딩 - 매월 라미네이트 탭, 티켓, 카드, 종이 등과 같은 느슨한 물건을 보관할 수 있는 내부 포켓으로 분리됩니다. 완전히 평평하게 놓을 수 있는 내구성 있는 트윈 와이어 바인딩 우수한 품질 - 플래너 2024-2025는 견고하고 유연한 커버가 있어 내부 페이지를 잘 보호합니다. 잉크 누출을 줄이고 마모 및 음영 문제를 지우는 두꺼운 용지. 이 멋진 월간 플래너로 일상을 계획하고 만들고 일정을 잡으세요","15.9 x 21cm(6.25 x 8.25인치) 크기의 2024-2025 주간 및 월간 플래너(2024년 7월부터 2025년 6월까지)는 어디를 가든 정리할 수 있는 간단하고 우아한 플래너입니다. 간단한 페이지 디자인과 중요한 정보를 모두 담을 수 있는 충분한 공간. 12개월 플래너 포함: 연간 개요(2023-2025년 달력), 휴일 연락처 페이지 2개, 12개월 캘린더 섹션, 53주 섹션, 노트 페이지 14개(라인). 각 월간 스프레드에는 해당 월의 개요와 노트 섹션이 포함되어 있습니다. 12개월 달력, 월 2페이지. 메모와 디테일을 위한 충분한 공간. 각 월간 캘린더 뒤에는 5개의 주간 페이지, 주당 2페이지가 이어집니다. 주간 스프레드에는 일일 일정, 약속, 활동, 주의 집중, 할 일 목록/목표를 기록하고 주간 보기로 모든 일을 명확하게 추적할 수 있는 충분한 공간이 포함되어 있습니다. 이 독특한 월간 및 주간 플래너는 고품질 100gsm 백지를 사용하여 쉽게 쓰고 잉크 누출을 줄이고 마모 및 음영 문제를 지우고 약속, 할 일 및 알림을 위한 깨끗한 필기 공간을 제공합니다. 이 월간 및 주간 플래너는 만년필, 젤 펜, 롤러 펜, 볼펜, 형광펜, 연필 등에 잘 반응합니다. 월간 캘린더 탭을 사용하면 매월 요금제에 쉽게 액세스할 수 있습니다. 내부 페이지를 잘 보호하기 위한 견고하고 유연한 커버, 부드러운 글씨를 위한 두꺼운 종이, 강한 트윈 와이어 바인딩, 티켓, 카드, 종이 등과 같은 느슨한 물건을 보관할 수 있는 튼튼한 플라스틱 포켓. 이 모든 디테일은 고품질을 보여줍니다. 이 개인 정리함은 목표, 작업, 약속, 프로젝트, 작업, 습관 등을 추적할 수 있는 유연한 구조를 특징으로 합니다. 학교, 직장 또는 가정을 위한 플래너, 오거나이저, 학업 의제 또는 노트 패드에 적합하며 훌륭한 선물이 됩니다. 지금 이 멋진 월간 및 주간 플래너로 일상을 계획하고 만들고 일정을 잡으세요.","['주간', '월간', '페이지', '공간', '충분하다', '노트', '약속', '추적', '스프레드', '일정']"
사무용품,플래너 및 수첩,플래너,,B0C1H9Y2FQ,Simplified 2024 월간 플래너 및 캘린더 북 - 여성 또는 남성용 아름다운 모던 드라이 플로럴 할 일 목록 노트 - 생산성을 높이기 위해 작업을 쉽게 정리할 수 있습니다 - 2024년 12월까지 실행,ZICOTO,6911,6911,4.8,331.0,"정리 및 매달 기쁨인지 확인하세요: ZICOTO 아름답고 현대적인 말린 꽃 월간 플래너가 시간을 최대한 활용할 수 있도록 도와드립니다! 2023년 7월부터 2024년 12월까지 실행되는 캘린더 및 할 일 목록 노트는 스마트하게 계획하고 시간을 효과적으로 관리할 수 있도록 도와줍니다. 스트레스를 줄이고 더 많은 자유 시간을 즐기세요! 매우 쉬운 유지: 월간 플래너 2023-2024 월간 계획의 단순하고 간단한 월간 보기 덕분에 쉽고 효율적이어서 약속, 생일, 비즈니스 미팅, 어린이 야구 연습 등을 쉽게 추적할 수 있습니다. 자신을 위해 ""나를 위한 시간""을 예약하는 것을 잊지 마세요 생산성을 높이고 월간 목표 달성: 생산성을 높이고 매달 조직의 걸작으로 바꾸는 삶을 변화시키는 해킹입니다! 할 일, 월간 목표 및 작업을 계획하고 모든 중요한 날짜를 적어 마감일이나 이벤트를 잊지 마세요. 개인 메모 및 (동기 부여) 알림을 위한 충분한 공간이 있습니다 사랑스러운 모던 드라이 플로럴 디자인: 월간 캘린더 및 플래너는 뇌의 천재적인 확장일 뿐만 아니라 귀여운 디자인으로 돋보입니다. 우아한 캘리그래피 글꼴과 조화를 이루는 아름답고 현대적인 녹지 그림 - 프리미엄 계획 도구 및 멋진 눈길을 하나로 모아보세요! 매끄러운 계획을 위한 완벽한 사이즈: 24.4 x 18.8cm(9.6 x 7.4인치)의 컴팩트한 크기와 편리한 디자인으로 월간 플래너는 가방에 멋지고 컴팩트하게 들어가므로 항상 모든 정보를 손에 넣을 수 있습니다! 추가 메모, 쇼핑 목록 등을 보관할 수 있는 실용적인 뒷면 포켓도 제공합니다","ZICOTO의 모던 드라이 플로럴 월간 플래너: 한 달 내내 시간 관리 게임을 소유할 시간입니다! 매일, 주 및 월을 세는 것이 그 어느 때보다 쉽고 예뻐집니다. ZICOTO 월간 플래너는 약속, 할 일, 목표, 작업 등을 간단하게 정리할 수 있습니다. 마음이 크게 윙윙 거리는 모든 것들을 잘 파악할 수 있는 멋진 방법입니다. 최고의 시간 관리 및 생산성! 아름다운 월간 플래너는 일상 생활에서 필수적인 도우미입니다. 일정을 깔끔하고 잘 정리하여 스트레스를 줄이고 약속을 놓칠 위험을 줄입니다. 잘 정리된 전투는 절반입니다. 영리한 계획 도구 덕분에 승리를 거둘 수 있습니다! 매월 - 2023년 7월부터 2024년 12월까지 진행됩니다 - 약속을 정리하고 생산성을 향상시키는 4페이지를 제공하며 가장 중요한 것은 더 많은 자유 시간과 모든 것을 성취한 놀라운 느낌을 즐기십시오. 캘린더를 일일 플래너로 사용하고 생일, 비즈니스 미팅, 휴일, 식사 계획을 추가할 수 있는 충분한 공간이 있습니다. 매일, 매주 또는 매월 할 일을 기록하고 의제를 지우세요. 오, 네, 해냈습니다! 플래너는 또한 월간 목표와 월간 작업을 위한 전용 섹션을 제공합니다. 새로운 습관을 구축하고 인생이라고 불리는 게임을 흔들 수 있는 약간의 킥스타터입니다. 여전히 여기서 멈추지 않습니다: 중요한 날짜를 추가할 수 있으며(마감일을 다시는 잊지 못할 것입니다) 개인 메모와 미리 알림을 위한 거의 전체 페이지를 가질 수 있습니다. 추가 메모, 쇼핑 목록, 러브 노트 등을 추가하고 싶다면 플래너가 실용적인 뒷주머니를 제공합니다. 월간 플래너의 사랑스럽고 현대적인 녹색 디자인을 이미 확인하셨나요? 얼마나 귀여워요! 그리고 어울리는 우아한 글꼴은 케이크의 아이싱입니다. 아름다운 캘린더와 플래너는 어디에서나 휴대할 수 있는 완벽한 사이즈(24.5 x 18.9cm(9.6 x 7.5인치))로 제공됩니다. 모든 정보 - 항상 가까이에 있습니다!","['월간', '계획', '정리', '생산', '추가', '캘린더', '아름답다', '디자인', '작업', '메모']"
사무용품,플래너 및 수첩,플래너,,B0B8DVL8B7,Simplified 2023-2024 월간 플래너 및 캘린더 북 - 여성 또는 남성을 위한 아름다운 모던 보헤미안 할 일 목록 노트 - 생산성을 높이기 위해 작업을 쉽게 정리할 수 있습니다 - 2024년 12월까지 실행,ZICOTO,6911,6911,4.7,1481.0,"정리 및 매월 기쁨인지 확인하세요: ZICOTO 아름다운 추상 월간 플래너가 시간을 최대한 활용할 수 있도록 도와드립니다! 2023년 3월부터 2024년 12월까지 실행되는 캘린더 및 할 일 목록 노트는 스마트하게 계획하고 시간을 효과적으로 관리할 수 있도록 도와줍니다. 스트레스를 줄이고 더 많은 자유 시간을 즐기세요! 매우 쉬운 유지: 월간 플래너 2023-2024 월간 계획의 단순하고 간단한 월간 보기 덕분에 쉽고 효율적이어서 약속, 생일, 비즈니스 미팅, 어린이 야구 연습 등을 쉽게 추적할 수 있습니다. 자신을 위해 ""나를 위한 시간""을 예약하는 것을 잊지 마세요 생산성을 높이고 월간 목표 달성: 생산성을 높이고 매달 조직의 걸작으로 바꾸는 삶을 변화시키는 해킹입니다! 할 일, 월간 목표 및 작업을 계획하고 모든 중요한 날짜를 적어 마감일이나 이벤트를 잊지 마세요. 개인 메모 및 (동기 부여) 알림을 위한 충분한 공간이 있습니다 사랑스러운 추상 디자인: 월간 캘린더 및 플래너는 뇌의 천재적인 확장일 뿐만 아니라 귀여운 디자인으로 돋보입니다. 우아한 캘리그래피 글꼴과 조화를 이루는 아름다운 추상 그림 - 프리미엄 계획 도구와 멋진 눈길을 하나로 모아보세요! 매끄러운 계획을 위한 완벽한 사이즈: 24.4 x 18.8cm(9.6 x 7.4인치)의 컴팩트한 크기와 편리한 디자인으로 월간 플래너는 가방에 멋지고 컴팩트하게 들어가므로 항상 모든 정보를 손에 넣을 수 있습니다! 추가 메모, 쇼핑 목록 등을 보관할 수 있는 실용적인 뒷면 포켓도 제공합니다","ZICOTO의 추상 월간 플래너: 한 달 내내 시간 관리 게임을 소유할 시간입니다! 매일, 주 및 월을 세는 것이 그 어느 때보다 쉽고 예뻐집니다. ZICOTO 월간 플래너는 약속, 할 일, 목표, 작업 등을 간단하게 정리할 수 있습니다. 마음이 크게 윙윙 거리는 모든 것들을 잘 파악할 수 있는 멋진 방법입니다. 최고의 시간 관리 및 생산성! 아름다운 월간 플래너는 일상 생활에서 필수적인 도우미입니다. 일정을 깔끔하고 잘 정리하여 스트레스를 줄이고 약속을 놓칠 위험을 줄입니다. 잘 정리된 전투는 절반입니다. 영리한 계획 도구 덕분에 승리를 거둘 수 있습니다! 매달 - 2024년 12월까지 운영됩니다 - 약속을 정리하고 생산성을 향상시키는 4페이지를 제공하며 가장 중요한 것은 더 많은 자유 시간과 모든 것을 성취한 놀라운 느낌을 즐기십시오. 캘린더를 일일 플래너로 사용하고 생일, 비즈니스 미팅, 휴일, 식사 계획을 추가할 수 있는 충분한 공간이 있습니다. 매일, 매주 또는 매월 할 일을 기록하고 의제를 지우세요. 오, 네, 해냈습니다! 플래너는 또한 월간 목표와 월간 작업을 위한 전용 섹션을 제공합니다. 새로운 습관을 구축하고 인생이라고 불리는 게임을 흔들 수 있는 약간의 킥스타터입니다. 여전히 여기서 멈추지 않습니다: 중요한 날짜를 추가할 수 있으며(마감일을 다시는 잊지 못할 것입니다) 개인 메모와 미리 알림을 위한 거의 전체 페이지를 가질 수 있습니다. 추가 메모, 쇼핑 목록, 러브 노트 등을 추가하고 싶다면 플래너가 실용적인 뒷주머니를 제공합니다. 월간 플래너의 사랑스러운 추상 디자인을 이미 확인하셨나요? 얼마나 귀여워요! 그리고 어울리는 우아한 캘리그래피 글꼴은 케이크 위에 장식한 것입니다. 아름다운 캘린더와 플래너는 어디에서나 휴대할 수 있는 완벽한 사이즈(24.5 x 18.9cm(9.6 x 7.5인치))로 제공됩니다. 모든 정보 - 항상 가까이에 있습니다! ***모든 디자인은 미국 등록에 의해 보호됩니다. Copyright 2022-2024***","['월간', '계획', '정리', '캘린더', '아름답다', '생산', '디자인', '추상', '추가', '목록']"
사무용품,플래너 및 수첩,플래너,,B0CLNHTND5,"2024-2027 월간 플래너/달력 - 3년 월간 플래너 2024-2027년 7월 - 2027년 6월, 16 x 21.3cm(6.3 x 8.4인치), 탭이 있는 월간 플래너 36개, 트윈 와이어 바인딩, 뒷면 포켓, 휴일, 노트 페이지 30장",MaaIbok,8296,8296,4.7,53.0,"2024-2027 월간 플래너 - 3년 월간 플래너의 크기는 16 x 21.3cm(6.3 x 8.4인치)이며 이 대형 장기 월간 플래너는 2024년 7월부터 2027년 6월까지 36개월을 커버하며 율리우스 날짜와 하이라이트 휴일이 있는 36개월의 월간 페이지가 특징입니다. 월간 페이지 개요 - 2024-2027 월간 플래너는 오픈 스케줄링을 위한 줄이 있는 일일 블록(3 x 3.2cm(1.2 x 1.25인치)), 우선 순위에 대한 메모 섹션. 또한, 이 월간 플래너에는 지난 달을 검토하고 향후 달을 계획할 수 있는 3개월 참조 캘린더가 포함되어 있습니다. 추가 내부 페이지 - 4개의 중요 연락처 페이지 + 7개의 연락처 페이지 + 5개의 비밀번호 페이지 + 30개의 노트 페이지 + 개인 정보 + 2024-2027 Hollidays + 2024-2027 연간 개요 기능적인 디자인 - 3년 월간 플래너의 견고한 트윈 와이어 바인딩 디자인으로 평평하게 놓을 수 있습니다. 방수 하드커버는 내부 페이지가 물에 튀는 것을 방지하도록 설계되었습니다. 일정을 쉽게 찾고 찾을 수 있도록 코팅된 돌출된 월간 탭과 느슨한 물건을 모두 모을 수 있는 양면 뒷면 포켓. 프리미엄 용지 - 이 월간 플래너 2024-2027의 용지는 잉크 방지 기능이 있으며 페더링을 방지하도록 설계되었습니다. 아카이브 품질의 페이지는 중성 순수 백지로 만들어졌으며 빛과 공기에 의한 손상을 방지합니다.",,"['월간', '페이지', '방지', '휴일', '탭', '내부', '노트', '디자인', '바인딩', '연락처']"
사무용품,플래너 및 수첩,플래너,,B0CXLQ18CM,"Academic Planner 2024-2025, 일일 주간 및 월간 플래너, 2024년 7월 - 2025년 6월, 월간 탭이 있는 캘린더 플래너, 업무용 계획 정리 노트, 21.6 x 15.2cm(8.5 x 6.2인치)",BLESWIN,9681,10512,4.5,40.0,"2024 - 2025 달력 월간 플래너】이 2024 – 2025 주간 및 월간 플래너는 2024년 7월부터 2025년 6월까지 12개월을 커버합니다. 완벽한 사이즈 21.6 x 15.7cm(8.5 x 6.2인치), 휴대가 간편하고 편리합니다. 12개의 월간 탭이 함께 제공되어 일 년 내내 쉽게 추적하고 빠르게 액세스할 수 있습니다. 일, 주, 월을 효과적으로 계획하세요. 【일정 플래너 월간 보기】각 월간 플래너 페이지에는 일일 쓰기 블록, 주요 미국 휴일 및 중요한 프로젝트, 아이디어 및 알림을 위한 메모 섹션이 포함된 월간 개요가 포함되어 있습니다. 더 나은 과거 검토 및 향후 계획을 위해 이전 및 다음 달에 대한 참조 달력이 특징입니다. 【플래너 노트 주간 보기】주간 우선 순위를 설정할 수 있도록 상단에 ""Week's Focus""가 있는 일주일에 두 페이지, 자세한 일일 일정을 위한 충분한 안감 필기 공간을 제공합니다. 이 학업 플래너에는 인기 있는 휴일과 2개월 참조 미리보기도 포함되어 있습니다. 약속, 메모 및 일상 작업을 쉽게 관리할 수 있습니다. 【여성 남성용 2024 - 2025 플래너】빠른 참조 정보, 연간 개요, 비밀번호 메모, 연락처, 주간 및 월간 페이지, 2024-2026 3년 휴일을 포함한 2024 - 2025 플래너. 미루는 것을 멈추고 생산성을 높이세요. 이 화려하고 다채로운 플래너로 삶을 계획하세요. 세련되고 실용적인 일정 플래너】약속 플래너의 테마는 꽃입니다. 4개의 금속 모서리 하드커버, 신축성 있는 클로저, 나선형 바인딩으로 플래너의 내구성을 보장합니다. 두꺼운 종이는 잉크가 번지지 않아 부드러운 필기 경험을 제공합니다. 내부 포켓에는 카드, 티켓, 송장 등을 보관할 수 있습니다.",,"['월간', '주간', '계획', '휴일', '페이지', '일일', '일정', '참조', '메모', '노트']"
사무용품,플래너 및 수첩,플래너,,B0CNN83BQ8,"2024-2025 플래너 - 플래너 2024-2025 일일 주간 월간, 2024년 7월 - 2025년 6월, 달력 2024-2025, 2024-2025 캘린더, 2024-2025 캘린더, 트윈 와이어 바인딩 포함",MaaIbok,8074,8074,5.0,8.0,"2024-2025 플래너 - 플래너 2024-2025 일일 주간 월간 유연한 커버, 2024년 7월부터 2025년 6월까지. 플래너의 크기는 약 20.3 x 25.4cm(8 x 10인치)로 세부 일정을 작성할 수 있는 넓은 공간을 제공합니다. 월간 페이지 - 플래너 2024-2025의 각 20.3 x 25.4cm(8 x 10인치) 월간 페이지에는 정확한 월에 대한 개요와 글쓰기를 위한 메모 섹션이 포함되어 있습니다. 또한, 이전 및 미래 달력은 간단한 과거 검토 및 향후 계획을 위한 캘린더를 참조하십시오. 주간 페이지 - 2024-2025 플래너의 두꺼운 주간 페이지는 일일 일정, 약속, 계획을 위한 넓은 줄 쓰기 공간을 제공합니다. 중요한 날짜를 잊지 않도록 하는 휴일 알림. 인쇄된 월간 탭(튀어 나오지 않음)으로 쉽게 검색하고 몇 달별로 계획을 찾을 수 있습니다. 기능적인 디자인 - 20.3 x 25.4cm(8 x 10인치) 페이지 | 유연한 커버 | 인쇄된 탭(눈에 띄지 않음) | 트윈 와이어 바인딩 | 두꺼운 용지 | 빠른 참조 정보 | 연간 개요 | 휴일 | 연락처 |. 삶을 생산적으로 만드세요 - 클래식 블랙 색상의 올인원 2024-2025 플래너는 단계별로 목표를 달성하도록 동기를 부여하는 훌륭한 선택이며 일상 생활을 정리하고 시간 관리 기술을 향상시킵니다.",,"['월간', '페이지', '주간', '일일', '계획', '캘린더', '휴일', '유연하다', '인쇄', '일정']"
사무용품,플래너 및 수첩,플래너,,B0CQK6NBV3,"2024-2025 플래너 - 플래너 2024-2025 주간 월간 스티커 포함, 2024년 7월 - 2025년 6월, 14.6 x 21cm(5.75 x 8.25인치), 2024-2025 달력 플래너, 프리미엄 종이, 펜 홀더, 내부 포켓, 노트 페이지 40장",Lemome,49846,22146,4.7,10777.0,"2024-2025 플래너 개요 - 2024년 7월 - 2024년 6월, 14.6 x 21cm(5.7 x 8.25인치), 2024-2025 플래너는 12개월의 월간 및 주간 페이지를 특징으로 하여 일년 내내 쉽게 계획할 수 있습니다. 내구성이 뛰어난 부드러운 인조 가죽 커버는 환경 친화적이고 부드러운 촉감으로 심플하고 우아한 디자인입니다. 월간 관리 - 2024-2025 캘린더 플래너의 각 월간 스프레드에는 월별 개요와 메모 섹션이 포함되어 있습니다. 월간 보기와 함께 예정된 계획을 기억하세요! 특별한 날짜와 꿈의 휴가를 한 해 동안 염두에 두세요. 매주 가이드 - 플래너 2024-2025의 주간 스프레드에는 일일 일정, 세부 약속을 작성하고 주간 보기로 모든 일을 명확하게 추적할 수 있는 공간이 포함되어 있습니다. 커플 페이지에서 월요일부터 일요일까지 7일 시작을 확인할 수 있습니다. 추천 - A5 계획 페이지 | 내구성 있는 하드커버 | 캘린더 스티커 | 참조 정보 | 연간 개요 | 휴일 | 연락처 | 바운드 | 리본 책갈피 2개 | 내부 포켓 파우치 | 노트 유선 페이지 40장. 독특한 디자인 - 내구성이 뛰어난 부드러운 인조 가죽 커버는 환경 친화적이고 부드러운 촉감을 제공합니다. 심플하고 우아한 디자인의 플래너는 삶을 정리하기 위한 완벽한 선택입니다.",,"['페이지', '월간', '부드럽다', '주간', '디자인', '개요', '계획', '구성', '노트', '캘린더']"
사무용품,플래너 및 수첩,플래너,,B0CPFKS67G,"2024-2025 월간 플래너 - 2024년 7월 - 2025년 12월, 18개월 플래너/달력 2024-2025, 학술 플래너, 20.3cm x 25.4cm(8 x 10인치), 휴일, 두꺼운 종이, 트윈 와이어 바인딩, 월간 탭, 내부 포켓",BooQool,8157,8157,4.7,18963.0,"2024-2025 월간 플래너 - 2024-2025 플래너는 2024년 7월부터 2025년 12월까지 운영됩니다. 이 20.3 x 25.4cm(8 x 10인치) 월간 플래너는 공부, 생활 및 일을 위한 사려 깊은 도우미입니다. 행복한 순간을 기록할 수도 있습니다. 월간 개요 - 이 2024-2025 월간 플래너의 매월 전체 페이지 두 페이지를 커버하며 장기 계획에 적합합니다. 또한, 4.1 x 4.1cm(1.6 x 1.6인치) 그리드 데일리 블록은 월간 일일 계획을 위한 충분한 공간을 제공합니다. 각 월간 페이지에는 6개월 참조 캘린더가 포함되어 있으며, 코팅된 탭은 해당 월을 더 잘 찾을 수 있도록 도와줍니다! 월간 플래너 특산품 - 20.3 x 25.4cm(8 x 10인치) 월간 캘린더 플래너 페이지 | 빠른 참조 정보 | 2024-2025년 연간 개요 | 연락처 페이지 2개 | 24-26일 휴일 | 비밀번호 페이지 3개 | 24-25개의 연간 계획 페이지 | 24-25 생일 및 중요 날짜 | 11일 참고 노트 페이지 페이지 | 골든 프린트 & 방수 부드러운 가죽 커버 디자인 | 휴일 | 두꺼운 종이 | 월간 탭 18개 디럭스 페이지 - 이 소프트커버 월간 플래너는 볼펜, 만년필 또는 연필로 쓸 수 있는 완벽한 질감의 두꺼운 아이보리 종이 페이지로 만들어졌습니다. BooQool 품질 - 단순함과 실용성을 위해 360도 뒤집을 수 있는 이중 나선 코일 바인딩이 있습니다. 가죽의 부드럽고 매끄러운 느낌은 이 2024-2025 월간 플래너에 독특하고 프리미엄 품질을 더합니다.",,"['월간', '페이지', '휴일', '커버', '계획', '두껍다', '종이', '탭']"
사무용품,플래너 및 수첩,플래너,,B0C2PWS7R9,시간별 일정이 있는 간소화된 일일 플래너 및 노트 - 작업과 약속을 쉽게 정리할 수 있는 미적 나선형 할 일 목록 메모장 - 세련된 책 및 학교 또는 여성용 사무용품,ZICOTO,20761,17423,4.8,513.0,"쉽게 추적하고 시간을 최대한 활용하세요. ZICOTO의 데일리 플래너를 사용하면 그 어느 때보다 쉽게 정리하고 스트레스를 줄이고 더 많은 자유 시간을 즐길 수 있습니다! 일정, 우선 순위, 할 일을 정리하고 일일 메모 섹션에 계획과 아이디어를 적어 두세요 현명하게 미리 계획하고 생산성을 높이세요: 절대적으로 영리하고 효율적입니다! 플래너 노트를 사용하면 일상 작업을 30분 포커스 블록으로 나누고 우선 순위 및 후속 업무를 매핑하여 하루를 추적하고 생산성을 높일 수 있습니다 효율적인 계획을 위한 충분한 공간: 집중력을 유지하고 시간을 현명하게 관리하세요! 23.6 x 16cm(9.2 x 6.3인치) (내부 페이지) 작업 플래너 및 오거나이저 노트는 80일 간의 삶을 변화시키는 계획을 위한 충분한 공간을 제공하며 매일 2페이지에 걸쳐 펼쳐집니다 지금이 시작하기에 가장 좋은 시기: 일일 플래너는 날짜가 기재되어 있어 일정에 구조를 추가하고 새로운 계획 습관을 즉시 키울 수 있습니다! 시간별 플래너로 미루는 것을 극복하고 행복을 높이고 매일을 중요하게 만드세요 일상 계획에 아름다움을 더합니다: 화려한 샴페인 핑크 커버, 세련된 금박 글자, 금색 링 와이어 및 깔끔하고 사용하기 쉬운 레이아웃 - 날짜가 표시되지 않은 데일리 플래너의 화려하고 현대적인 미니멀리스트 디자인을 즐기세요!","ZICOTO 시간별 일정이 있는 '일일 할 일 플래너: 더 편안한 일상을 준비하세요! 시간이 손가락으로 흘러나오지 않도록 하세요. 하루를 스마트하게 정리하세요. 목표를 달성하고 해야 할 모든 것을 해결할 뿐만 아니라 더 중요한 것은 인생을 최대한 즐길 수 있다는 것입니다! ZICOTO 시간별 플래너는 하루를 간소화하고 작업에 구조를 추가하고 시간 관리를 개선하고 생산성을 높일 수 있는 훌륭한 도구입니다. 30분까지 하루를 추적하세요! 일일 작업 부하를 실행 가능한 시간 섹션으로 나누고 각 작업에 단계별로 집중하여 에너지를 현명하게 소비합니다. 새로운 계획 습관을 일상 생활에 부드럽게 통합할 수 있는 편안한 휴식 시간, 운동 및 완충 시간을 포함하는 것을 잊지 마세요. 결심을 건강한 일상으로 바꿀 수 있습니다. 삶을 향상시키는 습관? 마음과 영혼, 마음을 위한 축복! 일일 플래너를 사용하면 일정을 영리하게 정리할 수 있을 뿐만 아니라 일일 메모를 위한 전체 페이지 덕분에 아이디어, 목표 및 추가 생각을 종이에 넣을 수 있습니다. 160페이지 작업 플래너는 80일 동안 정리하고 계획을 세울 수 있는 충분한 공간을 제공합니다. 23.6 x 17.3cm(9.3 x 6.8인치) 플래너는 날짜가 표시되지 않았으므로 언제든지 시작할 수 있습니다. 정리 게임을 개선하기에는 너무 늦지 않았으며 얼마나 많은 혜택을 누릴 수 있는지 놀라실 것입니다. 현대적인 미니멀리스트 스타일로 아름답게 디자인된 노트 및 플래너 노트는 비즈니스 또는 개인 생활의 효율적인 구성을 촉진하고 마음 속에 공간을 확보하며 진정한 부가 가치를 제공합니다.","['계획', '작업', '정리', '일일', '노트', '일정', '일상', '페이지', '공간', '하루']"
사무용품,플래너 및 수첩,플래너,,B0BZH17MBY,"2024-2026 월간 플래너/달력 - 2년 월간 플래너 2024-2026년 7월 - 2026년 6월, 21.6cm x 27.9cm(8.5인치 x 11인치) 플래너, 2024-2026 플래너",Frasukis,6911,8296,4.6,194.0,"【플래너 2024-2026】2024-2026 월간 플래너는 2024년 7월부터 2026년 6월까지 3년 개요와 3년 휴일 참조가 있습니다. 2024-2026 학업 플래너에는 개인 정보 페이지와 8개의 연락처 페이지가 있어 가족, 친구 및 직장 동료 등의 기본 정보를 기록할 수 있습니다. 플래너 2024-2025는 유용한 비상 연결을 기록할 수 있는 4개의 중요한 연락처 페이지가 있어 연간 계획을 세울 수 있는 상세하고 명확한 관점을 제공합니다. 【월간 플래너】월간 플래너 2024-2026은 한 달 전체를 명확하게 볼 수 있어 더 명확한 관점을 제공합니다. 중요한 문제를 기록하거나 삶을 계획할 수 있는 충분한 글쓰기 공간, 계획을 세우는 모든 순간을 혁신할 수 있는 동기 부여 단어, 참조를 위한 3개월 달력 참조, 미리 계획하고 휴가를 준비하는 데 도움이 되는 강조 휴일을 제공합니다. 【아카데믹 플래너】 캘린더 플래너 2024-2026은 핑크 선셋의 잘 디자인된 커버가 있어 인생을 계획하거나 기록할 수 있는 충분한 필기 공간이 있습니다. 플래너 2024-2026의 과학적 날짜 계획 및 기능적 디자인으로 보다 효율적으로 목표를 달성할 수 있습니다. 【기능적인 디자인】잘 디자인된 커버 | 트윈 와이어 바인딩 | 연간 3개 개요 | 8개의 연락처 | 빠른 참조 정보 | 휴일 알림 | 율리우스 날짜 | 메모 섹션 | 월간 탭 | 양면 내부 포켓. 【시간 관리 및 효율성】플래너 2024-2026을 사용하면 날짜를 확인하고, 작업을 계획하고, 삶을 추적할 수 있어 인생에서 무슨 일이 일어나고 있는지 놓치지 않고 더 나은 미래를 보낼 수 있습니다.",,"['계획', '월간', '기록', '디자인', '참조', '휴일', '명확하다', '연락처', '날짜', '페이지']"
사무용품,플래너 및 수첩,플래너,,B0CQ853K9Z,"Artfan 월간 플래너 2024-2025 - 2024년 7월부터 2025년 12월까지 18일 월간 플래너, 2024-2025 월간 플래너, 22.9 x 27.9cm(9 x 11인치), 사피아노 가죽, 학교 및 사무실에 적합 - 블랙 가죽",Artfan,8296,8296,4.5,159.0,"☀️ 2024-2025 월간 플래너 - 18개월 플래너 2024년 7월 - 2025년 12월, 율리우스력 날짜와 공휴일이 표시된 18개월의 월간 페이지가 특징입니다. 다양한 색상을 사용할 수 있습니다. 기능성 & 스타일리쉬 - 자연스럽고 중요한 물건을 위한 오픈 스케줄링을 위한 줄이 없는 일일 블록. 월간 계획 페이지에서 과거, 현재 및 향후 6개월 참조. 전문적인 디자인 - 트윈 와이어 바인딩으로 360도 접을 수 있습니다. 2024-2025년 연간 개요/연락처 페이지 8개/암호 페이지 2개/빈 유선 페이지 24개/참조 휴일 3년. ☀️ 프리미엄 품질 및 고급스러움 - 두껍고 순수한 흰색 용지로 가장 열정적인 아티스트에게 저항력이 있어 잉크 누출을 줄이고 마모 및 음영 문제를 지우고 완전 비건 원료로 생산합니다 탭 및 포켓 - 매월 탭으로 구분됩니다. 느슨한 물건을 보관할 수 있는 양면 내부 포켓.",,"['월간', '페이지', '포켓', '참조', '탭', '가죽', '물건']"
사무용품,플래너 및 수첩,플래너,,B0CHNQSSDK,"Travelers 노트북 인서트 2024 2025, 여행자 노트 캘린더, 주간 및 월간 플래너 일일 리필, 레귤러 사이즈 TN 저널, 21.1 x 10.9cm(8.3 x 4.3인치), 5개 세트",UNIQUE HM&LN,13836,13836,4.7,16.0,"일반 TN 인서트 사이즈: 21.1 x 10.9 cm. 2024 2025 주간 및 월간 캘린더용 인서트 4개: 2024년 1월~6월 1개. 2024년 7월~12월 1개. 2025년 1월-6월 1개, 2025년 7월-12월 1개. 반년 동안 68페이지 1개. 2024년 인서트: P2-P13 캘린더, P14-P67 Weekly. 2025년: P2-P3 캘린더, P4-P13 주간. P14-P15 달력. P16은 매주 사용할 수 있습니다. 따라서 2025년 인서트용 월간 탭 스티커 1장이 있습니다. 매일 삽입물 1개. 날짜가 없는 디자인. 생산성 유지: 월간 캘린더 오거나이저 – 월간 전체 요금제. 주간 계획 - 주간 목표, 약속, 할 일 목록, 메모. 매일 - 오전 6시부터 오후 9시까지. 패키지: 5피스 인서트와 1장의 월간 탭 스티커.",,"['월간', '인서트', '캘린더', '주간', '월월', '스티커', '탭']"
사무용품,플래너 및 수첩,플래너,,B0C33PJGB3,"작업 조직을 위한 회의 노트 - 작업 아이템이 있는 작업 플래너 노트, 메모 작성을 위한 의제 플래너, 160페이지 (17.5 x 25.1cm(6.9 x 9.9인치)) 남성 및 여성용 프로젝트 플래너 - 블랙",Taja,11066,11066,4.6,784.0,"향상된 정리 및 효율성 - 신중하게 설계된 회의 노트 레이아웃은 회의 중에 정리된 상태를 유지할 수 있도록 도와줍니다. 날짜, 위치, 목표 및 참석자와 같은 주요 세부 정보를 쉽게 기록할 수 있습니다. 회의 메모를 쉽게 계획하고 작업 항목을 캡처할 수 있습니다. 노트북의 전문 목차는 쉽게 분류하고 특정 정보에 빠르게 액세스할 수 있어 전반적인 효율성과 구성을 향상시킵니다. 견고하고 오래 지속됨 - 바쁜 일정을 견딜 수 있도록 설계된 이 작업 노트는 방수 PP 커버, 양면 포켓 및 신축성 있는 클로저가 있어 내구성과 편리함을 향상시킵니다. 160페이지의 프리미엄 100gsm 용지로 잉크 번짐 없이 부드러운 필기 경험을 제공합니다. 트윈 와이어 나선형 바인딩으로 페이지를 쉽게 넘기고 오래 사용할 수 있습니다. 모든 회의를 위한 다용도 동반자 - 회의, 컨퍼런스 및 브레인스토밍 세션에 참석하는 모든 전문가 및 개인에게 적합한 이 회의 노트는 경영진, 프로젝트 관리자, 팀 리더, 학생 및 효율적인 정리와 효과적인 메모 작성을 원하는 모든 사람에게 유용한 도구입니다. 회의 효율성 향상 - 회의 노트를 활용하면 회의 세부 사항을 효과적으로 관리하고 간소화하여 토론, 결정 및 작업 항목을 정확하게 캡처하고 정리할 수 있습니다. 이는 보다 효율적인 워크플로를 촉진하여 회의 중과 후에 정보를 쉽게 참조하고 검색할 수 있습니다. 110% 품질 및 서비스 - 고객 만족을 최우선으로 합니다. 제품에 품질 문제가 있거나 어떤 이유로든 완전히 만족하지 못하셨다면 즉시 제품을 교환해 드리겠습니다. 아마존 메시지를 통해 저희에게 연락하시면 저희 전담팀이 번거롭지 않은 절차를 보장합니다. 저희는 제품의 품질에 자신이 있으며 가능한 최고의 고객 서비스를 제공하기 위해 노력합니다.",,"['회의', '노트', '작업', '효율', '향상', '정리', '페이지', '메모', '작성', '팀']"
사무용품,플래너 및 수첩,플래너,,B0CJ8NJVPC,"2024-2025 플래너 - 주간 및 월간 플래너 2024-2025, 22.9 x 27.9cm(9 x 11인치), 플래너 2024-2025, 2024년 7월부터 2025년 6월까지, 내부 포켓, 프리미엄 종이, 트윈 와이어 바인딩, 삶을 생산적으로 만드세요 - 블랙",WORPICE,10373,10373,4.7,165.0,"2024-2025 플래너 - 이 주간 월간 플래너 플래너는 2024년 7월부터 2025년 6월까지 22.9 x 27.9cm(9 x 11인치)(A4 사이즈)입니다. 12개의 월간 페이지와 53개의 주간 페이지가 특징이며, 2024-20년에 쉽게 학년도 계획 및 일정을 잡을 수 있습니다. 25. 잉크 번짐 방지 - 주간 월간 플래너 2024-2025는 우수한 잉크 번짐 방지를 위해 설계된 프리미엄 종이로 만들어져 번짐에 대한 걱정 없이 월별 보기 페이지에서 일정을 계획하고 장기 계획을 세울 수 있습니다. 내구성이 뛰어나고 쉬운 사용 - 2024-2025 학술 플래너는 유연하고 방수 기능이 있는 블랙 커버가 있어 일년 내내 지속적으로 사용할 수 있습니다. 강력한 트윈 와이어 바인딩과 넘기기 쉬운 페이지로 플래너를 쉽게 평평하게 놓고 언제 어디서나 아이디어를 쓸 수 있습니다. 정리된 상태 유지 - 이 2024-2025 주간 월간 플래너 2024-2025로 일, 주, 월 또는 학년도를 계획하세요. 정리하고 삶의 우선 순위를 정할 수 있습니다. 연초에 목표를 설정하면 약속을 추적하고 매일 목록을 작성하고 2024-2025년에 목표를 관리 및 달성할 수 있습니다! 훌륭한 선물 선택 - 12개의 월간 페이지와 53개의 주간 페이지, 12개의 월간 탭, 내부 포켓이 있는 이 2024-2025 캘린더 플래너는 일상 계획, 메모 작성 및 직장, 학교 및 집에서 휴대할 수 있습니다. 친구, 학생, 교사, 어린이, 가족 구성원, 특히 생일, 기념일, 크리스마스, 새해 선물로 바쁜 사람을 위한 이상적인 선물입니다.",,"['월간', '주간', '페이지', '계획', '선물', '쉽다', '정리', '종이', '일정', '방지']"
사무용품,플래너 및 수첩,플래너,,B0CTNSF71P,"2024년 8월-2025년 7월 디럭스 교사 플래너 노트 21.6 x 27.9cm(8.5 x 11인치) 일일 주간 월간 오거나이저, 7가지 기간, 포켓 폴더, 날짜 달력, 페이지 탭, 책갈피 및 계획 스티커 (레인보우 오크)",Global Printed Products,54624,33877,4.8,1275.0,"디럭스 교사 플래너: 21.6cm x 27.9cm, 풀 컬러, 9개의 탭 섹션, 5개의 스티커 시트, 책갈피 및 포켓 폴더 날짜: 2024년 8월 - 2025년 8월. 52주 동안의 계획 페이지가 포함되어 있습니다. 상단에서 5일, 옆면 아래로 7일 간격. 성적/출석을 위한 14개의 로그 페이지(또는 7개의 더블 페이지 스프레드)가 있습니다. 각 페이지에는 35개의 행과 20개의 열이 있습니다. 패셔너블한 디자인: 고품질, 내구성 및 학년 내내 사용할 수 있도록 제작되었습니다. 포함: 월간 달력 계획 페이지, 주간 달력 계획 페이지, 학생 목록, 커뮤니케이션 로그, 연간 개요 계획, 일일 일정 차트, 좌석 배치 차트 및 그리드, 성적 및/또는 출석 기록, 메모 페이지. 보장 품질: 고품질의 튼튼하고 오래 사용할 수 있도록 제작되었습니다. Excello Global Products에서 제작. 저희는 가족 소유 미국 회사이며 50년 이상 고품질 제품을 만들어 왔습니다",,"['페이지', '계획', '제작', '달력', '폴더', '책갈피', '날짜', '월간', '일일', '디럭스']"
사무용품,플래너 및 수첩,플래너,,B0BZ2BHBFW,"PAPERAGE 17개월 학업 플래너 2024-2025, 주간 및 월간 스프레드, 2024년 8월 - 2025년 12월, 라지(22.9cm x 27.9cm(9인치 x 11인치)), 블랙",PAPERAGE,26245,23475,4.7,411.0,"PAPERAGE 2024-2025 아카데믹 플래너 주간 및 월간: 이 학술 플래너는 17개월(2024년 8월 - 2025년 12월)을 커버하며 월간 및 주간 페이지 스프레드를 제공합니다. 내구성이 뛰어나고 유연한 새롭고 향상된 커버로 나선형으로 바인딩되었습니다. 우수한 구조: 스타일과 실용성을 염두에 두고 전문적으로 제작된 이 플래너에는 내구성 있는 커버가 있는 평평한 나선형 바인딩, 라미네이트 탭이 포함되어 있어 휴일 날짜, 연락처 및 수업 일정이 포함된 보너스 페이지와 장소를 쉽게 찾을 수 있습니다. 잉크 고스팅은 필요 없음: 당사의 100gsm 중성 용지는 일반 플래너보다 두껍기 때문에 번짐에 대한 걱정 없이 자신 있게 펜을 사용할 수 있어 대학생, 교사, 전문가 및 취미자에게 완벽하게 맞춤화됩니다. 넓은 주간 및 월간 뷰: 매일 약속, 알림 및 계획을 작성할 수 있는 충분한 공간. 각 주간 스프레드에 대한 한 눈에 참조를 통해 계획을 쉽게 세울 수 있습니다. 보너스 페이지: 이 주간 및 월간 플래너에는 수업 일정, 메모, 연락처, 휴일 및 중요한 날짜를 위한 추가 공간이 포함되어 있어 중요한 회의, 숙제, 날짜 및 이벤트를 기록하거나 할 일 목록 및 알림을 쉽게 설정할 수 있습니다. 완벽한 사이즈: 이 22.9 x 27.9cm(9 x 11인치) 플래너는 백팩이나 작업 가방에 보관하기에 완벽한 크기입니다. 책상 위에 평평하게 놓아 할 일 목록을 확인할 수 있습니다. 합리적인 가격의 프리미엄 제품: 노트북, 사무용품, 캘린더, 플래너 및 정리함에 신선하고 다채로운 색상으로 고품질의 제품을 제공하기 위해 최선을 다하고 있습니다.",,"['주간', '월간', '완벽하다', '스프레드', '페이지', '커버', '날짜', '휴일', '중요하다', '연락처']"
사무용품,플래너 및 수첩,플래너,,B0006HVGTG,"NotePro 날짜 없는 데일리 플래너, 블랙, 200 페이지, 27.9 x 21.6cm(11 x 8-1/2인치)",Blueline,33226,33226,4.6,3156.0,"NotePro 날짜가 없는 데일리 플래너, 블랙, 200 페이지, 27.9 x 21.6 cm(11 x 8.5인치) (A30C.81) 왼쪽에는 날짜가 없는 데일리 플래너가 있으며 오른쪽에는 줄처진 여백이 있습니다 오전 7시부터 오후 11시까지 30분 간격으로 일정을 정할 수 있습니다.",단단한 도마뱀 같은 블랙 커버가 있는 트윈 와이어 바인딩. 왼쪽에는 날짜가 없는 데일리 플래너가 있으며 오른쪽에는 줄처진 여백이 있습니다 오전 7시부터 오후 11시까지 30분 간격으로 일정을 정할 수 있습니다. 200 페이지. 자체 접착식 탭과 보관 포켓. 최소 30%의 재활용 소재로 만든 재활용 종이.,"['일리', '날짜', '블랙', '페이지', '일정', '여백', '오른쪽', '오전', '오후', '왼쪽']"
사무용품,플래너 및 수첩,플래너,,B0CZ1XX7PS,"AT-A-GLANCE 플래닝 노트, 21.6cm x 27.9cm(8-1/2인치 x 11인치), 라지, 날짜 없음, 참조 캘린더 포함, 계획. 쓰기. 기억하세요., 블랙 (7062090525)",AT-A-GLANCE,33503,29694,4.6,29.0,"업데이트된 계획 - 날짜가 없는 계획 노트에는 상단에 열린 날짜 상자가 있는 168개의 줄이 있는 천공 계획 페이지가 포함되어 있습니다 일년 내내 지속됨 - ACCO Brands는 구매일로부터 1년 이내에 반품되는 결함이 있는 AT-A-GLANCE 플래너를 교체합니다. 이 은 오용이나 남용으로 인한 손상에는 적용되지 않습니다. 일일 보기 - 각 페이지에는 각 페이지 하단에 중요한 세부 정보를 추적할 수 있는 핫스팟 알림 섹션이 있습니다. 펼쳤을 때 2년의 참조 캘린더가 특징입니다. 구멍이 뚫린 페이지의 크기는 21.6cm x 27.9cm(8-1/2인치 x 11인치)입니다. 특수 기능 - 느슨한 시트를 보관할 수 있는 양면 보관 포켓이 포함되어 있습니다 현대적인 디자인 - 번지 클로저는 모든 것을 안전하게 유지하며, 내구성이 뛰어난 블랙 커버와 트윈 와이어 바인딩으로 걸림을 방지하고 페이지를 안전하게 보호합니다","AT-A-GLANCE 플랜으로 모든 마감일, 특별 이벤트 등을 자신 있게 마주하세요. 쓰기. 날짜가 없는 계획 노트를 기억하세요. 일년 내내 사용할 수 있습니다. * 이 날짜가 표시되지 않은 노트에는 상단에 열린 날짜 상자가 있는 168개의 줄이 있는 천공 계획 페이지가 있습니다. 각 페이지에는 각 페이지 하단에 중요한 세부 정보를 추적할 수 있는 핫스팟 알림 섹션이 있습니다. 펼쳤을 때 2년의 참조 캘린더가 특징입니다. 구멍이 뚫린 페이지의 크기는 21.6cm x 27.9cm(8-1/2인치 x 11인치)입니다. 낱장을 보관할 수 있는 양면 보관 포켓이 포함되어 있습니다. 모든 것을 함께 보관할 수 있는 노트북으로 하루를 관리하세요. 번지 클로저는 모든 것을 안전하게 보호하며, 내구성이 뛰어난 블랙 커버와 트윈 와이어 바인딩은 걸림과 페이지를 안전하게 보호합니다. * ACCO 브랜드는 구매일로부터 1년 이내에 반품된 결함이 있는 AT-A-GLANCE 노트북을 교체합니다. 이 보증은 오용이나 남용으로 인한 손상에는 적용되지 않습니다.","['페이지', '계획', '날짜', '안전하다', '노트', '캘린더', '참조', '블랙', '보호', '양면']"
사무용품,플래너 및 수첩,플래너,,B0CFZWL2GW,"Weekly To Do List 메모장 52장의 티어 오프 시트(21.6cm x 27.9cm(8.5인치 x 11인치)) - 여성 및 남성, 직장 및 가정을 위한 날짜 없는 주간 책상 플래너-바이올렛 위스퍼",Taja,13836,9404,4.7,471.0,"간편한 작업 관리: 주간 할 일 목록 메모장은 작업 관리를 위한 완벽한 시스템을 제공합니다. 체크리스트, 최우선 순위 섹션, 낮은 우선 순위 섹션 및 후속 섹션이 포함되어 있어 작업을 효과적으로 분류하고 우선 순위를 지정할 수 있습니다. 간단한 일일 계획: 사용자 친화적인 메모장을 사용하여 하루를 쉽게 계획하세요. 월요일부터 일요일까지 섹션을 사용하면 각 요일에 대한 작업을 쉽게 계획하고 예약할 수 있습니다. 약속, 알림 또는 중요한 메모 등 모든 것을 정리할 수 있는 전용 공간이 있습니다. 편리한 티어 오프 시트: 날짜가 없는 메모장은 52장의 떼어내는 시트를 제공하여 매주 새로운 시작을 제공합니다. 완성된 페이지를 분리하고 새로 시작하면 할 일 목록을 최신 상태로 유지하고 깔끔하게 유지할 수 있습니다. 어디를 가든 생산성을 유지하거나 책상 위에 편리하게 보관할 수 있습니다. 계획 경험 향상: 할 일 목록 메모장의 프리미엄 품질 디자인에 빠져보세요. 디테일에 주의를 기울여 꼼꼼하게 제작된 이 제품은 31.8kg(70파운드)의 부드러운 종이와 어디에서나 쓸 수 있는 튼튼한 뒷면을 자랑합니다. 다용도 및 신뢰성: 신뢰할 수 있는 주간 플래너로 다양성을 수용하세요. 사무실 또는 개인용으로 모든 환경에 맞게 설계된 이 제품은 최고의 계획 동반자입니다. 일 년 내내 내구성을 보장하여 조직적이고 목표에 집중할 수 있습니다.",,"['계획', '메모장', '작업', '섹션', '유지', '목록', '주간', '순위', '시트', '새롭다']"
사무용품,플래너 및 수첩,플래너,,B084T5Q9CC,"Undate To Do List by Bright Day Daily Task Checklist 데일리 플래너 할 일 목록 노트 날짜 없는 플렉스 커버 나선형 오거나이저 습관 추적기 21.6 x 16.2cm(8.25 x 6.25인치), 로즈 골드",Bright Day Calendars,13836,9681,4.6,3684.0,"정리된 상태 유지: 재미있는 개인 플래너로 할 일 목록을 확인하세요. 날짜가 없는 고성능 의제 불렛 저널로 하루의 작업, 집안일 및 심부름을 나열하세요. 일일 작업은 편리한 순서로 강조되어 우선 순위를 정하고 진행하면서 확인할 수 있습니다. 기억해야 할 시간은 중요한 전화 통화, 회의 또는 하차 시간을 추적하는 데 도움이 됩니다. 뒷면 커버의 포켓과 습관 추적기 페이지 포함. 피트니스 섹션은 시간을 찾는 것이 어려울 수 있기 때문에 다이어트 및 피트니스 저널에 일상적인 신체 활동을 설명합니다. 또한 H2O 트래커로 수분을 유지하세요. 식사 및 간식 140페이지 데이 플래너는 식사 계획을 세우는 데 도움이 되어 식사 계획을 세우는 데 도움이 됩니다. 잘 계획된 목록 메모장을 사용하면 일상 생활의 생산성이 향상됩니다. 완벽한 선물: 크리스마스, 비밀 산타, 흰 코끼리 사무실 파티 또는 가족 교환, 동료, 친구, 생일, 기념일 또는 멋지고 사려 깊은 놀라움. 구매하기 어려운 사람에게 이상적이며 막바지 선물 아이디어입니다.",,"['식사', '목록', '계획', '도움', '추적', '습관', '커버', '유지', '일상', '작업']"
사무용품,플래너 및 수첩,플래너,,B0CHSLZJ1T,"Global Printed Products, 2024 플래너 캘린더 12.7 x 20.3cm(5 x 8인치) : 14개월 포함 (2023년 11월부터 2024년 12월까지) / 2024년 주간 플래너/주간 아젠다/월간 캘린더 오거나이저 (블랙/브라운)",Global Printed Products,17935,17935,4.6,691.0,"지금 사용 시작: 2023년 11월부터 2024년 12월 미디엄 사이즈: 이 2024 포켓 캘린더는 약 12.7cm x 20.3cm(5x8인치) 크기입니다. 특징: 월간 플래너 / 주간 플래너 / 연간 플래너 깔끔하고 전문적인 형식: 2024, 2025 및 2026용 미니 월간 캘린더, 플래너 뒷면에 16개의 추가 노트 페이지, 주당 2페이지, 월 2페이지. 방수 커버: 2024 엠보싱 처리된 클래식 블랙 & 브라운 커버 데이 플래너.",,"['캘린더', '페이지', '주간', '월간', '커버', '브라운', '블랙', '형식', '시작', '오거나이저']"
사무용품,플래너 및 수첩,플래너,,B0D2VLQ9C2,"Planner 2025 - 탭과 포켓이 있는 월간 플래너,",Artfan,22146,19376,5.0,1.0,월간 개요 - 탭 및 포켓 및 라벨 - Ea 전문적인 디자인 기능성 & 스타일리시함 - 프리미엄 품질 및 고급스러움 -,,"['포켓', '탭', '월간', '프리미엄', '전문', '스타일리시', '라벨', '디자인', '고급스럽다', '개요']"
사무용품,플래너 및 수첩,플래너,,B0CTGSMT57,"업그레이드된 플래너 2024-2025 A5, 스티커 탭이 있는 날짜 없는 가죽 하드커버 플래너, 오거나이저 노트북, 주간 목표 플래너, 일일 플래너, 할 일 목록, 습관 추적기, 미학, 학교 또는 사무실",BLESWIN,9265,9265,4.5,100.0,"UNDATED 일일 주간 플래너, 언제든지 시작: 플래너는 날짜가 지정된 다른 플래너와 달리 날짜가 지정된 플래너와 달리 페이지를 낭비하지 않고 일년 내내 언제든지 작업/목표를 계획할 수 있어 죄책감 없이 유연성을 제공합니다. 플래너 노트는 일, 주, 월에 집중하여 정리되어 있습니다. 정리 유지 및 생산성 향상 플래너: 바쁜 일과 일상 생활의 균형을 맞추고 생산성을 높이고 삶의 목표를 달성하고 싶다면 단기 및 장기 목표를 월별, 주간 및 일일 의제로 분류하여 계획을 쉽게 만들 수 있습니다. 이 오거나이저 플래너는 완벽한 솔루션입니다. 기능적인 월간 및 주간 플래너: 월간 보기 페이지에는 월별 계획 및 추적을 위한 일일 쓰기 블록이 포함되어 있습니다. 이번 달의 목표/승리/다음 주 개선을 위한 명확한 시야로 삶에 영감을 주는 블록. 주간 계획 페이지는 줄 없는 글쓰기 공간, 주의 주요 목표/다음 주 개선, 할 일 목록, 습관 추적기 및 점 영역을 제공하여 일상을 정리할 수 있습니다. 효율적인 오거나이저 노트 플래너 개요: BLESWIN UNDATED 플래너 노트에는 빠른 참조 정보, 비밀번호 메모, 연락처, 날짜가 없는 월간 페이지 및 주간 페이지, 메모 작성을 위한 노트 페이지가 포함되어 있습니다. 참고: 월간 및 주간 섹션은 분리되어 있으며, 앞면에는 먼저 월간 캘린더가 있고 그 다음에는 주 단위로 이동합니다. 정교하고 독특한 학업 플래너: 휴대용 A5 플래너(14.9cm x 21.6cm(5.7인치 x 8.5인치), 마모를 방지하기 위한 둥근 모서리가 있는 가죽 커버. 두꺼운 용지는 잉크 번짐을 줄이고 더 부드럽게 쓸 수 있습니다. 펜 루프, 리본 책갈피, 클로즈업 탄성 밴드가 함께 제공됩니다. 여성, 남성, 남아, 여아를 위한 완벽한 작업/저널 플래너.",,"['주간', '월간', '페이지', '노트', '계획', '일일', '날짜', '오거나이저', '추적', '정리']"
사무용품,플래너 및 수첩,플래너,,B0CLXTMNP7,"2024 플래너 - 플래너 2024, 2024년 1월 - 2024년 12월, 20.3 x 25.4cm(8 x 10인치), 2024 주간 및 월간 플래너, 2024 플래너/달력 나선형 바인딩, 튼튼한 커버, 월간 인쇄 탭, 두꺼운 종이, 트윈 와이어 바인딩",Vindora,8988,9390,4.6,719.0,"2024 플래너 개요 - 이 사랑스러운 플라워 플래너 2024는 2024년 1월부터 2024년 12월까지 12개월을 커버합니다. 유용한 크기로 20.3 x 25.4cm(8 x 10인치)의 일일 계획 및 일정을 세울 수 있는 넓은 공간을 제공합니다. 월간 페이지 - 이 플래너 2024의 월간 계획 페이지에는 줄이 그어진 일일 블록이 있는 12개의 월간 캘린더 개요가 포함되어 있습니다. 페이지 모서리에 휴일 알림, 줄이 그어진 노트 섹션 및 (과거, 현재 및 미래) 3개의 월간 참조 캘린더가 있으며, 모두 적어 두는 데 도움이 되는 줄이 있습니다. 이 모든 것이 더 나은 월간 요금제를 마련하는 데 도움이 됩니다. 주간 페이지 - 주간 계획 페이지에서 이 2024 주간 및 월간 플래너는 월요일부터 일요일까지의 날짜를 두 페이지에 명확하게 나열합니다. 매일 계획을 위한 줄 지어 있는 공간과 추적할 수 있는 작은 확인란이 있어 일일 계획을 더 빨리 완료할 수 있습니다. 주 페이지 상단에는 참조할 수 있는 3개월 달력이 있습니다. 기능적인 디자인 - | 스탬핑 하드커버 | 계획 페이지 | 프리미엄 두꺼운 용지 | 연락처 | 빠른 참조 정보 | 강력한 트윈 와이어 바인딩 | 연간 개요 | 휴일 | 월간 탭 장식 또는 선물 - 이 2024 플래너는 아름다운 브론징 패턴 커버와 두꺼운 종이로 만들어져 잉크 번짐을 잘 제공하므로 삶을 장식할 수 있을 뿐만 아니라 연인, 친구 및 가족에게 선물로도 사용할 수 있습니다.",,"['월간', '페이지', '계획', '주간', '개요', '바인딩', '두껍다', '커버', '일일', '참조']"
사무용품,플래너 및 수첩,플래너,,B0CMD5N3J3,"JUBTIC 시간별 일일 플래너 날짜 없음, 2024-2025 주간 및 월간 플래너 약속 책, 달력 포함, 생산성을 높이기 위한 할 일 목록 노트북 학업 플래너(로즈 골드, A5)",JUBTIC,11066,11066,4.1,61.0,"✓ 정리된 상태를 유지하고 시간을 최대한 활용하세요. JUBTIC 데일리 플래너는 그 어느 때보다 쉽게 집중하고 목표를 추적하며 스트레스를 줄이고 매일 더 많은 자유 시간을 즐길 수 있게 해줍니다. 또한 월간 및 주간 플래너로, 주간 계획 및 월간 캘린더 페이지 스프레드가 있는 연간 플랜이 특징입니다. 일정, 우선 순위, 할 일 및 일일 메모 섹션에 계획 및 아이디어를 적어 두십시오. ✓ 1시간 시간 블록 예약: JUBTIC 2024 플래너는 매일 26주 레이아웃으로 일일 일정을 정리할 수 있습니다. 오전 7시부터 오후 8시까지 1시간 간격으로 삶을 계획할 수 있습니다. 시간별 일정은 가장 중요한 목표에 집중하고 시간을 효과적으로 관리합니다. 우선 순위 및 후속 업무를 계획하여 하루를 추적하고 생산성을 향상시킵니다. ✓ 프리미엄 디자인 및 실용적인 사용: 이 하드커버 시간별 플래너 커버는 프리미엄 골드 포일 비건 가죽으로 만들어졌으며 적당한 사이즈, 14.7cm x 21.1cm(5.8 x 8.3인치), 사무실과 가정에 적합합니다. 책갈피 리본이 함께 제공되어 원하는 페이지를 표시할 수 있습니다. 펜 홀더 1개, 뒷면에 느슨한 물건을 넣을 수 있는 포켓 1개, 로즈 골드가 있는 다채로운 스티커 2장은 약속서를 맞춤 설정할 수 있도록 도와줍니다. 강력한 트윈 와이어 바인딩은 저널을 더 강하게 만들고 계획 여정을 향상시킵니다. ✓ 날짜가 없고 독특한 레이아웃 - 대부분의 날짜가 있는 플래너와 달리, 당사의 오거나이저 노트는 날짜가 기재되어 있어 페이지를 낭비하지 않고 언제든지 사용할 수 있습니다. 당사의 연간 플래너에는 자기 인식 페이지, 비전 보드 페이지, 참조 캘린더 1개, 목표 페이지, 7개의 월간 날짜 표시되지 않은 캘린더, 26주 일일 페이지 및 일일 일정을 면밀히 추적할 수 있는 주간 계획이 포함되어 있습니다. 아이디어, 생각을 적고 일정 요구 사항을 수용할 수 있는 추가 노트 페이지로 학생과 교사에게 적합합니다. ✓ FSC 두꺼운 용지 & 100% 만족 보장. – 당사의 할 일 목록 플래너는 고품질 환경 용지로 만들어져 일반 용지보다 부드럽고 두껍고 잉크 저항성이 뛰어납니다. 눈을 보호하고 좋은 필기 경험을 선사합니다. 당사의 플래너가 친환경적이고 사회적으로 책임이 있음을 보장합니다. 저희 계획 노트에 만족하지 못하셨다면 언제든지 100% 만족 보장으로 전액 환불해 드립니다.",,"['페이지', '계획', '일정', '일일', '날짜', '주간', '월간', '노트', '추적', '캘린더']"
사무용품,플래너 및 수첩,플래너,,B0BWSSWNZB,"S&O 정리용 날짜 없는 일일 플래너 - 시간별 일정이 있는 나선형 플래너 - 일일 할 일 목록 - 작업 정리함 노트 - 200페이지, 22.9 x 27.3cm(9 x 10.75인치)",Sweetzer & Orange,20705,20705,4.6,402.0,"권한 부여를 위한 도구 — 이 대형 데일리 플래너 노트로 가능한 가장 생산적인 방법으로 시간을 사용하세요. 집중력을 유지하고 방해 요소를 피하기 위해 사전에 의제를 설정하세요. 이 노트 플래너는 일과 개인 생활을 효과적인 구조로 결합했습니다 세부 사항 유지 — 근무일을 관리하세요. 이 일일 할 일 플래너로 시간별로 일정을 관리하세요. 작업 목록을 만들고, 후속 연락처를 기록하고, 날짜가 표시되지 않은 플래너의 지정된 공간에 일반 메모를 적거나 프로젝트 플래너 노트로 사용하세요 개인 생활이 중요합니다 — 휴식은 일만큼이나 중요합니다. 이 데일리 오거나이저 플래너로 사교 행사, 명상 및 파워 낮잠을 위한 시간을 차단하세요. 목표를 달성하고 친구 및 가족과 함께 즐거운 시간을 보내세요. 모든 것을 할 수 없다고 누가 말합니까? 이동 중에도 휴대할 수 있도록 제작 — 이 업무용 약속 플래너는 120gsm 양면 용지로 제작되었습니다. 튼튼한 커버는 사무실에서 체육관으로 가져갈 때 과도한 사용을 견딜 수 있습니다. 내장 새시로 중단한 부분을 정확히 파악하고 어디에 있든 바로 비즈니스를 시작할 수 있습니다 Go-Getter 라이프스타일 지원 — 대학생이든 소규모 비즈니스 소유자이든 이 일상 작업 플래너는 시간을 현명하게 보낼 수 있도록 도와줍니다. 이 일일 플래너로 고객 회의 일정을 잡고, 마케팅 아이디어를 브레인스토밍하고, 할 일 목록을 확인하여 계속 진행하세요",,"['일일', '노트', '목록', '일정', '작업', '제작', '날짜', '비즈니스', '유지', '일리']"
사무용품,플래너 및 수첩,플래너,,B08VDG216Z,"2024-2025 포켓 플래너/달력 - 2024년 7월 - 2025년 6월, 학업 플래너, 포켓 캘린더/플래너 2024-2025 주간 및 월간, 16.3x9.8cm(6.3x3.8인치), 펜 루프, 뒷면 포켓, 신축성 있는 클로저, 노트 페이지",MaaIbok,5526,5526,4.6,950.0,"포켓 플래너 2024-2025 - 포켓 주간/월간 플래너는 2024년 7월부터 2025년 6월까지 12개월을 커버합니다. 이 2024-2025 포켓 플래너는 16.3 x 9.5cm(6.3 x 3.8인치)입니다. 지갑, 코트 또는 셔츠 주머니에 쉽게 넣을 수 있는 컴팩트한 크기의 포켓 플래너의 모든 기능. 또한 주간 일정을 작성, 계획 및 실행할 수 있는 강력한 플래너입니다. 실용적인 포켓 플래너 - 2024년 7월부터 2025년 6월까지, 2024-2025 포켓 플래너는 포켓 사이즈로 휴대가 간편합니다. 작지만 바쁜 생활을 하고 정리된 상태를 유지할 수 있도록 충분한 필기 공간을 제공합니다. 각 월간 스프레드에는 해당 월의 개요와 메모 섹션이 포함되어 있으며, 월간 보기와 함께 예정된 계획을 상기시켜줍니다! 놀라운 디자인 - 스레드 바인딩 레이 플랫 디자인 | 튼튼한 펜 홀더 | 뒷면 포켓 | 리본 책갈피 2개 | 12개의 월간 탭 인쇄 | 신축성 있는 클로저 밴드 | 펜 루프 | 프리미엄 두꺼운 용지 | 안전을 유지하기 위한 둥근 모서리. Creative Pocket Planner 2024-2025 - 연방 공휴일은 모든 중요한 휴일을 상기시키고 삶을 효율적으로 관리하기 위해 강조되어 있습니다. 또한 빠른 날짜 확인과 유선 노트 페이지를 위한 2년 참조 달력이 있습니다. 완벽한 리프트 오거나이저 - 포켓 플래너 2024-2025는 매월 전체 월간 보기 페이지를 제공하여 더 자세한 계획을 세울 수 있습니다. 친구 및 가족과 공유할 수 있는 특별한 선물.",,"['포켓', '월간', '주간', '계획', '펜', '페이지', '디자인', '클로저', '상기', '유지']"
사무용품,플래너 및 수첩,플래너,,B0BPS1YPWT,"Moleskine 2024 주간 플래너, 12M, 엑스트라 라지, 블랙, 하드 커버 (19.1 x 25.4cm(7.5 x 10인치))",Moleskine,37713,31204,4.7,2577.0,"Moleskine 주간 플래너: 당사의 주간 플래너는 비즈니스 및 여행 계획, 드로잉 및 스케치 다이어리, 독서 저널, 대학/학업 계획 및 기타 전문 프로젝트에 적합합니다 생산성 향상: Moleskine 월간 및 주간 플래너에는 캘린더 그리드, 할 일 목록 페이지, 불렛 저널링 및 기타 프로젝트 추적 스타일이 포함되어 있어 목표를 쉽게 달성할 수 있습니다 선물 품질 플래너: Moleskine 하드 또는 소프트커버 플래너와 저널은 줄이 그어진 페이지나 줄이 없는 페이지로 제공됩니다. 내구성이 뛰어난 바인딩 및 커버는 일상적인 일기, 쓰기 및 스케치를 위해 설계되었습니다 디럭스 페이지: 하드커버 노트, 소프트커버 노트, 카이에 또는 볼란트 저널 또는 플래너의 두꺼운 아이보리 종이 페이지는 볼펜, 만년필 또는 연필로 쓰기에 완벽한 질감을 제공합니다 Moleskine 품질: 당사는 문화, 여행, 기억, 상상력 및 개인의 정체성을 물리적 및 디지털 모두에 전념하고 있습니다. 노트북, 가방, 앱, 스마트 펜 및 노트북에 이러한 노력을 기울입니다","Moleskine 주간 노트는 1월부터 12월까지 날짜가 표시됩니다. 왼쪽에 주의 약속을 표시하고 오른쪽에 메모와 아이디어를 위한 유선 페이지를 표시하도록 포맷된 이 제품은 노트북의 자유를 통합하는 편리하고 다재다능한 플래너입니다. - 2024년 1월부터 12월까지 날짜 - 다양한 색상으로 제공되는 하드 및 소프트 커버 - 둥근 모서리, 신축성 있는 클로저 및 어울리는 리본 책갈피 - 아이보리 색상, 70g/m², 중성 종이. - 유용한 도구: 달력, 여행 계획, 아이디어 및 목표, 메모를 위한 유선 페이지. - 계획을 맞춤 설정할 수 있는 스티커와 척추용 연도 스티커. - 색상이 조화를 이루는 확장 가능한 내부 포켓. - '분실의 경우' 통지가 플라이리프에 인쇄되어 있습니다. - 평평하게 눕고 180°에서 열립니다. - 치수: 19.1cm x 24.7cm - 이 Moleskine 물체의 종이는 잘 관리되고 FSC® 인증 숲 및 기타 통제된 출처의 소재로 만들어졌습니다.","['페이지', '주간', '커버', '계획', '종이', '노트', '소프트', '하드', '표시', '여행']"
사무용품,플래너 및 수첩,플래너,,B0CXPFVL92,"2024-2025 플래너 - 20.3 x 25.4cm(8 x 10인치) 플래너, 주간 및 월간, 2024년 7월부터 2025년 6월까지, 나선형 제본, 내부 포켓이 있는 대형 달력 플래너 2024-2025, 학교 및 사무실 일정에 적합",MaaIbok,11758,11758,4.8,60.0,"2024-2025 플래너 - 이 주간 월간 플래너 플래너는 2024년 7월부터 2025년 6월까지 20.3 x 25.4cm(8 x 10인치)이며 12개의 월간 페이지와 53개의 주간 페이지가 있어 학년도 계획 및 일정을 쉽게 할 수 있습니다. 또한, 매주 옆에 1장의 노트 페이지가 있어 세부 일정을 더 편리하게 적어 둘 수 있습니다. 월간 페이지 - 플래너 2024-2025의 월간 페이지는 글쓰기를 위해 2.5 x 3.8cm(1 x 1.26인치) 크기의 유선 필기 블록을 제공하며, 휴일은 중요한 날짜를 상기시켜줍니다. 일상 할 일 목록, 생각, 기억을 쓸 수 있는 큰 노트 섹션. 주간 페이지 - 이 2024-2025 주간 및 월간 플래너의 각 주간 페이지는 2장을 차지합니다. 하나는 일주일 내내 사용할 수 있는 규칙을 제공합니다. 다른 하나는 추가 내용을 쓸 수 있는 전체 줄이 있는 노트 페이지입니다. 2024-2025 플래너 기능 - 빠른 참조 정보 1개 + 2024-2025년 연간 개요 + 2024-2026년 휴일 + 연락처 페이지 2개 + 월간 페이지 12개월 + 주간 및 노트 페이지 53장 | 신축성 있는 클로저 | 내부 포켓 | 프리미엄 종이 | 나선형 바운드 | 판지 커버 |. 완벽한 선택 - 튼튼한 나선형 바인딩이 있는 2024-2025 주간 및 월간 플래너로 360° 평평하게 놓을 수 있습니다. 가장 중요한 일에 집중하고 보다 체계적인 삶을 즐기고 싶다면 대형 캘린더 플래너 2024-2025가 완벽한 선택입니다.",,"['페이지', '월간', '주간', '노트', '나선형', '일정', '중요하다', '내부', '대형', '선택']"
사무용품,플래너 및 수첩,플래너,,B0CXCFFVCW,"2024-2025 플래너 - 2024년 7월 - 2025년 6월, 주간 및 월간 플래너, 20.3cm x 25.4cm(8인치 x 10인치), 학술 플래너, 2024-2025 달력 플래너, 인쇄 탭, 유연한 커버, 프리미엄 종이, 휴일, 트윈 와이어 바인딩",Tersus,13143,13143,4.4,84.0,"2024-2025 플래너 개요 - 이 2024-2025 플래너는 주간 및 월간 2024년 7월부터 2025년 6월까지 12개월을 커버합니다. 사이즈는 20.3 x 25.4cm(8 x 10인치)이며 학교 가방이나 핸드백에 넣기 편리하며 학교나 사무실에 적합합니다. 월간 계획 - 월간 보기 페이지에는 일일 계획을 위해 4.2 x 4.3cm(1.65 x 1.7인치) 줄이 있는 일일 블록이 포함된 월간 개요가 포함되어 있습니다. 장기 정리를 위한 과거, 현재 및 미래의 월 참조 달력. 오른쪽의 노트 섹션에 아이디어, 생각 등을 적어 둘 수 있습니다. 표시된 주요 휴일은 각 중요한 날짜를 알려줍니다. 주간 계획 - 이 플래너 2024-2025의 각 주간 페이지에는 월요일부터 일요일까지 할 일 목록을 위한 충분한 공간이 있습니다. 한 가지를 마친 후 한 품목을 체크할 수 있습니다. 주간 보기 페이지는 명확한 주간 보기로 매일을 추적하는 데 도움이 됩니다. 주요 특징 - 20.3 x 25.4cm(8 x 10인치) 월간 및 주간 페이지 | 빠른 참조 정보 | 2024-2025년 연간 개요 | 2024-2026년 휴일 | 연락처 페이지 | 두꺼운 용지 | 유연한 커버 | 트윈 와이어 바인딩 | 인체 공학적 디자인 - 이 2024-2025 플래너의 다채로운 꽃이 있는 유연한 커버는 부드러운 촉감을 가지고 있습니다. 튼튼한 트윈 와이어 바인딩과 둥근 모서리 디자인으로 사용하기 쉽고 휴대가 간편합니다. 이 2024-2025 플래너를 구입하고 삶을 더 효율적으로 만드세요!",,"['주간', '월간', '페이지', '커버', '개요', '계획', '와이어', '유연하다', '트윈', '휴일']"
사무용품,플래너 및 수첩,플래너,,B0CTM95NLN,"SUNEE 17개월 주간 및 월간 소프트커버 플래너 14 x 21.1cm(5.5 x 8.3인치) (2024년 8월-2025년 12월), 소형 학년도 달력 플래너, 내부 포켓, 100GSM 용지, 유연한 가죽 소프트 커버, 퍼플",SUNEE,17991,7742,4.2,4.0,"2024-2025 전문 플래너 - 유연하고 부드러운 인조 가죽 커버 플래너는 2024년 8월부터 2025년 12월까지 모든 계획 및 일정 요구 사항을 충족하는 17개월의 월간 및 주간 페이지가 특징이며 크기는 14 x 21.1cm(5.5 x 8.3인치)입니다. SUNEE 플래너는 사용하기 쉬운 간단한 레이아웃이 특징이며, 일정을 자유롭게 계획할 수 있는 넓은 필기 공간을 제공합니다. 월간 개요 - 각 날짜 상자는 충분한 필기 공간을 제공하며 이전 및 다음 달의 참조, 인기 있는 휴일이 있는 빈 일일 블록, 쉬운 장기 프로젝트 및 약속 일정을 위한 율리우스 날짜가 포함되어 있습니다. 내장된 리본 책갈피를 사용하여 저널을 쉽게 탐색할 수 있습니다. 가장 소중한 페이지로 쉽게 넘겨서 생각을 정리하고 쉽게 접근할 수 있습니다. 주간 개요 - 점선 페이지가 포함되어 있으며 월요일부터 일요일까지 스프레드가 포함되어 있어 인기 있는 휴일 및 월 참조 미리보기와 함께 쓰기 공간을 제공하여 약속, 메모 및 일일 작업 관리가 쉽습니다. 프리미엄 소프트 가죽 커버 - 2024-2025학년도 비건 가죽 커버 플래너는 100gsm 종이로 만들어져 잉크 번짐을 방지하고 플래너의 깨끗한 외관을 유지합니다. 14 x 21.1cm(5.5 x 8.3인치) 사이즈는 글쓰기 및 스케줄링을 위한 충분한 공간을 제공합니다. 튼튼한 노트북은 배낭, 서류 가방 및 자동차 안팎에서 자주 옮기는 것을 견딜 수 있습니다. 가성비! 추가 기능: 2024-2025 일일 주간 및 월간 플래너에는 2024-2025 캘린더, 빠른 참조, 연락처 페이지, 연간 일정의 중요한 날짜, 월간 섹션, 점선 메모 페이지, 휴일 목록, 내부 포켓이 포함되어 있습니다. 일 년 내내 정리하고 사용하기 쉽습니다!",,"['커버', '페이지', '월간', '주간', '가죽', '일정', '공간', '날짜', '참조', '휴일']"
사무용품,플래너 및 수첩,플래너,,B09FKC5X7R,"월간 플래너 2023-2024 - 월간 플래너 2023-2024 18개, 2023년 7월부터 2024년 12월까지, 22.9 x 27.9cm(9 x 11인치), 탭 포함, 가죽 캘린더 플래너, 내부 포켓+연락처+비밀번호 포함",Frasukis,6911,6911,4.6,1753.0,"전체 연도 현대 및 비즈니스 계획 - 대형 플래너는 2023년 7월부터 2024년 12월까지 18개월을 커버합니다. 페이지 크기는 22.9 x 27.9cm(9 x 11인치)이며 서류 가방이나 책상에 놓기에 완벽한 크기입니다. 부드러운 가죽 커버, 컬링 및 보관이 쉽고, 일상 생활에 현대적인 전문성의 시크한 브라운 색상을 더합니다. 내구성이 뛰어난 골드 와이어-O 바인딩으로 평평한 방향으로 오래 지속되는 플래너를 만들 수 있습니다. 월간 관리 - 각 월간 스프레드에는 해당 월의 개요가 포함되어 있으며 내구성이 뛰어난 코팅 탭 칸막이는 오래 지속됩니다. 바쁜 라이프 스타일에 맞는 장기 계획을 위해 월간 보기 페이지의 6개월 캘린더를 참조하십시오. 일일 스프레드에는 일일 일정이나 일일 메모를 기록할 수 있는 공간(4.5 x 5.1cm(1.8 x 2인치) 빈 상자)이 포함되어 있습니다. 양면 투명 내부 포켓 - 투명한 내부 슬리브 포켓은 양면으로 되어 있어 좋아하는 사진, 목록 등을 보관할 수 있습니다. 프리미엄 품질의 커버로 사진을 개인화된 사진이나 자체 그린 삽화에 보관할 수 있습니다. 프리미엄 두꺼운 용지 - 2023-2024 월간 플래너는 평소보다 두꺼운 밝은 흰색 용지를 사용하여 잉크가 통과하거나 페더링되지 않도록 설계되었습니다. 대부분의 펜에 적합하지만 가장 젖은 만년필 잉크입니다. 아카이브 품질의 페이지는 중성 종이로 만들어졌으며 빛과 공기에 의한 손상을 방지합니다. 특징 정리 - 월간 플래너에는 플래너 오른쪽에 18개의 월간 탭이 배열되어 있습니다. 몇 달을 빠르게 찾을 수 있도록 사용하기 편리합니다. 플래너 전면에 있는 3개의 모듈 페이지는 2023-2025년 연간 개요/휴일/개월 개요입니다. 플래너 뒷면에 있는 3개의 모듈 페이지는 2개의 암호 페이지/8개의 연락처 페이지/25개의 추가 메모 작성 페이지가 있습니다. 게다가, 수도 및 시간대는 플래너 뒤에 있습니다.",,"['월간', '페이지', '일일', '내부', '커버', '탭', '페이', '사진', '포켓', '개요']"
사무용품,플래너 및 수첩,플래너,,B0B4RMJDBF,"2023-2024 플래너 - 주간 월간 플래너 2023-2024, 2023년 7월부터 2024년 6월까지의 달력 플래너, 신축성 있는 클로저가 있는 아젠다, 내부 포켓, 15.5 x 21.6cm(6.1 x 8.3인치)",Lemome,9681,9681,4.7,598.0,"연간 개요 - 2023년 및 2024년 연간 개요를 제공하는 2023-2024 플래너는 빠른 참조 정보 페이지, 휴일 페이지 및 연락처 페이지가 있어 편리하게 정리할 수 있습니다. 월간 페이지 - 플래너 2023-2024에는 3.6 x 2.8cm(1.4 x 1.1인치) 빈 일일 블록, 장기 계획을 위한 이전, 현재 및 다음 달 참조 달력, 메모 또는 오늘 요약을 위한 노트 섹션이 포함된 월간 개요가 포함되어 있습니다. 주간 페이지 - 계획 및 휴일을 위한 충분한 공간이 있는 주간 페이지가 있는 이 아젠다 플래너는 현재 날짜에 알림됩니다. 기능적인 디자인 - 2023-2024 주간 월간 플래너를 위한 강력한 트윈 와이어 바인딩, 평평한 360° + 빠른 참조를 위한 12개의 월간 탭 + 일부 물건을 보관할 수 있는 뒷면 내부 포켓 + 플래너를 닫은 상태로 유지하기 위한 신축성 있는 클로저. 주요 정리 - 하드커버 디자인 + 방수 커버 + 빠른 참조 정보 + 2023-2024년 연간 개요 + 2023-2025년 휴일 + 라운드 코너 디자인.",,"['페이지', '월간', '개요', '주간', '참조', '휴일', '디자인', '빠르다', '연간', '클로저']"
사무용품,플래너 및 수첩,플래너,,B07HKGGSY5,"월간 플래너/캘린더 2023-2024 - 2023-2024 월간 플래너, 2023년 7월 - 2024년 12월, 탭 및 포켓 및 라벨, 연락처 및 비밀번호가 있는 18개월 플래너, 21.4cm 6 cm x 2 Artfan 7.9cm(3.1인치), 두꺼운 종이, 트윈 와이어 바인딩 - 블랙",Artfan,19376,8185,4.6,16389.0,"★ 월간 개요 - 2023년 7월부터 2024년 12월까지 18개월 플래너, 율리우스력 날짜와 휴일이 표시된 18개월 월간 페이지가 특징입니다. ★ 탭 & 포켓 & 라벨 - 매달 탭으로 분리됩니다. 느슨한 물건을 보관할 수 있는 양면 내부 포켓. 2023-2024 월간 플래너에는 명확한 라벨링 및 보관이 가능한 커버 라벨이 함께 제공됩니다. ★ 전문적인 디자인 - 트윈 와이어 바인딩으로 360도 접을 수 있습니다. 2023-2026년 연간 개요/중요 연락처/연락처 페이지 8개/암호 페이지 4개/노트 페이지 12개/휴일 ★ 기능적이고 스타일리시함 - 개방형 일정 관리를 위한 줄이 없는 일일 블록과 자발적이고 중요한 아이템을 위한 노트 열. 월간 계획 페이지에서 과거, 현재 및 4개의 향후 월간 참조. ★ 프리미엄 품질 및 고급스러움 - 두껍고 순수한 백지, 플래너는 가장 열정적인 아티스트에게 강하여 잉크 누출을 줄이고 마모 및 음영 문제를 지우고 완전 비건 원료로 중성 환경 친화적인 제품입니다.",,"['월간', '페이지', '라벨', '연락처', '탭', '포켓', '두껍다', '노트', '와이어', '휴일']"
사무용품,플래너 및 수첩,플래너,,B09TGRZRYD,"달력 플래너 2023-2024 - 2023년 7월 - 2024년 12월 달력 플래너, 19.3 x 25.9cm(7.6 x 10.2인치), 2023-2024 달력 플래너, 18개월 플래너, 양면 보관 포켓 포함, 프리미엄 두꺼운 종이, 블루",UtyTrees,13836,11066,4.6,250.0,"다기능 캘린더 2023-2024 플래너: 2023년 7월부터 2024년 12월까지 18개월, 개인 정보, 연락처 32개, 웹사이트 비밀번호 20개, 휴일을 3년 동안 커버합니다. 그리고 메모를 위한 2페이지도 있습니다. 더 큰 달력 책 월간: 19.3cm x 25.9cm. 이 월간 캘린더 플래너는 일과 삶을 계획할 수 있는 충분한 공간이 있는 대형 그리드(4.1cm x 4.1cm(1.6 x 1.6인치))가 특징입니다. 월간 개요: 매월 2페이지를 다룹니다. 일일 블록(4.1 x 4.1cm(1.6 x 1.6인치)) 및 참조 캘린더 3개월 및 월간 초점. 내부 포켓: 캘린더 및 월간 플래너에는 영수증과 스티커를 보관할 수 있는 내장 포켓이 있습니다. 프리미엄 두꺼운 용지: 번짐 방지 두꺼운 용지(100g/sm)은 잉크 누출과 페더링 걱정 없이 더 나은 필기 경험을 제공합니다.","달력 플래너 2022 - 2022년 1월 - 2023년 6월 달력 플래너, 21.6cm x 27.9cm(8-1/2인치 x 11인치), A4 2022 달력 플래너, 18개월 플래너, 양면 보관 포켓 포함, 두꺼운 프리미엄 종이, 레드","['달력', '월간', '포켓', '캘린더', '두껍다', '프리미엄', '양면', '페이지', '보관', '종이']"
사무용품,플래너 및 수첩,플래너,,B0CTLG1JY4,"2024년 8월-2025년 7월 라이트 교사 수업 플래너 노트 21.6 x 27.9cm(8.5 x 11인치) 일일 주간 월간 오거나이저 - 7가지 기간, 날짜 달력, 페이지 탭, 책갈피 및 계획 스티커 포함 (레인보우 오크)",Global Printed Products,40095,40095,4.7,865.0,"경량 교사 플래너 - 디럭스 플래너의 가벼운 21.6 x 27.9cm(8.5 x 11인치) 버전에는 7가지 기간, 날짜 달력, 페이지 탭, 책갈피 및 계획 스티커가 포함되어 있습니다. 날짜: 2024년 8월 - 2025년 7월. 52주 동안의 계획 페이지가 포함되어 있습니다. 상단에서 5일, 옆면 아래로 7일 간격. 성적/출석을 위한 10개의 로그 페이지(또는 5개의 이중 페이지 스프레드)가 있습니다. 각 페이지에는 35개의 행과 20개의 열이 있습니다. 패셔너블한 디자인 - 고품질, 내구성 및 학년 내내 사용할 수 있도록 제작되었습니다. 구성 - 일일 일정 차트, 좌석 배치 차트 및 메모 페이지. 품질 보장 - 고품질의 튼튼하고 오래 사용할 수 있도록 제작되었습니다. Excello Global Products에서 제작. 저희는 가족 소유 미국 회사이며 50년 이상 고품질 제품을 만들어 왔습니다",,"['페이지', '계획', '날짜', '제작', '달력', '스티커', '일일', '구성', '교사', '기간']"
사무용품,플래너 및 수첩,플래너,,B0CRJSNRNX,"POPRUN Planner 2024-2025 주간 노트북 21.6 x 26.7cm(8.5 x 10.5인치), 학업 캘린더 (JUL.24 - 6월 25일) 월간 탭 포함, 나선형 소프트 커버, 내부 포켓, 100 GSM - 소프트 핑크",POPRUN,27686,32782,4.5,62.0,"►주당 1페이지 및 가로 라인 페이지: 이 주간 플래너(7월. 2024 - 6월. 2025), 매주 넉넉한 주간 페이지 레이아웃과 라인 페이지로 글을 쓸 수 있는 충분한 공간이 보장됩니다. 빠른 검색 기능: 월간 탭을 사용하면 현재 날짜를 빠르게 탐색하고 찾을 수 있습니다. 게다가, 떼어낸 모서리와 책갈피 리본이 추가되어 원하는 페이지를 표시할 수 있습니다. 추가 페이지 - 이 학술 플래너에는 ""2024-2025 연간 개요"" 페이지 + ""2024-2025 휴일 및 캘린더"" 페이지 + 연락처 페이지 + 비밀번호 페이지 + 비용 페이지+ 생일 및 중요 날짜 +가로줄 페이지 + 아이디어, 생각 또는 적어 두기 위한 점선 노트 페이지도 포함되어 있습니다. 에 다른 어떤 다른 행복 일 디테일. 두꺼운 용지 - 프리미엄 100GSM 무산성 아이보리 용지를 사용하여 실크처럼 매끄럽게 쓰고 잉크 방지 기능이 있어 최고의 필기 경험을 제공합니다. 💡►FSC 인증 - 지속 가능한 숲의 생태 종이를 사용하고 화학 물질에 대한 유럽 공동체 규정 준수 및 안전한 사용에 대한 당사의 약속입니다.",,"['페이지', '주간', '용지', '소프트', '추가', '캘린더', '월간', '탭', '날짜', '라인']"
사무용품,플래너 및 수첩,플래너,,B0B97R4YXR,"2024-2025 플래너 - A5 주간 및 월간 플래너 나선형 바인딩, 2024년 7월 - 2025년 6월, 16.3cm x 21.6cm(6.4인치 x 8.5인치) 플래너, 유연한 커버, 탭, 강력한 트윈 와이어 바인딩, 내부 포켓, 핑크",Heveboik,10512,10512,4.6,1088.0,"2024-2025 플래너 - 2024년 7월부터 2025년 6월까지 이 플래너 2024-25는 12개월의 주간 및 월간 페이지를 커버하므로 일년 내내 쉽게 계획하고 정리할 수 있습니다. 사이즈는 16.3 x 21.6cm(6.4 x 8.5인치)이며 백팩이나 작업 가방에 적합합니다. 월간 - 이 2024-2025 플래너에는 각 월간 스프레드에는 휴일, 전월 및 다음 달 캘린더 및 메모 섹션이 포함된 월 개요가 포함되어 있습니다. 메모와 디테일을 위한 충분한 공간 주간 - 주간 스프레드에는 일일 일정, 자세한 약속 및 활동을 기록하고 주간 보기로 모든 요일을 명확하게 추적할 수 있는 충분한 공간이 포함되어 있습니다 탭 및 포켓 - 매달 플래너 2024-2025는 라미네이트 탭으로 분리되어 있으며, 티켓, 카드, 종이 등과 같은 느슨한 물건을 보관할 수 있는 내부 포켓 프리미엄 두꺼운 용지 - 이 2024 2025 데일리 플래너는 백지로 평소보다 20% 두껍습니다. 이 플래너의 용지는 잉크 방지 기능이 있으며 페더링을 방지하도록 설계되었습니다. 아카이브 품질의 페이지는 중성 종이로 만들어졌으며 빛과 공기에 의한 손상을 방지합니다.","이 컴팩트한 2024-2025 주간 및 월간 플래너(2024년 7월 - 2025년 6월) 크기는 16.4cm x 21.6cm(6.4인치 x 8.5인치)입니다. 간단한 페이지 디자인과 중요한 정보를 모두 담을 수 있는 충분한 공간. 12개월 플래너에는 다음이 포함되어 있습니다: 연간 개요(2024-2025년 달력), 휴일 연간 목표 연락처 페이지 중요 날짜 12개월 달력 섹션, 53주 섹션, 12개의 노트 페이지(라인). 각 월간 스프레드에는 해당 월의 개요와 노트 섹션이 포함되어 있습니다. 12개월 달력, 월 2페이지. 메모와 디테일을 위한 충분한 공간. 각 월간 캘린더 뒤에는 5개의 주간 페이지, 주당 2페이지가 이어집니다. 주간 스프레드에는 일일 일정, 약속, 활동, 주의 집중, 할 일 목록/목표를 기록하고 주간 보기로 모든 일을 명확하게 추적할 수 있는 충분한 공간이 포함되어 있습니다. 이 독특한 월간 및 주간 플래너는 고품질 100gsm 백지를 사용하여 쉽게 쓰고 잉크 누출을 줄이고 마모 및 음영 문제를 지우고 약속, 할 일 및 알림을 위한 깨끗한 필기 공간을 제공합니다. 이 월간 및 주간 플래너는 만년필, 젤 펜, 롤러 펜, 볼펜, 형광펜, 연필 등에 잘 반응합니다. 내부 페이지를 잘 보호하기 위한 견고하고 유연한 커버, 부드러운 글씨를 위한 두꺼운 종이, 강한 트윈 와이어 바인딩, 티켓, 카드, 종이 등과 같은 느슨한 물건을 보관할 수 있는 튼튼한 플라스틱 포켓. 이 모든 디테일은 고품질을 보여줍니다. 학교, 직장 또는 가정을 위한 플래너, 오거나이저, 학업 의제 또는 노트 패드에 적합하며 훌륭한 선물이 됩니다. 지금 이 멋진 월간 및 주간 플래너로 일상을 계획하고 만들고 일정을 잡으세요.","['주간', '월간', '페이지', '공간', '충분하다', '섹션', '스프레드', '포켓', '종이', '노트']"
사무용품,플래너 및 수첩,플래너,,B0CFKLVTYP,"2024-2026 월간 포켓 플래너/달력 - 3년 월간 플래너 2024-2026년 1월 - 2026년 12월(36개월), 16 x 9.7cm(6.3 x 3.8인치), 61개의 노트 페이지, 내부 포켓, 책갈피 2개, 펜 홀더 및 신축성 있는 클로저",MaaIbok,8296,8296,4.7,224.0,"3년 내내 계획 - 2024-2026 월간 포켓 플래너는 2024년 1월부터 2026년 12월까지 36개월을 커버하므로 장기 계획에 적합합니다. 작고 작고 컴팩트하며 약 9.7 x 16cm(3.8 x 6.3인치) 크기로 중요한 날짜, 마감일, 특별 이벤트 등을 추적합니다. 월간 개요 - 매월 장기 계획에 적합한 두 개의 전체 페이지를 다룹니다. 또한, 2 x 2.5cm(0.8 x 1인치) 줄이 없는 일일 블록은 오픈 스케줄링을 위한 충분한 공간을 제공합니다. 또한 이전 및 다음 월간 참조 달력의 2개월은 연중 계획 및 추적이 더 쉽습니다. 또한 노트 섹션에는 할 일 목록, 아이디어, 생각 등을 적어 둘 수 있습니다. 두꺼운 용지 - 두꺼운 용지는 부드러운 필기 경험을 제공하며 잉크 페더링과 누출에 대한 걱정 없이 일정을 계획할 수 있습니다. 개선된 고품질 백지는 누출 방지를 위해 설계되어 3년 계획을 깔끔하고 읽기 쉽게 유지합니다. 특징 - 15.5 x 9.1cm(6.1 x 3.6인치) 계획 페이지 | 하드커버 | 펜 홀드 | 내부 포켓 | 연간 개요 | 휴일 | 61개의 노트 페이지 | 연락처 | 신축성 있는 클로저 | 하이라이트 연방 휴일 | 평평하게 놓기 | 페이지 칸막이 | 향상된 정리 - 향후 3년 전에 계획을 세우세요! 3년 만에 어떤 다른 사람이 될 수 있을지 결코 알 수 없을 것입니다! 이 3년 포켓 캘린더는 장기적인 목표를 달성하고 정리 기술을 향상시키고 더 나은 버전이 되는 데 도움이 됩니다. 포일 악센트가 있는 내구성이 뛰어나고 우아하며 부드러운 촉감의 가죽 같은 하드커버는 직장, 학교 또는 가정에서 차분하고 세련된 단순함을 발산합니다. 사용하기 쉬운 플래너로 모험을 시작합시다!",,"['계획', '월간', '포켓', '페이지', '장기', '노트', '휴일', '클로저', '용지', '부드럽다']"
사무용품,플래너 및 수첩,플래너,,B085LDHJ95,"Nokingo 3팩 여행자 노트북 달력, 여행자 노트 인서트, 날짜가 없는 여행자 노트 월간, 10.8 x 21cm(4.25 x 8.25인치) 여행자 노트 캘린더 인서트",Nokingo,12437,12437,4.6,799.0,"월간 다이어리 - 10.8cm x 21cm(4.25인치 x 8.25인치) 크기의 여행자용 노트북 캘린더, 250gsm 브라운 크래프트 커버, 100gsm 내부 페이지. 스티치 두꺼운 크림 용지 - 여행자 노트 월간 주간 인서트는 100% 재활용 100gsm 부드러운 크림 용지로 쉽게 쓰고 잉크 누출, 마모 및 음영 문제를 줄여줍니다. 색상 강도를 음소거하는 크림 종이. 눈 보호에 좋습니다 달력 리필 - 각 여행자 노트 캘린더 인서트는 오른쪽에 4개의 월간 달력, 메모 및 할 일 섹션이 있으며, 5개의 주간 스프레드가 있어 일일 일정을 적어 둘 수 있는 충분한 공간이 있습니다. 주간 또는 월간 보기로 모든 요일을 명확하게 추적할 수 있습니다 간편한 사용 - 2페이지의 주간 스프레드가 있는 여행자 노트 리필에는 일일 일정, 자세한 약속 및 활동을 기록하고 모든 일을 명확하게 추적할 수 있는 줄이 있습니다 비용 절약 - 여행자 노트는 매월 64페이지가 포함된 3개의 여행용 노트 캘린더 인서트로 판매되며 추가 비용을 절약할 수 있습니다. 매일 사용하기에 완벽하거나 훌륭한 선물이 됩니다","10.8 x 21cm(4.25 x 8.25인치) 크기의 이 독특한 여행용 노트 인서트는 일기를 정리하고 일정을 정리할 수 있는 세련되고 다재다능하며 개별적인 방법을 제공합니다. 날짜가 기재되어 있기 때문에 모든 달의 새로운 일일 달력을 시작하는 데 적합합니다. 특정 월 초에 강제로 시작하지 않아도 됩니다. 각 소책자에는 일일 계획을 위한 총 31일의 별도 일이 있으므로 매월 일기 항목, 약속, 할 일 목록, 메모, 메뉴, 식료품 목록 또는 운동 계획을 기록할 수 있습니다. 매월 한 번 스프레드 - 왼쪽 페이지에는 매일 요일과 메모와 할 일 섹션이 오른쪽에 표시됩니다. Sovereign-Gear 스타일 및 스타일 표준 리필 가능한 여행용 노트 인서트와 호환됩니다. 이 여행자 노트 캘린더 3팩을 사용하여 불렛 노트 저널에 매일 입력하고 쓰기, 일기 보관 및 메모를 위해 리필 가능한 일기를 정리하세요. 32장 / 64페이지의 고품질 100gsm 부드러운 크림 용지가 있어 쉽게 쓰고 잉크 누출, 마모 및 음영 문제를 줄여줍니다. 색상 강도를 음소거하는 크림 용지로 눈 보호에 좋습니다. 지금 이 여행자 노트를 매달 사용하고 여행자 노트 리필을 시작하세요.","['노트', '여행자', '캘린더', '월간', '페이지', '크림', '리필', '주간', '일기', '일일']"
사무용품,플래너 및 수첩,플래너,,B0C9GTM5W1,"2024 월간 플래너 - 월간 플래너/달력 2024년 1월 - 2024년 12월, 22.5 x 29cm(8.8 x 11.4인치), 월간 탭, 인조 가죽, 포켓, 노트 페이지 25장, 비밀번호, 트윈 와이어 바인딩, 두꺼운 용지 - 블랙",MaaIbok,8296,8296,4.7,120.0,"시간 관리 - 2024년 1월 - 2024년 12월(22.5cm x 29cm(8.8인치 x 11.4인치)) 클래식 연간 및 월간 플래너 2024는 고급 텍스처로 12개월의 월간 페이지를 커버하여 계획, 일정 및 추적이 쉽습니다. 이 2024 월간 플래너는 명확하고 전문적인 스타일로 모든 마감일, 특별 이벤트, 회의, 약속 등을 파악할 수 있도록 도와줍니다. 월간 개요 - 이 2024년 월간 달력의 매월 두 페이지로 구성되어 있어 장기 계획에 적합합니다. 또한 4.6 x 5.1cm(1.8 x 2인치) 줄이 없는 일일 블록은 오픈 스케줄링을 위한 충분한 공간을 제공하며 매월 일일 계획을 위한 충분한 공간을 제공합니다. 이전 및 다음 월간 참조 캘린더와 오래 지속되는 탭 칸막이로 일년 내내 쉽게 계획하고 추적할 수 있습니다. 놀라운 정리 - 모든 중요한 휴일을 상기시키기 위해 강조된 연방 공휴일. 장기 계획을 위한 3년 개요 달력. 25개의 유선 노트 페이지로 생각, 아이디어, 인용문 등을 적어 둘 수 있습니다. 전화/주소 페이지에서 주요 연락처를 관리합니다. 양면 내부 포켓에 헐렁한 물건을 보관할 수 있습니다. 매끄러운 디자인 - 포일 악센트가 있는 내구성이 뛰어나고 우아하며 부드러운 촉감의 가죽 커버는 환경 친화적입니다. 이 월간 플래너 2024는 직장, 학교 또는 가정에서 차분하고 세련된 단순함을 발산합니다. 현대적이고 내구성이 뛰어나며 튼튼한 트윈 와이어 디자인으로 플래너를 360° 뒤집고 평평하게 놓을 수 있어 효율적으로 쓸 수 있습니다. 두꺼운 종이 - 이 2024 월간 플래너의 두꺼운 용지는 부드러운 필기 경험을 제공하며 잉크 페더링과 누출에 대한 걱정 없이 일정을 계획할 수 있습니다. 또한, 개선된 고품질 백지는 누출 방지를 위해 설계되어 계획을 깔끔하고 읽기 쉽게 유지합니다.",,"['월간', '계획', '페이지', '구성', '두껍다', '달력', '일정', '장기', '매월', '탭']"
사무용품,플래너 및 수첩,플래너,,B0B7LBZ3CS,"날짜 없는 일일 플래너 - A5 할 일 목록 노트 시간별 스케줄, 여성 및 남성용 나선형 약속 플래너, PVC 하드커버, 내부 포켓, 신축성 있는 클로저, 14.7 x 21.1cm(5.8 x 8.3인치), 핑크",Heveboik,13780,13780,4.5,572.0,"날짜가 표시된 일일 플래너 - 일일 플래너는 날짜가 없습니다. 하루를 놓치거나 그날 퇴근 중이라면 페이지를 낭비할 필요가 없습니다. 언제든지 이 일정 플래너를 사용하세요. 일일 작업 관리로 더 스마트하게 작업 - 날짜가 표기되지 않은 이 일일 플래너는 5가지 주요 우선 순위, 9개의 할 일 목록, 오전 6시-오후 8시까지의 일일 일정, 메모 및 아이디어 및 물 섭취를 위한 공간이 포함되어 있습니다. 하루를 몇 시간 동안 나누고 효과적으로 작업할 수 있도록 도와줍니다. A5 사이즈 - 날짜가 표시되지 않은 이 데일리 오거나이저 사이즈는 21.6 x 14.7cm(8.5 x 5.8인치)로 가방에 넣을 수 있는 완벽한 크기입니다. 빠른 참조 페이지 1개, 연락처 페이지, 중요한 날짜 페이지 75장(150페이지) 일일 계획 및 메모, 8개의 도트 그리드 페이지, 날짜 없는 약속 플래너로 언제든지 플래너를 쉽게 시작할 수 있습니다. 우수한 품질 - 잉크 누출을 줄이고 마모 및 음영 문제를 지우기 위해 100gsm 두께의 종이로 된 할 일 목록 플래너입니다. 튼튼하고 유연한 PP 커버로 내부 페이지를 잘 보호합니다. 강한 금속 및 평평한 트윈 와이어 바인딩, 티켓, 카드 등과 같은 느슨한 물건을 보관할 수 있는 내부 포켓이 있는 플래너, 플래너를 보호하기 위한 신축성 있는 클로저. 완벽한 용도 - 이 데이 플래너는 목표, 작업, 약속, 프로젝트, 작업, 습관 등을 추적할 수 있는 유연한 구조를 특징으로 합니다. 학교, 직장 또는 가정을 위한 플래너, 오거나이저 또는 학업 의제에 적합하며 가족, 친척 또는 친구에게 훌륭한 선물이 됩니다","일일 플래너는 날짜가 적혀 있지 않으며, 크기는 14.7 x 21.6cm(5.8 x 8.5인치)입니다. 하루를 놓치거나 그날 퇴근 후 페이지를 낭비할 필요가 없는 경우 언제든지 이 일정 플래너를 사용하세요. 날짜가 표시되지 않은 이 A5 일일 플래너에는 5개의 주요 우선 순위, 9개의 할 일 목록, 오전 6-오후 8시의 일일 일정, 메모 및 아이디어 및 물 섭취를 위한 공간이 포함되어 있습니다. 하루를 몇 시간으로 나누고 효과적으로 작업할 수 있도록 도와줍니다. 1개의 빠른 참조 페이지, 연락처 페이지, 중요한 날짜 페이지 및 75시트(150페이지) 일일 계획 메모, 8d가 있는 날짜가 있는 날짜가 없는 일일 플래너입니다. 도트 그리드 페이지, 도트 그리드 페이날짜가 없는 약속 플래너로 언제든지 플래너를 쉽게 시작할 수 있습니다. 100gsm 두께의 종이로 된 할 일 목록 플래너는 잉크 누출, 마모 및 음영 문제를 줄입니다. 튼튼하고 유연한 PP 커버로 내부 페이지를 잘 보호합니다. 튼튼한 금속 및 레이플랫 트윈 와이어 바인딩, 티켓, 카드 등과 같은 느슨한 물건을 보관할 수 있는 내부 포켓이 있는 플래너, 플래너를 보호하기 위한 신축성 있는 클로저.","['페이지', '날짜', '일일', '작업', '내부', '목록', '하루', '보호', '메모', '약속']"
사무용품,플래너 및 수첩,플래너,,B0CTLBZCT9,Global Printed Products AY 2024-2025 주간 월간 플래너 20.3cm x 25.4cm(8 x 10인치): 14개월 2024년 6월 - 2025년 7월 (블랙),Global Printed Products,22104,16176,4.6,287.0,"14개월 플래너 (2024년 6월부터 2025년 7월까지) 라지 사이즈: 20.3cm x 25.4cm 월간 스프레드 2페이지, 주간 스프레드 2페이지 신축성 있는 클로저가 있는 유연한 방수 커버 스티치 인 페이지 마커 포함",,"['페이지', '주간', '월간', '스프레드', '클로저', '커버', '유연하다', '신축', '스티치', '블랙']"
사무용품,플래너 및 수첩,플래너,,B0CQT63ZGH,"POPRUN Planner 2024-2025 (16.5인치 x 8.5인치) 학년도 달력(2024년 7월 - 2025년 6월), 시간별 시간 슬롯 포함, 시간 관리를 위한 2024 주간 플래너, 가죽 소프트 커버 - 브라운",POPRUN,55386,25470,4.7,1042.0,"►2024년 7월 - 2025년 6월 아카데믹 플래너 - 사이즈는 (16.5cm x 21.6cm(6.5인치 x 8.5인치))로 넓은 필기 공간을 허용합니다. 학생들이 학교 일정에 맞게 완벽하게 제작되었습니다. 💡►수직 시간 레이아웃 - 주간 레이아웃에는 쓸 수 있는 충분한 공간이 포함되어 있습니다(오전 7시부터 오후 8시까지). 일주일 동안 2페이지로 볼 수 있습니다. 각 월간 레이아웃에는 해당 월의 개요와 메모 섹션이 포함되어 있습니다. 빠른 검색 기능: 월간 탭을 사용하면 현재 날짜를 빠르게 탐색하고 찾을 수 있습니다. 게다가, 떼어내는 모서리와 책갈피 리본이 추가되어 원하는 페이지를 표시할 수 있습니다. 추가 기능 페이지 - 이 2024년 주간 플래너에는 ""2024-2025 연간 개요"" 페이지 + ""2024-2025 휴일 및 캘린더"" 페이지 + 월간 비용 페이지+ 연락처 및 비밀번호 페이지 + 7개의 점선 메모 페이지가 포함되어 있어 아이디어, 생각 또는 기타 행복한 것들을 적어 둘 수 있습니다. 자세히 자세히 자세히 FSC 두꺼운 용지 - 지속 가능한 숲의 생태학적 100GSM 용지를 사용하여 실크처럼 매끄럽게 글씨를 쓸 수 있으며 잉크에 강하여 최고의 필기 경험을 제공합니다.",,"['페이지', '레이아웃', '주간', '월간', '자세하다', '공간', '추가', '용지', '빠르다', '메모']"
사무용품,플래너 및 수첩,플래너,,B0C73DX8HH,"플래너, 할 일 목록이 있는 날짜 없는 일일 플래너, ADHD용 365일 플래너, 여성 남성용 아젠다, 목표 설정을 위한 시간별 플래너 노트, 달력이 있는 생산성 오거나이저, 21.1 x 14.7cm(8.3 x 5.8인치) (블루)",Asten,19916,19916,4.6,138.0,"【날짜 없는 연간 플래너】2024 일일 플래너는 날짜가 표시되어 페이지를 낭비하지 않고 쉽게 집을 수 있습니다. 각 페이지는 5개의 최우선 순위, 3개의 미리 알림, 8개의 할 일 목록, 오전 6시부터 오후 11시까지의 일정, 물 섭취, 건강 및 피트니스, 메모 및 아이디어를 위해 7개의 섹션으로 나뉩니다. 하루를 몇 시간으로 나누고 건강한 일과 삶의 균형을 촉진하여 정리된 상태를 유지하도록 도와줍니다. 【연중 할 일 플래너】연간 목표를 설정하고 계획을 안내하는 마인드 맵을 만드는 것부터 시작하세요. 작업 플래너에는 중요한 날짜를 표시하는 12개의 날짜 없는 월간 캘린더와 1년 동안 계획을 세울 수 있는 366개의 날짜가 표시되지 않은 일일 계획 페이지가 포함되어 있습니다. 일상적인 요구 사항을 위한 추가 페이지에는 빠른 참조 페이지 1개, 전화 및 주소 페이지 1개, 연간 캘린더 페이지 1개, 휴일 페이지 1개, 연간 리뷰 페이지 1개, 50개 위시리스트 페이지 1개가 포함됩니다. 【고품질 패션 플래너】스케줄 플래너 저널은 21.1 x 14.7cm(8.3 x 5.8인치)로 매일 사용하기에 완벽한 크기입니다. 크리미한 색상의 100gsm 번짐 방지 용지, 쓰기 쉽고 눈 보호 기능으로 대부분의 펜에 적합합니다. 각 일일 페이지에는 다양한 영감을 주는 인용문이 있어 보다 낙관적이고 긍정적인 사고 방식으로 하루를 시작할 수 있도록 영감을 줍니다. 【전문적인 디자인】동물 친화적인 PU 가죽 커버는 골대 플래너를 보호하는 데 도움이 되며 신축성 있는 클로저로 안전하게 닫힙니다. 뒷면 포켓은 메모, 영수증 및 카드를 보관하기에 편리하며, 강화된 바인딩으로 평평하게 사용할 수 있습니다. 달과 요일을 표시하는 리본 마커 2개와 펜을 잃어버리지 않도록 펜 루프가 포함되어 있습니다. 【행복과 생산성 수준 향상】할 일 목록 플래너는 가장 중요한 목표와 작업에 집중하고 더 짧은 시간에 더 많은 작업을 수행하고 정리하고 목표 지향적으로 유지할 수 있도록 도와줍니다. 학생, 부모 또는 일하는 전문가에게 완벽한 선물이 될 것입니다.",,"['페이지', '날짜', '일일', '표시', '연간', '목록', '작업', '계획', '펜', '캘린더']"
사무용품,플래너 및 수첩,플래너,,B0CQFJQP2F,"Planner 2024-2025 - 주간 및 월간 2024-2025 플래너, 인쇄 탭 포함, 2024년 7월 - 2025년 6월, 20.3cm x 25.4cm(8인치 x 10인치), 유연한 커버, 트윈 와이어 바인딩, 프리미엄 용지, 퍼펙트 오우저 - 블랙",URSUNSHINE,4833,4833,4.7,1438.0,"2024-2025 플래너 - 이 주간 및 월간 플래너 2024-2025는 2024년 7월부터 2025년 6월까지 12개월을 커버합니다. 플래너 2024-2025의 크기는 약 20.3 x 25.4cm(8 x 10인치)입니다. 월간 개요 - 플래너 2024-2025는 율리우스 날짜 및 미국 휴일 표시, 플래너 오른쪽에 메모를 포함하여 매월 동일한 블록이 있습니다. 2024-2025 플래너에는 충분한 필기 공간이 있어 이번 달에 중요한 것을 기록하고 계획을 적어 둘 수 있습니다. 주간 개요 - 주간 스프레드에는 일일 일정을 작성할 수 있는 공간이 포함되어 있으며, 약속을 자세히 설명할 수 있는 충분한 공간이 있으며 주간 보기로 모든 일을 명확하게 추적할 수 있습니다. 세련된 디자인 - 사무실, 학교 및 회의에 적합한 2024-2025 플래너의 깔끔한 디자인. 플래너는 일상 업무와 장기 목표의 관리 및 계획을 효과적으로 실현합니다. 기능성 - 20.3 x 25.4cm(8 x 10인치) 계획 페이지 | 유연한 커버 | 월간 탭 12개 표시 | 빠른 참조 정보 | 연간 개요 | 휴일 | 연락처 | 트윈 와이어 바인딩 | 프리미엄 두꺼운 용지.",,"['주간', '월간', '개요', '커버', '계획', '공간', '디자인', '바인딩', '용지', '유연하다']"
사무용품,플래너 및 수첩,플래너,,B0CM91J2G6,"2024-2025 월간 플래너/달력 - 2024년 7월 - 2025년 18월 플래너 2024-2025, 22.9 x 27.9cm(9 x 11인치), 탭 포함 2024-2025 월간 달력, 양면 포켓, 트윈 와이어 비딩, 노트 페이지, 율리우스 날짜",Vindora,8185,8185,4.4,150.0,"✨ 2024년 7월 - 2025년 12월 월간 플래너 - 월간 플래너 2024-2025는 2024년 7월부터 2025년 12월까지 18개월을 커버하며, 율리우스 날짜와 하이라이트 휴일이 있는 18개의 월간 페이지가 특징입니다. 월간 학술 플래너 2024-2025의 크기는 22.9 x 27.9cm(9 x 11인치)이며 4.8 x 4.8cm(1.8 x 1.9인치) 일일 블록은 일일 계획을 위한 충분한 공간을 제공합니다. 월간 개요 - 2024-2025년 18개월 플래너의 매월 두 페이지를 커버하여 장기 계획에 적합합니다. 또한 오픈 스케줄링을 위한 4.8cm x 4.6cm(1.9인치 x 1.8인치) 일일 블록은 매월 일일 계획을 위한 충분한 공간을 제공합니다. 이전 및 다음 월간 참조 캘린더 6개월과 오래 지속되는 탭 칸막이로 일 년 내내 쉽게 계획하고 추적할 수 있습니다. ✨ 놀라운 정리 - 2024-2025년 월간 달력에는 모든 중요한 휴일을 상기시키기 위해 표시된 휴일이 포함되어 있습니다. 장기 계획을 위한 3년 개요 달력. 13개의 유선 노트 페이지로 생각, 아이디어, 인용문 등을 적어 둘 수 있습니다. 전화/주소 페이지에서 주요 연락처를 관리합니다. 양면 내부 포켓에 헐렁한 물건을 보관할 수 있습니다. 기능성 디자인 - 22.9 x 27.9cm(9 x 11인치) 페이지 | 유연한 커버 | 월간 탭 코팅 | 트윈 와이어 바인딩 | 두꺼운 종이 | 플라스틱 뒷면 포켓 | 빠른 참조 정보 | 연간 개요 | 휴일 | 연락처 | 암호 페이지 |. 삶의 효율성 향상 - 꽃이 달린 올인원 월간 달력 2024-2025는 단계별로 목표를 달성하도록 동기를 부여하는 훌륭한 선택이며 일상 생활을 정리하고 시간 관리 기술을 향상시킵니다.",,"['월간', '페이지', '계획', '달력', '일일', '휴일', '개요', '포켓', '탭', '커버']"
사무용품,플래너 및 수첩,플래너,,B0CPF6PNB7,"2024-2025 월간 플래너/달력 - 2024년 7월 - 2025년 12월, 20.3 x 25.4cm(8 x 10인치), 18 월간 플래너 2024-2025 나선형 제본, 월간 탭, 도트 및 월간 비용 트래커 페이지, 인조 가죽 커버",BooQool,9681,8296,4.7,3914.0,"월간 플래너 2024-2025 - 2024-2025 월간 플래너 날짜는 2024년 7월부터 2025년 12월까지 (총 18개월)입니다. 이 20.3 x 25.4cm(8 x 10인치) 월간 플래너는 공부, 생활 및 일에 집중할 수 있도록 도와줍니다. 24-25 월간 개요 - 이 2024-2025 월간 플래너의 매월 전체 페이지 2개가 포함되어 있어 월간 계획에 적합합니다. 4.1 x 4.1cm(1.6 x 1.6인치) 그리드 데일리 블록은 세부 계획을 위한 충분한 공간을 제공합니다. 율리우스 력 날짜와 표시된 휴일은 일정을 더 잘 계획하는 데 도움이 됩니다. 월간 플래너 디자인 - 20.3 x 25.4cm(8 x 10인치) 월간 캘린더 플래너 페이지 | 매월 점선 페이지 1개 | 매월 비용 추적기 페이지 1개 | 월간 탭 18개 | 빠른 참조 정보 | 연락처 페이지 2개 | 비밀번호 페이지 3개 | 24-25개의 연간 계획 페이지 | 24-25 생일 & 중요 날짜 | 방수 소프트 가죽 커버 추가 점선 및 비용 트랙 페이지 - 이 18개의 월간 플래너는 매월 2페이지(점선 페이지 1장 + 비용 트랙 페이지 1장), 즉석 아이디어를 적어둘 수 있는 점선 페이지, 낙서 및 비용 트랙 페이지로 인해 월별 지출을 기록하는 데 도움이 됩니다. 두꺼운 종이 - 이 2024-2025 월간 플래너의 두꺼운 용지는 부드러운 필기 경험을 제공하며 잉크 페더링과 누출에 대한 걱정 없이 일정을 계획할 수 있습니다. 또한, 개선된 고품질 백지는 누출 방지를 위해 설계되어 계획을 깔끔하고 읽기 쉽게 유지합니다.",,"['월간', '페이지', '계획', '점선', '매월', '날짜', '트랙']"
사무용품,플래너 및 수첩,플래너,,B0C61PYR5H,Simplified 2024 월간 플래너 및 캘린더 북 - 아름다운 2023-2024 할 일 목록 노트 여성 또는 남성용 - 생산성을 높이기 위해 작업을 쉽게 정리할 수 있습니다 - 2024년 12월까지 실행,ZICOTO,6911,6911,4.5,49.0,"정리 및 매달 기쁨인지 확인하세요: ZICOTO 아치 디자인의 아름답고 현대적인 월간 플래너가 시간을 최대한 활용할 수 있도록 도와드립니다! 2023년 7월부터 2024년 12월까지 실행되는 캘린더 및 할 일 목록 노트는 스마트하게 계획하고 시간을 효과적으로 관리할 수 있도록 도와줍니다. 스트레스를 줄이고 더 많은 자유 시간을 즐기세요! 매우 쉬운 유지: 월간 플래너 2023-2024 월간 계획의 단순하고 간단한 월간 보기 덕분에 쉽고 효율적이어서 약속, 생일, 비즈니스 미팅, 어린이 야구 연습 등을 쉽게 추적할 수 있습니다. 자신을 위해 ""나를 위한 시간""을 예약하는 것을 잊지 마세요 생산성을 높이고 월간 목표 달성: 생산성을 높이고 매달 조직의 걸작으로 바꾸는 삶을 변화시키는 해킹입니다! 할 일, 월간 목표 및 작업을 계획하고 모든 중요한 날짜를 적어 마감일이나 이벤트를 잊지 마세요. 개인 메모 및 (동기 부여) 알림을 위한 충분한 공간이 있습니다 사랑스러운 모던 아치 디자인: 월간 캘린더 및 플래너는 뇌의 천재적인 확장일 뿐만 아니라 귀여운 디자인으로 돋보입니다. 깔끔한 글꼴과 조화를 이루는 아름답고 현대적인 그림 - 프리미엄 계획 도구 및 멋진 눈길을 사로잡습니다! 매끄러운 계획을 위한 완벽한 사이즈: 24.4 x 18.8cm(9.6 x 7.4인치)의 컴팩트한 크기와 편리한 디자인으로 월간 플래너는 가방에 멋지고 컴팩트하게 들어가므로 항상 모든 정보를 손에 넣을 수 있습니다! 추가 메모, 쇼핑 목록 등을 보관할 수 있는 실용적인 뒷면 포켓도 제공합니다","ZICOTO의 모던 아치 디자인 월간 플래너: 한 달 내내 시간 관리 게임을 소유할 시간입니다! 매일, 주 및 월을 세는 것이 그 어느 때보다 쉽고 예뻐집니다. ZICOTO 월간 플래너는 약속, 할 일, 목표, 작업 등을 간단하게 정리할 수 있습니다. 마음이 크게 윙윙 거리는 모든 것들을 잘 파악할 수 있는 멋진 방법입니다. 최고의 시간 관리 및 생산성! 아름다운 월간 플래너는 일상 생활에서 필수적인 도우미입니다. 일정을 깔끔하고 잘 정리하여 스트레스를 줄이고 약속을 놓칠 위험을 줄입니다. 잘 정리된 전투는 절반입니다. 영리한 계획 도구 덕분에 승리를 거둘 수 있습니다! 매월 - 2023년 7월부터 2024년 12월까지 진행됩니다 - 약속을 정리하고 생산성을 향상시키는 4페이지를 제공하며 가장 중요한 것은 더 많은 자유 시간과 모든 것을 성취한 놀라운 느낌을 즐기십시오. 캘린더를 일일 플래너로 사용하고 생일, 비즈니스 미팅, 휴일, 식사 계획을 추가할 수 있는 충분한 공간이 있습니다. 매일, 매주 또는 매월 할 일을 기록하고 의제를 지우세요. 오, 네, 해냈습니다! 플래너는 또한 월간 목표와 월간 작업을 위한 전용 섹션을 제공합니다. 새로운 습관을 구축하고 인생이라고 불리는 게임을 흔들 수 있는 약간의 킥스타터입니다. 여전히 여기서 멈추지 않습니다: 중요한 날짜를 추가할 수 있으며(마감일을 다시는 잊지 못할 것입니다) 개인 메모와 미리 알림을 위한 거의 전체 페이지를 가질 수 있습니다. 추가 메모, 쇼핑 목록, 러브 노트 등을 추가하고 싶다면 플래너가 실용적인 뒷주머니를 제공합니다. 아름다운 캘린더와 플래너는 어디에서나 휴대할 수 있는 완벽한 사이즈(24.5 x 18.9cm(9.6 x 7.5인치))로 제공됩니다. 모든 정보 - 항상 가까이에 있습니다!","['월간', '계획', '정리', '생산', '디자인', '추가', '캘린더', '아름답다', '목록', '약속']"
사무용품,플래너 및 수첩,플래너,,B0CZ6Y1JM8,"Academic Planner 2024-2025, 주간 및 월간 달력 플래너 북 (2024년 7월 - 2025년 6월), 월간 탭이 있는 하드커버 학교 교사 및 학생 플래너(16cm x 21.6cm(6.3 x 8.5인치)), 나선형 바운드 - 핑크",Taja,9681,9681,4.6,133.0,"쉽게 한 해를 정리하세요: 2024-2025 학술 플래너는 2024년 7월부터 2025년 6월까지 12개월을 커버합니다. 주간 및 월간 전용 페이지로 생활, 공부 및 작업을 추적할 수 있는 최고의 도구입니다. 쉽고 자신 있게 일년 내내 계획을 세우세요! 주간 및 월간 승리를 축하하세요: 플래너 2024-2025로 잠재력을 발휘하세요. 넓은 주간 레이아웃과 월간 캘린더는 시험, 이벤트 및 활동을 예약할 수 있는 충분한 공간을 제공합니다. 할 일 목록을 만들고 각 성취를 확인하는 달콤한 만족을 즐기세요. 매주 집중해서 시작하고 성취감으로 끝내세요! 우아한 고품질 디자인: 당사의 2024-2025 캘린더 플래너는 안전한 탄성 밴드 클로저, 빠른 액세스 월간 탭, 추가 보관을 위한 양면 투명 포켓이 특징입니다. 매달 동기를 부여하기 위해 영감을 주는 인용문으로 시작되며, 잉크 방지 용지는 부드러운 필기 경험을 보장합니다. 모든 디테일은 게임을 계속 유지할 수 있도록 디자인되었습니다! 모두를 위한 다용도: 학생, 선생님, 전문가 또는 주부이든 상관없이 이 플래너는 여러분을 위해 만들어졌습니다. 학교 과제, 직장 프로젝트, 가족 활동 및 개인 목표를 쉽게 추적할 수 있습니다. 일상 생활과 상관없이 정리된 상태를 유지하고 꿈을 이루고자 하는 모든 사람에게 완벽한 동반자입니다. 완벽한 휴대성: 주간 및 월간 플래너의 컴팩트한 사이즈(16cm x 21.6cm(6.3인치 x 8.5인치))는 어디에나 휴대할 수 있음을 의미합니다. 이동 중에도 이벤트와 아이디어를 적어 두어 비트를 놓치지 마세요. 언제 어디서나 일정을 관리하고 매 순간을 최대한 활용하세요.",,"['월간', '주간', '휴대', '탭', '시작', '생활', '상관없다', '완벽하다', '유지', '이벤트']"
사무용품,플래너 및 수첩,플래너,,B099KM31XH,"bloom daily planners 올인원 얼티밋 월간 및 주간 날짜 없는 캘린더 플래너, 노트북, 스케치북, 그리드 페이지, 컬러링 북 등! 22.9 x 27.9cm(9 x 11인치) - 교체 가능한 커버",bloom daily planners,30400,30400,4.7,841.0,"6 in 1! 월간 및 주간 플래너, 노트북, 스케치북, 그리드 페이퍼 북 및 컬러링 북 ""올인원"" 제품! / 치수: 22.9cm x 27.9cm, 0.7kg(1.5파운드) 교체 가능한 맞춤형 커버! 새로운 플라스틱 커버 슬리브에는 꽃의 세 가지 아름다운 커버 옵션이 포함되어 있습니다! 이 슬리브는 표준 21.6cm x 27.9cm(8.5인치 x 11인치) 프린터 용지를 담을 수 있도록 설계되었으므로 자신만의 커버를 디자인하고 인쇄하고 옵션 위에 밀어 넣을 수도 있습니다. 전면 섹션에는 미션 선언문 및 올해의 단어, 중요한 날짜 추적, 목적 및 가치 페이지, 생활 감사, 하지 말아야 할 일, 목표 페이지, 비전 보드, 월간 작업 추적, 월간 청구서 추적, 이상적인 주 계획 페이지, 기쁨 및 긍정 테마 페이지, 연간 기분 추적, 월간 하이라이트, 습관 추적기 등을 포함하여 꽃에서 좋아하는 모든 ""워크북"" 유형의 페이지가 포함되어 있습니다! 탭 섹션에는 12개의 월간 보기 스프레드(1월부터 12월까지), 60개의 주간 계획 페이지, 33개의 줄이 있는 노트 페이지, 20개의 도트 그리드 페이지, 4개의 컬러링 북 페이지가 포함되어 있습니다 프리미엄 기능으로는 100gsm 밝은 백지, 플래너를 평평하게 놓을 수 있는 견고한 나선형 금속 바인딩, 플래너 뒷면에 보관 포켓 인서트가 있습니다. 손으로 그린 스티커 한 페이지가 포함되어 있습니다! 아마존 스토어에서 구매할 수 있는 여성용 영감을 주는 사무용품! 훌륭한 선물 아이템입니다",,"['페이지', '월간', '추적', '북', '커버', '그리드', '주간', '컬러링', '가능하다', '스케치북']"
사무용품,플래너 및 수첩,플래너,,B0BY63WJJV,"2024 달력 플래너: 2024년 7월-2025년 12월 달력 플래너 2024-2025, 19.1cm x 25.9cm(7.5인치 x 10.2인치) 대형 플래너, 이중 내부 포켓, 18개월 달력 플래너, 그린",Cheneyboo,13836,13836,4.6,218.0,"다기능 월간 플래너 - 3년 휴일 달력으로 모든 중요한 휴일을 상기시켜줍니다. 중요한 담당자를 기록할 수 있는 32개의 연락처 페이지, 중요한 비밀번호를 기록할 수 있는 20개의 웹 사이트 암호 페이지, 메모를 위한 4페이지도 있습니다. 양면 내부 포켓은 영수증, 비행기 티켓, 카드, 종이 등과 같은 느슨한 물건을 보관할 수 있습니다. 캘린더 플래너 2024-2024 - 19.3 x 25.9cm(7.6 x 10.2인치) 대형 플래너는 2024년 7월부터 2025년 12월까지 18개월을 커버합니다. 중요한 연락처 페이지, 비밀번호 페이지, 개인 정보 페이지 및 메모 페이지도 포함되어 있습니다. 월간 보기 - 이 2024-2025 캘린더 플래너의 매월 전체 페이지(두 페이지당 한 달)를 커버하며, 이는 4.1 x 4.1cm(1.6 x 1.6인치) 유선 쓰기 블록, 이전, 프런트 및 3개의 미래 월 참조 캘린더로 작업 및 생활 계획에 적합합니다. 고품질 Parper - 2024-2025 월간 플래너는 평소보다 두꺼운 100g/sm 용지를 사용하여 잉크 페더링과 누출에 대한 걱정 없이 잉크가 통과하거나 페더링되는 것을 방지합니다.",,"['페이지', '중요하다', '달력', '월간', '캘린더', '휴일', '기록', '내부', '대형', '메모']"
사무용품,플래너 및 수첩,플래너,,B0CR6YC531,"Orange Circle Studio Pocket Planner 2025, 과일 및 식물, 주간 및 월간 달력, 할 일 목록 메모장, 약속 책, 예산 및 목표 추적기, 학교/직장용 작은 포켓 17개월 아젠다",Orange Circle Studio,11066,11066,4.7,955.0,"올인원 플래너 노트: 당사의 Fruit & Flora 노트 플래너는 가장 바쁜 사람도 정리하고 추적할 수 있도록 합니다. 재정을 확인하는 데 도움이 되는 사용하기 쉬운 예산 플래너, 작업과 필수품을 기록할 수 있는 점선 그리드와 줄이 그어진 노트 페이지, 균형 잡힌 스트레스 없는 삶을 유지하는 데 도움이 되는 목표 추적기가 포함되어 있습니다. 기능적이고 귀여운 플래너: 당사의 Fruit & Flora 저널 플래너는 편리한 크기로 제공되며 어디를 가든 휴대할 수 있습니다. 작은 플래너는 지갑이나 백팩에 쉽게 넣을 수 있으며 일 년 내내 웃을 수 있는 밝고 다채로운 예술품이 특징입니다. 예약 플래너: 눈길을 끄는 메모장으로 중요한 날짜를 적어 두거나 개인적인 시간을 만들어보세요. 계획을 세울 수 있는 충분한 빈 공간이 있는 주간 및 월간 뷰가 있으며 약속과 휴일을 확인할 수 있는 256개의 호일 스티커가 포함되어 있습니다. 바인더 플래너: 하루를 계획하는 것은 간단하고 스트레스가 없습니다. 노출된 트윈 링 와이어 오 바인딩이 있는 귀여운 노트는 책상, 카운터 또는 무릎에 평평하게 놓여 새로운 목표, 숙제 마감일, 예정된 약속 또는 이벤트를 작성합니다. ORANGE CIRCLE STUDIO: 당사는 신흥 아티스트가 만든 정교한 캘린더, 플래너 및 오거나이저의 부티크 출판사입니다. 각 제품은 동기를 부여하고 일정을 계획하고 추적하는 데 기쁨을 찾는 데 도움이 되는 독특한 영감을 받았습니다.","Orange Circle Studio의 월간 포켓 플래너로 작은 패키지로 전통적인 월간 플래너의 스타일과 유용성을 얻으세요. 매력적인 월간 뷰, 목표 프롬프트 및 즐거운 예술이 특징인 이 플래너는 중요한 약속, 날짜 및 메모를 손끝에 보관할 수 있도록 도와줍니다. 플래너는 주머니, 지갑 또는 백팩에 완벽하게 맞으며 둥근 모서리는 손상을 방지하여 일년 내내 이 내구성 있는 플래너를 즐길 수 있습니다. 또한, 아티스트는 구매한 각 플래너로부터 직접 혜택을 받아 전 세계의 창의적인 커뮤니티를 지원합니다.","['월간', '약속', '노트', '계획', '작다', '추적', '도움', '지갑', '내내', '예산']"
사무용품,플래너 및 수첩,플래너,,B0CD711R39,"Ymumuda 2024 플래너, 2024년 1월부터 DEC.2024까지 12개월 주간 월간 플래너, 21.3 x 15.2cm(8.4 x 6인치), 스티커가 있는 나선형 플래너 노트, 신축성 있는 클로저, 내부 포켓, 스티커 인덱스 탭, 플로럴 01",Ymumuda,8296,8296,4.7,371.0,"【 YMUMUDA 2024 플래너】이 일일 플래너 2024 하드커버 (21.6cm x 15.2cm(8.4 x 6인치)는 2024년 1월부터 12월까지 12개월이 특징이며, 주간 월간 계획 페이지가 있는 플래너는 일년 내내 잘 정리하고 생산성을 높일 수 있도록 기타 추가 페이지를 제공합니다. 【 월간 계획】줄이 그어진 일일 블록이 있는 각 월간 페이지에는 주요 미국 공휴일 및 율리우스 력 날짜가 나열되어 있으며, 캘린더 플래너 2024에는 더 나은 과거 검토 및 향후 계획을 위한 노트 섹션과 과거/이전 달력 참조가 포함되어 있습니다. 【주간 계획】주간 보기 페이지에는 자세한 일일 계획, 약속, 활동 등을 위한 충분한 유선 공간이 포함되어 있습니다. 주요 공휴일 목록, 경과 및 남은 날짜가 표시됩니다. 우선 순위 섹션은 가장 중요한 목표에 에너지를 집중하도록 설계되었습니다. 【전문적인 디자인】플래너 전면 커버 | 연간 개요 | 연락처 | 빠른 참조 정보 | 월간 내부 탭 | 휴일 | 주간 및 월간 페이지 | 트윈 와이어 바인딩 | 내부 포켓 | 신축성 있는 클로저 | 스티커. 연간 물건을 계획할 수 있는 12개의 월간 스티커 인덱스 탭. 벗겨서 월간 계획 페이지에 붙이기만 하면 됩니다. 【걱정 없는 보장】플래너에 탁월한 생산과 전문적인 디자인을 제공하는 데 집중하세요. 저희는 30일 품질 을 제공합니다. 주간 월간 플래너 2024에 대한 품질 문제가 있는 경우 아마존을 통해 처음으로 문의하십시오.",,"['월간', '계획', '주간', '페이지', '스티커', '내부', '탭', '일일', '참조', '인덱스']"
사무용품,플래너 및 수첩,플래너,,B0C18RNXRP,"데일리 플래너 2024-2025, 주간 월간 플래너, 2024년 7월부터 2025년 12월까지 18개월 플래너, 캘린더 플래너 2024-2025, 직장 또는 가정용 개인 플래너 노트, 14 x 20.8cm(5.5 x 8.2인치), 두꺼운 종이, 블랙",BIWOWE,8296,8296,4.3,35.0,"프리미엄 품질: 이 데일리 플래너 메모장의 두꺼운 용지(100gsm)은 잉크 누출과 페더링 걱정 없이 더 나은 필기 경험을 제공합니다! 2024-2025 플래너: 18개월 플래너, 2024년 7월부터 2025년 12월까지, 쉬운 계획을 위한 18개월의 월간 및 주간 페이지가 특징입니다. 14 x 20.8cm(5.5 x 8.2인치), 휴대와 사용이 편안합니다. 월간 플래너-월간 할 일 체크리스트, 생각, 목표, 일일 감사 등을 기록할 수 있는 노트 페이지. 주간 플래너-주간 스프레드는 약속, 이벤트 및 마감일 등과 같은 자세한 일일 일정을 적어 둘 수 있는 많은 공간이 있습니다. 표시된 휴일은 중요한 날짜를 상기시켜 주며 하루 종일 명확한 주간 보기로 추적합니다. 전문적인 디자인: 일일 플래너 캘린더에는 2024-2025 참조 캘린더, 휴일 목록, 연락처 페이지, 메모 페이지 및 중요한 날짜가 포함되어 있습니다. 일일 일정, 약속을 작성하고 직장과 생활의 모든 중요한 이벤트를 추적할 수 있습니다.",,"['주간', '월간', '페이지', '일일', '캘린더', '중요하다', '직장', '날짜', '노트', '두껍다']"
사무용품,플래너 및 수첩,플래너,,B0CD71SM9G,"Ymumuda 2024-2026 월간 플래너 - 2년 월간 플래너, 2024년 7월~2026년 6월, 21.6 x 27.9cm(8.5 x 11인치), 나선형 바인딩이 있는 대형 플래너, 학교 및 사무실 일정에 적합, 청록색",Ymumuda,8282,8282,4.6,439.0,"【YMUMUDA 2024-2026 월간 플래너】이 플래너는 2024-2026 대형 사이즈(21.6 x 27.9cm(8.5 x 11인치))는 7월부터 24개월까지 사용할 수 있습니다. 월간 계획 페이지가 있는 2024년에서 2026년 6월까지 플래너는 학년도에 맞게 잘 정리하고 생산성을 높이는 데 도움이 되는 기타 추가 페이지를 제공합니다. 【 월간 계획 페이지】줄이 그어진 일일 블록이 있는 각 월간 페이지(주간 보기 없음)에는 주요 미국 공휴일 및 율리우스 력 날짜가 나열되어 있으며, 캘린더 플래너 2024-2026에는 노트 섹션과 과거/이전 캘린더 참조가 포함되어 있어 과거 검토 및 향후 계획을 더 잘 수행할 수 있습니다. 【더 나은 계획을 위한 추가 페이지】이 2024-2026 플래너 월간 전용 기능: 개인 정보 | 빠른 참조 정보 | 연락처용 3페이지 | 향후 계획을 위한 4페이지 | 특별한 날을 위한 이벤트 캘린더 4페이지 | 2024-2026년 연간 개요 | 2024-2026 휴일 | 48페이지 월간 페이지 페이지 | 메모를 위한 페이지. 【전문적인 디자인】백팩을 위한 대형 사이즈 21.6 x 27.9cm(8.5 x 11인치), 가볍고 휴대가 간편합니다 | 방수 PVC 커버 디자인으로 페이지에 물과 기름이 뿌리는 것을 방지합니다. 트윈 와이어 나선형 바인딩, 페이지가 쉽게 흩어지지 않음 | 프리미엄 두꺼운 종이, 부드러운 필기 경험 | 내부 포켓, 일부 카드와 영수증을 보관하기에 편리합니다. 다양한 스타일을 사용할 수 있습니다. 【걱정 없는 보장】플래너에 탁월한 생산과 전문적인 디자인을 제공하는 데 집중하세요. 저희는 30일 품질 을 제공합니다. 24개월 플래너 2024-2026에 대한 품질 문제가 있는 경우 처음으로 아마존을 통해 문의하십시오.",,"['페이지', '월간', '계획', '디자인', '대형', '캘린더']"
사무용품,플래너 및 수첩,플래너,,B0CRHW7G36,"newestor 2024-2025 월간 플래너 리필, 11개의 디스크 레터 사이즈 디스크바운드 노트북용, 2024년 7월부터 2025년 12월까지, 월 2페이지, 21.6cm x 27.9cm(8-1/2인치 x 11인치)",newestor,23531,23531,4.7,1057.0,"레터 사이즈 디스크 바운드 플래너용 11개의 디스크 펀치 월간 용지 2024년 7월부터 2025년 12월까지 18개월 동안 운영됩니다 줄이 있는 일일 블록이 있는 2페이지 스프레드당 한 달, 4.8cm x 4.8cm(1.9인치 x 1.9인치) 블록은 일상적인 이벤트를 기록하기에 좋습니다 무거운 160gsm 종이, 일요일 시작, 라미네이트 탭. 이벤트 및 주요 공휴일이 표시됩니다 Staples Arc, Office Depot TUL, Talia, Levenger, Happy Planner 및 기타 11개의 디스크 레터 사이즈 디스크 바운드 노트북과 호환됩니다","11개의 디스크 노트북용 2024-2025 월간 용지, 월간 탭, 튼튼한 백지, 11개의 디스크 펀치가 특징입니다.","['디스크', '월간', '바운드', '노트북', '블록', '페이지', '펀치', '용지', '탭', '이벤트']"
사무용품,플래너 및 수첩,플래너,,B0CM3CKLQ9,"2024-2025 월간 플래너 - 2024년 7월 - 2025년 12월, 22.9 x 27.9cm(9 x 11인치), 대형 18개월 캘린더/플래너 2024-2025, 트윈 와이어 바인딩, 노트 페이지, 월간 탭, 내부 포켓, 두꺼운 용지",Vindora,11758,12451,4.5,434.0,"🌟2024-2025 월간 달력 - 이 아름다운 블루 2024-2025 월간 플래너는 2024년 7월부터 2025년 12월까지 18개월을 커버합니다. 이 18개의 월간 플래너/캘린더 2024-2025의 크기는 22.9 x 27.9cm(9 x 11인치)이며 월간 계획 및 일정을 위한 넓은 공간이 있습니다. 월간 페이지 - 이 2024-2025 월간 캘린더 플래너의 월간 페이지에는 줄이 없는 4.6 x 4.8cm(1.8 x 1.9인치) 일일 블록 및 휴일이 포함되어 있습니다. 이 페이지에는 장기 계획에 사용할 수 있는 6개의 참조 달력도 포함되어 있습니다. 또한, 오른쪽에 월간 우선 순위, 목표 또는 이상을 기록할 수 있는 메모 섹션이 있습니다. 월간 탭 - 이 플래너 2024-2029의 각 월간 페이지에는 원하는 날짜를 빠르게 찾을 수 있는 코팅 탭이 있습니다. 두꺼운 종이는 2024-2025 월간 플래너의 특징으로, 즐거운 필기 경험을 제공하며 잉크 페더링 걱정 없이 일정을 정리할 수 있습니다. 🌟기능성 디자인 - | 내부 포켓 | 튼튼한 커버 | 트윈 와이어 바인딩 | 월간 탭 | 프리미엄 두꺼운 용지 | 중요 연락처 | 빠른 참조 정보 | 노트 페이지 | 연간 개요 | 휴일 정리 향상 - 이 2024-2025 월간 플래너는 요일과 월을 정리하는 데 도움이 되어 우선 순위를 정하고 삶을 정리하는 데 도움이 됩니다. 약속을 추적하는 일일 블록에서 설정하여 2024-2025년에 목표를 관리하고 달성할 수 있습니다.",,"['월간', '페이지', '정리', '탭', '두껍다', '캘린더']"
사무용품,플래너 및 수첩,플래너,,B0CC8VGF12,"2024-2025 월간 플래너/달력 - 2024년 7월 - 2025년 12월, 22.9 x 27.9cm(9 x 11인치), 2024-2025 월간 플래너 나선형 제본 월간 탭 포함",Tersus,13836,13836,4.6,242.0,"2024-2025 월간 플래너 - 2024-2025 캘린더는 7월부터 18개월을 커버합니다. 2024 - 2025년 12월, 율리우스 날짜 및 하이라이트 휴일이 포함된 18개월 월간 페이지(주간 페이지 없음)가 특징입니다. 월간 플래너 2024-2025의 크기는 22.9 x 27.9cm(9 x 11인치)이며 4.5 x 4.5cm(1.8 x 1.8인치) 일일 블록은 일일 계획을 위한 충분한 공간을 제공합니다. 월간 계획 - 각 월간 페이지는 과거, 현재 및 미래의 월 참조를 다루므로 장기간에 걸쳐 계획을 단순화합니다. 할 일 목록, 아이디어 등을 위한 메모 섹션. 각 월간 페이지에 영감을 주는 인용문으로 동기를 부여할 수 있습니다. 두꺼운 프리미엄 용지 - 이 2024-2025 월간 플래너 나선형 제본의 용지는 잉크 방지 기능이 있으며 페더링을 방지하도록 설계되었습니다. 개선된 고품질 백지는 누출 방지를 위해 설계되어 계획을 오랫동안 깔끔하고 읽기 쉽게 유지합니다. 특징 - 22.9 x 27.9cm(9 x 11인치) 월간 페이지 | 유연한 판지 커버 | 두꺼운 용지 | 빠른 참조 정보 | 연락처 페이지| 중요 연락처 | 암호 페이지 | 메모 페이지 | 2024-2026 연례 개요 | 2024-2026 휴일 | 12 월간 탭 | 강력한 트윈 와이어 바인딩 | 양면 포켓 |. 완벽한 디자인 - 이 2024-2025 월간 달력의 다채로운 꽃이 있는 유연한 판지 커버는 부드러운 촉감을 가지고 있습니다. 튼튼한 금속과 평평한 나선형 바인딩으로 이 월간 플래너 2024-2025는 내구성이 뛰어나고 쉽게 손상되지 않습니다. 또한 카드, 문서 등과 같은 중요한 물건을 넣을 수 있는 양면 포켓이 있습니다.",,"['월간', '페이지', '계획', '커버', '방지', '용지', '나선형']"
사무용품,플래너 및 수첩,플래너,,B0CMPWNRNM,"플래너 2024-2025 - 2024년 7월-2025년 6월, 주간 및 월간 플래너 2024-2025, 20.3cm x 25.4cm(8인치 x 10인치), 탭 포함, 튼튼한 커버, 프리미엄 종이, 트윈 와이어 바인딩",WowYoga,8988,8988,4.5,268.0,"플래너 2024-2025 - 이 멋진 학업 플래너/캘린더 2024-2025는 2024년 7월부터 2025년 6월까지 12개월을 포함합니다. 넓은 공간을 제공하는 20.3 x 25.4cm(8 x 10인치) 크기로 일일 계획 및 스케줄링에 유용합니다. 월간 페이지 - 플래너 2024-2025 월간 계획 페이지에는 매월 초에 12개월 달력 보기 페이지가 포함되어 있습니다. 노트 섹션, 3개월 참조(과거, 현재 및 미래) 달력, 탭 휴일(휴일 알림), 유선 일일 블록(일정을 내려놓을 수 있는 줄이 있는 공간) 및 노트 섹션이 있습니다. 이러한 모든 기능을 사용하여 더 나은 월간 요금제를 만들 수 있습니다. 주간 페이지 - 2024–2025 주간 및 월간 플래너 주간 계획 페이지는 월요일부터 일요일까지 다음 7일 동안의 날짜를 읽기 쉬운 두 페이지로 나누어 제공합니다. 매일 계획을 위한 공간이 줄지어 있으며, 작은 확인란이 있어 추적할 수 있어 더 빨리 완료할 수 있습니다. 참고로, 주 페이지 상단에 3개월 달력이 있습니다. 기능적인 디자인 - | 20.3 x 25.4cm(8 x 10인치) 아름다운 하드커버 | 강력한 트윈 와이어 바인딩 | 계획 페이지 | 프리미엄 두꺼운 용지 | 연락처 | 빠른 참조 정보 | 연간 개요 | 휴일 프리미엄 플래너 - 이 2024-2025 주간 및 월간 플래너는 두꺼운 프리미엄 종이로 만들어져 세심한 재료 선택으로 인한 잉크 번짐과 페더링을 방지합니다. 이 플래너가 목표를 달성하는 데 유용한 도구가 되기를 바랍니다.",,"['페이지', '월간', '주간', '계획', '프리미엄', '휴일', '공간', '달력', '노트', '두껍다']"
사무용품,플래너 및 수첩,플래너,,B0CYSMC9FW,"포켓 캘린더 2024-2026 지갑용, 월간 포켓 플래너 스몰 사이즈(15.2 x 8.9cm(6 x 3.5인치)), 2년 월간 플래너 포켓 사이즈 2024년 7월부터 2026년 6월까지 - 그린",Taja,9681,7049,4.5,96.0,"2년 내내 월간 플래너 - 2024년 7월부터 2026년 6월까지 24개월에 걸친 2024-2026 포켓 캘린더 북으로 쉽게 미리 계획하세요. 일상적인 작업을 처리하든 장기적인 목표를 세우든 모든 작업을 수행할 수 있는 유연성을 제공합니다. 휴대를 위한 완벽한 사이즈 - 편리한 15.2 x 8.9cm(6 x 3.5인치) 크기의 2024-2026 포켓 플래너는 주머니나 지갑에 매끄럽게 넣을 수 있습니다. 계획을 쉽게 휴대하고 언제 어디서나 일과 삶을 관리하세요! 효율적인 월간 보기 - 유연한 일정을 위한 줄이 없는 일일 블록이 특징인 매월 두 페이지에 우아하게 표시되는 효율적인 계획을 경험하십시오. 두 개의 참조 캘린더는 정리를 향상시키고, 메모 섹션에서는 약속, 회의, 알림 등을 기록할 수 있습니다. 시간 관리 향상 - 2024-2026년 월간 포켓 캘린더로 시간 관리를 향상시키세요. 메모, 아이디어, 약속 및 알림을 쉽게 캡처할 수 있습니다. 휴대용 디자인으로 사무실, 학교 또는 가정에 이상적이며 일정을 잘 유지할 수 있습니다. 부가 가치를 위한 보너스 기능 - 4년 참조 캘린더, 휴일 목록, 6개의 연락처 페이지 및 6개의 메모 페이지를 포함한 특별 페이지로 추가 혜택을 누리세요. 왜냐하면 누가 약간의 추가 정리와 기능을 좋아하지 않을까요?",,"['포켓', '월간', '캘린더', '페이지', '휴대', '향상', '계획', '관리', '메모', '참조']"
사무용품,플래너 및 수첩,플래너,,B07YZLGMNV,"2024-2025 포켓 플래너 - 2024-2025 지갑용 포켓 캘린더, 2024년 7월부터 2025년 6월까지, 16.4 x 9.9cm(6.4 x 3.9인치) 주간 월간 플래너, 우아한 가죽",Lemome,12451,12451,4.6,1888.0,"★ 전문적인 디자인 - 12개월이 특징인 포켓 플래너(7월 2024-6월. 2025) 2024년 7월부터 2025년 6월 계획 및 작업 일정을 위한 월간 및 주간 페이지. 부드러운 인조 가죽 커버는 환경 친화적이고 부드러운 촉감으로 심플하고 우아한 디자인입니다. ★ 훌륭한 레이아웃 - 파란색으로 강조된 연방 공휴일은 모든 중요한 휴일을 상기시키고 삶을 효율적으로 관리할 수 있도록 도와줍니다. + 빠른 날짜 확인을 위한 2년 참조 캘린더 + 노트 유선 페이지. ★ 기능적이고 고급스러움 - 스레드 바인딩 레이 플랫 디자인 + 튼튼한 펜 홀더 + 내부 포켓 + 리본 책갈피 2개 + 인쇄된 12개월 탭 + 2024-2025 포켓 플래너의 신축성 있는 클로저로 안전하게 닫힙니다. ★ 미니 컴팩트 사이즈 - 작은 사이즈(16.3 x 9.9cm(6.4 x 3.9인치)) 및 경량 디자인의 포켓 플래너로 어디에나 휴대할 수 있습니다. 목적에 적합하며 이동 중에도 완벽한 크기입니다. 이 포켓 주간 월간 플래너로 아이디어를 적어 다음 모험을 계획하세요. ★ 완벽한 선물 - 열정적인 아티스트에게 강한 두꺼운 종이(거친 지우기 및 음영). 여행 노트, 비즈니스 노트, 십대 저널, 개학 선물로 적합합니다.",,"['포켓', '디자인', '월간', '주간', '노트', '가죽', '부드럽다', '완벽하다', '우아하다', '계획']"
사무용품,플래너 및 수첩,플래너,,B0CLL8BMF1,"Planner 2024-2025 - JUL 2024 - JUN 2025, 플래너 2024-2025 주간 및 월간, 2024-2025 아카데믹 플래너, 표시 탭 + 두꺼운 용지 + 연락처 + 달력 + 휴일 + 트윈 와이어 바인딩",Bushypushy,8296,11066,4.6,111.0,7월. 2024 - 6월. 2025 - 12개월의 주간 및 월간 페이지와 휴일 표시가 특징입니다. 주간 및 월간 섹션이 있어 쉽게 계획하고 일정을 잡을 수 있습니다. 더 나은 시각적 즐거움을 위한 매력적인 커버. 주간 및 월간 섹션으로 쉬운 계획 및 일정에 중점을 둡니다. 클래식부터 신선한 색상까지 다양하고 밝고 재미있는 색상으로 제공됩니다. 전문적인 콘텐츠 디자인 - 과거 및 미래의 월간 참조가 있는 12개월 월간 페이지 + 12개월의 충분한 주간 페이지 + 2024-2026 캘린더 개요 + 2024-2026 휴일 페이지 + 연락처 페이지 2개. 모든 요구 사항을 충족하는 데 집중하세요. 기능적인 디테일 - 금속 레이 플랫 트윈 와이어 바인딩으로 한 페이지에서 열 수 있습니다. + 빠른 확인을 위한 12개의 월간 표시 탭 + 월간 페이지에서 과거 및 향후 참조 + 보너스 제목 페이지에서 서명을 맞춤 설정할 수 있습니다. 우수한 품질 - 시중의 일반 2024-2025 플래너보다 두꺼운 종이로 잉크 누출을 줄이고 마모 및 음영 문제를 지울 수 있습니다. 우아하고 화려한 다채로운 플래너로 삶을 스타일리시하게 정리하세요. 저희 서비스 - 품질에 문제가 있을 경우 만족하실 수 있도록 최선을 다하겠습니다. 기회를 주시고 훌륭한 플래너 2024-2025 경험을 보여드리겠습니다!,,"['월간', '페이지', '주간', '휴일', '표시', '두껍다', '와이어', '섹션', '일정', '문제']"
사무용품,플래너 및 수첩,플래너,,B0BZNHZWVQ,"2024-2025 플래너 주간 및 월간 아젠다 북 연간 달력 계획 할 일 목록 노트, 월간 탭이 있는 2024 플래너, 내부 포켓, 방수 커버, 펜 루프, 나선형 바운드 (퍼플 나비, 15.2 x 20.3cm(6 x 8인치))",ALLGOD,13836,11066,4.7,436.0,"전문 디자인 플래너: 명확하고 읽기 쉬운 레이아웃이 특징인 2024년 6월부터 2025년 7월까지의 월간 및 주간 페이지로 일 년 내내 정리된 상태를 유지하세요. 플래너에는 개인 정보, 연간 개요, 연간 목표, 중요한 날짜, 휴일, 연락처 및 메모에 대한 유용한 섹션이 포함되어 있어 원활한 계획과 효과적인 시간 관리가 가능합니다. 월간 목표 설정: 명확하게 정의된 목표, 할 일 목록 및 리뷰 섹션으로 월간 계획을 관리하세요. 월간 플래너에는 12개월의 월간 페이지가 포함되어 있어 중요한 마감일, 특별 이벤트 및 일상 작업을 쉽게 추적할 수 있습니다. 각 플래너 노트에는 약속, 계획 및 할 일을 적어 둘 수 있는 충분한 공간이 있습니다. 주 최대화 : 주간 집중, 최우선 과제, 후속 조치, 약속, 습관 추적, 할 일 목록, 감사해야 할 일, 주간 리뷰 및 메모를 포함한 종합적인 주간 보기 페이지로 주간 일정을 최적화하십시오. 일일 일정을 정리할 수 있는 넓은 공간. 고품질 용지: 마커로 번짐을 방지하고 훌륭한 필기 경험을 제공하는 두꺼운 종이. 오프 화이트 종이는 표백제가 없으며 눈에 부드럽게 닿습니다. 코팅된 탭은 매달 빠르게 사용할 수 있습니다. 기능적인 디자인: 내구성이 뛰어난 트윈 와이어 바인딩과 튼튼한 PVC 커버는 플래너가 일상적인 마모를 견딜 수 있도록 보장하므로 일년 내내 신뢰할 수 있습니다. 또한 내부 확장 가능한 포켓으로 중요한 문서와 메모를 항상 보관할 수 있습니다.",,"['월간', '주간', '계획', '중요하다', '연간', '목록', '메모', '페이지', '리뷰', '디자인']"
사무용품,플래너 및 수첩,플래너,,B0CNGKN3L3,"월간 플래너 2024-2025 - JUL 2024 - DEC 2025 월간 플래너/달력, 탭 및 포켓 및 라벨이 있는 18개의 월간 플래너, 연락처, 22.9 x 27.9cm(9 x 11인치), 두꺼운 종이, 트윈 와이어 바인딩, 블랙",Artfan,13489,13489,4.6,10673.0,"월간 개요 - 2024년 7월부터 2025년 12월까지 18개월 플래너로, 율리우스력 날짜와 공휴일이 표시된 18개월 월간 페이지가 특징입니다. 탭 및 포켓 및 라벨 - 매월 탭으로 구분됩니다. 느슨한 물건을 보관할 수 있는 양면 내부 포켓. 2024-2025 월간 플래너에는 명확한 라벨링 및 보관이 가능한 커버 라벨이 함께 제공됩니다. 전문적인 디자인 - 트윈 와이어 바인딩으로 360도 접을 수 있습니다. 2024-2028년 연간 개요/중요 연락처/연락처 페이지 8개/비밀번호 페이지 4개/노트 페이지 12개/휴일. 기능적이고 스타일리시한 제품 - 오픈 스케줄링을 위한 유선 일일 블록과 자연스럽고 중요한 물건을 위한 메모 열. 월간 계획 페이지에서 과거, 현재 및 향후 4개의 월간 참조. 프리미엄 품질 및 고급스러움 - 두껍고 순수한 백지로 가장 열정적인 아티스트에게 저항력이 있어 잉크 누출을 줄이고 마모 및 음영 문제를 지우고 완전 비건 원료로 중성이며 환경 친화적인 생산을 제공합니다.",,"['월간', '페이지', '라벨', '포켓', '탭', '연락처', '트윈', '와이어', '두껍다', '물건']"
사무용품,플래너 및 수첩,플래너,,B0C74LCGGJ,"Weekly To Do List 메모장 52장의 날짜가 없는 시트(21.6cm x 27.9cm(8.5인치 x 11인치)) - 여성 및 남성, 직장 및 가정을 위한 주간 책상 플래너 - 바이올렛 드림",Taja,11038,11038,4.8,875.0,"생산성 잠재력 발휘 - 주간 할 일 목록 메모장은 작업 관리를 위한 완벽한 시스템을 제공합니다. 체크리스트, 최우선 순위 섹션, 낮은 우선 순위 섹션 및 후속 섹션이 포함되어 있어 작업을 효과적으로 분류하고 우선 순위를 지정할 수 있습니다. 날짜 없는 주간 플래너 - 52주 분량의 날짜가 기재된 계획 페이지로 날짜가 없는 주간 플래너의 자유를 받아들이세요. 더 이상 공간을 낭비하거나 날짜를 건너뛰지 않아도 됩니다. 원하는 시간에 중단한 부분부터 계획 여정을 시작하세요. 이 다용도 플래너를 사용하면 2024년, 2025년 또는 2026년까지 정리할 수 있습니다! 기능적인 디자인 - 당사의 메모장은 프리미엄 품질의 커버와 트윈 와이어 바인딩이 특징이며, 부드러운 페이지 넘김을 위한 내구성과 유연성을 제공합니다. 튼튼한 판지 뒷면은 모든 표면에서 안정성을 보장하여 일상 작업에 신뢰할 수 있는 동반자가 됩니다. 고품질 디자인 - 주간 책상 플래너는 프리미엄 품질의 27.2kg(60파운드)의 부드러운 백지와 튼튼한 합판 뒷면을 사용하여 디테일에 주의를 기울여 제작되었습니다. 27.9 x 21.6cm(11 x 8.5인치) (A4)의 편리한 크기로 작성 및 작업 계획을 위한 충분한 공간을 제공합니다. 깔끔하고 우아한 디자인은 작업 공간에 세련미를 더합니다. 다용도 및 오래 지속됨 - 당사의 책상 플래너는 사무실, 가정, 학교 또는 개인 조직을 포함한 다양한 용도에 적합합니다. 고품질 종이로 만들어져 일년 내내 내구성을 보장하므로 모든 계획 요구 사항을 충족하는 신뢰할 수 있는 동반자입니다.",,"['작업', '주간', '날짜', '계획', '메모장', '공간', '순위', '디자인', '섹션', '책상']"
사무용품,플래너 및 수첩,플래너,,B0D4R8TSN5,"21.6 x 27.9cm(8.5 x 11인치) 나선형 월간 플래너(2024년 8월 - 2025년 7월) - Bold Blooms 클래식 커버, 월간 달력 및 노트북, 대담한 꽃 인테리어 디자인, 플래티넘",Erin Condren,62311,62311,,,"편리한 캘린더 및 노트: 이 캘린더 페이지와 노트 페이지의 콤보는 큰 그림 계획, 스케줄링, 목표 설정, 저널링 및 생산성 추적을 모두 한 곳에서 수행할 수 있습니다. 프로젝트를 위한 월간 플래너: 이 월간 오거나이저는 측면 허슬, 작업 프로젝트, 팀 및 클럽 및 그 사이의 모든 것을 관리할 수 있도록 도와줍니다. 정리하여 목표를 달성하세요: 이 캘린더 플래너를 사용하여 시간 관리 및 생산성을 개선하고 대규모 프로젝트를 관리하고 달성할 수 있습니다. 오래 사용할 수 있도록 제작된 플래너: 미국에서 디자인, 인쇄 및 손으로 감아 두꺼운 36.3kg(80파운드). 텍스트 중량 용지, 이 플래너는 오래 사용할 수 있도록 제작되었습니다. 플래너 그 이상: 생산성 페이지, 교체 가능한 커버(양면 및 습식 지우기), 탭, 스티커 등을 포함한 추가 제품이 함께 제공됩니다.",,"['월간', '페이지', '생산', '관리', '캘린더', '프로젝트', '노트', '커버', '디자인', '제작']"
사무용품,플래너 및 수첩,플래너,,B0CWDP458Q,"Bright Day 2024-2025 체리 스몰 아카데믹 플래너, 22.2 x 18.4cm(8.7 x 7.25인치) 일일 플래너, 2024년 7월 - 2025년 6월, 주간 일정 학술 플래너 2024-2025, 월간 탭, 수직 뷰, 트윈 와이어 바인딩, 포켓 폴더",Bright Day Calendars,20761,11066,,,"2024년 7월 - 2025년 6월 - 신학기, 일일 2024-2025 학업 플래너는 연간, 월간 및 주간 페이지를 특징으로 하며 모든 약혼 및 약속을 위한 충분한 글쓰기 공간이 있습니다. 대학생에게 완벽한 이 학교 플래너는 2024-2025년에 효율적인 계획을 위해 주간 및 월간 레이아웃을 제공합니다 잘 계획된 목록 메모장을 사용하면 일상이 더 효율적이 될 것입니다. 또한 감사하는 것을 적어 두는 것을 잊지 마십시오. 매일 약간의 영감이 오래 지속됩니다. 데이 플래너에서 식사를 추적하여 식사를 계획하고 목표를 달성하는 데 도움이 됩니다. 2024-2025용 대형 21.6 x 15.2cm(8.25 x 6인치) 플래너로 학업 및 업무 약속을 추적하세요 이 학술 플래너는 백팩과 지갑에 완벽한 크기입니다. 일상적인 작업에 쉽게 접근할 수 있습니다. 2024-2025년을 위한 귀여운 디자인이 특징인 하드커버 플래너로 세련되고 학교에 대비하세요. 구매하기 어려운 사람에게 이상적이며 친구, 생일, 기념일, 대학생, 선생님, 어린이 또는 사려 깊은 놀라움을 위한 훌륭한 마지막 순간 선물 아이디어입니다.",,"['계획', '월간', '주간', '학술', '대학생', '약속', '효율', '완벽하다', '학업', '일상']"
사무용품,플래너 및 수첩,플래너,,B0D1GL8PF7,"Daily Planner 2024-2025 - 탭이 있는 18개월 플래너, 달력 연간 월간 주간 나선형 시간 관리 플래너, 2024년 7월 - 2025년 12월, 유연한 커버, 100GSM 두꺼운 용지, A5 사이즈, 블랙",Winkooy,13836,11066,4.7,112.0,"2024-2025 전문 플래너: 커버는 2024년 7월부터 2025년 12월까지 출시되며 18개월의 월간 및 주간 페이지를 제공하며 18개의 월간 탭이 포함되어 있으며 모든 계획 및 일정 요구 사항에 맞는 타일링 기능이 있으며 크기는 A5입니다. 2024-2025 월간 플래너: 월간 플래너 섹션에는 18개월이 포함되어 있으며, 2024-25개월 보기 페이지에는 일일 블록, 중요한 품목에 대한 메모, 이전 및 다음 달에 대한 참조, 주요 인기 휴일 목록, 2024-2025년 달력 월 계획이 한눈에 포함되어 있습니다. 2024-2025 주간 플래너: 79개의 주간 플레이트 페이지는 월요일부터 일요일까지 완벽한 주간 관점을 제공할 뿐만 아니라 글쓰기, 주간 목표 보드, 인기 있는 휴일 및 월의 참조 미리보기 및 각 요일에 대한 약속, 미리 알림, 아이디어 및 할 일 목록을 추적할 수 있는 캘린더북을 제공합니다. 2024-2025 일일 플래너: 100장(200페이지)으로 원하는 삶을 만들 수 있습니다. 이 일일 플래너에는 자세한 일일 계획, 약속, 활동 등을 위한 충분한 필기 공간이 포함되어 있습니다. 건강한 생활과 작업 습관을 키우고 모든 것을 추적합니다. 서비스 : Winkooy 캘린더 플래너 2024는 유효합니다. 그렇지 않으면 질문 없이 환불해 드립니다! Winkooy 2024-2025 월간 플랜 나선형 바인딩에 문제가 있는 경우 저희에게 연락하시면 24시간 이내에 도움을 드릴 수 있도록 노력하지 않습니다. 캘린더 노트에 완전히 만족하지 못하셨다면 가능한 한 빨리 교체하거나 환불해 드리겠습니다.",,"['월간', '주간', '일일', '계획', '캘린더', '휴일', '추적', '인기', '달력', '나선형']"
사무용품,플래너 및 수첩,플래너,,B0CG9HW93V,"월간 플래너 2024-2027/월간 달력 - 2024년 7월 - 2027년 7월, 3년 월간 플래너 2024-2027, 16 x 21.3cm(6.3 x 8.4인치), 하드커버가 있는 36개의 월간 플래너, 30개의 노트 페이지 및 탭이 있는 뒷면 포켓 - 선인장",Shoparr,11066,11066,4.7,63.0,"2024-2027 월간 플래너 - 월간 플래너 2024-2027, 2024년 7월 - 2027년 6월, 율리우스력 날짜와 공휴일이 표시된 36개월 월간 페이지가 특징입니다. 월간 개요 - 오픈 스케줄링을 위한 줄이 없는 일일 블록(3 x 3.2cm(1.2 x 1.25인치))은 자발적이고 중요한 품목에 대한 열을 메모합니다. 또한, 이 월간 플래너 2023-2026에는 3개월 참조 캘린더가 포함되어 있습니다. 콘텐츠 디자인 - 3년 월간 플래너는 36개의 월간 캘린더 페이지 + 4개의 중요한 연락처 페이지 + 7개의 연락처 페이지 + 5개의 비밀번호 페이지 + 30개의 노트 페이지 + 2024-2027년 연간 개요 + 개인 정보 페이지를 다룹니다. 전문적인 디자인 - 견고한 금속 트윈 와이어 바인딩으로 360도 접을 수 있습니다. 내부 페이지를 보호하기 위한 하드커버. 카드와 같이 흩어져 있는 물건을 보관할 수 있는 코팅된 월간 탭과 뒷면 포켓. 프리미엄 품질 - 두껍고 순수한 흰색 중성 용지, 2024-2027 월간 달력은 잉크 누출, 마모 및 음영 문제를 방지합니다.",,"['월간', '페이지', '개요', '노트', '연락처', '하드커버', '디자인', '달력', '캘린더', '중요하다']"
사무용품,플래너 및 수첩,플래너,,B09B17K58L,"Votum 18개월 일 대형 플래너, 2024-2025, 일일, 주간 및 월간, 1월 - 6월, 정리된 혼돈 - 핑크 데일리 플래너 2024-2025 스티커 시트 3장 포함 - 캘린더 플래너 2024-2025 월간 플래너",VOTUM,26301,16606,4.6,683.0,"미래를 강화하세요: VOTUM 작업 플래너 오거나이저 노트로 자신을 표현하고, 성장을 계획하고, 삶을 정리하세요! 2024년 1월부터 2025년 6월까지 일, 주, 월이 포함된 편리한 18개월 플래너 날짜 책 또는 약속 책입니다. 완벽한 2024 월간 플래너 또는 이벤트 플래너 오거나이저. 항상 정리된 유지: 이 2024-2025년 18개월 캘린더 플래너에는 탭으로 된 월간 섹션, 월별, 주간 및 일일 계획 섹션, 할 일 체크리스트, 목표와 생각을 위한 공간이 있는 줄이 있는 노트 페이지가 포함되어 있으므로 매주 및 매월 2024년 플래너로 항상 정리할 수 있습니다! 스타일리시하고 기능적: 동기를 부여하는 말이 특징인 아름다운 커버로 2024-2025년을 위한 교사 및 학생 플래너 약속 책으로 정리에 감각을 더할 것입니다! 또한, 이 24-25 월간 플래너 일정 책에는 재미를 위한 스티커 시트 3장이 포함되어 있습니다. 동기 부여를 위한 완벽한 주간 플래너입니다. 고품질 및 재미있는 2024/2025 플래너: 이 2024-2025용 일일, 주간 및 월간 플래너는 튼튼한 커버, 일상적인 마모를 견딜 수 있는 고품질 종이, 내구성 있는 트윈 링 바인딩이 특징입니다. 2024-2025 여성용 플래너는 모든 목표를 견딜 수 있습니다! 다용도 생산성 플래너: 이 탁월한 라이프 플래너로 바쁜 삶의 모든 측면을 항상 관리하세요! 일일 할 일 플래너, 연간 플래너 2024-2025 또는 2024-2025년 아젠다로 이상적이며, 비즈니스 플래너, 학교 플래너, 여행 플래너 등으로 사용할 수 있습니다!",,"['월간', '정리', '일일', '주간', '책', '동기', '캘린더', '시트', '섹션', '약속']"
사무용품,플래너 및 수첩,플래너,,B0CZ1R8L1Q,"AT-A-GLANCE 2025 플래너, 월간, 20.3 x 30.5cm(8 x 12인치), 라지, 데이마인더, 블랙 (SK20025)",AT-A-GLANCE,26855,22007,4.7,275.0,연중 계획 - 플래너는 율리우스 날짜와 함께 2025년 1월부터 2025년 12월까지 12개월 날짜 범위를 커버합니다 일년 내내 지속됨 - ACCO Brands는 구매일로부터 1년 이내에 반품되는 결함이 있는 AT-A-GLANCE 플래너를 교체합니다. 이 은 오용이나 남용으로 인한 손상에는 적용되지 않습니다. 잉크 번짐 방지 - 잉크 번짐에 대한 걱정 없이 일정을 계획하세요. 당사의 고품질 용지는 잉크 번짐 방지를 위해 설계되어 계획을 깔끔하고 읽기 쉽게 유지합니다. 월간 보기 - 2페이지 당 한 달에 줄이 그어진 일일 블록과 6개월의 참조 캘린더가 특징입니다. 페이지 크기는 20.3 x 30.5cm(8 x 12인치)입니다. 일일 블록의 크기는 4.4cm x 5.4cm(1-7/8인치 x 2-1/16인치)입니다. 특수 기능 - 3년 참조 캘린더와 향후 계획 페이지 포함 전문적인 디자인 - 플래너는 내구성이 뛰어난 블랙 커버와 트윈 와이어 바인딩이 있어 걸림을 방지하고 페이지를 안전하게 보호합니다 미국에서 조립 - 고품질 소재를 사용하여 미국에서 신중하게 디자인 및 조립되었습니다,AT-A-GLANCE DayMinder 월간 플래너로 올해 모든 마감일을 자신 있게 마주하세요. 날짜 범위는 율리우스 력 날짜와 함께 2025년 1월부터 2025년 12월까지 12개월입니다. 일년 내내 사용할 수 있습니다. * 잉크 번짐에 대한 걱정 없이 일정을 계획하세요. 고품질 용지는 잉크 번짐 방지를 위해 설계되어 계획을 깔끔하고 읽기 쉽게 유지합니다. 장기 계획에 적합하며 매달 두 페이지를 커버합니다. 2페이지 당 한 달은 줄이 그어진 일일 블록과 6개월의 참조 캘린더가 특징입니다. 페이지 크기는 20.3 x 30.5cm(8 x 12인치)입니다. 일일 블록의 크기는 4.4cm x 5.4cm(1-7/8인치 x 2-1/16인치)입니다. 특별한 페이지로 정리 기술을 확장하세요. 3년 참조 캘린더와 향후 계획 페이지가 포함되어 있습니다. 플래너는 내구성이 뛰어난 블랙 커버와 트윈 와이어 바인딩이 있어 걸림을 방지하고 페이지를 안전하게 보호합니다. 고품질 소재를 사용하여 미국에서 신중하게 디자인 및 조립되었습니다. *ACCO 브랜드는 구매일로부터 1년 이내에 반품되는 결함이 있는 AT-A-GLANCE 플래너를 교체합니다. 이 보증은 오용이나 남용으로 인한 손상에는 적용되지 않습니다.,"['페이지', '계획', '잉크', '방지', '참조', '캘린더', '블록', '날짜', '일일', '커버']"
사무용품,플래너 및 수첩,플래너,,B0C9J3X9PK,"2024-2026 포켓 플래너 - 3년 월간 플래너 2024-2026, 월간 포켓 플래너/캘린더, 2024년 1월 - 2026년 12월, 16 x 9.7cm(6.3 x 3.8인치), 노트 페이지 60개, 내부 포켓, 펜 루프, 신축성 있는 클로저, 퍼펙트",Indeme,13836,8296,4.7,181.0,"3년 월간 플래너 - 2024-2026, 2024년 1월 - 2026년 12월, 율리우스 력 날짜와 공휴일이 표시된 36개월 월간 페이지가 특징입니다. 이 월간 플래너 2024-2026의 매월 두 페이지를 커버하여 장기 계획에 적합합니다. 월간 개요 - 월간 계획 페이지에서 과거, 현재 및 향후 월간 참조. 유선 일일 블록은 매월 일일 계획을 위한 충분한 공간을 제공합니다. 플랜을 적어두려면 매월 섹션을 참고하세요. 세련된 디자인 - 고품질, 생생한 외관. 평평한 페이지 디자인으로 플래너가 180° 뒤집고 평평하게 놓을 수 있어 효율적인 필기를 할 수 있습니다. 한편, 미니 포켓 캘린더를 사용하면 언제 어디서나 휴대할 수 있어 언제 어디서나 계획을 세울 수 있습니다. 특수 제품 - 16.4 x 9.7cm(6.4 x 3.8인치) 월간 캘린더 플래너 페이지 | 연락처 페이지 4개 | 3년 월간 캘린더 페이지 | 60개의 노트 페이지 | 2024-2026년 연간 개요 | 2024-2026년 휴일 | 두꺼운 용지 | 유연한 하드커버 | 참조 정보 | 펜 루프 | 내부 포켓 | 북 마크 2개 | 탄성 B 프리미엄 두꺼운 용지 - 두꺼운 용지는 잉크 번짐을 줄이고 마모 및 그림자 문제를 제거하며 부드러운 필기 경험을 제공하여 계획을 깔끔하고 읽기 쉽게 유지합니다.",,"['월간', '페이지', '계획', '포켓', '캘린더', '매월', '용지', '두껍다', '참조', '루프']"
사무용품,플래너 및 수첩,플래너,,B0CQL5ZT2K,"TREES 월간 플래너 2024-2026, 달력 플래너 18.8cm x 23.9cm(7.4 x 9.4인치), 2024년 7월부터 2026년 6월까지 월간 목표가 있는 시간 관리 개인 오거나이저, 할 일 목록, 습관 추적기, 계획을 위한 24개월 월간 노트",TREES,6911,6911,4.6,1359.0,"2024-2026 월간 플래너 - 2024년 7월부터 2026년 6월까지 2년 기간을 커버하는 클래식 캘린더 플래너(18.1 x 23.9cm(7.4 x 9.4인치)). 장시간 동안 활동, 이벤트 및 목표를 편리하게 예약하고 추적할 수 있습니다 프리미엄 두꺼운 용지 - 플래너용 두꺼운 용지는 잉크 번짐 및 고스팅에 강합니다. 잉크가 번지거나 다음 페이지로 스며드는 걱정 없이 각 페이지에 자신 있게 글을 쓸 수 있어 깔끔하고 전문적인 룩을 보장합니다 방수 튼튼한 커버 - 월간 플래너는 내부의 모든 페이지를 보호하는 방수 및 내구성 있는 커버가 함께 제공됩니다. 튼튼한 커버는 가장 바쁜 날에도 플래너가 손상되지 않고 최상의 상태를 유지하도록 합니다 건강한 생활 습관 기르기 - 월간 계획 및 습관 추적기로 일상 습관 계획을 추적할 수 있습니다. 자기 관리와 웰빙을 우선시하도록 장려하여 균형 잡힌 라이프 스타일을 쉽게 설정하고 유지할 수 있습니다 합리적인 디자인 - 월간 캘린더 플래너는 매일 쓸 수 있는 충분한 공간, 편리한 월간 목표 섹션, 할 일 목록, 월간 리뷰 및 요약과 같은 사용자 친화적인 기능으로 신중하게 설계되었습니다. 업무, 공부 또는 개인용으로 적합하며 종합적인 계획 경험을 제공합니다",,"['월간', '계획', '습관', '커버', '추적', '페이지', '관리', '용지', '유지', '두껍다']"
사무용품,플래너 및 수첩,플래너,,B0D1NNDS5D,"간소화 2024-2025 월간 플래너 및 캘린더 북. 2024년 7월 - 2025년 12월부터 12월까지 실행, 18개월 플래너, 일상 생활을 쉽게 정리할 수 있음, 17.8 x 25.4cm(7 x 10인치), 브라운",CalenDream,11066,11066,3.9,24.0,"플래너 개요 - 2024년 7월 - 2025년 12월부터 18개월 플래너로, 18개월의 월간 페이지가 있어 쉽게 계획할 수 있습니다. 휴대와 사용이 편안합니다. 매월 - 각 월간 스프레드에는 휴일, 전월 및 다음 달 달력, 메모 섹션이 포함된 월 개요가 포함되어 있습니다. 메모와 세부 사항을 위한 충분한 공간, 매월 캘린더용 2페이지와 다양한 유형의 월간 메모를 위한 2페이지가 있습니다. 간단하고 컴팩트한 레이아웃 - 매월 월간 플래너 2024-2025 레이아웃은 두 개의 열린 페이지에 있어 계획을 한 눈에 볼 수 있습니다. 중요한 이벤트, 회의 또는 마감일을 놓치지 않도록 합니다. 인생이나 직장을 잘 지켜보세요 기타 세부 정보 - 17.8 x 25.4cm(7 x 10인치) 사이즈| 2024년 및 2025년 연간 개요| 연간 목표| 연락처 페이지| 개인 정보 페이지| 월간 예약| 월간 목표| 월간 작업| 할 일 목록 우수한 품질 - 잉크 누출을 줄이고 마모 및 음영 문제를 지우는 두꺼운 종이. 이 멋진 2024-2025 월간 플래너로 일상을 계획하고 만들고 일정을 잡으세요","17.8 x 25.4cm(7 x 10인치) 크기의 2024-2025 월간 플래너(2024년 7월 - 2025년 12월)는 어디를 가든 정리할 수 있는 간단하고 우아한 플래너입니다. 각 월간 스프레드에는 휴일, 전달 및 다음 달 달력, 메모 섹션이 포함된 월 개요가 포함되어 있습니다. 메모와 세부 사항을 위한 충분한 공간, 매월 캘린더용 2페이지와 다양한 유형의 월간 메모를 위한 2페이지가 있습니다. 잉크 누출을 줄이고 마모 및 음영 문제를 지우는 두꺼운 용지.","['월간', '페이지', '메모', '개요', '매월', '캘린더', '계획', '휴일', '레이아웃', '스프레드']"
사무용품,플래너 및 수첩,플래너,,B0CHRRR8VK,"Planner 2024-2025 - 2024-2025 플래너/캘린더, 2024년 7월 - 2025년 6월, 2024-2025 플래너, 탭 포함, 16 x 21.3cm(6.3 x 8.4인치), 뒷면 포켓이 있는 하드커버 + 두꺼운 종이 + 트윈 와이어 바인딩 - 꽃",Planrage,20761,22146,4.5,389.0,"플래너 2024-2025 - 이 2024-2025 플래너는 2024-2025년 7월부터 JUN 2025까지 12개월을 커버하며, 16.3 x 21.6cm(6.3 x 8.4인치)로 일일 계획 및 일정에 적합한 크기이며 휴대가 편리합니다. 월간 계획 - 이 플래너 2024-2025의 각 월간 페이지에는 2개의 스프레드 페이지가 포함되어 있으며 특별한 휴일을 위한 휴일 알림과 중요한 것을 기록하기 위한 메모 섹션이 있습니다. 또한 과거와 미래를 되돌아보고 미래를 향한 과거 및 미래 달력입니다. 주간 관리 - 이 플래너 2024-2025의 주간 페이지에는 각 계획의 진행 상황을 추적할 수 있는 확인란이 있는 자세한 일일 계획을 위한 충분한 필기 공간을 제공하며, 평일 알림은 항상 주간 목표와 계획을 달성하도록 알려줍니다. 기능적인 디자인 - 다양한 색상의 꽃 및 하드 커버 | 트윈 와이어 바인딩 | 월간 탭 인쇄 | 연간 개요 | 연락처 | 빠른 참조 정보 | 휴일 알림 | 율리우스 날짜 | 노트 섹션. 프리미엄 두꺼운 용지 - 일반 플래너 2024-2025보다 두꺼운 용지는 잉크 번짐을 줄이고 항상 글을 깔끔하게 유지합니다. 이 학술 플래너 2024-2025에 사용되는 밝은 흰색 및 중성 종이는 완전 비건 원료로 환경 친화적이며 이 플래너 2024-2025는 우아하고 화려한 디자인 플래너로 삶을 스타일리시하게 정리할 수 있도록 도와줍니다.",,"['계획', '미래', '두껍다', '휴일', '알림', '주간', '페이지', '월간', '꽃', '트윈']"
사무용품,플래너 및 수첩,플래너,,B07WV313H3,"2024-2025 플래너 - 플래너 2024-2025 일일 주간 및 월간, 2024년 7월 - 2025년 6월, 20.3cm x 25.4cm(8 x 10인치), 월간 탭, 트윈 와이어 바인딩, 완벽한 캘린더 및 플래너 오거나이저",MaaIbok,5526,5526,4.6,2448.0,"2024-2025 플래너 개요 - 눈길을 끄는 커버가 있는 주간 및 월간 플래너 2024-2025는 2024년 7월부터 2025년 6월까지입니다. 이 2024-2025 플래너의 크기는 20.3cm x 25.4cm(8 x 10인치)로 휴대와 사용이 편안합니다. 월 계획 - 이 2024-2025 플래너의 월간 보기 페이지는 간단한 과거 검토 및 향후 계획을 위해 이전 및 다음 달 달력에 대한 참조를 제공합니다. 오른쪽의 노트 섹션에는 월간 아이디어, 생각 등을 적어 둘 수 있습니다. 주 및 요일 계획 - 이 플래너 2024의 주간 보기 페이지에는 상세한 일일 계획, 약속, 활동 등을 위한 충분한 안감 쓰기 공간이 포함되어 있습니다. 특수 - 20.3cm x 25.4cm(8인치 x 10인치) 계획 페이지 | 두꺼운 용지 | 연락처 | 연간 개요 | 참조 캘린더 | 휴일 | 월간 탭 | 강력한 트윈 와이어 바인딩 독특한 디자인 - 고품질 월간 캘린더 플래너는 부드러운 촉감을 가지고 있으며, 강한 금속과 평평한 나선형 바인딩으로 이 플래너에 활기찬 룩을 제공하여 하루를 밝혀줍니다. 또한, 뒷면 포켓에는 비행기 표, 카드, 종이 등과 같은 느슨한 물건을 보관할 수 있습니다.",,"['월간', '계획', '주간', '캘린더', '페이지', '일일', '탭', '트윈', '바인딩', '참조']"
사무용품,플래너 및 수첩,플래너,,B0CCDVXNX7,"UpUDo 달력이 있는 주간 플래너, 160페이지 습관 트래커 저널 오거나이저 - 10.9cm x 14.7cm(4.3인치 x 5.8인치) 휴대용 노트북",UpUDo,11066,7742,4.3,52.0,"[날짜 없는 주간 메모장] 2023-2024 캘린더, 160개의 쓰기 가능한 날짜가 없는 메모장 페이지는 1년 이상의 계획, 주간 작업, 할 일 목록, 알림 등을 정리합니다. [습관 추적기] 신체적, 정신적 건강을 향상시키기 위해 인생에서 긍정적인 습관을 형성하는 데 집중할 수 있도록 도와줍니다. 주간 습관 추적기는 새로운 취미를 개발하거나 새로운 기술을 배우는 데 큰 도움이 될 것입니다. [휴대용 사이즈] 11.9 x 14.8cm(4.3 x 5.8인치) 사이즈로 백팩이나 핸드백에 보관하기에 적합하며 학교, 여행 및 직장에서 휴대하기에 적합합니다. [잉크 번짐 없음] 100gsm 백지, 중량, 번지지 않음, 모든 펜 유형에 적합합니다. [서비스] 품질 문제 또는 배송이 손상된 경우 45일 환불 및 12개월 교체.",,"['습관', '주간', '휴대', '메모장', '날짜', '새롭다', '추적', '건강', '손상', '서비스']"
사무용품,플래너 및 수첩,플래너,,B08CZYYWBM,Bright Day Calendars to Do List 일일 작업 체크리스트 플래너 시간 관리 노트 날짜 없는 플렉스 커버 나선형 오거나이저 21.6 x 16.2cm(8.25 x 6.25인치) (트로피컬 플로럴),Bright Day Calendars,11066,8850,4.6,169.0,"정리된 상태 유지: 재미있는 개인 플래너로 할 일 목록을 확인하세요. 날짜가 없는 고성능 의제 불렛 저널로 하루의 작업, 집안일 및 심부름을 나열하세요. 일일 작업은 편리한 순서로 강조되어 우선 순위를 정하고 진행하면서 확인할 수 있습니다. 기억해야 할 시간은 중요한 전화 통화, 회의 또는 하차 시간을 추적하는 데 도움이 됩니다. 뒷면 커버의 포켓과 습관 추적기 페이지 포함. 또한 매일 영감을 주는 I am grateful for 섹션이 포함되어 있습니다. 피트니스 섹션은 시간을 찾는 것이 어려울 수 있기 때문에 다이어트 및 피트니스 저널에 일상적인 신체 활동을 설명합니다. 또한 H2O 트래커로 수분을 유지하세요. 식사 및 간식 140페이지 데이 플래너는 식사 계획을 세우는 데 도움이 되어 식사 계획을 세우는 데 도움이 됩니다. 잘 계획된 목록 메모장을 사용하면 일상 생활의 생산성이 향상됩니다. 완벽한 선물: 크리스마스, 비밀 산타, 흰 코끼리 사무실 파티 또는 가족 교환, 동료, 친구, 생일, 기념일 또는 멋지고 사려 깊은 놀라움. 구매하기 어려운 사람에게 이상적이며 막바지 선물 아이디어입니다.",,"['식사', '계획', '작업', '도움', '선물', '피트니스', '일일', '일상', '목록', '페이지']"
사무용품,플래너 및 수첩,플래너,,B0BS2L4Z3F,"주간 플래너 패드: 여러 섹션이 있는 할 일 목록 책상 메모장 - 21.6 x 27.9cm(8.5 x 11인치) 52장 - 날짜가 없는 티어 오프 노트 캘린더 - 습관 계획 트래커, 작업 목표 체크리스트 오거나이저 - 아젠다 플랜 패드",Of a Happy Kind,12451,10567,4.7,1266.0,"여러 섹션이 있는 최고의 할 일 목록: 목록 애호가의 꿈인 메모장은 중요한 작업을 모두 쓸 수 있는 충분한 공간이 있는 여러 섹션을 제공하므로 일반 목록보다 작업을 더 잘 정리하고 추적할 수 있습니다. 시트에는 매일 별도의 공간과 할 일 목록과 최우선 순위를 위한 섹션이 있어 우선 순위를 쉽게 지정하고 정리할 수 있습니다. 압도당하는 느낌과 작별 인사를 하고 보다 체계적이고 생산적인 여러분을 안녕하세요! 생산성을 높이기 위한 미니멀리스트 디자인: 주간 할 일 목록 메모장으로 미니멀하고 기능적인 디자인의 완벽한 균형을 경험하십시오. 각 메모장의 크기는 21.6 x 27.9cm(8.5 x 11인치)이며 52장의 시트가 있으므로 필요한 모든 것을 기록할 수 있는 충분한 공간이 있습니다. 미니멀리스트 흑백 디자인과 프리미엄 소재로 제작된 메모장은 하루 종일 추적하고 동기를 부여할 수 있는 완벽한 도구입니다! 프리미엄, 번지지 않는 페이지: 더 이상 펜이나 마커가 엉성한 종이를 통해 번지는 것에 대해 좌절하지 마세요! 저희 메모장은 프리미엄 논블리드 100gsm 용지로 만들어져 최고의 필기 경험을 제공합니다. 경쟁사와 달리, 이 페이지는 영구 마커로 쓰더라도 다음 페이지로 번지지 않습니다. 어디서나 쓸 수 있는 튼튼한 뒷면: 당사의 메모장은 두꺼운 뒷면으로 만들어져 언제든지 쓸 수 있는 튼튼한 표면을 제공하므로 이동 중에도 휴대할 수 있으며 중요한 작업을 다시는 놓치지 않습니다. 집, 사무실 또는 이동 중에도 항상 생각을 포착하고 일상 생활을 유지할 수 있습니다. 페이지를 쉽게 떼어낼 수 있습니다: 쉽게 떼어낼 수 있고, 날짜가 없는 페이지는 목록을 다른 사람들과 공유하거나 매일 새로운 페이지로 시작할 수 있습니다. 어제의 작업을 제거하고 깨끗한 슬레이트로 시작하여 정말로 중요한 일에 집중할 수 있는 편리함을 좋아할 것입니다.","최고의 할 일 목록으로 혼란에 작별 인사를 하고 정리에 인사하세요. 주간 할 일 목록 메모장에는 일반 목록보다 작업을 더 잘 정리하고 추적할 수 있는 여러 섹션이 있습니다. 미니멀하고 기능적인 디자인으로 작업을 분리하고 우선 순위를 정하는 것이 그 어느 때보다 쉬워집니다. 주간 할 일 목록 메모장의 각 시트에는 매일 별도의 공백과 할 일 목록 및 최우선 순위에 대한 섹션이 포함되어 있습니다. 21.6 x 27.9cm(8.5 x 11인치) 크기의 52장의 시트가 있어 필요한 모든 것을 적어 둘 수 있는 충분한 공간이 있습니다. 더 좋은 점은 메모장은 번지지 않는 프리미엄 종이로 만들어져 영구 마커라도 다음 페이지를 망칠 걱정 없이 좋아하는 필기 도구를 사용할 수 있다는 것입니다. 메모장은 튼튼한 뒷면이 있어 필기 표면 없이도 언제 어디서나 사용할 수 있습니다! 가정, 직장 또는 이동 중에도 사용할 수 있는 완벽한 도구입니다. 주간 할 일 목록 메모장은 쉽게 떼어낼 수 있는 페이지가 포함되어 있어 다른 사람들과 메모를 공유하거나 다음 날 새로 시작할 수 있습니다. 팀과 협력하고 싶거나 단순히 깨끗한 슬레이트로 매일 시작하는 것을 선호하는 사람들에게 적합합니다. 바쁜 전문가이든, 학생이든, 집에 있는 부모이든, 당사의 메모장은 여러분이 계속 추적하고 동기를 부여할 수 있는 완벽한 도구입니다. 기능적인 디자인, 프리미엄 용지 품질, 쉽게 떼어낼 수 있는 페이지로 이 제품이 없으면 어떻게 관리했는지 궁금할 것입니다. 지금 구매하고 인생에서 만들 수 있는 차이를 확인하세요!","['목록', '메모장', '페이지', '작업', '섹션', '프리미엄', '디자인', '주간', '시트', '멀다']"
사무용품,플래너 및 수첩,플래너,,B0BQWG4V85,"2024-2027 월간 플래너/월간 달력 - 3년 월간 플래너 2024-2027, JUL 2024 - DEC 2027, 16 x 21.3cm(6.3 x 8.4인치), 월간 플래너 36개, 3년 플래너",Lafefo,11066,11066,4.7,253.0,"2024-2027 월간 플래너 - 월간 플래너 2024-2027은 2024년 7월 - 2027년 7월부터 36개월까지 36개월을 커버하며, 율리우스 날짜와 공휴일이 표시된 36개월의 월간 페이지가 특징입니다. 이 3년 월간 플래너 2024-2027의 크기는 16 x 21.3cm(6.3 x 8.4인치)이며 일일 계획 및 일정에 적합한 크기이며 휴대가 편리합니다. 월간 개요 - 이 월간 플래너 2024-2027의 매월 장기 계획에 적합한 두 개의 전체 페이지를 다룹니다. 오픈 스케줄링을 위한 줄이 없는 일일 블록(3 x 3.2cm(1.2 x 1.25인치))과 자발적이고 중요한 품목에 대한 메모 열. 또한, 이 월간 플래너 2024-2027에는 월간 계획 페이지에 3개월 참조 달력, 코팅 라벨 및 유명한 인용문이 포함되어 있습니다. 콘텐츠 디자인 - 3년 월간 플래너 2024-2027은 36개의 월간 캘린더 페이지 + 1개의 개인 정보 페이지 + 4개의 중요한 연락처 페이지 + 7개의 연락처 페이지 + 5개의 비밀번호 페이지 + 27개의 노트 페이지 + 2024-2027년 연간 개요 + 2024-2027년 휴일 + 36개의 월간 탭을 다룹니다. 프리미엄 두꺼운 용지 - 일반 월간 플래너 2024-2027보다 두꺼운 용지는 잉크 번짐을 줄이고 항상 글을 깔끔하게 유지합니다. 이 2024-2027 월간 플래너에 사용된 밝은 흰색 및 중성 종이는 완전 비건 원료로 환경 친화적이며 이 2024-2026 월간 플래너는 우아하고 화려한 디자인의 플래너로 삶을 스타일리시하게 정리할 수 있도록 도와줍니다. 전문적인 디자인 - 견고한 금속 트윈 와이어 바인딩으로 360도 접을 수 있습니다. 내부 페이지를 보호하기 위한 하드커버. 카드와 같이 흩어져 있는 물건을 보관할 수 있는 코팅된 월간 탭과 뒷면 포켓. 커버의 생생한 꽃과 균형 잡힌 색상 매칭으로 사용 과정에서 행복감을 느낄 수 있습니다.",,"['월간', '페이지', '계획', '디자인']"
사무용품,플래너 및 수첩,플래너,,B07H4JL57S,Legend Planner – 주간 및 월간 라이프 플래너로 목표를 달성하고 행복하게 살 수 있습니다. 오거나이저 노트 및 생산성 저널. A5 (블랙),Legend Planner,30456,30456,4.6,24306.0,"최고의 목표 설정 플래너 - 날짜가 표시되지 않은 주간 플래너는 효과적인 계획 도구와 목표 설정 프레임워크를 결합하여 일년 내내 집중력과 생산성을 유지할 수 있도록 도와줍니다. 정리된 상태를 유지하고 생산성을 높이며 목표 달성 - 이 플래너는 미래에 대한 비전을 개발하고 큰 삶의 목표를 설정하며 이러한 목표를 일상 의제에 통합하여 시간을 최대한 활용할 수 있도록 도와줍니다. 직장 생활의 균형을 개선하고 새로운 습관을 구축하고 행복한 느낌 - 이 주간 및 주간 플래너는 일일 습관 추적기와 월간 체크인을 사용하여 균형 잡힌 라이프 스타일을 구축하고 지원할 수 있도록 설계되었습니다. A5 사이즈, 스티커 및 사용자 가이드(한글이 아닐 수 있음) - 이 플래너 오거나이저는 A5 사이즈(14.7 x 21.1cm(5.8 x 8.3인치))로 제공되며 에코 가죽 하드커버, 두꺼운 120gsm 종이, 레이 플랫 바인딩, 펜 루프, 탄성 밴드, 책갈피 3개, 메모 포켓, 스티커 3장, 사용자 가이드(한글이 아닐 수 있음)가 포함되어 있습니다. 60일 환불 보장 - 어떤 이유로든 목표 플래너에 만족하지 않으면 라이프 오거나이저 플래너를 교환하거나 환불해 드립니다. 메시지를 통해 연락하여 불렛 플래너를 환불하세요.",,"['주간', '라이프', '생산', '스티커', '구축', '균형', '습관', '오거나이저', '월간']"
사무용품,플래너 및 수첩,플래너,,B0CFV8VNWG,"2024-2025 월간 플래너, 간체 월간 캘린더 플래너, 18.5 x 24.1cm(7.3 x 9.5인치) 방수 커버 트윈 와이어 바인딩, 할 일 목록 노트 및 사무용품용 24개월 플래너, 그린, 2024년 1월 - 12월",Kamoy,8296,8296,4.4,198.0,"2024-2025 월간 플래너: 꼼꼼하게 제작된 2024-2025 월간 플래너로 계획 게임을 업그레이드하세요. 이 세련되고 기능적인 월간 플래너는 2024년부터 2025년까지 24개월에 걸쳐 장기간 체계적이고 일정을 유지할 수 있습니다. 세련된 디자인: 2024-2025 월간 플래너는 매끄럽고 우아한 딥 그린 커버가 중앙에 눈에 띄게 표시되어 작업 공간에 세련된 추가 아이템이 됩니다. 아래에서 ""2024년 1월 - 2025년 12월, 월간 플래너""라는 신중한 라벨을 찾을 수 있습니다 내구성 있는 구조: 내구성을 위해 제작된 이 월간 캘린더 플래너는 투명한 방수 PVC 앞면과 뒷면 페이지를 자랑하며 일상적인 사용의 마모로부터 중요한 날짜와 메모를 보호합니다. 이 사려 깊은 구조로 월간 플래너를 사용하는 동안 깨끗한 상태를 유지할 수 있습니다. 종합적인 레이아웃: 총 56페이지로 구성된 이 월간 캘린더 플래너는 모든 계획 요구 사항을 위한 충분한 공간을 제공합니다. 매월 전용 월간 캘린더 페이지와 목표 설정, 작업 적기, 할 일 목록 관리 및 메모 작성을 위한 섹션이 있습니다. 이 올 인클루시브 레이아웃은 약속과 개인 플래너를 원활하게 관리할 수 있도록 도와줍니다. 최적의 사이즈: 18.5cm x 24.1cm(7.3인치 x 9.5인치) 크기의 이 월간 플래너는 휴대성과 기능 사이의 완벽한 균형을 이룹니다. 휴대할 수 있을 만큼 컴팩트하면서도 바쁜 일정과 창의적인 생각을 수용할 수 있는 충분한 필기 공간을 제공합니다.",,"['월간', '캘린더', '페이지', '공간', '구성', '세련되다', '휴대', '방수', '유지', '일정']"
사무용품,플래너 및 수첩,플래너,,B09FJKKVP2,2024 Planner Pro 14.8 x 21.6cm(5.8 x 8.3인치) - 날짜 없는 생산성 및 비즈니스 플래너 노트 및 저널 - 월간 플래너 2024 및 일일 플래너 2024-2025 - A5 - 브라운 - Productivity Store,PRODUCTIVITY STORE,45691,33226,4.4,1317.0,"날짜 없는 2024 플래너: 이 2024 플래너 및 2024년 캘린더는 일일 플래너, 월간 플래너, 주간 플래너, 생산성 플래너, 목표 플래너, 비즈니스 플래너, 할 일 목록 플래너, 플래너 노트 및 감사 저널 올인원입니다. 오늘날 사용할 수 있는 최고의 캘린더, 플래너 및 오거나이저 중 하나입니다. 계획, 추적 및 반영 - ""상위 3"" 작업, 할 일 목록, 반사 프롬프트 및 일일 기분 추적기가 포함된 효과적인 2024 일일 플래너 시스템. 매일을 최대한 활용할 수 있는 완벽한 일일 플래너 2024-2025. 매년 최대한 활용할 수 있는 완벽한 데일리 2024-2025 플래너. 플래너 스티커 및 기타 보너스가 포함된 날짜 없는 주간 플래너: 주간 플래너 섹션을 사용하여 매주 미리 계획하고 주간 성과를 반영하십시오. 이 2024 주간 플래너에는 플래너 스티커, 습관 추적기, 주간 영감을 주는 인용문 및 메모 공간을 포함한 5가지 보너스 기능이 포함되어 있습니다. 2024 월간 플래너: 월간 플래너를 위한 최고의 선택입니다. 이 월간 플래너 2024-2025는 날짜 표시 플래너, 라이프 플래너, 학업 플래너, 학생 플래너, 시간별 플래너, 연간 플래너, 작업 플래너, 2024-2025 캘린더, 시간별 플래너, 일정 플래너 또는 약속 책자로 사용할 수 있습니다. 여성을 위한 완벽한 플래너입니다. 남성을 위한 완벽한 플래너입니다. 60일 환불 보장: Productivity Store에서는 경쟁사의 과 일치하지 않습니다. 60일 무질문 반품 정책으로 마음의 평화를 경험하십시오. 구매에 완전히 만족하지 못하셨다면 60일 이내에 반품하세요.",,"['주간', '월간', '일일', '완벽하다', '날짜', '캘린더', '작업', '노트', '생산', '비즈니스']"
사무용품,플래너 및 수첩,플래너,,B0CLL854T5,"2024-2025 플래너 - 플래너/캘린더 2024-2025, 7월. 2024-2025년 6월, 2024-2025 주간 및 월간 플래너, 16.3cm x 21.6cm(6.4인치 x 8.5인치), 탭이 있는 아카데믹 플래너, 튼튼한 커버, 프리미엄 종이, 뒷면 포켓, 강력한 트윈 와이어 바인딩",Vindora,10373,11758,4.6,338.0,"플래너 2024-2025 - 이 아름다운 2024-2025 주간 및 월간 플래너는 2024년 7월부터 2025년 6월까지 12개월을 커버합니다. 크기는 16.4 x 21.6cm(6.4 x 8.5인치)로 일일 계획 및 일정을 위한 실용적인 크기입니다. 월간 계획 - 월간 계획의 경우 이 플래너 2024-2025의 월간 캘린더 보기 페이지에는 줄이 없는 3cm(1.2인치) x 3.2cm(1.25인치) 일일 블록과 하이라이트 휴일이 포함되어 있습니다. 또한 페이지의 과거 및 미래 월간 참조 캘린더는 장기 계획을 세우는 데 도움이 되며 메모 섹션에서는 월간 목표를 지정할 수 있습니다. 주간 계획 - 주간 일정 및 계획을 위해 이 학술 플래너 2024-2025는 일요일부터 월요일까지 진행되는 주간 보기 페이지에서 모든 날짜와 중요한 휴일을 강조합니다. 또한, 각 주간 페이지에 자세한 계획을 기록할 수 있는 충분한 줄 쓰기 공간이 있습니다. 기능성 디자인 - | 내부 포켓 | 신축성 있는 클로저 | 유연한 하드커버 | 강력한 트윈 와이어 바인딩 | 계획 페이지 | 프리미엄 두꺼운 용지 | 연락처 | 빠른 참조 정보 | 연간 개요 | 휴일 내구성 - 이 2024-2025 주간 및 월간 플래너는 프리미엄 두꺼운 종이로 만들어져 잉크 번짐과 페더링을 방지합니다. 강력한 트윈 와이어 바인딩과 튼튼한 커버로 2024-2025 플래너의 내구성이 뛰어납니다. 이 캘린더 2024-2025가 목표를 달성하는 데 도움이 되는 파트너가 되기를 바랍니다.",,"['월간', '계획', '주간', '페이지', '캘린더', '트윈', '와이어', '커버', '휴일', '강력하다']"
사무용품,플래너 및 수첩,플래너,,B09X1GRGFH,"Nokingo 2024년 또는 모든 연도를 위한 날짜 없는 플래너 - 목표 추적을 위한 주간 및 월간 오거나이저 노트 및 저널, 14.9 x 21cm(5.8 x 8.25인치), 일상 생활을 정리하기에 완벽함, 나뭇가지 주간 월간 플래너 날짜 없음",Nokingo,12437,12437,4.5,1579.0,"플래너 개요 - 플래너에는 연간 개요(2024-2025년 달력), 휴일, 연락처 페이지 2개, 12개월 달력 섹션, 60주 섹션 및 메모 작성, 목록, 목표 등을 위한 14개의 노트 페이지(라인)가 포함되어 있어 삶을 효율적으로 관리하고 목표를 완벽하게 달성할 수 있도록 도와줍니다 월간 및 주간 - 각 월간 스프레드에는 해당 월의 개요와 메모 섹션이 포함되어 있습니다. 12개월 달력, 월 2페이지. 메모와 디테일을 위한 충분한 공간. 각 월간 캘린더 뒤에는 5개의 주간 페이지, 주당 2페이지가 이어집니다. 주간 스프레드에는 약속, 일일 일정, 주의 초점, 할 일 목록/목표를 기록하고 주간 보기로 모든 일을 명확하게 추적할 수 있는 충분한 공간이 포함되어 있습니다 날짜가 없는 플래너를 사용하면 공간 낭비 없이 연중 언제든지 플래너를 쉽게 시작할 수 있습니다. 티켓, 카드, 종이 등과 같은 느슨한 물건을 보관할 수 있는 내부 포켓이 있는 플래너와 플래너를 보호하기 위한 신축성 있는 클로저 우수한 품질 - 잉크 누출을 줄이고 마모 및 음영 문제를 지우는 100gsm 두께의 용지. 견고하고 유연한 커버로 내부 페이지를 잘 보호합니다. 강한 금속 및 레이 플랫 트윈 와이어 바인딩 완벽한 용도 - 이 개인 정리함은 유연한 구조로 목표, 작업, 약속, 프로젝트, 작업, 습관 등을 추적할 수 있습니다. 학교, 직장 또는 가정을 위한 플래너, 오거나이저, 학업 의제 또는 노트 패드에 적합하며 훌륭한 선물이 됩니다. 이 멋진 월간 및 주간 날짜 표시 플래너로 일상을 계획하고 만들고 일정을 잡으세요","16.5 x 21.6cm(6.5 x 8.5인치) 크기의 날짜가 표시되지 않은 월간 및 주간 플래너는 어디를 가든 정리할 수 있는 간단하고 우아한 플래너입니다. 간단한 페이지 디자인과 중요한 정보를 모두 담을 수 있는 충분한 공간. 날짜가 없는 플래너 구성:/각 월간 스프레드에는 해당 월의 개요와 메모 섹션이 포함되어 있습니다. 12개월 달력, 월 2페이지. 메모와 디테일을 위한 충분한 공간. 각 월간 캘린더 뒤에는 5개의 주간 페이지, 주당 2페이지가 이어집니다. 주간 스프레드에는 일일 일정, 약속, 활동, 주의 집중, 할 일 목록/목표를 기록하고 주간 보기로 모든 일을 명확하게 추적할 수 있는 충분한 공간이 포함되어 있습니다./이 독특한 월간 및 주간 플래너는 고품질 100gsm 백지를 사용하여 쉽게 쓰고 잉크 누출을 줄이고 마모 및 음영 문제를 지우고 약속, 할 일 및 알림을 위한 깨끗한 필기 공간을 제공합니다. 날짜가 표시되지 않은 월간 및 주간 플래너는 만년필, 젤 펜, 롤러 펜, 볼펜, 형광펜, 연필 등에 잘 반응합니다. 내부 페이지를 잘 보호하기 위한 견고하고 유연한 커버, 부드러운 글씨를 위한 두꺼운 종이, 강한 트윈 와이어 바인딩, 티켓, 카드, 종이 등과 같은 느슨한 물건을 보관할 수 있는 튼튼한 플라스틱 포켓, 플래너를 보호하기 위한 신축성 있는 구름, 이러한 모든 디테일은 고품질을 보여줍니다./이 개인 정리함은 목표, 작업, 약속, 프로젝트, 작업, 습관 등을 추적할 수 있는 유연한 구조를 특징으로 합니다. 학교, 직장 또는 가정을 위한 플래너, 오거나이저, 학업 의제 또는 노트 패드에 적합하며 훌륭한 선물이 됩니다. 지금 이 멋진 월간 및 주간 날짜 표시 플래너로 일상을 계획하고 만들고 일정을 잡으세요.","['주간', '월간', '페이지', '날짜', '공간', '충분하다', '추적', '약속', '메모', '노트']"
사무용품,플래너 및 수첩,플래너,,B0BTY6BL2Q,"2024-2027 포켓 플래너/달력 - 3년 월간 플래너 2024-2027년 7월 - 2027년 6월, 9.7 x 16cm(3.8 x 6.3인치), 소형/지갑 플래너, 펜 홀더 포함, 내부 포켓, 신축성 있는 클로저 및 61개의 노트 페이지",Youthamazing,8711,9404,4.7,1097.0,"2024-2027 월간 플래너/캘린더 - 2024-2027 포켓 캘린더는 2024년 7월부터 2027년 6월까지 36개월을 커버하여 장기 계획에 적합합니다. 사이즈: 9.7cm x 16cm(3.8인치 x 6.3인치), 작고 컴팩트하며 지갑에 매우 적합하며 중요한 날짜, 마감일, 특별 이벤트 등을 기록할 수 있습니다. 월간 개요 - 매월 2 x 2.5cm(0.8 x 1인치) 줄이 없는 일일 블록은 공개 일정을 위한 충분한 공간을 제공합니다. 그리고 이전 및 다음 월간 참조 달력의 2개월은 더 쉽게 정리하고 추적할 수 있습니다. 또한 노트 섹션에는 할 일 목록, 생각, 아이디어 등을 적어 둘 수 있습니다. 프리미엄 두꺼운 용지 - 작은 달력 2024-2027은 두꺼운 종이로 부드러운 필기 경험을 제공하며 잉크 페더링과 누출에 대한 걱정 없이 일정을 계획할 수 있습니다. 개선된 고품질 용지는 누출 방지를 위해 설계되어 3년 플래너를 깔끔하고 읽기 쉽게 유지합니다. 더 많은 기능 - 9.7 x 16cm(3.8 x 6.3인치) 계획 페이지 | 플라워 하드커버 | 펜 홀더 | 내부 포켓 | 연간 개요 | 휴일 | 61개의 유선 노트 페이지 | 연락처 | 신축성 있는 클로저 | 휴일 | 평평하게 놓기 | 2페이지 칸막이 | 시간 관리 향상 - 이 월간 포켓 캘린더 2024-2027을 사용하여 메모, 아이디어, 약속, 회의, 알림 등을 적어 보세요. 휴대에 매우 적합하며 일상 계획, 사무실, 학교 및 가정에서 시간을 의식하기에 좋습니다.",,"['월간', '포켓', '계획', '페이지', '달력', '노트', '캘린더', '클로저', '아이디어', '신축']"
사무용품,플래너 및 수첩,플래너,,B0CB3Y3KRW,"2024-2025 월간 플래너 21.6 x 27.9cm(8.5 x 11인치) 월간 목표가 있는 간단한 플래너 캘린더 북, 여성용 남성용 나선형 할 일 목록 플래너 노트, 트윈 와이어 바인딩, 소프트 커버, 내부 포켓, 생활 정리. 핑크",JOYMIA,11066,11066,4.6,87.0,"【2년 정리 유지】: 이 2024-2025 월간 플래너로 몇 달을 미리 계획하세요. 세련된 미학, 목표 설정 섹션 및 유용한 목록이 특징입니다. 약속, 목표 및 이벤트를 추적하세요. 삶을 통제하세요 【간단하고 컴팩트한 레이아웃】: 매월 2024년 월간 플래너 레이아웃은 두 개의 열린 페이지에 있어 계획을 한 눈에 볼 수 있습니다. 중요한 이벤트, 회의 또는 마감일을 놓치지 않도록 합니다. 인생이나 직장을 잘 지켜보세요 【넉넉한 필기 공간】: 이 2024 월간 플래너 사이즈는 21.6 x 27.9cm(8.5 x 11인치)이며 크고 넓은 블록이 있으며, 따라하기 쉬운 월간 달력 형식이 특징이며, 메모, 할 일 및 알림/약속/아이디어를 위한 충분한 공간을 제공합니다. 삶을 단순화하세요! 【품질 및 내구성】: 오래 사용할 수 있도록 제작된 월간 캘린더 및 할 일 목록 노트는 잉크 번짐 없는 프리미엄 용지와 내구성이 뛰어난 소프트 커버로 만들어져 일년 내내 깨끗한 상태를 유지합니다. 휴대가 간편한 가벼운 무게. 【완벽한 선물 아이디어】: 자신이나 사랑하는 사람에게 아름답게 디자인된 2024년 월간 달력을 선물하세요. 월별 목표 및 활동 또는 일일 비용을 예산 플래너로 매핑하세요.",,"['월간', '목록', '선물', '아이디어', '유지', '이벤트', '레이아웃', '정리', '달력', '노트']"
사무용품,플래너 및 수첩,플래너,,B0CWDP98QC,"Bright Day 2024-2025 플래너, 22.2 x 18.4cm(8.7 x 7.25인치) 일일 플래너, 2024년 7월 - 2025년 6월, 주간 일정 학술 플래너 2024-2025, 월간 탭, 수직 뷰, 트윈 와이어 바인딩, 포켓 폴더",Bright Day Calendars,27686,13836,4.4,252.0,"2024년 7월 - 2025년 6월 - 신학기, 일일 2024-2025 학업 플래너는 연간, 월간 및 주간 페이지를 특징으로 하며 모든 약혼 및 약속을 위한 충분한 글쓰기 공간이 있습니다. 대학생에게 완벽한 이 학교 플래너는 2024-2025년에 효율적인 계획을 위해 주간 및 월간 레이아웃을 제공합니다 잘 계획된 목록 메모장을 사용하면 일상이 더 효율적이 될 것입니다. 또한 감사하는 것을 적어 두는 것을 잊지 마십시오. 매일 약간의 영감이 오래 지속됩니다. 데이 플래너에서 식사를 추적하여 식사를 계획하고 목표를 달성하는 데 도움이 됩니다. 2024-2025용 대형 21.9 x 18.9cm(8.75 x 7.25인치) 플래너로 학업 및 업무 약속을 추적하세요 이 학술 플래너는 백팩과 지갑에 완벽한 크기입니다. 일상적인 작업에 쉽게 접근할 수 있습니다. 2024-2025년을 위한 귀여운 디자인이 특징인 하드커버 플래너로 세련되고 학교에 대비하세요. 구매하기 어려운 사람에게 이상적이며 친구, 생일, 기념일, 대학생, 선생님, 어린이 또는 사려 깊은 놀라움을 위한 훌륭한 마지막 순간 선물 아이디어입니다.",,"['계획', '월간', '주간', '학술', '특징', '학업', '완벽하다', '추적', '효율', '일일']"
사무용품,플래너 및 수첩,플래너,,B0CDPN8DW7,"2024-2025 월간 플래너 - 월간 플래너/달력 2024-2025년 7월 - 2025년 12월, 22.9 x 27.9cm(9 x 11인치), 18개월 플래너, 스티커 탭, 뒷면 포켓 - 네이비",Artfan,13836,13836,4.7,237.0,"2024-2025 월간 플래너 - 월간 플래너 2024-2025는 2024년 7월부터 2025년 12월까지 18개월을 커버하며, 율리우스 날짜와 하이라이트 휴일이 있는 18개월의 월간 페이지가 특징입니다. 월간 플래너의 크기는 22.9 x 27.9cm(9 x 11인치)이며 4.8 x 4.8cm(1.8 x 1.9인치) 일일 블록은 일일 계획을 위한 충분한 공간을 월간 개요 - 이 18개월 플래너 2024-2025의 매월 장기 계획에 적합한 두 개의 전체 페이지를 다룹니다. 또한 4.8cm x 4.6cm(1.9인치 x 1.8인치) 줄이 있는 일일 블록은 오픈 스케줄링을 위한 충분한 공간을 제공하며 매월 일일 계획을 위한 충분한 공간을 제공합니다. 이전 및 다음 월간 참조 캘린더와 오래 지속되는 탭 칸막이로 일년 내내 쉽게 계획하고 추적할 수 있습니다. 기능적인 디자인 - 22.9 x 27.9cm(9 x 11인치) 페이지 | 유연한 커버 | 인쇄된 탭 | 트윈 와이어 바인딩 | 두꺼운 종이 | 플라스틱 뒷면 포켓 | 빠른 참조 정보 | 연간 개요 | 휴일 | 연락처 | 암호 페이지 |. 전문적인 디자인 - 견고한 금속 트윈 와이어 바인딩으로 360도 접을 수 있습니다. 내부 페이지를 보호하기 위한 유연한 플라스틱 커버. 카드와 같이 흩어져 있는 물건을 보관할 수 있는 코팅된 월간 탭과 뒷면 포켓. 삶의 효율성 향상 - 꽃이 있는 올인원 월간 플래너 2024-2025는 단계별로 목표를 달성하도록 동기를 부여하는 훌륭한 선택이며 일상 생활을 정리하고 시간 관리 기술을 향상시킵니다.",,"['월간', '페이지', '계획', '탭', '일일', '충분하다', '공간', '포켓', '커버', '휴일']"
사무용품,플래너 및 수첩,플래너,,9935970434,Action Day Academic 주간 플래너 2024 2025 - 블랙 7x9,Action Day,34611,34611,5.0,1.0,"★ 올인원 레이아웃 디자인: 학업 중년 달력, 할 일 목록, 목표, 프로젝트, 팀워크, 대표단 및 날짜 일기/캘린더로 일일 약속과 작업을 정리하고 완료할 수 있습니다. 매일 오전 7시부터 오후 8시까지 시간별 일정을 제공합니다. 또한 연도 및 내년 캘린더를 위한 월 한눈에 보기 페이지 + 메모를 위한 24페이지가 있습니다. 날짜: 2024년 7월부터 2025년 6월까지 ★ 레이아웃으로 작업을 쉽게 완료하고 생산성과 결과를 높일 수 있기 때문에 당신에게 완벽합니다. 당사의 플래너는 2003년부터 테스트 및 입증되었으며 기업가, 사업가, 리더, 매니저 / CEO / COO / CFO / CTO, 프로젝트 매니저, 영업 사원, 군인, 바쁜 부모(엄마/아빠), 교사, 학생 등 수십만 명의 사람들이 사용하고 있습니다 ★ 삶을 향상시키세요: 플래너는 자신이 되고 싶은 사람으로서 자신을 볼 수 있는 12페이지의 교육 도구가 포함되어 있기 때문에 목적의 힘에 새로운 선명도를 제공합니다. 플래너는 미루는 것을 끝내고 집중력을 유지하며 더 만족스러운 삶을 살 수 있도록 도와줍니다 ★ 특징 및 품질: 북마크, 신축성 있는 클로저, 신축성 있는 펜 루프, 내부 포켓, 24개의 노트 페이지. 100gsm 무산성 FSC 인증 용지로 만든 페이지는 빛과 공기로 인한 손상을 방지합니다. 트레드 바인드, 하드커버, 둥근 모서리, 180° 평평하게 펼 수 있습니다 ★ 독점성: Action Day 디자인은 FORM이 기능을 따라야 한다는 개념을 기반으로 하며, 이 개념을 염두에 두고 모든 책에 대한 독특한 레이아웃을 만들었습니다. (연간 플래너, 학술 플래너, 날짜 없는 플래너, 미팅 노트, 디자인 사고 노트 및 오픈 스파인 노트)",작업을 완료할 수 있도록 디자인된 레이아웃: Action Day 주간 아카데믹 플래너에는 매주 2페이지 스프레드가 포함되어 있으며 1. 약속을 위한 다이어리 섹션(학업/중년 달력: 2024년 7월 - 2025년 7월) 2. 작업 섹션(할 일 목록) 3. 목표 및 프로젝트 섹션 4. 위임된 프로젝트 및 팀워크 섹션 실용적인 특징:  확장 가능한 내부 포켓  신축성 있는 펜 고리.  신축성 있는 잠금  책갈피  모서리가 둥근 하드커버  스레드 바운드 스파인. 추가 가치:  소유자 정보 페이지  12페이지 교육 도구.  연도의 월 한눈에 보기 페이지  연락처 페이지 2개.  메모를 위한 27페이지. 인증된 품질:  100gsm 무산성 종이.  수상 경력에 빛나는 공인 프린터인 RR Donnelley가 인쇄했습니다.  Action Day Weekly Planners로 일을 끝내고 생산성을 높이세요!,"['페이지', '섹션', '작업', '레이아웃', '신축', '디자인', '프로젝트', '노트', '날짜']"
사무용품,플래너 및 수첩,플래너,,B0834MDQ6R,"꽃 저널, 플래너 노트 및 캘린더 일정 오거나이저 (그린 트로피컬, A6(7인치)",Ailifly,11343,11343,4.3,65.0,"고급 인조 가죽 커버, 크로스 웨이브 직조, 편안한 촉감. 여러 개의 내부 페이지: 12개월이 특징입니다. 연간 계획:2페이지, 월간 계획: 26 페이지, 주간 계획:130 페이지 (65 주), 유선 무료 페이지: 27 페이지. 주간 플랜을 기반으로 한 일주일에 두 페이지. 월간, 주간 및 일일 섹션으로 작성에서 삶의 우선 순위를 지정할 수 있습니다! 직장/삶의 균형을 쉽게 달성하고 추적할 수 있도록 도와줍니다! 사이즈 2번 사진에 보이는 사이즈, 총 98장 196페이지. 프리미엄 종이는 잉크 번짐을 줄여줍니다. 아름답고 사랑스러운 꽃으로 매일 기분이 좋습니다. 매달 다른 달과는 다른 꽃 모양과 색상이 다릅니다. 어떤 달이든 플래너를 찾을 수 있어 편리합니다. 둥근 모서리 디자인이 더 아름답습니다.","Flowery Journal, 플래너 노트 및 캘린더 스케줄 오거나이저 (그린 트로피컬, A6(17.8cm)","['페이지', '계획', '주간', '꽃', '월간', '삶', '노트', '아름답다', '오거나이저', '캘린더']"
사무용품,플래너 및 수첩,플래너,,B0D7S34L87,"Travelers Notebook Inserts 2024년 7월 - 2025년 12월, 여행자 노트 캘린더, 주간 및 월간 및 일일 플래너, 레귤러 사이즈 TN 저널, 21.1 x 10.9cm(8.3 x 4.3인치), 5개 세트",UNIQUE HM&LN,20775,20775,,,"레귤러 사이즈: 21.1 x 10.9 cm. 2024년 7월 - 2025년 12월용 인서트 3개 주간 및 월간 캘린더: 2024년 7월~12월 1개. 2025년 1월-6월 1개, 2025년 7월-12월 1개. 반년 동안 68페이지 1개. 일일 일정을 위한 인서트 2개. 1일 1페이지. 68페이지 삽입 1개. 생산성 유지: 월간 캘린더 오거나이저 – 월간 전체 요금제. 주간 계획 - 주간 목표, 약속, 할 일 목록, 메모. 시간별 일정이 있는 일일 플래너. 패키지: 인서트 5개.",여행자 노트 플래너,"['월간', '주간', '페이지', '캘린더', '일일', '인서트', '월월', '노트', '레귤러', '여행자']"
사무용품,플래너 및 수첩,플래너,,B0CLNGS9CJ,"2024-2025 주간 플래너 나선형 제본, 주간 플래너 날짜 없음, 29.9 x 16.3cm(11.2 x 6.3인치), 날짜 없는 일간, 주간 플래너, 생산적인 주간 플래너, 55주",Youthamazing,10498,10498,4.8,56.0,"️ 날짜 없는 주간 플래너 - 주간 플래너에는 두 가지 종류의 레이아웃이 포함되어 있습니다. 날짜가 표시되지 않은 플래너를 사용하여 매주 일정을 잡고 뒷면에 다른 메모를 적을 수 있습니다. 친구나 가족에게 보낼 수 있는 완벽한 선물입니다. 주간 페이지 - 날짜 표시되지 않은 주간 플래너의 전체 크기는 29.9 x 16.3cm(11.2 x 6.3인치)이며 일일 일정을 기록할 수 있을 만큼 큽니다. 플래너는 55주를 포함하며, 각 주간 페이지는 4개의 섹션으로 나뉩니다(날짜 + 주간 우선 순위 + 습관 추적기 + 일일 섹션). 사려 깊은 디자인 - 주간 페이지 뒷면에는 도트 페이지가 있어 모든 종류의 메모를 적어 둘 수 있습니다. 또한, 날짜가 표시되지 않은 플래너는 프리미엄 종이로 만들어져 잉크 페더링과 누출에 대한 걱정 없이 부드러운 필기 경험을 즐길 수 있습니다. 견고하고 효율성 - 강력한 트윈 와이어 바인딩이 있는 플래너로 페이지를 360° 쉽게 넘길 수 있습니다. 판지 일일 플래너의 특징은 날짜가 없습니다. 대부분의 전통적인 플래너와 달리, 언제든지 사용할 수 있으며 주간 플래너 사용 효율성을 향상시킬 수 있습니다. 완벽한 시간 관리 - 할 일 목록에서 작업을 하나씩 정리하고, 고수하는 습관을 확인하고 일정을 추적함으로써 통제력을 강화할 수 있습니다. 하고 싶은 일에 집중하고 싶다면 와서 플래너를 소유하세요!",,"['주간', '날짜', '페이지', '표시', '일일', '일정', '효율', '추적', '메모', '섹션']"
사무용품,플래너 및 수첩,플래너,,B0D1FWFQ1K,"교사 플래너 2024-2025, 교사 수업 플래너, 2024년 8월-2025년 7월, 21.6cm x 27.9cm(8.5인치 x 11인치), 플래너 2024-2025 일일 주간 및 월간, 나선형 바운드 캘린더 노트, 컬러 탭, 학용품",Artake,24916,24916,4.2,127.0,"Teacher Planner 2024-2025: 이 교사 수업 플래너는 2024년 8월부터 2025년 7월까지 시작되며 12개월 동안 월간 및 주간 코스 계획 페이지를 포함합니다. 이 21.6cm x 27.9cm(8.5인치 x 11인치) 교사 플래너 2024-2025 학년도를 사용하여 교육 과정과 일정을 정리하세요 월간 조회수: 12개의 탭은 12개의 월간 캘린더 페이지를 나타냅니다. 매달 줄이 없는 일일 캘린더 블록(5cm x 4.7cm/1.96x1.85인치)넓은 레이아웃으로 교육 목표와 계획을 정리할 수 있습니다. 또한 매월에는 원활한 전환을 보장하기 위해 지난 달과 다음 달에 대한 참조 달력이 있습니다. 주간 페이지: 각 주간 스프레드는 7개의 수업 시간을 위한 공간이 있습니다. 일주일에 5개의 열 공간(월요일부터 금요일까지)은 수업 계획을 위한 합리적인 레이아웃을 제공하며 쉽게 가르칠 수 있습니다. 프리미엄 품질: 매우 두꺼운 종이는 마커로 번짐을 방지하고 훌륭한 필기 경험을 제공하며 계획을 깔끔하고 매력적으로 유지합니다. 12개의 튼튼한 컬러 탭, 디럭스 하드커버 및 평평한 나선형 금속 바인딩은 수년 동안 견딜 수 있습니다. 훌륭한 구조 - 21.6 x 27.9cm(8.5 x 11인치) 계획 페이지 | 디자인 하드커버 | 참조 정보 | 커뮤니케이션 로그 | 학생 체크리스트 | 월간 캘린더| 일일 일정 | 중요 날짜| 노트 페이지 등.",,"['계획', '월간', '페이지', '캘린더', '수업', '교사', '주간', '일일', '탭', '훌륭하다']"
사무용품,플래너 및 수첩,플래너,,B09LZD71MS,"Rocketbook 스마트 재사용 가능한 일상 플래너. 주, 월, 연간, 할 일 목록, 목표 템플릿. 저널 및 노트 페이지. 날짜가 없는 오거나이저, 15.2cm x 22.4cm (6 x 8.8인치) 이그제큐티브 사이즈, 펜과 천 포함, 블랙",Rocketbook,52630,52630,4.3,5352.0,"끝없는 재사용 가능 - Rocketbook Everyday Planner에는 일간, 주간, 월별 및 연간 계획을 포함한 8개의 독특한 페이지 템플릿과 저널 및 노트 페이지가 있습니다. 계획, 스캔, 지우기 및 재사용하기만 하면 됩니다. 다용도 - 날짜가 없는 템플릿 페이지와 저널 노트 페이지는 계획 스타일에 맞게 조정되고 플래너의 죄책감을 줄여줍니다. 간단히 지우고 다시 작성하여 계획, 목표, 일정 및 메모를 쉽게 변경할 수 있습니다. 클래식한 펜 및 종이 느낌 - 부드러운 필기를 가능하게 하는 특허받은 종이 기술로 펜에서 종이의 유행을 타지 않는 느낌을 경험하십시오. Rocketbook 앱을 통해 손으로 쓴 계획을 디지털 세계에 쉽게 연결할 수 있습니다. 생산성 잠금 해제 - 무료 Rocketbook 앱으로 손으로 쓴 계획과 메모를 디지털화하고 스캔할 수 있어 구글 드라이브, 드롭박스, 에버노트, 원노트, 슬랙, 아이클라우드 등을 포함한 클라우드 서비스에 원활하게 업로드할 수 있습니다. 패키지 구성 - Rocketbook 이그제큐티브 사이즈 일상 플래너 1개(15.2cm x 22.4cm(6인치 x 8.8인치)), Pilot Frixion 펜 1개, 극세사 천 1개","Everyday Planner는 은하계 최초의 죄책감 없는 플래너입니다. 미니멀리스트 템플릿과 날짜가 표시되지 않은 페이지를 갖춘 이 플래너는 계획 스타일에 완벽하게 적응합니다. 즉, 판단이나 낭비 없이 일, 몇 주 또는 몇 달을 건너뛸 수 있습니다. 다른 Rocketbook 노트와 마찬가지로 이 플래너는 Rocketbook 앱과 함께 작동하여 계획을 디지털화하고 메모를 공유하며 디지털 체크리스트를 만들 수 있습니다. Pilot FriXion 펜으로 글을 쓴 다음 물로 페이지를 마법처럼 지워 에브리데이 플래너를 반복해서 재사용할 수 있습니다. 계획이 있다는 것을 알고 있습니다. 이제 종이에 적어둘 시간입니다.","['계획', '페이지', '펜', '템플릿', '재사용', '노트', '종이', '날짜', '메모', '앱']"
사무용품,플래너 및 수첩,플래너,,B0BRQ6HLCW,"BEZEND Pocket Planner 2023-2024, 17개월(8월 23일 - 12월 24일) 지갑용 소형 학업 캘린더, 8.9 x 15.2cm(3.5 x 6인치), 일일 주간 및 월간 아젠다 - 나선형 바인드, 비건 가죽 소프트 커버 - 블랙",BEZEND,19376,19376,4.6,845.0,"포켓 플래너 2023-2024는 8월 23일부터 12월 24일까지 출시되며, 가볍고 컴팩트한 핸드백 사이즈는 15.5 x 9 cm 및 무게 150 g으로 어디를 가든 메모를 계획하기에 적합합니다. 유용한 페이지가 있는 소형 주간 2024 플래너: 2023년 및 2024년 플래너, 공휴일, 시간표, 연락처 및 점선 노트 페이지. 스마트한 기능을 갖춘 지갑 사이즈 캘린더 2024: 쉽게 떼어낼 수 있는 모서리, 신축성 있는 스트랩이 있는 소프트 커버, 리본 페이지 마커 2개 및 내부 포켓. 2024년 의제 두 페이지 스프레드로 볼 수 있는 주, 중요한 날짜에 대한 개요를 보려면 달력 블록을 보려면 월별 예산 플래너, 비용을 추적할 수 있습니다 환경을 위해 당사의 80gsm 아이보리 컬러 용지는 지속 가능한 임업의 책임감 있는 원천이며 FSC 인증을 받았으며 기후 중립적인 방식으로 인쇄됩니다",,"['페이지', '포켓', '소형', '소프트', '커버', '캘린더', '주간', '지갑', '환경', '바인딩']"
사무용품,플래너 및 수첩,플래너,,B0773G8Y48,"The Phoenix Journal - 목표 설정, 감사, 행복 및 생산성을 위한 최고의 일일 목표 플래너, 오거나이저 및 캘린더 - 비전 보드 및 습관 추적 - 12주, 날짜 없음, 하드커버 - 블랙",Phoenix Planner,29071,29071,4.5,1240.0,"★ 자기 충족과 생산성을 위한 입증된 시스템 - 간단하고 입증된 전략을 사용하여 Phoenix Journal은 삶의 열정, 참여 및 효율성을 극적으로 높이도록 설계되었습니다. ★ 삶을 최대한 활용하세요 - Phoenix Journal은 잠재력을 실현하도록 설계된 개인 데이 플래너입니다. 무작위로 목표를 설정하는 대신 원하는 것과 이유를 정확히 이해할 수 있도록 도와드립니다! 이는 변화하는 명확성과 동기 부여로 이어집니다. ★ 최고의 자유를 경험하세요 - 이 생산성 플래너와 데일리 저널은 시간별 일정, 일일 메모 및 저널링 프롬프트로 삶을 완전히 제어하는 데 필요한 열정과 숙달을 불러 일으키는 데 도움이 됩니다. ★ 중요한 것에 집중 - 다른 오거나이저와 달리, 이것은 단순한 작업 저널이 아니라 피트니스, 비즈니스 및 관계에서 행동과 발전을 위한 시스템입니다. 목표가 무엇이든 피닉스 저널을 사용하면 부술 수 있습니다! ★ 베스트 셀프가 되세요 - 일기 및 메모 작성을 위한 전체 페이지와 일상적인 빌더 및 습관 추적기와 같은 특수 템플릿을 통해 기쁨으로 되돌아보고 흥분을 기대할 수 있습니다.","어떤 삶을 이끌고 싶습니까? 누가 되고 싶으신가요? 세상에 어떤 영향을 미치고 싶습니까? 이 질문은 Phoenix Planner 단어와 행동 모두에서 답변하는 데 도움이 되는 많은 질문 중 일부에 불과합니다. 우리 가운데 가장 똑똑한 사람들조차도 이유를 진정으로 이해하지 못한 채 한 가지 일을 추구하는 것은 너무 흔한 일입니다. 간단합니다. 이유를 알게되면 방법을 찾을 수 있습니다. 그렇기 때문에 모든 피닉스는 목표를 실행 가능한 작은 단계로 나누기 전에 통합 생활 비전을 만드는 데 도움을 주는 것으로 시작합니다. 이러한 비전은 삶의 각 필수 측면을 통합하여 비즈니스 및 업무 성공을 추구할 때 건강과 사랑하는 사람을 완전히 집중할 수 있습니다. 달성하고 싶은 것이 무엇인지 정확히 파악하면 반영하고 계획할 수 있는 기회가 되는 월간 및 주간 개요를 만들 준비가 된 것입니다. 그런 다음 매일 주요 행동의 우선 순위를 정하고, 하루를 예약하고, 일기를 작성하거나 필요한 만큼 많은 메모를 작성할 수 있는 완벽한 구조를 가지고 있습니다! 일일 페이지에는 긍정성, 성장 및 감사에 초점을 맞춘 긍정적인 사고 방식을 심어주는 데 도움이 되는 프롬프트가 있습니다. 당신이 야심 찬 기업가, 사업주, 창의적 또는 학생이든, 피닉스 저널은 진정한 성공을 위한 올인원 조수입니다! 추가 기능: 노트 16.5cm x 22.9cm(6.5인치 x 9인치) 아이보리 화이트 120GSM 페이지 책갈피 리본 2개 레이 플랫 바인딩 사용 방법 소개 페이지 일일 저널링 프롬프트 중요 날짜, 책 및 아이디어 섹션 비전 보드 주간 및 3개월 습관 추적 고성능 루틴 빌더 잊지 마세요. 사랑사랑 당신의 피닉스, 환불 보장이 있습니다!","['삶', '피닉스', '일일', '페이지', '도움', '이유', '사랑', '추적', '생산', '작성']"
사무용품,플래너 및 수첩,플래너,,B0CM651CHT,"Joyberg 주간 식사 플래너 노트 21.6 x 27.9cm(8.5 x 11인치), 50장 주간 식사 플래너 자석, 이중 헬릭스 식사 플래너 및 식료품 목록, 냉장고 메모장용 벽걸이 메뉴 플래너, 일일 및 주간 계획용",Joyberg,9681,9681,4.7,94.0,"연중 식사 계획: 이 주간 식사 플래너 노트는 21.6cm x 27.9cm(8.5인치 x 11인치)이며 각 페이지에 주간 식사 계획과 식료품 목록이 포함되어 있어 주간 식사와 식료품 목록을 계획할 수 있습니다. 총 50페이지로 구성된 이 밀 플래너 노트는 1년 동안 사용하기에 충분합니다! 두꺼운 용지: 냉장고용 메뉴 플래너는 80gsm 이중 접착제 용지로 만들어져 찢어지거나 말리지 않으며 매끄러운 종이, 부드러운 필기, 잉크 누출 문제가 없습니다. 식사 플래너 및 식료품 목록 패드의 레이아웃은 수직 레이아웃이며, 식사 계획 및 식료품 목록 메모장의 중간에 있는 각 페이지에는 보조 라인이 찢어져 있으며, 식료품 목록을 쉽게 떼어 내고 슈퍼마켓으로 가져갈 수 있습니다. 내장 자석: 주간 식사 플래너 노트의 바닥은 두꺼운 판지로 판지 뒷면에 4개의 넓고 강한 자석이 둘러싸여 있어 냉장고용 메뉴 플래너를 냉장고에 단단히 부착하고 떨어지지 않으며 한 손으로 쉽게 쓸 수 있습니다. 벽걸이 식사 계획 패드: 주간 식사 플래너 노트는 이중 나선형 구조로 페이지를 쉽게 넘길 수 있으며 일치하는 서스펜션 막대가 함께 제공됩니다. 모두 철로 만들어져 견고하고 내구성이 뛰어나며 변형 없이 걸 수 있으며 걸고 싶은 곳 어디에나 걸 수 있습니다. 건강한 식습관: 주간 식사 플래너 자석을 사용하여 주간 식사 계획을 미리 설정하고, 일일 식사를 기록하고, 식사별로 정리하고, 배열에 따라 먹고, 정크 푸드를 피하십시오. 필요한 재료를 미리 기록하고 식료품 목록을 따라 돈과 시간을 절약하세요. 건강한 몸을 유지하는 데 도움이 될 뿐만 아니라 불필요한 낭비를 방지하는 식사 플래너 노트를 갖는 것은 멋진 일입니다!",,"['식사', '주간', '식료품', '계획', '목록', '노트', '페이지', '자석', '메뉴', '이중']"
사무용품,플래너 및 수첩,플래너,,B07HCLVHL4,"BK 날짜 없는 주간/월간 플래너 2024-25 일일 플래너 아젠다 및 개인 오거나이저, 학업 플래너, 스티커 세트 포함. A5 (14.8 x 21.6cm(5.8 x 8.3인치)) - 그레이 하드커버",BK,14348,14348,4.5,2291.0,"나만의 방식으로 삶을 구조화하세요! 날짜가 표시되지 않은 2024-25 월간 플래너는 유연한 구조로 일상적인 작업을 추적할 수 있습니다. 플래너, 오거나이저, 학업 의제, 예산 또는 약속 책 또는 노트 패드로 사용하세요. 2023-2024 일간, 주간, 월간 달력. BK 퍼펙트 플래너는 교사 플래너 2023-2024로도 적합하며 일일, 주간, 월간 또는 장기 목표 설정 및 추적에 적합합니다. 일년 내내 사용할 수 있습니다! 비건 가죽 하드커버. 가죽 하드커버 덕분에 고급스럽고 스타일리시합니다. 내구성이 뛰어나면서도 촉감이 부드럽습니다. 예산 플래너의 커버가 친환경적이고 오래 지속되도록 재료를 꼼꼼하게 공급했습니다. 신축성 있는 잠금 및 펜 홀더 루프. BK 날짜 없는 데일리 플래너 2024-25는 컴팩트한 A5 노트로, 신축성 있는 밴드 클로저와 측면에 펜 홀더 루프가 있습니다. 💰 걱정 없는 구매: 2년 연장 제조사 ! 당사는 날짜가 표시되지 않은 2024-2025 플래너의 품질에 자부심을 가지고 있으며 기록은 그 자체로 말합니다. 가족처럼 대접할 것을 약속드립니다. 월간 칸막이 스티커, 책갈피 2개, 뒷면 포켓과 뒷면 페이지에 참조할 수 있는 2023-2024년 달력이 포함되어 있습니다! 손상이나 결함을 커버합니다. 환불 보장!",,"['월간', '날짜', '하드커버', '주간', '추적', '신축', '약속', '예산', '오거나이저', '홀더']"
사무용품,플래너 및 수첩,플래너,,B0C5Y57RHR,"Artfan 월간 플래너 2024-2025 - 18개월 플래너 2024-2025, 탭 포함, 22.5 x 29cm(8.8 x 11.4인치), 사피아노 가죽, 2024년 7월 - 2025년 12월, 블랙 가죽",Artfan,5526,5526,4.5,177.0,"2024-2025 월간 플래너 - 18개월 플래너 2024년 7월 - 2025년 12월, 율리우스력 날짜와 공휴일이 표시된 18개월 월간 페이지가 특징입니다. 다양한 색상을 사용할 수 있습니다. 전문적인 디자인 - 트윈 와이어 바인딩으로 360도 접을 수 있습니다. 2024-2025년 연간 개요/연락처 페이지 8개/암호 페이지 2개/빈 유선 페이지 24개/참조 휴일 3년. 기능적이고 스타일리시한 제품 - 자발적이고 중요한 아이템을 위한 오픈 스케줄링을 위한 줄이 없는 일일 블록. 월간 계획 페이지에서 과거, 현재 및 향후 6개월 참조. 프리미엄 품질 및 고급스러움 - 두껍고 순수한 흰색 용지로 가장 열정적인 아티스트에게 저항력이 있어 잉크 누출을 줄이고 마모 및 음영 문제를 지우고 완전 비건 원료로 생산합니다 탭 및 포켓 - 매월 탭으로 구분됩니다. 느슨한 물건을 보관할 수 있는 양면 내부 포켓.",,"['페이지', '월간', '탭', '가죽', '참조', '포켓']"
사무용품,플래너 및 수첩,플래너,,B08P2JC7RB,"Bliss Collections Daily Planner, To Do List 노트 - Get Stuff Done - 날짜가 없는 티어 오프 시트 메모장 - 요일 또는 직장 캘린더, 오거나이저, 목표, 작업, 아이디어를 위한 스케줄러 - 15.2 x 22.9cm(6 x 9인치), 50장",Bliss Collections,11066,11066,4.7,21140.0,고품질 시트 50장. 날짜가 없어 주를 정리하는 데 도움이 됩니다. 쓰기 쉬운 동기 부여 디자인. 15.2 x 22.9cm(6 x 9인치) 시트는 27.2kg(60파운드) 코팅되지 않은 흰색 카드 용지에 인쇄됩니다. 100% 독특한 디자인. 미국에서 제조. 특별한 사람에게 훌륭한 선물이 됩니다!,,"['시트', '날짜', '디자인', '흰색', '오거나이저', '노트', '도움', '독특하다', '동기', '메모장']"
사무용품,플래너 및 수첩,플래너,,B0CZDHXW1R,"2024-2025 플래너 주간 및 월간 아젠다 북 연간 달력 계획 할 일 목록 노트, 월간 탭이 있는 2024 플래너, 내부 포켓, 방수 커버, 펜 루프, 나선형 바운드 핑크, 21.6 x 27.9cm(8.5 x 11인치))",ALLGOD,13836,13836,4.6,154.0,"전문 디자인 플래너: 명확하고 읽기 쉬운 레이아웃이 특징인 2024년 1월부터 2024년 12월까지의 월간 및 주간 페이지로 일 년 내내 정리된 상태를 유지하세요. 플래너에는 개인 정보, 연간 개요, 연간 목표, 중요한 날짜, 휴일, 연락처 및 메모에 대한 유용한 섹션이 포함되어 있어 원활한 계획과 효과적인 시간 관리가 가능합니다. 월간 목표 설정: 명확하게 정의된 목표, 할 일 목록 및 리뷰 섹션으로 월간 계획을 관리하세요. 월간 플래너에는 12개월의 월간 페이지가 포함되어 있어 중요한 마감일, 특별 이벤트 및 일상 작업을 쉽게 추적할 수 있습니다. 각 플래너 노트에는 약속, 계획 및 할 일을 적어 둘 수 있는 충분한 공간이 있습니다. 주 최대화 : 주간 집중, 최우선 과제, 후속 조치, 약속, 습관 추적, 할 일 목록, 감사해야 할 일, 주간 리뷰 및 메모를 포함한 종합적인 주간 보기 페이지로 주간 일정을 최적화하십시오. 일일 일정을 정리할 수 있는 넓은 공간. 고품질 용지: 마커로 번짐을 방지하고 훌륭한 필기 경험을 제공하는 두꺼운 종이. 오프 화이트 종이는 표백제가 없으며 눈에 부드럽게 닿습니다. 코팅된 탭은 매달 빠르게 사용할 수 있습니다. 기능적인 디자인: 내구성이 뛰어난 트윈 와이어 바인딩과 튼튼한 PVC 커버는 플래너가 일상적인 마모를 견딜 수 있도록 보장하므로 일년 내내 신뢰할 수 있습니다. 또한 내부 확장 가능한 포켓으로 중요한 문서와 메모를 항상 보관할 수 있습니다.",,"['월간', '주간', '계획', '목록', '중요하다', '페이지', '메모', '연간', '명확하다', '일상']"
사무용품,플래너 및 수첩,플래너,,B0CLGTJRK8,"2024-2025 월간 플래너 리필, 8디스크 디스크 바운드 플래너용 플래너 인서트, 2024년 1월 - 2025년 6월, 월간 탭이 있는 18개의 월간 캘린더, 14 x 21.6cm(5.5 x 8.5인치)",Homlive,9958,9958,4.7,76.0,"8디스크 디스크 바운드 플래너: 14cm x 21.6cm(5.5인치 x 8.5인치). 플래너 리필은 8개의 디스크 플래너와 호환됩니다. 2024 -2025 플래너 개요: 18개월 월간 계획 캘린더 페이지는 2024년 1월부터 2025년 6월까지 실행됩니다. 매월 색인 태그가 있어 빠르게 찾을 수 있습니다. 월간 플래너: 매월 월간 달력, 월간 리뷰, 월간 TO-DO가 포함되어 있으며 충분한 줄 지어 쓰기 공간을 제공합니다. 100gsm 두꺼운 무산성 용지: 프리미엄 용지, 매끄럽고 내마모성이 있으며 지문이나 필기 여부에 관계없이 번지지 않습니다. 훌륭한 선물: 모든 연령대를 위한 매우 의미 있는 선물입니다. 이 관점을 사용하여 시간이 어디로 가는지 확인하세요! 가족, 친구 및 동료와 공유하세요.",,"['월간', '디스크', '바운드', '매월', '선물', '용지', '캘린더', '리필']"
사무용품,플래너 및 수첩,플래너,,B0CXXL8148,2024 2025 아카데믹 플래너 데일리 (브라운),Benkaim,27686,27686,3.6,17.0,2024 2025 일일 플래너 캘린더,,"['캘린더', '일일', '일리', '아카데믹', '브라운']"
사무용품,플래너 및 수첩,플래너,,B0D4RBHFCH,"7x9 나선형 월간 플래너 (2024년 8월 - 2025년 7월) - Evolve 클래식 커버, 월간 달력 및 노트북, 대담한 꽃 인테리어 디자인, 플래티넘 코일",Erin Condren,56078,56078,,,"편리한 캘린더 및 노트: 이 캘린더 페이지와 노트 페이지의 콤보는 큰 그림 계획, 스케줄링, 목표 설정, 저널링 및 생산성 추적을 모두 한 곳에서 수행할 수 있습니다. 프로젝트를 위한 월간 플래너: 이 월간 오거나이저는 측면 허슬, 작업 프로젝트, 팀 및 클럽 및 그 사이의 모든 것을 관리할 수 있도록 도와줍니다. 정리하여 목표를 달성하세요: 이 캘린더 플래너를 사용하여 시간 관리 및 생산성을 개선하고 대규모 프로젝트를 관리하고 달성할 수 있습니다. 오래 사용할 수 있도록 제작된 플래너: 미국에서 디자인, 인쇄 및 손으로 감아 두꺼운 36.3kg(80파운드). 텍스트 중량 용지, 이 플래너는 오래 사용할 수 있도록 제작되었습니다. 플래너 그 이상: 생산성 페이지, 교체 가능한 커버(양면 및 습식 지우기), 탭, 스티커 등을 포함한 추가 제품이 함께 제공됩니다.",,"['월간', '프로젝트', '페이지', '관리', '생산', '캘린더', '커버', '노트', '제작', '디자인']"
사무용품,플래너 및 수첩,플래너,,B0CM5BM2DS,"월간 플래너 2024-2027 - 3년 플래너 2024-2027 월간 탭 포함, 2024년 7월 - 2027년 6월, 16 x 21.3cm(6.3 x 8.4인치), 2024-2027 월간 달력, 유연한 커버, 27개의 노트 페이지 및 탭, 내부 포켓 - 그린",Bushypushy,11052,16606,4.7,18.0,"월간 개요 - 월간 플래너 36개, 7월. 2024년 - 6월. 2027년, 율리우스 날짜와 휴일 표시가 있는 36개월 월간 페이지가 특징입니다. 전문적인 디자인 - 16cm x 21.3cm(6.3인치 x 8.4인치) 월간 캘린더 플래너 페이지 | 중요한 연락처 페이지 4개 | 연락처 페이지 7개 | 비밀번호 페이지 5개 | 노트 페이지 27장 | 2024-2027년 연간 개요 | 개인 정보 페이지 | 내부 포켓 | 유연한 하드커버 | 3년 월간 탭 월간 페이지 - 이 월간 플래너 2024-2027의 매월 두 페이지를 커버하여 장기 계획에 적합합니다. 또한, 3.2 x 3cm(1.25 x 1.2인치) 줄이 없는 일일 블록은 매월 일일 계획을 위한 충분한 공간을 제공합니다. 또한 3개월 참조 캘린더, 메모 섹션 및 월간 탭이 포함되어 있습니다. 기능적이고 세련됨 - 오픈 스케줄링을 위한 줄이 없는 일일 블록과 자발적이고 중요한 물건을 위한 메모 열. 월간 계획 페이지에서 과거, 현재 및 향후 3개의 월간 참조. 프리미엄 품질 및 고급스러움 - 두껍고 순수한 흰색 중성 용지, 플래너는 잉크 누출, 마모 및 음영 문제를 지워줍니다.",,"['월간', '페이지', '탭', '계획', '일일']"
사무용품,플래너 및 수첩,플래너,,B0CSCTSSQQ,"시간별 일정이 있는 날짜 없는 일일 플래너, 일일 작업 및 의제를 정리할 수 있는 나선형 할 일 목록 노트(17.5 x 25.1cm(6.9 x 9.9인치)), 여성 및 남성용 학교 또는 사무용품 - 그린",Taja,11066,7049,4.6,169.0,"【날짜 없는 140페이지 일일 플래너】날짜가 없는 플래너로 다음 140일 동안 정리하세요! 페이지를 낭비할 걱정 없이 즉시 일정을 구성하세요. 일상 노트로 미루는 것을 극복하고 행복을 늘리며 하루를 포착하세요. 지금보다 더 좋은 시기는 없습니다! 【손쉬운 시간 추적】정돈된 상태를 유지하고 스트레스를 줄이며 이전에는 없던 더 많은 여가 시간을 즐기세요! Taja's Daily Planner로 하루를 시간별로 예약하고, 작업 우선 순위를 정하고, 약속, 일일 식사를 설정하고, 계획과 생각을 메모 섹션에 적어 두세요. 【효율적인 시간 차단 플래너】당사의 일일 플래너를 사용하면 30분 단위로 하루를 꼼꼼하게 정리할 수 있어 학습과 삶의 효율성을 매우 정확하게 향상시킵니다. 【편리한 휴대용 사이즈】넓은 B5(17.5cm x 25.1cm(6.9인치 x 9.9인치) 일일 플래너의 편리함을 발견하고 휴대성을 보장하면서 충분한 공간을 제공합니다. 사무실, 학교 및 가정 간에 쉽게 휴대할 수 있으며 어디를 가든 일과 생활을 원활하게 관리할 수 있습니다. 【추가 2024-2025 월간 캘린더】일반적인 날짜 표시되지 않은 일일 플래너와 대조되는 Taja의 에디션은 2024년과 2025년 월간 캘린더가 포함되어 있습니다. 이 추가 기능을 통해 일상적인 작업을 원활하게 예약할 수 있어 사용하지 않는 페이지에 대한 우려를 없애고 정리의 편리함을 향상시킵니다.",,"['일일', '날짜', '정리', '휴대', '편리하다', '페이지', '작업', '하루', '일상', '효율']"
사무용품,플래너 및 수첩,플래너,,B0CPFQXCCV,"월간 플래너 2024-2027 - 3년 플래너/달력 2024-2027, 36 월간 플래너, 2024년 7월 - 2027년 6월, 21.6 x 27.9cm(8.5 x 11인치), 2024-2027 월간 플래너, 월간 탭 포함, 뒷면 포켓 - 나뭇잎",Lafefo,12451,13669,4.7,23.0,"2024-2027 월간 플래너 - 월간 플래너 2024-2027, 2024년 7월 - 2027년 6월, 율리우스력 날짜와 공휴일이 표시된 36개월 월간 페이지가 특징입니다. 월간 개요 - 오픈 스케줄링을 위한 줄이 없는 일일 블록(4.8cm x 4.6cm(1.9인치 x 1.8인치))과 자발적이고 중요한 품목에 대한 열을 메모합니다. 또한, 이 월간 플래너 2024-2027에는 월간 계획 페이지에 3년 참조 달력, 코팅 라벨 및 유명한 인용문이 포함되어 있습니다. 콘텐츠 디자인 - 3년 월간 플래너 2024-2027은 36개의 월간 캘린더 페이지 + 4개의 중요한 연락처 페이지 + 8개의 연락처 페이지 + 4개의 비밀번호 페이지 + 3개의 노트 페이지 + 2024-2027년 연간 개요 + 2024-2027년 휴일 + 개인 정보 페이지를 다룹니다. 전문적인 디자인 - 견고한 금속 트윈 와이어 바인딩으로 360도 접을 수 있습니다. 카드와 같이 흩어져 있는 물건을 보관할 수 있는 코팅된 월간 탭과 뒷면 양면 포켓. 프리미엄 품질 - 두껍고 순수한 흰색 중성 용지, 2024-2027 월간 달력은 잉크 누출, 마모 및 음영 문제를 방지합니다.",,"['월간', '페이지', '달력', '개요', '탭', '디자인', '코팅', '중요하다', '연락처', '포켓']"
사무용품,플래너 및 수첩,플래너,,B0C1RGTNPL,"UpUDo Weekly To Do List 메모장, 체크리스트가 있는 나선형 주간 플래너, 2023 캘린더가 있는 52장 티어 오프 노트 패드, 업무 및 개인 정리용, 22.1 x 24.1cm(8.7 x 9.5인치) - 2팩",UpUDo,9681,9681,4.6,821.0,"[양면 인쇄] 52장의 양면 쓰기 가능한 메모장은 1년 동안 계획을 세우고 일상 작업, 할 일, 알림 및 메모 섹션을 정리할 수 있습니다. [나선형 주간 메모장] PVC 전면 및 후면 커버가 있는 나선형 메모장 디자인. 추가 2023년 달력 페이지로 정기적으로 확인하여 일정을 따라갈 수 있습니다. [간단하고 효과적인 디자인] 22.1 x 24.1cm(8.75 x 9.5인치) 계획 패드, 주간 스프레드 및 노트 섹션 디자인, 날짜가 지정되지 않았지만 요일을 표시할 수 있습니다. 180개 이상의 다채로운 스티커와 짝을 이루어 생산성을 높이고 더 재미있게 만듭니다. [잉크 번짐 없음] 100gsm 백지, 중량, 번지지 않음, 모든 펜 유형에 적합합니다. [정리 유지] 사무실, 가정, 학교에서 사용됩니다. 일상 작업이나 중요한 프로젝트, 식료품 목록, 쇼핑 목록과 같습니다. 품질 문제에 대한 환불 또는 교체.",,"['메모장', '디자인', '정리', '주간', '나선형', '목록', '작업', '섹션', '노트', '일상']"
사무용품,플래너 및 수첩,플래너,,B0CZDKFMNH,"2024-2025 하드커버 플래너 주간 및 월간 일일 아젠다 북, 52024-202 할 일 목록 노트, 월간 탭, 내부 포켓, 나선형 제본, 신축성 있는 클로저, 두꺼운 용지(나비, 21.6 x 27.9cm(8.5 x 11인치))",GETINK,23531,18822,4.5,151.0,"당사의 전문 디자인 플래너로 조직 개선: 2024년 1월부터 2024년 12월까지 월간 및 주간 페이지로 일년 내내 조직을 관리하세요. 모든 것이 명확하고 쉽게 읽을 수 있는 형식으로 제공됩니다. 이 플래너에는 개인 정보, 연간 개요, 목표 설정, 중요한 날짜, 휴일, 연락처 및 메모에 대한 필수 섹션이 포함되어 있어 원활한 계획을 용이하게 하고 효율적인 시간 관리를 가능하게 합니다. 월간 진행 상황 강화: 월간 목표 설정 플래너로 월간 목표를 관리하세요. 명확하게 정의된 목표, 체계적인 할 일 목록 및 통찰력 있는 리뷰 섹션이 특징입니다. 12개월 분량의 전용 페이지로 중요한 마감일, 특별 이벤트 및 일상 작업을 쉽게 관리할 수 있습니다. 각 플래너 노트는 약속, 계획 및 할 일을 기록할 수 있는 충분한 공간을 제공하여 월간 목표를 달성할 수 있도록 합니다. 주간 생산성 향상: 주간 집중, 최우선 과제, 후속 조치, 약속, 습관 추적, 할 일 목록, 감사 반영, 주간 리뷰 및 충분한 메모 작성 공간을 위한 전용 섹션을 제공하는 자세한 주간 보기 페이지로 주를 최대한 활용하세요. 일일 일정을 효과적으로 정리할 수 있는 넉넉한 레이아웃을 즐기세요. 향상된 글쓰기를 위한 프리미엄 용지: 두꺼운 번짐 방지 용지는 마커가 있는 경우에도 탁월한 필기 경험을 보장합니다. 오프 화이트, 표백제 프리 종이는 눈에 부드럽게 닿아 편안한 독서 및 쓰기 경험을 보장합니다. 또한, 코팅된 탭은 매달 빠르게 접근할 수 있어 쉽게 정리할 수 있습니다. 신뢰할 수 있는 견고한 디자인: 당사의 플래너는 내구성이 뛰어난 트윈 와이어 바인딩을 자랑하며 일상적인 마모에 대한 탄력성을 보장하여 일 년 내내 사용할 수 있습니다. 또한 내부 확장 가능한 포켓은 중요한 문서와 메모를 휴대할 수 있는 편리한 공간을 제공하여 실용성과 마음의 평화를 제공합니다.",,"['월간', '주간', '관리', '공간', '메모', '페이지', '보장', '목록', '용지', '섹션']"
사무용품,플래너 및 수첩,플래너,,B0865R23KZ,"2024-2025 플래너 - 주간 및 월간 플래너, 2024년 7월부터 2025년 6월까지, 15.9cm x 21cm(6.25인치 x 8.25인치), 월간 탭 12개, 노트 페이지 14개, 플라스틱 포켓, 트윈 와이어 바인딩이 있는 유연한 커버, 청록색 플래너 2024-2025",Nokingo,12021,12021,4.6,2365.0,"플래너 개요 - 2024-2025년 12개월 플래너, 2024년 7월부터 2025년 6월까지, 12개월의 월간 및 주간 페이지가 있어 쉽게 계획할 수 있습니다. 15.9 x 21cm(6.25 x 8.25인치), 휴대와 사용이 편안합니다 월간 - 각 월간 스프레드가 있는 2024-2025 플래너에는 휴일, 전월 및 다음 달 캘린더 및 메모 섹션이 포함된 월 개요가 포함되어 있습니다. 메모와 디테일을 위한 충분한 공간 주간 - 주간 스프레드가 있는 플래너 2024-2025에는 일일 일정, 자세한 약속 및 활동을 기록하고 주간 보기로 모든 일을 명확하게 추적할 수 있는 충분한 공간이 포함되어 있습니다 탭 및 포켓 & 레이 플랫 바인딩 - 매월 2024-2025 플래너는 라미네이트 탭으로 분리되어 있으며, 티켓, 카드, 종이 등과 같은 느슨한 물건을 보관할 수 있는 내부 포켓. 완전히 평평하게 놓을 수 있는 내구성 있는 트윈 와이어 바인딩 우수한 품질 - 내부 페이지를 잘 보호하기 위한 견고하고 유연한 커버. 잉크 누출을 줄이고 마모 및 음영 문제를 지우는 두꺼운 용지. 이 멋진 월간 &weely 플래너 2024-2025로 일상을 계획하고 만들고 일정을 잡으세요","15.9 x 21cm(6.25 x 8.25인치) 크기의 컴팩트한 2024-2025 주간 및 월간 플래너(2024년 7월부터 2025년 6월까지)는 어디를 가든 정리할 수 있는 간단하고 우아한 플래너입니다. 간단한 페이지 디자인과 중요한 정보를 모두 담을 수 있는 충분한 공간. 12개월 플래너 구성:/각 월간 스프레드에는 해당 월의 개요와 메모 섹션이 포함되어 있습니다. 12개월 달력, 월 2페이지. 메모와 디테일을 위한 충분한 공간. 각 월간 캘린더 뒤에는 5개의 주간 페이지, 주당 2페이지가 이어집니다. 주간 스프레드에는 일일 일정, 약속, 활동, 주의 집중, 할 일 목록/목표를 기록하고 주간 보기로 모든 일을 명확하게 추적할 수 있는 충분한 공간이 포함되어 있습니다./이 독특한 월간 및 주간 플래너는 고품질 100gsm 백지를 사용하여 쉽게 쓰고 잉크 누출을 줄이고 마모 및 음영 문제를 지우고 약속, 할 일 및 알림을 위한 깨끗한 필기 공간을 제공합니다. 이 월간 및 주간 플래너는 만년필, 젤 펜, 롤러 펜, 볼펜, 형광펜, 연필 등에 잘 반응합니다. 월간 캘린더 탭을 사용하면 매월 요금제에 쉽게 액세스할 수 있습니다. 내부 페이지를 잘 보호하기 위한 견고하고 유연한 커버, 부드러운 글씨를 위한 두꺼운 종이, 강한 트윈 와이어 바인딩, 티켓, 카드, 종이 등과 같은 느슨한 물건을 보관할 수 있는 튼튼한 플라스틱 포켓. 이 모든 디테일은 고품질을 보여줍니다./이 2024-2025 개인 정리함은 유연한 구조로 목표, 작업, 약속, 프로젝트, 작업, 습관 등을 추적할 수 있습니다. 학교, 직장 또는 가정을 위한 플래너, 오거나이저, 학업 의제 또는 노트 패드에 적합하며 훌륭한 선물이 됩니다. 지금 이 멋진 월간 및 주간 플래너로 일상을 계획하고 만들고 일정을 잡으세요.","['월간', '주간', '페이지', '공간', '충분하다', '탭', '약속', '포켓', '스프레드', '유연하다']"
사무용품,플래너 및 수첩,플래너,,B0D2J227CY,"월간 플래너 2024-2025, 18개월 플래너 캘린더 2024-2025, 2024년 7월 - 2025년 12월, 18.8cm x 24.4cm(7.4인치 x 9.6인치), 24-25개월 달력 플래너, 학교 사무실 가정 계획에 이상적 - 그레이 베이지",Taja,8296,8296,4.5,26.0,"종합적인 월간 계획: 2024년 7월부터 2025년 12월까지의 월간 캘린더 페이지가 특징인 Taja의 18개월 플래너 2024-2025로 미리 계획하세요. 매월 목표, 작업, 중요한 날짜 및 메모에 대한 섹션이 포함되어 있어 조직적이고 목표에 집중할 수 있도록 도와줍니다. 우아한 커버 디자인: 세련된 2024-2025 플래너로 계획 여정을 향상시키세요. 미니멀리스트 디자인과 우아한 금박 글자가 특징이며, 세련미를 더합니다. 엄선된 색상 중에서 선택하여 스타일에 쉽게 맞추고 정리 루틴을 향상시킵니다. 모든 라이프 스타일에 적합: 학생, 전문가 및 주부에게 이상적인 이 월간 플래너 2024-2025는 학업 일정, 근무 마감일 및 가정 과제를 관리하는 데 도움이 됩니다. 일상 생활의 생산성과 균형을 향상시켜 시간 관리 및 개인 성장에 대한 구조화된 접근 방식을 제공합니다. 기능적이고 오래 지속되는 디테일: 월간 플래너에는 스티커 메모, 영수증 및 기타 작은 물건을 보관할 수 있는 투명한 양면 포켓이 포함되어 있습니다. 트윈 와이어 나선형 바인딩은 플래너를 평평하게 놓아 쉽게 쓸 수 있도록 하여 전반적인 계획 경험을 향상시킵니다. 동기 부여 인용문은 지속적인 개선과 긍정성을 불러일으켜 삶의 모든 측면에 적합한 다용도 도구입니다. 사려 깊은 선물 선택: Taja 24-25 월간 플래너는 생일, 졸업 및 휴일을 포함한 모든 행사에 실용적이고 진심 어린 선물입니다. 기능과 동기 부여 요소는 일년 내내 조직 및 개인 개발을 지원하는 의미 있는 선물이 됩니다.",,"['월간', '계획', '향상', '선물', '가정', '스타일', '동기', '우아하다', '조직', '메모']"
사무용품,플래너 및 수첩,플래너,,B0CLNGDB5P,"Planner 2024-2025 - 아카데믹 플래너 2024-2025, 2024년 7월 - 2025년 6월, 16.3cm x 21.6cm(6.4인치 x 8.5인치), 2024-2025 월간 탭이 있는 플래너, 튼튼한 커버, 나선형 바인딩",Vindora,8296,8296,4.9,10.0,"플래너 2024-2025 - 이 학술 플래너 2024-2025는 주간 및 월간 페이지, 주간 및 월간 섹션의 12개월(2024년 7월 - 2025년 6월)을 다루며 일일 계획 및 일정을 쉽게 잡을 수 있습니다. 사이즈는 16.3cm x 21.6cm(6.4인치 x 8.5인치)로 휴대하고 사용할 수 있는 실용적인 크기입니다. 12개의 월간 탭 칸막이를 제공하여 일 년 내내 쉽게 추적하고 빠르게 액세스할 수 있습니다. 월간 계획 - 2024-2025 플래너 월간 캘린더 보기 페이지에는 줄이 없는 3 x 3.2cm(1.2 x 1.25인치) 일일 블록 및 하이라이트 휴일로 배치된 월 달력이 포함되어 있습니다. 이 페이지는 또한 간단한 과거 검토 및 향후 계획을 위해 이전 및 다음 달 달력에 대한 참조를 제공합니다. 월간 목표를 나열할 수 있는 메모 섹션 및 목록도 있습니다. 영감을 주는 인용문은 매월 페이지에 나열되어 있어 최고의 해를 보낼 수 있습니다! 주간 계획 - 이 플래너 2024-2025의 각 주간 페이지는 일일 일정을 계획할 수 있는 충분한 안감 필기 공간을 제공합니다. 각 휴일은 중요한 날짜를 상기시키기 위해 강조 표시됩니다. 우선 순위는 주간 페이지 상단에 나열되어 있어 가장 중요한 것을 상기시킬 수 있습니다. 특징 - 빠른 참조 정보 | 2024-2025 연간 개요 | 2024-2026 휴일 | 연락처 페이지 2개 | 영감을 주는 인용문 | 내구성 있는 하드커버 | 강력한 트윈 와이어 바인딩 | 프리미엄 두꺼운 용지 | 신축성 있는 클로저 | 12개의 월간 탭 | 내부 포켓 |. 생활 효율성 향상 - 내구성이 뛰어난 하드커버가 있는 올인원 주간 및 월간 플래너 2024-2025는 일상 생활을 정리하고 시간 관리 기술을 향상시키는 훌륭한 선택이며, 단계별로 목표를 달성하도록 동기를 부여합니다.",,"['월간', '주간', '계획', '페이지', '휴일', '탭', '일일', '빠르다', '나열', '생활']"
사무용품,플래너 및 수첩,플래너,,B0CQN4716X,"SUNEE Teacher Planner 2024-2025, 디럭스 레슨 플래너 북 21.6 x 27.9cm(8.5 x 11인치) 일일 주간 및 월간 오거나이저, 2024년 7월 - 2025년 6월 플래너, 포켓 포함, 페이지 탭, 계획 스티커, 작약",SUNEE,22146,21038,4.5,59.0,"2024-2025 교사 플래너: 2024년 7월 - 2025년 6월용 교사 수업 플래너는 12개월 동안 월간 및 주간 코스 계획 페이지를 제공하여 교육자를 위한 학업 계획 및 시간 관리를 용이하게 합니다. 또한 2024년 5월과 6월의 추가 월간 계획 페이지가 포함되어 있습니다. 27.9 x 21.6cm(11 x 8.5인치) 사이즈는 충분한 필기 공간을 제공하며 180°로 평평하게 놓을 수 있어 편리하게 쓸 수 있습니다. 월간 페이지: 2024 교사 플래너는 매월 넓은 레이아웃을 갖추고 있어 전반적인 목표를 계획하고 주요 이벤트를 요약하고 중요한 날짜를 기록할 수 있습니다. 또한 원활한 전환을 보장하기 위해 매월 이전 및 다음 달에 대한 참조 달력이 있습니다. 이 교사 수업 계획에는 율리우스 력 날짜와 표시된 휴일이 포함된 2024년 5월 - 2025년 6월을 다루는 14개의 월간 계획 페이지가 있습니다. 주간 페이지: 2024-2025 교사 플래너의 주간 보기 페이지는 월요일부터 금요일까지 충분한 줄 지어 쓰기 공간을 제공합니다. 수업 계획을 위한 자세한 레이아웃을 제공하고, 중요한 알림을 적고, 주의 진행 상황을 원활하게 추적할 수 있습니다. 이 페이지는 메모와 반성을 위한 풍부한 공간을 제공하여 각 수업을 철저히 준비하고 학년 내내 부드러움을 유지합니다. 내구성 및 프리미엄 품질: 2024-2025 학년도 플래너는 120gsm 종이로 만들어져 잉크 번짐을 방지하고 교사 플래너의 깨끗한 외관을 유지합니다. 교사 플래너는 일상적인 사용의 마모와 찢어짐을 견딜 수 있는 견고한 이중 나선형 바인딩이 특징이며, 학년도 내내 내구성을 보장합니다. 추가 기능: 2024-2026년 연간 개요로 계획 경험을 향상시키세요 | 빠른 참조 | 학생 정보 | 커뮤니케이션 로그 | 특별 날짜 | 계획. 목표. 아이디어| 그래프 페이지 | 일일 일정 | 학생 로그/체크리스트 | 월간 메모 | 휴일 캘린더 | 스티커 | 노트 페이지 및 추가 보관을 위한 편리한 폴리 포켓.",,"['계획', '페이지', '교사', '월간', '수업', '주간', '날짜', '학년', '공간', '추가']"
사무용품,플래너 및 수첩,플래너,,B09K3WGN42,"2024 플래너, 주간 및 월간 학업 플래너 2024, 16.4cm x 21.6cm(6.4인치 x 8.5인치), 2024년 1월-12월, 일일 플래너 캘린더 플래너, 두꺼운 프리미엄 페이지, 포켓 폴더, 인조 가죽 커버 연간 의제(블루)",Keladier,16564,16564,4.6,525.0,"【전문적인 콘텐츠 디자인】이 캘린더 2024 플래너 나선형 바인딩은 매우 잘 정리되어 있어 모든 일상적인 요구 사항에 완벽하게 맞습니다. 월 전체 개요, 빠른 참조 정보, 날짜 카운트다운, 연간 목표, 휴일 알림, 연락처 및 메모가 함께 제공됩니다. 뒷면 커버 내부의 내부 포켓은 영수증, 쇼핑 목록 및 명함 보관과 같은 느슨한 종이를 보관하기에 적합합니다. 【고품질 종이 및 잘 만들어진 제품】이 주간 캘린더 플래너 2024 월간 캘린더 플래너는 프리미엄 두꺼운 페이지로 견고하며 훌륭한 품질을 가지고 있으며 펜이 페이지 뒷면으로 번지지 않습니다. 이중 나선형 코일 바인딩은 360도 회전할 수 있습니다. 동일한 색상의 탄성 잠금 디자인으로 내부 페이지를 보호하고 간단하고 실용적입니다. 부드럽고 매끄러운 피부 느낌의 가죽 표면은 이 아젠다 2024 데일리 주간 월간 플래너 연간 아젠다 플래너를 더욱 독특하고 고급스러운 질감으로 만듭니다. 【충분한 공간】2024년 주간 플래너의 캘린더 부분은 넉넉하여 중요한 날짜를 쓸 수 있는 충분한 공간이 있어 한 달에 한 눈에 볼 수 있습니다. 주간은 두 페이지로 표시되며, 매일 약속 시간, 주소, 할 일 목록 또는 회의 메모를 넣을 수 있는 충분한 공간이 있습니다. 【2024년 달력 12개월 플래너】2024년 1월부터 2024년 12월까지의 연간 달력 북 플래너는 간단한 미래 계획을 위한 12개월의 월간 및 주간 페이지가 특징이며, 2024년 성장을 안내하는 데 도움이 됩니다. 또한, 내구성이 뛰어난 코팅 탭 디바이더는 오래 지속되며 정보에 쉽게 접근할 수 있습니다. 【간편한 휴대】2024 월간 플래너는 학교 플래너, 학생 플래너, 학업 플래너, 대학 플래너, 16.3 x 21.6cm(6.4 x 8.5인치)로 핸드백이나 서류 가방에 완벽한 크기입니다.",,"['페이지', '주간', '월간', '캘린더', '연간', '내부', '공간', '충분하다', '메모', '목록']"
사무용품,플래너 및 수첩,플래너,,B0CNX484Q4,"2024-2025 플래너 - 2024년 7월 - 2025년 6월, 플래너 2024-2025 일일 주간 및 월간, 12개의 월간 탭, 16.3cm x 21.6cm(6.3인치 x 8.4인치), 내부 포켓, 하드커버, 완벽한 일일 오거나이저",MaaIbok,12174,13836,4.7,34.0,"개요 - 2024-2025 플래너는 2024년 7월부터 2025년 6월까지 12개월을 커버합니다. 플래너에는 매월 전체 월간 보기 페이지가 있습니다. 일일 계획을 위한 완전한 주간 보기가 있는 별도의 페이지. 월간 페이지 - 각 월별 페이지에는 월간 개요와 충분한 빈 일일 블록이 포함되어 있어 현재 달의 중요한 사항을 기록할 수 있으며 이전 달과 다음 달의 참조 달력과 메모 섹션도 포함되어 있습니다. 주간 페이지 - 이 플래너 2024-2025 일일 주간 및 월별 주간 보기 페이지에는 자세한 일일 계획, 약속, 활동 등을 위한 충분한 안감 쓰기 공간이 포함되어 있습니다. 휴일은 중요한 날짜를 상기시키기 위해 표시되어 있습니다. 특수 - 21.3cm x 16cm(8.4인치 x 6.3인치) 계획 페이지 | 두꺼운 용지 | 유연한 하드커버 | 연락처 | 빠른 참조 정보 | 연간 개요 | 참조 캘린더 | 휴일 | 월간 탭 | 강력한 트윈 와이어 바인딩 | 내부 포켓 | 신축성 있는 잠금 아름답고 내구성 - 멋진 패턴은 학술 플래너 2024-2025에 더 개성을 부여하고 둥근 모서리 디자인으로 안전을 효과적으로 보호할 수 있으며 내부의 종이는 시중의 일반 종이보다 두껍기 때문에 누출을 줄이고 부드럽게 쓸 수 있습니다",,"['페이지', '월간', '일일', '주간', '내부', '개요', '계획', '참조', '월별', '종이']"
사무용품,플래너 및 수첩,플래너,,B09HKRGZ2Z,"2024-2027 월간 플래너/월간 달력 - 3년 월간 플래너 2024-2027년 7월 - 2027년 6월, 22.9 x 27.9cm(9 x 11인치), 탭이 있는 월간 플래너 36개 - 블랙",Artfan,11758,11758,4.6,1440.0,"2024-2027 월간 플래너 - 월간 플래너 2024-2027은 2024년 7월부터 2027년 6월까지 36개월을 커버하며, 율리우스 날짜와 공휴일이 표시된 36개월의 월간 페이지가 특징입니다. 이 3년 월간 플래너의 크기는 22.9 x 27.9cm(9 x 11인치)이며 일일 계획 및 일정에 적합한 크기이며 휴대가 편리합니다. 월간 개요 - 이 월간 플래너 2024-2027의 매월 장기 계획에 적합한 두 개의 전체 페이지를 다룹니다. 오픈 스케줄링을 위한 줄이 없는 일일 블록(4.8cm x 4.7cm(1.9 x 1.8인치))과 자발적이고 중요한 물건을 위한 메모 열. 또한, 이 월간 플래너 2024-2027에는 월간 계획 페이지에 3개월 참조 달력, 코팅 라벨 및 유명한 인용문이 포함되어 있습니다. 콘텐츠 디자인 - 3년 월간 플래너는 36개의 월간 캘린더 페이지 + 4개의 중요한 연락처 페이지 + 8개의 연락처 페이지 + 4개의 비밀번호 페이지 + 3개의 노트 페이지 + 2024-2027년 연간 개요 + 2024-2027년 휴일 + 개인 정보 페이지를 다룹니다. 전문적인 디자인 - 견고한 금속 트윈 와이어 바인딩으로 360도 접을 수 있습니다. 2024-2027 월간 플래너의 내부 페이지를 보호하기 위한 유연하고 내구성 있는 커버. 카드와 같이 흩어져 있는 물건을 보관할 수 있는 코팅된 월간 탭과 뒷면 양면 포켓. 삶을 생산적으로 만드세요 - 두껍고 순수한 흰색 중성 용지, 2024-2027 월간 달력은 잉크 누출에 강하며 마모 및 음영 문제를 지웁니다. 이 올인원 월간 플래너 2024-2027은 목표를 달성하기 위해 동기를 부여하는 훌륭한 선택입니다.",,"['월간', '페이지', '달력', '계획']"
사무용품,플래너 및 수첩,플래너,,B09F2P5LT4,"2024-2026 월간 플래너/달력 - 2024년 7월 - 2026년 6월, 월간 플래너 2024-2026, 2년 월간 플래너, 내부 포켓, 22.9 x 27.9cm(9 x 11인치), 유연한 커버",MaaIbok,11066,11066,4.6,2094.0,"2024-2026 월간 플래너 - 이 2024년 7월 - JUN 2026(22.9cm x 27.9cm(9인치 x 11인치)) 클래식 월간 플래너는 2년의 월간 페이지를 커버하여 계획, 일정 및 추적이 쉽습니다. 이 월간 달력은 시간 관리 기술을 향상시킬 수 있습니다. 월간 개요 - 이 월간 플래너 2024-2026의 매월 장기 계획에 적합한 두 개의 전체 페이지를 다룹니다. 또한 4.8 x 4.6cm(1.9 x 1.8인치) 줄이 있는 일일 블록으로 매월 일일 계획을 위한 충분한 공간을 제공합니다. 3개월 참조 달력, 메모 섹션 및 코팅된 탭이 포함되어 있습니다 패션 디자인 - 고품질, 생생한 외관. 두꺼운 종이는 잉크 번짐을 줄이고 마모 및 그림자 문제를 제거하며 완전 비건 원료를 사용하여 중성 및 환경 친화적인 생산을 제공합니다. 이 2024-2026 월간 플래너는 직장, 학교 또는 가정에서 사용하기에 매우 적합합니다. 특수 - 22.9 x 27.9cm(9 x 11인치) 월간 캘린더 플래너 페이지 | 4개의 중요 연락처 페이지 | 2년 월간 캘린더 페이지 | 8개의 연락처 페이지 | 4개의 비밀번호 | 11개의 노트 페이지 | 연간 개요 |휴일 |두꺼운 용지 | 유연한 하드커버 | 참조 정보 탭 및 포켓 - 매월 탭으로 구분됩니다. 해당 월을 찾는 것이 더 편리합니다. 2024-2026 월간 달력은 양쪽에 튼튼한 뒷면 포켓이 있습니다. 흩어져 있는 카드, 종이 스트립 및 포스트잇 메모를 내부에 넣어 책상을 더 깔끔하게 만들 수 있습니다.",,"['월간', '페이지', '달력', '계획', '포켓', '매월', '탭', '유연하다', '커버', '일일']"
사무용품,플래너 및 수첩,플래너,,B0CS6XGLLR,"날짜 없는 주간 및 월간 플래너 나선형 바운드 - 주간 목표 노트, 일일 플래너, 할 일 목록, 습관 추적기, 하드커버, 미적, 세련된 학교 또는 사무용품(A-그린)",LONLAT,6620,6620,4.6,129.0,"월간 보기 - 월간 보기 페이지에는 월간 목표를 위한 전용 섹션과 중요한 프로젝트를 위한 메모 섹션이 포함되어 있어 중요한 날짜와 이벤트를 계획할 수 있습니다. 주간 보기 - 주간 보기 페이지는 각 요일에 대한 약속, 아이디어, 습관 및 할 일 목록을 자세히 계획하고 추적할 수 있는 충분한 쓰기 공간을 제공합니다. 내부 포켓, 메모 및 기타 - 이 플래너는 작은 물건을 보관할 수 있는 작은 내부 포켓이 장착되어 있으며 정리할 수 있는 다양한 유용한 페이지가 포함되어 있습니다. 연락처 페이지, 연간 목표 페이지, 중요한 날짜 페이지 및 추가 메모 페이지가 있어 일정 요구 사항을 수용할 수 있습니다. 고품질 종이 및 하드커버 - 부드러운 필기 경험을 위해 고품질 백지에 인쇄되었습니다. 내구성이 뛰어난 판지 커버는 플래너의 수명을 보장합니다. DIY 인덱스 - 잔여물을 남기지 않고 반복적으로 붙일 수 있는 24개의 접착 인덱스 탭이 포함되어 있습니다. 탭에는 구부러짐을 방지하기 위해 뒷면에 보호 필름이 있습니다. 탭의 절반은 자체 접착으로 투명하여 캐릭터를 가리지 않습니다. 나머지 절반은 쓸 수 있어 플래너에 쉽게 표시하고 정리할 수 있습니다.",,"['페이지', '주간', '월간', '메모', '날짜', '중요하다', '탭', '추적', '작다', '인덱스']"
사무용품,플래너 및 수첩,플래너,,B073V5RFJC,"Papercode 2024 데일리 플래너 - 두꺼운 페이지가 있는 가죽 주간 플래너 - 월간 및 주간 레이아웃 - 생산성, 일정 또는 의제에 사용",Papercode,11066,10733,4.5,9253.0,"계획: 이 동기 부여 목표 설정 플래너로 2024년을 시작하십시오. 이 노트는 생각을 성공적으로 정리하고 목표를 달성하는 데 도움이 됩니다. 시각화: 당사의 마인드 맵과 비전 보드는 앞으로 가장 좋은 해를 나타내기 위해 90일 또는 월간 감사 계획을 추구하도록 권장합니다! 유용한 레이아웃으로 날짜가 표시되지 않은 월간 플래너는 생산성과 성공적인 액션이 무장하도록 보장합니다. 위의 컷: 작년 플래너가 자르지 않았다면 이 세련된 목표 저널 플래너가 될 것입니다. 내구성이 뛰어나고 부드러운 인조 가죽과 번짐 없는 종이(110gsm)로 제작된 심플한 플래너는 내부 포켓, 펜 루프 및 리본 책갈피 3개가 특징입니다. 달성: 목표를 설정하는 것만이 아니라 실현하는 것입니다. 플래너 저널에는 우선 순위, 업적 및 열망을 정확히 찾아내는 보너스 스티커가 포함되어 있습니다. 선물: 이 주간 플래너(날짜 표시)는 자신감을 고취시키고 집중력을 높이며 생산적인 미래를 계획하도록 설계되었습니다. 또한 교사와 학생들에게 학교로 돌아갈 때 훌륭한 추가 아이템입니다. 행복한 선물.",,"['계획', '생산', '월간', '주간', '가죽', '날짜', '성공', '선물', '레이아웃', '표시']"
사무용품,플래너 및 수첩,플래너,,B0CPF6127M,"2024-2025 포켓 플래너/달력 - 2024년 8월 - DEC 2025, 17개월 학업 플래너, 9.4 x 16cm(3.75 x 6.3인치), 2024-2025 지갑용 주간 월간 플래너, 그레이",Youthamazing,5512,5512,4.5,154.0,"⭐ 2024년 8월 - 2025년 12월 - 이 포켓 플래너 2024-2025는 2024년 8월부터 2025년 12월까지 17개월을 커버합니다. 아카데믹 플래너 2024-2025는 9.4 x 16cm(3.7 x 6.3인치) 크기로 지갑에 쉽게 넣을 수 있습니다. 주간 및 월간 개요 - 2024-2025 포켓 캘린더에는 강조 표시된 휴일 및 메모 공간이 있는 월간 및 주간 페이지가 포함되어 있어 중요한 활동을 상기시키는 데 도움이 됩니다. 포켓 플래너 2024-2025를 사용하면 보다 체계적인 삶을 즐길 수 있습니다. ⭐ 추가 페이지 - 2024-2025 연간 개요 및 휴일 + 2024-2025 연간 플래너 페이지 + 11개의 노트 페이지 + 6개의 비용 페이지 + 비밀번호 페이지 4개 + 연락처 페이지 2개. 2024-2025 학술 플래너는 여러분의 요구를 잘 충족시킬 것입니다. 기능적인 디테일 - 리본 마커 2개 + 펜 루프 + 카드를 수집할 수 있는 뒷면 포켓 + 포켓 플래너를 좋은 모양으로 유지하기 위한 신축성 있는 클로저 + 하드커버 + 프리미엄 종이. 완벽한 오거나이저 - 이 2024-2025 주간 및 월간 지갑용 플래너는 중요한 마감일을 추적할 수 있어 직장, 학교 또는 가정에서 사용하기에 좋은 선택입니다. 마지막으로, 장기적인 목표를 달성하는 데 도움이 됩니다.",,"['페이지', '포켓', '월간', '주간', '지갑', '휴일', '중요하다', '도움', '연간', '개요']"
사무용품,플래너 및 수첩,플래너,,B0CGLHRPKP,"Planner 2023 2024 지갑용 포켓 캘린더, 여행자 노트 학업 주간 및 월간 아젠다, 약속 책, 가죽 커버, 2023년 7월 - 2024년 12월",UNIQUE HM&LN,12451,12451,4.8,11.0,"표준 사이즈: 17.8cm x 10.9cm x 2.3cm. 이 지갑용 포켓 캘린더는 학교 학생, 교사, 사무실 근로자, 사업가 및 시간 관리 기술을 향상해야 하는 사람들에게 적합합니다. 2023 2024 플래너 인서트: 월간 및 주간 3개. 2023년 7월~12월 1개. 2024년 1월-6월 1개. 2024년 7월-12월 1개. 생산성 유지: 월간 캘린더 오거나이저 – 월간 전체 요금제. 주간 계획 - 주간 목표, 약속, 할 일 목록, 메모. 일일 일정 - 시간별 세부 계획 작업 및 학습 생활. 이 가죽 플래너는 시간 관리 기술을 향상시키고 목표를 달성하는 데 도움이 됩니다. 멋진 PU 가죽: 부드럽고 내구성이 뛰어나며 빈티지. 이 가죽 커버는 장기간 사용하기에 좋습니다. 리필 가능한 인서트 용지를 매치하면 몇 년 동안 쓸 수 있습니다. 선물 패키지: 남성과 여성을 위한 실용적이고 가치 있는 선물입니다.",,"['월간', '가죽', '주간', '캘린더', '월월', '인서트', '약속', '지갑', '향상', '커버']"
사무용품,플래너 및 수첩,플래너,,B09QS8F8TN,"21.6 x 27.9cm(8.5 x 11인치) 주간 식사 계획 메모장, 주간 식사 플래너 및 식료품 목록 메모장 52장, 메뉴 플래너 및 식료품 목록, 자석 식사 플래너 자석, 식사 계획 패드, 주간 음식 플래너",Decorably,9681,9681,4.7,505.0,"피드백에 응답 - 이 식사 계획 메모장의 이전 버전은 리콜되고 새롭고 강력한 자석으로 재장착되어 냉장고에 안전하게 보관할 수 있습니다. 냉장고용 개선된 주간 식사 플래너 자석 및 식사 계획 자석을 구매하세요. 쉽게 떼어낼 수 있는 페이지 - 계획, 찢기 및 쇼핑. 냉장고용 천공 쇼핑 리스트 패드를 사용하면 다음 매장 방문을 더 쉽게 할 수 있습니다. 냉장고용 분류 자석 식료품 목록 패드를 사용하면 쇼핑해야 하는 물건을 쉽게 기록할 수 있습니다. 고품질 종이 및 강력한 자석 - 이 주간 식사 플래너와 식료품 목록 자석은 두꺼운 종이와 뒷면의 고품질 자석으로 만들어져 식사를 정리할 수 있습니다. 냉장고에 붙이고 다가오는 식사에 집중하세요. 일년 내내 식사 - 지루한 일일 식사 계획과 작별 인사를 하세요. 식료품 목록이 있는 52장의 식사 플래너로 연중 매주 효과적으로 식사를 계획할 수 있습니다. 주간 메뉴 플래너 패드로 메뉴 계획을 세우는 습관을 들이세요. 안심하고 구매하세요 - 고객 만족 보장으로 식사 플래너에 완전히 만족하지 못하셨다면 바로 해결해 드리겠습니다. 구매가 마음에 들거나 돈을 돌려받을 수 있습니다. 오늘 이 고품질 식사 플래너를 손에 넣으세요!",,"['식사', '자석', '계획', '주간', '식료품', '목록', '패드', '메모장', '메뉴', '냉장']"
사무용품,플래너 및 수첩,플래너,,B0D43FNSXG,"Kate Spade New York 데일리 플래너 2024-2025, 메가 플래너 2024년 8월 - 2025년 12월, 하드커버 나선형 플래너, 월간 달력, 스티커 및 포켓이 있는 주간 플래너, 써니 데이 스트라이프",Kate Spade New York,51175,51175,4.9,23.0,"2024-2025 주간 및 월간 플래너: 나선형 플래너에는 2024년 8월에 시작하여 2025년 12월에 끝나는 17개월 이 포함되어 있습니다. 아젠다에는 2025년 모든 휴일 목록과 2025년 연간 캘린더를 한눈에 볼 수 있습니다 데이 플래너: 개인 오거나이저는 주간 스프레드와 일일 계획을 위한 안감 섹션이 특징입니다. 각 요일에는 작업 및 약속을 추적하는 데 도움이 되는 체크리스트를 위한 2개의 열이 있습니다 월간 달력: 2024-2025 플래너는 매월 라미네이트 탭으로 나뉘며 할 일과 중요한 날짜를 위한 공간이 있는 재미있는 오프너가 있습니다. 모든 월간 달력에는 메모 섹션, 주요 휴일 목록, 참조할 수 있는 일정이 있습니다 프리미엄 품질: To do list 플래너는 내구성이 뛰어난 하드커버와 튼튼한 금속 나선형 바인딩이 있습니다. 내부 페이지는 잉크 번짐을 방지하기 위해 두껍고 수명을 위해 라미네이트 탭이 있습니다 플래너 액세서리: 날짜 책에는 스티커, 포켓 및 신축성 있는 밴드 클로저가 있어 여행 시 페이지가 손상되지 않습니다. 귀여운 플래너는 ""메가"" 크기이며 표준 노트와 비교할 수 있는 25.4cm(10인치) x 21.6cm(8.5인치) 크기입니다",,"['월간', '주간', '달력', '나선형', '휴일', '날짜', '스티커', '섹션', '목록', '데이']"
사무용품,플래너 및 수첩,플래너,,B08JPCMFWD,"Weekly Planner 2024 (날짜 없음) | 일일 주간 월간 플래너 생산적인 주간 + 펜 | 습관 추적기 정리 사무실, 학술 | 남성과 여성을 위한 한 눈에 보는 주간 플래너 | 1년 | 73.7 x 43.7cm(29 x 17인치)",Scribbles That Matter,31813,25456,4.6,820.0,"간단하고 압도적인 플래너: Scribbles That Matter 는 일과 정신적 웰빙에 미치는 영향을 경험한 후 사람들이 칭찬을 부르는 작업 플래너를 선보입니다. 마음을 정리하고 첫 주의 혜택을 확인하는 데 매일 5분밖에 걸리지 않습니다. (게다가 더 많이 사용할수록 더 체계적인 느낌을 받을 수 있습니다! ). 디지털 혼란에 빠진 아날로그 도구: 디지털 생산성 플랫폼은 탭이 열려 있는 동안에만 좋습니다 (스위치 탭 및 생산성이 창밖). 이 플래너는 의도적으로 16x28.5cm / 6.3x11.2인치 크기이며 화면 바로 아래에 완벽하게 맞습니다. 우선 순위를 명확히 하고 의미 있는 목표를 달성하세요. 주간: 생산성을 높이기 위해 '더 많은 일'을 할 필요가 없습니다. 오히려 몇 가지 핵심 사항에 집중하면 살고 싶은 삶을 향해 안내하는 데 도움이 될 수 있습니다. 주간 우선 순위 섹션은 이를 위해 만들어졌으며 간단하지만 믿을 수 없을 정도로 강력합니다. 매일 집중하고 유출에 빠지세요: 산만함을 없애고, 미루는 것을 멈추고, 매일 중요한 프로젝트에 깊이 노력하는 데 전념하세요. 이렇게 하면 압도감을 덜 느끼고 우선 순위에 대해 명확하고 자신감을 느끼며 하루를 시작할 수 있습니다. 습관 추적기: 사실입니다. 습관이 미래를 결정합니다. 책임을 지고 자신에게 중요한 것들을 관리하세요. 운동, 외식, 반복 작업 등을 추적합니다. 매주 전용 습관 추적기 섹션에 있습니다. 의지력에만 의존하지 마세요. 앞으로 나아갈 수 있는 오래 지속되는 습관을 만들어보세요. 주간 빈 페이지: 매주 함께 제공되는 빈 페이지는 브레인덤프, Zoom 회의 중 메모 작성, 작업 추적 및 아이디어 탐색에 적합합니다. 시간을 절약하는 가로/세로 페이지 가이드는 페이지를 반으로 나누고 싶을 때 도움이 됩니다. 일주일 한눈에 보기: 독특한 조경 디자인으로 매일 페이지를 넘기는 불편함 없이 일주일 내내 한눈에 볼 수 있습니다. 간단히 뒤집어 주간 대시보드와 빈 점선 페이지 사이를 전환할 수 있습니다.",,"['주간', '추적', '습관', '페이지', '생산', '간단하다', '작업', '순위', '섹션', '압도']"
사무용품,플래너 및 수첩,플래너,,B0CZ8Y3C7C,주간 날짜 없는 플래너(블랙),TREES,7326,7326,4.6,4815.0,주간 날짜 없는 플래너,,"['주간', '날짜', '블랙']"
사무용품,플래너 및 수첩,플래너,,B07RRLKMFM,"Travelers 노트 인서트 - 2팩, 책 당 26주, 무료 다이어리 주간 플래너 리필, 월간 요약 6개, 할 일 목록 캘린더, 표준 일반 TN 저널용 사이즈 21 x 11cm(8.5 x 4.75인치)",Sovereign-Gear,13808,13808,4.5,442.0,"다용도 플래너: 할 일 목록, 목표, 플래너, 캘린더, 연락처, 생일 등을 위한 2팩 플래너. 각 소책자에는 26주 동안 일일 플래너가 있어 각 소책자에서 6개월 동안 정리할 수 있습니다. 연중 언제든지 새 달력을 시작하는 데 적합합니다. 날짜가 없으면 연초에 시작할 필요가 없습니다 실용적이고 탁월한 가치: 이 2개의 무료 주간 / 6개월 다이어리 팩으로 가죽 노트를 다기능으로 만드세요. 불렛 저널의 다이어리에 적합합니다. 이벤트, 건강, 날씨 등을 추적하세요 편리한 리필: Sovereign-Gear 및 모든 유사한 Midori 스타일 표준 사이즈 가죽 저널 리필 가능한 여행자 노트에 맞게 설계되었습니다 사이즈: 10.9cm x 21cm(4.3인치 x 8.25인치)에는 60장의 80gsm 페이지로 구성된 플래너 2개가 포함되어 있습니다. 만년필에 적합한 번짐 없는 고품질의 부드러운 크림 종이. 전체적으로 고품질 스티칭 - 스테이플을 사용하지 않았습니다! 다른 액세서리 추가: 토글이 있는 추가 연결 밴드와 주간 플래너, 지퍼 포켓, 종이 팩 및 펜 홀더와 같은 기타 리필 목록을 제공합니다. 위의 아마존 스토어를 참조하십시오. 참고: 저널은 포함되지 않습니다. 귀하의 구매는 Afrinspire 자선 단체에 수익의 일부를 기부할 때 아프리카의 가족을 돕습니다","완벽한 다이어리 및 주간 플래너!/이 독특한 플래너 인서트 2개 팩은 다이어리를 정리하고 정리할 수 있는 세련되고 다재다능하며 개별적인 방법을 제공합니다. 연중 언제든지 새 달력을 시작하는 데 좋습니다. 이미 작성된 날짜가 없으므로 연초에 시작하지 않아도 됩니다./각 소책자에는 일일 계획을 위한 총 26주의 별도 주가 있으므로 6개월 동안 일기 항목, 할 일 목록, 메모, 메뉴 또는 운동 계획을 기록할 수 있습니다. 매주 한 번 스프레드 - 왼쪽 페이지에는 일주일의 요일이 표시되고 오른쪽 페이지는 체크리스트, 낙서 또는 다이어그램을 위한 유용한 그리드를 제공합니다. 날씨를 추적하고, 목표를 설정하고, 주를 평가하거나, 한 주에 영감을 주는 단어를 추가하세요./그리고 그게 전부는 아닙니다! 개인 세부 정보 저장, 단기 및 장기 목표 추가, 월간 계획, 생일 및 연락처 목록 유지, 개인 버킷 목록 생성을 위한 다른 섹션이 있습니다!/모든 여행자 노트에 훌륭한 추가 아이템입니다./Sovereign-Gear의 가죽 리필 가능한 여행자 노트(아마존에서 Sovereign-Gear 검색)에 맞게 디자인되었지만 유사한 모든 Midori 스타일 표준 리필 가능한 여행자 저널에도 맞습니다. 이 플래너 인서트 2팩을 사용하여 불렛 저널에 매일 입력하고 쓰기, 스케치, 드로잉, 다이어리 보관 및 메모를 위해 리필 가능한 저널을 정리하세요. 주머니나 가방에 쉽게 넣을 수 있으므로 저널 없이 유용한 캘린더 소책자로도 사용할 수 있습니다./Sovereign-Gear 리필을 검색하여 더 많은 훌륭한 옵션을 보려면 다른 리필 목록을 확인하세요. 이 리필을 구입하기 전에 저널 크기를 확인하십시오./그러니 지금 2팩 플래너 인서트를 구입하여 평생 리필 가능한 저널을 즐기세요!","['리필', '목록', '다이어리', '가능하다', '추가', '노트', '정리', '주간', '여행자', '시작']"
사무용품,플래너 및 수첩,플래너,,B0C5XCCG4H,"Forvencer 2024 플래너, 일일, 주간 및 월간 플래너 2024-2025 학년도, 직장, 학교, 가정, 언제든지 시작할 수 있는 내구성 있는 하드커버 주간 플래너, A5(14.3cm x 21.6cm(5.8인치 x 8.3인치), 옐로우",Forvencer,11066,9667,4.5,154.0,"일관된 목표를 위한 체계적인 플래너: 2024-2025 플래너를 사용하면 월별, 주간 및 일일 목표를 조정할 수 있는 체계적인 도구를 사용할 수 있습니다. 이를 통해 장기 목표에 대한 효과적인 월간 및 주간 계획을 수립할 수 있으며, 잘 정리된 접근 방식을 위해 관리 가능한 일일 작업으로 분류할 수 있습니다. 더 많은 공간, 더 많은 기능: 일일 필기 공간이 제한된 다른 브랜드와 달리, 저희 플래너는 종합적인 계획을 위한 전체 페이지를 제공합니다. 할 일, 일정, 식사 계획, 목표 설정 및 검토, 개인 성장에 대해 모두 한 곳에서 적어 둘 수 있습니다. 또한 날짜를 직접 입력하므로 언제든지 사용할 수 있습니다. 생산성 향상: 26주 생산성 플래너를 사용하여 일과 삶의 균형을 추구하세요. 직장, 학교 또는 가정에서 생산성을 개선하고 야망을 달성하기 위한 최고의 도구입니다. 더 많은 페이지: 플래너에서 2024-2025 참조 캘린더, 연간 목표 및 단계 섹션, 전용 연락처 페이지, 2024-2025년 휴일에 대한 참조와 같은 추가 유용한 페이지를 찾을 수 있습니다. 오래 사용할 수 있도록 제작: 당사의 26주 플래너는 내구성과 고품질로 칭찬을 받았으며 일상적인 사용을 견딜 수 있도록 설계되었습니다. 플래너의 내용물을 보호하기 위한 신축성 있는 클로저와 필기구를 안전하게 보관할 수 있는 펜 홀더가 장착되어 있습니다. 뒷면 커버에는 잡화를 위한 확장 가능한 포켓이 포함되어 있습니다.",,"['페이지', '일일', '주간', '생산', '계획', '가능하다', '월간', '직장', '참조', '도구']"
사무용품,플래너 및 수첩,플래너,,B0CQ25CJXY,"2024-2027 월간 플래너/달력 - 3년 월간 플래너 2024-2027년 7월 - 2027년 6월, 16.4cm x 21.6cm(6.4인치 x 8.5인치), 학술 월간 플래너, 월간 탭 36개, 노트 페이지 30개, 내부 포켓, 휴일 - 그린",MaaIbok,13836,11066,4.3,6.0,"2024-2027 월간 플래너 - 월간 플래너의 크기는 16.4 x 21.6cm(6.4 x 8.5인치)이며 이 대형 장기 월간 플래너는 2024년 7월부터 2027년 6월까지 36개월을 커버하며 율리우스 날짜와 하이라이트 휴일이 있는 36개월의 월간 페이지가 특징입니다. 월간 페이지 개요 - 2024-2027 월간 플래너, 공개 일정을 위한 유선 일일 블록(3.3cm x 3.8cm(1.3인치 x 1.5인치))이 있는 월간 플래너, 우선 순위에 대한 메모 섹션. 또한, 이 월간 플래너 2024-2027에는 지난 달을 검토하고 향후 달을 기대할 수 있는 3개월 참조 캘린더가 포함되어 있습니다. 추가 내부 페이지 - 4개의 중요한 연락처 페이지 | 7개의 연락처 페이지 | 비밀번호 페이지 | 27개의 노트 페이지 | 2024-2027 연간 개요 | 개인 정보 | 2024-2027 Hollidays 기능적인 디자인 - 3년 개월 플래너의 견고한 트윈 와이어 바인딩 디자인으로 평평하게 놓고 360도 접을 수 있습니다. 방수 하드커버는 내부 페이지가 물에 튀는 것을 방지하도록 설계되었습니다. 일정을 쉽게 찾고 찾을 수 있도록 코팅된 돌출된 월간 탭과 느슨한 물건을 모두 모을 수 있는 양면 뒷면 포켓. 프리미엄 용지 품질 - 이 월간 플래너 2024-2027의 용지는 잉크 방지 기능이 있으며 페더링을 방지하도록 설계되었습니다. 아카이브 품질의 페이지는 중성 순수 백지로 만들어졌으며 빛과 공기에 의한 손상을 방지합니다.",,"['월간', '페이지', '방지', '내부', '휴일', '탭', '노트', '디자인', '연락처', '용지']"
사무용품,플래너 및 수첩,플래너,,B09NQPBG86,Bright Day 날짜 없는 할 일 목록 일일 작업 체크리스트 플래너 시간 관리 노트 날짜가 없는 플렉스 커버 나선형 오거나이저 21.6 x 16.2cm(8.25 x 6.25인치) 습관 트래커 (골드 야자수 잎),Bright Day Calendars,9681,9681,4.6,363.0,"정리 유지: 재미있는 개인 플래너로 할 일 목록을 확인하세요. 날짜가 없는 고성능 의제 불렛 저널로 하루의 작업, 집안일 및 심부름을 나열하세요. 일상적인 작업이 편리한 순서로 강조되어 우선 순위를 정하고 진행하면서 확인할 수 있습니다. 기억해야 할 시간은 중요한 전화 통화, 회의 또는 하차 시간을 추적하는 데 도움이 됩니다. 뒷면 커버의 포켓과 습관 추적기 페이지 포함. 또한 매일 영감을 주는 I am grateful for 섹션이 포함되어 있습니다. 피트니스 섹션은 시간을 찾는 것이 어려울 수 있기 때문에 다이어트 및 피트니스 저널에 일상적인 신체 활동을 설명합니다. 또한 H2O 트래커로 수분을 유지하세요. 식사 및 간식 140페이지 데이 플래너는 식사 계획을 세우는 데 도움이 되어 식사 계획을 세우는 데 도움이 됩니다. 잘 계획된 목록 메모장을 사용하면 일상 생활의 생산성이 향상됩니다. 완벽한 선물: 크리스마스, 비밀 산타, 흰 코끼리 사무실 파티 또는 가족 교환, 동료, 친구, 생일, 기념일 또는 멋지고 사려 깊은 놀라움. 구매하기 어려운 사람에게 이상적이며 막바지 선물 아이디어입니다.",,"['식사', '목록', '계획', '일상', '작업', '도움', '날짜', '커버', '습관', '유지']"
사무용품,플래너 및 수첩,플래너,,B0CZCKZD5Q,"Planner 2024-2025 일일 주간 및 월간 탭 포함, 2024년 7월 - 2025년 6월, 하드커버 아젠다 북 2024 캘린더 플래너, 여성용 나선형 바인딩, 탄성 밴드, 내부 포켓, 15.2 x 21.6cm(6 x 8.5인치) 버터플라이",GETINK,11066,11066,4.4,125.0,"월간 플래너 2024년 7월-2025년 6월: 목표를 달성하고 습관을 개발하기 위한 12개월의 월간 및 주간 페이지가 있는 미적 캘린더 플래너 2024-2025. 플래너 2024의 월간 페이지는 마스터 플래너로 사용되며 주간 플래너의 주간 페이지는 일일 약속에 사용됩니다. 명확한 월간 개요: 2024-2025 플래너에는 주간 및 월간 12개월의 달력 보기 페이지와 월간 탭이 포함되어 있어 빠르게 참조할 수 있습니다. 율리우스 력 날짜(경과한 일 및 남은 일수) 및 휴일 알림으로 중요한 모든 일에 집중할 수 있습니다. 또한 할 일 목록 노트에는 월별 할 일, 월간 참조 2개, 메모, 월간 리뷰 및 월간 목표도 포함되어 있습니다. 풍부한 주간 일정: 이 귀여운 노트북의 주간 보기 페이지는 세리프 글쓰기를 위한 충분한 공간을 제공하여 주간 초점, 약속, 습관 추적기, 아이디어, 할 일 목록 플래너 및 주간 검토 등을 정리할 수 있습니다. 플래너 액세서리는 학생, 선생님, 여자 친구, 엄마 및 전문가에게 매일 약속을 하는 훌륭한 선물입니다. 다기능 페이지: 플래너 2024-2025 일일 주간 및 월간 캘린더 2024-2025 | 휴일 | 연간 목표 | 연락처 | 중요 날짜 | 노트 페이지가 포함되어 있습니다. A5 사이즈 21.6cm x 15.2cm(8.일상 생활과 업무 요구 사항을 충족하는 풍부한 모듈. 가볍고 편리하며 다양한 상황(학교, 사무실 등)에 적합합니다. 부드러운 글쓰기 및 하드커버: 학술 플래너 2024-2025는 고품질 종이를 사용하여 잉크 번짐을 줄이고 훌륭한 필기 경험을 제공하며 가장 열정적인 아티스트에게 저항할 수 있습니다. 캘린더 2024 플래너는 유연한 하드커버, 월간 탭, 포켓 폴더, 강력한 금속 바인딩, 신축성 있는 클로저 및 걱정 없는 애프터 서비스를 제공합니다.",,"['월간', '주간', '캘린더', '페이지', '탭', '페이', '일일', '하드커버', '약속']"
사무용품,플래너 및 수첩,플래너,,B0CHSBRNX6,2024 Essential 21.6cm x 27.9cm(8.5인치 x 11인치) 월간 플래너 탭 포함 - 14개월 (2023년 11월부터 2024년 12월까지) - 전문적이고 간단하며 사용하기 쉬운 디자인,Global Printed Products,23475,23475,4.7,92.0,"즉시 사용 시작: 2023년 11월부터 2024년 12월까지 14개월이 포함됩니다. 월간 페이지만: 한 눈에 보는 2 페이지 월. 매월 4개의 노트 페이지가 이어집니다. 약속, 이벤트 및 할 일 항목을 위한 충분한 공간. 이 품목에는 월간 페이지만 포함됩니다. 일간/주간 페이지는 이 버전에 포함되어 있지 않습니다. 매우 두꺼운 용지: 21.6cm x 27.9cm - 크림(미색) 종이에 인쇄. 두꺼운 종이는 번짐을 방지합니다. 커버 소재: 투명 프로스트 비닐 보호 전면 및 후면 커버로 내구성을 높였습니다. 전문적인 룩을 위한 강력한 Wire-O 바인딩. 미니멀리스트 디자인: 효율적인 계획을 위한 간단하고 깔끔한 형식.",,"['월간', '페이', '간단하다', '커버', '전문', '종이', '두껍다', '디자인', '페이지', '깔끔하다']"
사무용품,플래너 및 수첩,플래너,,B0CQXS8ZPS,"Planner 2024-2025 - 아카데믹 플래너 2024-2025, 2024년 7월 - 2025년 6월, 2024-2025 주간 및 월간 플래너, 탭 포함, 16 x 21.3cm(6.3 x 8.4인치), 뒷면 포켓이 있는 하드커버 + 두꺼운 종이 - 핑크 플라워",Bushypushy,5512,9944,4.5,33.0,"플래너 2024-2025 - 이 2024-2025 플래너는 2024-2025년 7월부터 JUN 2025까지 12개월을 커버하며, 16.3 x 21.6cm(6.3 x 8.4인치)로 일일 계획 및 일정에 적합한 크기이며 휴대가 편리합니다. 월간 계획 - 이 플래너 2024-2025의 각 월간 페이지에는 2개의 스프레드 페이지가 포함되어 있으며 특별한 휴일을 위한 휴일 알림과 중요한 것을 기록하기 위한 메모 섹션이 있습니다. 또한 과거와 미래를 되돌아보고 미래를 향한 과거 및 미래 달력입니다. 주간 관리 - 이 플래너 2024-2025의 주간 페이지에는 각 계획의 진행 상황을 추적할 수 있는 확인란이 있는 자세한 일일 계획을 위한 충분한 필기 공간을 제공하며, 평일 알림은 항상 주간 목표와 계획을 달성하도록 알려줍니다. 기능적인 디자인 - 다양한 색상의 꽃 및 하드 커버 | 트윈 와이어 바인딩 | 월간 탭 인쇄 | 연간 개요 | 연락처 | 빠른 참조 정보 | 휴일 알림 | 율리우스 날짜 | 노트 섹션. 프리미엄 두꺼운 용지 - 일반 플래너 2024-2025보다 두꺼운 용지는 잉크 번짐을 줄이고 항상 글을 깔끔하게 유지합니다. 이 학술 플래너 2024-2025에 사용되는 밝은 흰색 및 중성 종이는 완전 비건 원료로 환경 친화적이며 이 플래너 2024-2025는 우아하고 화려한 디자인 플래너로 삶을 스타일리시하게 정리할 수 있도록 도와줍니다.",,"['계획', '월간', '주간', '두껍다', '알림', '휴일', '페이지', '미래', '디자인', '커버']"
사무용품,플래너 및 수첩,플래너,,B0CRHV63DP,"newestor 2024-2025 월간 플래너 리필 폴리오 사이즈, 2024년 7월부터 2025년 12월까지 18개월, 월 2페이지, 21.6cm x 27.9cm(8-1/2인치 x 11인치), 사이즈 5",newestor,20761,20761,4.6,7832.0,"Franklin Covey(모나크), At-A-Glance (폴리오) 링 바인더용 7개의 구멍이 뚫린 월간 플래너 리필 2024년 7월부터 2025년 12월까지 18개월 동안 운영됩니다 줄이 있는 일일 블록이 있는 2페이지 스프레드당 한 달, 4.8cm x 4.8cm(1.9인치 x 1.9인치) 블록은 일상적인 이벤트를 기록하기에 좋습니다 매월 할 일 및 리뷰 페이지가 포함됩니다 무거운 160gsm 용지, 일요일 시작, 코팅된 월간 탭, 이벤트 및 주요 휴일이 표시되어 있습니다","(21.6cm x 27.9cm(8.5인치 x 11인치)) 링 바인더 플래너(3링 또는 7링)를 리필하고 탭, 메모 섹션, 할 일 및 리뷰 페이지가 있는 2024년 월간 캘린더 리필로 정리하세요.","['페이지', '월간', '리필', '블록', '탭', '바인더', '리뷰', '이벤트', '휴일', '무겁다']"
사무용품,플래너 및 수첩,플래너,,B0CY2S3SBF,"2024-2025 주간 약속 도서 - 7월 2024 - JUN 2025, 일일 시간별 플래너 2024-2025, 21.3cm x 26.9cm(8.4인치 x 10.6인치), 15분 간격, 유연한 소프트 커버",MaaIbok,9681,7188,4.6,3723.0,"2024-2025 주간 예약 책 - 2024-2025 일일 시간별 플래너/약속 책자 (21.3 x 26.9cm(8.4 x 10.6인치)), 클래식하고 세련된 2024년 7월 - 2025년 6월, 시간별 계획은 삶을 완전히 정리하는 데 도움이 되며 집중력을 유지하는 데 적합합니다. 및 당신의 목표를 달성하고 및 15분 약속 책 - 두 페이지 당 1주일 스프레드는 매일 하나의 세로 열이 특징입니다. 충분한 유선 필기 공간으로 월요일부터 일요일까지 15분 간격으로 오전 7시부터 오후 8시 45분까지 하루를 예약하세요. 일 카운트다운을 통해 일년 내내 정리할 수 있습니다. 2024-2025 예약 도서 - 각 스프레드에는 과거와 다음 달이 있어 더 쉬운 장기 계획을 위한 참조로 사용할 수 있습니다. 상위 목표 섹션은 이번 주의 우선 순위를 설정하는 데 도움이 됩니다. 할 일 목록 섹션은 더 쉬운 계획 및 추적으로 일주일 내내 정리할 수 있도록 도와줍니다. 주간 검토 섹션은 시간 관리 기술을 향상시키는 데 도움이 됩니다. 플래너 2024 - 2024년 7월 - 2025년 6월 | 21.3cm x 26.9cm(8.4인치 x 10.6인치) 계획 페이지 | 부드러운 가죽 커버 | 참조 정보 | 2024-2025년 연간 개요 | 휴일 | 스트롱 트윈 - 와이어 바인딩 | 율리우스 날짜 | 프리미엄 용지 | 우아한 디자인 | 삶을 생산적으로 만듭니다 - 삶을 효과적으로 만드는 완벽한 도구. 이 주간 약속 책을 활용하면 메모, 아이디어, 회의, 약속 등을 붙일 수 있습니다.",,"['약속', '주간', '계획', '예약', '섹션', '정리', '책', '도움', '삶', '쉽다']"
사무용품,플래너 및 수첩,플래너,,B0CXM44QCN,"2024-2025 주간 및 월간, 18개월 플래너, 학업 플래너 2024-2025 7월부터 2024-2025년까지 2024-2025, 스티커 포함, 탄성 밴드, 14.9 x 20.8cm(5.7 x 8.2인치), 청록색",BLESWIN,11066,10512,4.2,147.0,"2024-2025 플래너 개요: 2024년 7월부터 2025년 12월까지 학술 플래너와 24개월 스티커 탭이 함께 제공됩니다. 개인 정보, 2024-2025년 연간 개요 및 2024-2026년 3년 휴일 및 연락처 페이지를 포함한 연중 계획을 위한 18개의 월간 및 79개의 주간 페이지가 특징입니다. 휴대용 사이즈 14.5 x 20.8cm(5.75 x 8.25인치). 여성, 남성, 남아, 여아를 위한 완벽한 직장/학교/숙제 약속 플래너. 18 월간 플래너: 월간 보기 페이지에는 해당 월별 일정을 계획하기 위한 일일 블록이 표시됩니다. 중요한 항목이나 월간 목표를 상기시키는 메모 섹션, 주요 미국 휴일. 월간 조회수로 예정된 계획을 종합적으로 추적하세요! 일정에 따라 모든 정보를 제공합니다. 플래너의 추가 개월은 다가오는 해를 위해 더 잘 정리할 수 있는 완벽한 추가 아이템입니다. 실용적인 79 주간 플래너: 월요일부터 일요일까지 매주 2페이지가 있어 주를 쉽게 계획할 수 있습니다. 2024-2025 플래너는 충분한 안감 필기 공간을 제공합니다. 일일 세그먼트를 위한 파란색 섹션을 사용하면 각 요일의 약속, 활동 및 메모를 쉽게 추적하고 관리할 수 있으며 우선 순위를 달성하는 데 도움이 됩니다. 자신을 위해 원하는 삶을 만들어보세요. 100장 (200페이지) 일일 플래너: 날짜 표시 및 요일 형식이 있는 2024-2025 일일 플래너 페이지. 하루의 알림, 아이디어, 중요한 날짜 및 할 일 목록을 작성할 수 있는 충분한 공간을 제공합니다. ""물 섭취"" 섹션을 사용하면 물 소비량을 추적할 수 있습니다. 단순한 도구 그 이상으로, 당사의 플래너 노트는 건강한 생활과 작업 습관을 키우고 모든 것을 추적할 수 있습니다. 2024-2025 플래너 나선형 바인딩: BLESWIN 캘린더 월간 플래너 커버는 방수 반투명 PP 소재로 제작되었습니다. 잉크나 마커로 번지지 않는 100GSM 프리미엄 두꺼운 종이로 유창하게 쓸 수 있습니다. 강력한 트윈 와이어 바인딩은 페이지를 더 부드럽게 넘길 수 있어 전체 페이지를 쓸 수 있습니다. 신축성 있는 밴드는 일정 플래너를 닫은 상태로 유지합니다.",,"['페이지', '월간', '일일', '추적', '계획', '일정', '주간', '섹션', '요일', '완벽하다']"
사무용품,플래너 및 수첩,플래너,,B0CLVKMMVJ,"DiverseBee 라미네이트 플래너 월간 탭, 노트북용 필 앤 스틱 탭 24개(12개월 탭 및 빈 탭 4개), 플래너용 달력 월간 탭 스티커, 월간 디바이더(피오니)",DIVERSEBEE,13808,13808,4.7,2522.0,읽기 쉬움: 이 재미있는 플래너 탭으로 메모를 추적하는 간단하고 실용적인 방법입니다. 간편한 부착: 월간 칸막이는 중간에 미리 득점되어 있어 쉽게 접을 수 있으며 좋아하는 플래너나 노트에서 원하는 곳에 정확하게 배치할 수 있습니다. 라미네이트 및 견고한 탭: 노트북 탭은 오래 지속되는 프리미엄 품질의 라미네이트 접착 용지로 만들어졌습니다. 24개의 탭 스티커: 12개월 탭과 4개의 빈 탭이 포함된 훌륭한 가성비 탭 스티커 세트로 자신의 메모를 참조하고 플래너를 더 잘 정리할 수 있습니다. 보장 구매: 저희는 제품에 자신이 있습니다. 어떤 이유로든 구매에 완전히 만족하지 못하셨다면 저희에게 연락하여 교환 또는 전액 환불을 받으십시오.,,"['탭', '월간', '라미', '스티커', '노트북', '메모']"
사무용품,플래너 및 수첩,플래너,,B0CHDRQ38G,"Ymumuda 2024-2025 플래너 - 2024년 7월 - 2025년 6월, 플래너 2024-2025 일일 주간 및 월간, 21.3 x 15.2cm(8.4 x 6인치), 나선형 제본, 스티커 및 스티커 탭이 있는 12개월 학업 플래너, 블루 마블",Ymumuda,8296,8296,4.5,164.0,"2024-2025 플래너 나선형 바운드: 이 플래너 2024-2025 일일 주간 및 월간 (21.6cm x 15.2cm(8.4 x 6인치))는 7월부터 12개월을 커버합니다. 2024년부터 6월까지. 2025년, 데일리 플래너에는 일 년 내내 정리된 상태를 유지하고 생산성을 높일 수 있는 추가 페이지가 있습니다. 월간 플래너: 줄이 그어진 일일 블록이 있는 각 월간 페이지에는 주요 미국 공휴일과 율리우스 력 날짜가 나열되어 있으며, 플래너 노트에는 과거 및 미래 계획을 더 잘 검토할 수 있도록 노트 섹션과 과거/미래 달력 참조가 포함되어 있습니다. 주간 플래너: 주간 보기 페이지는 상세한 일일 계획, 약속, 활동 등을 위한 충분한 공간을 제공합니다. 주요 공휴일이 나열되고 경과 및 남은 날짜가 표시됩니다. 우선 순위 섹션은 가장 중요한 목표에 에너지를 집중하도록 설계되었습니다. 전문적인 디자인: 예쁜 전면 커버 디자인 | 연간 개요 | 연락처 | 빠른 참조 정보 | 월간 탭 | 휴일 | 주간 및 월간 페이지 | 트윈 와이어 바인딩 | 내부 뒷면 포켓 | 신축성 있는 클로저 | 스티커 | 연간 물건 계획을 위한 12개의 월간 스티커 인덱스 탭으로 벗겨서 월간 계획 페이지에 붙이기만 하면 됩니다. 걱정 없는 : 학업 플래너와 걱정 없는 애프터 서비스로 마음의 평화를 즐기십시오. 30일 품질 을 제공합니다. 작업 플래너에 대한 품질 문제가 있는 경우 언제든지 저희에게 연락하여 도움을 받으십시오.",,"['월간', '주간', '일일', '페이지', '계획', '스티커', '탭', '참조', '미래', '연간']"
사무용품,플래너 및 수첩,플래너,,B07SPVXTVS,무인양품(MUJI) 플래너 (월간 플래너 A5 사이즈),MUJI,8171,8171,4.7,147.0,MUJI 월간 플래너 A5 사이즈 32장 일본산,"MUJI 월간 플래너 A5 사이즈 32장, 일본산 스케줄 노트","['월간', '일본산', '스케줄', '무인양품', '노트']"
사무용품,플래너 및 수첩,플래너,,B0CPB8T4XM,"Moleskine 클래식 18개월 2024-2025 주간 플래너, 소프트 커버, 라지(12.7cm x 21cm(5인치 x 8.25인치)), 사파이어 블루, 208페이지",Moleskine,37699,40622,4.9,13.0,"2024년 7월부터 2025년 12월까지 날짜 하드 및 소프트 커버는 다양한 색상으로 제공됩니다. 아이보리 색상, 70g/m², 중성 종이 둥근 모서리, 신축성 있는 클로저 및 어울리는 리본 책갈피, 색상이 조화를 이루는 확장 가능한 내부 포켓 유용한 도구: 달력, 여행 계획, 아이디어 및 목표, 노트용 유선 페이지. 계획을 맞춤 설정할 수 있는 스티커와 척추용 연도 스티커 이 Moleskine 물체의 종이는 잘 관리되고 FSC 인증 숲 및 기타 통제된 출처의 소재로 만들어졌습니다.","Moleskine 18개월 주간 노트 다이어리/플래너는 7월부터 12월까지 진행됩니다. 왼쪽에 주의 약속을 표시하고 오른쪽에 메모와 아이디어를 위한 유선 페이지를 표시하도록 포맷된 이 인기 있는 플래너 스타일은 학생, 교사 및 전문가에게 적합합니다.","['페이지', '노트', '소프트', '주간', '아이디어', '유선', '커버', '종이', '스티커', '표시']"
사무용품,플래너 및 수첩,플래너,,B0CNJJFVGR,"2024-2026 월간 플래너 - 2024년 7월부터 2026년 6월까지 24개 월간 플래너, 21.6 x 27.9cm(8.5 x 11인치) 월간 플래너, 내부 포켓, 월간 탭 24개 - 아미 그린",Coboll,9681,9681,4.7,6836.0,"★ 2024-2026 월간 플래너 - 대형 월간 플래너는 2024년 7월부터 2026년 6월까지 24개월을 커버하며, 율리우스력 날짜와 공휴일이 표시된 24개월 월간 페이지가 특징입니다. 주요 공휴일 목록. ★기능성 플래너 - 이 월간 플래너 2024-2025는 오픈 스케줄링을 위한 3.2cm x 2.8cm(1.25인치 x 1.1인치) 크기의 일일 블록이 있으며 자발적이고 중요한 아이템을 위한 열을 메모합니다. 월간 페이지에서 과거, 현재 및 향후 3개월 참조. 플래너 2024-2025의 노트 섹션은 우선 순위를 위한 것입니다. ★전문적인 디자인 - 2024-2025 플래너의 디자인은 2024-2026 연간 개요 + 2024-2026 휴일 + 노트 페이지 + 월간 인쇄 탭 24개 + 개인 정보 페이지 + 연락처 페이지 8개 + 중요 페이지 4개 + 내부 포켓이 있는 27.9 x 21.6cm(11 x 8.5인치) 계획 페이지입니다. 이 모든 것이 2024년 월간 플래너는 깨끗한 삶을 이끌 수 있는 완벽한 선택입니다. 매달 페이지에 영감을 주는 인용문이 있어 한 달 내내 동기를 부여할 수 있습니다. ★ 프리미엄 두꺼운 용지 - 이 2년 월간 플래너는 두꺼운 밝은 흰색 용지를 사용하여 잉크 누출을 방지하고 마모 및 음영 문제를 지우고 대부분의 펜에 적합합니다. 견고한 방수 하드커버는 학교, 사무실 및 가정에 적합합니다. ★월간 계획 - 이 월간 캘린더 플래너는 월간 전용입니다. 월간 플래너로 충분하다면 이 예쁜 2024-2025 월간 플래너를 선택하세요!",,"['월간', '페이지']"
사무용품,플래너 및 수첩,플래너,,B0CCYYC4VJ,"2024-2025 플래너 - A5 할 일 목록 플래너, 2024년 7월 - 2025년 6월, 16.3cm x 21.6cm(6.4인치 x 8.5인치), 유연한 커버, 탭, 내부 포켓, 블랙 플라워",Heveboik,8850,8850,4.4,117.0,"2024-2025 플래너 - 2024년 7월부터 2025년 6월까지의 할 일 목록 플래너, 이 플래너 2024 2025는 12개월의 주간 및 월간 페이지를 커버하므로 일년 내내 쉽게 계획하고 정리할 수 있습니다. 사이즈는 16.3 x 21.6cm(6.4 x 8.5인치)이며 백팩이나 작업 가방에 적합합니다. 월간 - 이 학술 플래너 2024-2025 각 월간 스프레드에는 휴일, 전월 및 다음 달 캘린더 및 노트 섹션이 포함된 월 개요가 포함되어 있습니다. 할 일 목록, 메모 및 세부 사항을 위한 충분한 공간 주간 - 주간 플래너 2024-2025 스프레드에는 일일 일정, 주간 목표, 주간 우선 순위, 할 일, 주간 진행 상황, 습관 및 다음 주간 계획을 기록할 수 있는 충분한 공간이 포함되어 있어 주간 보기로 모든 일을 명확하게 추적할 수 있습니다 탭 및 포켓 - 매월 라미네이트 탭, 티켓, 카드, 종이 등과 같은 느슨한 물건을 보관할 수 있는 내부 포켓으로 분리됩니다 프리미엄 두꺼운 용지 - 이 2024-2025 할 일 목록 플래너는 백지로 평소보다 20% 두껍습니다. 이 플래너의 용지는 잉크 방지 기능이 있으며 페더링을 방지하도록 설계되었습니다. 아카이브 품질의 페이지는 중성 종이로 만들어졌으며 빛과 공기에 의한 손상을 방지합니다.","이 컴팩트한 2024-2025 플래너(2024년 7월 - 2025년 6월) 크기는 16.4cm x 21.6cm(6.4인치 x 8.5인치)입니다. 간단한 페이지 디자인과 중요한 정보를 모두 담을 수 있는 충분한 공간. 12개월 2024-2025 할 일 목록 플래너에는 다음이 포함되어 있습니다: 연간 개요(2024-2025년 달력), 휴일 연간 목표 연락처 페이지 중요 날짜 12개월 달력 섹션 53주 섹션 12개의 노트 페이지(라인). 각 월간 스프레드에는 해당 월의 개요와 노트 섹션이 포함되어 있습니다. 12개월 달력, 월 2페이지. 메모와 디테일을 위한 충분한 공간. 각 월간 캘린더 뒤에는 5개의 주간 페이지, 주당 2페이지가 이어집니다. 주간 플래너 스프레드에는 일일 일정, 약속, 활동, 주의 집중, 할 일 목록/목표를 기록하고 주간 보기로 모든 일을 명확하게 추적할 수 있는 충분한 공간이 포함되어 있습니다. 이 독특한 2024-2025 월간 및 주간 플래너는 고품질 100gsm 백지를 사용하여 쉽게 쓰고 잉크 누출을 줄이고 마모 및 음영 문제를 지우고 약속, 할 일 및 알림을 위한 깨끗한 필기 공간을 제공합니다. 이 월간 및 주간 플래너는 만년필, 젤 펜, 롤러 펜, 볼펜, 형광펜, 연필 등에 잘 반응합니다. 내부 페이지를 잘 보호하기 위한 견고하고 유연한 커버, 부드러운 글씨를 위한 두꺼운 종이, 강한 트윈 와이어 바인딩, 티켓, 카드, 종이 등과 같은 느슨한 물건을 보관할 수 있는 튼튼한 플라스틱 포켓. 이 모든 디테일은 고품질을 보여줍니다. 학교, 직장 또는 가정을 위한 플래너, 오거나이저, 학업 의제 또는 노트 패드에 적합하며 훌륭한 선물이 됩니다. 지금 이 멋진 월간 및 주간 플래너로 일상을 계획하고 만들고 일정을 잡으세요.","['주간', '월간', '페이지', '목록', '공간', '충분하다', '포켓', '스프레드', '섹션', '종이']"
사무용품,플래너 및 수첩,플래너,,B08WRC1837,Legend Planner PRO – 디럭스 주간 및 월간 라이프 플래너로 생산성을 높이고 목표를 달성하세요. 시간 관리 오거나이저 노트 - 날짜 없음 - 17.8 x 25.4cm(7 x 10인치) 하드커버 + 스티커 - 미스틱 그레이,Legend Planner,41536,41536,4.7,4220.0,"항상 원하는 삶을 만드세요 - Legend Weekly Planner PRO는 인생에서 원하는 것을 파악하고 장기적인 목표를 정의하고 이를 의제에 통합하는 데 도움이 됩니다. 이렇게 하면 시간을 최대한 활용하고 매일 목표를 달성할 수 있습니다. 정리 유지 및 생산성 향상 - 넓은 월간 캘린더와 주간 보기를 사용하여 작업, 마감일 및 약속을 계획하십시오. 종합적인 월간 리뷰로 진행 상황을 정기적으로 반영하세요. 직장 생활 균형 개선 및 일상 습관 추적 - 이 라이프 플래너는 6가지 생활 영역에서 주간 활동을 계획하고 일상 습관과 일상을 추적하여 전반적인 웰빙을 지원하도록 도와줍니다. 번들 페이지, 대형 포맷 및 스티커 - 이 대형 월간 플래너(17.8 x 25.4cm(7 x 10인치)에는 날짜가 표시되지 않은 페이지, 에코 가죽 하드커버, 두꺼운 120gsm 용지, 레이 플랫 바인딩, 펜 루프, 탄성, 책갈피 3개, 계획 스티커 및 사용자 가이드(한글이 아닐 수 있음)가 있습니다. 60일 환불 보장 - 어떤 이유로든 날짜가 표시되지 않은 주간 플래너 노트에 만족하지 않으면 목표 설정 플래너를 교환하거나 환불해 드립니다. 메시지를 통해 저희에게 연락하여 매주 및 매월 기재되지 않은 플래너를 환불하세요.",,"['주간', '월간', '스티커', '계획', '날짜', '일상', '표시', '생활', '페이지', '하드커버']"
사무용품,플래너 및 수첩,플래너,,B0CK2MSWYX,"날짜 없는 주간 플래너, 목표 및 습관 트래커 오거나이저가 있는 주간 할 일 목록 노트, 나선형 바인딩이 있는 A5 주간 플래너 노트, 15.5 x 20.8cm(6.1 x 8.25인치) - 로지",Taja,9404,9404,4.5,552.0,"효율적인 주간 계획 - 52주 날짜 없는 플래너를 활용하여 2024년 동안 주간 목표와 할 일 목록을 명확히 하고 우선 순위를 정합니다. 최적의 효율성을 위해 매주 특정 작업을 할당하면서 일주일을 놓친 경우 죄책감 없이 유연성을 제공합니다. 우아하고 컴팩트한 디자인 - 로맨틱하고 부드러운 미학을 제공하는 골드 코일로 두꺼운 커버를 즐기세요. 주간 플래너 노트의 완벽한 크기는 15.5 x 21.6cm(6.1 x 8.2인치)로 휴대가 간편하여 매일 사용하기에 편리합니다. 건강한 생활 습관 기르기 - 날짜가 없는 주간 플래너, 주간 목표, 할 일 목록 및 일상 업무를 위한 습관 추적기를 함께 제공합니다. 매주 건강한 습관을 추적하고 확인란을 시각적 알림으로 사용하세요. 프리미엄 용지 품질 - 번짐을 방지하는 두꺼운 100gsm 용지에 매끄러운 필기 표면을 경험하십시오. 플래너는 고품질의 느낌을 보장하고 전반적인 필기 경험을 향상시킵니다. 다용도 - 일상 업무를 관리하고, 건강한 생활 습관을 길러주고, 전반적인 진행 상황을 유지하는 데 이상적입니다. 한 눈에 집안일에 대한 종합적인 개요를 제공하여 효과적인 시간 계획을 위한 완벽한 동반자입니다. 플래너로 멋진 2024년을 여세요.",,"['주간', '습관', '노트', '건강하다', '목록', '날짜', '완벽하다', '전반', '일상', '두껍다']"
사무용품,플래너 및 수첩,플래너,,B0B6QXTH3C,"날짜 없는 일일 플래너 - 시간별 일정, 작업 항목 및 후속 조치가 있는 날짜 없는 플래너, 생산성 향상을 위한 A4 일일 오거나이저 노트, 시간 관리를 위한 약속 책, 21.6 x 27.9cm(8.5 x 11인치)",Tiankool,16564,16564,4.6,544.0,"A4 사이즈 및 다양한 레이아웃 - 날짜가 표시되지 않은 데일리 플래너는 A4 오거나이저로, 연간 개요(2023-2024년 달력), 연락처 페이지 2개, 시간별 일정을 위한 200페이지, 작업 항목 및 후속 조치를 위한 7개의 노트 페이지(라인)가 포함되어 있어 메모, 목록, 목표 등을 관리할 수 있습니다. 효율적으로 시간을 효율적으로 효율적으로 및 달성완벽한 목표. 날짜가 없는 약속 플래너를 사용하면 언제든지 플래너를 쉽게 시작할 수 있습니다 정리 유지 및 생산성 향상 - 날짜가 없는 일일 플래너 노트는 일상 작업, 책임, 일정을 정리하고 작업 및 목표 및 계획을 유지하는 데 도움이 됩니다. 이 데일리 오거나이저로 매일 정리하고 동기를 부여하여 생산성을 향상시키세요 집중력을 유지하고 목표 달성 - 30분 간격으로 오전 7시부터 오후 11시까지 약속이 있는 이 일일 오거나이저는 모든 약속, 작업 항목 및 후속 조치를 추적할 수 있어 최고의 목표와 작업을 위한 공간이 있습니다. 이 할 일 목록 플래너는 시간을 절약하고 목표를 달성하는 데 도움이 될 수 있습니다 우수한 품질 - 100gsm 두께의 종이로 된 날짜가 없는 데일리 오거나이저는 잉크 누출을 줄이고 마모 및 쉐이드 문제를 제거합니다. 견고하고 유연한 PP 커버로 내부 페이지를 잘 보호합니다. 튼튼한 금속 및 평평한 트윈 와이어 바인딩, 티켓, 카드 등과 같은 느슨한 물건을 보관할 수 있는 내부 포켓이 있는 플래너, 플래너를 보호하기 위한 신축성 있는 클로저 완벽한 용도 - 이 할 일 목록 플래너는 목표, 작업, 약속, 프로젝트, 작업, 습관 등을 추적할 수 있는 유연한 구조가 특징입니다. 학교, 직장 또는 가정을 위한 플래너, 오거나이저 또는 학업 의제에 적합하며 가족, 친척 또는 친구에게 훌륭한 선물이 됩니다","튼튼하고 내구성이 뛰어난 날짜 표시되지 않은 일일 플래너로, 21.6 x 27.9cm(8.5 x 11인치), 큰 사이즈로 일정을 더 자세히 계획하고 유지할 수 있으며 큰 필기에 적합합니다./날짜가 표시되지 않은 이 일일 플래너에는 연간 개요(2023-2024년 달력), 연락처 페이지 2개, 시간별 일정을 위한 100페이지, 작업 항목 및 후속 조치, 메모 작성, 목록, 목표 등을 위한 7개의 노트 페이지(라인)가 포함되어 있어 시간을 효율적으로 관리하고 목표를 완벽하게 달성하는 데 도움이 됩니다. 날짜가 없는 약속 플래너를 사용하면 언제든지 플래너를 쉽게 시작할 수 있습니다./날짜가 없는 일일 플래너 노트는 일상 작업, 책임, 일정을 정리하고 작업 및 목표 및 계획을 유지하는 데 도움이 됩니다. 이 데일리 오거나이저로 매일 정리하고 동기를 부여하여 생산성을 향상시키세요. 30분 간격으로 오전 7시부터 오후 11시까지 약속이 있는 이 일일 오거나이저를 사용하면 모든 약속, 작업 항목 및 후속 조치를 추적할 수 있어 최고의 목표와 작업을 위한 공간이 있습니다. 이 할 일 목록 플래너는 시간을 절약하고 목표를 달성하는 데 도움이 될 수 있습니다./100gsm 두께의 용지가 있는 날짜가 없는 데일리 오거나이저는 잉크 누출, 마모 및 쉐이드 문제를 줄여줍니다. 견고하고 유연한 PP 커버로 내부 페이지를 잘 보호합니다. 튼튼한 금속 및 평평한 트윈 와이어 바인딩, 티켓, 카드 등과 같은 느슨한 물건을 보관할 수 있는 내부 포켓이 있는 플래너, 플래너를 보호하기 위한 신축성 있는 클로저./이 할 일 목록 플래너는 목표, 작업, 약속, 프로젝트, 작업, 습관 등을 추적할 수 있는 유연한 구조를 특징으로 합니다. 학교, 직장 또는 가정을 위한 플래너, 오거나이저 또는 학업 의제에 적합하며 가족, 친척 또는 친구에게 훌륭한 선물입니다.","['작업', '날짜', '약속', '일일', '페이지', '목록', '일정', '조치', '정리', '도움']"
사무용품,플래너 및 수첩,플래너,,B0D3FLQSRL,"Lilly Pulitzer Medium Planner 2024년 8월 - 2025년 12월, 주간 일정 및 월간 달력, 스티커, 포켓, 나선형 바인딩, 웨이브 및 바다",Lilly Pulitzer,35940,35940,5.0,1.0,"2024-2025 주간 및 월간 플래너: 아젠다는 2024년 8월부터 2025년 12월까지 17개월의 보장을 제공합니다. 플래너 북에는 총 272페이지와 골드 디테일이 있는 인쇄된 하드 커버가 포함되어 있습니다 데이 플래너: 각 주간 달력에는 요일을 계획할 수 있는 줄이 그어져 있습니다. 모든 주간 플래너 페이지에는 주요 공휴일이 나열되어 있으며 일상적인 작업과 활동을 위한 수많은 공간이 있습니다 월별 달력: 매월은 라미네이트 탭으로 나뉘어져 있으며 매일의 열린 상자, 주요 휴일 목록, 목표를 설정하고 목록을 작성할 수 있는 줄 지어 있는 ""할 일"" 열이 포함되어 있습니다 플래너 액세서리: 2024-2025 플래너는 다채로운 스티커, 강화된 양면 포켓 페이지, 내구성 있는 골드 메탈 나선형 및 신축성 있는 밴드 클로저가 특징입니다. 또한 메모, 축하 날짜, 주소 및 여행 일기를 위한 페이지 귀여운 플래너: 날짜 책은 손으로 그린 아트 인테리어와 생생한 Lilly Pulitzer 패턴으로 인쇄된 튼튼한 하드커버로 완성됩니다. 나선형 플래너는 21.6cm x 14cm x 2.5cm(8.5인치 x 5.5인치 x 1인치)입니다",,"['주간', '페이지', '나선형', '달력', '월간', '인쇄', '주요', '날짜', '스티커', '포켓']"
사무용품,플래너 및 수첩,플래너,,B0CPMDPVCH,"2024 Planner Daily Planner 2024 주간 플래너 노트 월간 플래너 2024 예산 플래너 2024 A5 사이즈 8.4"" x 5.9"" 208페이지 인조 가죽 원단 인테리어가 풍부한 아젠다 2024",MVR,6911,6911,4.6,83.0,"일일 계획을 위한 프리미엄 품질 용지(일일 플래너): 이 노트북은 프리미엄 품질의 용지를 자랑하며 일일 플래너에 적합합니다. 주, 월 또는 일을 정리할 때 용지는 계획이 명확하고 잉크가 번지지 않도록 합니다. 2024년 정밀 주간 계획(주간 플래너 2024): 주간 플래너 2024로 일정을 유지하세요. 다가오는 해에 맞게 제작된 이 플래너는 매주 구조화된 레이아웃을 제공하여 효율적이고 체계적인 계획으로 2024년을 시작할 수 있습니다. 종합적인 월간 계획 2024(월간 플래너 2024): 월간 플래너 2024 기능으로 일년 내내 원활하게 탐색하세요. 매월 목표, 약속 및 이정표에 대한 명확한 관점을 확보하여 연도에 대한 종합적인 개요를 제공합니다. 스마트 예산 계획(예산 플래너): 통합 예산 계획 섹션으로 재정을 관리하세요. 당사의 플래너는 전통적인 일정을 뛰어넘어 비용, 저축 및 재정 목표를 관리할 수 있는 전용 공간을 제공합니다. 단순한 플래너가 아니라 재정적 웰빙에 대한 현명한 투자입니다. 저희는 무엇보다도 고객 만족을 최우선으로 생각합니다. 그렇기 때문에 번거롭지 않은 30일 반품 정책을 제공합니다. 어떤 이유로든 구매에 완전히 만족하지 못하는 경우 수령 후 30일 이내에 반품할 수 있습니다.",,"['계획', '월간', '주간', '예산', '용지', '일일', '재정', '명확하다', '관리', '종합']"
사무용품,플래너 및 수첩,플래너,,B09NRSD2SN,Kids Chore to Do List 일일 작업 체크리스트 플래너 시간 관리 노트 날짜 없는 플렉스 커버 나선형 오거나이저 21.6 x 16.2cm(8.25 x 6.25인치) (라이트닝 볼트),Bright Day Calendars,20761,12465,4.7,439.0,"정리 유지: 재미있는 개인 플래너로 아이들이 할 일 목록을 확인하도록 격려하세요. 날짜가 없는 고성능 의제 불렛 저널로 하루 동안 최대 16개의 일일 집안일과 심부름을 나열하세요. 일상적인 작업이 편리한 순서로 강조되어 우선 순위를 정하고 진행하면서 확인할 수 있습니다. 뒷면 커버의 포켓과 창의력을 위한 공간이 포함되어 있습니다. 또한 매일 영감을 주는 I am grateful for 섹션이 포함되어 있습니다. 이 정리된 할 일 목록 플래너로 아이들이 집 주변을 돕고 생산적인 성인으로 성장할 수 있도록 동기를 부여하세요. 매일 자녀는 집안일을 하고, 감사하고, 창의력을 발휘하도록 상기시킬 것입니다. 친절과 선행의 행위 섹션으로 아이들이 다른 사람들과 공유하고, 도움을 제공하고, 감사하다고 말하도록 상기시켜줍니다. 창의적인 사고를 장려하기 위해 모든 페이지에 창의적인 것을 담을 수 있는 상자. 완벽한 선물: 크리스마스, 비밀 산타, 흰 코끼리 사무실 파티 또는 가족 교환, 동료, 친구, 생일, 기념일 또는 멋지고 사려 깊은 놀라움. 구매하기 어려운 사람에게 이상적이며 막바지 선물 아이디어입니다.",,"['작업', '정리', '창의', '창의력', '날짜', '일일', '목록', '커버', '사람', '섹션']"
사무용품,플래너 및 수첩,플래너,,B0CLL7LCB5,"2024-2027 월간 플래너/달력 - 3년 월간 플래너 2024-2027, 2024년 7월 - 2027년 6월, 월간 달력 2024-2027, 16.3cm x 21.6cm(6.4인치 x 8.5인치), 월간 탭, 내부 포켓, 신축성 있는 클로저, 트윈 와이어 바인딩",WowYoga,19376,11066,4.6,371.0,"2024-2027 월간 플래너 - 2024-2027년 3년 월간 플래너, 2024년 7월 - JUN 2027의 날짜, 약 16.4 x 21.6cm(6.4 x 8.5인치), 율리우스 력 날짜와 휴일 표시가 있는 36개월 월간 페이지가 특징입니다. 월간 페이지 개요 - 이 월간 달력의 매월 페이지에는 장기 계획을 위한 충분한 필기 공간을 제공하는 두 개의 전체 페이지가 포함되어 있습니다. 3.8 x 3.3cm(1.5 x 1.3인치) 일일 블록은 일상적인 일정을 위한 충분한 공간을 월간 참조 캘린더는 일년 내내 쉽게 계획하고 추적할 수 있습니다. 또한 노트 섹션에는 할 일 목록, 아이디어, 생각 등을 적어 둘 수 있습니다. 월간 페이지 내용물 - 2024-2027 월간 플래너/캘린더는 잉크 누출, 마모 및 음영 문제를 방지할 수 있는 고품질의 두꺼운 백지를 사용하며 36개의 월간 캘린더 페이지 + 4개의 중요한 연락처 페이지 + 7개의 연락처 페이지 + 5개의 비밀번호 페이지 + 27개의 노트 페이지 + 2024-2026년 연간 개요 + 개인 정보를 커버합니다. 페이지 페이지 전문적인 디자인 - 견고한 트윈 와이어 바인딩으로 360도 접을 수 있습니다. 내부 페이지를 보호하기 위한 하드커버. 월별 세부 정보를 빠르게 검색할 수 있도록 코팅된 월간 탭과 카드와 같이 흩어져 있는 물건을 보관할 수 있는 뒷면 포켓. 2024-2027 장기 플래너 - 이 3년 플래너 2024-2027은 향후 3년 동안 공부, 직장 및 삶을 더 잘 정리할 수 있도록 도와줍니다. 3년 동안 중요한 날짜와 특별 이벤트를 명확하게 기록하는 데 도움이 됩니다. 이 월간 플래너 2024-2027은 학교, 사무실 및 가정 계획에 적합합니다!",,"['월간', '페이지', '날짜', '캘린더', '달력', '계획']"
사무용품,플래너 및 수첩,플래너,,B0CR7D53XY,"포켓 플래너 2024-2025 - 플래너 2024-2025 일일 주간 및 월간, 17개월 포켓 캘린더 2024-2025 지갑용 소형 월간 플래너, 2024년 8월 - 2025년 12월, 10.2cm x 15.2cm(4 x 6.2인치) - 블랙",Tullofa,8296,8213,4.6,9.0,포켓 플래너 2024-2025 - 날짜 범위는 2024년 8월부터 2025년 12월까지입니다. 포켓 플래너를 사용하여 클래식 블랙 커버가 있는 2024-2025 학년도 주간 및 월간 플래너를 계획하고 일정을 잡을 수 있습니다. 이 포켓 플래너는 어디를 가든 무엇이든 휴대가 매우 쉽습니다. 기능 페이지 - 2024-2025 연간 계획 페이지/2024-2025년 연간 개요 및 휴일/11개의 노트 페이지/6개의 비용 페이지/연락처 페이지 2개/비밀번호 페이지 4개. 이 포켓 플래너 2024-2025는 모든 요구 사항을 충족하는 데 중점을 둡니다. 섬세한 디테일 - 월간 탭 + 잉크 누출 방지 용지 + 펜 홀더 + 신축성 있는 클로저 2개 + 내부 포켓. 이 디테일한 디자인은 포켓 플래너를 매우 잘 보호하고 플래너를 쉽게 접을 수 없습니다. 골든 스탬핑이 있는 커버는 언뜻보기에 간단하고 우아합니다. 펜 루프는 항상 펜에 사용할 수 있으며 잘 고정됩니다. 두꺼운 용지 - 이 포켓 플래너에 내용을 적어두면 손글씨가 다음 페이지로 침투하지 않는다는 것을 알게 될 것입니다. 잉크 번짐 방지 기능이 있습니다. 평생 보장 - 포켓 캘린더 2024-2025는 더 자세한 계획을 위해 매월 전체 월간 보기 페이지를 제공합니다. 친구 및 가족과 공유할 수 있는 특별한 선물. 불만족스러운 이유가 있으시다면 저희에게 알려주시면 최선을 다해 고객님을 행복하게 해 드리겠습니다.,,"['포켓', '페이지', '월간', '계획', '펜', '연간', '용지', '잉크', '방지', '캘린더']"
사무용품,플래너 및 수첩,플래너,,B0CZDRXKPR,"습관 추적기가 있는 날짜 없는 주간 플래너, 52주 할 일 목록 노트 A5 주간 목표 플래너, 나선형 바인딩 및 스티커 포함, 가정 직장 학교 용품, 여성용, 여아용, 20.8 x 14.5cm(8.2 x 5.75인치), 핑크",Thboxes,8185,8185,4.8,32.0,"【습관 추적기가 있는 날짜 없는 주간 플래너】할 일 플래너는 날짜가 지정되어 있습니다. 52개의 주간 플래너는 페이지를 낭비하지 않고 52주를 계획하는 데 도움이 됩니다. 습관 추적기는 좋은 습관을 개발하는 데 도움이 됩니다. 【나선형 바인더 플래너 노트】여성용 주간 플래너는 나선형으로 묶여 있어 페이지를 넘기거나 사용한 페이지를 찢어 일일 계획을 다시 세우는 데 편리합니다. 【100GSM 용지】간단한 플래너 노트의 내부 페이지는 부드러운 백지로 만들어져 쓰기 쉽습니다. 작업 플래너 오거나이저 노트는 연필, 펜, 젤 펜 등과 같은 다양한 유형의 펜에 적합합니다. 【A5 플래너 노트】스티커가 있는 날짜가 표시되지 않은 주간 플래너는 A5 사이즈로 휴대하기에 매우 적합하며 일부 스티커는 할 일 플래너에 중요한 일에 서명하는 데 사용할 수 있습니다. 【다양한 사용】주간 및 월간 탭이 있는 날짜가 표시되지 않은 플래너는 주간 목표, 할 일 목록, 습관 추적 및 기타 공간이 있어 시간을 효과적으로 관리하고 좋은 습관을 길러줍니다. 핑크 나선형 플래너는 여성이나 소녀가 공부나 삶을 계획하는 데 적합합니다.",,"['주간', '습관', '날짜', '노트', '나선형', '계획', '펜', '페이지', '스티커', '추적']"
사무용품,플래너 및 수첩,플래너,,B0CJJLWJTR,"냉장고용 자석 식사 플래너 및 식료품 목록, 날짜가 없는 시트 식사 계획 패드 52장, 떼어낼 수 있는 쇼핑 목록, 식사 플래너 노트로 주간 메뉴를 단순화하고 음식물 쓰레기를 줄입니다. 자연",Taja,9681,9681,4.6,242.0,"주간 식사를 쉽게 미리 계획하세요 - 식사 플래너를 사용하면 주간 식사를 미리 계획하는 것이 간편합니다. 이 푸드 플래너를 사용하면 식사를 미리 쉽게 계획할 수 있어 보다 체계적이고 효율적인 주방 생활을 보장합니다. 마지막 식사 결정에 작별 인사를 하고 사전 식사 계획의 편리함을 받아들이세요. 더 건강한 식습관 및 시간 효율성 - 식사 계획 패드로 일상적인 식사 결정의 번거로움 없이 건강한 식습관의 이점을 즐길 수 있습니다. 주간 식사를 미리 계획하면 시간을 절약하고 매일 무엇을 요리해야 하는지 알아내는 스트레스를 피할 수 있습니다. 이 도구는 영양가 있는 선택을 할 수 있도록 하며, 일상 생활을 간소화하고 보다 균형 잡힌 식단을 채택하려는 바쁜 사람들에게 특히 유용합니다. 찢을 수 있는 쇼핑 목록 - 냉장고용 메뉴 플래너에는 식료품 쇼핑 경험을 단순화하는 편리한 찢을 수 있는 쇼핑 목록이 함께 제공됩니다. 일주일 동안 식사를 계획할 때 필요한 재료를 적어 놓은 다음 쉽게 목록을 찢어 매장에 가져가세요. 더 이상 필수 아이템이나 과잉 구매를 잊지 마세요. 이중 자석 - 냉장고용 자석 식료품 목록 패드에는 두 개의 통합 자석 스트립이 장착되어 있습니다. 주간 메뉴와 쇼핑 목록 메모장을 냉장고에 쉽게 부착하면 미끄러지지 않습니다. 더 이상 접착 테이프나 전통적인 냉장고 자석이 필요하지 않습니다. 프리미엄 디자인 - 당사의 디너 플래너는 잉크 방지 기능이 있도록 설계된 프리미엄 100gsm 두꺼운 용지가 특징이며, 글씨가 반대쪽으로 번지지 않습니다. 17.8 x 25.4cm(7 x 10인치) 크기의 날짜가 표시되지 않은 52장의 티어오프 시트가 있는 이 플래너는 1년 동안 체계적인 식사 계획을 위해 사용할 수 있도록 제작되었습니다.",,"['식사', '계획', '목록', '자석', '주간', '쇼핑', '미리', '패드', '고용', '식료품']"
사무용품,플래너 및 수첩,플래너,,B0D3FH7S12,"Lilly Pulitzer Daily Planner 날짜 표시 2024년 8월 - 2025년 12월, 월간 달력, 스티커, 포켓 및 나선형 바인딩이 있는 주간 아젠다, Just A Pinch",Lilly Pulitzer,49790,49790,5.0,5.0,"2024-2025 플래너 주간 및 월간: 아젠다는 2024년 8월부터 2025년 12월까지 17개월의 커버리지를 제공합니다. 플래너 북에는 총 272개의 페이지와 골드 디테일이 있는 인쇄된 하드 커버가 포함되어 있습니다 일 플래너: 각 주간 달력에는 요일을 계획할 수 있는 줄이 있는 섹션이 있습니다. 모든 주간 플래너 페이지에는 주요 휴일이 나열되어 있으며 일상적인 작업과 활동을 위한 수많은 공간이 있습니다 월간 캘린더: 매월은 라미네이트 탭으로 나뉘어져 있으며 매일의 열린 상자, 주요 휴일 목록, 목표를 설정하고 목록을 작성하기 위한 줄 지어 있는 ""할 일"" 열이 포함되어 있습니다 플래너 액세서리: 24-25 플래너는 다채로운 스티커, 강화된 양면 포켓 페이지, 내구성 있는 골드 메탈 나선형 및 신축성 있는 밴드 클로저가 특징입니다. 또한 메모, 축하 날짜, 주소 및 여행 일기를 위한 페이지 귀여운 플래너: 날짜 책은 손으로 그린 아트 인테리어와 생생한 Lilly Pulitzer 패턴으로 인쇄된 튼튼한 하드커버로 완성됩니다. 나선형 플래너는 길이 28.3cm(11.13인치) x 너비 21.9cm(8.63인치) (21.9cm(8.63인치)입니다(표준 노트북과 비슷한 크기)",,"['주간', '페이지', '날짜', '월간', '나선형', '휴일', '인쇄', '목록', '주요', '달력']"
사무용품,플래너 및 수첩,플래너,,B0CZT7B3ZT,"주간 달력 플래너 메모장, 사무실 생산성 비즈니스 플래너, 작업 정리함 체크리스트 노트, 2024 플래너 주간 및 월간 프리미엄 용지(15.2 x 22.9cm(6 x 9인치) 54장)",Zhitongda,15498,15498,,,"【날짜 없는 주간 플래너】15.2 x 22.9cm(6 x 9인치), 휴대가 간편합니다. 중성 100gsm 용지 54장으로 제작되어 일 년 내내 사용할 수 있습니다. 나선형 바인딩은 진정한 360도 유연성을 보장합니다. 【주간 페이지】저희 플래너는 54주를 포함하며, 각 주간 페이지는 4개의 섹션으로 나뉩니다(날짜 + 주간 우선 순위 + 습관 추적기 + 일일 섹션). 매일 일상 섹션의 중요한 작업에 집중할 뿐만 아니라 일주일 전체에 대한 명확한 개요를 제공하여 시간 관리에 대해 명확하고 자신감을 가질 수 있습니다. 【견고하고 효율적】튼튼한 이중 라인 바인딩이 있는 노트북으로 360° 쉽게 뒤집을 수 있습니다. 언제든지 사용할 수 있으며 정기적인 주간 일정을 기록하여 추적하고 체계적으로 유지할 수 있어 사무실 및 개인 사용 모두에 적합합니다. 【완벽한 시간 관리자】할 일 목록에서 작업을 건너뛰고, 유지한 습관을 확인하고, 일정을 추적함으로써 통제력을 향상시킬 수 있습니다. 하고 싶은 일에 집중하고 싶다면 지금 이 주간 플래너를 구매하세요! 【정리 선물 제공】이 생산성 주간 플래너는 전문적으로 보이며 일과 생활을 정리할 수 있습니다. 미니멀한 디자인으로 대학생, 동료, 상사 또는 기업가에게 완벽한 선물이 되어 효율성을 유지할 수 있습니다. 여성 및 남성 홈 오피스 설정에 세련되고 실용적인 추가 아이템입니다.",특징: 당사의 플래너 노트는 지능적이고 간단하며 사용자 친화적인 레이아웃을 특징으로 하여 매일 추적할 수 있도록 도와줍니다. 완료해야 하는 작업을 나열하면 일상 생활에서 중요한 항목에 집중하는 데 도움이 되므로 시간 관리에 대해 명확하고 자신감을 가질 수 있습니다. 나선형 바인딩 54장. 두꺼운 100gsm 고품질 펄 화이트 종이. 금박 장인 정신으로 세련된 커버.,"['주간', '작업', '추적', '유지', '집중', '명확하다', '정리', '섹션', '바인딩', '효율']"
사무용품,플래너 및 수첩,플래너,,B0CN98JY93,"2024 주간 플래너 날짜 없음, 52주 목표 일정 플래너, XPLNBO 하드커버 노트 할 일 목록 노트북 오거나이저 습관 추적기 저널 아젠다 플래너, 나선형 바인딩, 포켓, 펜 루프, 핑크 (20.3cm x 15.2cm(8 x 6인치))",XPLNBO,6911,6911,5.0,2.0,"삶을 생산적으로 만듭니다 - 이 주간 플래너는 공간 날짜 표시되지 않은 주간 플래너, 주간 포커스, 주간 목표, 주간 할 일 목록, 습관 추적기 및 메모가 특징입니다. 날짜가 없어 주와 연도를 정리할 수 있습니다(52주). 주간 목표 및 할 일 목록을 기록하고 우선 순위를 정한 다음 효율성을 극대화하기 위해 매일 작업을 할당하십시오. 유연한 구조로 일상적인 작업을 추적할 수 있습니다. 플래너, 오거나이저, 학업 의제, 예산 또는 약속 책 또는 노트 패드로 사용하세요. 잘 정리된 노트북 플래너 - 정리되고 집중적이며 생산성을 높이기 위해 제작된 이 할 일 목록 플래너는 대부분의 요구 사항을 충족하는 데 중점을 둡니다. 주간 페이지에서 우선 순위를 차단하고 자발적이고 중요한 이벤트에 대한 메모 열을 표시합니다. 시간을 효과적으로 관리하세요. 주간 플래너 노트에는 주간 계획, 주간 목표, 할 일 목록을 작성할 수 있는 공간이 포함되어 있습니다. 일상 업무를 위한 날짜 없는 플래너, 건강한 생활 습관을 길러주고 모든 것을 추적하세요. 프리미엄 주간 플래너 - 가죽 하드커버 덕분에: 내구성이 뛰어나면서도 부드러운 촉감, 트윈 와이어 바인딩 디자인으로 클래식하고 세련된 외관 조합을 제공합니다. 당사는 아젠다 플래너의 커버가 친환경적이고 오래 지속되도록 재료를 꼼꼼하게 공급했습니다. 120GSM 두꺼운 용지는 잉크 누출을 돕고 거의 모든 펜 유형, 만년필, 젤 펜, 볼펜 등에 잘 반응합니다. 더 나은 필기 경험을 제공합니다. 완벽한 사이즈이지만 기능성 - 이 주간 플래너의 크기는 52주 동안 20.3 x 15.2cm(8 x 6인치)이며 휴대가 간편합니다. 추가적인 탄성 밴드 클로저와 측면의 펜 홀더 루프가 사용 경험을 크게 향상시킵니다. 트윈 와이어 바인딩이 있는 이 노트북 플래너는 180° 평평하게 놓을 수 있어 쓰기 편리합니다. 뒷면에 부착된 내부 종이 포켓은 지폐, 티켓, 메모, 목록 등과 같은 느슨한 물건을 보관할 수 있습니다. 직장, 가정, 학교 및 여행을 위한 완벽한 휴대용 주간 플래너 저널. 필수 주간 플래너 - 하루를 정리할 수 있는 충분한 공간을 제공하도록 설계된 이 주간 노트는 일년 내내 정리할 수 있는 훌륭한 선택입니다. 사랑하는 사람을 선물로 완벽한 플래너로 놀라게 하고 매우 긍정적인 방식으로 삶에 영향을 미칠 것입니다! 우아한 선물 상자에 아름답게 제공되는 이 저널은 100% 선물 준비가 되어 있습니다. 저희는 생산적인 주간 플래너를 제공하는 데 중점을 두고 있습니다. 문제가 있으시면 언제든지 기술 지원을 위해 저희에게 연락하십시오.",,"['주간', '목록', '정리', '추적', '날짜', '펜', '노트', '완벽하다', '습관', '노트북']"
사무용품,플래너 및 수첩,플래너,,B0BPRZPYKV,"Moleskine 2023-2024 주간 플래너, 18M, 엑스트라 라지, 블랙, 하드 커버 (19.1 x 25.4cm(7.5 x 10인치))",Moleskine,13171,13171,4.7,1142.0,"Moleskine 주간 플래너: 당사의 주간 플래너는 비즈니스 및 여행 계획, 드로잉 및 스케치 다이어리, 독서 저널, 대학/학업 계획 및 기타 전문 프로젝트에 적합합니다 생산성 향상: Moleskine 월간 및 주간 플래너에는 캘린더 그리드, 할 일 목록 페이지, 불렛 저널링 및 기타 프로젝트 추적 스타일이 포함되어 있어 목표를 쉽게 달성할 수 있습니다 선물 품질 플래너: Moleskine 하드 또는 소프트커버 플래너와 저널은 줄이 그어진 페이지나 줄이 없는 페이지로 제공됩니다. 내구성이 뛰어난 바인딩 및 커버는 일상적인 일기, 쓰기 및 스케치를 위해 설계되었습니다 디럭스 페이지: 하드커버 노트, 소프트커버 노트, 카이에 또는 볼란트 저널 또는 플래너의 두꺼운 아이보리 종이 페이지는 볼펜, 만년필 또는 연필로 쓰기에 완벽한 질감을 제공합니다 Moleskine 품질: 당사는 문화, 여행, 기억, 상상력 및 개인의 정체성을 물리적 및 디지털 모두에 전념하고 있습니다. 노트북, 가방, 앱, 스마트 펜 및 노트북에 이러한 노력을 기울입니다","Moleskine 18개월 주간 노트 다이어리/플래너는 7월부터 12월까지 진행됩니다. 왼쪽에 주의 약속을 표시하고 오른쪽에 메모와 아이디어를 위한 유선 페이지를 표시하도록 포맷된 이 인기 있는 플래너 스타일은 학생, 교사 및 전문가에게 적합합니다. - 2023년 7월부터 2024년 12월까지 날짜 - 다양한 색상으로 제공되는 하드 및 소프트 커버 - 둥근 모서리, 신축성 있는 클로저 및 어울리는 리본 책갈피 - 아이보리 색상, 70g/m², 중성 종이. - 유용한 도구: 달력, 여행 계획, 아이디어 및 목표, 메모를 위한 유선 페이지. - 계획을 맞춤 설정할 수 있는 스티커와 척추용 연도 스티커. - 색상이 조화를 이루는 확장 가능한 내부 포켓. - '분실의 경우' 통지가 플라이리프에 인쇄되어 있습니다. - 평평하게 눕고 180°에서 열립니다. - 치수: 19.1cm x 24.7cm - 이 Moleskine 물체의 종이는 잘 관리되고 FSC® 인증 숲 및 기타 통제된 출처의 소재로 만들어졌습니다.","['페이지', '커버', '주간', '계획', '종이', '하드', '노트', '소프트', '여행', '유선']"
사무용품,플래너 및 수첩,플래너,,B0D4R9ZY7J,"21.6 x 27.9cm(8.5 x 11인치) 나선형 월간 플래너 (2024년 8월 - 2025년 7월) - Evolve 클래식 커버, 월간 달력 및 노트북, 대담한 꽃 인테리어 디자인, 플래티넘 코일",Erin Condren,62311,62311,,,"편리한 캘린더 및 노트: 이 캘린더 페이지와 노트 페이지의 콤보는 큰 그림 계획, 스케줄링, 목표 설정, 저널링 및 생산성 추적을 모두 한 곳에서 수행할 수 있습니다. 프로젝트를 위한 월간 플래너: 이 월간 오거나이저는 측면 허슬, 작업 프로젝트, 팀 및 클럽 및 그 사이의 모든 것을 관리할 수 있도록 도와줍니다. 정리하여 목표를 달성하세요: 이 캘린더 플래너를 사용하여 시간 관리 및 생산성을 개선하고 대규모 프로젝트를 관리하고 달성할 수 있습니다. 오래 사용할 수 있도록 제작된 플래너: 미국에서 디자인, 인쇄 및 손으로 감아 두꺼운 36.3kg(80파운드). 텍스트 중량 용지, 이 플래너는 오래 사용할 수 있도록 제작되었습니다. 플래너 그 이상: 생산성 페이지, 교체 가능한 커버(양면 및 습식 지우기), 탭, 스티커 등을 포함한 추가 제품이 함께 제공됩니다.",,"['월간', '프로젝트', '페이지', '관리', '생산', '캘린더', '커버', '노트', '제작', '디자인']"
사무용품,플래너 및 수첩,플래너,,B0CSFQD3BH,웨딩 플래닝 북 및 오거나이저: 176페이지 웨딩 플래너 신부 약혼 선물 신부 계획 노트 스티커 체크리스트 포켓 및 캘린더 웨딩 바인더 23.4cm x 29cm(9.25인치 x 11.4인치),Shintrend,27644,27644,4.6,40.0,"【드림 웨딩을 위한 전문 어시스턴트】 웨딩 플래너는 전문 웨딩 플래너의 종합적인 지침을 제공하여 가장 원하는 것의 우선 순위를 정할 수 있도록 도와줍니다. 176페이지의 워크시트, 목록 및 팁은 모든 요구 사항과 마음의 변화를 충족합니다. 이 웨딩 플래닝 북에는 예산, 장소 및 음악, 문구류, 복장 및 뷰티, 케이터링 및 베이커리, 사진 및 비디오그래피, 꽃과 장식, 결혼식 날 타임라인, 허니문 및 웨딩 팁 10개 주제가 포함되어 있습니다 【자세한 타임라인 및 워크시트】웨딩 플래닝 노트에는 드레스부터 음악, 리셉션 장식에 이르기까지 모든 것에 대한 계획과 팁이 있습니다. 센터피스, 테이블 설정, 선물 등을 포함한 시각적 영감이 담긴 10개의 탭 디바이더. 주요 질문 체크리스트를 포함하여 벤더 선택에 대한 광범위한 정보. 웨딩 스티커 2장으로 플래너를 쉽게 만들 수 있습니다 【고품질 및 내구성 있는 구조】나선형 바인딩이 있는 웨딩 플래너는 견고함과 수명을 제공합니다. 금속 모서리는 플래너가 과도한 사용을 쉽게 견딜 수 있으며 부딪힘과 말림을 방지하고 결혼식 준비 기록을 보호합니다. 내부 페이지를 다치지 않도록 보호하는 내구성 있는 하드커버. 각 디테일은 기능과 미학의 원활한 조화를 보장하는 완벽에 대한 약속의 증거입니다 【완벽한 웨딩 기념품】사랑스러운 웨딩 플래너 책과 오거나이저는 신부와 신랑이 꿈의 결혼식과 신혼 여행 일기에 대한 모든 세부 사항을 계획하고 기록할 수 있도록 도와줍니다. 이 웨딩 플래너 오거나이저는 최고의 결혼식을 계획하는 완벽한 동반자입니다! 모든 하이라이트를 직접 만들 수 있습니다 【최고의 소원】웨딩 플래닝 북과 오거나이저를 선택해 주셔서 감사합니다. 서로에 대한 사랑과 헌신을 축복하세요. 여러분의 마음이 인내심, 친절, 이해로 가득 차길 바랍니다. 독특한 결혼 기록이 함께 도전에 맞설 수 있는 힘과 아름다운 순간을 소중히 여기는 지혜를 부여하기를 바랍니다. 팁: 플래너를 받을 때 문제가 있는 경우 먼저 저희에게 연락해 주시면 24시간 내에 해결해 드리겠습니다",,"['웨딩', '결혼식', '계획', '플래닝', '신부', '북', '페이지', '기록']"
사무용품,플래너 및 수첩,플래너,,B0CMTHR4ZW,"CRANBURY 2024-2025 약속 플래너 북 (21.6x27.9cm(8.5x11인치), 긴코), 12개월, 2024년 7월부터 2025년 6월까지, 스케줄링 북, 15분 증가, 나선형 제본, 월간 탭, 21.6 x 27.9cm(8.5 x 11인치) 일일 주간 플래너",CRANBURY,31785,31785,4.8,413.0,"대형 2024 약속 플래너: 효율적인 계획, 시간 관리를 위한 넉넉한 크기의 21.6 x 27.9cm(8.5 x 11인치) 날짜 아젠다 노트 21.6 x 27.9cm(8.5 x 업무 또는 개인 사용을 위한 전문적인 스타일. 주간 일일 보기: 15분 단위로 평일 일정, 오전 8시에서 오후 8시, 토요일은 30분 시간 슬롯, 오전 8시에서 오후 8시, 일요일은 오전 8시에서 오후 7시까지 진행됩니다. 상단에 3개월 참조, 이번 주 강조 표시. 탭 월별 보기: 매월 2페이지 스프레드 캘린더 개요. 줄 지어 있는 데이 박스에 충분한 필기 공간, 전월과 다음 달, 휴일, 연중 요일 카운터, 메모 블록이 포함되어 있습니다. 특별 페이지: 연간 개요, 빠른 참조, 연락처, 중요한 날짜(생일, 기념일 등). ), 휴일, 미국 시간대 및 주 수도, 메모용 15페이지. 풍부한 특징: 견고하고 유연한 폴리 커버. 고품질의 두꺼운 용지. 평평하게 열거나 접을 수 있는 나선형 바인딩. 플래너 스티커, 뒷면에 폴리 20.3cm(8인치) 포켓, 라미네이트 탈착식 책갈피가 포함되어 있습니다.",,"['오전', '오후', '페이지', '탭', '개요', '나선형', '날짜', '메모', '북', '약속']"
사무용품,플래너 및 수첩,플래너,,B09HV2M2YH,"2024-2025 플래너 - 아카데믹 플래너 2024-2025, 2024년 7월 - 2025년 6월, 14.6cm x 21cm(5.75인치 x 8.25인치), 인조 가죽 플래너 2024-2025, 뒷면 포켓 - 더 문",Artfan,17991,15498,4.7,677.0,"2024-2025 플래너 - 2024년 7월 - 2025년 6월부터 12개월의 주간/월간 페이지/휴일 표시가 특징입니다. 향상된 정리 - 20개월 달력 스티커가 함께 제공됩니다. 월간 계획 페이지의 과거 및 향후 월간 참조|할 일 목록/중요한 프로젝트에 메모 열을 사용하세요. 프리미엄 용지 - 시력을 적절하게 보호하고 잉크가 침투하는 종이의 문제를 줄일 수 있는 두껍고 크림색 용지. 기능적인 디테일 - 신축성 있는 클로저, 신축성 있는 펜 루프, 책갈피 2개, 달력 스티커, 상자, 내부 포켓 - 21.3 x 14.5cm(8.4 x 5.7인치). 우수한 품질 - 내구성이 뛰어난 인조 가죽 커버, 탁월한 질감. 2024-2026년 연휴로 휴일을 명확하게 마스터할 수 있습니다. 플래너는 자세한 계획을 위해 줄이 없는 월간 페이지/줄이 있는 주간 레이아웃을 제공합니다.",,"['월간', '페이지', '휴일', '주간', '계획', '달력', '스티커', '신축', '용지', '인조']"
사무용품,플래너 및 수첩,플래너,,B0CLH1PXNV,"2024-2025 월간 플래너 리필, 7링용 A5 플래너 인서트, 2024년 1월 - 2025년 6월, 월간 탭이 있는 월간 달력 18개, 14 x 21.6cm(5.5 x 8.5인치), 7홀 펀치",Homlive,4418,4418,4.5,102.0,"리필 가능 플래너: 5.5""x8.5"". 플래너 리필은 7개 또는 3링 바인더와 호환됩니다. 2024 -2025 플래너 개요: 18개월 월간 계획 캘린더 페이지는 2024년 1월부터 2025년 6월까지 실행됩니다. 매월 색인 태그가 있어 빠르게 찾을 수 있습니다. 월간 플래너: 매월 월간 달력, 월간 리뷰, 월간 TO-DO가 포함되어 있으며 충분한 줄 지어 쓰기 공간을 제공합니다. 100gsm 두꺼운 무산성 용지: 프리미엄 용지, 매끄럽고 내마모성이 있으며 지문이나 필기 여부에 관계없이 번지지 않습니다. 훌륭한 선물: 모든 연령대를 위한 매우 의미 있는 선물입니다. 이 관점을 사용하여 시간이 어디로 가는지 확인하세요! 가족, 친구들과 공유하세요.",,"['월간', '리필', '달력', '용지', '매월', '선물']"
사무용품,플래너 및 수첩,플래너,,B0CQJ9D8SZ,"newestor 2024-2025 플래너 리필, 8개의 디스크 바운드 플래너, 주간 및 월간, 2024년 7월부터 2025년 6월까지, 14.4cm x 21.6cm(5-1/2인치 x 8-1/4인치), 주니어 사이즈",newestor,13836,13836,4.6,400.0,"Arc, Levenger, TUL 주니어 사이즈 디스크 바운드 플래너와 호환되는 8개의 디스크 펀치 플래너 리필 2024-2025 학년도 주간 페이지는 2024년 7월부터 2025년 6월까지 진행됩니다 주간 스프레드에는 주간 포커스 및 상단에 2개월 달력 섹션과 월요일부터 일요일까지 형식이 포함되어 있습니다 유선 일일 블록, 달력 및 메모 섹션이 있는 2페이지 월간 스프레드, 빠르게 돌릴 수 있는 라미네이트 탭 추가 페이지: 달력 및 휴일, 연락처, 연간 목표 및 중요한 날짜 페이지, 조기 계획을 위한 3개의 월간 스프레드 페이지(2024년 4월부터 2024년 6월, 주간 페이지 없음)","주니어 사이즈 디스크바운드 플래너를 채우고 월간 탭, 메모 섹션, 연락처 및 휴일 페이지가 있는 주간 리필당 2페이지 2페이지로 정리하세요.","['페이지', '주간', '디스크', '월간', '바운드', '스프레드', '달력', '섹션', '주니어', '휴일']"
사무용품,플래너 및 수첩,플래너,,B003FQMW98,미도리 여행자 노트 (리필 017) 월간 다이어리 1개,Designphil,12465,12465,4.8,452.0,"Midori의 여행자 노트를 위한 월간 다이어리 무료 월간 캘린더, 빈 페이지, 세계 지도 및 여행 정보가 있는 48페이지 21.6x11.4cm(8.5x4.5",레이아웃: 0.2 인치 (5 mm) 그리드,"['월간', '페이지', '여행자', '다이어리', '노트', '캘린더', '지도', '여행', '세계', '미도리']"
사무용품,플래너 및 수첩,플래너,,B0CHT5SYRV,2024 텍스처 커버 주간 월간 플래너 20.3cm x 25.4cm(8인치 x 10인치) (블랙),Global Printed Products,17935,17935,4.5,676.0,커버 소재: 유연하고 방수 기능이 있으며 신축성 있는 클로저가 있는 고품질의 질감 있는 커버 포함: 스티치 인 페이지 마킹 리본 특징: 2 페이지 월간 스프레드와 2 페이지 주간 스프레드 즉시 사용 시작: 14개월 플래너 (2023년 11월부터 2024년 12월까지) 큰 사이즈: 20.3cm x 25.4cm(8x10인치)는 이동 중이나 책상에서 매일 사용하기에 적합합니다,,"['페이지', '커버', '월간', '스프레드', '주간', '마킹', '방수', '블랙', '스티치', '시작']"
사무용품,플래너 및 수첩,플래너,,B0CMZFW7XS,"2024-2026 월간 플래너 - 2년 플래너 2024-2026, 2024년 6월 - 2026년 6월, 22.9 x 27.9cm(9 x 11인치), 아카데믹 플래너 2024-2026, 월간 탭 24개와 뒷면 포켓 포함",Chopet,6911,6897,4.7,201.0,"월간 플래너 2024-2026 - 이 2024년 달력 12개월 플래너는 2024년 7월부터 2026년 6월까지 연방 휴일 알림과 일정과 약속 일정을 기록할 수 있는 대형(4.7cm x 4.7cm(1.85인치 x 1.8인치) 빈 쓰기 블록이 있습니다. 계획 참조를 위한 과거, 현재 및 미래의 작은 달력도 있습니다. 매달 당신에게 영감을 주고 긍정적인 에너지로 삶을 채우는 유명한 인용문이 있습니다. 프리미엄 두꺼운 용지 - 이 2024-2026 월간 플래너는 잉크 침투와 페더링을 위해 놓을 수 있는 고품질의 두꺼운 종이를 사용합니다. 흰색 종이와 투명 인쇄로 책을 깔끔하고 밝게 보이게 합니다. 계획 과정을 더 편안하게 만드세요. 기능적인 정리 - 이 월간 플래너 2024-2026은 튼튼한 트윈 와이어 바인딩을 사용하여 월간 플래너를 내구성이 뛰어나고 페이지를 쉽게 넘길 수 있습니다. Planner 2024-2026에는 일부 문서, 메모 등을 보관할 수 있는 내부 포켓이 있습니다. 24개월 탭을 사용하면 보고 싶은 달을 빠르게 찾을 수 있습니다. 기타 추가 기능 - 이 2년 플래너 2024-2026에는 몇 페이지 더 많은 페이지 노트 섹션 + 2024-2026 홀리데이 뷰 참조 + 2024-2026 캘린더 참조 + 연락처 정보 페이지 등이 있습니다. 플래너를 사용하면 필요한 정보를 완전히 문서화하고 날짜 참조를 제공할 수 있습니다. 휴대용 달력처럼 인생을 계획하세요. 삶을 더 생산적으로 만드세요 - 이 아름다운 월간 플래너 2024-2026을 사용하면 2년의 삶, 작업 일정, 약속 일정 등을 기록할 수 있습니다. 이 플래너를 사용하여 삶과 일을 더 명확하고 체계적으로 만드세요. 계획된 삶은 삶을 통제할 수 있는 느낌을 줍니다.",,"['월간', '삶', '계획', '참조', '일정', '페이지', '달력', '종이', '두껍다', '탭']"
사무용품,플래너 및 수첩,플래너,,B0CQKYPK6F,"2024-2026 월간 플래너 리필 - 7홀 펀치가 있는 플래너 인서트, 14.4 x 21.6cm(5-1/2 x 8-1/2인치), 2024년 7월부터 2026년 6월까지 작동, 월 2페이지, 월간 탭이 있는 월간 달력",MaaIbok,11758,11758,4.5,14.0,"플래너 개요 - 2024년 7월부터 2026년 6월까지, 14.4 x 21.6cm(5-1/2 x 8-1/2인치), 24개월 월간 페이지로 쉽게 계획하고 일정을 잡을 수 있습니다. 월간 탭이 있는 2024-2026 월간 플래너 리필은 일상 생활을 더욱 생생하게 만들고 쉽게 정리할 수 있습니다. 월간 페이지 - 플래너 리필의 월간 스프레드에는 이번 달의 개요와 노트 섹션이 포함되어 있습니다. 중요한 날짜를 상기시키기 위해 페이지에 축제가 강조 표시되어 있습니다. 또한 간단한 과거 검토 및 향후 계획을 위해 이전 및 다음 달 달력에 대한 참조를 제공합니다. 고품질 용지 - 잉크 번짐에 대한 걱정 없이 일정을 계획하세요. 개선된 고품질 용지는 우수한 잉크 번짐 방지를 위해 설계되어 계획을 깔끔하고 읽기 쉽게 유지합니다. 특수 기능 - 14.4 x 21.6cm(5-1/2 x 8-1/2인치) 월간 계획 페이지 | 연간 개요 | 24개의 월간 탭 | 휴일 참조 | 연락처 페이지| 유연한 제거 | 7홀 드릴 | 두꺼운 프리미엄 용지 완벽한 오거나이저 - 시간을 정리하는 것은 시간을 절약하는 것입니다. 이 2024-2026 월간 플래너 리필은 물건을 정리하는 데 필요한 모든 것입니다. 모든 약속과 일상 활동 일정을 잡고, 이벤트를 계획하고, 목표를 설정하고, 일을 끝내는 데 도움이 됩니다!",,"['월간', '페이지', '계획', '리필', '용지', '일정', '개요', '정리', '탭', '참조']"
사무용품,플래너 및 수첩,플래너,,B0CM1TSRGF,2024 MONTHLY 비즈니스 지갑 포켓 플래너 아젠다 캘린더 약속 다이어리 북 5x8 (레드),Generic,5526,5526,4.6,4.0,"월간 플래너 매주 2페이지 스프레드로 열립니다 2025년 미래 계획 페이지 실제 치수는 12.7x20.3cm(5x8인치)입니다 2024, 2025, 2026년 한눈에 보기 개월 중요 날짜 및 휴일 비닐 커버","2024 MONTHLY 비즈니스 지갑 플래너 아젠다 캘린더 약속 다이어리 북 인조 가죽 / 비닐 커버 실제 치수는 12.7x20.3cm(5x8인치) 닫힌 상태이며 25.4x20.3cm(10x8인치)입니다. 매주 두 페이지로 펼쳐집니다. 다음 페이지 포함: 중요 날짜 및 휴일 개인 정보 2024년 및 2년 미래 계획 025 0252024, 2025 및 2026 미국 시간대 지도 관련 중고 번호(16개의 접촉 지점) 미리 보기 캘린더","['페이지', '캘린더', '휴일', '비닐', '북', '미래', '약속', '다이어리', '날짜', '중요']"
사무용품,플래너 및 수첩,플래너,,B0BPS2W1NK,"Moleskine 클래식 12개월 2024 주간 플래너, 소프트 커버, 포켓 8.9cm x 14cm(3.5인치 x 5.5인치), 블랙",Moleskine,28531,16910,4.6,190.0,"Moleskine 주간 플래너: 당사의 주간 플래너는 비즈니스 및 여행 계획, 드로잉 및 스케치 다이어리, 독서 저널, 대학/학업 계획 및 기타 전문 프로젝트에 적합합니다 생산성 향상: Moleskine 월간 및 주간 플래너에는 캘린더 그리드, 할 일 목록 페이지, 불렛 저널링 및 기타 프로젝트 추적 스타일이 포함되어 있어 목표를 쉽게 달성할 수 있습니다 선물 품질 플래너: Moleskine 하드 또는 소프트커버 플래너와 저널은 줄이 그어진 페이지나 줄이 없는 페이지로 제공됩니다. 내구성이 뛰어난 바인딩 및 커버는 일상적인 일기, 쓰기 및 스케치를 위해 설계되었습니다 디럭스 페이지: 하드커버 노트, 소프트커버 노트, 카이에 또는 볼란트 저널 또는 플래너의 두꺼운 아이보리 종이 페이지는 볼펜, 만년필 또는 연필로 쓰기에 완벽한 질감을 제공합니다 Moleskine 품질: 당사는 문화, 여행, 기억, 상상력 및 개인의 정체성을 물리적 및 디지털 모두에 전념하고 있습니다. 노트북, 가방, 앱, 스마트 펜 및 노트북에 이러한 노력을 기울입니다","Moleskine 주간 노트는 1월부터 12월까지 날짜가 표시됩니다. 왼쪽에 주의 약속을 표시하고 오른쪽에 메모와 아이디어를 위한 유선 페이지를 표시하도록 포맷된 이 제품은 노트북의 자유를 통합하는 편리하고 다재다능한 플래너입니다. - 2024년 1월부터 12월까지 날짜 - 다양한 색상으로 제공되는 하드 및 소프트 커버 - 둥근 모서리, 신축성 있는 클로저 및 어울리는 리본 책갈피 - 아이보리 색상, 70g/m², 중성 종이. - 유용한 도구: 달력, 여행 계획, 아이디어 및 목표, 메모를 위한 유선 페이지. - 계획을 맞춤 설정할 수 있는 스티커와 척추용 연도 스티커. - 색상이 조화를 이루는 확장 가능한 내부 포켓. - '분실의 경우' 통지가 플라이리프에 인쇄되어 있습니다. - 평평하게 눕고 180°에서 열립니다. - 치수: 8.9cm x 14cm - 이 Moleskine 물체의 종이는 잘 관리되고 FSC® 인증 숲 및 기타 통제된 출처의 소재로 만들어졌습니다.","['페이지', '주간', '커버', '소프트', '계획', '노트', '표시', '여행', '종이', '노트북']"
사무용품,플래너 및 수첩,플래너,,B0C7TMVL9Y,"2023 플래너 주간 및 월간, 2023년 7월 - 2024년 6월 연간 의제 플래너, 하드커버 작업 및 학업 정리 노트, 탭, 달력, 할 일 목록, 노트 페이지 (21.6 x 14cm(8.5 x 5.5인치)) 블랙",GETINK,6911,6911,4.3,24.0,"2023-2024 주간 플래너 ---이 플래너는 2023년 7월부터 2024년 6월까지이며, 12개의 월간 페이지와 53개의 주간 페이지가 있어 일년 내내 쉽게 계획할 수 있으며 노트 페이지 3페이지가 있습니다. 탭이 있는 12개의 월간 페이지 --- 매월 페이지에는 해당 달의 종합 페이지를 빠르게 찾을 수 있는 탭이 있습니다. 페이지에는 일일 개요, 월간 목표, 월간 할 일 목록, 월간 리뷰 및 메모가 포함되어 있습니다. 또한 간단한 과거 검토 및 향후 계획을 위해 두 개의 참조 캘린더가 사용됩니다. 플랫 쇼 주간 페이지 53장 --- 전체 주간 페이지는 일일 일정, 약속, 습관 및 계획을 위한 넓은 내부 필기 공간을 제공합니다. 날짜 오른쪽에 강조 표시된 휴일은 중요한 날짜를 잊지 않도록 알림 역할을 합니다. 기능적인 디자인 --- 연간 달력, 휴일, 연간 목표 및 계획, 연락처, 빠른 참조 정보 페이지, (21.6 x 14.9cm(8.5 x 5.5인치)) 사이즈, 하드커버, 인쇄 탭, 트윈 와이어 바인딩, 내부 포켓, 펜 루프, 두꺼운 용지가 포함되어 있습니다. 빠른 애프터 서비스 --- 어떤 종류의 품질 문제가 있거나 어떤 이유로든 저희 제품에 완전히 만족하지 못하는 경우 가능한 한 빨리 제품을 교환하거나 환불해 드리겠습니다. 번거롭지 않은 환불을 위해 Amazon Messages를 통해 문의하기만 하면 됩니다.",,"['페이지', '월간', '주간', '계획', '탭', '노트', '빠르다', '연간', '참조', '목록']"
사무용품,플래너 및 수첩,플래너,,B09QX2NBQG,"2023-2024 플래너 - 학업 플래너 2023-2024, 탭 포함, 16 x 21.3cm(6.3 x 8.4인치), 2023년 7월 - 2024년 6월, 주간 및 월간 플래너 2023-2024년 뒷면 포켓 포함 두꺼운 P. 페이퍼 + 트윈 와이어 바인딩 - 문",Bushypushy,5512,5512,4.7,786.0,"✨ 2023년 7월 - 2024년 6월 - 12개월의 주간 및 월간 페이지와 휴일이 표시되어 있습니다. 주간 및 월간 섹션으로 쉽게 계획하고 일정을 정리할 수 있습니다. ✨ 기능적인 디테일 - 금속 레이 플랫 트윈 와이어 바인딩 + 골드 바인딩 보완에 대한 클래식 커버 + 빠른 확인을 위한 12개의 월간 탭 + 카드를 보관할 수 있는 뒷면 포켓. ✨ 전문적인 콘텐츠 디자인 - 과거 및 미래의 월간 참조가 있는 12개월 월간 페이지 + 충분한 유선 주간 페이지 12개월 + 2023-2024 달력 개요 + 2023-2025 휴일 페이지 + 연락처 페이지 2개. 이 2023-2024 플래너는 모든 요구 사항을 충족하는 데 중점을 둡니다. ✨ 우수한 품질 - 누출을 줄이고, 마모 및 음영 문제를 지우기 위해 시중의 일반 종이보다 두꺼운 종이 + 밝은 흰색 및 중성 종이, 완전 비건 원료로 환경 친화적인 생산. ✨ 저희 서비스 - 품질 문제가 있으시면 최선을 다할 것입니다. 기회를 주고 2023-2024 플래너 경험을 보여드리겠습니다!",,"['월간', '페이지', '주간', '종이', '바인딩', '탭', '휴일', '문제', '두껍다', '와이어']"
사무용품,플래너 및 수첩,플래너,,B0CRSTH1BZ,"날짜 없는 주간 플래너, 52주 할 일 목록 노트, 습관 추적기 저널 나선형 바인딩 및 유연한 커버 주간 플래너 노트, 생산성/작업 플래너용, 14.7 x 20.3cm(5.8 x 8인치), 그린",Kamoy,8296,8296,4.6,29.0,"주간 플래너: 나뭇잎 녹색 주간 플래너를 소개합니다. 일상 생활에 스타일을 더하면서 삶을 추적할 수 있는 완벽한 동반자입니다. 생생한 색상과 세련된 디자인으로 이 주간 할 일 목록 플래너는 기능적일 뿐만 아니라 시각적으로 매력적입니다. 간편한 주간 계획: 꼼꼼하게 설계된 플래너로 주간 작업 목표를 달성하세요. 각 52장의 시트는 매주 두 부분으로 구성된 레이아웃이 특징입니다. 왼쪽 페이지에서는 주 번호를 표시하고, 주요 초점을 강조하고, 상위 3가지 우선 순위를 적고, 종합적인 계획을 나열할 수 있습니다. 올바른 페이지는 월요일부터 일요일까지 매일 사용할 수 있으며 메모를 위한 전용 공간이 있습니다. 습관 추적기, 성공 달성: 습관 추적기를 사용하여 잠재력을 발휘하고 긍정적인 습관을 길러보세요. 주간 플래너에는 일주일 동안 습관을 기록할 수 있는 전용 공간이 포함되어 있습니다. 체육관에 가거나, 물을 더 마시거나, 마음챙김을 연습하든, 당사의 주간 플래너는 목표에 헌신하고 책임을 질 수 있도록 도와줍니다. 할 일 목록으로 원활한 정리: 주간 플래너는 최고의 할 일 목록 노트입니다. 일일 할 일 목록을 적어 작업과 책임을 쉽게 관리할 수 있습니다. 명확한 레이아웃은 작업을 체계적으로 유지하고 비트를 놓치지 않도록 하여 스트레스를 줄이면서 더 많은 것을 성취할 수 있도록 도와줍니다. 프리미엄 품질, 실용적인 사이즈: 프리미엄 소재로 제작된 주간 플래너는 내구성이 뛰어난 PVC 전면 및 후면 커버가 특징이며, 방수 기능이 있어 흘림이나 사고 상황에서도 플래너를 깨끗하게 유지할 수 있습니다. 14.7 x 20.3cm(5.8 x 8인치) 크기의 이 제품은 가방에 넣거나 책상에 보관할 수 있는 이상적인 크기로, 삶을 정리하는 편리한 도구입니다.",,"['주간', '목록', '습관', '작업', '추적', '노트', '프리미엄', '유지', '책임', '구성']"
사무용품,플래너 및 수첩,플래너,,B0CC4XBR1B,"Rileys 2024 플래너 - 데이 플래너 2024 일일 주간 및 월간, 유연한 커버, 노트 페이지, 트윈 와이어 나선형 바인딩, 아젠다 플래너, 지리적 (20.3 x 15.2cm(8 x 6인치), 그린)",Rileys & Co,5526,5526,4.5,146.0,"✅ 지리적 주간 및 월간 레이아웃: 이 플래너로 비교할 수 없는 조직을 경험하십시오. 주간 및 월간 섹션에 걸쳐 있는 독점적인 지리적 테마 레이아웃을 보여줍니다. 개인 및 전문적인 약속을 간소화하는 데 이상적이며 일정을 직관적이고 명확하게 볼 수 있어 효율적인 계획 및 시간 관리가 가능합니다. ✅ 연간 플래너 2024 - 연간 플래너는 2024년 1월부터 2024년 12월에 끝납니다. 연말까지 12개월을 계획할 수 있습니다. Riley의 12개월 주간 플래너로 연도를 관리하세요. 일상 생활의 질서와 정신을 회복하여 침착하고 행복하며 스트레스 없이 시간과 에너지를 절약합니다. 넉넉한 공간 - 각 플래너 노트에는 월간 및 주간 2페이지 스프레드가 있으며 약속, 계획 및 할 일을 적어 둘 수 있는 충분한 공간이 있습니다. 오거나이저는 교실, 가정 또는 사무실 등 다양한 장소에서 사용할 수 있도록 제작되었습니다. 고품질 소재와 트윈 와이어 바인딩으로 제작되어 노트북을 오늘로 쉽게 뒤집어 계획을 세우세요! 휴일, 메모 및 추가 - 휴일이 기록되므로 특별한 날짜와 꿈의 휴가를 꼭 지켜보세요. 앞면에는 3년 참조 페이지가 있으며, 뒷면에는 일 년 내내 메모를 적어 둘 수 있는 노트 페이지가 있습니다. 뿐만 아니라, 각 주간 스프레드는 현재 및 다음 달을 한 눈에 볼 수 있습니다! 정리에 필요한 모든 것. ✅ 두 가지 사이즈로 제공됩니다: 풀 A4 용지 크기 21 x 30 cm (8.25 x 11.75 인치) 또는 휴대용 21 x 15 cm (8 x 6 인치) 버전. 더 많은 공간과 많은 할 일이 필요하든 전체 용지 크기가 청구서에 맞습니다. 더 가벼운 휴대용 버전을 선호한다면 20x15cm를 구입하십시오. 두 사이즈 모두 동일한 품질의 순백지를 사용하며 가장 열정적인 아티스트에게 저항력이 있어 잉크 누출을 줄이고 마모 및 음영 문제를 제거합니다.",,"['주간', '계획', '페이지', '월간', '노트', '지리', '공간', '휴일', '메모', '스프레드']"
사무용품,플래너 및 수첩,플래너,,B0BT7TLLNV,"Rileys Planner 2023-2024 학년도, 18개월 학업 주간 플래너 - 지리적 주간 및 월간 일정 플래너, 유연한 커버, 노트 페이지, 트윈 와이어 바인딩 (21.6 x 27.9cm(8.5 x 11인치), 블랙)",Rileys & Co,16606,13836,4.6,387.0,"지리적 주간 및 월간 레이아웃: 플래너는 주간 및 월간 섹션이 있는 독특한 지리적 테마 레이아웃이 특징입니다. 일정을 직관적으로 볼 수 있어 학업 및 개인 활동을 쉽게 계획하고 관리할 수 있습니다. ✅ 학업 기간: 플래너는 2023년 7월부터 2024년 12월까지 연장된 기간을 커버하며 18개월의 계획을 제공합니다. 학년도와 완벽하게 일치하므로 학업 일정을 따르는 학생, 교사 및 전문가에게 이상적입니다. 넉넉한 공간 - 각 플래너 노트에는 월간 및 주간 2페이지 스프레드가 있으며 약속, 계획 및 할 일을 적어 둘 수 있는 충분한 공간이 있습니다. 오거나이저는 교실, 가정 또는 사무실 등 다양한 장소에서 사용할 수 있도록 제작되었습니다. 고품질 소재와 트윈 와이어 바인딩으로 제작되어 노트북을 오늘로 쉽게 뒤집어 계획을 세우세요! 휴일, 메모 및 추가 - 휴일이 기록되므로 특별한 날짜와 꿈의 휴가를 꼭 지켜보세요. 앞면에는 3년 참조 페이지가 있으며, 뒷면에는 일 년 내내 메모를 적어 둘 수 있는 노트 페이지가 있습니다. 뿐만 아니라, 각 주간 스프레드는 현재 및 다음 달을 한 눈에 볼 수 있습니다! 정리에 필요한 모든 것. 사이즈 및 색상 옵션: 라일리의 플래너는 20.3 x 15.2cm(8 x 6인치) 및 21.6 x 27.9cm(8.5 x 11인치)의 편리한 사이즈로 제공됩니다. 컴팩트한 휴대용 플래너를 선호하든 더 자세한 계획을 위해 더 큰 플래너를 선호하든 선호도와 필요에 맞는 크기를 선택할 수 있습니다. 플래너는 그린, 블루, 블랙의 세 가지 매력적인 색상으로 제공됩니다. 스타일과 개인적인 미학에 어울리는 색상을 선택할 수 있습니다.",,"['주간', '계획', '학업', '월간', '페이지', '노트', '일정', '지리', '커버', '선호']"
사무용품,플래너 및 수첩,플래너,,B0CMJF296D,"PAPERAGE 날짜 없는 주간 및 월간 하드커버 플래너(청록색), 14.5cm x 20.3cm(5.75인치 x 8인치), 도트 노트 페이지 및 스티커 시트 8장 포함",PAPERAGE,14944,14944,4.6,521.0,"12개월 업데이트 플래너: 준비가 되면 계획을 시작하세요! 이 주간 및 월간 플래너에는 12개월 동안 펼쳐지지 않은 스프레드가 있는 비건 가죽 커버가 있습니다. 다용도 페이지: 12개의 빈 월간 스프레드, 52개의 빈 주간 스프레드 및 계획, 습관 추적기, 할 일 목록, 일기 등을 위한 추가 도트 그리드 페이지가 포함되어 있습니다. 잉크 고스팅은 필요 없음: 당사의 프리미엄 100gsm 중성 용지는 일반 플래너보다 두껍기 때문에 번짐에 대한 걱정 없이 대부분의 펜을 자신 있게 사용할 수 있습니다. 사려 깊은 추가 사항: 이 14.5cm x 20.3cm(5.75인치 x 8인치) 플래너는 책상 위에 평평하게 놓을 수 있으며 리본 책갈피 3개, 확장 가능한 뒷면 포켓 및 8장의 금박 스티커가 포함되어 있어 쉽고 재미있게 계획할 수 있습니다. 미리 계획: 가정, 학교 또는 직장 플래너로 사용하기에 적합합니다. 이 생산성 향상 플래너는 큰 계획과 바쁜 일정으로 가득 차 있습니다. 다양한 색상으로 제공됩니다.",,"['계획', '스프레드', '월간', '페이지', '주간', '도트', '스티커', '추가']"
사무용품,플래너 및 수첩,플래너,,B0C6F6FLQY,"월간 플래너 2023-2024-2025, 가정, 학교 및 사무실 작업을 위한 유연한 커버가 있는 캘린더 플래너, 17.8 x 22.9cm(7 x 9인치), 2023년 7월 - 2025년 6월",KAICN,5526,5526,4.4,129.0,"플래너 2023-2024-2025: 총 24개월(2023년 7월부터 2025년 6월까지), 휴일 및 특별한 요일 표시가 있는 장기 계획을 위한 완벽한 도구입니다. 총 55장, 유연한 PVC 커버, 100gsm 번짐 방지 용지, 투명 인쇄. 캘린더 플래너. 이 섹션에는 2023, 2024, 2025 달력이 포함되어 있습니다. 각 연간 달력은 12개의 월간 달력으로 구성됩니다. 주말은 밝은 녹색 배경으로 강조됩니다. 연간 플래너. 캘린더 섹션 이후에 제공되는 각 연간 플래너는 두 페이지를 차지하며, 목표나 목표를 채우는 데 적합한 12개의 월간 블록으로 구분됩니다. 연간 목표를 월별로 구분한 다음 같은 페이지에 채우면 목표가 더 명확하고 쉽게 접근할 수 있습니다. 데일리 플래너. 일일 주간 플래너의 기능이 있는 월간 플래너입니다. 두 페이지를 차지하는 각 섹션은 날짜가 지정된 일일 할 일 블록, 할 일 목록 및 날짜 표시를 위한 월간 달력으로 구성되어 있습니다. 일일 일정을 위한 매우 유용한 섹션입니다. 월간 플래너. 이 섹션은 월별 목표, 월간 우선 순위, 메모 및 알림으로 구성되어 있으며, 특정 달의 일일 계획에 대한 최종 세부 목표를 설정하는 데 도움이 되며 특정 달의 연습에 대한 요약에도 도움이 됩니다. 연간 메모 및 목록. 여기에서 가장 중요한 아이디어나 모토를 채우고 염두에 두세요.",,"['월간', '연간', '섹션', '달력', '일일', '페이지', '캘린더', '구성', '블록', '유연하다']"
사무용품,플래너 및 수첩,플래너,,B0CFDNNM6J,2024 플래너 노트북 포켓 메모장 일일 주간 월간 플래너 미니 노트 아젠다 학업 플래너 캘린더 북 학생 한국어 문구 사무실 학교 용품 (핑크),Ddayup,8296,8296,2.8,2.0,"[사이즈]: 2024 플래너 노트 사이즈는 (7.9 x 10.4cm(3.07 x 4.17인치)이며, 작고 가벼운 디자인으로 어디에나 휴대할 수 있어 뒤집고 확인할 수 있습니다. [소재]: 캘린더 북은 가죽 커버와 바인딩되어 있으며, 종이는 다올린 용지로, 실크처럼 매끄럽게 쓰고 잉크 방지 기능이 있어 최고의 필기 경험을 제공합니다. [페이지]: 이 2024 데일리 플래너에는 ""개인 메모"" 페이지, ""달력 2024"" 페이지, ""달력 2025"" 페이지, ""세계 휴일"" 페이지, ""세계 정보"" 페이지, ""일상 사용을 위한 메트릭"" 페이지, ""의류 사이즈"" 페이지, ""칼로리 및 콜레스테롤 수치"" 페이지, ""일일 일정이 포함되어 있습니다. 페이지 책"" 페이지는 모든 요구 사항을 충족하도록 설계되었습니다. [작업 및 학습 진행 상황 확인]: 일주일에 두 페이지로 일일 계획, 준비, 미리 생각을 적어 두고, 언제든지 진행 상황을 확인하고 확인할 수 있으며, 회의에서 중요한 문제와 코스의 중요한 지식 포인트를 기록하는 데에도 사용할 수 있습니다. 많은 학교 일을 하는 사람들과 학생들에게 이상적입니다. [완벽한 선물]: 친구 및 가족과 나눌 수 있는 특별한 선물. 크리스마스 선물, 새해 선물 또는 생일 선물로 완벽한 작은 노트. 이 일일 주간 월간 플래너 2024는 장기적인 목표를 달성하고 계획 기술을 향상시키고 스스로 최고가 되는 데 도움이 됩니다!","특징: 2024 소형 메모장은 2024년 1월부터 2024년 12월까지 날짜가 표시됩니다. 미니 메모장 사이즈는 (7.9 x 10.4cm(3.07 x 4.17인치)이며, 지갑용 작은 플래너로 휴대와 사용이 편안합니다. 포켓 메모장은 학생들이 학교 일정에 맞게 완벽하게 제작되었습니다. 일주일에 두 페이지의 이 주간 플래너는 약속을 위한 넓은 일상 계획을 제공하여 바쁜 일상을 정리할 수 있습니다. 캘린더 노트 플래너는 매일 더 많은 일을 하고 기분을 좋게 만듭니다! 제품 구성: 캘린더 노트 1개. 제품 사양: 상품명: 플래너 북 유형: 노트 북 모델: A7 소재: 가죽, 다올린 종이. 사이즈: 3.07'' X 4.17'' 색상: 핑크 날짜: 2024년 1월부터 2024년 12월 유용한 팁: 디스플레이의 차이로 인해 약간의 색상 차이가 있을 수 있습니다. 측정 방법이 다르기 때문에 약간의 오차가 있을 수 있습니다.","['페이지', '노트', '선물', '메모장', '일일', '북', '캘린더', '주간', '일상', '학교']"
사무용품,플래너 및 수첩,플래너,,B0CLGHRQWH,"2024-2025 플래너 - 2024년 7월 - 2025년 6월, 21.3 x 16cm(8.4 x 6.3인치), 칼레다 2024 플래너, 프리미엄 두꺼운 종이, 월간 탭 12개 - 블루",Attitill,6911,6911,4.6,40.0,"플래너 2024-2025 - 이 2024-2025 플래너는 12개월을 커버하며, 캘린더 2024 플래너는 7월부터 제공됩니다. 2024년 - 6월. 2025. 이 플래너의 크기는 21.3cm x 16cm(8.4 x 6.3인치)로 백팩에 넣기에 적합합니다. 플래너 2024-2025의 커버에는 금색 로고가 있습니다. 월간 페이지 - 2024년 플래너의 월간 페이지에는 전월과 다음 달의 참조 달력이 포함된 2.8 x 3.5cm(1.1 x 1.18인치) 일일 빈 블록이 제공됩니다. 페이지 오른쪽 상단에 유명한 인용문이 있는 플래너. 주간 월간 플래너 2024-2025에는 중요한 것을 쓸 수 있는 할 일 섹션이 있습니다. 주간 페이지 - 주간 보기 페이지에는 자세한 일일 일정, 약속, 아이디어 등을 위한 충분한 줄 지어 쓰기 공간이 있습니다. 또한, 2024 플래너에는 매일 모든 일을 명확하게 추적할 수 있도록 확인란이 있습니다. 주요 구성 - 빠른 참조 정보 페이지가 있는 2024 플래너 + 2024-2025년 연간 개요 2개 + 2024-2026년 휴일 참조 +1 연락처 페이지 + 개인 정보 및 연간 목표 페이지 1개 + 메모 페이지 1개. 플래너 2024-2025는 2024년을 위해 공부하고 일할 수 있는 좋은 도우미입니다. 이 2024 플래너는 물건을 정리하고 모든 것을 정리하는 데 필요한 모든 것입니다. 기능적인 디자인 - 나선형 바인딩 | 내부 포켓 | 유연한 커버 | 신축성 있는 클로저 밴드 | 유명한 인용문 | 월간 탭 | 하드 커버 | 프리미엄 두꺼운 용지 | 넓은 필기 공간. 이러한 실용적인 디자인은 사용 중에 편리함과 효율성을 제공합니다.",,"['페이지', '월간', '커버', '주간', '참조', '두껍다', '정리', '공간', '프리미엄', '연간']"
사무용품,플래너 및 수첩,플래너,,B0CW6H14VS,"2024-2025 플래너 - 주간 및 월간 플래너, 2024년 7월 - 2025년 6월, 플래너 2024-2025, 유연한 커버, 탭, 내부 포켓, 16.4cm x 22.4cm(6.4인치 x 8.8인치), 블랙",Heveboik,11066,11066,4.7,34.0,"2024-2025 플래너 - 2024년 7월부터 2025년 6월까지의 학술 플래너, 이 플래너 2024 2025는 주간 및 월간 페이지 12개월을 커버하므로 일년 내내 쉽게 계획하고 정리할 수 있습니다. 사이즈는 16.3 x 21.6cm(6.4 x 8.5인치)이며 백팩이나 작업 가방에 적합합니다. 월간 - 이 2024-2025 플래너에는 각 월간 스프레드에는 휴일, 전월 및 다음 달 달력, 메모 섹션이 포함된 월 개요가 포함되어 있습니다. 할 일 목록, 메모 및 세부 사항을 위한 충분한 공간 주간 - 주간 플래너 2024-2025 스프레드에는 일일 일정을 기록할 수 있는 충분한 공간, 주간 보기로 모든 일을 명확하게 추적할 수 있는 주간 목표가 포함되어 있습니다 탭 및 포켓 - 매월 라미네이트 탭, 티켓, 카드, 종이 등과 같은 느슨한 물건을 보관할 수 있는 내부 포켓으로 분리됩니다 프리미엄 두꺼운 용지 - 이 2024-2025 플래너는 백지로 평소보다 20% 두껍습니다. 이 플래너의 용지는 잉크 방지 기능이 있으며 페더링을 방지하도록 설계되었습니다. 아카이브 품질의 페이지는 중성 종이로 만들어졌으며 빛과 공기에 의한 손상을 방지합니다.","이 컴팩트한 2024-2025 플래너(2024년 7월 - 2025년 6월) 크기는 16.4cm x 21.6cm(6.4인치 x 8.5인치)입니다. 간단한 페이지 디자인과 중요한 정보를 모두 담을 수 있는 충분한 공간. 12개월 2024-2025 학술 플래너에는 다음이 포함되어 있습니다: 연간 개요(2024-2025년 달력), 휴일 연간 목표 연락처 페이지 중요 날짜 12개월 달력 섹션 53주 섹션 12개의 노트 페이지(라인). 각 월간 스프레드에는 해당 월의 개요와 노트 섹션이 포함되어 있습니다. 12개월 달력, 월 2페이지. 메모와 디테일을 위한 충분한 공간. 각 월간 캘린더 뒤에는 5개의 주간 페이지, 주당 2페이지가 이어집니다. 주간 스프레드에는 일일 일정, 활동, 주의 집중, 할 일 목록/목표를 기록하고 주간 보기로 모든 일을 명확하게 추적할 수 있는 충분한 공간이 포함되어 있습니다. 이 독특한 2024-2025 월간 및 주간 플래너는 고품질 100gsm 백지를 사용하여 쉽게 쓰고 잉크 누출을 줄이고 마모 및 음영 문제를 지우고 약속, 할 일 및 알림을 위한 깨끗한 필기 공간을 제공합니다. 이 월간 및 주간 플래너는 만년필, 젤 펜, 롤러 펜, 볼펜, 형광펜, 연필 등에 잘 반응합니다. 내부 페이지를 잘 보호하기 위한 견고하고 유연한 커버, 부드러운 글씨를 위한 두꺼운 종이, 강한 트윈 와이어 바인딩, 티켓, 카드, 종이 등과 같은 느슨한 물건을 보관할 수 있는 튼튼한 플라스틱 포켓. 이 모든 디테일은 고품질을 보여줍니다. 학교, 직장 또는 가정을 위한 플래너, 오거나이저, 학업 의제 또는 노트 패드에 적합하며 훌륭한 선물이 됩니다. 지금 이 멋진 월간 및 주간 플래너로 일상을 계획하고 만들고 일정을 잡으세요.","['주간', '월간', '페이지', '공간', '충분하다', '종이', '달력', '스프레드', '포켓', '섹션']"
사무용품,플래너 및 수첩,플래너,,B0CPB813CH,"Moleskine 클래식 12개월 2025 주간 플래너, 하드 커버, 라지(12.7cm x 21cm(5인치 x 8.25인치), 블랙, 144페이지",Moleskine,35525,35525,5.0,1.0,"2025년 1월부터 12월까지 날짜 하드 및 소프트 커버는 다양한 색상으로 제공됩니다. 아이보리 색상, 70g/m², 중성 종이 둥근 모서리, 신축성 있는 클로저 및 어울리는 리본 책갈피, 색상이 조화를 이루는 확장 가능한 내부 포켓 유용한 도구: 달력, 여행 계획, 아이디어 및 목표, 노트용 유선 페이지. 계획을 맞춤 설정할 수 있는 스티커와 척추용 연도 스티커 이 Moleskine 물체의 종이는 잘 관리되고 FSC 인증 숲 및 기타 통제된 출처의 소재로 만들어졌습니다.",Moleskine 주간 노트는 1월부터 12월까지 날짜가 표시됩니다. 왼쪽에 주의 약속을 표시하고 오른쪽에 메모와 아이디어를 위한 유선 페이지를 표시하도록 포맷된 이 제품은 노트북의 자유를 통합하는 편리하고 다재다능한 플래너입니다.,"['표시', '페이지', '하드', '노트', '주간', '아이디어', '유선', '커버', '종이', '날짜']"
사무용품,플래너 및 수첩,플래너,,B0CQKFX3WF,"월간 플래너 2024-2025 - 탭과 포켓이 있는 월간 플래너, 2024년 7월 - 2025년 12월, 21.6 x 27.9cm(8.5 x 11인치), 2024-2025 뒷면 포켓이 있는 월간 플래너, 트윈 와이어 바인딩 - 플로럴",Lemome Home,11066,11066,4.8,14.0,"2024-2025 월간 플래너 - 2024년 7월부터 2025년 12월까지 18개월 월간 플래너로, 율리우스 력 날짜와 공휴일이 표시된 18개월의 월간 페이지가 특징입니다. 전문적인 디자인 - 트윈 와이어 바인딩으로 360도 접이식 커버가 가능합니다. 2024-2026년 연간 개요/중요 연락처 페이지 4개/연락처 페이지 8개/비밀번호 페이지 4개/개인 정보/2024-2026년 휴일. 탭 및 포켓 - 매월 탭으로 분리되어 계획을 깔끔하고 쉽게 읽을 수 있습니다. 느슨한 물건을 보관할 수 있는 양면 내부 포켓. 기능적이고 스타일리시한 제품 - 오픈 스케줄링을 위한 줄이 없는 일일 블록과 자연스럽고 중요한 물건을 위한 메모 열. 월간 계획 페이지에서 과거, 현재 및 향후 3개의 월간 참조. 프리미엄 품질 및 고급스러움 - 두껍고 순수한 흰색 중성 용지, 플래너는 잉크 누출, 마모 및 음영 문제를 지워줍니다.",,"['월간', '페이지', '포켓', '탭', '트윈', '물건', '계획', '연락처', '와이어']"
사무용품,플래너 및 수첩,플래너,,B0CPB979K4,"Moleskine 클래식 12개월 2025 주간 플래너, 소프트 커버, 포켓 (8.9cm x 14cm(3.5인치 x 5.5인치)), 블랙, 144페이지",Moleskine,28406,28406,,,"2025년 1월부터 12월까지 날짜 하드 및 소프트 커버는 다양한 색상으로 제공됩니다. 아이보리 색상, 70g/m², 중성 종이 둥근 모서리, 신축성 있는 클로저 및 어울리는 리본 책갈피, 색상이 조화를 이루는 확장 가능한 내부 포켓 유용한 도구: 달력, 여행 계획, 아이디어 및 목표, 노트용 유선 페이지. 계획을 맞춤 설정할 수 있는 스티커와 척추용 연도 스티커 이 Moleskine 물체의 종이는 잘 관리되고 FSC 인증 숲 및 기타 통제된 출처의 소재로 만들어졌습니다.",Moleskine 주간 노트는 1월부터 12월까지 날짜가 표시됩니다. 왼쪽에 주의 약속을 표시하고 오른쪽에 메모와 아이디어를 위한 유선 페이지를 표시하도록 포맷된 이 제품은 노트북의 자유를 통합하는 편리하고 다재다능한 플래너입니다.,"['표시', '페이지', '노트', '소프트', '주간', '아이디어', '유선', '커버', '종이', '날짜']"
사무용품,플래너 및 수첩,플래너,,B0C4FKGYNX,"2024 월간 플래너 - 가죽 소프트 커버가 있는 12개의 월간 캘린더/플래너 2024년 1월 - 2024년 12월, 21.2cm x 29.2cm(8.86인치 x 11.4인치), 15개의 노트 페이지, 스트롱 트윈 - 와이어 바인딩, 월간 탭, 완벽한 오거나이저,",Poluma,5526,5526,4.6,147.0,"시간 관리 - 2024년 1월 - 2024년 12월(22.5 x 29cm(8.8 x 11.4인치)) 클래식 연간 및 월간 플래너는 12개월의 월간 페이지를 커버하여 계획, 일정 및 추적이 쉽습니다. 이 캘린더는 모든 마감일, 특별 이벤트, 회의, 약속 등을 명확하고 전문적인 스타일로 파악할 수 있도록 도와줍니다. 월간 개요 - 이 달력의 매월 두 페이지로 구성되어 있어 장기 계획에 적합합니다. 또한 4.6 x 5.1cm(1.8 x 2인치) 줄이 없는 일일 블록은 오픈 스케줄링을 위한 충분한 공간을 제공하며 매월 일일 계획을 위한 충분한 공간을 제공합니다. 이전 및 다음 월간 참조 캘린더와 오래 지속되는 탭 칸막이로 일년 내내 쉽게 계획하고 추적할 수 있습니다. 두꺼운 용지 - 이 달력의 두꺼운 용지는 부드러운 필기 경험을 제공하며 잉크 페더링과 누출에 대한 걱정 없이 일정을 계획할 수 있습니다. 개선된 고품질 백지는 누출 방지를 위해 설계되어 계획을 깔끔하고 읽기 쉽게 유지합니다. 놀라운 정리 - 모든 중요한 휴일을 상기시키기 위해 연방 공휴일을 강조했습니다. 장기 계획을 위한 2년 개요 달력. 15개의 유선 노트 페이지로 생각, 아이디어, 인용문 등을 적어 둘 수 있습니다. 전화/주소 페이지에서 주요 연락처를 관리합니다. 양면 내부 포켓에 헐렁한 물건을 보관할 수 있습니다. 매끄러운 디자인 - 포일 악센트가 있는 내구성이 뛰어나고 우아하며 부드러운 촉감의 가죽 커버는 환경 친화적입니다. 이 플래너는 직장, 학교 또는 가정에서 차분하고 세련된 단순함을 발산합니다. 현대적이고 내구성이 뛰어나며 튼튼한 트윈 와이어 디자인으로 플래너를 360° 뒤집고 평평하게 놓을 수 있어 효율적으로 쓸 수 있습니다.",,"['월간', '계획', '페이지', '캘린더', '구성', '달력', '커버', '노트', '충분하다', '추적']"
사무용품,플래너 및 수첩,플래너,,B0CHG3H4GX,Weekly Planner 나선형 바운드 노트 A5 - 날짜 없는 플래너 - 할 일 목록 노트 - 습관 추적기 - 52주 - 재택 근무 사무실 비즈니스를 위한 일일 플래너 날짜 없음 - 목표 플래너 - 귀여운 플래너 (핑크),Elwyn Life,16550,16550,4.6,103.0,"가장 생산적인 자아가 되세요: 날짜가 표시되지 않은 주간 플래너 나선형 바운드 노트는 색상 기반 할 일 목록, 스마트 습관 추적기 및 7일 날짜 표시되지 않은 일일 플래너 등 주를 효율적으로 계획하는 데 필요한 모든 것을 갖추고 있습니다. 직관적인 레이아웃으로 직장, 학교 또는 비즈니스 플래너로 완벽한 정리함입니다. 귀여운 나선형 노트로 생산성을 높이고, 습관을 고수하고, 자신 있게 일주일을 예약하고, 중요한 것이 무엇인지 한눈에 알 수 있습니다. 작업을 분류하는 더 스마트한 방법: 높은 색상에서 낮은 색상 강도까지 3개의 큰 줄이 없는 상자가 있어 모든 할 일을 기록하고 중요도에 따라 분류하는 것이 그 어느 때보다 쉬워졌습니다. 주의가 필요한 것을 즉시 알 수 있는 할 일 목록 노트 및 목표 플래너. 의제, 비즈니스 또는 라이프 플래너로 사용하기에 이상적인 단순화된 플래너. 재미있고 동기를 부여하며 게임을 바꾸는 습관 추적기로 목표를 더 빨리 달성하세요. 긍정적인 심리학을 사용하여 목표를 더 빨리 달성할 수 있도록 도와줍니다. 습관을 고수하는 매일 한 글자를 채우세요. 하루를 놓치지 마세요. 전체 단어를 완성할 수 있습니다! 이 기능은 성인용 광고 플래너로 사용하기에 적합합니다. 1년 계획: 핑크 주간 플래너 노트는 1년 내내 계획할 수 있는 52 x 2페이지 스프레드가 있습니다. 휴대가 쉬운 A5 노트(14.7cm x 21.1cm(5.8인치 x 8.3인치))와 번지지 않는 매끄럽고 100gsm 프리미엄 용지를 즐기세요. 튼튼한 700gsm 커버와 신축성 있는 밴드 클로저가 결합되어 어디에서나 휴대할 수 있으며 대학 또는 학생 플래너로 사용할 수 있습니다. 100% 만족 보장: 저희는 여러분이 좋아할 책상 플래너를 만들기 위해 열심히 노력했습니다. 어떤 이유로든 A5 플래너에 완전히 만족하지 못하셨다면 반품하시면 질문 없이 전액 환불해 드립니다. 그리고 엄마 플래너, 여성 또는 어린이를 위한 플래너를 찾고 계신다면 더 이상 찾으실 필요가 없습니다! 지금 하드커버 나선형 바운드 플래너를 주문하고 성공의 길을 계획하세요!",,"['노트', '습관', '계획', '날짜', '나선형', '추적', '비즈니스', '바운드', '목록', '쉽다']"
사무용품,플래너 및 수첩,플래너,,B0CYLKQPJQ,"JUBTIC 시간별 일정이 있는 일일 플래너 및 노트 - 할 일 목록, 일정 및 작업을 정리할 수 있는 날짜 없는 작업 플래너 - 남성 및 여성용 학교 및 사무용품, 하드커버, A5, 네이비 블루",JUBTIC,9681,9681,4.4,18.0,"하루를 잘 정리하세요: 이 데일리 플래너는 삶을 질서 있게 유지하기 위한 새로운 BFF입니다. 오전 7시 커피 실행부터 오후 8시 냉각 시간까지 모든 것을 기록할 수 있는 스위트 스팟이 있습니다. 할 일을 한 번에 한 블록씩 부수세요. 한 입 크기의 30분 덩어리로 나누어 보스처럼 하루를 마무리하세요. 이 플래너는 무엇이 무엇인지 계획하는 데 도움이 되므로 하루와 생산성을 소유할 수 있습니다. 큰 꿈을 꾸는 공간(그리고 더 큰 계획): 90일 동안 게임을 바꾸는 계획을 위한 많은 공간이 있어 매일 2페이지 처리됩니다. 더 이상 꿈을 작은 상자에 넣지 않아도 됩니다. 크게 가거나 집에 가세요! 언제 어디서나 시작하세요: 누가 당신의 행동을 취하기 위해 데이트가 필요하다고 말합니까? 날짜가 표시되지 않은 플래너 노트(14 x 21.6cm(5.5 x 8.5인치))를 사용하면 기분이 좋을 때마다 계획 여정을 시작할 수 있습니다. 미루는 것에 작별하고 더 행복하고 더 많은 사람들을 만나세요. 계획을 위한 것이 아니라 스타일로 계획하세요: 누가 계획이 예쁘지 않다고 말합니까? 이 하드커버 플래너는 매끄러운 커버, 화려한 골드 레터링을 가지고 있습니다. 단순히 일을 끝내는 것이 아니라 라이딩을 즐기는 것입니다.",,"['계획', '하루', '누가', '꿈', '일정', '말합', '노트', '작업', '정리', '시작']"
사무용품,플래너 및 수첩,플래너,,B0CWLJNN65,"2024-2025 학업 플래너, Annecy 주간 및 월간 플래너, 2024년 7월 – 2025년 6월, 21.6 x 27.9cm(8.5 x 11인치) 학년도 일일 플래너, 월간 탭 포함, 방수 PVC 커버, 나선형 바인드, 포켓, 책갈피, 핑크",Annecy,17714,17714,4.1,19.0,"2024-2025 플래너 - 2024년 7월부터 2025년 6월까지 12개월의 월간 및 주간 페이지가 있어 일년 내내 쉽게 계획할 수 있습니다. 2024-2025 주간 및 월간 플래너에는 월간 페이지 1개(2024년 6월)이 추가로 포함되어 있습니다. Annecy 나선형 바운드 21.6cm x 27.9cm(8.5인치 x 11인치) 플래너는 크고 사용하기 쉬운 쉬운 사용하기 쉬운 및 떨어져 있습니다. 월간 개요 - 2024-2025 월간 플래너에는 간단한 과거 검토 및 향후 계획을 위한 이전 및 다음 달 참조 캘린더가 포함되어 있습니다. 중요한 프로젝트를 위한 메모 섹션, 주요 휴일 목록, 튼튼하고 오래 지속되는 내구성 있는 코팅 다채로운 탭 칸막이로 정보를 쉽게 찾을 수 있습니다. 페이지의 부드러운 색상 배경 색조가 즉시 선명합니다! 주간 개요 - 월요일부터 일요일까지 매주 두 페이지 스프레드는 넉넉한 빈 필기 공간을 제공합니다. 2024-2025 일일 주간 플래너에는 인기 있는 휴일과 3개월 참조 미리보기가 포함되어 있어 약속, 알림, 아이디어 및 할 일 목록을 매일 추적할 수 있습니다. 생생한 글꼴이 시각적으로 매력적인 터치를 더합니다! 프리미엄 용지 - 100GSM 용지로 평소보다 두껍습니다. 21.6 x 27.9cm(8.5 x 11인치) 크기의 2024-2025 플래너 북으로 플래너를 깔끔하고 매력적으로 유지합니다. 방수 플라스틱 커버와 실용적인 양면 백 포켓으로 편리함을 더합니다. 튼튼한 2024-2025 아젠다 플래너 북은 잦은 이동을 견딜 수 있어 학년도에 오래 지속되는 신뢰성과 내구성을 보장합니다. 가성비! 더 많은 기능 - Annecy 2024-2025 일일 주간 및 월간 플래너에는 빠른 참조 | 24-25 연간 개요 | 연락처 | 특별 날짜 | 24-25 연간 일정 | 월간 섹션 | 주간 섹션 | 노트 페이지 | 휴일 | 지도 | 양면 포켓이 포함되어 있습니다. 일 년 내내 정리하고 사용하기 쉽습니다!",,"['월간', '주간', '페이지', '휴일', '개요', '일일', '쉽다', '포켓', '섹션', '참조']"
사무용품,플래너 및 수첩,플래너,,B0937KQX1K,Simplified To Do List 노트 - 작업을 쉽게 정리하고 생산성을 높이는 미적 일일 플래너 - 세련된 날짜가 없는 플래너 및 학교 또는 사무용품 여성용,ZICOTO,20761,9584,4.7,4122.0,"추적을 유지하기 위한 일일 집중: 더 많은 자유 시간을 즐길 준비가 되셨나요? 정리된 상태를 유지하는 것이 그 어느 때보다 쉬워졌습니다. 일상 업무용 노트에는 매일 할 일, 메모, 건강 및 피트니스 추적, 식사 플래너 및 약속을 위한 공간이 있습니다 생산성 향상: 일일 할 일 목록 메모장(21.6 x 16.3cm(8.5 x 6.4인치))을 사용하여 효율적인 일상 작업 관리를 위해 더 스마트하게 계획하고 작업하십시오. 날짜가 표시되지 않은 플래너를 사용하면 120일을 계획하고 인생의 주요 변화를 위한 새로운 계획 습관을 완전히 키울 수 있습니다 언제든지 시작하기에 좋습니다. 매일 할 일 플래너는 날짜가 기재되어 있으므로 매일 계산하고 오늘 그 불쾌한 미루는 것을 없애기 시작할 수 있습니다. 더 이상 시간을 낭비하지 마세요! 모든 것이 정착되었나요? 페이지를 찢고 또 다른 성공적인 날을 축하하세요 - 정말 좋은 느낌입니다 아름다운 추상 나뭇잎 디자인: 무성한 나뭇잎 모양, 황금빛 나선, 4개의 골드 코너 및 녹색 탄성 밴드, 여분의 공간을 위한 뒷면 포켓이 있는 이 눈길을 끄는 플래너를 사용하면 계획이 훨씬 더 재미있습니다 동기 부여 및 위대한 일을 달성하세요: 진행 상황을 추적하는 것은 그 자체로 가장 큰 동기 부여이지만, 일일 목록 플래너는 동기 부여 인용문과 감사 연습을 위한 전용 공간으로 여행을 더욱 아름답게 만듭니다","ZICOTO의 데일리 플래너와 노트북으로 일상 생산성을 높이세요! ZICOTOS의 Daily to do list 노트(21.6 x 16.3cm(8.5 x 6.4인치))를 사용하여 일상 목표를 달성하기 위해 스마트하게 계획하고 작업하십시오. 매일을 정리하고 매핑함으로써 일상 업무에 집중할 수 있으며, 궁극적으로 생산성을 크게 높이고 더 많은 자유 시간을 제공하는 대신 스트레스를 줄여줍니다. 승리를 위한 최적화된 정리 및 계획! 할 일 등을 위한 날짜 없는 플래너는 여러분과 함께 멋진 일을 성취할 준비가 되어 있습니다. 황금빛 악센트가 있는 아름답고 미니멀한 나뭇잎 디자인과 녹색 탄성 밴드 덕분에 생산성을 더욱 재미있게 만들 수 있습니다! 스마트한 뒷면 포켓은 개인 메모, 개인 목표 등을 위한 추가 공간을 추가합니다! 날짜가 없는 120페이지 - 120일 동안 효율적으로 계획하고 …삶에 긍정적인 영향을 미칠 수 있는 새로운 계획 습관을 길러보세요. 지연, 시간 낭비 또는 마감일 누락? 절대로! ""할 일 목록"" - 일을 잘 파악할 수 있는 체크리스트 포함 - ""오늘 해야 할 일"" - 가장 중요한 작업을 완료하기 위한 우선 순위 설정 - 메모 및 물건 - 미리 알림, 사이드 노트 등 - 물 섭취 - 몸과 마음의 흐름을 유지하기 위해 수분을 유지하십시오 - 건강 및 피트니스 - 피트니스 저널 및 건강 트래커가 최고의 버전이 되세요 - 식사 플래너 - 추적 및 계획 귀하의 식사를 귀하의 식식식식포인트 - 중요한 마감일이나 이벤트를 잊지 마세요 - 감사 - 감사하는 사람들은 일반적으로 더 낙관적입니다 - 오늘 감사하는 것을 추가하세요 - 동기 부여 인용문: 일상적인 목표와 꿈을 달성하는 길에 영감을 줍니다! 쉽게 추적할 수 있음: 다음 후 한 번 체크하세요. 하루가 끝날 때까지 할 일을 모두 완료했다는 것은 정말 좋은 느낌입니다. 작은 걸음마다 더 큰 목표로 이어집니다. 성공으로 가는 길에 있습니다!","['계획', '일상', '작업', '생산', '날짜', '추적', '공간', '정리', '유지', '노트']"
사무용품,플래너 및 수첩,플래너,,B0CSBNPCRB,"2024-2025 일일 및 월간 플래너, 하루에 한 페이지, A4 데일리 플래너 2024-2025, 2024년 7월부터 2025년 6월까지, 플래너 2024-2025, 유연한 커버, 탭, 강력한 트윈 와이어 바인딩, 내부 포켓, 21.6 x 27.9cm(8.5 x 11인치), 블랙",Heveboik,44264,44264,4.6,56.0,"2024-2025 플래너 - 이 2024-2025 일일 월간 플래너는 2024년 7월부터 2025년 6월까지 하루에 한 페이지로 구성되어 있으며 12개월의 주간 및 월간 페이지를 커버하므로 일년 내내 쉽게 계획하고 정리할 수 있습니다. 사이즈는 21.6 x 27.9cm(8.5 x 11인치)이며 백팩이나 작업 가방에 적합합니다. 월간 - 이 일일 플래너 2024-2025 각 월간 스프레드에는 휴일, 전월 및 다음 달 캘린더 및 메모 섹션이 포함된 월 개요가 포함되어 있습니다. 메모와 디테일을 위한 충분한 공간 데일리 - 일일 플래너 스프레드에는 일일 일정, 자세한 약속 및 활동을 기록하고 주간 보기로 모든 요일을 명확하게 추적할 수 있는 충분한 공간이 포함되어 있습니다 탭 및 포켓 - 매월 라미네이트 탭, 티켓, 카드, 종이 등과 같은 느슨한 물건을 보관할 수 있는 내부 포켓으로 분리됩니다 프리미엄 두꺼운 용지 - 이 2024-2025 데일리 플래너는 백지로 평소보다 20% 두껍습니다. 이 플래너의 용지는 잉크 방지 기능이 있으며 페더링을 방지하도록 설계되었습니다. 아카이브 품질의 페이지는 중성 종이로 만들어졌으며 빛과 공기에 의한 손상을 방지합니다.","이 컴팩트한 2024-2025 일일 및 월간 플래너(2024년 7월~2025년 6월), 하루에 한 페이지, 크기는 21.6cm x 27.9cm(8.5인치 x 11인치)입니다. 간단한 페이지 디자인과 중요한 정보를 모두 담을 수 있는 충분한 공간. 12개월 플래너에는 다음이 포함되어 있습니다: 연간 개요(2024-2025년 달력), 휴일 연간 목표 연락처 페이지, 중요 날짜, 12개의 노트 페이지(라인). 각 월간 스프레드에는 해당 월의 개요와 노트 섹션이 포함되어 있습니다. 12개월 달력, 월 2페이지. 메모와 디테일을 위한 충분한 공간. 각 월간 캘린더 뒤에는 하루에 한 페이지가 표시됩니다. 주간 스프레드에는 일일 일정, 약속, 활동, 주의 집중, 할 일 목록/목표를 기록하고 주간 보기로 모든 일을 명확하게 추적할 수 있는 충분한 공간이 포함되어 있습니다. 이 독특한 월간 및 주간 플래너는 고품질 100gsm 백지를 사용하여 쉽게 쓰고 잉크 누출을 줄이고 마모 및 음영 문제를 지우고 약속, 할 일 및 알림을 위한 깨끗한 필기 공간을 제공합니다. 이 월간 및 주간 플래너는 만년필, 젤 펜, 롤러 펜, 볼펜, 형광펜, 연필 등에 잘 반응합니다. 내부 페이지를 잘 보호하기 위한 견고하고 유연한 커버, 부드러운 글씨를 위한 두꺼운 종이, 강한 트윈 와이어 바인딩, 티켓, 카드, 종이 등과 같은 느슨한 물건을 보관할 수 있는 튼튼한 플라스틱 포켓. 이 모든 디테일은 고품질을 보여줍니다. 학교, 직장 또는 가정을 위한 플래너, 오거나이저, 학업 의제 또는 노트 패드에 적합하며 훌륭한 선물이 됩니다. 지금 이 멋진 월간 및 주간 플래너로 일상을 계획하고 만들고 일정을 잡으세요.","['월간', '페이지', '일일', '주간', '공간', '충분하다', '스프레드', '포켓', '종이', '하루']"
사무용품,플래너 및 수첩,플래너,,B0CLPHBCZJ,"플래너를 위한 미니 월간 탭 - 스티커 파스텔 월 디바이더 및 라벨, 미리 인쇄된 탭 24개, 플래너, 노트북 및 저널용 블랙 탭 12개로 정리하세요 - (미니 사이즈 2.5 x 1.8cm(1 x 0.75인치))",Uthemax,6911,6911,4.3,17.0,"완벽한 월간 정리: 월간 플래너 탭 세트는 일년 내내 사용할 수 있는 티켓입니다. 이 세트에는 1월부터 12월까지 미리 인쇄된 탭 24개가 포함되어 있어 연중 첫 3/4 분기에 대비할 수 있습니다. 우아한 파스텔 디자인: 칙칙한 칸막이와 작별 인사를 하세요. Uthemax 월간 플래너 탭은 플래너나 노트북에 아름다움과 세련미를 더하는 매력적인 파스텔 디자인이 특징입니다. 견고하고 신뢰할 수 있음: 고품질 소재로 제작되었으며, 매트 라미네이트. 이 탭은 오래 사용할 수 있도록 제작되었습니다. 쉽게 찢어지지 않아 바쁜 한 해 내내 손상되지 않습니다. 다용도 호환성 및 완벽한 선물: 플래너, 저널 또는 노트북을 사용하든 당사의 탭은 완벽하게 맞습니다. 사려 깊은 선물로 친구나 사랑하는 사람을 놀라게 하세요. 학생, 전문가 또는 효율적인 정리가 필요한 모든 사람에게 이상적입니다. 창의력을 발휘하세요: DIY 개인화를 좋아하는 사람들을 위해 12개의 빈 탭도 포함되어 있습니다. 나만의 탭을 디자인하거나, 특별한 메모를 추가하거나, 독특한 스타일에 맞게 장식하세요.","완전히 새로운 월간 탭으로 체계적인 상태를 유지하고 마감일을 놓치지 마세요. 이 종합 세트에는 연중 매월 사전 인쇄된 탭 24개와 라벨을 쓸 수 있는 12개의 빈 탭이 포함되어 있습니다. 파스텔 색상과 사랑스러운 미학으로 디자인된 월간 탭은 플래너, 저널, 노트북 등에 적합합니다!","['탭', '월간', '디자인', '노트북', '파스텔', '사람', '완벽하다', '인쇄', '정리', '내내']"
사무용품,플래너 및 수첩,플래너,,B0D17P7T14,"2024-2025 리넨 커버 플래너 주간 및 월간 일일 아젠다 북, 2024-2025 할 일 목록 노트, 다채로운 월간 탭, 내부 포켓, 신축성 있는 클로저, 두꺼운 용지(그린, 14.9 x 21.6cm(5.5 x 8.5인치))",GETINK,19376,19376,4.5,208.0,"종합적인 연중 계획: 명확한 월간 및 주간 페이지로 2024년 7월부터 2025년 6월까지 정리된 상태를 유지하세요. 효율적인 시간 관리를 위한 개인 정보, 연간 개요, 목표 설정, 중요한 날짜, 휴일, 연락처 및 메모 섹션이 포함되어 있습니다. 월간 목표 설정: 목표, 할 일 목록 및 리뷰를 위한 전용 페이지로 월간 목표를 관리합니다. 약속, 계획 및 일상 작업을 위한 충분한 공간으로 월간 목표를 달성할 수 있습니다. 주간 생산성: 자세한 주간 페이지로 주를 극대화하십시오. 초점 영역, 최우선 과제, 후속 조치, 약속, 습관 추적, 할 일 목록, 감사 반영, 주간 리뷰 및 메모를 위한 섹션이 포함되어 있습니다. 프리미엄 품질 용지: 눈에 부드럽게 닿는 두꺼운 번짐 방지 오프 화이트 용지에 탁월한 필기 경험을 즐기십시오. 다채로운 탭으로 매달 쉽게 사용할 수 있습니다. 내구성 있는 디자인: 커버는 내구성과 고급스러운 질감으로 유명한 고품질 린넨 원단으로 제작되었습니다. 중요한 문서와 메모를 보관할 수 있는 내부 확장 가능한 포켓. 일 년 내내 매일 사용할 수 있도록 제작되었습니다.",,"['월간', '주간', '목록', '메모', '페이지', '용지', '섹션', '두껍다', '제작', '내부']"
사무용품,플래너 및 수첩,플래너,,B0CGRZW467,"Rileys & Co 2024 주간 플래너 - 프리미엄 연간 주간 및 월간 일정 플래너, 2024년 1월 - 12월, 유연한 커버, 노트 페이지, 트윈 와이어 바인딩 (20.3 x 15.2cm(8 x 6인치), 블랙)",Rileys & Co,13836,9681,4.2,51.0,"✅ 정리 - Riley의 2024 12개월 주간 플래너로 미리 계획을 시작하세요. 완벽한 주간 플래너 다이어리로 매월, 매주, 일상을 정리할 수 있습니다. 매주 두 페이지에 걸쳐 펼쳐져 있어 자세한 약속, 기억해야 할 중요한 사항 및 기타 메모를 한 곳에서 찾을 수 있습니다. 월간 페이지를 마스터 플래너로 사용하고 일상적인 약속을 위한 주간 페이지로 사용하세요. ✅ 연간 플래너 2024 - 연간 플래너는 2024년 1월부터 2024년 12월에 끝납니다. 연말까지 12개월을 계획할 수 있습니다. Riley의 12개월 주간 플래너로 연도를 관리하세요. 일상 생활의 질서와 정신을 회복하여 침착하고 행복하며 스트레스 없이 시간과 에너지를 절약합니다. 넉넉한 공간 - 각 플래너 노트에는 월간 및 주간 2페이지 스프레드가 있으며 약속, 계획 및 할 일을 적어 둘 수 있는 충분한 공간이 있습니다. 오거나이저는 교실, 가정 또는 사무실 등 다양한 장소에서 사용할 수 있도록 제작되었습니다. 고품질 소재로 제작되어 노트북을 오늘로 쉽게 뒤집어 계획을 세우세요! 휴일, 메모 및 추가 - 휴일이 기록되므로 특별한 날짜와 꿈의 휴가를 꼭 지켜보세요. 앞면에는 3년 참조 페이지가 있으며, 뒷면에는 일 년 내내 메모를 적어 둘 수 있는 노트 페이지가 있습니다. 뿐만 아니라, 각 주간 스프레드는 현재 및 다음 달을 한 눈에 볼 수 있습니다! 정리에 필요한 모든 것. ✅ 두 가지 사이즈로 제공됩니다: 풀 A4 용지 크기 21 x 30 cm (8.25 x 11.75 인치) 또는 휴대용 21 x 15 cm (8 x 6 인치) 버전. 더 많은 공간과 많은 할 일이 필요하든 전체 용지 크기가 청구서에 맞습니다. 더 가벼운 휴대용 버전을 선호한다면 20x15cm를 구입하십시오. 두 사이즈 모두 동일한 품질의 순백지를 사용하며 가장 열정적인 아티스트에게 저항력이 있어 잉크 누출을 줄이고 마모 및 음영 문제를 제거합니다.",,"['주간', '페이지', '계획', '약속', '연간', '공간', '월간', '일상', '메모', '정리']"
사무용품,플래너 및 수첩,플래너,,B0CQ55G4BK,"2024-2025 플래너 - 주간 및 월간 플래너, 2024년 7월부터 2025년 6월까지 실행, 15.2 x 21.1cm(6 x 8.3인치), 월간 탭 12개, 내부 포켓, 2024-2025 주간 플래너 나선형 바운드 유연한 커버, 핑크",CalenDream,12298,12298,4.0,52.0,"이 2024-2025 플래너는 2024년 7월부터 2025년 6월까지 15.2 x 21.6cm(6 x 8.3인치)로 1년 내내 잘 정리된 계획을 제공합니다. 캘린더 섹션에는 12개월의 월간 및 주간 페이지가 포함되어 있어 연중 계획에 이상적입니다 매월 - 각 월간 스프레드에는 휴일, 전월 및 다음 달 달력, 메모 섹션이 포함된 월 개요가 포함되어 있습니다. 메모와 디테일을 위한 충분한 공간 주간 - 주간 스프레드에는 일일 일정, 자세한 약속 및 활동을 기록하고 주간 보기로 모든 요일을 명확하게 추적할 수 있는 충분한 공간이 포함되어 있습니다 탭 및 포켓 및 플랫 바인딩 - 매월 라미네이트 탭, 티켓, 카드, 종이 등과 같은 느슨한 물건을 보관할 수 있는 내부 포켓으로 분리됩니다. 완전히 평평하게 놓을 수 있는 내구성 있는 트윈 와이어 바인딩 우수한 품질 - 내부 페이지를 잘 보호하기 위한 견고하고 유연한 커버. 잉크 누출을 줄이고 마모 및 음영 문제를 지우는 100 Gsm 두꺼운 용지. 이 멋진 월간 플래너로 일상을 계획하고 만들고 일정을 잡으세요","이 2024-2025 플래너는 2024년 7월부터 2025년 6월까지 15.2 x 21.6cm(6 x 8.3인치)로 1년 내내 잘 정리된 계획을 제공합니다. 캘린더 섹션에는 12개월의 월간 및 주간 페이지가 포함되어 있어 연중 계획에 이상적입니다. 고품질 100gsm 백지로 쉽게 쓰고 잉크 누출을 줄이고 마모 및 음영 문제를 지우고 약속을 위한 깨끗한 필기 공간을 제공합니다. 16.5cm x 21.6cm(6.5인치 x 8.5인치), 월간 탭 12개, 노트 페이지, 내부 포켓, 트윈 와이어 바인딩이 있는 유연한 커버.","['주간', '월간', '계획', '탭', '페이지', '내부', '포켓', '섹션', '커버', '공간']"
사무용품,플래너 및 수첩,플래너,,B0C9JQSGS5,"2024-2025 플래너 - 주간 및 월간 플래너 나선형 제본, 플래너 2024-2025년 7월 - 2025년 6월 월간 탭 포함, 내부 포켓, 21.6cm x 27.9cm(8.5 x 11인치), 핑크",Heveboik,17714,17714,4.6,236.0,"2024-2025 플래너 - 2024년 7월부터 2025년 6월까지 이 플래너 2024-2025는 12개월의 주간 및 월간 페이지를 커버하므로 일년 내내 쉽게 계획하고 정리할 수 있습니다. 사이즈는 21.6 x 27.9cm(8.5 x 11인치)이며 백팩이나 작업 가방에 적합합니다. 매월 - 각 월간 스프레드에는 휴일, 전월 및 다음 달 달력, 메모 섹션이 포함된 월 개요가 포함되어 있습니다. 메모와 디테일을 위한 충분한 공간 주간 - 주간 스프레드에는 일일 일정, 자세한 약속 및 활동을 기록하고 주간 보기로 모든 요일을 명확하게 추적할 수 있는 충분한 공간이 포함되어 있습니다 탭 및 포켓 - 매월 라미네이트 탭, 티켓, 카드, 종이 등과 같은 느슨한 물건을 보관할 수 있는 내부 포켓으로 분리됩니다 프리미엄 두꺼운 용지 - 2024 2025 플래너, 백지, 평소보다 20% 두꺼운 이 플래너의 용지는 잉크 방지 기능이 있으며 페더링을 방지하도록 설계되었습니다. 아카이브 품질의 페이지는 중성 종이로 만들어졌으며 빛과 공기에 의한 손상을 방지합니다.","21.6 x 27.9cm(8.5 x 11인치) 크기의 컴팩트한 2024-2025 주간 및 월간 플래너(2024년 7월 - 2024년 6월)는 어디를 가든 정리할 수 있는 간단하고 우아한 플래너입니다. 간단한 페이지 디자인과 중요한 정보를 모두 담을 수 있는 충분한 공간. 12개월 플래너에는 다음이 포함되어 있습니다: 연간 개요(2024-2025년 달력), 휴일 연간 목표 연락처 페이지 중요 날짜 12개월 달력 섹션, 53주 섹션, 12개의 노트 페이지(라인). 각 월간 스프레드에는 해당 월의 개요와 노트 섹션이 포함되어 있습니다. 12개월 달력, 월 2페이지. 메모와 디테일을 위한 충분한 공간. 각 월간 캘린더 뒤에는 5개의 주간 페이지, 주당 2페이지가 이어집니다. 주간 스프레드에는 일일 일정, 약속, 활동, 주의 집중, 할 일 목록/목표를 기록하고 주간 보기로 모든 일을 명확하게 추적할 수 있는 충분한 공간이 포함되어 있습니다. 이 독특한 월간 및 주간 플래너는 고품질 100gsm 백지를 사용하여 쉽게 쓰고 잉크 누출을 줄이고 마모 및 음영 문제를 지우고 약속, 할 일 및 알림을 위한 깨끗한 필기 공간을 제공합니다. 이 월간 및 주간 플래너는 만년필, 젤 펜, 롤러 펜, 볼펜, 형광펜, 연필 등에 잘 반응합니다. 월간 캘린더 탭을 사용하면 매월 요금제에 쉽게 액세스할 수 있습니다. 내부 페이지를 잘 보호하기 위한 견고하고 유연한 커버, 부드러운 글씨를 위한 두꺼운 종이, 강한 트윈 와이어 바인딩, 티켓, 카드, 종이 등과 같은 느슨한 물건을 보관할 수 있는 튼튼한 플라스틱 포켓. 이 모든 디테일은 고품질을 보여줍니다. 이 개인 정리함은 목표, 작업, 약속, 프로젝트, 작업, 습관 등을 추적할 수 있는 유연한 구조를 특징으로 합니다. 학교, 직장 또는 가정을 위한 플래너, 오거나이저, 학업 의제 또는 노트 패드에 적합하며 훌륭한 선물이 됩니다. 지금 이 멋진 월간 및 주간 플래너로 일상을 계획하고 만들고 일정을 잡으세요.","['주간', '월간', '페이지', '공간', '충분하다', '종이', '약속', '스프레드', '달력', '포켓']"
사무용품,플래너 및 수첩,플래너,,B0CPPJRB4Q,"2024-2025 플래너 - 2024 플래너, 주간 및 월간, 2024년 8월 - 2025년 12월, 22.9 x 27.9cm(9 x 11인치), 탭 포함, 두꺼운 종이, 나선형 바인드, 내부 포켓",Attitill,22146,22146,4.9,12.0,2024-2025 플래너,,"['포켓', '탭', '주간', '종이', '월간', '바인딩', '두껍다', '내부', '나선형']"
사무용품,플래너 및 수첩,플래너,,B0D22924YZ,"AHGXG 2024-2025 플래너 - 주간 및 월간 플래너 2024년 7월 - 2025년 6월, A5 캘린더 플래너, 월간 탭, 트윈 와이어 바인딩, 내부 포켓 - 퍼플",AHGXG,13836,13836,4.2,22.0,"Comprehensive Planning: Academic Planner 2024-2025 (July 2024 - June 2025) is your essential tool for staying organized throughout the academic year. It includes monthly and weekly pages, plus special sections for yearly overview, important dates, habit tracking, yearly goals, and more provide comprehensive organization. A5 size (6.1""x8.38""), suitable for carrying around or putting into your bag or purse, takes your plan on the go! Monthly Overview: Each month covers two full pages, containing unruled daily blocks with reminders for US holidays, offering ample space for daily and appointment scheduling. Reference calendars for the previous and next month provide easier year-round planning and tracking, making it great for long-term planning. Weekly Planning: Each week covers priorities and offers ample lined writing space for your daily to-do list, important appointments, activities, and more. Major holidays are noted, along with reminders for elapsed and remaining days. 2 month reference previews allow for tracking all days with a clear weekly view. Versatile Productivity Planner: This 2024-2025 planner provides practical organization to meet the needs of students, teachers, professionals, and homemakers. Its professional design features cater to productivity-focused individuals, making it an ideal choice. Additionally, it makes a thoughtful gift for anyone valuing organization! Professional Design: 2024-2025 Planner is made with 100GSM premium thick paper to prevent ink bleed. It features a durable flexible plastic cover and strong twin-wire binding, ensuring longevity. Enjoy user-friendly designs: self-adhesive pen holder, removable bookmark ruler, inner pocket, monthly tab, memo sticker, and sticky notes divider, enhancing your planning convenience.",,"['월간', '포켓', '퍼플', '트윈', '탭', '캘린더', '주간', '와이어', '바인딩', '내부']"
사무용품,플래너 및 수첩,플래너,,B0D2RYHJ4W,"ban.do Daily Planner 2024-25, 대형 주간 플래너, 2024년 8월 - 2025년 12월, 월간 달력, 스티커 및 포켓이 있는 하드커버 나선형 플래너, 튤립 핑크",ban.do,48405,48405,4.6,20.0,"2024-2025 주간 및 월간 플래너: 모든 계획의 꿈이 실현될 것입니다! 플래너 북은 2024년 8월부터 2025년 12월까지 17개월 동안 사용할 수 있습니다 데이 플래너: 나선형 플래너에는 주간 스프레드가 있으며 일일 계획을 위한 크고 열린 공간이 있습니다. 각 주간 달력은 모든 중요한 휴일을 기록하며 격려적인 문구나 재미있는 그래픽이 있습니다 월간 플래너: 각 월간 달력은 중요한 휴일을 보여주고 목표, 알림 등을 위한 공간을 남깁니다. 또한 매월 말에 추가 정보를 위해 2개의 줄이 있는 노트 페이지가 있습니다 플래너 액세서리: 다채로운 스티커 3페이지, 스트레스 해소를 위한 컬러링 페이지, 보관용 포켓 2개가 포함되어 있습니다. 또한 집중력을 유지하는 동안 햇볕을 유지할 수 있도록 셀프 케어에 중점을 둡니다 고품질 디자인: '24-'25 플래너는 두꺼운 하드커버, 내구성 있는 와이어 나선형 및 색상 코드 라미네이트 탭 칸막이가 있습니다. 날짜 책은 놀라운 삽화, 수많은 스티커로 채워져 있으며 크기는 25.4 x 20.3 cm(10 x 8 인치)입니다","모든 계획의 꿈이 실현될 것입니다! ban.do의 캘린더, 플래너 및 오거나이저는 놀라운 삽화, 수많은 다채로운 스티커, 컬러링 페이지 등으로 가득합니다. Agenda 2024-2025에는 연도, 월, 주 뷰가 포함되어 있어 이 노트북 플래너를 모든 유형의 일정에 맞는 최고의 개인 정리함으로 만듭니다. 2024년 플래너의 각 월간 달력에는 줄이 그어진 노트 열과 인접한 달을 한눈에 볼 수 있는 편리한 달력이 있어 빠르고 쉽게 참조할 수 있습니다. 각 주간 플래너 페이지에는 일일 계획을 위한 공간이 있으며 모든 중요한 휴일(Dolly Parton의 생일 및 전국 피자 파티 데이)을 기록합니다. 이 작업 플래너 안에는 노트 페이지, 믿을 수 없을 정도로 좋은 삽화, 다채로운 스티커, 컬러링 페이지, 목표와 습관 추적을 위한 많은 공간, 더 많은 플래너 액세서리가 있습니다. 할 일 플래너로 사용하든 셀프 케어로 사용하든, 이 개인 정리함은 2024년 8월부터 2025년 12월까지 계획을 보호할 것입니다! 이 17개월 약속 플래너는 나선형 바운드 디자인의 대형 사이즈이며 길이 25.4cm(10인치) x 너비 20.3cm(8인치)로 어디에나 휴대할 수 있습니다.","['페이지', '월간', '주간', '계획', '스티커', '달력', '나선형', '공간', '휴일', '중요하다']"
사무용품,플래너 및 수첩,플래너,,B0B2RD6XXN,S&O Best Week Ever 날짜 없는 주간 플래너 - 삶을 정리하는 목표 플래너 - 52주 날짜 없는 플래너 - 할 일 목록 플래너 - 습관 추적기 플래너 - 달력 노트 약속 플래너 - 15.2 x 21cm(6 x 8.25인치),Sweetzer & Orange,11066,11066,4.5,337.0,"업무 수행 — 약속, 마감일 및 사교 행사를 머리 꼭대기에서 기억하는 것은 스트레스가 됩니다. 매주 여러분을 응원하기 위한 새로운 동기 부여 인용문과 함께 이 작은 주간 플래너 날짜 표시되지 않은 레이아웃에 작업과 책임을 기록하세요 진행 상황 추적 — 목표를 깨기 시작하세요. 주간 할 일 목록에서 확인란을 선택하면 성취감을 느껴보세요. 이 날짜가 표시되지 않은 월간 플래너를 통해 동기를 부여하고 우선 순위를 향해 계속 노력하세요 펜을 종이에 넣으세요 — 때로는 복잡한 디지털 세상에서 단순함이 여전히 우세합니다. 이 저널과 플래너를 사용하여 생일, 기념일 및 아이디어를 추적하세요. 이벤트나 과제를 기록하는 행위는 기억할 가능성이 높아집니다 나만의 창의적인 아울렛 — 이 노트북 플래너를 나만의 작은 세계로 바꿔보세요. 중요한 날짜에 스티커를 추가하세요. 작업에 대한 생각이나 사이드 노트를 적어 두세요. 재미있는 낙서를 그려서 주간 플래너 노트를 개인화하세요 마음의 평화를 찾으세요 — 일과 삶의 균형을 개선하세요. 저널 플래너를 사용하여 운동 시간과 야외 시간을 예약하세요. 이 데이트리스 플래너를 사용하면 심부름, 집안일 및 필요한 시간을 차단할 수 있습니다",,"['날짜', '주간', '노트', '추적', '표시', '동기', '약속', '삶', '기록', '기억']"
사무용품,플래너 및 수첩,플래너,,B0CPB8NT9R,"Moleskine 클래식 12개월 2025 주간 플래너, 하드 커버, 포켓 (8.9cm x 14cm(3.5인치 x 5.5인치)), 사파이어 블루, 144페이지",Moleskine,31093,31093,,,"2025년 1월부터 12월까지 날짜 하드 및 소프트 커버는 다양한 색상으로 제공됩니다. 아이보리 색상, 70g/m², 중성 종이 둥근 모서리, 신축성 있는 클로저 및 어울리는 리본 책갈피, 색상이 조화를 이루는 확장 가능한 내부 포켓 유용한 도구: 달력, 여행 계획, 아이디어 및 목표, 노트용 유선 페이지. 계획을 맞춤 설정할 수 있는 스티커와 척추용 연도 스티커 이 Moleskine 물체의 종이는 잘 관리되고 FSC 인증 숲 및 기타 통제된 출처의 소재로 만들어졌습니다.",Moleskine 주간 노트는 1월부터 12월까지 날짜가 표시됩니다. 왼쪽에 주의 약속을 표시하고 오른쪽에 메모와 아이디어를 위한 유선 페이지를 표시하도록 포맷된 이 제품은 노트북의 자유를 통합하는 편리하고 다재다능한 플래너입니다.,"['표시', '페이지', '아이디어', '유선', '포켓', '계획', '스티커', '날짜', '종이', '노트']"
사무용품,플래너 및 수첩,플래너,,B09LZD529F,"Rocketbook 스마트 재사용 가능한 일상 플래너. 주, 월, 연간, 할 일 목록, 목표 템플릿. 저널 및 노트 페이지. 날짜가 없는 오거나이저, 15.2cm x 22.4cm (6 x 8.8인치) 펜과 천이 있는 이그제큐티브 사이즈, 청록색",Rocketbook,55386,55386,4.5,1217.0,"끝없는 재사용 가능 - Rocketbook Everyday Planner에는 일간, 주간, 월별 및 연간 계획을 포함한 8개의 독특한 페이지 템플릿과 저널 및 노트 페이지가 있습니다. 계획, 스캔, 지우기 및 재사용하기만 하면 됩니다. 다용도 - 날짜가 없는 템플릿 페이지와 저널 노트 페이지는 계획 스타일에 맞게 조정되고 플래너의 죄책감을 줄여줍니다. 간단히 지우고 다시 작성하여 계획, 목표, 일정 및 메모를 쉽게 변경할 수 있습니다. 클래식한 펜 및 종이 느낌 - 부드러운 필기를 가능하게 하는 특허받은 종이 기술로 펜에서 종이의 유행을 타지 않는 느낌을 경험하십시오. Rocketbook 앱을 통해 손으로 쓴 계획을 디지털 세계에 쉽게 연결할 수 있습니다. 생산성 잠금 해제 - 무료 Rocketbook 앱으로 손으로 쓴 계획과 메모를 디지털화하고 스캔할 수 있어 구글 드라이브, 드롭박스, 에버노트, 원노트, 슬랙, 아이클라우드 등을 포함한 클라우드 서비스에 원활하게 업로드할 수 있습니다. 패키지 구성 - Rocketbook 이그제큐티브 사이즈 일상 플래너 1개(15.2cm x 22.4cm(6인치 x 8.8인치)), Pilot Frixion 펜 1개, 극세사 천 1개","Everyday Planner는 은하계 최초의 죄책감 없는 플래너입니다. 미니멀리스트 템플릿과 날짜가 표시되지 않은 페이지를 갖춘 이 플래너는 계획 스타일에 완벽하게 적응합니다. 즉, 판단이나 낭비 없이 일, 몇 주 또는 몇 달을 건너뛸 수 있습니다. 다른 Rocketbook 노트와 마찬가지로 이 플래너는 Rocketbook 앱과 함께 작동하여 계획을 디지털화하고 메모를 공유하며 디지털 체크리스트를 만들 수 있습니다. Pilot FriXion 펜으로 글을 쓴 다음 물로 페이지를 마법처럼 지워 에브리데이 플래너를 반복해서 재사용할 수 있습니다. 계획이 있다는 것을 알고 있습니다. 이제 종이에 적어둘 시간입니다.","['계획', '페이지', '펜', '종이', '템플릿', '재사용', '노트', '메모', '앱', '날짜']"
사무용품,플래너 및 수첩,플래너,,B0BW9SCNT8,"2024-2025 월간 플래너 - 2024년 7월 - 2025년 12월, 월 2페이지, 탭이 있는 18개의 월간 캘린더/플래너, 강력한 트윈 와이어 바인딩, 내부 포켓, 16.4cm x 21.6cm(6.4 x 8.5인치), 장미 잎",Heveboik,13836,12451,4.6,613.0,"2024-2025 월간 플래너 - 2024년 7월부터 2025년 12월까지 이 플래너 2024-2025는 18개월의 주간 및 월간 페이지를 커버하므로 일년 내내 쉽게 계획하고 정리할 수 있습니다. 사이즈는 16.3 x 21.6cm(6.4 x 8.5인치)이며 백팩이나 작업 가방에 적합합니다. 전문적인 디자인 - 줄이 있는 일일 블록, 할 일 및 메모 섹션이 있는 2페이지 스프레드당 1개월, 빠른 넘김을 위해 탭이 있으며, 매월 리뷰 페이지 및 할 일 목록 페이지가 포함되어 있습니다 더 유용한 페이지 - 2024-2025년 연간 개요/개인 정보 및 연간 목표/연락처 페이지/중요한 날짜 및 라인 노트 페이지. 탭 및 포켓 - 매월 라미네이트 탭, 티켓, 카드, 종이 등과 같은 느슨한 물건을 보관할 수 있는 내부 포켓으로 분리됩니다 프리미엄 두꺼운 용지 - 이 2024-2025 달력은 백지이며 평소보다 20% 두껍습니다. 이 플래너의 용지는 잉크 방지 기능이 있으며 페더링을 방지하도록 설계되었습니다. 아카이브 품질의 페이지는 중성 종이로 만들어졌으며 빛과 공기에 의한 손상을 방지합니다.","이 2024-2025 월간 플래너(2024년 7월 - 2025년 12월) 크기는 16.4cm x 21.6cm(6.4인치 x 8.5인치)입니다. 간단한 페이지 디자인과 중요한 정보를 모두 담을 수 있는 충분한 공간. 줄이 있는 일일 블록, 할 일 및 메모 섹션이 있는 2페이지 스프레드당 한 달, 빠르게 넘길 수 있도록 탭으로 되어 있으며, 매월 리뷰 페이지 및 할 일 목록 페이지가 포함되어 있습니다. 기타 유용한 페이지: 2024-2025년 연간 개요/개인 정보 및 연간 목표/연락처 페이지/중요한 날짜 및 라인 노트 페이지. 매달 라미네이트 탭, 티켓, 카드, 종이 등과 같은 느슨한 물건을 보관할 수 있는 내부 포켓으로 분리됩니다. 이 월간 플래너 2024-2025는 백지로 평소보다 20% 두껍습니다. 이 플래너의 용지는 잉크 방지 기능이 있으며 페더링을 방지하도록 설계되었습니다. 아카이브 품질의 페이지는 중성 종이로 만들어졌으며 빛과 공기에 의한 손상을 방지합니다.","['페이지', '월간', '방지', '탭', '포켓', '연간', '종이', '중요하다', '매월', '용지']"
사무용품,플래너 및 수첩,플래너,,B0CQLT1Y8H,"2024-2025 플래너 - 주간 및 월간 플래너 2024-2025, 16.3 x 21.3cm(6.3 x 8.4인치), 아카데믹 플래너 2024-2025년 7월 - 2025년 6월, 내부 포켓, 프리미엄 종이, 트윈 와이어 바인딩, 삶을 생산적으로 만드세요",Vindora,8296,8296,4.6,193.0,"2024-2025 플래너 - 이 학술 플래너 2024-2025는 2024년 7월부터 2025년 6월까지 16 x 21.3cm(6.3 x 8.4인치)(A5 사이즈)이며, 12개의 월간 페이지와 53개의 주간 페이지가 특징이며, 일년 내내 쉽게 계획하고 일정을 잡을 수 있습니다. 학학년도에 2024-2025. 정리된 상태 유지 - 이 플래너 2024-2025로 일, 주, 월 또는 일년 내내 계획을 세우세요. 정리하고 삶의 우선 순위를 정할 수 있습니다. 연중 반에 목표를 설정하면 약속을 추적하고 매일 목록을 작성하고 2024-2025년에 목표를 관리 및 달성할 수 있습니다! 잉크 번짐 방지 - 2024-2025 주간 월간 플래너는 우수한 잉크 번짐 방지를 위해 설계된 프리미엄 종이로 만들어져 번짐에 대한 걱정 없이 월별 보기 페이지에서 일정을 계획하고 장기 계획을 세울 수 있습니다. 내구성 및 쉬운 사용 - 2024-2025 플래너는 유연하고 방수 기능이 있는 블랙 커버가 있어 일년 내내 지속적으로 사용할 수 있습니다. 강력한 트윈 와이어 바인딩과 넘기기 쉬운 페이지로 플래너를 쉽게 평평하게 놓고 언제 어디서나 아이디어를 쓸 수 있습니다. 훌륭한 선물 선택 - 15개의 노트 페이지, 12개의 월간 탭, 내부 포켓이 있는 이 2024-2025 플래너는 일상 계획, 메모 작성 및 직장, 학교 및 집에서 휴대할 수 있습니다. 친구, 학생, 선생님, 어린이, 가족 구성원, 특히 생일, 기념일 선물로 바쁜 사람에게 이상적인 선물입니다.",,"['계획', '페이지', '월간', '선물', '주간', '내내', '쉽다', '삶', '와이어', '방지']"
사무용품,플래너 및 수첩,플래너,,B0CP3XTNYN,"2024 플래너, 12개월 주간 월간 플래너, 2024년 12월부터 DEC.2024, 21.6 x 16.4cm(8.5 x 6.4인치), 2024-2025 하드커버 플래너 노트, 나선형 바인드, 스티커 및 스티커 인덱스 탭 포함 (꽃)",YUNYEENEEN,9681,9681,4.4,22.0,"★ 【현명하게 미리 계획하기에 완벽】-- YUNYEENEEN 2024 플래너는 2024년 1월부터 2024년 12월까지 12개월을 커버하여 일년 내내 쉽게 계획할 수 있습니다. 캘린더 플래너는 매월 전체 월간 보기 페이지를 제공합니다. 더 자세한 계획을 위해 전체 주간 보기로 페이지를 분리하세요. 명확한 정리와 독특한 스타일로 중요한 마감일, 특별 이벤트 등을 추적하세요. 16.3 x 21.6cm(6.4 x 8.5인치) 아카데믹 플래너 2024는 사용과 휴대가 쉽습니다. ★ 【2024년 월간 계획】-- 각 월간 페이지에는 줄이 없는 일일 블록 + 특별 이벤트를 위한 유선 할 일 목록 + 해당 날짜에 표시된 휴일 + 간단한 과거 검토 및 향후 계획을 위한 지난 달과 다음 달의 미니 캘린더 2개가 포함되어 있습니다. 월간 플래너는 장기간에 걸쳐 계획을 단순화하여 시간 관리 기술을 향상시킬 수 있습니다. 정리된 상태를 유지하고 스트레스를 줄이고 더 많은 자유 시간을 즐길 수 있습니다! ★ 【2024 주간 계획】-- 이 플래너 2024의 주간 보기 페이지에는 자세한 일일 계획, 약속, 활동 등을 위한 충분한 안감 필기 공간이 포함되어 있습니다. 휴일은 중요한 날짜를 상기시키기 위해 표시되어 있습니다. 또한 이번 주 + 월 및 다음 달 미니 캘린더의 가장 중요한 할 일 목록을 위한 최고의 ""우선 순위"". ★ 【내구성 및 독점 프리미엄 플래너】-- 고품질 프리미엄 백지로 인쇄하여 계획을 깔끔하고 읽기 쉽게 유지합니다. 4개의 코너 프로텍터가 있는 내구성 있는 하드커버는 이 2024 주간 플래너를 나선형 바인딩으로 내구성이 뛰어나고 내부 페이지를 더 잘 보호합니다. 견고한 골드 트윈 와이어 바인딩으로 페이지를 쉽게 넘길 수 있습니다. 또한, 현대적인 미니멀리즘 디자인으로 데일리 및 주간 플래너를 화려한 눈길을 사로잡습니다. 내구성이 뛰어나고 기능적이며 심플하게 아름답습니다 ★ 【편리한 기능 정리】-- 정교한 하드 커버 | 두꺼운 용지 | 주간 및 월간 페이지 | 금속 둥근 모서리 | 트윈 와이어 바인딩 | 신축성 있는 클로저 | 내부 포켓 | 월간 탭 | 연락처 | 2024-2025 참조 캘린더 | 2024-2025 휴일 참조 | 빠른 참조 정보. 멋진 스티커 4장 위에 시각적 태그와 알림에 사용할 수 있습니다!",,"['계획', '월간', '주간', '페이지', '구성', '캘린더', '휴일', '스티커', '정리', '참조']"
사무용품,플래너 및 수첩,플래너,,B0CGXG39TH,"2024 플래너 주간 및 월간 아젠다 북, 연간 달력 계획 할 일 목록 노트, 21.6 x 27.9cm(8.5 x 11인치), 월간 탭, 내부 포켓, 방수 커버, 펜 루프, 나선형 바인딩 (핑크 나비, A4)",ALLGOD,11066,11066,4.2,29.0,"전문 디자인 플래너: 명확하고 읽기 쉬운 레이아웃이 특징인 2024년 1월부터 2024년 12월까지의 월간 및 주간 페이지로 일 년 내내 정리된 상태를 유지하세요. 플래너에는 개인 정보, 연간 개요, 연간 목표, 중요한 날짜, 휴일, 연락처 및 메모에 대한 유용한 섹션이 포함되어 있어 원활한 계획과 효과적인 시간 관리가 가능합니다. 월간 목표 설정: 명확하게 정의된 목표, 할 일 목록 및 리뷰 섹션으로 월간 계획을 관리하세요. 월간 플래너에는 12개월의 월간 페이지가 포함되어 있어 중요한 마감일, 특별 이벤트 및 일상 작업을 쉽게 추적할 수 있습니다. 각 플래너 노트에는 약속, 계획 및 할 일을 적어 둘 수 있는 충분한 공간이 있습니다. 주 최대화 : 주간 집중, 최우선 과제, 후속 조치, 약속, 습관 추적, 할 일 목록, 감사해야 할 일, 주간 리뷰 및 메모를 포함한 종합적인 주간 보기 페이지로 주간 일정을 최적화하십시오. 일일 일정을 정리할 수 있는 넓은 공간. 고품질 용지: 마커로 번짐을 방지하고 훌륭한 필기 경험을 제공하는 두꺼운 종이. 오프 화이트 종이는 표백제가 없으며 눈에 부드럽게 닿습니다. 코팅된 탭은 매달 빠르게 사용할 수 있습니다. 기능적인 디자인: 내구성이 뛰어난 트윈 와이어 바인딩과 튼튼한 PVC 커버는 플래너가 일상적인 마모를 견딜 수 있도록 보장하므로 일년 내내 신뢰할 수 있습니다. 또한 내부 확장 가능한 포켓으로 중요한 문서와 메모를 항상 보관할 수 있습니다.","Allgod의 2024 12개월 주간 플래너로 앞서 나가세요. 나비 블루 또는 핑크 커버를 보호하는 트윈 바인딩 나선형 디자인이 특징입니다. 자세한 약속, 미리 알림 및 메모가 포함된 두 페이지에 걸쳐 있는 넓은 주간 보기로 월별, 매주 및 일상을 정리하세요./이 플래너는 월간 마스터 플래너 섹션과 일일 계획을 위한 주간 페이지가 함께 제공되며, 자발적인 이벤트와 중요한 항목을 기록하기 위한 줄이 있는 일일 블록과 메모 열이 포함되어 있습니다. 또한 플래너에는 휴일, 메모 및 할 일 목록에 대한 섹션이 포함되어 있습니다./새로운 주간 보기는 모든 스프레드의 메모와 목록을 위한 전체 페이지를 특징으로 하여 모든 계획 요구 사항을 위한 충분한 공간을 제공합니다. 이 플래너는 두 가지 크기로 제공됩니다 - 전체 용지 크기(21.6cm x 27.9cm(8.5인치 x 11인치)) 및 휴대용(20.3cm x 15.2cm(8인치 x 6인치)) - 특정 요구 사항을 충족합니다. 더 많은 공간과 할 일을 위해 전체 용지 크기를 선택하거나 더 가벼운 옵션을 위해 휴대용 크기를 선택하십시오./두 사이즈 모두 고품질 순수 흰색 용지가 특징이며, 잉크 누출, 지우기, 마모 및 음영 문제에 강합니다. 가장 열정적인 아티스트 또는 플래너에게 적합합니다. Allgod의 2024 주간 월간 플래너로 정리하세요 - 일정을 잘 유지할 수 있도록 도와주는 최고의 플래너입니다!","['주간', '월간', '메모', '계획', '페이지', '목록', '특징', '공간', '중요하다', '용지']"
사무용품,플래너 및 수첩,플래너,,B0CYL9HQCQ,"월간 플래너 2024-2025, 월간 캘린더 플래너, 18개월 플래너, 2024-2025년 7월, AIMPEAK 캘린더 플래너 2024-2025, 포켓 포함, 펜 루프, 퍼플 대리석, 21.6cm x 27.9cm(8.5 x 11인치)",AIMPEAK,19376,15498,4.6,222.0,"2024-2025 월간 플래너: 이 월간 플래너는 생산성을 높이고 목표를 달성하는 데 도움이 됩니다. 2024년 7월부터 2025년 12월까지 디자인되었으며, 18개월의 월간 페이지로 쉽게 계획할 수 있습니다. 2024-2025년 달력 개요, 개인 정보, 목표 및 계획, 중요한 날짜 페이지, 비밀번호 페이지, 2024-2025년 휴일 페이지, 2년 개요, 연락처 페이지 및 메모 페이지를 포함하여 기능적으로 디자인된 추가 페이지. 명확한 월간 개요: Aimpeak 2024-2025 월간 플래너에는 18개월의 월간 페이지가 포함되어 있으며 빠른 참조를 위해 월간 탭이 있습니다. 풍부한 콘텐츠에는 월별 목표, 할 일 목록, 리뷰, 주요 휴일, 경과 및 남은 날짜가 포함되어 있습니다. 중요한 마감일, 특별 이벤트 등을 매월 추적하고, 월간 목표를 설정하고 명확한 구성으로 달성하세요. 항상 한 달 동안 리뷰를 작성하세요. 세련된 디자인: 이 2024-2025 월간 캘린더 플래너의 대리석 패턴 커버 디자인은 더 패셔너블하고 매력적입니다. 이 18개월 플래너는 PVC 커버, 방수 기능을 사용하여 내부의 모든 시트를 잘 보호합니다. 트윈 와이어 바인딩은 플래너를 펼쳤을 때 평평하게 유지되어 쓰기 쉽습니다. 기능적인 월간 달력: 월간 플래너에는 느슨한 종이와 문서를 보관할 수 있는 내부 포켓과 편리함을 위한 펜 루프가 포함되어 있습니다. 고품질 중성 용지는 잉크 번짐을 줄이고 항상 훌륭한 필기 경험을 제공합니다. 클래식하고 세련된 외관의 조합으로 탁월한 질감. 판매 후 보장: 품질 문제가 있거나 어떤 이유로든 월간 플래너를 받은 후 완전히 만족하지 못하는 경우 주저하지 말고 저희에게 연락해 주시면 최대한 빨리 문제를 해결해 드리겠습니다. 고객 만족은 개선을 위한 가장 큰 동기입니다",,"['월간', '페이지', '디자인', '개요', '캘린더']"
사무용품,플래너 및 수첩,플래너,,B0D4RBVYMT,"7x9 나선형 월간 플래너(2024년 8월 - 2025년 7월) - Bold Blooms 클래식 커버, 월간 달력 및 노트북, 대담한 꽃 인테리어 디자인, 플래티넘 코일",Erin Condren,56078,56078,,,"편리한 캘린더 및 노트: 이 캘린더 페이지와 노트 페이지의 콤보는 큰 그림 계획, 스케줄링, 목표 설정, 저널링 및 생산성 추적을 모두 한 곳에서 수행할 수 있습니다. 프로젝트를 위한 월간 플래너: 이 월간 오거나이저는 측면 허슬, 작업 프로젝트, 팀 및 클럽 및 그 사이의 모든 것을 관리할 수 있도록 도와줍니다. 정리하여 목표를 달성하세요: 이 캘린더 플래너를 사용하여 시간 관리 및 생산성을 개선하고 대규모 프로젝트를 관리하고 달성할 수 있습니다. 오래 사용할 수 있도록 제작된 플래너: 미국에서 디자인, 인쇄 및 손으로 감아 두꺼운 36.3kg(80파운드). 텍스트 중량 용지, 이 플래너는 오래 사용할 수 있도록 제작되었습니다. 플래너 그 이상: 생산성 페이지, 교체 가능한 커버(양면 및 습식 지우기), 탭, 스티커 등을 포함한 추가 제품이 함께 제공됩니다.",,"['월간', '프로젝트', '페이지', '관리', '생산', '캘린더', '커버', '노트', '제작', '디자인']"
사무용품,플래너 및 수첩,플래너,,B0B5SC5VJY,월간 플래너 날짜 없음 (라지 x 1팩),The Wall Calendar by Chrio,16606,16606,4.5,256.0,"이상적인 사이즈를 선택하세요: 이 날짜 표시되지 않은 플래너는 21 x 15.2 cm(8.25 x 6인치) 및 29.2 x 21cm(8.5 x 8.25인치)의 두 가지 크기로 제공되어 귀하의 필요와 선호도에 맞습니다. 작든 큰 플래너를 원하든 상관없이 저희가 해결해 드립니다. 원하는 속도로 계획: 이 플래너를 사용하면 언제 어디서나 계획을 세울 수 있습니다. 더 이상 페이지를 낭비하거나 한 달을 건너뛰는 죄책감을 느끼지 않아도 됩니다. 일정과 목표에 따라 플래너를 맞춤 설정할 수 있습니다. 심플하고 현대적인 디자인을 감상하세요. 이 플래너는 목표, 작업 및 메모를 작성할 수 있는 충분한 공간이 있는 미니멀리스트 레이아웃을 가지고 있습니다. 커버는 내구성이 뛰어난 종이로 만들어졌으며 무광 마감으로 매끄럽고 스타일리시해 보입니다. 추가 페이지 활용: 이 플래너에는 빠른 메모를 작성하거나 아이디어를 적거나 낙서를 할 수 있는 추가 페이지가 있습니다. 알림부터 스케치까지 원하는 모든 용도로 사용할 수 있습니다. 다양한 용도로 사용: 이 플래너는 다용도로 사용할 수 있으며 학교, 사무실, 체육관, 개인 다이어리, 여행 등과 같은 다양한 용도로 사용할 수 있습니다. 진행 상황을 추적하고, 활동을 계획하고, 추억을 기록하고, 목표를 달성하는 데 사용할 수 있습니다.",,"['페이지', '계획', '날짜', '작성', '추가', '메모', '리스트', '마감', '맞춤', '활용']"
사무용품,플래너 및 수첩,플래너,,B0CN8RK3D6,"Planner 2024-2025 - AUG 2024 - DEC 2025, 22.9 x 27.9cm(9 x 11인치) 아카데믹 플래너 2024-2025, 플래너 2024-2025 일일 주간 및 월간, 월간 탭, 트윈 와이어 바인딩, 유연한 방수 커버, 두꺼운 종이",Youthamazing,9681,9681,4.5,21.0,"2024-2025 플래너 - 2024년 8월부터 2025년 12월까지 17개월을 커버합니다. 사이즈는 22.9 x 27.9cm(9 x 11인치)이며 휴대와 사용이 편안합니다. 또한 월별 탭을 제공하여 연간 추적을 쉽게 할 수 있습니다. 월간 페이지 - 각 월간 페이지에는 휴일 및 율리우스 날짜가 포함된 일일 블록이 제공됩니다. 이 플래너 2024-2025 주간 및 월간 플래너 섹션, 할 일 목록 및 2개의 참조 캘린더가 포함되어 있어 더 나은 검토와 계획을 세울 수 있습니다. 또한 17개의 월간 탭을 통해 일정을 빠르게 추적하고 찾을 수 있습니다. 주간 페이지 - 이 플래너 2024-2025에는 2024년 8월부터 2025년 12월까지의 주간 페이지, 유선 쓰기 공간 및 월간 참조 달력이 포함되어 있습니다. 또한, 강조된 휴일과 율리우스 날짜는 삶을 더 잘 정리하는 데 도움이 될 것입니다. 특징 - 22.9 x 27.9cm(9 x 11인치) 월간 및 주간 페이지 | 빠른 참조 정보 | 3년 참조 | 휴일 | 연락처 페이지 3개 | 수업 일정 4개 | 13개의 노트 페이지 | 목표 및 메모 | 두꺼운 용지 | 유연한 커버 | 트윈 와이어 바인딩 | 월간 탭 프리미엄 용지 - 이 주간 월간 플래너는 향상된 품질의 백지로 만들어졌으며 번짐 방지 디자인으로 계획을 깔끔하고 명확하게 유지합니다.",,"['월간', '페이지', '주간', '탭', '참조', '휴일', '커버', '일일', '바인딩', '와이어']"
사무용품,플래너 및 수첩,플래너,,B0D3J43DQT,"Lilly Pulitzer Daily Planner 2024-2025, 대형 아젠다 날짜 2024년 8월 - 2025년 12월, 스티커, 포켓 및 나선형 바인딩이 있는 주간 플래너, 하드커버 플래너 (칼립소 선 엔지니어링)",Lilly Pulitzer,41480,41480,4.7,8.0,"2024-2025 주간 및 월간 플래너: 아젠다는 2024년 8월부터 2025년 12월까지 17개월 동안 제공됩니다. 플래너 북에는 총 272개의 페이지와 골드 디테일이 있는 인쇄된 하드 커버가 포함되어 있습니다 데이 플래너: 각 주간 달력에는 요일을 계획할 수 있는 줄이 그어져 있습니다. 모든 주간 플래너 페이지에는 주요 공휴일이 나열되어 있으며 일상적인 작업과 활동을 위한 수많은 공간이 있습니다 월별 달력: 매월은 라미네이트 탭으로 나뉘어져 있으며 매일의 열린 상자, 주요 휴일 목록, 목표를 설정하고 목록을 작성할 수 있는 줄 지어 있는 ""할 일"" 열이 포함되어 있습니다 플래너 액세서리: 2024-2025 플래너는 다채로운 스티커, 강화된 양면 포켓 페이지, 내구성 있는 골드 메탈 나선형 및 신축성 있는 밴드 클로저가 특징입니다. 또한 메모 페이지, 축하 날짜, 주소 및 여행 일기를 위한 페이지 귀여운 플래너: 날짜 책은 손으로 그린 아트 인테리어와 생생한 Lilly Pulitzer 패턴으로 인쇄된 튼튼한 하드커버로 완성됩니다. 나선형 플래너의 크기는 22.9 x 19.1 x 2.5cm(9 x 7.5 x 1인치)입니다",,"['페이지', '주간', '날짜', '나선형', '스티커', '하드커버', '포켓', '골드', '인쇄', '목록']"
사무용품,플래너 및 수첩,플래너,,B0BRZYYB6S,"2024-2025 플래너 - 주간 및 월간 플래너 2024-2025년 7월 - 2025년 6월, 16 x 21.3cm(6.3 x 8.4인치), 2024-2025 플래너 나선형 바인딩, 월간 탭 포함, 뒷면 포켓",Feteulo,8296,7742,4.7,391.0,"✨ 2024-2025 플래너 - 2024년 7월 - 2025년 6월, 하드커버가 있는 2024-2025 주간 및 월간 플래너는 12개월의 월간 및 주간 페이지를 커버하여 일년 내내 쉽게 계획할 수 있습니다. 크기는 약 16.3cm x 21.6cm(6.4인치 x 8.5인치)로 사용과 휴대가 쉽습니다. 월간 개요 - 이 2024-2025 플래너의 각 월간 페이지에는 월별 개요와 잊어버린 경우 중요한 일정을 추적할 수 있는 메모 섹션이 포함되어 있습니다. 영감을 주는 인용문은 간단한 과거 검토 및 향후 계획을 위한 이전 및 다음 달 캘린더 참조로 계속 동기를 부여합니다. 율리우스 력 날짜는 2024-2025년의 과거와 남은 날을 상기시킵니다. 주간 계획 - 각 주간 스프레드에는 주요 품목을 위한 우선 순위 공간이 있으며, 약속, 이벤트 및 마감일 등과 같은 자세한 일일 일정을 적어 둘 수 있는 충분한 글씨가 있습니다. 표시된 휴일은 중요한 날짜를 상기시켜 주간을 명확하게 볼 수 있으며 모든 날을 추적합니다. ✨ 기능적 특징 - 정교하고 단단하고 유연한 커버 | 트윈 와이어 바인딩 | 신축성 있는 클로저 | 내부 포켓 | 12개의 월간 탭 | 연간 개요 | 연락처 | 빠른 참조 정보 | 휴일 참조 | 율리우스 력 날짜 | 영감을 주는 인용문 | 메모. 훌륭한 정리함 - 이 2024-2025 플래너 나선형 바인딩은 물건을 정리하고 모든 것을 정리하는 데 필요한 모든 것입니다. 생활/직장/공부가 더 효율적으로 되는 데 도움이 됩니다. 목표/꿈을 달성하는 데 도움이 되는 훌륭한 시간 관리 도구!",,"['월간', '주간', '개요', '계획', '정리', '날짜', '참조', '휴일', '율리우스', '인용문']"
사무용품,플래너 및 수첩,플래너,,B0CPYKN66V,"업무용 회의 노트 - 회의 일정 노트, 17.8 x 25.4cm(7 x 10인치), 메모용 작업 노트, 날짜 없는 페이지 80개, 신축성 있는 밴드, 튼튼한 바인딩, 페이지 분리 스티커 18개",WowYoga,10373,10373,4.0,10.0,"회의용 노트 - 이 날짜가 표시되지 않은 업무용 미팅 노트는 약 17.8 x 25.4cm(7 x 10인치)로 작업 메모 작성에 적합한 크기이며, 일상 작업 요구 사항을 충족하는 80개의 회의 노트 페이지가 포함되어 있습니다. 사무실 근로자를 위한 최고의 선택입니다. 명확하고 구체적인 페이지 - 회의 메모 작성을 위한 사무실 노트에는 명확하고 구체적인 메모 작성 페이지가 있습니다. 각 페이지는 4개의 영역, 회의 일정 부분, 회의 내용 부분, 회의 후속 부분, 다음 회의 계획 부분 총 4개로 구분되어 녹화에 도움이 됩니다. 모든 것을 추적할 수 있게 하세요 - 이 회의 기록부는 해당 내용을 작성할 수 있는 명확한 블록을 제공하며 특정 회의 프레임워크를 설정할 수 있습니다. 회의에 대한 모든 것은 정신적 기억에 달려 있거나 다른 사람들이 생각나게 하고 알릴 필요가 없습니다. 회의에 대한 모든 것은 이 회의 기록부에 기록될 수 있어 후속 작업 할당, 상태 후속 조치 및 책임에 편리합니다. 회의는 더 이상 주제 없이 시간 낭비가 될 것입니다! 전문적인 디자인 - 클래식 PP 커버 + 골든 포일 로고 + 탄성 밴드 + 두꺼운 레코드 페이지 + 튼튼한 바인딩 + 80피스 회의 노트 작성 페이지 + 페이지 분리 스티커 18개 작업 협업 기술 향상 - 이 회의 노트를 사용하면 경력 개발을 더 잘 지원하고, 팀 커뮤니케이션의 허브로 삼고, 직무 책임을 명확히하고, 팀 커뮤니케이션을 개선하고, 궤도를 유지하고 공통 목표를 향해 함께 작업할 수 있습니다. 조화로운 팀 분위기, 행복한 일과 삶을 만듭니다.",,"['회의', '노트', '페이지', '작업', '작성', '명확하다', '메모', '후속', '팀']"
사무용품,플래너 및 수첩,플래너,,B0BPS2NSFL,"Moleskine 클래식 18개월 2023-2024 주간 플래너, 소프트 커버, 포켓 8.9cm x 14cm(3.5인치 x 5.5인치), 사파이어 블루",Moleskine,8960,8960,4.5,92.0,"Moleskine 주간 플래너: 당사의 주간 플래너는 비즈니스 및 여행 계획, 드로잉 및 스케치 다이어리, 독서 저널, 대학/학업 계획 및 기타 전문 프로젝트에 적합합니다 생산성 향상: Moleskine 월간 및 주간 플래너에는 캘린더 그리드, 할 일 목록 페이지, 불렛 저널링 및 기타 프로젝트 추적 스타일이 포함되어 있어 목표를 쉽게 달성할 수 있습니다 선물 품질 플래너: Moleskine 하드 또는 소프트커버 플래너와 저널은 줄이 그어진 페이지나 줄이 없는 페이지로 제공됩니다. 내구성이 뛰어난 바인딩 및 커버는 일상적인 일기, 쓰기 및 스케치를 위해 설계되었습니다 디럭스 페이지: 하드커버 노트, 소프트커버 노트, 카이에 또는 볼란트 저널 또는 플래너의 두꺼운 아이보리 종이 페이지는 볼펜, 만년필 또는 연필로 쓰기에 완벽한 질감을 제공합니다 Moleskine 품질: 당사는 문화, 여행, 기억, 상상력 및 개인의 정체성을 물리적 및 디지털 모두에 전념하고 있습니다. 노트북, 가방, 앱, 스마트 펜 및 노트북에 이러한 노력을 기울입니다",2023년 7월부터 2024년 12월까지 날짜가 지정된 18개월 주간 다이어리/플래너를 사용하면 한 주 전체를 한 눈에 볼 수 있으며 연간 및 월간 스냅샷 페이지를 제공하여 시간을 더 폭넓게 볼 수 있습니다. 그 다음에는 국제 시간대부터 다이얼 코드 및 모든 여행을 기록하는 지도에 이르기까지 여행 계획을 위한 실용적인 정보가 제공됩니다.,"['주간', '페이지', '커버', '여행', '소프트', '계획', '월간', '다이어리', '노트북', '노트']"
사무용품,플래너 및 수첩,플래너,,B087JG42RS,"2024-2025 월간 플래너 - 2024-2025 캘린더/플래너 18개월, 인조 가죽 포함, 22.5 x 29cm(8.8 x 11.4인치), 2024년 7월 - 2025년 12월, 15개의 노트 페이지, 스트롱 트윈 - 와이어 바인딩, 포켓, 월간 탭, 퍼펙트",MaaIbok,10373,10373,4.6,2796.0,"시간 관리 - 이번 7월. 2024 - 2025년 12월(22.5 x 29cm(8.8 x 11.4인치)) 클래식 연간 및 월간 플래너는 18개월의 월간 페이지를 커버하여 계획, 일정 및 추적이 쉽습니다. 이 캘린더는 모든 마감일, 특별 이벤트, 회의, 약속 등을 명확하고 전문적인 스타일로 파악할 수 있도록 도와줍니다. 월간 개요 - 이 달력의 매월 두 페이지로 구성되어 있어 장기 계획에 적합합니다. 또한 4.6 x 5.1cm(1.8 x 2인치) 줄이 없는 일일 블록은 오픈 스케줄링을 위한 충분한 공간을 제공하며 매월 일일 계획을 위한 충분한 공간을 제공합니다. 이전 및 다음 월간 참조 캘린더와 오래 지속되는 탭 칸막이로 일년 내내 쉽게 계획하고 추적할 수 있습니다. 두꺼운 용지 - 이 달력의 두꺼운 용지는 부드러운 필기 경험을 제공하며 잉크 페더링과 누출에 대한 걱정 없이 일정을 계획할 수 있습니다. 개선된 고품질 백지는 누출 방지를 위해 설계되어 계획을 깔끔하고 읽기 쉽게 유지합니다. 놀라운 정리 - 모든 중요한 휴일을 상기시키기 위해 강조된 연방 공휴일. 장기 계획을 위한 3년 개요 달력. 15개의 유선 노트 페이지로 생각, 아이디어, 인용문 등을 적어 둘 수 있습니다. 전화/주소 페이지에서 주요 연락처를 관리합니다. 양면 내부 포켓에 헐렁한 물건을 보관할 수 있습니다. 매끄러운 디자인 - 포일 악센트가 있는 내구성이 뛰어나고 우아하며 부드러운 촉감의 가죽 커버는 환경 친화적입니다. 이 플래너는 직장, 학교 또는 가정에서 차분하고 세련된 단순함을 발산합니다. 현대적이고 내구성이 뛰어나며 튼튼한 트윈 와이어 디자인으로 플래너를 360° 뒤집고 평평하게 놓을 수 있어 효율적으로 쓸 수 있습니다.",,"['계획', '월간', '페이지', '구성', '달력', '캘린더', '일일', '일정', '장기', '매월']"
사무용품,플래너 및 수첩,플래너,,B0CQ263F4R,"월간 플래너 2024-2027 - 3년 플래너 2024-2027, 2024년 7월 - 2027년 6월, 학술 월간 플래너, 22.9 x 27.9cm(9 x 11인치), 월간 플래너, 개월 탭, 내부 포켓, 휴일, 노트 페이지",MaaIbok,24916,13836,4.6,3.0,"3년 월간 플래너 - 22.9 x 27.9cm(9 x 11인치) 크기의 월간 플래너는 7월부터 36개월2024년 - 6월. 2027년, 율리우스 날짜 휴일 알림이 있는 36개월 월간 페이지가 특징입니다. 월간 플래너의 크기는 22.9 x 27.9 cm(9 x 11 인치)이며 매월 일일 블록은 4.7 x 4.8 cm(1.88 x 1 월간 계획 - 2024-2027 월간 플래너 월간 페이지에는 장기간에 걸쳐 계획을 단순화할 수 있는 과거, 현재 및 다음 달 달력이 포함되어 있으며, 메모 섹션은 우선 순위를 위한 것으로, 각 월간 페이지의 영감을 주는 인용문이 있어 동기를 부여하고 목표를 달성할 수 있습니다. 기능적인 디자인 - 36개월 계획 페이지 | 36개월 탭 | 양면 포켓 | 강력한 트윈 와이어 바인딩 | 개인 정보 페이지 | 8개의 연락처 페이지 | 4개의 중요 연락처 페이지 | 2024-2027 휴일 | 2024-2027 연간 개요 | 4개의 암호 페이지 | 9개의 노트 페이지 3년 계획 - 이 월간 플래너는 향후 3년 동안 공부, 직장 및 삶을 더 잘 정리할 수 있도록 도와줍니다. 향후 3년 내에 중요한 날짜와 특별 이벤트를 명확하게 기록하는 데 도움이 됩니다. 학교, 사무실 및 가정 계획에도 적합합니다! 프리미엄 두꺼운 용지 - 이 월간 플래너의 용지는 잉크 방지 기능이 있으며 페더링을 방지하도록 설계되었습니다. 아카이브 품질의 페이지는 중성 종이로 만들어졌으며 빛과 공기에 의한 손상을 방지합니다.",,"['월간', '페이지', '계획', '휴일', '방지', '날짜', '향후', '노트', '포켓', '연락처']"
사무용품,플래너 및 수첩,플래너,,B078GTTCCF,"Amazon Basics 데일리 플래너 및 저널, 블랙, 21.6cm x 27.9cm(8.5인치 x 11",Amazon Basics,34818,34818,4.2,6673.0,"작업을 계속하고 정리할 수 있는 일일 플래너 및 저널 6개월 분량의 달력 계획 공간이 있는 플래너가 포함되어 있습니다. 월간, 주간, 일일 형식 날짜 없음(숫자 없음)은 특정 연도에 사용할 수 있는 유연성을 제공합니다. 빈 공간을 채울 수 있습니다 튼튼한 종이는 연필, 잉크 또는 영구 마커로 번짐 없이 쓸 수 있습니다 우선 순위, 메모, 목표 등을 위한 섹션은 생산성을 향상시킵니다 신축성 있는 밴드와 리본 책갈피가 있는 부드러운 블랙 커버는 안전한 잠금과 빠른 액세스를 제공합니다 영어만 해당 제품 크기: 8.5 x 11"" (LxW)",Amazon Basics 데일리 플래너 및 저널 - 21.6cm x 27.9cm(8.5인치 x 11/Amazon Basics,"['블랙', '일일', '공간', '일리', '신축', '숫자', '순위', '섹션', '생산', '빠르다']"
사무용품,플래너 및 수첩,플래너,,B0CPB95PTK,"Moleskine 클래식 18개월 2024-2025 주간 플래너, 소프트 커버, 포켓 (8.9cm x 14cm(3.5인치 x 5.5인치)), 스칼렛 레드, 208페이지",Moleskine,29417,29417,5.0,4.0,"2024년 7월부터 2025년 12월까지 날짜 하드 및 소프트 커버는 다양한 색상으로 제공됩니다. 아이보리 색상, 70g/m², 중성 종이 둥근 모서리, 신축성 있는 클로저 및 어울리는 리본 책갈피, 색상이 조화를 이루는 확장 가능한 내부 포켓 유용한 도구: 달력, 여행 계획, 아이디어 및 목표, 노트용 유선 페이지. 계획을 맞춤 설정할 수 있는 스티커와 척추용 연도 스티커 이 Moleskine 물체의 종이는 잘 관리되고 FSC 인증 숲 및 기타 통제된 출처의 소재로 만들어졌습니다.","Moleskine 18개월 주간 노트 다이어리/플래너는 7월부터 12월까지 진행됩니다. 왼쪽에 주의 약속을 표시하고 오른쪽에 메모와 아이디어를 위한 유선 페이지를 표시하도록 포맷된 이 인기 있는 플래너 스타일은 학생, 교사 및 전문가에게 적합합니다.","['페이지', '커버', '계획', '표시', '포켓', '스티커', '종이', '주간', '아이디어', '노트']"
사무용품,플래너 및 수첩,플래너,,B0CPFMMVXT,"월간 플래너 2024-2026 - 플래너 2024-2026, 22.9 x 27.9cm(9 x 11인치), 2024년 7월부터 2026년 6월까지 24개월 플래너, 탭이 있는 월간 캘린더 플래너, 내부 포켓",Coboll,9681,9681,4.7,2117.0,"2024-2026 월간 플래너 - 2024-2026 플래너는 2024년 7월부터 2026년 6월까지 24개월을 커버하며, 빠른 참조를 위한 24개의 월간 탭과 월간 캘린더 플래너를 위한 강력한 트윈 와이어 바인딩, 2024-2026 레이 플랫 360° 및 양면 백 포켓이 있습니다. 일부 티티켓을 보유, 종이 등. 월간 보기 페이지 - 월간 계획 페이지의 과거, 현재 및 미래 캘린더 참조는 장기간에 걸쳐 계획을 단순화할 수 있으며, 2024-2026 월간 플래너의 메모 섹션은 우선 순위를 위한 것으로, 각 월간 페이지의 영감을 주는 인용문으로 동기를 부여합니다. 넉넉한 블록 및 두꺼운 용지 - 이 월간 플래너 2024-2026은 약속, 연락처, 메모 및 일일 알림을 작성할 수 있는 3.2 x 3cm(1.2 x 1.2인치) 크기의 줄이 없는 대형 일일 블록이 있으며 고품질 프리미엄 백지는 잉크를 효과적으로 줄일 수 있습니다. 주요 구성 - 개인 정보 및 연락처 페이지 6개, 중요 연락처 페이지 4개, 휴일 및 2024-2026년 연간 개요 및 비밀번호 페이지 4개 및 추가 일정을 위한 3개의 추가 노트 페이지. 우아한 하드커버 - 견고한 방수 하드커버는 학교, 사무실 및 가정에 적합합니다. 2년 안에 어떻게 될지 알 수 없습니다. 월간 플래너로 충분하다면 이 예쁜 2024-2026 월간 플래너로 최고의 버전이 되세요!",,"['월간', '페이지', '캘린더', '연락처', '탭', '메모', '블록', '참조', '포켓', '추가']"
사무용품,플래너 및 수첩,플래너,,B0BN2XC1QF,"주간 플래너 날짜 없음, 주간 목표 일정 플래너, Regolden-Book 하드커버 노트 할 일 목록 노트 캘린더 오거나이저 습관 추적기 저널, 남성 및 여성용, 나선형 바인딩, 포켓, 펜 루프, 53주 (14 x 21.6cm(5.5 x 8.5인치))",Regolden-Book,12451,12451,4.6,132.0,"삶을 생산적으로 만듭니다 - 이 주간 플래너는 모든 요구 사항을 충족하는 데 중점을 둡니다. 주간 플래너에는 할 일 목록, 약속 및 회의를 작성하고 주간 보기로 하루 종일 명확하게 추적할 수 있는 공간이 포함되어 있습니다. 주간 페이지에서 우선 순위를 차단하고 자발적이고 중요한 이벤트에 대한 메모 열을 표시합니다. 시간을 효과적으로 관리하세요. 업데이트된 주간 플래너 - 53주 날짜가 표시되지 않은 주간 계획 페이지를 통해 중단한 부분부터 바로 시작할 수 있습니다. 채울 불필요한 섹션이 없으며 날짜나 페이지를 건너뛸 필요가 없습니다. 주간 플래너는 편리하게 날짜가 기재되어 있어 2023년, 2024년 또는 2050년에도 계획을 세울 수 있습니다! 기능적인 디자인-노트북에는 내부 포켓과 펜 홀더가 부착되어 있습니다. 프리미엄 품질의 커버와 트윈 와이어 바인딩, 클래식하고 세련된 외관 조합. 프리미엄 두꺼운 용지, 잉크 번짐 감소, 마모 및 음영 문제 지우기. 더 나은 필기 경험을 제공합니다. 인기 있는 완벽한 사이즈 - 이 주간 플래너의 크기는 53주 동안 14 x 21.6cm(5.5 x 8.5인치)로 일정 및 약속에 충분히 큽니다. 직장, 가정, 학교 및 여행을 위한 완벽한 휴대용 주간 플래너 저널은 완벽한 선물입니다. 고품질 및 서비스 - 품질 문제가 있거나 어떤 이유로든 저희 제품에 완전히 만족하지 못하는 경우 최대한 빨리 제품을 교환하거나 환불해 드립니다. 간편한 환불을 위해 아마존 메시지를 통해 당사에 연락하기만 하면 됩니다.",,"['주간', '날짜', '완벽하다', '페이지', '노트', '목록', '문제', '바인딩', '프리미엄', '표시']"
사무용품,플래너 및 수첩,플래너,,B0BD83SHWN,"UtyTrees 달력 2023 플래너 - 2023년 1월 - 2024년 6월 달력 플래너, 19.3 x 25.9cm(7.6 x 10.2인치), A4 2023 달력 플래너, 18개월 플래너, 양면 보관 포켓 포함, 프리미엄 두꺼운 종이, 블랙",UtyTrees,8296,9681,4.6,422.0,"다기능 2023 캘린더 플래너: 18개의 월간 플래너, 개인 정보, 32개의 연락처, 20개의 웹사이트 비밀번호, 3년 휴일이 포함되어 있습니다. 그리고 메모를 위한 4페이지도 있습니다. 더 큰 캘린더 북 월간: 19.3cm x 25.9cm, 2023년 1월부터 2024년 6월까지 18개월을 커버합니다. 이 월간 캘린더 플래너는 일과 삶을 계획할 수 있는 충분한 공간이 있는 대형 그리드(4.1cm x 4.1cm(1.6 x 1.6인치))가 특징입니다. 월간 개요: 매월 2페이지를 다룹니다. 일일 블록(4.1 x 4.1cm(1.6 x 1.6인치)) 및 참조 캘린더 3개월 및 월간 초점. 내부 포켓: 캘린더 및 월간 플래너에는 영수증과 스티커를 보관할 수 있는 내장 포켓이 있습니다. 프리미엄 두꺼운 용지: 번짐 방지 두꺼운 용지(100g/sm)은 잉크 누출과 페더링 걱정 없이 더 나은 필기 경험을 제공합니다.","UtyTrees 2023 달력 플래너 - 2023년 1월 - 2024년 6월 달력 플래너, 19.3 x 25.9cm(7.6 x 10.2인치), A4 2023 달력 플래너, 18개월 플래너, 양면 보관 포켓 포함, 프리미엄 두꺼운 종이, 블랙","['달력', '월간', '캘린더', '포켓', '두껍다', '프리미엄', '블랙', '페이지', '보관', '양면']"
사무용품,플래너 및 수첩,플래너,,B0CHR71TBP,"2024 플래너 - 플래너 2024 주간 및 월간, 2024년 1월 - 2024년 12월, 20.3cm x 25.4cm(8인치 x 10인치), 튼튼한 바인딩이 있는 여성/남성용 플래너, 프리미엄 종이, 유연한 커버, 체크 박스",Feteulo,12451,8185,4.4,72.0,"✨2024 플래너 - 2024년 1월 - 2024년 12월, 하드커버가 있는 이 2024 주간 및 월간 플래너는 12개월의 월간 및 주간 페이지를 커버하여 일년 내내 쉽게 계획할 수 있습니다. 크기는 약 20.3 x 25.4cm(8 x 10인치)로 사용과 휴대가 쉽습니다. 월간 개요 - 이 2024년 플래너의 각 월간 페이지에는 월별 개요와 잊어버린 경우 중요한 일정을 추적할 수 있는 메모 섹션이 포함되어 있습니다. 영감을 주는 인용문은 간단한 과거 검토 및 향후 계획을 위한 이전 및 다음 달 캘린더 참조로 계속 동기를 부여합니다. 율리우스 력 날짜는 2024년의 과거와 남은 날을 상기시킵니다. 주간 계획 - 각 주간 스프레드에는 주요 품목을 위한 우선 순위 공간이 있으며, 약속, 이벤트 및 마감일 등과 같은 자세한 일일 일정을 적어 둘 수 있는 충분한 글씨가 있습니다. 표시된 휴일은 중요한 날짜를 상기시켜 주간을 명확하게 볼 수 있으며 모든 날을 추적합니다. ✨ 기능적 특징 - 정교하고 단단하고 유연한 커버 | 트윈 와이어 바인딩 | 신축성 있는 클로저 | 내부 포켓 | 12개의 월간 탭 | 연간 개요 | 연락처 | 빠른 참조 정보 | 휴일 참조 | 율리우스 력 날짜 | 영감을 주는 인용문 | 메모. 훌륭한 정리함 - 이 2024 플래너는 물건을 정리하고 모든 것을 정리하는 데 필요한 모든 것입니다. 생활/직장/공부가 더 효율적으로 되는 데 도움이 됩니다. 목표/꿈을 달성하는 데 도움이 되는 훌륭한 시간 관리 도구!",,"['월간', '주간', '날짜', '커버', '정리', '참조', '계획', '개요', '도움', '메모']"
사무용품,플래너 및 수첩,플래너,,B076BKJCK3,"Planner 2024-2025 - 12개월 2024-2025 플래너, 주간 및 월간, 2024년 7월 - 2025년 6월, 14.6 x 21cm(5.75 x 8.25인치), 두꺼운 종이를 사용한 사피아노 가죽, 40개의 노트 페이지가 있는 뒷면 포켓 - 블랙",Artfan,19376,17991,4.7,9543.0,"2024년 7월부터 2025년 6월까지의 표준 플래너로, 12개월의 주간/월간 페이지/휴일 표시가 특징입니다. 20개월 2024-2025 캘린더 스티커가 함께 제공됩니다. 월간 계획 페이지의 과거 및 향후 월간 참조|할 일 목록/중요한 프로젝트에 메모 열을 사용하세요. 두껍고 크림색의 종이로 시력을 적절히 보호하고 잉크가 침투하는 종이의 문제를 줄일 수 있습니다. 신축성 있는 클로저, 신축성 있는 펜 루프, 책갈피 2개, 달력 스티커, 상자, 내부 포켓 - 8. 4 x 5. 17.8cm(7인치). 내구성이 뛰어난 사피아노 가죽 커버, 탁월한 질감. 2024-2025년 연휴로 휴일을 명확하게 마스터할 수 있습니다. 플래너는 자세한 계획을 위해 줄이 없는 월간 페이지/줄이 있는 주간 레이아웃을 제공합니다.",,"['월간', '페이지', '종이', '주간', '계획', '두껍다', '스티커', '신축', '휴일', '가죽']"
사무용품,플래너 및 수첩,플래너,,B0C7YZRKL7,"2024-2025 월간 플래너 - 월간 플래너/캘린더 2024-2025, 2024년 7월부터 2025년 12월까지, 22.1 x 27.9cm(8.75 x 11인치), 탭이 있는 18개월 플래너, 내부 포켓",Urneeds,6911,6911,4.6,153.0,"월간 플래너 2024-2025 - 2024-2025 월간 플래너는 2024년 7월부터 2025년 12월(22.9cm x 27.9cm(9인치 x 11인치)까지 18개월을 커버하며, 이는 장기 계획을 위한 완벽한 도구입니다. 이 월간 달력 2024-2025의 각 월간 페이지에는 특별한 휴일로 표시된 줄리안 날짜와 휴일이 포함되어 있습니다. 월간 페이지 - 2024-2025 플래너에는 4.8 x 4.6cm(1.9 x 1.8인치) 유선 쓰기 블록, 장기 계획을 위한 이전, 현재 및 4개의 미래 월 참조 달력, 메모 또는 오늘 요약을 위한 노트 섹션이 포함된 월간 개요가 포함되어 있습니다. 프리미엄 두꺼운 용지 - 이 2024-2025 캘린더 북은 밝은 흰색 고품질 종이에 인쇄되어 잉크가 통과하는 것을 방지하고 페더링을 방지하여 부드러운 필기 경험을 제공합니다. 2024-2025 플래너의 견고한 골든 트윈 와이어 바인딩으로 캘린더 페이지를 부드럽게 넘기고 평평하게 놓을 수 있습니다. 기능적인 정리 - 2024-2025 월간 플래너, 2024-2026년 연간 개요 + 2024-2026년 휴일 + 메모 페이지 + 월간 탭 18개 + 개인 정보 페이지 + 연락처 페이지 + 튼튼한 트윈 와이어 바인딩 + 내부 포켓. 이 모든 것이 2024-2025 캘린더 북을 위한 완벽한 선택입니다 삶을 더 생산적으로 만드세요 - 이 2024-2025 플래너는 삶을 효율적으로 만드는 훌륭한 도구입니다. 이 18개의 월간 플래너 2024-2025를 사용하면 매일 하루 종일 명확하게 추적할 수 있으며 플래너는 공부/직장/운동 목표를 달성하는 데 도움이 됩니다.",,"['월간', '페이지', '캘린더', '휴일', '트윈', '와이어', '완벽하다', '삶', '북', '장기']"
사무용품,플래너 및 수첩,플래너,,B0D12SRT9T,"Planner 2024-2025- JUL 2024- JUN 2025, 2024-2025 플래너 주간 및 월간, 20.3cm x 25.4cm(8 x 10인치), 두꺼운 용지+트윈 와이어 바인딩+표시 탭, 데일리 오거나이저 - 플로럴",Journaltastic,12451,9958,4.0,1.0,"2024-2025 월간 및 주간 플래너 - 2024-2025 플래너 2024-2025 일일 주간 및 월간 커버, 52개의 주간 플래너 페이지와 강력한 트윈 와이어 바인딩이 있는 12개의 월간 플래너 페이지, 12개월 월간 탭, 표시된 휴일, 두꺼운 용지가 특징입니다. 주간 계획 페이지 - 2024-2025 플래너는 월요일부터 일요일까지 시작하는 53개의 주간 계획 페이지가 포함되어 있으며 세부 계획을 위한 수평선이 있습니다. 과거 및 미래의 참조 캘린더+휴일 표시+표시된 탭+할 일 목록은 일상 일정을 확인하는 데 도움이 됩니다. 월간 계획 페이지 - 캘린더 플래너 2024-2025에는 12개의 월간 페이지가 있습니다. 각 페이지에는 일상적인 정리를 위한 대형 유선 블록이 있습니다. 그리고 휴일 + 참조 캘린더 + 노트 블록은 매일 기록할 수 있도록 설계되었습니다. 우수한 품질 - 이 2024-2025 플래너의 두꺼운 용지는 주간 및 월간 부드러운 필기 경험을 제공하고 잉크 누출을 방지합니다. 또한, 하드커버는 내부 페이지를 잘 보호하여 플래너 2024-2025의 사용 시간을 크게 연장합니다. 스타일리시한 디자인 - 이 플플래너 2024-2025 데일리 주간 및 월간 디자인은 사려 깊은 디자인입니다. 골든 스탬핑과 꽃무늬 디자인으로 시각적 즐거움을 선사합니다. 내부 페이지는 단순하지만 단조롭지 않습니다. 유선 블록, 메모 섹션, 연락처 페이지 등이 여러분을 기다리고 있습니다.",,"['월간', '페이지', '주간', '표시', '계획', '디자인', '캘린더', '두껍다', '용지', '휴일']"
사무용품,플래너 및 수첩,플래너,,B0CG57RC29,"2024 월간 플래너 - 월간 플래너/캘린더 2024, 탭이 있는 12개월 플래너, 2024년 1월 - 12월. 2024, 21.6cm x 27.9cm(8.5인치 x 11인치), 연락처 + 암호 + 양면 포켓 + 두꺼운 용지 + 트윈 와이어 바인딩 - 그린",Artfan,8213,8213,4.6,1196.0,"월간 개요 - 2024년 1월부터 2024년 12월까지 12개월 플래너로, 율리우스력 날짜와 공휴일이 표시된 12개월 월간 페이지가 특징입니다. 탭 및 포켓 및 라벨 - 매월 탭으로 구분됩니다. 느슨한 물건을 보관할 수 있는 양면 내부 포켓. 2024 월간 플래너에는 명확한 라벨링 및 보관이 가능한 커버 라벨이 함께 제공됩니다. 전문적인 디자인 - 트윈 와이어 바인딩으로 360도 접을 수 있습니다. 2024-2027년 연간 개요/중요 연락처/연락처 페이지 8개/비밀번호 페이지 4개/노트 페이지 12개/휴일. 기능성 & 스타일리쉬 - 오픈 스케줄링을 위한 줄이 없는 일일 블록과 자연스럽고 중요한 아이템을 위한 메모 열. 월간 계획 페이지에서 과거, 현재 및 향후 4개의 월간 참조. 프리미엄 품질 및 고급스러움 - 두껍고 순수한 흰색 용지로 가장 열정적인 아티스트에게 저항력이 있어 잉크 누출을 줄이고 마모 및 음영 문제를 지우고 완전 비건 원료로 중성이며 환경 친화적인 생산을 제공합니다.",,"['월간', '페이지', '탭', '라벨', '포켓', '연락처', '트윈', '용지', '두껍다', '와이어']"
사무용품,플래너 및 수첩,플래너,,B0CPB93BLZ,"Moleskine 클래식 12개월 2025 주간 플래너, 소프트 커버, 포켓 (8.9cm x 14cm(3.5인치 x 5.5인치)), 머틀 그린, 144페이지",Moleskine,31079,31079,,,"2025년 1월부터 12월까지 날짜 하드 및 소프트 커버는 다양한 색상으로 제공됩니다. 아이보리 색상, 70g/m², 중성 종이 둥근 모서리, 신축성 있는 클로저 및 어울리는 리본 책갈피, 색상이 조화를 이루는 확장 가능한 내부 포켓 유용한 도구: 달력, 여행 계획, 아이디어 및 목표, 노트용 유선 페이지. 계획을 맞춤 설정할 수 있는 스티커와 척추용 연도 스티커 이 Moleskine 물체의 종이는 잘 관리되고 FSC 인증 숲 및 기타 통제된 출처의 소재로 만들어졌습니다.",Moleskine 주간 노트는 1월부터 12월까지 날짜가 표시됩니다. 왼쪽에 주의 약속을 표시하고 오른쪽에 메모와 아이디어를 위한 유선 페이지를 표시하도록 포맷된 이 제품은 노트북의 자유를 통합하는 편리하고 다재다능한 플래너입니다.,"['표시', '페이지', '노트', '유선', '포켓', '계획', '스티커', '종이', '날짜', '소프트']"
사무용품,플래너 및 수첩,플래너,,B0D1C4ZLBM,"2024-2025 플래너 - 월간 페이지가 있는 주간 플래너, 21.6 x 27.9cm(8.5 x 11인치), 비건 가죽 하드커버, 신축성 있는 밴드 및 펜 홀더, 브라운",CalenDream,19930,19930,5.0,3.0,"플래너 개요 - 이 2024-2025 플래너는 21.6 x 27.9cm(8.5 x 11인치) 크기로 2024년 7월부터 2025년 12월까지 1년 내내 잘 정리된 계획을 제공합니다. 캘린더 섹션에는 18개월의 월간 및 주간 페이지가 있어 일년 내내 계획하기에 이상적입니다. 내구성이 뛰어나고 친환경적이며 부드러운 촉감의 비건 가죽 커버는 일상 생활에 우아한 느낌을 더합니다 월간 관리 - 각 월간 스프레드에는 월별 개요, 휴일 강조 표시, 이전 및 다음 달 달력이 포함되어 있습니다. 중요한 세부 사항을 적어 놓을 수 있는 충분한 공간이 있는 전용 노트 섹션도 있습니다 매주 가이드 - 주간 플래너는 일일 일정, 약속 및 활동을 기록할 수 있는 넉넉한 공간을 제공합니다. 명확하고 체계적인 주간 뷰로 약속을 쉽게 파악할 수 있습니다 세련된 디자인 - 세련된 비건 가죽 하드 커버와 어울리는 클로저 밴드와 펜 홀더가 특징인 이 플래너 노트는 내구성과 환경 의식을 결합했습니다. 심플하고 우아한 디자인으로 삶을 정리할 수 있는 완벽한 선택입니다 완벽한 용도 - 이 데이 플래너는 목표, 작업, 약속, 프로젝트, 습관 등을 추적할 수 있는 유연성을 제공합니다. 플래너, 오거나이저, 학교, 직장 또는 가정을 위한 학업 의제에 이상적인 도구입니다. 또한, 일상 생활을 계획하고, 만들고, 예약하려는 모든 사람에게 사려 깊은 선물이 됩니다","Planner 2024-2025는 2024년 7월부터 2025년 12월까지 월별 및 주간 페이지를 특징으로 하는 탁월한 정리 기능을 제공합니다. 내구성이 뛰어난 친환경 인조 가죽 커버는 일상 생활에 우아함을 더합니다. 목표, 약속, 프로젝트를 추적하는 데 적합하며 사려 깊은 선물이 됩니다.","['주간', '약속', '가죽', '월간', '페이지', '비건', '우아하다', '일상', '정리', '커버']"
사무용품,플래너 및 수첩,플래너,,B0CYL1PSF8,"포켓 캘린더 2024-2025 - 2024년 7월 - 2025년 6월 사용, 지갑용 소형 주간 플래너, 비건 가죽 하드 커버, 내부 포켓, 일요일 시작 - 8.9 x 15.2cm(3.5 x 6인치) - 퍼플",LADYACCES,9681,9390,4.4,84.0,"【학업 포켓 캘린더】이 2024년 7월 - 2025년 7월 주간 플래너는 일상적인 계획을 위한 충분한 공간을 제공하는 평평한 2페이지의 주간 보기 형식을 자랑합니다. 약속을 위한 시간별 일정을 통해 바쁜 일상을 깔끔하게 정리할 수 있습니다. 【완벽한 포켓 사이즈】내구성이 뛰어나고 가벼우며 컴팩트한 디자인으로 디자인된 2024-2025 지갑 캘린더는 가방, 지갑 또는 주머니에 쉽게 넣을 수 있습니다. 튼튼한 하드커버는 계획과 메모를 탁월하게 보호합니다. 【기능적인 디테일】책갈피 2개 + 펜 홀더 + 카드를 보관할 수 있는 뒷면 포켓 + 현재 날을 잠글 수 있는 떼어낼 수 있는 코너 + 12개월 스티커 + 플래너를 안전하게 닫을 수 있는 신축성 있는 클로저. 【향상된 정리】2024-2025년 계획 + 월간 페이지의 메모 열 + 2024-2025년 달력 개요 + 2024-2025년 휴일 페이지 + 비용 추적기 페이지 + 중요 날짜 페이지+연락처 및 비밀번호 페이지 + 7개의 노트 페이지. 모든 요구 사항을 충족하는 데 집중하세요. 【프리미엄 아이보리 용지】 - 프리미엄 중성 아이보리 종이로 이 플래너는 잉크 번짐에 강한 실크처럼 매끄러운 필기 표면을 제공하여 비교할 수 없는 필기 경험을 보장합니다.",,"['페이지', '포켓', '캘린더', '지갑', '계획', '주간', '아이보리', '일상', '프리미엄', '디자인']"
사무용품,플래너 및 수첩,플래너,,B0D1194GT1,"180+28 미니 바인더 용지, 3링 바인더용, 날짜 없는 월간 캘린더 플래너 인서트, 3홀 안감 필러 페이퍼 루즈 리프, 대학 유선",Metrubyone,17991,17991,,,"미니 사이즈 바인더 종이 세트: 180장(360페이지) 3홀 루스 리프 페이퍼 + 28장(56페이지) 날짜 표시되지 않은 월간 캘린더 플래너 인서트, 탭이 있는 흙빛 색상 환경 플라스틱 인덱스 디바이더 5개 100GSM 프리미엄 크림 컬러 리필 용지: 14.8cm x 21cm(5.8 x 8.25인치), 두꺼움, 불순물 없음, 평평하고 내마모성, 번짐 없음, 대부분의 잉크, 젤 펜, 만년필, 볼펜 등에 적합합니다. 어시 컬러 플라스틱 인덱스 디바이더: 5개의 흙색 환경 플라스틱 탭 칸막이는 가정, 직장 및 학교에서 개인 정리에 적합하며 부드러운 글쓰기를 위한 필기 보드로도 사용할 수 있습니다 DIY 프로젝트 및 오거나이저: 미니 바인더 인서트는 바인더 노트 플래너와 완벽하게 작동하며 저널, 기록, 메모, 할 일, 목록 작성, 다이어리, 낙서, 의제, 직장, 가정 또는 학교 프로젝트에 이상적입니다. 미니 바인더를 커스터마이징할 수 있는 가능성은 무한합니다 정교한 선물: 집, 학교 또는 직장에서 정리하기에 완벽합니다! 따라서 추수감사절, 크리스마스, 생일, 새해 등에 친구, 어린이, 가족 및 연인을 위한 따뜻한 선물이 될 것입니다","Metrubyone 180+28 미니 바인더 용지, 3링 바인더용, 날짜 없는 월간 캘린더 플래너 인서트, 3홀 안감 필러 페이퍼 루즈 리프, 대학 유선","['바인더', '미니', '인서트', '날짜', '캘린더', '페이퍼', '리프', '용지', '플라스틱', '월간']"
사무용품,플래너 및 수첩,플래너,,B0D1Y2KP58,"POPRUN 2025 플래너 (미디엄 사이즈 21.6 x 16.5cm(8.5 x 6.5인치) 하드커버) - 일일 주간 및 월간 캘린더 아젠다 2025 약속 책, 시간별 시간 슬롯, 월간 탭, 100 GSM - 블랙",POPRUN,23254,23254,4.8,22.0,"►주당 2페이지 하드커버: 2페이지에 매주 볼 수 있는 평평하게 놓으세요. 이 주간 플래너(2025년 1월 - 2025년 12월)는 약속을 위한 시간별 일정과 함께 넓은 일상 계획을 제공하여 바쁜 일상을 정리할 수 있습니다. 빠른 검색 기능: 월간 탭을 사용하면 현재 날짜를 빠르게 탐색하고 찾을 수 있습니다. 게다가, 떼어낼 수 있는 모서리와 책갈피 리본이 추가되어 원하는 페이지를 표시할 수 있습니다. 추가 페이지 - 이 2025 데일리 플래너에는 ""2025-2026 연간 개요"" 페이지 + ""2025-2026 휴일 및 캘린더"" 페이지 + 연락처 페이지 3개 + 비밀번호 페이지 3개 + 아이디어, 생각 또는 기타 행복한 것들을 자세히 적기 위한 7개의 도트 노트 페이지가 포함되어 있습니다. 두꺼운 용지 - 프리미엄 100GSM 무산성 아이보리 용지를 사용하여 실크처럼 매끄럽게 쓰고 잉크 방지 기능이 있어 최고의 필기 경험을 제공합니다. 💡►FSC 인증 - 지속 가능한 숲의 생태 종이를 사용하고 화학 물질에 대한 유럽 공동체 규정 준수 및 안전한 사용에 대한 당사의 약속입니다.",,"['페이지', '월간', '약속', '주간', '일상', '추가', '캘린더', '빠르다', '탭', '용지']"
사무용품,플래너 및 수첩,플래너,,B0CM8BGMBF,"2024-2026 월간 플래너 - 2024년 7월 - JUN 2026, 플래너 2024, 2년 플래너 2024 플래너 21.6 x 27.9cm(8.5 x 11인치) 연락처 + 암호 + 양면 포켓 + 두꺼운 용지 + 트윈 와이어 바인딩 - 핑크 워터잉크",Tullofa,8296,6634,4.5,125.0,"2024 월간 플래너 - 24개의 월간 플래너/월간 캘린더, 2024년 7월 - 2026년 6월, 율리우스 력 날짜와 공휴일이 표시된 24개월 월간 페이지가 특징입니다. 전문적인 디자인 - 21.6 x 27.9cm(8.5 x 11인치) 월간 캘린더 플래너 페이지 | 중요한 연락처 페이지 4개 | 2년 월간 페이지 | 연락처 페이지 6개 | 비밀번호 4개 | 노트 페이지 3개 | 2024-2026 연간 개요 | 휴일 | 내부 포켓 | 유연한 하드커버 | 2년 월간 탭 월간 페이지 - 이 2024-2025 월간 플래너의 매월 두 페이지를 커버하여 장기 계획에 적합합니다. 또한 4.8 x 4.6cm(1.9 x 1.8인치) 줄이 없는 일일 블록은 매월 일일 계획을 위한 충분한 공간을 제공합니다. 또한 3개월 참조 캘린더, 메모 섹션 및 월간 탭이 포함되어 있습니다. 기능적이고 세련됨 - 오픈 스케줄링을 위한 줄이 없는 일일 블록과 자발적이고 중요한 물건을 위한 메모 열. 월간 플래너의 월간 계획 페이지에서 과거, 현재 및 향후 3개의 월간 참조. 프리미엄 품질 및 고급스러움 - 2024-2026 월간 플래너의 두껍고 순수한 흰색 중성 용지로 잉크 누출, 마모 및 음영 문제를 지울 수 있습니다.",,"['월간', '페이지', '캘린더', '일일', '연락처', '계획']"
사무용품,플래너 및 수첩,플래너,,B0CP1R5MKT,"월간 플래너 2024-2029 - 5년 플래너/달력 2024-2029 나선형 제본, 2024년 7월 - 2029년 6월, 16 x 21.3cm(6.3 x 8.4인치), 트윈 와이어 바인딩 + 프린트 탭 - 그린",Makapoo,24916,22146,4.5,237.0,"2024-2029 월간 플래너 - 월간 플래너 2024-2029, 2024년 7월 - 2029년 6월, 율리우스력 날짜와 공휴일이 표시된 60개월 월간 페이지가 특징입니다. 월간 개요 - 오픈 스케줄링을 위한 줄이 없는 일일 블록(3 x 3.6cm(1.2 x 1.4인치))과 자발적이고 중요한 품목에 대한 열을 메모합니다. 또한, 이 월간 플래너 2024-2029에는 60개월 참조 달력과 코팅된 라벨이 포함되어 있습니다. 콘텐츠 디자인 - 5년 월간 플래너는 60개의 월간 캘린더 페이지 + 중요한 연락처 페이지 + 연락처 페이지 + 개인 정보 + 2024-2029년 연간 개요 + 2024-2029년 휴일 + 개인 정보 페이지를 다룹니다. 전문적인 디자인 - 견고한 금속 트윈 와이어 바인딩으로 360도 접을 수 있습니다. 내부 페이지를 보호하기 위한 유연한 플라스틱 커버. 카드와 같이 흩어져 있는 물건을 보관할 수 있는 코팅된 월간 탭과 뒷면 양면 포켓. 프리미엄 품질 - 두껍고 순수한 흰색 중성 용지, 2024-2029 월간 달력은 잉크 누출, 마모 및 음영 문제를 방지합니다.",,"['월간', '페이지', '달력', '와이어', '탭', '개인', '디자인', '연락처', '중요하다', '코팅']"
사무용품,플래너 및 수첩,플래너,,B08SLW4ZYM,72피스 접착 월간 스티커 월간 플래너 인덱스 탭 장식 월간 라벨 월간 캘린더 스티커 사무실 학습 플래너 저널 노트 (블랙),Outus,7603,7603,4.6,357.0,"총 수량: 12개월의 영어 약어, 매월 6개를 포함한 총 72개의 자체 접착 개월 스티커가 있어 매월 해야 할 일을 계획하고 중요한 이벤트를 상기시키고 기록하는 데 도움이 됩니다 사이즈 세부 정보: 전체 월간 플래너 라벨의 크기는 16 x 15cm(6.3 x 5.9인치)이며 한 달 접착 라벨은 3 x 4cm(1.2 x 1.59인치)로 대부분의 품목에 맞는 적절한 크기입니다 간편한 사용: 필요한 월간 스티커를 떼어내어 원하는 매끄러운 곳에 붙인 다음 고정될 때까지 부드럽게 누르기만 하면 됩니다. 각 자체 접착 월간 라벨은 미리 재단되어 편리하고 빠르게 사용할 수 있어 작업과 공부에 편리함을 제공합니다 적용 대상: 스티커 월 인덱스 탭은 다이어리, 노트북, 일정, 파일 및 식품 보관 등에 적용할 수 있습니다. 부엌, 사무실 및 공부용으로 월별 표시로 적용하여 중요한 물건을 계획하거나 일부 물건을 다루는 데 도움이 됩니다 내구성 있는 소재: 저널 월간 탭은 단색과 핫 스탬핑이 있는 카드 용지로 만들어졌으며 표면은 가벼운 필름 레이어로 덮여 있어 내구성이 뛰어나고 쉽게 바래지 않습니다. 각 탭은 적당한 두께로 쓰기 쉬워 좋은 경험을 제공합니다",,"['월간', '스티커', '라벨', '탭', '접착', '적용', '자체', '계획', '도움', '매월']"
사무용품,플래너 및 수첩,플래너,,B0D2VLDJ8W,"2025 플래너 - 2025년 1월~12월, 주간 및 월간 플래너 2025, 16 x 21.1cm(6.3 x 8.3인치), 탭이 있는 달력 플래너 2025, 두꺼운 종이 - 트윈 와이어 바인딩, 뒷면 포켓",Youthamazing,22146,16606,5.0,1.0,"Tourist of Time: 16.4 x 21.6cm(6.4 x 8.5인치) 크기의 A5 사이즈 주간 월간 플래너 2025는 1월부터 다음 해 12월까지 2025년 여행을 안내하는 타임머신입니다. 2025년 연간 플래너는 단순한 플래너가 아닙니다. 시간 관리 동반자로서 중요한 순간을 포착할 수 있습니다. 유연한 월간 페이지: 2025 일일 주간 월간 플래너는 일일 블록(3cm x 3.2cm(1.25인치 x 1.25인치))을 제공합니다. 또한 월간 플래너 페이지에는 동기 부여 인용문과 영감을 주는 참조가 있습니다. 효율적인 주간 페이지: 주간 플래너 2025는 최우선 순위를 위한 공간을 확보하고 약속, 이벤트 및 마감일을 포함한 자세한 일일 일정을 위한 충분한 라인을 제공합니다. 표시된 휴일은 중요한 날짜를 미리 알림으로 제공하며 기록할 수 있는 명확한 주간 보기를 제공합니다. 고품질: 2025 데일리 플래너는 고품질의 두꺼운 종이로 제작되었습니다. Planner 2025는 잉크 방지뿐만 아니라 중성이며 빛과 공기 손상에 강하여 시간이 지나도 색상이 바래거나 변하지 않습니다. 트윈 와이어 바인딩과 금속 레이 플랫 나선형 바인딩은 내구성을 보장하여 2025 플래너를 책상 위에 평평하게 놓을 수 있어 쉽게 쓸 수 있습니다. 기능: 12개의 월간 탭 | 내부 포켓 | 신축성 있는 클로저 | 유연한 하드커버 | 연락처 페이지 | 휴일 | 메모 섹션 | 월간 달력, 연간 개요를 위한 참조 달력. 2025 데일리 주간 월간 플래너는 실용적일 뿐만 아니라 우아한 커버와 정교한 질감으로 학교, 가정 및 개인용으로 적합합니다. 2025년에 가져가면 마음에 드실 것입니다!",,"['월간', '주간', '페이지', '달력', '일일', '휴일', '참조', '두껍다', '바인딩', '와이어']"
사무용품,플래너 및 수첩,플래너,,B07TJFWPD4,"월간 예산 플래너 북 (날짜 없음) 소득, 부채, 저축, 비용 및 지폐 추적기 정리용 포켓 12개, 퍼플, 나선형 디자인",SOLIGT,24916,14390,4.4,4158.0,"사용자 지정 및 예산 책정 - 미리 채워진 범주 및 월 예산 페이지가 없는 공백으로 Soligt 날짜가 표시되지 않은 예산 플래너는 매일 월간 및 연간 단위로 재정을 완벽하게 제어할 수 있으며 제한 없이 개인 금융, 현금 지불 및 예산을 효과적으로 관리할 수 있습니다. 추적 및 정리 - 예산 책 저널은 쉽게 지폐, 영수증, 봉투 보관을 위한 12개의 귀여운 포켓과 수입, 지출, 저축, 부채 상환, 청구서 캘린더 및 지불을 쉽게 기록하고 추적하기에 완벽한 넓은 레이아웃을 제공합니다. 재정적 목표 달성 - 이 청구서 정리함은 가정 가정 또는 소규모 비즈니스 초보자에게 적합하며 시각적으로 매력적이고 사용자 친화적인 개선 기회를 식별하면서 성공을 축하하도록 장려하는 간단하면서도 종합적인 예산 시스템을 제공합니다. 완벽한 동반자 - Spiral bound 예산 노트는 23.5 x 17.3cm(9.25 x 6.8인치) 크기의 완벽한 소형 크기이며 내구성이 뛰어난 하드커버와 100gsm 용지가 특징입니다. 가볍고 휴대가 간편하여 어디를 가든 쉽게 휴대할 수 있으며 일 년 내내 사용할 수 있도록 제작되었습니다. 보너스 월 탭 - 급여 예산 플래너 재무 오거나이저는 컬러 스티커 라벨을 자랑하여 예산 페이지를 간단히 탐색할 수 있어 중요한 정보를 빠르고 효율적으로 찾을 수 있도록 편리함과 사용 편의성을 더합니다.",,"['예산', '완벽하다', '추적', '정리', '휴대', '부채', '월간', '재정', '저축', '지폐']"
사무용품,플래너 및 수첩,플래너,,B0CKTWF96Q,"PAPERAGE 플래너 스티커, 플래너, 캘린더, 저널 및 노트북용 다양한 색상 및 금박 스티커(무지개 테마), 25장, 팩당 1,680개 이상의 스티커",PAPERAGE,13780,13780,4.6,66.0,"플래너 스티커 밸류 팩: 금박 디테일이 있는 스티커를 포함하여 1,680개 이상의 스티커가 있는 스티커 시트 25장. 각 시트는 19cm(7.5인치)입니다. 12 cm (4.75 인치), 좋아하는 플래너나 저널 주머니에 매일 사용할 수 있는 완벽한 크기입니다. 훌륭한 플래너 액세서리: PAPERAGE 플래너, 저널 및 캘린더 또는 기타 다양한 플래너 및 노트북과 완벽하게 작동하도록 설계되었습니다. 교사 플래너, 스크랩북, 예산 플래너, 도트 저널 등을 위한 훌륭한 추가 아이템입니다. 다용도 및 맞춤형: 생산성을 높이고 플래너 및 저널 페이지를 사용자 정의하는 데 도움이 되는 다양한 스티커. 탭, 깃발, 습관 추적기, 월, 요일, 약속 알림, 테두리 등이 포함되어 있습니다. 탁월한 품질: 금박 디테일과 생생한 색상의 고품질 무광택 종이로 제작되었습니다. 이 플래너, 캘린더 및 도트 저널 스티커는 쉽게 벗겨서 붙일 수 있습니다. 펜이나 연필로 쉽게 쓸 수 있습니다. 합리적인 가격의 프리미엄 제품: PAPERAGE 노트북 및 저널 액세서리를 포함한 고품질 제품을 마음에 드는 가격으로 제공하기 위해 최선을 다하고 있습니다. 당사의 사명은 여러분의 다음 큰 아이디어를 실현하는 데 도움이 되는 것입니다.",,"['스티커', '캘린더', '금박', '노트북', '훌륭하다', '도움', '도트', '디테일', '시트', '완벽하다']"
사무용품,플래너 및 수첩,플래너,,B0CVXV6F8V,"2024-2025 플래너 - 22.9 x 27.9cm(9 x 11인치) 플래너 주간 및 월간 2024-2025년 7월부터 2025년 6월까지, 2024-2025년 학업 캘린더/플래너 2024-2025 탭 포함, 트윈 와이어 바인딩, 내부 포켓 포켓",BooQool,17991,17298,4.1,15.0,"2024-2025 플래너 - 이 2024–2025용 주간 플래너는 A4 크기이며 2024년 7월부터 2025년 6월까지 다양합니다. 12개의 월간 페이지와 53개의 주간 페이지가 있어 글을 쓸 수 있는 충분한 공간이 있어 2024년 반년, 2025년 상반기를 쉽게 계획하고 일정을 잡을 수 있습니다. 넓은 필기 공간 - 2024–2025 플래너에는 주간 및 월간 계획 섹션이 있습니다. 큰 줄이 있는 일일 블록은 월간 캘린더 페이지를 구성하여 약속을 잡을 수 있는 충분한 공간을 제공합니다. 또한 주간 페이지에는 월요일부터 일요일까지 날짜가 표시된 두 개의 유선 페이지가 있습니다. 플래너의 튼튼한 트윈 와이어 바인딩과 넘기기 쉬운 페이지로 언제 어디서나 생각을 낙서할 수 있습니다. 프리미엄 용지 - 주간 월간 플래너 2024-2025는 우수한 잉크 번짐 방지를 위해 설계된 프리미엄 종이로 만들어져 번짐에 대한 걱정 없이 월별 보기 페이지에서 일정을 계획하고 장기 계획을 세울 수 있습니다. 정리 향상 - 이 2024–2025 플래너를 사용하여 일, 주, 월 또는 학년도를 정리하세요. 우선 순위를 설정하고 더 체계적으로 정리하는 데 도움이 됩니다. 약속을 추적하고, 일일 할 일 목록을 만들고, 플래너의 시작 페이지에서 목표를 설정하여 2024~2025년에 목표를 관리하고 달성할 수 있습니다! 훌륭한 선물 - 내부 포켓이 있는 이 2024–2025 플래너는 12개의 월간 탭으로 메모 작성, 일상 업무 정리 및 직장, 학교 또는 집으로 여행하기에 적합합니다. 또한 친구, 가족, 선생님, 어린이 및 바쁜 사람들에게 생일, 기념일을 위한 사려 깊은 선물이 됩니다.",,"['페이지', '월간', '주간', '계획', '정리', '공간', '포켓', '와이어', '캘린더', '일정']"
사무용품,플래너 및 수첩,플래너,,B09ZL8C7BW,날짜 없는 포켓 주간 플래너 일정 오거나이저 아젠다 연도 월간 주간 계획 A6 노트북 (A6 날짜 없는 플래너 블루+그레이),xingtingyu,18822,18822,4.5,329.0,"날짜 없는 플래너, 자체 충전 날짜 커버 소재: 원단, 사이즈: A6: 9.4cm * 18.8cm 내부 페이지: 72장/144페이지, - 2페이지 스프레드에 1년. - 월간 스프레드 12개(6주) - 주간 스프레드 52개 - 리본 책갈피 2개(모브 및 블랙) - 크림 컬러 용지 - 노트 페이지 없음(뒷면에 4개의 완전히 빈 페이지가 있음) - 모든 종류의 정보 페이지 없음 페이지 하단에는 인용문/쓰기/미니 캘린더가 없으므로 하루에 더 많은 공간을 쓸 수 있습니다 그리드 크기는 5mm 정사각형에서 더 큽니다","커버 사이즈: 93x188mm, 내부 사이즈: 91x185mm, 시트: 72장/144페이지. 플래너 구성: 1. 개인 정보; 2.연간 계획 x 2페이지; 3개월 계획 x 24페이지(12개월용); 4. (주간 계획 + 그리드 용지)x54장(54주), 5. 빈 용지 x 4장.","['페이지', '날짜', '계획', '주간', '스프레드', '용지', '커버', '그리드', '월간', '내부']"
사무용품,플래너 및 수첩,플래너,,B0C4S3GW4V,"2024 플래너 - 2024 플래너 주간 및 월간, 1월 - 2024년 12월, 20.3 x 25.4cm(8 x 10인치) 주간 월간 플래너 2024, 2024년 달력 플래너, 기능 페이지 포함, 2024 달력 월간 플래너",Frasukis,11066,11066,4.6,540.0,"【주간 월간 플래너 2024】2024 주간 월간 플래너에는 2024년 및 2025년 달력 개요와 2024-2026년 휴일 개요가 포함되어 있습니다. 주간 및 월간 플래너 2024는 다기능 플래너로, 추가 기능 페이지를 독특하게 추가합니다. 2024년 플래너의 개인 정보 페이지와 연락처 페이지 2개를 사용하면 과학적이고 효율적인 방식으로 계획을 세울 뿐만 아니라 다른 중요한 개인 정보를 기록하고 조합하여 작업을 보다 효과적으로 완료할 수 있습니다. ⭐【2024 월간 플래너】2024년 플래너의 월간 플래너 페이지에는 12개월이 포함되어 있습니다. 그리고 2024 플래너 나선형 바인딩은 한 달 내내 계획의 진행 상황을 종합적으로 추적하는 데 도움이 됩니다. 이 2024년 캘린더 플래너는 계획을 세울 수 있는 충분한 필기 공간이 있습니다. 주간 및 월간 플래너 2024에는 3개월 달력 참조가 있어 계획에서 날짜를 확인하고 계획의 진행 상황을 확인하는 데 사용할 수 있습니다. 【2024 주간 플래너】2024 플래너 나선형 바인딩의 주간 플래너 페이지에는 53주가 포함되어 있어 더 자세한 일일 목표 계획을 세울 수 있습니다. 2024 주간 플래너 나선형 제본 페이지에는 일일 플래너 쓰기를 위한 충분한 공간이 있습니다. 2024 플래너의 각 일일 계획 장소는 양면에 걸쳐 펼쳐져 계획을 보다 유연하게 만듭니다. 주간 및 월간 플래너 2024에는 3개월 달력 참조가 포함되어 있어 다음 달과 지난 달을 참조하기에 편리합니다. ⭐【기능적인 디자인】잘 디자인된 커버 | 트윈 와이어 바인딩 | 연간 2개 개요 | 3년 휴일 개요 | 연락처 페이지 2개 | 빠른 참조 정보 | 휴일 알림 | 율리우스 력 날짜 | 메모 섹션 | 월간 탭 | 주간 월간 플래너 2024 【2024 플래너】주간 및 월간 플래너 2024는 목표 계획과 효율적인 완성을 위한 최고의 플래너이며 사무실, 공부, 생활 일정 등에 적합합니다. 2024 플래너는 스스로 사용하기에 좋을 뿐만 아니라 가족, 친구 및 사랑하는 사람에게도 좋습니다. 잘 수행된 모든 것은 완벽한 계획에서 시작됩니다.",,"['월간', '주간', '계획', '페이지', '달력', '개요', '참조', '나선형', '일일', '휴일']"
사무용품,플래너 및 수첩,플래너,,B09HR7X8H8,"Weekly To Do List 메모장, 60페이지 작업 계획 패드, 일일 체크리스트, 우선 순위 확인란 및 메모 포함 사무실 정리 책상 노트 27.9 x 21.6cm(11 X 8.5인치)",Life Charge,19376,19376,4.6,3929.0,"60페이지 주간 할 일 목록 플래너 메모장. 체크리스트, 최우선 순위, 낮은 우선 순위 및 후속 섹션이 포함된 주간 시트 할 일 목록 메모장과 월요일부터 일요일까지 메모 또는 약속을 작성할 수 있는 섹션이 있습니다. 60페이지 필기 패드. 완벽한 사이즈, 27.9 x 21.6cm(11 x 8.5인치) A4 메모장, 가로 가로 레이아웃. 고품질 100 GSM 매끄러운 백지, 마분지 뒷면. 이 간단한 주간 메모장은 메모리에 의존하지 않기 위해 다른 작업을 하는 동안 완료해야 하는 작업을 기록하는 데 환상적입니다. 완료를 나타내는 확인란이 있는 체크리스트 스타일 작업 목록. 삶을 더 체계적이고 관리하기 쉽게 유지하는 데 좋습니다! 집중력을 유지하세요. 이 패드는 가정, 사무실 작업, 꿀 목록, 학교, 집안일 목록, 프로젝트 정리 및 위임 작업에 사용할 수 있습니다. 이 주간 할 일 패드는 일상적인 작업이나 필수 프로젝트에 사용됩니다. 약속, 주간 집안일 목록, 여행 준비, 식사 계획, 파티 계획, 심부름 정리 또는 단순히 방문할 상점 목록 작성, 휴가 중 하고 싶은 일의 목록을 만듭니다. 전체 패드를 사용하거나 개별 티어 시트를 직원, 어린이, 남편, 아내, 보모, 집 시터, 강아지 시터, 마당 유지 보수 작업자 또는 협업 환경에서 나눠줄 수 있습니다. 메모장 디자인은 남성과 여성, 동료, 어린이, 직원 및 상사 모두에게 높이 평가됩니다! 주간 할 일 목록 메모장 낮음 및 높은 우선 순위 섹션, 낮은 우선 순위, 후속 조치 섹션. 이 메모장에는 누군가가 작업을 완료하기 위해 주문의 우선 순위를 지정할 수 있는 우선 순위 섹션이 있습니다. 각 작업 옆에 확인란이 있어 누군가가 작업이 완료되었음을 나타내는 확인란을 빠르게 선택할 수 있습니다. 얼마나 완성되었는지 한 눈에 볼 수 있어서 기쁩니다. 월요일부터 일요일까지, 메모를 작성하거나 약속 또는 의무를 표시하는 영역.",,"['작업', '목록', '메모장', '순위', '주간', '패드', '섹션', '페이지', '작성', '유지']"
사무용품,플래너 및 수첩,플래너,,B0BKKGHZLB,S&O Best Week Ever 날짜 없는 주간 플래너 - 인생을 위한 목표 플래너 - 52주 날짜 없는 플래너 - 할 일 목록 플래너 - 습관 추적기 플래너 - 달력 노트 약속 플래너 - 15.2 x 21cm(6 x 8.25인치),Sweetzer & Orange,11066,11066,4.4,54.0,"업무 수행 — 약속, 마감일 및 사교 행사를 머리 꼭대기에서 기억하는 것은 스트레스가 됩니다. 매주 여러분을 응원하기 위한 새로운 동기 부여 인용문과 함께 이 작은 주간 플래너 날짜 표시되지 않은 레이아웃에 작업과 책임을 기록하세요 진행 상황 추적 — 목표를 깨기 시작하세요. 주간 할 일 목록에서 확인란을 선택하면 성취감을 느껴보세요. 이 날짜가 표시되지 않은 월간 플래너를 통해 동기를 부여하고 우선 순위를 향해 계속 노력하세요 펜을 종이에 넣으세요 — 때로는 복잡한 디지털 세상에서 단순함이 여전히 우세합니다. 이 저널과 플래너를 사용하여 생일, 기념일 및 아이디어를 추적하세요. 이벤트나 과제를 기록하는 행위는 기억할 가능성이 높아집니다 나만의 창의적인 아울렛 — 이 노트북 플래너를 나만의 작은 세계로 바꿔보세요. 중요한 날짜에 스티커를 추가하세요. 작업에 대한 생각이나 사이드 노트를 적어 두세요. 재미있는 낙서를 그려서 주간 플래너 노트를 개인화하세요 마음의 평화를 찾으세요 — 일과 삶의 균형을 개선하세요. 저널 플래너를 사용하여 운동 시간과 야외 시간을 예약하세요. 이 데이트리스 플래너를 사용하면 심부름, 집안일 및 필요한 시간을 차단할 수 있습니다",,"['날짜', '주간', '노트', '추적', '표시', '동기', '약속', '기록', '기억', '목록']"
식음료,스낵 및 디저트,쿠키,,B000FNFL0G,"Royal Dansk 덴마크 쿠키 셀렉션, 방부제 또는 색소 첨가 없음, 355ml(12온스)",Royal Dansk,6731,6731,4.6,87417.0,"바삭하고 버터 쿠키 클래식: 이 355ml(12온스) 틴 안에 풍부한 덴마크 버터 쿠키를 찾아보세요. 모두 순수한 버터 쿠키 맛과 풍미 가득한 코코넛 또는 바닐라 트위스트가 있습니다 디카던트 및 독특한 모양: 당사의 블루 틴 쿠키는 프레첼 스타일, 바닐라 링, 핀란드 스타일, 컨트리 스타일 및 코코넛의 5가지 모양으로 구성된 상징적인 클래식 쿠키가 특징입니다 입안에서 녹도록 제작: Royal Dansk 덴마크 쿠키는 모든 배치에 탁월한 베이킹의 탁월함을 제공하여 모든 입에 버터 같은 바삭함의 완벽한 균형을 제공합니다 맛이 좋은 이유: 저희는 품질에 타협하지 않으며 인공 성분, 방부제 또는 색소가 첨가되지 않은 GMO 프리 성분을 사용하여 훌륭한 덴마크 베이킹 전통에 충실합니다 오랜 쿠키 장인 정신: 당사의 바삭한 버터 쿠키는 1966년부터 즐거움의 순간을 제공했습니다. 독특한 맛으로 간단하고 달콤하고 기억에 남는 맛 경험을 제공합니다","1966년부터 Royal Dansk 는 덴마크에서 수입된 정통 덴마크 버터 쿠키로 쿠키 애호가들에게 활기를 불어넣어 왔습니다. Royal Dansk 클래식 블루 덴마크 버터 쿠키 틴에서 볼 수 있는 고급스럽고 바삭하며 버터 같은 내용물은 덴마크 베이킹 전통에 깊이 뿌리를 두고 있습니다. 최고급 재료로 제작된 이 럭셔리 쿠키는 맛, 질감 및 시각적 외관의 일관성을 위해 신중하게 제작되었습니다. 이 상징적인 재사용 가능한 블루 쿠키 틴을 열면 즐거운 Royal Dansk 쿠키가 혼합되어 즐거움을 선사할 것입니다. 프레첼 스타일, 바닐라 링, 핀란드 스타일, 컨트리 스타일, 코코넛을 포함한 각 Royal Dansk 덴마크 쿠키 셀렉션 틴 안에 자리 잡은 5가지 클래식 쿠키 모양이 있습니다. 이 모든 주석 도금 고급 쿠키는 순수한 버터 맛으로 만들어졌지만 일부는 코코넛이나 바닐라가 첨가되어 높은 맛 프로필을 가지고 있습니다. Royal Dansk 는 단순하고 달콤하게 유지하며 최고 품질의 GMO 프리 성분만을 사용하여 인공 성분이나 방부제와 색소를 첨가하지 않고 퇴폐성을 제공합니다. 이 독특하고 바삭하고 입안에서 녹는 버터 쿠키가 제공하는 세련되고 간단한 선물을 최대한 활용하세요. 일상의 순간에 초대하고 일년 내내 즐길 수 있는 공간을 만드세요.","['쿠키', '버터', '덴마크', '맛', '스타일', '바삭', '첨가', '코코넛', '클래식', '바닐라']"
식음료,스낵 및 디저트,쿠키,,B006SOI7Y8,"Nyakers 진저브레드 스냅 쿠키 틴, 최고급 진저 스냅 오리지널 맛 스웨덴 쿠키, 750g - 26.45온스 - 0.7kg(1.5파운드), 보호 인서트 포함",Nyakers,43627,43627,4.5,2848.0,진짜 생강으로 제작 전통적인 스웨덴 생강 스냅 쿠키는 배송 중에 보호하기 위해 보호 인서트로 포장되어 있습니다 스웨덴에서 제작 750g. 750g,Nyåkers 생강 스냅은 전통적인 스웨덴 생강 스냅과 같은 맛입니다. Nyåkers 생강 스냅은 바삭한 입으로 미각을 즐겁게 합니다.,"['스냅', '생강', '스웨덴', '보호', '쿠키', '맛', '제작', '전통', '인서트']"
식음료,스낵 및 디저트,쿠키,,B098QZF1FJ,"Simple Mills Sweet Thins 쿠키, 씨앗 및 견과류 가루, 민트 초콜릿 - 글루텐 프리, 팔레오 친화적, 건강한 간식, 120.5g(4.25온스) (1팩)",Simple Mills,15789,15789,4.5,7189.0,"영양이 풍부한 수박 씨앗 가루, 캐슈 가루, 해바라기 씨 가루 및 아마를 포함한 실제 목적의 재료로 제작되었습니다. 딱 맞는 단맛을 위해 1회 제공량당 7g의 코코넛 설탕으로 자연적으로 단맛을 냅니다. 씨앗 및 견과류 가루 혼합의 일부인 수박 씨앗 가루는 단백질, 좋은 지방 및 미량 영양소를 제공하며 Sweet Thins의 맛있고 가볍고 바삭한 질감을 만드는 데 도움이 됩니다. 1회 제공량당 12회 가늘어 완벽하게 튀어 나오는 바삭한 입으로 언제든지 간식을 먹을 수 있어 무겁지 않습니다. 진짜와 자연스러운 3가지 즐거운 맛으로 제공됩니다.","Simple Mills 간단하고 맛있는 진짜 음식을 통해 삶과 몸을 풍부하게 합니다. 당사는 현재 맛이 좋고 장기적으로 몸에 영양을 공급하는 음식을 제공하여 건강한 선택을 쉽게 하기 위해 노력합니다. 저희는 여러분이 성분을 인식하지 못하면 몸도 그렇지 않을 것이라고 믿습니다. 그래서 저희는 여러분에게 영양을 공급하는 것만을 포함하여 목적을 가지고 직접 선택합니다. 인공적인 것은 없습니다. 건강이 더 크고 열정으로 가득 찬 삶을 가능하게 한다고 믿기 때문에 우리는 음식이 만들어지는 방식에 긍정적인 영향을 미치기 위해 여기에 있습니다. 깨끗하고 영양이 풍부한 음식으로 더 큰 삶을 살 수 있습니다. 매우 간단합니다. 음식은 기분을 변화시킬 수 있는 능력을 가지고 있습니다. 우리는 기준을 높이고 있습니다. 음식이 맛있고 영양이 풍부하여 번성할 수 있다는 기대를 높입니다. 모든 Simple Mills 제품은 북미(미국 및 캐나다)에서 제작됩니다. Simple Mills 웹사이트에서 뉴스레터에 가입하여 최신 뉴스, 건강 팁 및 레시피를 확인하거나 제품 제목의 파란색 Simple Mills Store 방문 링크를 클릭하십시오.","['음식', '가루', '영양', '풍부하다', '씨앗', '삶', '맛있다', '몸', '수박', '맛']"
식음료,스낵 및 디저트,쿠키,,B0872CS81R,"Dewey's Bakery Meyer 레몬 쿠키 씬 | 인공 향료, 합성 색소 또는 방부제 없음 | 소량으로 구운 | 255g(9온스) (1팩)",Dewey's Bakery,10803,10803,4.0,473.0,"Meyer 레몬 쿠키 1박스가 포함되어 있습니다. 각 255.1g(9온스) 상자에는 약 68개의 쿠키가 포함되어 있습니다! 얇은 쿠키. 큰 맛. 베이커의 약속: 인공 향료, 방부제 및 합성 색소 없이 굽습니다 1930년부터 노스캐롤라이나주 윈스턴세일럼에 있는 홈타운 베이커리에서 구워졌습니다 100% 진짜 성분과 한 입 먹을 때마다 약간의 듀이의 마법으로 제작되었습니다",,"['쿠키', '색소', '합성', '레몬', '인공', '방부제', '향료', '홈', '듀이', '마법']"
식음료,스낵 및 디저트,쿠키,,B07BS3BGNH,"Dewey's Bakery 브라우니 크리스프 쿠키 씬 | 인공 향료, 합성 색소 또는 방부제 없음 | 소량으로 구운 | 255g(9온스) (1팩)",Dewey's Bakery,10927,10927,4.2,611.0,"브라우니 크리스프 쿠키 1박스가 포함되어 있습니다. 각 255.1g(9온스) 상자에는 약 68개의 쿠키가 포함되어 있습니다! 얇은 쿠키. 큰 맛. 베이커의 약속: 인공 향료, 방부제 및 합성 색소 없이 굽습니다 1930년부터 노스캐롤라이나주 윈스턴세일럼에 있는 홈타운 베이커리에서 구워졌습니다 100% 진짜 성분과 한 입 먹을 때마다 약간의 듀이의 마법으로 제작되었습니다",,"['쿠키', '합성', '스프', '크리', '향료', '브라우니', '색소', '인공', '방부제', '홈']"
식음료,스낵 및 디저트,쿠키,,B0051GCRA4,"Lotus Biscoff Cookies – 캐러멜라이즈드 비스킷 쿠키 - 개별 포장 쿠키 300개 - 비건, 5.7g(0.2온스) (300개 팩)",Biscoff,52352,52352,4.7,24103.0,"개별 포장된 쿠키 300개 포함 연꽃 BISCOFF는 놀랍도록 바삭한 입과 독특한 맛을 가진 독특한 쿠키입니다. 독특한 캐러멜 맛은 전 세계적으로 사랑받고 있습니다. 커피를 위한 최고의 동반자! 점심 도시락에 넣어 정오 간식을 먹거나 하루 중 언제든지 고급 간식으로 드세요. 천연 성분의 소수. 당사의 쿠키는 비건 친화적이며 RSPO 인증 팜 오일로 제작되었습니다. 인공 향료나 색소, 방부제가 없습니다. 1932년부터 독특한 레시피. 벨기에에서 제작. 집에서 식료품 저장실을 비축하거나 사무실에서 직원 간식으로 보관할 수 있습니다","이 독특한 맛과 바삭한 한 입으로 커피를 완벽하게 보완하거나 하루 종일 이동 중에도 간식으로 즐기세요. 또한 치즈케이크, 티라미수, 컵케이크 등과 같은 좋아하는 홈 베이킹 레시피에 포함할 수 있는 훌륭한 재료입니다. GMO 프리 성분으로 제작된 Lotus Biscoff 쿠키는 비건 친화적이며 인공 색소, 향료 또는 방부제가 포함되어 있지 않습니다.","['쿠키', '독특하다', '간식', '제작', '맛', '비건', '레시피', '바삭', '방부제', '색소']"
식음료,스낵 및 디저트,쿠키,,B0BCC7T5TY,Bauducco 버터 쿠키 틴 - 틴에 담긴 편리한 분류 버터 쿠키 - 맛있는 달콤한 스낵 또는 선물 - 355ml(12온스) (1개),Bauducco,13379,13379,3.9,572.0,"전통적이고 맛있는 음식: 행복한 순간과 어울리는 완벽한 오후 간식. 부드럽고 버터: 입안에서 녹고 좋은 추억을 가져다주는 풍미 쿠키의 전통적인 레시피. 인공 색상 없음: Bauducco의 우수성 추구는 인공 색소나 향료로 만들어지지 않은 웨이퍼와 같은 탁월한 제품에서 측정됩니다. 모든 상황에 적합: 언제든지 맛있는 옵션이 있습니다. 여러분과 여러분의 가족은 커피, 차, 우유, 주스 등과 함께 즐길 수 있습니다!",,"['쿠키', '맛있다', '버터', '전통', '인공', '향료', '오후', '스낵', '순간', '선물']"
식음료,스낵 및 디저트,쿠키,,B00IVT3ZNG,"Back to Nature 클래식 크림 샌드위치 쿠키 - 유제품 프리, GMO 프리, 밀가루로 제작, 맛있는 고품질 간식, 355ml(12온스)",Back to Nature,9681,9681,4.6,1102.0,"간단한 성분: 이 식물 기반 쿠키는 밀가루와 풍부한 더치 코코아로 만들어졌으며 고과당 옥수수 시럽이나 수소화 오일이 없습니다. 완벽하게 구워짐: 클래식 크림 쿠키는 전통적인 맛과 질감을 가지고 있으며 더 나은 트위스트를 가졌습니다. 이 쿠키는 사랑하는 사람과 공유하기에 완벽합니다(또는 상자 전체를 자신에게 맡기세요! ). 바삭한 블리스: 우유에 담그거나, 쿠키 트레이에 추가하거나, 아이스크림 선디를 토핑하거나, 퇴폐적인 디저트로 무너질 수 있는 완벽한 바삭한 질감입니다. 달콤한 치아 만족: 차가운 우유 한 잔을 선호하든, 도시락에 포장하거나, 저녁 식사 후 디저트로 또는 이동 중에도 언제든지 맛있는 간식을 즐기세요. BACK TO NATURE: 1960년부터 맛있고 맛있는 레시피를 만들었습니다. 간단한 레시피와 고품질 재료를 사용하여 미국에서 가장 좋아하는 간식을 맛있게 리메이크합니다. 당사는 The Nature Conservancy의 자랑스러운 파트너이며 그들의 보존 노력을 지원합니다.","Back to Nature 클래식 크림 쿠키는 자연에서 영감을 얻은 맛있는 식물 기반 쿠키입니다. 이 초콜릿 쿠키는 밀가루, 풍부한 초콜릿, 크리미한 충전재로 맛있는 간식을 쉽게 즐길 수 있습니다. 초콜릿과 둥근 이 초콜릿 샌드위치 쿠키는 맛있고 간단한 재료 스낵을 위해 익숙한 느낌을 줍니다. 달콤한 치아에 대한 갈망은 예상치 못한 순간에 올 수 있습니다. 그러나 Back to Nature 제품을 사용하면 하루 중 언제든지 맛있는 쿠키를 즐기는 것이 더 좋아질 수 있습니다. Back to Nature를 사용하면 하루 중 언제든지 맛있는 쿠키를 즐길 수 있습니다. 차가운 우유 한 잔에 쿠키를 담그거나, 따뜻한 커피 머그잔과 함께 먹거나, 디저트 레시피에서 쿠키 크러스트로 사용하거나, 상자에서 꺼내서 바로 먹을 때 고품질의 쿠키를 즐길 수 있는 무한한 가능성을 탐험하세요! 당사의 간단한 재료는 자연에서 맛있는 영감을 얻었습니다. 게다가, GMO 프리 프로젝트 인증, 코셔 및 통곡물로 만든 이 쿠키가 마음에 드실 것입니다. 당신과 당신의 가족에게 좋은 맛을 염두에 두고 맛있는 음식을 제공한다는 것을 알고 웃으세요. Back to Nature 는 10년 이상 보존에 초점을 맞춘 The Nature Conservancy의 자랑스러운 파트너였습니다. 우리는 건강한 지구가 더 건강하고 행복한 사람들로 이어진다고 믿습니다.","['쿠키', '맛있다', '초콜릿', '간단하다', '간식', '완벽하다', '레시피', '우유', '크림', '클래식']"
식음료,스낵 및 디저트,쿠키,,B09RPFYQMQ,"Bauducco Choco 비스킷 쿠키 - 40팩 - 바삭하고 맛있는 - 간식, 디저트 및 도시락에 적합 - 팩당 쿠키 2개, 개별 포장, 717.2g(25온스) (40팩)",Bauducco,22492,22492,4.1,2711.0,풍성한 경험: 풍부하지만 무겁지 않고 섬세하며 완벽한 양의 단맛과 균형 잡힌 맛있고 균형 잡힌 페어링. 완벽한 조합: 커피 또는 차와 잘 어울립니다 이동 중에도 편리함: 학교나 사무실로 가져가서 오후 중반 뭉치를 먹거나 가방 안에 간식으로 가져가세요. 이 개별 패키지는 백팩이나 도시락에 휴대하기에 이상적입니다. 인공 색상 없음: Bauducco의 우수성 추구는 인공 색소나 향료로 만들어지지 않은 웨이퍼와 같은 탁월한 제품에서 측정됩니다. 개별 포장: 이 패키지에는 17g(0.6온스)의 개별 팩 40개가 포함되어 있습니다.,,"['완벽하다', '간식', '포장', '균형', '패키지', '도시락', '쿠키', '인공', '맛있다', '바삭']"
식음료,스낵 및 디저트,쿠키,,B0BTWH4N1K,David's Cookies 모두를 위한 생일 축하 선물 - 바삭한 피칸과 가루 설탕이 들어간 버터 피칸 멜타웨이 쿠키 - 프리미엄 신선한 재료 - 사랑스러운 틴 박스 포함 - 0.9kg(2파운드),David's COOKIES,46342,46342,4.6,20.0,"당신이 얼마나 신경 쓰는지 진정으로 보여주는 선물로 누군가의 특별한 생일을 축하하세요! David's Cookies 생일 축하 쿠키 선물 바구니를 선물하며, 달콤한 치아를 가진 사람에게 이상적인 선물입니다 각 버터 피칸 멜타웨이 & 씬 크리스피 쿠키는 신선함을 더하기 위해 개별적으로 포장되어 있습니다. 바삭한 견과류로 만든 신중하게 수제 간식으로 가루 설탕을 뿌려 지속적인 인상을 남길 수 있는 맛있는 간식을 만듭니다. 이 생일 축하 선물 바구니는 달콤한 이빨을 가진 모든 사람에게 사려 깊고 이상적이며 사려 깊은 선물이며 얼굴에 미소를 짓게 할 것입니다. 친구, 가족 또는 동료를 위한 선물을 찾고 계신다면, 이 바구니는 훌륭한 선택입니다. 그렇다면 왜 기다려야 할까요? 오늘 David's Cookies 맛을 특별한 사람에게 선물하세요! 지루한 생일 선물에 만족하지 마세요. 이 맛있는 달콤한 간식 바구니로 사랑하는 사람에게 얼마나 신경 쓰는지 보여주세요. 생일 축하 쿠키 선물 바구니를 주문하고 기억에 남는 생일을 만들어보세요!",,"['선물', '생일', '축하', '바구니', '쿠키', '사람', '간식', '피칸', '달콤하다', '가루']"
식음료,스낵 및 디저트,쿠키,,B07ZPBFGTP,Michel et Augustin Gourmet Chocolate Cookie Squares | 밀크 초콜릿 & 헤이즐넛 | 개별 포장된 유럽 쿠키 | 프렌치 쇼트브레드 쿠키 15개,Michel et Augustin,13711,12298,4.2,266.0,"미식가 쇼트 레드 쿠키: 15개의 개별 포장된 버터 쿠키에는 부드러운 헤이즐넛 초콜릿 가나슈를 채우고 구운 헤이즐넛을 뿌렸습니다. 천연 성분: 간단한 재료를 사용하여 세심하고 고품질로 만든 초콜릿 스낵. 방부제, 인공 성분, 향료, 염료 또는 GMO가 첨가되지 않았습니다. 유럽 쿠키: 진짜 버터로 프랑스에서 구운 이 한입 크기의 쿠키는 프랑스 제과점에서 바로 나온 것처럼 맛있습니다. 개별 포장: 당사의 고급 쿠키는 개별 포장으로 더 오래 신선하게 유지되며 학교 점심에 추가하거나 문 밖으로 나갈 수 있는 즐거운 간식입니다! 쿠키 선물 상자: 이 이동 중 간식은 파티에서 가족 및 친구들과 공유하거나 달콤한 간식이나 늦은 밤 간식으로 사용하기에 좋습니다.",,"['쿠키', '포장', '간식', '헤이즐넛', '초콜릿', '운', '유럽', '버터', '성분', '프랑스']"
식음료,스낵 및 디저트,쿠키,,B0C52D1DTB,"Lotus Biscoff 쿠키, 캐러멜라이즈드 비스킷 쿠키, 쿠키 18개(10팩), GMO 프리 + 비건, 140g(5.0온스) (10팩), 스낵 팩 사이즈",Biscoff,36065,36065,4.8,4027.0,"연꽃 BISCOFF는 놀랍도록 바삭한 입과 독특한 맛을 가진 독특한 쿠키입니다. 독특한 캐러멜 맛은 전 세계적으로 사랑받고 있습니다. 커피를 위한 최고의 동반자! 점심 도시락에 넣어 정오 간식을 먹거나 하루 중 언제든지 고급 간식으로 드세요. 천연 성분의 소수. 당사의 쿠키는 비건 친화적이며 RSPO 인증 팜 오일로 제작되었습니다. 인공 향료나 색소, 방부제가 없습니다. 1932년부터 독특한 레시피. 벨기에에서 제작. 재고에 적합합니다. 저희 패밀리 팩은 식료품 저장실이나 대규모 그룹을 접대할 때 훌륭한 간식입니다. 이 팩은 치즈 케이크, 티라미수 또는 마스카포네와 같이 좋아하는 레시피를 구울 때 많은 양의 쿠키가 필요할 때도 좋습니다. 140G 팩 10개가 포함되어 있습니다. 이 팩에는 팩당 약 18개의 쿠키가 포함되어 있습니다. 쿠키는 무게에 따라 포장되므로 개수가 약간 다를 수 있습니다","이 독특한 맛과 바삭한 한 입으로 커피를 완벽하게 보완하거나 하루 종일 이동 중에도 간식으로 즐기세요. 또한 치즈케이크, 티라미수, 컵케이크 등과 같은 좋아하는 홈 베이킹 레시피에 포함할 수 있는 훌륭한 재료입니다. GMO 프리 성분으로 제작된 Lotus Biscoff 쿠키는 비건 친화적이며 인공 색소, 향료 또는 방부제가 포함되어 있지 않습니다.","['쿠키', '독특하다', '간식', '레시피', '맛', '비건', '제작', '캐러멜', '바삭', '방부제']"
식음료,스낵 및 디저트,쿠키,,B07QGF564V,"Nyakers 스웨덴 오리지널 진저 스냅 쿠키 748.4g(26온스) 식물 우편 안전 틴 케이스에 담긴 진저스냅 - 크리스마스, 생일 또는 휴일 선물",Nyakers,37131,37131,4.7,1418.0,인서트에는 150g의 슬리브 4개가 포함되어 있으며 각 틴에는 총 120개의 스냅이 있습니다.,수상 경력에 빛나는 이 쿠키는 스웨덴에서 가장 유명한 가족 소유 베이커리에서 구워집니다. 이 멋진 식물성 선물 틴에는 쿠키가 깨지지 않도록 특수 인서트에 포장된 얇은 오리지널 진저스냅 쿠키가 포함되어 있습니다. 인서트에는 150g의 슬리브 4개가 포함되어 있으며 각 틴에는 총 120개의 스냅이 있습니다.,"['스냅', '쿠키', '슬리브', '진저', '인서트', '선물', '스웨덴', '휴일', '경력', '멋지다']"
식음료,스낵 및 디저트,쿠키,,B01HXZ03QK,"STAUFFERS Ginger SNAPS 쿠키 - 414ml(14온스) 백 - 고과당 옥수수 시럽, 인공 향료 또는 색소가 없는 생강 맛 쿠키",STAUFFERS,20705,20705,4.5,1761.0,"정통 생강 맛: Stauffer의 생강 스냅 쿠키를 한 입 먹을 때마다 진실하고 견고한 생강 맛을 즐기세요. 이 클래식한 ""스냅"" 쿠키는 생강 애호가에게 진정한 기쁨입니다. 진짜 재료로 제작: 진짜 생강, 당밀, 계피, 정향 및 칠리 파우더로 제작된 이 쿠키는 조화로운 향신료를 제공하여 모든 먹으면서 미각을 일깨워줍니다. 요리 모험을 위한 다용도: 이 생강 스냅은 간식만을 위한 것이 아닙니다. 파이에 독특한 트위스트를 더하는 바삭하고 매운 파이 크러스트를 만드는 데 사용하여 주방에서 창의력을 발휘하세요. 또는 좋아하는 성인 음료와 함께 즐거운 간식을 즐겨보세요. 건강에 좋고 맛있는: Stauffer's는 고과당 옥수수 시럽, 인공 향료 또는 색소가 없는 쿠키의 웰빙을 우선시합니다. 각 서빙에는 120칼로리만 포함되어 있어 죄책감 없는 탐닉이 됩니다. 신뢰할 수 있는 품질: Stauffer의 Ginger SNAPS 쿠키는 미국에서 땅콩 프리 시설에서 자랑스럽게 제작되어 품질과 안전을 보장합니다. 또한, 코셔 인증을 받았으며 엄격한 생산 표준을 준수합니다. Stauffer's Ginger SNAPS 쿠키의 진정한 맛으로 간식 경험을 향상시키세요.",,"['쿠키', '생강', '맛', '간식', '제작', '스냅', '향료', '시럽', '고과', '파이']"
식음료,스낵 및 디저트,쿠키,,B09CHJW3PP,"Dewey's Bakery Triple Ginger 쿠키 씬 | 인공 향료, 합성 색소 또는 방부제 없음 | 소량으로 구운 | 255g(9온스) (1팩)",Dewey's Bakery,10941,10941,4.1,259.0,"트리플 생강 쿠키 1박스가 포함되어 있습니다. 각 255.1g(9온스) 상자에는 약 68개의 쿠키가 포함되어 있습니다! 얇은 쿠키. 큰 맛. 베이커의 약속: 인공 향료, 방부제 및 합성 색소 없이 굽습니다 1930년부터 노스캐롤라이나주 윈스턴세일럼에 있는 홈타운 베이커리에서 구워졌습니다 100% 진짜 성분과 한 입 먹을 때마다 약간의 듀이의 마법으로 제작되었습니다",,"['쿠키', '합성', '인공', '방부제', '향료', '색소', '홈', '생강', '듀이', '리플']"
식음료,스낵 및 디저트,쿠키,,B07MWKRQBJ,"STAUFFERS 레몬 스냅 쿠키 - 414ml(14온스) 백 - 고과당 옥수수 시럽, 인공 향료 또는 색소가 없는 레몬 맛 쿠키",STAUFFERS,12451,12451,4.1,246.0,"거부할 수 없는 레몬 스냅 쿠키: 396.9g(14온스) 백에 담긴 Stauffer의 레몬 스냅 쿠키는 쿠키 컬렉션에 맛있는 추가 아이템으로, 한 입 먹을 때마다 진짜 레몬 맛과 강력한 향을 제공합니다. 다용도의 풍미: 이 전통적인 ""스냅"" 쿠키는 간식용으로만 사용되는 것이 아닙니다. 이 제품을 사용하여 바삭하고 풍미 있는 파이 크러스트를 만들어 좋아하는 디저트 레시피에 즐거운 반전을 더합니다. 진짜 레몬 맛으로 제작: 모든 쿠키에서 진짜 레몬의 진정한 맛을 즐기세요. Stauffer's는 인공 향료나 색소 없이 진정한 레몬 같은 경험을 제공하기 위해 고품질 재료를 사용하는 것에 자부심을 가지고 있습니다. 디저트와 간식에 적합: 이 레몬 같은 즐거움을 아이스크림 한 그릇과 함께 상쾌한 간식을 만들거나 애프터눈 티 모임 중에 친구들과 공유하세요. 고과당 옥수수 시럽이 없으면 죄책감 없이 즐길 수 있습니다. 신뢰할 수 있는 품질: Stauffer의 레몬 스냅 쿠키는 미국에서 땅콩 프리 시설에서 만들어졌으며 코셔 인증을 받았으며 모든 즐거운 물린 음식에서 품질과 안전을 보장합니다. 각 서빙에는 130칼로리만 포함되어 있어 어떤 경우에도 만족스럽고 맛있는 선택입니다.",,"['레몬', '쿠키', '스냅', '맛', '간식', '진짜', '인공', '고과', '디저트', '맛있다']"
식음료,스낵 및 디저트,쿠키,,B07JGMZQFR,David's Cookies Gourmet Butter Pecan Meltaway 싱글 - 바삭한 피칸과 가루 설탕이 들어간 고급 쿠키 스낵 - 순수 크리미 버터 레시피 - 맛있는 천상의 맛 음식 선물 (170g(6온스),David's COOKIES,19459,19459,4.3,14070.0,"David's Cookies의 버터 피칸 멜타웨이로 군침 도는 경험을 하세요! 이 맛있는 쿠키는 순수하고 크리미한 버터만을 사용하는 레시피 덕분에 거부할 수 없을 정도로 풍부한 버터 맛을 가지고 있습니다 달콤한 치아의 요구를 충족시키기 위해 이 맛있는 과자의 크리미한 질감을 물고 한 입 먹을 때마다 피칸과 가루 설탕의 바삭한 장점을 경험하십시오. 이 쿠키는 다가오는 저녁 파티에서 디저트로 제공하든 정오 간식으로 사용하든 손님을 놀라게 할 모든 행사에 이상적인 진미입니다. 빠른 간식을 원하든, 친구들과 함께 즐길 수 있는 디저트이든, 특별한 사람을 위한 선물을 원하든, 상관없습니다. 각 170.1g(6온스) 패킷의 순수한 즐거움을 거부할 수 없습니다. David's Cookies는 맛있을 뿐만 아니라 최고 품질의 쿠키를 만드는 것에 자부심을 가지고 있습니다. 지금 주문하고 최고의 버터, 견과류, 달콤한 맛을 경험하십시오.",,"['버터', '쿠키', '맛있다', '피칸', '경험', '크리미', '맛', '가루', '디저트', '설탕']"
식음료,스낵 및 디저트,쿠키,,B00OG1L2F6,"STAUFFERS 애플 시나몬 스냅 쿠키 - 414ml(14온스) 백 - 고과당 옥수수 시럽, 인공 향료 또는 색소가 없는 애플 시나몬 맛 쿠키",STAUFFERS,13642,13503,4.2,69.0,"맛있는 사과 시나몬 맛: Stauffer의 스냅은 한 입 먹을 때마다 사과 계피 맛과 향을 제공하여 쿠키 욕구를 충족시키기에 완벽합니다. 다용도 간식: 아이스크림 한 그릇과 함께 바삭하고 바삭한 쿠키를 단독으로 즐기거나 맛있는 파이 크러스트를 위해 으깨어 보세요. 고품질 성분: 진짜 계피와 당밀로 만든 이 쿠키는 고과당 옥수수 시럽과 인공 향료 또는 색소가 없습니다. 모든 상황에 적합: 애프터눈 티 모임, 달콤한 간식 또는 독특한 베이킹 재료에 적합합니다. 미국에서 제작: 자랑스럽게 미국에서 제작된 각 414ml(14온스) 백에는 1회 제공량당 110칼로리의 쿠키가 포함되어 있어 맛있고 즐거운 간식을 보장합니다.","모든 쿠키 애호가의 식료품 저장실에 꼭 필요한 간식인 Stauffer의 SNAPS 애플 시나몬 쿠키의 즐거운 맛에 빠져보세요. 각 396.9g(14온스) 백은 여는 순간 신선한 향기로 감각을 깨울 것을 약속합니다. 이 전통적인 ""스냅"" 쿠키는 강력한 사과와 계피 맛을 제공하도록 제작되었으며, 바삭하고 바삭한 질감으로 보완되어 물릴 때마다 더 많은 갈망을 남길 수 있습니다. 진짜 계피와 당밀로 만든 Stauffer의 스냅 애플 시나몬 쿠키는 진정한 맛을 제공합니다. 독립형 간식으로 즐기거나, 아이스크림 한 그릇과 페어링하거나, 애프터눈 티 모임에서 친구들과 공유하든, 이 쿠키는 분명 만족할 것입니다. 창의적인 트위스트를 위해 으깨서 바삭하고 맛있는 파이 크러스트를 만들어 좋아하는 디저트를 업그레이드하세요. 각 제공량에는 110칼로리만 포함되어 있어 달콤한 치아를 만족시키는 합리적인 선택입니다. 또한, 고과당 옥수수 시럽, 인공 향료 또는 색소 없이 만들어 졌기 때문에 이 맛있는 간식에 빠져드는 기분을 느낄 수 있습니다. 미국에서 자랑스럽게 제작된 Stauffer의 스냅 애플 시나몬 쿠키는 품질과 전통에 대한 헌신을 반영합니다. 다용도 간식이나 독특한 베이킹 재료를 찾고 계신다면, 이 쿠키는 주방에 완벽한 추가 아이템입니다. 오늘 식료품 저장실에 가방을 추가하고 바삭한 입에 사과와 계피의 시대를 초월한 맛을 즐기세요.","['쿠키', '간식', '맛', '시나몬', '바삭', '맛있다', '스냅', '계피', '애플', '사과']"
식음료,스낵 및 디저트,쿠키,,B09BBMBZZN,"Rip Van 초콜릿 헤이즐넛 웨이퍼 쿠키, 케토, GMO 프리, 건강한 간식, 저탄수화물 및 저설탕 (2g), 저칼로리, 비건, 16개입",Rip Van Wafels,27700,27700,4.0,18547.0,"설탕 2g만 포함된 건강한 간식: 각 33g 웨이퍼에 설탕 2g, 순탄수화물 4g, 트랜스 지방 0g, 130칼로리 및 섬유 6g이 포함되어 있습니다 단순하고 깨끗한 성분: 인공 색소나 향료, 방부제, 트랜스 지방, 콩 또는 고과당 옥수수 시럽이 없습니다 천연 성분의 정통 맛: 진짜 코코아와 다크 초콜릿으로 만든 스낵 웨이퍼. 간식 및 휴대성: 사무실, 도시락, 운동 후 또는 이동 중에도 아침 식사를 위한 건강한 스낵 식품. 개별 포장: 16개의 개별 포장된 초콜릿 헤이즐넛 웨이퍼가 포함되어 있습니다.",,"['웨이퍼', '간식', '설탕', '초콜릿', '건강하다', '포장', '칼로리', '헤이즐넛', '지방', '트랜스']"
식음료,스낵 및 디저트,쿠키,,B000SRGUZO,"Dare 쿠키, 초콜릿 크림, 289.2g(10.5온스)",Dare,11287,11287,3.6,147.0,"밀가루, 코코아, 초콜릿 주류를 포함한 100% 천연 성분으로 제작되었습니다","Dare 초콜릿 퍼지 쿠키, 348.7g(12온스) 박스","['초콜릿', '쿠키', '크림', '코코아', '천연', '주류', '제작', '성분', '박스', '밀가루']"
식음료,스낵 및 디저트,쿠키,,B0BWSKWMG3,Heavenly Bites 덴마크 스타일 버터 쿠키 금속 틴 355ml(12온스),Heavenly Bites,17257,17257,4.2,172.0,"클래식한 덴마크 스타일로 만든 맛있고 풍부하고 버터 같은 쿠키 커피, 차와 함께 즐기거나 달콤한 간식으로 즐기기에 완벽합니다 진짜 버터와 천연 맛을 포함한 고품질 재료로 제작되었습니다 장식용 틴에 아름답게 포장되어 어떤 경우에도 훌륭한 선물이 됩니다 355ml(12온스)","덴마크 스타일 버터 쿠키의 풍부하고 버터 같은 장점을 즐기세요. 이 클래식 간식은 진짜 버터와 천연 맛을 포함한 최고급 재료로만 만들어져 모든 입에 퇴폐적이고 풍성한 맛을 보장합니다. 모닝 커피와 함께 즐기든 하루 종일 달콤한 간식으로 즐기든, 이 쿠키는 당신의 갈망을 만족시킬 것입니다. 아름다운 틴에 포장된 덴마크 스타일 버터 쿠키는 어떤 경우에도 완벽한 선물입니다. 친구, 가족 또는 동료를 위한 독특하고 맛있는 선물을 찾고 계신다면, 이 쿠키는 분명 기뻐할 것입니다. 클래식한 맛과 아름다운 포장으로 좋은 쿠키를 좋아하는 모든 사람에게 인기를 끌 것입니다. 그렇다면 덴마크 스타일 버터 쿠키의 풍부하고 버터 같은 장점을 만끽할 수 있는데 왜 일반 쿠키를 좋아할까요? 오늘 틴을 주문하고 이 클래식 간식의 거부할 수 없는 맛을 직접 경험하세요!","['버터', '쿠키', '덴마크', '맛', '스타일', '간식', '클래식', '선물', '아름답다', '풍부하다']"
식음료,스낵 및 디저트,쿠키,,B0CLT71JSH,"My Cookie Dealer 소프트 베이크 단백질 쿠키, 더블 초콜릿 칩 쿠키, (3팩, 118.3ml(4온스) 쿠키) - 쿠키 당 단백질 21g (생 영양 단백질로 제작) - 개별 포장 여행용 간식",My Cookie Dealer,20761,20761,3.8,247.0,"단백질 픽스를 잘라내세요: 생 영양 단백질로 제작된 My Cookie Dealer Protein Cookies는 하루 중 언제든지 완벽한 맛있고 영양이 풍부한 간식을 제공합니다. 만족스러운 운동 후 간식을 원하거나 단백질로 가득 찬 디저트 대안을 찾고 계신다면 더 이상 찾으실 필요가 없습니다. 쿠키 당 21g의 단백질이 함유된 이 제품은 피트니스 목표를 달성하는 데 도움이 되는 속을 채우는 간식입니다. 118.3ml(4온스) 더블 초콜릿 단백질 쿠키 3팩. 더블 초콜릿: 단백질이 가득한 것만큼 퇴폐적인 것을 찾고 계십니까? 다크 초콜릿과 밀크 초콜릿의 풍부한 맛을 결합하여 단백질이 함유된 쿠키로 구워냈습니다. 더블 초콜릿의 강렬하고 벨벳 같은 맛은 모든 입에 존재하며 갈망을 억제할 만족스러운 경험을 제공합니다. 단백질 + 탐닉: 당사의 단백질 쿠키는 절묘한 맛과 단백질의 영양력을 결합합니다. 각 쿠키는 고품질 RAW Nutrition 단백질 21g으로 강화되어 피트니스 애호가, 바쁜 전문가 또는 건강한 간식을 찾는 모든 사람에게 이상적인 간식입니다. 좋은 재료: 이 단백질 쿠키에 지루하지 않을 것입니다. My Cookie Dealer 선택할 수 있는 엄청나게 좋은 단백질로 가득 찬 맛을 가지고 있으며 항상 더 많은 것을 휘핑합니다! 새로운 맛을 다시 확인하십시오. 딜러를 만나보세요: My Cookie Dealer 브랜드의 두뇌인 Karen Morel이 보디빌더 남편의 체육관 간식으로 거대한 수제 쿠키를 포장하면서 시작되었습니다. 곧, 그녀의 거부할 수 없는 0.5파운드 간식은 갈망의 열풍을 불러일으켰습니다. 수요가 증가하고 친구와 가족은 더 많은 것을 요구했습니다. My Cookie Dealer 진정한 가족 회사이자 사랑의 노동입니다. 쿠키의 사랑을 계속 퍼뜨리고 설탕을 많이 타면서 우리와 함께 여행하세요!",,"['단백질', '쿠키', '간식', '초콜릿', '맛', '영양', '더블']"
식음료,스낵 및 디저트,쿠키,,B00QX9D36A,"Walker's 쇼트브레드 글루텐 프리 라운드, 퓨어 버터 쇼트브레드 쿠키, 138.9g(4.4온스) 박스",Walkers,6911,6911,3.6,712.0,"영국 Coeliac Society에서 글루텐 프리 인증 글루텐 프리 식품에 대한 FDA 표준을 충족합니다. 글루텐 100만 개당 20개 미만의 제품입니다 밀가루는 쌀가루, 옥수수 가루 및 감자 전분의 혼합으로 대체됩니다 저희의 약속은 ""당신이 좋아하는 모든 순수 버터 맛, 향 및 질감을 제공하지만 글루텐은 없습니다""입니다 클래식 퓨어 버터 글루텐 프리 쇼트브레드는 부서지기 쉬운 ""입안에서 녹는"" 질감과 모든 버터 맛을 제공합니다. 성분: 포장 참조","Walkers 쇼트브레드 글루텐 프리 쇼트브레드 라운드, 138.9g(4.4온스)","['글루텐', '프리', '쇼트브레드', '버터', '가루', '라운드', '질감', '맛', '퓨어']"
식음료,스낵 및 디저트,쿠키,,B07LFNX253,"Murray 쿠키, 슈가 프리, 피칸 쇼트브레드",Murray,12188,12188,4.0,422.0,언제든지 특별한 간식 약간의 달콤함과 풍부한 버터의 맛을 혼합하는 맛 피칸 쇼트브레드 쿠키는 대조적인 질감을 특징으로 합니다. 쇼트브레드은 입안에서 녹으며 피칸은 만족스러운 크런치를 제공합니다,X,"['쇼트브레드', '피칸', '맛', '쿠키', '혼합', '슈가', '달콤하다', '대조', '만족스럽다', '버터']"
식음료,스낵 및 디저트,쿠키,,B07KZB7YGM,"Tate's Bake Shop 초콜릿 칩 쿠키, 198.4g(7온스) 백 118.4g(4개",Tate's Bake Shop,29251,29251,4.7,4334.0,Tate's Bake Shop 초콜릿 칩 쿠키 198.4g(7온스) 백 4개 클래식 초콜릿 칩 쿠키는 버터처럼 깊고 맛있습니다 Tate의 초콜릿 칩 쿠키는 다른 얇고 바삭한 초콜릿 쿠키와 달리 독특하고 얇은 쿠키입니다 이 구운 쿠키는 바삭한 질감을 가지고 있습니다 파티를 위해 쿠키 트레이에 대용량 코셔 쿠키를 추가하세요,이 맛있는 Tate's Bake Shop 초콜릿 칩 쿠키를 한 입 먹을 때마다 베이크샵 품질의 간식을 즐겨보세요. 모든 것을 시작한 쿠키인 이 얇은 초콜릿 칩 쿠키는 클래식한 초콜릿 칩 쿠키 맛에 버터 같은 맛과 함께 독특하고 바삭하고 깊이 맛있습니다. 모든 가정에서 인기를 끌 것입니다. 이 벌크 쿠키를 쿠키 트레이에 파티 간식으로 제공하거나 가족과 함께 간단하고 달콤한 디저트로 얇고 바삭한 초콜릿 칩 쿠키를 즐기세요. 이 구운 쿠키는 맛있는 디저트를 만듭니다. 두 개의 바삭한 쿠키 사이에 아이스크림을 샌드위치하여 쉽게 간식하거나 으깨서 좋아하는 디저트 레시피에 넣을 수 있습니다. 이 198.4g(7온스) 백은 쿠키를 보호하고 신선하게 유지하기 위해 다시 닫을 수 있습니다.,"['쿠키', '초콜릿', '바삭', '얇다', '맛있다', '백', '간식', '디저트']"
식음료,스낵 및 디저트,쿠키,,B0CTX68YF5,"Simple Mills 레몬 씨앗 및 견과류 가루 스위트 씬, 팔레오 친화적이고 맛있는 달콤하고 얇은 쿠키, 간식에 적합, 영양 밀도, 120.5g(4.25온스) (1팩)",Simple Mills,15428,15428,4.3,176.0,"Simple Mills Lemon Sweet Thins 1박스로 무겁지 않은 맛있고 달콤한 레몬 같은 간식입니다. 영양이 풍부한 수박 씨앗 가루, 캐슈 가루, 해바라기 씨 가루 및 아마를 포함한 실제 목적의 재료로 제작되었습니다. 1회 제공량당 12회 가늘어 완벽하게 터질 수 있는 바삭한 입으로 언제든지 간식을 먹을 수 있어 무겁지 않습니다 코코넛 설탕과 꿀을 1회 제공량당 6g으로 단맛을 내어 적절한 단맛을 선사합니다. 인공적인 것은 없습니다. 견과류, 땅콩, 우유, 밀, 참깨, 계란 및 콩을 가공하는 라인으로 제작되었습니다.","Simple Mills 간단하고 맛있는 진짜 음식을 통해 삶과 몸을 풍부하게 합니다. 당사는 현재 맛이 좋고 장기적으로 몸에 영양을 공급하는 음식을 제공하여 건강한 선택을 쉽게 하기 위해 노력합니다. 저희는 여러분이 성분을 인식하지 못하면 몸도 그렇지 않을 것이라고 믿습니다. 그래서 저희는 여러분에게 영양을 공급하는 것만을 포함하여 목적을 가지고 직접 선택합니다. 인공적인 것은 없습니다. 건강이 더 크고 열정으로 가득 찬 삶을 가능하게 한다고 믿기 때문에 우리는 음식이 만들어지는 방식에 긍정적인 영향을 미치기 위해 여기에 있습니다. 깨끗하고 영양이 풍부한 음식으로 더 큰 삶을 살 수 있습니다. 매우 간단합니다. 음식은 기분을 변화시킬 수 있는 능력을 가지고 있습니다. 우리는 기준을 높이고 있습니다. 음식이 맛있고 영양이 풍부하여 번성할 수 있다는 기대를 높입니다. 모든 Simple Mills 제품은 북미(미국 및 캐나다)에서 제작됩니다. Simple Mills 웹사이트에서 뉴스레터에 가입하여 최신 뉴스, 건강 팁 및 레시피를 확인하거나 제품 제목의 파란색 Simple Mills Store 방문 링크를 클릭하십시오.","['영양', '음식', '풍부하다', '가루', '맛있다', '몸', '간식', '삶', '제작', '인공']"
식음료,스낵 및 디저트,쿠키,,B00GQG2APA,"Matilde Vicenzi Roma 쿠키 틴 - 개별 포장된 트레이에 담긴 이탈리아 페이스트리 및 베이커리 쿠키 - 베이커리 디저트 선물 - 퍼프 페이스트리, 이탈리아 디자인의 다양한 쿠키 선물 틴 케이스 907g(32온스)",Pasticceria Matilde Vicenzi,48461,48461,4.4,3909.0,"쿠키 및 페이스트리 - Pasticceria Matilde Vicenzi Roma 선물 틴으로 이탈리아의 진정한 맛을 즐기세요. 퍼프 페이스트리, 크림으로 채워진 페이스트리, 바삭한 이탈리아 쿠키로 채워진 쿠키 틴은 이상적인 선물이나 달콤한 간식이 됩니다. 상징적인 로마 테마 선물 - 907g(32온스) 선물 틴은 ""영원한 도시""인 로마의 파노라마 샷이 특징이며, 발렌타인 데이, 기업 행사, 생일, 아버지의 날 및 어머니의 날 및 웰빙 소원과 같은 특별한 날을 위한 매력적인 선물입니다. 이탈리아 페이스트리 전통에 대한 찬사 - Matilde Vicenzi는 여성의 손길과 정통하고 즐거운 맛 경험이 주입된 독특한 고급 쿠키로 풍부한 이탈리아 페이스트리 전통에 경의를 표합니다. 개별 포장된 트레이 - 각 페이스트리와 쿠키는 신중하게 포장되어 신선함을 보존하고 갓 구운 페이스트리를 사랑하는 사람들과 쉽게 공유할 수 있습니다. 신선함과 인증된 코셔 유제품을 위해 개별적으로 포장된 벨벳 크림으로 채워진 쿠키와 페이스트리를 즐기며 탁월한 맛과 품질을 보장합니다. 우수성의 유산 - 1905년부터 가족이 운영하는 회사인 Matilde Vicenzi는 제과 기술의 혁신을 수용하면서 전통 레시피의 원래 맛을 유지하면서 최고급 이탈리아 페이스트리를 세계에 제공합니다. 방부제, 인공 색소 또는 수소화 지방이 없습니다. 순수한 만족감입니다.",,"['페이스트리', '쿠키', '선물', '이탈리아', '포장', '맛', '전통']"
식음료,스낵 및 디저트,쿠키,,B0783P1TDX,"Dare 쿠키 레몬 크림, 289.2g(10.5온스)",Dare,10345,10345,4.0,222.0,진짜 레몬으로 맛을 냈습니다 인공 향료 없음 방부제 없음 1회 제공량당 트랜스 지방 0g 상쾌한 레몬 크림으로 채워진 두 개의 바삭한 쿠키 알레르기 유발 물질 정보: 전복_프리,"진짜 레몬 맛, 인공 향료 없음, 방부제 없음, 1회 제공량당 트랜스 지방 0g, 상쾌한 레몬 크림으로 채워진 바삭한 쿠키 2개","['레몬', '크림', '쿠키', '상쾌하다', '맛', '바삭', '방부제', '향료', '지방', '진짜']"
식음료,스낵 및 디저트,쿠키,,B00BX9OZUS,"Lotus 비스코프 쿠키 - 캐러멜화된 비스킷 쿠키 - 디스펜서 박스 - 개별 포장 - 비건, 5.7g(0.2온스) (100개)",,37395,41189,4.7,2121.0,,비스코프 쿠키는 독특한 캐러멜 맛과 바삭한 질감을 제공하여 커피 한 잔과 완벽하게 어울립니다. 개별적으로 포장된 쿠키는 리셉션 또는 휴식 공간에 적합한 박스 디스펜서로 제공됩니다.,"['쿠키', '스코프', '스펜서', '포장', '박스', '비건', '공간', '독특하다', '리셉션', '맛']"
식음료,스낵 및 디저트,쿠키,,B000WLHXOS,Bahlsen Leibniz 버터 비스킷 쿠키 (1박스) | 클래식 오리지널 버터 비스킷 (198.4g(7온스) 박스),Bahlsen,10803,9556,3.9,129.0,"클래식 버터 비스킷 - 인기 있는 라이프니츠 버터 비스킷 - 1893년부터 수상 경력에 빛나는 제품으로 새로운 세대의 비스킷 애호가를 매료시킬 준비가 되어 있습니다. 가볍고 바삭한 질감과 결합된 풍부하고 버터 같은 맛. 독일산 행복을 경험하세요 - 쿠키가 가벼울수록 좋습니다. 벗겨지고 섬세한 비스킷의 황금 표준. 버터 같은 맛과 달콤함의 완벽한 균형과 사랑에 빠지세요! 사랑으로 구워짐 - 각 쿠키는 최고 품질의 원료로 완벽하게 구워졌다는 것을 믿을 수 있습니다. UTZ 인증 코코아 콩, 케이지 프리 및 KAT 인증 계란, 100% 지속 가능한 방식으로 생산된 팜유를 사용합니다. 품질의 방사선 - 비스킷의 달콤한 즐거움은 125년 이상 Bahlsen 이름과 관련이 있습니다. 당사의 열정은 각 배치에 구워지며 그 결과 확실한 맛과 일관된 고품질을 제공합니다. 세련된 탐욕을 즐기세요 - 모닝 커피 중에 자신을 대접하거나, 오후의 달콤한 이빨을 포만하게 하거나 디저트를 위해 와인 한 잔과 짝을 이뤄보세요. 유럽 가족이 가장 좋아하는 이 제품은 린든 버터 크런치, Mr. Christie's Social Tea 비스킷, 벨비타, 로열 단스크 덴마크, 다니사, 워커스 쇼트브레드 등 다양한 정원의 비스킷을 잊게 할 것입니다",,"['비스킷', '버터', '쿠키', '달콤하다', '맛', '사랑', '클래식', '완벽하다', '가볍다', '박스']"
식음료,스낵 및 디저트,쿠키,,B0CCK9F79N,"Bauducco 바닐라 웨이퍼 쿠키 - 무설탕 맛있고 바삭한 웨이퍼 - 설탕 0g 추가 - 크림 레이어 3개 - 간식 및 디저트에 적합 - 인공 향료 없음, 141.7g(5온스) (1팩)",Bauducco,10733,10733,3.5,1312.0,"가볍고 매우 바삭함: 스테비아와 설탕 0g을 첨가하여 만든 맛있는 무설탕 바닐라 웨이퍼. 한 입 먹으면 전통적인 이탈리아 스타일 웨이퍼를 경험하게 될 것입니다. 인공적인 맛이나 색상 없음: Bauducco 바닐라 웨이퍼 쿠키는 인공 향료나 색소가 없습니다. 포뮬러에는 고과당 옥수수 시럽이 없습니다. 3겹의 크림: Bauducco 웨이퍼는 훨씬 더 많은 맛을 즐길 수 있습니다. 모든 상황에 완벽함: 언제든지 맛있는 옵션이 있습니다. 커피, 차, 우유, 주스 또는 재료로도 즐길 수 있습니다!",,"['웨이퍼', '설탕', '맛있다', '인공', '바닐라', '맛', '크림', '바삭', '향료', '쿠키']"
식음료,스낵 및 디저트,쿠키,,B00QX9D0NQ,"Walker's 쇼트브레드 글루텐 프리 초콜릿 칩 쿠키, 퓨어 버터 쇼트브레드 쿠키, 138.9g(4.4온스)",Walkers,10913,10913,3.8,269.0,"영국 Coeliac Society에서 글루텐 프리 인증 글루텐 프리 식품에 대한 FDA 표준을 충족합니다. 글루텐 100만 개당 20개 미만의 제품입니다 밀가루는 쌀가루, 옥수수 가루 및 감자 전분의 혼합으로 대체됩니다 저희의 약속은 ""당신이 좋아하는 모든 순수 버터 맛, 향 및 질감을 제공하지만 글루텐은 없습니다""입니다 초콜릿 칩의 넉넉한 도움이 포함되어 이 클래식 쇼트브레드 쿠키를 풍부하고 고급스럽게 보완합니다","Walkers는 세계 최고의 쇼트브레드 제작에 자부심을 가지고 있으며 이 맛있는 글루텐 프리 쇼트브레드 쿠키로 전통을 이어가는 것을 더 기쁘게 생각합니다. 글루텐 프리 초콜릿 칩 쇼트브레드는 초콜릿 칩을 풍부하게 함유하여 클래식한 쇼트브레드 쿠키를 풍부하고 고급스럽게 보완합니다. UK Coeliac Society에서 글루텐 프리 인증을 받았으며 글루텐 100만 당 20 파트 미만의 글루텐 프리 식품에 대한 FDA 표준을 충족합니다. 모든 배치는 출시 전에 규정 준수를 보장하기 위해 테스트됩니다. Walker의 레시피에서 밀가루는 쌀가루, 옥수수 가루 및 감자 전분의 혼합으로 대체됩니다. 글루텐 프리 초콜릿 칩 쇼트브레드 쿠키는 일반 쇼트브레드와 동일한 버터와 설탕 함량을 함유하고 있으며, Walker의 맞춤 제작에 따라 인공 향료나 색소가 포함되어 있지 않습니다. 모든 Walker의 쇼트브레드와 마찬가지로 글루텐 프리 초콜릿 칩 쇼트브레드는 유전자 변형 성분(GMO)이 없으며 수소화 지방이 포함되어 있지 않습니다. 채식주의자에게 적합하며 OU 코셔입니다.","['글루텐', '쇼트브레드', '프리', '초콜릿', '쿠키', '가루', '풍부하다', '버터']"
식음료,스낵 및 디저트,쿠키,,B0082332H0,"Wow Baking 글루텐 프리 초콜릿 칩 쿠키, 226.8g(8온스)",WOW Baking Company,20761,20761,3.7,176.0,글루텐 프리 촉촉하고 쫄깃합니다,"Wow Baking 글루텐 프리 초콜릿 칩 쿠키, 226.8g(8온스)","['프리', '글루텐', '쿠키', '초콜릿', '촉촉하다', '쫄깃']"
식음료,스낵 및 디저트,쿠키,,B0857KLMSV,Nonni's THINaddictives 아몬드 씬 쿠키 - 레몬 블루베리 비스코티 이탈리안 쿠키 씬 - 아몬드 쿠키 - 달콤하고 바삭하고 쫄깃한 맛 - 비스코티 개별 포장 쿠키 - 코셔 커피 쿠키 - 124.7g(4.5온스),Nonni's,13711,13711,4.2,1071.0,"가장 중독성 있는 쿠키 - 진짜 아몬드와 과일의 장점으로 가득한 가볍고 바삭한 간식을 찾고 계십니까? Nonni's THINaddictives 아몬드 쿠키를 사용해보세요. 레몬과 블루베리의 가벼운 힌트가 가득하므로 하나만 가질 수는 없습니다. 칼로리와 죄책감을 버리세요 - 당사의 얇은 중독성은 달콤하고 바삭한 맛으로 가득합니다. 1회 제공량당 90칼로리로 죄책감 없이 좋아하는 새로운 달콤한 간식을 즐길 수 있습니다! 모두 사용해 보세요. 더 많은 것을 만들 것입니다. 커피와 함께 바삭한 간식을 맛보세요 - Nonni's THINaddictives를 담그거나 담그고 수백 명의 만족스러운 고객이 쿠키가 ""작은 행복""이라고 말할 때 무엇을 이야기하고 있는지 확인하세요. 좋아하는 커피나 에스프레소와 함께 사용해보세요. 고급 재료 및 개별 포장 - Nonni's 레몬 블루베리 아몬드 쿠키를 사용해 보시면 모든 쿠키가 건강에 좋은 재료로 구워진다는 것을 믿을 수 있습니다. 저희 브랜드의 전체 맛 셀렉션과 이탈리아 비스코티 쿠키를 확인하세요. Nonni's Name을 믿으세요 - 더 높은 표준을 따르는 것이 좋습니다. 이것이 Nonni가 말하는 이유입니다. 오늘 구매하시면 위험 부담이 없습니다. 유명한 비스코티를 포함한 고급 이탈리아 간식에 대한 자세한 내용은 목록 설명을 확인하세요.",Nonni's THINaddictives 레몬 블루베리 아몬드 틴스,"['쿠키', '아몬드', '스코티', '간식', '레몬', '바삭', '블루베리', '달콤하다', '맛', '가득하다']"
식음료,스낵 및 디저트,쿠키,,B01D16KPL8,"Archway 쿠키, 소프트 더치 코코아 쿠키, 248.1g(8.75온스)",Archway,16329,16329,4.5,1933.0,"코코아로 구운 네덜란드 코코아 쿠키로 강렬한 초콜릿 퇴폐성을 선사합니다 초콜릿 쿠키는 부드럽고 씹을 때까지 구워집니다 설탕 크리스탈을 가볍게 뿌렸습니다 코셔 OU-D 교정용 유니온 유제품, 1회 제공량당 트랜스 지방 0g Archway 더치 코코아 쿠키 박스 당 쿠키 8개",부드러운 더치 코코아 쿠키는 초콜릿 애호가의 꿈입니다. 풍부한 코코아가 가득한 이 제품은 특별한 날이나 일상적인 간식으로 즐길 수 있는 달콤한 간식입니다. 1936년부터 Archway Cookies는 쿠키 애호가들의 마음을 사로잡았습니다. 홈 스타일의 우수함으로 잘 알려진 당사는 매일 향수를 불러일으키는 추억을 가져올 수 있는 고품질의 매우 즐거운 쿠키를 제공하기 위해 노력합니다.,"['쿠키', '코코아', '더치', '초콜릿', '애호가', '간식', '부드럽다']"
식음료,스낵 및 디저트,쿠키,,B0BPWBCSVP,"Milk Bar Pretzel-y 초콜릿 칩 쿠키, 127.6g(4.5온스)",Milk Bar,15927,15927,4.3,48.0,인공 향료나 색소 없음 방부제 없음 옥수수 시럽 없음,"갈은 프레즐과 바삭한 쌀 시리얼로 연료를 공급받은 짠 달콤한 에너지의 초콜릿 칩 쿠키에 대한 우리의 찬사입니다. 규칙 깨기, 저희가 도와드리겠습니다.","['쿠키', '초콜릿', '향료', '시리얼', '규칙', '달콤하다', '바삭', '방부제', '색소', '시럽']"
식음료,스낵 및 디저트,쿠키,,B006R21BLM,"Newman's Own Organic Cookie O Chocolate 바닐라 크림, 368.5g(13온스)",Newman's Own,13046,13046,4.7,1726.0,유기농 밀가루와 유기농 설탕으로 제작 제품의 패키지 길이는 5.1cm(2인치)입니다 제품의 패키지 너비는 5.1cm(2인치)입니다 제품의 패키지 높이는 5.1cm(2인치)입니다,포장된 초콜릿 스낵 쿠키.,"['패키지', '유기농', '포장', '크림', '쿠키', '초콜릿', '제작', '스낵', '설탕', '바닐라']"
식음료,스낵 및 디저트,쿠키,,B0CNKQ8H4Q,"My Cookie Dealer 소프트 베이크 쿠키, 초콜릿 칩 (3팩, 118.3ml(4온스) 쿠키) - 전통적인 초콜릿 칩 쿠키 반죽 - 개별 포장 여행용 간식",My Cookie Dealer,19376,19376,3.8,217.0,"쿠키를 수정하세요. My Cookie Dealer 초콜릿 칩 쿠키를 더 많이 찾으실 수 있습니다. 클래식은 절대 실패할 수 없으며, 이 초콜릿 칩 쿠키는 확실히 중독될 것입니다. 118.3ml(4온스) 쿠키 3팩. 초콜릿 칩: 클래식한 걸작인 전통적인 초콜릿 칩 쿠키 반죽은 유행을 타지 않는 인기 제품입니다. 풍부한 초콜릿 칩과 버터 반죽이 혼합되어 향수를 불러일으키는 편안한 맛을 제공합니다. 미뢰를 위한 간단하면서도 거부할 수 없는 즐거움입니다. 슈가 하이 라이드: 더 많은 맛을 위해 포장지에서 꺼내어 전자레인지 안전 접시에 놓고 전자레인지에 10-20초 동안 넣어 따뜻하고 끈적끈적한 맛을 냅니다. 좋은 재료: 이 쿠키에 지루하지 않을 것입니다. My Cookie Dealer 선택할 수 있는 수많은 미친 좋은 맛을 가지고 있으며 항상 더 많은 것을 휘핑합니다! 새로운 맛을 다시 확인하십시오. 딜러를 만나보세요: My Cookie Dealer 브랜드의 두뇌인 Karen Morel이 보디빌더 남편의 체육관 간식으로 거대한 수제 쿠키를 포장하면서 시작되었습니다. 곧, 그녀의 거부할 수 없는 0.5파운드 간식은 갈망의 열풍을 불러일으켰습니다. 수요가 증가하고 친구와 가족은 더 많은 것을 요구했습니다. My Cookie Dealer 진정한 가족 회사이자 사랑의 노동입니다. 쿠키의 사랑을 계속 퍼뜨리고 설탕을 많이 타면서 우리와 함께 여행하세요!",,"['쿠키', '초콜릿', '맛', '간식', '포장', '반죽', '전통', '전자레인지', '사랑', '가족']"
식음료,스낵 및 디저트,쿠키,,B08QYLFYTK,"Back To Nature GMO 프리 쿠키, 홈스타일 소프트 베이크 초콜릿 청크, 226.8g(8온스)",Back to Nature,15110,15110,4.1,449.0,어떤 음식에도 수소화 지방이나 고과당 옥수수 시럽이 허용되지 않습니다 표백 또는 브롬화 밀가루 없음 합성 질산염이나 아질산염 없음,자연에서 영감을 얻은 레시피로 만든 진정으로 맛있는 음식을 사람들에게 선물하세요. 1960년부터 Back to Nature 는 자연에서 영감을 얻은 맛있고 맛있는 레시피를 만들어 왔습니다. 저희는 하루 종일 즐길 수 있는 훌륭한 맛의 제품을 만들기 위해 재료를 신중하게 선택합니다. Back to Nature 제품은 2015년 1월부터 70개 이상의 제품에 대해 GMO 프리 프로젝트 인증을 획득했습니다. Nature's GMO 인증 제품은 GMO 프리 프로젝트 표준을 준수하여 생산됩니다.,"['프리', '맛있다', '레시피', '음식', '프로젝트', '인증', '자연', '영감', '훌륭하다', '소프트']"
식음료,스낵 및 디저트,쿠키,,B008VSYQYO,"Ty Ling Fortune Cookies, 99.2g(3.5온스) (1팩) 개별 포장된 포춘 쿠키 15개",Ty Ling,9334,9334,3.0,24.0,"Ty Ling 포춘 쿠키, 99.2g(3.5온스) 레스토랑 경험을 집으로 가져오기 위해 개별적으로 포장됩니다 글루텐 프리 및 GMO 프리","Ty Ling Cookie Fortune, 3. 141.7g(5온스). 12개 케이스 3. 개별 포장된 포춘 쿠키 141.7g(5온스) 박스 (총 42온스). 이 제품은 미국에서 제조됩니다. .","['포춘', '포장', '쿠키', '프리', '케이스', '집', '제조', '박스', '미국', '레스토랑']"
식음료,스낵 및 디저트,쿠키,,B077ZX86Z8,"EMMYS 유기농 땅콩 버터 코코넛 쿠키, 170g(6온스)",Emmy's Organics,18309,18309,4.5,692.0,선반 보관 쿠키 전문: 비건 제품 포장 무게: 0.113kg 제품 패키지 크기: 길이 1.524cm x 너비 13.97cm x 높이 16.51cm,Emmy's organics 땅콩 버터 코코넛 쿠키는 달콤하고 짠맛이 있으며 촉촉하고 쫄깃하며 땅콩 버터 맛이 가득합니다. GMO 프리 인증 쿠키는 맛이 좋은 글루텐 프리 슈퍼푸드 간식입니다. 각 에너지 향상 서빙에는 110칼로리와 3g의 단백질이 포함되어 있습니다. 당사의 쿠키는 비건 인증을 받았으며 팔레오 다이어트에 적합합니다. Emmy's 유기농 땅콩 버터 코코넛 쿠키 170.1g(6온스) 백 1개가 포함되어 있습니다. 알레르기 유발 물질은 영양 성분 패널을 참조하십시오. Emmy's는 건강한 간식과 사회적 및 환경적 책임에 대한 좋은 말을 전파하기 위해 최선을 다하고 있는 가족 중심의 국내 회사입니다.,"['쿠키', '땅콩', '버터', '코코넛', '맛', '프리', '간식', '유기농', '비건', '인증']"
식음료,스낵 및 디저트,쿠키,,B01LXO49T5,BISCOFF COOKIE CHOC 153.1g(5.4온스),Biscoff,12575,11093,4.6,30.0,글루텐 프리 알레르기 친화적인 전용 시설에서 준비되었습니다,"가장 진보된 문화, 미학, 디자인 및 기능적 품질을 대량 생산에 추구합니다. 당사의 원자재는 지구 자체에서 생산됩니다. 당사는 식물 유래 성분, GMO 프리, 유기농 인증을 받았으며 지역 사회에서 일자리를 유지하기 위해 국내 공급 업체로부터 공급되는 성분을 사용하고자 합니다.","['프리', '성분', '생산', '공급', '지구', '준비', '국내', '글루텐', '대량', '디자인']"
식음료,스낵 및 디저트,쿠키,,B00PO9OUMG,"Mi-Del Ginger Snap 쿠키 맛 - GMO 프리 인증, 트랜스 지방 글루텐 프리 쿠키 스낵 0g (1팩)",Mi-Del,12728,12728,4.3,4106.0,"자신 있게 먹으세요: 당사의 글루텐 프리 쿠키는 땅콩 프리, 코셔 및 GMO 프리 인증을 받았습니다. 맛있는 간식: 바삭바삭하게 완벽하게 구워졌습니다! 생강 맛 쿠키는 이동 중인 가족과 어린 아이들과 함께 여행하기에 적합합니다. 풍미가 가득한 파열: 생강 스냅 쿠키는 오후에 차와 함께 먹거나 언제든지 약간의 픽업으로 좋습니다. MI-DEL 쿠키: 1940년대부터 가족이 즐길 수 있는 맛있는 쿠키를 제공합니다. 선반 안정성: 생강 쿠키는 도착 시 최대 5개월 동안 먹기 좋습니다.","1947년부터 MI-DEL은 건강하고 자연스럽고 맛있는 스낵 제품을 원하는 여러분과 같은 사람들의 식욕을 만족시켜 왔습니다. MI-DEL은 구식 레시피와 새로운 베이커리 방법의 조합으로 맛있는 맛을 포기하지 않으면서 최신 건강 기준을 충족하는 쿠키를 더 잘 만들 수 있습니다. 오늘날 식단은 지나치게 가공된 음식으로 가득 차 있을 수 있으며, 간식에 관해서는 특히 그렇습니다. MI-DEL 쿠키와 파이 크러스트에는 발음할 수 있는 재료로 구성된 짧은 재료 목록이 있습니다. 소비자들은 항상 MI-DEL을 신뢰한다고 말합니다. 훌륭한 맛을 제공하고 제공하는 것과 같은 편안함을 제공합니다. 가족이 알레르기, 글루텐 민감성을 다루거나 맛있는 간식을 더 건강하게 즐길 수 있는 방법을 원하든, MI-DEL 제품은 맛있는 간식을 제공합니다!","['쿠키', '맛있다', '프리', '간식', '맛', '생강', '가족', '글루텐', '재료', '스낵']"
식음료,스낵 및 디저트,쿠키,,B010HC7AYE,"Stella D'oro 쿠키, 레이디 스텔라 모듬 쿠키, 283.5g(10온스)",,14320,14320,4.3,3253.0,"Lady Stella 쿠키는 다채롭고 맛있는 쿠키입니다 포함: 미니 초콜릿 마게라이트, 대리석 쿠키, 초콜릿 쿠키, 미니 마게라이트, 아이싱과 스프링클이 있는 시트러스 쿠키 좋아하는 커피 한 잔과 함께 즐기거나 혼자 즐기기에 완벽합니다 이 맛있고 향수를 불러일으키는 구운 제품은 이탈리아 베이커리에서 영감을 얻었습니다 283.5g(10온스) 쿠키 백은 친구 및 가족과 공유할 수 있을 만큼 충분히 제공합니다",,"['쿠키', '라이트', '초콜릿', '마게', '맛있다', '미니']"
식음료,스낵 및 디저트,쿠키,,B003Y1NWKC,"OREO 초콜릿 샌드위치 쿠키, 스낵 팩 60개(팩당 쿠키 2개)",Oreo,38073,38073,4.7,9491.0,"Oreo 초콜릿 샌드위치 쿠키 1.7kg(60-7.8온스) 스낵 팩(팩당 쿠키 2개)이 포함된 박스 1개(포장은 다를 수 있음) 오리지널 Oreo 크림으로 채워진 초콜릿 쿠키는 완벽하게 덩크할 수 있습니다 스낵 크기의 쿠키 팩은 지갑, 백팩 및 도시락에 쉽게 넣을 수 있습니다 스낵 쿠키는 공유, 여행 및 접대에 적합합니다 코코아 라이프: 100% 지속 가능한 방식으로 공급되는 코코아; Oreo 제품은 코코아 라이프와 협력하여 지속 가능한 코코아 공급을 지원합니다. 자세한 내용은 Cocoa Life 웹사이트를 참조하십시오","100년 이상 미국에서 가장 사랑받는 샌드위치 쿠키인 Oreo 초콜릿 샌드위치 쿠키로 맛있는 휴식을 취하세요. 매우 덩크할 수 있는 Oreo 쿠키는 두 개의 초콜릿 웨이퍼의 대담한 맛 사이에 풍부한 크림을 채워 우유가 가장 좋아하는 쿠키입니다. 오리지널 Oreo 쿠키는 파티에서 서빙하거나, 학교 급식에 포장하거나, 사무실 간식으로 사용하거나 좋아하는 디저트 레시피에 섞기에 적합합니다. 이 편리한 Oreo 쿠키 스낵 팩은 각각 두 개의 쿠키를 담을 수 있어 간식, 공유 또는 여행에 완벽한 서빙 크기입니다. 코코아 라이프: 100% 지속 가능한 코코아; Oreo 는 코코아 라이프와 협력하여 지속 가능한 코코아 공급을 지원합니다. 코코아 라이프는 농부들과 협력하여 사람과 지구를 보호하는 방식으로 코코아를 재배합니다. 자세한 내용은 Cocoa Life 웹사이트를 방문하세요.","['쿠키', '코코아', '스낵', '라이프', '초콜릿', '샌드위치', '지속', '가능하다', '협력', '공급']"
식음료,스낵 및 디저트,쿠키,,B0046HKNGY,Midel 쿠키 스냅 레몬,Mi-Del,11620,11620,3.3,95.0,"Mi-Del 코셔 및 땅콩이 함유되지 않은 오리지널 유기농 및 글루텐 프리 제품 라인을 제공하여 글루텐 민감성을 가진 사람들뿐만 아니라 온 가족이 즐길 수 있습니다 최고 품질의 제품 글루텐 프리 및 GMO 프리, Effervesce는 정품과 우아함 및 명성을 결합했습니다","Mi-Del 레몬 스냅은 바삭바삭하게 완벽하게 구워집니다. 성분에는 유기농 농축 밀가루, 유기농 사탕수수 설탕, 천연 레몬 향료, 당밀, 바다 소금 등이 포함됩니다. 이 제품은 코셔 제품이며 패키지당 5개의 쿠키가 함께 제공됩니다. 트랜스 지방 0g을 함유하고 있습니다. 알레르기 유발 물질에 대한 영양 성분 패널을 참조하십시오.","['유기농', '프리', '글루텐', '레몬', '성분', '함유', '쿠키', '스냅', '향료', '바삭바삭하다']"
식음료,스낵 및 디저트,쿠키,,B0B8DN21BV,Loacker Quadratini 땅콩 버터 바이트 사이즈 웨이퍼 쿠키 | 최고급 땅콩 버터 크림 필링 4겹의 크리스피 웨이퍼 | 간식 및 디저트에 적합 | GMO 프리 | 인공 향료 또는 추가 색소 없음 | 250g(8.8온스) 백,Loacker,13559,13559,4.3,2481.0,"이탈리아의 #1 웨이퍼 쿠키: 그 자리에 닿는 풍성한 간식으로 맛있는 치아를 만족시키세요! 각 가방에는 맛있는 한입 크기의 Quadratini 웨이퍼 쿠키가 65개 이상 포함되어 있습니다. 집이나 사무실에서 커피 브레이크에 이상적인 파트너인 이 GMO 프리 프로젝트 인증 웨이퍼 쿠키는 바쁜 일정에 빠르게 빠져들기에 좋습니다. 재밀봉 가능한 쿠키 파우치는 웨이퍼를 신선하고 바삭하게 유지하는 데 도움이 됩니다. 순수 땅콩 버터: 코코아 맛과 맛있는 땅콩 버터 크림 충전재의 절묘한 조합을 경험하십시오. 당사의 땅콩 버터 웨이퍼 쿠키에는 17% 땅콩 버터가 포함되어 있습니다. 당사의 모든 제품은 인증된 원산지만을 사용하여 만들어졌으며 그 이상입니다! 커피 한 잔과 가장 좋은 점은 무엇일까요? 맛있는 Loacker Quadratini 웨이퍼 쿠키! 라떼, 카푸치노, 에스프레소, 마키아토 또는 핫 초콜릿이나 차 등 Loacker Quadratini는 좋아하는 핫 커피 또는 아이스 커피 전문 모든 유형의 훌륭한 동반자입니다. 이 가족 크기의 가방은 직장이나 공부 시간, 게임 또는 영화의 밤에 친구 및 사랑하는 사람과 함께 하기에 완벽한 간식이며 픽닉이나 바베큐에서 나누기에 이상적인 디저트입니다. 프리미엄 웨이퍼 쿠키: 당사는 모든 재료의 고품질, 지속 가능성 및 추적성을 위해 최선을 다하고 있습니다. 그렇기 때문에 저희 제품은 색소가 첨가되지 않고 인공 향료와 방부제가 함유되지 않았습니다. 좋아하는 쿠키를 순수한 맛으로 즐길 수 있습니다. 우리의 이야기는 항상 자연에서 영감을 받은 가족의 이야기입니다. 그리고 오늘날 모든 Loacker 웨이퍼에서 찾을 수 있는 것은 자연에 대한 존중과 고품질 재료에 대한 열정입니다. 웨이퍼와 초콜릿 특산품을 위한 베이커리는 물이 신선하고 공기가 순수한 자연 속에서 이탈리아 알프스의 중심부에 있습니다. 저희 제품은 몇 세대에 걸쳐 전해온 비밀 가족 레시피에 따라 만들어집니다.",Loacker 목표는 고객에게 많은 고품질 제품을 제공하고 모든 고객의 요구를 충족시키는 것입니다. 이를 달성하기 위해 Loacker 제품을 디자인하는 데 더 많은 시간을 할애할 것입니다.,"['웨이퍼', '쿠키', '땅콩', '버터', '맛있다', '커피', '자연', '가족', '간식']"
식음료,스낵 및 디저트,쿠키,,B000WCZKP6,KinniToos 샌드위치 크림 쿠키,Kinnikinnick,10955,10650,4.0,168.0,쿠키,"Kinnitoos Cookies, Vanilla Sandwich Cream, 8-Ounce Bags","['쿠키', '크림', '샌드위치']"
식음료,스낵 및 디저트,쿠키,,B00N9UDXCU,"Newman's Own Organics 쿠키 O 민트 크림, 368.5g(13온스)",Newman's Own,16135,16135,4.6,272.0,크림으로 채워진 민트 초콜릿 쿠키 유기농 밀가루와 유기농 설탕으로 제작,Cookie O Mint Creme,"['쿠키', '유기농', '민트', '크림', '초콜릿', '제작', '스크림', '설탕', '밀가루']"
식음료,스낵 및 디저트,쿠키,,B0055N4JPY,Nonni's 토피 아몬드 비스코티 이탈리아 쿠키 - 비스코티 쿠키 잉글리시 토피 비트 포함 - 비스코티 개별 포장 쿠키 밀크 초콜릿에 담근 아몬드 토피 캔디 비트 포함 - 195g(6.7온스),Nonni's,12894,12894,4.6,719.0,"얼티밋 비스코티 쿠키 - 잉글리시 토피 비트로 채워진 가볍고 바삭한 쿠키로 최고급 아몬드와 혼합되었습니다. 이 맛있는 비스코티 개별 포장 쿠키는 고급 밀크 초콜릿으로 질식되며 여러분이 사랑하고 신뢰할 수 있는 건강에 좋은 재료로 가득합니다. 커피와 함께 이탈리아 비스코티 쿠키를 즐기세요 - 이제 모닝 커피와 함께 Nonni's 토피 아몬드 비스코티의 달콤하고 바삭한 맛을 맛볼 수 있습니다. 개별적으로 포장된 이 이탈리아 아침 식사 쿠키는 아침 루틴에 완벽한 추가 아이템입니다. 좋아하는 커피 한 잔과 완벽하게 어울립니다 - 좋아하는 에스프레소 또는 커피와 함께 Nonni's 토피 아몬드 비스코티를 즐기고 신뢰할 수 있는 이탈리아 전통에서 부드러운 편안함을 찾으십시오. 리틀 이탈리아에 바로 들어온 것처럼 느껴질 것입니다! 최고의 이탈리아 간식 - 이탈리아 비스코티는 생일, 집들이 파티, 크리스마스 등을 위한 완벽한 간식입니다. 자신만의 맛있는 비스코티 간식 바구니를 만들고 이탈리아 전통에 대한 사랑을 친구 및 가족과 공유하세요. 신뢰할 수 있는 건강에 좋은 성분 - Nonni's의 비스코티를 시도하면 수백만 명의 사람들이 사랑하고 신뢰하게 된 글로벌 브랜드에서 노력하고 있습니다. 저희는 인공 향료를 사용하지 않으며 한 입 먹을 때마다 고품질 재료로 비스코티 쿠키를 포장합니다. Nonni's Toffee 비스코티 1박스가 포함되어 있습니다. 각 상자에는 8개의 개별 포장된 비스코티가 포함되어 있습니다.","영국식 토피 비트로 채워진 가볍고 바삭한 쿠키로, 최고급 아몬드와 혼합되어 풍부한 고급 밀크 초콜릿에 담갔습니다. 이 세 가지 정교한 재료의 조합은 지구의 천국인 미각을 만듭니다.","['스코티', '쿠키', '이탈리아', '토피', '아몬드', '포장', '비트', '신뢰', '커피', '완벽하다']"
식음료,스낵 및 디저트,쿠키,,B0000GIOT8,"Gamesa Hawaiians Cookies, 428.1g(15온스)",Gamesa,16412,16412,4.6,10.0,바삭한 코코넛 스냅 열대 지방의 맛 멕시코의 달콤한 간식 제품의 패키지 치수는 길이 31.8cm(12.7인치) x 너비 19.9cm(7.7인치) x 높이 4.4,Gamesa 하와이안 쿠키는 생강 맛과 신선한 향기로 열대 지방의 맛을 선사합니다.,"['맛', '지방', '열대', '향기롭다', '패키지', '쿠키', '코코넛', '하와이안', '신선하다']"
식음료,스낵 및 디저트,쿠키,,B0D488741M,"Sobisk 허니 그레이엄 크래커 베어 쿠키, 10개입 팩",sobisk,11398,11398,5.0,1.0,"맛있는 간식: Sobisk Honey Graham Cookies는 달콤하고 바삭한 쿠키에 구운 꿀과 그레이엄 맛의 건강에 좋은 조합이 특징입니다. 건강에 좋은 재료: 진짜 꿀, 그레이엄 가루, 계피 터치로 만든 각 쿠키는 인공 색소, 향료 또는 방부제 없이 간단한 탐닉을 제공합니다. 가족이 좋아하는 제품: 어린이와 어른 모두 꿀과 그레이엄의 가볍고 달콤한 맛을 좋아할 것입니다. 작은 사이즈로 언제든지 간식을 먹기에 적합합니다. 만족스러운 간식: 쿠키 당 120칼로리와 단백질 2g에 불과한 Sobisk Honey Graham Cookies는 무겁지 않고 하루를 만족스럽게 바삭하게 만드는 방법입니다. 다용도 포장: 재밀봉 가능한 스탠드업 파우치는 쿠키를 신선하게 유지하면서 도시락, 가방 또는 손에 쉽게 부을 수 있어 이동 중에도 코링을 할 수 있습니다.",Sobisk 허니 그레이엄 쿠키는 어떤 경우에도 완벽한 달콤한 간식입니다. 건강에 좋은 허니 그레이엄 크래커로 만든 이 쿠키는 너무 풍부하지 않은 약간 달콤한 맛을 가지고 있습니다. 바삭한 외관과 부드럽고 쫄깃한 중앙으로 각 바이트는 만족스러운 크런치와 부드러운 질감을 제공합니다. 방과 후 차가운 우유 한 잔과 함께 즐기거나 애프터눈 커피와 페어링할 때 미묘한 꿀 노트는 모든 쿠키의 그레이엄 맛을 향상시킵니다. 한 번에 몇 개씩 즐길 수 있는 적절한 크기의 재밀봉 가능한 패키지는 최대 2주 동안 12개의 쿠키를 신선하게 유지합니다. 건강에 좋은 재료와 균형 잡힌 단맛은 어린이와 어른 모두에게 매력적입니다.,"['쿠키', '그레이엄', '맛', '간식', '건강', '꿀', '달콤하다', '바삭', '허니', '밀봉']"
식음료,스낵 및 디저트,쿠키,,B07N9DBRLG,"Goodie Girl 6피스 쿠키, 초콜릿 크림, 300.5g(10.1온스)",Goodie Girl Cookies,17991,17991,4.4,770.0,쿠키 초콜릿 식료품,"쿠키, 초콜릿 크림 - 밀 프리","['쿠키', '초콜릿', '크림', '피스', '프리', '식료품']"
식음료,스낵 및 디저트,쿠키,,B0CTX49FM8,"Simple Mills 스낵 팩 허니 시나몬 씨앗 및 견과류 가루 스위트 씬, 팔레오 친화적이고 맛있는 달콤하고 얇은 쿠키, 간식에 적합, 영양 밀도, 8팩 (1팩)",Simple Mills,22755,22755,4.5,52.0,"Simple Mills 허니 시나몬 스위트 씬 스낵 팩 1박스. 편리한 스낵 팩 8개 포함 여러분이 가장 좋아하는 허니 시나몬 스위트 씬을 이제 편리한 휴대용 파우치에 담았습니다. 간식, 학교 도시락, 언제 어디서나 적합합니다. 영양이 풍부한 수박 씨앗 가루, 캐슈 가루, 해바라기 씨 가루 및 아마를 포함한 실제 목적의 재료로 제작되었습니다. 코코넛 설탕과 꿀을 1회 제공량당 7g으로 자연스럽게 단맛을 냈습니다. 인공적인 것은 없습니다. 견과류, 땅콩, 우유, 밀, 참깨, 계란 및 콩을 가공하는 라인으로 제작되었습니다.","Simple Mills 간단하고 맛있는 진짜 음식을 통해 삶과 몸을 풍부하게 합니다. 당사는 현재 맛이 좋고 장기적으로 몸에 영양을 공급하는 음식을 제공하여 건강한 선택을 쉽게 하기 위해 노력합니다. 저희는 여러분이 성분을 인식하지 못하면 몸도 그렇지 않을 것이라고 믿습니다. 그래서 저희는 여러분에게 영양을 공급하는 것만을 포함하여 목적을 가지고 직접 선택합니다. 인공적인 것은 없습니다. 건강이 더 크고 열정으로 가득 찬 삶을 가능하게 한다고 믿기 때문에 우리는 음식이 만들어지는 방식에 긍정적인 영향을 미치기 위해 여기에 있습니다. 깨끗하고 영양이 풍부한 음식으로 더 큰 삶을 살 수 있습니다. 매우 간단합니다. 음식은 기분을 변화시킬 수 있는 능력을 가지고 있습니다. 우리는 기준을 높이고 있습니다. 음식이 맛있고 영양이 풍부하여 번성할 수 있다는 기대를 높입니다. 모든 Simple Mills 제품은 북미(미국 및 캐나다)에서 제작됩니다. Simple Mills 웹사이트에서 뉴스레터에 가입하여 최신 뉴스, 건강 팁 및 레시피를 확인하거나 제품 제목의 파란색 Simple Mills Store 방문 링크를 클릭하십시오.","['영양', '음식', '풍부하다', '가루', '삶', '허니', '시나몬', '스위트', '몸', '제작']"
식음료,스낵 및 디저트,쿠키,,B003H2KX3M,Stella D'Oro Cookies 스테인리스 스틸,Archway,13836,13836,3.7,47.0,"Lightly sweet cookie bars in a savory vanilla flavor, perfect for dunking, perfect for simple snacking. This treat is part of the line that was named in honor of one of the family’s sisters, Margherite. certified kosher Pareve by the Orthodox Union","In 1922, Joseph Kresevich arrived in the United States from Trieste, Italy and began working in various neighborhood bakeries of New York City. He grew to love the craft so much that he began mixing, baking and researching his own recipes. Six years later Joseph married Angela, an expert baker in her own right. They established their own neighborhood bakery and called it Stella D’oro, which means “star of gold.” The bakery offered a select variety of lightly sweet Italian baked goods made by the Italian couple. Throughout the years they began selling the treats under the Stella D’oro Biscuit Co. name. Today, Stella D’oro is a welcomed and important part of the Snyder’s-Lance family of brands.","['스틸', '스테인리스']"
식음료,스낵 및 디저트,쿠키,,B0001H22R6,Forno Bonomi Savoiardi Ladyfingers 44.1g(17 1/2온스) 패키지,Forno Bonomi,13697,13697,4.7,2946.0,44.1ml(17.5온스) 패키지 패키지 당 쿠키 60개 전통 이탈리아 레이디핑거스,이탈리아에서 Savoiardi로 알려진 레이디핑거스는 달콤하고 상당히 건조된 손가락 모양의 스폰지 케이크입니다. 레이디핑거스는 클래식 이탈리아 티라미수를 만들거나 좋아하는 커피나 차 한 잔과 함께 즐기는 데 자주 사용됩니다. 이것들이 진짜인가요? 정통 이탈리아 수입 쿠키? 미국산 제품과 상당한 차이가 있습니다.,"['이탈리아', '핑거스', '레이디', '패키지', '쿠키', '상당하다', '달콤하다', '미국', '산', '손가락']"
식음료,스낵 및 디저트,쿠키,,B08427TN37,Loacker Quadratini 초콜릿 웨이퍼 쿠키 라지 - 프리미엄 크리스피 바이트 사이즈 웨이퍼 - 설탕 30% 감소 - GMO 프리 - 6개 라지 팩,Loacker,37381,37381,4.6,2948.0,"각 공유 사이즈 가방에는 맛있는 한 입 사이즈 Loacker Quadratini 초콜릿 웨이퍼 쿠키 65개가 포함되어 있어 이 클래식한 플래그십 유럽 디저트는 직장이나 학업 시간, 게임 또는 영화의 밤에 친구 및 사랑하는 사람과 함께 하기에 완벽한 간식이며 피크닉이나 바베큐에서 공유하기에 이상적인 디저트입니다. 재밀봉 가능한 쿠키 파우치는 웨이퍼를 신선하고 바삭하게 유지하는 데 도움이 됩니다. 주요 웨이퍼 브랜드보다 30% 적은 설탕 - Loacker Quadratini는 시중에 나와 있는 주요 충전 웨이퍼 쿠키의 평균보다 최소 30% 적은 설탕을 함유하고 있습니다. 1회 제공량당 69g 대 15.22g 설탕. 포화 지방 함량은 영양 정보를 참조하십시오. 지속 가능한 원료 - Loacker Quadratini 초콜릿 웨이퍼는 에콰도르의 지속 가능한 농업 프로그램에서 코코아로 만들어집니다. 당사의 모든 제품은 인증된 원산지만을 사용하여 만들어집니다. 맛있고 지속 가능한 간식 - 당사는 모든 재료의 고품질, 지속 가능성 및 추적성을 위해 최선을 다하고 있습니다. Loacker 제품은 색소를 첨가하지 않고 인공 향료, 방부제 및 고과당 옥수수 시럽을 첨가하지 않았습니다. 당사의 모든 제품은 코셔 및 할랄 인증을 받았습니다. 이 제품은 GMO 프리 프로젝트 인증을 받았습니다. 모든 상황에 적합 - 아침 차 또는 커피와 함께 이 바삭한 간식의 모든 물기를 사랑하게 될 것입니다. 가족 저녁 식사가 끝날 때 디저트로, 이동 중에, 오후 또는 자정 간식으로 사용할 수 있습니다. 또한 직장이나 학교 또는 도로 여행 중 자동차에서 모든 도시락에서 즐거운 놀라움입니다. 퀵 파티 디저트 레시피 아이디어 - 초콜릿 웨이퍼 쿠키를 사용하여 웨이퍼를 돋보이게 만드세요. 웨이퍼 바이트에 스틱을 부드럽게 삽입하고 완전히 덮일 때까지 좋아하는 유형의 녹인 초콜릿에 똑바로 담그십시오. 그런 다음 좋아하는 토핑에 담그고 밀폐 상자에 넣고 냉장고에 넣어 초콜릿이 굳을 수 있습니다. 즐기세요! 가족 사업입니다 - 거의 한 세기 동안 Loackers 웨이퍼와 초콜릿 특산품의 베이커리는 물이 신선하고 공기가 순수한 자연 속에서 이탈리아 알프스의 중심부에 있습니다. Loacker 는 마음에서 설립된 브랜드이며 이러한 가치에 충실하는 것이 우리의 성공에 필수적입니다. 그렇기 때문에 저희는 품질에 대한 타협을 받아들이지 않으며 순수하고 건강에 좋은 천연 제품을 제공하기 위해 최선을 다하고 있습니다!",,"['웨이퍼', '초콜릿', '쿠키', '디저트', '간식', '설탕', '지속', '가능하다', '인증']"
식음료,스낵 및 디저트,쿠키,,B00HWGYWRW,"Pamela's Products Figgie and Jammie 쿠키, 미션 피그, 255g(9온스)",Pamela's Products,12174,11010,4.6,678.0,"전통적인 무화과 바는 글루텐 프리로 만들어졌으며 진짜 무화과로 채워져 있습니다 글루텐 프리 및 계란 프리. 인공 향료나 첨가제 없음, 수소화 오일이나 트랜스 지방 없음, 옥수수 시럽 없음, 나트륨 함량이 낮음, 콜레스테롤 없음",Pamelas Cookie Fgg&Jmms Mission Fig Ko. 전통적인 무화과 바는 글루텐 프리로 만들어졌으며 진짜 무화과로 채워져 있습니다. 이 제품은 미국에서 제조되었습니다. 제품의 동결 및 냉각 온도는 주변 온도입니다: 실내 온도.,"['프리', '무화과', '온도', '글루텐', '진짜', '전통', '오일', '나트륨', '낮다', '냉각']"
식음료,스낵 및 디저트,쿠키,,B07KZ2LRBZ,"Tate's Bake Shop 글루텐 프리 초콜릿 칩 쿠키, 글루텐 프리 쿠키, 118.4g(7온스) 백 118.4g(4개 - 7온스)",Tate's Bake Shop,29251,29251,4.7,1938.0,Tate's Bake Shop 글루텐 프리 초콜릿 칩 쿠키 198.4g(7온스) 백 4개 버터 같은 클래식 초콜릿 칩 맛의 쌀가루로 만든 글루텐 프리 쿠키 Tate's Bake Shop 글루텐이 없는 초콜릿 칩 쿠키는 다른 얇고 바삭한 초콜릿 쿠키와 달리 독특하고 얇은 쿠키입니다 이 구운 글루텐 프리 쿠키는 바삭한 질감을 가지고 있습니다 파티를 위해 쿠키 트레이에 대용량 코셔 쿠키를 추가하세요,Tate's Bake Shop 글루텐 프리 초콜릿 칩 쿠키로 베이크샵 품질의 간식에서 글루텐을 뺀 맛있는 초콜릿 칩 쿠키를 즐기세요. 매우 맛있어 차이를 구별할 수 없습니다. 이 글루텐 프리 쿠키는 쌀가루로 만들어졌으며 클래식하고 버터 같은 초콜릿 칩 쿠키 맛을 제공합니다. 이 얇은 초콜릿 칩 쿠키는 독특하고 바삭하고 깊이 맛있습니다. 이 벌크 쿠키를 쿠키 트레이에 글루텐 프리 파티 간식으로 제공하거나 글루텐을 먹지 않는 친구 및 가족과 얇고 바삭한 초콜릿 칩 쿠키를 공유하세요. 이 구운 쿠키는 글루텐 프리 디저트 토핑으로도 잘 분쇄됩니다. 이 198.4g(7온스) 재밀폐 가능한 백은 바삭한 쿠키를 보호하고 신선하게 유지합니다.,"['쿠키', '글루텐', '초콜릿', '프리', '바삭', '얇다', '백', '맛있다']"
식음료,스낵 및 디저트,쿠키,,B06XDG16VC,"Annie's 유기농 초콜릿 칩 쿠키 바이트, 패킷 10개, 297.7g(10.5온스)",Annie’s,19999,19999,4.7,4167.0,"한 입 사이즈 쿠키: Annie's 초콜릿 칩 쿠키 바이트는 지속 가능한 유기농 코코아로 만들어졌습니다 전체 성분: 인공 향료, 합성 색소 또는 고과당 옥수수 시럽 없음 유기농 인증: 인증된 유기농 성분 이동 중 간식: 점심이나 언제든지 간식을 위한 완벽한 휴대용 디저트 구성: 297.7g(10.5온스)","Annie's 초콜릿 칩 쿠키 바이트는 작을 수 있지만 맛, 재미 및 초콜릿의 장점을 크게 제공합니다! 초콜릿 칩과 한 입 크기의 맛으로 어린이와 성인이 이 맛있는 달콤한 간식을 먹기 위해 뛰어들 것입니다. 무엇보다도, 고과당 옥수수 시럽, 인공 향료 또는 합성 색소가 포함되어 있지 않습니다. 이 한 입 사이즈 간식은 어린이와 청소년 모두를 위한 점심과 스낵 백에 완벽한 추가품입니다. 간식 시간에 쿠키 바이트 한 상자를 구입하여 재미, 초콜릿 맛, 호피니스를 더하세요. Annie's 과일 맛 간식과 시리얼부터 맥앤치즈에 이르기까지 20개 이상의 가족 친화적인 카테고리로 제품을 만듭니다. 바쁜 토끼와 이동 중인 가족을 위해 도시락을 달콤하게 하거나 맛있고 맛있는 저녁 식사에 추가하여 삶을 조금 더 쉽고 맛있게 만들 수 있도록 도와줍니다. Annie's 제품은 영양이 풍부하고 맛있는 음식과 친절함을 지구에 전파하는 데 전념하고 있습니다.","['간식', '초콜릿', '맛있다', '쿠키', '유기농', '맛', '바이트', '입', '옥수수', '어린이']"
식음료,스낵 및 디저트,쿠키,,B001BLGKEM,"Marinela Sponch 마시멜로 쿠키, 박스 당 4팩",Marinela,15595,15595,4.1,309.0,Sponch로 펀치를 더하세요! 갈망을 없애세요. 쿠키에 대한 갈망이 있으신가요? 재미를 공유하세요: Sponch 쿠키는 언제든지 축하 행사로 바뀔 수 있습니다. 한 입만 먹으면 왜 그렇게 거부할 수 없을 정도로 맛있는지 알 수 있습니다. 친구 및 가족과 공유하세요. 직접 먹는 것을 거부할 수 있다면 사랑으로 제작: Sponch 쿠키는 자라면서 맛있는 맛과 질감을 위해 자체 레시피로 갓 구워집니다. 멕시코에서 만들어졌지만 전 세계의 어린이 성인 모두가 좋아하는 제품입니다.,인공적으로 맛을 낸 마시멜로를 얹고 코코넛을 뿌린 Sponch 바삭한 쿠키의 맛있는 맛을 즐기세요. 적절한 양의 딸기 토핑으로 마무리합니다. 베이커리에 갈 필요가 없습니다. 스폰치 쿠키는 매번 신선함을 위해 포장됩니다.,"['쿠키', '맛', '맛있다', '갈망', '거부', '공유', '마시멜로']"
식음료,스낵 및 디저트,쿠키,,B00V54D6WO,"Mi-Del 쿠키 생강 맛 스냅 - GMO 프리 인증, 0g 트랜스 지방 스웨덴 생강 스냅 쿠키 올드 패션 (1팩)",Mi-Del,11827,11827,4.3,3917.0,"안심하고 먹기: 저희 쿠키는 땅콩 프리, 코셔 및 GMO 프리 인증을 받았습니다 맛있는 간식: 바삭바삭하게 완벽하게 구워졌습니다! 진짜 생강으로 만든 생강 쿠키는 이동 중인 가족과 어린 아이들과 함께 여행하기에 적합합니다 풍미가 가득한 파열: 생강 맛 스냅 쿠키는 오후에 차와 함께 먹거나 언제든지 약간의 픽업으로 좋습니다 MI-DEL 쿠키: 1940년대부터 가족이 즐길 수 있는 맛있는 쿠키를 제공합니다 선반 안정성: 생강 쿠키는 도착 시 최대 5개월 동안 먹기 좋습니다.","1947년부터 MI-DEL은 건강하고 자연스럽고 맛있는 스낵 제품을 원하는 여러분과 같은 사람들의 식욕을 만족시켜 왔습니다. MI-DEL은 구식 레시피와 새로운 베이커리 방법의 조합으로 맛있는 맛을 포기하지 않으면서 최신 건강 기준을 충족하는 쿠키를 더 잘 만들 수 있습니다. 오늘날 식단은 지나치게 가공된 음식으로 가득 차 있을 수 있으며, 간식에 관해서는 특히 그렇습니다. MI-DEL 쿠키와 파이 크러스트에는 발음할 수 있는 재료로 구성된 짧은 재료 목록이 있습니다. 소비자들은 항상 MI-DEL을 신뢰한다고 말합니다. 훌륭한 맛을 제공하고 제공하는 것과 같은 편안함을 제공합니다. 가족이 알레르기, 글루텐 민감성을 다루거나 맛있는 간식을 더 건강하게 즐길 수 있는 방법을 원하든, MI-DEL 제품은 맛있는 간식을 제공합니다!","['쿠키', '생강', '맛있다', '간식', '맛', '스냅', '가족', '프리', '먹기', '건강하다']"
식음료,스낵 및 디저트,쿠키,,B01B632NO0,"Loacker Quadratini 바닐라 웨이퍼 쿠키, 250g(8.8온스)",Loacker Quadratini,12174,12174,4.4,356.0,6가지 다른 맛있는 맛을 제공합니다 천연 성분 제품 패키지 크기: 길이 19.6cm x 너비 13.3cm x 높이 7.4cm 제품 패키지 무게: 0.3kg(0.6파운드),"Loacker Quadratini 바닐라, 249.5g(8.8온스)","['패키지', '바닐라', '쿠키', '천연', '웨이퍼', '성분', '맛있다', '맛']"
식음료,스낵 및 디저트,쿠키,,B0BSRG3SHV,"Sandwich Crème Snickerdoodle - 진짜 시나몬으로 만든 입에서 녹는 크림 충전재가 있는 만족스러운 바삭한 쿠키, 간식, 공유 및 엔터테인먼트에 완벽한 299.9ml(10.5온스)",Dare,11772,11772,3.7,28.0,"Snickerdoodle 샌드위치 쿠키를 소개합니다 - 간식, 공유 및 접대에 완벽한 입안에서 녹는 크림 충전재가 있는 만족스러운 바삭한 쿠키입니다. 진짜 시나몬으로 제작. 인공 향료나 방부제 없음. 인증된 식물 기반. 사이즈: 10.5온스","Snickerdoodle 샌드위치 쿠키를 소개합니다 - 간식, 공유 및 접대에 완벽한 입안에서 녹는 크림 충전재가 있는 만족스러운 바삭한 쿠키입니다. 진짜 시나몬으로 제작.","['쿠키', '완벽하다', '크림', '공유', '만족스럽다', '바삭', '시나몬', '간식', '진짜', '충전']"
식음료,스낵 및 디저트,쿠키,,B07Z187S31,Benton's 미니 알파벳 쿠키 학교 친화적 너트 프리 시설에서 제작,Benton's,19237,19237,4.6,83.0,채식 쿠키: 이 쿠키는 견과류가 없는 시설에서 만들어졌으며 채식주의자입니다 미국에서 제작: 이 쿠키는 미국에서 자랑스럽게 제작되었습니다 중간 단단함: 쿠키는 중간 정도의 단단함을 가지고 있으며 먹기 쉽습니다 바닐라 맛: 쿠키는 모두가 좋아하는 맛있는 바닐라 맛을 가지고 있습니다 1인용 패키지: 각 패키지에는 편리한 서빙 크기를 위해 쿠키 1개가 포함되어 있습니다,1,"['쿠키', '제작', '바닐라', '패키지', '단단하다', '맛', '중간', '미국', '시설']"
식음료,스낵 및 디저트,쿠키,,B0BN7897FL,"Eleni's New York Crisp 버터스카치 쿠키, 99.2g(3.5온스)",Eleni's New York,13282,13282,2.3,4.0,,캔디 스낵,"['쿠키', '캔디', '스카치', '스낵', '버터']"
식음료,스낵 및 디저트,쿠키,,B071DZNB3P,Walker's 올버터 미니 스코티 강아지 모양 쇼트브레드 - 51개 상자 - 스코틀랜드의 정통 쇼트브레드 쿠키,Walkers,13822,13822,4.6,9137.0,"순수 버터 쿠키: Speyside에 있는 베이커리에서 문 앞까지 완벽한 선물 상자에 담긴 올 버터 미니 쿠키로 스코틀랜드의 전통적인 맛을 느껴보세요. 이동 중에도 간식을 먹기에 이상적입니다 4가지 간단한 재료: 버터, 밀가루, 설탕, 소금 한 꼬집으로만 구운 간단한 레시피는 오랜 세월을 견뎌냈으며 정통 스코틀랜드 쇼트브레드에 대한 약속을 이행합니다 Walker's로 맛있게 만드세요: 당사의 한 입 사이즈 쿠키는 재료, 장식, 장식 또는 핫 티 또는 아이스 티, 커피, 아이스크림과 함께 즐길 수 있습니다. 우리가 가장 좋아하는 것은 쇼트브레드 그대로 간식을 먹는 것입니다 품질의 전통: Walkers는 125년 동안 오일, 쇼트닝, 첨가제, 방부제, 인공 향료 및 색소를 피하여 어른과 어린이를 위한 간식을 구워낸 땅만큼 순수하게 만들었습니다 당사의 유산에 충실: 5대째 가족 운영 기업으로서 당사는 설립자인 Joseph의 오리지널 레시피와 꿈을 충실하게 유지합니다. 최고를 굽고 스코틀랜드를 최고로 선보이고자 합니다","이 퓨어 버터 쇼트브레드 미니 쿠키는 눈에 띄는 스코티 도그가 특징인 작은 3차원 팩 안에 포장되어 있습니다. 3D Scottie Dog 쿠키 박스는 평생 Scottie 애견 주인에게 이상적인 선물이며 반려견의 보행자, 보행기 또는 수의사를 위한 훌륭한 감사 선물입니다. Walkers 가족의 세대를 거쳐 전해온 전통적인 스코틀랜드 가족 레시피로 구운 미니 쇼트브레드 스카티는 버터, 밀가루, 설탕, 소금의 최고급 천연 성분으로만 만들어집니다. Walkers 고품질 제품이라는 것을 알고 이 제품을 즐기고 선물하세요. 채식주의자에게 적합하며 코셔 OUD 인증을 받았습니다.","['쇼트브레드', '쿠키', '버터', '스코틀랜드', '선물', '미니', '전통', '레시피', '가족', '간식']"
식음료,스낵 및 디저트,쿠키,,B07C2YT7N2,Steve & Andy's Organic and Gluten Free Cookies 남녀공용 비전문가용 샴푸 250밀리리터,Steve & Andy's,13836,13836,4.2,99.0,No hydrogenated fats or high fructose corn syrup allowed in any food No bleached or bromated flour No synthetic nitrates or nitrites,Plump sweet organic raisins lay in wait in this soft chewy cookie while subtle notes of black pepper play with your savory emotions again and again. Give in.,"['샴푸', '비전문가', '밀리리터', '남녀', '공용']"
식음료,스낵 및 디저트,쿠키,,B0C4YSHDYT,"Nyakers 스웨덴 레몬 쿠키 - 1952년부터 스웨덴에서 전통적으로 구운 오리지널, 유명 & 올드 패션 레몬 고메 쿠키 - 모든 상황에 어울리는 맛있고 달콤한 쿠키 선물 통 (349.8g(12.8온스)",Goodscious,27686,27686,2.9,17.0,"달콤한 스웨덴 유산에 빠져보세요: Nyakers 레몬 쿠키 크리스프 팩으로 소중한 어린 시절의 추억으로 돌아가세요. 흔들리지 않는 헌신으로 제작된 이 달콤하고 풍미 있고 톡 쏘는 레몬 쿠키는 1952년부터 미뢰를 즐겁게 해온 맛있는 비밀 레시피를 따릅니다! 인정된 장인 정신: 모든 쿠키 크런치에서 ""테스트 우승자"" 장인 정신의 완벽함을 만끽하세요. 직장, 학교 또는 체육관에 갈 때 쿠키 레몬 팩은 맛있는 간식에 대한 갈망을 충족시키는 완벽한 방법입니다. 거부할 수 없는 쿠키 선물: 바삭한 레몬 쿠키 바이트로 다음 모임에 휴일 분위기를 더하세요. 이 유쾌한 쇼트브레드 쿠키는 모든 행사에 축제 분위기를 더하며, 모든 입맛을 사로잡을 전통적인 홀리데이 간식에 강렬한 레몬 맛을 더합니다. 이동 중에도 멋진 간식: 여행이나 빠른 에너지 부스트가 필요하든, 이 레몬 & 설탕 쿠키는 완벽한 동반자입니다. 밀폐되어 있어 바삭함과 신선함을 유지하기 위해 쿠키 병에 보관할 필요가 없습니다. 어디를 가든 이 맛있는 간식을 즐기면서 활력을 불어넣고 만족하세요. 즐거움의 십만: VÄSTERBOTTEN SWEDEN의 고급스러운 즐거움을 경험하여 모든 입에 큰 만족을 보장합니다. 오늘 Nyakers 스웨덴 레몬 쿠키 (350g/12.34온스) 1팩을 구매하세요!",Nyåkers는 1952년부터 프리미엄 품질의 Pepparkakor 또는 진저브레드 쿠키를 생산해 온 유명한 스웨덴 브랜드입니다. 해마다 Nyåkers의 생강 스냅 쿠키는 1952년부터 동일한 장인 정신과 디테일에 주의를 기울여 생강 쿠키를 굽고 있기 때문에 큰 소비자 테스트에서 승리합니다. Nyåkers는 향신료를 손으로 섞고 큰 청동 롤로 케이크를 펀칭하면 가능한 한 수제 진저브레드가 만들어집니다. 전통적인 레시피와 방법을 사용하겠다는 당사의 헌신은 스웨덴과 그 밖의 지역에서 다양한 쿠키를 사랑하게 만들었습니다. Nyåkers는 향신료의 즐거운 조합이 특징인 얇고 바삭한 Pepparkakor 스웨덴 쿠키로 특히 유명합니다. 스웨덴 쿠키를 한 입 먹을 때마다 달콤하고 톡 쏘는 레몬 맛을 경험할 수 있어 미뢰가 더 많은 것을 원하게 됩니다. 군침이 도는 즐거움은 황금빛 외관과 바삭한 질감으로 유명합니다. Nyåkers 버터 크런치 쿠키는 스웨덴 베스터보텐의 집에서 항상 만들어온 것과 같은 방식으로 구워집니다. 크리스마스 시즌에 가장 잘 즐기며 축제 행사에 기쁨과 향수를 더합니다. 맛봐야 합니다! 오랜 존재와 품질에 대한 헌신을 통해 Nyåkers는 스웨덴 진저브레드 전통의 필수적인 부분이 되어 모든 쿠키 애호가들의 입맛과 마음을 사로잡습니다. Nyakers 덕분에 우리는 세상이 매우 단순하고 덜 복잡했던 달콤한 초보자의 취향을 여전히 삼킬 수 있습니다. Nyakers 스웨덴 레몬 쿠키 1팩(350g/12.34온스)을 오늘 구매하세요! *운송 중에 자연적인 파손이 발생할 수 있으므로 이 제품의 특성상 환불이 불가능합니다. SB312,"['쿠키', '스웨덴', '레몬', '달콤하다', '간식', '전통', '바삭', '맛있다', '더하다']"
식음료,스낵 및 디저트,쿠키,,B0CYXP7C2W,got milk? 클래식 스타일 쿠키 355ml(12온스),Got Milk?,20567,20567,,,#NAME?,"클래식 스타일의 버터 쿠키로 가득한 수집가용 틴케이스. 각 틴에는 맛보고 즐길 수 있는 355ml(12온스)의 맛있는 쿠키가 포함되어 있습니다. 세련된 노란색 쿠키 틴 안에 있는 군침 도는 모음에 손님이 기뻐할 것입니다. 커피, 차, 심지어 핫 초콜릿과 함께 사용하세요. 각 쿠키를 플래터, 트레이 또는 접시에 배열하세요. 당사의 고급 쿠키는 큰 파티를 열거나 가족 및 친구들과 작은 모임을 할 때 이상적입니다. 부엌에서 노예가 되지 않고 이 쿠키 상자를 즐기세요. 갈망이 생길 때마다 사용할 수 있습니다. 그리고 이 장식적이고 재사용 가능한 고품질 옐로우 클래식 쿠키 틴에 대해 좋아하지 않는 것은 무엇일까요? 맛있고 입술 맛이 좋으며 유쾌하게 맛있는 이 덴마크 스타일 버터 쿠키는 사람들이 더 많은 것을 요구할 것입니다! 1회 제공량당 160칼로리, 1회 제공량당 쿠키 4개. 진짜 버터로 제작. 알레르기 유발 항원: Wheat, Soy, Eggs, 글루텐.","['쿠키', '버터', '스타일', '클래식', '맛있다', '모임']"
식음료,스낵 및 디저트,쿠키,,B07BS2Q7SN,Dewey's Bakery 구운 코코넛 쿠키 씬 | 소량으로 구운 | 사실적이고 간단한 재료 | 유서 깊은 남부 베이커리 레시피 | 255.1g(9온스),Dewey's Bakery,12312,11717,4.0,270.0,"최고의 성분으로만 제작 - GMO 프리 성분으로 구워졌습니다. 인공 향료, 합성 색소, 인공 감미료, 방부제, 고과당 옥수수 시럽(HFCS) 또는 수소화 또는 부분적으로 수소화 오일이 없습니다",,"['소화', '인공', '운', '성분', '향료', '감미료', '고과', '깊다', '남부', '레시피']"
식음료,스낵 및 디저트,쿠키,,B0BML67DP7,Nyakers Kardemumma Skorpor 스웨덴 카다멈 쿠키 - 스웨덴에서 전통적으로 구운 카다멈 향신료가 들어간 작은 크러스트 쇼트브레드 쿠키 - 크리스마스 및 모든 행사를 위한 고급 설탕 쿠키 (350ml(12.8온스)),Goodscious,30456,30456,3.6,12.0,"달콤한 스웨덴 유산에 빠져보세요: Nyakers 카다몸 쿠키로 소중한 어린 시절의 추억으로 돌아가서 입안에서 녹는 맛있는 간식을 경험하십시오. 흔들리지 않는 헌신으로 제작된 이 맛있고 정통 맛은 1952년부터 입맛을 즐겁게 해온 맛있는 비밀 레시피를 따릅니다! 아로마틱하고 맛: 갈은 카다몬 파우더의 풍부한 향이 함유된 이 카다멈 쇼트브레드 쿠키는 단맛과 향신료의 즐거운 균형을 제공합니다. 당신의 갈망을 만족시킬 부드러운 질감과 버터 같은 장점을 즐기세요. 따뜻한 우유, 차 또는 커피 한 잔과 완벽하게 어울립니다. 이동 중 간식: 여행하든 빠른 에너지 부스트가 필요하든 이 카다멈 포춘 쿠키는 완벽한 동반자입니다. 밀폐되어 있어 바삭함과 신선함을 유지하기 위해 쿠키 병에 보관할 필요가 없습니다. 어디를 가든 이 맛있는 간식을 즐기면서 활력을 불어넣고 만족하세요. 공유하기 위해 제작: 사랑하는 사람에게 Nyakers 스웨덴 쿠키 통을 선물하여 행복을 전파하세요. 아름답고 미니멀한 욕조에 포장된 이 제품은 특별한 행사나 단순히 누군가에게 당신이 생각하고 있다는 것을 알리는 데 이상적인 놀라움입니다. 이 유쾌한 스웨덴 간식의 사랑과 기쁨을 공유하세요. 맛있는 즐거움: VÄSTERBOTTEN SWEDEN의 고급스러운 즐거움을 경험하여 모든 입에 큰 만족을 보장합니다. Nyakers Kardamumma Skorpor 스웨덴 카다멈 쿠키 (350g/12.34온스) 1팩을 오늘 구매하세요!","Nyåkers는 1952년부터 프리미엄 품질의 Pepparkakor 또는 진저브레드 쿠키를 생산해 온 유명한 스웨덴 브랜드입니다. 해마다 Nyåkers의 생강 스냅 쿠키는 1952년부터 동일한 장인 정신과 디테일에 주의를 기울여 생강 쿠키를 굽고 있기 때문에 큰 소비자 테스트에서 승리합니다. Nyåkers는 향신료를 손으로 섞고 큰 청동 롤로 케이크를 펀칭하면 가능한 한 수제 진저브레드가 만들어집니다. 전통적인 레시피와 방법을 사용하겠다는 당사의 헌신은 스웨덴과 그 밖의 지역에서 쿠키를 사랑하게 만들었습니다! 각 쿠키에는 갈은 카다멈 향신료의 향기롭고 맛있는 에센스가 주입되어 기분 좋은 맛의 균형을 제공합니다. 부드럽고 버터 같은 쇼트브레드 질감은 물릴 때마다 천국의 느낌을 줍니다. 단독으로 즐기거나 따뜻한 우유, 차 또는 커피 한 잔과 짝을 이루든 이 쿠키는 여러분의 욕구를 만족시킬 것입니다. Nyåkers 카르다몸 쿠키는 스웨덴 베스터보텐의 집에서 항상 만들어온 것과 같은 방식으로 구워집니다. 크리스마스 시즌에 가장 잘 즐기며 축제 행사에 기쁨과 향수를 더합니다. 맛봐야 합니다! 오랜 존재와 품질에 대한 헌신을 통해 Nyåkers는 스웨덴 진저브레드 전통의 필수적인 부분이 되어 모든 쿠키 애호가들의 입맛과 마음을 사로잡습니다. Nyakers 덕분에 우리는 세상이 매우 단순하고 덜 복잡했던 달콤한 초보자의 취향을 여전히 삼킬 수 있습니다. Nyakers Kardamumma Skorpor 스웨덴 카다멈 쿠키 (350g/12.34온스) 1팩을 오늘 구매하세요! *운송 중에 자연적인 파손이 발생할 수 있으므로 이 제품의 특성상 환불이 불가능합니다. SR401","['쿠키', '스웨덴', '카다멈', '맛있다', '간식', '향신료', '사랑', '만족', '맛', '헌신']"
식음료,스낵 및 디저트,쿠키,,B00MNFLS6K,"Marinela Principe 초콜릿으로 채워진 샌드위치 쿠키, 인공 맛, 1팩 (8개)",Marinela,12395,12395,4.3,84.0,달콤한 간식: 두 개의 바삭한 엠보싱 쿠키와 풍부한 인공 맛의 초콜릿 충전재가 끼어 군침이 도는 맛있는 맛을 선사합니다. 제품 구성: 패키지에는 프린시페 8팩이 포함되어 있으며 각각 6개의 쿠키가 들어 있습니다. 재미와 맛: Principe 쿠키는 도시락에 넣거나 방과 후 간식으로 사용하거나 이동 중에도 먹기에 좋습니다. 포장된 간식은 여행 친화적이며 바쁜 가족에게 이상적입니다. 재미를 공유하세요: Principe 쿠키는 언제든지 축하 행사로 바꿀 수 있습니다. 한 입만 먹으면 왜 그렇게 거부할 수 없을 정도로 맛있는지 알 수 있습니다. 친구 및 가족과 공유하세요. 직접 먹는 것을 거부할 수 있다면 사랑으로 제작: Principe 쿠키는 자라난 맛있는 맛과 질감을 위해 자체 레시피로 갓 구워집니다. 멕시코에서 만들어졌지만 전 세계의 어린이 성인 모두가 좋아하는 제품입니다.,"맛있는 것을 원하십니까? Principe 쿠키는 당신의 갈망을 만족시킬 것입니다. 두 개의 바삭한 엠보싱 쿠키의 맛있는 맛을 즐기세요. 풍부한 인공 맛의 초콜릿 충전재가 그 사이에 끼워져 있어 잊지 못할 맛을 선사합니다. 베이커리에 갈 필요가 없습니다. Principe 쿠키는 매번 신선함을 위해 포장됩니다. 아이들이 친구들과 공유하는 동안 얼음처럼 차가운 우유 한 잔과 함께 즐기거나 축구 경기 후 특별한 간식으로 즐길 수 있는 훌륭한 간식입니다. 어른들은 오후 커피와 함께 프린시페 쿠키를 좋아하거나 작은 디저트로 좋아합니다. Marinela 는 재미를 상징합니다! 저희 제품에는 크림으로 채워진 초콜릿 컵케이크, 버터 쿠키, 오렌지와 건포도 케이크와 같은 독특한 품종이 포함되어 있어 달콤한 치아를 만족시킵니다. 쿠키, 스낵 케이크 또는 파이를 한 입 먹으면 어린 시절로 돌아가는 것이 얼마나 멋진 지 맛볼 수 있습니다! Marinela Is in Me. Marinela Is in You.","['쿠키', '맛', '간식', '맛있다', '초콜릿', '인공', '재미', '공유']"
식음료,스낵 및 디저트,쿠키,,B07NRH2GXL,"Danisa, 버터 쿠키 틴, 473.2ml(16온스)",Danisa,16620,16620,4.0,477.0,덴마크의 오리지널 레시피에 따라 구워졌습니다,"Danisa 프리미엄 버터 쿠키는 휴일에 적합합니다. 이 프리미엄 품질의 쿠키는 덴마크 특수 식품의 오리지널 레시피로 만들어집니다. Danisa 쿠키는 레이어에 겹쳐서 완벽하게 구워집니다. 재료는 Danisa 쿠키를 바삭하고 맛있게 만듭니다. 이 제품은 할랄 인증을 받았습니다. Danisa 프리미엄 버터 쿠키 473.2ml(16온스) 깡통 1개가 포함되어 있습니다. 알레르기 유발 물질에 대한 영양 정보를 확인하세요. Danisa 버터 쿠키는 덴마크 브랜드이며, 오리지널 덴마크 레시피가 있는 프리미엄 버터 쿠키입니다.","['쿠키', '버터', '프리미엄', '덴마크', '레시피']"
식음료,스낵 및 디저트,쿠키,,B0078DSA7M,"Homefree 미니 더블 초콜릿 칩 쿠키 박스, 글루텐 프리, 너트 프리, 비건, 학교 안전 및 알레르기 친화적인 간식, 141.7g(5온스) 박스 (1팩)",Homefree,12451,12451,4.5,209.0,"미니 더블 초콜릿 칩 쿠키 박스: 미니 더블 초콜릿 칩 쿠키에는 초콜릿 칩이 들어 있어 관대하게 대접할 수 있습니다. 초콜릿에 대한 갈망이 닥쳤을 때, 저희 쿠키는 만족스러운 간식입니다. 141.7g(5온스) 박스 1개가 포함되어 있습니다 모든 연령대의 아이들이 Yum이라고 말합니다: 까다로운 사람들도 Homefree의 글루텐 프리 쿠키가 맛이 좋고 맛있고 건강한 학교 간식이 된다는 데 동의합니다 중요한 영양: 맛도 건강할 수 있습니다. 당사의 퇴폐적인 더블 초콜릿 칩 쿠키는 통곡물의 좋은 공급원으로 인증되었습니다. GMO 프리 인증, 트랜스 지방, 콜레스테롤, 팜유 또는 고과당 옥수수 시럽이 없는 저나트륨 학교, 파티 및 놀이 데이트에 안전: 이 포괄적인 학교 안전 간식은 다양한 식단에 적합합니다. 이 쿠키는 글루텐 프리, 비건, 코셔 파레브 및 상위 14가지 알레르기 유발 항원 프리 제품입니다 신뢰할 수 있는 간식: 모든 알레르기 친화적인 쿠키는 안전과 품질을 보장하기 위해 최고 수준의 관리로 제작되어 기분 좋은 맛있는 간식을 제공합니다",,"['쿠키', '간식', '프리', '초콜릿', '학교', '안전', '더블', '박스', '알레르기', '글루텐']"
식음료,스낵 및 디저트,쿠키,,B07KZ8RNKR,"Tate's Bake Shop 글루텐 프리 진저 징거 쿠키, 118.4g(7온스) 백 118.4g(4개",Tate's Bake Shop,45192,46134,4.5,4570.0,Tate's Bake Shop 글루텐 프리 생강 징거 쿠키 198.4g(7온스) 백 4개 생강 쿠키에는 매콤하고 맛있는 맛을 위해 결정화된 생강 조각이 포함되어 있습니다 쌀가루로 만든 얇은 코셔 쿠키는 맛있는 글루텐 프리 간식을 제공합니다 맛있는 질감의 독특하고 바삭한 구운 쿠키 이 벌크 쿠키를 쿠키 트레이에 추가하여 쉽고 달콤한 파티 간식을 만드세요,Tate's Bake Shop 글루텐 프리 진저 징거 쿠키로 밀이 없는 베이크 샵 품질의 간식을 즐겨보세요. 각 글루텐 프리 쿠키는 쌀가루로 만들어졌으며 뚜렷한 매운 맛을 위해 결정화된 생강 조각이 포함되어 있습니다. 매우 맛있는 이 얇은 쿠키는 기분 좋게 바삭한 질감으로 독특하게 바삭합니다. 코셔 쿠키로 쿠키 트레이를 채우면 맛있는 글루텐 프리 파티 간식을 제공하세요. 식이 제한이 있는 가족 및 친구들과 맛있는 글루텐 프리 쿠키를 공유하거나 이 벌크 베이킹 쿠키를 좋아하는 글루텐 프리 디저트 레시피의 베이스로 사용하세요. 이 198.4g(7온스) 백은 바삭한 쿠키를 신선하게 유지하기 위해 다시 닫을 수 있습니다.,"['쿠키', '프리', '글루텐', '맛있다', '간식', '바삭', '생강', '징거', '백']"
식음료,스낵 및 디저트,쿠키,,B08VPVFGXH,"Fat Snax 저탄수화물 바삭한 미니 케토 쿠키, 스니커두들, 141.7g(5온스), 아몬드 가루 쿠키, 글루텐 프리, 저설탕 스낵, 순탄수화물 3g, 지방 14g",Fat Snax,22146,22146,3.9,78.0,"구성: Fat Snax 저탄수화물 크런치 미니 스니커즈 두들 케토 쿠키 1박스와 새로운 레시피! 당사의 새로운 레시피는 더 바삭하고 부서지기 쉽고 훨씬 맛있습니다! 지방 - 연료 공급 및 맛있는: 당사의 미니 스니커두들 쿠키는 지방, 건강하고 깨끗한 재료와 계피로 가득 차 있어 쿠키를 먹고 먹을 수 있습니다 케토가 가장 좋아하는 미니 쿠키: 미니 스니커두들 쿠키의 각 서빙에는 설탕 3g, 순탄수화물 3g 및 지방 14g이 포함되어 있어 쿠키를 케토 친화적인 간식으로 완벽하게 만듭니다 죄책감 없는 장점: 저희는 곡물 없는 아몬드 가루와 진짜 버터를 신중하게 공급하여 케토, 저탄수화물, 무설탕 및 글루텐 프리 라이프 스타일을 위한 완벽한 간식을 만듭니다. 달콤한 치아 만족! 간식 제거: 당사의 미니 쿠키는 완벽한 작은 물린 음식입니다. 시리얼과 같은 그릇에 크런치를 넣고 좋아하는 커피 한 잔과 함께 뭉크하고 아이스크림 선디 위에 올려 놓으세요. 목록은 계속됩니다",달콤한 치아 만족! Fat Snax 저탄수화물 크런치 미니 쿠키는 여러분이 기다려온 달콤한 간식입니다! 저탄수화물 또는 무설탕 식단을 유지하는 것은 쉽지 않습니다. 그렇기 때문에 당사는 귀하의 라이프 스타일에 맞는 맛있는 간식을 만들기 위해 최선을 다하고 있습니다. 케토시스에서 벗어나거나 포도당을 급증하지 않는 달콤하고 맛있는 저탄수화물 바이트를 찾고 계신 그 시절을 위해 Fat Snax 쿠키는 여러분을 사랑합니다. 버터와 글루텐 프리 아몬드 가루와 같은 깨끗하고 케토 친화적인 재료로만 제작된 미니 스니커두들 쿠키는 계피와 설탕의 좋은 맛과 3g의 순탄수화물로 가득합니다. 이 저탄수화물 쿠키를 사용하면 병 전체를 맛볼 시간입니다! 또한 지방 연료가 함유되어 있으며 건강한 지방 14g과 설탕이 첨가되지 않았습니다. Fat Snax는 고객님에게도 좋은 세계 최고의 맛있는 간식을 만들기 위해 최선을 다하고 있습니다. 건강한 식습관이 결코 맛을 손상시키지 않는다고 믿기 때문입니다.,"['쿠키', '탄수화물', '미니', '케토', '설탕', '지방', '간식', '맛있다', '달콤하다', '아몬드']"
식음료,스낵 및 디저트,쿠키,,B08QYNRHZ5,"Fat Snax 저탄수화물 바삭한 미니 케토 쿠키, 초콜릿 칩, 141.7g(5온스), 아몬드 가루 쿠키, 글루텐 프리, 저설탕 스낵, 순탄수화물 3g, 지방 13g",Fat Snax,20761,20761,4.2,127.0,"구성: Fat Snax 저탄수화물 크런치 미니 초콜릿 칩 케토 쿠키 1박스와 새로운 레시피! 당사의 새로운 레시피는 더 바삭하고 부서지기 쉽고 훨씬 맛있습니다! 지방 - 연료 및 맛: 미니 초콜릿 칩 쿠키는 지방, 건강하고 깨끗한 재료 및 퇴폐적인 초콜릿 맛으로 가득 차 있어 쿠키를 먹고 먹을 수도 있습니다 케토가 가장 좋아하는 미니 쿠키: 미니 초콜릿 칩 쿠키의 각 서빙에는 설탕 2g, 순탄수화물 3g 및 지방 13g이 포함되어 있어 쿠키를 케토 친화적인 간식으로 완벽하게 만듭니다 죄책감 없는 장점: 저희는 곡물 없는 아몬드 가루와 진짜 버터를 신중하게 공급하여 케토, 저탄수화물, 무설탕 및 글루텐 프리 라이프 스타일을 위한 완벽한 간식을 만듭니다. 달콤한 치아 만족! 간식 제거: 당사의 미니 쿠키는 완벽한 작은 물린 음식입니다. 시리얼과 같은 그릇에 크런치를 넣고 좋아하는 커피 한 잔과 함께 뭉크하고 아이스크림 선디 위에 올려 놓으세요. 목록은 계속됩니다",달콤한 치아 만족! Fat Snax 저탄수화물 크런치 미니 쿠키는 여러분이 기다려온 달콤한 간식입니다! 저탄수화물 또는 무설탕 식단을 유지하는 것은 쉽지 않습니다. 그렇기 때문에 당사는 귀하의 라이프 스타일에 맞는 맛있는 간식을 만들기 위해 최선을 다하고 있습니다. 케토시스에서 벗어나거나 포도당을 급증하지 않는 달콤하고 맛있는 저탄수화물 바이트를 찾고 계신 그 시절을 위해 Fat Snax 쿠키는 여러분을 사랑합니다. 버터와 글루텐 프리 아몬드 가루와 같은 깨끗하고 케토 친화적인 재료로만 제작된 미니 초콜릿 칩 쿠키는 퇴폐적인 초콜릿 맛과 3g의 순탄수화물로 가득합니다. 이 저탄수화물 쿠키를 사용하면 병 전체를 맛볼 시간입니다! 또한 지방 연료가 함유되어 있으며 건강한 지방 13g과 설탕이 첨가되지 않았습니다. Fat Snax는 고객님에게도 좋은 세계 최고의 맛있는 간식을 만들기 위해 최선을 다하고 있습니다. 건강한 식습관이 결코 맛을 손상시키지 않는다고 믿기 때문입니다.,"['쿠키', '탄수화물', '미니', '케토', '초콜릿', '지방', '간식', '설탕', '맛있다', '달콤하다']"
식음료,스낵 및 디저트,쿠키,,B00KX2XAUM,"Dare Whippet 블랙 포레스트 쿠키, 285g/10.1온스 (캐나다에서 수입)",Dare,15359,15359,3.8,501.0,1회 제공량당 트랜스 지방 0g 진짜 초콜릿으로 제작 땅콩 무첨가 철분 공급원 캐나다에서 수입,"초콜릿과 체리의 놀라운 맛으로 가족을 유혹하세요. 이 Pure Delight는 체리 필링과 가벼운 마시멜로를 얹은 맛있는 초콜릿 베이스로, 모두 진짜 초콜릿에 담겨 있습니다. 이 쿠키 중 하나만 먹는 데 어려움을 겪을 것입니다. 1회 제공량당 트랜스 지방 0g. 진짜 초콜릿으로 제작. 땅콩 무첨가. 철분 공급원. 캐나다에서 수입","['초콜릿', '진짜', '캐나다', '트랜스', '쿠키', '체리', '첨가', '철분', '땅콩', '지방']"
식음료,스낵 및 디저트,쿠키,,B00DZHE7CW,Keebler Vienna Fingers Vienna Fingers 크림 충전 샌드위치 쿠키 - 402.6g(14.5온스),Keebler,13836,13836,3.8,243.0,샌드위치 쿠키 크림 충전 쿠키 2개당 150칼로리,Delicious Vienna Fingers는 온 가족을 위한 맛있는 간식입니다.,"['쿠키', '크림', '충전', '샌드위치', '칼로리', '맛있다', '간식', '가족']"
식음료,스낵 및 디저트,쿠키,,B00GO6RICM,"DOLCETTO Dolcetto 웨이퍼 롤 쿠키 크림, 355ml",dolcetto,13836,12728,4.1,261.0,"Dolcetto 100% 천연 롤드 웨이퍼는 전통적인 장인 베이킹과 혁신적인 맛의 조합으로 조화하여 쿠르안 블랙 코코아, 수마트라 커피 콩 및 동남아시아 진저 뿌리 같은 프리미엄 재료로 만들어졌습니다. Dolcetto","Dolcetto 100% 천연 롤드 웨이퍼는 전통적인 장인 베이킹과 혁신적인 맛의 조합을 섞어 만든 초코아, 수마트라 커피 콩 및 동남아시아 진저 뿌리와 같은 프리미엄 재료로 만들어졌습니다. 저희의 섬세한 페이스트리 같은 웨이퍼는 가볍고 선명한 크림색 충전재와 균형잡힌 외부는 가볍습니다. 아이스크림, 커피, 차 또는 차가운 우유 한 잔과 아름답게 어울립니다. 우아함을 즐기거나 스스로를 위한 완벽한 즐거움.","['웨이퍼', '커피', '혁신', '진저', '동남아시아', '롤드', '맛', '뿌리', '수마트라', '프리미엄']"
식음료,스낵 및 디저트,쿠키,,B07YB4TMK7,Benton's Wholesome and Crunchy Cookie Thins 토스트 코코넛,Benton's,12700,12700,4.0,114.0,"코코넛 맛 쿠키: 이 쿠키는 달콤한 치아를 만족시킬 맛있는 코코넛 맛을 가지고 있습니다. 바삭한 질감: 쿠키는 바삭바삭한 질감으로 재미있게 먹을 수 있습니다. 미국에서 제작: 이 쿠키는 미국에서 자랑스럽게 제작되었습니다. 1인용 패키지: 각 패키지에는 쿠키가 한 개만 포함되어 있습니다. 선물용으로 좋습니다: 이 쿠키는 생일, 결혼식, 기념일 또는 특별한 날을 위한 훌륭한 선물입니다.",쿠키 얇은 구운 코코넛,"['쿠키', '코코넛', '질감', '제작', '맛', '미국', '패키지', '선물']"
식음료,스낵 및 디저트,쿠키,,B00JUC5RZ2,"Pirouline 다크 초콜릿 롤 웨이퍼, 92.1g(3.25온스), 2팩",Pirouline,12049,12049,3.7,971.0,"특허받은 시그니처 소용돌이 - Pirouline 롤 웨이퍼에서만 찾을 수 있습니다. 바로 여기 미국에서 매일 신선하게 구운 오리지널 Pirouline 롤 웨이퍼를 즐기고 있다는 확신을 가질 수 있습니다 미국에서 베이킹 - 이 맛있는 간식이 사랑과 정성을 담아 집에서 구워졌다는 달콤한 만족으로 Pirouline 쿠키를 즐기세요. 경험 - 모든 사람을 위한 Pirouline 쿠키의 맛의 세계! 공유하거나 솔로 간식으로 즐기기에 완벽한 이 웨이퍼는 맛있는 모험이 기다리고 있습니다. 완벽한 간식 - 커피, 차 또는 우유에 담그든 이 간식은 풍미를 더합니다. 저녁 식사 후 간식, 오후 간식 등에 완벽합니다! 신선함 - Pirouline 롤 웨이퍼로 간식을 신선하게 유지하세요. 각 틴은 재사용이 가능하여 언제든지 간식을 먹을 수 있도록 웨이퍼를 바삭하게 유지합니다. 이동 중에도 휴대하기에 완벽합니다!",,"['간식', '웨이퍼', '완벽하다', '롤', '신선하다', '유지', '쿠키', '미국', '맛있다']"
식음료,스낵 및 디저트,쿠키,,B086BV8DQ1,"Maxine's Heavenly 시나몬 오트밀 건포도 쿠키 | 글루텐 프리, 귀리로 제작, 코코넛 설탕 및 대추야자로 단맛 | 맛있는 저설탕 비건 디저트 | 각 204.1g(7.5온스) (2팩)",Maxine's Heavenly,24916,24916,4.0,1052.0,"시나몬 오트밀 건포도: 가족 레시피를 기반으로 한 맛있는 글루텐 프리 오트밀 쿠키는 할머니의 부엌에서 바로 온 것처럼 맛있습니다. 부드러운 구운 쿠키는 각각 통통한 건포도와 매콤하고 달콤한 계피의 풍미가 풍부하여 중독성 있는 비건 간식을 제공합니다. 자연에 의해 달콤함: Maxine's Heavenly 고급 쿠키는 대추야자와 코코넛 설탕으로 자연스럽게 달콤합니다. 1회 제공량당 6g의 설탕으로 구성된 건강한 쿠키는 식단에 정제된 설탕을 추가하지 않고도 달콤한 치아를 만족시킬 수 있는 완벽한 비건 간식입니다. 모두를 위한 제품: 모든 식단에 맞는 글루텐 프리 쿠키 팩을 공유하는 것이 좋습니다. 당사의 오트밀 건포도 쿠키는 유제품, 비건, 코셔, GMO 프리, 설탕이 적습니다. 성장하는 가족에게 완벽합니다: 아마씨, 귀리, 해바라기 레시틴을 포함한 건강에 좋은 재료는 초보 엄마의 우유 생산을 지원하는 완벽한 수유 쿠키, 아빠를 위한 건강한 간식 또는 학교 점심을 채우기 위한 맛있는 간식입니다. 전체적인 장점: 100% 천연 식물성 비건 쿠키를 사용해보세요! 귀리 가루, 아마씨 및 코코넛 오일과 같은 간단하고 건강에 좋은 재료는 영양가 있는 간식이 필요할 때마다 완벽한 아침 식사 쿠키, 비건 간식 또는 글루텐 프리 디저트입니다. 매우 건강한 쿠키: Maxine's Heavenly 는 100% 식물 기반 및 글루텐 프리 저당 쿠키를 생산하는 것을 자랑스럽게 생각합니다. 저희는 다른 많은 쿠키에서 볼 수 있는 모든 세련된 육키를 위해 좋은 재료로 대체하여 맛있고 영양가가 높은 다양한 건강한 비건 쿠키를 만들었습니다.",,"['쿠키', '비건', '설탕', '프리', '간식', '글루텐', '맛있다', '건포도', '완벽하다', '오트밀']"
식음료,스낵 및 디저트,쿠키,,B07YBTSWGG,HighKey 저탄수화물 Snickerdoodle 쿠키 - 케토 스낵 당뇨병 환자용 디저트 다이어트 친화적 식품 글루텐 프리 탄수화물 제로 간식 시나몬 과자 건강한 스낵 식품 아몬드 밀가루 설탕 프리 쿠키,HIGHKEY,11883,10373,4.1,22332.0,"단 1g의 순탄수화물: HighKey Snacks 케토 Snickerdoodle 미니 쿠키는 1g의 순탄수화물, 설탕을 첨가하지 않고 1회 제공량당 단백질 4g으로 만든 다이어트 친화적인 스낵 옵션입니다. 이 케토 쿠키 바이트는 치트 데이에 비용이 들지 않는 이상적인 오후 간식입니다. 저탄수화물 또는 저설탕 다이어트를 하든, 이 미니 쿠키는 현명한 선택입니다. 맛있는 계피 노트와 기분 좋은 바삭한 질감과 결합된 건강한 쿠키는 전통적인 과자를 대체할 수 있습니다! 케토 및 저탄수화물 친화적인 간식: 이 HighKey 케토 미니 쿠키는 건강에 좋은 재료로 만들어져 간식 선택에 대해 기분이 좋아질 수 있습니다. 순탄수화물과 설탕이 모두 적은 이 미니 스니커두들은 아몬드 가루, 코코넛 오일, 콜라겐과 같은 천연 성분으로 만들어졌습니다. 저탄수화물 또는 케토제닉 식단을 고수하고 싶다면 이 달콤한 시나몬 스낵 음식에 열광할 것입니다. 케토시스에서 벗어나지 않고 달콤한 디저트 간식을 다시 한번 마음껏 즐기세요 글루텐 및 그레인 프리: 방부제, 글루텐, 필러가 첨가되지 않은 Snickerdoodle 미니 쿠키는 전통적인 쿠키에서 발견되는 원치 않는 설탕과 탄수화물 없이 달콤하고 바삭한 간식을 원할 때 훌륭한 선택입니다. HighKey Snacks는 간단한 재료를 사용하여 글루텐, 곡물 및 필러가 함유된 일반 과자 대신 맛있는 대안을 제공합니다. 오리지널 스니커두들만큼 맛이 좋은 글루텐 프리 쿠키를 찾고 계신다면 HighKey가 도와드립니다! 만족스러운 스니커두들 쿠키: 건강한 간식으로 달콤한 치아의 갈망을 억제하세요! 각 쿠키 박스 구매에는 맛있는 Snickerdoodle 미니 쿠키 3봉지가 포함되어 있습니다. 이동 중에도 간식에 이상적인 이 글루텐 프리 쿠키는 바쁜 일정에 빠른 오후 탐닉을 맞추기에 좋습니다. 몽크 프루트와 스테비아와 같은 천연 생 감미료로 제작되어 간식을 다시 먹으면 기분이 좋아집니다. 이 케토 쿠키의 가장 좋은 점은 치트 데이에 비용이 들지 않는다는 것입니다! 건강에 민감한 대안: HighKey Snacks에서는 간식이 어려울 수 있다는 것을 알고 있습니다. 그렇기 때문에 당사는 고품질의 매크로 영양소 중심의 제품을 만들고 가장 중요한 것은 맛이 맛있는 제품을 만듭니다. 당사의 케토 제품은 저탄수화물과 저당으로 죄책감 없이 간식에 대해 기분 좋게 느낄 수 있습니다! 글루텐 프리 쿠키, 무설탕 쿠키, 저탄수화물 베이킹 믹스, 그레인 프리 머핀 믹스 및 기타 케토 스낵을 확인하세요. HighKey는 모든 다이어트 친화적인 간식에 필요한 모든 것을 제공합니다!",소수 민족 소유 소규모 비즈니스 미니 스니커두들 쿠키 케토 스낵 케토제닉 다이어트 식품 체중 감량을 위한 저탄수화물 최고의 케토 스낵 탄수화물 프리 스낵 건강한 식료품 초콜릿 당뇨병 글루텐 프리 초콜릿 칩 글루텐 프리 식료품 글루텐 프리 케토 글루텐 프리 건강한 초콜릿 스낵 건강한 스낵 박스 케토 비스킷 믹스 탄수화물 케토 식품 제품 케토 스낵 박스 케토 스낵 저탄수화물 그랩 ceries ceries 제로 탄수화물 제로 초콜릿 케토 글루텐 프리 스낵 구독 및 저장 고지방 저탄수화물 스낵 케토 박스 케토 푸드 케토 스낵 저탄수화물 설탕 프리 케토 스낵 제로 탄수화물 고지방 저탄수화물 초콜릿 칩 쿠키 저탄수화물 식품 식료품 무탄수화물 스낵 설탕 저탄수화물 스낵 설탕 프리 스낵 설탕 프리 초콜릿 칩 단백질 쿠키 설탕 프리 글루텐 프리 스낵 설탕 프리 스낵 아동용 승인 식품 스낵 글루텐 프리 스낵 아몬드 쿠키 글루텐 글루텐 무료 글루텐 글루텐 무료 쿠키 초콜릿 칩 저탄수화물 글루텐 프리 초콜릿 쿠키 글루텐 프리 스낵 버라이어티 팩 고단백 무설탕 초콜릿 쿠키 팔레오 쿠키 초콜릿 칩 저탄수화물 식품 저탄수화물 식품 케토 무설탕 스낵 저탄수화물 팔레오 식품 식료품 당뇨병 간식 저탄수화물 저칼로리 스낵 고단백 식품 저탄수화물 글루텐 프리 스낵 박스 저탄수화물 스낵 박스 저탄수화물 케토 스낵 박스 비스코티 쿠키 건강한 쿠키 선물 맛있는 선물 맛있는 쿠키 브릿ish tea 비스킷 초콜릿 칩 무가당 초콜릿 쿠키 개별 쿠키 저설탕 개별 포장 쿠키 티 비스킷 쿠키 개별 포장 쿠키 글루텐 프리 쿠키 초콜릿 칩 쿠키 츄이 초콜릿 칩 쿠키 팩 gf 초콜릿 칩 쿠키 바삭한 초콜릿 칩 쿠키 미니 작은 초콜릿 칩 쿠키 개별 초콜릿 칩 쿠키 개별 초콜릿 칩 쿠키 팔레오 쿠키 팔레오 스낵 당뇨병 스낵 건강한 케토 스낵 케토 제닉 디저트 저탄수화물 낮은 설탕 설탕 낮은 설탕 설탕 쿠키 added sweets 고지방 저탄수화물 순탄수화물 몽크 과일,"['쿠키', '탄수화물', '스낵', '케토', '프리', '글루텐', '초콜릿', '설탕', '간식', '식품']"
식음료,스낵 및 디저트,쿠키,,B00D5L2WPC,Trader Joe's 글루텐 프리 조 조 조 (초콜릿/바닐라 크림 쿠키),TJ's,17589,17589,3.1,49.0,글루텐 프리.,글루텐 프리 오레오 스타일 쿠키.,"['프리', '글루텐', '쿠키', '크림', '초콜릿', '오레오', '스타일', '바닐라']"
식음료,스낵 및 디저트,쿠키,,B07JCHRG5G,"MadeGood 더블 초콜릿 소프트 베이크 쿠키, 각 24.1g(0.8온스), 유기농 스낵",Made Good,21592,21592,4.3,48.0,"글루텐 프리 밀가루와 풍부한 유제품 프리 다크 초콜릿으로 만든 맛있는 유기농 더블 초콜릿 쿠키. MadeGood 소프트 베이크드 미니 쿠키는 땅콩과 견과류 프리 시설에서 만들어졌으며 건강에 좋은 재료로 만들어져 공유하기에 적합합니다. 누구나 견과류 프리, 글루텐 프리, GMO 프리, 유기농, 비건 및 코셔 간식을 즐길 수 있습니다. 6가지 다른 채소 추출물의 채소 1회 제공량에 영양소가 포함되어 있습니다. 건강한 간식을 쉽게 만들 수 있는 개별 포장된 소프트 베이킹 쿠키 팩 5개(24.1g(0.8온스)를 즐기세요.",캔디 스낵,"['프리', '쿠키', '소프트', '유기농', '초콜릿', '채소', '견과류', '글루텐', '더블', '스낵']"
식음료,스낵 및 디저트,쿠키,,B07SKCKGVS,"AUDREYS CHIA Chia 레몬 쿠키, 113.4g(4온스)",Audreys Chia,12271,12271,4.5,7.0,캔디 스낵,쿠키 치아 레몬,"['쿠키', '레몬', '캔디', '치아', '스낵']"
식음료,스낵 및 디저트,쿠키,,B0B3LTJHLS,"Simple Mills 코코아 캐슈 크림 샌드위치 쿠키 - 글루텐 프리, 비건, 건강한 간식, 189.9g(6.7온스) (8팩)",Simple Mills,55192,55192,4.7,18.0,"Simple Mills 너트 버터 속을 채운 샌드위치 쿠키, 코코아 캐슈 크림, 인공 없음, 비건 친화적, 코셔, 글루텐 프리 및 GMO 프리, 189.9g(6.7온스) (8팩)","Simple Mills 너트 버터 속을 채운 샌드위치 쿠키, 코코아 캐슈 크림, 인공 없음, 비건 친화적, 코셔, 글루텐 프리 및 GMO 프리, 189.9g(6.7온스) (8팩)","['프리', '크림', '쿠키', '코코아', '캐슈', '샌드위치', '비건', '글루텐', '채운', '인공']"
식음료,스낵 및 디저트,쿠키,,B07SJ945CB,"AUDREYS CHIA Chia 초콜릿 칩 쿠키, 113.4g(4온스)",Audreys Chia,12451,12451,3.9,4.0,캔디 스낵,쿠키 치아 초콜릿 칩,"['쿠키', '초콜릿', '캔디', '치아', '스낵']"
식음료,스낵 및 디저트,쿠키,,B079SCPG7Y,"Stonewall Kitchen 메이플 브라운 버터 와플 쿠키, 31g",Stonewall Kitchen,8129,8129,2.7,22.0,"Stonewall 주방 메이플 브라운 버터 와플 쿠키, 31g 맛있는 바다 소금 캐러멜 센터가 있는 메이플 맛의 더치 와플 쿠키 전통적으로 스트로프와펠로 알려져 있습니다 뜨거운 차 또는 코코아 한 잔을 부드럽게 하여 네덜란드인처럼 즐기세요 수상 경력에 빛나는 Stonewall Kitchen 제품군의 일부로, Tillen Farms, Legal Sea Foods, Vermont Village, Montebello Pasta, Napa Valley Naturals, Urban Accents, Vermont Coffee 및 Village Candle을 포함합니다. 저희는 요리, 베이킹, 오락 및 가정을 위한 최고의 제품을 자랑스럽게 만듭니다. 우리 가족에서는 훌륭한 맛이 나옵니다.",,"['쿠키', '와플', '메이플', '맛', '브라운', '버터', '맛있다', '부드럽다', '바다', '훌륭하다']"
식음료,스낵 및 디저트,쿠키,,B085CJF6W5,"Loacker, Wafer Minis 헤이즐넛, 250g(8.8온스)",Loacker,13517,13517,4.7,1088.0,"1회 제공량당 150칼로리 인공 색소나 방부제 없음 GMO 프리 및 코셔 Loacker 쿼드라티니 웨이퍼 쿠키 250g(8.8온스) 백 1개, 헤이즐넛 알레르기 유발 물질은 영양 성분 패널을 참조하세요",캔디 스낵,"['헤이즐넛', '웨이퍼', '방부제', '백', '색소', '성분', '스낵', '알레르기', '영양', '유발']"
식음료,스낵 및 디저트,쿠키,,B08NXD5SKT,"RIP VAN WAFELS Honey & Oats 와펠 쿠키, 131.5g(4.7온스)",Rip Van Wafels,9501,9501,4.3,10266.0,어떤 음식에도 수소화 지방이나 고과당 옥수수 시럽이 허용되지 않습니다 표백 또는 브롬화 밀가루 없음,rip van honey and oat stroopwafel,"['표백', '쿠키', '지방', '음식', '와펠', '옥수수', '시럽', '소화', '브롬', '밀가루']"
식음료,스낵 및 디저트,쿠키,,B00785JSEO,"Trader Joe's 트리플 진저 스냅, XL",TJ's,17104,17104,4.0,2763.0,트리플 진저 스냅 쿠키,"Trader Joe's 트리플 진저 스냅, XL","['트리플', '진저', '스냅', '쿠키']"
식음료,스낵 및 디저트,쿠키,,B00IV6LUAO,Kinnikinnick KinniKritters 동물 쿠키 글루텐 프리 - 226.8g(8온스),Kinnikinnick,11689,11689,3.5,2.0,Kinnikinnick Foods는 고객에게 특별한 식이 요구 사항을 충족하기 위해 고품질 식품을 제공하기 위해 최선을 다하고 있습니다 Kinnikinnick,Kinnikinnick Foods는 고객에게 특별한 식이 요구 사항을 충족시키기 위해 고품질 식품을 제공하기 위해 최선을 다하고 있습니다. Kinnikinnick Foods는 1991년에 설립되었으며 글루텐 프리 훌륭한 음식을 제공하는 데 중점을 둡니다. 모든 제품은 품질과 순도에 대한 엄격한 헌신으로 만들어졌으며 글루텐 프리 및 너트 프리 전용 시설에서 생산됩니다. 그들은 당신이 그들의 제품을 즐기고 그들이 말하는 이유를 알기를 바랍니다... 글루텐 프리는 이렇게 좋은 맛을 본 적이 없습니다.,"['프리', '글루텐', '특별하다', '최선', '요구', '식품', '식이', '순도', '너트', '동물']"
식음료,스낵 및 디저트,쿠키,,B00K5R1N1S,Poppies Cookie Macrn Choc Drzl,Poppies,9805,9805,4.0,363.0,"원산지: 미국 성분: 설탕*, 코코넛, 포도당 시럽*, 계란 흰자, 디스트로스*, 감자 전분*, 식물성 지방 팜, 팜 커넬, 코코넛) 탈모 코코아 파우더, 안정화제 (소르비탄 트리스테아레이트), 유화제 (대두 레시틴*).' 제품 패키지 크기: 길이 15.8cm x 너비 7.1cm x 높이 6.4cm 제품 포장 무게: 0.3kg","코코넛, 계란, 콩이 포함되어 있습니다. 우유가 포함되어 있을 수 있습니다. GMO 프리, 글루텐 프리, 천연 성분, 촉촉하고 맛있습니다. 패키지 당 6개의 벨기에 대형 초콜릿 드리즐 마카롱. 유통 기한: 10개월 성분: 설탕, 코코넛, 포도당 시럽, 계란 흰자, 포도당, 감자 전분, 식물성 지방 (야자수 알갱이, 코코넛), 탈지된 코코아 파우더, 안정제 (소르비탄 트리스타레이트), 유화제 (콩 레시틴). 벨기에 제품 영양 팩트 1회 제공량 사이즈 1권 각 1회 제공량사이즈 무게 37G 패키지 당 6칼로리 지방에서 나오는 150칼로리 총 지방 8G - 12% 포화 지방 8G - 40% 트랜스 지방 0G 콜레스테롤 0mg 나트륨 10mg 총 탄수화물 19G - 6% 식이 섬유 4 식이섬유 G - 16% 설탕 17 G 단백질 1 G - 2% 비타민 A - 0% 비타민 C - 0% 칼슘 - 0% 철분 - 4%","['지방', '코코넛', '성분', '계란', '포도당', '화제', '패키지', '설탕', '전분', '안정']"
식음료,스낵 및 디저트,쿠키,,B018SRH25W,"Emmy's Organics 유기농 초콜릿 칩 코코넛 쿠키, 170g(6온스)",Emmy's Organics,16329,13836,4.3,531.0,USDA 유기농 글루텐 프리 비건 GMO 프리 쿠키 9개,풍부한 다크 초콜릿 한 조각으로 가득한 당사의 사랑받는 바닐라 빈 코코넛 쿠키입니다. 물릴 때마다 촉촉하고 쫄깃한 맛.,"['쿠키', '프리', '코코넛', '초콜릿', '유기농', '풍부하다', '촉촉하다', '쫄깃', '조각', '비건']"
식음료,스낵 및 디저트,쿠키,,B01KVJX60A,"Gamesa Emperador 초콜릿 샌드위치 크림 쿠키, 406.5g(14온스)",Gamesa,15165,10664,4.4,118.0,훌륭한 초콜릿 맛,"Gamesa Emperador 초콜릿 샌드위치 크림 쿠키, 406.5g(14.7온스)","['초콜릿', '크림', '쿠키', '샌드위치', '훌륭하다', '맛']"
식음료,스낵 및 디저트,쿠키,,B00M3QINOO,Pierre Biscuiterie 다크 초콜릿 코팅 프렌치 버터 쿠키 134.9g(4.8온스) 박스 (1팩),Pierre Biscuiterie,12091,12091,4.1,141.0,"프렌치 버터 쿠키 - 다크 초콜릿 맛으로 코팅: 다크 초콜릿으로 덮인 버터 쿠키는 섬세한 버터 쿠키 위에 고급스러운 55% 다크 초콜릿으로 만들어졌습니다. 트레이 팩: 팩 당 134.9g(4.5온스), 1팩. 각 팩에는 총 10개의 쿠키가 있습니다. 최고의 성분: 저희는 현지 프랑스 공급업체로부터 신중하게 공급되는 프리미엄 및 천연 재료로 만든 최고의 맛있는 쿠키를 제공하기 위해 매일 최선을 다하고 있습니다. 방부제, 인공 성분, 향료, 염료 또는 GMO가 첨가되지 않았습니다. 맛있게 드세요! 언제든지 간식: 모닝 커피, 애프터눈 티 또는 와인 한 잔과 함께 디저트를 즐기세요. 이 풍부한 유럽 쿠키는 하루 중 언제든지 즐겁습니다. 가족 및 친구들과 공유하기에 좋습니다! 우리의 이야기: 노르망디의 프랑스 시골에서 피에르는 19세기부터 쿠키를 만들어 왔습니다. Pierre Biscuiterie 는 여전히 가족 소유이며 단순함, 자연스러움 및 즐거움의 유산을 이어가고 있습니다.",다크 초콜릿 코팅 버터 쿠키는 섬세한 버터 쿠키 위에 고급스러운 55% 다크 초콜릿으로 만들어집니다.,"['쿠키', '초콜릿', '버터', '다크', '코팅', '성분', '섬세하다', '맛있다', '최고', '가족']"
식음료,스낵 및 디저트,쿠키,,B00GDG47QS,Pierre Biscuiterie 프렌치 버터 쿠키 레몬 & 아몬드 150g(5.3온스) 박스 (1팩),Pierre Biscuiterie,16315,16315,4.2,422.0,"프렌치 버터 쿠키 - 레몬 & 아몬드 맛: 프랑스에서 구운 레몬 아몬드 쿠키는 버터와 신선한 크림으로 만든 바삭하고 녹습니다. 톡 쏘는 레몬과 아몬드의 달콤함의 완벽한 조합은 감각적입니다. 신선함 유지: 팩당 150g, 1팩. 각 팩에는 각각 5개의 쿠키가 있는 4개의 포장 백이 있으며 총 20개의 쿠키가 있습니다. 최고의 성분: 저희는 현지 프랑스 공급 업체로부터 신중하게 공급되는 프리미엄 및 천연 재료로 만든 최고의 맛있는 쿠키를 제공하기 위해 매일 최선을 다하고 있습니다. 방부제, 인공 성분, 향료, 염료 또는 GMO가 첨가되지 않았습니다. 맛있게 즐기세요 언제든지 간식: 모닝 커피, 애프터눈 티 또는 디저트를 위해 와인 한 잔과 함께 즐기세요. 이 풍부한 유럽 쿠키는 하루 중 언제든지 즐길 수 있습니다. 가족 및 친구들과 공유하기에 좋습니다! 우리의 이야기: 노르망디의 프랑스 시골에서 피에르는 19세기부터 쿠키를 만들어 왔습니다. Pierre Biscuiterie는 여전히 가족 소유이며 단순함, 자연스러움 및 즐거움의 유산을 이어가고 있습니다.",버터와 신선한 크림으로 만든 레몬 아몬드 쿠키는 바삭하고 녹습니다. 탱지 레몬과 아몬드의 달콤함의 완벽한 조합은 감각적입니다.,"['쿠키', '아몬드', '레몬', '버터', '신선하다', '프랑스', '가족', '완벽하다', '성분', '조합']"
식음료,스낵 및 디저트,쿠키,,B07Z134TVJ,"Unna Bakery 버터 쿠키, 156.9g(5.5온스) (레몬 라임, 1)",Unna Bakery,13836,13836,3.7,215.0,어떤 음식에도 수소화 지방이나 고과당 옥수수 시럽이 허용되지 않습니다 표백 또는 브롬화 밀가루 없음 합성 질산염이나 아질산염 없음,,"['합성', '표백', '쿠키', '질산염', '지방', '음식', '옥수수', '아질산염', '시럽', '소화']"
식음료,스낵 및 디저트,쿠키,,B0066CUPFQ,Nonni's 다크 초콜릿 아몬드 비스코티 이탈리아 쿠키 - 다크 초콜릿 쿠키 - 비스코티 개별 포장 쿠키 - 달콤하고 달콤한 초콜릿 & 아몬드가 포함된 이탈리아 비스코티 쿠키 - 코셔 - 195g(6.7온스),Nonni's,12160,12160,4.5,1049.0,"Cholocate를 좋아하십니까? Nonni's 다크 초콜릿 아몬드 비스코티 이탈리아 쿠키는 완벽한 초콜릿 간식입니다. 초콜릿 쿠키 크런치와 함께 달콤하고 맛있는 초콜릿에 담그면 무시하기 어려운 초콜릿 갈망을 진정시키는 만족감을 좋아할 것입니다. 맛있는: 이탈리아 비스코티 쿠키는 좋아하는 음료나 간식으로 맛이 좋습니다. 커피, 차, 핫초콜릿, 우유 및 와인과 잘 어울립니다",Nonni's 비스코티는 이탈리아 루카의 작은 마을에서 진정한 이탈리아 전통에서 성장했습니다. 구불구불한 조약돌 차선과 클래식 광장 사이에서 Nonni(할머니를 위한 사랑스러운 용어)는 가족 및 친구들과 공유할 수 있도록 비스코티를 만들었습니다. Nonni는 거의 한 세기 전에 미국에 왔을 때 가족 레시피를 가져왔습니다. 오늘날에도 같은 가족 레시피가 비스코티에 섬세하고 달콤하며 가볍고 바삭한 질감을 제공하는 데 사용됩니다.,"['초콜릿', '스코티', '쿠키', '이탈리아', '달콤하다', '가족', '아몬드', '다크', '간식', '레시피']"
식음료,스낵 및 디저트,쿠키,,B0CH8W4G75,"YAFA Mamoul 쇼트브레드 쿠키, 14피스, 중동 날짜 충전, 할랄, 450g",YAFA,20705,20705,3.7,19.0,정통 중동의 즐거움: 당사의 마멀 쿠키는 오랜 전통의 레시피에 따라 전문적으로 만들어져 중동 요리의 본질을 포착하는 정통 맛과 질감을 보장합니다. 감미로운 날짜 채우기: 당사의 마멀 쿠키는 최고 품질의 날짜로 넉넉하게 채워져 달콤하고 견과류 맛의 즐거운 균형을 이루며 천연 캐러멜의 힌트를 더합니다. 정교한 장인 정신: 당사의 마멀 데이트 쿠키는 꼼꼼하게 모양을 잡고 손으로 압착하여 복잡한 패턴과 소박한 매력을 보여주어 전반적인 경험을 더합니다. 완벽한 공유: 각 상자에 450g이 들어 있는 터키 쿠키는 특별한 행사 또는 일상적인 간식으로 가족 및 친구들과 공유하기에 이상적입니다. 선물할 만한 포장: 우아한 상자에 담긴 프리미엄 쇼트브레드 쿠키는 사랑하는 사람을 위한 사려 깊은 선물이 되며 중동의 환대의 맛을 제공합니다.,"YAFA 날짜 쿠키와 함께 최고의 마멀을 제공합니다!/전통과 맛의 유쾌한 융합인 디럭스 월병 쿠키로 중동의 매혹적인 맛을 경험하십시오. 이 정교한 데이트 쿠키는 꼼꼼하게 수작업으로 제작되어 모든 입에 중동 요리의 본질을 구현합니다./당사의 크리스마스 쇼트브레드 쿠키는 진품에 대한 찬사로, 수 세대에 걸쳐 소중히 여겨온 오랜 레시피에 따라 만들어졌습니다. 각 쿠키는 맛있는 간식뿐만 아니라 식용 예술 작품을 제공하기 위해 세심하게 제작된 복잡한 패턴을 보여줍니다./이 마물 쿠키의 핵심은 달콤하고 견과류 및 캐러멜 노트가 완벽한 조화를 이루는 아름다운 데이트 필링에 있습니다. 우아한 상자에 담겨 제공되는 24피스 세트는 특별한 행사나 일상 생활에서 사랑하는 사람들과 공유하기에 적합합니다./디럭스 마멀 쇼트브레드 쿠키로 유행을 타지 않는 중동의 맛을 즐기세요. 오늘 주문하시고 전통과 장인 정신에 대한 진정한 증거인 이 수공예 기쁨을 맛보는 기쁨을 발견하십시오./중동을 문앞으로 가져오거나 이 문화적 보물을 소중한 사람과 공유하세요. 지금 데이트 마멀을 구입하고 다른 어떤 요리와도 비교할 수 없는 요리 여행을 경험하십시오.","['쿠키', '중동', '맛', '멀다', '요리', '날짜', '공유', '쇼트브레드', '데이트', '경험']"
식음료,스낵 및 디저트,쿠키,,B0C55P4Z11,"HighKey 바닐라 웨이퍼, 56.7g(2온스)",HIGHKEY,13780,13780,,,설탕 무첨가 글루텐 프리 케토,"바닐라 및 기타 천연 향료로 천연 맛. 순탄수화물 1g(순탄수화물 계산기: 총 탄수화물 (14g) 식이 섬유 (4g) - 에리스리톨 (9g) = 순탄수화물 (1g)) 1회 제공량당 글루텐 프리. 그레인 프리. 케토 친화적. 설탕이 첨가되지 않았습니다(저칼로리 식품이 아님). 설탕, 칼로리, 총 지방 및 포화 지방 함량에 대한 영양 정보를 참조하십시오. 당신은 너무 오랫동안 웨이퍼를 사용했습니다! 당사의 웨이퍼 쿠키는 바삭하고 얇으며 간식에 완벽한 미묘한 맛입니다. 글루텐 프리 서빙 당 1g의 순탄수화물(순탄수화물 계산기: 총 탄수화물(14g) 식이 섬유(4g) – 에리스리톨(9g) = 순탄수화물(1g)))만으로 게임에서 좋아하는 레시피를 푸딩합니다. Fomo No Mo. 설탕과 탄수화물 없이 좋아하는 음식의 High Key를 맛있는 버전으로 만듭니다. 맛이 너무 좋아서 아무것도 놓치지 않을 것입니다(다 떨어질 때까지). highkey.com. 페이스북. 인스타그램. Pinterest. 트위터. 밀봉하세요.","['탄수화물', '프리', '설탕', '맛', '글루텐', '웨이퍼', '천연', '에리스리톨', '식이', '바닐라']"
식음료,스낵 및 디저트,쿠키,,B074VGNP39,"Goya 딸기 웨이퍼 쿠키, 140g",Goya,7409,7409,3.4,179.0,"맛있는 고야 웨이퍼 | 라틴계 간식이나 맛있는 사막의 경우 GOYA 딸기 웨이퍼 외에는 더 이상 찾으실 필요가 없습니다. 아이스크림 한 그릇을 위한 머스트 해브 사이드 킥 역할을 하든 단독으로 비행하든 Goya의 스트로베리 웨이퍼 쿠키는 완벽한 간식입니다. 정품 고야 | Goya의 딸기 웨이퍼 쿠키는 완벽한 간식입니다. 딸기 크림과 함께 끼워 넣은 가볍고 벗겨지는 바닐라 웨이퍼 쿠키의 완벽한 조화를 이룹니다. 시간이 흘러도 변치 않는 클래식함을 식료품 목록에 추가하십시오! 다용도 | 가볍고 벗겨지는 바닐라 웨이퍼 쿠키가 딸기 크림과 함께 끼워져 있습니다. 유행을 타지 않는 클래식함을 식료품 목록에 추가하십시오! GOYA 딸기 웨이퍼는 가볍고 빳빳한 웨이퍼 쿠키로 화려한 딸기 크림 맛으로 채워져 있습니다. 디저트, 런치 박스 및 스낵에 적합합니다. 프리미엄 품질 | 고야라면... 좋은 제품이어야 합니다! | ¡Si es Goya... tiene que ser bueno! 140 g 팩 | 아마존 프레시, 아마존 리테일 및 프라임 팬트리에서 Goya의 놀라운 다양한 웨이퍼를 발견하세요","Goya 딸기 웨이퍼, 140g | 라티노 간식이나 맛있는 사막의 경우 GOYA 딸기 웨이퍼 외에는 더 이상 찾으실 필요가 없습니다. 아이스크림 한 그릇을 위한 머스트 해브 사이드 킥 역할을 하든 단독으로 비행하든 Goya의 스트로베리 웨이퍼 쿠키는 완벽한 간식입니다. 딸기 크림과 함께 끼워 넣은 가볍고 벗겨지는 바닐라 웨이퍼 쿠키의 완벽한 조화를 이룹니다. 시간이 흘러도 변치 않는 클래식함을 식료품 목록에 추가하십시오! GOYA 딸기 웨이퍼는 가볍고 빳빳한 웨이퍼 쿠키로 화려한 딸기 크림 맛으로 채워져 있습니다. 디저트, 런치 박스 및 스낵에 적합합니다. 만약 고야라라면... 좋을 거에요!","['웨이퍼', '딸기', '쿠키', '완벽하다', '크림', '가볍다', '간식', '목록', '식료품', '맛있다']"
식음료,스낵 및 디저트,쿠키,,B00J9BDS82,"Lenny & Larry's The Complete Cookie 오트밀 건포도, 113.4g(4온스)",Lenny & Larry's,10941,10941,3.4,39.0,쿠키는 비건 제품이며 천연 성분이며 단백질과 섬유질이 풍부합니다 최고 품질의 제품,쿠키는 비건 제품이며 모두 천연이며 단백질과 섬유질이 풍부합니다. 유제품이나 동물성 제품이 포함되어 있지 않습니다. 이 제품은 미국에서 제조됩니다. .,"['풍부하다', '쿠키', '천연', '섬유질', '비건', '단백질', '최고', '제조', '유제품', '오트밀']"
식음료,스낵 및 디저트,쿠키,,B0CDP282VN,"Tates Cookies|Famous Amos 초콜릿 칩 쿠키 | 딸기 쿠키 | 동물 크래커 | 크래커 개별 가방 | 쿠키 버라이어티 팩 - 허니 메이드 - 치즈 잇 - 금붕어 - 그레이엄 크래커 | Stauffers 오리지널 쿠키 개별 포장, 고과당 옥수수 시럽 없음 | 595.3g(21온스) BETRULIGHT 밸류 박스",BETRULIGHT,39361,39361,4.0,37.0,595.3g(21온스) 박스 오브 테이트 베이크 샵 타이니 초콜릿 칩 쿠키 한입 크기의 클래식 초콜릿 칩 쿠키는 버터 맛이 좋고 맛있습니다 Tates 초콜릿 칩 쿠키는 다른 얇고 바삭한 초콜릿 쿠키와 달리 독특하고 얇은 쿠키입니다 한 입 크기의 구운 쿠키는 바삭한 질감을 가지고 있습니다 파티를 위해 쿠키 트레이에 대용량 코셔 쿠키를 추가하세요,"Tates Cookies|Famous Amos 초콜릿 칩 쿠키 | 딸기 쿠키 | 동물 크래커 | 크래커 개별 가방 |쿠키 버라이어티 팩 - 허니 메이드 - 치즈 잇 - 금붕어 - 그레이엄 크래커 | Stauffers 오리지널 쿠키 개별 포장, 고과당 옥수수 시럽 없음 | 595.3g(21온스) BETRULIGHT 밸류 박스 초콜릿 칩 쿠키에 대해 뭔가가 있습니다. 의 하나 중 하나 시장에서 가장 많이 요청된 쿠키. Tates Bake Shop 초콜릿 칩 쿠키는 쉽게 열 수 있는 패키지로 즐기는 것과 동일한 수제 맛을 제공합니다. Tates Bake Shop 초콜릿 칩 쿠키의 영양 성분은 무엇입니까? Tates Bake Shop 초콜릿 칩 쿠키의 각 서빙에는 두 개의 쿠키가 있습니다. 단일 상자에는 21인분이 들어 있습니다. 쿠키 2개마다 7g의 지방이 포함된 140칼로리가 있습니다. 콜레스테롤 25mg과 나트륨 150mg을 함유하고 있습니다. 단백질 2g과 일일 비타민 A 섭취량의 4%, 철분 6%가 함유되어 있습니다. 1회 제공량당 12g의 설탕이 있습니다. Tates 초콜릿 칩 쿠키에 알레르기 문제가 있습니까? 안타깝게도 체강 질병, 유제품 및 계란 알레르기가 있는 분들에게는 Tates Bake Shop Cookies가 적합하지 않습니다. Tates는 글루텐 프리 제품을 만듭니다. 그러나 이것은 그들이 아닙니다. 이 초콜릿 칩 쿠키는 밀, 우유 및 계란으로 만들어집니다. 또한 땅콩, 호두 및 아몬드를 가공하는 시설에서 제조됩니다. 이 부드러운 초콜릿 칩 쿠키는 바삭합니까? Tates Bake Shop 초콜릿 칩 쿠키는 부드럽고 촉촉하며 집에서 기대할 수 있는 버터 맛이 납니다. 이 쉬운 초콜릿 칩 쿠키는 땀을 흘리게 만들지 않지만, 원하는 수제 맛으로 당신을 속이지 않습니다. 초콜릿 쿠키는 어떻게 포장되나요? 전통적인 박스 쿠키에 익숙하다면 쿠키 행이 있는 플라스틱 용기를 볼 수 있습니다. 이러한 방식으로 포장된 쿠키를 먹는 데 아무런 해가 없지만 때때로 끝내기 전에 쿠키가 오래될 수 있습니다. Tates Bake Shop underst","['쿠키', '초콜릿', '크래커', '포장', '박스', '맛']"
식음료,스낵 및 디저트,쿠키,,B08HPX96KM,"Keebler Chips Deluxe 쿠키 코코넛 온스, 초콜릿, 320.3g (12온스)",Keebler,20775,20775,4.6,439.0,"바삭하고 달콤하며 저항하기 어렵습니다. 무지개 색상의 M&M'S 초콜릿 캔디와 엘핀 마법으로 제작되어 만족스러운 물림을 선사합니다 초콜릿 칩과 M&M'S 초콜릿 캔디로 채워진 매우 두꺼운 쿠키; 학교, 사무실 및 게임 시간에 달콤한 간식에 적합합니다. 모든 입에 초콜릿이 있습니다 모든 종류의 초콜릿 칩 쿠키 애호가들을 기쁘게 할 클래식한 조합입니다. 학교용 도시락에 몇 개 포장하거나 직장에서 트레이를 보관하거나 이동 중에도 간식을 위해 토트백에 쿠키를 휴대하세요 언제나 기분 좋은 디저트 간식. 얼음처럼 차가운 우유 한 잔을 즐기세요 편리하고 바로 먹을 수 있는 쿠키는 320.3g(12온스) 트레이에 포장되어 신선함과 훌륭한 맛을 제공합니다","무지개 M&M'S 초콜릿 캔디가 있는 Keebler 칩 디럭스 쿠키로 간식 루틴에 반짝임을 더하세요. 이 바삭하고 부서지기 쉬운 쿠키는 맛있는 M&M'S 초콜릿 캔디와 엘핀 마법으로 강화되어 간식을 먹을 때 완벽한 수준의 달콤함을 선사합니다. 어려운 날이 언제 달콤한 간식을 요구할지 알 수 없습니다. 통근하는 동안 이동 중에도 간식을 공격할 수 있도록 토트백에 몇 개의 쿠키를 가지고 다니거나 자동차 여행을 위해 차에 트레이를 가져오거나 집에서 편안하게 먹으세요. 아이들의 도시락에 몇 개를 추가하여 달콤한 서프라이즈를 즐기거나, 직장에서 일부를 보관하거나 동료와 공유하거나 모든 것을 자신에게 보관하십시오 - 우리는 판단하지 않습니다! 좋아하는 스낵이 멀리 떨어져 있다면, 맛있는 칩 트레이를 추가하여 패키지 또는 선물 상자를 관리하는 것이 좋습니다. 이 쿠키는 일 년 내내 게임 밤, 생일 및 기타 모임을 위한 파티 스프레드의 일부로 집에서 바로 사용할 수 있습니다. Keebler Chips Deluxe 쿠키의 바삭하고 바삭하며 달콤한 만족을 즐기기 위해 잠시 시간을 내십시오.","['쿠키', '초콜릿', '간식', '달콤하다', '바삭', '캔디', '보관', '트레']"
식음료,스낵 및 디저트,쿠키,,B09QBDTP74,David's Cookies 모두를 위한 이상적인 발렌타인 데이 선물 - 바삭한 피칸과 가루 설탕이 함유된 473.2ml(16온스) 버터 피칸 멜타웨이 쿠키 - 프리미엄 신선한 재료 - 사랑스러운 틴 박스 포함,David's COOKIES,41120,41120,4.3,322.0,"적절한 선물 아이디어: 발렌타인 데이가 모퉁이를 돌면 가장 까다로운 사람도 만족시킬 버터 피칸 멜타웨이 셀렉션인 David's Gourmet Cookies로 사랑을 전하고 사랑하는 사람을 놀라게 하세요! 최고 품질의 재료: 이 고급 베이커리 쿠키는 프리미엄 품질의 천연 및 안전한 재료, 바삭한 피칸과 순수한 크리미한 버터의 조합으로 만들어졌으며 가루 설탕을 뿌려 방부제가 없으며 코셔 인증을 받았습니다! 즐거운 경험: 첫 입맛 후에도 오랫동안 입맛에 머무르는 풍부하고 놀라운 맛과 달콤한 치아를 만족시키는 바삭한 입안에서 녹는 질감으로 이 쿠키 통은 애프터눈 티 또는 모닝 커피와 잘 어울려 이 특별한 날을 위한 사랑스러운 오후 간식으로 축하합니다! 신선하게 유지: 당사의 고급 쿠키는 선물 준비가 된 아름다운 틴 박스에 담겨 배송됩니다. 당사는 각 쿠키를 신선하게 유지하고 불필요한 직접 취급없이 손에 그대로 도착하도록 합니다. 사랑스러운 선물: 사랑하는 사람을 위해 David's Cookies Butter Pecan Meltaways 박스를 주문하면 그가 감사하는 제스처로 좋아할 것이라고 확신할 수 있습니다! 모든 쿠키가 끝난 후 사랑스러운 장식 상자를 보관하십시오. 멋진 알림이나 다양한 품목을 위한 독특한 도구 상자로 보관하세요!",,"['쿠키', '피칸', '선물', '사랑스럽다', '바삭', '사랑', '사람', '재료', '버터', '박스']"
식음료,스낵 및 디저트,쿠키,,B08XNN9CRY,"Matt's Bakery | 오트밀 건포도 쿠키 | 부드럽게 구운, GMO 프리, 천연 성분, 쿠키 싱글 팩 (297.7g(10.5온스)",Matt's Bakery,11066,11066,3.9,740.0,"부드럽고 시나모니 & 홀썸 - 아메리칸 클래식에 대한 당사의 해석은 달콤하고 통통한 캘리포니아 건포도와 두 가지 유형의 귀리가 포함되어 복잡하고 맛있는 쿠키 질감을 만듭니다. 저희는 여러분이 이 편안한 쿠키를 저희만큼 사랑하게 될 것입니다. 진짜 재료 - 집에서 찾을 수 있는 것과 같은 천연 재료로 시작합니다. 저희는 처터 진짜 재료를 사용해 왔습니다. 다음으로, 30년 이상 완벽하게 부드러운 질감을 전달한 오븐에서 쿠키를 조심스럽게 굽습니다. 기본으로 돌아가기 - 1979년부터 당사의 사명은 항상 최고의 맛의 쿠키를 만드는 것입니다. 그렇기 때문에 저희는 큰 사람들과는 조금 다른 일을 합니다. GMO 프리 및 코셔 Pas Yisroel은 여러분과 마찬가지로 우리 몸에 무엇을 넣는지 신경을 씁니다. 차이를 맛보세요 - 성분 목록을 읽으면 모든 것을 발음할 수 있습니다. 당사의 재료와 큰 재료를 비교하면 큰 차이를 볼 수 있습니다. 하지만 쿠키 옆에 있는 쿠키를 맛보면 그 차이가 맛있게 분명해질 것입니다. Matt의 쿠키는 자연스럽게 맛이 좋습니다. 가정과 마음에서 - 모든 쿠키는 일리노이주 휠링에서 매일 소량으로 구워져 인공적인 것이 없다는 약속을 보장합니다. 공장 바닥이나 컨베이어 벨트가 없으며, 집에서 여러분의 집으로 달콤한 간식만 있으면 됩니다.",,"['쿠키', '재료', '부드럽다', '집', '차이', '진짜', '천연', '맛있다', '맛', '질감']"
식음료,스낵 및 디저트,쿠키,,B0BTWHB5S2,"David's Cookies Happy Birthday 쿠키 버킷, 얇고 바삭한 쿠키와 버터 피칸 멜타웨이 간식 - 고급 쿠키 선물 바구니 - 모두를 위한 이상적인 생일 선물",David's COOKIES,51577,51577,4.5,2.0,"당신이 얼마나 신경 쓰는지 보여주는 선물로 누군가의 특별한 생일을 축하하세요! David's Cookies 생일 축하 쿠키 선물 바구니를 선물하며, 달콤한 치아를 가진 모든 사람에게 훌륭한 선물입니다 각 버터 피칸 멜타웨이와 얇고 바삭한 쿠키는 신선함을 더하기 위해 개별적으로 포장되어 있습니다. 바삭한 견과류로 만든 신중하게 수제 간식으로 가루 설탕을 뿌려 오래 지속되는 인상을 남길 수 있는 맛있는 간식을 만듭니다. 이 생일 축하 선물 바구니는 달콤한 이빨을 가진 모든 사람에게 사려 깊고 이상적이며 사려 깊은 선물이며 얼굴에 미소를 짓게 할 것입니다. 친구, 가족 또는 동료를 위한 선물을 찾고 계신다면, 이 바구니는 훌륭한 선택입니다. 그렇다면 왜 기다려야 할까요? 오늘 David's Cookies 맛을 특별한 사람에게 선물하세요! 지루한 생일 선물에 만족하지 마세요. 이 맛있는 달콤한 간식 바구니로 사랑하는 사람에게 얼마나 신경 쓰는지 보여주세요. 생일 축하 쿠키 선물 바구니를 주문하고 기억에 남는 생일을 만들어보세요!",,"['선물', '생일', '쿠키', '바구니', '간식', '축하', '사람', '달콤하다', '바삭', '신경']"
식음료,스낵 및 디저트,쿠키,,B00R2O4YJU,"OREO 레몬 크림 샌드위치 쿠키, 432.3g(15.5온스)",Oreo,19376,19376,4.5,2179.0,Oreo 레몬 크림 샌드위치 쿠키 432.3g(15.5온스) 팩 1개 맛있는 레몬 맛 크림으로 채워진 골든 바닐라 쿠키 레몬 크림 쿠키는 매우 덩크할 수 있고 훌륭한 도시락 간식입니다 스낵 쿠키는 공유하고 즐기기에 좋습니다 재밀봉 가능한 팩은 달콤한 간식을 신선하게 유지하는 데 도움이 됩니다,"미국에서 가장 좋아하는 샌드위치 쿠키인 시트러스 트위스트인 Oreo 레몬 크림 샌드위치 쿠키로 맛있는 휴식을 취하세요. 매우 덩크할 수 있는 레몬 맛 크림과 얇고 바삭한 바닐라 웨이퍼 쿠키는 레몬 샌드위치 쿠키에 트위스트를 더해 우유가 가장 좋아하는 쿠키입니다. Oreo 레몬 맛 크림 쿠키는 파티에서 서빙하거나 학교 점심 시간에 포장하거나 좋아하는 디저트 레시피에 섞기에 적합합니다. 쉽게 당길 수 있는 탭이 있는 재밀봉 가능한 패키지는 레몬 쿠키를 신선하게 유지하고 간식, 공유 또는 여행에 적합합니다.","['쿠키', '레몬', '크림', '샌드위치', '간식', '맛', '유지', '공유', '덩크', '맛있다']"
식음료,스낵 및 디저트,쿠키,,B003A9Q7E6,"Pirouline 롤 웨이퍼 - 다크 초콜릿 - 롤 웨이퍼 스틱, 크림 충전 웨이퍼, 커피, 차, 아이스크림, 간식, 파티, 선물, 생일용 롤 쿠키 - 92.1g(3.25온스) 카톤 12팩",Pirouline,47076,47076,4.3,2667.0,"특허받은 시그니처 소용돌이 - Pirouline 롤 웨이퍼에서만 찾을 수 있습니다. 바로 여기 미국에서 매일 신선하게 구운 오리지널 Pirouline 롤 웨이퍼를 즐기고 있다는 확신을 가질 수 있습니다 미국에서 베이킹 - 이 맛있는 간식이 사랑과 정성을 담아 집에서 구워졌다는 달콤한 만족으로 Pirouline 쿠키를 즐기세요. 경험 - 모든 사람을 위한 Pirouline 쿠키의 맛의 세계! 공유하거나 솔로 간식으로 즐기기에 완벽한 이 웨이퍼는 맛있는 모험이 기다리고 있습니다. 완벽한 간식 - 커피, 차 또는 우유에 담그든 이 간식은 풍미를 더합니다. 저녁 식사 후 간식, 오후 간식 등에 완벽합니다! 신선함 - Pirouline 롤 웨이퍼로 간식을 신선하게 유지하세요. 각 틴은 재사용이 가능하여 언제든지 간식을 먹을 수 있도록 웨이퍼를 바삭하게 유지합니다. 이동 중에도 휴대하기에 완벽합니다!",,"['간식', '웨이퍼', '롤', '완벽하다', '신선하다', '쿠키', '맛있다', '차', '미국', '유지']"
식음료,스낵 및 디저트,쿠키,,B0B29G493H,David's Cookies 아버지의 날 쿠키 - 0.5kg(1파운드) 갓 구운 모듬 쿠키 선물 틴 케이스 - 다양한 맛의 맛있는 전통 레시피 - 남편 남성 아빠를 위한 고급 쿠키 음식 선물 바구니,David's COOKIES,45635,45635,4.3,113.0,"프리미엄 품질 성분: 이 쿠키 선물 바구니는 맛있는 간식의 진정한 보물입니다! 최고 품질의 재료만을 사용하기 위해 세심한 주의를 기울여 설탕, 계란, 버터를 사용하여 쿠키가 수제 맛을 낼 수 있도록 합니다. 코셔 인증 갓 구운 쿠키! 이 고급 쿠키의 가장 매력적인 점은 현재 코셔 식단을 사용하는 사람들에게 적합하다는 것입니다. 이제 재료를 걱정하지 않고 속을 먹을 수 있습니다! 다양한 맛있는 맛: 초콜릿 청크, 오트밀 건포도, 땅콩 버터 칩 맛의 고급 간식을 한 입 먹으면 풍부한 맛에 즐겁게 놀랄 것입니다! 밝은 색상과 창의적인 포장! 이 다양한 쿠키 틴은 사랑스러운 녹색과 빨간색 색상 팔레트와 골프 클럽이 특징인 눈길을 끄는 미니멀리스트 기하학적 디자인이 혼합되어 있습니다. 한 번 봐도 사랑에 빠질 것입니다! 완벽한 아버지의 날 선물! 아버지의 특별한 날을 더욱 재미있게 만들어 보세요! 이 선물 바구니는 고급 브라우니와 쿠키로 가득 차 있어 아빠의 입맛을 즐겁게 할 것입니다!",,"['쿠키', '맛', '선물', '고급', '맛있다', '바구니', '아버지', '아빠', '버터', '즐겁다']"
식음료,스낵 및 디저트,쿠키,,B01B632Z3Y,"Loacker Quadratini 헤이즐넛 웨이퍼 쿠키, 250g(8.8온스)",Loacker Quadratini,15802,13836,4.6,580.0,코셔 인증 헤이즐넛 맛,"Loacker Quadratini 헤이즐넛, 249.5g(8.8온스)","['헤이즐넛', '쿠키', '인증', '웨이퍼', '맛']"
식음료,스낵 및 디저트,쿠키,,B01N56W8RX,"Goya 초콜릿 웨이퍼 쿠키, 140g",Goya,11495,11495,3.8,67.0,"맛있는 고야 웨이퍼 | 라틴계 간식이나 맛있는 사막의 경우 GOYA 초콜릿 웨이퍼 외에는 더 이상 찾으실 필요가 없습니다. 아이스크림 한 그릇을 위한 머스트 해브 사이드 킥 역할을 하든 혼자 비행하든 Goya의 초콜릿 웨이퍼 쿠키는 완벽한 간식입니다. 정품 고야 | Goya의 초콜릿 웨이퍼 쿠키는 완벽한 간식입니다. 가볍고 벗겨지는 바닐라 웨이퍼 쿠키가 초콜릿 크림과 함께 끼워져 있습니다. 시간이 흘러도 변치 않는 클래식함을 식료품 목록에 추가하세요! 다용도 | 가볍고 벗겨지는 바닐라 웨이퍼 쿠키가 초콜릿 크림과 함께 끼워져 있습니다. 유행을 타지 않는 클래식함을 식료품 목록에 추가하십시오! GOYA 초콜릿 웨이퍼는 화려한 초콜릿 크림 맛으로 채워진 가볍고 선명한 웨이퍼 쿠키입니다. 디저트, 런치 박스 및 스낵에 적합합니다. 프리미엄 품질 | 고야라면... 좋은 제품이어야 합니다! | ¡Si es Goya... tiene que ser bueno! 140 g 팩 | 아마존 프레시, 아마존 리테일 및 프라임 팬트리에서 Goya의 놀라운 다양한 웨이퍼를 발견하세요","Goya 초콜릿 웨이퍼, 140g(5온스) | 라티노 스낵이나 맛있는 사막의 경우 GOYA 초콜릿 웨이퍼보다 더 이상 찾으실 필요가 없습니다. 아이스크림 한 그릇을 위한 머스트 해브 사이드 킥 역할을 하든 혼자 비행하든 Goya의 초콜릿 웨이퍼 쿠키는 완벽한 간식입니다. 가볍고 벗겨지는 바닐라 웨이퍼 쿠키가 초콜릿 크림과 함께 끼워져 있습니다. 시간이 흘러도 변치 않는 클래식함을 식료품 목록에 추가하세요! GOYA 초콜릿 웨이퍼는 화려한 초콜릿 크림 맛으로 채워진 가볍고 선명한 웨이퍼 쿠키입니다. 디저트, 런치 박스 및 스낵에 적합합니다. 만약 고야라라면... 좋을 거에요!","['웨이퍼', '초콜릿', '쿠키', '가볍다', '크림', '간식', '맛있다', '목록', '바닐라', '식료품']"
식음료,스낵 및 디저트,초콜릿,,B07N9LG5CX,"HERSHEY'S Miniatures 다양한 초콜릿 캔디 바, 개별 포장, 1kg(38온스) 벌크 파티 팩",HERSHEY'S,18337,18337,4.7,22316.0,"HERSHEY'S 미니어처 모듬 초콜릿 캔디 바 10.2g(30온스) 벌크 파티 팩 1개 포함 간식 서랍을 채우세요. 캔디 접시와 도시락에 다양한 초콜릿 캔디를 넣어 어떤 계절에도 달콤함을 선사합니다 코셔 인증, 대량 우유와 다크 초콜릿 바는 개별 포장되어 보관과 신선함이 오래 지속됩니다 일 년 내내 생일 파티 및 기념일 날짜를 위한 완벽한 캔디 간식 믹스를 만나보세요 부드러운 밀크 초콜릿의 맛있는 모음, 땅콩이 들어간 밀크 초콜릿, 발렌타인 데이에 완벽한 바삭한 쌀과 세미 스위트 다크 초콜릿이 들어간 밀크 초콜릿, 크리스마스, 부활절 및 할로윈 캔디 셀렉션","허쉬 미니어처 모음에는 모두를 위한 무언가가 있습니다. 허쉬 밀크 초콜릿 바, 허쉬 스페셜 다크 마일드 스위트 초콜릿 바, 바삭한 쌀이 들어간 KRACKEL 초콜릿 캔디, 땅콩이 들어간 GOODBAR 초콜릿 캔디를 포함한 좋아하는 HERSHEY'S 초콜릿 바의 미니어처 버전을 하나의 스위트 백에 찾아보세요. 일 년 내내 신선함과 편리함을 위해 개별적으로 포장된 맛있는 캔디 클래식을 즐기세요. 도시락, 영화의 밤, 게임 나이트, 간식 휴식, 가정과 사무실에서 순간과 캔디 접시를 공유하기에 완벽한 이 밀크 및 다크 초콜릿 미니어처는 간식을 재미있고 간단하게 유지합니다. 부활절, 발렌타인 데이, 할로윈, 크리스마스 또는 넉넉한 기분에 좋아하는 사람들에게 다양한 초콜릿을 선물하세요. 이 간식을 한 단계 더 추가하고 싶으신가요? HERSHEY'S 미니어처 초콜릿 바를 최고의 구운 제품 위에 놓아 요리 천재성으로 군중을 기쁘게 하세요!","['초콜릿', '캔디', '밀크', '미니어처', '간식', '다크', '완벽하다', '포장', '파티', '허쉬']"
식음료,스낵 및 디저트,초콜릿,,B07N9MNF6H,"HERSHEY'S KISSES 밀크 초콜릿, 부활절 캔디 파티 팩, 1kg(37온스)",HERSHEY'S,16606,16606,4.8,18667.0,"HERSHEY'S KISSES 밀크 초콜릿 캔디 1014.9g(38온스) 벌크 파티 팩 1개가 포함되어 있습니다 캔디 접시, 스낵 서랍 및 도시락을 밀크 초콜릿 HERSHEY'S KISSES 간식으로 사계절 내내 채워 이동 중에도 맛있는 간식을 만들 수 있습니다 코셔 인증, 글루텐 프리, 벌크 초콜릿 캔디는 신선함과 편리함을 위해 개별적으로 포장되어 있습니다 HERSHEY'S KISSES 밀크 초콜릿 캔디로 파티 선물, 기념일 선물 및 생일 캔디 백을 보관하세요 부활절 바구니와 달걀 찾기를 크리미한 밀크 초콜릿 HERSHEY'S KISSES 간식으로 채워 모든 사람들이 휴일에 흥분하게 만드는 맛있는 계절 서프라이즈를 선사합니다",온 가족이 간식 선택에 만족하는지 확인해야 하나요? 직원들이 실제로 즐기는 정오 간식을 제공하고 싶으신가요? 어떤 경우이든 HERSHEY'S KISSES 캔디가 여러분을 보호해 드립니다. 이 밀크 초콜릿 클래식은 하루 종일 완벽한 크리미한 간식을 만듭니다. 새로운 디저트 레시피나 좋아하는 쿠키와 케이크 간식 위에 올려 사랑하는 사람들이 놓치고 싶지 않은 행복을 더해보세요.,"['초콜릿', '간식', '캔디', '밀크', '파티', '크리미', '사람', '부활절', '맛있다', '선물']"
식음료,스낵 및 디저트,초콜릿,,B07N9M1MF9,"YORK 다크 초콜릿 페퍼민트 , 캔디 파티 팩, 997.9g(35.5온스)",YORK,18337,18337,4.7,17464.0,"YORK 다크 초콜릿 페퍼민트 캔디 997.9g(35온스) 벌크 파티 팩 1개가 포함되어 있습니다 영화 마라톤, 간식 휴식 및 디저트를 위한 민트와 풍부한 다크 초콜릿 페퍼민트 캔디 간식 코셔 인증, 글루텐 프리 다크 초콜릿으로 덮인 YORK 페퍼민트 는 70% 적은 지방으로 개별 포장되어 매점 및 모금 행사를 위해 벌크 캔디 백에 포장됩니다 YORK 캔디를 사용하여 생일 및 은퇴 파티 디저트 테이블 또는 브라이덜 및 베이비 샤워 캔디 접시를 채우세요 풍부한 다크 초콜릿으로 코팅된 시원한 페퍼민트로 부활절, 크리스마스, 발렌타인 데이 또는 할로윈 사탕으로 입맛을 상쾌하게 합니다","다른 주요 초콜릿 캔디 브랜드보다 지방이 70% 적은 YORK 다크 초콜릿으로 덮인 페퍼민트 패티 캔디로 진정하세요! 작지만 강력한 사탕은 민트 킥으로 미각에 활력을 불어넣고 풍부한 다크 초콜릿과 결합하여 하루 종일 흥분을 느끼게 합니다. 모든 사람이 조각을 가질 수 있도록 가방을 직장에 가져가세요. 이 벌크 파티 팩은 영화 마라톤, 생일 파티, 직장 축하 및 가족 모임과 같은 특별한 행사에 적합합니다. 누구나 이 파티 팩으로 YORK 페퍼민트 패티 간식을 직접 손에 넣을 수 있습니다.","['초콜릿', '캔디', '다크', '페퍼민트', '파티', '간식', '풍부하다', '디저트', '직장', '민트']"
식음료,스낵 및 디저트,초콜릿,,B07N9M672V,"REESE'S Miniatures 밀크 초콜릿 땅콩 버터 컵, 캔디 파티 팩, 1009.2g(32온스)",Reese's,18337,18337,4.7,26676.0,"REESE'S Miniatures 밀크 초콜릿 땅콩 버터 컵 캔디 1009.2g(32온스) 벌크 파티 팩 1개가 포함되어 있습니다 도로 여행, 친구 모임 및 집에서 가족과 함께 밤에 부드러운 땅콩 버터와 풍부한 밀크 초콜릿 간식을 즐기세요 코셔, 글루텐 프리 및 개별 포장된 REESE'S 미니어처 밀크 초콜릿 땅콩 버터 컵은 모든 사람과 공유할 수 있을 만큼 큰 대용량 캔디 백에 담겨 있습니다 REESE'S 캔디를 사용하여 생일 선물 가방, 학교 도시락 또는 브라이덜 및 베이비 샤워 캔디 접시를 채우세요 완벽한 크리스마스, 발렌타인 데이, 부활절 또는 할로윈 캔디가 필요할 때 미니어처 크기로 줄어든 밀크 초콜릿과 땅콩 버터의 유행을 타지 않는 맛을 느껴보세요","작은 사이즈로 당신을 속이지 마세요. REESE'S Miniatures 밀크 초콜릿 땅콩 버터 컵 캔디는 초콜릿과 땅콩 버터 맛에 아주 좋습니다. 개별적으로 포장되어 한 입 크기로 완벽하게 터질 수 있는 REESE'S Miniatures 캔디는 언제든지 맛있게 먹을 수 있습니다. 또한, 이 파티 팩은 모임 중에 모든 친구와 가족을 위한 충분한 공간을 제공합니다. 로드 트립 모험을 시작하거나 사무실에서 정오 픽업을 즐길 때 이 가방 태그를 가지고 다닐 수도 있습니다. 밀크 초콜릿 땅콩 버터의 즐거움을 풀고 즐기기만 하면 됩니다.","['초콜릿', '버터', '땅콩', '캔디', '밀크', '컵', '파티']"
식음료,스낵 및 디저트,초콜릿,,B086LHQHLT,"HERSHEY 초콜릿 바, 밀크 초콜릿 캔디 바",HERSHEY'S,32201,32201,4.3,5176.0,"간식, 제빵 및 나눠먹기에 좋습니다. 간단히 포장을 벗겨서 즐기거나 파티 경품으로 사용하세요. 구운 아몬드가 들어간 밀크 초콜릿. 글루텐 프리 및 코셔 초콜릿 바.","Made from the deliciously creamy milk chocolate you know and love, these HERSHEY'S milk chocolate bars are a timeless classic that's been enjoyed for decades. Whether you enjoy this delightful candy bar alone or shared with loved ones, you can count on this sweet treat to put a smile on any face. This bulk box of full size candy bars is the perfect treat for countless special occasions and all of the ordinary moments in between. HERSHEY'S milk chocolate candy bars can be used to stuff festive Christmas stockings, Halloween trick-or-treat bags, springtime Easter baskets and Valentine's Day party favors. Or, use these bars to create delicious s'mores for everyone you love.","['초콜릿', '밀크', '프리', '포장', '파티', '캔디', '제빵', '운', '아몬드', '바간']"
식음료,스낵 및 디저트,초콜릿,,B00B42NQC2,"SNICKERS, TWIX, 3 MUSKETEERS & MILKY WAY 풀 사이즈 할로윈 초콜릿 캔디 바 버라이어티 믹스",Mars,27270,23531,4.7,31172.0,"이 풀 사이즈 초콜릿 바는 나누기에 충분하며 오후의 초콜릿 트리트먼트로 사용할 수 있습니다. MarS Chocolate Bars의 다양한 상자로 사무실 영웅이 되세요. MARS Chocolate 브랜드의 65카운트 초콜릿 바 종류로, 이 상자는 친구, 가족 및 파티 손님을 기쁘게 할 것입니다. MARS 초콜릿 캔디 바는 영화관, 선물 바구니와 스타킹 스터퍼에 적합합니다.","This variety pack features 18 full-sized candy bars, including SNICKERS Chocolate Bars, TWIX Caramel and Chocolate Bars, MILKY WAY Candy Bars and 3 MUSKETEERS Chocolate Bars. This assorted chocolate box is fun for any holiday party, from Christmas to Halloween, and everything in between. Make sure you're the hero house on Halloween night or the favorite party guest.","['초콜릿', '캔디', '상자', '풀', '할로윈', '스타킹', '기쁘다', '나누기', '믹스', '바구니']"
식음료,스낵 및 디저트,초콜릿,,B000IXUK8G,"Reese 땅콩 버터 컵 초콜릿 벌크 캔디, 쿨 팩과 함께 배송, 42.5g(1.5온스) 패키지(36개 팩)",Reese's,51951,51951,4.4,11506.0,"REESE'S 땅콩 버터 컵 패키지 36개 포함 (패키지 당 42.5g) 간식, 맛보기, 독특한 간식을 베이킹하기에 좋습니다. 가족 및 친구들과 공유할 수 있도록 두 개의 팩으로 제작되었습니다. 할로윈 캔디에 비축하고 파티 그릇에 장식하세요. 벌크 박스는 사무실과 식료품 저장실에 보관하기에 좋습니다.","Name a more iconic duo. Everyone will wait... You can't beat this old fashioned, match made in heaven when it comes to creamy milk chocolate combined with delicious peanut butter. Get ready to taste perfection! REESE'S milk chocolate peanut butter cups are ready to be your go-to snack. Bring this bulk box along to the next sporting event as a concession treat, as movie marathon snacks or game night prizes. Store them in your pantry for an anytime snack or slip a pack into lunch boxes and purses for a midday surprise.","['패키지', '간식', '컵', '캔디', '땅콩', '버터', '할로윈', '비축', '공유', '그릇']"
식음료,스낵 및 디저트,초콜릿,,B0BYBCF7BK,"Golax 다양한 벌크 초콜릿 믹스 - 스니커즈, 키트 캣, 은하수, Twix, Whoopers, Heath & More! Candy Market 제작 (946.4ml(32온스)",Tasmo,29015,29015,3.6,1055.0,"Golax 다양한 벌크 초콜릿 믹스 - 스니커즈, 키트 캣, 은하수, Twix, Whoopers, Heath 등! Candy Market 제작","Golax 다양한 벌크 초콜릿 믹스 - 스니커즈, 키트 캣, 은하수, Twix, Whoopers, Heath 등! Candy Market 제작","['키트', '캣', '초콜릿', '제작', '은하수', '스니커즈', '믹스']"
식음료,스낵 및 디저트,초콜릿,,B001HXI0V0,"SNICKERS 풀 사이즈 벌크 밀크 초콜릿 캔디 바, 52.7g(1.9온스) 바, 48개입 박스",Snickers,59721,55372,4.6,10103.0,"개별 포장된 싱글 사이즈 Snickers 초콜릿 캔디 바 벌크 팩 52.7g(1.8온스) 48개입 박스 1개 포함 SNICKERS 캔디 바는 캐러멜, 누가, 땅콩 및 밀크 초콜릿으로 만들어집니다 이 풀 사이즈 초콜릿 바는 선물 바구니, 캔디 뷔페 또는 파티 선물로 적합합니다. Snickers 아몬드 버터 & Snickers 땅콩 버터 스퀘어를 사용해 보세요 영화관이나 경기 날에 밀크 초콜릿 간식을 원할 때 식료품 저장실에 이 벌크 초콜릿 팩을 비축하세요 이 벌크 초콜릿 캔디 바 모음으로 트릭 오어 트릿 가방, 부활절 바구니 또는 크리스마스 스타킹 스터퍼를 많이 채우세요","이 벌크 초콜릿 캔디 상자에는 48개의 개별 포장된 풀 사이즈 Snickers 캔디 바가 포함되어 있습니다. 불만족? 스니커즈가 필요할 수도 있습니다. 밀크 초콜릿으로 덮인 구운 땅콩, 캐러멜, 누가가 가득한 Snickers 캔디 바는 한 입으로 ""Meh""에서 ""만족""으로 하루를 보낼 수 있습니다. 개별 포장된 벌크 풀 사이즈 캔디 바는 가족과 함께 영화의 밤 및 친구들과의 작은 축하 행사를 위해 식료품 저장실을 비축하는 데 이상적입니다. 이 만족스러운 캔디 바는 이동 중에도 훌륭한 간식으로 만들거나 점심 시간에 포장하거나 가족 도로 여행에 가져가서 땅콩으로 가득한 초콜릿 캔디를 즐길 수 있습니다. Bulk Snickers 캔디 바는 땅콩 초콜릿 캔디에 대한 사랑을 친구 및 가족과 공유할 수 있는 맛있는 방법입니다. 캔디 바를 대량으로 구입하면 캔디 백과 캔디 선물 바구니를 채울 수 있는 초콜릿을 충분히 가질 수 있습니다. Trick-or-Treaters에게 풀 사이즈 Snickers 초콜릿 캔디를 나눠주고 이번 할로윈에 최고의 집이 되세요. 풀 사이즈 캔디 바는 크리스마스 스터퍼 캔디 선물과 부활절 바구니 사탕으로 훌륭합니다. Snickers 풀 사이즈 초콜릿 캔디 바는 휴식 시간을 더욱 만족스럽게 만듭니다. 이 48개입 벌크 캔디 패키지는 자판기, 매점 스탠드 및 사무실 식료품 저장실을 채우는 데 적합합니다. Snickers 벌크 캔디의 만족스러운 맛을 친구, 가족 및 동료와 공유하세요./Hackettstown, NJ 07840-1503 USA","['캔디', '초콜릿', '풀', '땅콩', '가족', '선물', '포장', '밀크', '바구니']"
식음료,스낵 및 디저트,초콜릿,,B01BDI89SW,"Ferrero Collection, 24개, 프리미엄 고메 다양한 헤이즐넛 밀크 초콜릿, 다크 초콜릿 및 코코넛, 258g(9.8온스)",Ferrero Rocher,16578,16578,4.7,31144.0,"미식가 초콜릿 선물 상자: 페레로 로처, 라파엘로, 론드누아르 과자 트리오인 페레로 컬렉션으로 다양한 초콜릿의 풍부한 맛을 공유하세요 다양한 초콜릿: 페레로 컬렉션으로 3가지 맛있는 맛을 즐기세요. 헤이즐넛 밀크 초콜릿을 사용한 상징적인 오리지널인 페레로 로셔, 화이트 아몬드, 크림, 코코넛을 곁들인 아름다운 레이어드 라파엘로, 론누아의 맛있는 다크 초콜릿 순간을 축하하세요: 가족 및 친구들과 순간을 공유하거나 나만을 위해 잠시 시간을 내십시오. 페레로 초콜릿은 긴 하루를 보낸 후 긴장을 풀기에 좋은 간식입니다 프리미엄 초콜릿: 프리미엄 고급 초콜릿으로 전문적으로 제작된 이 유행을 타지 않는 클래식은 한 번에 한 입씩 절묘한 맛을 제공합니다 페레로 경험: 품질, 신선함 및 독특한 맛 경험에 대한 당사의 헌신은 사람들을 하나로 모으는 데 도움이 되는 최고의 제품만을 만들도록 영감을 줍니다","Ferrero Rocher를 좋아하신다면 이 24개입 페레로 컬렉션 초콜릿 선물 상자가 마음에 드실 것입니다. 우유와 다크 초콜릿과 코코넛 아몬드 트러플로 만든 맛있는 과자의 절묘한 컬렉션인 Ferrero Collection 선물 상자는 오리지널, 상징적인 페레로 로처, 아름답게 레이어드 라파엘로, 맛있는 다크 초콜릿 론드누아 트러플이 특징입니다. 모든 제품은 최고 품질의 재료로 만들어졌으며 우아한 다이아몬드 컷 고급 초콜릿 선물 상자에 담겨 제공됩니다. 이 우아한 초콜릿 상자에는 모두를 위한 무언가가 있기 때문에 나누고 선물하기에 완벽합니다. 페레로 컬렉션으로 다양하고 독특한 즐거움을 맛보세요. 1940년대부터 Ferrero는 프리미엄 독특한 초콜릿 간식으로 소비자를 기쁘게 해왔습니다. 이탈리아 피에몬테 지역에서 현지 파스티세리아로 시작된 것은 이제 전 세계 100개국 이상에서 갈망을 충족시키는 세계에서 가장 인기 있는 과자 중 하나입니다. 품질, 신선함 및 독특한 맛 경험에 대한 헌신 덕분에 Ferrero는 전 세계의 초콜릿 애호가들을 계속 기쁘게 하고 있습니다.","['초콜릿', '페레로', '선물', '컬렉션', '상자', '맛', '독특하다', '다크', '맛있다', '프리미엄']"
식음료,스낵 및 디저트,초콜릿,,B0CQ5HNDBW,Hershey 다양한 초콜릿 캔디 버라이어티 팩 - 2.3kg(5파운드) 벌크 캔디 모음 개별 포장 캔디 - 2.3kg(5파운드) 초콜릿 캔디 벌크 믹스 백,Yummy Chew,69250,53987,2.8,261.0,"맛있고 다양한 모음: Hershey 다양한 초콜릿 버라이어티 팩으로 다양한 상징적인 초콜릿 간식을 맛보세요. 허쉬 바, 킷캣, 롤로, 아몬드 조이, 땅콩 버터 컵, 와퍼, 밀크 더드 등을 즐기세요. 개별 포장된 신선도: 각 맛있는 캔디는 최고의 신선함을 위해 개별적으로 포장되어 공유, 선물 또는 이동 중 간식에 적합합니다. 2.3kg(5파운드) 벌크 초콜릿 믹스: 파티, 이벤트 또는 초콜릿 갈망을 충족시키기 위한 다양한 달콤한 옵션을 제공하는 풍부한 2.3kg(5파운드) 벌크 프리미엄 초콜릿 믹스의 기쁨을 경험하십시오. 축하 및 선물로 완벽합니다: 파티, 모임 또는 초콜릿 애호가를 위한 사려 깊은 선물로 완벽한 이 즐거운 모음으로 축하 행사를 향상시키세요. 다양한 믹스는 다양한 취향을 충족시킵니다. 달콤한 서프라이즈를 위해 구성이 다를 수 있습니다. 각 팩에 즐거운 놀라움을 보장하면서 제품 구성은 재고 상황에 따라 다를 수 있습니다. 안심하세요. 2.3kg(5파운드) 가방에는 클래식한 허쉬가 가장 좋아하는 아이템이 섞여 있습니다.",,"['초콜릿', '캔디', '믹스', '선물', '포장', '모음', '허쉬', '축하', '버라이어티', '완벽하다']"
식음료,스낵 및 디저트,초콜릿,,B0CHXYTJS9,"SNICKERS, TWIX, & MILKY WAY 미니 할로윈 초콜릿 캔디 바 버라이어티 팩, 150개 벌크 백",Mars,27686,27686,4.6,11536.0,"1.3kg(48온스) 1개, 스니커즈, 트위스, 밀키 웨이 및 머스키터 미니 초콜릿 캔디 바 3개 버라이어티 팩 150개 벌크 버라이어티 백 포함 미니어처 스니커즈 캔디 바, TWIX 캐러멜 쿠키 바, 밀키 웨이 캐러멜 초콜릿 바가 특징입니다 개별적으로 포장된 미니 초콜릿 바 모음은 생일 파티 선물 가방과 피냐타에 적합합니다 이 벌크 캔디 백 안에 미니 밀크 초콜릿 바가 있어 게임의 밤과 영화 마라톤에 재미를 더하세요 할로윈, 크리스마스, 발렌타인 데이 또는 부활절 등 밀크 초콜릿 캔디 바로 계절 축하 행사에 불을 붙이세요","큰 맛의 미니 클래식 밀크 초콜릿 바 모음을 즐기세요! 스니커즈, 트위스, 밀키 웨이 미니 버라이어티 백은 모든 상황에 적합합니다. 파티 선물, 영화의 밤, 캔디 볼 및 피냐타에 이상적이며 개별적으로 포장된 미니 캔디 바는 인생의 달콤한 순간을 위한 지속적인 신선함을 보장합니다. 점심에 포장하여 달콤한 놀라움을 선사하거나 다음 야외 모험을 위해 이 150개 가방을 가지고 다니세요. 포장을 풀고 즐기는 것을 멈추지 말고 좋아하는 디저트와 베이킹 레시피에 추가하세요. 이 초콜릿은 모든 휴일 축하에 적합합니다. 할로윈, 부활절, 크리스마스, 발렌타인 데이에 사랑하는 사람에게 선물하세요. 축하 행사나 행사에 상관없이 이 밀크 초콜릿 캔디 바 모음을 손에 보관하세요. SnICKERS, TWIX, MILKY WAY에는 모두를 위한 무언가가 있습니다. 당신은 잘못 갈 수 없습니다! 오늘 장바구니에 추가하세요.","['초콜릿', '캔디', '미니', '버라이어티', '포장', '밀크', '밀키', '행사', '축하', '스니커즈']"
식음료,스낵 및 디저트,초콜릿,,B09XWX849T,"Butterfinger, CRUNCH, 베이비 루스 및 100 그랜드, 28개, 다양한 풀 사이즈 개별 포장 캔디 바, 할로윈 캔디, 1.3kg(48온스)",Butterfinger,52325,52325,4.6,2557.0,"풀 사이즈 즐겨찾기: 버터핑거, 크런치, 베이비 루스 및 100 그랜드와 같은 다양한 클래식 인기 제품을 즐기세요. 개별 포장된 풀 사이즈 다양한 캔디 바 28개입 상자에 담겨 제공됩니다 다양한 맛: 땅콩 버터 버터핑거, 밀크 초콜릿과 크런치의 바삭한 쌀, 100 그랜드의 풍부한 캐러멜, 바삭한 쌀과 초콜릿, 땅콩, 밀크 초콜릿, 캐러멜, 누가를 곁들인 베이비 루스와 같은 훌륭한 맛의 바를 발견하세요 공유할 수 있는 장점: 친구, 가족, 동료 또는 팀원과 쉽고 재미있으며 궁극적으로 맛있는 음식을 공유할 수 있는 클래식 간식으로 식료품 저장실이나 사무실에 비축하세요 만족스러운 간식: 이 다양한 캔디 바 상자는 기금 모금 초콜릿 바부터 파티 가방용 사탕에 이르기까지 모든 경우에 완벽한 만족스러운 초콜릿 간식입니다. 이 바는 완벽하게 클래식하고 완벽하게 맛있습니다 할로윈 캔디: 모든 연령대의 아이들이 좋아하는 클래식한 트릭 오어 트릿 캔디로 계절을 으스스하게 만드세요. 개별 포장된 벌크 할로윈 캔디는 매우 재미있고 훌륭한 할로윈 간식 가방 파티 선물이 됩니다","버터핑거, 크런치, 베이비 루스 및 100 그랜드와 같은 팬들이 좋아하는 맛있는 다양한 음식을 이 28개입 풀 사이즈 캔디 바 박스에서 즐기세요. 완벽하게 클래식하고 맛있는 다양한 초콜릿 캔디 바를 발견하세요. 땅콩 버터 Butterfinger 부터 Baby Ruth와 100 Grand의 쫄깃하고 바삭한 장점까지, 여러분이 알고 사랑하는 크런치의 바삭한 질감까지, 이 클래식 캔디 바는 개별적으로 포장되어 있습니다. 간식, 보상 또는 사무실 휴식 시간에 맛보기에 좋은 이 거부할 수 없는 캔디 바는 친구, 가족 및 동료와 나누기에 완벽한 캔디입니다. 오늘 다양한 인기 메뉴 상자를 구입하고 매일 다양한 초콜릿 간식을 추가하세요.","['캔디', '초콜릿', '간식', '클래식', '완벽하다', '할로윈', '베이비', '포장', '바삭', '맛있다']"
식음료,스낵 및 디저트,초콜릿,,B07NDDLKDP,"DOVE PROMISES 밀크 초콜릿 캔디, 136개입 벌크 백",Dove,44597,44597,4.7,20567.0,"DOVE PROMISES 밀크 초콜릿 캔디 모음 136피스 108.9ml(38온스) 1개가 포함되어 있습니다 최고 품질의 카카오로 제작된 DOVE PROMISES 초콜릿 캔디 백은 최고 품질의 진짜 밀크 초콜릿 캔디로 채워져 있습니다 영화의 밤, 구운 음식 또는 사탕 접시에 도브 약속 밀크 초콜릿 캔디를 공유하세요 개별적으로 포장된 다양한 초콜릿 캔디에는 하루를 밝게 하는 영감을 주는 메시지가 있습니다. 다크 초콜릿과 씨 솔트 캐러멜을 포함한 다른 종류의 도브 프로미스를 시도하는 것을 잊지 마세요 이 벌크 초콜릿 모음으로 부활절 바구니에 고급 밀크 초콜릿을 선물하거나 크리스마스 스타킹 스터퍼를 선물하세요","DOVE PROMISES 밀크 초콜릿 캔디의 즐거움을 경험하십시오. 각 바이트에는 최고 품질의 카카오가 포함되어 풍부한 다크 초콜릿 캔디 경험을 선사합니다. 또한, 개별적으로 포장된 각 조각은 호일 포장지 아래에 특별한 메시지를 공유하여 당신을 들어 올리고 웃게 만듭니다. 벌크 캔디 백에 포장된 DOVE PROMISES 밀크 초콜릿 캔디는 크리스마스 선물, 파티 선물 및 DIY 베이킹 제품 레시피에 적합합니다. 이 맛있는 사탕은 이번 연휴 시즌에 특별한 사람을 대접할 수 있는 맛있는 프리미엄 선물입니다. 도브 프로미스의 품질에 세심한 주의를 기울여 실크처럼 매끄러운 질감과 맛있고 오래 지속되는 맛을 보장합니다. 일년 내내 선물할 수 있는 초콜릿 선물로 자신과 사랑하는 사람에게 선물하세요. DOVE PROMISES 개별 포장된 밀크 초콜릿 캔디 벌크 팩 모음 136개를 오늘 온라인으로 주문하세요!","['초콜릿', '캔디', '밀크', '선물', '포장', '맛있다', '모음', '최고', '백']"
식음료,스낵 및 디저트,초콜릿,,B07VPKVV1Z,"Orchard Valley Harvest 다크 초콜릿 아몬드, 28.3g(1온스) 백 (15팩), 글루텐 프리, GMO 프리, 인공 성분 없음",Orchard Valley Harvest,16606,16606,4.4,4013.0,"Orchard Valley Harvest 다크 초콜릿 아몬드 425.2g(1온스) 팩 1봉지 포함 64% 카카오 다크 초콜릿에 담근 전체 캘리포니아 아몬드는 어디에서나 먹을 수 있는 더 좋은 간식입니다 개별적으로 포장된 스낵 팩은 집, 직장 또는 이동 중에도 즐기기에 적합합니다 모든 Orchard Valley Harvest 제품은 GMO 프리 프로젝트 인증을 받았으며 인공 성분, 색소, 향료 또는 방부제가 포함되어 있지 않습니다 Orchard Valley Harvest 활동적인 라이프 스타일을 지원하는 순수하고 간단한 견과류와 말린 달콤한 과일을 찾는 데 전념하고 있습니다","과수원을 방문하여 나무에서 바로 맛있는 간식을 골라내는 특별한 것이 있습니다. 그러나 과수원에 가는 것은 우리만큼 쉽지 않을 수 있습니다. 그러니 차선책으로 자신을 대접하세요 - Orchard Valley Harvest 다크 초콜릿 커버 아몬드. 바삭한 캘리포니아 아몬드는 64% 카카오 다크 초콜릿으로 덮여 있습니다. 이 퇴폐적인 간식은 글루텐 프리, 콩 프리 제품으로 고과당 옥수수 시럽이 포함되어 있지 않습니다. Orchard Valley Harvest 제품은 건강한 라이프 스타일을 지원하는 순수하고 간단한 견과류와 말린 달콤한 과일을 찾는 데 전념하고 있습니다. 저희 제품은 대자연에서 바로 생산되며 인공 색소, 향료 또는 방부제가 포함되어 있지 않습니다. 전체 아몬드의 단순함, 초콜릿으로 덮인 아몬드의 퇴폐성 또는 만족스러운 트레일 믹스 블렌드를 선호하든, Orchard Valley Harvest 제품을 사용하면 순간이나 이동 중에도 맛있는 간식을 즐길 수 있습니다.","['아몬드', '초콜릿', '프리', '다크', '간식', '인공', '스타일', '순수하다', '향료', '색소']"
식음료,스낵 및 디저트,초콜릿,,B0CYTTFDLJ,M&M'S 풀 사이즈 초콜릿 할로윈 캔디 모음 - 866.9g(30온스)/18개입 벌크 캔디 박스,M&M's,27672,27672,4.7,7753.0,"866.9g(30온스) 1개, M&M's 땅콩, 땅콩 버터 및 밀크 초콜릿 버라이어티 팩 박스 풀 사이즈 팩 18개 포함 이 할로윈 벌크 초콜릿 캔디 버라이어티 팩은 개별적으로 포장된 풀 사이즈 팩이 특징입니다. Peanut M&M's 밀크 초콜릿 캔디 8개, M&M's 밀크 초콜릿 캔디 6개, 땅콩 버터 M&M's 밀크 초콜릿 캔디 모음 4개가 특징입니다 팝콘 한 그릇과 다양한 M&M's 풀 사이즈 초콜릿 캔디 팩으로 좋아하는 무서운 할로윈 영화 마라톤을 즐기세요 트릭 오어 트릿! 이 할로윈 초콜릿 캔디 버라이어티 팩은 달콤한 이빨이나 달콤한 송곳니에 잘 어울립니다 사탕 접시에 으스스한 한 입 크기의 다양한 밀크 초콜릿을 채우거나 할로윈 파티 디저트 테이블을 위해 구울 같은 구운 간식을 장식하여 할로윈 파티에서 간식 시즌을 축하하세요","콥 웹, 가짜 피, 해골에서 무릎 깊숙이 빠져들고 계신가요? 할로윈 장식을 내려놓고 휴식을 취하여 M&M's 초콜릿 할로윈 캔디 버라이어티 팩을 즐기세요. 이번 할로윈에 궁극의 간식 시즌을 보내기 위해 준비해야 할 것이 많습니다. M&M's 할로윈 캔디 초콜릿 캔디 버라이어티 팩은 으스스한 할 일 목록에서 1위가 되세요. 이 벌크 초콜릿 캔디 백에는 M&M's 밀크 초콜릿, M&M's Peanut 및 M&M's 땅콩 버터 밀크 초콜릿 캔디 모음 18개의 개별 포장된 팩이 포함되어 있습니다. 이 M&M's 할로윈 초콜릿을 친구, 가족 및 동료와 공유하여 모든 사람이 할로윈 정신에 빠져들게 하세요. 좋아하는 할로윈 영화 마라톤이 다가오고 있다면, 팝콘을 터뜨리고 캔디 그릇에 Thontic 초콜릿 캔디를 채워 으스스한 영화의 밤을 보내세요. 다양한 할로윈 캔디는 모두를 행복하게 하고 할로윈을 즐길 수 있는 쉬운 해결책입니다!","['캔디', '초콜릿', '할로윈', '밀크', '버라이어티', '풀', '땅콩']"
식음료,스낵 및 디저트,초콜릿,,B0C3SFLVNC,Hershey's 밀크 초콜릿 미니어처 캔디 바 - 개별 포장 - 0.9kg(2파운드) 벌크 팩 (125피스),Yummy Chew,20747,20747,3.3,122.0,"각 가방에는 946.4ml(32온스)의 클래식 허쉬 밀크 초콜릿 미니어처 캔디 바가 포함되어 있어 간식이나 친구 및 가족과 공유하기에 적합합니다. 신선함을 보장하기 위해 개별적으로 포장된 편리한 미니어처로 풍부하고 크리미한 밀크 초콜릿 맛을 즐기세요. 세대에 걸쳐 사랑받는 허쉬의 클래식 밀크 초콜릿 캔디 바의 유행을 타지 않는 맛으로 캔디 접시, 선물 및 스모어 게임을 업그레이드하세요. 컵케이크, 브라우니 또는 아이스크림 선디와 같은 좋아하는 디저트에 달콤함을 더하는 데 적합합니다. Hershey의 밀크 초콜릿 미니어처 캔디 바는 생일 파티, 영화의 밤 또는 이동 중에도 간단한 간식 등 모든 경우에 가장 좋아하는 클래식한 제품입니다.",,"['밀크', '캔디', '초콜릿', '미니어처', '클래식', '허쉬', '맛', '포장', '간식']"
식음료,스낵 및 디저트,초콜릿,,B00V54CU5I,"GHIRARDELLI 캐러멜 충전재가 있는 밀크 초콜릿 스퀘어, 472.5g(16.5온스) 백",Ghirardelli,18226,18226,4.7,6119.0,캐러멜 충전재가 있는 기라델리 밀크 초콜릿 스퀘어 472.5g(16.5온스) 1봉지 풍부한 밀크 초콜릿에 둘러싸인 감미로운 캐러멜 충전재가 만족스럽게 달콤한 간식을 선사합니다 이 밀크 초콜릿 캔디를 언제든지 맛보거나 선물로 주세요 개별 포장된 캔디 스퀘어로 쉽게 즐기거나 다른 사람들과 공유할 수 있습니다 Ghirardelli 초콜릿은 프리미엄 재료와 지속 가능한 코코아 콩으로 만들어졌습니다,캐러멜 충전재로 Ghirardelli 밀크 초콜릿 스퀘어를 풀어 고급스러운 탐닉의 순간을 즐겨보세요. 기라델리 스퀘어는 하루에 달콤한 느낌을 더하고 스모어 및 기타 디저트에 특별한 것을 위해 맛있는 트위스트를 제공합니다. 감미로운 캐러멜이 천천히 녹는 크리미한 밀크 초콜릿을 채웁니다. 개별적으로 포장된 초콜릿 스퀘어는 한 번에 하나씩 공유하거나 즐길 수 있습니다. 지속 가능한 코코아 콩을 포함한 프리미엄 성분은 Ghirardelli의 차이점의 일부입니다. 콩에서 바까지 최고의 품질을 위한 헌신입니다. 기라델리는 삶을 더 좋게 만듭니다.,"['초콜릿', '밀크', '스퀘어', '캐러멜', '충전', '기라델리', '콩', '감미롭다', '프리미엄', '달콤하다']"
식음료,스낵 및 디저트,초콜릿,,B0D82CBJKY,Pay-Day 땅콩 캐러멜 바 - 재미있는 사이즈 캔디 바 - 땅콩 캐러멜 바 약 40개(0.9kg(2파운드),Pisoka,12395,12395,4.3,59.0,"넉넉한 수량: 각 가방에는 약 40개의 재미있는 크기의 Pay-Day 바가 포함되어 있어 공유하고 즐길 수 있습니다. 완벽한 휴대성: 재미있는 크기의 바는 이동 중에도 간식, 도시락 또는 빠른 간식으로 이상적입니다. 클래식한 맛 조합: 달콤한 캐러멜과 섞인 짠 땅콩의 유행을 타지 않는 맛을 즐기세요. 다용도 간식 옵션: 할로윈, 파티, 퍼레이드 또는 간단한 간식을 위한 식료품 저장실 필수품으로 적합합니다. 에너지 부스팅: 땅콩으로 가득한 이 바는 좋은 에너지원으로 바쁜 날에 완벽한 픽업 간식입니다.","Pay-Day 땅콩 캐러멜 바 펀 사이즈로 달콤한 캐러멜과 짠 땅콩의 거부할 수 없는 조합을 즐기세요. 이 0.9kg(2파운드) 가방에는 약 40개의 재미있는 크기의 바가 포함되어 있어 공유, 선물 또는 혼자 즐기기에 적합합니다. 각 바는 크리미한 캐러멜 코팅으로 싸인 즐거운 땅콩 크런치를 제공하여 포만감과 즐거운 간식을 보장합니다. 파티, 사무실 간식 또는 빠른 에너지 부스트에 이상적인 이 Pay-Day 바는 모두가 좋아하는 클래식한 맛을 선사합니다.","['땅콩', '간식', '캐러멜', '재미있다', '에너지', '맛', '공유', '파티', '빠르다', '완벽하다']"
식음료,스낵 및 디저트,초콜릿,,B09LSNJTWF,"Blue Diamond Almonds, 오븐 로스트 다크 초콜릿 맛 스낵 견과류는 간식, 이동 중, 점심 등에 적합, 1.2L(40온스)",Blue Diamond Almonds,31661,31661,4.8,47333.0,"블루 다이아몬드 오븐 로스트 다크 초콜릿 스낵 아몬드 1.2L(40온스) 백 1개가 포함되어 있습니다 진짜 코코아 파워로 덮여 풍부한 초콜릿 맛을 선사합니다. 다음 파티에 적합합니다. 맛있고 단백질과 섬유질이 풍부합니다 재밀봉 가능한 가방은 사무실, 학교 또는 이동 중에도 성인과 어린이를 위한 완벽한 여행용 간식입니다 콜레스테롤과 트랜스 지방이 없으며 비타민 E의 훌륭한 공급원입니다",진짜 다크 초콜릿의 크리미한 풍부한 맛과 비타민 E가 자연적으로 함유된 아몬드를 결합하여 힘든 도전을 매일 즐길 수 있는 맛있는 간식으로 바꿨습니다.,"['초콜릿', '간식', '풍부하다', '다크', '맛', '진짜', '스낵', '아몬드', '비타민', '오븐']"
식음료,스낵 및 디저트,초콜릿,,B077NT42QP,"Kinder Joy 계란, 벌크 계란 15개, 간식 플러스 장난감, 스위트 크림 및 초콜릿 웨이퍼, 부활절 달걀 사냥에 적합, 297.7g(10.5온스)",Kinder Joy,29417,29417,4.7,8886.0,"간식 + 장난감: Kinder Joy 의 재미를 발견하고 계란 한쪽에는 맛있는 간식을 즐기고 다른 한쪽에는 깜짝 진짜 장난감을 즐기세요. 식료품 저장실 보관에 적합한 이 팩에는 총 15개의 개별 포장된 Kinder Joy 계란이 포함되어 있습니다 맛있는 조합: 이 맛있는 간식은 두 겹의 크리미한 맛이 있습니다. 하나는 코코아이고 하나는 달콤한 크림입니다. 또한, 코코아 크림으로 채워진 바삭하고 초콜릿으로 덮인 웨이퍼 바이트가 두 개 있습니다 많은 재미: 아이들에게 깜짝 장난감이 들어 있는 맛있는 계란 간식을 선물하세요. 각 달걀에는 독특한 장난감이 포함되어 있으며 100개 이상의 발견이 가능합니다. 포장은 다를 수 있습니다 순간 공유: 상호 작용, 상상력 및 창의성에 영감을 주는 Kinder Joy 제품은 모든 달걀에 재미있는 세상을 가져와 가족이 행복한 추억을 만들 수 있도록 도와줍니다 아이들을 위한 부활절 선물: 아이들을 위한 훌륭한 부활절 선물인 완벽한 간식과 장난감 부활절 바구니 스터퍼로 휴일에 부활절 기쁨을 더하세요","간식 + 장난감, 두 배의 기쁨! Kinder Joy 에그로 거부할 수 없는 재미의 양면을 발견하세요. 계란의 간식 면은 두 겹의 크리미한 맛이 특징입니다. 하나는 코코아이고 하나는 달콤한 크림입니다. 또한, 코코아 크림으로 채워진 바삭하고 초콜릿으로 덮인 웨이퍼 바이트가 두 개 있습니다. 계란의 장난감 면은 어린이와 부모가 좋아할 서프라이즈 장난감을 숨깁니다. 개별적으로 포장된 각 계란은 100개 이상의 독특한 장난감 중 하나가 특징입니다. 따라서 간식이 없어져도 재미를 즐길 수 있습니다. 장난감을 스캔하고 완전히 새로운 수준의 온라인 플레이와 발견을 열어 무료 Applaydu 앱으로 더 많은 재미를 얻으세요. 앱 스토어에서 다운로드하거나 구글 플레이에서 구매하세요.","['장난감', '간식', '계란', '크림', '재미', '부활절', '코코아', '맛있다', '발견', '달걀']"
식음료,스낵 및 디저트,초콜릿,,B06Y5WFQGK,"Wonka Boston Baked Beans, 캔디 코팅 피넛, 스위트 앤 솔티, 121.9g(4.3온스) 시어터 캔디 박스 (12팩)",Wonka,27519,27519,4.7,24240.0,"달콤하고 맛있는 블렌드: 캔디 코팅 땅콩은 과자의 달콤함과 짠 간식을 결합하여 대조되는 맛의 마법을 경험하십시오 바삭한 캔디 피너츠: 맛있는 땅콩 달콤하고 짠 사탕을 먹을 때마다 만족스러운 크런치를 즐기세요 공유할 수 있는 클래식: 이 공유 사이즈 상자에 온 가족과 함께 이 캔디 모음을 공유하세요 언제든지 영화관 캔디: 집이나 극장 자체에서 시네마 캔디의 마법을 재현하세요! 캔디 팩을 들고 접시를 꺼내세요 품격과 독특함: 대화를 자극하는 독특한 간식으로 간식 게임을 업그레이드하세요. 달콤하고 짠맛? 토론을 시작하세요 전설이 참신함을 만나는 곳: 사탕을 만드는 것이 우리의 열정이며 그 사실을 보여줍니다. 마음을 사로잡은 유행을 타지 않는 아이콘부터 한계를 뛰어넘는 새롭고 맛있는 Wonka 맛까지, 저희는 사탕을 기념합니다","영화의 밤부터 축하 행사까지, Wonka 보스턴 베이크드 빈 캔디 피너츠는 다재다능한 동반자이며 어떤 경우에도 흥분을 불어넣을 준비가 되어 있습니다. 1924년부터 사용되어 왔기 때문에 확실히 대화의 시작점입니다. 미각이 조화로운 맛의 혼합에 맞춰 춤을 추게 하고, 이 탁월한 땅콩의 마법으로 당신의 순간을 고양시키세요. 바삭바삭한 갈망을 만족시키고 풍미 가득한 여행을 시작하세요. 아이의 눈을 통해 보세요. 마법, 기발함, 끝없는 경이로움에 관한 것입니다. Wonkaverse는 마법적이고 다채로운 사탕의 세계로 뛰어들도록 초대합니다.","['캔디', '마법', '달콤하다', '사탕', '공유', '맛', '땅콩', '간식', '맛있다', '대화']"
식음료,스낵 및 디저트,초콜릿,,B09C2P3B63,"Butterfinger, CRUNCH, Baby Ruth 및 100 그랜드, 135개, 다양한 미니 사이즈 개별 포장 캔디 바, 할로윈 캔디, 1.5kg(50온스)",Butterfinger,36010,36010,4.5,1676.0,"미니 바 즐겨찾기: 버터핑거와 크런치, 베이비 루스, 100 그랜드와 같은 다양한 클래식 인기 제품을 즐기세요. 개별 포장된 미니 캔디 바 135개입 백에 담겨 있습니다 다양한 맛: 땅콩 버터 버터핑거, 밀크 초콜릿과 크런치의 바삭한 쌀, 100 그랜드의 풍부한 캐러멜, 바삭한 쌀과 초콜릿, 땅콩, 밀크 초콜릿, 캐러멜, 누가를 곁들인 베이비 루스와 같은 훌륭한 맛의 바를 발견하세요 공유할 수 있는 장점: 친구, 가족, 동료 또는 팀원과 쉽고 재미있으며 궁극적으로 맛있게 나눌 수 있는 클래식 간식으로 식료품 저장실이나 사무실에 비축하세요 만족스러운 간식: 이 클래식한 다양한 초콜릿 캔디 바 가방은 점심 가방 스낵부터 파티 가방용 사탕에 이르기까지 모든 상황에 완벽하게 어울리는 초콜릿 간식입니다. 이 미니 사이즈 바는 완벽하게 클래식하고 완벽하게 맛있습니다 할로윈 캔디: 모든 연령대의 아이들이 좋아하는 클래식한 트릭 오어 트릿 캔디로 계절을 으스스하게 만드세요. 개별 포장된 벌크 할로윈 캔디는 매우 재미있고 훌륭한 할로윈 간식 가방 파티 선물이 됩니다","버터핑거, 크런치, 베이비 루스 및 100 그랜드와 같은 팬들이 좋아하는 맛있는 다양한 미니 캔디 바를 135개입 가방에 즐기세요. 완벽하게 클래식하고 맛있는 다양한 초콜릿 캔디 바를 발견하세요. 땅콩 버터 Butterfinger 부터 Baby Ruth와 100 Grand의 쫄깃하고 바삭한 장점까지, 여러분이 알고 사랑하는 크런치의 바삭한 질감까지, 이 클래식 캔디 바는 개별적으로 포장되어 있습니다. 간식, 보상 또는 사무실에서 휴식을 취하기에 좋은 이 거부할 수 없는 미니 바는 친구, 가족 및 동료와 나누기에 완벽한 캔디입니다. 오늘 좋아하는 다양한 가방을 구입하고 매일 다양한 초콜릿 간식을 추가하세요.","['캔디', '초콜릿', '클래식', '가방', '간식', '미니', '완벽하다', '할로윈', '포장', '바삭']"
식음료,스낵 및 디저트,초콜릿,,B000H26J7E,"Lindt Excellence Bar, 70% 코코아 스무스 다크 초콜릿, 글루텐 프리, 휴일 선물로 적합, 99.2g(3.5온스) (12팩)",Lindt,49693,49693,4.6,4573.0,"12개의 개별 포장된 70% 코코아 다크 초콜릿 바가 포함되어 있어 선물, 베이킹 또는 한 조각씩 맛보기에 적합합니다 제품 참고: 열이나 햇빛에 노출되면 제품이 녹거나 손상될 수 있습니다. 따라서 고객이 제품 배송 중에 사용할 수 있어야 합니다 풀 바디 다크 초콜릿. 쓰거나 압도하지 않도록 훌륭하게 균형 잡혀 있습니다 Lindt 초콜릿은 최고급 재료로 전문적으로 제작되었습니다. 이 고급 초콜릿 바에서 코코아 콩의 강렬한 맛과 풍부한 향을 경험하십시오 이 다크 초콜릿 바를 구입하여 사무실에서 공유하거나 저녁 파티에서 즐기거나 집에서 베이킹할 수 있습니다. 완벽한 다크 초콜릿 선물입니다 세계적으로 유명한 지역의 프리미엄 재료로 제작되었습니다. 휴일 공유 및 선물로 좋습니다 준비 상태: 바로 먹을 수 있습니다",Lindt 70% 코코아 인텐스 다크 초콜릿 엑셀런스 바는 코코아 빈의 강렬한 향이 있는 풀 바디 다크 초콜릿을 함유하고 있습니다. Lindt는 뚜렷하게 매끄럽고 풍부한 고급 맛으로 독특한 초콜릿 경험을 제공합니다. 오늘 거부할 수 없는 아름다운 초콜릿 바를 즐기세요,"['초콜릿', '다크', '코코아', '선물', '휴일', '경험', '고급', '공유', '맛', '바디']"
식음료,스낵 및 디저트,초콜릿,,B0C9L8Q187,"GHIRARDELLI 프리미엄 초콜릿 모음 SQUARES 선물 상자, 839.1g(39온스)",Ghirardelli Chocolate Company,50871,51175,4.5,289.0,"GHIRARDELLI 프리미엄 초콜릿 모음 스퀘어 839.1g(39온스) 선물 상자 1개 밀크 초콜릿 캐러멜, 다크 초콜릿 씨 솔트 캐러멜, 다크 초콜릿 라즈베리, 밀크 초콜릿을 포함한 다양한 프리미엄 초콜릿 GHIRARDELLI 초콜릿의 아름다운 골드 박스는 선물과 접대에 이상적이며 공유할 수 있는 초콜릿 캔디 사각형이 많이 포함되어 있습니다 개별적으로 포장된 초콜릿 스퀘어는 완벽한 크기의 넉넉한 간식입니다 GHIRARDELLI 초콜릿은 프리미엄 재료와 고품질 코코아 콩으로 만들어졌습니다 이 GHIRARDELLI 제품은 코셔 인증을 받았습니다","이 풍부한 맛의 컬렉션에서 풍부한 GHIRARDELLI 초콜릿을 경험하십시오. 이 아름다운 골드 선물 상자는 선물이나 나눔 행사에 우아함을 더합니다. 이 컬렉션에는 풍부하고 풍성한 밀크 초콜릿, 천천히 녹는 다크 초콜릿, 타르트 라즈베리 또는 감미로운 캐러멜을 갈망하든 모두를 위한 초콜릿이 있습니다. GHIRARDELLI SQUARES의 각 상자에는 다양한 베스트셀러 맛이 포함되어 있으며, 약 60개의 기라델리 초콜릿 스퀘어가 있어 친구와 가족이 즐길 수 있는 초콜릿이 많이 있습니다. GHIRARDELLI 초콜릿 스퀘어는 개별적으로 포장되어 있어 간식 스프레드 또는 저녁 식사 후 간식으로 이상적입니다. 콩에서 바까지 최고의 품질을 위해 최선을 다하고 있는 GHIRARDELLI 초콜릿은 부드럽고 맛있는 간식을 위해 고품질 재료를 사용하여 세심하게 제작되었습니다. GHIRARDELLI는 삶을 더 좋게 만듭니다.","['초콜릿', '선물', '프리미엄', '간식', '상자', '스퀘어', '풍부하다', '다크', '캐러멜', '밀크']"
식음료,스낵 및 디저트,초콜릿,,B00UXI3PLU,"Lindt LINDOR 밀크 초콜릿 캔디 트러플, 멜팅 트러플 센터가 있는 밀크 초콜릿, 430.9g(15.5온스) 백",Lindt,18171,18171,4.6,9087.0,"430.9g(15.5온스) Lindt LINDOR 밀크 초콜릿 트러플, 부드럽고 녹는 트러플 센터 밀크 초콜릿 LINDOR 트러플은 밀크 초콜릿 껍질과 부드럽고 녹는 트러플 센터가 특징입니다 LINDOR 초콜릿은 어떤 순간이든 특별하게 만들기에 적합합니다 개별적으로 포장된 밀크 초콜릿 캔디는 큰 가방에 담겨 제공되어 공유하기에 적합합니다 부드럽고 풍부한 맛을 제공하는 초콜릿",Lindt LINDOR 밀크 초콜릿 트러플로 부드럽고 녹는 초콜릿 탐닉을 경험하세요. 이 초콜릿 가방은 자신에게 잠시 시간을 보내거나 다른 사람들과 나눌 때 매일 특별한 날을 만듭니다. 프리미엄 밀크 초콜릿 껍질로 정교하게 제작된 이 밀크 초콜릿 캔디 트러플은 거부할 수 없을 정도로 매끄럽고 녹는 중심이 있어 최고의 초콜릿 경험을 선사합니다. 개별적으로 포장된 트러플은 언제 어디서나 즐길 수 있는 완벽한 크기입니다. Lindt 초콜릿은 Lindt Master Chocolatiers의 열정과 전문적인 장인 정신을 구현하여 감미롭고 보람 있는 초콜릿 경험을 제공합니다. 당신을 녹일 수 있도록 제작되었습니다. 언제든지. 어디서든 사용할 수 있습니다.,"['초콜릿', '밀크', '트러플', '부드럽다', '경험', '센터', '캔디']"
식음료,스낵 및 디저트,초콜릿,,B0CJGVPR7K,"Atkins Endulge 초콜릿 땅콩 캔디, 디저트 페이버리티, 설탕 0g, 16개입",Atkins,29209,29209,4.5,196.0,달콤한 치아를 만족시키세요. Atkins Endulge 초콜릿 땅콩 캔디는 초콜릿 맛으로 가득합니다. 군침이 도는 저설탕* 사탕은 초콜릿과 땅콩의 퇴폐적인 맛과 순탄수화물 1g 및 설탕 0g을 결합합니다*. 당신의 접근 방식. 좋아하는 맛을 희생하지 않으면서 몸에 필요한 영양소를 공급할 수 있도록 도와줍니다. 놀라운 레시피. 고품질 재료로 만든 훌륭한 음식의 영양소와 만족스러운 맛을 즐기세요 집 또는 이동 중에도 사용할 수 있습니다. 바쁜 일정에 맞는 맛있는 간식을 즐기세요. 좋은 맛. 이 맛있는 Endulge 간식으로 저탄수화물 라이프 스타일에 충실하세요.,Atkins™ Endulge Chocolate Peanut Candies. Sweet Endulge 초콜릿 땅콩 캔디는 초콜릿 맛으로 가득합니다. 군침이 도는 저설탕* 사탕은 초콜릿과 땅콩의 퇴폐적인 맛을 풍성한 디저트에 결합했습니다. 식사 후 간식으로 달콤한 치아를 만족시킬 수 있는 좋은 방법입니다. Atkins 초콜릿 땅콩 캔디는 1회 제공량당 순탄수화물 1g과 설탕 0g을 함유하고 있습니다*.,"['초콜릿', '맛', '땅콩', '설탕', '캔디', '간식', '탄수화물', '영양소', '결합', '군침']"
식음료,스낵 및 디저트,초콜릿,,B00167YCSM,"HERSHEY'S 밀크 초콜릿 XL, 할로윈 캔디 바, 124.7g(4.5온스) (12개, 16피스)",HERSHEY'S,35899,35899,4.7,5650.0,"124.7g(4.5온스) 12개, HERSHEY'S 밀크 초콜릿 XL 할로윈 캔디 바 16개가 벌크 상자에 들어 있습니다 무섭게 맛있는 캔디 트레이를 채우거나 캔디 사과를 장식하여 HERSHEY'S XL 밀크 초콜릿 캔디 바로 이웃 몬스터를 매혹시키세요 척추처럼 차갑게 맛있는 코셔, 벌크 밀크 초콜릿 캔디 바는 개별적으로 포장되어 신선함을 유지하고 모든 모험 중에 간식을 먹을 수 있습니다 개학 준비, 추수감사절 디저트 및 테일게이트 간식과 같은 가을 재미있는 활동에 이 클래식 밀크 초콜릿 캔디를 사용하여 달콤한 간식 챔피언이 되세요 올해의 코스튬 파티 수상자에게 XL HERSHEY'S 밀크 초콜릿 바를 선물하여 각 우승을 더욱 특별하게 만드세요","행복이 있고 HERSHEY'S happy가 있습니다. 수십 년 동안 고전적이었던 맛있고 크리미한 밀크 초콜릿으로 제작된 HERSHEY'S 밀크 초콜릿 캔디 바는 혼자 즐기거나 사랑하는 사람과 공유하든 삶을 더 맛있게 만듭니다. 이 초대형 사탕은 수많은 특별하고 일상적인 행사에 완벽한 간식입니다. HERSHEY'S XL 밀크 초콜릿 바는 크리스마스 스타킹을 채우고, 할로윈 트릭 오어 트릿 가방을 채우고, 부활절 바구니를 채우고, 사랑하는 모든 사람을 위한 발렌타인 데이 파티 선물을 만드는 데 사용할 수 있습니다.","['밀크', '초콜릿', '캔디', '간식', '맛있다', '할로윈', '파티', '특별하다', '선물', '사랑']"
식음료,스낵 및 디저트,초콜릿,,B0029JFOVK,"MilkyWay 캔디 밀크 초콜릿 바 벌크 팩, 풀 사이즈, 52.2g(1.8온스) 36개 팩)",Milky Way,47062,47062,4.7,2882.0,52.2g(1.8온스) 밀키 웨이 밀크 초콜릿 싱글 사이즈 캔디 바 36개입 박스 1개 포함 제품은 멋진 팩과 함께 배송됩니다(Fresh에서는 제공되지 않음) 이 캔디 바는 선물 바구니나 할로윈에 기절하기에 좋습니다 36개의 개별 포장된 풀 사이즈 밀키 웨이 밀크 초콜릿 바를 사무실 식료품 저장실에 보관하세요 풀 사이즈 밀키 웨이 캔디 바는 오후를 밝게 하기 위해 책상에 보관하기에 좋습니다,"맛있고 즐거운 초콜릿 경험을 즐겨보세요. 싱글 사이즈 밀키 웨이 밀크 초콜릿 캔디 바는 크리미한 캐러멜과 부드러운 누가로 만들어졌으며 풍부한 밀크 초콜릿에 새겨져 있습니다. 산만하게 맛있고 개별적으로 포장된 초콜릿 바는 동료 및 친구들과 공유하거나 할로윈에 트릭 오어 트릿에게 선물하거나 전달하기에 좋습니다. MILKY WAY 캔디바를 즐기는 데는 잘못된 방법이 없습니다./Hackettstown, NJ 07840-1503 USA","['초콜릿', '밀크', '캔디', '밀키', '웨이', '풀', '할로윈', '맛있다', '보관', '선물']"
식음료,스낵 및 디저트,초콜릿,,B00EDC0JUM,"Baby Ruth, 초콜릿, 피넛, 캐러멜, 누가, 개별 포장된 풀 사이즈 캔디, 할로윈 캔디에 적합, 289.2g(10.1온스), 24팩",Baby Ruth,34625,34625,4.3,1937.0,맛있는 맛: Baby Ruth는 땅콩 캔디 24개로 여러분이 알고 사랑하는 맛을 전달합니다 당신이 좋아하는 맛: 모두가 좋아하는 클래식 베이비 루스 캔디 바 드라이 로스트 땅콩의 풍부한 캐러멜과 부드러운 누가 풀 사이즈이며 맛에 확실히 큽니다 언제 어디서나 적절한 시기: 어디를 가든 이 맛있는 풀 사이즈 초콜릿 캔디 바는 어린이 백팩 간식이나 달콤한 게임 캔디로 완벽한 선물이 됩니다 스스로에게 선물하세요: 이 초콜릿 한 잔을 잡고 친구 가족 또는 동료에게 이길 수 없는 간식으로 대접하세요 완벽한 할로윈 간식: 이 으스스한 시즌에 맛있는 할로윈 사탕을 맛있게 즐기세요,"Baby Ruth 풀 사이즈 캔디 바로 달콤한 간식을 즐길 시간입니다. 이 땅콩, 초콜릿 및 완벽한 크기의 바는 당신을 위한 것이며 맛이 큽니다. 드라이 로스트 땅콩, 풍부한 캐러멜, 부드러운 누가트로 포장된 이 캔디 간식은 간식과 즐기기 쉽습니다. 거부할 수 없는 초콜릿 바를 어디에나 가져가서 누구에게나 공유하세요. 집이나 사무실, 파티, 모임, 디저트 또는 영화의 밤에 달콤한 간식으로 적합합니다. Baby Ruth는 인공 향료나 색소가 첨가되지 않았습니다. Baby Ruth 풀 사이즈 캔디 바는 모두가 알고 사랑하는 간식입니다.","['캔디', '간식', '풀', '맛', '초콜릿', '맛있다', '땅콩', '달콤하다', '할로윈', '캐러멜']"
식음료,스낵 및 디저트,초콜릿,,B0D1KYMVLT,"어린이 및 파티 선물을 위한 다양한 초콜릿 믹스 캔디 버라이어티 팩 - 벌크 개별 포장된 리즈 미니어처 컵, 킷캣, 허쉬 키스, 롤로, 히스 캔디 미니 모음, 220피스, 2.3kg(5파운드)",Generic,48405,48405,3.2,211.0,"초콜릿 블리스 - 최고의 편리함과 신선함을 위해 개별적으로 포장된 맛있는 벌크 초콜릿 캔디를 즐기세요. Reese's Miniature Cups, KitKat, Hershey's Kisses, Rolo, Heath와 같은 상징적인 인기 제품이 있는 이 초콜릿 믹스 버라이어티 팩은 한 입 먹을 때마다 맛의 모험을 약속합니다. 완벽한 파티 - 220개의 순수한 기쁨이 특징인 미니 초콜릿 캔디 버라이어티 팩으로 모든 모임을 업그레이드하세요. 생일, 휴일 또는 모든 행사에 완벽한 이 개별 포장된 벌크 캔디 초콜릿 간식은 파티 선물 가방을 채우거나 손님을 기쁘게 하거나 단순히 달콤한 치아를 만족시키는 데 이상적입니다. 탁월한 가치 - 이 벌크 캔디 개별 포장된 모음 가방으로 최고의 가성비를 얻을 수 있습니다. 큰 비용을 들이지 않고 좋아하는 초콜릿을 비축하세요. 개인적인 방종이든 대규모 행사이든, 이 초콜릿 벌크 모음은 항상 자신과 다른 사람들을 대할 준비가 되어 있습니다. 편리함 개선 - 이벤트를 위해 초콜릿을 개별적으로 선택하고 포장하는 번거로움과 작별 인사를 하세요. 다양한 초콜릿 캔디 버라이어티 팩은 최고의 편리함을 제공하여 시간과 노력을 절약합니다. 신선함을 위해 각 조각이 단단히 포장되어 있다는 것을 알고 간단히 잡고 이동하세요. 거부할 수 없는 맛 - 크리미한 땅콩 버터로 채워진 컵부터 바삭한 웨이퍼의 맛까지, 당사의 혼합 초콜릿 캔디 모듬 백 벌크는 모든 갈망을 충족시킵니다. 모든 연령대의 초콜릿 애호가에게 완벽한 이 초콜릿 캔디 벌크 모듬 캔디 버라이어티 팩 컬렉션으로 맛의 세계로 빠져보세요.","궁극의 초콜릿 경험을 즐기세요! 당사의 다양한 초콜릿 믹스 캔디 버라이어티 팩은 좋아하는 간식을 즐겁게 선택할 수 있으며 어린이와 파티 선물로 적합합니다. 각 팩에는 개별 포장된 Reeses 미니어처 컵, KitKat, Hersheys Kisses, Rolo 및 Heath Candy Miniatures가 포함되어 있으며 총 220개의 피스와 2.3kg(5파운드)의 초콜릿 맛이 있습니다. 모든 상황에 적합합니다. 생일을 축하하거나, 부활절 바구니를 채우거나, 단순히 달콤한 탐닉으로 자신을 대접할 때 당사의 초콜릿 믹스는 여러분의 갈망을 만족시킬 것입니다. 다양한 맛과 질감으로 파티, 휴일 및 일상적인 간식에 적합합니다. 모든 사람을 위한 간식. 부드럽고 크리미한 Reeses 미니어처 컵부터 바삭하고 바삭한 KitKat 바에 이르기까지 모든 사람을 위한 제품이 있습니다. 각 조각은 개별적으로 포장되어 있어 이동 중에도 공유하거나 즐기기에 적합합니다. 맛있는 다양한 초콜릿 믹스 캔디 버라이어티 팩에 빠질 기회를 놓치지 마세요. 지금 장바구니에 담기 버튼을 클릭하고 달콤하고 만족스러운 초콜릿 경험을 즐기세요!","['초콜릿', '캔디', '포장', '버라이어티', '맛', '파티', '믹스', '컵', '간식']"
식음료,스낵 및 디저트,초콜릿,,B0BHTWFQ5X,"Lindt LINDOR 다양한 초콜릿 트러플 90개 선물 상자, 부드럽고 녹는 트러플 센터가 있는 초콜릿 캔디, 1.08kg(36온스) 박스",Lindt,53862,53862,4.2,882.0,"1.08kg(36온스), 90개입 Lindt LINDOR 다양한 초콜릿 트러플 선물 상자 밀크 초콜릿, 다크 초콜릿, 화이트 초콜릿, 더블 초콜릿, 피스타치오 밀크 초콜릿, 캐러멜 밀크 초콜릿이 특징입니다 선물이나 축하 또는 모임에 가져가기에 완벽한 이 인상적인 초콜릿 선물 상자에는 약 90개의 조각이 들어 있습니다 개별적으로 포장된 초콜릿 캔디 트러플은 쉽게 공유할 수 있으며 캔디 요리를 위한 훌륭한 초콜릿입니다 Lindt 초콜릿을 탁월하게 만드는 프리미엄 고품질 재료로 제작되었습니다","Lindt LINDOR 트러플 선물 상자와 함께 새롭고 우아한 다양한 초콜릿 선물 상자에서 부드럽고 녹는 탐닉을 경험하십시오. 초콜릿 캔디 선물로 친구와 가족을 놀라게 하거나 Lindt LINDOR 초콜릿 트러플을 달콤하고 관대하게 저녁 식사 후 간식으로 공유하세요. 바로 줄 수 있는 이 인상적인 상자에는 약 90개의 트러플이 들어 있으며, 우유, 다크, 화이트, 더블 초콜릿, 피스타치오, 캐러멜 트러플이 각각 15개씩 포함되어 있어 모두가 즐길 수 있는 무언가가 있습니다. 프리미엄 초콜릿 껍질로 정교하게 제작된 이 초콜릿 캔디 트러플은 거부할 수 없을 정도로 매끄럽고 녹는 중심으로 채워져 최고의 초콜릿 경험을 선사합니다. 껍질을 깨면 트러플의 매끄러운 중앙이 녹기 시작하고 여러분도 마찬가지입니다. Lindt LINDOR 초콜릿 트러플은 개별적으로 포장되어 있어 자신에게 한 순간을 맛보거나 다른 사람들과 공유하기에 적합합니다. Lindt 초콜릿은 Lindt Master Chocolatiers의 열정과 전문적인 장인 정신을 구현하여 감미롭고 보람 있는 초콜릿 경험을 선사합니다. 당신을 녹이도록 제작되었습니다. 언제든지. 어디서든 사용할 수 있습니다.","['초콜릿', '트러플', '선물', '상자', '캔디', '밀크', '제작', '경험', '공유']"
식음료,스낵 및 디저트,초콜릿,,B07WT6GP2F,"Lindt 미니 프랄린, 프리미엄 충전재가 있는 다양한 초콜릿 프랄린, 선물용으로 적합, 175.8g(6.5온스) 박스",Lindt,22838,22838,4.4,2891.0,"Lindt 미니 프랄린 175.8g(6온스) 박스, 프리미엄 충전재가 있는 다양한 초콜릿 프랄린 캔디 상자에는 헤이즐넛, 프랄린, 캐러멜, 라즈베리, 누가와 같은 감미로운 충전재가 있는 퇴폐적인 다크 초콜릿과 밀크 초콜릿 품종이 포함되어 있습니다 고급 초콜릿 미니 프랄린은 선물하고 다른 사람들과 나누기에 적합합니다 선물 상자 포장은 축하, 편안한 순간 및 인생의 모든 특별한 순간에 우아함을 더합니다 Lindt 초콜릿은 Lindt Master Chocolatiers의 열정과 전문적인 장인 정신을 구현하여 독특하고 매끄럽고 풍부한 미식가의 맛을 제공하는 독특한 초콜릿 경험을 제공합니다 준비 상태: Ready to Eat","Lindt 미니 프랄린 셀렉션으로 최고의 초콜릿 탐닉을 경험하십시오. 다양한 초콜릿 캔디 선물 상자는 일상적인 행사를 특별한 행사로 바꾸는 완벽한 방법입니다. 동료와 함께 축하하거나, 가족과 함께 휴식을 취하거나, 친구들과 식사를 나누거나, 자신에게 시간을 즐기든, 이 고급 프랄린 셀렉션은 인생의 작은 순간에 우아한 동반자가 됩니다. 내부에 고품질 충전재와 외부 디테일에 세심한 주의를 기울여 제작된 이 고급 초콜릿 프랄린 컬렉션에는 헤이즐넛, 프랄린, 캐러멜, 라즈베리 및 누가와 같은 감미로운 충전재가 있는 퇴폐적인 다크 초콜릿과 밀크 초콜릿 품종이 포함되어 있습니다. 각 선물 상자에는 엄선된 프랄린이 포함되어 있어 특별한 사람을 나누거나 치료하기에 이상적입니다. Lindt Master Chocolatiers의 열정과 전문적인 장인 정신을 구현한 Lindt 초콜릿 미니 프랄린 선물 상자는 독특하고 보람 있는 초콜릿 경험을 제공합니다.","['초콜릿', '프랄린', '선물', '상자', '미니', '충전', '고급', '경험', '특별하다', '순간']"
식음료,스낵 및 디저트,초콜릿,,B0CVJ2B7C5,"Kit Kat 부활절 캔디 - 부활절 바구니 스터퍼, 파티 선물, 생일 등을 위한 개별 포장된 KitKat 부활절 초콜릿 바 벌크 백 - 입에서 녹는 미니 키트 캣 초콜릿 팩 (2.3kg(5파운드), 초콜릿 바)",,40095,40095,4.5,53.0,"즐거운 부활절 간식 - Kit Kat 부활절 사탕으로 부활절 축제를 업그레이드하세요. 이 2.3kg(5파운드) 벌크 백은 개별 포장된 KitKat 부활절 초콜릿 바로 채워져 있어 부활절 바구니 채우기, 파티 선물, 생일 등에 적합합니다. 입안에서 녹는 미니 키트 캣으로 부활절을 더욱 달콤하게 만드세요. 개별적으로 포장된 편리함 - KitKat 캔디 바 벌크 백은 부활절 캔디가 개별적으로 포장된 미니 키트 캣의 편리함을 제공합니다. 파티를 주최하든 부활절 바구니를 채우든 이 개별 포장된 간식은 사랑하는 사람들과 부활절의 기쁨을 쉽게 나눌 수 있습니다. 다용도 및 맛 - 다크 초콜릿 키트 캣 바부터 클래식 밀크 초콜릿까지, 부활절 캔디 버라이어티 팩은 모두를 위한 무언가를 제공합니다. 한 입 크기의 Kit Kat은 바삭한 웨이퍼와 부드러운 초콜릿의 완벽한 조합으로 모든 연령대의 초콜릿 애호가들이 가장 좋아하는 제품입니다. 부활절 바구니에 적합 - 부활절 키트 캣 캔디 바로 가족과 친구들을 놀라게 하고 즐겁게 하세요. 이 Kit Kat 미니 개별 포장된 간식은 부활절 바구니에 완벽한 추가 아이템으로, 휴일 축하 행사에 달콤함을 더합니다. 고품질 초콜릿 - 프리미엄 재료로 제작된 미니 키트 캣 개별 포장된 초콜릿 팩은 한 입 먹을 때마다 입안에서 녹는 경험을 약속합니다. 간식으로 즐기든 부활절 축제의 일부로 즐기든, 이 맛있는 Kit Kat 부활절 캔디 벌크 바는 가장 안목 있는 초콜릿 애호가들도 기쁘게 할 것입니다.","초콜릿 믹스로 부활절의 행복에 빠져보세요/Kit Kat 부활절 캔디 벌크 백으로 부활절 축하 행사를 업그레이드할 준비를 하세요! 2.3kg(5파운드)의 개별 포장된 KitKat 바가 포함된 이 모음은 부활절 바구니, 파티 선물, 생일 등을 채우기에 적합합니다./거부할 수 없는 미니 딜라이트/미니 키트 캣 바로 입안에서 녹는 즐거움의 기쁨을 경험하세요! 한 입 크기의 초콜릿 바는 신선함과 편리함을 위해 개별적으로 포장되어 이동 중에도 간식을 먹거나 친구 및 가족과 공유하기에 이상적입니다./다용도 부활절 간식/부활절 바구니, 파티 선물 또는 단순히 달콤한 치아를 만족시킬 때 Kit Kat 바 벌크 백이 여러분을 보호해 드립니다. 부활절 캔디 버라이어티 팩에 완벽한 추가 아이템입니다!/프리미엄 초콜릿 인덜전스/프리미엄 초콜릿으로 제작된 Kit Kat 바의 맛있는 맛을 느껴보세요. 각 바는 만족스러운 크런치와 크리미한 초콜릿의 장점을 제공하여 더 많은 갈망을 남길 것입니다./지금 비축하세요/Kit Kat 부활절 캔디 벌크 백으로 부활절을 더욱 특별하게 만들 수 있는 기회를 놓치지 마세요. 지금 장바구니에 담기 버튼을 클릭하고 Kit Kat 바의 거부할 수 없는 맛을 느껴보세요.","['부활절', '초콜릿', '캔디', '포장', '캣', '키트', '바구니', '미니', '간식', '파티']"
식음료,스낵 및 디저트,초콜릿,,B0D952YTTB,"Mars 다양한 초콜릿 캔디 버라이어티 팩 - 2.3kg(5파운드) 벌크 초콜릿 캔디 모음 - 개별 포장된 재미있는 사이즈 스니커즈, Twix, 은하수 혼합 초콜릿 - 2.3kg(5파운드) 벌크 캔디 백",Yummy Chew,48447,48447,2.1,22.0,"맛있는 다양한 화성 초콜릿: Snickers, Twix, Milky Way와 같은 팬들이 좋아하는 프리미엄 Mars 초콜릿으로 달콤한 치아를 만족시키세요. 이 다양한 믹스는 바삭한 음식, 견과류 또는 크리미한 간식을 좋아하든 모든 사람에게 무언가를 제공합니다. 넉넉한 2.3kg(5파운드) 벌크 캔디 모음: 어떤 경우에도 완벽한 이 벌크 2.3kg(5파운드) 백은 개별적으로 포장된 재미있는 크기의 초콜릿을 충분히 공급합니다. 식료품 저장실을 비축하거나 파티를 준비하거나 사무실이나 집에서 캔디 그릇을 채우는 데 이상적입니다. 신선함과 편리함을 위해 개별 포장: 각 캔디는 신선함과 위생을 유지하기 위해 개별적으로 포장됩니다. 공유하기 쉬운 이 간식은 트릭 오어 트릿, 파티 선물, 선물 가방 또는 이동 중에도 간식으로 적합합니다. 모든 축하 행사 및 이벤트에 적합: 할로윈, 생일, 휴일, 사무실 모임 또는 단순히 자신을 대접할 때 이 혼합 초콜릿 캔디 모음은 어떤 경우에도 잘 어울리는 다재다능합니다. 재미있는 사이즈로 양을 쉽게 조절할 수 있으며 풍부한 맛을 제공합니다. 프리미엄 품질 및 만족 보장: 고품질 재료로 제작된 Mars 초콜릿은 풍부하고 만족스러운 맛 경험을 제공합니다. 이 모음은 최고 수준의 과자를 좋아하는 사람들에게 훌륭한 선택으로, 모든 음식을 맛있게 즐길 수 있습니다.",,"['초콜릿', '캔디', '포장', '모음', '간식', '재미있다', '사무실', '사람', '백', '음식']"
식음료,스낵 및 디저트,초콜릿,,B0029JE8V2,"3 MUSKETEERS 캔디 밀크 초콜릿 바, 풀 사이즈, 54.4g(1.9온스) 바 (36개 팩) 박스",3 Musketeers,49347,49347,4.2,2664.0,1020.6 - 60.4g(24온스) 바 주요 초콜릿 브랜드의 평균보다 지방이 45% 적습니다,"만족스럽게 휘핑한 푹신한 초콜릿 간식을 원하신다면 머스킷티어스 캔디 바 3개 이상을 찾으실 필요가 없습니다. 각 3개의 MUSKETEERS 초콜릿 바는 풍부한 밀크 초콜릿에 새겨진 가볍고 푹신한 휘핑 초콜릿 센터로 만들어졌습니다. 포장을 풀거나 좋아하는 디저트 레시피에 통합하여 초콜릿 온 초콜릿 간식을 즐기세요. 3 MUSKETEERS 캔디는 완벽한 양의 초콜릿, 푹신하고 머스킷티어입니다! 주방이나 사무실에 MUSKETEERS 캔디 바 3개를 보관하여 나누기에 완벽한 맛있는 간식을 만드세요. 머스키터 초콜릿 바 3개를 맛볼 수 있는 다양한 방법이 있습니다./Hackettstown, NJ 07840-1503 USA","['초콜릿', '캔디', '간식', '푹신하다', '휘핑', '완벽하다', '밀크']"
식음료,스낵 및 디저트,초콜릿,,B00N0OXU78,"Snickers 캐러멜과 구운 땅콩 초콜릿 커버, 바 24개 x 50g(1200g)",Snickers,35649,35649,3.8,1238.0,Snickers 초콜릿 바 50g (24개 팩) 각 50g 개별 포장된 바 24개,Snickers 초콜릿 바 50g (24개 팩),"['초콜릿', '포장', '커버', '캐러멜', '운', '땅콩']"
식음료,스낵 및 디저트,초콜릿,,B0029J6HU2,"MILKY WAY Candy Midnight 다크 초콜릿 바 벌크 팩, 풀 사이즈, 1.76 바 (24개 팩)",Milky Way,52851,52851,4.7,2678.0,49.9g(1.75온스) 싱글 사이즈 밀키 웨이 미드나잇 다크 초콜릿 캔디 바 24개입 박스 1개가 포함되어 있습니다 *Amazon.com에서 배송 및 판매할 때 멋진 팩과 함께 배송됩니다(Fresh에서는 제공되지 않음)* MILKY WAY 미드나잇 다크 초콜릿 풀 사이즈 캔디 바는 산만하게 좋은 오후 간식입니다 MILKY WAY 미드나잇 다크 초콜릿 캔디 바를 친구와 나누어 초콜릿의 기쁨을 나누세요 MILKY WAY 미드나잇 캔디로 캐러멜과 다크 초콜릿 애호가에게 선물하세요,"풍부하고 어둡고 맛있습니다! 싱글 사이즈 밀키 웨이 미드나잇 다크 초콜릿 캔디 바는 일상적인 축하 행사에 맛있는 재미를 더하는 맛있는 방법입니다. 크리미 한 골든 캐러멜과 바닐라 누가로 만들어졌으며 진한 다크 초콜릿으로 코팅된 이 초콜릿 캔디 바는 점심에 포장하거나 책상에 보관할 수 있는 맛있는 오후 간식입니다. MILKY WAY 풀 사이즈 캔디 바는 가족 및 친구들과 공유하고, 동료에게 선물하고, 할로윈에 트릭 오어 트릿에게 전달하기에 좋습니다. 맛있는 다크 초콜릿과 캐러멜을 공유하는 잘못된 방법은 없습니다./Hackettstown, NJ 07840-1503 USA","['초콜릿', '다크', '캔디', '미드나잇', '맛있다', '캐러멜', '풀', '오후', '웨이', '밀키']"
식음료,스낵 및 디저트,초콜릿,,B07CY3Y6YN,M&M's 레드 화이트 & 블루 밀크 초콜릿 (1.7L(60온스),M&M's,37256,37256,3.6,563.0,제품의 패키지 길이는 12.7cm(5인치)입니다 제품의 패키지 너비는 12.7cm(5인치)입니다 제품의 패키지 높이는 15.2cm(6인치)입니다 제품의 패키지 무게는 1.9kg(4.2파운드)입니다,"&M의 밀크 초콜릿 애국 믹스는 이름에 애국심이라는 단어를 가지고 있습니다. 밀크 초콜릿 캔디는 미국 국기의 색상을 모방하기 위해 레드, 화이트, 블루 품종으로 제공되기 때문입니다. 피크닉, 축제, 블록 파티, 바베큐 또는 요리를 주최하든 이 애국적인 M&M은 미국의 독립을 축하하는 다른 파티 참석자들을 기쁘게 할 것입니다.","['패키지', '초콜릿', '밀크', '화이트', '파티', '레드', '미국', '애국', '블루', '블록']"
식음료,스낵 및 디저트,초콜릿,,B0D35PWKD3,"M&M'S 밀크 초콜릿 번들 0.5kg(1파운드) - 캔디 벌크, 재미있는 사이즈, 재밀봉 가능한 가방, 개별 포장 팩",Donty-Tonty,20761,20761,3.7,17.0,"바삭하고 다채로운 초콜릿: 입안에서 녹는 풍부한 밀크 초콜릿 맛으로 m&ms는 달콤함과 크리미함이 완벽하게 조화를 이룹니다. 바삭한 캔디 쉘은 만족스러운 질감을 더하여 한 입 먹을 때마다 거부할 수 없습니다. 캔디 벌크: 좋아하는 초콜릿 캔디를 구입하는 편리함을 즐기세요. 필요할 때 항상 맛있는 M&M을 충분히 준비하세요. 언제나 신선한 사탕: 저희 캔디는 보관함에 유휴 상태로 두지 않습니다. 저희는 신속하고 신중하게 포장하여 집 앞까지 배달합니다. 가장 신선한 사탕만을 사용하여 맛과 품질을 즐길 수 있습니다. 편리한 포장: Donty-Tonty의 재밀봉 가능한 지퍼백은 눈길을 사로잡는 세련되고 내구성이 뛰어난 디자인입니다. 공기, 먼지, 습기 및 빛으로부터 사탕을 보호할 뿐만 아니라 제품의 신선함과 맛을 유지하는 데 도움이 됩니다. 모든 경우: 생일, 피냐타, 졸업 파티, 결혼식, 베이비 샤워, 할로윈, 발렌타인 데이, 크리스마스, 부활절, 사무실 모임, 학교 행사, 영화의 밤, 피크닉, 도로 여행, 감사 선물, 기념일 축하 등.","맛있는 M&M'S 초콜릿 캔디를 만나보세요 많은 사람들에게 사랑받는 클래식한 M&M'S의 풍부한 맛에 빠져보세요. 오리지널 m&ms의 팬이든, 땅콩 m&ms의 견과류 장점을 갈망하든, 다른 품종을 선호하든, M&M'S는 초콜릿에 대한 갈망을 충족시킬 수 있는 무언가를 가지고 있습니다. 편리한 벌크 옵션 편리한 캔디 벌크 팩으로 좋아하는 M&M을 구입하세요. 파티, 모임 또는 간식을 위해 충분한 양을 준비하기에 완벽한 벌크 팩은 이 맛있는 간식이 부족하지 않도록 합니다. 신선도 m & m 캔디는 개별적으로 포장되어 신선함과 맛을 밀봉합니다. 이렇게 하면 집에서 즐기거나 이동 중에도 친구들과 공유할 때 모든 물기가 첫 번째 음식만큼 맛있습니다. 모든 상황에 적합합니다. m&ms는 모든 상황에 적합한 다용도 간식입니다. 영화를 보거나 특별한 행사를 축하하거나 달콤한 치아를 만족시킬 때 mnm 캔디는 완벽한 선택입니다.","['캔디', '초콜릿', '맛', '포장', '편리하다', '맛있다', '신선하다', '사탕', '간식', '완벽하다']"
식음료,스낵 및 디저트,초콜릿,,B0CD31YXQB,"Kinder Bueno 미니, 125개 파티 팩, 밀크 초콜릿 및 헤이즐넛 크림, 개별 포장 초콜릿 바, 674.7g(23.5온스)",Kinder Bueno,30442,30442,4.8,385.0,"기대를 거부합니다: 개별적으로 포장된 미니 가방에서 Kinder Bueno 고유하고 탁월한 맛을 발견하세요. 각 가방에는 초콜릿 헤이즐넛 캔디 미니가 포함되어 있습니다 독특하고 맛있습니다: 다크 초콜릿 이슬비가 있는 부드러운 밀크 초콜릿은 바삭한 웨이퍼와 크리미한 헤이즐넛 필링 주머니를 덮어 먹을 때마다 감각적인 맛을 제공합니다 간편한 공유: 각 팩에는 두 개의 Kinder Bueno 바가 포함되어 있어 맛있고 공유할 수 있는 초콜릿을 즐기기에 완벽합니다 자신을 대접하십시오: Kinder Bueno 밀크 초콜릿 미니의 바삭하고 크리미한 맛을 캔디 접시, 도시락 가방 또는 파티 선물로 추가하여 평범한 순간을 특별하게 만드세요. 이 미니는 친구나 가족과 함께 즐기기에 적합합니다. Kinder Bueno Mini를 토핑하여 디저트와 구운 음식을 더 맛있게 만들 수도 있습니다. 모든 사이즈에 맞는 사이즈: Kinder Bueno 제품은 다양한 사이즈 중에서 선택할 수 있으며, 훌륭한 초콜릿 간식을 찾고 있거나 친구와 공유하기 위해 어떤 크기로든 완벽한 간식을 만듭니다","한 입 크기의 초콜릿 가방에서 Kinder Bueno Mini의 독특하고 탁월한 맛을 발견하십시오. 이 패밀리 팩에는 Kinder Bueno 미니 초콜릿 바 674.7g(23.5온스)가 포함되어 있습니다. 부드러운 밀크 초콜릿, 크리미한 헤이즐넛 필링 및 바삭한 웨이퍼는 한 입 먹을 때마다 감각적인 맛을 제공합니다. Kinder Bueno Mini 밀크 초콜릿 바의 바삭하고 크리미한 맛을 캔디 접시, 도시락 가방 또는 파티 선물로 추가하여 평범한 순간을 특별하게 만드세요. 이 미니 바는 친구와 함께 즐기기에 적합합니다. Kinder Bueno Mini를 토핑하여 디저트와 구운 음식을 더 맛있게 만들 수도 있습니다.","['초콜릿', '미니', '맛', '가방', '밀크', '헤이즐넛', '바삭', '맛있다', '크리미', '캔디']"
식음료,스낵 및 디저트,초콜릿,,B002RBRY0Y,"Lindt LINDOR 다크 초콜릿 캔디 트러플, 발렌타인 데이 초콜릿, 720g(25.5온스), 60개",Lindt,34500,34500,4.3,4508.0,"720.1g(25.5온스), Lindt LINDOR 다크 초콜릿 트러플 60개, 발렌타인 데이 캔디 거부할 수 없을 정도로 매끄러운 다크 트러플 충전재를 감싸는 섬세한 다크 초콜릿 쉘이 특징입니다 Lindt LINDOR 초콜릿 트러플은 완벽한 자기 방종이며 친구, 동료, 교사 및 특별한 사람을 포함한 모든 발렌타인에게 사려 깊은 선물이 됩니다 큰 상자에 개별적으로 포장된 밀크 초콜릿 캔디 트러플은 공유하고 비축하기에 적합합니다 Lindt 초콜릿을 탁월하게 만드는 프리미엄 고품질 재료로 만든 코셔 초콜릿","Lindt LINDOR 다크 초콜릿 트러플과 함께 친구나 사랑하는 사람들에게 이번 발렌타인 데이에 당신에게 얼마나 큰 의미가 있는지 상기시켜 주세요. 이 다크 초콜릿 캔디 트러플은 완벽한 탐닉이며 스스로 사려 깊은 선물이나 특별한 사람을 위해 꽃이나 와인 한 병과 완벽하게 어울립니다. 프리미엄 다크 초콜릿 껍질로 정교하게 제작된 이 다크 초콜릿 캔디 트러플은 거부할 수 없을 정도로 매끄럽고 녹는 중심이 있어 최고의 초콜릿 경험을 선사합니다. 이 상자에는 개별적으로 포장된 다크 초콜릿 트러플이 포함되어 있어 스타킹, 선물 또는 장미 꽃잎으로 장식하여 로맨틱한 데이트를 위해 장식하기에 이상적인 크기입니다. 세계적으로 유명한 지역의 프리미엄 재료를 사용하여 Lindt Master Chocolatiers는 175년 이상 타의 추종을 불허하는 열정과 헌신으로 고급 초콜릿의 예술을 완성해 왔습니다.","['초콜릿', '다크', '트러플', '캔디', '발렌타인', '선물', '프리미엄', '완벽하다', '데이', '사람']"
식음료,스낵 및 디저트,초콜릿,,B0D65ZF3J4,"다양한 초콜릿 믹스 - 우유 및 초콜릿 커버 간식 모음 - 파티, 선물 및 간식에 적합 (0.9kg(2파운드)",Pisoka,26245,26245,2.8,220.0,"버라이어티 팩에는 밀크 초콜릿과 초콜릿으로 덮인 간식이 포함되어 있어 모든 초콜릿 애호가를 위한 풍부하고 퇴폐적인 믹스를 제공합니다. 이 벌크 사이즈의 0.9kg(2파운드) 백은 충분한 초콜릿을 제공하여 파티, 휴일 또는 단순히 정기적인 탐닉을 위해 준비하기에 적합합니다. 각 초콜릿 조각은 개별적으로 포장되어 있어 신선도를 극대화하고 친구, 가족 또는 파티 손님과 쉽게 공유할 수 있습니다. 초콜릿 셀렉션은 모든 연령대에 적합하며 프리미엄 초콜릿 간식을 좋아하는 어린이와 성인 모두에게 훌륭한 선택입니다. 이 다양한 초콜릿 믹스는 축하, 휴일 또는 초콜릿에 대한 욕구를 충족시키기 위한 고급스러운 선물로 모든 행사에 적합합니다.","다양한 초콜릿 0.9kg(2파운드) 봉지의 풍부하고 퇴폐적인 맛에 빠져보세요. 이 벌크 버라이어티 팩은 밀크 초콜릿과 초콜릿으로 덮인 기쁨을 포함하여 신중하게 선별된 초콜릿 간식을 특징으로 하며 모든 초콜릿 애호가가 맛볼 수 있는 음식이 있습니다. 각 제품은 신선함을 유지하고 편리하게 공유할 수 있도록 개별적으로 포장됩니다. 모든 상황에 이상적인 이 초콜릿 믹스는 파티, 휴일, 선물 또는 단순히 초콜릿에 대한 욕구를 만족시키는 데 적합합니다. 축하 행사를 주최하거나, 고급스러운 선물 바구니를 만들거나, 좋아하는 초콜릿을 비축할 때, 당사의 다양한 초콜릿 믹스는 분명 기뻐할 것입니다. 부드럽고 크리미한 질감과 정교한 맛으로 어린이와 어른 모두에게 프리미엄 초콜릿 경험을 약속합니다. 오늘 자신이나 사랑하는 사람에게 이 천국의 초콜릿을 선물하세요!","['초콜릿', '믹스', '간식', '선물', '파티', '휴일']"
식음료,스낵 및 디저트,초콜릿,,B00P6F5KP4,Atkins Endulge Treat 초콜릿 커버 아몬드. 풍부하고 바삭한 케토 친화적. (20 파우치),Atkins,32132,32132,4.6,1227.0,"초콜릿 커버 아몬드. 이 풍부하고 바삭한 Atkins Endulge Treat은 라이프 스타일에 충실하면서 미각을 즐겁게 합니다. 4팩이 포함되어 있으며, 각각 28.3g(1온스) 파우치 5개가 있습니다. 제품 참고: 열이나 햇빛에 노출되면 제품이 녹거나 손상될 수 있습니다. 따라서 제품 배송 중에 고객이 사용할 수 있을 것으로 예상됩니다 트랙 상태를 유지하세요. 초콜릿 커버 아몬드는 1회 제공량당 3g의 단백질과 1g의 섬유질을 제공하여 일일 목표를 달성하는 데 도움이 됩니다. 또한, 1회 제공량당 순탄수화물 2g과 설탕 1g이 함유된 이 간식은 케토 친화적인 라이프 스타일에 적합합니다. Atkins 케토제닉 프로그램과 함께 사용할 경우 모든 맛. 죄책감 없음. 바삭하고 구운 아몬드는 풍부한 초콜릿에 담근 이 간식은 죄책감 없이 원하는 모든 맛을 제공합니다. 스마트한 간식. Atkins의 맛있고 영양이 풍부한 간식은 탐닉과 스마트한 간식의 완벽한 균형을 이룹니다. 모두를 위한 제품. Atkins Endulge Treats는 자신만의 독특한 질감과 맛을 가지고 있어 모든 욕구를 충족시키고 라이프 스타일을 지원하는 데 필요한 다양성을 제공합니다.","ATKINS 미션. Atkins의 목적은 글로벌 건강을 개선하고 사람들이 제대로 먹는 것이 체중 감량과 건강해지는 것이라는 것을 이해하도록 돕는 것입니다. 상상력, 혁신, 파트너십 및 과학에 대한 헌신을 사용하여 쉽게 먹을 수 있습니다. 초콜릿 코팅 아몬드. Atkins의 간식은 맛을 손상시키지 않으면서 저탄수화물 라이프 스타일을 지원합니다. 이 간식은 죄책감 없이 원하는 모든 맛을 제공합니다. 다음에 달콤함이 필요할 때는 풍부한 초콜릿에 담근 바삭하고 구운 아몬드를 사용하세요. 제품 구성: 이 케토 친화적* 간식은 라이프 스타일을 추적하면서 미각을 즐겁게 합니다. 4팩이 포함되어 있으며, 각각 3g의 단백질이 들어 있는 28.3g(1온스) 파우치 5개, 섬유질 1g, 순탄수화물 2g, 설탕 1g이 포함되어 있습니다. *Atkins 케토제닉 프로그램과 함께 사용하면 EAT RIGHT. 더 적은 것은 아닙니다. 심장학자 닥터 로버트 C. 애킨스는 체중 감량 측면뿐만 아니라 만성 문제를 줄이는 것을 보았습니다. 지난 45년 동안 Atkins 박사가 옳았다는 증거를 드러내고 있습니다. 대중 건강 중독. ""Atkins Diet""은 유행으로 시작되었지만 빠르게 사람들의 영양과 체중 감량에 대한 이해와 건강과의 연관성을 재설정하는 반전통적인 움직임이 되었습니다. Atkins 공공 보건 옹호는 식이 지침을 업데이트하고 덜 올바른 방향으로 이동하는 데 중요한 역할을 했습니다./Acceptable for all phases of the Atkins diet. Real roasted almonds dipped in rich chocolate.","['간식', '초콜릿', '아몬드', '라이프', '맛', '스타일', '풍부하다', '키토', '바삭', '죄책감']"
식음료,스낵 및 디저트,초콜릿,,B07572SC9R,"M&M 's Family Size 캔디, 다크 초콜릿, 544.3g(19.5온스) (49% 카카오 다크 초콜릿 땅콩 캔디, 2봉지)",M&M's,44250,44250,4.3,410.0,M&M'S 땅콩 다크 초콜릿 캔디 544.3g(20온스) 백 2개 포함 49% 카카오로 만든 다크 초콜릿 재밀봉 가능한 가방에 담겨 배송됩니다 Peanut M&M'S Candy는 가족 및 친구들과 공유할 수 있는 가장 좋아하는 영화 사탕입니다 진짜 땅콩과 다크 초콜릿으로 만든 다채로운 캔디와 캔디 껍질로 둘러싸여 있습니다,"M&M 다크 초콜릿 땅콩 사탕으로 가족 크기의 M & M을 즐기세요. 다채로운 캔디 껍질에 담긴 간식 크기의 초콜릿 조각은 모든 사람에게 재미있는 간식입니다. 달콤한 간식을 원할 때 파티, 축하, 베이킹, 여행 또는 특별한 간식을 위해 이 다크 초콜릿 간식을 손에 보관하세요. M&M'S 땅콩 다크 초콜릿 캔디는 약간의 견과류로 맛있고 항상 재미로 가득합니다. 맛있는 초콜릿과 다채로운 캔디 껍질로 덮인 구운 땅콩을 즐기세요. 이 한 입 크기의 초콜릿 캔디는 베이킹 및 선물 바구니에 추가하기 좋습니다. 다음 행사나 축하를 위해 M&M'S Candy를 기억하세요!","['초콜릿', '캔디', '다크', '땅콩', '간식', '껍질', '사탕', '베이킹', '카카오', '축하']"
식음료,스낵 및 디저트,초콜릿,,B0DB6M5YR7,"Hershey 밀크 초콜릿 바 스낵 사이즈 - 스모어, 파티 가방, 개학 간식 및 사무실 간식용 35개 미니 개별 포장 초콜릿 캔디 바",Buha Sweets,13836,13836,,,"각 밀크 초콜릿 바의 무게는 12.8g(0.4온스) 미니 개별 포장된 간식으로, 공유, 간식 또는 비축에 편리하고 실용적인 옵션입니다 편리한 사이즈 - 스낵 사이즈 바는 양 조절에 이상적이며 필요할 때마다 빠르고 만족스러운 초콜릿을 고칠 수 있습니다. 모든 상황에 이상적 - 학교 점심을 위해 포장하거나, 자녀의 도시락에 간식을 추가하거나, 사무실 동료에게 달콤한 서프라이즈를 제공하든, 이 초콜릿 바는 다재다능하고 편리합니다. 파티 선물 - 각 초콜릿 바는 개별적으로 포장되어 파티 가방에 적합합니다. 이 초콜릿 바는 모든 사람이 자신만의 간식을 받을 수 있도록 하여 모든 축하나 모임에서 인기를 끌 수 있습니다. 최고 품질 - 저희는 각 배치가 모양과 맛의 무결성을 유지하기 위해 안전하게 포장되어 맛있는 간식 경험을 위한 완벽한 상태로 도달할 수 있도록 합니다","미니 밀크 초콜릿 바 스낵 사이즈 벌크 팩/스낵 사이즈 밀크 초콜릿 바로 허쉬의 클래식한 맛에 빠져보세요. 각 바의 무게는 12.8g(0.4온스)이며 30개의 미니 바가 있어 개별적으로 포장된 초콜릿 간식을 넉넉하게 공급할 수 있습니다./어떤 경우에도 완벽한 이 미니 바는 스모어를 만들거나 파티 가방에 포장하거나 학교 점심과 사무실 간식에 달콤한 느낌을 더하는 데 적합합니다./편리한 사이즈: 이 스낵 사이즈 바는 양을 조절할 수 있으며 빠르고 만족스러운 초콜릿을 고칠 수 있도록 잡기 쉽습니다. 이동 중이든 단순히 간식이 필요하든, 모든 순간에 완벽한 크기입니다./모든 상황에 이상적: 다재다능하고 편리한 이 바는 도시락에 포장하거나 달콤한 간식으로 아이들을 놀라게 하거나 사무실에 즐거운 간식을 제공하기에 적합합니다./파티 경품: 신선함을 위해 개별적으로 포장된 이 바는 훌륭한 파티 선물이 됩니다. 각 손님은 자신만의 미니 초콜릿 바를 즐길 수 있어 모든 축하 행사나 모임에서 인기를 끌 수 있습니다./최고 품질: 저희는 모양과 맛의 무결성을 유지하기 위해 각 배치가 안전하게 포장되도록 주의를 기울입니다. 이 바는 완벽한 상태로 제공되어 매번 맛있는 간식 경험을 보장합니다.","['간식', '초콜릿', '포장', '미니', '파티', '편리하다', '스낵', '완벽하다', '밀크', '사무실']"
식음료,스낵 및 디저트,초콜릿,,B084M8P8KG,"De la Rosa Mazapan, 멕시코 오리지널 땅콩 캔디, 레귤러 및 초콜릿 커버 (레귤러, 12팩)",de la Rosa,10872,10872,4.6,3991.0,초콜릿 커버 Mazapan 모두가 좋아하는 제품. 완벽하게 선택된 구운 땅콩으로 제작된 Mazapán도 초콜릿 분수대에서 더 거부할 수 없게 되었습니다.,,"['초콜릿', '커버', '레귤러', '땅콩', '캔디', '제작', '운', '완벽하다', '선택', '분수']"
식음료,스낵 및 디저트,초콜릿,,B0D3J9XKLV,Sun-Maid Farmstand Reserve 24개 버라이어티 팩 - 22.7g(0.8온스) 스낵 백 - 바다 소금 코코아 및 캐러멜 가루 건포도 + 바다 소금 초콜릿 코팅 바나나 칩,Sun-Maid,19708,19708,4.3,35.0,"성인과 어린이를 위한 다양한 간식: 맛있는 만족스러운 간식을 제공하는 다양한 달콤한 24개입 팩은 재설정, 상쾌함, 연결을 위한 완벽한 휴대용 간식을 제공합니다. GMO 프리 바다 소금 코코아 & 캐러멜 건포도: 공정 무역 코코아와 캐러멜에 바다 소금을 뿌린 달콤한 햇볕에 말린 건포도는 맛있고 만족스러운 간식을 제공합니다. 바다 소금 초콜릿 코팅 바나나 칩: 공정 무역 코코아와 약간의 바다 소금으로 만든 퇴폐적인 코팅의 바삭한 바나나 칩. 가정이나 이동 중에도 다용도 말린 과일 간식: 편리한 1인용 파우치에 포장되어 언제 어디서나 원하는 음식을 충족시킬 수 있습니다. 다른 인기 제품과 결합: 바다 소금 프레즐, 글레이즈드 피칸, 계피 사과, 달콤하고 맛있는 스낵 페어링, 샤퀴테리 보드, 오트밀, 요거트 혼합물에 추가하세요. SUN-MAID 말린 과일 간식: Sun-Maid 건조 혼합 베리, 말린 망고, 캘리포니아 햇볕에 말린 건포도 및 기타 Sun-Maid 버라이어티 팩도 사용해보세요.","Sun-Maid Farmstand Reserve 개별 포장된 간식은 집이나 이동 중에도 완벽한 선택입니다. 공정 무역 코코아로 만든 퇴폐적인 코팅으로 덮인 말린 과일은 재설정, 재생 및 연결을 위한 완벽한 ""나의 순간"" 또는 ""공유 가능한 간식""을 제공합니다. 다른 말린 과일 브랜드와 달리, Sun-Maid Farmstand Reserve 제품은 최고의 맛과 과일 품종을 제공하도록 선별되어 만족스럽고 달콤한 과일 솔루션을 제공합니다. 또한 편리한 1인용 파우치에 포장되어 있어 언제 어디서나 원하는 것을 충족시킬 수 있습니다. 고객님을 염두에 두고 제작되었습니다. 공유하지 않는 것이 너무 좋습니다!","['간식', '소금', '바다', '과일', '코코아', '코팅', '달콤하다', '건포도', '캐러멜', '만족스럽다']"
식음료,스낵 및 디저트,초콜릿,,B09ZLW4MPD,"Feastables MrBeast 오리지널 초콜릿 바 - 유기농 코코아로 제작. 4가지 성분만을 사용한 식물 기반, 10개",Feastables,29085,29085,4.0,1519.0,OG 초콜릿의 풍부하면서도 크리미한 질감은 하루의 수준을 높여줄 뿐만 아니라 어떻게 더 많은 것을 얻을 수 있는지 궁금하게 만들 것입니다. 4가지 기본 성분으로 구성된 당사의 모든 바는 유기농 카카오가 함유된 100% 식물 기반이며 처터 끝까지 믿을 수 없을 정도로 맛있습니다. 놀라운 품질과 신중하게 공급된 재료에 중점을 둔 OG 초콜릿은 조금 다릅니다. 발음할 수 있고 미뢰가 좋아할 재료로 제작되었습니다. 모든 초콜릿의 마지막 보스.,,"['초콜릿', '제작', '식물', '기반', '유기농', '재료', '성분', '함유', '발음', '미뢰']"
식음료,스낵 및 디저트,초콜릿,,B01ELAGIIM,Cadbury Crunchie (4 x 26.1g Chocolate Bars) 104.4g UK / British Chocolate,Cadbury,12451,12451,4.3,5160.0,"맛있는 Cadbury 밀크 초콜릿으로 둘러싸인 골든 허니콤 센터 Cadbury Crunchie 초콜릿 바의 달콤한 맛을 친구 및 가족, 파티 또는 사무실 주변에서 또는 아늑한 선물로 나누세요 진정한 달콤한 순간을 위해 풍부한 Cadbury 밀크 초콜릿으로 둘러싸인 골든 벌집 센터가 있는 Cadbury's Crunchie 바의 맛있는 맛을 발견하세요 채식주의자에게 적합합니다",Cadbury 크런치 (26.1g 초콜릿 바 4개) 104.4g 영국 / 영국 초콜릿 …,"['초콜릿', '골든', '달콤하다', '맛', '맛있다', '밀크', '영국', '센터', '허니콤', '선물']"
식음료,스낵 및 디저트,초콜릿,,B00GZG2YN4,"REESE'S NUTRAGEOUS 땅콩 버터 캐러멜 땅콩 캔디 바, 47.1g(1.6온스) (18개)",Reese's,38710,38710,4.5,2194.0,"대용량 상자에 47.1g(1.6온스) REESE의 영양이 풍부한 밀크 초콜릿, 땅콩, 땅콩 버터 및 캐러멜 캔디 바 18개가 들어 있습니다 직장, 이동 중 또는 심부름을 할 때 풍부한 초콜릿, 부드러운 땅콩 버터, 달콤한 캐러멜, 바삭한 땅콩이 들어 있는 캔디 바에 물어보세요 벌크, 코셔 및 글루텐 프리 캔디 바는 모금 행사, 매점 스탠드 및 재판매 캔디로 사용할 수 있는 맛있는 땅콩과 초콜릿 맛으로 가득합니다 REESE'S 캔디를 사용하여 생일 선물 가방, 학교 도시락 상자 또는 브라이덜 및 베이비 샤워 캔디 접시를 채우세요 밀크 초콜릿과 캐러멜과 짝을 이루는 땅콩 맛이 가득한 REESE의 영양 바로 가득한 가장 달콤한 부활절, 크리스마스, 발렌타인 데이 및 할로윈 캔디 선물을 만들어보세요","REESE'S NUTRAGEOUS 바는 바로 그 소리입니다. 밀크 초콜릿과 캐러멜로 가득한 풀 사이즈 캔디는 ""너트러지스"" 양의 땅콩 버터와 바삭한 땅콩과 짝을 이루어 매 순간을 조금 더 맛있게 만듭니다. 이 캔디 바는 휴일을 축하하든 평범한 순간을 축하하든 좋아하는 사람들과 맛있는 간식을 쉽게 나눌 수 있습니다. 개별적으로 포장된 이 코셔 및 글루텐 프리 과자는 베이킹하는 것도 재미있습니다. 땅콩 버터, 땅콩, 캐러멜 및 밀크 초콜릿의 장점이 가득한 브라우니와 같은 맛있는 디저트를 만들기 위해 주방 식료품 저장실에 보관하십시오.","['땅콩', '캔디', '캐러멜', '초콜릿', '버터', '가득하다', '맛있다', '밀크']"
식음료,스낵 및 디저트,초콜릿,,B07V1WQH3G,"NEOH 저탄수화물 단백질 & 캔디 바 - 라즈베리 - 12팩 - 저칼로리, 저설탕, 채식주의자, 글루텐 프리, GMO 프리 스포츠 영양 바",NEOH,30331,30331,4.1,3322.0,"단백질 함유 간식: 당사의 풍부한 초콜릿으로 덮인 단백질 바는 헬스장 운동이나 아침 달리기 후 몸에 필요한 에너지를 제공합니다 설탕이 낮고 항산화제가 높습니다: NEOH는 항산화 물질로 가득하며 성분은 알칼리성 식단을 지원하며 바는 혈당 지수가 매우 낮습니다 바 당 단 110칼로리: 어서 자신을 대접하세요 - 110 칼로리 바에는 설탕 1g, 단백질 5g, 순탄수화물 3g (총 16g), 단백질 5 공급원이 포함되어 있습니다 죄책감 없는 달콤한 간식: 케토 또는 팔레오 다이어트를 하는 모든 사람에게 완벽한 간식인 저탄수화물 단백질 바는 아침 식사, 늦은 밤 식사 또는 강렬한 운동 후에 적합합니다 NEOH 간식 방법을 시도해보세요: 저희는 설탕과 싸우는 것을 믿으며, 단백질 바에 설탕을 넣을 필요가 없다는 것을 증명하기 위해 여기에 있습니다 - 칼로리가 매우 낮은 천연 설탕의 달콤한 혼합물을 사용합니다",,"['단백질', '설탕', '간식', '칼로리', '탄수화물', '낮다', '아침', '운동', '달콤하다', '식사']"
식음료,스낵 및 디저트,초콜릿,,B087DM8B2H,"ChocZero 아몬드 바다 소금 케토 껍질이 들어간 다크 초콜릿, 170g(6온스) (1팩)",ChocZero,16938,13836,4.3,731.0,"비건 다크 초콜릿 케토 바크는 저설탕 라이프 스타일을 위한 건강한 간식입니다 콩 프리, 그레인 프리, 무설탕, 유제품 프리 섬유질 5g, 설탕 0g, 1회 제공량당 순탄수화물 1개 미만 몽크 과일로 단맛을 냈으며 설탕 알코올이나 인공 감미료가 없습니다 가방 당 15인분","Choczero 바다 소금 케토 껍질 아몬드가 들어간 다크 초콜릿, 170g(6온스)","['설탕', '프리', '키토', '초콜릿', '다크', '아몬드', '소금', '껍질', '바다', '몽크']"
식음료,스낵 및 디저트,초콜릿,,B0CCCXNNSM,"Kinder Chocolate 미니, 827.8g(28온스) 벌크 팩, 최대 138 미니, 크림 밀키 충전재가 있는 밀크 초콜릿 바, 개별 포장 캔디",Kinder Chocolate,27990,27990,4.4,378.0,"새로운 킨더 초콜릿 미니: 827.8g(28온스) 벌크 팩으로 크림 같은 밀키 충전재로 부드러운 초콜릿 간식을 즐기세요. 가장 큰 팩은 최대 138개의 개별 포장된 미니를 담을 수 있습니다 크리미, 밀키 맛: 입안에서 녹는 부드러운 밀크 초콜릿으로 코팅된 이 Kinder Chocolate 미니는 맛있고 크리미하며 밀키 충전재가 있으며 인공 색소나 방부제 없이 만들어졌습니다 공유하도록 제작: 부드럽고 크리미한 미니 초콜릿 바는 언제 어디서나 모든 사람과 공유할 수 있는 완벽한 간식입니다 Let THAT KID Flag Fly: 아이들을 위해 제작되었습니다. 모두에게 사랑받고 있습니다. 이 Kinder Chocolate 바는 어린이와 어른 모두에게 언제든지 훌륭한 간식입니다 A LITTLE, A LOT: Little things really can mean a lot","크리미한 밀키 충전재로 부드러운 밀크 초콜릿을 즐기고 이 거대한 827.8g(28온스) 미니 초콜릿 바 벌크 팩으로 Kinder Chocolate 의 거부할 수 없는 맛을 발견하세요. 개별적으로 포장되어 완벽하게 분할된 Kinder Chocolate 미니는 킨더의 맛있는 크리미한 맛을 사랑하는 사람과 공유하기에 좋습니다. Kinder에서는 작은 것들이 정말 많은 것을 의미할 수 있습니다. 그래서 모든 바는 인공 색소와 방부제 없이 만들어집니다. 아이들을 위해 제작되었으며, 모든 TM에게 사랑받고 있습니다. Ferrero는 70년 이상 여러 세대에 걸쳐 사랑받는 제품을 만들어 왔습니다. 당사는 이탈리아 알바에 있는 베이커리에서 전 세계적으로 사랑받는 제과 회사로 성장했습니다. 저희는 고품질 제품으로 사람들이 인생의 특별한 순간을 축하할 수 있도록 최선을 다하고 있습니다.","['미니', '초콜릿', '밀키', '크리미', '충전', '부드럽다', '밀크', '제작', '맛', '간식']"
식음료,스낵 및 디저트,초콜릿,,B01CC1ZKDG,"FirstChoiceCandy Jordan Almonds (0.5kg(1파운드), 다양한 파스텔 색상)",FirstChoiceCandy,16606,16606,4.2,3642.0,"장식, 상징적 또는 순수한 즐거움을 위해 사용할 수 있습니다 바삭하고 달콤한 껍질에 담긴 맛있는 아몬드 신선함 보장 - 업계 표준을 충족하거나 초과하는 품질 휴일, 생일, 웰, 기념일, 애도, 축하를 위한 완벽한 선물",,"['휴일', '신선하다', '껍질', '달콤하다', '맛있다', '바삭', '보장', '상징', '생일', '선물']"
식음료,스낵 및 디저트,초콜릿,,B07PJTBKLZ,Goetze's 오리지널 캐러멜 크림,Goetze's,6952,6855,4.3,982.0,땅콩 무첨가,크림으로 채워진 오리지널 캐러멜. 1회 제공량당 140칼로리. 1회 제공량당 3개. 땅콩 무첨가. 생체공학 식품 성분이 포함되어 있습니다. www.KitchenFreshCandies.com. 1895년부터 미국에서 제작되었습니다.,"['크림', '캐러멜', '첨가', '땅콩', '칼로리', '제작', '식품', '성분', '생체', '미국']"
식음료,스낵 및 디저트,초콜릿,,B0DC15LWVD,"ReesesPeanut 버터 메달 밀크 초콜릿 스낵 사이즈 과자 바구니 스터퍼용 - 어린이와 재미를 위해 바삭한 쉘 메달에 개별 포장된 땅콩 버터 캔디, 2.3kg(5파운드) 벌크",Generic,33170,33170,3.0,46.0,"거부할 수 없는 간식 - Reespeanut 버터 메달은 휴일 간식에 꼭 필요한 제품입니다. 이 간식 크기의 과자는 바삭한 화이트 초콜릿 껍질에 크리미한 땅콩 버터 충전재가 들어 있어 맛과 질감의 완벽한 조화를 이룹니다. 신선함을 위해 개별적으로 포장 - 각 Reesesmedals 간식은 개별적으로 포장되어 공유, 메달 사냥 또는 이동 중에도 즐기기에 이상적입니다. 편리한 스낵 사이즈로 어린이와 어른 모두에게 적합합니다. 바삭한 껍질, 크리미한 충전재 - ReesPeanut 버터 메달은 바삭한 초콜릿 껍질과 부드러운 땅콩 버터 충전재의 상징적인 조합으로 유명합니다. 이 클래식한 Reesemedals 간식은 캔디 애호가들 사이에서 가장 좋아하는 제품으로 달콤한 치아를 만족시킬 것입니다. 쉽게 즐길 수 있는 벌크 팩 - 0.9kg(2파운드) Reesmedals 벌크 팩으로 모임, 파티 또는 좋아하는 간식을 즐길 수 있습니다. 모든 축제에 충분한 시간을 확보하세요. 재미있고 맛있는 - Reesessnack 사이즈는 맛있을 뿐만 아니라 모든 축하 행사에 재미를 더합니다. 메달 모양과 축제 포장으로 어린이와 어른 모두에게 즐거움을 줄 수 있는 눈에 띄는 간식입니다. 오늘 Reesesmedals 대량 주문하세요!","땅콩 버터 퍼펙션에 빠져보세요/ReesesPeanut Butter 메달로 모든 상황에 대비하세요! 이 즐거운 과자는 바삭한 화이트 초콜릿 껍질에 싸인 크리미한 땅콩 버터가 특징이며, 맛과 질감의 완벽한 균형을 이룹니다. 각 메달은 개별적으로 포장되어 어린이와 어른 모두에게 달콤한 간식으로 이상적입니다./완벽한 간식/ReesesPeanut Butter 메달은 재미를 위한 필수 아이템입니다. 축제 메달 모양과 맛있는 땅콩 버터 충전재는 모든 축하 행사에서 인기가 있습니다./편리하고 맛있습니다./스낵 사이즈 포장으로 ReesesPeanut Butter 메달은 이동 중에도 간식에 적합합니다. 집, 사무실 또는 도로 여행을 할 때 이 메달은 편리하고 맛있는 간식입니다./놓치지 마세요. 오늘 ReesesPeanut Butter 메달을 구입하세요! 지금 장바구니에 담기 버튼을 클릭하고 친구 및 가족과 함께 맛있는 간식을 즐길 준비를 하세요.","['메달', '간식', '버터', '포장', '맛있다', '땅콩', '바삭', '충전', '어린이', '초콜릿']"
식음료,스낵 및 디저트,초콜릿,,B002OKY0BY,"GHIRARDELLI 인텐스 다크 초콜릿 스퀘어, 86% 카카오, 116.8g(4온스) 백 (6팩)",Ghirardelli,45635,45635,4.3,2724.0,"GHIRARDELLI 인텐스 다크 초콜릿 스퀘어 116.8g(4온스) 6개, 86% 카카오 다크 체리와 말린 자두의 미묘한 맛이 나는 강렬하고 맛있는 개별 포장된 초콜릿 스퀘어를 발견하세요 GHIRARDELLI SQUARES는 최고의 즐거움, 파티 음식 또는 선물입니다 개별 포장된 캔디 스퀘어는 미리 분할되어 있습니다 GHIRARDELLI 초콜릿은 지속 가능한 방식으로 공급되는 코코아 콩과 최고 품질의 재료로 만들어졌으며 강렬하게 맛있는 결과를 위해 능숙하게 혼합되었습니다",GHIRARDELLI 인텐스 다크 86% 카카오 다크 초콜릿 스퀘어의 강렬하고 맛있는 사각형은 감각을 충족시킵니다. 저녁 식사 후 풍부한 초콜릿 강도를 즐기거나 다음 모임에서 GHIRARDELLI 인텐스 다크 초콜릿 캔디를 제공하여 손님에게 순수한 기쁨의 순간을 만들어보세요. 능숙하게 혼합된 최고급 카카오 콩의 풍부한 맛을 맛보고 풍부한 바디 맛과 다크 체리와 말린 자두의 힌트로 풍부하고 대담하며 강렬하게 맛있는 다크 초콜릿을 만듭니다. 각 다크 초콜릿 스퀘어는 쉽게 나누기 위해 개별적으로 포장되어 있습니다. 독점 블렌드에 사용되는 지속 가능한 코코아 콩을 포함한 프리미엄 성분은 부드럽고 천천히 녹는 초콜릿을 만듭니다. GHIRARDELLI 인텐스 다크 초콜릿 스퀘어로 풍부하고 대담하며 강렬하게 맛있는 다크 초콜릿을 탐험하세요.,"['초콜릿', '다크', '스퀘어', '풍부하다', '강렬하다', '맛있다', '인텐스', '카카오', '맛', '포장']"
식음료,스낵 및 디저트,초콜릿,,B08LRDNMKK,"UNREAL 다크 초콜릿 캐러멜 땅콩 누가 바 | 70% 유기농 성분, 공정 무역, GMO 프리 | 옥수수 시럽, 설탕 알코올, 콩 없음 | 3백",UNREAL,29043,29043,4.3,621.0,"Unreal 다크 초콜릿 캐러멜 땅콩 누가 바, 설탕 감소, GMO 프리, 96.4g(3.4온스) 백 (6팩)",,"['프리', '백', '캐러멜', '초콜릿', '누가', '다크', '땅콩', '설탕', '공정', '무역']"
식음료,스낵 및 디저트,초콜릿,,B0029JHH4W,"SNICKERS Candy 밀크 초콜릿 바, 공유 사이즈 벌크 팩, 93.3g(3.3온스) 바 (24개 팩)",Snickers,57172,57172,4.7,958.0,신상품! 2개 트위스트 랩 디스플레이 박스 C-store and concessions에 대한 딜 코셔,"SNICKERS 공유 사이즈 초콜릿 바는 친구, 가족 및 파티 손님이 좋아할 맛있는 간식입니다. 사무실로 가져오거나 선물 바구니에 넣거나 식료품 저장실에 비축하세요. 밀크 초콜릿, 땅콩, 캐러멜, 누가가 들어있는 Snickers 공유 사이즈 초콜릿 캔디 바는 맛있는 초콜릿 간식입니다. 각 팩에는 두 개의 Snickers 초콜릿 바가 포함되어 있어 배고픔을 만족시키고 친구와 공유할 수 있는 이상적인 방법입니다. 배가 고플 때는 당신이 아니라는 것을 기억하세요./Hackettstown, NJ 07840-1503 USA","['초콜릿', '공유', '밀크', '간식', '친구', '맛있다', '파티', '고프다', '기억', '누가']"
식음료,스낵 및 디저트,초콜릿,,B0BQZDHX2D,"Reeces 땅콩 버터 하트 초콜릿 벌크 - 약 0.9kg(2파운드) 하트 80개 골드 & 레드 포일 - 개별 포장 캔디 스낵 - 밀크 초콜릿 리스 땅콩 버터 하트 - 완벽한 초콜릿 선물 - 성인 및 아동용 간식, 초콜릿 선물 바구니에 이상적",CHAIN & JO SWEETS,13836,13836,4.0,493.0,"Reeces 피넛 버터 하트: 밀크 초콜릿과 크리미한 땅콩 버터의 거부할 수 없는 조합을 골드와 레드 포일로 개별적으로 포장된 벌크 초콜릿 캔디에 빠져보세요. 완벽한 어머니의 날 선물 캔디 홀리데이 캔디 선물 상자: 0.9kg(2파운드) 선물 상자에는 약 80개의 하트 모양의 Reeces 캔디가 채워져 있어 어머니의 날을 위한 완벽한 선물 바구니입니다. 사랑하는 사람에게 사탕과 초콜릿 선물을 선물하세요. 선물 바구니 벌크 캔디: 캔디 선물 바구니로 디자인된 대형 캔디 벌크 박스는 파티, 사무실 간식 또는 가족 및 친구들과 공유하기에 적합합니다. 캔디 백은 피냐타 캔디로 사용하거나 어머니의 날 초콜릿 선물로 줄 수도 있습니다 개별 포장 간식: 하트 모양의 초콜릿 벌크 캔디는 개별적으로 포장되어 매번 신선하고 맛있는 맛을 보장합니다. 캔디 팩은 홀리데이 캔디 선물 또는 성인을 위한 개별 포장 간식으로 적합합니다. 어머니의 날 선물 초콜릿: 이 Reeces 땅콩 버터 하트 선물 상자는 즐거운 어머니의 날 선물로 초콜릿 땅콩 버터 캔디의 맛있는 조화를 제공합니다. 이번 어머니의 날 초콜릿 애호가를 위한 필수 초콜릿 선물 바구니입니다. 하트 모양의 Reeces 밀크 초콜릿 땅콩 버터 크림 캔디를 가족과 친구들에게 선물하여 맛있는 휴일 간식을 제공하면서 재미있는 수제 땅콩 버터 디저트를 만들 수 있습니다",,"['선물', '캔디', '초콜릿', '하트', '버터', '땅콩', '어머니', '바구니', '간식', '포장']"
식음료,스낵 및 디저트,초콜릿,,B0CJ5JKTLX,Klub Bulk 0.7kg(1.5파운드) M&M's 미니 팩 밀크 초콜릿 땅콩 카멜 및 땅콩 버터 콤보 아메리칸 캔디 벌크 팬트리 파티 사이즈 도매 멀티팩 버라이어티 백 (680.4g(24온스),KLUB BULK,27561,27561,3.5,147.0,"M&M의 4.8kg(1.5파운드) 밀크 초콜릿 땅콩 카멜과 땅콩 버터 초콜릿 코팅 미니 땅콩 캔디 딥 모셀은 캔디 볼용으로 제작되었습니다! 이 컬러 미니 팩 캔디 모음은 어떤 경우에도 사랑하는 사람들과 공유할 수 있는 완벽한 크기입니다. 당사의 새로운 오리지널 다양한 스낵 팩은 연인, 친구 및 가족과 달콤한 클래식 순간을 공유할 수 있는 훌륭한 선물 가방입니다. 이벤트 및 파티 선물, 생일, 피냐타 필러, 자판기, 어린이 부활절 달걀 찾기, 퍼레이드 또는 거의 모든 이벤트에 적합한 대량 모음! 크리스마스 스타킹 스터퍼, 어린이 할로윈 트릭 오어 간식 선물 가방, 직장 사무실 파티 또는 대학생을 위한 학교 간식으로 적합합니다.",Klub Bulk 0.7kg(1.5파운드) M&M 미니 팩 밀크 초콜릿 땅콩 카멜 및 땅콩 버터 콤보 아메리칸 캔디 벌크 팬트리 파티 사이즈 도매 멀티팩 버라이어티 백 (680.4g(24온스),"['땅콩', '캔디', '파티', '미니', '초콜릿', '카멜', '선물', '버터', '밀크', '아메리칸']"
식음료,스낵 및 디저트,초콜릿,,B0029JFW8U,"SNICKERS 캔디 아몬드 밀크 초콜릿 바 벌크 팩, 50.9g(1.75온스) 바 (24개 팩)",Snickers,44306,44306,4.6,3917.0,"SNICKERS 아몬드 초콜릿 캔디 바 49.9g(1.75온스) 싱글 사이즈 24개입 박스 1개가 포함되어 있습니다 *Amazon.com에서 배송 및 판매할 때 멋진 팩과 함께 배송됩니다(Fresh에서는 제공되지 않음)* 이 풀 사이즈 캔디 바는 선물 바구니와 캔디 뷔페에 적합합니다 SNICKERS 바삭한 아몬드가 들어간 바는 가족, 친구 및 사무실과 공유하기에 좋습니다 SNICKERS Candy로 배고픔을 정복하세요. 배고플 때 당신이 아니기 때문입니다","정말 만족스러운 간식을 찾고 계신다면 SNICKERS 아몬드 캔디 바 외에는 찾으실 필요가 없습니다. 여러분이 좋아하는 클래식한 SNICKERS 캔디 바 재료를 상상해보세요. 이제 아몬드를 상상해보세요. SNICKERS 아몬드 캔디 바가 있습니다. 구운 아몬드, 누가, 캐러멜, 밀크 초콜릿이 들어 있습니다. 간단히 포장을 풀고 즐기거나 좋아하는 디저트 레시피에 포함하든 맛있습니다. SNICKERS 초콜릿은 배고픔을 처리하여 무엇이든 다룰 수 있습니다./Hackettstown, NJ 07840-1503 USA","['캔디', '아몬드', '초콜릿', '배고프다', '풀', '상상', '밀크']"
식음료,스낵 및 디저트,초콜릿,,B00IKS1A3U,Hershey's Sugar Free Reese's 땅콩 버터 컵 미니어처 오리지널,HERSHEY'S,16606,16606,3.5,185.0,무설탕 Reese의 땅콩 버터 컵: 설탕은 포함되어 있지 않지만 클래식한 Reese의 맛을 제공합니다 밀크 초콜릿: 진짜 밀크 초콜릿으로 제작되어 크리미하고 매끄러운 질감을 선사합니다 땅콩 버터 맛: 한 입 먹을 때마다 바삭한 땅콩 버터가 채워집니다 미니어처 사이즈: 작은 42.5g(1.5온스) 컵은 간식이나 공유에 적합합니다 Hershey's 브랜드: 고품질 초콜릿으로 유명한 유명한 HERSHEY'S 브랜드에서 제공됩니다,"Hershey's Zero Sugar Reese의 미니어처 땅콩 버터 컵은 저탄수화물, 무설탕 버전으로 클래식한 인기 제품입니다. HERSHEY'S Zero Sugar Reese의 미니어처 땅콩 버터 컵은 저탄수화물 라이프 스타일을 따르는 사람들에게 적합합니다.","['땅콩', '버터', '컵', '미니어처', '설탕', '초콜릿', '유명하다', '맛', '밀크', '클래식']"
식음료,스낵 및 디저트,초콜릿,,B09SJ431TD,"Ferrero Rocher 프리미엄 초콜릿 바, 8팩, 화이트 초콜릿 헤이즐넛, 각 87.9g(3.1온스)",Ferrero Rocher,27700,27700,4.5,697.0,"FERRERO ROCHER 바: Ferrero Rocher 의 맛있는 맛을 이제 바에서 사용할 수 있습니다! 패키지에는 8개의 개별 포장된 바가 포함되어 있습니다. 어떤 날이든 축하할 이유로 만드세요 화이트 초콜릿 헤이즐넛: 화이트 초콜릿의 매끄러움과 헤이즐넛으로 절묘하게 크리미한 속을 채운 고품질 로스트 헤이즐넛의 정교한 조합으로 기억에 남을 경험을 선사합니다 순간을 축하하세요: Ferrero Rocher 프리미엄 초콜릿 바는 일상의 순간을 더욱 특별하고 독특하게 만드는 이상적인 방법입니다 프리미엄 초콜릿: 각 바는 크림 초콜릿(우유, 다크 또는 화이트)을 특징으로 하며 거부할 수 없는 질감과 맛을 위해 엄선된 재료로 신중하게 제작되었습니다 전문적으로 제작: Ferrero Rocher 는 최고 품질의 재료로 사랑받는 초콜릿을 전문적으로 제작합니다","Ferrero Rocher 특별한 맛은 이제 매일 즐길 수 있도록 바로 제공됩니다. 거부할 수 없는 질감과 맛을 가진 Ferrero Rocher 화이트 초콜릿 헤이즐넛 바는 평범하지 않습니다. 고품질 로스트 헤이즐넛과 화이트 초콜릿의 매끄러움, 헤이즐넛으로 섬세하고 크리미한 충전재의 정교한 조합을 즐기세요. 이 패키지에는 8개의 개별 포장된 바가 포함되어 있습니다. 디테일에 세심한 주의를 기울여 제작된 각 Ferrero Rocher 바는 엄선된 재료로 신중하게 제작된 크리미한 초콜릿(우유, 다크 또는 화이트)이 특징입니다. 감각을 만족시키고 미뢰를 자극하세요. 기억해야 할 경험입니다. 각 Ferrero Rocher 바는 최고 품질의 재료로 만들어졌으며 바의 맛과 품질을 보호하기 위해 상자 안에 금박으로 포장되어 있습니다. 거부할 수 없는 Ferrero Rocher 프리미엄 초콜릿 바를 모두 발견하고 언제든지 축하할 이유가 되세요.","['초콜릿', '화이트', '헤이즐넛', '제작', '맛', '프리미엄', '재료', '축하', '크리미', '거부']"
식음료,스낵 및 디저트,초콜릿,,B0DDZNLJP7,"ReesesPieces 크런치 쉘에 담긴 벌크 팩 초콜릿 땅콩 버터 캔디 - 1.1kg(2.5파운드) 빅 백 피스 밀크 초콜릿 캔디 - 파티 선물, 할로윈 장식, 간식 및 간식용",Taboom,24916,24916,,,"벌크 백 - 바삭한 껍질을 가진 초콜릿 땅콩 버터 캔디로 채워져 있어 한 입 먹을 때마다 크리미한 밀크 초콜릿과 풍부한 땅콩 버터의 맛있는 조합을 제공합니다. 파티 선물, 할로윈 장식 및 축제 모임을 포함한 다양한 행사에 적합하며 모든 이벤트에 즐거운 달콤함과 팝 색상을 더합니다. 사무실 파티에서 공유하거나 영화의 밤 동안 즐기거나 모든 연령대의 손님을 기쁘게 할 매력적인 캔디 뷔페를 만드는 데 이상적인 다용도 간식입니다. 최고의 품질과 맛을 유지하기 위해 신선하게 포장되어 있으며, 재밀봉 가능한 백이 있어 쉽게 보관할 수 있으며 사탕을 더 오랫동안 신선하게 유지합니다. 부드러운 밀크 초콜릿과 바삭한 땅콩 버터의 군중을 즐겁게 하는 조합으로 달콤한 갈망을 충족시키고 모든 축하 행사를 좀 더 특별하게 만들 수 있도록 설계되었습니다.","벌크 팩 초콜릿 땅콩 버터 캔디로 달콤한 기쁨을 즐기세요! 각 1.1kg(2.5파운드) 백은 맛있는 밀크 초콜릿 캔디로 가득 차 있으며, 바삭한 껍질에 싸여 있어 모든 물기에 만족스러운 질감을 더합니다. 풍부한 땅콩 버터 센터는 크리미하고 견과류 같은 대비를 제공하여 모든 경우에 거부할 수 없는 간식입니다. 파티 선물을 향상시키거나, 할로윈을 장식하거나, 모든 행사에 달콤함을 더하는 데 완벽한 이 다용도 캔디는 모든 연령대의 손님을 기쁘게 할 것입니다. 갓 포장된 재밀봉 가능한 백은 사탕을 신선하게 유지하고 달콤한 픽업이 필요할 때마다 즐길 수 있도록 합니다. 축제 분위기의 캔디 뷔페를 만들거나 사무실 간식을 준비하거나 영화의 밤에 탐닉할 때 당사의 초콜릿 땅콩 버터 캔디는 달콤한 갈망을 충족시키고 매 순간을 조금 더 특별하게 만드는 최고의 선택입니다.","['캔디', '초콜릿', '버터', '땅콩', '달콤하다', '간식', '파티', '백', '밀크', '유지']"
식음료,스낵 및 디저트,초콜릿,,B0D3RTYH24,M&M 피너츠 캔디 - 0.9kg(2파운드) 벌크 땅콩 M&M 캔디 - 재미있는 사이즈 벌크 M&M 캔디 - 땅콩 초콜릿 M&M 벌크 캔디 - 초콜릿 캔디 벌크 백 - 0.9kg(2파운드),Yummy Chew,40137,40137,2.3,115.0,"거부할 수 없는 맛의 퓨전: 대량 M&M 땅콩 캔디로 크리미한 밀크 초콜릿과 바삭한 땅콩의 완벽한 조화를 즐기세요. 한 입 먹을 때마다 달콤하고 풍미있는 풍미의 즐거운 폭발을 제공하여 모든 소수의 욕구를 충족시킵니다. 넉넉한 대량 수량: 이 0.9kg(2파운드) 크기의 Peanut M&Ms 백은 파티, 이벤트 또는 간식을 보관할 때 풍부한 공급을 보장합니다. 갈망이 닥칠 때마다 사랑받는 간식을 많이 가지고 있는 편리함을 즐기세요. 재미있는 크기의 간식: 이 재미있는 크기의 M&M 땅콩 캔디는 친구 및 가족과 공유하거나 하루 종일 빠른 픽업으로 즐기기에 적합합니다. 편리한 사이즈로 이동 중에도 간식을 먹거나 도시락에 추가하여 즐거운 놀라움을 선사합니다. 프리미엄 품질 성분: 고품질 재료를 사용하여 세심하게 제작된 Peanut M&Ms는 최고의 초콜릿 경험을 제공합니다. 풍부하고 벨벳 같은 초콜릿 코팅부터 구운 땅콩의 만족스러운 크런치까지, 각 제품은 우수한 맛과 품질에 대한 증거입니다. 다용도 간식 옵션: 영화의 밤, 사무실 모임 또는 단순히 맛있는 간식을 갈망할 때 당사의 벌크 Peanut M&M은 완벽한 선택입니다. 캔디 뷔페, 선물 바구니 또는 디저트 테이블에 추가하여 거부할 수 없는 매력과 맛으로 모든 행사를 업그레이드하세요.",,"['캔디', '간식', '땅콩', '초콜릿', '재미있다', '맛', '추가', '갈망', '거부', '풍부하다']"
식음료,스낵 및 디저트,초콜릿,,B0C99NK4VW,"MBDH Wellness Ignite 초콜릿 바 (박스 1개) | 기분과 활력을 향상시키는 고급스러운 다크 초콜릿 | 남성 및 여성, 채식주의자 및 글루텐 프리 딜라이트",MBDH Wellness,38780,38780,3.2,342.0,"브레이크, 바이트, 뱅! Ignite' 무드 초콜릿으로 파트너와 함께 침대에서 한 단계 업그레이드하세요. 기분을 향상시키는 초콜릿의 절반 제곱에 불과하여 친밀한 경험의 강도를 한 단계 끌어올릴 수 있습니다! 멋진 다크 초콜릿! 저희는 여성과 남성을 지원하는 흥미로운 재료 혼합을 추가합니다. 초콜릿을 경험한 후에는 한 번 돌아가고 싶지 않을 것입니다. 저희 무드 부스트 초콜릿은 커플 친화적인 디자인으로 박스당 3개의 초콜릿 스퀘어가 제공됩니다. 좋은 재료로 가득: 채식주의자 및 천연 성분이 풍부하게 함유된 이 에너지 기분 향상제는 풍부하고 맛이 좋으며 모든 성별에 적합합니다. 60% 코코아, 에피메디움, 마카 뿌리 및 실라짓은 기분 균형 초콜릿을 가능한 한 안전하고 효과적이며 역동적으로 만듭니다! 내분비 기능 지원: 무드 리프팅만이 Ignite의 판도를 바꾸는 이점이 아닙니다. 남성과 여성의 지원 역할을 하는 것 외에도 이 초콜릿은 혈류를 자극하고 민감도를 높이며 진정으로 자극적인 성교를 위한 균형을 촉진합니다.",,"['초콜릿', '기분', '무드', '향상', '여성', '남성', '자극', '채식주의자', '박스', '단계']"
식음료,스낵 및 디저트,초콜릿,,B0CQKKYM87,"Edward Marc Girl Scouts 코코넛 캐러멜 바이트, 591.5ml(20온스)",Edward Marc,29071,29071,2.8,144.0,"Edward Marc Girl Scouts 코코넛 캐러멜 바이트, 591.5ml(20온스)","Edward Marc Girl Scouts 코코넛 캐러멜 바이트, 591.5ml(20온스)","['코코넛', '캐러멜', '바이트']"
식음료,스낵 및 디저트,초콜릿,,B0CJKNPR69,Hershey 무설탕 다크 초콜릿 미니어처 바 - 무설탕 특수 다크 초콜릿 - 개별 포장 벌크 초콜릿 - 무설탕 허쉬 다크 초콜릿 - 150피스,Yummy Chew,35982,35982,4.2,753.0,무설탕 기쁨: 설탕을 첨가하지 않은 허쉬 스페셜 다크 초콜릿의 풍부하고 벨벳 같은 맛을 맛보세요. 설탕 섭취를 보는 사람들에게 적합합니다. 편리한 미니어처 바: 이동 중에도 즐기거나 부분 조절을 위해 개별적으로 포장된 이 미니어처 바는 언제 어디서나 초콜릿에 대한 욕구를 쉽게 충족시킬 수 있습니다. 대량 초콜릿 공급: 이 가성비 벌크 공급품에는 넉넉한 양의 무설탕 허쉬 다크 초콜릿 미니어처 바가 포함되어 있어 공유하거나 즐길 수 있습니다. 특별한 다크 초콜릿 맛: 강렬한 코코아 맛과 부드러운 질감으로 유명한 Hersheys 스페셜 다크 초콜릿의 깊고 고급스러운 맛을 경험하십시오. 죄책감 없는 탐닉: 설탕이 없는 이 초콜릿은 여러분이 좋아하는 클래식한 허쉬 맛을 즐길 수 있는 죄책감 없는 방법을 제공하므로 저탄수화물 및 케토 라이프 스타일을 위한 훌륭한 선택입니다.,,"['초콜릿', '설탕', '다크', '맛', '허쉬', '미니어처', '포장', '공급', '스페셜', '죄책감']"
식음료,스낵 및 디저트,초콜릿,,B01C3GWRG8,Snickers Fun Size 아몬드 초콜릿 바 - 290g(10.5온스),Snickers,12451,12451,4.1,455.0,아몬드 맛: 아몬드 맛 초콜릿 바 포함 재미있는 사이즈: 각 바는 약 290g(10.0온스)입니다 밀크 초콜릿: 크리미한 맛을 위해 밀크 초콜릿으로 제작되었습니다 개별 포장: 각 바는 자체 비닐 봉투에 포장되어 있습니다 Snickers 브랜드: 인기 있는 Snickers 캔디 바 브랜드의 일부입니다,"||맛: 초콜릿 ||부패성: 부패하지 않음 ||패키지 유형: 개별 품목 멀티 서빙 ||용기 재질: 플라스틱 ||제품 무게: 10.230 |포함: 땅콩 ||포함될 수 있음: 땅콩, 밀, 견과류, 콩, 우유 ||미국산/Hackettstown, NJ 07840-1503 USA","['초콜릿', '맛', '아몬드', '포장', '땅콩', '밀크', '플라스틱', '멀티', '미국', '봉투']"
식음료,스낵 및 디저트,초콜릿,,B0D827PZW1,무설탕 밀크 초콜릿 미니어처 바 - 무설탕 밀크 초콜릿 - 개별 포장 벌크 초콜릿 - 무설탕 초콜릿 - 100피스,Yummy Chew,30442,30442,3.2,43.0,"무설탕 탐닉: 설탕을 첨가하지 않고 클래식한 밀크 초콜릿 맛을 경험해보세요. 설탕 섭취를 관리하면서 달콤한 간식을 즐기고 싶은 사람들에게 적합합니다. 편리한 미니어처 바: 각 바는 개별적으로 포장되어 이동 중에도 간식, 양 조절 또는 친구 및 가족과 공유하기에 이상적입니다. 벌크 초콜릿 공급: 이 가성비 대용량 제품은 초콜릿에 대한 욕구를 충족시키기 위해 충분한 양의 무설탕 밀크 초콜릿 미니어처 바를 제공합니다. 밀크 초콜릿 블리스: 거부할 수 없는 달콤함과 풍부한 질감으로 유명한 밀크 초콜릿의 크리미하고 부드러운 맛에 빠져보세요. 무설탕 기쁨: 이 초콜릿은 사랑하는 허쉬의 맛을 맛볼 수 있는 죄책감 없는 방법을 제공하여 저탄수화물 또는 설탕 제한 식단을 따르는 사람들에게 적합합니다.",,"['초콜릿', '설탕', '밀크', '미니어처', '맛', '포장', '사람', '간식', '달콤하다']"
식음료,스낵 및 디저트,초콜릿,,B0CLBT5B1Y,Hersheys Kisses Milklicious Candy - 크림 초콜릿 밀크 필링이 있는 밀크 초콜릿 키스 - 허쉬 키스 벌크 캔디 - 개별 포장 벌크 캔디 백 - 100개,Yummy Chew,13822,13822,3.0,103.0,"거부할 수 없는 밀크 초콜릿 키스: 허쉬 밀크 초콜릿의 클래식한 맛과 감미롭고 크리미한 초콜릿 밀크를 즐길 수 있습니다. 휴일에 완벽합니다: 이 Hershey Kisses 벌크 크리스마스 캔디로 크리스마스 축하 행사를 업그레이드하세요. 휴일 모임, 스타킹 및 선물에 즐거운 추가 아이템이 됩니다. 편리한 개별 포장: 각 키스는 개별적으로 포장되어 공유, 보관 및 신선함을 유지하기 쉽습니다. 파티, 간식 또는 축제 캔디 디스플레이에 이상적입니다. 벌크 캔디 백: 넉넉한 크기의 대용량 캔디 백에는 상당한 양의 밀클리셔스 키스가 포함되어 있어 달콤한 치아를 만족시키고 가족 및 친구들과 공유할 수 있을 만큼 충분합니다. Hersheys 품질: 프리미엄 품질의 초콜릿을 위해 상징적인 Hersheys 브랜드를 신뢰하세요. 이 Milklicious Kisses는 초콜릿 애호가에게 완벽한 맛있는 맛을 제공합니다.",,"['초콜릿', '캔디', '밀크', '키스', '포장', '백', '크리스마스', '허쉬', '완벽하다', '맛']"
식음료,스낵 및 디저트,초콜릿,,B0842ZWY7L,Mothers day White-KItKaT 초콜릿 130개 이상의 바 - 미니 화이트 초콜릿 커버 웨이퍼 - 포장되지 않음 - 화이트 크림 캔디의 바삭한 웨이퍼,Tundras,17035,17035,4.0,289.0,"허쉬 키트 캣 캔디 초콜릿 - KitKat 미니의 화이트 초콜릿 커버 웨이퍼 Tundras 제작 화이트 초콜릿 애호가들은 클래식 KIT KAT 웨이퍼 바의 재미있는 트위스트를 좋아할 것입니다! 맛있는 화이트 크림으로 덮여 웨이퍼와 크림의 완벽한 조합을 만듭니다 발렌타인 데이, 결혼식, 생일 축하, 파티, 피냐타 용품, 사무실 그릇, 특별 이벤트, 영화의 밤 및 캔디 접시에 적합합니다","허쉬 키트 캣 캔디 초콜릿 - 툰드라스의 KitKat 미니 화이트 초콜릿 커버 웨이퍼 화이트 초콜릿 애호가들은 클래식 키트 캣 웨이퍼 바의 재미있는 트위스트를 좋아할 것입니다! 발렌타인 데이, 결혼식, 생일 축하, 파티, 피냐타 용품, 사무실 그릇, 특별 이벤트, 영화의 밤 및 캔디 접시에 적합합니다","['초콜릿', '화이트', '웨이퍼', '캔디', '커버', '미니', '키트', '캣', '크림', '영화']"
식음료,스낵 및 디저트,초콜릿,,B07YBVKHNB,단색 M&M 벌크 캔디백,M&M’S WORLD,48461,48461,4.6,3517.0,"재밀봉 가능한 백에 제공하는 M&M을 0.9, 2.3 또는 4.5 kg으로 만나볼 수 있습니다. 25개의 다양하고 예쁜 색 중 원하는 색상을 선택하세요. 단열 상자에 배송되며 더운 계절에는 얼음과 함께 포장합니다. Mars Retail Group, Inc.에서 제공합니다. Mars, Incorporated의 자회사입니다. 코셔 제품입니다.","Go blue! Select our 2 lb blue bulk candy, Perfect for any type of party or occasion. Create birthday party favors or July 4th party favors or set up a fully stocked candy Bar or dessert table.","['포장', '캔디', '자회사', '예쁘다', '얼음', '선택', '색', '상자', '백', '밀봉']"
식음료,스낵 및 디저트,초콜릿,,B002RBOB9G,"Lindt LINDOR Stracciatella 화이트 초콜릿 트러플, 부드럽게 녹는 트러플 센터, 선물용으로 적합, 720.1g(25.4온스), 60개입",Lindt,34818,34818,4.6,22234.0,"720.1g(25.4온스), 린트 린더 스트라치아텔라 화이트 초콜릿 트러플, 부드럽고 녹는 트러플 센터 포함 제품 참고: 열이나 햇빛에 노출되면 제품이 녹거나 손상될 수 있습니다. 따라서 고객이 제품 배송 중에 사용할 수 있어야 합니다 크리미한 화이트 초콜릿 쉘에 코코아 비트가 있는 쿠키와 크림에서 영감을 얻었으며 부드럽게 녹는 중앙이 특징입니다 Gourmet Lindt LINDOR 트러플은 선물이나 특별한 순간을 만드는 데 적합합니다. 참고: 땅콩/견과류의 흔적을 포함할 수 있습니다 개별적으로 포장된 화이트 초콜릿 캔디 트러플로 구성된 큰 상자로 쉽게 공유할 수 있습니다 세계적으로 유명한 지역의 프리미엄 재료로 만든 코셔 초콜릿","Lindt LINDOR Stracciatella 화이트 초콜릿 트러플의 세련된 맛을 경험하십시오. 쿠키와 크림의 너무나 크리미한 맛에서 영감을 받은 이 트러플은 특별한 사람에게 고급스러운 선물이 되거나 린트 린더 초콜릿 트러플을 자신을 위한 완벽한 만족으로 남겨보세요. 화이트 초콜릿 껍질에 있는 작은 코코아 조각은 부드럽게 녹는 화이트 트러플 센터의 크리미함에 약간의 바삭함을 더하여 모든 입에 거부할 수 없습니다. 껍질을 깨뜨리면 트러플의 매끄럽고 아름다운 중앙이 녹기 시작하며 여러분도 그렇게 될 것입니다. 개별적으로 포장된 이 초콜릿은 쉽게 나눌 수 있도록 큰 상자에 담겨 제공됩니다. 린트 초콜릿은 린트 마스터 초콜릿의 열정과 전문적인 장인 정신을 구현하여 감미롭고 보람있는 초콜릿 경험을 선사합니다. 당신을 녹이기 위해 제작되었습니다. 언제든지. 어디서나 사용 가능.///Creating fine chocolate is an art that requires great skill, dedication and passion. The Master Chocolatiers of Lindt are experts of this craft. For more than 165 years, Lindt has been developing innovative chocolate recipes with meticulous craftsmanship, resulting in superior tasting, high quality premium chocolate./Lindt Chocolate uses only the finest ingredients, and is one of the few chocolate manufacturers that control the entire production process – from roasting the cacao beans to producing the chocolate./In 1845, confectioner David Sprüngli-Schwarz and his inventive son, Rudolf Sprungli-Ammann, owned a small confectionary shop in the Marktgasse of Zurich’s Old Town. They dared to try something new- a fashionable new recipe from Italy for manufacturing chocolate in solid form./In 1879, Rodolphe Lindt, one of the most famous chocolate-makers of his day, developed a technique by which he could manufacture chocolate unique to others in aroma and melting characteristics. Lindt used the “conche” he had invented to produce chocolate with delicate flavor. His “melting chocolate” soon achieved fame, and contributed significantly to the worldwide reputation of Swiss chocolate./It was in 1899 that Sprüngli’s private company “Chocolat Sprüngli” acquired the small but famous chocolate factory of Rodolphe Lindt in Berne. This brave step transferred not only the factory but also the manufacturing secrets and the Rodolphe Lindt brand name to the young Sprüngli company which now changed its name to “Lindt & Sprüngli.”/In 1986, Lindt & Sprüngli (USA) Inc., was activated and a manufacturing site and administration building were commissioned in Stratham, New Hampshire where it has expanded and successfully operates today.","['초콜릿', '트러플', '화이트', '린트', '부드럽다', '센터', '선물', '크리미']"
식음료,스낵 및 디저트,초콜릿,,B000RQ10QU,Mars Bar Chocolate - (51g) 6팩,Mars Coat King,16606,16606,4.2,2199.0,"밀크 초콜릿 바: 총 무게 51g의 밀크 초콜릿 바 6개가 포함되어 있습니다 Mars 브랜드: Mars Bar 및 Dove와 같은 인기 있는 초콜릿 브랜드를 보유한 회사인 Mars가 제작했습니다 상황: 크리스마스, 명절 선물 또는 특별한 행사에 적합합니다 알레르기 유발 물질 없음: 글루텐, 땅콩, 견과류와 같은 일반적인 알레르기 유발 물질이 없습니다 개별 포장: 각 초콜릿 바는 편리함과 신선함을 위해 개별적으로 포장됩니다",Mars Bar 초콜릿 캔디 잉글랜드는 플레인 누가 캐러멜과 밀크 초콜릿을 함유한 달콤한 초콜릿 캔디입니다.,"['초콜릿', '밀크', '유발', '포장', '캔디', '물질', '알레르기', '회사', '글루텐', '누가']"
식음료,스낵 및 디저트,초콜릿,,B0BRYPWHW2,"M&M 다양한 캔디 - 0.9kg(2파운드) 벌크 밀크 초콜릿, 캐러멜, 땅콩 버터 및 땅콩 M&M 캔디 - 55가지 재미있는 사이즈 개별 포장 M&M 캔디 - M&M 벌크 캔디 모음 - 초콜릿 캔디 벌크 백 - 0.9kg(2파운드) M&M 버라이어티 팩",Yummy Chew,40137,40137,4.1,101.0,"다양한 0.9kg(2파운드) 모음: 이 벌크 백은 밀크 초콜릿, 캐러멜, 땅콩 버터 및 땅콩 품종을 모두 특징으로 하는 다양한 M&M의 만족스러운 0.9kg(2파운드)을 제공하며 다양한 취향과 취향에 맞는 음식을 제공하기에 적합합니다. 55개의 재미있는 사이즈, 개별 포장 팩: 55개의 재미있는 사이즈 팩이 포함되어 있으며, 신선함과 편리함을 보장하기 위해 각각 개별적으로 포장되어 이동 중 간식이나 부분 조절 간식에 이상적입니다. 밀크 초콜릿, 캐러멜, 땅콩 버터 및 땅콩 종류: 밀크 초콜릿 M&M의 클래식한 매끄러움과 땅콩 M&M의 바삭하고 견과류의 장점과 짝을 이루어 모든 초콜릿 애호가에게 적합한 즐거운 믹스를 제공합니다. 모든 상황에 적합: 이 다양한 M&M 팩은 파티, 사무실 간식, 영화의 밤 또는 휴일 축하를 위한 다용도 간식으로 적합하며 모든 이벤트에 다채롭고 맛있는 느낌을 더합니다. 대량 편의성: 0.9kg(2파운드) 백은 식료품 저장실을 비축하여 자발적인 모임이나 간식을 갈망할 때 항상 군중을 기쁘게 하는 간식을 제공합니다.",,"['땅콩', '초콜릿', '간식', '캔디', '밀크', '재미있다', '버터', '백', '캐러멜', '포장']"
식음료,스낵 및 디저트,초콜릿,,B0D82HLC49,Almond-Joy 코코넛 & 아몬드 초콜릿 바 - 개별 포장 (0.5kg(1파운드),Pisoka,8296,8296,3.1,35.0,"최적의 수량: 0.9kg(2파운드) 봉지 당 약 50개의 개별 포장된 아몬드 조이 바는 넉넉한 공유나 개인적인 방종에 적합합니다. 개별 포장: 각 초콜릿 바는 깔끔하게 포장되어 이동 중에도 먹거나 행사에서 배포할 때 신선함과 편리함을 보장합니다. 독특한 맛 프로필: 코코넛의 풍부한 맛과 풍부한 밀크 초콜릿과 바삭한 아몬드를 결합하여 만족스러운 열대 음식을 제공합니다. 다용도 사용: 집에서 구입하거나, 선물 바구니에 추가하거나, 다양한 이벤트를 위한 파티 선물로 사용하기에 이상적입니다. 편리한 간식 옵션: 개별 포장으로 어디에서나 쉽게 즐길 수 있으며, 간단한 간식이나 지저분함 없이 달콤한 간식으로 적합합니다.","Almond-Joy 코코넛 & 아몬드 초콜릿 바로 밀크 초콜릿, 코코넛, 전체 아몬드의 독특한 조합을 경험해보세요. 이 0.9kg(2파운드) 가방에는 약 50개의 개별 포장된 조각이 포함되어 있어 혼자 나누거나 즐기기에 탁월한 선택입니다. 각 바는 기분 좋은 질감과 달콤하고 견과류 맛이 완벽하게 혼합되어 캔디 애호가들이 가장 좋아하는 제품입니다. 모임, 사무실 간식 또는 개인 간식에 이상적인 아몬드 조이 바는 어떤 경우에도 약간의 기쁨과 열대 맛을 선사합니다.","['포장', '아몬드', '간식', '초콜릿', '맛', '코코넛', '조이', '선물', '열대', '밀크']"
식음료,스낵 및 디저트,초콜릿,,B0D8MBYFZP,"Butter Finger 미니 초콜릿 바-0.7kg(1.5파운드) 크리스피, 바삭함, 땅콩 버터 B 핑거 미니 개별 포장 벌크 미니 바(680.4g(24온스)",KLUB BULK,27423,27423,2.2,4.0,"버터 핑거 미니: 이 버터 핑거 미니는 풍부하고 바삭한 땅콩 버터 센터를 자랑하며 땅콩 버터 애호가에게 꼭 필요한 제품입니다. 독특한 바삭하고 바삭한 땅콩 버터 맛을 즐기세요. 개별 포장된 편리함: 각 버터 핑거 미니는 개별적으로 포장되어 신선함을 보장하고 캔디 볼, 파티 또는 테이크 아웃 간식으로 이상적입니다. 벌크 캔디, 특히 b 핑거 캔디 바의 편리함을 좋아하는 사람들에게 적합합니다. 모든 상황에 어울리는 벌크 캔디: 버터 핑거 미니 벌크 패키지는 이벤트, 파티 또는 집에서 간단히 비축할 때 적합합니다. 솜사탕 같은 질감의 b 핑거 캔디 바의 클래식한 맛을 즐기세요. 친구 및 가족과 공유하기에 이상적입니다. 축제 및 계절 용도: 버터 핑거 미니는 할로윈, 부활절, 크리스마스와 같은 계절 행사에 적합합니다. 풍부한 땅콩 버터 맛은 다른 휴일 사탕을 보완하여 축제 간식으로 만듭니다. 완벽한 공유: 이 0.7kg(1.5파운드) 미니 버터 핑거 팩에는 수많은 캔디 바가 포함되어 있어 파티에서 공유하거나 휴일 동안 또는 집에서 간식으로 즐기기에 좋습니다.",Butter Finger Minis의 비교할 수 없는 맛과 편리함을 발견하세요. 이제 어떤 경우에도 완벽한 벌크 패키지로 제공됩니다. 각 B 핑거 미니는 개별적으로 포장되어 최고의 신선함과 공유의 용이성을 보장합니다. 식료품 저장실을 비축하거나 대규모 모임을 준비하거나 사무실에 즐거운 간식을 제공할 계획이라면 이 버터 핑거 미니는 이상적인 선택입니다.,"['버터', '핑거', '미니', '캔디', '땅콩', '간식', '포장', '공유', '맛', '바삭']"
식음료,스낵 및 디저트,초콜릿,,B07FXZ8JC9,"DeMet's Turtles 오리지널 바이트 사이즈, 60피스/박스",dutis,47491,49749,4.3,178.0,각 1개씩 판매됩니다. 개별 포장. 코셔 인증 OU. 11.9g(0.4온스) 싱글 피스 팩.,,"['피스', '포장', '판매', '인증', '싱글', '박스', '바이트']"
식음료,스낵 및 디저트,초콜릿,,B000V1PARG,Cella's 다크 초콜릿 커버 체리 - 프리미엄 체리 코디얼 캔디 - 디스플레이 박스로 개별 포장 (72개입 박스 - 1kg(2.2파운드),Cella's,46743,46743,4.3,5057.0,"CELLA'S 초콜릿으로 덮인 체리: 퇴폐적인 다크 초콜릿의 고급 과일 및 액체로 채워진 간식. 프리미엄 초콜릿 체리 콘펙션: Cella's 플럼프 체리는 물었을 때 클래식한 ""스냅""을 제공합니다. 100% 액체 센터는 독특한 초콜릿 체리 식사 경험을 제공합니다. 클래식 캔디 선물 공유: 휴일, 가족과의 좋은 시간 또는 특별한 날을 위한 유행을 타지 않는 선물 선택에 적합합니다 최고 품질의 성분: Cella's 초콜릿 커버 체리는 코셔, 땅콩 프리 및 글루텐 프리 제품입니다. 72개. 미국에서 제작. 제품 참고: 열이나 햇빛에 노출되면 제품이 녹거나 손상될 수 있습니다. 따라서 고객은 제품 배송 중에 이용 가능할 것으로 예상됩니다.","Cella's 초콜릿으로 덮인 체리로 달콤한 치아를 가꾸세요 - 퇴폐적인 우유 또는 다크 초콜릿 품종으로 제공되는 고급스러운 액체 충전 간식. 통통한 체리는 물었을 때 클래식한 스냅을 제공하며, 이러한 기능을 제공하는 유일한 브랜드인 100% 액체 센터가 함께 제공됩니다.","['체리', '초콜릿', '액체', '다크', '클래식', '선물', '센터', '캔디', '커버', '스냅']"
식음료,스낵 및 디저트,초콜릿,,B0CQPL8X61,Hershey 다크 초콜릿 롤로스 캔디 - 솔티드 캐러멜 롤로 0.9kg(2파운드) 봉지 - 퍼플 포일로 개별 포장 벌크 초콜릿 캔디 - 롤로 캔디 벌크 백 - 150피스,Yummy Chew,20747,20747,3.5,42.0,"디카던트 다크 초콜릿: 즐거운 롤로에서 볼 수 있는 허쉬 다크 초콜릿의 고급스러운 맛을 즐기세요. 솔티드 캐러멜 하모니: 모든 롤로에서 호화로운 솔티드 카라멜 충전재로 달콤함과 짠맛의 완벽한 조화를 경험하십시오. 벌크 초콜릿 블리스: 0.9kg(2파운드) Rolos 백을 편리하게 즐기며 모임, 이벤트 또는 단순히 초콜릿에 대한 욕구를 충족시키기 위한 풍부한 공급을 보장합니다. 개별 포장된 신선도: 각 롤로는 생생한 보라색 포일로 개별적으로 포장되어 신선함을 유지하고 이동 중에도 쉽게 공유하거나 즐길 수 있습니다. 모든 상황에 어울리는 다용도 간식: 초콜릿 애호가이든, 파티를 주최하든, 달콤한 선물을 찾고 있든, Rolo 캔디 벌크 백은 넉넉한 0.9kg(2파운드) 맛있는 간식을 제공합니다.",,"['초콜릿', '캔디', '솔티드', '백', '포장', '다크', '간식', '캐러멜', '달콤하다']"
식음료,스낵 및 디저트,초콜릿,,B0CZPKHDJ6,"홀리데이 초콜릿 클래식 MARS 캔디 스낵 바 0.5kg(1파운드) 스니커즈, 은하수, 트윅스, 아몬드 조이, 100 그랜드, 요크 페퍼민트 , 땅콩 버터 컵, 밀크 초콜릿 및 땅콩 M&M - 개별 포장 미니 펀 사이즈 캔디 버라이어티 벌크 믹스 (473.2ml/16온스)",KLUB BULK,20636,20636,2.0,50.0,"신선한 MARS 혼합 초콜릿 캔디 버라이어티 팩 3.5kg(1파운드) 재밀봉 가능한 식료품 저장실 가방에 담겨 배송됩니다. 스니커즈, 은하수, Twix, KitKat, Almond Joy, 100 그랜드, 요크 페퍼민트 , 땅콩 버터 컵, 밀크 초콜릿과 땅콩 M&M을 포함한 클래식 아메리칸 캔디가 특징입니다 당사의 다양한 스낵 팩은 베이비 샤워, 성별 공개 및 발렌타인 데이에 훌륭한 파티 선물이 됩니다! 당사의 벌크 백은 식료품 저장실에 보관하기에 완벽하며, 캔디 볼이나 자판기를 리필하기에 편리하며, 어린이 생일, 피냐타 필러, 부활절 달걀 찾기, 퍼레이드 또는 거의 모든 이벤트에 적합합니다! 크리스마스 스타킹 스터퍼, 휴일, 크리스마스, 어린이 할로윈 간식, 트릭 오어 트릿 선물 가방, 직장 사무실 파티 또는 대학생을 위한 학교 간식으로 적합합니다.",,"['캔디', '땅콩', '초콜릿', '크리스마스', '클래식', '식료품', '선물', '어린이', '요크', '은하수']"
식음료,스낵 및 디저트,초콜릿,,B0B7YQTBHN,"HERSHEY'S KISSES 밀크 초콜릿 부활절 캔디, 부활절 파스텔 컬러 포일에 개별 포장 - 0.9kg(2파운드)",Yummy Chew,35982,35982,3.7,84.0,"부활절 테마 파스텔 포일에 약 200개의 허쉬 키스 밀크 초콜릿 캔디 946.4ml(32온스) 벌크 백 1개가 포함되어 있습니다 그린, 핑크, 블루 파스텔 포일로 포장된 밀크 초콜릿 키스로 사계절 내내 캔디 접시, 스낵 서랍 및 도시락을 채우세요 글루텐 프리 및 인증된 코셔 초콜릿 부활절 캔디는 신선함을 유지하기 위해 개별적으로 포장되어 있습니다 부활절 바구니와 파티 선물을 크리미한 밀크 초콜릿 키스로 채워 모든 사람이 휴일에 흥분하게 만드는 맛있는 계절 서프라이즈를 즐겨보세요 HERSHEY'S KISSES 밀크 초콜릿 간식을 휴일 테마 쿠키 또는 브라우니 위에 놓아 이번 부활절 케이크를 가져갈 수 있는 달콤한 추가 아이템이 됩니다",,"['부활절', '초콜릿', '밀크', '캔디', '포장', '파스텔', '키스', '휴일', '테마']"
식음료,스낵 및 디저트,초콜릿,,B002RBOC54,"Lindt CLASSIC RECIPE 화이트 초콜릿 바, 화이트 초콜릿 캔디, 124.7g(4.5온스) (12팩)",Lindt,59665,59665,4.7,850.0,"Lindt 클래식 레시피 화이트 초콜릿 바 124.7g(4.4온스) 12개 고급 초콜릿 바는 클래식하고 달콤한 탐닉을 위한 크리미하고 부드러운 화이트 초콜릿이 특징입니다 선물, 베이킹 또는 하루 종일 즐기기에 적합합니다 화이트 초콜릿 캔디 바는 한 입 크기로 나누어 어디에서나 쉽게 즐길 수 있습니다 프리미엄 재료로 만든 전문적으로 제작된 화이트 초콜릿","Lindt 클래식 레시피 화이트 초콜릿 바의 부드럽고 크리미한 맛에 빠져보세요. 프리미엄 Lindt 화이트 초콜릿으로 전문적으로 제작된 이 화이트 초콜릿 캔디 바는 세련된 마감으로 간단하고 맛있어 풍부한 맛을 즐길 수 있습니다. 저녁 식사 후 이 맛있는 간식을 즐기거나 베이킹에 이 화이트 초콜릿 바를 사용하여 맛있는 결과를 얻으십시오. 이 클래식한 화이트 초콜릿 바는 인생의 초콜릿 애호가를 위한 선물로도 완벽합니다. 각 바는 완벽한 한 입 크기의 조각으로 나누어져 있어 어디에서나 쉽게 공유하거나 즐길 수 있습니다. Lindt 초콜릿은 Lindt Master Chocolatiers의 열정과 전문적인 장인 정신을 구현하여 한 입 먹을 때마다 뚜렷하게 부드럽게 녹는 초콜릿 경험을 제공합니다.//Creating fine chocolate is an art that requires great skill, dedication and passion. The Master Chocolatiers of Lindt are experts of this craft. For more than 165 years, Lindt has been developing innovative chocolate recipes with meticulous craftsmanship, resulting in superior tasting, high quality premium chocolate./Lindt Chocolate uses only the finest ingredients, and is one of the few chocolate manufacturers that control the entire production process – from roasting the cacao beans to producing the chocolate./In 1845, confectioner David Sprüngli-Schwarz and his inventive son, Rudolf Sprungli-Ammann, owned a small confectionary shop in the Marktgasse of Zurich’s Old Town. They dared to try something new- a fashionable new recipe from Italy for manufacturing chocolate in solid form./In 1879, Rodolphe Lindt, one of the most famous chocolate-makers of his day, developed a technique by which he could manufacture chocolate unique to others in aroma and melting characteristics. Lindt used the “conche” he had invented to produce chocolate with delicate flavor. His “melting chocolate” soon achieved fame, and contributed significantly to the worldwide reputation of Swiss chocolate./It was in 1899 that Sprüngli’s private company “Chocolat Sprüngli” acquired the small but famous chocolate factory of Rodolphe Lindt in Berne. This brave step transferred not only the factory but also the manufacturing secrets and the Rodolphe Lindt brand name to the young Sprüngli company which now changed its name to “Lindt & Sprüngli.”/In 1986, Lindt & Sprüngli (USA) Inc., was activated and a manufacturing site and administration building were commissioned in Stratham, New Hampshire where it has expanded and successfully operates today.","['초콜릿', '화이트', '클래식', '맛있다', '부드럽다', '캔디', '입', '전문']"
식음료,스낵 및 디저트,초콜릿,,B0D96TSS1D,M&M 벌크 초콜릿 캔디 팩 재미있는 사이즈 | 50개 개별 포장 백 오리지널 밀크 초콜릿 맛 파티 팩,Taboom,24902,24902,5.0,1.0,"클래식 밀크 초콜릿 맛: 재미있는 크기의 팩에 담긴 오리지널 밀크 초콜릿으로 M&M의 유행을 타지 않는 맛을 즐기세요. 50개 파티 팩: 50개의 개별 포장된 재미있는 크기의 가방이 포함되어 있어 파티, 이벤트에서 공유하거나 사탕 보관함에 적합합니다. 편리한 개별 포장 팩: 각 가방은 개별적으로 포장되어 쉽게 나누고 이동 중에도 간식을 먹을 수 있습니다. 파티 및 모임에 적합: 파티 선물 가방, 스낵 테이블에 추가하거나 사교 모임에서 사탕 접시를 채우는 데 이상적입니다. 모든 상황에 적합: 영화의 밤, 휴일 또는 일상적인 간식을 위한 이 재미있는 크기의 팩은 즐거운 초콜릿 맛을 선사합니다.","벌크 초콜릿 캔디 팩 재미있는 사이즈 50 개별 포장 백, 오리지널 밀크 초콜릿 맛 파티 팩. 벌크 초콜릿 캔디 팩으로 자신과 다른 사람들에게 밀크 초콜릿의 클래식하고 거부할 수 없는 맛을 선물하세요. 이 넉넉한 50개입 파티 팩은 맛있고 크리미한 초콜릿 캔디로 구성된 재미있는 크기의 가방이 특징이며, 신선함과 편리함을 위해 각각 개별적으로 포장됩니다. 이 재미있는 크기의 팩은 파티를 주최하거나 휴일을 축하하거나 단순히 달콤한 간식을 찾는 모든 경우에 적합합니다. 편리한 크기로 공유, 교실 간식 또는 파티 선물 가방 및 사탕 요리에 맛있는 추가품으로 이상적입니다. 개별적으로 포장된 각 가방은 입안에서 녹는 부드럽고 풍부한 초콜릿을 즐겁게 제공합니다. 벌크 팩은 충분한 양을 가지고 다닐 수 있도록 해주며, 자발적인 간식 갈망이나 특별 이벤트를 위해 간식을 쉽게 보관할 수 있습니다. 이 맛있는 초콜릿 캔디 팩으로 모임을 높이고 미각에 빠져보세요!","['초콜릿', '파티', '재미있다', '포장', '맛', '가방', '간식', '밀크', '캔디', '편리하다']"
식음료,스낵 및 디저트,초콜릿,,B0BSNY1284,"Hersheys 초콜릿 스낵 사이즈 밀크 초콜릿 모음 - 허쉬 밀크 초콜릿, 땅콩 버터 컵, 아몬드 조이, 키트 캣, 히스, 롤로 - 개별 포장 벌크 팩 버라이어티 백 - 0.9kg(2파운드)",Sweetsome,30442,30442,2.8,60.0,"맛있는 다양성: Rolo, Whoppers, Heath Miniatures, Kit Kat, ReesesPeanut Butter Cups Miniatures, Hershey 밀크 초콜릿 바 스낵 사이즈, 아몬드 조이스, 리즈풋볼을 포함한 허쉬 아이코닉 초콜릿의 군침 도는 모음에 빠져보세요. 완벽한 공유: 이 벌크 버라이어티 백은 모임, 파티 또는 사무실에서 달콤한 간식으로 친구 및 가족과 공유하기에 이상적입니다. 모두가 좋아하는 다양한 믹스로 초콜릿 애호가를 기쁘게 할 것입니다. 상징적인 브랜드, 탁월한 맛: ReesesPeanut Butter Cups와 Hersheys와 같은 유명한 초콜릿 브랜드의 탁월한 맛을 즐기세요. 허쉬의 부드러운 밀크 초콜릿부터 Kit Kat의 바삭한 장점까지, 모든 갈망을 위한 무언가가 있습니다. 편리한 간식: 편의를 위해 개별적으로 포장된 이 미니어처 및 스낵 사이즈 초콜릿은 이동 중 간식이나 하루 중 언제든지 빠르게 픽업할 수 있습니다. 책상, 지갑 또는 식료품 저장실에 보관하여 필요할 때마다 즐거운 간식을 즐기세요. 선물 포장: 자신을 대접하든 특별한 사람을 놀라게 하든, Hersheys 초콜릿 모음 캔디 벌크 버라이어티 백은 대량 패키지로 제공됩니다. 생일, 휴일 또는 달콤한 축하가 필요한 모든 행사에 탁월한 선택입니다.","거부할 수 없는 맛과 질감의 조화를 약속하는 상징적인 초콜릿의 유쾌한 보물 창고인 허쉬 초콜릿 모음 캔디 벌크 버라이어티 백으로 달콤한 치아를 즐기세요. 롤로, 와퍼, 히스 미니어처, 키트 캣, 리즈 땅콩 버터 컵 미니어처, 허쉬 밀크 초콜릿 바 스낵 사이즈, 아몬드 조이스, 리스풋볼과 같은 클래식한 인기 제품이 포함되어 있어 모든 입에 다양하고 만족스러운 경험을 보장합니다. 모임, 파티에서 공유하거나 사무실에서 달콤한 간식으로 완벽한 개별 포장된 초콜릿은 이동 중에도 간식을 즐길 수 있습니다. 이 가방은 부드러운 밀크 초콜릿, 바삭한 웨이퍼, 풍부한 땅콩 버터 컵이 특징인 Hersheys 및 ReesesPeanut Butter Cup과 같은 유명 브랜드의 탁월한 맛을 보여줍니다. 대량으로 포장된 이 모음은 생일, 휴일 또는 달콤한 기쁨을 축하해야 하는 모든 행사에 자신을 대접하거나 특별한 사람을 놀라게 하기에 탁월한 선택입니다.","['초콜릿', '밀크', '간식', '모음', '허쉬', '달콤하다', '포장', '탁월하다', '맛', '버라이어티']"
식음료,스낵 및 디저트,초콜릿,,B01M3X9L1P,"Schogetten 독일 모듬 초콜릿, 버라이어티 팩 (초콜릿 3개 번들)",Schogetten,18503,9681,4.3,448.0,"쇼게텐의 세 가지 최고의 맛 팩: 알파인 밀크 초콜릿, 다크 초콜릿, 헤이즐넛이 들어간 밀크 초콜릿 각 바에 18개의 개별 조각이 있으므로 이 고급 유럽 초콜릿을 한 조각 씩 즐기세요. 주문당 총 3개의 바. 고급 독일 초콜릿. 용기 당 순중량 99.2g(3.5온스). 독일의 고품질 제품. 수입 유럽 제품.","Schogetten의 가장 인기 있는 4가지 맛 팩: 알파인 밀크 초콜릿, 다크 초콜릿, 헤이즐넛이 들어간 밀크 초콜릿.","['초콜릿', '밀크', '독일', '헤이즐넛', '알파', '다크', '맛', '고급', '유럽', '조각']"
식음료,스낵 및 디저트,초콜릿,,B08NRMF124,"Godiva Chocolatier Birthday Truffles 다양한 초콜릿 선물 상자, 115.9g(4.4온스) (6팩)",Godiva Chocolatier,27700,27700,4.6,6665.0,"미식가 초콜릿: 이 6피스 고디바 초콜릿 선물 상자는 클래식한 벨기에 충전재로 만든 맛있는 우유, 화이트, 다크 초콜릿 트러플의 흥미진진한 모음이 특징입니다 맛있는 충전재: 달콤한 과일, 풍부한 캐러멜, 퇴폐적인 가나슈 및 기타 맛있는 충전재가 다양한 우유, 화이트 및 다크 초콜릿 껍질 아래에 있습니다 유행을 타지 않는 맛: 다음 생일 축하에 달콤함을 더하거나 이 호화로운 간식으로 특별한 사람을 놀라게 하세요. 이 초콜릿 모음은 항상 완벽한 선택입니다 생일 선물 상자: 이 축하 초콜릿 상자로 특별한 사람을 놀라게 하거나 각 사탕을 맛볼 때 달콤한 치아를 만족시키세요 벨기에 유산: 거의 100년 전에 설립된 고디바는 세계 최고의 재료만을 사용하여 오랜 품질의 전통, 벨기에 장인 정신을 고수하고 있습니다",당사의 고디바 생일 케이크 트러플은 사랑하는 사람과 축하할 수 있는 완벽한 방법입니다.,"['초콜릿', '상자', '충전', '달콤하다', '생일', '벨기에', '맛있다', '축하', '선물', '고디바']"
식음료,스낵 및 디저트,초콜릿,,B07NLVXXYD,"Meiji Chocorooms 크리스피 크래커, 밀크 앤 다크 초콜릿 콤비네이션 - 38g(1.3온스), 8개 팩 - 재미있는 버섯 모양의 한 입 사이즈 크래커",Meiji,31827,31827,4.2,337.0,Chocorooms는 우유와 다크 초콜릿을 조합한 바삭한 한입 크기의 간식입니다. 독특한 버섯 모양으로 쉽게 잡을 수 있으며 입 전체에 튀길 수 있습니다. 다크 초콜릿과 라이트 초콜릿의 Chocorooms 혼합물은 맛의 완벽한 대비를 제공합니다. Chocorooms의 바삭하고 밀도가 높으며 가벼운 질감을 경험하고 탐닉하세요. 이동 중에도 간식을 먹기에 완벽한 38g(1.3온스) 8개의 가방이 포함되어 있습니다.,"초코룸은 초콜릿 탐닉과 바삭한 크래커의 크런치의 완벽한 조합입니다. 독특한 한입 크기의 버섯 모양으로 쉽게 잡고 먹거나 입 전체에 튀길 수 있습니다. 바삭하고 밀도가 높으며 가볍고 풍성한 맛과 질감을 대조하고 보완합니다. 재밀봉 가능한 파우치를 직접 파거나 집, 도로 여행 또는 경기 밤에 다른 사람들과 공유하세요.","['입', '초콜릿', '바삭', '완벽하다', '다크', '크래커', '버섯', '조합', '독특하다', '밀도']"
식음료,스낵 및 디저트,초콜릿,,B0D5P9VTFK,ReesesZero Sugar Miniatures 다크 초콜릿 땅콩 버터 컵 (2팩) 소형 개별 포장 초콜릿 미니어처 컵 무설탕 - 144.6g(5.5온스),Taboom,26301,31841,4.2,18.0,"무설탕 기쁨 - 설탕 없이 다크 초콜릿과 크리미한 땅콩 버터의 풍부한 맛을 즐기세요. 설탕 섭취를 관찰하거나 무설탕 식단을 따르는 사람들에게 적합합니다. 편리한 포장 - 각 팩에는 개별적으로 포장된 작은 초콜릿 미니어처 컵 144.6g(5.5온스) 백 2개가 포함되어 있어 이동 중에도 빠르게 간식을 먹거나 친구 및 가족과 공유할 수 있습니다. 선물용으로 이상적 - 이 미니어처는 선물 바구니, 파티 선물 또는 초콜릿을 좋아하지만 무설탕 옵션을 선호하는 특별한 사람을 위한 사려 깊은 간식으로 적합합니다. 만족스러운 간식 - 다크 초콜릿과 땅콩 버터의 조합은 죄책감 없이 갈망을 억제할 수 있는 만족스럽고 풍성한 간식을 제공합니다. 신선도 보장 - 각 미니어처 컵은 최대의 신선함을 보장하기 위해 개별적으로 포장되어 즐길 준비가 될 때까지 맛있는 맛과 질감을 보존합니다.","Zero Sugar Miniatures 다크 초콜릿 땅콩 버터 컵, 144.6g(5.5온스) (2팩) - 풍부한 다크 초콜릿과 크리미 땅콩 버터가 함유된 맛있는 무설탕 간식, 신선함을 위해 개별 포장/무설탕 기쁨: 설탕 없이 다크 초콜릿과 크리미한 땅콩 버터의 풍부한 맛을 즐기세요. 설탕 섭취를 관찰하거나 무설탕 식단을 따르는 사람들에게 적합합니다./편리한 포장: 각 팩에는 개별적으로 포장된 작은 초콜릿 미니어처 컵 144.6g(5.5온스) 봉지 2개가 포함되어 있어 이동 중에도 빠르게 간식을 먹거나 친구 및 가족과 공유할 수 있습니다./선물용으로 이상적: 이 미니어처는 선물 바구니, 파티 선물 또는 다크 초콜릿과 땅콩 버터를 좋아하지만 무설탕 옵션을 선호하는 특별한 사람을 위한 사려 깊은 간식으로 적합합니다./만족스러운 간식: 다크 초콜릿과 땅콩 버터의 조합은 죄책감 없이 갈망을 억제할 수 있는 만족스럽고 풍성한 간식을 제공합니다./고품질 성분: 고품질 재료로 제작된 이 미니어처 컵은 여러분이 좋아하는 클래식한 맛을 제공합니다. 이제 무설탕 버전으로 제공되어 더 건강한 옵션을 제공합니다./신선도 보장: 각 미니어처 컵은 최대의 신선함을 보장하기 위해 개별적으로 포장되어 즐길 준비가 될 때까지 맛있는 맛과 질감을 보존합니다./다용도: 파티에 적합하며 선물 바구니에 이상적이며 사무실 간식에 적합하며 언제 어디서나 즐길 수 있습니다./제품 세부 정보: 순 중량: 144.6g, 144.6g 팩 2개, 신선함을 위해 개별 포장, 고품질 재료로 제작.","['설탕', '초콜릿', '간식', '포장', '컵', '버터', '미니어처', '다크', '땅콩', '선물']"
식음료,스낵 및 디저트,초콜릿,,B08FCV7ZJF,"Lok 다크 초콜릿 바 100% 카카오 | 공정 무역, 코셔, 글루텐 프리, 비건, 빈-바, 무설탕, 설탕 알코올 없음, 인공 감미료 없음, 케토 친화적, 저탄수화물, 팔레오 | 85g(3온스) 3팩",LöK,41536,41536,3.9,171.0,무설탕 다크 초콜릿: 이 바는 설탕이 첨가되지 않은 100% 카카오 다크 초콜릿을 함유하고 있습니다. 케토 및 팔레오 친화적: 이 저탄수화물 초콜릿은 케토제닉 및 팔레오 다이어트에 적합합니다. 공정 무역 및 유기농: 이 초콜릿은 공정 무역 및 유기농 인증을 받았습니다. 글루텐 프리: 이 초콜릿에는 글루텐이 포함되어 있지 않습니다. 콩 대 바 생산: 이 초콜릿은 콩에서 바까지 직접 거래 모델을 사용하여 만들어집니다.,,"['초콜릿', '설탕', '공정', '다크', '글루텐', '무역', '레오', '키토', '카카오', '콩']"
식음료,스낵 및 디저트,초콜릿,,B0CZW7GVC6,"벌크 초콜릿 캔디 모음 - 0.9kg(2파운드) 벌크 허쉬 초콜릿 버라이어티 팩, ReesPeanut Butter Hearts, Hershey Kisses Roses, Meltaway 밀크 초콜릿, 에스프레소 키스 포함 - 초콜릿 벌크 선물 가방 - 0.9kg(2파운드) 캔디 팩",Yummy Chew,17977,17977,2.0,51.0,"기쁨에 빠지세요: Reese Peanut Butter Hearts, Hershey Kisses Roses 등이 특징인 퇴폐적인 초콜릿 행복을 엄마에게 선물하세요! 🎁 완벽한 어머니의 날 선물: 이 0.9kg(2파운드) 벌크 초콜릿 캔디 버라이어티 팩으로 사랑을 보여주세요. 특별한 날에 그녀를 망치기에 이상적입니다! 🌟 프리미엄 품질 선택: 입안에서 녹는 밀크 초콜릿 멜타웨이와 풍부한 에스프레소 키스로 고급 초콜릿 경험을 즐기세요. 다용도 및 축제: 휴일, 생일 또는 그저 이유로 이 초콜릿 벌크 선물 가방은 모든 상황에 적합합니다! 편리하고 바로 제공: 편리한 0.9kg(2파운드) 캔디 팩에 포장되어 어디에서나 초콜릿 애호가를 위한 간편한 선물 솔루션입니다!",,"['초콜릿', '선물', '캔디', '에스프레소', '키스', '밀크', '버라이어티', '가방', '편리하다']"
식음료,스낵 및 디저트,초콜릿,,B01B57DQ9S,"Raisinets, 밀크 초콜릿 커버 캘리포니아 건포도, 226.8g(8온스) 재밀봉 가능한 백, 벌크 8팩",Raisinets,50746,50746,4.6,908.0,"클래식하고 맛있습니다: 완벽하게 맛있는 클래식 초콜릿 스낵 8개의 재밀봉 가능한 백으로 밀크 초콜릿 Raisinets 의 거부할 수 없는 맛을 즐기세요 탁월한 맛: 주요 초콜릿 브랜드보다 지방이 30% 적습니다. Raisinets 육즙이 많고 햇볕에 잘 익은 캘리포니아 건포도, 글루텐 프리 초콜릿으로 만들어졌으며 인공 향료나 색소가 없습니다 언제 어디서나 완벽합니다: 재미로 가득한 완벽한 간식; 재밀봉 가능한 Raisinets 백은 달콤하고 초콜릿의 맛을 원할 때 언제 어디서나 이 클래식한 초콜릿 스낵을 즐길 수 있게 해줍니다 좋은 점 공유: 이 가방은 밀크 초콜릿 Raisinets 맛을 친구, 가족 및 동료와 공유하기에 좋습니다 모든 크기에 맞는 사이즈: 개별 상자부터 벌크 팩까지, Raisinets 제품은 모든 크기의 완벽한 밀크 초콜릿 스낵을 만듭니다","완벽하고 클래식하고 완벽하게 맛있는 밀크 초콜릿 건포도 한 봉지를 구매하세요. 밀크 초콜릿과 통통하고 육즙이 풍부한 건포도의 클래식 캔디 콤보는 이길 수 없는 맛있는 초콜릿 스낵 옵션입니다. 햇볕에 잘 익은 육즙이 많은 캘리포니아 건포도와 글루텐 프리 초콜릿으로 제작된 이 맛있는 간식은 주요 초콜릿 브랜드보다 지방이 30% 적으며 인공 향료나 색소가 전혀 없습니다. 집에서 영화의 밤에 완벽한 Raisinets 제품은 소파에 재미를 선사합니다. 재밀봉 가능한 가방으로 친구, 가족 및 동료와 재미있고 쉽게 공유할 수 있습니다. 오늘 구매하고 간식 시간에 Raisinets 의 맛있는 맛을 더하세요.","['초콜릿', '완벽하다', '밀크', '맛있다', '맛', '건포도', '클래식', '스낵', '밀봉', '가능하다']"
식음료,스낵 및 디저트,초콜릿,,B0BRDGSC2Y,"초콜릿 믹스 벌크 - 2.3kg(5파운드) 초콜릿 캔디 - 벌크 캔디 개별 포장 초콜릿 간식 - 골드, Twix, M&M, 스키틀, 스타버스트, 스니커즈, 와퍼, 휴일, 크리스마스, 생일을 위한 다양한 캔디",KATIE’S KANDY KORNER,51175,51175,3.1,232.0,"완벽한 선택: 모든 초콜릿에 맞는 버라이어티 팩을 원하십니까? 당사의 캔디 벌크는 여러분이 찾지 못하게 하고 간식 갈망을 충족시키는 데 필요한 모든 것을 제공하거나 사랑하는 사람에게 영감을 주는 선물로 제공할 수 있습니다. 깊은 인상을 주는 제품: 이 초콜릿 캔디 팩은 최고 품질의 재료와 신뢰할 수 있는 공급업체를 사용하여 특별히 제작되어 수년 동안 사람들을 행복하게 만들었습니다. 초콜릿 바는 개별적으로 포장되어 직장이나 모험 중에 쉽게 휴대할 수 있습니다. 완벽한 선물: 이 캔디 바는 할로윈, 크리스마스 또는 부활절 가방을 채우고, 훌륭한 생일 또는 졸업 파티를 조직하고, 손님을 달콤하게 만드는 최적의 솔루션입니다. 다양한 번들: 당사의 개별 포장된 초콜릿 팩에는 골드, Twix, M&M, Skittles, Starburst, Snickers, Whoppers 당사의 약속: 당사의 모든 제품은 최고 품질 기준을 확인하므로 다양한 초콜릿 팩이 기대를 뛰어넘을 것이라고 확신할 수 있습니다. 컴팩트한 상자에 조심스럽게 포장되어 신중하게 선택되어 시간과 에너지를 절약합니다.","당사는 맛이나 품질을 손상시키지 않으면서 말문이 없고 만족할 수 있도록 완벽하고 복잡한 초콜릿 모음 상자를 제공하는 데 중점을 두고 있습니다. 당사는 엄격한 기대에 부응하기 위해 프리미엄 재료와 신뢰할 수 있는 공급업체와 협력하는 것이 규칙입니다. 구매에 100% 만족하지 않으신다면 저희 고객 관리 부서에서 전적으로 마음껏 이용하실 수 있습니다! 왜 이 제품이 당신에게 완벽할까요? 초콜릿 모음 팩은 성공적인 행사를 조직하거나 자신을 대접하거나 아이들의 부활절, 할로윈 또는 크리스마스 가방을 채우는 데 필요한 것입니다. 당사의 초콜릿 번들은 가장 허세 부리는 소비자에게도 깊은 인상을 주는 것으로 알려진 엄선된 제품을 특징으로 합니다. 2.3kg(5파운드) 슈퍼 팩은 캔디 애호가에게 꼭 필요한 제품이며 사랑하는 사람에게 선물로 성공적으로 제공될 수 있습니다. 아직도 확신이 서지 않나요? 이 제품의 환상적인 기능 중 일부는 다음과 같습니다. 편리한 초콜릿 팩, 간편한 섭취 및 휴대; 맛있고 개별적으로 포장; 거의 모든 사람을 만족시킬 다양한 종류; 강력한 재료; 모든 파티에 적합합니다. 영감을 받은 선물로 제공 될 수 있습니다. 초콜릿 믹스 3.2kg(7파운드)로 즉시 사랑에 빠지게 될 것입니다!","['초콜릿', '캔디', '포장', '완벽하다', '사람', '선물', '사랑', '크리스마스', '재료']"
식음료,스낵 및 디저트,초콜릿,,B0DB6MF62K,"Hershey 밀크 초콜릿 바 스낵 사이즈 - 70개 미니 개별 포장 초콜릿 캔디 바, 스모어, 파티 가방, 개학 간식 및 사무실 간식용",Buha Sweets,17991,17991,,,"각 밀크 초콜릿 바의 무게는 12.8g(0.4온스) 미니 개별 포장된 간식으로, 공유, 간식 또는 비축에 편리하고 실용적인 옵션입니다 편리한 사이즈 - 스낵 사이즈 바는 양 조절에 이상적이며 필요할 때마다 빠르고 만족스러운 초콜릿을 고칠 수 있습니다. 모든 상황에 이상적 - 학교 점심을 위해 포장하거나, 자녀의 도시락에 간식을 추가하거나, 사무실 동료에게 달콤한 서프라이즈를 제공하든, 이 초콜릿 바는 다재다능하고 편리합니다. 파티 선물 - 각 초콜릿 바는 개별적으로 포장되어 파티 가방에 적합합니다. 이 초콜릿 바는 모든 사람이 자신만의 간식을 받을 수 있도록 하여 모든 축하나 모임에서 인기를 끌 수 있습니다. 최고 품질 - 저희는 각 배치가 모양과 맛의 무결성을 유지하기 위해 안전하게 포장되어 맛있는 간식 경험을 위한 완벽한 상태로 도달할 수 있도록 합니다","미니 밀크 초콜릿 바 스낵 사이즈 벌크 팩/스낵 사이즈 밀크 초콜릿 바로 허쉬의 클래식한 맛에 빠져보세요. 각 바의 무게는 12.8g(0.4온스)이며 30개의 미니 바가 있어 개별적으로 포장된 초콜릿 간식을 넉넉하게 공급할 수 있습니다./어떤 경우에도 완벽한 이 미니 바는 스모어를 만들거나 파티 가방에 포장하거나 학교 점심과 사무실 간식에 달콤한 느낌을 더하는 데 적합합니다./편리한 사이즈: 이 스낵 사이즈 바는 양을 조절할 수 있으며 빠르고 만족스러운 초콜릿을 고칠 수 있도록 잡기 쉽습니다. 이동 중이든 단순히 간식이 필요하든, 모든 순간에 완벽한 크기입니다./모든 상황에 이상적: 다재다능하고 편리한 이 바는 도시락에 포장하거나 달콤한 간식으로 아이들을 놀라게 하거나 사무실에 즐거운 간식을 제공하기에 적합합니다./파티 경품: 신선함을 위해 개별적으로 포장된 이 바는 훌륭한 파티 선물이 됩니다. 각 손님은 자신만의 미니 초콜릿 바를 즐길 수 있어 모든 축하 행사나 모임에서 인기를 끌 수 있습니다./최고 품질: 저희는 모양과 맛의 무결성을 유지하기 위해 각 배치가 안전하게 포장되도록 주의를 기울입니다. 이 바는 완벽한 상태로 제공되어 매번 맛있는 간식 경험을 보장합니다.","['간식', '초콜릿', '포장', '파티', '미니', '편리하다', '스낵', '완벽하다', '사무실', '밀크']"
식음료,스낵 및 디저트,초콜릿,,B0CHXKJC7C,"Tony's Chocolonely - Top 3 밀크 초콜릿 번들 - 벨기에 초콜릿, 인공 향료 없음, 공정 무역 및 B Corp 인증 - 180g(6.7온스), 바 6개",Tony's Chocolonely,44347,44347,4.6,40.0,"완벽한 선물 - 모든 초콜릿 애호가를 위한 완벽한 휴일 선물이 됩니다. 특별한 날을 위한 오리지널 선물을 어디에서 찾을 수 있는지 궁금하신 분들은 저희 고급 초콜릿을 살펴보셔야 합니다 공정 무역 인증 - 초콜릿의 모든 코코아와 설탕은 공정 무역 인증을 받았습니다. 저희는 서아프리카의 코코아 농부들로부터 직접 코코아를 구매하고 11개의 협동 조합과 협력하여 코코아를 공급합니다 불균등하게 분리된 조각 - 업계가 여전히 불균등하게 분열되어 있는 동안 초콜릿 바가 같은 조각을 갖는 것은 이상하기 때문에 당사의 큰 바는 불균등하게 분할됩니다 당사의 미션 - Tony's의 비전은 전 세계적으로 착취가 없는 초콜릿을 만드는 것입니다. 이 목표를 향한 로드맵은 세 가지 기둥으로 구성되어 있습니다: 인식 제고, 모범을 이끌고, 다른 사람들이 행동하도록 영감을 주는 것입니다","밀크 초콜릿, 밀크 캐러멜 바다 소금, 다크 밀크 프레첼 토피와 같은 밀크 바를 혼합하여 다양한 번들 6팩을 사용해보세요.","['초콜릿', '밀크', '코코아', '무역', '공정', '불', '선물', '균등하다', '인증', '조각']"
식음료,스낵 및 디저트,초콜릿,,B0D1L9H7X3,"Hersheys 다양한 초콜릿 미니어처 - Rolo, Heath, KitKat, Kisses and ReesCup 포함, 개별 포장, 벌크 팩 - 1.4kg(3파운드) (1팩)",Sweetsome,33198,33198,3.6,58.0,"거부할 수 없는 다양성: Rolo, Heath, KitKat, Kisses 및 ReesesCups를 포함한 허쉬 클래식 초콜릿의 맛있는 모음을 즐기세요. 개별 포장 편의성: 각 미니어처 초콜릿은 개별적으로 포장되어 이동 중에도 간식, 친구와 공유하거나 도시락에 포장하기에 이상적입니다. 벌크 팩 가치: 이 다양한 초콜릿 벌크 팩으로 비축하고 절약하여 가족 모임, 파티 또는 일상적인 탐닉을 위해 항상 달콤한 간식을 먹을 수 있습니다. 신뢰할 수 있는 품질: Hersheys는 품질과 맛에 대한 헌신으로 유명한 사랑받는 브랜드이므로 각 미니어처 초콜릿이 맛과 만족의 완벽한 균형을 제공한다고 믿을 수 있습니다. 다양한 즐거움: 바삭바삭하거나 쫄깃한 초콜릿 팬이든 크리미한 초콜릿의 즐거움을 좋아하든, 이 모듬 팩은 모든 사람을 위한 무언가를 갖추고 있어 어떤 경우에도 최고의 사람들을 즐겁게 합니다.","Hersheys 다양한 초콜릿 미니어처로 감칠맛 나는 초콜릿 행복을 즐기세요. 신중하게 선별된 이 모음은 Rolo의 풍부한 캐러멜, 히스의 버터 토피, KitKat의 바삭한 웨이퍼 레이어, 키스의 부드러운 밀크 초콜릿, ReesesCups의 크리미한 땅콩 버터 완벽함을 포함하여 Hersheys의 상징적인 인기 제품이 매력적인 믹스가 특징입니다. 각 미니어처 보물은 개별적으로 포장되어 모든 간식 행사에 신선함과 편리함을 보장합니다. 달리는 동안 달콤한 치아를 만족시키거나, 사랑하는 사람과 공유하거나, 특별한 이벤트를 위해 비축할 때 이 벌크 팩은 탁월한 가치와 다양성을 제공합니다. 품질과 맛에 대한 Hersheys의 유명한 헌신으로, 한 입 먹을 때마다 순수한 초콜릿의 행복을 제공한다는 것을 믿을 수 있습니다. 영화의 밤부터 사무실 간식까지, 이 다양한 초콜릿은 모든 연령대의 초콜릿 애호가를 기쁘게 할 것이며, 식료품 저장실이나 사탕 보관함에 꼭 필요한 추가 아이템입니다.","['초콜릿', '포장', '미니어처', '간식', '맛', '행복', '즐거움', '모음', '유명하다', '버터']"
식음료,스낵 및 디저트,초콜릿,,B0D1YS2YR4,"초콜릿 트러플 모듬 우유, 다크 및 화이트 초콜릿 캔디 트러플 어머니의 날 선물 상자 (50개, 밀크 초콜릿)",Generic,41480,41480,3.5,103.0,"매끄럽고 관대함 - 이번 어머니의 날에 린트 린도 밀크 초콜릿 트러플의 고급스러운 맛을 엄마에게 선물하세요. 각 트뤼플은 풍부하고 크리미한 밀크 초콜릿과 부드럽게 녹는 트러플 센터로 만들어져 진정으로 만족스러운 경험을 선사합니다. 이 린도르 초콜릿은 그녀가 하는 모든 일에 감사를 표하는 즐거운 방법입니다. 하트 펠트 선물 - Lindt LINDOR 초콜릿 선물 상자 어머니의 날 트러플 상자로 엄마에게 얼마나 신경 쓰는지 보여주세요. 이 50개입 선물 상자는 그녀가 하는 모든 일에 대한 사랑과 감사를 표현하는 완벽한 방법입니다. 이 린도르 트러플 초콜릿 어머니의 날 선물은 어떤 경우에도 사려 깊고 진심 어린 선물입니다. 아름다운 포장 - Lindt LINDOR 어머니의 날 선물 바구니 초콜릿 상자는 우아하게 디자인되어 바로 선물할 수 있습니다. 엄마가 특별하고 사랑받는 느낌을 줄 사려 깊은 선물입니다. 이 어머니의 날 초콜릿 상자는 엄마에게 ""감사합니다""라고 말할 수 있는 완벽한 방법입니다. 다양한 용도 - 어머니의 날에 완벽하지만 이 초콜릿 어머니의 날 선물 상자는 생일, 기념일 또는 누군가를 특별하게 만들고 싶은 모든 행사에 적합합니다. 인생에서 중요한 여성을 축하하는 맛있는 방법입니다. 해피 어머니의 날 초콜릿 간식으로 행복을 선물하세요. 만족 보장 - Lindt는 고품질 초콜릿으로 유명하며 LINDOR 밀크 초콜릿 트러플도 예외는 아닙니다. 어떤 이유로든 구매에 만족하지 못하는 경우 전액 환불 또는 교체를 위해 당사에 문의하십시오. 이 어머니의 날 선물 바구니 초콜릿은 사랑하는 사람에게 기쁨을 가져다 줄 것입니다.","Lindt LINDOR 밀크 초콜릿 트러플로 엄마를 만족시키세요! Lindt LINDOR 밀크 초콜릿 트러플로 어머니의 날을 더욱 특별하게 만드세요. 각 트뤼플은 프리미엄 밀크 초콜릿으로 감싸진 부드럽게 녹는 트러플 센터가 특징이며, 퇴폐적인 즐거움을 선사합니다. 엄마가 당신에게 얼마나 큰 의미인지 보여줄 수 있는 완벽한 선물입니다. 엄마를 위한 진심 어린 선물. Lindt LINDOR 밀크 초콜릿 트러플 50개입 박스는 엄마의 마음에 기쁨을 가져다 줄 진심 어린 선물입니다. 각 트뤼플은 개별적으로 포장되어 한 번에 하나씩 공유하거나 맛보기에 적합합니다. Lindt LINDOR 밀크 초콜릿 트뤼플은 최고급 재료로 만든 맛있는 밀크 초콜릿으로 엄마가 누릴 자격이 있는 고급스러운 간식입니다. 풍부하고 크리미한 밀크 초콜릿이 입안에서 녹아 얼굴에 미소를 남깁니다. 어머니의 날 선물 바구니에 적합합니다. 엄마를 위한 맞춤형 선물 바구니를 만들거나 미리 만들어진 바구니에 특별한 느낌을 더하든, Lindt LINDOR 밀크 초콜릿 트러플은 완벽한 추가 아이템입니다. 어머니의 날을 더욱 기억에 남게 만들 것입니다. 지금 장바구니에 담기 버튼을 클릭하여 엄마를 위해 린트 린더 밀크 초콜릿 트러플을 주문하고 잊지 못할 어머니의 날을 만들어보세요!","['초콜릿', '선물', '어머니', '밀크', '트러플', '엄마', '상자', '완벽하다', '바구니']"
식음료,스낵 및 디저트,초콜릿,,B085C6CBSZ,"Cacao Therapy 다크 초콜릿 커버 에스프레소 빈 161.6g(5.7온스) 진짜 초콜릿과 커피콩으로 제작! 맛있고 달콤하며 바삭합니다! 코셔, GMO 프리 및 글루텐 프리! 맛을 선택하세요! (에스프레소 빈)",CT,20456,20456,3.9,94.0,,,"['프리', '초콜릿', '에스프레소', '커피콩', '커버', '진짜', '제작', '선택', '바삭', '맛있다']"
식음료,스낵 및 디저트,초콜릿,,B00EP2QYY0,Cadbury Heroes 다양한 초콜릿 통 550G,Cadbury,40303,24930,4.3,2653.0,"다양한 초콜릿: 하나의 욕조에 다양한 Cadbury 초콜릿 바가 포함되어 있습니다 공정 무역: 공정한 가격과 근로 조건을 통해 농부와 근로자를 지원합니다 밀크 초콜릿: 진짜 밀크 초콜릿으로 제작되어 풍부하고 크리미한 맛을 선사합니다 개별 포장: 각 초콜릿 바는 신선함을 위해 자체 호일로 포장됩니다 행사 선물: 생일, 결혼식, 기념일 및 기타 특별한 행사에 적합합니다",Cadbury 히어로즈 모듬 초콜릿 욕조 550G Cadbury Heroes는 1800년대부터 Cadbury 가 유명했던 풍부한 유산과 고품질 장인 정신을 반영합니다. 한 입 크기의 조각은 맛있는 초콜릿을 통해 즐거운 순간을 만들기 위한 브랜드의 헌신을 담고 있습니다.,"['초콜릿', '욕조', '행사', '풍부하다', '포장', '밀크']"
식음료,스낵 및 디저트,초콜릿,,B00MW29K6O,Nestle Quality Street 650g 다양한 포장 초콜릿 통,Nestle,35303,24930,4.2,1789.0,"Nestle 고품질 스트리트 초콜릿은 1936년부터 캔디 애호가들이 가장 좋아하는 제품입니다 클래식한 품질의 거리 모음에서 선택할 수 있는 12개의 상징적인 과자로 여러분과 가족을 위해 더 많은 마법의 순간을 만들어보세요."" ""각 욕조에는 인공 색소, 향료 또는 방부제가 없으며 수소화 식물성 오일이 없는 다양한 우유와 다크 초콜릿과 토피가 포함되어 있습니다. 휴일이나 언제든지 완벽한 선물...또는 모든 것을 직접 즐길 수 있습니다 Nestle Quality Street 600g 다양한 포장 초콜릿 통",Nestle 고품질 스트리트 초콜릿은 1936년부터 캔디 애호가들이 가장 좋아하는 제품입니다. 클래식한 품질의 스트리트 모음에서 선택할 수 있는 12개의 상징적인 과자로 여러분과 가족을 위한 더 많은 마법의 순간을 만들어보세요. 각 통에는 750g의 개별 포장된 초콜릿이 포함되어 있습니다. 선물로 주거나 직접 즐기세요.,"['초콜릿', '스트리트', '포장', '통', '애호가', '과자', '마법', '모음', '상징', '선물']"
식음료,스낵 및 디저트,초콜릿,,B0CD33W21G,"M&M'S Mega Peanut Butter 밀크 초콜릿 캔디, 243.8g(8.6온스) 백",M&M's,5526,5526,4.2,138.0,"M&M'S 메가 땅콩 버터 밀크 초콜릿 캔디 1개, 243.8g(8.6온스) 백 포함","전 세계에서 사랑받는 클래식을 즐기세요! M&M'S 는 1941년부터 세계에서 가장 유명한 캔디 간식 중 하나입니다. 다채로운 캔디 쉘에 담긴 한 입 크기의 초콜릿 조각은 전 세계에서 즉시 알아볼 수 있습니다. 파티, 축하, 베이킹, 여행에 적합합니다. 이름을 지을 수 있다면 M&M'S 초콜릿 캔디와 함께 하는 것이 좋습니다!","['캔디', '초콜릿', '세계', '밀크', '백', '파티', '여행', '땅콩', '버터', '이름']"
식음료,스낵 및 디저트,초콜릿,,B0D1RHBN7W,"다양한 어머니의 날 초콜릿 선물 상자 - 해피 어머니의 날 초콜릿 선물 상자, 허쉬 밀크 초콜릿, ReesPeanut 버터 컵, 영양가 및 허쉬 통 아몬드, 총 20개, 어머니의 날을 위한 레드 리본이 달린 핑크 선물 상자",Generic,27630,27630,4.3,108.0,"달콤한 마음으로 엄마를 축하하세요 - 다양한 어머니의 날 초콜릿 캔디 선물 상자로 엄마에게 즐거운 초콜릿을 선물하세요. 이 특별한 초콜릿 어머니의 날 선물 상자는 허쉬 밀크 초콜릿, ReesesPeanut 버터 컵, ReesNutrageous, Hershey 밀크 초콜릿과 통 아몬드가 들어 있으며 총 20개의 맛이 있습니다. 엄마를 위한 하트 펠트 선물 - 해피 어머니의 날 초콜릿 선물 상자로 엄마에 대한 사랑과 감사를 보여주세요. 각 제품은 다양한 맛과 질감을 제공하기 위해 신중하게 선택되어 달콤하고 진심 어린 선물을 위한 완벽한 선물입니다. 맛있는 다양한 초콜릿 - 풍부한 밀크 초콜릿부터 크리미한 땅콩 버터 컵까지, 이 어머니의 날 선물 바구니 초콜릿 모음은 모든 초콜릿 애호가를 위한 제품입니다. 각 조각은 개별적으로 포장되어 있어 사랑하는 사람들과 쉽게 즐기고 공유할 수 있습니다. 어머니의 날 선물 바구니에 적합 - 엄마를 위한 선물 바구니를 조립하거나 어머니의 날을 축하하기 위한 특별한 간식을 찾고 있든, 이 초콜릿 선물 상자 어머니의 날 선물은 분명 기뻐할 것입니다. 다양한 맛과 질감으로 다재다능하고 사려 깊은 선물이 됩니다. 어머니의 날을 더욱 특별하게 만드세요 - 다양한 어머니의 날 선물 바구니 초콜릿 상자로 이 어머니의 날을 기억할 수 있도록 만드세요. 맛있는 초콜릿 모음으로 엄마에게 당신이 얼마나 신경 쓰는지 보여줄 수 있는 완벽한 방법입니다.","다양한 어머니의 날 초콜릿 선물 상자로 스위트 블리스에 빠져보세요! 다양한 초콜릿으로 채워진 이 즐거운 선물 상자로 어머니의 날을 더욱 특별하게 만드세요. 각 상자에는 허쉬 밀크 초콜릿, ReesesPeanut 버터 컵, ReesNutrageous, 홀 아몬드가 들어간 허쉬 밀크 초콜릿을 포함한 20개의 피스가 포함되어 있어 엄마가 즐길 수 있는 완벽한 맛의 조화를 제공합니다. 엄마를 위한 진심 어린 선물 이 사려 깊은 선물로 엄마에 대한 사랑과 감사를 보여주세요. 다양한 어머니의 날 초콜릿 선물 상자는 감사를 표현하고 이 특별한 날에 그녀를 소중히 여기는 느낌을 주는 완벽한 방법입니다. 한 입 먹을 때마다 기쁨을 느껴보세요. 이 선물 상자에 담긴 초콜릿은 미뢰를 위한 즐거운 간식입니다. Hershey's의 크리미한 밀크 초콜릿부터 풍부한 땅콩 버터와 ReesPeanut Butter Cup과 Nutrageous의 초콜릿 조합에 이르기까지 모든 조각이 기쁨을 가져다 줄 것입니다. 선물을 위해 아름답게 포장됩니다. 초콜릿은 선물 상자에 우아하게 포장되어 엄마를 위한 완벽한 선물이 됩니다. 함께 축하하거나 멀리서 선물을 보낼 때 이 선물 상자는 어머니의 날을 더욱 특별하게 만들 것입니다. 장바구니에 담기 버튼을 클릭하고 다양한 어머니의 날 초콜릿 선물 상자로 어머니의 날을 기억에 남게 하세요!","['선물', '초콜릿', '어머니', '상자', '엄마', '밀크', '특별하다']"
식음료,스낵 및 디저트,초콜릿,,B002X0QG58,Cadbury Caramello 코알라 쉐어팩,Cadbury,15262,15262,4.5,380.0,호주에서 수입 모든 호주 및 영국 식품에 대해 일/월/연도 순으로 읽는 최고의 날짜 밀크 초콜릿 및 캐러멜 12회 분량 AussieProducts 수입,"Caramello Koala는 현재 Cadbury Australia에서 제조한 초콜릿 바 브랜드입니다. 캐러멜 센터가 있는 초콜릿 만화 코알라(특정 광고 자료에서 ""George""라고 명명됨)로 구성되어 있습니다.","['초콜릿', '호주', '코알라', '캐러멜', '수입', '쉐어', '날짜', '만화', '명명', '밀크']"
식음료,스낵 및 디저트,초콜릿,,B0BBP9SGHF,Hershey's Cookies 'n' Creme 캔디 - 스낵 사이즈 - 부드러운 화이트 크림으로 코팅된 초콜릿 쿠키 비트 - 개별 포장 - 벌크 팩 (0.5kg(1파운드),Sweetsome,26287,26287,4.2,75.0,"Cookies 'n' Creme 스낵 사이즈 캔디 바 벌크 백 1개가 포함되어 있으며, 부드럽고 맛있는 화이트 크림으로 코팅된 바삭한 쿠키 비트가 특징입니다. 파운드당 약 35개의 바 포함 집에서부터 직장, 간식 휴식 및 이동 중에도 하루가 이어지는 곳 어디에서나 크리미하고 바삭하며 달콤한 쿠키 간식을 가져가세요. Cookies 'n' Creme 캔디 바를 찾으면 모두가 흥분합니다. 이제 여러분도 그렇게 할 수 있습니다! 코셔 인증 Cookies 'n' Creme 캔디 스낵 사이즈 캔디 바는 개별적으로 포장되어 가방에 넣어 신선함과 이동 중에도 간식을 즐길 수 있습니다 좋아하는 간식에 크런치와 크림을 더하고 싶으신가요? 컵케이크, 브라우니, 쿠키를 한두 섹션으로 토핑하여 이 바로 최고의 구운 디저트를 달콤하게 만들 수 있습니다 관련된 모든 사람을 위한 크리미한 캔디 바로 생일 파티, 졸업 축하, 기념일, 영화의 밤, 캠프파이어를 한 단계 업그레이드하세요. 발렌타인 데이, 크리스마스, 할로윈 및 부활절 캔디 선택을 위해 부드럽고 맛있는 화이트 크림으로 코팅된 바삭한 쿠키 비트가 특징인 스낵 사이즈 캔디 바","행복이 있고 행복이 있습니다. Cookies 'n' Creme 캔디 바는 혼자 즐기거나 사랑하는 사람과 공유하든 삶을 더 맛있게 만듭니다. 맛있는 간식으로 사랑받는 두 가지 맛으로 미각을 즐겁게 하세요. 바삭한 쿠키 조각은 부드러운 화이트 크림과 결합되어 한 입 먹을 때마다 맛있는 음식을 제공합니다. 이 스낵 사이즈, 코셔 인증을 받은 개별 포장된 캔디 바는 클래식 초콜릿 바에 반전을 제공하며 집, 직장 및 이동 중에도 하루 종일 간식을 먹기에 적합합니다. 크리스마스, 할로윈, 발렌타인 데이 및 부활절을 포함하여 일년 내내 수많은 특별하고 일상적인 행사에 사랑받는 간식입니다. 손님을 위해 가방을 보관하고 기분이 좋을 때 편리한 간식을 위해 식료품 저장실에 보관하십시오. 좋아하는 간식에 크런치와 크림을 더하고 싶으신가요? 컵케이크, 브라우니, 쿠키를 한두 섹션으로 토핑하여 이 바로 최고의 구운 디저트를 달콤하게 만들 수 있습니다. Cookies 'n' Creme 캔디 바를 찾으면 모두가 흥분합니다. 이제 여러분도 그렇게 할 수 있습니다!","['캔디', '간식', '쿠키', '크림', '스낵', '맛있다', '화이트', '부드럽다', '바삭', '비트']"
식음료,스낵 및 디저트,초콜릿,,B0BCKNNY15,"Venchi - 피스타치오 고메 초콜릿 바 - 화이트 초콜릿 및 피스타치오 페이스트 크림 바, 100g(3.4온스) - 글루텐 프리",Venchi,17935,17935,4.3,110.0,"이 고급 초콜릿 바의 확실한 스타? 피스타치오! 피스타치오 애호가에게 완벽한 이 가볍게 소금에 절인 피스타치오와 바삭한 피스타치오가 들어간 화이트 초콜릿 바가 여러분을 놀라게 할 것입니다! 신선도 절약 포장지에 포장되어 우아한 상자에 담겨 제공됩니다 ""Buono Buonissimo"" 규칙에 따라 이탈리아에서 제작되었습니다(천연 성분, 설탕이 적고 인공 첨가물 없음) 글루텐 프리, 착색제 또는 방부제 없음, 팜유 무첨가",피스타치오 애호가들이 앞으로 나옵니다. 저희는 모든 피스타치오의 욕구를 충족시킬 바를 보유하고 있습니다! 피스타치오 바는 화이트 초콜릿이 피스타치오 페이스트와 전체 피스타치오를 만나는 완벽한 달콤하고 맛있는 조화를 이루는 바삭한 피스타치오 폭발입니다. 이 고급 바의 강렬한 맛에 놀랄 것입니다!,"['피스타치오', '초콜릿', '화이트', '바삭', '프리', '애호가', '포장', '페이스', '고급', '완벽하다']"
식음료,스낵 및 디저트,초콜릿,,B01M3SBVC1,Meiji Chocorooms 24 개별 21g 백,Meiji,34625,34625,4.4,722.0,각 0.75g (0.75온스) 개별 가방 24개. 일본 제품,달콤하고 바삭합니다! 멋진 초콜릿 맛을 가진 독특한 버섯 모양. 입안에서 녹는 바삭한 크래커 줄기에는 고품질 서아프리카 코코아 콩으로 만든 우유와 다크 초콜릿 캡이 있습니다.,"['초콜릿', '바삭', '크래커', '버섯', '다크', '달콤하다', '독특하다', '맛', '멋지다', '서아프리카']"
식음료,스낵 및 디저트,초콜릿,,B0CQPC53Y9,Hamperly Gifts Feastables 오리지널 밀크 초콜릿 바 포함 초콜릿 바 번들 60g (4팩),Hamperly Gifts,16453,16453,3.4,9.0,"풍부한 오리지널 초콜릿 맛: 각 바는 고품질 초콜릿의 순수하고 풍성한 맛을 특징으로 하며 클래식 초콜릿 애호가에게 만족스러운 경험을 제공합니다. 넉넉한 바 사이즈: 각 바의 무게는 60g이므로 혼자 맛보거나 친구들과 공유하든 상당하고 즐거운 간식을 즐길 수 있습니다. 미스터 비스트 팬에게 이상적: 미스터 비스트의 콘텐츠를 팔로우하고 즐기는 사람들에게 이 초콜릿 바는 팬덤과 초콜릿에 대한 사랑을 결합하는 즐거운 방법을 제공합니다. 다용도 간식 옵션: 이 바는 편안한 간식부터 달콤한 디저트까지, 또는 동료 초콜릿 애호가를 위한 사려 깊은 선물까지 다양한 상황에 적합합니다. 고품질 장인 정신: 디테일과 고품질 재료에 주의를 기울여 제작된 Mr Beast Feastables 오리지널 초콜릿 바는 풍부하고 매끄럽고 만족스러운 초콜릿 경험을 보장하기 위해 제작되었습니다.","이 초콜릿 바 번들로 Feastables Mr Beast Bar 오리지널 초콜릿의 클래식하고 풍부한 맛을 즐기세요. 미스터 비스트의 팬이나 순수 초콜릿의 단순하면서도 깊은 즐거움을 좋아하는 모든 사람에게 이상적인 이 번들에는 Feastables Mr Beast Bar 오리지널 초콜릿 4팩이 포함되어 있으며 각 무게는 60g입니다. 이 초콜릿 바는 고급스럽고 부드러운 초콜릿 경험을 제공하도록 제작되어 맛있는 간식으로 완벽합니다. 성분: 케인 슈가, 초콜릿 주류, 코코아 버터, 유화제: 해바라기 레시틴, 다크 초콜릿 함유 코코아 고체 54% 최소","['초콜릿', '간식', '경험', '풍부하다', '비스트', '미스터', '맛', '제작']"
식음료,스낵 및 디저트,초콜릿,,B077J8HL3Z,"Unreal 크리스피 퀴노아가 함유된 다크 초콜릿, 무설탕 알코올, GMO 프리, 141.7g(5온스) (6팩)",UNREAL,56771,56771,4.6,354.0,"Unreal 크리스피 퀴노아가 함유된 다크 초콜릿, 무설탕 알코올, GMO 프리, 141.7g(5온스) (6팩)","저희는 UNREAL 제품을 시작해 모든 사람들이 자연스럽지 않고 설탕 없이 초콜릿 스낵을 즐길 수 있도록 했습니다. 저희는 완전히 다른 방식으로 만듭니다. 작은 배치. 천연 성분, GMO 프리, 비건, 콩 성분, 설탕 알코올, 설탕을 적게 사용합니다. 그리고 농부들에게도 공정하게 지불합니다. 진짜. 가장 중요한 것은 맛이 UNREAL!","['설탕', '초콜릿', '프리', '알코올', '함유', '크리스', '퀴노아', '다크', '성분', '스낵']"
식음료,스낵 및 디저트,초콜릿,,B01N22A7LG,"Sno-Caps, Semi-Sweet Chocolate Nonpareils, 영화관 캔디 박스, 각 87.9g(3.5온스), 벌크 15팩",Sno-Caps,40095,40095,4.8,613.0,"클래식한 인기 제품: 여러분이 알고 사랑하는 클래식 영화관 간식, Sno-Caps Chocolate Nonpareils는 15개의 개별 포장된 팩으로 간식 시간에 좋아하는 맛을 선사합니다 코코아의 달콤한 맛: 이 맛있는 초콜릿 간식은 풍부한 코코아 맛을 가지고 있으며 주요 초콜릿 브랜드보다 지방이 25% 적으며 인공 향료나 색소가 없습니다 언제 어디서나 완벽함: 집에서 영화의 밤을 보내기에 완벽한 Sno-Caps 영화관 사탕의 재미를 소파에 가져다줍니다. 또한, 디저트, 구운 간식 및 진저브레드 하우스에도 거부할 수 없는 토핑을 만듭니다 좋은 점 공유: 이 할인 스타일 박스는 Sno-Caps 코코아가 풍부한 맛을 친구, 가족 및 동료와 공유하기에 좋습니다 재고: 식료품 저장실에 딱 맞는 이 15개의 박스 벌크 팩으로 언제 어디서나 맛있는 향수를 불러일으키는 초콜릿 간식을 쉽게 즐길 수 있습니다","1920년대부터 클래식한 영화관 간식인 Sno-Caps Chocolate Nonpareils는 15팩 대용량 캔디 맛 박스로 여러분이 알고 사랑하는 맛을 여러분의 집에 가져다줍니다. 거부할 수 없는 이 초콜릿 간식은 풍부한 코코아 맛을 가지고 있으며 주요 초콜릿 브랜드보다 지방이 25% 적으며 인공 향료나 색소가 없습니다. 집에서 영화를 보는 밤에 완벽한 Sno-Caps 제품은 영화를 보거나 이동 중이나 사무실에 가져갈 때 간식을 더욱 즐겁게 해줍니다. Sno-Caps 초콜릿 캔디 간식의 코코아가 풍부한 맛은 친구, 가족 및 동료와 공유할 수 있는 맛있는 선물입니다. 이 초콜릿 간식은 아이스크림, 쉐이크, 구운 디저트 및 진저브레드 하우스에도 훌륭한 토핑이 됩니다. 간식, 베이킹, 파티 등을 위해 이 맛있는 향수를 불러일으키는 초콜릿을 준비하는 것을 좋아할 것입니다.","['간식', '맛', '초콜릿', '코코아', '풍부하다', '영화관', '맛있다', '박스', '완벽하다', '공유']"
식음료,스낵 및 디저트,초콜릿,,B00EJQRJVE,Goetze's Candy Vanilla Cow Tales - 1kg(2.2파운드) 캐니스터 (1020.6g(36온스) - 공장에서 갓 나온 제품,Goetze's,34611,34611,4.7,1829.0,"공장에서 신선함: Goetze's Original Cow Tales를 구입하시면 저희 공장에서 직접 신선한 Cow Tales를 받으실 수 있습니다. 진짜 크림으로 제작: Goetze's Cow Tales Minis는 건강에 좋은 진짜 유제품 우유로 만들어져 Cow Tales에 풍부하고 크리미한 맛을 선사합니다. 완벽한 간식: Goetze's Candy는 어떤 상황에서도 훌륭한 간식을 제공합니다! 다음 생일 파티, 사무실 캔디 볼 또는 달콤한 선물로 좋아하는 캐러멜 캔디를 주문하세요. 향수를 불러일으키는 캔디: Goetze's Candy는 125년 이상 모두가 알고 사랑하는 크림 센터가 있는 전통적인 캐러멜 캔디를 만들어 왔습니다. 미국에서 제작: 모든 Goetze's Candy는 미국에서 견과류 프리 전용 시설에서 제작됩니다.",,"['캔디', '공장', '제작', '신선하다', '미국', '진짜', '캐러멜', '간식', '크림', '크리미']"
식음료,스낵 및 디저트,초콜릿,,B08X9H95N3,"Tru Fru Real Coconut Melts 하이퍼 드라이 프레시 밀크 초콜릿, 119.1g(4.2온스) 백",Tru Fru,13836,13836,4.3,1680.0,"관대함은 자연스럽습니다 - 간식이 모두 천연일 때 방종을 부정할 필요가 없습니다 깨끗한 성분 - 100% 진짜 과일, 잘 익은 과일, 신선한 건조, 프리미엄 밀크 초콜릿에 담그세요 고건조 - 맛과 신선함을 유지합니다 트랜스 지방 프리, 섬유질 함량이 높고 칼로리가 낮습니다 글루텐 프리, 코셔 인증, GMO 프리","Tru Fru란 무엇입니까? 풍성한 간식으로 위장한 건강한 간식? 아니면 건강한 간식으로 위장한 관대 간식인가요? 그렇습니다. 네, 그렇습니다. Tru Fru Hyper-Dried 제품은 프리미엄 과일로 만들어졌으며 맛과 영양을 보존하기 위해 독특하게 과건조된 다음 맛있는 다크 초콜릿에 담가두어 자연스러움을 선사합니다","['간식', '초콜릿', '프리', '건조', '과일', '맛', '신선하다', '위장', '자연스럽다', '프리미엄']"
식음료,스낵 및 디저트,초콜릿,,B0D92YVZFS,"미니 에그 밀크 초콜릿, 캐드버리 미니 에그 2봉지, 각 255.1g(9온스), 크리미 밀크 초콜릿 캐드버리 미니 에그, 특별한 날을 위한 완벽한 캐드버리 에그, 모든 연령대를 위한 프리미엄 캔디 에그",SWEETSIDE CANDY CO.,23531,23531,4.2,35.0,"맛있는 캐드버리 미니 에그 밀크 초콜릿: 최고급 프리미엄 밀크 초콜릿으로 꼼꼼하게 제작된 Cadbury 미니 에그의 맛있는 맛을 즐기세요. 이 캐드버리 에그 미니 에그는 입안에서 녹는 풍부하고 크리미한 맛을 제공하여 진정으로 고급스러운 초콜릿 경험을 제공합니다. 달콤한 치아를 만족시키기에 완벽한 이 간식은 부드러운 밀크 초콜릿과 기분 좋은 바삭한 껍질을 결합하여 편안하고 풍성한 맛의 감각을 만듭니다. 한 입 먹을 때마다 Cadbury의 고품질 초콜릿의 상징적인 맛을 즐기세요. 이 미니 에그는 초콜릿 애호가를 위한 완벽한 간식입니다. 어떤 경우에도 완벽한 초콜릿 달걀: 이 다용도 캐드버리 미니 달걀은 부활절, 생일을 축하하거나 달콤한 간식을 즐기기 위해 모든 행사에 이상적입니다. 초콜릿 달걀 모양은 어떤 경우에도 완벽하며, 맛있는 맛으로 모든 파티나 모임에 훌륭한 추가 아이템이 됩니다. 케이크, 컵케이크 및 기타 디저트를 장식하거나 가방에서 바로 꺼내서 즐거운 간식으로 즐길 수 있습니다. 매력적인 외관과 거부할 수 없는 맛으로 모든 휴일 축하와 특별한 순간에 적합하며 모든 행사에 달콤함을 더합니다. 편리한 캐드버리 미니 에그 2팩: 이 패키지는 Cadbury 미니 에그 2봉지와 함께 탁월한 가치를 제공합니다. 각 팩에는 맛있는 밀크 초콜릿 에그 255.1g(9온스)가 들어 있습니다. 이 넉넉한 양으로 친구 및 가족과 공유하거나 좋아하는 레시피에 사용하거나 시간이 지남에 따라 즐길 수 있습니다. 재밀봉 가능한 백은 초콜릿 달걀을 신선하고 맛있게 유지하도록 설계되어 원하는 속도로 맛볼 수 있습니다. 파티를 계획하거나, 부활절 축제를 준비하거나, 좋아하는 초콜릿 간식을 비축할 때 이 편리한 2팩은 완벽한 솔루션을 제공합니다. 선물용으로 이상적인 캔디 에그: Cadbury 미니 에그는 어떤 경우에도 탁월한 선물이 되며, 거부할 수 없는 맛과 매력적인 외관으로 받는 사람을 기쁘게 합니다. 이 cadbury 미니 에그 캔디는 부활절 바구니를 채우거나 파티 선물을 만들거나 모든 연령대의 초콜릿 애호가를 위한 사려 깊은 선물로 적합합니다. 축제 분위기의 외관과 고품질의 맛은 받는 모든 사람에게 기쁨을 가져다 줄 즐거운 놀라움을 선사합니다. Cadbury의 상징적인 초콜릿 달걀의 행복을 사랑하는 사람들과 공유하여 휴일이나 축하 행사를 더욱 특별하게 만드세요. 프리미엄 품질의 초콜릿 캐드버리: 크리미한 질감과 풍부하고 만족스러운 맛으로 유명한 Cadbury Egg의 비교할 수 없는 품질을 경험하십시오. 각 미니 계란은 지속적으로 탁월한 맛을 보장하기 위해 최고급 재료만을 사용하여 세심하게 제작되었습니다. Cadbury의 품질과 전통에 대한 헌신은 구매할 때마다 프리미엄 초콜릿 제품을 구매한다는 것을 신뢰할 수 있음을 의미합니다. Cadbury만이 제공할 수 있는 고급스러운 맛과 입안에서 부드럽게 녹는 경험을 즐기세요. 최고의 초콜릿 장인 정신을 구현하는 사랑받는 클래식인 Cadbury Mini Eggs의 유행을 타지 않는 즐거움을 자신과 가족에게 선물하세요.","Cadbury 미니 에그 밀크 초콜릿으로 궁극의 탐닉을 경험하세요. Cadbury 미니 에그 밀크 초콜릿으로 풍부하고 크리미한 초콜릿의 세계로 빠져보세요. 캐드버리 에그의 클래식한 즐거움을 집으로 가져다주는 완벽한 콤보입니다. 각 패키지에는 2개의 가방이 포함되어 있으며, 각 가방의 무게는 255.1g(9온스)이며 즐기고 공유하기에 적합합니다. 자신이나 사랑하는 사람을 대접하든, Cadbury 미니 에그는 최고의 초콜릿 경험을 선사합니다./Cadbury 미니 에그 밀크 초콜릿과 비교할 수 없는 맛. Cadbury 미니 에그 밀크 초콜릿으로 최고의 초콜릿 간식을 발견하세요. 각 미니 계란은 매끄럽고 크리미한 밀크 초콜릿 센터를 자랑하며 선명하고 다채로운 캔디 쉘로 둘러싸여 있습니다. 달콤한 치아를 만족시키기에 완벽한 이 초콜릿 달걀은 초콜릿 애호가에게 꼭 필요한 제품입니다. 품질과 탐닉의 대명사인 Cadbury의 우수한 맛과 질감을 즐기세요./모든 초콜릿 요구 사항에 적합합니다. Cadbury 미니 에그 밀크 초콜릿은 부활절만을 위한 것이 아닙니다. 이 다용도 캔디 달걀은 휴일 축하, 생일 파티 또는 단순히 맛있는 간식 등 모든 행사에 이상적입니다. 디저트를 장식하거나, 캔디 그릇을 채우거나, 선물 바구니에 달콤한 느낌을 더하는 데 사용하세요. 즐거운 미니 계란은 프리미엄 초콜릿 경험을 즐기고 싶을 때 언제든지 적합합니다./공유하고 즐길 수 있는 편리한 2팩 Cadbury 미니 에그 밀크 초콜릿 2팩의 편리함을 즐기세요. 각 가방에는 255.1g(9온스)의 맛있는 미니 에그가 들어 있습니다. 이 충분한 양으로 친구 및 가족과 공유하거나 좋아하는 레시피에 사용하거나 시간이 지남에 따라 맛볼 수 있습니다. 재밀봉 가능한 백은 초콜릿 달걀을 신선하게 유지하므로 원하는 속도로 즐길 수 있습니다. 좋아하는 간식을 구입하기에 완벽합니다!/선물용으로 이상적인 초콜릿 에그 Cadbury 미니 에그는 어떤 경우에도 훌륭한 선물입니다. 축제 분위기의 외관과 맛있는 맛은 모든 연령대의 사람들에게 기쁨을 가져다 줄 것입니다. 이 미니 초콜릿 에그 캔디는 부활절 바구니를 채우거나, 파티 선물을 만들거나, 초콜릿 애호가에게 사려 깊은 선물로 주기에 적합합니다. Cadbury의 상징적인 초콜릿 달걀의 즐거움을 사랑하는 사람들과 공유하여 모든 축하 행사를 더욱 특별하게 만드세요./Cadbury의 프리미엄 품질 초콜릿. 크리미한 질감과 풍부하고 만족스러운 맛으로 유명한 Cadbury Egg의 우수한 품질을 믿으세요. 각 미니 계란은 지속적으로 탁월한 맛을 보장하기 위해 최고급 재료를 사용하여 세심하게 제작되었습니다. 품질에 대한 Cadbury의 헌신은 한 입 먹을 때마다 프리미엄 초콜릿 경험을 즐길 수 있음을 의미합니다. 절대 실망하지 않는 사랑받는 클래식인 Cadbury 미니 에그의 고급스러운 맛을 자신과 가족에게 선물하세요./Cadbury 미니 에그로 초콜릿 경험을 향상시키세요 Cadbury 미니 에그 밀크 초콜릿으로 일상 생활에 즐거움을 더하세요. 2팩의 편리함과 맛을 풀고 어떤 경우에도 탁월한 초콜릿 성능을 즐기세요. 클릭하여 Cadbury 미니 에그를 장바구니에 추가하고 최고의 초콜릿의 고급스러움과 만족을 경험하십시오.","['초콜릿', '미니', '맛', '밀크', '선물', '달걀', '경험', '캐드', '완벽하다', '맛있다']"
식음료,스낵 및 디저트,초콜릿,,B09XSL33T8,"Raisinets, 밀크 초콜릿 커버 캘리포니아 건포도, 영화관 캔디 박스, 각 87.9g(3.5온스), 벌크 15팩",Raisinets,37325,37325,4.4,117.0,"클래식하고 맛있습니다: 완벽하게 맛있는 클래식 초콜릿 스낵 개별 포장 상자로 밀크 초콜릿 Raisinets 의 거부할 수 없는 맛을 즐기세요 타의 추종을 불허하는 맛: Raisinets 는 주요 초콜릿 브랜드보다 지방이 30% 적으며, 수분이 많고 햇볕에 잘 익은 캘리포니아 건포도, 글루텐 프리 초콜릿으로 만들어졌으며 인공 향료나 색소가 없습니다 언제 어디서나 완벽합니다: 재미있는 간식인 Raisinets 제품을 사용하면 영화관 사탕의 재미를 소파에 가져가거나 직장, 학교 또는 달콤하고 초콜릿의 맛을 원하는 곳 어디에나 가져갈 수 있습니다 좋은 점 공유: 이 상자는 밀크 초콜릿 Raisinets 맛을 친구, 가족 및 동료와 공유하기에 좋습니다 모든 크기에 맞는 사이즈: 개별 상자부터 벌크 팩까지, Raisinets 제품은 모든 크기의 완벽한 밀크 초콜릿 스낵을 만듭니다","완벽하게 클래식하고 완벽하게 맛있는 밀크 초콜릿 건포도 상자를 구매하세요. 밀크 초콜릿과 통통하고 육즙이 풍부한 건포도의 클래식 캔디 콤보는 이길 수 없는 맛있는 초콜릿 스낵 옵션입니다. 햇볕에 잘 익은 육즙이 많은 캘리포니아 건포도와 글루텐 프리 초콜릿으로 제작된 이 맛있는 간식은 주요 초콜릿 브랜드보다 지방이 30% 적으며 인공 향료나 색소가 전혀 없습니다. 집에서 영화의 밤을 보내기에 완벽한 Raisinets 영화관 사탕의 재미를 소파로 가져다줍니다. 이 대용량 캔디 스낵 박스는 친구, 가족 및 동료와 캔디를 재미있고 쉽게 공유할 수 있습니다. 오늘 상자를 구입하고 간식 시간에 Raisinets 의 맛있는 맛을 더하세요.","['초콜릿', '맛있다', '완벽하다', '밀크', '상자', '건포도', '맛', '스낵', '캔디', '클래식']"
식음료,스낵 및 디저트,초콜릿,,B004CGXVL8,M&M 미니 밀크 초콜릿 2.3kg(5파운드) 벌크 패키지,M&M,55372,55372,3.8,301.0,"진짜 밀크 초콜릿으로 만든 다채로운 캔디 쉘로 둘러싸인 유행을 타지 않는 미니어처 M&M을 즐기세요! 똑같은 훌륭한 맛, 미니 스타일! 2.3kg(5파운드)의 맛있고 작은 M&M'S는 좋아하는 베이킹 재료를 비축하기에 적합합니다. M&M'S 밀크 초콜릿 미니 캔디 2.3kg(5파운드) 벌크 패키지 1개 포함 다채로운 캔디 껍질로 둘러싸인 진짜 밀크 초콜릿으로 제작되었습니다 M&M의 미니 캔디를 사용하여 쿠키, 케이크, 브라우니 등을 베이킹하거나 장식하세요 각 벌크 캔디 패키지에는 모든 상황에 맞는 식료품 저장실을 보관할 수 있는 충분한 M&M의 미니 캔디가 포함되어 있습니다 하루와 좋아하는 레시피에 맛있고 다채로운 재미를 더하세요",MandM's 밀크 초콜릿 2.3kg(5파운드) 패키지,"['캔디', '초콜릿', '밀크', '미니', '패키지', '맛있다', '베이킹', '진짜']"
식음료,스낵 및 디저트,초콜릿,,B0B7KDN7RZ,Hershey's 밀크 초콜릿 미니어처 개별 포장 벌크 팩 초콜릿 캔디 바 모음 미니 초콜릿 바 파티용 스낵 사이즈 초콜릿 간식 파티 선물 초콜릿 캔디 밀크 초콜릿 버라이어티 팩 허쉬 미니 캔디 모음 (0.9kg(2파운드) (1팩),Sweetsome,20747,20747,3.5,38.0,"Hershey's 밀크 초콜릿 미니어처 캔디 바 벌크 팩 1개가 포함되어 있습니다. 코셔 인증을 받은 글루텐 프리 밀크 초콜릿 미니어처 바는 신선함과 이동 중에도 간식을 먹을 수 있도록 포장되어 있으며, 파운드당 약 50개의 바가 포함되어 있습니다. 허쉬의 클래식 밀크 초콜릿 캔디 바, 생일 파티, 졸업 축하, 기념일, 영화의 밤 및 캠프파이어로 캔디 접시, 선물 및 스모어 게임을 한 단계 업그레이드하세요. 관련된 모든 사람을 위한 클래식 밀크 초콜릿으로 한 단계 업그레이드하세요 Hershey의 미니어처 밀크 초콜릿 캔디 바는 크리스마스 스타킹, 할로윈 트릭 오어 트릿 가방, 부활절 바구니 및 발렌타인 데이 파티 선물을 채우는 데 사용할 수 있습니다. 손님을 위해 팩을 보관하고 기분이 좋을 때 편리한 간식을 위해 식료품 저장실에 보관하십시오. Hershey의 미니어처 바 팩으로 영화의 밤을 보여주어 모든 사람들을 기쁘게 하고 밤의 간식을 완벽하게 선택할 수 있습니다. 컵케이크, 브라우니, 쿠키를 한두 개로 토핑하여 좋아하는 구운 디저트를 이 초콜릿으로 달콤하게 만들 수도 있습니다. Hershey의 밀크 초콜릿에 도달하면 모두가 흥분합니다. 이제 여러분도 그렇게 될 수 있습니다!","행복이 있고 허쉬의 행복이 있습니다. 수십 년 동안 고전적이었던 맛있고 크리미한 밀크 초콜릿으로 제작된 Hershey의 밀크 초콜릿 바는 혼자 즐기거나 사랑하는 사람들과 공유하든 삶을 더 맛있게 만듭니다. 이 미니어처 캔디는 수많은 특별하고 일상적인 행사에 완벽한 간식입니다. Hershey의 미니어처 밀크 초콜릿 캔디 바는 크리스마스 스타킹, 할로윈 트릭 오어 트릿 가방, 부활절 바구니 및 발렌타인 데이 파티 선물을 채우는 데 사용할 수 있습니다. 손님을 위해 팩을 보관하고 기분이 좋을 때 편리한 간식을 위해 식료품 저장실에 보관하십시오. Hershey의 미니어처 바 팩으로 영화의 밤을 보여주어 모든 사람들을 기쁘게 하고 밤의 간식을 완벽하게 선택할 수 있습니다. 컵케이크, 브라우니, 쿠키를 한두 개로 토핑하여 좋아하는 구운 디저트를 이 초콜릿으로 달콤하게 만들 수도 있습니다. Hershey의 밀크 초콜릿에 도달하면 모두가 흥분합니다. 이제 여러분도 그렇게 될 수 있습니다!","['초콜릿', '밀크', '캔디', '미니어처', '간식', '밤', '파티', '선물', '보관', '사람']"
식음료,스낵 및 디저트,초콜릿,,B0D1YQKF66,"LindtLindor 초콜릿 트러플 아몬드 버터 밀크 초콜릿 캔디 트러플 선물 상자 - 개별 포장 린트 LINDOR 밀크 초콜릿 캔디, 부드럽게 녹는 아몬드 트러플 포함 (50개, 아몬드 버터 밀크 초콜릿)",Generic,37325,37325,4.1,52.0,"맛있는 아몬드 버터 맛 - Lindt LINDOR 트러플 아몬드 버터 밀크 초콜릿 캔디의 풍부하고 크리미한 맛을 친구와 가족에게 선물하세요. 각 트뤼플은 부드럽게 녹는 아몬드 트러플 센터로 채워져 있어 입맛을 즐겁게 할 것입니다. 이 Lindor 초콜릿은 그녀가 좋아할 고급스럽고 관대한 간식입니다. 하트 펠트 선물 - Lindt LINDOR 아몬드 버터 초콜릿 선물 상자 트러플 상자로 사람들에게 얼마나 신경 쓰는지 보여주세요. 이 50개입 초콜릿 선물 상자는 사랑과 감사를 표현하는 완벽한 방법입니다. 모두가 사랑하고 소중히 여길 진심 어린 선물입니다. 고급스러움에 빠져보세요 - 이 넉넉한 밀크 초콜릿 트러플은 개별적으로 포장되어 이동 중에도 즐기거나 사랑하는 사람들과 공유하기에 적합합니다. 누구나 특별하고 감사하게 느낄 수 있는 고급스러운 간식입니다. 이 초콜릿 상자는 친구와 사랑하는 사람에게 그것이 당신에게 얼마나 의미가 있는지 보여줄 수 있는 완벽한 방법입니다. 다양한 용도 - 이 선물 상자는 생일, 기념일 또는 누군가를 특별하게 만들고 싶은 모든 행사에 적합합니다. 인생에서 중요한 사람들을 축하하는 맛있는 방법입니다. 만족 보장 - Lindt는 고품질 초콜릿으로 유명하며 LINDOR 아몬드 버터 선물 바구니 초콜릿 트러플도 예외는 아닙니다. 어떤 이유로든 구매에 만족하지 못하는 경우 전액 환불 또는 교체를 위해 당사에 문의하십시오. 이 선물 바구니 초콜릿은 기억에 남을 날을 만들 것입니다.","린트 LINDOR 아몬드 버터 밀크 초콜릿 캔디 트러플로 엄마를 만족시키세요! Lindt LINDOR 아몬드 버터 밀크 초콜릿 캔디 트러플로 어머니의 날을 잊지 못할 추억으로 만드세요. 각 트뤼플은 부드럽게 녹는 아몬드 트러플 센터와 프리미엄 밀크 초콜릿의 맛있는 블렌드로 신선함을 위해 개별적으로 포장됩니다. 엄마를 위한 완벽한 진심 어린 선물입니다. 엄마를 위한 고급스러운 간식. Lindt LINDOR 아몬드 버터 밀크 초콜릿 캔디 트러플 50개입 박스는 엄마의 감각을 즐겁게 해줄 고급스러운 간식입니다. 아몬드 버터와 밀크 초콜릿의 조합은 풍부하고 크리미한 질감을 만들어 깊은 인상을 남깁니다. 어머니의 날 선물로 완벽합니다. 엄마와 직접 축하하거나 멀리서 선물을 보내든, Lindt LINDOR 아몬드 버터 밀크 초콜릿 캔디 트러플은 완벽한 선택입니다. 또한 휴일, 생일 또는 엄마에게 얼마나 관심을 갖고 있는지 보여주고 싶은 모든 행사에 이상적입니다. 공유하고 즐길 수 있는 50개 상자. 이 선물 상자에는 50개의 맛있는 트러플이 포함되어 있어 엄마가 가족 및 친구들과 공유하거나 혼자 맛볼 수 있습니다. 사려 깊고 관대한 선물로 그녀가 사랑받고 감사하게 느끼게 할 것입니다. 지금 장바구니에 담기 버튼을 클릭하여 엄마를 위해 린트 린도 아몬드 버터 밀크 초콜릿 캔디 트러플을 주문하고 잊지 못할 어머니의 날을 만들어보세요!","['초콜릿', '트러플', '아몬드', '선물', '버터', '밀크', '엄마', '캔디', '상자', '고급스럽다']"
식음료,스낵 및 디저트,초콜릿,,B000V1PAR6,"Cella's 밀크 초콜릿 커버 체리, 72개 박스",Tootsie Roll,46743,42990,4.2,2997.0,"한 팩, 단위 당 72 Cella's Cherries 맛있는 밀크 초콜릿 외피 시그니처 체리 시럽 필링 밀크 초콜릿 지름 3.2cm (1.25인치) Cella 상자에 포장됩니다",Cella's Milk Chocolate Covered Cherries are 1¼ inches in diameter in milk chocolate. Selected cherries are surrounded by a delicious 100% clear liquid then encased in real milk chocolate.,"['초콜릿', '밀크', '체리', '필링', '포장', '커버', '외피', '시럽', '상자', '박스']"
식음료,스낵 및 디저트,초콜릿,,B0D7F6T72K,Hershey 미니어처 모음 - 0.9kg(2파운드) 벌크 허쉬 미니어처 캔디 버라이어티 팩 - 개별 포장된 다양한 초콜릿 캔디 바 100개 - 0.9kg(2파운드) 벌크 캔디 믹스,Yummy Chew,34597,34597,3.2,23.0,"모든 상황에 적합: 이 버라이어티 팩은 휴일, 파티, 회의 또는 사무실 간식에 이상적입니다. 신선함과 편리함을 위해 개별적으로 포장되어 공유하거나 이동 중에도 즐길 수 있습니다.",,"['캔디', '포장', '미니어처', '버라이어티', '휴일', '신선하다', '공유', '모음', '믹스', '사무실']"
식음료,스낵 및 디저트,초콜릿,,B09DMDRVSX,"LILY'S 화이트 초콜릿 스타일 페퍼민트, 79.4g(2.8온스) 바, 4팩",Lily's,15955,15955,4.0,1537.0,LILY's 화이트 초콜릿 스타일 페퍼민트 79.4g(2.8온스) 4박스 12개가 포함되어 있습니다,"사무실, 학교 또는 모험 중에 페퍼민트의 시원한 맛을 즐기세요.","['페퍼민트', '화이트', '초콜릿', '스타일', '학교', '시원하다', '사무실', '박스', '모험', '맛']"
식음료,스낵 및 디저트,초콜릿,,B019O5W9IW,"Schogetten 독일 초콜릿 (3팩) (화이트 초콜릿), 100g",Schogetten,24611,24611,4.3,392.0,Schogetten 화이트 초콜릿 조각 섬세한 화이트 초콜릿. 각 바는 신선함과 맛있는 맛을 유지하기 위해 개별적으로 포장되어 있습니다. 부드럽고 크리미한 이 맛있는 클래식은 화이트 초콜릿 퓨리스트를 위한 제품입니다 이 특별한 초콜릿 캔디 바는 화이트 초콜릿 애호가를 위한 훌륭한 선물입니다. 용기 당 순중량 99.2g(3.5온스). 각 용기에 18개의 개별 조각. 독일에서 수입된 오리지널 제품. 유통기한 날짜는 유럽 형식으로 인쇄되었습니다. DD.MM.YYYYYY,"일년 내내 놀라운 화이트 초콜릿 제품을 사용해보세요. Schogetten 고급 유럽 초콜릿은 독일에서 만들어졌으며 18개의 개별 조각으로 미리 재단되었습니다. 각 바는 순 중량 99.2g(3.5온스)입니다. 허쉬, 기라델리, 도브보다 유럽과 동등한 경쟁자. 다가오는 휴일 시즌 또는 특별한 행사(생일, 기념일, 크리스마스, 할로윈, 부활절 또는 발렌타인 데이)를 위한 훌륭한 초콜릿 선물입니다. 이 초콜릿은 실망시키지 않을 것입니다!","['초콜릿', '화이트', '독일', '유럽', '조각', '훌륭하다', '용기', '특별하다', '맛있다', '선물']"
식음료,스낵 및 디저트,초콜릿,,B0DDV2RBDG,"Mounds 다크 초콜릿 및 코코넛 스낵 사이즈 캔디 바 - 개별 포장 벌크 팩 - 공유, 파티 및 이동 중 간식에 적합 - 0.5kg(1파운드) (1팩)",Sweetsome,16592,16592,1.0,1.0,"풍부한 다크 초콜릿 & 코코넛 맛: 모든 한입 크기의 캔디 바에서 퇴폐적인 다크 초콜릿과 달콤한 코코넛의 완벽한 조화를 즐기세요. 신선함을 위해 개별 포장: 각 MOUNDS 캔디 바는 개별적으로 포장되어 신선함을 극대화하고 이동 중에도 쉽게 공유하거나 즐길 수 있습니다. 가성비를 위한 벌크 팩: 이 벌크 팩은 파티, 모임 또는 일상적인 간식을 위해 식료품 저장실을 보관할 수 있는 충분한 MOUNDS 캔디 바가 있어 훌륭한 가치를 제공합니다. 파티 및 이벤트에 이상적: 생일, 휴일 또는 기타 특별한 행사에 캔디 볼, 파티 선물 또는 간식 가방을 채우기에 적합합니다. 편리한 스낵 사이즈: 이 스낵 사이즈 바는 지나치게 탐닉하지 않고 달콤한 치아를 만족시킬 수 있는 완벽한 제품입니다.","MOUNDS 스낵 사이즈 캔디 바와 다크 초콜릿과 코코넛의 풍부하고 거부할 수 없는 조합을 즐기세요. 각 바는 부드럽고 감미로운 다크 초콜릿으로 제작되어 달콤하고 쫄깃한 코코넛 센터를 완벽하게 보완하여 달콤한 갈망을 만족시키는 맛있는 간식을 만듭니다. 신선함을 위해 개별적으로 포장된 이 스낵 사이즈 바는 공유, 캔디 볼에 추가하거나 이동 중에도 즐기기에 적합합니다. 벌크 팩은 항상 맛있는 간식을 충분히 가지고 다닐 수 있도록 하여 파티, 이벤트 또는 일상적인 간식에 이상적입니다. 클래식 캔디를 좋아하든 기분 좋은 양 조절 간식을 찾고 계신다면, MOUNDS 다크 초콜릿과 코코넛 캔디 바는 완벽한 선택입니다.","['캔디', '간식', '초콜릿', '다크', '코코넛', '스낵', '파티', '완벽하다', '포장', '달콤하다']"
식음료,스낵 및 디저트,초콜릿,,B0CR1WJ3KJ,M&M 피너츠 캔디 - 벌크 땅콩 M&M 캔디 - 25가지 재미있는 사이즈 개별 포장 M&M 캔디 - 땅콩 초콜릿 M&M 벌크 캔디 - 초콜릿 캔디 벌크 백 - 25개,Yummy Chew,27672,27672,4.0,60.0,"땅콩 M&M 벌크 백: 땅콩 M&Ms 캔디의 실질적인 컬렉션으로, 땅콩 초콜릿에 대한 갈망을 충족시키기에 완벽합니다. 25개의 재미있는 사이즈, 개별 포장된 팩: 각 가방에는 25개의 개별 포장된 재미있는 사이즈 팩이 포함되어 있어 이동 중에도 간식에 신선함과 편리함을 보장합니다. 클래식 땅콩과 초콜릿 맛: M&M 애호가들 사이에서 가장 좋아하는 부드러운 밀크 초콜릿에 싸인 바삭한 땅콩의 유행을 타지 않는 조합을 즐기세요. 다양한 행사에 이상적: 파티, 사무실 간식, 영화의 밤 또는 모든 모임에 즐거운 추가 아이템으로 초콜릿과 견과류 같은 맛을 더합니다. 편리하고 공유 가능: 벌크 백 형식과 개별 포장으로 친구, 가족 또는 동료와 쉽게 공유하고 즐길 수 있습니다.",,"['땅콩', '초콜릿', '캔디', '포장', '백', '재미있다', '편리하다', '간식', '공유', '맛']"
식음료,스낵 및 디저트,초콜릿,,B0086K1QAY,Trader Joe's 72% 카카오 벨기에 다크 초콜릿 바 (3개 1팩),TJ's,12589,12589,4.1,297.0,"46.8g(1.6온스) 바 3팩 (총 3개). 수입 72% 카카오 다크 벨기에 초콜릿. 유제품이나 동물성 제품(비건)이 첨가되지 않았습니다. 인공 색소, 향료 또는 방부제가 없습니다.","72% 카카오 다크 초콜릿, 벨기에에서 수입, 바 3개","['카카오', '초콜릿', '벨기에', '다크', '수입', '향료', '첨가', '인공', '유제품', '색소']"
식음료,스낵 및 디저트,초콜릿,,B078SY9T96,"MadeGood 믹스 베리 그래놀라 미니, USDA 인증 유기농, 글루텐 프리 및 GMO 프리, 99.2g(3.5온스) (6팩)",Made Good,37021,37021,4.6,82.0,"MadeGood 혼합 베리 그래놀라 미니, USDA 인증 유기농, 글루텐 프리 및 GMO 프리, 99.2g(3.5온스) (6팩)",,"['프리', '인증', '유기농', '베리', '미니', '글루텐', '혼합', '믹스']"
식음료,스낵 및 디저트,초콜릿,,B00535ZIY0,Canada Candy Coffee 크리스프 초콜릿 바 4 x 50g 바 캐나다에서 수입. (기본),Nestle Coffee Crisp,18101,18101,4.5,1551.0,"부드러운 네슬레 초콜릿으로 코팅된 맛있는 웨이퍼 레이어 패키지에 50g 바 4개 커피 크림, 밀크 초콜릿 코팅이 된 쿠키 웨이퍼","네슬레 커피 크리스프 팩 4개 캔디 바 Coffee Crisp는 두 개의 초콜릿 웨이퍼로 감싸진 크리미한 커피 센터가 있는 클래식 밀크 초콜릿 캔디 바입니다. Coffee Crisp 초콜릿 바는 커피 크림, 쿠키 웨이퍼 및 밀크 초콜릿 코팅의 조합입니다. 소량의 커피가 포함되어 있지만 커피 맛의 대부분은 맛에서 비롯됩니다.","['초콜릿', '커피', '웨이퍼', '코팅', '밀크', '크림', '네슬레', '크리', '쿠키', '캔디']"
식음료,스낵 및 디저트,초콜릿,,B01MY52I1D,"ORCHARD VALLEY HARVEST 다크 초콜릿 아몬드, 28.3g(1온스) (8팩)",Orchard Valley Harvest,18725,18725,4.5,1030.0,"다크 초콜릿 딥 아몬드 226.8g(1온스) 팩 226.8g(8온스) 포함 캘리포니아 아몬드는 64% 카카오 다크 초콜릿에 담갔습니다 Orchard Valley Harvest 활동적인 라이프 스타일을 지원하는 순수하고 심플한 견과류와 말린 단맛을 찾는 데 전념하고 있습니다 모든 Orchard Valley Harvest 제품은 GMO 프리 프로젝트 인증을 받았으며 인공 성분, 색상, 향료 또는 방부제가 포함되어 있지 않습니다 개별 포장된 스낵 팩은 집, 직장 또는 이동 중에도 즐기기에 적합합니다","최고의 레시피 중 일부는 한 세대에서 다음 세대로 전해지는 것입니다. 처음부터 그것들에 대한 바로 그 무언가가 있었습니다. 매우 간단합니다. 정말 맛있습니다. Orchard Valley Harvest는 견과류, 말린 과일 및 믹스에 대해 느끼는 방식입니다. 우리가 주변에 있기 전, 자연은 인공 성분이나 유전자 변형 유기체를 포함하지 않은 완벽한 레시피를 내놓았습니다. 저희는 그 레시피에 충실합니다. 매일 아침 태양이 지평선 위를 엿볼 때, 우리는 소매를 말아서 지구와 긴밀하게 협력하여 여러분이 간식을 먹은 음식이 순수하고 맛있는지 확인합니다. - 캘리포니아의 아몬드 농장부터 조지아의 피칸 농장까지. Orchard Valley Harvest는 건강한 라이프 스타일을 지원하는 순수하고 간단한 견과류와 말린 단맛을 찾는 데 전념하고 있습니다. 저희 제품은 대자연에서 바로 나오며 인공 색소, 향료 또는 방부제가 포함되어 있지 않습니다. 다크 초콜릿 아몬드의 맛있는 맛을 즐기고 영양과 만족을 느껴보세요.","['아몬드', '다크', '초콜릿', '순수하다', '인공', '맛있다', '레시피', '견과류', '간단하다', '방부제']"
식음료,스낵 및 디저트,초콜릿,,B0BM69XCH2,"Bob's Red Mill 땅콩 버터 초콜릿 & 귀리 스낵 바 - 바 5개(1팩) - 글루텐 프리, GMO 프리, 홀그레인",Bob's Red Mill,17063,17063,3.8,126.0,,캔디 및 초콜릿 바,"['프리', '초콜릿', '홀', '캔디', '스낵', '버터', '레인', '땅콩', '글루텐', '귀리']"
식음료,스낵 및 디저트,초콜릿,,B077F155R7,"Unreal, 캔디 코팅 초콜릿 크리스피 퀴노아 보석 백, 141.7g(5온스)",UNREAL,16606,16606,4.6,2477.0,GMO 프리 프로젝트 인증 인공 성분 없음 언리얼 1회 제공량당 설탕 5g 비건 인증,부드러운 다크 초콜릿으로 덮인 바삭한 퀴노아! 언리얼 다크 초콜릿 크리스피 퀴노아 젬은 공정 무역 인증 TM 비건 다크 초콜릿과 구운 퀴노아의 바삭바삭한 바삭함을 독특하게 혼합하여 새로운 (죄책감 없는) 중독이 될 맛있는 간식 조합을 제공합니다. GMO 프리 프로젝트 인증 성분으로 만들어졌으며 식물성 추출물로 자연적으로 착색되고 인공적인 것은 아니지만 맛은 비현실적일 수 있지만 재료가 모두 진짜이며 모두 훌륭하다는 것을 확신할 수 있습니다!,"['퀴노아', '초콜릿', '인증', '다크', '성분', '프리', '프로젝트', '크리스', '비건', '리얼']"
식음료,스낵 및 디저트,초콜릿,,B08RRVT3KL,"CADBURY MINI EGGS 밀크 초콜릿, 바삭한 설탕 껍질 간식, 부활절 캔디, 255g(9온스) 백",Cadbury,9833,9833,4.0,261.0,"CADBURY MINI EGGS 밀크 초콜릿 255.1g(9온스) 1봉지와 바삭한 설탕 껍질 캔디가 포함되어 있습니다 부활절 캔디 접시, 부활절 바구니, 파티 선물, 도시락 및 영화의 밤 간식에 적합한 맛있고 바삭한 설탕 껍질이 있는 즐거운 밀크 초콜릿 달걀 부활절 테마 가방에 담긴 코셔 프리미엄 초콜릿을 담아 간식 시간까지 신선함을 유지합니다 봄철 내내 생일 축하 및 어머니의 날 파티에 바삭한 설탕 껍질에 바삭하고 바삭한 CADBURY 밀크 초콜릿을 가져오세요 속이 빈 플라스틱 달걀을 CADBURY MINI EGGS 밀크 초콜릿 사탕으로 채우고 부활절 달걀 찾기를 위해 생각할 수 있는 가장 창의적인 장소에 숨기세요","CADBURY MINI EGGS 밀크 초콜릿 캔디보다 완벽한 부활절 캔디를 더 이상 찾으실 필요가 없습니다. 이 프리미엄 초콜릿 달걀은 파스텔 색상의 바삭한 설탕 껍질로 코팅되어 부활절 바구니, 캔디 그릇 및 계절 장식에 완벽한 추가 아이템입니다. 이 간식은 도시락, 스낵 캐비닛 및 영화의 나이트 스낵 컬렉션을 모두가 좋아할 맛있는 부활절 캔디로 쉽게 채울 수 있습니다. 부활절 바구니와 플라스틱 달걀을 이 밀크 초콜릿 사탕의 작은 봉지로 채워 자신과 가장 가까운 사람들에게 맛있고 바삭하고 부드러운 사탕으로 대접하세요. 부활절 달걀 찾기를 준비하고 계십니까? CADBURY MINI EGGS 밀크 초콜릿 모셀보다 더 좋은 것은 없습니다. 플라스틱 계란 안에 넣을 수 있는 완벽한 크기입니다. 사냥에 참여한 사람은 맛있는 상품이 무엇인지 알아내면 검색을 멈추고 싶지 않을 것입니다. 이번 부활절에 더 많이 섞고 싶다면 프리미엄 초콜릿 에그 캔디를 토핑하여 좋아하는 브라우니, 컵케익, 쿠키 또는 파이에 약간의 바삭함을 더해보세요. 식히고, 사랑하는 사람에게 서빙하고, 레시피 요청이 부을 때까지 기다리세요!","['초콜릿', '부활절', '바삭', '캔디', '밀크', '달걀', '설탕', '껍질', '간식', '맛있다']"
식음료,스낵 및 디저트,초콜릿,,B004SKIY24,"Sweets 다크 초콜릿 오렌지 스틱, 297.7g(10.5온스) 박스",Sweet Candy Company,22146,22146,4.1,1592.0,297.7g(10.5온스) 박스 다크 초콜릿으로 덮인 오렌지 스틱 인공 색소 없음 글루텐 프리,스위트 다크 초콜릿 오렌지 스틱 1개. 오렌지 젤리 센터는 진짜 다크 초콜릿에 담갔습니다. 진짜 과일 주스로 제작. 약 박스 당 35개. 순중량 298g / 10.5온스,"['오렌지', '다크', '초콜릿', '스틱', '박스', '진짜', '글루텐', '리스', '색소', '센터']"
식음료,스낵 및 디저트,초콜릿,,B0CVJR5B39,"HERSHEYS 제로 슈가 초콜릿 캔디 바 (2.3kg(5파운드), 밀크 초콜릿)",MASHBOX,54444,54444,4.3,99.0,무설탕 탐닉: 죄책감 없는 탐닉을 위해 설탕을 첨가하지 않고 클래식한 허쉬의 맛을 즐기세요. 개별 포장: 각 바는 개별적으로 포장되어 편리함과 부분 조절을 제공합니다. 밀크 초콜릿 캔디로 생일 파티 및 졸업 축하 행사에 참석하세요. 식이 제한이 있는 스낵에게 적합하며 새해를 축하하는 데 도움이 될 수 있습니다 당사의 모든 캔디는 신선하고 개별적으로 포장되어 최적의 맛을 유지합니다. 무설탕 기쁨: 이 초콜릿은 사랑하는 허쉬의 맛을 맛볼 수 있는 죄책감 없는 방법을 제공하여 저탄수화물 또는 설탕 제한 식단을 따르는 사람들에게 적합합니다.,"미국에서 제작 언제 어디서나 맛있는 초콜릿 간식을 즐기세요. 제로 슈가 초콜릿 모음 캔디. 군중을 기쁘게 하는 세 가지 인기 제품을 제공하는 이 캔디 모음은 가족, 친구, 팀원 또는 동료와 공유하기에 적합합니다. 이 버라이어티 백을 사무실 휴게실에 가져가고, 개별적으로 포장된 사탕을 집에서 병에 붓거나 다음 스포츠 경기에 가방을 가져가서 승리를 축하하세요. 무설탕 캔디 피스는 파티, 휴일, 점심, 디저트, 피크닉, 테일게이트 파티 등에 적합합니다. 사탕을 가지고 있으면 정말 잘못될 수 없습니다. 다양한 초콜릿 백에는 특수 다크 및 밀크 초콜릿 바와 REESE'S Miniatures 밀크 초콜릿 땅콩 버터 컵 캔디가 포함되어 있습니다. 모두 스낵 사이즈로 제공됩니다. 하지만 작은 사이즈에 속지 마세요. 한 입 크기의 아스파탐 프리 캔디 바와 컵은 휴일 동안에도 더 큰 이전 제품과 어울리는 완벽한 맛을 담고 있습니다! 크리스마스 스타킹, 부활절 바구니, 할로윈 캔디 그릇 및 발렌타인 데이 선물 가방에 밀크 초콜릿, 스페셜 다크 및 땅콩 버터 캔디를 채우세요. 제품 특징: 무설탕 초콜릿과 땅콩 버터 간식의 혼합으로 모든 사람의 달콤한 입맛을 만족시킵니다. 개별적으로 포장된 코셔 및 아스파탐 프리 제로 설탕 사탕의 다양한 봉지. 밀크 초콜릿과 땅콩 버터부터 단단한 특수 다크 초콜릿까지, 이 제로 설탕 캔디 모음은 모든 사람의 입맛에 적합합니다","['초콜릿', '캔디', '설탕', '밀크', '포장', '맛', '버터', '땅콩', '모음', '다크']"
식음료,스낵 및 디저트,초콜릿,,B0CGSVKKGP,Hersheys 밀크 초콜릿 스낵 사이즈 캔디 바 - 벌크 파티 팩 - 개별 포장 피스 50개 - 재미있는 크기의 초콜릿 캔디 바,Sweetsome,27672,27672,3.4,83.0,"유행을 타지 않는 즐거움: 부드러운 크림과 풍부한 단맛이 완벽하게 조화를 이루는 Hersheys 밀크 초콜릿의 클래식하고 유행을 타지 않는 맛에 빠져보세요. 세대가 가장 좋아하는 제품: 고품질 재료로 제작된 각 바이트는 여러 세대에 걸쳐 초콜릿 애호가들을 기쁘게 하는 상징적인 맛을 전달합니다. 편리한 간식: 이동 중에도 즐길 수 있도록 설계된 이 스낵 사이즈 바는 갈망할 때마다 편리하고 만족스러운 간식을 제공합니다. 다용도 즐거움: 빠른 탐닉, 친구들과 공유하거나 이벤트에 향수를 불러일으키는 느낌을 더하든, 허쉬 밀크 초콜릿은 편안함과 기쁨을 선사합니다. 상징적인 편안함: 벨벳 같은 질감과 친숙한 맛으로 Hersheys 밀크 초콜릿 스낵 사이즈 캔디 바는 한 입 먹을 때마다 편안하고 즐거운 경험을 제공합니다.","부드러운 크리미함과 풍부한 단맛의 완벽한 균형을 이루는 Hersheys 밀크 초콜릿 스낵 사이즈 캔디 바의 유행을 타지 않는 즐거움을 즐기세요. 고품질 재료로 제작된 각 바이트는 여러 세대에 걸쳐 소중히 여겨져 온 상징적인 맛을 캡슐화합니다. 이동 중에도 즐길 수 있는 편리한 크기의 이 스낵 바는 갈망을 충족시키고, 기쁨의 순간을 공유하거나, 어떤 경우에도 향수를 더하는 데 이상적입니다. 간단한 간식이나 영화의 밤 동반자로 즐기든, 허쉬 밀크 초콜릿은 벨벳 같은 입에 편안함과 행복을 선사합니다.","['초콜릿', '밀크', '스낵', '맛', '캔디', '유행', '상징', '간식', '편안함', '즐거움']"
식음료,스낵 및 디저트,초콜릿,,B003WEE23M,"Tootsie Roll 바, 오리지널 클래식 사이즈, 63.8g(2.25온스) 롤, (36개 팩), 땅콩 프리, 글루텐 프리",Tootsie Roll,65912,65912,4.7,1228.0,"Tootsie Roll s is a American icon - 모두가 알고 사랑하는 초콜릿과 쫄깃한 사탕의 맛있는 조합입니다! 대형 63.8g(2.25온스) Tootsie 롤 36개 팩 Tootsie Roll 63.8g(2.25온스) 바를 들고 간식이나 간식으로 가져가세요! 개별 포장된 Tootsie 롤은 파티, 야구 게임, 피크닉, 할로윈 간식에 적합합니다. Tootsie Roll 코셔, 글루텐 프리, 땅콩 프리 제품입니다.","Tootsie Roll s는 모두가 알고 사랑하는 상징적인 미국 사탕입니다! 초콜릿과 쫄깃한 맛의 조합이 모두 하나로 포장되어 있습니다! Tootsie 롤은 자랑스럽게 미국에서 만들어졌으며 코셔 제품, 글루텐 프리, 땅콩 프리 제품입니다! 개별적으로 포장된 조각과 재사용할 수 있는 용기는 간식이나 파티에 적합합니다. 이동 중에도 편리하게 간식을 먹을 수 있도록 63.8g(2.25온스) 바로 제공됩니다.","['프리', '간식', '롤', '포장', '글루텐', '땅콩', '쫄깃', '미국', '조합', '초콜릿']"
식음료,스낵 및 디저트,초콜릿,,B07Z34F521,"Lily's 밀크 초콜릿 스타일 커버 아몬드, 스테비아 단맛, 설탕 무첨가, 저탄수화물, 케토 친화적, 글루텐 프리 및 GMO 프리, 99.2g(3.5온스) (3팩), 297.7g(10.5온스)",Lily's,32519,27353,4.3,1073.0,"저탄수화물, 케토 다이어트 친화적인 프리미엄 밀크 초콜릿으로 덮인 아몬드 스테비아로 단맛을 낸 스테비아는 칼로리가 없는 식물성 감미료입니다. 스테비아 레바우디아나(Stevia Rebaudiana) 식물에서 유래되었습니다. 스테비아는 수세기 동안 음식과 음료를 달콤하게 만들었습니다. 스테비아를 사용하면 Lily's natural에 일반적인 초콜릿보다 풍부하고 설탕이 적습니다 공정 무역, 글루텐 프리 및 GMO 프리 성분 사용 1회 제공량당 순탄수화물 5개 99.2g(3.5온스), 3팩",Lily's 99.2g(3.5온스) 밀크 초콜릿 스타일로 덮인 아몬드 스위트 3팩은 스테비아로 단맛을 내어 일반적인 초콜릿보다 자연스러운 풍부함과 적은 설탕을 제공합니다. 크리미하고 바삭하며 파티를 위해 밀크 초콜릿 스타일로 덮인 아몬드는 초대장을 받을 수 있습니다(이미 자리에 있더라도). 설탕이 적습니다. 달콤한 삶.,"['초콜릿', '스테비아', '아몬드', '밀크', '설탕', '프리', '단맛', '탄수화물', '스타일', '스테비']"
식음료,스낵 및 디저트,초콜릿,,B09VNNV5TS,(2팩) TWIX 캐러멜 미니 사이즈 초콜릿 쿠키 캔디 바,,13019,13019,4.6,55.0,캐러멜 맛 미니 초콜릿 바: 클래식한 초콜릿과 캐러멜 조합을 한 입 크기로 즐기세요 개별 포장된 바: 각 바는 신선함과 편리함을 위해 자체 포장지에 밀봉되어 있습니다 선물 및 파티에 적합: 이 맛있는 캐러멜 초콜릿 바를 친구 및 가족과 공유하세요 TWIX 제작: 여러분이 사랑하는 것과 동일한 훌륭한 TWIX 초콜릿 브랜드가 이제 미니 사이즈로 제공됩니다 미니 바 10개 2팩: 총 20개의 맛있는 캐러멜 초콜릿 바를 얻으세요,TWIX 캐러멜 미니 사이즈 초콜릿 쿠키 캔디 바 2팩 각 봉지 79.4g(2.8온스),"['초콜릿', '캐러멜', '미니', '쿠키', '캔디', '맛있다', '포장']"
식음료,스낵 및 디저트,초콜릿,,B0D931XG6F,Hershey Nuggets 아몬드가 함유된 다크 초콜릿 - 아몬드 벌크 허쉬 다크 초콜릿 너겟 - 개별 포장된 허쉬 너겟 초콜릿 캔디 50개 - 50개,Yummy Chew,17977,17977,3.2,25.0,"퇴폐에 빠지세요: 고급스러운 간식 경험을 위해 바삭하고 구운 아몬드가 함유된 허쉬 다크 초콜릿 너겟의 풍부하고 벨벳 같은 맛을 맛보십시오. 대량 편의성: 공유, 선물 또는 비축에 완벽한 벌크 포장으로 항상 좋아하는 방종을 가질 수 있습니다. 개별 포장: 각 너겟은 신선함과 편리함을 위해 개별적으로 포장되어 이동 중 간식이나 부분 조절에 이상적입니다. 프리미엄 품질 성분: 고품질 다크 초콜릿과 프리미엄 로스트 아몬드로 제작된 이 너겟은 단맛과 견과류 크런치의 즐거운 균형을 제공합니다. 다용도 간식: 파티 및 이벤트부터 일상 생활에 이르기까지 모든 행사에 완벽한 허쉬 다크 초콜릿 너겟과 아몬드는 모두가 좋아할 다용도 간식입니다.",,"['너겟', '초콜릿', '아몬드', '다크', '포장', '허쉬', '간식', '함유', '완벽하다', '다용']"
식음료,스낵 및 디저트,초콜릿,,B0D7FHQ88S,"M&M 피넛, 초콜릿 코팅 땅콩 캔디 딥 아메리칸 캔디 벌크 팬트리 파티 사이즈 재밀봉 가능한 도매 백 2.3kg(5파운드) (2.3kg(80온스)",KLUB BULK,53876,53876,2.1,9.0,"M&M Peanut.5 풀 파운드 땅콩 초콜릿 코팅 땅콩 캔디 딥 바이트 캔디 볼용으로 제작되었습니다 이 컬러 Funsize M&M 캔디 모음은 사랑하는 사람들과 나누기에 완벽한 크기입니다 당사의 새로운 오리지널 다양한 M&M 스낵 팩은 연인, 친구 및 가족과 달콤한 순간을 공유할 수 있는 훌륭한 선물 가방입니다. 이벤트 및 파티 선물, 생일, 피냐타 필러, 자판기, 어린이 부활절 달걀 찾기, 퍼레이드 또는 거의 모든 이벤트에 적합한 대량 모음! 크리스마스 스타킹 스터퍼, 어린이 할로윈 트릭 오어 간식 선물 가방, 직장 사무실 파티 또는 대학생을 위한 학교 간식으로 적합합니다.",,"['캔디', '땅콩', '선물', '파티', '이벤트', '가방', '모음', '간식', '초콜릿', '어린이']"
식음료,스낵 및 디저트,초콜릿,,B00OWXOXRC,"Cadbury Share Pack Special Treats 195g | 크런치, 체리 익은, 터키 딜라이트, 부스트 | 호주산 (12팩) | 호주에서 가장 좋아하는 간식으로 가득!",Cadbury,20636,17935,3.9,185.0,"Cadbury 공유 팩: 호주에서 가장 좋아하는 간식 바 12개가 포함되어 있습니다 호주산: 신뢰할 수 있는 초콜릿 브랜드인 Cadbury에서 제작 생생한 포장: 박스형 세트는 다채로운 디자인과 라벨이 특징입니다 다양한 맛: 크런치, 체리 익은, 터키 딜라이트, 부스트 바 포함 공유 가능한 간식: 파티, 축하 또는 선물로 적합합니다",체리 리: 풍부한 올드 골드 다크 초콜릿 터키의 기쁨: 캐드버리 유제품 밀크 초콜릿이 담긴 캐드버리 유제품 밀크 초콜릿은 장미 향이 있는 터키의 기쁨으로 채워져 있습니다. 부스트: 캐드버리 유제품 밀크 초콜릿 부드러운 카라멜과 바삭한 비스킷 필링 크런치: 크런치: 크런치 벌집 토피 센터로 덮인 밀크런치 토피 밀크 초콜릿,"['크런치', '초콜릿', '터키', '밀크', '호주', '간식', '캐드', '부스트', '체리', '유제품']"
식음료,스낵 및 디저트,초콜릿,,B0D8RDDLLP,"Baby Ruth 미니 캔디 바 -0.7kg(1.5파운드) 개별 포장 미니 캔디 바 - 파티, 사무실 간식 및 선물에 적합 - 맛있는 초콜릿, 캐러멜 및 땅콩(680.4g(24온스)",KLUB BULK,27423,27423,2.7,6.0,"프리미엄 네스트 초콜릿 바: 신선함을 위해 개별적으로 포장된 Baby Ruth 미니 바의 풍부한 맛을 즐기세요. 이 유쾌한 초콜릿 바는 모든 행사, 특히 할로윈 사탕으로 적합합니다. 한 입 먹을 때마다 캐러멜, 땅콩 및 누가의 혼합물을 맛보세요. 개별 포장된 편리함: 각 Baby Ruth 미니 바는 개별적으로 포장되어 미니 간식이나 이동 중 간식에 적합합니다. 이 미니 초콜릿 바는 모든 상황에 이상적이며 신선함과 쉬운 양 조절을 보장합니다. 풍부하고 견과류 맛: Baby Ruth 캔디 바의 클래식한 맛을 맛보고 풍부한 네스트 초콜릿 바와 견과류 서프라이즈를 혼합합니다. 축제 및 계절 용도: 베이비 루스 바 미니는 할로윈, 부활절, 크리스마스와 같은 계절 행사에 적합합니다. 풍부한 초콜릿 맛은 다른 휴일 사탕을 보완하여 축제 간식으로 만듭니다. 완벽한 공유: 이 0.7kg(1.5파운드) 미니 베이비 루스 바 팩에는 수많은 캔디 바가 포함되어 있어 파티에서 공유하거나 휴일 동안 또는 집에서 간식으로 즐기기에 좋습니다.","개별 포장된 Baby Ruth 미니 바를 소개합니다. 풍부한 초콜릿, 크리미한 누가, 바삭한 땅콩이 완벽하게 혼합되어 맛의 감각을 만들어 어떤 경우에도 이상적입니다. 이 미니 베이비 루스 오브 더 캔디 월드는 한 입 먹을 때마다 탐닉의 본질을 포착하여 어린이와 어른 모두에게 편리하고 즐거운 간식을 제공합니다. 개별 포장된 Baby Ruth 미니 바는 편리함, 맛 및 향수의 완벽한 조합을 제공합니다. 초콜릿 애호가를 위한 탁월한 선택이며 한 입 먹을 때마다 기쁨과 만족을 가져다 줄 것입니다. 지금 주문하시고 베이비 루스의 즐거운 맛을 미니 사이즈로 경험해 보세요. 어떤 상황에도 잘 어울립니다.","['미니', '초콜릿', '맛', '포장', '간식', '풍부하다', '캔디', '베이비', '땅콩', '완벽하다']"
식음료,스낵 및 디저트,초콜릿,,B0CZV2PZPC,포레스트 검프 초콜릿 모음 - Life was like a box of Chocolates - 다양한 밀크 앤 다크 초콜릿 - Smiling Sweets - 최고의 재료를 사용하여 제작,Smiling Sweets,20775,20775,1.9,13.0,인생은 초콜릿 상자와 같았습니다 - 이 맛있는 우유와 다크 초콜릿 모음으로 포레스트 검프의 상징적인 라인을 다시 방문하세요 한 입 먹을 때마다 포레스트의 모험처럼 순수한 행복의 상태로 데려다 줄 것입니다! 자신을 위한 잊을 수 없는 간식 또는 초콜릿 애호가를 위한 선물입니다 다양한 밀크 및 다크 초콜릿 - 이 컬렉션은 풍부하고 크리미한 밀크 초콜릿과 퇴폐적인 다크 초콜릿이 특징인 모두를 위한 제품입니다 최고급 재료로 제작된 각 제품은 사랑과 정성을 가지고 제작되어 최대의 즐거움을 보장합니다 Smiling Sweets - 이 신성한 초콜릿의 맛이 당신을 미소 짓게 하세요! 맛과 질감이 완벽하게 균형을 이루는 이 수제 간식은 하루를 밝게 해줍니다,"사랑받는 영화의 상징적인 라인에서 영감을 얻은 포레스트 검프 초콜릿 모음의 맛있고 따뜻한 맛을 즐기세요. 인생은 진정으로 초콜릿 상자와 같으며, 이 모음을 사용하면 얼굴에 미소를 짓는 것 외에는 무엇을 얻을 수 있을지 알 수 없습니다! 당사의 제품은 풍부하고 크리미한 밀크 초콜릿과 퇴폐적인 다크 초콜릿이 혼합되어 있어 초콜릿 애호가에게 적합합니다. 저희 모음의 각 초콜릿은 최고급 재료로 신중하게 제작되어 모든 입에 고급스럽고 만족스러운 맛을 보장합니다. 밀크 초콜릿의 벨벳처럼 매끄러움부터 다크 초콜릿의 대담한 풍부함까지, 모든 제품은 입맛을 위한 즐거운 경험입니다. 또한, 저희 초콜릿은 포레스트 검프 자신처럼 사랑과 향수로 만들어집니다. 자신을 위한 맛있는 간식이나 사랑하는 사람을 위한 사려 깊은 선물을 찾고 계신다면, 포레스트 검프 초콜릿 모음은 완벽한 선택입니다. 영화의 상징적인 Smiling Sweets 제품이 특징인 매력적인 포장은 어떤 경우에도 기발한 느낌을 더합니다. 이 즐거운 초콜릿 모음으로 누군가의 날에 기쁨과 편안함을 가져다 주세요. 하지만 우리의 말을 받아들이지 마세요. 고객들은 포레스트 검프 초콜릿 모음에 열광합니다. 그들은 단맛의 완벽한 균형이라고 말하며, 다양한 맛으로 더 많은 것을 위해 다시 돌아옵니다. 그렇다면 오늘 장바구니에 상자를 추가하고 마법을 직접 경험해 보는 건 어떨까요? 포레스트 검프 초콜릿 모음으로 인생은 정말 달콤합니다.","['초콜릿', '모음', '포레스트', '다크', '밀크', '맛']"
식음료,스낵 및 디저트,초콜릿,,B007TOSKBQ,"Trader Joe's 다크 초콜릿 커버 체리, 인공 색소나 향료 없음, 방부제 없음, 355ml(12온스)",TJ's,24223,24223,4.1,4566.0,다크 초콜릿 커버 체리: 체리를 다크 초콜릿에 담가 맛있는 간식을 제공합니다 인공 색소 또는 향료 없음: 천연 성분으로 만들어졌으며 방부제가 없습니다 355ml(12온스) 욕조: 공유하거나 선물하기 위한 355ml(12온스)의 체리가 포함되어 있습니다 볼 스타일 체리: 쉽게 서빙할 수 있도록 욕조에 담긴 둥근 체리 글루텐 프리: 글루텐 프리 및 팔레오 다이어트에 적합합니다,asd,"['체리', '초콜릿', '다크', '향료', '커버', '인공', '욕조', '글루텐', '프리', '색소']"
식음료,스낵 및 디저트,초콜릿,,B0BD94YMZS,"Maltesers Celebration 사이즈 스탠드업 파우치, 650g",Maltesers,34611,34611,3.2,482.0,Maltesers 많은 사람들이 거부할 수 없는 크림 같은 맛있는 밀크 초콜릿 층으로 덮인 맛있는 작은 벌집 구형입니다. Maltesers 영화를 보고 싶거나 Maltesers 에 대한 사랑을 친구 및 가족과 공유하고 싶을 때 훌륭한 옵션입니다. 달콤한 갈망에 빠져들기 위한 완벽한 간식 650g 백에 담겨 제공됩니다,MALTESERS. 밝게 하세요! 공모의 순간에 먹고 나누는 재미. MALTESERS는 독특한 벌집 중심이 있는 맛있는 바삭한 몰트 맛의 초콜릿 볼로 만들어졌습니다.,"['맛있다', '초콜릿', '벌집', '훌륭하다', '독특하다', '바삭', '밀크', '몰트', '맛', '구형']"
식음료,스낵 및 디저트,초콜릿,,B0CTN44P1V,"HersheyKisses 벌크 부활절 바구니 스터퍼 - 0.9kg(2파운드) 파스텔 부활절 달걀 허쉬 미니어처 모음 - 사무실, 어린이, 파티, 휴일 부활절 간식을 위한 맛있는 밀크 초콜릿 캔디",Taboom,20761,20761,4.1,133.0,"맛있는 초콜릿 밀크: 이 Hershey'skisses 캔디 에그는 부드럽고 맛있는 밀크 초콜릿을 사용하여 엄선된 프리미엄 재료로 만들어져 온 가족에게 이상적인 글루텐 프리 코셔 레시피를 제공합니다! 귀여운 파스텔 색상: 개별적으로 포장된 초콜릿은 안전을 더하기 위해 개별적으로 포장되어 있으며 사랑스러운 파스텔 색상의 랩을 사용하여 어떤 바구니나 사탕으로도 멋지게 보입니다 충분히 휴대할 수 있는 대용량 캔디: 이 초콜릿 키스는 편리하고 저렴한 0.9kg(2파운드) 가방에 담겨 도착하여 사랑하는 사람이나 동료와 공유할 수 있습니다. 혼자서 즐기기로 결정했다면 저희는 여러분을 비난하지 않을 것입니다! 디저트에 적합: 작고 귀여운 크기의 허쉬키스는 컵케이크, 케이크, 아이스크림 컵, 선디 등 모든 종류의 디저트에 잘 어울립니다. 아름다운 파스텔 색상으로 휴일 저녁 식사 테이블 디스플레이를 장식할 것입니다! 다용도 간식: 당사의 초콜릿 부활절 캔디는 믿을 수 없을 정도로 다재다능하며 영화 간식, 도로 여행, 자동차 타기, 사무실 파티, 어린이 파티, 스타킹 스터퍼, 부활절 달걀 사냥 및 기타 재미있는 활동으로 유용합니다!","Hershey'sKisses 스페셜 부활절 파스텔 에디션은 가장 까다로운 사탕을 먹는 사람들도 기쁘게 할 것이며 진정한 미식 간식 경험을 제공합니다. 당사의 벌크 캔디는 모든 고객의 엄격한 품질 기대치를 충족하기 위해 프리미엄 재료와 특별한 레시피만을 사용하여 안전한 조건에서 개별적으로 포장됩니다. 구매에 문제가 발생하면 해당 문제에 대해 모두 알려주시면 전담 고객 관리 부서에서 신속하게 문제를 해결해 드립니다! 귀엽고 맛있는 HersheyKisses 부활절 휴일을 위한 벌크 부활절 바구니 스터퍼 파스텔 부활절 달걀 밀크 초콜릿 캔디는 축제 행사에 완벽한 추가 아이템으로, 아이들과 어른들이 장식에 색채를 더하면서 즐거움을 선사할 맛있는 달콤한 간식을 즐길 수 있습니다! 디저트나 선디 위에 잘 어울리는 클래식 허쉬 키스 모양의 최고급 밀크 초콜릿으로 제작된 이 캔디 에그는 사무실이나 파티에서 가장 좋아하는 아이템이 될 것입니다! 완전히 확신이 없나요? 부활절 간식의 놀라운 기능 중 일부는 다음과 같습니다. 0.9kg(2파운드)의 편리한 가방. 밀크 초콜릿. 부드럽고 섬세한 맛. 아름다운 파스텔 색상. 사무실, 파티, 부활절 달걀 찾기, 스타킹 충전재, 파티 선물로 좋습니다. 글루텐 프리 및 코셔 영화, 도로 여행에 적합한 실용적인 한 입 사이즈 밀크 초콜릿. 프리미엄 Hershey'skisses 캔디 에그를 정말 좋아할 것입니다!","['부활절', '초콜릿', '캔디', '밀크', '파스텔', '간식', '파티', '맛있다', '사무실', '달걀']"
식음료,스낵 및 디저트,초콜릿,,B0D1WKCZ8B,"Hersheys 스페셜 다크 초콜릿 모음, 키스, 롤로, 킷캣, 민트 트러플, 아몬드 너겟, 다크 트러플 너겟 등 포함 - 벌크 캔디 - 0.9kg(2파운드) (1팩)",Sweetsome,30442,30442,3.0,66.0,"허쉬 스페셜 다크 초콜릿 모음, 키스, 롤로, 민트 트러플, 아몬드 너겟, 다크 트러플 너겟 등 포함 - 벌크 캔디","허쉬 스페셜 다크 초콜릿 모음, 키스, 롤로, 민트 트러플, 아몬드 너겟, 다크 트러플 너겟 등 포함 - 벌크 캔디","['트러플', '다크', '너겟', '키스', '캔디', '초콜릿', '아몬드', '스페셜', '민트', '모음']"
식음료,스낵 및 디저트,초콜릿,,B007BOAR2Y,Milky Way 밀크 초콜릿 공유 사이즈 캔디 바 102.9g(3.5온스) (24개 팩),Milky Way,65482,65482,4.5,377.0,"개별 포장된 Milky Way Sharing 사이즈 바 6팩 4개(102.9g(3.5온스) 바) 포함 24개 케이스 Milky Way 바는 크리미한 캐러멜과 부드러운 누가를 함유하고 있으며 풍부한 밀크 초콜릿에 잠겨 있습니다 오늘 Milky Way Bar의 캐러멜, 초콜릿 및 누가를 맛있게 즐기세요 레스토랑, 상점, 사무실 및 가정의 찬장에 적합합니다 포장을 풀고 즐기거나 디저트 레시피에 포함하든 맛있습니다 코셔","각 Milky Way Sharing 사이즈 바는 크리미한 캐러멜과 부드러운 누가가 풍부한 밀크 초콜릿에 스며들어 있어 한 입 먹을 때마다 맛있게 산만해지는 경험을 제공합니다. Milky Way 바는 단순히 포장을 풀고 즐기거나 좋아하는 디저트 레시피에 포함하든 맛있습니다. 오늘 Milky Way Bar에서 캐러멜, 초콜릿, 누가를 맛있게 산만하게 하세요! 다양한 방법으로 맛볼 수 있습니다. 주방이나 사무실에 Milky Way 바 팩을 보관하여 언제든지 맛있는 간식을 드실 수 있습니다. Milky Way 바를 잘게 썰어 좋아하는 디저트 레시피에 넣으세요・리본으로 바를 감싸고 인생의 초콜릿 애호가에게 맛있게 산만해지는 캐러멜, 누가, 초콜릿을 선물하세요","['초콜릿', '맛있다', '캐러멜', '누가', '밀크', '포장', '디저트', '산만하다', '레시피', '풍부하다']"
식음료,스낵 및 디저트,초콜릿,,B0CZSRQKSQ,일본 KiKat & Tirol 버라이어티 팩 모음 30개 (선물 상자),SUSHICANDY The Sweet taste of Japan,34583,34583,4.2,1162.0,"하나의 버라이어티 팩에 30가지 일본 KitKat 및 Tirol 초콜릿 맛 미국 버전에 비해 작은 크기에도 불구하고 각 간식은 맛있는 맛으로 가득합니다. 초콜릿은 냉장 보관되지만 특히 따뜻한 기후로 배송되는 경우 해당 국가에서 배송 중에 녹을 수 있습니다. 생생하고 다채로운 상자에 포장된 이 세트는 어떤 경우에도 이상적이며 친구, 가족 또는 자신을 위한 완벽한 선물입니다.","일본 KiKat 버라이어티 팩으로 풍미 가득한 여행을 떠나보세요! 말차 녹차, 사쿠라 벚꽃, 고구마, 라즈베리, 오렌지를 포함한 30가지 독특한 맛이 특징입니다. 선물이나 개인적인 즐거움에 완벽한 이 제품은 일본의 다양한 요리를 기념합니다. 이 일본 KiKat 모음 상자로 간식 경험을 향상시키세요.","['일본', '버라이어티', '맛', '상자', '선물', '완벽하다', '간식', '모음', '가득하다', '초콜릿']"
식음료,스낵 및 디저트,초콜릿,,B09HP524P7,Mondelez Ferrero Kinder Bueno 미니 초콜릿 바 밀크 헤이즐넛 크림 포함 - 개별 포장 108g 107.7g(3.5온스) 독일,Mondelez International,20470,20470,4.5,145.0,밀크 초콜릿: 진짜 밀크 초콜릿으로 만들어져 크리미하고 달콤한 맛을 선사합니다. 헤이즐넛 크림: 풍부한 견과류 맛을 위한 맛있는 헤이즐넛 크림 충전재가 특징입니다. 개별 포장: 각 바는 편리함과 신선함을 위해 개별적으로 포장됩니다. 미니 사이즈: 작은 한입 크기의 바는 간식이나 공유에 적합합니다. 독일산: 품질 과 일관성을 위해 독일에서 생산됩니다.,"21.5 g 당 영양 성분 (바 당): 에너지: 122 kcal / 510 kJ; 지방: 8.0 g. 포화 지방산 3.7 g; 탄수화물: 10.6 g. 당 설탕 8.9 g; 단백질: 1.8 g; 소금: 0,058 g; 성분: MIL. K 초콜릿 3. 1% (설탕, 코코아 버터, 코코아 매스, 탈지 밀크 파우더, 버터, 유화제 레시틴(콩), 바닐린), 설탕, 야자수 오일, 밀 바닥, 헤이즐넛 (10.8%), 탈지 밀크 파우더 (8.5%), 전체 우유 파우더 (5%), .5%), 세미 비터 초콜릿 2% (설탕, 코코아 매스, 코코아 버터, 유화제 레시틴(콩), 바닐린), 저지방 코코아, 유화제 레시틴 (콩), 증가제: 중탄산나트륨, 중탄산 암모늄, 소금, 바닐린. 제품의 총 우유 성분 19,4%. 알레르기 유발 항원 정보: 글루텐과 제품, 우유 및 유제품이 함유된 시리얼이 포함되어 있습니다. 견과류와 땅콩이 포함될 수 있습니다.","['밀크', '초콜릿', '코코아', '설탕', '헤이즐넛', '화제', '독일', '성분', '버터', '우유']"
식음료,스낵 및 디저트,초콜릿,,B0CH44JZXJ,"GHIRARDELLI 밀크 초콜릿 캐러멜 와플 콘 스퀘어, 147.4g(5.5온스) 백",Ghirardelli Chocolate Company,17991,17991,2.7,11.0,GHIRARDELLI 밀크 초콜릿 캐러멜 와플 콘 스퀘어 147.4g(5.5온스) 백 1개 바삭한 와플 콘 조각이 있는 풍부한 밀크 초콜릿으로 둘러싸인 감미로운 캐러멜 충전재 밀크 초콜릿 캐러멜 와플 콘 스퀘어를 언제든지 맛보거나 선물로 주세요 개별 포장된 캔디 스퀘어로 쉽게 즐기거나 다른 사람들과 공유할 수 있습니다 GHIRARDELLI 초콜릿은 프리미엄 재료와 고품질 코코아 콩으로 만들어졌습니다,GHIRARDELLI 밀크 초콜릿 캐러멜 와플 콘 스퀘어의 포장을 풀어 순수한 탐닉의 순간을 즐기세요. GHIRARDELLI SQUARES는 하루에 달콤한 느낌을 더하고 스모어 및 기타 디저트에 맛있는 트위스트를 제공하여 특별한 것을 제공합니다. 이 초콜릿 캐러멜 캔디 스퀘어를 선물로 주면 마음에 가까운 누군가와 기쁨과 기쁨의 달콤한 순간을 공유하세요. 감미롭고 버터 같은 캐러멜은 풍부한 밀크 초콜릿을 바삭한 와플 콘 조각으로 채워 모든 사각형에 풍성한 간식을 제공합니다. 개별적으로 포장된 초콜릿 사각형은 한 번에 하나씩 공유하거나 즐길 수 있습니다. 고품질 코코아 콩을 포함한 프리미엄 성분은 GHIRARDELLI의 차이점의 일부입니다. 콩에서 바까지 최고의 품질을 약속합니다. GHIRARDELLI는 삶을 더 좋게 만듭니다.,"['초콜릿', '캐러멜', '밀크', '콘', '스퀘어', '와플', '포장', '콩', '공유', '순간']"
식음료,스낵 및 디저트,초콜릿,,B0004LYJ3Y,"Toblerone 화이트 초콜릿, 100g (3.5온스)",Toblerone,11564,11564,4.1,132.0,꿀과 아몬드 누가가 들어간 크리미 화이트 초콜릿. 이 사탕은 인생의 초콜릿 애호가에게 훌륭한 선물입니다. 벌크 초콜릿 바에는 꿀과 아몬드 누가가 들어간 스위스 화이트 초콜릿이 포함되어 있습니다. 코셔 초콜릿 바는 클래식하고 눈길을 끄는 Toblerone 피라미드 상자에 포장되어 있습니다. Toblerone 꿀과 아몬드 누가가 들어간 스위스 화이트 초콜릿 바는 초콜릿 애호가에게 완벽한 맛있는 퇴폐적인 재료로 만들어졌습니다. 전 세계 최고급 원료로 제작된 Toblerone 는 풍부한 스위스 역사를 가지고 있으며 모든 입에서 맛볼 수 있습니다. 섬세하고 맛있는 스위스 화이트 초콜릿에 꿀과 아몬드 누가가 첨가되어 미뢰에 즐거움을 선사합니다.,"꿀과 아몬드 누가가 들어간 Toblerone 스위스 화이트 초콜릿 바 각각 99.8g(3.5온스). 이 화이트 초콜릿 바를 떼어내어 빠르게 간식을 먹거나 이 바삭한 간식을 친구와 공유하세요. 각 스위스 초콜릿 바는 샘플링하거나 공유하기에 적합합니다. 간단한 디저트를 원하든 특별한 오후 간식을 원하든, 초콜릿 애호가라면 누구나 이 벌크 초콜릿 캔디 바 중 하나를 좋아할 것입니다. 화이트 초콜릿을 좋아하신다면 이 바는 입안에서 녹는 화이트 기쁨이 당신을 위한 것입니다! 이 바의 고급 초콜릿과 꿀 누가는 놀랍습니다. Toblerone의 초콜릿은 수분을 흡수하는 패킷이 있는 온도 조절 알루미늄 패키지에 포장되어 있기 때문에 부드럽고 맛있습니다. Chocolatier Theodor Tobler는 1908년 스위스 알프스의 마터호른에서 영감을 얻은 것으로 생각됩니다.","['초콜릿', '화이트', '스위스', '꿀', '누가', '아몬드', '맛있다', '애호가', '간식']"
식음료,스낵 및 디저트,초콜릿,,B0B5VR67BP,Hershey's Kisses 민트 트러플 - 민트 트러플 캔디로 채워진 다크 초콜릿 - 개별 포장 - 벌크 팩 (0.5kg(1파운드),Sweetsome,19362,19362,3.1,105.0,"Hershey's Kisses 민트 트러플 벌크 백 1개, 민트 트러플 캔디로 채워진 다크 초콜릿, 개별 포장되어 있으며 파운드당 약 90개의 키스가 포함되어 있습니다. 친구, 가족 및 휴일 손님에게 허쉬 키스 홀리데이 다크 초콜릿 민트 트러플 캔디를 선물하세요. 이 다크 초콜릿 캔디는 세미 스위트 초콜릿과 시원하고 민트 맛으로 맛있습니다. 키스 초콜릿의 클래식한 맛만큼 해피 홀리데이를 말하는 것은 없습니다. 이제 민트 트러플에서 계절별 트위스트를 맛볼 수 있습니다. 축제 분위기의 녹색 포일로 장식된 이 초콜릿은 캔디 볼, 베이킹 및 친구 및 가족과 공유하기에 적합합니다. 코셔 인증, 글루텐 프리 다크 초콜릿은 민트 트러플 캔디로 채워져 흰색 눈송이로 덮인 녹색 포일로 개별적으로 포장됩니다. 구운 디저트 위에 차갑게 드세요. 물론 흰색 눈송이 포장지로 덮인 사랑스러운 녹색 포일에서 바로 맛보세요",이번 홀리데이 시즌에 허쉬 키세스 민트 트러플 캔디로 시원하고 풍부한 간식을 즐기세요. 풍부한 다크 초콜릿으로 코팅된 스위트 민트 충전재는 손님이 좋아할 놀라운 간식입니다. 하얀 눈송이로 덮인 녹색 포일은 휴일 색상 구성을 완벽하게 보완합니다. 접시를 채우고 올해 휴일 파티에서 디저트 테이블에 추가하세요.,"['민트', '초콜릿', '트러플', '캔디', '다크', '녹색', '포장', '홀리데이', '눈송이', '휴일']"
식음료,스낵 및 디저트,초콜릿,,B0CZW4N4BC,"Cadbury 캐러멜로 미니어처 - 밀크 초콜릿 및 캐러멜 캔디 바 35개 - 개별 포장된 캐러멜로 캐드버리 초콜릿 바 - 벌크 캐드버리 캔디, 어머니의 날 선물로 적합 - 35피스",Yummy Chew,20747,20747,3.1,30.0,"풍부하고 크리미한 맛: 부드러운 밀크 초콜릿과 끈적끈적한 캐러멜의 고급스러운 조합을 맛보세요. 편리한 포장: 35개의 미니어처는 각각 개별적으로 포장되어 이동 중에도 간식이나 공유를 위한 신선함과 편리함을 보장합니다. 다용도: 달콤한 욕구를 충족시키거나, 사랑하는 사람과 공유하거나, 선물 바구니와 파티 선물에 즐거운 추가 아이템으로 완벽합니다. 대량 수량: 패키지 당 35개로, 다양한 상황에 맞는 이 맛있는 Cadbury 간식을 충분히 즐기세요. 이상적인 선물 선택: 이 즐거운 Cadbury Caramello Miniatures로 어머니의 날, 생일, 휴일 또는 특별한 날을 더 달콤하게 만들어 초콜릿 애호가에게 깊은 인상을 줄 것입니다.",,"['선물', '초콜릿', '캐러멜', '포장', '어머니', '캐드', '공유', '달콤하다', '미니어처', '밀크']"
식음료,스낵 및 디저트,초콜릿,,B015BY000O,"TURTLES 미니 오리지널, 파우치 142g",Nestle,13836,13836,4.1,1746.0,초콜릿 캐러멜과 피칸의 맛있는 조합이 작은 한 입 사이즈 조각에 담겨 있습니다 재밀봉 가능한 142g 파우치 천연 향으로 제작 캐나다에서 제작 친구 및 가족과 공유하기에 적합합니다,"Turtles 미니 오리지널, 파우치 142g - 캐나다에서 수입. 초콜릿 캐러멜과 피칸의 맛있는 조합이 미니 바이트 사이즈 조각입니다. 재밀봉 가능한 142g 파우치. 천연 향료로 제작되었습니다. 캐나다에서 제작. 친구 및 가족과 공유하기에 적합합니다","['제작', '파우치', '캐나다', '미니', '조각', '가족', '공유', '맛있다', '밀봉', '가능하다']"
식음료,스낵 및 디저트,초콜릿,,B0D3WKPWLZ,Mr. Beast Feastables Chocolates Bars. 밀크 초콜릿 4개입,Feastables,17991,17991,3.4,20.0,"풍성한 간식: 밀크 초콜릿, 모짜렐라 치즈 등과 같은 맛의 독특한 초콜릿 바 3개를 모든 팩에 즐기세요 크리미 치즈 맛: 부드러운 밀크 초콜릿에 섬세하게 혼합된 모짜렐라 치즈의 독특한 맛을 경험하십시오 편리한 간식: Mr. Beast Feastables 오리지널 밀크 초콜릿 공유하기에 좋음: 3팩과 4팩으로 예상치 못한 즐거운 맛을 친구들과 쉽게 공유하거나 간식으로 가져갈 수 있습니다 고품질 재료로 제작: 진짜 밀크 초콜릿과 치즈를 사용하여 정성스럽게 제작되어 예상치 못한 만족스러운 간식 경험을 선사합니다","Mr. Beast Feastables 버라이어티 팩. 각 세트에는 클래식한 간식을 위한 4개의 풍부하고 크리미한 밀크 초콜릿 바가 포함되어 있습니다. 하지만 독특한 모짜렐라 바는 미각이 무엇인지 궁금하게 만들 것입니다. 진짜 모짜렐라 치즈로 제작된 이 독특한 바는 여러분이 믿어야 할 방식으로 풍미와 달콤함을 혼합합니다. 달콤한 치아를 만족시키거나 예상치 못한 간식으로 손님에게 깊은 인상을 남기고 싶든, 이 버라이어티 팩은 모두를 위한 무언가를 제공합니다. 그리고 총 7개의 바가 있어 나중에 즐길 수 있도록 공유하거나 저장할 수 있습니다. 오늘 팩을 구입하여 곧 잊지 못할 초콜릿 모험으로 다음 영화의 밤이나 로드 트립에 활력을 불어넣으세요.","['초콜릿', '간식', '밀크', '치즈', '독특하다', '맛', '모짜렐라', '공유', '제작', '상치']"
식음료,스낵 및 디저트,초콜릿,,B06XD1CNWD,"Trader Joes 72% CACAO 다크 초콜릿 대용량 파운드 플러스 캔디 바 3팩 인공 향료 없음, 방부제 없음",TJ's,48461,48461,4.6,386.0,Trader Joes 72% Cacao 다크 초콜릿 라운드 플러스 캔디 바 3팩 각 캔디 바 무게는 4파운드 무게 4.2온스의 다크 초콜릿 맛의 총 4.2온스 입니다. 이 초콜릿은 예술적인 색상이나 향기를 함유하지 않으며 사전 보존이 없습니다. 모든 영양 및 성분 정보는 사진을 참조하십시오.,"주의를 기울인 다크 초콜릿 애호가! 해로운 재료로 채워지지 않는 다크 초콜릿 간식을 찾고 계십니까? 잘 찾으셨습니다. 이 Trader Joe의 72% 카카오 다크 초콜릿 캔디 바는 당신이 찾을 수 있는 최고의 품질의 재료들 중 일부를 가지고 있습니다 (이 캔디 바에 프레서베이티브가 없거나 아티컬한 냄비가 없습니다). 각 대형 POUND PLUS 캔디 바 무게는 500g 또는 1파운드 1.6온스, 크기는 약 25.4cm x 13.4cm이며 대량 구매함으로써 초콜릿을 절약하는 좋은 방법입니다. 패키지를 열면 지퍼 백에 쉽게 보관할 수 있습니다. 또한 작은 조각을 벗겨서 샌드위치 가방에 넣고 휴대할 수 있습니다. 모든 자세한 영양, 성분 정보 및 이것들이 만들어진 위치에 대한 자세한 제품 설명을 보려면 사진을 참조하십시오.","['초콜릿', '다크', '캔디', '성분', '자세하다', '플러스', '재료', '사진', '영양', '참조']"
식음료,스낵 및 디저트,초콜릿,,B0CFRZST6Y,"ReesesTake 스낵 사이즈 초콜릿 바 5개 - 프레첼, 땅콩, 캐러멜, 땅콩 버터, 초콜릿 캔디 - 개별 포장 피스 65개 - 1.4kg(3파운드) 벌크 팩",Sweetsome,31827,31827,4.2,41.0,"파이브 인 원 딜라이트: 프레첼, 땅콩, 캐러멜, 땅콩 버터, 밀크 초콜릿을 포함한 맛과 질감의 매력적인 혼합이 특징인 싱글 초콜릿 바에 빠져보세요. 최고의 맛의 퓨전: 달콤하고 짠맛, 견과류, 크리미한 노트의 완벽한 조화를 하나의 편리한 간식으로 경험하여 가장 까다로운 입맛도 만족시킵니다. 만족스러운 스낵 사이즈: 각 바는 빠르고 즐거운 간식을 위한 크기로, 갈망을 충족시키거나 이동 중에도 탐닉한 순간을 즐기기에 이상적인 선택입니다. 군침 도는 밀크 초콜릿: 풍부한 밀크 초콜릿 층으로 둘러싸인 ReesTake 5 바는 부드럽고 벨벳 같은 코팅 안에 다양한 맛을 결합하여 맛의 경험을 향상시킵니다. 휴대용 간식: 휴대성을 위해 완벽하게 포장된 이 올인클루시브 스낵은 개별적으로 포장되어 신선함을 보장하고 가방, 도시락 또는 주머니에 쉽게 휴대할 수 있어 언제 어디서나 맛있는 간식을 즐길 수 있습니다.","ReesesTake 스낵 사이즈 초콜릿 바 5개로 맛과 질감의 완벽한 조화를 발견하세요. 각 바는 프레첼, 땅콩, 캐러멜, 땅콩 버터 및 밀크 초콜릿을 결합하여 감각적인 맛을 경험합니다. 편의를 위해 개별적으로 포장된 이 바는 이동 중에도 간식과 공유에 이상적입니다. ReesesTake 5로 초콜릿 게임을 업그레이드하세요 - 모든 물기에 달콤하고 짠맛, 크리미한 조화가 조화를 이룹니다.","['초콜릿', '맛', '땅콩', '간식', '스낵', '밀크', '포장', '조화', '캐러멜', '버터']"
식음료,스낵 및 디저트,초콜릿,,B0CHHDTNPR,"Godiva Chocolatier 레드 리본이 달린 초콜릿 선물 상자 - 다양한 우유, 화이트 및 다크 초콜릿 18개 - 여성 또는 남성을 위한 우아한 캔디 박스 간식, 부활절 캔디",Godiva Chocolatier,55289,55400,4.7,266.0,"프리미엄 미식가 초콜릿 - 고디바의 18피스 선물 상자를 만나보세요. 풍부한 가나슈와 바삭한 견과류와 짝을 이루는 훌륭하게 제작된 초콜릿을 선보입니다. 벨기에의 예술성과 세계적 수준의 재료에 대한 증거인 이 제품은 최고의 방종과 고급스러운 선물입니다 다양한 초콜릿 - 다양한 우유, 화이트 및 다크 초콜릿 껍질 아래에서 가나슈, 감미로운 캐러멜, 부드러운 프랄린 및 기타 맛있는 충전재의 맛을 즐기세요. 이 아름다운 부활절 캔디 모음은 친구와 가족을 기쁘게 할 것입니다. 우아한 골드 선물 포장 - 초콜릿은 우아한 초콜릿 선물 상자에 깔끔하게 포장되어 빨간 리본으로 마감되어 특별한 사람을 위한 완벽한 부활절 서프라이즈나 달콤한 치아를 위한 간식입니다. 다양한 초콜릿 모음 - 가나슈, 감미로운 캐러멜, 부드러운 프랄린과 같은 맛있는 충전재가 고급 초콜릿 코팅을 완벽하게 보완하는 이 초콜릿 모음은 항상 부활절 바구니 스터퍼를 위한 완벽한 선택입니다. 1926년부터 벨기에 유산: 풍부한 유산을 기념하여 모든 고디바 제품에 타의 추종을 불허하는 품질, 장인 정신, 세계 최고의 재료를 주입합니다. 완벽한 홀리데이 초콜릿에 대한 헌신의 증거입니다.","봄만큼 달콤한 초콜릿으로 부활절 바구니를 밝게 하세요 - 고디바의 18피스 고메 초콜릿 선물 상자로 벨기에 장인 정신의 풍부한 유산에 빠져보세요. 가나슈, 견과류 등과 예술적으로 짝을 이루는 이 정교한 고급 초콜릿 모음은 고디바의 거의 100년에 가까운 품질과 전통을 보여주는 증거입니다. 각 초콜릿 조각은 세계 최고의 재료로만 만들어져 고급스러운 맛으로 모든 물기가 감각에 즐거움을 선사합니다. 가나슈, 감미로운 캐러멜, 부드러운 프랄린을 포함한 맛있는 충전재는 다양한 우유, 화이트 및 다크 초콜릿 껍질 아래에 위치하여 달콤한 치아를 만족시킬 수 있는 다양한 맛을 제공합니다. 우아한 골드 선물 상자에 깔끔하게 담겨 있으며 골드 리본으로 마감된 이 초콜릿 모음은 특별한 서프라이즈를 위한 완벽한 선택입니다. 자신의 갈망을 만족시키고 싶거나 특별한 사람을 놀라게 하고 싶든, Godiva의 고메 초콜릿 선물 상자는 벨기에 유산의 맛으로 깊은 인상을 줄 것입니다.","['초콜릿', '선물', '상자', '모음', '부활절', '완벽하다', '맛', '고디바', '우아하다', '벨기에']"
식음료,스낵 및 디저트,초콜릿,,B006P340E8,Mallo Cup Fun Bites 스낵 사이즈 - 283.5g(10온스) 백,Mallo Cup,16259,16259,3.8,515.0,크림 같은 마시멜로 중앙에 밀크 초콜릿 컵과 구운 코코넛 조각이 위에 있습니다 글루텐 프리 공장에서 직접 신선하게 배송됩니다! 283.5g(10온스) 백 미국에서 제작,크림 같은 마시멜로 중앙에 구운 코코넛 조각이 있는 밀크 초콜릿 컵 283.5g(10온스) 봉지,"['운', '코코넛', '컵', '초콜릿', '중앙', '조각', '마시멜로', '크림', '밀크', '백']"
식음료,스낵 및 디저트,초콜릿,,B077HZ8BSV,"UNREAL 밀크 초콜릿 보석, 공정 무역 인증, GMO 프리, 글루텐 프리 성분 및 천연 색소로 제작, 설탕 알코올 또는 콩 없음, 6봉지",UNREAL,58086,58086,4.5,477.0,UNREAL 좋아하는 간식부터 시작하여 음식을 두려워할 필요가 없는 세상을 만드는 임무를 수행하고 있습니다 천연 성분: 당사의 밀크 초콜릿은 RBST 프리 유제품으로 만들어졌으며 콩 성분을 포함하지 않으며 공정 무역 인증 성분으로 소량으로 만들어집니다 천연 색상: 스피루리나 및 비트와 같은 천연 채소의 색상만 사용하며 많은 유사한 제품처럼 이산화티타늄을 가공제로 사용하지 않습니다 공유를 위해 제작: 이 재밀봉 가능한 백에는 각각 141.7g(5온스)의 밀크 초콜릿 보석이 들어 있습니다,"저희는 UNREAL 제품을 시작해 모든 사람들이 자연스럽지 않고 설탕 없이 초콜릿 스낵을 즐길 수 있도록 했습니다. 그래서 저희는 완전히 다른 방식으로 만듭니다. 작은 배치. 천연 성분, 콩 성분, 설탕 알코올을 사용하지 않고 설탕을 훨씬 적게 사용합니다. 그리고 농부들에게도 공정하게 지불합니다. 진짜. 그리고 맛은 UNREAL!","['성분', '천연', '초콜릿', '설탕', '콩', '밀크', '프리', '제작', '보석', '무역']"
식음료,스낵 및 디저트,초콜릿,,B0CGJHG3ZM,"Taza Chocolate Organic Wicked Dark 95% 다크 바 버라이어티 팩 번들, 70.9g(2.5온스) (4개), 비건",Taza Chocolate,31993,31993,4.1,31.0,"자신이나 좋아하는 다크 초콜릿 애호가에게 1회 제공량당 설탕 2g으로 구성된 놀라운 울트라 다크 95% 카카오 초콜릿 바 선물 모음을 선물하세요! 각 묶음에는 70.9g(2.5온스) 4개, 95% 다크 초콜릿 바가 포함되어 있습니다: Wicked Dark, Wicked Dark with Almonds, Wicked Dark with Coconut, Wicked Dark with Ginger. USDA 유기농 인증, GMO 프리, 코셔 인증 및 직접 무역으로 모든 사람의 품질과 투명성을 보장합니다 천연 성분, 100% 식물 기반, 글루텐 프리, 유제품 프리, 콩 프리, 비건 저희는 전통적인 멕시코 석재 분쇄기를 사용하여 매사추세츠주 서머빌 초콜릿 공장에서 콩에서 바까지 완벽하게 정제되지 않은 스톤 그라운드 초콜릿을 만듭니다","""가장 인기 있는 Wicked Dark Chocolate Amaze Bar 4개가 눈에 띄는 라이브러리 스타일 선물 상자에 번들로 제공됩니다! 완벽하게 정제되지 않은 매우 강렬한 95% 다크 스톤 그라운드 유기농 초콜릿 바는 카카오의 밝은 과일 맛을 크고 자랑스럽게 외칩니다! 저희는 간단한 스톤 그라운드 공정이 여러분이 찾을 수 있는 최고의 울트라 다크 초콜릿이라고 생각합니다. 달콤하지 않은 이 바는 설탕이 매우 적습니다. 1회 제공량당 설탕 2g에 불과합니다! 바 번들을 사용하면 Wicked Dark 클래식, 아몬드가 들어간 위키드 다크 위키드 다크(Wicked Dark with Almonds, Wicked Dark with Coconut), Wicked Dark with Ginger의 4가지 Wicked Dark 맛을 모두 맛볼 수 있습니다. Taza는 손으로 조각한 화강암 맷돌을 사용하여 프리미엄 유기농 Direct Trade 카카오의 놀라운 맛과 질감을 포착하는 대담하고 덜 가공된 초콜릿을 만듭니다. 진정한 그릿으로 초콜릿을 경험하세요!""","['초콜릿', '다크', '프리', '유기농', '라운드', '맛', '설탕', '선물', '스톤', '카카오']"
식음료,스낵 및 디저트,초콜릿,,B08WVKVPZQ,Kirkland 다크 초콜릿 커버 망고 580g(20온스),KIRKLAND,35289,35289,3.9,526.0,무황화 진짜 과일 - 퓌레 없음 책임감 있게 공급되는 다크 초콜릿,필리핀의 무황화 건조 망고와 책임감 있게 공급되는 다크 초콜릿의 맛있는 융합.,"['초콜릿', '다크', '황화', '책임감', '망고', '공급', '필리핀', '퓌레', '커버', '진짜']"
식음료,스낵 및 디저트,초콜릿,,B09TRXC435,Hersheys Special Dark Mildly Sweet 초콜릿 캔디 - 스낵 사이즈 스페셜 다크 초콜릿 캔디 바 - 개별 포장 - 벌크 캔디 팩 - 0.9kg(2파운드) (1팩),Sweetsome,20747,20747,3.5,138.0,"Sweetsome 특별한 다크 마일리 스위트 초콜릿 캔디: 다크 초콜릿이 있고, Sweetsome 스페셜 다크 마일리 스위트 초콜릿이 있습니다. 45% 카카오로 각 바는 약간 달콤하고 완벽하게 균형을 이루며 지나치게 맛있습니다. 개별 포장된 코셔 인증 Sweetsome 스페셜 다크 마일드 스위트 초콜릿 스낵 사이즈 캔디 바 벌크 팩 1개가 포함되어 있습니다. 스낵 사이즈 스페셜 다크: There's happy, and then there Sweetsome happy. 수십 년 동안 고전적이었던 맛있고 풍부한 다크 초콜릿으로 제작된 Sweetsome 스페셜 다크 마일드 스위트 초콜릿 바는 혼자 즐기거나 사랑하는 사람들과 공유하든 삶을 더 맛있게 만듭니다. 개별적으로 포장된 스낵 사이즈 캔디 바는 수많은 특별하고 일상적인 행사에 완벽한 간식입니다. 모든 상황: 크리스마스 스타킹, 할로윈 트릭 오어 트릿 가방, 부활절 바구니 및 발렌타인 데이 파티 선물을 채우는 데 사용할 수 있습니다. 손님을 위해 몇 개를 보관하고 기분이 좋을 때 편리한 간식을 위해 식료품 저장실에 보관하십시오. Sweetsome 스페셜 다크 마일리 스위트 초콜릿 캔디 바로 캔디 접시, 선물 및 스모어 게임을 한 단계 업그레이드하세요. 다양한 용도: 각 손님을 위해 Sweetsome 특별하고 어둡고 약간 달콤한 스낵 사이즈 캔디 바 한 봉지를 가져 오거나 개별적으로 포장된 캔디 바 한 봉지를 공유하여 영화 전체에서 모두가 행복하게 간식을 먹을 수 있습니다. 점심에 Sweetsome 스페셜 다크 마일리 스위트 초콜릿 백을 포장하세요. 도로 여행을 위해 몇 개를 모으거나 저녁 식사 후 디저트를 위해 식료품 저장실에 Sweetsome 특별한 다크 마일리 스위트 초콜릿 팩을 보관하세요. 창의적인 느낌: 컵케이크, 브라우니, 쿠키를 이 신성한 다크 초콜릿 한두 개로 토핑하여 좋아하는 구운 디저트를 달콤하게 만들 수도 있습니다. Sweetsome 초콜릿을 찾으면 모두가 흥분합니다. 이제 여러분도 그렇게 될 수 있습니다! Sweetsome 초콜릿은 코셔 인증 다크 초콜릿 캔디로 포장되어 신선함과 이동 중에도 간식을 즐길 수 있습니다.","행복이 있고 Sweetsome happy가 있습니다. 수십 년 동안 고전적이었던 맛있고 풍부한 다크 초콜릿으로 제작된 Sweetsome SPECIAL DARK의 부드럽고 달콤한 초콜릿 바는 혼자 즐기거나 사랑하는 사람과 공유하든 삶을 더 맛있게 만듭니다. 개별적으로 포장된 스낵 사이즈 캔디 바는 수많은 특별하고 일상적인 행사에 완벽한 간식입니다. 크리스마스 스타킹, 할로윈 트릭 오어 트릿 가방, 부활절 바구니 및 발렌타인 데이 파티 선물을 채우는 데 사용할 수 있습니다. 손님을 위해 몇 개를 보관하고 기분이 좋을 때 편리한 간식을 위해 식료품 저장실에 보관하십시오. 공유 가능한 Sweetsome 마일드리 스위트 캔디 바 팩으로 영화의 밤을 보여주세요. 모든 사람들을 기쁘게 하고 밤의 간식을 완벽하게 선택할 수 있습니다. 컵케이크, 브라우니, 쿠키를 이 신성한 다크 초콜릿 한두 개로 토핑하여 좋아하는 구운 디저트를 달콤하게 만들 수도 있습니다. Sweetsome 초콜릿에 도달하면 모두가 흥분합니다. 이제 여러분도 그렇게 될 수 있습니다!","['초콜릿', '다크', '캔디', '스위트', '포장', '스페셜', '간식', '스낵', '달콤하다', '특별하다']"
식음료,스낵 및 디저트,초콜릿,,B00DD0Z0AO,Chocolove - 엑스트라 스트롱 다크 초콜릿 바 - 90.7g(3.2온스),Chocolove,8600,8587,4.7,3017.0,77% 코코아 강렬한 코코아 맛 엑스트라 코코아 버터는 마무리에 균형과 부드러움을 더합니다 원산지는 미국입니다,강한 다크,"['코코아', '엑스트라', '다크', '초콜릿', '스트롱', '부드러움', '버터', '미국', '맛', '마무리']"
식음료,스낵 및 디저트,과일 및 견과 바,,B0CXJLP95F,"KIND® 바 씨앗, 과일 및 견과류 18개입 버라이어티 팩 (딸기, 다크 초콜릿 라즈베리 및 오렌지 크랜베리), 섬유질 공급원, 글루텐 프리 스낵 바",,34237,34237,4.4,66.0,"KIND 바 씨앗, 과일 및 견과류 18개입 버라이어티 팩 (딸기, 다크 초콜릿 라즈베리 및 오렌지 크랜베리) KIND Seeds Fruit & Nuts 스낵바의 만족스러운 맛은 호박씨 또는 해바라기 씨앗의 영양 밀도가 높은 #1 성분과 실제 과일과 견과류를 결합하여 약간의 바삭함이 있는 맛있는 스낵 바를 만듭니다. 개별적으로 포장된 바는 식사 사이에 간식을 먹기에 이상적입니다. Seeds Fruit & Nuts KIND 스낵바는 KIND의 클래식 너트 바를 맛있게 해석한 제품으로, 씨앗, 과일 및 견과류를 맛있고 편리하게 먹을 수 있는 과일 향이 있습니다. 이 스낵 바는 섬유질의 좋은 공급원이며 5g의 단백질을 함유하고 있으며 GMO 프리 프로젝트 인증을 받았습니다. *바 당 11-13g의 지방 함유","KIND® 바 씨앗, 과일 및 견과류 18개입 버라이어티 팩 (딸기, 다크 초콜릿 라즈베리 및 오렌지 크랜베리)","['과일', '견과류', '씨앗', '크랜베리', '라즈베리', '딸기', '오렌지', '다크', '맛있다', '초콜릿']"
식음료,스낵 및 디저트,과일 및 견과 바,,B09SBRVP72,"Larabar 초콜릿 버라이어티 팩, 글루텐 프리 비건 과일 및 너트 바, 18개입",,27242,27242,4.6,2981.0,"건강한 간식: 100% 진짜 재료와 인공 감미료가 없으므로 좋아하는 것에 바를 올릴 수 있습니다. Larabar는 간단하고 건강한 간식을 만들어 먹기에 좋은 기분을 느낄 수 있습니다 다양한 팩: 총 18개의 바, 초콜릿 칩 쿠키 반죽, 땅콩 버터 초콜릿 칩 및 더블 초콜릿 트러플 각각 6개의 바가 포함되어 있습니다. 좋아하는 것을 찾을 수 있는 완벽한 방법입니다 식물 기반의 깨끗한 식습관: 비건, 글루텐 프리, 유제품 프리, 식물 기반 및 GMO 프리 건강한 탐닉: 편리하게 포장되어 이동 중에도 포장하기에 좋은 Larabar는 아침 간식부터 오후 간식까지 모든 것에 적합합니다 구성: 45.4g(1.6온스) 바, 18개입","100% 진짜 재료로 깨끗하게 섭취하세요. Larabar는 간단하고 건강한 간식을 만들어 먹는 것에 대해 기분이 좋습니다. 과일, 견과류 및 향신료의 간단한 혼합으로 깨끗한 식사가 훨씬 쉬워졌습니다. 아침 식사 또는 오후 간식의 일부이든, 이 바는 활력을 고양시키고 모든 물기에 에너지를 제공하는 쉽고 맛있는 옵션입니다. Larabar 초콜릿 버라이어티 팩에는 초콜릿 칩 쿠키 반죽, 땅콩 버터 초콜릿 칩, 더블 초콜릿 트러플 각각 6개의 바가 포함되어 있으며 비건, 글루텐 프리, 유제품 프리, 식물 기반 및 GMO 프리 제품입니다. 저희는 바를 현실로 만들고 있습니다. 즉, 제품에 인공 감미료를 피하고 신뢰할 수 있는 단순한 달콤한 맛을 위해 진짜를 고수하는 것을 의미합니다. 단순함. 순수함. 맛있습니다. 에너지를 즐기세요. 총 18개의 바가 포함되어 있습니다.","['초콜릿', '프리', '간식', '건강하다', '진짜', '글루텐', '식물', '기반', '깨끗하다', '비건']"
식음료,스낵 및 디저트,과일 및 견과 바,,B0D7QTCVX2,"성인용 건강한 간식 - 디럭스 통곡물 및 그래놀라 박스, 32개 버라이어티 팩: 가족, 여행 및 선물용 무화과, 귀리 및 과일 바",Vintage Candy Co.,48461,48461,4.6,31.0,"최고의 스낵 버라이어티 팩: 바삭한 그래놀라 바, 홀그레인 바, 무화과 바 및 독점적인 시그니처 소프트 & 츄이 그래놀라 바를 포함한 8가지 프리미엄 과일 견과류 및 곡물 스낵을 엄선하여 엄선한 디럭스 건강 스낵 박스에 빠져보세요. 32개의 개별 아이템으로 모든 간식 요구 사항을 충족시키기에 완벽합니다! 완벽한 이동 간식: 바쁜 부모, 활동적인 어린이 및 건강에 민감한 여행자에게 완벽한 바로 먹을 수 있고 지저분하지 않은 간식의 편리함을 즐기십시오. 도로 여행과 야외 모험부터 빠른 사무실 휴식에 이르기까지 영양소가 가득한 맛있는 옵션으로 활력을 불어넣으세요! 어린이 및 가족 친화적: 맛있는 에너지 포장 옵션과 읽기 쉬운 간식으로 가득한 프리미엄 그래놀라 및 그레인 박스는 모든 연령대와 취향에 맞게 제공되어 온 가족이 죄책감 없는 간식 경험을 보장합니다. 신뢰할 수 있는 품질: 진짜 과일, 통곡물 및 천연 성분으로 제작된 당사의 간식은 우수한 맛과 더 많은 영양 혜택을 제공하기 위해 선택되었습니다. 스낵 박스의 각 제품은 나쁜 것 없이 활력을 유지할 수 있는 건강에 좋은 간식을 약속합니다. 경제적이고 친환경적인 포장: 폐기물을 최소화하고 편리함을 극대화하도록 설계된 벌크 포장 스낵 박스로 가치를 극대화하십시오. 품질이나 수량을 손상시키지 않으면서 저렴한 간식 옵션을 찾는 친환경 소비자를 위한 완벽한 선택입니다.",,"['간식', '스낵', '박스', '완벽하다', '포장', '과일', '옵션', '곡물', '건강', '가족']"
식음료,스낵 및 디저트,과일 및 견과 바,,B09X6T9ZMH,"Happy Village 유기농 미니 무화과 및 너트 바 (버라이어티 24팩, 각 19.8g(0.7온스)), 정제된 설탕 없음, GMO 프리, 글루텐 프리, 비건, 섬유 스낵 바의 좋은 공급원 (타르트 체리 8개, 무화과 8개, 딸기 8개)",Happy Village,27686,27686,4.2,95.0,"올 오가닉 - 미니 오리지널 무화과 바 8팩, 미니 딸기 바 8팩, 타르트 체리 바 8팩. 유기농 건조 무화과와 유기농 생 헤이즐넛은 무엇보다도 주요 성분입니다. %100 진짜 과일 및 견과류 - 방부제 없음, 정제 설탕 없음, 인공 향료 없음 섬유 바 - 섬유질 스낵 바의 좋은 공급원, 공급원에 포장되어 있습니다 모든 비건 - 식물 기반, 글루텐 프리 인증, GMO 프리 인증, 비건 인증 및 채식주의자 친화적 추적 가능성 약속 - 이 패키지에 포함된 모든 과일과 견과류는 공급원에 직접 추적할 수 있습니다. 저희는 최고 품질의 제품을 보장하기 위해 공급망의 모든 단계를 감독합니다. 일부가 되세요: 1991년, 저희는 지속 가능하고 윤리적이며 유기적인 농업을 목표로 ""해피 빌리지 프로젝트""를 만들었습니다. +14,000 헥타르의 땅은 프로젝트 내에서 유기농으로 전환됩니다. 당사의 유기농 말린 살구는 Happy Village Project 농부들에 의해 재배되며 각 구매는 지역 사회와 마을을 지원합니다. 일부가 되세요. 100% 환불 보장: 저희는 제품에 자신이 있으며 30일 동안 100% 환불 을 제공합니다. 질문이 있거나 제품에 완전히 만족하지 못하셨다면 언제든지 저희에게 연락하십시오.",,"['유기농', '프리', '무화과', '공급원', '비건', '미니', '인증', '스낵', '글루텐', '섬유']"
식음료,스낵 및 디저트,과일 및 견과 바,,B0CWKVYP6C,"Mate 견과류가 있는 과일 바 + 딸기 버라이어티 팩 (24팩) 건강한 간식, 견과류 및 글루텐 프리 및 비건 및 GMO 프리 및 코셔 포함 100% 천연 진짜 과일 바 - 설탕 무첨가, 방부제 및 색소 없음",BE MY MaTe,37381,37381,5.0,1.0,"HEY MATE: 우리는 NATURE의 자체를 당신의 MATE 패키지에 채우고 있습니다. Mate Nutty 과일 바에 100% 진짜 과일과 최고 품질의 견과류만을 사용하여 건강한 일상 간식을 제공하며 모든 메이트는 GMO 프리, 글루텐 프리, 설탕 무함유, 방부제 없음, 비건, 코셔 제품입니다. 깨끗하고 맛있는 간식: 건강하고 자연스러운 간식이 이전에는 이렇게 맛있지 않다고 쉽게 주장합니다. 저희는 최고의 품질의 진짜 과일과 견과류만을 사용하여 독특하고 혁신적인 천연 질감을 만들었습니다. 단 3가지 성분: 진짜 과일, 진짜 과일, 최고 품질의 견과류 및 이들 외에는 아무것도 없습니다. 건강을 위해 어디에서나 최고의 친구: 저희는 간식이 아닌 최고의 친구가 되기 위해 여기에 있습니다. 우리는 여행하는 것을 좋아합니다. 어디에서나 쉽게 메이트를 데려갈 수 있습니다. YOU CAN BITE ME: I Introduced we before you bite and fall in love with mee. COME AND BITE ME를 기다리고 계신가요?","MATE는 정통 미국 브랜드라는 자부심을 가지고 있으며, 미국 스타일의 감각과 함께 최고의 건강한 간식을 제공합니다. 당사의 여정은 미국 중심부에서 시작되었으며, 이제 맛있고 영양이 풍부한 간식에 대한 열정을 미국 전역과 공유하게 되어 기쁩니다.","['간식', '과일', '최고', '진짜', '견과류', '건강하다', '프리', '미국', '맛있다', '천연']"
식음료,스낵 및 디저트,과일 및 견과 바,,B06XS6WNWW,"건강한 간식, 건강한 혼합 스낵 박스 및 간식 선물 버라이어티 팩 - 이동 및 이동, 직장, 사무실 또는 가정을 위한 준비 - 그래놀라 바, 케어 패키지 (66개)",Veratify,64804,64804,4.6,6945.0,"최고의 건강한 혼합 바 파티, 회의 및 여행 세트를 발견하세요! – 건강하고 바삭하며 군침이 도는 바를 좋아하신다면 이 올 인클루시브 엄선된 혼합 바 선물 팩을 절대적으로 좋아할 것입니다. Veratify! 스낵 키트 1개, 66가지 다양한 경험! – 항상 새로운 맛을 탐구하고 싶으신가요? Veratify 종합 혼합 바 파티 팩에는 66가지 개별 밀봉된 바 종류가 포함되어 있습니다! 땅콩 버터, 초콜릿 칩, 귀리 및 꿀, 달콤하고 짠맛, 과일 및 견과류 트레일 믹스, 사과 계피, 치아가 들어간 바다 슬랫을 좋아하든 상관없습니다. , 저희가 해결해 드립니다! 모든 상황에 이상적인 간식! 영양 및 단백질로 가득한 혼합 건강 바는 어떤 경우에도 완벽한 간식입니다! 패킷을 꺼내서 영화의 밤, 대학 기숙사, 학교 간식, 생일, 집, 선물, 파티, 스포츠 나이트, 사무실 휴식, 피크닉, 캠핑 여행, 로드 트립 또는 비즈니스 미팅을 재미있고 바삭하게 만들어보세요 모든 단일 패키지에 밀봉된 신선함! – 각 제품은 최대의 편리함, 신선함 및 바삭함을 위해 개별적으로 포장 및 밀봉되어 있기 때문에 헬스 바 선물 바구니에서 오래된 제품을 찾을 수 없습니다! 그리고 가장 좋은 부분은? 편리한 패킷으로 제공되므로 한 번에 모두 먹을 필요가 없습니다! 간식 공격을 할 준비가 되셨나요? Veratify 건강한 바 키트는 이동 중, 집들이, 은퇴, 기념일 대학, 여행, 생일 파티, 사무실, 회의, 병원, 교회, 군대 등을 위한 완벽한 선물입니다! 또한, 번거롭지 않은 전액 환불 보장이 함께 제공되므로 100% 위험 부담 없이 즐기세요! 무엇을 기다리고 계십니까?? ?",이 상자에는 다음 품목이 포함되어 있습니다: 66 스낵,"['간식', '혼합', '건강하다', '선물', '파티', '이동', '여행', '사무실', '밀봉', '스낵']"
식음료,스낵 및 디저트,과일 및 견과 바,,B08TPDBZP6,"Larabar 땅콩 버터 쿠키, 글루텐 프리 비건 과일 및 너트 바, 12개입",,18406,18406,4.6,809.0,"건강한 간식: 100% 진짜 재료와 인공 감미료가 없으므로 좋아하는 것에 바를 올릴 수 있습니다. Larabar는 간단하고 건강한 간식을 만들어 먹기에 좋은 기분을 느낄 수 있습니다 세 가지 간단한 성분으로 제작: Larabar 땅콩 버터 쿠키는 대추야자, 땅콩, 바다 소금의 세 가지 간단한 재료로 만들어집니다 식물 기반의 깨끗한 식습관: 비건, 글루텐 프리, 유제품 프리, 코셔, 콩 프리, GMO 프리, 좋은 섬유 공급원 건강한 탐닉: 편리하게 포장되어 이동 중에도 포장하기에 좋은 Larabar는 아침 간식부터 오후 간식까지 모든 것에 적합합니다 구성: 48.2g 바, 12개입","100% 진짜 재료로 깨끗하게 섭취하세요. Larabar는 간단하고 건강한 간식을 만들어 먹는 것에 대해 기분이 좋습니다. 과일, 견과류 및 향신료의 간단한 혼합으로 깨끗한 식사가 훨씬 쉬워졌습니다. 아침 식사 또는 오후 간식의 일부이든, 이 바는 활력을 고양시키고 모든 물기에 에너지를 제공하는 쉽고 맛있는 옵션입니다. Larabar 땅콩 버터 쿠키는 대추야자, 땅콩, 바다 소금의 세 가지 간단한 재료로 만들어졌으며 비건, 글루텐 프리, 유제품 프리, 코셔, 콩 프리, GMO 프리, 좋은 섬유질 공급원입니다. 저희는 바를 현실로 만들고 있습니다. 즉, 제품에 인공 감미료를 피하고 신뢰할 수 있는 단순한 달콤한 맛을 위해 진짜를 고수하는 것을 의미합니다. 단순함. 순수함. 맛있습니다. 에너지를 즐기세요.","['프리', '간단하다', '간식', '땅콩', '건강하다', '재료', '비건', '글루텐', '깨끗하다', '진짜']"
식음료,스낵 및 디저트,과일 및 견과 바,,B000ENWSC6,Larabar 글루텐 프리 바,,42048,42048,4.4,8760.0,"건강한 간식: 100% 진짜 성분과 인공 감미료가 없으므로 좋아하는 것에 바를 올릴 수 있습니다! Larabar는 간단하고 건강한 간식을 만들어 먹고 싶을 때 기분이 좋습니다 3가지 간단한 성분으로 제작: Larabar 피칸 파이는 대추야자, 피칸, 아몬드의 3가지 간단한 재료로 만들어집니다 식물 기반의 깨끗한 식습관: 비건, 글루텐 프리, 유제품 프리, 코셔, 콩 프리, GMO 프리, 좋은 섬유 공급원 건강한 탐닉: 편리하게 포장되어 이동 중에도 포장하기에 좋은 Larabar는 아침 간식부터 오후 간식까지 모든 것에 적합합니다 구성: 45.4g(1.6온스) 바, 16개","100% 진짜 재료로 깨끗하게 섭취하세요. Larabar는 먹는 것에 대해 기분 좋게 느낄 수 있는 간단한 간식을 만듭니다. 과일, 견과류 및 향신료의 간단한 혼합으로 깨끗한 식사가 훨씬 쉬워졌습니다. 아침 식사 바든 오후 간식이든, 이 바는 활력을 고양시키고 모든 물기에 에너지를 제공하는 쉽고 맛있는 옵션입니다. Larabar 피칸 파이는 대추야자, 피칸, 아몬드의 3가지 간단한 재료로 만들어졌으며 비건, 글루텐 프리, 유제품 프리, 코셔, 콩 프리, GMO 프리, 좋은 섬유질 공급원입니다. 당사는 Ä Bar를 현실로 높이고 있습니다. 즉, 제품에 인공 감미료를 피하고 신뢰할 수 있는 단순한 달콤한 맛을 위해 진짜를 고수하는 것을 의미합니다. 단순함. 순수함. 맛있습니다. 에너지를 즐기세요!/At LÄRABAR, we believe that the foundation of a sound mind, body and spirit is derived from what you eat. And what you eat is most delicious and satisfying when it's in a whole, natural state./It's true, the traditional version is indulgent, but our Pecan Pie likes to break the rules. Made up of only 3 ingredients, this food is unafraid to be delicious and wholesome at the same time. It also contains a 1/2 serving of fruit. Rebellious? Definitely./Pecan Pie is also:","['프리', '간단하다', '간식', '피칸', '진짜', '글루텐', '재료', '깨끗하다', '건강하다', '비건']"
식음료,스낵 및 디저트,과일 및 견과 바,,B076HMSJNQ,"Larabar 바나나 초콜릿 칩, 글루텐 프리 비건 과일 및 너트 바, 16개입",,38904,38904,4.5,1205.0,"건강한 간식: 100% 진짜 재료와 인공 감미료가 없으므로 좋아하는 것에 바를 올릴 수 있습니다. Larabar는 간단하고 건강한 간식을 만들어 먹기에 좋은 기분을 느낄 수 있습니다 4가지 간단한 성분으로 제작: Larabar 바나나 초콜릿 칩은 대추야자, 아몬드, 바나나, 초콜릿 칩의 네 가지 간단한 재료로 만들어집니다 식물 기반의 깨끗한 식습관: 비건, 글루텐 프리, 유제품 프리, 코셔, GMO 프리 건강한 탐닉: 편리하게 포장되어 이동 중에도 포장하기에 좋은 Larabar는 아침 간식부터 오후 간식까지 모든 것에 적합합니다 구성: 45.4g(1.6온스) 바, 16개입","100% 진짜 재료로 깨끗하게 섭취하세요. Larabar는 간단하고 건강한 간식을 만들어 먹는 것에 대해 기분이 좋습니다. 과일, 견과류 및 향신료의 간단한 혼합으로 깨끗한 식사가 훨씬 쉬워졌습니다. 아침 식사 또는 오후 간식의 일부이든, 이 바는 활력을 고양시키고 모든 물기에 에너지를 제공하는 쉽고 맛있는 옵션입니다. Larabar 바나나 초콜릿 칩은 대추야자, 아몬드, 바나나 및 초콜릿 칩의 네 가지 간단한 재료로 만들어졌으며 비건, 글루텐 프리, 유제품 프리, 코셔 및 GMO 프리 제품입니다. 저희는 바를 현실로 만들고 있습니다. 즉, 제품에 인공 감미료를 피하고 신뢰할 수 있는 단순한 달콤한 맛을 위해 진짜를 고수하는 것을 의미합니다. 단순함. 순수함. 맛있습니다. 에너지를 즐기세요.","['프리', '간단하다', '간식', '바나나', '초콜릿', '재료', '건강하다', '깨끗하다', '글루텐', '비건']"
식음료,스낵 및 디저트,과일 및 견과 바,,B0BMSBM63P,"LÄRABAR 아몬드 쿠키, 글루텐 프리 비건 과일 및 너트 바, 45.4g(1.6온스), 12개입",,18406,18406,4.2,500.0,"건강한 간식: 100% 진짜 재료와 인공 감미료가 없으므로 좋아하는 것에 바를 올릴 수 있습니다. Larabar는 간단하고 건강한 간식을 만들어 먹기에 좋은 기분을 느낄 수 있습니다 5가지 간단한 성분으로 제작: Larabar 아몬드 쿠키는 아몬드, 대추야자, 사과, 아몬드 추출물, 바다 소금 등 5가지 간단한 재료로 만들어집니다 식물 기반의 깨끗한 식습관: 비건, 글루텐 프리, 유제품 프리 건강한 탐닉: 편리하게 포장되어 이동 중에도 포장하기에 좋은 Larabar는 아침 간식부터 오후 간식까지 모든 것에 적합합니다 구성: 45.4g(1.6온스) 바, 12개입","100% 진짜 재료로 깨끗하게 섭취하세요. Larabar는 간단하고 건강한 간식을 만들어 먹는 것에 대해 기분이 좋습니다. 과일, 견과류 및 향신료의 간단한 혼합으로 깨끗한 식사가 훨씬 쉬워졌습니다. 아침 식사 또는 오후 간식의 일부이든, 이 바는 활력을 고양시키고 모든 물기에 에너지를 제공하는 쉽고 맛있는 옵션입니다. Larabar 아몬드 쿠키는 아몬드, 대추야자, 사과, 아몬드 추출물, 바다 소금의 5가지 간단한 재료로 만들어졌으며 비건, 글루텐 프리, 유제품 프리 제품입니다. 저희는 바를 현실로 만들고 있습니다. 즉, 제품에 인공 감미료를 피하고 신뢰할 수 있는 단순한 달콤한 맛을 위해 진짜를 고수하는 것을 의미합니다. 단순함. 순수함. 맛있습니다. 에너지를 즐기세요.","['아몬드', '간단하다', '간식', '프리', '건강하다', '재료', '비건', '쿠키', '글루텐', '진짜']"
식음료,스낵 및 디저트,과일 및 견과 바,,B00V94R5O0,"Nutrawbar, 유기농 슈퍼푸드, 생 과일 및 견과류 바, 전체 무화과, 39.7g(1.4온스), 12개입",Nutrawbar,48350,48350,3.8,41.0,"100% 인증된 유기농 생 과일 및 너트 바 GMO 프리, 글루텐 프리, 유제품 프리, 콩 프리, 유청 프리, 비건, 코셔 자연스러운 에너지 향상을 위한 완벽한 슈퍼푸드 스낵 첨가물이나 방부제 없이 3가지 원료로 제작되었습니다 단백질, 섬유, 오메가3의 원천","당사는 맛, 영양 및 품질을 손상시키지 않으면서 자연스럽고 건강한 로우바를 만들기 시작했습니다. Nutrawbar 제품은 실제 사람들을 위해 실제 재료를 사용하여 실제 음식을 만드는 이 목적을 대표합니다. 저희는 생 과일, 견과류 및 씨앗에서 풍부하게 발견되는 천연 항산화 물질, 식물성 영양소, 단백질 및 오메가-3를 활용하여 이를 수행합니다. Nutrawbar는 인공 첨가제나 방부제 없이 항상 5가지 이하의 원료로 만들어집니다.","['프리', '과일', '유기농', '오메가', '푸드', '견과류', '슈퍼', '원료', '단백질', '자연스럽다']"
식음료,스낵 및 디저트,과일 및 견과 바,,B0D2M3C7GK,"Larabar Trail Mix 땅콩 버터 및 젤리 구운 너트 바 8개, 240.4g(8.5온스)",LÄRABAR,13780,13088,4.5,11.0,"글루텐 프리, GMO 프리 수제 땅콩 버터 간식처럼 맛이 나는 촉촉하고 쫄깃한 간식 진짜로 간단하고 달콤한 간식인 진짜 음식 간식. 바쁘고 이동 중에도 적합합니다 코셔 유제품 구성: 바 8개","LARABAR는 건전한 마음, 몸, 정신이 가장 단순하고 자연스러운 상태의 음식에서 유래되었다고 믿습니다. 100% 진짜 음식으로 제작된 LARABAR 트레일 믹스 땅콩 버터와 젤리 바는 과일, 견과류 및 향신료의 마법 같은 조화로 활력을 높이고 모든 물기에 에너지를 제공합니다. 간단합니다. 순수함. 맛있습니다. 에너지를 즐기세요!","['간식', '버터', '진짜', '땅콩', '음식', '간단하다', '프리', '젤리', '에너지']"
식음료,스낵 및 디저트,과일 및 견과 바,,B0069RR05Q,"Nakd Bars, 코코아 오렌지 생 과일 및 견과류, 글루텐 프리, 비건, 18개입",nākd.,44569,41868,4.5,1894.0,Nakd 코코아 오렌지 천연 스낵 바 비건 바 건강한 스낵 글루텐 프리 바 35g 스낵 푸드 바 오렌지 35g,"글루텐, 밀, 유제품 무첨가! - 베이크웰 타르트의 또 다른 멋진 점은 누구나 먹을 수 있다는 것입니다! 왜? 밀, 유제품 및 글루텐 프리이기 때문에 이것이 바로 그 이유입니다! 특별한 식이 요법이 필요한 경우 적절한 간식을 찾는 것이 끝났습니다. 이 바를 사용해보고 직접 확인하세요.","['글루텐', '프리', '오렌지', '스낵', '비건', '유제품', '코코아', '무첨가', '크웰', '개입']"
식음료,스낵 및 디저트,과일 및 견과 바,,B0C4Z6DTLL,"Universal Bakery 홀그레인 선라이즈 에너지 과일 및 견과류 바, 코코번치 키트 포함, 85-283.5g(3-10온스) 팩",KOKOBUNCH,44320,41536,4.6,8.0,Universal Bakery 홀그레인 선라이즈 에너지 바 85-283.5g(3-10온스) 통 오메가 3 (1회 제공량당 610mg) 패키지에는 유니버설 베이커리 홀그레인 선라이즈 에너지 바 85-283.5g(3-10온스) 욕조와 무료 코코번치 키트가 포함되어 있습니다.,"패키지에는 유니버설 베이커리 홀그레인 선라이즈 에너지 바 85-283.5g(3-10온스) 욕조와 무료 코코번치 키트가 포함되어 있습니다. 통곡물 롤 귀리, 귀리 가루, 말린 크랜베리, 건포도, 말린 사과, 말린 살구, 아몬드, 호두, 아마씨, 해바라기 씨, 캐슈, 참깨, 분쇄 코코넛으로 제작되었습니다.","['홀', '레인', '에너지', '선라이즈', '키트', '코코', '번치', '통', '패키지', '유니버설']"
식음료,스낵 및 디저트,과일 및 견과 바,,B07QW6XB4K,"Larabar 아동용 시나몬 소용돌이 글루텐 프리 바, 27.2g(0.95온스) 바, 16개입 (8팩)",LÄRABAR,59873,59873,4.5,1205.0,"건강한 간식: 100% 천연 성분과 인공 감미료가 없으므로 좋아하는 바를 키울 수 있습니다! Larabar는 먹는 것에 대해 기분이 좋아지는 간단하고 건강한 간식을 만듭니다 100% 실제 성분: Larabar 아동용 시나몬 소용돌이는 메밀가루, 꿀, 사탕수수 설탕, 코코넛 오일, 치아 씨앗, 당밀, 계피, 물, 바다 소금의 9가지 간단한 성분으로 만들어졌습니다 간단한 간식: 글루텐 프리, GMO 프리, 고과당 옥수수 시럽 없음 실제 생활은 실제 음식을 요구합니다: 실제 생활은 하루를 정복하는 데 도움이 되는 실제 재료를 요구하며, 편리하게 포장되어 이동 중에도 포장하기에 적합합니다 구성: 박스 당 6개의 바가 있는 8개의 박스 (총 48개의 바)","Larabar는 간단한 간식을 만들어 먹기에 좋습니다. 아침 식사 바, 학교 간식 또는 방과 후 간식이든, 이 바는 아이들이 좋아할 쉽고 맛있는 옵션입니다. 인공 감미료가 없으므로 자녀에게 줄 수 있는 간식입니다. Larabar 키드 시나몬 스월 바는 메밀가루, 꿀, 사탕수수 설탕, 코코넛 오일, 치아 씨앗, 당밀, 계피, 물 및 바다 소금의 9가지 간단한 성분으로 만들어졌으며 글루텐 프리, GMO 프리, 고과당 옥수수 시럽이 없습니다. 이 건강에 좋은 바는 아이들에게 평생 모험, 상상력, 기쁨을 선사합니다.","['간식', '간단하다', '프리', '성분', '시나몬', '글루텐', '바다', '소용돌이', '설탕', '생활']"
식음료,스낵 및 디저트,과일 및 견과 바,,B004YV7VEO,Go Raw 호박 씨앗 바 | 케토 | 글루텐 프리 스낵 | 비건 | 유기농 | 팔레오 | 슈퍼푸드 (바 10개),go Raw,23268,23268,4.0,1304.0,"이동 중에도 케토: 1회 제공량당 순탄수화물 5g. 이동 중에도 편리한 영양 및 에너지로 하루를 활기차게 합니다. 간단한 유기농 성분: 간단하고 이해하기 쉬운 5가지 성분으로 제작되었습니다. 유기농, GMO 프리, 글루텐 프리, 견과류 프리, 유제품 프리, 콩 프리, 비건 및 코셔. 최소 가공: 싹이 트고 씨앗이 건조되고 구워지지 않은 상태로 바에서 기분이 좋습니다. 견과류 프리 & 천연 달콤함: 100% 견과류 프리 및 글루텐 프리 시설에서 만들어졌으며 대추야자로 달콤합니다. 전체적인 식물 기반의 장점: 싹이 튼 씨앗과 기타 식물 기반 재료로 가득합니다.","Go Raw 작은 싹이 튼 호박 씨앗 바는 간단하고 이해하기 쉬운 고품질 재료 4개만 사용하여 수작업으로 제작되었습니다. 최소한의 가공(발아 및 건조, 구워지지 않음), 싹이 튼 슈퍼시드로 포장되어 하루 종일 영양을 공급하는 데 필요한 편리한 영양, 단백질 및 에너지를 제공합니다. 바 당 5g의 순탄수화물이 포함된 맛있는 케토 간식. 어린이와 학교 도시락에도 적합합니다.","['프리', '씨앗', '싹', '글루텐', '영양', '키토', '견과류', '간단하다', '유기농', '기반']"
식음료,스낵 및 디저트,과일 및 견과 바,,B0CWVXG77N,"에너지 및 단백질 포장, 만족스러운 글루텐 프리 비건 스낵 볼, 이동 중에도 편리함 - 각 공 5개 8개(5x 8개, 버라이어티 팩) (8팩 (408.2g(14온스), 버라이어티 팩)",Chia Smash,38766,38766,4.0,78.0,"거부할 수 없는 PB&J 향수: 스매시 바이트로 클래식한 PB&J의 유행을 타지 않는 즐거움을 느껴보세요. 풍부한 너트 버터 같은 외부 쉘이 끈적끈적한 슈퍼푸드 잼으로 터져 맛있고 향수를 불러일으키는 맛을 제공합니다. 순수 및 식물 동력: 깨끗한 식물 기반 성분으로 죄책감 없는 간식을 경험하십시오. 당사의 스매시 바이트는 땅콩, 대추야자, 포도, 블루베리, 바다 소금의 간단한 혼합으로 제작되었습니다. 첨가제나 방부제가 없습니다 하루를 활기차게 만드세요: 단백질 포장 펀치로 에너지 레벨을 높이세요. Smash Bites는 9g의 단백질을 자랑하며, 빠르고 영양가 있는 에너지 부스트를 위한 이상적인 선택입니다. 만족스러운 충전재: 만족스럽고 만족스러운 간식 경험을 즐기십시오. 풍부한 견과류 버터, 슈퍼푸드 잼 및 단백질 함량의 조합으로 Smash Bites는 포만감과 건강에 좋은 선택입니다. 이동 중에도 편리함: 어디를 가든 간식이 가능한 PB&J 바이트의 편리함을 받아들입니다. 직장, 이동 중, 학교 도시락을 포장할 때 Smash Bites는 맛있고 편리한 간식 솔루션을 제공합니다.","거부할 수 없는 스매시 바이트로 클래식 PB&J의 편안한 포옹에 빠져보세요. 이 사랑받는 맛 듀오의 시대를 초월한 기쁨을 담아주는 향수를 불러일으키는 간식입니다. 풍부한 견과류 버터 같은 외부 껍질이 부드럽게 슈퍼푸드 잼의 끈적끈적한 폭발을 일으켜 마음을 따뜻하게 하는 맛있고 친숙한 맛을 만듭니다. 웰빙을 염두에 두고 제작된 Smash Bites는 순수 식물 기반 간식을 구현합니다. 당사의 레시피는 땅콩, 대추야자, 포도, 블루베리, 바다 소금을 포함한 깨끗한 식물 기반 재료의 교향곡입니다. 저희는 단순함을 믿으며, 첨가제와 방부제가 없으므로 건강에 좋은 라이프 스타일에 맞는 죄책감 없는 탐닉을 제공합니다. 강력한 7g의 단백질을 제공하는 단백질로 가득 찬 놀라운 스매시 바이트를 1회 제공량으로 매일 에너지 레벨을 높이세요. 빠르고 영양가 있는 에너지 부스트를 원하는 사람들에게 완벽한 당사의 바이트는 하루 종일 영양을 공급할 수 있는 맛있고 만족스러운 솔루션을 제공합니다. 풍부한 견과류 버터, 슈퍼푸드 잼 및 단백질 함량의 조화로운 혼합은 각 물기가 맛뿐만 아니라 활력을 유지하는 데 기여합니다. Smash Bites로 진정으로 만족스러운 간식 경험을 즐기세요. 맛있는 맛 외에도 건강에 좋은 재료의 조합은 한 입 먹을 때마다 만족스럽게 채워주어 간식을 영양과 만족의 순간으로 바꿔줍니다. 한낮의 갈망과 싸우거나 식사 사이에 픽업이 필요하든, Smash Bites는 여러분이 갈망하는 풍성한 만족을 제공하도록 설계되었습니다. Smash Bites로 이동 중에도 간식을 쉽게 먹을 수 있습니다. 언제 어디서나 간식이 가능한 PB&J 바이트는 완벽한 동반자입니다. 직장에서 바쁜 일정을 탐색하거나 학교 도시락을 포장할 때 당사의 편리한 바이트는 맛이나 영양을 손상시키지 않으면서 PB&J의 클래식한 맛을 즐길 수 있도록 합니다. Smash Bites를 언제 어디서나 맛있고 편리한 간식 솔루션을 위한 선택입니다.","['간식', '바이트', '맛', '단백질', '만족스럽다', '편리하다', '맛있다', '에너지', '푸드', '버터']"
식음료,스낵 및 디저트,과일 및 견과 바,,B01GL47RR2,"Larabar 과일 및 너트 바, 코코넛 크림 파이, 글루텐 프리, 비건, 5 캐럿, 241g",LÄRABAR,20761,20761,4.3,481.0,"진짜로 바를올리세요: 100% 진짜 재료로, 당신이 좋아하는 것으로 바를 높일 수 있습니다! Larabar는 다양한 글루텐 프리, 유제품 및 비건 옵션으로 식사에 좋은 기분을 느낄 수 있는 간단한 간식을 만듭니다 100% 진짜 성분: Larabar 코코넛 크림 파이는 5가지 간단한 성분으로 만들어집니다: 데이트, 무가당 코코넛, 아몬드, 캐슈 및 엑스트라 버진 코코넛 오일 간편한 식사: 코셔, 유제품 프리, 비건, GMO 프리, 콩 프리, 글루텐 프리 Real Life Call for Real Food: 실생활은 일상 생활을 정복하는 데 도움이 되는 실제 재료가 필요합니다. 편리하게 포장되어 이동 중에도 포장하기에 완벽합니다 구성: 5개의 바가 있는 박스 1개","Larabar는 무가당 과일, 견과류 및 향신료를 맛있게 혼합한 제품입니다. 전체 식품으로 제작되었으며, 각 맛에는 9가지 이상의 성분이 포함되어 있지 않습니다. 자연이 의도한 대로 순수하고 단순합니다. 페이스트리 가게에 들어가는 것으로 알려져 있나요? 코코넛의 맛을 살펴보라고 말하십니까? 그렇다면 Larabar 코코넛 크림 파이가 당신을 위한 음식입니다. 무가당 코코넛, 캐슈, 아몬드를 혼합한 저희 제품은 5g의 섬유질과 오리지널 더 퇴폐적인 기쁨을 대신하는 맛있는 대안을 제공합니다.","['코코넛', '프리', '비건', '글루텐', '성분', '무가당', '크림', '진짜', '식사', '아몬드']"
식음료,스낵 및 디저트,과일 및 견과 바,,B0C3WR7X5G,"Kate's Real Food 유기농 그래놀라 바 - 화이트 초콜릿 마카다미아 (62.4g(2.25온스), 12개 팩) - GMO 프리 천연 콩 프리 귀리가 있는 유기농 에너지 바",Kate's,46923,46923,4.3,2615.0,"고품질 진짜 식품으로 만든 USDA 인증 유기농 우수성 - 유기농 스낵 바로 간식 경험을 향상시키세요. 당사는 유기농 아몬드 버터, 유기농 귀리 및 갈색 쌀 칩과 같은 최고 품질의 유기농 성분이 주입된 바를 만드는 것에 자부심을 가지고 있으며 고에너지 슈퍼푸드로 구동됩니다. 대부분의 그래놀라 바는 백설탕으로 구동되지만, 당사의 바는 유기농 꿀로 하루 종일 움직일 수 있도록 하여 에너지와 필수 영양소의 완벽한 조화를 제공합니다. 건강에 좋은 영양을 공급하고 대부분의 식단을 보완합니다 - 몸에 필요한 건강에 좋은 영양을 제공하기 위해 최선을 다하고 있습니다. 장점이 가득한 이 제품은 글루텐 프리 바뿐만 아니라 GMO 프리, 코셔, 콩 프리 및 모든 천연 맛을 가지고 있습니다. 바 당 균형 잡힌 8g의 단백질을 함유한 이 죄책감 없는 탐닉은 식단에 관계없이 성인을 위한 완벽한 유기농 간식입니다. Kate's와 함께라면 단순한 바가 아니라 웰빙에 대한 헌신의 일부를 얻을 수 있습니다. 자연스러운 맛과 질감 - Kate's Real Food는 미뢰를 자연스럽게 자극하는 간식을 만드는 것에 자부심을 느낍니다. 저희는 달콤한 화이트 초콜릿과 순수한 꿀로 바를 달콤하게 만들고 바닐라 추출물이 살짝 함유되어 있습니다. 모두 유기농 인증을 받았습니다. 이 깨끗하고 진짜 맛은 인공 또는 화학 감미료에 절대 의존하지 않는다는 확신과 함께 여러분의 갈망에 대한 죄책감 없는 해결책입니다. 안심하세요. 한 입 먹을 때마다 거부할 수 없는 훌륭한 천연 맛을 약속합니다. 이동 중에도 최대한의 영양과 편리함 - Kate's 리얼 푸드 바는 영양 요구 사항을 충족하는 완벽한 삶의 동반자입니다. 빠른 간식이 필요하거나 모험을 위한 에너지 킥이 필요하든, 당사의 유기농 그래놀라 바는 이동 중에도 솔루션입니다. 하루 종일 어떤 상황에서도 정복할 준비가 되어 있습니다. 직장 간식 및 학교 급식에 적합합니다. 어디를 가든 영양가 있는 이점을 누릴 수 있습니다. 모험에 연료를 공급하세요. 타협하지 마세요 - 산꼭대기를 정복하는 것부터 근무일 내내 전원을 공급하는 것까지, 당사의 바는 흔들리지 않는 동반자입니다. 저희는 여러분이 몸에 들어가는 것에 대해 깊이 관심이 있다는 것을 이해하며, 매일 최고의 성능으로 작동할 수 있도록 가장 건강하고 영양이 풍부한 간식을 만드는 것을 사명으로 삼았습니다. 당사의 실제 푸드 바는 맛, 영양 및 편리함의 완벽한 균형을 제공하여 연료의 품질을 타협할 필요가 없습니다.",,"['유기농', '영양', '간식', '맛', '프리', '에너지', '완벽하다', '공급', '천연', '푸드']"
식음료,스낵 및 디저트,과일 및 견과 바,,B08C41Q6Z7,"GoMacro Kids MacroBar 유기농 비건 스낵 바 - 오트밀 초콜릿 칩 쿠키 (25.5g(0.9온스) 바, 7개)",,18614,18614,4.4,2905.0,"아이들이 좋아하는 맛: 글루텐 프리 귀리, 바닐라, 유기농 초콜릿 칩, 식물성 단백질 4g, 크리미한 초콜릿 드리즐은 이동 중에도 견과류가 없는 바에서 수제 쿠키의 편안함을 만듭니다! 부모가 신뢰하는 성분: GoMacro 아동용 매크로바는 유기농 인증, 비건, 글루텐 프리, 코셔, GMO 프리, C.L.E.A.N., FODMAP 친화적, 콩 프리, 피키 먹는 사람 승인을 받았습니다. GoMacro KIDS: 간단한 성분과 식물 기반 단백질로 아이들이 활력을 유지할 수 있도록 도와주세요. 부드럽고 씹을 때마다 아이들은 식물 기반 라이프 스타일의 힘을 배웁니다. 책임감 있는 공급: 우리는 자연 식품이 몸과 영혼에 더 건강하다고 믿습니다. 당사는 취향, 인증 및 환경 관리에 대한 높은 기준을 충족하는 공급업체와 협력합니다. 임무에 따른 고단백질 간식: 어머니-딸이 소유한 당사의 사명은 세상에 긍정적인 영향을 미치는 비건 바를 사용하여 균형 잡힌 식물 기반 라이프 스타일에 대한 인식을 전파하는 것입니다.","이동 중에도 가져갈 수 있는 바에서 수제 쿠키의 아늑한 편안함을 선사하세요! 글루텐 프리 귀리를 넣고 바닐라를 뿌린 다음 유기농 초콜릿 칩을 쌓아 지금까지 맛본 최고의 오트밀 초콜릿 칩 쿠키 배치를 제공합니다! 또한, 모두가 좋아할 건강에 좋은 간식을 위해 크리미한 초콜릿 이슬비와 함께 맛있는 음식을 더합니다.","['초콜릿', '프리', '쿠키', '유기농', '식물', '비건', '기반', '글루텐', '단백질', '인증']"
식음료,스낵 및 디저트,과일 및 견과 바,,B0CZ5HVN2K,"스테인리스 스틸 스푼 번들 - 13.5cm - 골드 및 MADEGOOD 유기농 딸기 크리스피 스퀘어, 132.7g(4.8온스), 6개 팩",moofin,32173,32173,,,"비건, 글루텐 프리, 비타민 A, D, E, B6가 함유된 맛있는 크리스피 스퀘어에 빠져보세요. MadeGood 스낵은 땅콩과 견과류가 없는 시설에서 만들어지며 공유를 위한 사려 깊은 재료가 특징입니다. 스트로베리 크리스피 스퀘어에는 6가지 식물성 추출물의 영양소가 포함되어 있습니다. 건강에 좋은 재료로 만들어져 식사 사이에 더 오래 풍성함을 유지합니다. 6개의 개별 포장된 글루텐 프리 스낵 바가 포함되어 건강한 간식을 쉽게 만들 수 있습니다.","스테인리스 스틸 스푼 번들 - 13.5cm - 골드 및 MADEGOOD 유기농 딸기 크리스피 스퀘어, 132.7g(4.5온스), 6개 팩","['스퀘어', '크리스', '딸기', '스낵', '프리', '스테인리스', '스틸', '스푼', '글루텐', '유기농']"
식음료,스낵 및 디저트,과일 및 견과 바,,B01II47Y94,"Bearded Brothers 유기농 비건 단백질 에너지 바 - 글루텐 및 콩 프리 팔레오 | GMO 프리, 저혈당, 식물 기반 단백질, 고섬유질 | 12팩 6가지 맛 버라이어티",Bearded Brothers,44998,44998,4.2,605.0,"비건 홀푸드 바: 깨끗하고 심플하며 유기농 제품으로 정말 맛있습니다. 누구에게나 모두를 위한 완벽한 스낵 바 - 심지어 아이들도 마찬가지입니다! 입에 물을 주는 만족스러운 물기는 이동 중에도 사무실 간식, 하이킹, 도시락 간식, 아침 식사 등에 적합합니다. 이것은 진정으로 당신이 먹고 나눌 때 기분이 좋은 바입니다. 다양한 팩: 마카 초콜릿, 라즈베리 레몬, 블루베리 바닐라, 아몬드 버터 초콜릿, 바닐라 피칸, 코코넛 망고와 같은 다양한 팩으로 모든 맛을 시험해보십시오. Bearded Brothers 유기농 식품 바는 텍사스 오스틴에 기반을 둔 주방 시설에서 수작업으로 제작되어 최고 품질의 건강한 간식을 제공합니다. 유기농 견과류, 씨앗, 과일로 만들어졌으며 그게 전부입니다. 저희 바는 오일, 추출물, 필러, 인공 감미료 또는 현미 시럽이 첨가되지 않은 천연 USDA 유기농 및 검증된 GMO 프리 성분으로 만들어졌습니다. 우수한 성분. 탁월한 맛: 간단한 재료를 사용하여 영양과 풍미가 가득한 맛있는 바를 만듭니다. 모든 바는 고객에게 즐길 가치가 있는 경험을 제공하기 위해 세심하게 포장되어 있습니다. 일상의 모험에 활력을 불어넣으세요: 배낭, 서류 가방, 기저귀 가방, 책상 서랍 또는 체육관 가방에 보관할 수 있는 영양소가 가득한 전체 푸드 바 초크를 만들어 산에서 사무실, 놀이터에 이르기까지 어디를 가든 완벽한 간식을 제공합니다.",,"['유기농', '간식', '맛', '가방', '프리', '바닐라', '맛있다', '성분', '완벽하다', '단백질']"
식음료,스낵 및 디저트,과일 및 견과 바,,B07DWH5QCN,"FODY FOOD COMPANY 아몬드 코코넛 스낵 바, 40g(1.4온스)",Fody,13434,13434,3.7,4.0,아침 식사,아침 식사,"['아침', '식사', '코코넛', '아몬드', '스낵']"
식음료,스낵 및 디저트,과일 및 견과 바,,B0CXF87MCS,"Chia Seed Bars 건강한 스낵 과일 바, 유기농 치아 씨앗 포함, 치아 씨앗 스낵 비건 바, 설탕 무첨가, 식물 기반 스낵 바 (7개, 버라이어티 팩)",FRUIT BOUND,26315,26315,5.0,1.0,천연 성분으로 제작: FRUIT BOUND 치아 바는 최고의 천연 성분으로만 만들어져 건강에 좋고 영양이 풍부한 간식을 제공합니다. 인공 방부제나 첨가물 없음: 저희는 바를 깨끗하게 유지하고 유해한 첨가제나 방부제가 없어 건강한 간식을 선택할 수 있다고 믿습니다. 다양한 취향에 맞는 다양한 맛으로 제공됩니다: 다양한 맛있는 맛 중에서 선택할 수 있어 모두가 즐길 수 있습니다. 건강상의 이점으로 알려진 슈퍼푸드인 치아씨드 함유: 치아씨드는 필수 영양소가 풍부하며 소화 및 심장 건강 개선과 같은 다양한 건강상의 이점과 관련이 있습니다. 편리하고 휴대가 간편한 간식 옵션: 당사의 바는 개별적으로 포장되어 언제 어디서나 빠르고 건강한 간식을 위해 이동 중에도 쉽게 휴대할 수 있습니다.,"FRUIT BOUND Chia Bars를 소개합니다 - 맛있고 영양이 풍부한 간식으로 하루 종일 힘을 공급하는 데 필요한 에너지를 제공합니다. 이 유기농 치아 바는 천연 성분으로 만들어졌으며 인공 방부제나 첨가제가 포함되어 있지 않습니다. 각 바에는 수많은 건강상의 이점으로 유명한 슈퍼푸드인 치아 씨앗의 장점이 가득합니다. 운동 전후에 빠른 픽업이 필요하거나 이동 중에도 맛있는 간식이 필요하든 FRUIT BOUND Chia Bars가 여러분을 보호해 드립니다. 선택할 수 있는 다양한 맛으로 모두가 즐길 수 있는 것이 있습니다. 또한, 이 바는 지속적인 에너지를 제공하고 갈망을 억제하는 데 도움이 되어 간식을 위한 현명한 선택입니다. 그렇다면 맛있고 영양이 풍부한 FRUIT BOUND Chia Bar를 먹을 수 있는데 왜 건강에 해로운 간식 옵션을 선택하시겠습니까? 지금 사용해 보고 모든 입에서 맛과 건강의 완벽한 균형을 발견하십시오.","['간식', '치아', '건강', '선택', '맛', '풍부하다', '맛있다', '건강하다', '스낵', '성분']"
식음료,스낵 및 디저트,과일 및 견과 바,,B07FNCV2KT,"180 Snacks Pre-Meal 스낵 스키니 라이스 바, 히말라야 소금 1팩, 91.3g(3.5온스) (크랜베리 & 아몬드)",,24930,24930,4.4,615.0,"180 Snacks 식사 전 스낵 스키니 라이스 바 신선한 재료와 히말라야 소금으로 제작 글루텐 프리, GMO 프리 인증 퍼프 백미와 말린 과일, 아몬드, 지팡이 슈그라, 팜 오일 주문 당 1팩(바 7개, 91.3g(3.25온스))",,"['히말라야', '프리', '라이스', '소금', '스낵', '스키', '아몬드', '재료', '인증', '오일']"
식음료,스낵 및 디저트,과일 및 견과 바,,B0C7D752K5,"USNUTS 로스트 앤 솔티드 허니 크런치 바 (바 12개/박스, 다양한 팩 (4가지 맛))",Nutty Crunchers,27700,27700,3.6,31.0,천연 성분: 건강한 간식을 위해 천연 성분으로 만든 12개의 바가 포함되어 있습니다. 버라이어티 팩: 입맛을 만족시키기 위해 4가지 맛이 포함되어 있습니다. 휴대용 포장: 각 상자에는 이동 중에도 쉽게 휴대할 수 있는 12개의 바가 포함되어 있습니다. 글루텐 프리: 이 바는 글루텐 프리이며 글루텐에 민감한 사람들에게 적합합니다. 성인용 간식: 성인을 위한 맛있고 영양이 풍부한 간식입니다.,천연 성분: 건강한 간식을 위해 천연 성분으로 만든 12개의 바가 포함되어 있습니다. 버라이어티 팩: 입맛을 만족시키기 위해 4가지 맛이 포함되어 있습니다. 성인용 간식: 성인을 위한 맛있고 영양이 풍부한 간식입니다. 휴대용 포장: 각 상자에는 이동 중에도 쉽게 휴대할 수 있는 12개의 바가 포함되어 있습니다. 글루텐 프리: 이 바는 글루텐 프리이며 글루텐에 민감한 사람들에게 적합합니다.,"['간식', '글루텐', '천연', '휴대', '성분', '프리', '맛', '상자', '건강하다', '만족']"
식음료,스낵 및 디저트,과일 및 견과 바,,B07VBGWNDD,"Skout Organic Apple Pie 아동용 리얼 푸드 바 (6팩) | 아동용 유기농 간식 | 학교 간식 및 점심 간식 | 정제된 설탕 없음 | 비건 및 팔레오 | 글루텐, 유제품, 곡물, 땅콩, 견과류 및 콩 프리",Skout Organic,15442,12866,3.9,34.0,"진짜 음식 바: Skout Organic 애플 파이 아동용 리얼 푸드 바는 1년 365일 애플 파이에 대한 갈망을 억제합니다 이동 중 유기농 간식: 아이들을 위한 6개의 Skout Organic 애플 파이 리얼 푸드 바가 포함되어 있습니다. 학교 간식과 점심 간식으로 훌륭하며 여름 캠프, 야외 오후 및 교수형이 닥칠 때 차 안에 보관할 수 있습니다! 아이들을 위한 유기농 바: 활동적인 아이들(및 부모)에게 완벽한 Skout Organic 리얼 푸드 바는 아몬드, 땅콩, 스낵 견과류, 호박씨 및 기타 유기농 간식을 대체할 수 있습니다 전체 식품 성분: 유기농 대추야자, 유기농 해바라기 씨앗, 유기농 사과, 유기농 호박씨 및 유기농 계피로 제작된 Skout Organic 리얼 푸드 바는 맛있는 식물 기반 간식입니다 주요 알레르기 유발 물질 없음: 이 유기농 바는 아이들을 위한 훌륭한 학교 간식입니다! 이 바는 비건, 글루텐 프리, 유제품 프리, 곡물 프리, 땅콩 프리, 견과류 프리 및 콩 프리 제품입니다","스카우트 유기농에 대해 좋아할 것. 기분 좋게 바삭한 사과와 적절한 양의 따뜻하고 달콤한 계피로 제작된 이 바는 할머니의 사과 파이와 같은 맛입니다. 여러분과 여러분의 가족이 열광할 완벽한 맛, 질감 및 멋짐을 만들기 위해 5가지 재료를 혼합했습니다. 부츠를 신고 스카우트 바를 잡고 트레일을 밟으세요! 유기농 인증 비건 인증 글루텐 프리 인증 코셔 5가지 성분 슈퍼 유미 인증 유기농 인증 비건 인증 글루텐 프리 인증 코셔 단백질 2g 칼로리 80탄수화물 17g 섬유 2g 섬유 2g 설탕 11g 성분 유기 유기 날짜, 유기농 ples, 유기농 해바라기 씨앗, 유기농 해바라기 씨 파우더, 유기농 시나몬. Organic Dates 유기농 사과 유기농 해바라기 씨앗 유기농 계피 SKOUT BAR 단백질: 분리 콩 단백질, 완두콩 단백질 농축액, 분리 유청 단백질, 카제인, 현미 단백질 감미료: 현미 시럽, 스테비아, 설탕 알코올, 꿀, 용설란 넥타, 옥수수 시럽, 에리스리톨, 타피오카 시럽 rbbbbbb: 식물성 글리세린, 대두 레시틴, 타피오카 섬유, 수용성 옥수수 섬유, 해바라기 레시틴, 팜 오일 단백질 2g 칼로리 80탄수화물 17g 섬유 2g 설탕 11g 성분 유기농 날짜, 유기농 사과, 유기농 해바라기 씨앗, 유기농 해바라기 씨 파우더, 유기농 시나몬. Organic Dates 유기농 사과 유기농 해바라기 씨앗 유기농 계피 SKOUT BAR 단백질: 분리 콩 단백질, 완두콩 단백질 농축액, 분리 유청 단백질, 카제인, 현미 단백질 감미료: 현미 시럽, 스테비아, 설탕 알코올, 꿀, 용설란 넥타, 옥수수 시럽, 에리스리톨, 타피오카 시럽 rbbbbbb제품: 식물성 글리세린, 대두 레시틴, 타피오카 섬유, 가용성 옥수수 섬유, 해바라기 레시틴, 팜 오일","['유기농', '단백질', '프리', '간식', '해바라기', '섬유', '인증', '시럽', '사과', '푸드']"
식음료,스낵 및 디저트,과일 및 견과 바,,B07VDMJLJ9,"SKOUT Organic Blueberry Blast 아동용 바, 144.6g(5.1온스)",Skout Organic,15498,15511,3.4,90.0,코셔 유기농 글루텐 프리 비건 식물 기반,"SKOUT 유기농에 대해 좋아할 것. 통통하고 익은 블루베리와 약간의 레몬으로 제작된 블루베리 블래스트 아동용 스낵 바는 농장에서 7월 말 블루베리 따기를 연상시킵니다. 5가지 유기농 재료를 간단히 혼합하면 이 세상에서 벗어난 블루베리의 장점을 만들 수 있다는 것을 누가 알았을까요?! 유기농 인증 비건 인증 글루텐 프리 인증 코셔 5가지 성분 슈퍼 유미 인증 유기농 인증 비건 인증 글루텐 프리 인증 코셔 단백질 2g 칼로리 80탄수화물 17g 섬유 2g 섬유 2g 설탕 11g 성분 유기농 날짜, 유기농 날짜, 유기농 베리, 유기농 해바라기 버터, 유기농 해바라기 씨 단백질 파우더, 유기농 레몬 주스 농축액. Organic Dates 유기농 블루베리 유기농 해바라기 씨앗 유기농 레몬 SKOUT BAR 단백질: 콩 단백질, 분리 완두콩 단백질 농축액, 분리 유청 단백질, 카세인, 현미 단백질 감미료: 현미 시럽, 스테비아, 설탕 알코올, 꿀, 아가베 넥타, 옥수수 시럽, 에리스리톨, Tape. ioca Syr업 결합제: 식물성 글리세린, 대두 레시틴, 타피오카 섬유, 수용성 옥수수 섬유, 해바라기 레시틴, 팜 오일 단백질 2g 칼로리 80탄수화물 17g 섬유 2g 설탕 11g 성분 유기농 날짜, 유기농 블루베리, 유기농 해바라기 버터, 유기농 해바라기 씨 단백질 파우더, 유기농 레몬 주스 농축액. Organic Dates 유기농 블루베리 유기농 해바라기 씨앗 유기농 레몬 주스 SKOUT BAR 단백질에서 찾을 수 없는 것 단백질: 분리 콩 단백질, 완두콩 단백질 농축액, 분리 유청 단백질, 카제인, 현미 단백질 감미료: 현미 시럽, 스테비아, 설탕 알코올, 꿀, 아가베 넥타, 옥수수 시럽, 에리스라이트. olololol,olol시럽 결합제: 식물성 글리세린, 대두 레시틴, 타피오카 섬유, 수용성 옥수수 섬유, 해바라기 레시틴, 팜 오일","['유기농', '단백질', '해바라기', '인증', '블루베리', '섬유', '시럽', '레몬', '레시틴', '설탕']"
식음료,스낵 및 디저트,과일 및 견과 바,,B005P0IW00,"LRABAR 애플 파이 맛 식물 기반 스낵 푸드 바, 1.6개입",,51231,51231,3.6,27.0,애플 파이 맛: 한 입 먹을 때마다 애플 파이의 맛있는 맛을 즐기세요. 식물 기반 단백질: 식물 기반 공급원에서 필요한 단백질을 얻으십시오. 16개 파우치: 편의를 위해 16개의 개별 포장된 바가 포함되어 있습니다. 45.4g(1.6온스) 바: 각 바는 만족스러운 간식을 위해 45.4g(1.6온스)입니다. LaraBar 브랜드: 고품질 식물 기반 간식으로 유명한 LaraBar 회사에서 제작했습니다.,"퍼지 브라우니처럼 탐닉합니다. 풍부한 향기는 순수 유기농 초콜릿과 감미로운 캐슈에서 비롯됩니다. 아몬드, 호두, 카카오 원두의 만족스러운 크런치입니다. 기타 장점: 천연 섬유 5g, 권장 일일 섭취량의 20% 이상, 아몬드 3g의 오메가 6 필수 지방산 및 비타민 E. 데이트는 13가지 필수 비타민과 미네랄에 기여하며 캐슈넛은 철분, 아연 및 B 비타민이 풍부합니다. 브라우니가 당신에게 이렇게 좋을 수 있다는 것을 누가 알았나요?","['기반', '식물', '애플', '맛', '비타민', '파이', '아몬드', '단백질', '만족스럽다', '브라우니']"
식음료,스낵 및 디저트,과일 및 견과 바,,B09H9GP9Z6,"Simple Mills 아몬드 밀가루 스낵 바, 땅콩 버터 초콜릿 칩 - 글루텐 프리, 유기농 코코넛 오일로 제작, 아침 식사 바, 건강한 간식, 팔레오 친화적, 170g(6온스) (6팩)",Simple Mills,60926,60926,3.2,3.0,"Simple Mills 아몬드 가루 땅콩 버터 초콜릿 칩 바 6박스를 받으세요. 맛있는 초콜릿과 땅콩 버터 맛이 나는 바는 이동 중에도 완벽한 간식입니다 영양이 풍부한 바 재료를 살펴보세요. 이 맛있는 간식을 위한 영양소 밀도가 높고 목적에 맞는 성분 목록. Simple Mills. 아이폰, 아이패드, 안드로이드 또는 노트북에서 아래로 스크롤하여 다른 소비자가 우리의 섬세한 맛을 어떻게 평가하는지 확인하세요! 인공적인 것은 없습니다. 식료품 저장실을 비축하기에 적합하며 에너지를 얻고 생산성을 높이는 좋은 방법입니다 간단한 성분으로 제작, 글루텐 프리, GMO 프리, 그레인 프리, 옥수수 프리, 팔레오 친화적, 식물 기반","Simple Mills 간단하고 맛있는 진짜 음식을 통해 삶과 몸을 풍부하게 합니다. 당사는 현재 맛이 좋고 장기적으로 몸에 영양을 공급하는 음식을 제공하여 건강한 선택을 쉽게 하기 위해 노력합니다. 저희는 여러분이 성분을 인식하지 못하면 몸도 그렇지 않을 것이라고 믿습니다. 그래서 저희는 여러분에게 영양을 공급하는 것만을 포함하여 목적을 가지고 직접 선택합니다. 인공적인 것은 없습니다. 건강이 더 크고 열정으로 가득 찬 삶을 가능하게 한다고 믿기 때문에 우리는 음식이 만들어지는 방식에 긍정적인 영향을 미치기 위해 여기에 있습니다. 깨끗하고 영양이 풍부한 음식으로 더 큰 삶을 살 수 있습니다. 매우 간단합니다. 음식은 기분을 변화시킬 수 있는 능력을 가지고 있습니다. 우리는 기준을 높이고 있습니다. 음식이 맛있고 영양이 풍부하여 번성할 수 있다는 기대를 높입니다. 모든 Simple Mills 제품은 북미(미국 및 캐나다)에서 제작됩니다. Simple Mills 웹사이트에서 뉴스레터에 가입하여 최신 뉴스, 건강 팁 및 레시피를 확인하거나 제품 제목의 파란색 Simple Mills Store 방문 링크를 클릭하십시오.","['음식', '영양', '프리', '풍부하다', '맛있다', '성분', '초콜릿', '땅콩', '몸', '제작']"
식음료,스낵 및 디저트,과일 및 견과 바,,B087YR86Z6,"Skout Organic 초콜릿 땅콩 버터 아동용 스낵 바 (18팩) | 유기농 아동용 스낵 바 | 식물 기반 영양, 비건 | 글루텐, 유제품, 곡물 및 콩 프리",Skout Organic,31841,31841,4.1,35.0,"유기농 아동용 스낵 바: 크리미한 땅콩 버터에 초콜릿을 섞는 것보다 훨씬 좋지는 않습니다. 디저트, 간식 시간, 아침 식사 … 4가지 재료만 있으면 이 바 중 하나를 즐기기 위해 변명의 여지가 없습니다! 맛 프로필: 풍부한 초콜릿과 부드럽고 크리미한 땅콩 버터. 맛있는 초콜릿 웨이브의 배럴을 타고 미각에 그들이 찾고 있던 스릴을 선사하세요!",,"['초콜릿', '아동', '버터', '땅콩', '스낵', '유기농', '크리미', '맛있다', '부드럽다', '변명']"
식음료,스낵 및 디저트,과일 및 견과 바,,B0B48MWG6K,"Truvani 식물 기반 스낵 바 - 코코넛 캐슈 전용 바 - USDA 인증 유기농, 비건, GMO 프리, 유제품, 콩 및 글루텐 프리 (12개, 1팩)",Truvani,49846,49846,4.1,1067.0,"고품질 성분: The Only Bar가 특별한 이유는 무엇입니까? 저희는 간단한 재료를 사용합니다. 모든 일반 주방에서 찾을 수 있는 재료입니다. USDA 인증 유기농: 천연 향료? 고도로 정제된 설탕? 콩 레시틴? 아니면 다른 저렴한 필러? 안 돼요! The Only Bar는 글루텐 프리, 유제품 프리, 비건, GMO 프리, USDA 인증 유기농의 놀라운 성분으로 만들어졌습니다",,"['프리', '인증', '유기농', '유제품', '콩', '글루텐', '비건', '재료', '성분', '고도']"
식음료,스낵 및 디저트,과일 및 견과 바,,B076CNMTF2,"Larabar Nutritional Bar Apple Pie, 1.60 온스",LÄRABAR,3794,3794,4.6,4.0,"글루텐 프리, 유제품, 콩 프리, 비 그모, 비건, 코셔 라브라바 진품; 설탕이 첨가되지 않음","The foundation of a sound mind, body, and spirit is derived from what you eat - and what you eat is most delicious and satisfying when it's in a whole, natural state. That's why Larabar's Fruit Lovers bars only include simple, real ingredients.","['프리', '콩', '무첨가', '진품', '유제품', '설탕', '비건', '라브라', '글루텐']"
식음료,스낵 및 디저트,과일 및 견과 바,,B09B13XDVT,"Elements Truffles Ayurveda Shakti 바 - 설탕, 견과류, 글루텐 또는 인공 성분이 첨가되지 않은 비건 및 유기농 데이트 에너지 스낵 - GMO 프리 천연 그랩 앤 고 식품 - 초콜릿 코코넛, 12개 팩",Elements Truffles,48461,48461,4.1,11.0,"N INDULGENT TREAT - 3가지 성분의 퍼지 브라우니에서 영감을 받은 이 초콜릿 에너지 바는 단순하고 겸손하지만 맛있습니다. 유기농 대추야자, 카카오 파우더, 분쇄 코코넛만 포함되어 있습니다! 천연 성분 - 각 에너지 바는 우리가 사용하는 천연 성분 덕분에 본질적으로 맛있습니다. 인공적인 것이 없는 이 에너지 연료 간식은 실제 유기농 재료로 만들어졌습니다! 오하스 향상 - 유기농 간식의 핵심 성분은 오하스를 만드는 가장 높은 식품 중 하나로 간주되는 건조 날짜입니다. 당사의 데이트 에너지 바는 에너지와 면역 체계를 향상시키는 데 도움이 됩니다. 모두를 위한 비건 간식 - 더 많은 사람들이 스낵 바를 즐길 수 있도록 견과류, 글루텐, 설탕 및 인공 성분 없이 만들었습니다. 온 가족이 먹기에 완벽합니다! 이동 중 영양 - 개별적으로 포장된 이 한 입 크기의 유기농 비건 간식은 어디에서나 에너지를 보충하기에 적합합니다. 문 밖으로 나가기 전에 팩을 챙기세요!",,"['에너지', '성분', '유기농', '간식', '인공', '비건', '천연', '향상', '견과류', '글루텐']"
식음료,스낵 및 디저트,과일 및 견과 바,,B009XTYEW4,부드러운 세서미 씨드 바 허니 포함,Lambos Bro. S.A-Kalamata,25331,25331,3.5,18.0,참깨: 참깨 포함 꿀: 꿀 맛 소프트 바: 부드러운 질감의 바 파우치 포장: 파우치에 담겨 제공됩니다 성인용 간식: 성인을 위한 맛있는 간식,순 중량 120g,"['파우치', '참깨', '부드럽다', '꿀', '간식', '허니', '포장', '질감', '중량', '인용']"
식음료,스낵 및 디저트,과일 및 견과 바,,B0831VM62S,"Skout Organic 땅콩 버터 초콜릿 칩 아동용 리얼 푸드 바 (6팩) | 아동용 유기농 간식 | 식물 기반 영양, | 비건 | 글루텐, 유제품, 곡물 및 콩 프리",Skout Organic,30165,31855,4.0,29.0,코셔 유기농 글루텐 프리 비건 식물 기반,,"['프리', '아동', '글루텐', '기반', '비건', '식물', '유기농', '영양', '푸드', '유제품']"
식음료,스낵 및 디저트,과일 및 견과 바,,B07RW7RV4K,"KIND Simple Crunch Bars, 땅콩 버터, 198.4g(7온스) (8팩)",,110786,110786,4.5,1154.0,"박스 8개 포함 --> 각 상자(198.4g(7온스)) 트윈 바 파우치 5개 포함 --> 각 트윈 바 파우치(39.7g(1.4온스)) 2개의 바 포함 --> 각 바(19.8g(0.7온스). ***합계: 80 바 (또는) 40 트윈 바*** 간단한 재료. 완벽한 크런치. 유전자 조작 성분이 없으며 통곡물 귀리를 #1 성분으로 특징으로 하는 이 제품은 여러분이 가장 좋아하는 간식이 될 것입니다 글루텐 프리 귀리는 아이들이 좋아할 완벽한 쫄깃한 질감을 만드는 데 도움이 됩니다. 통곡물이 이렇게 맛있을 수 있다는 것을 누가 알았습니까? ! 글루텐 프리, 유전자 변형 성분 없음, 트랜스 지방 0g, 코셔 좋은 섬유질, 저나트륨, 100% 통곡물","바쁜 날은 간단하지 않을 수도 있지만 이제 간식이 될 수 있습니다. 100% 통곡물 귀리, 꿀, 약간의 소금과 같은 7가지 재료만으로 제작된 이 바는 이동 중에도 완벽한 크런치를 제공합니다.","['곡물', '통', '귀리', '성분', '완벽하다', '트윈', '간식', '크런치', '글루텐', '파우치']"
식음료,스낵 및 디저트,과일 및 견과 바,,B0D9MWTYBT,SweetGourmet Boston Baked Beans | Nostalgic Candy 코팅 피너츠 | 0.5kg(1파운드),SweetGourmet,14805,14805,,,바와 자판기에서 흔히 볼 수 있는 바삭하고 달콤한 코팅된 땅콩입니다. 원산지: 미국 파운드당 개수: 약 400 Boston Baked Beans는 콜드 팬 공정을 사용하여 만들어집니다. 이 사탕 만들기 방법은 땅콩을 회전 팬에 섞고 다른 캔디 재료를 천천히 첨가하는 것입니다. 순중량 : 1파운드 (16oz). 재밀봉 가능한 지퍼락 스탠드업 파우치에 포장되어 있습니다.,향수를 불러일으키는 사탕을 좋아하는 사람들은 1930년대로 거슬러 올라가는 캔디 코팅 땅콩 레시피인 SweetGourmet의 보스턴 베이크드 빈을 좋아할 것입니다. 바와 자판기에서 흔히 볼 수 있는 바삭하고 달콤한 코팅된 땅콩입니다.,"['코팅', '땅콩', '달콤하다', '바삭', '자판기', '캔디', '흔하다', '팬', '사탕', '지퍼락']"
식음료,스낵 및 디저트,과일 및 견과 바,,B0D3J5K8HP,"Taste of Nature 무화과 견과류 및 씨앗 스낵 볼 - 모든 유기농, 글루텐 프리 및 GMO 프리 - 비건 친화적 영양 스낵 - 100g 백, 블루베리(6팩)",Taste of Nature,41536,41536,4.6,3.0,"천연 유기농 성분: 신뢰할 수 있는 유기농 농장에서 공급되는 프리미엄 품질의 과일, 견과류 및 씨앗으로 제작되었습니다 글루텐 프리 및 비건: 식이 제한이 있거나 더 건강한 간식을 찾는 사람들에게 적합합니다 풍부한 영양: 필수 미네랄과 비타민이 함유되어 활동적인 라이프 스타일을 지원하고 하루 종일 활력을 유지합니다 편리한 간식 옵션: 언제 어디서나 쉽게 휴대할 수 있습니다 - 출퇴근 중, 사무실 또는 대자연에서 하이킹을 할 때 맛있는 맛 프로필: 달콤하고 견과류 맛이 조화롭게 혼합되어 미뢰를 자극하고 더 많은 갈망을 남깁니다","맛있고 영양이 풍부한 Taste of Nature 과일, 견과류 및 씨앗 스낵 볼에 빠져보세요. 한 입 먹을 때마다 맛과 활력이 완벽하게 조화를 이룹니다. 천연, 유기농, 글루텐 프리 및 비건 재료를 사용하여 세심하게 제작된 이 스낵 볼은 건강에 민감한 개인과 스낵 애호가 모두에게 즐거운 간식입니다. 당사의 스낵 볼은 과일, 견과류 및 씨앗의 맛있는 혼합으로 포장되어 있어 한 입 먹을 때마다 풍미와 에너지를 높이는 영양소를 제공합니다. 이동 중이거나 직장에서 또는 단순히 건강에 좋은 간식을 갈망하든, 이 한 입 크기의 경이로움은 당신의 갈망을 충족시키고 하루를 활기차게 만드는 이상적인 선택입니다.","['스낵', '견과류', '씨앗', '유기농', '프리', '간식', '맛', '갈망', '비건', '영양']"
식음료,스낵 및 디저트,과일 및 견과 바,,B0CZXRCQ9G,"유기농 아동용 스낵 바, 144.6g(5.5온스) - 아동용 파이 스낵 바 | 골든 Ss 스푼 및 영양이 풍부한 진짜 사과 번들, 인공 첨가제 없음, 편리한 포장 (4팩)",moofin,64998,64998,,,"[홈메이드 맛] - 파이 키즈 바로 아이들을 만족시키세요. 진짜 유기농 사과와 계피를 혼합하여 홈메이드 파이 맛을 내고 지저분함을 없애줍니다. [이동 중에도 영양] - 건강한 아이들의 과일 바는 필수 비타민과 섬유질이 풍부합니다. 이 아동용 영양 바는 학교, 스포츠 및 놀이 시간 모험을 위한 완벽한 연료입니다. [ 간식 솔루션] - 당사의 아동용 아침 식사 바는 인공 첨가물 없음, GMO 프리, 글루텐 프리, 유제품 프리 제품입니다. 저희 바는 걱정 없는 건강한 바를 제공합니다. [아이들이 좋아하는 맛] - 이 아동용 아침 식사 바는 부드럽고 쫄깃하며 파이의 장점으로 가득합니다. 이 아동용 바 건강 간식은 가장 까다로운 사람들도 이길 것입니다. [간식 시간의 편리함] - 아동용 스낵 바는 아이들을 위해 개별적으로 포장된 과일 바로 삶을 더 쉽게 만들어 주며, 빠른 아침 식사 또는 이동 중 간식에 이상적입니다.","과일의 장점이 바의 편리함과 만나는 스낵 바의 영역으로 들어가세요. 저희는 아동용 스낵 바, 특히 유기농 키즈 바의 맛으로 솔루션을 만들었습니다. 수제 파이를 컴팩트하고 어린이 친화적인 형태로 캡슐화합니다. 이 '아동용 스낵 바'는 '스낵 바 벌크' 시장에 추가될 뿐만 아니라 '과일 스낵 바'가 자연스러우며 풍미가 풍부하며 영양소가 풍부해야 한다는 증거입니다. 아이들이 좋아할 간식으로, 건강에 대한 가치와 일치합니다. 이것이 바로 '천연 스낵 바'와 함께 제공하는 것입니다. 각 '영양 스낵 바'는 재료의 보물창고로, 아이들이 필요로 하는 에너지와 생계를 제공하도록 설계되었습니다. '건강한 스낵 바'는 판도를 바꾸는 제품입니다. 각 팩에는 4개의 개별 포장된 '스낵 바 건강' 옵션이 포함되어 있어 바쁜 부모를 위한 완벽한 솔루션입니다. 이 바는 진짜 유기농 사과, 계피 촉감, 인공적인 것이 없어 모든 물기가 맛있습니다. 하지만 맛이 아닙니다. 품질에 대한 당사의 헌신은 이 바에 GMO 프리, 글루텐 프리, 유제품 프리, 인공 첨가제가 없음을 의미합니다. 신뢰할 수 있는 간식, 자녀의 건강과 웰빙을 지원하는 간식, 만족스러운 만큼 편리한 간식입니다. 그렇다면 왜 기다려야 할까요? 아이들이 기대할 수 있는 맛있고 영양이 풍부한 간식을 선물하세요. 유기농 키즈 바의 즐거운 맛에 빠져들게 하고 건강하고 편리한 바에서 파이의 맛을 맛보는 것을 지켜보세요. 간식 시간을 재정의할 시간입니다. 모든 바가 건강하고 행복한 아이들을 향한 발걸음입니다.","['스낵', '간식', '아동', '맛', '파이', '프리', '영양', '건강하다', '유기농', '풍부하다']"
식음료,스낵 및 디저트,과일 및 견과 바,,B074V14KT5,"88 Acres, 트리플 베리 블렌드 시드 바, 45.4g(1.6온스)",88 Acres,16398,16398,4.0,54.0,"좋은 영양과 크랜베리, 블루베리, 건포도의 조화로 하루 더 '트리플 위협'이 될 수 있습니다. 당사의 시드 바는 간단하고 건강에 좋은 재료를 사용하여 소량으로 수작업으로 제작되어 모든 사람이 즐길 수 있는 맛있는 간식을 만듭니다. 88 Acres 바는 사랑하는 사람들과 나눌 수 있는 완벽한 겨울 간식이며, 이동 중에도 즐기고, 학교와 직장에 가져오고, 도시락에 추가하는 등의 용도로 사용할 수 있습니다! 운동 선수, 저식품 다이어트, 비건 및 잡식성 동물 모두에게 적합합니다. 가장 흔한 8가지 식품 알레르기 유발 물질 없음 - 글루텐 프리, 견과류 프리, 땅콩 프리, 유제품 프리, 콩 프리, 참깨 프리. 플러스 - GMO 프리, 비건, 학교 안전.","오리지널 맛인 트리플 베리는 뉴잉글랜드의 토종 과일에서 영감을 얻었습니다. 이 쫄깃하고 영양이 풍부한 바는 할머니의 여름 파이의 맛과 추억을 떠올리게 합니다. 크랜베리, 블루베리, 잔테 커런트가 완벽한 양의 계피와 조화를 이루어 집에서 만든 맛을 선사합니다.","['프리', '맛', '트리플', '영양', '시드', '완벽하다', '사람', '비건', '블루베리', '베리']"
식음료,스낵 및 디저트,단백질바,,B0CPL363V2,"BPN Go Bar, 귀리 기반 지구력 트레이닝 바, 탄수화물 36g 및 바 당 200칼로리, 박스당 12바, 오리지널 귀리",,41536,41536,4.8,24.0,"BPN GO BAR: 지구력 훈련을 위해 몸에 연료를 공급하는 가벼운 귀리 기반 바. 각 바에는 36g의 탄수화물과 200칼로리가 있습니다. 오리지널 귀리, 박스당 12개의 바 귀리 기반 탄수화물 옵션: 연료를 위해 액체보다 고체를 선호한다면 이것이 바로 당신을 위한 바입니다. 신뢰할 수 있는 에너지 원을 제공하기 위해 간단한 재료로 제작되었습니다 사용 방법: 훈련 전, 도중 또는 후에 섭취하여 빠르게 작용하고 쉽게 소화할 수 있는 에너지원을 제공합니다. 지구력 연료 또는 단순히 훌륭한 간식 타사 테스트 완료: Informed Sport 인증 제품은 금지 물질에 대해 매 배치마다 테스트됩니다 BARE PERFORMANCE NUTRITION: 당사는 훈련, 영양 및 보충으로 다른 사람들이 최고 수준의 피트니스에 도달하도록 돕는 데 열정을 가진 주도적인 리더 팀입니다. 우리는 ""GO ONE MORE""라는 모토 뒤에 살고 훈련합니다",,"['귀리', '훈련', '탄수화물', '지구력', '기반', '연료', '테스트', '칼로리', '박스', '에너지']"
식음료,스낵 및 디저트,단백질바,,B0CVNCJKJJ,"ONE Protein Bars, Reese's 땅콩 버터 애호가, 글루텐 프리, 단백질 18g 및 설탕 3g, 식료품 저장실 스테이플, 60g(2.1온스) (12개)",ONE,41536,41536,4.2,149.0,"60.1g(2.3온스) ONE REESE'S 땅콩 버터 애호가 맛에서 영감을 받은 단백질 바 12개 포함 아침이나 점심에 단백질이 가득한 ONE REESE의 땅콩 버터 맛 바를 즐기거나 운동 전후 간식을 위해 사무실이나 체육관에 가져가세요 18g의 단백질과 3g의 설탕이 함유된 글루텐 프리 단백질 바 ONE 단백질 바는 가족 모임, 생일 축하 및 그 사이의 모든 평범한 날에 즐기기에 적합합니다 ONE 단백질 바로 달콤하고 견과류 REESE의 땅콩 버터 맛을 즐기세요 하이킹, 여행 중 또는 집에서 편리한 간식이 필요할 때마다 ONE 단백질 바에서 한 입 먹어 보세요","모든 땅콩 버터 애호가를 부르는 지금은 견과류를 먹을 시간입니다! ONE REESE의 땅콩 버터 애호가 맛에서 영감을 받은 단백질 바의 힘으로 운동이나 업무에 활력을 불어넣으세요. 각 글루텐 프리 단백질 바는 18g의 단백질과 3g의 설탕으로 완성된 땅콩 버터 맛으로 가득합니다. 아침이나 점심을 위한 빠른 옵션이 필요하거나 저녁 식사 후 달콤한 간식을 원하든, 힘든 운동을 원하든, 이 단백질 바는 작업에 달려 있습니다. 운동 후 빈손으로 잡히지 마세요! 달콤하고 짠 REESE의 땅콩 버터 맛으로 가득 찬 ONE 단백질 바 한 줌으로 식료품 저장실, 백팩 및 책상 서랍을 보관하세요. 하이킹을 하거나 스포츠 경기를 하거나 심부름을 할 때 집 밖으로 나가는 길에 바를 잡으세요. 관대한 느낌? ONE REESE의 땅콩 버터 맛 글루텐 프리 단백질 바로 18g의 단백질, 3g의 설탕 및 맛있는 맛을 친구, 가족 또는 체육관 친구에게도 사랑을 나누고 대접하세요. 어디로 가든 단백질로 포장된 ONE 바로 정면으로 해결할 수 있습니다.","['단백질', '버터', '땅콩', '맛', '글루텐', '설탕', '운동', '프리', '애호가', '간식']"
식음료,스낵 및 디저트,단백질바,,B01N16U5PC,"One 단백질바, 벌스데이 케이크(Birthday Cake), ISS1015/200/115, 1, 1",,41536,32782,4.4,27695.0,"ISS One, 레몬 케이크(Lemon Cake) 12개 - 62.4g 단백질바.","고객님께서 찾은 제품입니다. 간식에 관해서는, 우리 모두는 완벽한 조화를 누릴 자격이 있습니다. 20g의 단백질, 단 1g의 설탕과 사실이 아니기 좋은 완전히 풍부한 맛으로 필드를 플레이하는 날은 공식적으로 끝났습니다! 강력하고 맛있고 죄책감 없는 탐닉. 축하합니다. ONE","['단백질', '케이크', '필드', '맛있다', '강력하다', '공식', '탐닉', '생일', '레몬']"
식음료,스낵 및 디저트,단백질바,,B00COR12TU,"Bonk Breaker 식물 기반 단백질 바, 글루텐 프리, 유제품 프리, 단백질 13g, 땅콩 버터 및 젤리 맛, 62g 바 (12팩)",,45705,45705,4.3,343.0,"땅콩 버터와 젤리 맛 단백질 바: Bonk Breaker 식물성 단백질 바, 땅콩 버터 및 젤리 맛 12팩 포함 식물 기반 단백질 바: 큰 날을 위해 제작되었으며, 균형 잡힌 에너지를 제공하고 운동 후 회복을 돕는 2:1 탄수화물 대 단백질 비율을 위해 실제 식품 에너지 바에 13g의 단백질을 첨가했습니다 건강한 성분: 당사의 단백질 바는 글루텐 프리, 유제품 프리, GMO 프리 제품으로 발음할 수 있고 소화하기 쉬운 건강한 성분으로 만들어졌습니다 Delicious Sports Nutrition Protein Bars: 실제 식품 에너지, 식물 기반 단백질, 복합 탄수화물 및 좋은 지방을 결합하여 지속적인 에너지를 제공하고 운동 후 회복을 지원합니다 모든 운동 선수를 위한 단백질 바: 사이클링, 달리기, 철인 3종 경기 및 팀 스포츠를 위한 완벽한 이동 간식",,"['단백질', '프리', '에너지', '땅콩', '버터', '식물', '맛', '기반', '젤리', '운동']"
식음료,스낵 및 디저트,단백질바,,B0C4V2ML1C,"FITCRUNCH 스낵 사이즈 단백질 바, Robert Irvine 디자인, 6겹 베이킹 바, 설탕 3g, 글루텐 프리 및 소프트 케이크 코어 (9개, 맛 애호가)",Fit Crunch,27409,27409,4.3,9906.0,단백질 16g 설탕 3g 190칼로리 글루텐 프리 셰프 제작 독특한 6겹 베이크드 바,셰프 Robert Irvine의 FITCRUNCH는 그 어느 때보다 단백질을 더 즐겁게 섭취할 수 있도록 합니다. 세계적으로 유명한 셰프이자 FITCRUNCH 소유자인 Robert Irvine의 다양한 맛있는 제품으로 당신의 욕구를 충족시키세요.,"['셰프', '단백질', '프리', '설탕', '글루텐', '칼로리', '즐겁다', '베이크드', '독특하다', '디자인']"
식음료,스낵 및 디저트,단백질바,,B0D6PFVT92,"Anabar 단백질 바, 단백질 포장 캔디 바, 놀라운 시음 단백질 바, 설탕 알코올 없음, 실제 음식, 놀랍도록 맛있음, 단백질 20g (12바, 땅콩 버터 죽음)",FINAL BOSS PERFORMANCE ANABAR,55386,55386,4.3,810.0,"상자 당 12개의 초콜릿으로 덮인 단백질 팩 바. 어린이 승인 맛 및 질감: 단백질 바가 캔디바처럼 맛이 나면 모든 ""간식""이 디저트처럼 느껴집니다! 전통적인 단백질 바는 ""보기"" 부분이지만 맛 부문에서는 부족합니다. 아나바를 도시락이나 책가방에 넣으면 학생이 한 입 먹을 때마다 21g의 단백질을 섭취하고 있다는 확신을 가질 수 있습니다! 100% 정품 초콜릿 코팅: Anabar의 진짜 성분을 믿으며 초콜릿 코팅에 관해서는 예외가 없습니다. 다른 브랜드는 초콜릿과 단백질을 결합하여 초콜릿과 실망과 같은 맛이 없는 프랑켄슈타인 혐오감을 만들려고 시도하는 ""초콜릿 하이브리드""를 사용합니다. Anabar는 그런 일을 하지 않습니다. 모든 초콜릿은 100% 입안에서 녹는 정품입니다 모든 바에 20g의 단백질: Anabar는 닭 가슴살 113.4g(4온스)의 단백질과 좋아하는 캔디 바만큼 맛있는 맛을 함유하고 있습니다! 근육 성장을 지원하기에 충분한 단백질을 섭취하는 것이 이렇게 맛있고 편리한 적이 없었습니다! 위장에서 쉬움: 우리는 설탕 알코올이나 이상한 섬유질로 아나바를 달지 않습니다. 대신, 저희는 보다 자연스러운 접근 방식을 취하고 리얼 허니를 사용하여 모두가 좋아하는 달콤한 맛을 만듭니다! 이렇게 하면 더 많은 맛을 얻을 수 있으며 복통이나 소화 불량으로 시간을 줄일 수 있습니다! 완벽한 간식 또는 식사 대체품: 바쁜 하루를 보내거나 음식을 주문할 시간이 없거나 가방에 넣을 수 있는 빠른 고단백 간식을 찾고 계신다면, Anabar가 도와드리겠습니다! 각 바는 초콜릿으로 코팅되어 있으며 좋아하는 죄책감을 주는 음식으로 채워져 있습니다! Snack Time은 이렇게 좋은 맛을 본 적이 없습니다!",,"['단백질', '맛', '초콜릿', '코팅', '맛있다', '간식', '음식', '캔디', '정품', '설탕']"
식음료,스낵 및 디저트,단백질바,,B094XB1G8J,"Lenny & Larry's Cookie-fied Bar, 쿠키 & 크림, 45g - 식물 기반 단백질 바, 비건 및 GMO 프리 (9팩)",,29320,29320,4.3,4396.0,"쿠키 파이드 바: 바삭한 쿠키 비트로 가득 찬 부드럽고 쫄깃한 바에 식물성 단백질을 편리하게 공급합니다. 식물 기반 단백질: 식물 기반 단백질 12g과 섬유질 5g을 함유한 Cookie-fied Bar는 건강에 좋은 간식을 위한 독특하고 쫄깃하고 바삭한 선택입니다. 맛있는 맛: 쿠키 & 크림 맛은 달콤한 화이트 칩과 시그니처 쿠키 조각으로 채워진 부드럽고 쫄깃한 풍부한 초콜릿 바입니다. 풍부한 초콜릿과 달콤한 크리미한 맛의 완벽한 균형을 이룹니다. 더 나은 제품: Cookie-fied Bar는 글루텐 프리, 비건, GMO 프리 프로젝트 인증을 받았으며 콩 성분, 고과당 옥수수 시럽, 인공 감미료 또는 설탕 알코올을 포함하지 않습니다.","쿠키 앤 크림 쿠키 파이 바는 달콤한 화이트 칩과 시그니처 쿠키 조각으로 채워진 부드럽고 쫄깃한 풍부한 초콜릿 바로, 입에 맛있는 맛과 재미있고 바삭한 쿠키 비트를 폭발적으로 제공합니다. 풍부한 초콜릿과 달콤한 크리미한 맛의 완벽한 균형.","['쿠키', '맛', '단백질', '초콜릿', '쫄깃', '풍부하다', '달콤하다', '프리', '부드럽다', '식물']"
식음료,스낵 및 디저트,단백질바,,B0D88PV8X3,"Huel Complete Nutrition 비건 단백질 바 | 다크 초콜릿 라즈베리 | 단백질 13g, 비타민 및 미네랄 27개, 설탕 2g, GMO 프리, 100% 식물 기반 스낵 | 12팩",Huel,55386,55386,4.1,140.0,"완벽한 영양 바: 부드러운 캐러멜 층이 있는 비건 코코아 코팅으로 감싸진 영양학적으로 완벽한 바. 단백질과 섬유질이 풍부한 27가지 필수 비타민과 미네랄을 모두 함유한 당사의 새로운 바는 달콤한 치아를 만족시키고 고품질 영양으로 몸에 영양을 공급하는 완벽한 간식입니다. 150가지 건강 및 웰빙 장점: 당사의 완벽한 영양 바는 피로를 줄이기 위한 철분, 면역력을 지원하는 비타민 A, 건강한 피부를 위한 아연, 소화 지원을 위한 섬유질과 같은 필수 영양소로 가득합니다. 언제든지 즐기세요: 당사의 완벽한 영양 바는 배가 고프고 영양 부스트가 필요한 하루 중 언제든지 적합합니다. 사무실, 캠퍼스, 집, 체육관, 이동 중 또는 야식 간식으로 어디에서나 즐기세요! 넌센스 없음: 동물성 부산물, GMO 프리, 인공 향료 또는 색소 없음. HUEL: (휴먼 + 연료)는 2015년에 임무를 수행하면서 시작되었습니다. 동물과 환경에 미치는 영향을 최소화하면서 영양학적으로 완벽하고 편리하며 저렴한 음식을 만듭니다.",,"['영양', '완벽하다', '비타민', '단백질', '영양학', '비건', '프리', '미네랄', '섬유질', '필수']"
식음료,스낵 및 디저트,단백질바,,B01D2ZNLK0,"Muscle Pharm 컴뱃 크런치 보충제, 12개입, FID33220, 1, 1",Muscle Pharm,48461,48461,4.3,507.0,"연료 성능 및 전투 갈망: 수상 경력에 빛나는 MusclePharm 컴뱃 스포츠 바와 우수한 맛과 균형 잡힌 영양의 조합으로 빠져보세요. 20g의 프리미엄 단백질로 고성능 라이프 스타일의 에너지 요구를 충족시킵니다. 기분 좋게 쫄깃하고 바삭함: Combat Sport Protein Bar는 질감의 교향곡입니다. 바삭하고 쫄깃한 맛의 즐거운 균형을 위해 완벽하게 부드럽게 구워졌습니다. Athletes Protein Bar: 더 많은 것을 요구하는 운동 선수를 위해 당사의 고단백 바는 최고급 유청 단백질로 구동되는 탁월한 매크로 프로파일과 치커리 루트의 프리바이오틱 섬유의 균형 잡힌 부스트를 제공하여 소화와 포만감을 지원합니다. 영양 성분: 12개의 전투 스포츠 바가 포함되어 있으며, 각 제품은 단백질 20g, 섬유질 5g 및 250칼로리, 글루텐 프리 단백질 바, 초콜릿 케이크 맛을 제공합니다. 잠재력을 발휘하세요: 저희는 운동 선수들이 위대함을 달성할 수 있도록 힘을 실어줍니다. 과학을 뒷받침하는 첨단 포뮬러는 성능을 최적화하고 회복을 돕고 한계를 재정의할 수 있는 도구를 제공합니다.",,"['단백질', '맛', '균형', '바삭', '쫄깃', '운동', '컴뱃', '요구', '선수', '영양']"
식음료,스낵 및 디저트,단백질바,,B0DCR14R2H,"FINi 단백질-에너지 바 - 기능성 감미료 연료 공급 (12개, 초콜릿)",Biotest,46148,46148,,,"FINi 단백질-에너지 바 - 기능성 감미료가 함유되어 강렬한 운동, 경기 및 회복에 필요한 성능과 에너지 요구 사항을 지원합니다. * 분리 유청 단백질: 분리 유청 단백질은 류신이 함유되어 빠르게 흡수되며 근육 단백질 합성을 빠르게 향상시킵니다. Tipton K (2004), Tang J (2009), Boirie Y (1997), West D (2011), Tang J (2009), Pennings B (2012)* 미셀라 카제인: 아미노산을 안정적으로 공급하고 근육 단백질 합성을 장기간 유지합니다. Boirie Y (1997), Dangin M (2002), Tipton K (2001), Reitelseder S (2011)* Isomaltulose: 지속적인 에너지를 제공하고 체중 관리를 지원하며 신진 대사 건강을 향상시킵니다. 코니그 D (2016, 2012), 고메즈 C (2017), 리나 B (2002)* 수분 공급 지원: FINi Bar의 에너지는 장시간 활동 중에 전반적인 수분 공급에 기여합니다. Konig D (2016)* *이 설명은 미국 식품의약국의 평가를 받지 않았습니다. 이 제품은 질병을 진단, 처치, 치료 또는 예방하기 위한 것이 아닙니다.",,"['단백질', '에너지', '공급', '유청', '근육', '분리', '빠르다', '수분', '감미료', '합성']"
식음료,스낵 및 디저트,단백질바,,B00EUVI78C,"FITCRUNCH 풀 사이즈 단백질 바, Robert Irvine 디자인, 6겹 베이킹 바, 설탕 6g, 글루텐 프리 및 소프트 케이크 코어(땅콩 버터)",Fit Crunch,52616,52616,4.5,3790.0,단백질 30g 설탕 6g 글루텐 프리 독특한 6겹 베이크드 바,,"['프리', '설탕', '단백질', '글루텐', '풀', '베이킹', '베이크드', '코어', '케이크', '소프트']"
식음료,스낵 및 디저트,단백질바,,B0BV4WDBPP,"Honey Stinger 귀리 + 허니 바 | 초콜릿 초콜릿 칩 | 운동, 지구력 및 운동 준비를 위한 에너지 포장 식품 | 스포츠 영양 스낵 바 | 운동 전, 단백질, 글루텐 프리 | 12개 박스",Honey Stinger,47076,47076,4.4,146.0,"맛있는 갓 갈은 땅콩, 건강에 좋은 귀리, 황금 꿀을 함께 섞어 캐러멜로 둘러싸여 있고 구운 그래놀라로 말아서 크리미하고 풍부한 센터를 만듭니다. 하루를 건강하게 시작하는 독특하고 맛있는 방법입니다. 운동 준비: 활동적인 사람들이 운동을 준비할 수 있도록 특별히 제작되었습니다. 몸에 필요한 디자인: 귀리 + 허니 바는 탄수화물과 지방의 혼합물과 단백질 6g의 균형을 유지하여 무겁지 않고 채워줍니다. 입증됨: 1,000개 이상의 프로 및 대학 팀과 한 세대의 지구력 운동 선수가 Honey Stinger 제품을 준비, 수행 및 회복하여 성과 목표를 달성하고 그 과정에서 기분이 좋아집니다. 입증됨: 1,500개 이상의 프로 및 대학 팀과 한 세대의 지구력 운동 선수가 Honey Stinger 제품을 준비, 수행 및 회복하여 성과 목표를 달성하고 그 과정에서 기분이 좋아집니다.",,"['운동', '준비', '귀리', '지구력', '회복하다', '단백질', '세대', '선수', '맛있다', '입증']"
식음료,스낵 및 디저트,단백질바,,B078871FX5,"NEOH 저탄수화물 단백질 캔디 바 - 초콜릿 크런치 - 12팩 - 저칼로리, 저설탕, 글루텐 프리 스포츠 영양 바",,30331,30331,4.1,3322.0,"단백질 함유 간식: 당사의 풍부한 초콜릿으로 덮인 단백질 바는 헬스장 운동이나 아침 달리기 후 몸에 필요한 에너지를 제공합니다 설탕이 낮고 항산화제가 높습니다: NEOH는 항산화 물질로 가득하며 성분은 알칼리성 식단을 지원하며 바는 혈당 지수가 매우 낮습니다 바 당 단 110칼로리: 어서 자신을 대접하세요 - 110 칼로리 바에는 설탕 1g, 단백질 6g, 순탄수화물 3g (총 16g), 단백질 5 공급원이 포함되어 있습니다 죄책감 없는 달콤한 간식: 케토 또는 팔레오 다이어트를 하는 모든 사람에게 완벽한 간식인 저탄수화물 단백질 바는 아침 식사, 늦은 밤 식사 또는 강렬한 운동 후에 적합합니다 NEOH 간식 방법을 시도해보세요: 저희는 설탕과 싸우는 것을 믿으며, 단백질 바에 설탕을 넣을 필요가 없다는 것을 증명하기 위해 여기에 있습니다 - 칼로리가 매우 낮은 천연 설탕의 달콤한 혼합물을 사용합니다",,"['단백질', '설탕', '칼로리', '간식', '낮다', '탄수화물', '아침', '운동', '초콜릿', '달콤하다']"
식음료,스낵 및 디저트,단백질바,,B0DB6HBHQN,"단백질 - 스낵 바, 영양 비타민 바, 5가지 맛 버라이어티 팩 15g 단백질, (10팩)",Generic,34555,34555,2.4,6.0,"단백질 - 스낵 바, 영양 비타민 바, 5가지 맛 버라이어티 팩 15g 단백질, (10팩)","단백질 - 스낵 바, 영양 비타민 바, 5가지 맛 버라이어티 팩 15g 단백질, (10팩)","['단백질', '영양', '스낵', '비타민', '버라이어티', '맛']"
식음료,스낵 및 디저트,단백질바,,B081VTRT5X,"Ready Nutrition CLEAN Bar, 마른 근육량을 위한 단백질 15g, 포만감을 위한 섬유 7g, 근육 형성, 근육 회복 및 체중 감량에 적합 - 버라이어티 팩 (24팩)",Ready,53322,53322,4.4,18.0,고단백 바: 근육 형성 및 회복을 위한 단백질 15g 함유 섬유 바: 포만감과 소화 건강을 위해 7g의 섬유질을 제공합니다 글루텐 프리: 글루텐 프리 및 깨끗한 식단에 적합합니다 버라이어티 팩: 다양한 맛의 바 24개 포함 체중 감량에 적합: 칼로리 부족과 함께 체중 감량에 도움이 됩니다,"선택할 수 있는 2가지 맛 - 초콜릿 땅콩 버터 및 다크 초콜릿 바다 소금 인공 성분 없음, 글루텐 프리, GMO 프리 단백질 15g, 섬유 7g","['프리', '감량', '섬유', '근육', '글루텐', '단백질', '체중', '맛', '버라이어티', '형성']"
식음료,스낵 및 디저트,단백질바,,B017GOYNGO,"Extend Nutrition 1g 설탕 고단백질 바, 성인 및 어린이를 위한 완벽한 당뇨병 간식, 기아 조절 및 안정적인 에너지를 위한 고단백질 바, 저탄수화물, 케토 친화적, 요거트 및 베리, 12개입",,38766,38766,3.9,3762.0,"기아 조절 + 안정적인 에너지: 연장 바는 최대 9시간 동안 혈당을 조절하는 데 도움이 된다는 것이 임상적으로 입증되었습니다. 안정적인 혈당은 식욕 조절과 건강하고 오래 지속되는 에너지의 핵심입니다. 성인 및 어린이를 위한 완벽한 당뇨병 간식: Extend Nutrition의 무설탕 단백질 바는 당뇨병을 위한 최고의 무설탕 간식입니다. 의사와 영양사는 혈당 변화를 줄이고 저혈당 및 고혈당증을 줄이는 데 도움이 되는 혈당 지원을 돕기 위해 저탄수화물 간식을 권장합니다. 대부분의 식단에 적합: 익스텐드 바는 고단백질, 무설탕, 저탄수화물, 저혈당, 글루텐 프리, 저칼로리, 고섬유질, 케토 친화적이며 간헐적 단식에 적합합니다. 각 Extend 무설탕 단백질 바는 단백질 9g, 설탕 1g, 섬유질 7g, 순탄수화물 1개, 150칼로리만 포함되어 있습니다. 천연 성분: Extend Bar의 과학을 뒷받침하는 포뮬러는 이동 중에도 활동적인 라이프 스타일을 위한 훌륭한 맛의 단백질 바를 제공합니다. 고품질 단백질로 만들어졌으며 인공 향료나 감미료(에리스리톨 프리)가 없으며 깨끗하고 만족스럽고 활력을 줍니다. 언제 어디서나 완벽한 바: Extend Bar는 식사 간식, 식사 대체, 운동 전 및 취침 시간 간식 사이에 훌륭한 아침 식사입니다. 훌륭한 맛: 훌륭한 맛은 사람들이 Extend Nutrition 저당 단백질 바를 반복해서 방문하여 매일 건강한 간식 요법의 일부로 즐기는 이유입니다.",,"['단백질', '간식', '혈당', '설탕', '탄수화물', '조절', '훌륭하다', '식사', '완벽하다', '당뇨병']"
식음료,스낵 및 디저트,단백질바,,B0CQPPRZKN,"Quest Nutrition 딥 초콜릿 땅콩 버터 단백질 바, 단백질 18g, 설탕 1g, 순탄수화물 3g, 글루텐 프리, 12개입",Quest Nutrition,41536,36937,4.3,111.0,"QUEST DIPPED 초콜릿 땅콩 버터 단백질 바는 꿈의 맛의 팀입니다. 이 초콜릿과 땅콩 버터 맛 듀오는 18g의 단백질로 가득 찬 다음 초콜릿 이슬비를 얹고 순탄수화물 4g과 설탕 1g을 얹습니다. 언제나 갈망: Quest Dipped Chocolate Peanut Butter Protein Bar는 단백질 간식을 맛있게 만족시키며 많은 설탕이 들어 있지 않아 24시간 달콤한 치아의 갈망을 즐기고 만족시킬 수 있습니다. 고품질 단백질 섭취: 모든 Quest 제품은 고품질 유제품 기반 단백질로 만들어져 몸에 필요한 아미노산을 제공합니다. 서빙 사이즈: 개별적으로 포장된 49.9g (1.75온스) 바가 포함된 12ct 상자에 제공됩니다. 섬유는 당신의 친구입니다: 각 Quest 딥 초콜릿 땅콩 버터 단백질 바는 1회 제공량당 9g의 섬유질을 함유하여 몸에 보다 완벽한 매크로 프로필을 제공합니다. 딥, 드리즐, 맛: Quest는 좋아하는 단백질 바를 가져다가 담갔습니다.","Quest 딥 초콜릿 땅콩 버터 단백질 바. 여러분이 가장 좋아하는 Quest 단백질 바가 이제 담궈졌습니다! 달콤한 초콜릿 코팅으로 담그고 뿌린 땅콩 버터 단백질 바의 맛있고 만족스러운 맛을 즐기세요. 18g의 단백질과 3g의 순탄수화물*으로 연료를 공급하고 초콜릿의 좋은 맛에 담그세요. 백팩에 몇 개, 노트북 가방에 한 개, 차에 몇 개를 더 던지세요. 활력을 주는 Quest 아이스 커피, 거부할 수 없는 퀘스트 프로스티드 쿠키 및 모두가 좋아하는 Quest 단백질 칩을 구입하세요. *칼로리, 총 지방 및 위성 지방 함량에 대한 영양 성분을 참조하십시오.","['단백질', '초콜릿', '땅콩', '버터', '맛', '딥', '설탕', '탄수화물']"
식음료,스낵 및 디저트,단백질바,,B008PK01CY,"Pure Protein 바, 고단백질, 에너지 지원을 위한 영양 간식, 저설탕, 글루텐 프리, 초콜릿 땅콩 버터, 49.9g(1.75온스) (6팩)",Nature's Bounty,14944,14944,4.5,1565.0,"Pure Protein 초콜릿 땅콩 버터, 50g, 6개입 멀티팩","Pure Protein 고단백질 바는 고품질 단백질과 훌륭한 맛의 조합이 특징입니다. 이 밸류 팩에는 6개의 맛있는 초콜릿 땅콩 버터 바가 포함되어 있으며, 각 제품에는 20g의 단백질이 들어 있어 바쁜 하루를 즐겁게 해줍니다. Pure Protein 고단백질 바를 어디에나 가져가서 굶주림이 닥칠 때마다 즐길 수 있는 감각적이고 영양이 풍부한 간식을 즐기세요.","['단백질', '버터', '초콜릿', '땅콩', '영양', '간식', '즐겁다', '맛', '감각', '개입']"
식음료,스낵 및 디저트,단백질바,,B0D22Y33WD,"FITCRUNCH 웨이퍼 단백질 바, Robert Irvine이 디자인, 단백질 16g 및 설탕 4g(바 9개, 민트 초콜릿 칩)",Fit Crunch,30456,30456,4.5,946.0,단백질 16g* 설탕 4g* 셰프 제작,,"['단백질', '설탕', '초콜릿', '제작', '웨이퍼', '셰프', '민트', '디자인']"
식음료,스낵 및 디저트,단백질바,,B08SNPYJJC,"Power Crunch 단백질 웨이퍼 바, 맛있는 맛의 고단백 스낵, 스모어, 39.7g(1.4온스) (12개)",,22146,22146,4.6,1637.0,"맛있는 맛의 유청 단백질 바: Power Crunch 바는 완벽한 단백질 간식입니다. 13g의 단백질과 단 5g의 설탕으로 구성된 S'mores 에너지 바는 이상적인 간식입니다. 신학기에 좋습니다 제품 구성: 12개의 Power Crunch Protein Bars, S'Mores, 각 39.7g(1.4온스) 모든 물기에 만족하는 크런치: Power Crunch 독특한 웨이퍼 단백질 바로, 맛있는 바삭한 웨이퍼로 만들어져 모든 입에 대한 욕구를 충족시키면서 필요한 에너지를 제공합니다! 훌륭한 아침 식사 단백질 바, 스낵 바 및 이동 중에도 어떤 경우에도 사용할 수 있습니다. 다른 어떤 것과도 달리 소화하기 쉬운 간식: Power Crunch 고단백질 바는 고DH 가수분해된 프로토 유청 단백질로 만들어졌습니다. 이것이 스마트 단백질 영양의 정점입니다 가정이나 이동 중에도 완벽한 간식: 이동 중이나 집에서 Power Crunch Protein Bar를 즐기세요. 이 고단백 간식으로 집에서 일하는 동안 갈망을 만족시키세요. 단백질 바와 단백질 간식 비교: Kind Bars, Clif Bars, think!, RXBAR, Lara Bar",Power Crunch 바는 가정이나 이동 중에도 완벽한 단백질 간식입니다. 12-14g의 단백질과 5-8g의 설탕으로 구성된 이 맛있는 유청 단백질 에너지 바는 이상적인 간식입니다. Power Crunch 고DH 가수분해된 프로토 유청 단백질로 완벽한 고단백질 간식을 만듭니다. 단백질을 소화하기 쉬운 Power Crunch 제품은 스마트 단백질 영양의 정점입니다! 당사의 웨이퍼 쿠키와 맛있는 맛 모음은 고단백 바를 먹는 것을 잊게 만들 것입니다.,"['단백질', '간식', '이동', '완벽하다', '유청', '웨이퍼', '맛있다', '에너지', '구성', '단백']"
식음료,스낵 및 디저트,단백질바,,B099FKKRLT,"LyfeFuel 식사 대용 바 - 유기농 슈퍼푸드, 섬유질 및 100% 식물 기반 자연 식품의 21가지 필수 영양소가 함유된 비건 단백질 바 (레몬 생강 타르트 - 10개 박스), 글루텐 프리, 팔레오",LyfeFuel,55330,55330,4.0,93.0,"진짜 전체 음식: 슈퍼푸드 영양으로 가득 찬 스낵 가능한 미니 밀 섬유 바, 이동 중에도 촉촉하고 부드러우며 섬유질이 풍부하여 활력을 불어넣습니다. 맛있고 건강함: 대부분의 아침 식사 및 시리얼 바와 달리, 당사의 비건 바는 설탕 폭탄이 아닌 자연스럽고 포장 가능한 에너지입니다. 한 번만 물면 즉시 푹 빠질 수 있습니다. 100% 식물 기반: 단백질 바는 저당, 맛과 느낌을 주는 슈퍼푸드 성분으로 가득합니다. 21가지 필수 비타민 및 미네랄, 기능성 슈퍼푸드, 11g의 비건 단백질이 들어 있습니다. 굶주림 억제: 유기농 아키란테스 아스페라 씨앗은 에너지를 유지하면서 긴 여행에서 식욕을 억제하기 위해 원주민들이 수 세대에 걸쳐 사용해왔습니다. 넌센스 없음: 변장한 캔디 바인 대부분의 단백질 바와 달리, 저희 식사 바는 설탕이 적고 스테비아가 없으며 설탕 알코올, 인공 향료 또는 방부제를 사용하지 않습니다.",,"['단백질', '푸드', '슈퍼', '비건', '설탕', '식사', '식물', '유기농', '기반', '섬유질']"
식음료,스낵 및 디저트,단백질바,,B089LB36KT,"RXBAR 단백질 바, 버라이어티 팩, 6가지 맛, 51.9g(1.8온스) - 12개입 (1팩)",,41480,41480,4.2,2514.0,"12g의 단백질로 채워진 RXBAR 단백질 바로 몸에 영양을 공급하세요 견과류, 초콜릿, 단백질을 위한 달걀 흰자, 결합할 날짜, 바다 소금의 맛있고 건강에 좋은 균형 글루텐 프리 및 B.S 없이 제작되었습니다. 땅콩, 견과류, 계란, 우유, 콩, 밀을 포함할 수 있습니다. 코셔 파레브 모든 활동적인 라이프 스타일에 훌륭한 추가 아이템으로, 아침, 점심 또는 식사 사이에 이 단백질 바를 구입하세요. 가정, 직장 또는 어디에나 비축하세요 초콜릿 바다 소금 2개, 코코넛 초콜릿 2개, 블루베리 2개, 바나나 초콜릿 월넛 2개, 초콜릿 라즈베리 2개, 바닐라 아몬드 단백질 바 2개, 총 12개의 바가 포함되어 있습니다. 훌륭한 맛과 신선함을 위해 포장되어 있습니다","RXBAR 버라이어티 팩은 베스트셀러 맛을 맛볼 수 있는 완벽한 방법입니다. 완벽한 품종을 한 상자에 담았습니다. 이 RXBAR 단백질 바 버라이어티 팩에는 초콜릿 바다 소금 2개, 코코넛 초콜릿 2개, 블루베리 2개, 바나나 초콜릿 월넛 2개, 초콜릿 라즈베리 2개, 바닐라 아몬드 단백질 바 2개가 포함되어 있습니다. 에너지 부스트가 필요할 때마다 RXBAR Protein Bar를 사용하세요. 아침이나 점심 시간에 즐기세요. 운동을 위해 연료를 공급할 때 단백질 간식으로 만드세요. 직장 또는 여행 가방에 단백질 바를 넣어 이동 중에도 편리하게 먹을 수 있습니다. 여러분이 보는 것은 모든 RXBAR Protein Bar에서 얻을 수 있는 것입니다.","['단백질', '초콜릿', '소금', '맛', '버라이어티', '바다', '견과류', '바나나', '아몬드', '완벽하다']"
식음료,스낵 및 디저트,단백질바,,B0D2PN358L,"think! MINIS 단백질 스낵 바, 글루텐 프리, 초콜릿 아몬드 브라우니, 15개입",think!,20761,20761,4.4,119.0,맛있는 초콜릿 아몬드 브라우니 단백질 바 단백질 6g이 들어 있습니다 섬유질 3g 및 100칼로리 이 미니 바는 쫄깃하고 초콜릿 같은 아몬드 브라우니의 풍부하고 편안한 맛으로 채워져 있습니다,"그래서 저희는 편리하고 맛있고 식사 사이에 계속 갈 수 있는 간식이 있어야 하지 않을까 생각했습니다. 그렇기 때문에 모든 훌륭한 맛을 생각하는 이유입니다!® MINIS 바는 단백질 6g, 섬유질 3g, 100칼로리를 제공합니다. 쫄깃하고 초콜릿 같은 아몬드 브라우니의 풍부하고 편안한 맛으로 채워진 이 바는 식사 사이에 계속 즐길 수 있는 맛있는 방법입니다. *1회 제공량당 총 지방 3.5g 함유.","['브라우니', '초콜릿', '단백질', '아몬드', '맛', '맛있다', '식사', '풍부하다', '편안하다', '칼로리']"
식음료,스낵 및 디저트,단백질바,,B008NU5180,"GFB 글루텐 프리 단백질 바, 오트밀 건포, 58.1g(2온스) (12팩), 비건, 유제품 프리, GMO 프리, 콩 프리",The GFB,41536,41536,4.1,889.0,"12 - 2.8온스 GFB 글루텐 프리 바, 오트밀 건포도 포함 엄청나게 맛있습니다. 단백질 포장. GFB는 단순하고 영양이 풍부한 재료를 식사하는 것을 좋아하는 것으로 결합하여 풍부한 식물 기반 단백질과 함께 강력한 상태를 유지합니다 인증: 글루텐 프리, GMO 프리, 비건, 코셔. GFB 바는 주로 유기농 성분으로 만들어졌으며 섬유질이 좋은 공급원이며 지방이 없고 콩이 함유되지 않았으며, 유제품 무첨가, 계란 무첨가, 밀 무첨가, 락토스 프리, 트랜스 지방 및 콜레스테롤 프리 제품입니다 GFB는 사람, 지구 및 번영의 3중 결론을 가진 공인 B 기업입니다. 모든 제품은 마이애미 주 그랜드 래피드에 있는 지속 가능하게 작동하는 자체 폐기물 없는 시설에서 만들어집니다 할머니의 오트밀 건포도 쿠키를 연상시키는 맛있는 단백질이 가득한 바",,"['프리', '단백질', '글루텐', '첨가', '오트밀', '풍부하다', '비건', '맛있다', '건포도', '콩']"
식음료,스낵 및 디저트,단백질바,,B014NF6S30,"think! 단백질 바, 고단백질 스낵, 글루텐 프리, 무설탕 에너지 바, 분리 유청 단백질, 브라우니 크런치, 인공 감미료가 없는 영양 바, 59.5g(2.1온스) (10개)",,37159,37159,4.3,196.0,20G 단백질: 운동 후 근육이 회복되고 성장하는 데 도움이 되는 훌륭한 단백질 공급원 설탕 0g GMO 프리: 모든 성분은 유전 공학을 사용하지 않고 생산됩니다 글루텐 프리: 글루텐이 포함되어 있지 않습니다 낮은 GI: 천천히 소화되어 혈당 수치가 점진적으로 변화합니다,"Thinkthin 브라우니 크런치 고단백 바는 아몬드 크런치와 초콜릿의 달콤함이 특징인 맛있는 바에 20g의 단백질을 제공하여 배고픔을 퇴치하는 데 도움이 됩니다. 저희는 설탕이나 글루텐이 없는 단백질 바를 만들기 때문에 이러한 성분의 섭취를 제한하는 경우 좋은 선택입니다. 당사의 595.3g(21온스) 상자에는 10개의 59.5g(2.1온스) 바가 포함되어 있으며, 각 바는 230칼로리와 0mg의 콜레스테롤을 포함합니다.","['단백질', '글루텐', '설탕', '프리', '크런치', '도움', '브라우니', '성분']"
식음료,스낵 및 디저트,단백질바,,B0B1KDDPCW,"Atlas Protein Bar, 단백질 20g, 설탕 1g, 깨끗한 성분, 글루텐 프리 (땅콩 버터 라즈베리, 12개입 (2팩)",,80260,80260,3.9,8.0,"다른 제품과 비교할 수 없는 바: Atlas Bars는 깨끗한 재료와 뛰어난 영양을 결합하여 다른 제품과 비교할 수 없는 바를 만듭니다. 과학을 뒷받침하는 당사의 포뮬러는 천연 성분으로 만들어져 하루 종일 풍성하고 집중하며 활력을 유지합니다. 작업, 훈련 또는 놀 때 당사의 바는 최고의 성능을 유지하도록 설계되었습니다. 깨끗한 성분: 진짜 성분이 더 좋습니다. 당사의 바는 목초 사육 유청 단백질, 신선한 견과류 버터, 진짜 과일과 같은 고품질의 깨끗한 재료만을 사용하여 제작되었습니다. 당사는 수크랄로스, 설탕, 씨앗 오일 및 인공 성분이 없는 제품을 만들기 위해 최선을 다하고 있습니다. 탁월한 영양: 고품질 단백질 20g과 천연 설탕 1g으로 구성된 저희 바는 깨끗하고 천연 성분으로 만든 영양 강국으로 하루 종일 최고의 기분을 유지합니다. 인공적인 것이 아닙니다: 저희는 순수하고 단순하게 유지한다고 믿습니다. 저희 바는 인공 향료, 색소, 방부제 및 감미료가 없습니다. Atlas를 사용하면 고품질의 천연 성분으로 몸에 영양을 공급하고 있다는 것을 알고 안심할 수 있습니다. 다이어트 친화적: 아틀라스는 거의 모든 라이프 스타일에 완벽한 연료입니다. 저희 바는 저탄수화물, 케토 친화적, 콩 프리, 글루텐 프리, 클린 라벨 및 고섬유질입니다.",,"['성분', '깨끗하다', '영양', '유지', '천연', '인공', '설탕', '프리', '단백질', '진짜']"
식음료,스낵 및 디저트,단백질바,,B07HPY22Y2,"Power Crunch 단백질 웨이퍼 바, 맛있는 맛의 고단백 스낵, 레몬 머랭, 39.7g(1.4온스) (12개)",,29528,29528,4.5,5257.0,"맛있는 맛의 유청 단백질 바: Power Crunch 바는 완벽한 단백질 간식입니다. 13g의 단백질과 7g의 설탕으로 구성된 레몬 머링뉴 에너지 바는 이상적인 간식입니다. 신학기에 좋습니다 제품 구성: Power Crunch 프로틴 바 12개, 레몬 머랭, 각 39.7g(1.4온스) 모든 물기에 만족하는 크런치: Power Crunch 독특한 웨이퍼 단백질 바로, 맛있는 바삭한 웨이퍼로 만들어져 모든 입에 대한 욕구를 충족시키면서 필요한 에너지를 제공합니다! 훌륭한 아침 식사 단백질 바, 스낵 바 및 이동 중에도 어떤 경우에도 사용할 수 있습니다. 다른 어떤 것과도 달리 소화하기 쉬운 간식: Power Crunch 고단백질 바는 고DH 가수분해된 프로토 유청 단백질로 만들어졌습니다. 이것이 스마트 단백질 영양의 정점입니다 가정이나 이동 중에도 완벽한 간식: 이동 중이나 집에서 Power Crunch Protein Bar를 즐기세요. 이 고단백 간식으로 집에서 일하는 동안 갈망을 만족시키세요. 단백질 바와 단백질 간식 비교: Kind Bars, Clif Bars, think!, RXBAR, Lara Bar",Power Crunch 바는 가정이나 이동 중에도 완벽한 단백질 간식입니다. 12-14g의 단백질과 5-8g의 설탕으로 구성된 이 맛있는 유청 단백질 에너지 바는 이상적인 간식입니다. Power Crunch 고DH 가수분해된 프로토 유청 단백질로 완벽한 고단백질 간식을 만듭니다. 단백질을 소화하기 쉬운 Power Crunch 제품은 스마트 단백질 영양의 정점입니다! 당사의 웨이퍼 쿠키와 맛있는 맛 모음은 고단백 바를 먹는 것을 잊게 만들 것입니다.,"['단백질', '간식', '완벽하다', '이동', '유청', '웨이퍼', '맛있다', '맛', '에너지', '구성']"
식음료,스낵 및 디저트,단백질바,,B081P16MPK,"No Cow 고단백 바, 딥 생일 케이크 - 건강한 간식, 비건 단백질 20g, 고섬유질, 저설탕, 케토 친화적, 유제품 및 글루텐 프리 (12개)",,45691,45691,4.1,6233.0,"모험에 활력을 불어넣으세요 - 바당 식물 기반 단백질 20g이 함유된 이 케토 스낵은 건강을 유지합니다. 케토 친화적이고 설탕이 적기 때문에 힘을 얻는 데 필요한 단백질 간식입니다. 걱정 없는 간식 - 글루텐 프리, 유제품 프리, GMO 프리, 이 단백질 바는 타협 없이 즐길 수 있게 해줍니다. 식이 요법이 무엇이든 글루텐 프리 스낵이 여러분을 보호해 드립니다. 식물의 효능의 맛 - 건강에 좋은 비건 재료로 제작된 모든 바는 섬유질이 풍부하여 활력을 불어넣습니다. 디카던트 프로스팅 탐욕 - 풍부한 케이크와 프로스팅 맛이 결합되어 식물성 식품 애호가의 꿈을 실현합니다. 각 바는 맛있는 디저트처럼 맛이 나지만 여전히 좋습니다. 진짜 음식, 진짜 맛 - 발음할 수 있는 깨끗하고 간단한 재료. 자연이 의도한 대로 식물성 식품으로 자연스러운 달콤함이 가득합니다. 백악질 단백질 바는 잊으세요.",,"['프리', '단백질', '맛', '간식', '키토', '글루텐', '스팅', '설탕', '식물성', '식물']"
식음료,스낵 및 디저트,단백질바,,B092KVDSH2,"Legendary Foods 20g 단백질 페이스트리 | 저탄수화물, 맛있는 단백질 바 대체품 | 케토 친화적 | 설탕 무첨가 | 고단백질 아침 간식 | 글루텐 프리 케토 식품 - 블루베리(8팩)",,33766,33766,4.1,11920.0,"놀라운 맛: 이제 20g의 단백질로 놀라운 맛! 당사의 케이크 스타일 페이스트리는 그 어느 때보다 두껍습니다. 전자레인지나 포장지에서 바로 꺼내서 따뜻하게 즐기세요. 고단백 간식은 이렇게 좋은 맛을 본 적이 없습니다! 죄책감 없는 단백질 간식: 이 저탄수화물, 고단백 간식은 단백질 20g, 설탕 1g 미만과 순탄수화물 5g만 함유하고 있습니다. 마지막으로, 최적의 건강을 위한 탐구에 힘을 줄 수 있는 맛있는 죄책감 없는 간식입니다! 우수한 영양: 한 개의 바를 맛보셨다면 모든 것을 먹었을 것입니다. 단백질 요구 사항을 충족하는 완전히 새로운 방법으로 단백질 스낵 게임을 바꾸세요! 두껍고 맛있는 페이스트리는 20g의 순수 단백질과 5g의 순탄수화물로 포장되어 있습니다! 진짜 성분: Legendary 는 시장에서 최고의 케토 간식을 만드는 것으로 유명한 최고의 저탄수화물 스낵 메이커입니다. 분리 유청 단백질, 미셀 카제인, 콜라겐 펩타이드 및 섬유질을 사용하여 놀라운 글루텐 프리 간식을 만듭니다. 쉬운 케토 식품: 맛있는 저탄수화물 음식을 찾기가 어려웠습니다. 하지만 더 이상은 아닙니다. 당사의 고단백 페이스트리는 케토 다이어트에 전력을 공급하는 가장 맛있는 방법입니다. 단백질 바, 단백질 쿠키 또는 단백질 파우더를 건너뛰고 맛있는 케토 아침 식사 간식을 선택하세요!",,"['단백질', '간식', '맛있다', '탄수화물', '키토', '페이스트리', '맛', '놀랍다', '단백']"
식음료,스낵 및 디저트,단백질바,,B0CL7H73DS,"ALLMAX HEXAPRO PROTEIN BAR, 초콜릿 칩 쿠키 반죽 - 12개 팩 - 고단백질 에너지 스낵 - 바 당 단백질 20g - 분리 유청 단백질 포함",ALLMAX,39818,39818,4.2,4.0,고단백질 에너지 스낵바 - ALLMAX HEXAPRO의 바삭하고 크리미한 층에 치아를 가라앉힙니다. 바 당 단백질 20g과 설탕 4g으로 포장된 HEXAPRO는 언제 어디서나 고품질 단백질 간식을 쉽게 얻을 수 있습니다. 권장 사용 - 고단백 식사를 준비할 수 없는 모든 시간에 적합합니다. 전문적인 포뮬러 - 운동 선수 및 피트니스 애호가가 신뢰하는 당사의 포뮬러는 운동을 최적화하고 피트니스 목표를 달성할 수 있도록 설계되었습니다. 모든 성분은 순수하고 고품질이며 의약품 등급을 충족합니다.,단백질 바,"['단백질', '피트니스', '뮬러', '운동', '에너지', '스낵바', '권장', '단백', '바삭', '반죽']"
식음료,스낵 및 디저트,단백질바,,B0DBJF5BW2,Rise 유청 단백질 바 - 모카 아몬드 | 아침 식사 바 & 단백질 스낵 15g 단백질 4g 섬유 5가지 전체 식품 성분 글루텐 프리 콩 프리,Rise,40843,40843,,,"15G 순수 분리 유청 단백질: 소화가 쉽고 생체 이용률이 높은 저희 바는 단백질의 훌륭한 공급원이며 고단백 식단에 적합한 고품질 건강 간식입니다. 인공 감미료, 설탕 알코올, 방부제가 없습니다. 단 5가지 전체 식품 성분: 당사의 깨끗하고 간단한 재료는 모든 바에서 기대할 수 있는 품질의 증거입니다. 활동적이거나 운동 중이거나 이동 중에도 영양이 풍부한 음식을 찾고 있든, 이 제품은 놀라운 GMO 프리 단백질 바입니다. 소량 핸드메이드: 장인 정신으로 제작된 모든 바는 수작업으로 혼합되어 소량으로 포장됩니다. 당사의 천연 고급 재료는 바 사이에 약간의 차이가 있으므로 한 입 먹을 때마다 새롭고 맛있는 경험을 선사합니다. 어디서나 즐기세요: 운동 전 에너지 향상, 운동 후 성능 회복, 오후 간식 또는 이동 중에도 식사 대체에 이상적입니다. 이 심플한 스몰 사이즈 바는 완벽한 크리미함을 선사합니다. 단독으로 먹거나 건강한 쉐이크, 스무디 또는 커피 한 잔과 함께 드세요! 신뢰할 수 있는 모든 천연 성분: 당사의 바는 고단백질, 천연 지방 및 깨끗한 탄수화물과 완벽하게 균형 잡힌 매크로를 가지고 있습니다. 저희는 인공 감미료, 향료 또는 믿을 수 없을 정도로 간단하고 깨끗한 3가지 성분 목록 이외의 다른 것을 사용하지 않습니다.","우리는 삶이 충분히 복잡하다고 믿습니다. 각 Rise Bar에 대한 우리의 목표는 바쁜 삶에 활력을 불어넣는 데 필요한 필수 재료만을 사용하여 만들어진다는 것입니다. 15g의 단백질이 함유되어 아침, 간식, 운동 전, 운동 후 또는 식사 대체용으로 적합합니다. 지금까지 본 것 중 가장 짧은 성분 목록 중 하나를 보유하고 있습니다. Rise 모카 아몬드 바를 맛에 타협하지 않는 가장 단순하고 활력이 넘치는 단백질 바로 만드는 데 필요한 5가지 성분만 있으면 됩니다. 달콤하고 복잡한 맛을 위해 100% 순수 콜롬비아 아라비카 커피를 선택했습니다. 미디엄 로스트 커피로서 한 입 먹을 때마다 킥을 보장합니다. 모든 Rise 단백질 바는 GMO 프리 프로젝트 인증을 받았으며 콩 프리, 땅콩 프리, 곡물 및 글루텐 프리 제품입니다. 인공 설탕, 방부제 또는 설탕 알코올을 사용하지 않습니다. 팔레오 친화적. 코셔. 인체 건강을 위한 최고의 영양. 이 바의 감미료는 꿀에서 자연적으로 추출되었지만 영양사와 상담하여 올바른 양의 감미료를 찾는 것이 좋습니다. 팔레오 다이어트, 비건, 셀리악 또는 채식주의자를 하든 Rise Bar는 전체 성분과 고단백질에 중점을 둔 식단에 가장 적합합니다. 스테비아와 같은 인공 감미료가 첨가되지 않았습니다. 스무디를 위해 식료품점에서 대량 바닐라 파우더를 대량으로 구입할 필요가 없습니다. 최고급 품질의 바로 가득한 빠르고 편리한 상자로 아침에 더 빠르게 움직일 수 있습니다. 맛은 그 어느 때보다 맛있고 좋으며 단조롭거나 분필처럼 맛이 나지 않습니다. 라이프 스타일에 상관없이 저희 바의 팬이 되어보세요! 성분: 꿀, 아몬드, 분리 유청 단백질(유제품), 캐롭 파우더, 아라비카 커피. 9가지 맛있는 다양한 맛으로 5가지 성분 이하, Rise 바는 추가 재료 없이 필요한 영양을 제공합니다. 당사의 모든 만족스러운 맛은 소량으로 만들어집니다. 즉, 각 배치가 약간 다르기 때문에 한 입 먹을 때마다 독특한 맛을 경험할 수 있습니다. 더 훌륭한 맛을 보시려면 저희 스토어를 확인하세요. Rise!","['단백질', '성분', '맛', '프리', '감미료', '운동', '인공', '커피', '재료', '설탕']"
식음료,스낵 및 디저트,단백질바,,B01MSIHZX2,"ProMix Nutrition 단백질 퍼프 바, 12팩 - 마다가스카르 바닐라 - 마시멜로 크리스피 간식 - 훌륭한 맛과 건강한 이동 간식 - 고단백질 및 저칼로리 - GMO 프리 및 글루텐, 콩, 옥수수 무첨가",,49846,49846,3.7,588.0,"고단백 간식: Promix Protein 퍼프 바는 유청 단백질 퍼프와 마시멜로를 결합하여 맛있는 쌀 크리스피 같은 간식을 15g의 단백질과 4g의 설탕으로 만듭니다. 주요 단백질 바보다 40% 적습니다. 바닐라 크리스프 맛. 박스 당 12개의 바. 갈망 억제 및 회복 지원: 당사의 단백질 퍼프 바는 훈련 전후에 이동 중이거나 간식이 필요할 때마다 손에 들고 다니기에 좋습니다. 전체 성분, 훌륭한 맛: Promix는 농장 및 생산자와 직접 협력하여 마다가스카르에서 공급되는 호르몬 프리 목초 사육 유청 단백질, 유기농 코코넛 오일 및 바닐라와 같은 맛있는 고품질 재료로 제품을 만들 수 있도록 합니다. 매우 깨끗함: 퍼프 바는 코셔 및 글루텐 프리, 콩 프리, GMO 프리 제품입니다. 땅콩, 옥수수, 설탕 알코올, 카놀라유 및 인공 색소나 향료 없이 만들어집니다. 인공 성분 없음: Promix는 성능, 성분 품질 및 안전을 위해 전문 운동 선수가 지정한 표준에 따라 제품을 만드는 과학 기반 영양 회사입니다. 저희는 최고의 느낌과 성능을 원하는 사람들에게 진지하게 깨끗한 보충제와 간식을 제공합니다.",,"['단백질', '간식', '프리', '퍼프', '맛', '바닐라', '성분', '깨끗하다', '마다가스카르', '마시멜로']"
식음료,스낵 및 디저트,단백질바,,B06XHSZHL1,"Quest Nutrition 고단백 저탄수화물, 글루텐 프리, 케토 친화적, 땅콩 버터 컵, 12개 (1팩) (총 503.5g(17온스)",Quest Nutrition,41536,29071,4.5,19672.0,달콤한 간식을 먹을 자격이 있습니다: Quest 땅콩 버터 컵은 1회 제공량당 설탕 1g 미만과 순탄수화물 1g으로 달콤한 치아를 만족시키는 풍성한 간식입니다 완전한 단백질 풀기: Quest 땅콩 버터 컵은 완전한 유제품 기반 단백질로 만들어져 몸에 9가지 필수 아미노산을 제공합니다 섬유질은 당신의 친구입니다: Quest 땅콩 버터 컵은 1회 제공량당 4g의 섬유질을 함유하여 몸에 섬유질을 만족시킵니다 설탕이 전혀 없는 달콤함: 설탕에 대해 걱정하지 않고 땅콩 버터 컵의 만족스러운 맛을 느껴보세요 가정에서의 갈망을 위한 달콤한 간식: Quest 땅콩 버터 컵은 집에서 달콤한 간식을 갈망할 때 완벽한 보상입니다,"글로벌 공급망 문제로 인해 Quest™는 최근 알레르기 유발 물질로 간주되는 콩 레시틴 및/또는 식물성 오일을 함유하도록 일부 제품을 재구성했습니다. 제품에 포함된 소량은 제품의 품질, 맛 또는 질감을 변화시키지 않습니다. 당사는 고품질 유제품 기반 단백질을 사용하여 필요한 아미노산을 제공하기 위해 최선을 다하고 있습니다.","['버터', '컵', '땅콩', '달콤하다', '간식', '설탕', '섬유질', '단백질', '탄수화물', '갈망']"
식음료,스낵 및 디저트,단백질바,,B0D1HJ9VVK,"Misfits 비건 단백질 바, 초콜릿 브라우니, 식물 기반 초콜릿 단백질 바, 바 당 15g, 저탄수화물, 설탕 1g, 고섬유질, 건강한 스낵 식품, 15팩",Misfits,55386,55386,4.4,17.0,"캔디 바처럼, 하지만 당신에게 좋습니다: 관대하고 3중 레이어, 초콜릿 코팅 처리된 스낵 바는 대조되는 크런치와 함께 만족스럽고 쫄깃하고 보송보송한 질감을 가지고 있습니다. 캔디 바와 같은 맛의 단백질 스낵을 찾고 계신다면, Misfits 단백질 바는 이동 중에도 또는 집에서 건강에 좋은 간식으로 완벽합니다. 높은 식물 기반 단백질: 비건 친화적이고 고단백질. 저희 바는 바 당 14-15g의 비건 단백질로 포장되어 있습니다. 저희는 고품질의 맛과 질감을 위해 완두콩 단백질과 콩 단백질을 혼합하여 사용합니다. 설탕 1G 미만: 각 바에 1g 미만의 설탕이 들어 있는 저설탕 및 저탄수화물 스낵 바. 이 비건 간식은 섬유질이 풍부하며 바 당 190칼로리입니다. 죄책감이나 설탕 충돌 없는 초콜릿 바 또는 캔디 바! 다크 초콜릿 브라우니: 세련되고 달콤한 치아를 위해 제작되었으며, 푹신하고 풍부하며 고급스러운 비건 다크 초콜릿으로 싸여 있으며 죄책감이 전혀 없습니다. 완벽함. 부드럽고 바삭한 Misfits 단백질 바 맛은 3겹으로 되어 있습니다: 부서지기 쉬운 베이스, 끈적끈적한 센터, 부드럽고 풍부한 초콜릿 토핑. 스마트한 탐닉스: 맛에 타협하지 않는 초콜릿 단백질 바. Misfits 스낵은 단백질을 증가시키고, 유제품을 줄이고, 설탕을 줄이면서 맛있는 간식을 즐기고 싶은 초콜릿 애호가를 위한 것입니다.",,"['단백질', '초콜릿', '설탕', '비건', '스낵', '맛', '캔디', '풍부하다', '간식']"
식음료,스낵 및 디저트,단백질바,,B0813Z4756,"TRUBAR 비건 단백질 바, 키라임용 휘핑, 글루텐 프리, 식물 기반 단백질, 유제품 프리, GMO 프리, 콩 프리, 설탕 알코올 없음, 12G 단백질, 12G 섬유, 23G 탄수화물, 휴대용 스낵 바, 12개입",TRUBAR,41536,41536,4.2,565.0,"단백질 바가 되기에는 너무 좋습니다: 키 라임 프로틴 바를 위해 휘핑! 팬에서 바로 나온 크리미하고 톡 쏘는 키 라임 파이를 먹는 것과 같습니다. 건강하기 때문에 더 좋습니다! 아침 식사 바, 운동 후 간식 또는 통제할 수 없는 설탕에 대한 갈망으로 즐기세요! 진정한 성분: Indulgent Nutrition은 실제로 발음할 수 있는 간단한 재료로 만든 맛있는 음식을 먹는 것을 의미합니다. 당사의 간단한 식물 기반 성분으로 비건, 유제품 프리, 콩 프리, 글루텐 프리, GMO 프리, 설탕 알코올이 없는 건강한 탐닉을 꿈꿀 수 있습니다. 저희는 여러분을 위해 작업을 수행하는 것이 저희의 일입니다. 그래서 여러분은 포장지에 무엇이 들어 있는지 알아내는 것보다 포장지 아래에 있는 것을 즐기는 데 더 많은 시간을 할애할 수 있습니다. 죄책감 없는 탐닉을 즐기세요: 아몬드, 카사바, 현미, 구연산과 같은 진짜 뚜렷한 성분으로 휘핑 포 키 라임 단백질 바를 맛보세요. 글루텐, 유제품, 콩, GMO 및 설탕 알코올이 없습니다. 12g의 식물성 단백질과 190칼로리만 함유되어 있어 타협 없이 만족할 수 있으며, 13g의 섬유질과 D 및 칼슘과 같은 필수 비타민이 풍부하여 영양을 향상시킵니다. 식물에서 힘입어 죄책감 없는 즐거움을 즐기세요! 여성들이 영감을 받은 풍성한 맛: TRUBAR의 단백질 바는 단지 그녀를 염두에 두고 제작된 것이 아니라 그녀가 제작합니다. 우리는 여성들에게 그들이 원하는 것이 무엇인지 물었고, 그들은 우리에게 말했습니다. 미뢰를 따끔하게 만드는 맛, 앞으로 연료를 공급하는 간단한 재료, 그리고 그들을 강하게 유지하는 가치. Indulgent Nutrition은 놀라운 맛과 깨끗한 재료를 결합하여 마침내 자랑스럽게 먹고 자랑스럽게 공유할 수 있는 것을 갖게 되었습니다. (P.S. 남성과 어린이도 TRUBAR을 좋아합니다!) 모든 맛의 모험을 탐험하세요: Smother Fudger 땅콩 버터, Oh Oh Cookie Dough, Daydreaming About Donuts, It's Mint to Be Chip, Get In My Belly Pb & Jelly, Saltylicious Almond Love, and Whipped for Key Lime으로 맛있는 다양성에 빠져보세요. 비건 단백질 바 컬렉션에는 모두가 좋아하는 제품이 있습니다. 다음으로 먹어갈 건강한 간식을 발견하거나 음식을 섞는 즐거움을 위해 완벽합니다. 모든 것을 즐길 수 있는데 왜 하나를 선택할까요?",,"['단백질', '프리', '맛', '설탕', '알코올', '성분', '키', '글루텐', '비건', '재료']"
식음료,스낵 및 디저트,단백질바,,B0D3Z31Y67,"Generic Ready Clean 단백질 바, 버라이어티 팩, 초콜릿 땅콩 버터, 초콜릿 칩, 다크 초콜릿 코코넛 아몬드, 케이스당 5인분, 총 3케이스",Generic,51245,51245,3.0,1.0,"강력한 연료: Ready Bars는 12g의 식물성 단백질과 130칼로리에 불과하여 빠르고 편리한 청정 에너지 공급원을 제공하여 하루와 운동을 할 때 전력을 공급합니다. 천연 성분: 견과류, 씨앗, 말린 과일 및 코코넛을 간단하게 혼합하여 인공 색소, 향료 또는 감미료 없이 건강에 좋은 방식으로 몸에 활력을 불어넣습니다. 회복 지원: 탄수화물과 단백질을 함유한 완벽한 운동 후 간식으로 근육을 보충하고 강렬한 운동 후 회복을 지원합니다. 체중 관리 지원: 만족스러운 홀푸드 포뮬러는 균형 잡힌 식단과 운동 루틴의 일부로 통합될 때 식욕을 억제하고 건강하고 활동적인 라이프 스타일을 지원합니다. 모든 피트니스 수준에 적합: 경쟁적인 운동 선수이든 활동적인 라이프 스타일을 이끄는 사람이든, Ready Bars는 모든 연령대의 사람들을 위한 운동과 일상 활동에 활력을 주기 위해 깨끗하고 지속적인 에너지와 영양을 제공합니다.","레디 바는 활동적인 라이프 스타일에 활력을 줄 편리하고 영양이 풍부한 간식입니다. 자연스럽고 깨끗한 재료로 제작된 각 바는 가장 바쁜 날이나 힘든 운동 중에도 오래 지속되는 에너지를 제공하도록 과학적으로 제작되었습니다. 단백질, 탄수화물 및 건강한 지방의 적절한 균형을 갖춘 레디 바는 에너지 레벨을 유지하고 근육 회복을 지원합니다. 땅콩 버터 초콜릿과 사과 계피와 같은 맛은 이동 중에도 배고픔을 만족시킬 수 있는 맛있는 방법입니다. 글루텐 프리 및 GMO 프리 옵션으로 다양한 식이 요법에도 훌륭한 선택입니다. Ready Bar에 물고 하루, 운동 또는 어떤 활동적인 모험이든 힘을 얻으세요!","['운동', '활동', '초콜릿', '에너지', '단백질', '회복', '활력', '라이프', '스타일', '사람']"
식음료,스낵 및 디저트,단백질바,,B08YB8Z7FN,"REDCON1 MRE 단백질 바, 바삭한 땅콩 버터 컵 - MCT 오일 + 전체 식품 단백질 20g 포함 - 쉽게 소화 가능, 매크로 균형 저설탕 식사 교체 바 (바 12개)",REDCON1,48461,48461,4.3,1547.0,"식사 대용 바 - REDCON1 MRE 바는 이동 중에도 완벽한 고단백 식사로, 전체 식품 동물성 단백질로 만든 적절한 영양이 풍부하여 포만감을 느끼지 않습니다. MRE 바는 모든 연령대와 모든 연령대를 위한 제품입니다. 과학이 뒷받침하는 성분 - 당사의 고단백질 바는 MCT 코코넛 오일, 빈약한 설탕 6g, 탄수화물 29g, 단백질 20g의 건강한 비율로 9g의 지방과 균형을 이룹니다. MCT 오일 - REDCON1의 저당 단백질 바의 매크로 카운트는 급격한 인슐린 스파이크 없이 운동에 연료를 공급하고 최고의 성능을 발휘하기에 완벽합니다. 이동 중에도 영양 섭취 - 단백질 바당 총 260칼로리만 포장하며, 이동 중에도 완벽한 스낵 사이즈 식사로, 실제 음식으로 만든 적절한 영양이 풍부하여 너무 포만감을 느끼지 않습니다. 프리미엄 포뮬러 아침 식사 단백질 바 - REDCON1 과학에 의해 뒷받침되는 투명한 보충제 라벨이 있는 프리미엄 포뮬러 식사 대체 단백질 바만을 만들고 코코넛 오일과 쌀 단백질 파우더와 같은 훌륭한 성분으로 포장되어 있습니다.",,"['단백질', '식사', '오일', '영양', '완벽하다', '이동', '과학', '설탕', '성분', '프리미엄']"
식음료,스낵 및 디저트,단백질바,,B0CXMN1N7X,"Generic Kirkland_Signature 츄이 단백질 바, 땅콩 버터 & 세미 스위트 초콜릿 칩, 40g(1.4온스), 42개입",Generic,59541,59541,4.6,3.0,땅콩 버터 & 세미 스위트 초콜릿 칩 단백질 10g 40g(1.4온스),"Kirkland_Signature 츄이 프로틴 바, 땅콩 버터 & 세미 스위트 초콜릿 칩, 40g(1.4온스), 42개입","['초콜릿', '스위트', '세미', '버터', '땅콩', '츄이', '단백질', '개입', '프로']"
식음료,스낵 및 디저트,단백질바,,B0C4RLNP3C,"Quest Nutrition 단백질 바, 다양한 10가지 맛 버라이어티 팩 - 고단백질, 저탄수화물, 글루텐 프리, 케토 친화적 - 60g(2.2온스) 바 - 10개입",Obanic,55261,55261,4.1,188.0,"Quest Nutrition 단백질 바, 다양한 10가지 맛 버라이어티 팩 - 고단백질, 저탄수화물, 글루텐 프리, 케토 친화적 - 60.1g(2.2온스) 바 - 10개입","Quest Nutrition 단백질 바, 다양한 10가지 맛 버라이어티 팩 - 고단백질, 저탄수화물, 글루텐 프리, 케토 친화적 - 60.1g(2.2온스) 바 - 10개입","['단백질', '프리', '탄수화물', '키토', '버라이어티', '맛', '글루텐', '개입']"
식음료,스낵 및 디저트,단백질바,,B07BWKT294,"FITCRUNCH 스낵 사이즈 단백질 바, Robert Irvine이 디자인, 세계 유일의 6겹 베이킹 바, 설탕 및 소프트 케이크 코어 3g(바 18개, 초콜릿 칩 쿠키 반죽)",Fit Crunch,51231,51231,4.5,9481.0,단백질 16g 설탕 3g 210칼로리 글루텐 프리 셰프 제작 독특한 6겹 베이크드 바,셰프 Robert Irvine의 FITCRUNCH는 그 어느 때보다 단백질을 더 즐겁게 섭취할 수 있도록 합니다. 세계적으로 유명한 셰프이자 FITCRUNCH 소유자인 Robert Irvine의 다양한 맛있는 제품으로 당신의 욕구를 충족시키세요.,"['단백질', '셰프', '설탕', '세계', '프리', '스낵', '독특하다', '디자인', '맛있다', '반죽']"
식음료,스낵 및 디저트,단백질바,,B0D5NMNJYM,"Generic ONE Protein Bars, 샘플러 버라이어티 팩, 글루텐 프리 단백질 20g, 설탕 1g, 60g(2.2온스) 바 (8개)",Generic,33170,33170,3.7,5.0,"좋아하는 맛을 시험해보세요: 샘플러 버라이어티 팩에는 8가지 단백질 바 맛이 포함되어 있습니다 글루텐 프리 단백질 바: 이 맛있는 단백질 바로 맛과 영양 중에서 선택하지 마세요. 지루하거나 맛이 없거나 백악질적인 것에는 인생이 너무 짧습니다. 스트레스가 많은 날, 운동 전 간식, 단백질 바 1개를 챙겨보세요. 디저트를 위한 공간을 절약했습니다 고단백질, 분리 유청 단백질, 설탕 1g, 모든 OMG 맛: 어떤 바 맛을 선택하든 단백질 20g, 설탕 1g 및 모든 OMG 맛을 얻을 수 있습니다. 글루텐 프리 스낵 바는 에너지가 부족할 때 완벽한 고단백질 간식입니다 진정한 간식이 되기에는 너무 좋습니다: ONE Brands에서는 훌륭한 맛과 건강이 상호 배타적이지 않다고 믿습니다. 그래서 저희는 ONE Protein Bar를 만들었습니다. 고단백질, 설탕 1g, 풍부한 맛으로 이 단백질 바를 계속 먹을 수 있습니다","간식에 관해서는, 우리 모두는 완벽한 조화를 누릴 자격이 있습니다. 그리고 ONE은 훌륭한 맛과 건강이 상호 배타적이지 않다고 믿습니다. 하지만 다른 백악질 단백질 바? 왼쪽으로 확실히 스와이프합니다(그리고 현실이 되자 - 인생은 너무 짧습니다.) 그래서 저희는 맛을 가지고 완벽한 간식을 만들었습니다. 단백질이 함유된 제품. 설탕이 적은 제품. 진실하기에는 너무 맛있어 보이는 완전히 풍부한 맛을 가진 제품입니다.","['단백질', '맛', '간식', '설탕', '완벽하다', '프리', '글루텐']"
식음료,스낵 및 디저트,단백질바,,B0CWCH248H,"Power Crunch 단백질 웨이퍼 바, 맛있는 맛의 고단백 스낵, 초콜릿 칩 치즈 케이크, 39.7g(1.4온스) (12개)",,33475,33475,4.5,181.0,"맛있는 맛의 유청 단백질 바: Power Crunch 바는 완벽한 단백질 간식입니다. 13g의 단백질과 5g의 설탕으로 구성된 이 초콜릿 치즈 케이크 에너지 바는 이상적인 간식입니다. 신학기에 좋습니다 제품 구성: Power Crunch 프로틴 바 12개, 초콜릿 치즈 케이크, 각 39.7g(1.4온스) 모든 물기에 만족하는 크런치: Power Crunch 독특한 웨이퍼 단백질 바로, 맛있는 바삭한 웨이퍼로 만들어져 모든 입에 대한 욕구를 충족시키면서 필요한 에너지를 제공합니다! 훌륭한 아침 식사 단백질 바, 스낵 바 및 이동 중에도 어떤 경우에도 사용할 수 있습니다. 다른 어떤 것과도 달리 소화하기 쉬운 간식: Power Crunch 고단백질 바는 고DH 가수분해된 프로토 유청 단백질로 만들어졌습니다. 이것이 스마트 단백질 영양의 정점입니다 가정이나 이동 중에도 완벽한 간식: 이동 중이나 집에서 Power Crunch Protein Bar를 즐기세요. 이 고단백 간식으로 집에서 일하는 동안 갈망을 만족시키세요.",Power Crunch 바는 가정이나 이동 중에도 완벽한 단백질 간식입니다. 12-14g의 단백질과 5-8g의 설탕으로 구성된 이 맛있는 유청 단백질 에너지 바는 이상적인 간식입니다. Power Crunch 고DH 가수분해된 프로토 유청 단백질로 완벽한 고단백질 간식을 만듭니다. 단백질을 소화하기 쉬운 Power Crunch 제품은 스마트 단백질 영양의 정점입니다! 당사의 웨이퍼 쿠키와 맛있는 맛 모음은 고단백 바를 먹는 것을 잊게 만들 것입니다.,"['단백질', '간식', '완벽하다', '맛있다', '이동', '유청', '웨이퍼', '에너지', '구성', '케이크']"
식음료,스낵 및 디저트,단백질바,,B078954JHY,"PROBAR 식사대용 바, 바나나 너트 브레드, 비GMO, 글루텐 프리, 유기농 인증, 건강, 식물 기반 천연 식품 성분, 천연 에너지원, 85g(3 온스) 12개입",Probar,41536,41536,4.5,6557.0,"각 PROBAR에는 약 70% 미가공된 15개 이상의 자연 식품이 포함되어 있습니다. 즉, 가공으로 파괴되지 않은 최상의 영양적 품질을 얻는다는 것을 의미합니다. 이러한 영양 성분은 기존 기술로 복제할 수 없습니다.",일요일 아침에 이 바를 만들 때 바나나 너트 빵의 오븐 냄새가 나는 신선한 것을 보냈습니다. 배낭여행 5일째에 몸에 필요한 적절한 영양소를 섭취하거나 바쁜 출퇴근 준비를 하는 것은 시간이 부족할 때 어려울 수 있습니다. 그렇다고 해서 하루를 시작하기 전에 맛있고 빠르며 풍성한 아침 식사를 할 수 없다는 의미는 아닙니다. 이 바의 단백질 9g과 영양 밀도가 높은 400칼로리는 몇 시간 동안 풍성하고 활기찬 느낌을 유지합니다.,"['영양', '가공', '너트', '성분', '식사', '식품', '아침', '바나나', '의미', '천연']"
식음료,스낵 및 디저트,단백질바,,B0CYCTZXSM,"Zing 다크 초콜릿 체리 아동용 단백질 바, 글루텐 프리 100칼로리 미니 바, 고단백질, 비건 영양 바, 유제품 프리 식물 기반, 코셔, 저설탕, 무설탕 - 18개입",Zing,37381,37381,,,"아동용 비건 단백질 바, 고단백 글루텐 프리, 유제품 프리 영양 바, 식물성 단백질","Zing 다크 초콜릿 체리 아몬드 단백질 바 미니는 몽모랑시 체리의 신맛, 다크 초콜릿의 풍부함, 아몬드의 크리미함을 결합한 맛있고 영양이 풍부한 간식입니다. 타르트 체리는 상쾌한 활력을 더하며, 다크 초콜릿은 풍부하고 퇴폐적인 맛을 제공합니다. 아몬드는 달콤함과 질감을 더하여 바의 풍미를 완성합니다.","['단백질', '초콜릿', '체리', '다크', '프리', '풍부하다', '영양', '아몬드', '설탕', '더하다']"
식음료,스낵 및 디저트,단백질바,,B0CYCHQY24,"Pure Protein Bars, 딸기 그리스 요거트, 20g 고단백질, 에너지를 지원하는 영양 간식 8개입 | 에너지를 지원하는 영양 간식, 저설탕, 글루텐 프리",Lulurose,44195,44195,3.2,9.0,"맛있는 은하계 브라우니 단백질 바: Pure Protein Galactic Brownie Bars는 마른 근육과 힘을 키우는 데 도움이 되는 고품질 단백질을 함유한 맛있는 고단백질 간식입니다. 이 Galactic Brownie 단백질 바는 분리 유청 단백질을 함유하고 있으며 글루텐 프리 제품입니다. 각 단백질 바에는 20g의 단백질, 200칼로리, 설탕 2g이 포함되어 있어 바쁘고 활동적인 라이프 스타일을 지원하고 마른 근육을 만드는 데 도움이 됩니다. 글루텐 프리 및 고품질 단백질: Pure Protein Galactic Brownie Bars는 글루텐 프리로 글루텐 민감성이나 알레르기가 있는 사람들에게 훌륭한 선택입니다. 또한 근육 성장과 회복을 지원하는 데 필수적인 고품질 단백질로 만들어졌습니다. 영양가 있고 균형 잡힌 식단의 필수 부분: 순수 단백질 은하 브라우니 바는 영양가 있고 균형 잡힌 식단의 필수적인 부분입니다. 바 당 단백질 20g과 설탕 2g만 함유되어 건강한 체중을 유지하고 마른 근육을 만들고 전반적인 건강을 개선하려는 사람들에게 훌륭한 선택입니다. 편리하고 휴대성: Pure Protein Galactic Brownie Bars는 편리하고 휴대가 간편하여 이동 중인 사람들에게 훌륭한 선택입니다. 가방이나 백팩에 쉽게 넣을 수 있으며 식사 사이에 간식으로 먹거나 운동 전후 간식으로 먹을 수 있습니다. 신뢰할 수 있는 브랜드: Pure Protein은 고품질 단백질 보충제와 간식을 생산하는 것으로 유명한 피트니스 업계에서 신뢰할 수 있는 브랜드입니다. 딸기 그리스 요거트 단백질 바도 예외는 아니며 100% 만족 보장을 제공합니다.","순수 단백질 바, 딸기 그리스 요거트, 20g 고단백질, 에너지를 지원하는 영양 간식 8개입 | 에너지를 지원하는 영양 간식, 저설탕, 글루텐 프리","['단백질', '간식', '글루텐', '프리', '근육', '에너지', '영양', '설탕', '선택', '마르다']"
식음료,스낵 및 디저트,단백질바,,B000EXS6CM,"NuGo Smarte Carb 초콜릿 블랙 체리, 단백질 18g, 설탕 0g, 순탄수화물 2g, 150칼로리, 12개입",NuGo,30470,30470,3.6,231.0,"설탕 0g, 순탄수화물 1-2g, 단백질 20g이 함유된 고단백질 간식을 원하지 않는 사람은 모두 하나의 단백질 바에 담겨 있습니다. NuGo Smarte 탄수화물 바는 맛이 풍부하고 단백질이 풍부합니다. 초콜릿 블랙 체리 맛이 가득한 49.9g(1.75온스) 천연 영양 바 12개(총 598.7g(21.4온스)) 콩 단백질로 제작되었습니다. 콩은 심장 질환으로부터 보호하고 뼈 건강을 개선하는 데 도움이 됩니다 설탕이 포함되어 있지 않습니다. 설탕 대체품으로 단맛을 냈습니다. 순 임팩트 탄수화물 1g과 콩 단백질 16g만 포함 가볍고 바삭한 맛과 질감을 위해 구워졌습니다. 단백질 16g과 170칼로리 펜실베이니아 주 피츠버그에서 제작 무설탕: 설탕 0g이 함유된 고단백 스낵 바를 찾고 계십니까? 이 NuGo 바를 제공해 드립니다","초콜릿 블랙 체리의 저탄수화물 스마트 탄수화물 바를 사용해보세요! 이 바는 설탕 0g을 함유하고 있으며 비타민과 미네랄, 18g의 단백질이 함유되어 있어 식이 제한이 있는 사람들에게 맛있는 선택입니다.","['단백질', '설탕', '탄수화물', '함유', '초콜릿', '맛', '체리', '블랙', '콩', '칼로리']"
식음료,스낵 및 디저트,단백질바,,B0D934GFNH,"B.T.R. 비건 케토 식물 기반 단백질 및 섬유질 바, 저탄수화물, 글루텐 프리 | 바 12개 | 설탕 알코올, 유제품, 콩 및 강력한 슈퍼푸드 및 강장제로 부스트! (땅콩 버터 크런치)",B.T.R.,60926,60926,3.9,332.0,"✅ 비건 고단백질: 15g 유기농 완전 식물성 단백질. 유제품 프리, 비건 친화적, 콩 무첨가. 설탕 무첨가 : 설탕이 적고 케토 친화적이며 설탕 알코올, 스테비아 없음, 인공 감미료 없음. 스마트 섬유 및 글루텐 프리 인증: 프리바이오틱 장 친화적 섬유 11g. 바삭하고 바삭하며 땅콩 버터: 땅콩이 부서지기 쉬운 맛이지만 땅콩과 퀴노아 크리스프와 같은 진짜 깨끗한 재료로 맛볼 수 있습니다. 기능성 슈퍼푸드 포함: 유기농 동충하초와 유기농 영지 500mg, 운동 후 간식, 아침 식사 또는 정오 식사 교체 바.",,"['땅콩', '설탕', '유기농', '비건', '단백질', '프리', '글루텐', '콩', '키토', '첨가']"
식음료,스낵 및 디저트,단백질바,,B0D5WTMNM6,"Nectis Green Super Protein 식사 바, 바나나 너트, 식물성 단백질 20g, 유기농 채소, 고섬유질, 비건, 콩 없음, GMO 프리, 올 내추럴, 83g 바, 8팩 (바나나 너트)",NECTIS,41536,41536,4.1,220.0,20g 식물 단백질(100% 미국에서 공급)으로 근육과 힘을 키우고 유지하는 데 도움이 됩니다. 유기농 그린 슈퍼 푸드 - 유기농 케일과 시금치가 들어 있습니다. 섬유질 포함 - 우리 모두에게 더 필요한 것은 섬유입니다! 자연적으로 발생하는 섬유가 함유되어 있습니다! 전체 탄수화물 - 귀리와 퀴노아에서 하루 종일 연료를 공급합니다. 건강한 지방 - 아몬드 버터의 좋은 지방은 몸이 최적의 수준으로 움직이고 배고픔을 충족시키는 데 필요합니다. 진짜 과일 - 저희는 진짜 과일로 바에 맛을 냅니다.,완벽한 식사 교체 - (8개) 대용량 바 - 다른 단백질 캔디 바나 저칼로리 바가 아닙니다. 이것이 여러분의 몸이 실제로 원하고 필요로 하는 것입니다! 마침내 실제로 당신을 만족시키고 영양을 공급하는 바입니다. 그린 슈퍼 단백질 바는 전체 식품 성분에서 자연적으로 발생하는 다량 영양소와 미량 영양소가 풍부합니다.,"['단백질', '공급', '유기농', '지방', '진짜', '섬유질', '섬유', '식사', '발생', '바나나']"
식음료,스낵 및 디저트,단백질바,,B0D687HRQN,"NuGo Protein Bar, 츄로, 단백질 11g, 글루텐 프리, 15개입",,34555,34555,,,"가족들은 NuGo 단백질 바를 좋아합니다! 모든 NuGo 오리지널 단백질 바는 진짜 GMO 프리 성분으로 만들어졌으며 비타민이 함유되어 있습니다 글루텐 프리 인증: 맛있고 글루텐이 없는 단백질 바를 찾기가 어려울 수 있습니다. NuGo 바는 고단백질, 훌륭한 맛, 글루텐 프리의 이점을 가지고 있습니다. GMO 프리 성분: NuGo Nutrition은 고객과 그 가족의 건강을 위해 최선을 다하고 있습니다. 이것이 저희가 NuGo 바에 GMO 프리 성분을 공급하는 이유입니다. 진짜 밀크 초콜릿 또는 요거트 드리즈: 진짜 맛있는 밀크 초콜릿을 좋아하지 않는 사람은 누구입니까? NuGo 바는 실제 밀크 초콜릿 또는 부드럽고 크리미한 바닐라 요거트 코팅으로 코팅되어 라이스 크리스피 간식 또는 오렌지 스무디와 비슷한 훌륭한 맛을 냅니다. 저지방: NuGo 바는 2.5-3.5g의 지방과 바 당 170-190칼로리만을 함유하여 온 가족이 건강한 선택입니다",저희가 해냈습니다! 저희는 쌀 크리스피 간식의 맛있는 맛과 질감을 가지고 11g 단백질과 비타민과 미네랄을 첨가한 이점을 제공했습니다. 부드럽고 크리미한 요거트로 코팅된 NuGo 오리지널 츄로는 온 가족이 가장 좋아하는 제품이 될 것입니다. 즐거운 간식!,"['프리', '단백질', '가족', '글루텐', '초콜릿', '성분', '진짜', '밀크', '맛있다', '맛']"
식음료,스낵 및 디저트,단백질바,,B088JQDW9S,"Nugo 슬림 다크 초콜릿 크런치 땅콩 버터, 비건 단백질 16g, 설탕 3g, 섬유질 7g, 저순 탄수화물, 케토 친화적, 글루텐 프리, 24개입",,60469,60469,4.3,1976.0,"건강에 해로운 대안과 작별 인사를 하고 죄책감 없는 리얼 다크 초콜릿으로 덮인 저당 단백질 바를 만나보세요. NuGo Slim은 저설탕, 저탄수화물 및 단백질 함량이 높습니다. NuGo Slim은 인공 성분이 없으며 말티톨이 없으며 글루텐 프리 및 비건 인증을 받았습니다. 저설탕 및 고단백질: 각 16-17g 단백질 바에 설탕 3g만 함유되어 인공 감미료와 말티톨이 없는 NuGo Slim은 필요한 단백질을 얻을 수 있는 죄책감 없는 방법인 궁극의 저당 고단백 바입니다. 저혈당 및 케토 친화적: NuGo Slim은 캘리포니아 토론토의 GI Labs에서 매우 낮은 혈당 지수로 테스트되었습니다. 저당 단백질 바는 저혈당 인증 및 테스트를 거치지 않았습니다. 슬림은 신진 대사를 늦추고 갈망을 억제하며 설탕 스파이크를 방지하는 데 도움이 되며 시장에서 가장 좋은 저혈당 간식 중 하나입니다. 인증된 비건 제품: NuGo 슬림 크런치 땅콩 버터는 비건 인증을 받았으며 모든 스낵 바에 식물 기반 단백질 16g이 함유되어 있습니다. 유청 단백질, 유당 없음, GMO 프리 식물성 단백질. 고섬유질 및 저탄수화물: NuGo Slim은 6-7g의 섬유질과 5-7g의 순탄수화물을 함유하여 완벽한 저탄수화물 단백질 바입니다. 글루텐 프리 인증: NuGo Slim 단백질 바는 인증된 글루텐 프리 성분만을 함유하고 있습니다.","건강에 해로운 대체품과 작별 인사를 하고 죄책감 없는 진짜 다크 초콜릿으로 덮인 저당 단백질 바를 만나보세요. NuGo 슬림 바는 단백질 16-17g, 섬유 6-7g, 순탄수화물 6-7g, 설탕 3g만 함유하고 있으며 매우 낮은 혈당 테스트를 거쳤습니다. 슬림 바는 인공 감미료나 다역할 없이 글루텐 프리이며, 슬림 라인은 4가지 비건, 파레브 향이 특징입니다.","['단백질', '인증', '탄수화물', '설탕', '슬림', '프리', '비건', '글루텐', '혈당', '함유']"
식음료,스낵 및 디저트,단백질바,,B0CKY4WHBB,"UNSTOPPABLE 무설탕 케토 단백질 바 - 초콜릿 칩 브라우니 케토 바 - 12개입 에너지 바 팩 - 저탄수화물 단백질 바 - 저칼로리 스낵 - 고섬유질, 당뇨병 친화적, 글루텐 프리, 건강한 식사 대체 바 및 식물 기반 스낵",,40151,40151,3.2,27.0,"1G 순탄수화물만: 저탄수화물 및 케토 친화적이며 각 바는 순탄수화물 1g만 포함되어 있어 저탄수화물 또는 케토제닉 식단을 따르는 모든 사람에게 완벽한 간식입니다. 고품질 재료의 맛있는 혼합과 풍부하고 만족스러운 맛으로 이 바는 건강 목표를 희생하지 않으면서 당신의 욕구를 충족시킬 것입니다. 단백질이 가득한 저탄수화물 바로 죄책감 없는 간식을 즐기세요. 무설탕: 당사의 케토 단백질 바는 인슐린과 혈당 수치에 거의 영향을 주지 않는 천연 감미료인 알룰로스로 단맛을 냅니다. 바 당 설탕 0g으로 저탄수화물, 저설탕 식단을 탈선하지 않고도 맛있고 만족스러운 간식을 즐길 수 있습니다. 단 110칼로리: 케토 친화적인 단백질 바로 식단을 방해하지 않으면서 간식에 대한 욕구를 충족시키세요! 각 바에는 110칼로리만 포함되어 있어 언제 어디서나 죄책감 없이 즐길 수 있습니다. 운동 후 간식이나 오후 중반 픽업을 찾고 계신다면, 저탄수화물, 저설탕, 글루텐 프리 바는 완벽한 핏을 제공합니다. 또한, 감미료로 알룰로스를 사용하면 혈당 스파이크나 인슐린 저항성에 대한 걱정 없이 맛있는 맛을 즐길 수 있습니다. 비건 및 케토 친화적: 당사의 단백질 바는 100% 식물 기반 성분으로 만들어졌으며 비건 및/또는 케토 식단을 따르는 사람들에게 적합합니다. 진짜 재료로 제작된 이 바는 단백질을 고칠 수 있는 맛있고 편리한 방법입니다. 또한, 설탕 0g과 1회 제공량당 순탄수화물 1g만 포함되어 있습니다. 참고: 아몬드가 포함되어 있어 견과류 알레르기가 있는 사람에게는 적합하지 않습니다. 고품질 성분: 당사의 케토 단백질 바는 최고 품질의 재료로만 만들어져 모든 음식을 최대한 활용할 수 있습니다. 저희는 각 성분을 신중하게 선택하여 저탄수화물, 저설탕, 케토 친화적이므로 식단을 손상시키지 않고 즐길 수 있습니다. 또한, 저희는 감미료로 알룰로스를 사용하여 인슐린이나 혈당이 급증하지 않고 맛있는 맛을 제공합니다.",이동 중에도 맛있고 죄책감 없는 간식을 찾고 계십니까? 멈출 수 없는 식물 기반 케토 단백질 바보다 더 이상 찾으실 필요가 없습니다. 초콜릿 칩 브라우니의 거부할 수 없는 맛과 함께 12개 팩으로 제공됩니다. 순탄수화물 1g과 설탕 0g으로 구성된 이 저탄수화물 간식은 케토제닉 라이프 스타일에 완벽한 추가 아이템입니다. 바 당 110칼로리밖에 되지 않아 건강 목표를 손상시키지 않으면서 만족스러운 간식을 즐길 수 있습니다. 글루텐 프리 케토 바는 고품질 재료로 만들어졌으며 11g의 완전 비건 단백질로 포장되어 하루 종일 영양을 공급하고 만족할 수 있습니다. 또한 바쁜 일정이 어디로 가든 편리하고 쉽게 휴대할 수 있도록 설계되었습니다. 오늘 케토 바로 간식 게임을 업그레이드하고 저탄수화물 및 저설탕 식단을 방해하지 않는 맛있고 건강한 간식을 즐기세요.,"['키토', '탄수화물', '단백질', '간식', '설탕', '맛있다', '식단', '재료', '칼로리', '맛']"
식음료,스낵 및 디저트,단백질바,,B0DB9QGGB9,"고단백 바, Fit Crunch & Quest 히어로 바 버라이어티 박스: 고단백 스낵, 저설탕, 저탄수화물, 케토 친화적 - 바 9개 샘플러 팩",Mission Nutrition,41536,41536,,,"고단백 바가 문앞에 바로 닿습니다! 우리는 단백질 바를 좋아하지만 설탕이 함유된 단백질은 좋아하지 않습니다. 다량의 설탕을 첨가하지 않고 가장 맛있고 영양이 풍부한 옵션을 찾는 것이 저희의 약속입니다. 기분 좋은 달콤한 간식을 받을 자격이 있습니다! Mission Nutrition Protein 크런치 바 버라이어티 박스는 Quest Hero & Fit 크런치 바를 포함한 최고의 브랜드를 맛볼 수 있는 편리하고 재미있는 방법입니다. 박스 구성: 크리미 크리스프 1개, 캐러멜 캐슈 1개, 생일 케이크 1개, 퀘스트 히어로: 초콜릿 땅콩 버터 1개, 쿠키 & 크림 1개, 초콜릿 캐러멜 피칸 1개. 핏 크런치: (1) 초콜릿 땅콩 버터, (1) 민트 초크 칩, (1) 초크 칩 쿠키 반죽. 완벽한 단백질 스낵: 15-20g의 단백질과 1-3g의 설탕으로 가득한 이 단백질 바는 운동 후 급유, 이동 중 바쁜 아침 또는 신학기에 이상적입니다! 바삭하고 바삭함: 이 단백질 바는 크리미한 맛의 바삭한 레이어를 특징으로 하며 모두 맛있는 바닐라 또는 초콜릿 코팅으로 덮여 있습니다. 풍미가 가득한 단백질 크런치 바는 실제로 맛이 좋은 저설탕, 고단백 간식을 위한 환상적인 선택입니다. 완벽한 선물 또는 셀프 트리트먼트: 자신을 위한 최고의 선물이나 특별한 선물을 찾고 계십니까? 당사의 고단백 바 스낵 박스는 기뻐할 달콤한 서프라이즈입니다! 건강한 탐닉의 기쁨을 친구 및 가족과 공유하거나 모든 것을 자신에게 맡기세요 Mission Nutrition에서 독점 선별! 최고 수준의 더 나은 옵션을 제공하기 위한 당사의 헌신은 각 선택에서 빛을 발합니다. 편히 앉아서 휴식을 취하고 개봉의 흥분을 즐기면서 피킹을 해보십시오!","단백질 크런치 바를 문앞까지 바로 즐기세요! Mission Nutrition은 단백질 바를 좋아하지만 설탕이 함유된 단백질은 좋아하지 않습니다. 당사의 약속은 많은 양의 설탕을 첨가하지 않고도 가장 맛있고 영양이 풍부한 옵션을 제공하여 기분 좋은 달콤한 간식을 즐길 수 있다는 것입니다. Mission Nutrition Protein 크런치 바 버라이어티 박스는 최고의 브랜드를 맛볼 수 있는 편리하고 재미있는 방법을 제공합니다! 초콜릿 칩 쿠키 반죽, 민트 칩, 생일 케이크, 쿠키 & 크림, 캐러멜 피칸 등과 같은 다양한 맛이 포함되어 있습니다! 각 바는 15-20g의 단백질과 1-3g의 설탕으로 포장되어 운동 후 급유, 바쁜 아침 또는 신학기에 완벽한 간식입니다! 가볍고 바삭한 질감의 이 웨이퍼 바는 맛있는 바닐라 또는 초콜릿 코팅으로 덮인 크리미한 레이어가 특징이며, 풍미가 가득합니다. 최고의 선물이나 자신을 위한 특별한 간식을 찾고 계신다면, 당사의 고단백 웨이퍼 스낵 박스는 분명 기뻐할 것입니다. Mission Nutrition에서 독점적으로 선별한 최고의 옵션을 제공하기 위한 당사의 헌신은 각 선택에서 빛을 발합니다. 편히 앉아서 휴식을 취하고 개봉의 흥분을 즐기면서 피킹을 해보십시오!","['단백질', '설탕', '박스', '단백', '최고', '크런치', '초콜릿', '간식', '선물', '맛있다']"
식음료,스낵 및 디저트,단백질바,,B07V4BCFJ4,"NuGo 다크 민트 초콜릿 칩, 13g 단백질 바, 비건, 글루텐 프리, GMO 프리, 코셔 파레브, 24개입",NuGo,55400,55400,4.6,560.0,"모든 NuGo 다크 바는 퇴폐적인 진짜 다크 초콜릿에 담겨 있습니다. 당신이 좋아하는 맛으로 필요한 영양을 가지고 있습니다! 모든 NuGo 다크 바는 글루텐 프리, 비건이며 10g-13g의 고품질 단백질을 함유하고 있습니다. 훌륭한 맛: NuGo 다크 바가 다른 단백질 바와 다른 점은 무엇입니까? 맛! 건강에 좋은 진짜 재료를 사용한 리얼 다크 초콜릿은 모두가 좋아하는 풍성한 맛을 제공합니다. Gatorade, Kind, Pure Protein과 같은 다른 단백질 바 브랜드는 팜 오일로 만든 다크 초콜릿을 사용합니다. NuGo Dark는 코코아 버터로 만든 리얼 다크 초콜릿을 제공합니다! 더 나은 성분: 모든 NuGo 다크 바는 인공 성분, 인공 감미료, 말티톨 및 팜유가 포함되어 있지 않습니다. 여러분이 알고 사랑하는 재료만을 제공합니다. 인증된 비건 제품: NuGo 다크 바는 식물성 단백질로 포장되어 있으며 동물성 제품이나 부산물이 없습니다. Nugo Dark는 완벽한 인증 비건 간식입니다. 글루텐 프리 인증: NuGo Dark는 글루텐 프리 인증을 받았으며 맛을 희생할 필요가 없습니다.","모든 NuGo 다크 바는 퇴폐적인 진짜 다크 초콜릿에 담겨 있습니다. 여러분이 좋아하는 맛으로 필요한 영양을 가지고 있습니다. 모든 NuGo 다크 바는 글루텐 프리, 비건, 코셔 파레브 제품으로 10g-13g의 고품질 단백질을 함유하고 있습니다.","['다크', '맛', '프리', '단백질', '초콜릿', '비건', '글루텐', '인증', '진짜']"
식음료,스낵 및 디저트,단백질바,,B001TSRLC2,"Atkins 고급 스낵 / 가벼운 식사 바, 5개, 305216, 1, 1",,16481,16481,4.4,5988.0,집 또는 이동 중에도 사용할 수 있습니다. Atkins 캐러멜 초콜릿 땅콩 누가 스낵 바. 바쁜 일정에 맞는 맛있는 스낵 바를 즐기세요. 1회 제공량당 순탄수화물 3g과 설탕 2g을 즐기세요. 오늘의 Atkins. 당신의 접근 방식. 좋아하는 맛을 희생하지 않으면서 몸에 필요한 영양소를 공급할 수 있도록 도와줍니다. 놀라운 레시피. 고품질 재료로 만든 훌륭한 음식의 영양소와 만족스러운 맛을 즐기세요. 개별적으로 포장된 43.9g(1.5온스) 바가 포함된 5개입 상자에 제공됩니다. 좋은 맛. 이 맛있는 스낵 바로 저탄수화물 라이프 스타일에 충실하세요.,Atkins™ 캐러멜 초콜릿 땅콩 누가 맛 스낵 바는 섬유질이 풍부하고 캐러멜과 초콜릿의 거부할 수 없는 맛과 땅콩과 누가의 만족스러운 크런치로 폭발합니다. 이 저당* 스낵 바는 이동 중이거나 시간이 부족하거나 라이프 스타일에 맞는 간식을 원할 때 완벽한 선택입니다. 이 케토 친화적* 바는 1회 제공량당 3g의 순탄수화물과 2g의 설탕을 함유하고 있습니다*.,"['스낵', '맛', '캐러멜', '누가', '탄수화물', '땅콩', '초콜릿', '만족스럽다', '설탕', '라이프']"
식음료,스낵 및 디저트,단백질바,,B0CW921DWP,"Sakara 디톡스 단백질 슈퍼 바 - 타히니 + 바닐라 클린 단백질 바, 블루 스피루리나가 함유된 식물성 단백질 13g, 바디 디톡스 단백질 스낵 바",,41550,41550,3.2,36.0,Sakara 디톡스 단백질 슈퍼 바는 신체의 자연스러운 해독 과정을 지원하여 클렌징을 촉진하고 피부 광채를 향상시킵니다. 식물성 단백질 12g. 디톡스 프로틴 바는 광채를 향상시키는 블루 스피루리나와 참깨(타히니의 주요 성분이며 섬유질이 풍부함)를 함유하여 신체의 자연스러운 클렌징 과정을 지원합니다. 이 바는 바닐라 타히니 맛이며 글루텐과 유제품 없이 만들어졌습니다. 각 바에는 13g의 식물성 단백질과 8g의 섬유질이 포함되어 있습니다. 시스템을 리셋해야 할 때마다 맛있는 간식으로 즐기거나 매일 해독 지원으로 즐기세요. Sakara의 목적은 양질의 영양을 재정의하고 식물의 힘을 공유하는 것입니다. 당사는 정신에 따라 과학이 뒷받침하는 기능성 식품을 제공합니다.,,"['단백질', '디톡스', '식물성', '클렌징', '신체', '해독', '함유', '스피루리나', '섬유질', '광채']"
식음료,스낵 및 디저트,단백질바,,B00G8YUB38,"NuGo Stronger Peanut Cluster, 유청 단백질 23g, 섬유질 10g, 글루텐 프리, (12개 팩)",NuGo,50164,50164,3.9,181.0,"진지한 운동 선수는 심각한 연료가 필요합니다. NuGo Stronger는 운동 및 회복 경험을 최대한 활용하기 위해 모든 성분과 칼로리를 계산하는 고단백질 바입니다. 23g의 프리미엄 유청 단백질을 함유한 이 단백질 바는 스포츠 영양 및 체중 관리 소비자의 요구를 충족하는 모든 요소를 갖추고 있습니다. 고단백질: 23g의 고품질 유청 단백질을 함유한 이 스포츠 단백질 바는 고품질 재료, 우수한 맛 및 최고의 성능면에서 경쟁사를 능가합니다. 코셔 대두 단백질 없음: 당사의 고단백 바는 콩 단백질을 함유하지 않습니다 GMO 프리 성분: NuGo Nutrition은 고객과 그 가족의 건강을 위해 강력하게 최선을 다하고 있습니다. 이것이 저희가 NuGo 바에 대한 GMO 프리 성분을 공급원 검증한 이유입니다. NuGo Stronger 바는 깨끗한 GMO 프리 유청 단백질을 특징으로 합니다 글루텐 프리 인증: NuGo Stronger 바는 인증된 글루텐 프리 성분만을 함유하고 있습니다. 이 스포츠 바에는 팽창을 일으키는 밀이 없습니다 저설탕 단백질 바: NuGo Stronger 바는 인공 감미료와 말티톨이 없는 대부분의 고단백질 바보다 설탕이 35-40% 적습니다 4가지 맛있는 맛: 땅콩 클러스터, 초콜릿 캐러멜, 캐러멜 프레첼, 쿠키 앤 크림","NuGo 더 강한 고단백질 바는 운동 및 회복 경험에서 심각한 결과를 얻는 데 필요한 고품질 영양을 제공하는 놀라운 고성능 바입니다. 캔디 바만큼 맛이 좋은 건강한 천연 유청 단백질 바! NuGo STRONGER는 운동 및 회복 경험을 최대한 활용하기 위해 모든 성분과 칼로리를 계산하는 고단백질 바입니다. 대두 단백질이 없는 최초의 고단백 저당(말티톨 없음) 바로, 고품질 유청 단백질을 사용하여 스포츠 영양 및 체중 관리 소비자의 요구를 충족하는 모든 요소가 포함되어 있습니다.","['단백질', '프리', '유청', '성분', '함유', '스포츠', '운동', '회복', '경험', '영양']"
식음료,스낵 및 디저트,단백질바,,B0CW25FNCM,"Power Crunch PRO 단백질 웨이퍼 바, 맛있는 맛의 고단백 스낵, 초콜릿 민트, 56.7g(2온스) (4개)",Power Crunch,12451,10318,4.5,35.0,"고단백질, 맛있는 맛의 유청 단백질 바: Power Crunch PRO 초콜릿 민트는 크림으로 채워진 크런치 웨이퍼 쿠키에 단백질 20g을 함유하고 있습니다 제품 구성: Power Crunch PRO 프로틴 바 4개, 초콜릿 민트, 각 56.7g(2온스) 다른 제품과 달리 소화하기 쉬운 간식: Power Crunch PRO 바는 고DH 가수분해된 프로토 유청 단백질을 사용하여 20g의 단백질로 만들어집니다. 완벽한 운동 전후 간식: 운동 전후 간식으로 Power Crunch PRO 단백질 바를 즐기거나 단순히 일일 단백질 섭취량을 늘리고 싶을 때 즐기세요. 이 고단백 저설탕 간식으로 갈망을 만족시키세요. 단백질 바와 단백질 간식 비교: 퀘스트, 순수 단백질, Met-RX 및 Cliff Builders Ba","Power Crunch PRO 바는 가정이나 이동 중에도 완벽한 단백질 간식입니다. 20g의 단백질과 4-7g의 설탕으로 구성된 이 맛있는 유청 단백질 에너지 바는 이상적인 간식입니다. Power Crunch PRO 고단백 바는 고DH 가수분해된 프로토 유청 단백질로 만들어졌습니다. 이것은 스마트 단백질 영양의 정점입니다! 이 훌륭한 맛, 고단백 및 저당 단백질 바로 피트니스 목표를 달성하세요!","['단백질', '간식', '단백', '유청', '초콜릿', '맛', '맛있다', '민트']"
식음료,스낵 및 디저트,단백질바,,B00JHAAJMS,"Think Thin Bar Chnky Pnt Btr Gf, 59.5g(2.1온스) (5팩)",thinkThin,28073,28073,4.3,339.0,"Think Thin Bar Chnky Pnt Btr Gf, 59.5g(2.1온스), 5개입",Think Thin Bar Chnky Pnt Btr Gf 5개,['개입']
식음료,스낵 및 디저트,단백질바,,B09MSV52JW,"Truth Bar 프리바이오틱 및 프로바이오틱 케토 스낵 비건 바, 오메가-3 함유 - 신바이오틱 고섬유질 스낵 - 저설탕, 코셔, 글루텐 프리 - 다크 초콜릿 레몬 코코넛 케이크(12팩)",,55372,55372,3.9,221.0,"장 건강 영양 바 - 프리바이오틱스 및 프로바이오틱스가 함유된 식물 기반의 180칼로리 트루스 바는 9g의 섬유질과 치아 씨앗의 오메가-3를 함유하여 번성하는 장내 미생물군집을 형성하는 데 도움이 됩니다. 무설탕 초콜릿 - 만족스럽게 퇴폐적인 다크 초콜릿 딥 바. Truth Bars는 정제된 스테비아 추출물과 몽크 과일을 포함한 천연 과일 감미료의 조합으로 단맛을 냅니다. 이동 중 간식: Truth Bars는 정크나 설탕을 너무 많이 먹지 않고도 훌륭한 에너지를 제공하며 만족감을 줍니다. 이동 중에도 간식, 운동 전후 바 또는 건강한 디저트로 좋습니다. 건강상의 이점이 있는 훌륭한 맛 - 저희 고객은 풍부한 퇴폐적인 다크 초콜릿에 담근 달콤하고 시트러스 레몬 코코넛 케이크 바를 충분히 얻을 수 없습니다. 모든 식단 유형에 이상적 - Truth 케토 단백질 바는 프로바이오틱스, 고섬유질 및 저설탕 외에도 글루텐 프리 비건, 코셔, 콩 프리 및 GMO 프리 제품입니다.",,"['초콜릿', '프리', '설탕', '함유', '다크', '섬유질', '훌륭하다', '건강', '과일', '글루텐']"
식음료,스낵 및 디저트,단백질바,,B0CSXPV7GH,"Quest Nutrition 단백질 바, 다양한 6가지 맛 버라이어티 팩 - 고단백질, 저탄수화물, 글루텐 프리, 키토 친화적 - 60g(2.2온스) 바 - 6개입",Generic,34611,34611,3.4,14.0,"Quest Nutrition 단백질 바, 6가지 맛 버라이어티 팩 - 고단백질, 저탄수화물, 글루텐 프리, 케토 친화적 - 60.1g(2.2온스) 바 - 6개입","Quest Nutrition 단백질 바, 6가지 맛 버라이어티 팩 - 고단백질, 저탄수화물, 글루텐 프리, 케토 친화적 - 60.1g(2.2온스) 바 - 6개입","['단백질', '프리', '탄수화물', '버라이어티', '맛', '글루텐', '개입', '키토']"
식음료,스낵 및 디저트,단백질바,,B0D1XTR4CF,"ProGo Clean Protein Bars | 매우 부드럽고 부서지기 쉬운 에너지 바 | 건강한 단백질 바 저설탕 고단백질 | 18g 분리 단백질, 글루텐 프리, 저탄수화물 스낵 (커피 크런치, 20개)",ProGo,55386,55386,4.3,204.0,"더 많은 단백질, 더 많은 힘: 16g에서 개선된 ProGo 바에 18g의 순수 우유 분리 단백질로 단백질 부스트를 준비하세요! 깨끗하고 콩 프리 단백질 바는 활동적인 라이프 스타일에 활력을 불어넣고 활력을 유지하기 위해 고단백으로 가득합니다. 더 부드럽고 촉촉하며 씹을 수 있습니다. 당사의 새로운 포뮬러는 부드럽고 거부할 수 없을 정도로 촉촉하며 만족스럽게 쫄깃한 동시에 여러분이 좋아하는 것과 동일한 맛있고 부서지기 쉬운 질감을 유지합니다. 턱 운동은 잊으세요. 즐거운 간식 경험을 위해 에너지 바를 맛보세요. 풍부하고 대담한 맛: 초콜릿 땅콩 버터, 커피, 솔티드 캐러멜, 블루베리 코코넛으로 미뢰를 관리하세요. 당사의 글루텐 프리 영양 바는 한 입 먹을 때마다 풍부하고 대담한 맛으로 가득합니다. 달콤함, 자연스러움: 죄책감이 없고 맛만 있습니다! 당사의 단백질 바는 정제된 설탕이나 인공 감미료 없이 8g의 천연 꿀로 단맛을 냅니다. 활동적이고 균형 잡힌 라이프 스타일을 지원하는 저탄수화물, 저칼로리 간식을 즐기세요. 이동 중에도 단백질 스낵: 바쁜 일정을 위해 설계된 단백질 바는 녹지 않으며 글러브 박스, 지갑, 체육관 가방 또는 도시락에 쉽게 보관할 수 있습니다. 삶이 어디든지 전원을 켜세요!",,"['단백질', '프리', '맛', '부드럽다', '풍부하다', '글루텐', '분리', '설탕', '활동', '쉽다']"
식음료,스낵 및 디저트,단백질바,,B0BB35HGV7,"HMR 바, 단백질 바 버라이어티 팩 | 체중 유지를 지원하는 영양 스낵 | 저칼로리 디저트 | 단백질 10g | 5가지 맛, 24개입",HMR,59541,59541,4.5,851.0,"Healthy Swap 체중 감량은 결코 맛있지 않습니다! HMR의 맛있는 맛 바 5개 버라이어티 팩으로 저칼로리 옵션을 위해 맛을 희생할 필요가 없습니다. 세트에는 초콜릿 칩, 아이스 오트밀, 레몬이 각각 4개, 퍼지 그레이엄과 초콜릿 땅콩 버터 각각 6개가 포함되어 있습니다. 1회 제공량당 150~180칼로리로 체중 감량 목표를 달성하면서 맛있는 간식을 즐길 수 있습니다. 단백질로 채워진 바 당 10g의 단백질이 함유된 이 달콤한 디저트는 포만감과 만족감을 선사합니다. 체중을 관찰하는 동안 배고프지 않아도 됩니다! 이동 중일 먼치? 운동 전후 에너지 부스트가 필요하십니까? 이 부드럽고 쫄깃한 바는 고칼로리 그래놀라 또는 캔디 바에 대한 편리하고 건강한 대안을 제공합니다. 아마존 스토어를 방문하여 더 많은 바 선택을 받으세요. 카운트 박스에는 24개의 맛있는 바가 포함되어 있습니다. HMR HMR Plan 소개, LLC는 칼로리와 섭취량을 조절하는 영양학적으로 완전하고 포만감 있는 식사 및 간식을 제공하도록 설계된 체중 감량/유지 관리 및 라이프 스타일 변화 프로그램입니다.",,"['체중', '단백질', '맛있다', '칼로리', '감량', '맛', '버라이어티', '디저트', '유지', '간식']"
식음료,스낵 및 디저트,단백질바,,B0CQKL86Z6,"Verb Energy - 초콜릿 칩 땅콩 버터 카페인 단백질 바 - 190칼로리 6g 설탕 10g 단백질 바 - 비건 스낵 - 유기농 녹차가 포함된 글루텐 프리 아침 식사 바, 49g(12팩)",Verb Caffeinated Energy Bar,43669,43669,4.4,110.0,"균형 잡힌 에너지를 위한 동사 바: 속도를 늦추지 않고 속도를 높이기 위해 제작된 Verb Bars는 맛있는 저설탕, 고단백 간식으로 완벽하게 균형 잡힌 에너지 레벨을 제공합니다. 커피에 의존하는 다른 케토 스낵이나 에너지 바와 달리, Verb Bars는 에스프레소만큼 많은 카페인을 위해 유기농 녹차로 만들어졌으며 흔들림, 흔들림 또는 충돌 없이 지속적인 에너지를 제공합니다 고단백질, 저설탕 영양 바: 일반적인 단백질 바, 섬유질 바 및 아침 식사 바는 충분한 에너지를 제공하기 위해 탄수화물과 설탕이 많이 함유되어 있지만 Verb Bars는 간단하고 맛있으며 깨끗하게 설계되었습니다. 적절한 양의 단맛(설탕 6g)과 1회 제공량당 190칼로리밖에 없는 다이어트 친화적인 에너지 바입니다. 피트니스 목표를 위태롭게 하지 않는 완벽한 배고픔을 없애는 스낵 바입니다 의심할 여지 없이 맛있는 오트밀 초콜릿 칩 단백질 바: 고단백 식사 대체품이나 저칼로리 아침 식사 바가 필요하든, 이 맛있는 스낵 바는 배가 으르렁거리는 소리를 막는 데 실패하지 않습니다. 190칼로리, 설탕 6g, 단백질 10g, 깨끗한 카페인 80mg으로 글루텐 프리 비건 단백질 바는 분명 여러분을 기쁘게 할 것입니다 데일리 에너지 필수품을 위한 갈망할 가치가 있는 스낵 바: Verb Energy는 내부에서 당신을 비추고 더 활기차고 밝고 긍정적인 삶의 순간으로 당신을 움직이는 에너지를 방출하는 것이 당사의 사명입니다. 언제든지 가방이나 서랍에 보관할 수 있는 맛있는 저당 에너지 바와 단백질 바 또는 비건 유기농 바를 만들어 활기차고 행복하게 지낼 수 있기를 바랍니다",,"['에너지', '단백질', '설탕', '스낵', '맛있다', '칼로리', '식사', '아침', '카페인', '비건']"
식음료,스낵 및 디저트,단백질바,,B0CYHK7CZV,"Zing 오트밀 초콜릿 칩 아동용 단백질 바, 글루텐 프리 100칼로리 미니 바, 고단백질, 비건 영양 바, 유제품 프리 식물 기반 단백질, 저설탕, 무설탕 알코올 - 18개입",Zing,37381,37381,5.0,2.0,"아동용 비건 단백질 바, 고단백 글루텐 프리, 유제품 프리 영양 바, 식물성 단백질",Zing 오트밀 초콜릿 칩은 사과의 자연스러운 달콤함으로 가득 차 있으며 글루텐 프리 블렌딩으로 영양이 풍부한 선택을 원하는 건강 중심의 사람들에게 완벽한 간식입니다.,"['프리', '단백질', '글루텐', '영양', '유제품', '초콜릿', '오트밀', '비건', '아동', '설탕']"
식음료,스낵 및 디저트,단백질바,,B07Z8BFGBQ,"Atlas Protein Bar, 단백질 20g, 설탕 1g, 깨끗한 성분, 글루텐 프리, 민트 초콜릿 칩 (12개, 1팩)",,41411,41411,3.7,78.0,"깨끗한 연료로 계속 사용할 수 있습니다 단백질 20g, 설탕 1g, 순탄수화물 4g 천연 성분으로만 제작 아쉬와간다가 포함되어 있어 기분이 좋아지고 더 나아갈 수 있도록 도와줍니다 에리스리톨, 글루텐 또는 씨드 오일 없음 미국에서 제작",,"['성분', '글루텐', '제작', '깨끗하다', '단백질', '설탕', '프리', '기분', '미국', '민트']"
식음료,스낵 및 디저트,단백질바,,B01N2L386F,"NutriWise - 땅콩 버터 & 젤리 바 | 글루텐 프리 다이어트 영양 바 | 고단백질, 저지방, 콜레스테롤 프리 (7/박스)",NutriWise,22146,22146,4.2,850.0,"Delicious Flavor Combo: Enjoy the classic taste of peanut butter and jelly in a convenient bar. It's a nostalgic treat that's perfect for satisfying your sweet cravings at any time. High-Protein Powerhouse: Fuel your day with a protein-packed snack that satisfies hunger. Each bar delivers a substantial protein boost to support your active lifestyle. Gluten-Free Goodness: Enjoy worry-free snacking with our 100% gluten-free formula. Perfect for those with gluten sensitivities or anyone seeking a cleaner diet. Low-Fat, High-Flavour: Indulge in rich, creamy peanut butter and sweet jelly Flavors without derailing your diet. These bars prove that low fat doesn't mean low taste. Portable Perfection: Perfect for on-the-go snacking, NutriWise bars fit easily into your bag or pocket. Enjoy these peanut butter and jelly protein bars, anytime, anywhere.",,"['프리', '콜레스테롤', '지방', '젤리', '영양', '버터', '박스', '땅콩', '단백질', '다이어트']"
식음료,스낵 및 디저트,단백질바,,B0CLMF6VH9,"JYM 단백질 바, 코코넛 초콜릿, 매크로 친화적, 죄책감 없는 간식, 남성 및 여성용",JYM Supplement Science,48461,40289,3.6,42.0,JYM BARS는 진정으로 완벽한 피트니스 음식입니다.,Pro Jym 프로틴 바 - 16g 단백질 | 유청 및 우유 단백질 블렌드 | JYM Supplement Science | 초콜릿 코코넛,"['단백질', '코코넛', '초콜릿', '피트니스', '프로', '진정', '죄책감', '음식', '유청', '우유']"
식음료,스낵 및 디저트,단백질바,,B0D15VSBYL,"MTN OPS Peanut Butter Bliss 단백질 바, 분리 유청 및 농축 유청 및 콜라겐이 함유된 고단백질, 저설탕, 글루텐 프리, 10개입",MTN OPS,41480,41480,4.3,179.0,"비교할 수 없는 맛 - 죄책감이 없고 맛있는 단백질 맛으로 건강하고 풍성하며 갈망하지 않는 느낌을 줍니다. 끔찍한 뒷맛이 없습니다. 단백질 20G - 별 5개 등급 맛을 사용하여 단백질 포장 간식을 제공합니다. 이동 중 식사 - 식욕을 억제하고 하루에 활력을 주는 영양 밀도와 단백질 포장 바. 균형 잡힌 탄수화물 - 단백질, 탄수화물 및 건강한 지방의 균형 잡힌 비율로 몸에 매일 필요한 영양소를 제공합니다. 저설탕 - 설탕은 적지만 맛이 없는 이 바는 바쁜 라이프 스타일을 위한 완벽한 솔루션입니다.",,"['단백질', '맛', '설탕', '건강하다', '균형', '유청', '탄수화물', '포장']"
식음료,스낵 및 디저트,단백질바,,B0BFSFGNHR,"RXBAR 단백질 바, 단백질 12g, 글루텐 프리 스낵, 딸기, 623.7g(22온스) 박스 (바 12개)",,43225,43225,4.5,215.0,"달콤하고 육즙이 많은 딸기로 제작되었습니다. 단백질을 위한 달걀 흰자, 결합할 날짜, 질감을 위한 견과류와 결합되었습니다 RXBAR 단백질 바는 완벽한 비율로 구성되어 있습니다. 한 번에 전체 스낵바를 먹거나 맛있는 오후 간식을 위해 일부를 절약하세요 12g의 단백질 함유(일일 섭취량의 22%), 글루텐 프리, 팔레오 친화적, 코셔 파레브, 간단한 진짜 음식 재료와 맛있는 맛 아침 식사 시간, 점심 시간 또는 운동 간식으로 이 단백질 바를 즐기세요. RXBAR 단백질 바는 모든 활동적인 라이프 스타일을 위한 완벽한 간식입니다 12개의 딸기 단백질 바가 들어 있는 623.7g(22온스) 박스 1개가 포함되어 있습니다. 신선함과 훌륭한 맛을 위해 포장됩니다","당사의 딸기 단백질 바는 대추야자, 달걀 흰자, 아몬드, 캐슈, 달콤하고 육즙이 많은 딸기의 다섯 가지 재료로 만들어집니다. 글루텐 프리, 죄책감 없는 단백질 바는 모든 활동적인 라이프 스타일에 완벽한 건강에 좋은 간식입니다. 한 입 먹을 때마다 단순하고 진짜 재료가 결합된 진짜 딸기 맛으로 가득합니다. 바당 단백질 12g(일일 섭취량 22%)과 설탕 0g(저칼로리 식품은 아님)을 즐기세요. 아침 식사 시간, 점심 시간 또는 운동 전후 간식으로 이 단백질 바를 즐기세요. 바 전체를 삼키거나 나중을 위해 일부를 절약하세요. 각 바는 하루 종일 사용할 수 있도록 연료로 포장된 이동 중 단백질 간식입니다. 다른 단백질 바, 에너지 바 및 아침 식사 바는 당신에게 더 좋은 재료의 맛과 비교할 수 없습니다. RXBAR Strawberry 단백질 바를 통해 얻을 수 있는 것이 바로 여기에 있습니다.","['단백질', '간식', '딸기', '재료', '맛', '프리', '식사', '결합', '완벽하다', '진짜']"
식음료,스낵 및 디저트,단백질바,,B09G3FVF5Y,"SANS Chocolate Lovers 식사 대용 단백질 바 | 설탕이 첨가되지 않은 천연 영양 바 | 유제품 프리, 콩 프리, 글루텐 프리 | 17가지 필수 비타민 및 미네랄 | (12팩)",,55386,55386,4.2,414.0,"성인을 위한 건강한 간식 -- SANS 설탕, 인공 감미료, 유제품, 콩 또는 글루텐이 첨가되지 않은 최적의 영양 식사 대체 바를 만들었습니다. 간단하고 건강한 바는 배낭여행 식사 또는 식사 교체에 적합합니다. 고단백 간식 -- 필수 다량 영양소의 이상적인 비율로 가득한 민트 카카오 밀 교체 바는 단백질 15g, 섬유질 8g, 일일 섭취량 15가지 필수 비타민과 미네랄을 최소 10% 함유한 고단백질 간식입니다. 미션이 있는 식사 -- SANS 진정으로 영양이 풍부하고 맛있는 식사 교체 바를 제공하는 데 중점을 두고 있으며, 누구나 고단백 간식을 쉽고 저렴하게 즐길 수 있습니다. 식사를 구매하고 식사를 제공하세요 -- SANS 식사 교체 바를 구매할 때마다 도움이 필요한 사람에게 영양이 풍부한 식사를 제공합니다. 당사의 현재 프로그램은 아이티의 영양 부족 지역 사회에 서비스를 제공합니다.",,"['식사', '영양', '간식', '단백질', '필수', '프리', '유제품', '비타민', '단백', '글루텐']"
식음료,스낵 및 디저트,단백질바,,B0D2XMZ6NS,"Sure Life Foods Paleo 바, 14개 개별 포장",Sure Life Foods,29071,29071,4.3,9.0,"짭짤하고 달콤한 단백질 포장 간식 아몬드, 꿀, 코코넛, 호박 씨앗, 브라질 너트, 치아 씨앗, 바다 소금 및 계피가 함유되어 있습니다 그레인 프리, 글루텐 프리, 팔레오 인증, 무콜레스트롤","아몬드, 꿀, 코코넛, 호박 씨앗, 치아 씨앗, 바다 소금 및 계피를 결합하여 풍미와 달콤한 단백질 포장 간식을 만듭니다.","['씨앗', '포장', '호박', '계피', '꿀', '단백질', '달콤하다', '바다', '소금', '간식']"
식음료,스낵 및 디저트,단백질바,,B08YLH9F91,"Atkins Double Fudge 브라우니 단백질 식사 바, 고섬유질, 단백질 15g, 설탕 1g, 순탄수화물 4g, 식사 대체품, 키토 친화적",,19722,19722,4.3,2602.0,"집 또는 이동 중에도 사용할 수 있습니다. Atkins 더블 퍼지 브라우니 단백질 식사 바. 1회 제공량당 단백질 15g, 설탕 1g, 순탄수화물 4g으로 바쁜 일정에 맞는 맛있는 식사 바를 즐기세요. 오늘의 Atkins. 당신의 접근 방식. 좋아하는 맛을 희생하지 않으면서 몸에 필요한 영양소를 공급할 수 있도록 도와줍니다. 놀라운 레시피. 고품질 재료로 만든 훌륭한 음식의 영양소와 만족스러운 맛을 즐기세요. 개별적으로 포장된 47.9g(1.6온스) 바가 포함된 5개입 상자에 제공됩니다. 좋은 맛. 이 맛있는 식사 바로 저탄수화물 라이프 스타일에 충실하세요.","Atkins Double Fudge 브라우니 맛 단백질 식사 바는 달콤한 퍼지와 촉촉한 브라우니 맛이 꿈결 같은 식사 바에 모이는 곳입니다. 이 저당* 케토 친화적* 단백질 바는 이동 중이거나 시간이 부족하거나 쫄깃한 식사 바의 만족과 퍼지 브라우니의 훌륭한 맛을 원할 때 완벽한 선택입니다. 이 맛있는 식사 바는 섬유질의 좋은 공급원이며 1회 제공량당 단백질 15g, 설탕 1g, 순탄수화물 4g을 함유하고 있습니다*. *칼로리 및 포화 지방 함량에 대한 영양 성분을 참조하십시오. 섬유: 1회 제공량당 총 지방 10g. 저설탕: 1회 제공량당 총 설탕 1g. 저칼로리 음식이 아닙니다. 케토 친화적: Atkins 케토제닉 프로그램과 함께 사용할 경우.","['식사', '단백질', '맛', '설탕', '브라우니', '탄수화물', '키토', '맛있다', '지방', '훌륭하다']"
식음료,스낵 및 디저트,단백질바,,B07VGH7FL9,"GoMacro MacroBar 미니 유기농 비건 단백질 바 - 버라이어티 팩 (25.5g(0.9온스) 바, 24개)",GoMacro,45164,45164,4.6,1646.0,"좋아하는 새로운 매크로바 미니를 찾으세요: 어떤 맛을 좋아할지 결정할 수 없다면, MacroBar 미니 버라이어티 팩은 모든 것을 맛볼 수 있는 좋은 방법입니다! 각 트레이에는 팬이 좋아하는 7가지 맛의 24개의 로우 FODMAP 바가 포함되어 있습니다. 바 변형은 변경될 수 있습니다. 건강한 탐닉스: 인식 가능한 성분과 식물 기반 단백질로 활력을 유지하고 만족하며 연료를 공급하세요. 이 100-110 칼로리 스낵은 마크로바에 대해 좋아하는 모든 맛을 작은 간식 패키지로 제공합니다. 신뢰할 수 있는 인증: 모든 GoMacro MacroBar Minis는 유기농, 비건, 글루텐 프리, 코셔, GMO 프리, C.L.E.A.N., FODMAP 친화적, 콩 프리 인증을 받았기 때문에 안심하고 간식을 먹을 수 있습니다. 맛있는 것에 대한 인증이 있다면, 우리도 그것을 가질 것입니다! 책임감 있는 공급: 우리는 지구에 더 가깝고 가공되지 않은 자연 식품은 몸과 영혼에 더 건강하다고 믿습니다. 당사는 취향, 인증 및 환경 관리에 대한 높은 기준을 충족하는 공급업체와 협력합니다. 임무에 따른 고단백질 간식: 어머니딸이 소유하고 지속 가능하게 주도하며 농촌 지역 사회에 기반을 둔 당사의 사명은 세상에 긍정적인 영향을 미치는 비건 바를 사용하여 균형 잡힌 식물 기반 라이프 스타일에 대한 인식을 전파하는 것입니다.","각 MacroBar 미니 버라이어티 팩에는 땅콩 버터 초콜릿 칩 4개, 코코넛 + 아몬드 버터 + 초콜릿 칩 3개, 오트밀 초콜릿 칩 4개, 메이플 바다 소금 3개, 해바라기 버터 + 초콜릿 3개, 레몬 + 레몬 3개, 더블 초콜릿 + 땅콩 버터 칩 4개를 포함하여 우리가 가장 좋아하는 미니 모음이 포함되어 있습니다.","['초콜릿', '미니', '인증', '버터', '프리', '간식', '맛', '공급', '버라이어티', '비건']"
식음료,스낵 및 디저트,단백질바,,B075M2XX58,"Proti-Thin Fluffy 바닐라 크리스프 단백질 바, 단백질 15g, 저칼로리, 매우 낮은 탄수화물(VLC), 저지방, 고섬유질 스낵 바, 케토 다이어트 친화적, 이상적인 단백질 호환, 글루텐 성분 없음, 7/박스",Proti-Thin,26245,26245,4.6,491.0,"채우기 & 만족: 이 바는 훌륭하고 저렴한 간식이나 식사 대체 옵션입니다. 저탄수화물, 고단백질: 15g의 단백질과 7g의 섬유질이 함유된 저지방 글루텐 프리 단백질 및 섬유질 바는 더 오래 포만감을 느끼고 에너지를 증가시키며 하루 종일 간식을 덜 촉진합니다. 훌륭한 맛: 이 단백질 바는 설탕과 탄수화물 없이 달콤한 것에 대한 갈망을 만족시킬 것입니다! 신뢰할 수 있는 브랜드: Proti-Thin은 전국의 병원, 의사 및 체중 감량 클리닉에서 지원하는 고영양 체중 감량 제품을 제공하기 위해 최선을 다하고 있습니다 PROTI-THIN 건강한 식습관을 돕습니다: 쉐이크, 아침 식사, 앙트레, 보충제, 수프 등의 맛있는 범위로 자신만의 영양 계획을 만드세요.",Proti-Thin 푹신한 바닐라 크리스프 매우 낮은 탄수화물(VLC) 단백질 바를 사용하면 저탄수화물 식단을 고수하면서 바닐라 바삭한 간식 바의 마시멜로 장점을 즐길 수 있습니다! 플러피 바닐라 크리스프 바는 15g의 고품질 단백질과 7g의 섬유질이 포함되어 있지만 설탕은 3g만 함유하고 있습니다. 이 클래식한 간식은 항상 사랑받고 많은 사람들을 즐겁게 합니다.,"['단백질', '탄수화물', '간식', '바닐라', '섬유질', '크리', '스프', '체중', '감량', '글루텐']"
식음료,스낵 및 디저트,단백질바,,B08JW767TQ,"Zing 다크 초콜릿 민트 아동용 단백질 바, 글루텐 프리 100칼로리 미니 바, 고단백질, 비건 영양 바, 유제품 프리 식물 기반 단백질, 코셔, 저설탕, 무설탕 알코올 - 18개입",,37381,37381,4.3,472.0,"다크 초콜릿 민트 미니 내부: 구운 아몬드는 코코아에 가루를 뿌리고 크리미한 아몬드와 캐슈 버터에 매달려 신선한 페퍼민트로 가득 차 있으며 진짜 다크 초콜릿으로 싸여 있습니다. 맛있는 펀치를 담은 영양 스낵 바: 다크 초콜릿 민트 미니 단백질 바는 천연 페퍼민트의 상쾌한 감각과 다크 초콜릿의 독특한 달콤함을 결합하여 페퍼민트 와 초콜릿 디너 민트의 추억을 불러일으킵니다. 영양의 기준을 설정합니다: 전문 영양사가 만든 Zing Bars는 식물 기반 단백질, 몸에 좋은 지방, 풍부한 섬유질 및 활력을 주는 저혈당 탄수화물을 제공합니다. 그 결과 하루 종일 힘을 줄 영양 바가 탄생했습니다 장어의 차이점: Zing 영양 단백질 바는 여러분이 원하는 것을 충분히 가지고 있습니다. 고품질의 전체 재료, 놀라운 맛, 식사 후 몇 시간 동안 안정적이고 신뢰할 수 있는 에너지. Zing 바는 무료입니다: 콩 프리, 유제품 프리, 글루텐 프리, 글리포세이트 프리(살충제 잔여물 없음), GMO 프리, 인공 향료 또는 색소 없음, 설탕 알코올 없음.",다크 초콜릿 민트는 진짜 다크 초콜릿과 페퍼민트를 함유하고 있어 페퍼민트 패티나 안데스 민트와 같은 맛이 나는 독특하고 자연스러운 페퍼민트입니다. 저희 버전은 훨씬 더 풍부하고 달콤하지 않습니다. 식물 기반 단백질 11g과 프리바이오틱 섬유 10g으로 만족스럽고 마음을 사로잡는 맛있는 맛을 제공합니다! 풍부한 해바라기 씨 버터를 사용하여 진짜 페퍼민트 맛을 혼합하고 페루 다크 초콜릿으로 덮어 입안에서 녹는 맛과 맛의 조합을 제공합니다.,"['초콜릿', '다크', '단백질', '페퍼민트', '프리', '민트', '맛', '영양', '미니', '풍부하다']"
식음료,스낵 및 디저트,단백질바,,B0DFD3N5MB,"FITCRUNCH 풀 사이즈 단백질 바, Robert Irvine 디자인, 6겹 베이킹 바, 설탕 7g, 글루텐 프리 및 소프트 케이크 코어 (풀 사이즈 바 12개, 초콜릿 브라우니)",Fit Crunch,52616,52616,4.5,3790.0,단백질 30g 설탕 7g 410칼로리 글루텐 프리 셰프 제작 독특한 6겹 베이크드 바,"FITCRUNCH 풀 사이즈 단백질 바, Robert Irvine이 디자인, 6겹 베이크드 바, 설탕 7g, 글루텐 프리 및 소프트 케이크 코어 (풀 사이즈 바 12개, 초콜릿 브라우니)","['풀', '프리', '단백질', '설탕', '글루텐', '케이크', '초콜릿', '코어', '소프트', '베이크드']"
식음료,스낵 및 디저트,단백질바,,B0B72B7HRV,"Atlas Protein Bar, 단백질 20g, 설탕 1g, 깨끗한 성분, 글루텐 프리, 아몬드 초콜릿 칩 (12개, 3팩)",,117655,117655,3.3,229.0,"깨끗한 연료로 계속 사용할 수 있습니다 단백질 20g, 설탕 1g, 순탄수화물 4g 천연 성분으로만 제작 아쉬와간다가 포함되어 있어 기분이 좋아지고 더 나아갈 수 있도록 도와줍니다 에리스리톨, 글루텐 또는 씨드 오일 없음 미국에서 제작",,"['글루텐', '제작', '깨끗하다', '단백질', '설탕', '성분', '프리', '에리스리톨', '기분', '미국']"
식음료,스낵 및 디저트,단백질바,,B08FKX7J3H,"think! 섬유질용 치커리 뿌리가 있는 단백질 바, 소화 지원, 분리 유청 단백질이 함유된 글루텐 프리, 초콜릿 칩, 인공 감미료 없는 스낵 바, 39.7g(1.4온스) (10개)",,25539,25539,4.5,4569.0,"단백질 및 섬유 바를 Protein+ 150 칼로리 바로 재출시하면서 레시피를 약간 변경하고 새로운 코팅을 도입했으며 성분 목록을 단순화했습니다. 가장 중요한 것은 맛있는 맛을 타협하지 않았다는 데 동의하시기 바랍니다. 초콜릿 칩 바의 모든 바이트는 초콜릿 칩으로 채워져 있으며 씹을 때마다 쫄깃하고 바삭하게 섞여 있습니다. 이 바는 하루를 보낼 수 있는 맛있는 방법입니다. 10g 단백질: 식사 사이의 배고픔과 싸우고 간식 갈망을 충족시키기 위해 약간의 연료가 필요할 때 편리하고 맛있는 간식입니다. 포만감을 지원합니다. 6g 설탕: 인공 감미료 없음 - 수크랄로스, 사카린, 아스파탐, 아세설팜 칼륨, 네오타메 또는 이펙타임을 포함하지 않습니다. 설탕 섭취량(낮은 GI)을 시청하는 사람들에게 좋습니다. 5g 섬유: 소화를 돕는 좋은 섬유질 공급원. 저희는 인공 색소나 향료가 없는 재료를 선택하는 것에 자부심을 가지고 있습니다. *모든 성분은 유전 공학 없이 생산되었습니다. think! 10개 포함. 초콜릿 칩 바.",각 think! 바는 목표를 달성하는 데 필요한 굶주림과 싸우는 단백질과 맛있고 갈망할 만한 맛을 혼합합니다. 따라서 이동 중이거나 트레일 중간에 간식이 필요하거나 운동 전에 픽업을 갈망할 때 think! 제품을 구매하세요. 바.,"['단백질', '초콜릿', '맛있다', '간식', '갈망', '인공', '감미료', '맛', '설탕', '섬유']"
식음료,스낵 및 디저트,단백질바,,B0CZXB73C5,"MINDRIGHT Superfood 비건 단백질 바 | 글루텐 프리 GMO 저설탕 | 식물성 단백질 바 | 기분과 에너지를 향상시키는 천연 뇌 식품 건강한 스낵 (땅콩 브라우니, 12팩)",mindright,41536,41536,4.3,730.0,"기분, 에너지 및 집중력 향상에 도움: 당사의 방향성 주입 슈퍼푸드 단백질 바는 행복하고 건강한 마음을 지원하기 위해 천연 및 비 GMO 뇌 부스팅 항산화 물질과 강장제를 함유한 +해피 브레인 블렌드로 독특하게 제작되었습니다. 건강한 성분: 당사의 단백질 바에서 발견되는 모든 성분은 최고의 의사와 영양사들이 추천합니다. 특별한 재료는 다음과 같습니다: Ashwagandha (KSM-66), 인삼, 동충하초, MCT 오일, 프리바이오틱 섬유 및 해바라기 레시틴. 훌륭한 맛: 글루텐 프리 단백질 바는 풍미가 풍부하여 완벽한 선택입니다. 각 Mindright 바는 모든 단백질 바 애호가의 입맛을 즐겁게 하여 과자를 갈망하는 완벽한 솔루션입니다! 단백질 포장: Mindright 바는 쉬운 고단백 스낵을 위한 평균 단백질 펀치를 담고 있습니다. 이 섭취하기 쉬운 바는 식물성 완두콩 단백질 10g과 코코넛 야자 설탕 7g만 함유되어있어 이상적인 체육관 또는 스포츠 영양 단백질 바입니다. 땅콩 브라우니: 유통 기한이 12개월인 Mindright의 영양이 풍부하고 맛있는 브레인 푸드 바로 저탄수화물 단백질 바를 죄책감 없는 간식을 즐기세요. 땅콩 브라우니는 달콤함과 맛이 완벽하게 조화를 이룹니다","기분, 에너지 및 집중력을 향상시킵니다. 당사의 맛있는 식물 기반 단백질 바는 행복하고 건강한 마음을 지원하기 위해 고안된 천연 뇌 부스팅 항산화 물질, 방향제 및 강장제의 독점적인 혼합인 +HAPPY BRAIN BLEND로 구동됩니다.","['단백질', '건강하다', '완벽하다', '천연', '브라우니', '에너지', '뇌', '기분', '땅콩', '향상']"
식음료,스낵 및 디저트,단백질바,,B0BVKY595P,레몬 머랭 바 - New Journey Weight Loss & Wellness - 고단백질 식사 대체 영양 바 (7 바/박스),New Journey Weight Loss & Wellness,24916,24916,5.0,2.0,다이어트 중이거나 식단에 단백질을 추가로 섭취하고 싶을 때 즐길 수 있는 완벽한 고단백 바입니다!,,"['단백질', '추가', '중이', '완벽하다', '영양', '식사', '식단', '섭취', '박스', '머랭']"
식음료,스낵 및 디저트,단백질바,,B07R69GWW7,"식물 기반 천연 에너지 바 (55g(1.8온스) 단백질 바, 12개) 고단백 GMO 프리, 글루텐 프리, 비건 건강 간식 - 캐러멜 초콜릿 청크",Tahoe Trail Bar,44306,44306,4.5,382.0,"맛있고 건강함 - Tahoe Trail Bar 제품은 다른 ""건강한"" 트레일 믹스 바와는 다릅니다. 저희는 천연 식물 기반 성분을 퇴폐적인 캐러멜 및 초콜릿과 짝을 이루어 깨끗하고 자연스러운 에너지와 더 나은 맛을 제공합니다. 충만하고 만족감을 유지합니다 오래 지속되는 에너지 - 야외 활동을 위해 만들어진 식사 대체 단백질 바. 탄수화물 29g, 섬유 3g 및 단백질 10g의 균형 잡힌 배합으로 고강도 활동을 통해 전력을 공급하는 데 필요한 빠른 연소 에너지를 제공합니다 식물 기반 성분 - 깨끗한 식물 기반 성분과 짝을 이루는 대담한 맛은 타의 추종을 불허하는 맛과 질감을 제공합니다. 글루텐 프리, GMO 프리, 비건, 트랜스 지방 없음, 콜레스테롤 없음, 인공 향료 또는 색소 없음: 글루텐 프리 귀리, 말린 과일, 해바라기 씨, 견과류, 코코넛, 아마씨 여행을 위한 연료 - 하루에 필요한 에너지를 제공하는 건강한 스낵 바. Tahoe 트레일 바는 아침 식사, 운동 전 또는 운동 후 간식을 먹거나 사이클링, 하이킹, 달리기와 같은 모든 종류의 신체 활동에 활력을 불어넣는 데 도움이 되는 훌륭한 선택입니다 산책로로 되돌아 가세요 - 당사는 몸에 연료를 공급하고 싶을 뿐만 아니라 우리가 사랑하는 트레일을 보호하기 위해 노력합니다. 모든 수익의 1%는 미래를 대비하고 가까운 트레일을 건설하기 위해 1%를 통해 조직에 전달됩니다. 당사는 2030년까지 1,000마일의 트레일에 충돌하는 임무를 수행하고 있습니다",,"['프리', '에너지', '트레일', '식물', '기반', '건강하다', '활동', '성분', '단백질', '글루텐']"
식음료,스낵 및 디저트,단백질바,,B08LCKD498,"Raw Power 코코아 오렌지 크리켓 바, 핏 및 활성 단백질 바, 영양가 있는 팔레오 다이어트 간식, 크리켓 단백질이 함유된 식사 대체 바, 운동 후 에너지 바, 8개 팩 - Green Bite",Green Bite,37256,37256,4.0,69.0,"귀뚜라미의 건강한 음식 - 영양소가 가득한 단백질 바로 전환하세요! Green Bite의 크리켓 단백질 바는 귀뚜라미에서 자연적으로 공급됩니다. 이 ""원더 곤충""은 고기와 오메가-3 지방산보다 2-3배 더 많은 단백질을 함유하여 더 많은 영양 식사 대안을 제공합니다! 슈퍼푸드 에너지 바 - 이 식사 바의 건강한 에너지로 아침을 시작하세요! 저칼로리 바는 높은 섬유질과 비타민 B12 함량을 가지고 있습니다. 아침이나 점심에 적합하며 하이킹, 달리기 또는 기타 모험을 계속할 수 있습니다. 맛있는 영양 바 - 건강한 단백질 바를 사용해보고 귀뚜라미가 얼마나 맛있는지 알아보세요! 이 놀라운 원시 영양의 경이로움은 육즙이 풍부한 오렌지 맛과 자연스러운 단맛을 결합했습니다. 한번 먹어보세요 - 설탕이나 꿀을 첨가하지 않아도 충분히 달콤할 것입니다! 단 8가지 깨끗한 성분 - 단순하고 비건, 글루텐 프리, 무설탕 즐거움을 맛보세요! 당사의 파워 바는 크리켓 가루, 아몬드, 구운 호박씨 단백질, 대추야자, 치커리 시럽, 바이오 로스트 코코아, 코코아 닙, 오렌지 에센셜 오일 등 8가지 천연 성분으로 만들어졌습니다. 깨끗하고 의식적인 선택 - Green Bite 는 환경에 해를 끼치지 않는 건강하고 맛있는 음식을 만들기 위해 최선을 다하고 있습니다. 당사는 건강 에너지 바에 식물 기반 자원을 사용하며 결코 동물 농업에 참여하지 않습니다. 식단을 깨뜨리지 않고 깨끗한 단백질을 제공합니다!",,"['단백질', '에너지', '건강하다', '크리켓', '식사', '오렌지', '영양', '깨끗하다', '코코아', '귀뚜라미']"
식음료,스낵 및 디저트,단백질바,,B0D96HFP3P,"Dave's Bread, Amped-Up 유기농 단백질 바, 더블 초콜릿 코코넛, 땅콩 버터 초콜릿 청크, 블루베리 아몬드 버터(바 12개 팩) - Make Your Day 백 클립 포함",Make Your Day,59541,48461,,,"맛있는 버라이어티 팩: 더블 초콜릿 코코넛, 땅콩 버터 초콜릿 청크, 블루베리 아몬드 버터 등 세 가지 편리한 번들로 군침이 도는 맛을 즐기세요. 모든 갈망을 충족시키는 데 적합합니다. 총 12개의 바. 고단백 간식: 각 바는 유기농 단백질로 포장되어 하루 종일 활력을 유지하고 풍성하게 유지합니다. 운동 후 회복, 정오 간식 또는 이동 중 영양에 이상적입니다. 영양이 풍부하고 건강함: 이 단백질 바는 단백질이 풍부할 뿐만 아니라 섬유질, 비타민 및 미네랄이 풍부하여 균형 잡힌 식단을 유지하기 위한 영양가 있는 선택입니다. MAKE YOUR DAY 가방 클립: 당사의 비닐 봉투 클립은 강력하고 안전한 밀봉을 제공하여 음식을 더 오래 신선하게 유지합니다. 이 신뢰할 수 있는 클립으로 오래된 간식과 지저분한 흘림과 작별 인사를 하세요.","Dave's Bread, Amped-Up 유기농 단백질 바, 더블 초콜릿 코코넛, 땅콩 버터 초콜릿 청크, 블루베리 아몬드 버터(바 12개 팩) - Make Your Day 백 클립 포함 맛있는 버라이어티 팩: 더블 초콜릿 코코넛, 땅콩 버터 초콜릿 청크, 블루베리 아몬드 버터 등 세 가지 편리한 번들로 군침이 도는 맛을 즐기세요. 모든 갈망을 충족시키는 데 적합합니다. 총 12개의 바. 고단백 간식: 각 바는 유기농 단백질로 포장되어 하루 종일 활력을 유지하고 풍성하게 유지합니다. 운동 후 회복, 정오 간식 또는 이동 중 영양에 이상적입니다. 영양이 풍부하고 건강함: 이 단백질 바는 단백질이 풍부할 뿐만 아니라 섬유질, 비타민 및 미네랄이 풍부하여 균형 잡힌 식단을 유지하기 위한 영양가 있는 선택입니다. 데이 백 클립 만들기: 당사의 비닐 봉투 클립은 강력하고 안전한 밀봉을 제공하여 음식을 더 오래 신선하게 유지합니다. 이 신뢰할 수 있는 클립으로 오래된 간식과 지저분한 흘림과 작별 인사를 하세요.","['단백질', '버터', '클립', '초콜릿', '유지', '간식', '풍부하다', '더블', '아몬드', '영양']"
식음료,스낵 및 디저트,단백질바,,B01ARTJQ6W,"Metagenics Ultra Energy Bars - 에너지 유지에 도움, 캐러멜 바다 소금 맛 - 바 12개",Metagenics,72754,72754,3.7,32.0,에너지를 유지하는 데 도움이 되는 새롭고 개선된 훌륭한 맛의 글루텐 프리 바 9g의 섬유 특징 - 대부분의 섬유는 프리바이오틱 섬유인 이눌린에서 나옵니다 14g의 유청/우유 단백질 제공 - 탄수화물 25g 맛있는 초콜릿 코팅으로 맛을 낸 캐러멜 바다 소금 자연이 디자인하고 의사가 신뢰하는 제품: Metagenics는 사람들이 건강하고 행복한 삶을 살 수 있도록 돕는 제품과 연결합니다,울트라 에너지는 14g의 단백질과 25g의 탄수화물을 공급하여 에너지를 유지합니다. 고품질 유청 및 우유 단백질과 9g의 섬유질이 특징입니다. 대부분의 섬유는 프리바이오틱 섬유인 이눌린에서 나옵니다. 배고픔을 만족시키는 맛있는 방법입니다.,"['섬유', '에너지', '단백질', '맛', '유지', '소금', '바다', '맛있다', '우유', '도움']"
식음료,스낵 및 디저트,단백질바,,B06XKQ6XZ8,"Warrior Crunch 고단백 저탄수화물 바, 64g, 소금 카라멜, 12개 들이 팩",Warrior,63446,63446,4.4,329.0,바 당 단백질 20 그램 - 19.8 g (7 온스)이며 3 알 이상입니다. 저희 바는 고품질 콩과 우유 단백질로 포장되어 스포츠 연습 직후 근육이 재형성되고 회복되도록 도와줍니다. 낮은 탄수화물 - 각 크런치 바는 3g / 0.1 oz 미만의 충격 탄수화물을 함유하여 케토 식단을 따르고 체중 증가를 조절하려는 사람들에게 이상적입니다. 저설탕 - 설탕 3 g / 0.1 oz 미만으로 이 고단백 바는 혈당 수치를 낮게 유지하여 에너지 레벨을 더 오래 유지할 수 있습니다. 츄이 크리스피 스낵 바 - 구이 캐러멜과 초콜릿의 3중 레이어로 덮인 바삭한 조각으로 제작되었습니다. 다른 간식처럼 맛이 좋은 고단백질 바! 단백질 바 12개 팩 - 개별 포장된 고단백질 바 12개. 운동 후 또는 선택한 다이어트 계획의 일부로 즐기세요.,"Warrior CRUNCH 바는 시장에서 가장 맛있는 저탄수화물 및 고단백 바일 수 있습니다. 풍부하고 맛있는 다층, 바삭한 저탄수화물 고단백 바는 하루 중 언제든지 완벽합니다. 매우 높은 단백질 - 바 당 20g. 저탄수화물 및 저당. 삼중 레이어 멋진 장점. 믿을 수 없을 정도로 맛있는 Warrior CRUNCH 바는 12개월 이상의 연구 및 개발 결과로, 24시간 동안 고단백질, 저탄수화물, 건강한 영양 프로필을 진정한 ""캔디 바"" 경험을 제공하는 무언가에 혼합합니다. 크런치 바는 20g의 건강한 단백질로 포장되어 멋진 카라멜 층에 포장되어 맛있는 초콜릿으로 포장되었습니다. Warrior CRUNCH 바는 닭 가슴살만큼 단백질을 거의 가지고 있지만 미셀린 스타가 있는 사막처럼 맛있습니다. 바 당 설탕 2.3g, 충격 탄수화물 2.3g에 불과한 Warrior CRUNCH는 다이어트, 깨끗한 식사, 그리고 일 년 내내 마른 상태를 유지하는 데 완벽한 단백질 바입니다. 전사를 위해 제작되었으며, 운동 선수를 위해 디자인되었으며 승리로 이끌어 갑니다.","['단백질', '탄수화물', '맛있다', '포장', '단백', '설탕', '유지', '카라멜', '층', '운동']"
식음료,스낵 및 디저트,단백질바,,B010OW4DHY,"PROBAR 식사대용 바, 슈퍼푸드 슬램, 비GMO, 글루텐 프리, 유기농 인증, 건강, 식물 기반 천연 식품 성분, 천연 에너지원, 9개입",Probar,44250,44043,4.2,185.0,"각 PROBAR에는 약 70% 미가공된 15개 이상의 자연 식품이 포함되어 있습니다. 즉, 가공으로 파괴되지 않은 최상의 영양적 품질을 얻는다는 것을 의미합니다. 이러한 영양 성분은 기존 기술로 복제할 수 없습니다.","슈퍼푸드 슬램은 영양 강국입니다. 당사의 유기농 아사이 베리, 순수 라즈베리, 다크 초콜릿 및 그린은 PROBAR의 10가지 시그니처 재료와 함께 혼합되어 당신에게 좋고 모든 입에 매우 맛있는 바를 제공합니다.","['영양', '가공', '성분', '슬램', '식품', '유기농', '슈퍼', '천연', '푸드', '그린']"
식음료,스낵 및 디저트,단백질바,,B0D9PKCNMW,"Barebells Protein Bars 쿠키 & 크림 - 12개, 56.7g(1.9온스) 바 56.7g(1.8온스) 바 - 고단백질 20g이 함유된 단백질 스낵 - 총 설탕 1g이 함유된 초콜릿 단백질 바 - 이동 중 단백질 스낵 및 아침 식사 바",BAREBELLS,82961,82961,4.4,9944.0,"BAREBELLS 쿠키 & 크림 (2개 팩) - 이 베어벨 단백질 바 쿠키와 크림은 달콤한 밀키 크림과 바삭한 쿠키 크리스피로 덮인 부드럽고 크리미한 쿠키 도우 코어를 가지고 있습니다. 시도해보세요. 부드러운 질감으로 마음을 사로잡을 것입니다! 설탕이 첨가되지 않은 맛있는 고단백질 간식 - 초콜릿 바나 간식처럼 맛이 나는 단백질 바를 찾고 계십니까? Barebells의 단백질 바는 설탕이 첨가되지 않았으며 20g의 단백질이 들어 있습니다. 전설적인 질감과 맛 - Barebells 고단백 바는 부드러운 질감과 군침 도는 맛으로 유명합니다. Barebells 초콜릿 단백질 바는 미뢰를 즐겁게 하기 위해 제작되었습니다! 의식적인 간식 - 저희 바는 GMO 프리 및 팜 오일 프리 9가지 놀라운 맛으로 제공됩니다. 저희는 제품을 지속적으로 개발하고 매크로 친화적인 단백질 바가 부드러운 맛을 낼 필요가 없다는 것을 세상에 증명하기 위해 노력하고 있습니다. 하지만 맛있습니다! 이동 중에도 고단백 간식 - Barebells는 운동 전 또는 운동 후 간식, 사무실 간식 또는 설탕을 첨가하지 않고 초콜릿이나 달콤한 갈망을 충족시키고 싶은 모든 사람에게 최고의 선택입니다 BAREBELLS 소개 – 스웨덴에서 시작되어 2016년에 출시된 Barebells는 간식과 디저트에 대한 다양한 단백질 대안을 제공합니다. Barebells는 맛을 타협하지 않으며 다양한 요구를 충족시킵니다. 설탕 무첨가 - *저칼로리 또는 저칼로리 식품이 아닙니다. 설탕, 칼로리 및 포화 지방 함량에 대한 영양 정보를 확인하세요.","BAREBELLS 버라이어티 팩 (2개 팩) - 당사의 단백질 바 버라이어티 팩은 팬들이 좋아하는 맛을 맛있게 혼합한 것입니다. 쿠키 & 크림, 캐러멜 캐슈, 솔티 피넛, 초콜릿 반죽 등 20g의 단백질이 포함되어 있습니다.","['단백질', '간식', '맛', '쿠키', '설탕', '초콜릿', '크림', '부드럽다', '첨가', '맛있다']"
식음료,스낵 및 디저트,단백질바,,B0D9C3MS86,"POWER 비스킷 | 허니 너트 프로틴 바, 단백질 11g, 꿀, 땅콩, 대추야자, 코코아 버터로 제작, 저렴하고 좋은 제품(바 1개)",,5526,5526,,,"단백질 포장: 11g의 단백질을 자랑하는 이 고밀도 비스킷은 영양이 풍부한 간식 옵션입니다. 맛있는 재료: 꿀, 땅콩, 대추야자, 코코아 버터 및 더 많은 땅콩으로 만들어져 풍미 가득한 블렌드를 만듭니다. 합리적인 편의성: POWER 비스킷은 맛있고 비용 효율적인 싱글 바 옵션을 제공합니다. 다용도 간식: 단백질이 풍부한 비스킷을 만족스러운 이동 중 간식이나 운동 전/후 연료로 즐기세요. 1개만 구입하면 시도해 보고 마음에 들거나 싫어하는 경우 더 많이 구입할 수 있지만 적어도 12개 이상이 걸리지 않습니다.","맛있고 영양이 풍부한 파워 비스킷으로 몸에 영양을 공급하세요. 바당 11g의 단백질로 가득한 밀도가 높고 만족스러운 간식입니다. 꿀, 땅콩, 대추야자, 코코아 버터 및 더 많은 땅콩의 독특한 혼합으로 제작된 이 비스킷은 미뢰를 감질나게 하는 즐거운 맛의 조합을 제공합니다. 다음 산책을 추진하려는 지망생 운동 선수이든, 빠르고 편리한 에너지원이 필요한 바쁜 전문가이든, 단순히 맛있고 충분한 간식을 좋아하는 사람이든, POWER 비스킷은 탁월한 선택입니다. 맛있을 뿐만 아니라 저렴한 옵션이기도 하므로 예산이 많은 사람들에게 이상적인 간식입니다. 그리고 우리 모두는 예산에 맞는 아미라이트에 있어야 합니다. 한 번에 1개의 POWER 비스킷을 구입하는 편리함을 즐기세요. 마음에 들지 않고 다른 브랜드처럼 줄 수 없는 12개의 바에 걸리지 않습니다. 두 개 이상 구입하면 배고픔이 닥칠 때마다 영양이 풍부한 간식을 손에 넣을 수도 있습니다. 단백질로 가득 찬 비스킷의 풍부하고 만족스러운 맛을 즐기고 건강에 좋고 놀랍고 동급 최고의 영양의 힘을 경험하십시오.","['비스킷', '간식', '단백질', '땅콩', '풍부하다', '영양', '맛있다', '구입', '만족스럽다', '버터']"
식음료,스낵 및 디저트,단백질바,,B0B1KHYNLC,"Atlas Protein Bar, 단백질 20g, 설탕 1g, 깨끗한 성분, 글루텐 프리 (유청 품종, 12개입 (2팩))",,80260,80260,3.6,19.0,"다른 제품과 비교할 수 없는 바: Atlas Bars는 깨끗한 재료와 뛰어난 영양을 결합하여 다른 제품과 비교할 수 없는 바를 만듭니다. 과학을 뒷받침하는 당사의 포뮬러는 천연 성분으로 만들어져 하루 종일 풍성하고 집중하며 활력을 유지합니다. 작업, 훈련 또는 놀 때 당사의 바는 최고의 성능을 유지하도록 설계되었습니다. 깨끗한 성분: 진짜 성분이 더 좋습니다. 당사의 바는 목초 사육 유청 단백질, 신선한 견과류 버터, 진짜 과일과 같은 고품질의 깨끗한 재료만을 사용하여 제작되었습니다. 당사는 수크랄로스, 설탕, 씨앗 오일 및 인공 성분이 없는 제품을 만들기 위해 최선을 다하고 있습니다. 탁월한 영양: 고품질 단백질 20g과 천연 설탕 1g으로 구성된 저희 바는 깨끗하고 천연 성분으로 만든 영양 강국으로 하루 종일 최고의 기분을 유지합니다. 인공적인 것이 아닙니다: 저희는 순수하고 단순하게 유지한다고 믿습니다. 저희 바는 인공 향료, 색소, 방부제 및 감미료가 없습니다. Atlas를 사용하면 고품질의 천연 성분으로 몸에 영양을 공급하고 있다는 것을 알고 안심할 수 있습니다. 다이어트 친화적: 아틀라스는 거의 모든 라이프 스타일에 완벽한 연료입니다. 저희 바는 저탄수화물, 케토 친화적, 콩 프리, 글루텐 프리, 클린 라벨 및 고섬유질입니다.",,"['성분', '깨끗하다', '천연', '유지', '영양', '설탕', '프리', '단백질', '인공', '비교']"
식음료,스낵 및 디저트,단백질바,,B0CQ14DH7T,"Promix Nutrition 비건 단백질 퍼프 바 | 고단백질, 저칼로리 마시멜로 크리스피 간식 | 코셔, 콩 프리 - 애플 크리스프",ProMix Nutrition,49846,49846,3.6,97.0,"갈망 억제 및 회복 지원: 당사의 비건 단백질 퍼프 바는 훈련 전후에 이동 중이거나 간식이 필요할 때마다 손에 들고 다니기에 좋습니다. 전체 성분, 훌륭한 맛: Promix는 농장 및 생산자와 직접 협력하여 완두콩 단백질, 유기농 코코넛 오일, 유기농 세미 스위트 초콜릿 칩 및 유기농 코코아 파우더와 같은 맛있는 고품질 재료로 제품을 만들 수 있도록 합니다. 매우 깨끗함: 당사의 비건 단백질 퍼프 바는 땅콩, 옥수수, 카놀라유 및 인공 색소나 향료 없이 만들어집니다. 글루텐 프리 및 GMO 프리. 인공 성분 없음: Promix는 성능, 성분 품질 및 안전을 위해 전문 운동 선수가 지정한 표준에 따라 제품을 만드는 과학 기반 영양 회사입니다. 저희는 최고의 느낌과 성능을 원하는 사람들에게 진지하게 깨끗한 보충제와 간식을 제공합니다.",,"['단백질', '간식', '프리', '성분', '퍼프', '비건', '유기농', '깨끗하다', '인공', '성능']"
식음료,스낵 및 디저트,단백질바,,B00CKQXHCK,"고단백질 영양 바, 12개, 5770012, 1",,34555,34555,3.4,217.0,"글루텐 프리 고단백질 바는 활동적이고 건강한 라이프 스타일을 지원합니다. 단백질, 지방 및 탄수화물의 이상적인 균형 ""Elisabeth Hasselbeck, 글루텐 프리 엄마, Emmy Award-Winning Talk Show Host, New York Times Best-Selling Author The G -Free Diet and Deliciously G-Free. 모든 천연 성분, 바 당 20그램의 단백질","NoGii high protein chocolate coconut bar contains 17 grams of high quality protein. Perfect for a quick on-the-go meal or to refuel after a workout, these tasty bars are just the right fit for your nutritional gluten-free food choice.","['단백질', '프리', '글루텐', '활동', '탄수화물', '천연', '지방', '영양', '엄마', '스타일']"
식음료,스낵 및 디저트,단백질바,,B0B72BX5T5,"Atlas Protein Bar, 단백질 20g, 설탕 1g, 깨끗한 성분, 글루텐 프리, 다크 초콜릿 아몬드 (12개, 3팩)",,117655,117655,3.7,17.0,"깨끗한 연료로 계속 사용할 수 있습니다 단백질 20g, 설탕 1g, 순탄수화물 4g 천연 성분으로만 제작 아쉬와간다가 포함되어 있어 기분이 좋아지고 더 나아갈 수 있도록 도와줍니다 에리스리톨, 글루텐 또는 씨드 오일 없음 미국에서 제작",,"['글루텐', '제작', '깨끗하다', '단백질', '설탕', '성분', '프리', '에리스리톨', '기분', '다크']"
식음료,스낵 및 디저트,단백질바,,B09LWNGC19,"ProtiWise 고단백질 15g 바 | 7/박스 | 체중 감량, 다이어트, 케토 친화적, 기아 조절, 식사 대체품 | 글루텐 프리, 저지방, 저설탕 (레몬 크림)",,24777,24777,4.3,825.0,"더 오래 유지하고, 갈망을 억제하고, 체중을 줄이세요: 15g의 단백질과 영양소가 함유되어 하루 종일 풍성하고 활력이 넘치며 간식을 덜 느낄 수 있습니다. 식사 대체품으로 사용하거나 건강한 식사와 짝을 이루어 쉽게 선택할 수 있습니다. 지방 연소에 연료를 공급하여 체중 감량 속도를 높이고 몇 시간 동안 배고프지 않게 합니다. 큰 맛: 여분의 칼로리와 설탕을 추가하지 않고도 달콤한 것에 대한 갈망을 만족시키는 보람있는 맛있는 맛을 즐기십시오! 다른 맛 없는 다이어트 바를 다시 먹으면서 고생할 필요가 없습니다. 의료 등급 영양: 프리미엄 성분이 함유된 이 개별 포장된 바는 영양소로 강화되었습니다. 고단백질, 저탄수화물 섭취 계획을 포함한 다양한 다이어트 프로토콜을 지원하기 위해 여성과 남성을 위해 특별히 제작되었습니다. 체중 감량 촉진: 운동 전후에 적합합니다. 운동 약 1시간 전에 단백질 바를 잡고 에너지와 마른 근육 지원을 위한 탄수화물과 단백질을 제공합니다. 운동 후 에너지를 보충하고 근육 회복 과정을 돕습니다. 신뢰할 수 있는 브랜드 | 최적의 체중 관리를 위해 과학적으로 제작된 ProtiWise 제품은 전국의 병원, 의사 및 체중 감량 클리닉에서 지원하는 프리미엄 체중 관리 제품을 제공하기 위해 최선을 다하고 있습니다. Doctors Weight Loss FBA에서 구입하면 훌륭하고 개인화된 고객 서비스로 제품을 지원합니다. 단위 카운트 유형: 카운트 각 단위 수: 7.0 성분: 단백질 블렌드 (분리 콩 단백질, 우유 단백질 농축액, 건조 계란 흰자), 이소말툴올리고당, 땅콩, 글리세린, 팜 커널 및 팜유, 설탕,",,"['단백질', '체중', '감량', '설탕', '맛', '식사', '운동', '다이어트', '관리', '에너지']"
식음료,스낵 및 디저트,단백질바,,B073M9TV4S,"Warrior Crunch 고단백 저탄수화물 화이트 초콜릿 크리스프 바, 64g, 12개 팩",Warrior,63723,63723,4.5,238.0,바 당 20 그램 단백질 - 19.8 g (7.7 온스)이며 총 3 개 이상의 달걀입니다! 저희 바는 고품질 콩과 우유 단백질로 포장되어 스포츠 연습 직후 근육을 다시 만들고 회복할 수 있도록 도와줍니다 저탄수화물 - 각 크런치 바는 3g / 0.1 oz 미만의 충격 탄수화물을 함유하고 있어 케토 식단을 따르고 체중 증가를 조절하려는 사람들에게 이상적입니다 저설탕 - 설탕이 3g/0.1온스 미만인 이 고단백질 바는 혈당 수치를 낮게 유지하여 에너지 레벨을 더 오래 유지할 수 있도록 도와줍니다 츄이 크리스피 스낵 바 - 바삭하고 바삭한 바삭한 조각으로 구운 캐러멜과 초콜릿의 3중 레이어로 제작되었습니다. 다른 간식만큼 맛이 좋은 고단백질 바! 단백질 바 12개 팩 - 개별 포장된 고단백질 바 12개. 운동 후 또는 선택한 다이어트 계획의 일부로 즐기세요,"Warrior CRUNCH 바는 아마도 시장에서 가장 맛있는 저탄수화물, 고단백질 바입니다! 풍부한 맛, 다층, 바삭한 저탄수화물, 고단백질 바는 하루 중 언제든지 완벽합니다. 매우 높은 단백질 - 바당 20g. 저탄수화물 및 저설탕. 3중 레이어 끈적한 편안함. 믿을 수 없을 정도로 맛있는 Warrior CRUNCH 바는 12개월 이상의 연구 및 개발 결과로, 고단백질, 저탄수화물, 건강한 영양 프로필을 혼합하여 24시간 동안 작용하여 진정한 ""캔디 바"" 경험을 제공합니다. 크런치 바는 20g의 건강한 단백질로 포장되어 화려하게 감싼 캐러멜 층에 포장되어 맛있는 초콜릿으로 포장됩니다. Warrior CRUNCH 바는 닭 가슴살만큼 단백질을 거의 가지고 있지만 미슐린 출연 사막처럼 맛있습니다. 바 당 2.3G의 설탕과 2.3g의 충격 탄수화물, Warrior CRUNCH는 다이어트, 깨끗하게 먹고, 일 년 내내 마른 상태를 유지하는 완벽한 단백질 바입니다. 전사를 위해 제작되었으며 승리를 위해 운동선수를 위해 디자인되었습니다.","['단백질', '탄수화물', '포장', '바삭', '설탕', '맛있다', '초콜릿', '유지']"
식음료,스낵 및 디저트,단백질바,,B09TRXXHB8,"Atlas Protein Bar, 식물 단백질 20g, 설탕 1g, 깨끗한 성분, 글루텐 프리, 다크 초콜릿 바다 소금 (12개, 1팩)",,41411,41411,3.0,113.0,"깨끗한 연료로 계속 사용할 수 있습니다 단백질 20g, 설탕 1g, 순탄수화물 4g 천연 성분으로만 제작 아쉬와간다가 포함되어 있어 기분이 좋아지고 더 나아갈 수 있도록 도와줍니다 에리스리톨, 글루텐 또는 씨드 오일 없음 미국에서 제작",,"['글루텐', '제작', '깨끗하다', '단백질', '설탕', '성분', '프리', '소금', '기분', '다크']"
식음료,스낵 및 디저트,단백질바,,B0CZDGPX52,"Blossomz Revive 캐슈 & 치아 브렉퍼스트 바 40g x 6바, 100% 천연, 건강한 아침 시작, 열대 맛",Blossomz,15221,15221,4.6,6.0,"100% 천연: 시리얼, 열대 과일, 견과류 및 꿀과 같은 100% 천연 아침 식사 재료로 제작되었습니다 건강한 아침 시작: 밤의 수면 후 물릴 때마다 필수 영양소를 회복하여 몸과 마음을 깨웁니다 열대 풍미로 가득: 망고, 마카다미아, 모링가 같은 열대 재료로 만든 유일한 아침 식사 바 중 하나입니다 난민 권한 부여: 50% 이상이 우간다의 난민 공동체에서 유일하게 공급되어 경제적 독립성을 회복하는 데 도움을 줍니다","매일 아침 일어나면 갈등 및 기타 비상 사태로 인해 15,000명이 더 강제로 이주합니다. Revive Cashew and Chia 바는 100% 천연 아침 식사 재료로 만들어졌으며 우간다 난민 커뮤니티에서 50% 이상 고유하게 공급됩니다. 파인애플의 달콤하고 톡 쏘는 맛은 옥수수 플레이크의 바삭함과 함께 춤을 춥니다. 캐슈, 땅콩, 치아 및 호박 씨앗의 혼합물은 만족스러운 질감과 풍부한 견과류를 제공합니다. 꿀의 자연스러운 달콤함은 풍부한 느낌을 주며, 하루 동안 영양을 공급하고 활력을 주는 아침 식사 바를 만들어 거부할 수 없는 두 번째 물기를 갈망하게 합니다. 모든 물기는 하루 중 가장 중요한 식사의 기회로 올라갈 뿐만 아니라 경제적 독립성을 회복하기 위해 난민 공동체와의 연대를 굳건히 합니다.","['아침', '식사', '열대', '난민', '천연', '회복하다', '재료', '공급', '공동체', '맛']"
식음료,스낵 및 디저트,단백질바,,B09VYFQS3Q,H‑E‑B Select Ingredients 단백질 땅콩 버터 & 초콜릿 츄이 바 밸류 팩 바 30개,HEB,45511,45511,5.0,5.0,"H‑E‑B 셀렉트 컴포넌트 프로틴 그래놀라 바는 바 당 10g의 단백질이 포함된 세 가지 갈망할 만한 품종을 자랑합니다. 베리, 초콜릿 또는 땅콩과 아몬드를 갈망하든, 이 바로 간식을 중요하게 만드세요!","H‑E‑B 셀렉트 컴포넌트 프로틴 그래놀라 바는 바 당 10g의 단백질이 포함된 세 가지 갈망할 만한 품종을 자랑합니다. 베리, 초콜릿 또는 땅콩과 아몬드를 갈망하든, 이 바로 간식을 중요하게 만드세요!","['갈망', '초콜릿', '땅콩', '단백질', '프로', '품종', '컴포넌트', '중요하다', '자랑', '아몬드']"
식음료,스낵 및 디저트,단백질바,,B0DDZP495Q,"Robert Irvine의 Fit Crunch 유청 단백질 바, 2팩 번들, 2-18개입 상자에 총 36개의 바, 초콜릿 땅콩 버터 및 민트 초콜릿 칩",Generic,103805,103805,,,"2팩 번들 총 바 36개, 초콜릿 땅콩 버터 18개, 민트 초콜릿 칩 18개, 유통 기한은 구매일로부터 최소 8개월입니다. 1년 이상 보관 가능","Robert Irvine의 크런치 유청 단백질 바, 2팩 번들, 2-18개입 상자에 총 36개의 바, 초콜릿 땅콩 버터 및 민트 초콜릿 칩","['초콜릿', '버터', '민트', '땅콩', '유청', '상자', '단백질', '개입', '크런치', '칩팩']"
식음료,스낵 및 디저트,단백질바,,B08SYZPS6V,"Metagenics Ultra Protein Bar - 단백질 19g과 식이 섬유 8g이 함유된 단백질 피트니스 바, 땅콩 버터 맛, 바 12개",Metagenics,72754,72754,5.0,8.0,새롭게 개선된 훌륭한 맛의 글루텐 프리 단백질 바 19g의 유청/우유 단백질이 특징입니다 8g의 식이 섬유를 제공합니다 맛있는 초콜릿 코팅이 된 땅콩 버터 맛 자연이 디자인하고 의사가 신뢰하는 제품: Metagenics는 사람들이 건강하고 행복한 삶을 살 수 있도록 돕는 제품과 연결합니다,울트라 단백질(이전 ProteinFusion)은 단백질과 섬유질 섭취를 늘리고 설탕 섭취를 제한하려는 사람들에게 이상적인 맛있는 식사 대체품 또는 간식입니다.,"['단백질', '맛', '맛있다', '식이', '섬유', '땅콩', '섭취', '버터', '사람']"
식음료,스낵 및 디저트,단백질바,,B07HS3YDH1,"good! Snacks 비건 블루베리 단백질 바 | 글루텐 프리, 식물 기반, 저설탕, 코셔, 콩 프리, GMO 프리 | 단백질 15g(12개)",,42921,42921,4.3,2910.0,"진실이 되기에 너무 좋은가요? 저희는 사탕과 같은 맛이지만 여전히 부드럽고 맛있으며 놀랍도록 영양이 풍부한 단백질 바인 다른 종류의 바를 만들기 시작했습니다. 그렇다면 우리의 비밀은 무엇일까요? 어쩌면 마법일 수도 있고, 정말 재능있는 사람들일 수도 있지만, 어느 쪽이든 확실히 말입니다. good! 비건 단백질: 맛있는 비건 인증, 코셔 OU-D 인증, 식물 기반, 글루텐 프리, 콩 프리, 유제품 프리 및 GMO 프리 - 식사 사이에 고단백 간식 또는 이동 중에도 식사 대용 바에 적합합니다 저설탕, 훌륭한 맛: 저희는 모든 맛있는 바에 10g 이하의 설탕을 넣은 최고의 식물 기반 단백질 15g을 숨겼습니다! 맛과 힘의 완벽한 균형을 찾았습니다. good! 글루텐 프리 단백질 바는 겉은 달콤하고 내부는 좋습니다. 신뢰할 수 있는 고단백질 간식: good! 간식은 다른 것과 달리 하나의 단백질 바를 만들기 위해 나갔습니다. 사람들이 이동 중에도 진정으로 즐기고 잡을 수 있는 제품입니다. 단백질 바로 달콤한 치아를 만족시켜 캔디 바라고 생각할 것입니다. 블루베리 12팩: 주문 시 모든 상자에 12개의 갈망하는 바를 받게 됩니다! 쿠키 반죽부터 땅콩 버터, 레몬에 이르기까지 다양한 맛으로 죄책감 없이 죄책감을 느끼세요. 마침내, 계속 가도록 도와주는 간식입니다!",,"['단백질', '프리', '간식', '맛', '비건', '맛있다', '글루텐', '기반', '설탕', '식물']"
식음료,스낵 및 디저트,단백질바,,B07P89RG7L,"Keto Bars 오리지널 케토 스낵 바, 고급 간단한 성분 저탄수화물, 설탕 없음, 케토제닉 지방이 풍부함, 케토 다이어트 식품을 위한 완벽한 케토바 스낵 (12팩, 46.8g(1.6온스)",Keto Bars,49790,49790,3.7,2659.0,"케토 바 12개, 3가지 맛: 각 맛 4개씩. 저희 바는 ✔️저탄수화물입니다. 무설탕 ✔️케토제닉 지방이 풍부합니다. 글루텐 프리 ✔️적당한 단백질 ✔️섬유질 시럽 없음. 케토제닉 다이어트와 건강한 간식 대안을 찾는 모든 사람에게 적합합니다. 더 이상 찾으실 필요 없습니다. 저희 간식은 완벽한 스마트 케토 푸드 선택입니다. 100% 케토가 맞습니다! 경쟁사와 달리, Keto Bars 제품은 실제로 100% 케토입니다! 최대 21g의 지방, 3g의 순탄수화물, 적당한 단백질 및 설탕 무첨가. 케토라고 주장하는 많은 스낵바가 있지만, 신뢰할 수 있는 케토 바 브랜드는 단 하나뿐입니다. 케토 바는 오리지널 케토 바입니다. 저희 바는 건강에 좋은 재료의 맛있는 혼합으로, 만족스럽고 맛있는 맛이 풍부합니다. 군침이 도는 미식가, 당신에게 좋은 스낵 바로 간식에 대한 갈망을 충족시키세요. 풍부하고 밀도가 높으며 맛있는 케토 바. 아침 식사, 식사 사이에 간식, 커피와 함께 먹을 수 있습니다. 이동 중에도 언제든지 간식을 먹을 수 있습니다! 당사의 건강한 간식은 케토제닉 다이어트 또는 저탄수화물, 저설탕, 글루텐 및 곡물이 없는 맛있는 달콤한 간식을 찾는 모든 사람에게 완벽한 달콤한 간식입니다. 간단한 성분 @ Keto Bars는 건강에 좋은 재료만을 믿습니다. 영양 성분을 확인하고, 저희를 믿으세요. 모든 재료를 발음하는 방법을 알게 될 것입니다. 초콜릿 땅콩 버터, 다크 초콜릿 코코넛 아몬드 및 민트 초콜릿의 3가지 맛있는 맛 중에서 선택하거나 다양한 샘플 팩으로 모두 맛보세요. 당사의 모든 바는 미국에서 만들어졌으며 케토 신자 팀이 테스트했습니다. 미국 주방에서 만들어졌으며 진정한 케토 신자들이 제작했습니다. 저희 회사는 오직 한 가지에만 집중합니다. 이것이 바로 케토 바를 만들고 있습니다! 케토 신자 커뮤니티는 우리에게 모든 것을 제공합니다! 이것이 우리가 하는 모든 것이라는 것을 알고 안심하고 제품을 사용해 보세요. 케토 간식입니다. 제품에 만족하지 못하거나 제품에 대해 궁금한 점이 있으시면 여기 있습니다! 그러니 저희에게 연락하십시오!",,"['키토', '간식', '맛있다', '풍부하다', '설탕', '키토제닉', '탄수화물', '맛', '스낵', '초콜릿']"
식음료,스낵 및 디저트,단백질바,,B0CNS4NWVH,"Why Bars, 단백질 바, 버라이어티 팩, 57.8g(2.5온스) 바 (단백질 바 12개 팩) - 단백질 바 슈퍼푸드, 글루텐 프리, GMO 프리, 유기농, 비건, 간단한 성분",WHY BARS,34611,34611,4.1,161.0,"슈퍼푸드 단백질 스낵 바: 왜 바는 굶주림 대신 활동에 집중할 수 있는 휴대용 단백질 에너지 바입니다. 바가 활동적인 라이프 스타일에 건강한 에너지를 제공하는 간단한 식물 기반 성분으로 만들어지는 이유 영양과 풍미가 가득합니다: 왜 바에 치아씨드와 같은 슈퍼푸드 성분이 가득합니다! 왜 바는 섬유질, 글루텐 프리, 콩, 유제품 및 간단한 건강에 좋은 성분이 풍부한 훌륭한 식사 대체 옵션을 제공하는가? 건강한 간식을 위한 유기농 단백질 바: 바가 깨끗한 천연 식물 기반 성분으로 만든 훌륭한 맛의 고단백 바를 제공하여 일상 생활의 요구를 단순화하는 데 도움이 되는 이유. 바가 아침 식사 음식, 단백질 스낵, 하이킹 음식, 부패하지 않는 음식, 생존 음식, 단백질 음식, 캠핑 음식 및 저당 단백질 바 옵션으로 운동 선수, 가족 및 건강에 민감한 라이프 스타일을 좋아하는 모든 사람에게 완벽한 이유입니다 이동 중에도 편리한 고단백질 간식: 바가 이동 중에도 건강에 좋은 간식인 이유. Why Bars를 사용하면 짠 간식으로 칩과 다른 나쁜 음식을 건너뛸 수 있습니다. 바의 맛이 놀랍고 바쁜 하루를 위해 연료를 공급할 수 있는 진짜 식물 기반 재료로 만든 이유 맛있는 맛을 모두 시험해보세요: 바가 다양한 맛을 제공하는 이유: Zesty Lemon, Blueberry Bliss, Mango Ginger, Super Cacao, Cherry Chia, Chocolate Peanut Butter Apple Almond","Why Bars, 단백질 바, 버라이어티 팩, 57.8g(2.0온스) 바 (단백질 바 12개 팩) - 단백질 바 슈퍼푸드, 글루텐 프리, GMO 프리, 유기농, 비건, 간단한 성분","['단백질', '음식', '성분', '이유', '프리', '맛', '푸드', '슈퍼', '간식', '간단하다']"
식음료,스낵 및 디저트,단백질바,,B0B1KT16SS,"Atlas Protein Bar, 단백질 20g, 설탕 1g, 깨끗한 성분, 글루텐 프리 (바닐라 아몬드, 12개입 (2팩))",Atlas Protein Bar,80260,80260,3.5,9.0,"다른 제품과 비교할 수 없는 바: Atlas Bars는 깨끗한 재료와 뛰어난 영양을 결합하여 다른 제품과 비교할 수 없는 바를 만듭니다. 과학을 뒷받침하는 당사의 포뮬러는 천연 성분으로 만들어져 하루 종일 풍성하고 집중하며 활력을 유지합니다. 작업, 훈련 또는 놀 때 당사의 바는 최고의 성능을 유지하도록 설계되었습니다. 깨끗한 성분: 진짜 성분이 더 좋습니다. 당사의 바는 목초 사육 유청 단백질, 신선한 견과류 버터, 진짜 과일과 같은 고품질의 깨끗한 재료만을 사용하여 제작되었습니다. 당사는 수크랄로스, 설탕, 씨앗 오일 및 인공 성분이 없는 제품을 만들기 위해 최선을 다하고 있습니다. 탁월한 영양: 고품질 단백질 20g과 천연 설탕 1g으로 구성된 저희 바는 깨끗하고 천연 성분으로 만든 영양 강국으로 하루 종일 최고의 기분을 유지합니다. 인공적인 것이 아닙니다: 저희는 순수하고 단순하게 유지한다고 믿습니다. 저희 바는 인공 향료, 색소, 방부제 및 감미료가 없습니다. Atlas를 사용하면 고품질의 천연 성분으로 몸에 영양을 공급하고 있다는 것을 알고 안심할 수 있습니다. 다이어트 친화적: 아틀라스는 거의 모든 라이프 스타일에 완벽한 연료입니다. 저희 바는 저탄수화물, 케토 친화적, 콩 프리, 글루텐 프리, 클린 라벨 및 고섬유질입니다.",,"['성분', '깨끗하다', '천연', '영양', '유지', '인공', '단백질', '설탕', '프리', '재료']"
식음료,스낵 및 디저트,단백질바,,B08XX86RTT,"FROPRO 식물성 단백질 스낵 바 - 식물 기반 단백질 바, 천연 성분, 글루텐, 유제품 및 콩 프리, 저칼로리의 고단백질 바 | 커피, 24팩",FRO PRO,77546,77546,4.2,60.0,"간식일 뿐입니다: 피트니스를 위해 만들어진 동일한 오래된 단백질 및 식사 대용 바를 보는 것에 지치셨나요? 운동하는 사람들만을 위한 것이 아닌 고단백 간식이 있다면 어떨까요? Cue FROPRO - 피트니스 애호가뿐만 아니라 모두를 위해 만들어진 맛있는 식물 기반 단백질 스낵 에너지 바! 저희는 좋은 음식이 여러분에게 최고의 버전이 될 수 있다고 믿습니다. 당사의 스낵 바는 하루 종일 힘을 주어 모든 목표를 달성할 수 있도록 도와줍니다! 커피 빈: 네, 카페인이 있습니다! 유기농 그라운드 커피콩이 함유된 크리미한 유기농 땅콩 버터의 환상적인 조합은 정오 간식으로 하루를 완벽하게 시작할 수 있습니다! 모든 것이 어느 쪽이든 배에 들어갑니다. 커피와 아침 식사를 모두 하나의 매우 맛있는 휴대용 파우치에 담았습니다. 누구든지 무엇을 더 요구할 수 있을까요? ! 저희는 재료를 숨기지 않습니다: FROPRO는 가족이 소유하고 운영하며 수제 스낵 바를 만드는 방법에 큰 자부심을 가지고 있습니다! 그렇기 때문에 각 천연 단백질 바는 유기농 너트 버터, 유기농 식물 기반 단백질, 계피, 귀리 가루, 꿀의 5가지 핵심 성분으로 구성되어 있습니다. 각 바는 GMO 인증을 받지 않았으며 글루텐, 유제품 및 콩이 함유되지 않았으며 첨가제나 방부제가 없습니다. 항상 멋져보세요: 우리는 인생이 바쁘다는 것을 이해합니다! 당사의 바는 이동 중에도 필요한 간식을 위한 완벽한 고단백 에너지 솔루션입니다. 바쁜 일정이 있다고해서 건강한 간식 옵션을 희생하거나 자신을 돌봐야 한다는 의미는 아닙니다. 당사의 깨끗한 단백질 스낵 바는 항상 가장 멋진 버전이 되기 위해 매일 필요한 적절한 연료를 제공합니다! FROPRO는 누구인가요? : FROPRO는 두 번째 기회를 기반으로 제작되었습니다. 당사의 사명은 건강에 좋은 간식을 만들고 공유하고, 자신을 개선하기 위해 헌신하는 사람들의 커뮤니티를 만들고, 중독을 통해 그리고 회복을 위해 일하는 사람들에 대한 인식을 전파하고 옹호하는 것입니다. 우리에게 이 작업은 FROPRO에서 시작됩니다.",,"['단백질', '간식', '스낵', '유기농', '기반', '식물', '커피', '사람', '버전', '버터']"
식음료,스낵 및 디저트,단백질바,,B0C5G6KSVV,"Adonis Keto Double Choc Crisp 고단백질 바 (16 x 45g 바) | 비건 및 케토 친화적 | 100% 천연 | 무설탕, 팜 오일 프리, 유제품 프리 | 저설탕",ADONIS,48336,48336,4.2,125.0,"ADONIS 더블 초콜릿 크리스프 고단백 케토 바 소개: 바삭하고 크리미한 맛의 완벽한 조합. 더블 초콜릿 크리스피 케토 바는 부드러운 땅콩 버터 레이어가 있어 맛있는 맛과 부드러운 질감을 제공합니다! 달리기, 체육관 또는 훈련 중... 가기 전에 하나 챙겨보세요! 진정한 케토: 모든 ADONiS 제품은 건강한 지방 함량, 적당한 단백질 및 낮은 탄수화물 등 이상적인 케토 매크로를 염두에 두고 설계되었습니다. 케토제닉 식단은 심장 건강을 개선하고 인지 기능을 향상시키며 염증을 줄이고 지방 연소를 증가시키며 배고픔을 억제하고 체중을 줄이는 데 도움이 됩니다! 최고의 재료만을 사용하세요: ADONIS 바에 들어 있는 최고의 재료만이 좋은 지방과 필수 단백질이 풍부한 고품질 견과류를 최대 48% 함유하고 있습니다. 천연 재료만을 사용하여 땅콩 버터 & 초콜릿 또는 견과류 바닐라 & 코코넛 맛을 원하든, 저희는 모든 것을 위한 것을 갖추고 있습니다. 저탄수화물 및 모든 사람에게 적합: ADONIS 스낵바는 바 당 2-3g의 순탄수화물을 함유하고 있으며, 천연 감미료인 칼로리 프리 에리스리톨을 사용합니다. 책상에서 운동 후 또는 오후 죄책감 없는 간식으로 완벽합니다. 비건 또는 식물성 식단을 따르시나요? 저탄수화물, 케토 또는 앳킨스를 섭취하시나요? 아니면 체중을 줄이거나 설탕을 줄이고 싶으신가요? 그렇다면 저희는 당신을 위한 완벽한 바입니다! 당사의 이야기: 저희는 간식에서 탄수화물, 설탕 및 품질이 떨어지는 재료를 제거하는 임무를 수행하고 있습니다! 혈당 수치를 급등시키지 않고 하루 종일 오래 지속되는 에너지를 제공하는 식물성 저당 케토 간식을 제공합니다.","아몬드: 견과류, 우디, 토스트한 향이 나는 크런치 텍스처. 아몬드는 건강한 지방, 섬유질, 단백질, 칼슘 및 비타민 E & B를 함유하고 있습니다. 헤이즐넛은 식이 섬유의 저당 공급원입니다. 비타민 E, 건강한 지방 및 단백질을 함유하고 있어 건강한 콜레스테롤 수치를 유지하는 데 도움이 됩니다. 콩 크리스프: 콩 단백질, 타피오카 전분 및 소금이 혼합되어 있습니다. 바에 시그니처 질감과 깨끗하고 맛있는 맛을 제공하는 데 사용됩니다. 콩 단백질: 콩에서 추출되며 8가지 필수 아미노산을 모두 함유한 완전 비건 단백질입니다. 에리스리톨: 자연적으로 발생하며 치즈, 버섯, 와인 및 많은 과일에서 흔히 발견되는 설탕 알코올(폴리올)입니다. 인슐린에 스파이크를 일으키지 않고 달콤한 맛을 제공합니다. 치커리 뿌리 섬유: 자연적으로 발생하는 다용도 식이 섬유입니다(설탕 대체품으로 최적). 치커리 식물의 일부로 자연적으로 자라는 용해성 섬유이며 건강을 지원하는 강력한 과학을 가지고 있습니다.","['키토', '단백질', '설탕', '지방', '탄수화물', '함유', '맛', '재료', '콩', '섬유']"
식음료,스낵 및 디저트,단백질바,,B0C81R9XCF,"Soylent Snack 미니 단백질 바 - 솔티드 캐러멜, 설탕 1g, 단백질 바, 글루텐 프리, 비건 에너지 6g - 24개입",,34818,34818,4.2,534.0,"한 입 사이즈 바에 담긴 완벽한 영양 - 이 맛있는 솔티드 캐러멜 단백질 스낵은 단 1g의 설탕과 100칼로리로 영양학적으로 균형을 이루어 온 가족이 좋아할 달콤하고 풍성한 맛을 선사합니다 언제 어디서나 건강한 간식 - 어디에서나 섭취할 수 있는 최고의 단백질 간식. 이 저당 단백질 바는 갈망을 충족시키고 영양 목표를 달성하는 완벽한 방법입니다 그랩 앤 고 굿니스 - 건강하고 편리한 에너지 부스트가 필요할 때마다 이 미니 단백질 포장 바를 책상에 보관하거나 도시락에 포장하거나 주머니에 보관하거나 아침 식사 바 또는 건강한 단백질 간식으로 즐기세요. 사각형 스낵 바가 있습니다 주머니 속 식물성 단백질 6g - 식물 기반 단백질로 가득한 저당 단백질 바를 찾고 계신다면, 작지만 강력한 스낵 바 스퀘어에는 28개의 비타민과 미네랄, 9가지 아미노산, 오메가 3s 및 6s가 포함되어 있습니다 기분 좋은 성분 - 이 맛있는 단백질 바는 글루텐 프리, 비건, 유제품 프리, 저설탕, 저혈당 지수이며 천천히 타는 탄수화물을 함유하고 있으며 인공 향료나 색소 없이 만들어졌습니다","당사의 식물 기반 미니 단백질 바는 맛있고 죄책감이 없는 비건 간식으로 배가 고플 때마다 갈망을 충족시킵니다. 작지만 강력한 단백질 스낵에는 식물 기반 단백질 6g과 28가지 비타민과 미네랄, 9가지 아미노산, 오메가-3 및 오메가-6를 포함한 39가지 필수 영양소가 들어 있습니다. 디저트에서 영감을 얻은 맛있고 퇴폐적인 솔티드 캐러멜 맛으로 이 단백질 바는 100칼로리에 불과하며 설탕 1g을 함유하고 있어 모든 영양 요구 사항에 맞는 맛있는 간식입니다. 아이들의 점심에 포장하거나, 책상에 보관하거나, 멈출 시간이 없을 때 주머니에 넣으세요. 배고픔이 닥치고 맛있고 건강한 간식이 필요할 때마다 사각형 바는 완벽한 선택입니다.","['단백질', '맛있다', '간식', '설탕', '스낵', '건강하다', '오메가', '완벽하다', '미니', '비건']"
식음료,스낵 및 디저트,단백질바,,B06X9NB3DH,"R.E.D.D. 바, 초콜릿 비건 단백질 바, 저설탕, 글루텐 프리, 고섬유질, 강장제 및 슈퍼푸드, 바 12개",R.E.D.D.,54001,54001,4.0,268.0,"더 많은 단백질, 적은 설탕: 자연적으로 단맛을 내고 식물성 단백질로 가득 차 있습니다. 각 REDD 바는 최소 10g의 단백질과 5g 이하의 설탕을 자랑합니다 슈퍼푸드로 가득: REDD는 면역 체계와 소화 건강을 지원합니다. 모든 바에는 적응성 버섯 블렌드, 치아 씨앗, 강황, 아사이 등이 포함되어 있습니다 복사 에너지: 하루 중 언제든지 기분 좋은 에너지 부스트를 쉽게 얻을 수 있습니다. REDD 바는 장을 좋아하는 프리바이오틱스와 11-16g의 섬유질을 제공하여 내부에서 방출할 수 있습니다 완벽한 갈망: 당신의 두뇌는 당신이 퇴폐적인 간식을 먹고 있다고 생각하도록 속일 수 있지만 몸은 더 잘 알고 있습니다. 좋아하는 맛을 비축하거나 모두 시도해 보세요 식물 기반: 모든 REDD 바는 비건, 유제품 프리, 글루텐 프리, 콩 프리, GMO 프리 제품으로 현미 시럽이나 카페인을 포함하지 않습니다","당사의 클래식한 맛은 전통적이지 않습니다. 퇴폐를 생각하되 2019년 할 일 목록을 위해 제작되었습니다. 각 바이트는 식물 기반 단백질, 광채를 높이는 영양소 및 강력한 슈퍼푸드의 형태로 주요 에너지를 제공합니다.","['프리', '단백질', '슈퍼', '에너지', '푸드', '설탕', '글루텐', '기반', '맛', '비건']"
식음료,스낵 및 디저트,단백질바,,B092CDNWFW,"ZEEK BAR - 아동용 단백질 바 - 설탕 50% 감소, 단백질 8g - 천연 성분, GMO 프리, 글루텐 프리 - 다양성, 12개입",Zeek,40843,40843,4.0,268.0,"설탕 50% 감소, 아동용 단백질 바: Zeek 아동용 바는 꿀과 초콜릿 칩과 같은 모든 천연 공급원의 주요 아동용 그래놀라 바보다 설탕이 50% 적습니다. 8G 단백질 아동용 스낵 바: Zeek 아동용 스낵바는 아이들의 성장을 돕기 위해 8g의 단백질로 포장되어 있습니다. 학교, 이동 중 또는 스포츠 중에 아이들에게 연료를 공급하기에 적합합니다. 어린이 친화적인 맛: Zeek 아동용 영양 바는 맛있는 맛과 부드럽고 쫄깃한 질감으로 특별히 제조되어 아이들의 입맛을 만족시킵니다! 아이들이 Zeek Bars를 좋아하지 않는다면 전액 환불을 제공합니다! 천연 성분: Zeek 아동용 단백질 바는 꿀, 아몬드 버터, 글루텐 프리 귀리, 초콜릿 칩과 같은 고품질 영양으로 가득한 천연 글루텐 프리 성분을 사용합니다. 건강한 섬유질 스낵 바: 저희는 단백질 8g에 그치지 않았습니다. 글루텐 프리 스낵 바에는 어린이와 청소년을 위한 건강하고 완전하며 균형 잡힌 간식을 위해 6-7g의 섬유질이 포함되어 있습니다.",,"['아동', '단백질', '프리', '천연', '글루텐', '설탕', '성분', '스낵', '맛', '영양']"
식음료,스낵 및 디저트,단백질바,,B0765BG4XJ,"Warrior HIGH PROTEIN BARS (각 단백질 20g) - 저탄수화물, 저설탕 - 캐러멜 크리스피 크런치 바 12개 팩 - 밀크 초콜릿 및 코코넛",,63723,63723,4.2,226.0,바 당 단백질 20g - 계란 3개 이상인 19.8g(0.7온스)입니다. 저희 바는 고품질 콩 및 우유 단백질로 포장되어 스포츠 연습 직후 근육이 재건되고 회복되도록 도와줍니다 저탄수화물 - 각 크런치 바는 3g/0.1온스 미만의 임팩트 탄수화물을 함유하고 있어 케토 다이어트를 하고 체중 증가를 조절하려는 사람들에게 이상적입니다 저설탕 - 설탕이 3g/0.1온스 미만인 이 고단백질 바는 혈당 수치를 낮게 유지하여 에너지 레벨을 더 오래 유지할 수 있습니다 츄이 바삭한 스낵 바 - 끈적끈적한 캐러멜과 초콜릿의 3중 레이어로 덮인 바삭하고 바삭한 조각으로 제작되었습니다. 다른 간식만큼 맛이 좋은 고단백 바! 단백질 바 12개 팩 - 개별 포장된 고단백질 바 12개. 운동 후 또는 선택한 다이어트 계획의 일부로 즐기세요,"Warrior 크런치 바는 아마도 시장에서 가장 맛있는 저탄수화물, 고단백 바일 것입니다. 풍부하고 맛있는 다층 구조의 바삭한 저탄수화물, 고단백 바로 하루 중 언제든지 완벽합니다. 매우 높은 단백질 - 바 당 20g. 저탄수화물 및 저설탕. 3중 레이어 끈적임. 믿을 수 없을 정도로 맛있는 Warrior 크런치 바는 12개월 이상의 연구 개발의 결과로, 24시간 동안 고단백질, 저탄수화물, 건강한 영양 프로필을 혼합하여 진정한 ""캔디 바"" 경험을 제공합니다. 크런치 바는 20g의 건강한 단백질로 포장되어 있으며 끈적끈적한 캐러멜 층에 싸여 맛있는 초콜릿으로 싸여 있습니다. Warrior CRUNCH 바는 닭 가슴살만큼 단백질을 함유하고 있지만 미셸린 스타 사막처럼 맛있습니다. 바 당 설탕 2.3g과 임팩트 탄수화물 2.3g에 불과한 Warrior CRUNCH는 다이어트, 깨끗한 식사 및 일 년 내내 마른 상태를 유지하기 위한 완벽한 단백질 바입니다. 전사를 위해 제작되었으며, 운동 선수를 위해 디자인되었으며, 승리를 향해 움직입니다.","['단백질', '탄수화물', '크런치', '맛있다', '설탕', '바삭', '유지', '단백', '다이어트', '초콜릿']"
식음료,스낵 및 디저트,단백질바,,B0033UMO8A,"Seitenbacher 초콜릿 커버 단백질 바 - 단백질 16g, 섬유질 14g, 헤이즐넛, 59.5g(2.1온스) (12팩)",Seitenbacher,51300,51300,3.5,27.0,"헤이즐넛은 독일 초콜릿으로 덮여 있습니다. 천연 설탕 13g 프리 레인지 소의 플레인 울트라 필터 우유 단백질 천연 고단백질 - 단백질 16g 글루텐 프리, GMO 프리 및 인공 성분 없음 15% DV 비타민 C, 20% DV 칼슘, 30% DV 철분 및 57% DV 식이 섬유 편의를 위해 각 바를 두 조각으로 나눕니다","시중에 바가 너무 많기 때문에 라이프 스타일에 맞는 최고의 단백질 바를 찾는 것은 압도적일 수 있습니다. 이 바의 디자인은 그다지 화려하지는 않지만 포장이 혼란스럽지 않게 하세요. 이 제품을 만드는 데 많은 연구와 전문 지식이 들어왔습니다. 가능한 단백질 공급원을 검토한 후 더 많은 단백질, 더 많은 칼슘 및 적은 설탕을 함유한 울트라 필터 우유 단백질을 사용하기로 결정했습니다. 이 정교한 공정은 더 비쌉니다. 우유는 스위스 알프스의 방목 젖소에서 나옵니다. 우유는 기계적으로 여과됩니다. 이 순한 트리트먼트는 유청 단백질과 카제인이 풍부한 덜 가공된 단백질을 보장합니다. 또 다른 장점은 이 제품이 근육 성장에 필수적인 BCAA를 포함한 아미노산이 풍부하다는 것입니다. 순수 단백질의 또 다른 장점은 신체가 쉽게 흡수하여 근육에 더 빠르게 영양을 공급한다는 것입니다. 바에는 건강한 지방 7g과 식이 섬유 14g이 포함되어 있습니다. 식단에 섬유질이 충분하지 않으면 소화 시스템이 단백질과 기타 영양소를 흡수할 수 없습니다. 순탄수화물은 11g에 불과하며 천연 설탕 13g만 첨가하는 맛있는 독일 초콜릿으로 전체 바를 커버합니다. 또 다른 장점은 이 제품에는 뼈 강도에 필요한 칼슘 20% DV(일일 섭취량)와 같은 필수 미네랄이 포함되어 있으며, 적혈구가 우리 몸에 산소를 운반하는 데 도움이 되는 철분 30% DV가 포함되어 있다는 것입니다. 단백질, 탄수화물, 식이 섬유, 비타민 및 미네랄의 적절한 분해를 보장하기 위해 이 바로 물 한 병을 마시는 것이 좋습니다.","['단백질', '우유', '프리', '천연', '칼슘', '초콜릿', '설탕', '섬유', '식이', '장점']"
식음료,스낵 및 디저트,단백질바,,B0CKD9413N,"Life Extension Wellness Bar (땅콩 버터 초콜릿 칩) - 단백질 16g, 섬유질 8g, 설탕 3g - 카카오 초콜릿 칩, 분리 유청 단백질 블렌드 - 스낵 바, 글루텐 프리 - 개별 포장, 바 6개",,26882,26882,1.6,2.0,"몸에 영양을 공급하고 미각을 관리하세요 - 개별적으로 포장된 맛있는 스낵 바는 몸에 힘을 주고 달콤한 치아를 만족시키는 영양학적으로 균형 잡힌 방법을 제공합니다. 각 바에는 단백질 16g, 섬유 8g, 설탕 3g 및 100% 카카오 초콜릿 칩이 포함되어 있습니다. 유청 단백질 및 섬유질 - 농축 유청 분유, 분리 유청 단백질 및 분리 유청 단백질의 단백질 파우더 혼합물을 사용합니다. 그리고 모든 바의 치커리 뿌리 섬유는 장내 친근한 박테리아에 영양을 공급하면서 더 오래 느끼도록 도와줍니다. 개별 포장된 스낵 바 - 당사의 ""grab-'n'-go"" 웰니스 바는 어디를 가든 스마트하게 간식을 쉽게 먹을 수 있습니다. 사무실에 가져오거나 학교에서 강의를 하거나 체육관 전후에 강의할 수 있습니다. 도로 여행에도 휴대할 수 있습니다! 성분은 중요합니다 - 당사는 귀하가 누릴 자격이 있는 순도와 효능을 가진 최고급 원료만을 사용합니다. 대부분의 제품은 GMO 프리, 글루텐 프리 및 미국에서 제조되었으며 모든 제품에 대해 분석 인증서가 제공됩니다 가장 건강한 삶을 살아보세요 - 저희는 건강한 삶에 대한 해답을 찾을 수 있다고 믿으며, 과학적 연구가 우리를 거기에 데려가는 열쇠라고 믿습니다. 그렇기 때문에 당사의 많은 포뮬러가 과학적 연구를 기반으로 특정 성분과 양을 특징으로 합니다","균형 잡힌 식사를 하는 것은 웰빙 목표를 유지하고 최적의 신체 활동을 달성하는 데 중요합니다. 그러나 건강한 간식을 구입하는 것은 까다로울 수 있습니다. 가공 설탕과 빈 칼로리로 가득 차 있거나 맛이 좋지 않습니다. 맛있고 영양이 풍부한 땅콩 버터 초콜릿 칩 웰니스 바를 만나보세요. 몸에 연료를 공급하고 미뢰를 치료하기 위해 만들어졌습니다! 개별적으로 포장된 각 바는 단백질 16g, 섬유질 8g(치커리 뿌리에서 추출) 및 설탕 3g으로 포장되어 있습니다. 또한, 설탕 갈망을 해소하는 초콜릿의 장점을 위해 100% 카카오 칩을 추가했습니다. 땅콩 버터 초콜릿 칩 맛 바로 몸에 활력을 불어넣고 미각을 즐겁게 하세요.","['단백질', '초콜릿', '포장', '설탕', '유청', '카카오', '섬유질', '몸', '버터', '프리']"
식음료,스낵 및 디저트,단백질바,,B00CTUHZ8Y,"고단백 바, 코코아 브라우니, 54g(12온스) 바",NoGii,27630,27630,3.7,11.0,,"""하루는 바쁩니다. 수요가 높습니다. 제가 5K 레이스를 위해 훈련하든, 긴 하루를 보내든, 학교에서 아이들을 데려가든, 연습하든, 뒤로 가든, 저는 NoGii 바에 의존하여 에너지를 공급하고 모든 것을 처리할 준비가 되었습니다. NoGii [noh - jee] 바를 만들어 훌륭한 맛, 글루텐 없음, 죄책감 단백질 바를 찾는 해결책으로 만들었습니다. Elisabeth Hasselbeck, Gluten-Free Mom, Emmy Award-Winning Talk Show Host, New York Times 베스트셀러 The G-Free Diet 및 Deliciously G-Free.","['하루', '훌륭하다', '수요', '공급', '글루텐', '높다', '단백', '단백질', '레이스', '맛']"
식음료,스낵 및 디저트,단백질바,,B01L7Z0GXC,Carmans Yoghurt & Berry Protein Bar 6팩,Carman's Kitchen,20761,20761,,,"""25년이 넘는 세월 동안 저희는 똑같은 단순한 철학을 믿었습니다. 진정한 열정으로 만든 진짜 음식입니다! 우리는 음식이 화학자가 아니라 부엌에서 나와야 한다고 믿습니다. 저희는 매일 삶을 풍요롭게 한다고 믿으며 호주에서 제조되고 소유된 것을 자랑스럽게 생각합니다. 너트 바를 좋아하는 만큼 즐기시기 바랍니다.","""25년이 넘는 세월 동안 저희는 똑같은 단순한 철학을 믿었습니다. 진정한 열정으로 만든 진짜 음식입니다! 우리는 음식이 화학자가 아니라 부엌에서 나와야 한다고 믿습니다. 저희는 매일 삶을 풍요롭게 한다고 믿으며 호주에서 제조되고 소유된 것을 자랑스럽게 생각합니다. 너트 바를 좋아하는 만큼 즐기시기 바랍니다."" Carman의 창조자 캐롤린 크레스웰","['음식', '화학자', '호주', '단순하다', '똑같다', '부엌', '삶', '생각', '세월', '소유']"
식음료,스낵 및 디저트,단백질바,,B0BKTG42YX,"ivan.bar Protein packed 에너지 스낵 바 | 건강한 에너지 제공 | 비건, 모든 천연 성분 | 콩, 유제품 및 글루텐 프리 (초콜릿/아몬드, 39.7g(1.4온스) (24개 팩)",ivan.bar,54015,54015,4.4,37.0,"단백질 포장 에너지 스낵 바: 39.7g(1.4온스) 및 5g의 단백질로 배고프지 않을 것입니다. 건강한 에너지와 이동 중에도 빠르게 음식을 채울 수 있습니다. 다른 바에서 경험할 수 있는 충돌 없이 ivan.bar 제품을 즐기세요. 지속적인 에너지 부스트: ivan.bar 는 단백질, 좋은 지방, 섬유질 또는 칼로리를 아끼지 않습니다. 스포츠, 야외 활동, 이동 중 간식 또는 건강에 좋은 간식에 적합합니다. 전체 식품 성분은 몇 시간 동안 에너지를 제공하며 영양가 있고 균형 잡힌 식단의 필수 요소입니다. 진짜 성분 - 자연이 의도한 대로 단백질, 섬유질, 좋은 지방 및 미량 영양소의 균형을 위해 전체 식품 성분으로 제작되었습니다. 각 바에는 재건하고 연료를 보충하기 위한 단백질과 탄수화물이 포함되어 있습니다. ivan.bar에서는 실제 재료를 섭취하고 가능한 한 적게 사용합니다. 글루텐 프리 순수 단백질, 천연 바를 즐기세요: 화학 방부제가 없습니다. 모든 ivan.bar 제품은 비건, 글루텐 유제품 및 콩 프리 식단의 이점을 제공합니다. 놀라운 맛: 훌륭한 맛과 건강은 상호 배타적이지 않습니다. 모든 재료는 실제 식품입니다(따라서 성분 목록을 이해하기 위해 화학 학위가 필요하지 않습니다!) 자체 캘리포니아 주방에서 손으로 혼합하여 소량으로 포장합니다.",,"['에너지', '단백질', '성분', '프리', '식품', '글루텐', '식단', '맛', '이동', '비건']"
식음료,스낵 및 디저트,단백질바,,B082P8FV2N,"Protein Puck Vegan Protein Bars 미니 아몬드 버터, 다크 초콜릿 맛 데일리 블리스 | 식물성 단백질 5g | 12개입",Protein Puck,31785,31785,4.3,374.0,고단백질: 5g의 비건 단백질을 함유하여 근육을 만들고 회복시킵니다. 글루텐 프리: 글루텐 성분이 없으므로 글루텐 불내성 환자에게 적합합니다. 비유제품: 유제품 성분 없이 제작되어 비건 및 유제품을 피하는 사람들에게 적합합니다. 비 GMO: 무독성 간식으로 유전자 변형 유기체가 없습니다. 프리미엄 식물 기반: 영양가 있고 맛있는 간식을 위해 식물 기반 성분으로 제작되었습니다.,,"['성분', '글루텐', '단백질', '간식', '제작', '식물', '유제품', '비건', '기반', '다크']"
식음료,스낵 및 디저트,단백질바,,B0CQQFZC1P,CONTROLLED LABS Demand Bar - 12팩 - (애플 시나몬/땅콩 버터),CONTROLLED LABS,41536,41536,3.8,30.0,단백질 바 12팩,,"['애플', '시나몬', '버터', '땅콩', '단백질']"
식음료,스낵 및 디저트,단백질바,,B088GZ3J55,"Nugo 유기농 다크 초콜릿 석류, 비건 단백질 10g, 글루텐 프리, 24개입",,67865,67865,4.2,146.0,"자연적으로 맛있고 자랑스러운 비건 단백질 바. NuGo Organic은 리얼 다크 초콜릿으로 코팅되었으며 유기농 식물 기반 단백질 10g을 함유하고 있습니다. 맛있는 쌀과 완두콩 단백질로 제작된 NuGo Organic은 하루 종일 힘을 공급하는 데 필요한 에너지를 제공합니다. 지구의 성분: 합성 살충제, 호르몬 또는 항생제가 없습니다. NuGo Organic은 신뢰할 수 있는 유기농 건강한 성분을 함유하고 있습니다. 인증된 비건 제품: 각 NuGo 유기농 바에는 식물성 단백질과 비건 성분 10g이 포함되어 있습니다. 진짜 다크 초콜릿: NuGo 유기농 바는 진짜 다크 초콜릿으로 코팅되었습니다. 리얼 다크 초콜릿은 인공 감미료와 인공 향료 없이 좋아하는 맛을 제공합니다. 글루텐 프리 인증: NuGo 유기농 단백질 바는 인증된 글루텐 프리 성분만을 함유하고 있습니다.",당신은 퇴폐할 자격이 있습니다. 영양분이 이렇게 좋은 맛은 없었습니다! 하지만 NuGo 고유의 맛있는 이유는 무엇일까요? 당사의 재료! 저희는 간단하고 진짜 재료를 사용합니다. 코코아 버터로 만든 진짜 다크 초콜릿부터 시작하여 입안에서 녹는 듯한 경험을 선사합니다. 세 가지 갈망할 만한 맛으로 맛있게 만들어졌습니다!,"['유기농', '단백질', '다크', '초콜릿', '맛있다', '진짜', '성분', '비건', '프리', '함유']"
식음료,스낵 및 디저트,단백질바,,B0B72BPC49,"Atlas Protein Bar, 단백질 20g, 설탕 1g, 깨끗한 성분, 글루텐 프리 (유청 품종, 12개입 (3팩)",,117655,117655,3.5,37.0,"다른 제품과 비교할 수 없는 바: Atlas Bars는 깨끗한 재료와 뛰어난 영양을 결합하여 다른 제품과 비교할 수 없는 바를 만듭니다. 과학을 뒷받침하는 당사의 포뮬러는 천연 성분으로 만들어져 하루 종일 풍성하고 집중하며 활력을 유지합니다. 작업, 훈련 또는 놀 때 당사의 바는 최고의 성능을 유지하도록 설계되었습니다. 깨끗한 성분: 진짜 성분이 더 좋습니다. 당사의 바는 목초 사육 유청 단백질, 신선한 견과류 버터, 진짜 과일과 같은 고품질의 깨끗한 재료만을 사용하여 제작되었습니다. 당사는 수크랄로스, 설탕, 씨앗 오일 및 인공 성분이 없는 제품을 만들기 위해 최선을 다하고 있습니다. 탁월한 영양: 고품질 단백질 20g과 천연 설탕 1g으로 구성된 저희 바는 깨끗하고 천연 성분으로 만든 영양 강국으로 하루 종일 최고의 기분을 유지합니다. 인공적인 것이 아닙니다: 저희는 순수하고 단순하게 유지한다고 믿습니다. 저희 바는 인공 향료, 색소, 방부제 및 감미료가 없습니다. Atlas를 사용하면 고품질의 천연 성분으로 몸에 영양을 공급하고 있다는 것을 알고 안심할 수 있습니다. 다이어트 친화적: 아틀라스는 거의 모든 라이프 스타일에 완벽한 연료입니다. 저희 바는 저탄수화물, 케토 친화적, 콩 프리, 글루텐 프리, 클린 라벨 및 고섬유질입니다.",,"['성분', '깨끗하다', '천연', '유지', '영양', '설탕', '프리', '단백질', '인공', '비교']"
식음료,스낵 및 디저트,단백질바,,B0CWSV8D52,"부드럽고 건강한 섬유 및 곡물 NUGO 섬유 D'LISH 바, NuGo Fiber D'Lish 맛있는 간식 땅콩 버터, 브라우니 및 블론디 맛의 45.4g(1.6온스) 바 3개(9팩)",Heart's Treasure,37367,37367,,,"죄책감 없이 치트 데이처럼 맛있습니다. 12g의 용해성 및 불용성 천연 섬유로 디저트 같은 맛. 모든 맛은 GMO 프리, 코셔 및 콩 프리 제품입니다. 바는 수소화 오일이나 트랜스 지방 없이 만들어집니다. 경제성과 편리함을 위해 번들로 제공됩니다. 블론디, 브라우니, 땅콩 초콜릿 칩의 세 가지 맛 바를 받게 되며 각 번들에는 총 9개의 바가 있습니다. 이 세 가지 맛으로 초콜릿 애호가를 만족시키세요! 정품 성분으로 제작되었습니다. 바는 귀리, 아마, 기장 같은 씨앗을 포함한 통곡물로 만들어졌으며 과일 주스로 자연스럽게 단맛을 냅니다. 만족. 달콤한 치아는 쫄깃한 쿠키 느낌에 만족할 것이며, 뇌는 130-160칼로리로 포장된 모든 영양 성분을 알고 휴식을 취할 것이며, 소화관은 이 좋은 섬유 바로 한동안 만족할 것입니다!","맛과 이동 중에도 섬유질 영양을 동시에 섭취하시나요? 네, 부탁드립니다! 성분에는 통귀리, 통밀가루, 밀기울, 차전자피(psyllium), 아마 및 기장이 포함됩니다. 땅콩이 포함되어 있습니다.","['맛', '섬유', '성분', '땅콩', '아마', '만족하다', '만족', '초콜릿', '영양', '맛있다']"
식음료,스낵 및 디저트,단백질바,,B0CH96NN64,"Fuel 4 Ever 땅콩 버터 오트밀 콜라겐 단백질 바, 단백질 14g, MCT 오일, 인공 성분 없음, 저탄수화물, 고섬유질 스낵 바",,48461,48461,4.1,53.0,"각 바에는 건강한 모발, 피부, 손톱, 뼈 및 관절을 지원하는 데 도움이 되는 14g의 단백질이 포함되어 있습니다. Fuel 4 Ever 콜라겐 단백질 바는 인공 성분, 수크랄로스, 아세설팜 칼륨, 설탕 알코올, 필러 및 방부제가 없습니다. 바는 글루텐 프리, 유제품 프리, 순탄수화물이 적습니다. Fuel 4 Ever 콜라겐 단백질 바는 레몬 코코넛, 땅콩 버터 오트밀, 초콜릿 아몬드의 세 가지 맛있는 맛으로 제공됩니다. 이 바는 또한 치커리 뿌리에서 추출한 식이 섬유의 좋은 공급원이며 케일과 시금치의 독특한 혼합물을 함유하고 있습니다.",,"['단백질', '콜라겐', '성분', '프리', '탄수화물', '버터', '땅콩', '인공', '오트밀', '맛있다']"
식음료,스낵 및 디저트,단백질바,,B0D444ZHYQ,"유기농 비건 단백질 바. 오트밀 초콜릿 칩, 솔티드 캐러멜 + 초콜릿 칩. 65.2g(2.3온스) 14개 팩.",Generic,38710,38710,,,"유기농 비건 단백질 바. 오트밀 초콜릿 칩, 솔티드 캐러멜 + 초콜릿 칩. 65.2g(2.3온스). 14개 팩. 오트밀 초콜릿 칩 7개. 각 65.2g(2.3온스). 솔티드 캐러멜 + 초콜릿 칩 7개. 각 65.2g(2.3온스). 유기농. 비건. 글루텐 프리. 10g 이상의 식물 기반 단백질. 미국에서 제작.","유기농 비건 단백질 바. 오트밀 초콜릿 칩, 솔티드 캐러멜 + 초콜릿 칩. 65.2g(2.3온스). 14개 팩. 오트밀 초콜릿 칩 7개. 각 65.2g(2.3온스). 솔티드 캐러멜 + 초콜릿 칩 7개. 각 65.2g(2.3온스). 유기농. 비건. 글루텐 프리. 10g 이상의 식물 기반 단백질. 미국에서 제작.","['초콜릿', '캐러멜', '유기농', '오트밀', '솔티드', '비건', '단백질', '프리', '제작', '식물']"
식음료,스낵 및 디저트,단백질바,,B0D6S2YBPF,"Nature Vista Salty Peanut & Caramel 캐슈 단백질 바 24개 바 버라이어티 팩, 탐닉과 영양의 완벽한 균형.",Nature Vista,103861,103861,,,"높은 단백질 함량: 각 바는 20g의 고품질 단백질을 제공하여 근육 회복에 적합하며 더 오래 유지합니다. 맛있고 풍성한 맛: 바삭한 땅콩을 곁들인 부드러운 밀크 초콜릿이나 구운 캐슈 조각으로 끈적끈적한 초콜릿 질감을 즐기세요. 둘 다 거부할 수 없는 맛을 제공합니다. 편리함 및 휴대성: 체육관, 사무실 또는 야외 모험 등 이동 중에도 간식에 이상적이며 총 24개의 바(각 맛당 12개)가 있습니다. 부드러운 질감과 입에 물을주기: 이 바는 부드러운 질감과 군침이 도는 맛으로 유명하여 만족스럽고 풍성한 간식을 제공합니다. 균형 잡힌 영양: 단백질, 섬유질 및 필수 영양소를 혼합하여 하루 중 언제든지 이상적인 간식입니다.","12개의 솔티 피넛과 12개의 캐러멜 캐슈 단백질 바가 특징인 24바 버라이어티 팩으로 탐닉과 영양의 완벽한 조화를 즐기세요. 각 바는 20g의 고품질 단백질을 제공하여 근육 회복에 이상적이며 포만감을 오래 유지합니다. Salty Peanut 바는 부드러운 밀크 초콜릿과 바삭한 땅콩을 결합하여 맛있는 맛과 부드러운 질감을 제공합니다. 캐러멜 캐슈 바는 구운 캐슈 조각으로 끈적끈적하고 초콜릿 같은 경험을 제공하여 갈망을 충족시키는 데 적합합니다. 편리하고 휴대가 간편한 이 바는 체육관, 사무실 또는 야외 모험 중에 이동 중에도 간식을 먹기에 적합합니다. 단백질, 섬유질 및 필수 영양소의 균형 잡힌 혼합으로 단백질 바는 하루 중 언제든지 완벽한 간식입니다.","['단백질', '간식', '맛', '부드럽다', '캐슈', '질감', '초콜릿', '영양', '완벽하다', '균형']"
식음료,스낵 및 디저트,단백질바,,B0B1KNMF7C,"Atlas Protein Bar, 단백질 20g, 설탕 1g, 깨끗한 성분, 글루텐 프리, 아몬드 초콜릿 칩 (12개, 2팩)",,80260,80260,2.6,12.0,"깨끗한 연료로 계속 사용할 수 있습니다 단백질 20g, 설탕 1g, 순탄수화물 4g 천연 성분으로만 제작 아쉬와간다가 포함되어 있어 기분이 좋아지고 더 나아갈 수 있도록 도와줍니다 에리스리톨, 글루텐 또는 씨드 오일 없음 미국에서 제작",,"['글루텐', '제작', '깨끗하다', '단백질', '설탕', '성분', '프리', '에리스리톨', '기분', '미국']"
식음료,스낵 및 디저트,단백질바,,B081P2BLQP,"88 ACRES 다크 초콜릿 브라우니 씨앗 단백질 바 9개, 53.9g(1.9온스)",88 Acres,46979,46051,5.0,1.0,"호박씨의 힘으로 얻은 진짜 단백질과 강렬하게 풍부한 다크 초콜릿으로 더 많은 '나만의 규칙을 만들기'를 만들 수 있습니다. 당사의 시드 바는 간단하고 건강에 좋은 재료를 사용하여 소량으로 수작업으로 제작되어 모든 사람이 즐길 수 있는 맛있는 간식을 만듭니다. 88 Acres 바는 사랑하는 사람들과 나눌 수 있는 완벽한 겨울 간식이며, 이동 중에도 즐기고, 학교와 직장에 가져오고, 도시락에 추가하는 등의 용도로 사용할 수 있습니다! 운동 선수, 저식품 다이어트, 비건 및 잡식성 동물 모두에게 적합합니다. 가장 흔한 8가지 식품 알레르기 유발 물질 없음 - 글루텐 프리, 견과류 프리, 땅콩 프리, 유제품 프리, 콩 프리, 참깨 프리. 플러스 - GMO 프리, 비건, 학교 안전.",아침 식사,"['프리', '식품', '초콜릿', '사람', '비건', '단백질', '다크', '간식', '학교']"
식음료,스낵 및 디저트,단백질바,,B0B134N7DZ,"Atlas Protein Bar, 단백질 20g, 설탕 1g, 깨끗한 성분, 글루텐 프리 (초콜릿 품종, 12개입 (3팩)",Atlas Protein Bar,117655,117655,3.9,7.0,"다른 제품과 비교할 수 없는 바: Atlas Bars는 깨끗한 재료와 뛰어난 영양을 결합하여 다른 제품과 비교할 수 없는 바를 만듭니다. 과학을 뒷받침하는 당사의 포뮬러는 천연 성분으로 만들어져 하루 종일 풍성하고 집중하며 활력을 유지합니다. 작업, 훈련 또는 놀 때 당사의 바는 최고의 성능을 유지하도록 설계되었습니다. 깨끗한 성분: 진짜 성분이 더 좋습니다. 당사의 바는 목초 사육 유청 단백질, 신선한 견과류 버터, 진짜 과일과 같은 고품질의 깨끗한 재료만을 사용하여 제작되었습니다. 당사는 수크랄로스, 설탕, 씨앗 오일 및 인공 성분이 없는 제품을 만들기 위해 최선을 다하고 있습니다. 탁월한 영양: 고품질 단백질 20g과 천연 설탕 1g으로 구성된 저희 바는 깨끗하고 천연 성분으로 만든 영양 강국으로 하루 종일 최고의 기분을 유지합니다. 인공적인 것이 아닙니다: 저희는 순수하고 단순하게 유지한다고 믿습니다. 저희 바는 인공 향료, 색소, 방부제 및 감미료가 없습니다. Atlas를 사용하면 고품질의 천연 성분으로 몸에 영양을 공급하고 있다는 것을 알고 안심할 수 있습니다. 다이어트 친화적: 아틀라스는 거의 모든 라이프 스타일에 완벽한 연료입니다. 저희 바는 저탄수화물, 케토 친화적, 콩 프리, 글루텐 프리, 클린 라벨 및 고섬유질입니다.",,"['성분', '깨끗하다', '영양', '천연', '유지', '인공', '프리', '단백질', '설탕', '종일']"
식음료,스낵 및 디저트,단백질바,,B0D7MT7JB5,아몬드 바닐라 프로틴 바-6팩,generic,35926,35926,,,바,아몬드 바닐라 프로틴 바,"['프로', '아몬드', '바닐라', '바팩바']"
식음료,스낵 및 디저트,단백질바,,B0B728R7X1,"Atlas Protein Bar, 단백질 20g, 설탕 1g, 깨끗한 성분, 글루텐 프리, 땅콩 버터 초콜릿 칩 (12개, 3팩)",,117655,117655,4.1,32.0,"깨끗한 연료로 계속 사용할 수 있습니다 단백질 20g, 설탕 1g, 순탄수화물 4g 천연 성분으로만 제작 아쉬와간다가 포함되어 있어 기분이 좋아지고 더 나아갈 수 있도록 도와줍니다 에리스리톨, 글루텐 또는 씨드 오일 없음 미국에서 제작",,"['성분', '글루텐', '제작', '깨끗하다', '단백질', '설탕', '프리', '기분', '땅콩', '미국']"
식음료,스낵 및 디저트,단백질바,,B0BZSWBP2J,"Prolon 패스트 바 | 케토, 글루텐 프리, 유제품 프리, 식물 기반 단백질, 간헐적 단식 바 | 금식을 깨지 않도록 개발 | 초콜릿 칩, 12개입",ProLon,55330,55330,4.1,331.0,"✅ 초콜릿 칩: 이 맛있는 영양 바는 초칼레이트 칩과 견과류가 혼합되어 있습니다. 아몬드, 피칸, 마카다미아 너트, 꿀, 초콜릿 칩의 풍부한 조합으로 음식에 대한 욕구를 충족시키세요 ✅ 음식으로 단식: 패스트 바는 건강한 간헐적 단식 라이프 스타일을 지원하도록 과학적으로 제조되어 필요한 영양소와 칼로리를 제공하여 더 오래 단식 능력을 향상시킵니다. ✅ 프리미엄 영양: 케토 친화적이고 섬유질과 지방이 풍부한 이 유제품 및 콩 프리 간식은 배고픔을 줄이고 건강한 체중을 유지하는 데 도움이 됩니다. 맛있고 편리하며 활동적인 라이프 스타일을 가진 사람들에게 완벽합니다. ✅ 식물 기반 단백질: 패스트 바는 마카다미아 너트, 피칸, 아몬드를 맛있게 혼합하여 하루를 위한 연료를 제공합니다. 꿀, 다크 코코아, 카카오 펜촉, 블루베리 아사이, 레몬 베리 등 5가지 맛을 모두 맛보세요. 채식주의자 및 글루텐 프리. ✅ 패스트 바: 당사의 영양 바는 체중 관리, 간헐적 단식 목표 및 건강한 라이프 스타일을 지원하기 위해 프리미엄 성분을 사용하여 과학적으로 제작되었습니다. 몸에 영양을 공급합니다.",,"['단식', '영양', '프리', '패스트', '라이프', '초콜릿', '건강하다', '맛있다', '스타일', '유제품']"
식음료,스낵 및 디저트,단백질바,,B0DC5WP7WG,"Simply Protein Bars, 버라이어티 팩",Generic,41536,41536,,,"단백질 15g - 설탕 1g 40g(1.4온스) 바 - 15개 글루텐 프리 코셔 인증, GMO 프리","Simply Protein Bars, 버라이어티 팩, 40g(1.4온스), 15개입","['프리', '버라이어티', '인증', '설탕', '단백질', '글루텐', '개입']"
식음료,스낵 및 디저트,단백질바,,B0CRT2FRX3,"Pure Protein Bars, 캐러멜 츄로, 20g 고단백질, 에너지 지원을 위한 영양 간식 8개입",Lulurose,39486,39486,,,"맛있는 캐러멜 츄로 단백질 바: Pure Protein 캐러멜 츄로 바는 마른 근육과 근력을 키우는 데 도움이 되는 고품질 단백질을 함유한 맛있는 고단백 간식입니다. 캐러멜 츄로 단백질 바는 분리 유청 단백질을 함유하고 있으며 글루텐 프리 제품입니다. 각 단백질 바에는 20g의 단백질, 200칼로리, 설탕 2g이 포함되어 있어 바쁘고 활동적인 라이프 스타일을 지원하고 마른 근육을 만드는 데 도움이 됩니다. 글루텐 프리 및 고품질 단백질: 순수 단백질 캐러멜 츄로 바는 글루텐 프리로 글루텐 민감성이나 알레르기가 있는 사람들에게 훌륭한 선택입니다. 또한 근육 성장과 회복을 지원하는 데 필수적인 고품질 단백질로 만들어졌습니다. 영양가 있고 균형 잡힌 식단의 필수 부분: 순수 단백질 캐러멜 츄로 바는 영양가 있고 균형 잡힌 식단의 필수적인 부분입니다. 바 당 단백질 20g과 설탕 2g만 함유되어 건강한 체중을 유지하고 마른 근육을 만들고 전반적인 건강을 개선하려는 사람들에게 훌륭한 선택입니다. 편리하고 휴대성: Pure Protein 캐러멜 츄로 바는 편리하고 휴대가 간편하여 이동 중인 사람들에게 훌륭한 선택입니다. 가방이나 백팩에 쉽게 넣을 수 있으며 식사 사이에 간식으로 먹거나 운동 전후 간식으로 먹을 수 있습니다. 신뢰할 수 있는 브랜드: Pure Protein은 고품질 단백질 보충제와 간식을 생산하는 것으로 유명한 피트니스 업계에서 신뢰할 수 있는 브랜드입니다. 캐러멜 츄로 단백질 바도 예외는 아니며 100% 만족 보장을 제공합니다.","맛있는 캐러멜 츄로 단백질 바: Pure Protein 캐러멜 츄로 바는 마른 근육과 근력을 키우는 데 도움이 되는 고품질 단백질을 함유한 맛있는 고단백 간식입니다. 캐러멜 츄로 단백질 바는 분리 유청 단백질을 함유하고 있으며 글루텐 프리 제품입니다. 각 단백질 바에는 20g의 단백질, 200칼로리, 설탕 2g이 포함되어 있어 바쁘고 활동적인 라이프 스타일을 지원하고 마른 근육을 만드는 데 도움이 됩니다.","['단백질', '캐러멜', '츄', '간식', '근육', '글루텐', '마르다', '함유', '도움', '맛있다']"
식음료,스낵 및 디저트,단백질바,,B0BW4MHTX3,"Max Titanium - Power Protein Bar 소화 지원, 글루텐 프리, 분리 유청 단백질, 코키, 스낵 바, 39.7g(1.4온스) (12개)",Max Titanium,22021,22021,4.6,344.0,신뢰할 수 있는 브랜드: Max Titanium은 품질과 효과적인 보충제에 대한 헌신으로 유명한 유명한 브랜드입니다. 브라질 최고의 단백질 7번 투표!,,"['유명하다', '단백질', '효과', '헌신', '프리', '투표', '최고', '유청', '신뢰', '스낵']"
식음료,스낵 및 디저트,단백질바,,B0CDFH2X3Z,PCO 72CT 땅콩 버터 퍼지,Power Crunch,154690,154690,4.8,7.0,맛있는 맛의 유청 단백질 바: Power Crunch 바는 완벽한 단백질 간식입니다. 13g의 단백질과 단 5g의 설탕을 함유한 이 땅콩 버터 퍼지 에너지 바는 이상적인 간식입니다. 신학기에 좋습니다,Power Crunch 바는 가정이나 이동 중에도 완벽한 단백질 간식입니다. 12-14g의 단백질과 5-8g의 설탕으로 구성된 이 맛있는 유청 단백질 에너지 바는 이상적인 간식입니다. Power Crunch 고DH 가수분해된 프로토 유청 단백질로 완벽한 고단백질 간식을 만듭니다. 단백질을 소화하기 쉬운 Power Crunch 제품은 스마트 단백질 영양의 정점입니다! 당사의 웨이퍼 쿠키와 맛있는 맛 모음은 고단백 바를 먹는 것을 잊게 만들 것입니다.,"['단백질', '간식', '유청', '완벽하다', '맛있다', '에너지', '땅콩', '맛', '설탕', '버터']"
식음료,스낵 및 디저트,단백질바,,B00DD17T4S,Isagenix Fibersnacks 땅콩 초콜릿 츄 12 바 - 418.4g (15온스),Isagenix,68543,68543,4.2,67.0,섬유 스낵 스낵 글루텐 프리,"매일 섬유질을 향상시키는 맛있는 방법. 굶주림을 만족시키고 더 오래 더 풍성하게 지내십시오. 효능이 없는 유청과 우유 단백질을 채우는 6g과 일일 권장 섬유질의 24%를 채우는 섬유질로 구성된 섬유 스낵은 식욕을 완화하는 완벽한 간식입니다. 건강한 장내 식물상을 위한 프리바이오틱스가 함유되어 규칙성을 유지하도록 도와줍니다. 매일 섬유의 건강한 복용량 글루텐 프리, 천연, 인공 색소나 향료 없음","['스낵', '섬유질', '섬유', '건강하다', '프리', '글루텐', '만족', '색소', '복용량', '맛있다']"
식음료,스낵 및 디저트,단백질바,,B0DC972ZR5,"비건 단백질 바 식물 기반 트루바 49.9g(1.76온스) 16개 팩 (오 오 쿠키 반죽 8개, 도넛에 대한 백일몽 8개)",Generic,41536,41536,,,"비건 프로틴 바 식물 기반 Trubar 49.9g (1.75온스) 16개 팩. 8 오 오 쿠키 반죽. 8 도넛에 대한 공상. 190칼로리, 12g 단백질, 모두 맛있습니다. 글루텐 무첨가. 유제품 없음. 콩 무첨가. 설탕 알코올 무첨가. 미국에서 제작.","비건 프로틴 바 식물 기반 Trubar 49.9g (1.75온스) 16개 팩. 8 오 오 쿠키 반죽. 8 도넛에 대한 공상. 190칼로리, 12g 단백질, 모두 맛있습니다. 글루텐 무첨가. 유제품 없음. 콩 무첨가. 설탕 알코올 무첨가. 미국에서 제작.","['첨가', '반죽', '쿠키', '기반', '단백질', '도넛', '식물', '프로', '공상', '글루텐']"
식음료,스낵 및 디저트,단백질바,,B0CRRXX793,"Mezcla 식물성 단백질 바 - 비건, 글루텐 프리 스낵 - 각 맛 2개, 일본 말차 바닐라, 페루 코코아 땅콩 버터, 멕시코 핫 초콜릿 및 캐나다 메이플 블루베리 - 39.7g(1.4온스) x 20.3cm(8인치)",Generic,38226,38226,4.7,9.0,"맛 감각: Mezcla 바는 완두콩 칩, 퀴노아 및 단맛을 조화시켜 즐거움에 유익한 독특하고 만족스러운 간식을 제공합니다. 건강한 성분: 녹색 완두콩 퍼프에서 추출한 단백질 10g을 함유한 Mezcla의 비건 바는 콩, 유제품 및 글루텐이 함유되지 않아 위장 장애 없이 영양이 풍부한 간식을 보장합니다. 글로벌 맛: 일본 말차 바닐라, 페루 코코아 땅콩 버터, 멕시코 핫초콜릿, 캐나다 메이플 블루베리와 같은 Mezcla의 독특한 맛으로 맛의 세계를 발견하십시오. 정통 재료는 특별한 간식 여행을 보장합니다. 언제라도 간식: 언제든지 사용하기에 이상적인 이 비건 바는 단백질이 풍부한 간식을 제공하면서 달콤한 갈망을 만족시킵니다. 아침, 오후 간식 또는 건강한 리프트에 적합합니다. 기부: 각 Mezcla 바는 2030년까지 세계 기아를 종식시키려는 헝거 프로젝트의 사명을 지원합니다. 간식을 먹고 세계적인 대의에 동시에 기여합니다.","Mezcla의 식물성 단백질 바 버라이어티 팩은 전 세계적으로 영감을 받은 맛의 컬렉션으로, 각 바는 영양과 맛이 혼합되어 있습니다. 일본 말차 바닐라: 차분한 말차와 달콤한 바닐라의 융합으로 고요하고 맛있는 경험을 제공합니다. 페루 코코아 땅콩 버터: 풍부한 페루 코코아는 깊이와 매끄러움이 조화를 이루는 크리미한 땅콩 버터를 만났습니다. 멕시칸 핫 초콜릿: 스파이시하고 달콤하며 멕시코의 풍미를 초콜릿 트위스트로 구현합니다. 캐나다 메이플 블루베리: 캐나다의 단풍나무의 달콤함과 톡 쏘는 블루베리의 상쾌한 혼합. 이 바는 각각 10g의 식물성 단백질을 제공하여 하루 중 언제든지 빠른 아침 식사, 영양이 풍부한 간식 또는 건강에 좋은 간식에 이상적입니다. 콩, 유제품 및 글루텐이 함유되지 않아 다양한 식이 요구 사항을 충족합니다. 각 구매는 헝거 프로젝트의 글로벌 기아와의 싸움을 지원하여 모든 물기가 고귀한 대의에 기여합니다. 맛, 건강 및 글로벌 효과가 수렴되는 Mezcla의 식물성 단백질 바 버라이어티 팩으로 다양한 맛을 맛보세요.","['간식', '맛', '단백질', '버터', '블루베리', '바닐라', '코코아', '달콤하다', '땅콩', '말차']"
식음료,스낵 및 디저트,단백질바,,B0BF45BT9K,"MOSH 버라이어티 팩 케토 단백질 바, 고단백질, 글루텐 프리, 저탄수화물, 아쉬와간다, 사자 갈기 및 콜라겐이 함유된 건강한 간식, 6개입",MOSH,34611,34611,3.9,1423.0,"뇌 브랜드: Maria Shriver와 그녀의 아들 Patrick Schwarzenegger가 설립한 MOSH 는 영양, 교육, 연구 및 옹호를 통해 삶의 모든 단계에서 최적의 뇌 건강에 영감을 주는 것을 목표로 하는 미션 중심의 뇌 건강 및 웰빙 회사입니다. 뇌 및 바디 케토 스낵 바 - MOSH 저탄수화물 바는 간단한 재료와 뇌 강화 영양소를 사용하여 만들어집니다. 하루 종일 충만하고 집중하며 활력을 유지하도록 제작된 글루텐 프리 단백질 바는 단백질 10-13g, 장 건강 섬유 6-9g, 설탕 3g 이하, 코그니진 125mg을 함유하고 있습니다. 이 케토 바는 활동적이고 건강한 라이프 스타일을 지원하는 완벽한 저칼로리 간식입니다. 다양한 팩: 모든 것을 가질 수 있는데 왜 하나의 맛을 선택할까요? 레몬 화이트 초콜릿 크런치 쿠키 도우 크런치 땅콩 버터 초콜릿 크런치 블루베리 아몬드 크런치 쿠키 & 크림 크런치 땅콩 버터 크런치를 포함한 6가지 군침 도는 맛을 모두 즐기세요. 제품 패키지의 플랩 아래의 ""최선"" 날짜를 확인하여 제품의 신선도를 확인하십시오. 마음을 사로잡는 성분 - MOSH 클린 단백질 바는 사자 갈기, 아쉬와간다, 오메가 3, 콜라겐, 아마씨, 비타민 B12 및 D3와 같은 뇌 향상 영양소가 풍부합니다. Cognizin이라고 불리는 과학적으로 뒷받침되는 배합을 사용하여 활동적이고 바쁜 라이프 스타일을 위한 영양가 있고 맛있는 바를 제공합니다. 아이들을 위한 건강한 정오 간식으로 완벽하거나 대학 케어 패키지에 추가하기 좋습니다. 다이어트 친화적 - 당사의 단백질 바는 다양한 식이 요법에 적합합니다. MOSH 고단백질 간식은 비건, 케토 친화적, 유제품 프리, 콩 프리, 코셔 및 섬유질이 풍부합니다. 깨끗한 라벨 성분과 천연 향료로 제작된 이 제품은 영양소, 건강한 지방 및 뇌와 신체 모두에 유익한 화합물로 가득합니다. 글루텐 프리, 저탄수화물, 팔레오 및 케토 다이어트에 이상적입니다. 뇌 건강을 위한 인지 강화 - MOSH 는 인지 건강, 집중력 및 주의력을 지원하는 Cognizin을 특징으로 하는 최초의 식품 브랜드입니다. Cognizin은 뇌 세포에 콜린과 같은 필수 영양소를 제공합니다. 건강한 뇌 신진 대사를 지원하고 뇌 기능에 중요한 인지질을 제공하는 데 도움이 됩니다. * *MOSH 바 1개에는 코그니진 125mg이 포함되어 있습니다.",,"['뇌', '단백질', '크런치', '건강', '프리', '건강하다', '키토', '간식', '영양소', '글루텐']"
식음료,스낵 및 디저트,단백질바,,B0D1HDRMZY,"Power Crunch 단백질 바 버라이어티 팩 - 고단백질, 저칼로리, 저설탕 스낵 바 - 8개 팩",Azeko,27686,25608,1.0,1.0,맛있는 맛의 유청 단백질 바: 파워 크런치 바는 완벽한 단백질 간식입니다. 12-14g의 단백질과 저당을 함유한 이 에너지 바는 이상적인 간식입니다. 이동 중에도 좋습니다. 4가지 맛 - 프렌치 바닐라 크림 땅콩 버터 크림 땅콩 버터 퍼지 트리플 초콜릿 바 2개,"Power Crunch Protein Bar 버라이어티 팩 - 고단백질, 저칼로리, 저설탕 스낵 바 - 8개 팩","['단백질', '간식', '스낵', '땅콩', '크림', '맛', '칼로리', '버라이어티', '버터', '설탕']"
식음료,스낵 및 디저트,단백질바,,B0CWSMYW12,"ProPro Protein Bars 저설탕 - 크리켓 단백질 바 - 에너지 바 천연 성분 - 설탕 무첨가 유제품 프리 고단백 식사 대용 바 스낵 5개(1팩, 버라이어티 팩)",ProPro,33240,33240,,,"지속 가능하고 환경 친화적: ProPro 바는 지속 가능하고 영양이 풍부한 단백질 공급원인 크리켓 단백질 파우더로 만들어집니다. 모든 천연 성분: ProPro 크리켓 단백질 바는 천연 성분으로 만들어져 인공 첨가물이나 방부제 없이 죄책감 없는 간식을 즐길 수 있습니다. 맛있는 맛: ProPro 크리켓 단백질 바는 다양하고 맛있고 독특한 맛으로 제공되므로 활동적인 라이프 스타일에 활력을 불어넣고자 하는 모든 사람에게 맛있고 즐거운 간식 옵션입니다. 영양 밀도 성분: ProPro 바는 대추야자, 치아씨드, 말린 과일과 같은 영양 성분의 조합으로 만들어져 하루 중 언제든지 균형 잡힌 간식 옵션을 제공합니다. 스낵 사이즈: 저희 바는 이동 중이든 식사 사이에 빠르고 쉽게 간식을 먹을 수 있는 완벽한 크기입니다.",ProPro 크리켓 단백질 바를 소개합니다. 천연 및 고단백 간식을 위한 완벽한 에너지 바입니다. 크리켓 단백질로 제작된 이 바는 맛있고 편리한 간식일 뿐만 아니라 지구를 위한 지속 가능하고 영양이 풍부한 선택입니다. 각 바는 무설탕 및 유제품이 없으므로 식이 제한이나 선호도가 있는 사람들에게 적합합니다. 고품질 재료로 가득한 ProPro 크리켓 단백질 바는 이동 중이거나 단백질 섭취를 늘리려는 사람들에게 훌륭한 식사 대체 옵션입니다. 체육관에 가거나 하이킹을 하러 가거나 바쁜 하루 동안 빠른 픽업이 필요할 때 ProPro 크리켓 단백질 바는 완벽한 선택입니다. 맛있고 만족스러운 맛으로 단백질 바를 먹고 있다는 사실조차 깨닫지 못할 것입니다. ProPro 크리켓 단백질 바는 천연 성분으로 만들어졌으며 인공 향료나 방부제가 포함되어 있지 않습니다. 각 바에는 약 10g의 단백질이 포함되어 있어 몸에 영양을 공급하고 포만감과 만족감을 유지하는 훌륭한 간식입니다. 건강에 해로운 간식과 작별 인사를 하고 ProPro 크리켓 단백질 바를 만나보세요,"['단백질', '크리켓', '간식', '성분', '천연', '맛있다', '영양', '가능하다', '지속', '완벽하다']"
식음료,스낵 및 디저트,단백질바,,B082P85JFX,"Protein Puck 미니 프로틴 바, Mighty Moxie, 12개 케이스 - 비건 단백질 5g이 함유된 고단백질 스낵 - 글루텐 프리, 유제품, GMO 프리 아침 식사 스낵 바 - 프리미엄 식물성 건강 간식",Protein Puck,31785,31785,2.8,31.0,"미니 단백질 퍽: 미니 퍽 프로틴 바로 하루를 준비하세요! 이 식물 기반 단백질 바는 건강하고 맛있으며 12개 팩으로 제공되므로 빠른 에너지가 필요할 때마다 항상 유제품 프리 단백질 바를 사용할 수 있습니다. 진짜, 건강한 성분: 이 단백질 스낵은 진짜, 건강한 재료로 만든 맛있는 레시피를 가지고 있어 모든 음식을 맛볼 수 있습니다! 당사의 천연 단백질 바는 놀라운 입맛을 가지고 있으며 견과류, 과일 및 씨앗의 질감을 좋아할 것입니다. 완벽한 간식: 건강한 씨앗과 견과류에서 추출한 비건 단백질 6g을 함유한 이 식물 기반 간식은 포만감을 유지합니다. 이 식물성 단백질 바는 완두콩 단백질이나 유청 단백질과 같이 고도로 가공된 단백질 분리 물을 포함하지 않습니다. 인공적인 것이 아닙니다: 당사의 식물 간식은 제품의 품질에 신경을 쓰는 농부들의 재료로 만들어졌습니다. 글루텐 프리 단백질 바이며 GMO 프리, 코셔 인증, 유제품 프리, 콩 프리 및 비건입니다. 하루를 활기차게 만드세요: 이 미니 브렉퍼스트 바로 항상 깨끗한 에너지를 가지세요! 캠핑, 스포츠, 야외 활동 등에 적합한 저설탕 베지테리언 바는 아침이나 오후 간식으로 에너지를 공급할 수 있는 완벽하고 건강한 선택입니다.",,"['단백질', '프리', '간식', '건강하다', '미니', '에너지', '비건', '유제품', '스낵', '식물']"
식음료,스낵 및 디저트,단백질바,,B0BHFBLSFR,"글루텐 프리 브라더스 다크 초콜릿 코코넛 바이트 - 글루텐 프리 단백질 볼 - GMO 프리, 콩 프리, 비건 - 스낵 사이즈 식물 기반 단백질 에너지볼, 34g(1.2온스) (10개)",The GFB,22146,22146,4.1,74.0,"엄청나게 맛있는 초콜릿 코코넛 바이트: 풍부한 다크 초콜릿과 갓 구운 코코넛은 당신의 갈망에 대한 달콤하고 맛있는 해답입니다. 다음은 (아주 좋은) 친구들과 공유할 수 있는 초콜릿 단백질 파워 볼 34g(1.2온스) 1인용 백 10개입니다. 글루텐 프리: 글루텐 프리 브라더스 간식은 글루텐이 없지만 훌륭한 맛으로 가득합니다. 이 에너지 볼은 지방, 콩 프리, 유제품 프리, 계란 프리, 밀 프리, 락토스 프리, 트랜스 지방 프리 및 콜레스테롤 프리 제품입니다. 좋은 성분 + 단백질: 당사의 맛있는 비건 간식은 건강한 영양을 지원하는 최고의 유기농 성분과 식물 기반 단백질로 포장되어 하루 종일 건강하게 지낼 수 있습니다. 만족스럽고 인증된 간식: The GFB 단백질 바이트는 글루텐 프리, GMO 프리 인증, 비건 및 코셔 인증을 받았습니다. 또한 매우 만족스럽고 지갑, 주머니 및 체육관 가방에 적합한 스낵 사이즈 팩으로 제공됩니다. 우리는 인증된 B CORP: 글루텐 프리 괴롭힘에서 우리의 트리플 하단 라인은 사람, 지구 및 번영입니다. 당사의 모든 글루텐 프리 스낵은 미국에서 지속 가능하게 운영되는 폐기물 제로 시설에서 만들어집니다.",,"['프리', '글루텐', '단백질', '초콜릿', '인증', '스낵', '비건', '간식', '코코넛', '바이트']"
식음료,스낵 및 디저트,단백질바,,B07JBP3151,"Perfect Keto 바 - 콜라겐과 MCT가 함유된 가장 깨끗한 케토 스낵 설탕 무첨가, 케토 다이어트 친화적 - 3g 순탄수화물, 19g 지방, 11g 단백질 - 케토 다이어트 푸드 디저트 (솔티드 캐러멜, 12 바)",,62311,62311,3.2,4088.0,"케토 간식: 유기농 아몬드, 코코아 버터, 스테비아, 19g의 지방 및 11g 이상의 목초사육 콜라겐이 포함되어 있습니다. 단백질과 건강한 지방의 조합으로 다음 식사까지 만족할 수 있습니다. 건강하고 유혹: 달콤한 간식을 원할 때, 이 바는 최고의 영양 옵션입니다. 아침 식사를 위해 먹거나 디저트로 즐기든 식단에 전념하세요. 이동: 단일 패키지 바는 여행, 직장 및 운동 전후 또는 운동 후에 쉽게 먹을 수 있습니다. 가방, 사무실 또는 차에 보관할 수 있습니다. 바 12개가 들어있는 벌크 박스 또는 총 36개가 들어있는 박스 3개 중에서 선택하세요. 케토 승인: 필러나 첨가제가 없으며 깨끗하고 좋은 품질의 재료만 들어 있습니다. 다양한 맛으로 제공되며, 모두 설탕이 첨가되지 않았으며 바 당 순탄수화물 3개만 들어 있습니다. 케토 친화적: 케토를 유지할 수 있도록 제작되었습니다. 저희는 카사바 식물에서 온 타피오카 섬유를 사용하며 옥수수 시럽과 옥수수 전분의 일반적인 대안입니다.",,"['키토', '지방', '식사', '단백질', '운동', '박스', '옥수수', '디저트', '첨가', '설탕']"
식음료,스낵 및 디저트,단백질바,,B07BB3Y6BK,"Protein One 90칼로리 케토 단백질 바, 딸기 및 크림, 5개입",,10941,8794,3.6,3275.0,"단백질 바: 딸기와 크림이 특징인 맛있는 케토 친화적인 단백질 바는 1회 제공량당 단백질 10g, 설탕 1g 미만, 순탄수화물 2g 건강한 간식 바: 몸을 채우지 않고도 몸을 채울 수 있는 단백질 바; 단백질 10g과 섬유질 5g이 포함되어 있어 달콤한 치아에 '예'라고 말할 때 스마트 쿠키 하나처럼 느껴질 것입니다 딸기와 크림: Protein One 90 칼로리 단백질 바에서 딸기와 크림의 거부할 수 없는 맛을 즐길 수 있을 때 훌륭한 맛을 타협하지 마세요 식료품 저장실 및 점심 상자 선호: 사무실 간식, 아침 식사, 도시락, 디저트 또는 이동 중에도 상쾌한 간식을 위해 쫄깃한 단백질 바를 잡고 이동하세요 구성: 27.2g, 5개입","하루 중 벽에 부딪혔습니다. 아침과 점심 사이의 황량한 시간과 장소에 있습니다. 하지만 휴게실 도넛을 포기하지 마세요. Protein One to the rescue. 이 딸기와 크림 픽업을 들고 그 갈망을 억제하세요. 이 쫄깃한 단백질 바는 균형 잡힌 식단의 일부로 당신을 채우는 데 도움이 됩니다. 단백질 10g, 섬유질 5g, 설탕 1g 미만, 순탄수화물 2g을 함유하고 있습니다. 섬유질이 많은 식단은 소화 시스템을 추적하는 데 도움이 됩니다. 아침, 사무실 간식 또는 이동 중 간식으로 쫄깃한 단백질 바를 구입하세요. 총 5개의 케토 친화적인 단백질 바가 포함되어 있습니다.","['단백질', '간식', '크림', '딸기', '쫄깃', '섬유질', '아침', '키토', '이동', '설탕']"
식음료,스낵 및 디저트,단백질바,,B0CW7FDX93,Generic KIRKLAND_SIGNATURE_Protein Bars 초콜릿 땅콩 버터 청크,Generic,62255,62255,5.0,3.0,건강한 단백질 바 땅콩 버터,KIRKLAND_SIGNATURE_Protein Bars Chocolate Peanut Butter Chunk,"['버터', '땅콩', '초콜릿', '청', '단백질', '건강하다']"
식음료,스낵 및 디저트,단백질바,,B094XGKQHK,"think! Delight 단백질 바, 저탄수화물, 글루텐 프리 스낵 - 초콜릿 무스 파이, 10개입 (포장은 다를 수 있음)",,33613,33613,4.2,2468.0,"입안에서 녹는 맛있는 think! Keto Protein 초콜릿 무스 파이 바는 두꺼운 초콜릿 층으로 덮여 있습니다. 적당한 단백질, 저탄수화물, 저설탕 및 고지방 등 케토 라이프 스타일을 유지하는 데 필요한 영양소가 포함되어 있습니다. 저희 바는 Paleo Foundation에서 Keto 인증을 받았습니다. 10g 단백질: 식사 사이의 배고픔과 싸우고 간식 갈망을 충족시키기 위해 약간의 연료가 필요할 때 케토 승인을 받은 맛있는 간식입니다. 포만감을 지원합니다. 순탄수화물 2g 및 설탕 1g: 케토 친화적인 감미료, 에리스리톨 및 스테비아를 사용합니다. 인공 감미료 없음 - 수크랄로스, 사카린, 아스파탐, 아세설팜 칼륨, 네오타메 또는 이펙테메가 포함되어 있지 않습니다. 순탄수화물 = 총 탄수화물 - 섬유질 - 설탕 알코올. 저희는 인공 색소나 향료가 없는 재료를 선택하는 것에 자부심을 가지고 있습니다. *모든 성분은 유전 공학 없이 생산되었습니다.",think! 케토 라이프 스타일을 유지하면서 강하고 간식이 강하고 좋아하는 일에 강한 느낌을 줍니다. think! 만나기 케토 단백질 바 - 케토 친화적인 지방과 3g의 순탄수화물만 제공하는 스마트하고 맛있는 스낵 옵션으로 하루 종일 안전하게 보관할 수 있습니다. 당사의 초콜릿 무스 파이 케토 단백질 바는 입안에서 부드럽고 녹는 초콜릿 무스의 맛으로 달콤한 치아를 만족시킵니다!,"['키토', '탄수화물', '단백질', '초콜릿', '무스', '간식', '설탕', '강하다', '파이', '맛있다']"
식음료,스낵 및 디저트,단백질바,,B07PZVMW95,"단백질 커피 에너지 바, 5가지 간단한 성분으로 제작, 천연 성분, 글루텐 프리, GMO 프리 및 단백질 16g, 리얼 커피로 제작 (바당 카페인 55mg), 바 12개(땅콩 버터)",Coffee Snax,41536,41536,3.7,209.0,"고단백질 커피 에너지 바 - 당사의 고단백 커피 에너지 바는 많은 시투타이온에 적합합니다. 아침 아침 식사, 이동 중 간식 또는 운동 전 부스트에 완벽합니다! 게다가, 우리는 놀라운 맛입니다! 5가지 간단한 성분 - 구운 땅콩, 꿀, 분리 유청 단백질, 귀리 가루, 커피. 음식처럼 발음하고 이해할 수 있는 것들! 차이를 맛보세요 - 한 번만 물면 더 많은 것을 얻을 수 있습니다. 지금까지 보유한 최고의 시음 바가 아니라면 전액 환불해 드립니다! 카페인 킥 - 일반 바가 아닙니다! 이 바는 꿀뿐만 아니라 바에 있는 실제 커피에서 추출한 카페인 55mg에서 추출한 킥을 제공합니다! 16G 단백질 - 모든 천연 유청 단백질에서 공급되는 이 커피 바는 GMO 프리 제품이며 인공 성분이나 필러가 포함되어 있지 않습니다. 이 단백질 부스트는 포만감을 유지하고 당일이나 운동을 할 준비가 되어 있습니다!","당사의 고단백 커피 에너지 바는 많은 시츄타이온에서 사용할 수 있습니다. 아침 아침 식사, 이동 중 간식 또는 운동 전 부스트에 완벽합니다! 게다가, 우리는 놀라운 맛입니다!","['커피', '단백질', '성분', '아침', '에너지', '부스트', '카페인', '프리', '운동', '식사']"
식음료,스낵 및 디저트,단백질바,,B0D81GFNFJ,"FITCRUNCH 로드 쿠키 단백질 바, 고단백질, 글루텐 프리, 단백질 스낵 (쿠키 바 12개, 민트 매드니스)",Fit Crunch,52616,52616,4.0,345.0,단백질 22g 글루텐 프리 셰프 제작 소프트 베이크드,,"['단백질', '프리', '쿠키', '글루텐', '베이크드', '제작', '스낵', '소프트', '셰프', '민트']"
식음료,스낵 및 디저트,단백질바,,B07F43NTJR,"thinkThin 단백질 & 섬유 바, 소금 캐러멜, 31.41 온스 (20 카운트)",think!,64416,64416,4.5,136.0,"150가지 칼로리스: 몇 개의 입맛으로 간식 갈망을 만족시키세요. 10G 프로틴: 마른 근육, 근육 회복 및 성장, 풍만감을 돕습니다. 5G 파이버: 소화를 돕는 좋은 섬유 원천. 5g 설탕 글루텐 프리: 글루텐을 포함하지 않습니다.",think Thin Protein & Fiber Bars pack 10g protein and 5g fiber. Ward off hunger while satisfying your cravings with several mouth-watering flavors.,"['근육', '글루텐', '섬유', '회복', '성장', '갈망', '단백질', '로리스', '마르다', '만족']"
식음료,스낵 및 디저트,단백질바,,B09PC7BPP4,"UNiTE 단백질 바, 멕시코 핫 초콜릿 맛, 단백질 10g, 200칼로리, 콩 및 글루텐 프리, 리얼 아몬드 버터, 자랑스러운 여성 소유 - 45.1g(1.6온스) 바 (12팩)",UNiTE,40165,40165,4.0,158.0,"맛있는 맛: 멕시칸 핫 초콜릿 UNiTE 바는 크리미한 아몬드 버터, 코코아, 계피 및 칠리 페퍼를 혼합하여 정통 멕시코 핫 초콜릿 맛을 선사합니다. 인공 감미료나 향료 없음: UNiTE 단백질 바는 글루텐과 콩이 없으며 인공 감미료가 없습니다. 훌륭한 영양가와 함께 단백질 10g, 섬유질 5g, 바 당 200칼로리 미만을 제공합니다! 이동 중에도 완벽함: 편의를 위해 개별적으로 포장되어 이동 중에도 사용하기에 적합합니다. 점심, 운동 전후 또는 운동 후, 영양이 풍부한 디저트 등 다양한 상황에 이상적인 간식입니다! 좋은 단백질 공급원: 유청, 아몬드 및 대마 씨앗에서 추출한 10g의 단백질을 함유한 좋은 단백질 공급원으로 훌륭한 맛과 함께 원하는 에너지를 제공합니다. 죄책감 없는 간식: 이 바는 인공 감미료나 설탕 알코올을 첨가하지 않고 원하는 모든 달콤한 맛을 포함하고 있습니다.",,"['단백질', '맛', '초콜릿', '감미료', '핫', '아몬드', '인공', '훌륭하다', '공급원', '글루텐']"
식음료,스낵 및 디저트,단백질바,,B0CNTXQR4H,"Think 고단백질 바 - 크리미 땅콩 버터 & 초콜릿 브라우니, 단백질 20g, 설탕 0g, 인공 감미료 없음, 글루텐 프리, GMO 프리, 59.5g(2.1온스) 바, (10팩)",Generic,37325,37325,3.6,11.0,20g 단백질: 각 Think High Protein Bar에는 20g의 단백질이 함유되어 있어 이동 중에도 만족스럽고 활력을 주는 간식입니다. 설탕 0g: 죄책감 없이 달콤함을 즐기세요. Think High Protein Bar에는 설탕 0g이 포함되어 있어 맛을 손상시키지 않으면서 건강하고 만족스러운 간식을 제공합니다.,"Think High Protein Bars - 크리미 땅콩 버터 (5) & 브라우니 크런치 (5), 단백질 20g, 설탕 0g, 인공 감미료 없음, 글루텐 프리, GMO 프리, 59.5g(2.1온스) 바, (10팩)","['단백질', '설탕', '프리', '브라우니', '감미료', '글루텐', '땅콩', '만족스럽다', '버터', '간식']"
식음료,스낵 및 디저트,단백질바,,B0CTB7ZBFR,"Pure Protein Bars, 고단백질, 에너지 지원을 위한 영양 간식, 저설탕, 49.6g(1.75온스) 레몬 케이크 12개입",Lulurose,52505,52505,3.0,2.0,"맛있는 단백질 바: 순수 단백질 바는 마른 근육과 힘을 키우는 데 도움이 되는 고품질 단백질을 함유한 맛있는 고단백 간식입니다. 이 단백질 바는 분리 유청 단백질을 함유하고 있으며 글루텐 프리 제품입니다. 각 단백질 바에는 20g의 단백질, 200칼로리, 설탕 2g이 포함되어 있어 바쁘고 활동적인 라이프 스타일을 지원하고 마른 근육을 만드는 데 도움이 됩니다. 이동 중 단백질 간식: 순수 단백질 바는 바쁘고 활동적인 라이프 스타일을 지원합니다. 영양가 있고 균형 잡힌 식단의 필수적인 부분인 고품질 단백질로 제작된 Pure Protein 바는 하루 중 언제든지 맛있는 간식입니다. 운동 전후 연료: Pure Protein Bar는 운동 전후에 완벽합니다. 에너지 및 마른 근육 지원을 위해 운동 1시간 전에 단백질 바를 섭취하거나 운동 후에 에너지를 보충하고 근육 회복 과정을 돕습니다. 완벽한 조합: Pure Protein은 저당(1)과 여러분이 좋아할 훌륭한 맛의 고단백 바를 제공하는 것을 자랑스럽게 생각합니다. (1) Pure Protein 제품에는 5g 이하의 설탕이 포함되어 있습니다. Pure Protein은 고품질 단백질 보충제와 간식을 생산하는 것으로 유명한 피트니스 업계에서 신뢰할 수 있는 브랜드입니다. 100% 만족 보장.","Pure Protein Protein Bar는 마른 근육과 근력을 지원하는 맛있는 고단백 간식입니다. 각 단백질 바에는 19g의 단백질, 200칼로리 및 3g의 설탕이 포함되어 있어 훌륭한 맛과 글루텐 프리 단백질 스낵을 제공합니다. 또한, 이 고단백 바는 활동적인 라이프 스타일을 지원하므로 운동 전, 운동 후 또는 바쁜 하루 동안 이동 중에도 먹을 수 있는 단백질 간식을 위해 체육관 가방에 넣으십시오. 맛있는 맛으로 하루 중 언제든지 Pure Protein 바를 쉽게 즐길 수 있습니다. Pure Protein은 훌륭한 맛의 저당(1) 단백질 바를 제공하는 것을 자랑스럽게 생각합니다. (1) Pure Protein 제품에는 5g 이하의 설탕이 포함되어 있습니다.","['단백질', '간식', '운동', '근육', '설탕', '맛있다', '마르다', '단백', '맛', '라이프']"
식음료,스낵 및 디저트,단백질바,,B0DBY1K1F4,"Crispy Simply Protein Bars 버라이어티 팩, 40g(1.4온스) 바 (15개) [땅콩 버터 초콜릿 5개, 레몬 코코넛 5개, 다크 초콜릿 바다 소금 5개]",Generic,40151,40151,,,"땅콩 버터 초콜릿 5개 레몬 코코넛 5개 다크 초콜릿 바다 소금 5개 글루텐 프리 식물 기반, 케토 인증","Simply Protein은 하루에 활력을 주는 깨끗한 식물성 단백질 간식을 제공합니다. 당사의 제품은 천연 GMO 프리 성분으로 만들어졌으며 땅콩 버터 초콜릿, 레몬 코코넛, 다크 초콜릿 바다 소금과 같은 맛있는 맛으로 제공됩니다. 설탕이 적고 단백질 함량이 높아 균형 잡힌 식단을 유지하려는 모든 사람에게 이상적입니다. Simply Protein은 체육관, 직장 또는 이동 중에도 건강한 라이프 스타일을 위한 완벽한 동반자입니다.","['초콜릿', '다크', '땅콩', '바다', '코코넛', '소금', '레몬', '버터', '프리', '단백질']"
식음료,스낵 및 디저트,단백질바,,B0BV8K2F4P,"Nick's 스웨덴 스타일 스낵 바, 케토 단백질 바, 24개, 단백질 15g, 저탄수화물, 저설탕, 식사 대용 바, 케토 친화적인 스낵, 초콜릿 땅콩",N!CK'S,56771,56771,4.0,255.0,"캔디 바 맛이 나는 단백질 바: 치아를 가라앉힐 수 있는 질감을 가진 관대하고 만족스러운 단백질 바. 바삭한 땅콩과 쫄깃하고 끈적끈적한 캐러멜이 초콜릿 코팅으로 싸여 있습니다. 실제로 먹고 싶은 건강한 스낵 바입니다! 케토 친화적인 간식: 저탄수화물(4g 순탄수화물), 건강한 지방, 단백질 및 훌륭한 맛의 조합으로 여러분의 욕구를 충족시키는 것이 그 어느 때보다 쉬워졌습니다. 쿠키, 칩, 빵, 케이크, 아이스크림, 심지어 단백질 쉐이크를 케토 다이어트와 더 잘 어울리는 건강한 간식으로 대체할 수 있습니다. 더 오래 유지: 15g의 단백질(백악질 단백질 맛 없음)을 휴대가 쉬운 하나의 패키지에 담았습니다. 하루 동안 활력과 포만감을 유지하기 위해 가지고 다니세요. 점심, 운동, 스포츠, 여행, 하이킹, 학교, 로드 트립 등을 위해 함께 챙겨보세요! 저칼로리 간식: 바 당 단 190칼로리! 체육관 전후에, 저녁 식사 후 디저트로 또는 점심 식사 간식으로도 사용할 수 있습니다. 체중을 늘리지 않고 식단에 다양성을 더하세요! 설탕이 첨가되지 않은 달콤함: 설탕이 부서지지 않습니다! 맛이 너무 좋은 스웨덴 스타일의 간식을 즐기세요. 맛도 좋고 맛도 좋습니다! 원하지 않는 재료 없이 맛있는 견과류와 초콜릿이 포함되어 있습니다!","Nick's Peanöt Choklad Bar, 바 당 단백질 15g, 순탄수화물 4g, 설탕 무첨가, 케토 친화적, 4개, 199.6g(7.7온스) (6팩)","['단백질', '맛', '간식', '키토', '설탕', '탄수화물', '스낵', '식사', '초콜릿', '건강하다']"
식음료,스낵 및 디저트,단백질바,,B0D8FM5JKB,Chef Robert's 유청 핏 단백질 바 초콜릿 땅콩 버터 18개 | 셰프 제작 6겹 베이킹 바 | 글루텐 프리 | 고단백질 베이킹 바,Lulurose,50566,51120,4.6,9.0,Chef Robert의 유청 단백질 바 초콜릿 땅콩 버터 18개 | 고단백질 베이킹 바 | 요리사가 만든 6겹 베이킹 바 | 글루텐 프리,Chef Robert의 유청 단백질 바 초콜릿 땅콩 버터 18개 | 고단백질 베이킹 바 | 요리사가 만든 6겹 베이킹 바 | 글루텐 프리,"['베이킹', '단백질', '프리', '초콜릿', '유청', '버터', '땅콩', '글루텐', '요리사']"
식음료,스낵 및 디저트,단백질바,,B0CS886XCG,"Pure Protein 바, 고단백질, 에너지 지원을 위한 영양 간식, 저설탕, 글루텐 프리 초콜릿 땅콩 버터 4개, 초콜릿 디럭스 4개, 츄이 초콜릿 칩 4개",Lulurose,48350,48350,,,"맛있는 단백질 바: 순수 단백질 바는 마른 근육과 힘을 키우는 데 도움이 되는 고품질 단백질을 함유한 맛있는 고단백 간식입니다. 이 단백질 바는 분리 유청 단백질을 함유하고 있으며 글루텐 프리 제품입니다. 각 단백질 바에는 20g의 단백질, 200칼로리, 설탕 2g이 포함되어 있어 바쁘고 활동적인 라이프 스타일을 지원하고 마른 근육을 만드는 데 도움이 됩니다. 이동 중 단백질 간식: 순수 단백질 바는 바쁘고 활동적인 라이프 스타일을 지원합니다. 영양가 있고 균형 잡힌 식단의 필수적인 부분인 고품질 단백질로 제작된 Pure Protein 바는 하루 중 언제든지 맛있는 간식입니다. 운동 전후 연료: Pure Protein Bar는 운동 전후에 완벽합니다. 에너지 및 마른 근육 지원을 위해 운동 1시간 전에 단백질 바를 섭취하거나 운동 후에 에너지를 보충하고 근육 회복 과정을 돕습니다. 완벽한 조합: Pure Protein은 저당(1)과 여러분이 좋아할 훌륭한 맛의 고단백 바를 제공하는 것을 자랑스럽게 생각합니다. (1) Pure Protein 제품에는 5g 이하의 설탕이 포함되어 있습니다. Pure Protein은 고품질 단백질 보충제와 간식을 생산하는 것으로 유명한 피트니스 업계에서 신뢰할 수 있는 브랜드입니다. 100% 만족 보장.","Pure Protein Protein Bar는 마른 근육과 근력을 지원하는 맛있는 고단백 간식입니다. 각 단백질 바에는 19g의 단백질, 200칼로리 및 3g의 설탕이 포함되어 있어 훌륭한 맛과 글루텐 프리 단백질 스낵을 제공합니다. 또한, 이 고단백 바는 활동적인 라이프 스타일을 지원하므로 운동 전, 운동 후 또는 바쁜 하루 동안 이동 중에도 먹을 수 있는 단백질 간식을 위해 체육관 가방에 넣으십시오. 맛있는 맛으로 하루 중 언제든지 Pure Protein 바를 쉽게 즐길 수 있습니다. Pure Protein은 훌륭한 맛의 저당(1) 단백질 바를 제공하는 것을 자랑스럽게 생각합니다. (1) Pure Protein 제품에는 5g 이하의 설탕이 포함되어 있습니다.","['단백질', '간식', '운동', '설탕', '근육', '단백', '맛있다', '맛', '마르다', '바쁘다']"
식음료,스낵 및 디저트,단백질바,,B01MQSI2AV,"Bulletproof Fudge 브라우니 콜라겐 단백질 바, 12팩, MCT 오일이 함유된 케토 친화적인 간식, 목초 사육 콜라겐, 설탕 무첨가",,40095,29071,3.7,3011.0,"Bulletproof 퍼지 브라우니 콜라겐 단백질 바 12개입 박스 1개가 포함되어 있습니다 코코아와 캐슈 버터가 함유된 퍼지 브라우니 바는 보송하고 퇴폐적인 질감을 가지고 있으며 이동 중에도 영양과 연료를 제공합니다 11g 단백질로 제작되었으며, 쇼트브레드 질감을 위한 만족스러운 캐슈 버터와 지속적인 에너지를 위한 순수 MCT 오일로 제작되었습니다 설탕 2g밖에 되지 않았으며 설탕이 첨가되지 않았으며 항상 글루텐 프리, 유제품 프리 및 GMO 프리 Bulletproof는 항상 엄선된 재료를 사용합니다. 강하고 활력을 유지하려면 케토 친화적인 Bulletproof 콜라겐 단백질 바를 구매하세요",,"['콜라겐', '단백질', '설탕', '프리', '브라우니', '질감', '함유', '버터', '제작', '첨가']"
식음료,스낵 및 디저트,단백질바,,B0DDRT655G,"Robert Irvine의 Fit Crunch 유청 단백질 바, 2팩 번들, 2-18개입 상자에 총 36개의 바, 초콜릿 땅콩 버터",Generic,101035,101035,,,2팩 번들 총 바 36개 유효 기간은 구매일로부터 최소 8개월입니다. 1년 이상 보관 가능,"Robert Irvine의 Fit Crunch 유청 단백질 바, 2팩 번들, 2-18개입 박스에 총 36개의 바, 초콜릿 땅콩 버터","['초콜릿', '유청', '버터', '땅콩', '단백질', '개입', '최소', '일로', '유효', '상자']"
식음료,스낵 및 디저트,단백질바,,B077TCF36X,"No Cow 프로틴바, 1, 1",,45691,45691,4.2,8385.0,글루텐 프리. 유제품 없음. 대두 없음. 비건.,,"['프리', '프로', '틴바', '유제품', '비건', '대두', '글루텐']"
식음료,스낵 및 디저트,단백질바,,B076946392,"RAW REVOLUTION, Bar, Rev Glo, Dbl Choc, Brni, 12팩, 사이즈 45.4g(1.6온스), (글루텐 프리 코셔 비건)",Raw Revolution,54984,54984,3.9,119.0,글루텐 프리: 글루텐 성분이 포함되어 있지 않습니다 코셔 인증: 코셔 식이 기준을 충족합니다 비건: 동물성 제품 없음 유기농: 유기농 성분으로 제작 보습: 피부에 수분을 공급합니다,"초콜릿 온 초콜릿 - 퇴폐적인 간식으로, 최고 품질의 재료를 맛보고 죄책감 없이 기분이 좋습니다. 각 Raw Rev Glo 더블 초콜릿 브라우니 반죽 바는 고품질 식물 기반 단백질, 영양 밀도가 높은 전체 식품으로 포장되어 있으며 섬유질로 채워져 있습니다. 12g의 비건 단백질, 14g의 프리바이오틱 섬유 권장 일일 허용량), 정제되지 않은 설탕 4g, 트랜스 지방 및 수소화 오일이 없는 Raw Rev는 영양과 맛에 대한 기준을 높였습니다. Raw Rev는 저렴하고 최소한의 가공, 지속 가능하며 풍미가 가득한 세계에서 가장 영양이 풍부한 제품을 제공하기 위해 자랑스럽게 노력하고 있습니다. Raw Rev Glo 바는 항상 글루텐 프리, 비건, 코셔, GMO 프리, 콩 분리물 없음, 옥수수 프리 및 인공 성분 무첨가입니다.","['프리', '비건', '글루텐', '성분', '영양', '초콜릿', '유기농', '단백질']"
식음료,스낵 및 디저트,단백질바,,B0D43VH16X,"Sunbest 새로운 맛 - Sun Best Fiber Boosting 초콜릿 브라우니 바, 3개입 - 박스 2개 - 바 6개 - 맛있는 간식으로 탐닉과 영양을 만나는 곳.",Sunbest,15304,15304,4.5,2.0,섬유 바,Sun Best 섬유 부스팅 초콜릿 브라우니 바 — 맛있는 간식으로 탐닉과 영양을 만나는 곳. 풍부한 초콜릿으로 만들어졌으며 섬유질이 함유된 이 바는 달콤한 갈망을 만족시킬 수 있는 죄책감 없는 방법을 제공합니다. 한 입 먹을 때마다 클래식 브라우니의 퇴폐적인 맛을 경험하면서 몸에 필요한 섬유질을 제공합니다. Sun Best Fiber Boosting Chocolate Brownie Bars로 간식 경험을 향상시키세요. 건강에 민감한 선택은 맛을 타협해서는 안 되기 때문입니다.,"['브라우니', '초콜릿', '맛', '간식', '맛있다', '영양', '섬유질', '섬유', '경험', '탐닉']"
식음료,스낵 및 디저트,단백질바,,B0CBLNTB9H,"Atlas Protein Bar, 단백질 20g, 설탕 1g, 깨끗한 성분, 글루텐 프리 (스페이스, 12개입 (1팩))",Atlas Protein Bar,41411,41411,3.7,75.0,"다른 제품과 비교할 수 없는 바: Atlas Bars는 깨끗한 재료와 뛰어난 영양을 결합하여 다른 제품과 비교할 수 없는 바를 만듭니다. 과학을 뒷받침하는 당사의 포뮬러는 천연 성분으로 만들어져 하루 종일 풍성하고 집중하며 활력을 유지합니다. 작업, 훈련 또는 놀 때 당사의 바는 최고의 성능을 유지하도록 설계되었습니다. 깨끗한 성분: 진짜 성분이 더 좋습니다. 당사의 바는 목초 사육 유청 단백질, 신선한 견과류 버터, 진짜 과일과 같은 고품질의 깨끗한 재료만을 사용하여 제작되었습니다. 당사는 수크랄로스, 설탕, 씨앗 오일 및 인공 성분이 없는 제품을 만들기 위해 최선을 다하고 있습니다. 탁월한 영양: 고품질 단백질 20g과 천연 설탕 1g으로 구성된 저희 바는 깨끗하고 천연 성분으로 만든 영양 강국으로 하루 종일 최고의 기분을 유지합니다. 인공적인 것이 아닙니다: 저희는 순수하고 단순하게 유지한다고 믿습니다. 저희 바는 인공 향료, 색소, 방부제 및 감미료가 없습니다. Atlas를 사용하면 고품질의 천연 성분으로 몸에 영양을 공급하고 있다는 것을 알고 안심할 수 있습니다. 다이어트 친화적: 아틀라스는 거의 모든 라이프 스타일에 완벽한 연료입니다. 저희 바는 저탄수화물, 케토 친화적, 콩 프리, 글루텐 프리, 클린 라벨 및 고섬유질입니다.",,"['성분', '깨끗하다', '천연', '영양', '유지', '인공', '단백질', '설탕', '프리', '재료']"
식음료,스낵 및 디저트,시리얼,,B000CS9ZQA,"Nutri-Grain 소프트 베이크드 브렉퍼스트 바, 통곡물로 제작, 어린이 간식, 버라이어티 팩, 1.8L(60온스) 박스 (바 48개)",Nutri Grain,34583,34583,4.7,17880.0,"통곡물과 맛있는 과일 향이 나는 이 바는 균형 잡힌 아침 식사에 편리하게 추가할 수 있습니다 부드럽고 구워지고 쫄깃한 크러스트와 맛있는 과일 맛 충전재로 좋은 아침을 느낄 수 있습니다 8g의 통곡물로 제작되었습니다. 8가지 비타민과 미네랄의 좋은 공급원. 밀, 우유 및 콩 성분이 포함되어 있습니다 바쁜 아침에 편리하고 이상적입니다. 항상 준비할 수 있도록 홈 팬트리를 비축하세요. 학교에 가는 길에 즐길 수 있도록 백팩에 포장하세요 바로 먹을 수 있는 부드러운 구운 아침 식사 바 48개가 포함된 1.7L(60온스) 버라이어티 팩 박스 1개가 포함되어 있습니다. 편리함, 신선함 및 훌륭한 맛을 위해 포장됩니다","Nutri-Grain 소프트 베이크드 브렉퍼스트 바로 바쁜 아침을 준비하세요. 이 맛있고 편리한 과일 맛 바는 아침에 좋은 시작이며 부모와 아이들이 하루를 이길 수 있도록 도와줍니다. 아이들이 좋아할 맛있는 과일 맛, 8g의 통곡물, 8가지 비타민과 미네랄의 좋은 공급원으로 구성된 이 바는 모든 아침 식사에 균형 잡힌 추가 아이템입니다. 아이들이 아침에 집에서 먹을 수 있도록 딸기, 블루베리 또는 애플 시나몬 맛 파우치를 챙기세요. 학교에 가는 길에 버스에 간식을 포장하세요. Nutri-Grain 소프트 베이크드 브렉퍼스트 바는 아침에 맛있는 추가 아이템이 될 뿐만 아니라 선물 바구니나 케어 패키지를 포장할 때도 훌륭한 선택입니다. 맛있는 옵션은 무한합니다. 이 편리하고 완벽하게 구운 바를 사용하면 정통한 부모와 아이들은 하루 종일 준비된 느낌을 받을 수 있습니다./Since 1906, Kellogg's has provided delicious, ready-to-eat cereal to help families start their morning right. Today, Kellogg's also provides tasty, low-fat snacking options to help you and your family eat right throughout the day. Kellogg's Nutri Grain Strawberry/Apple Cinnamon includes both strawberry and apple-cinnamon cereal bars. Made with whole grain oats, each individually-wrapped bar has filling made with real fruit. They're fortified with vitamins for guilt-free snacking, plus they're low in fat! Forget about candy bars: make these fruity, healthy snack bars a part of your day.","['아침', '맛있다', '편리하다', '맛', '곡물', '과일', '포장', '식사', '소프트', '브렉퍼스트']"
식음료,스낵 및 디저트,시리얼,,B001M20XA2,"NUTRI-GRAIN 소프트 베이크드 브렉퍼스트 바, 통곡물로 제작, 어린이 간식, 밸류 팩, 딸기, (박스 3개, 바 48개)",Nutri Grain,24846,24846,4.6,2554.0,"통곡물과 맛있는 딸기 맛을 지닌 Nutri-Grain 바는 균형 잡힌 아침 식사에 편리하게 추가할 수 있습니다 기분 좋은 아침을 위해 부드럽고 구워지고 쫄깃한 크러스트와 과일 맛의 충전재를 즐기세요 8가지 비타민과 미네랄의 좋은 공급원; 8g의 통곡물로 제작, 맛있는 과일 맛, 코셔 유제품, 밀, 우유 및 콩 성분 포함 바쁜 아침에 편리하고 이상적입니다. 항상 준비할 수 있도록 홈 팬트리를 비축하세요. 학교 간식을 위해 백팩에 포장하세요 바로 먹을 수 있는 부드러운 구운 아침 식사 바 16개가 포함된 589.7g(20.7온스) 박스 3개, 총 48개의 바가 포함되어 있습니다. 편리함, 신선함 및 훌륭한 맛을 위해 포장됩니다","Nutri-Grain으로 바쁜 아침을 준비하세요. 총 48개의 Nutri-Grain 딸기 브렉퍼스트 바가 포함된 599.7g(20.7온스) 박스 3개가 포함되어 있습니다. 이 맛있고 편리한 딸기 맛 바는 아침에 좋은 시작이며 부모와 아이들이 하루를 이길 수 있도록 도와줍니다. 아이들이 좋아할 맛있는 과일 맛, 8g의 통곡물, 8가지 비타민과 미네랄의 좋은 공급원으로 구성된 이 바는 모든 아침 식사에 균형 잡힌 추가 아이템입니다. 아이들이 아침에 집에서 먹을 수 있는 파우치를 챙기세요. 학교에 가는 길에 버스에 간식을 챙기세요. Nutri-Grain 소프트 베이크드 브렉퍼스트 바는 아침에 맛있는 추가 아이템이 될 뿐만 아니라 선물 바구니나 케어 패키지를 포장할 때도 훌륭한 선택입니다. 맛있는 옵션은 무한합니다. 이 편리하고 완벽하게 구운 바를 사용하면 정통한 부모와 아이들은 하루 종일 준비된 느낌을 받을 수 있습니다.","['아침', '맛있다', '맛', '편리하다', '곡물', '딸기', '식사', '브렉퍼스트', '준비', '추가']"
식음료,스낵 및 디저트,시리얼,,B09DT5WN7R,"OVER EASY 오트밀 건포도 아침 식사 바 | 천연 성분, 깨끗한 성분 단백질 바 | 아침 식사 및 시리얼 바 | 단백질 스낵 바 12개, 글루텐 프리, 유제품 프리, 콩 프리",Over Easy,41536,41536,4.4,742.0,"아침 식사가 준비되어 있습니다 - Over Easy 아침 식사 바는 하루를 시작하는 완벽하게 건강한 방법입니다. 뜨거운 식사를 할 시간이 없을 수도 있으므로 모든 천연 재료로 만든 식사 교체 바를 찾아 가족에게 빠르고 맛있고 영양가 있는 아침 식사를 제공하십시오. 영양소가 풍부합니다 - 맛있고 만족스러운 오트밀 그래놀라 바는 섬유질이 채워진 고단백질 간식으로 에너지 수준을 높이고 배고픔을 막아줍니다. 단백질과 항산화 물질과 섬유질이 풍부한 에너지 바는 균형 잡힌 식단을 위한 주요 영양소를 제공합니다. 최고의 재료만 - 글루텐 프리 단백질 바는 콩 프리, 유제품 프리 제품으로 인공 향료, 방부제 또는 고과당 옥수수 시럽을 함유하지 않습니다. 건강에 좋은 재료와 케이지 프리 계란으로 단백질 바는 건강한 몸과 내장을 촉진하면서 에너지를 유지하고 건강한 식습관을 유지하도록 도와줍니다. 좋은 영양이 이보다 더 맛있습니다. 이동 중에도 라이프 스타일에 적합 - 일정을 저글링하고 마감일을 맞추는 데 바쁘므로 Over Easy Breakfast Bars로 아침 식사를 즐겨보세요. 맛과 간단한 재료가 마음에 드실 것입니다. 하지만 정말 감사하게 될 것은 개별적으로 포장되어 빠르고 편리하면서도 유익한 아침 식사 바 또는 스낵 바입니다. 다양한 맛을 즐기세요 - 온 가족이 만족할 수 있는 맛을 제공합니다. 땅콩 버터, 바나나 너트, 바닐라 말차 또는 애플 시나몬 중에서 선택하거나 다양한 팩을 구입하여 깨끗하고 간단하며 맛있는 옵션으로 아침에 활력을 불어넣으세요. 아침은 힘듭니다. 아침 식사는 없어야 합니다.",,"['식사', '아침', '프리', '단백질', '맛있다', '재료', '건강하다', '에너지', '맛']"
식음료,스낵 및 디저트,시리얼,,B005VGXUMS,Kellogg's Nutri - 그레인 블루베리 시리얼 바 - 16팩,Kellogg's,22644,22492,4.6,32.0,*36.9g(1.3온스) *블루베리 맛은 최고의 뉴트리 그레인 맛 중 하나입니다 *Nutri-grain은 미국 No.1 시리얼 바입니다 *케이스 16개 *교체 불가,"""KELLOGG'S"" NUTRI-그레인 시리얼 바 *36.9g(1.3온스) *블루베리 맛은 최고의 뉴트리 그레인 맛 중 하나입니다. *Nutri-Grain은 미국식 제품입니다. 시리얼 바 1개","['시리얼', '맛', '레인', '블루베리', '트리', '최고', '미국', '케이스']"
식음료,스낵 및 디저트,시리얼,,B087FYY4F8,"Honey Nut Cheerios 브렉퍼스트 바, 밸류 팩, 바 16개",Cheerios,29334,23545,4.4,255.0,"좋아하는 시리얼: 미국 최고의 시리얼로 제작 - 허니 너트 Cheerios 이동 중: 개별 포장된 시리얼 바는 자동차, 버스 또는 백팩에 적합합니다 편리하고 지저분해지지 않는 간식: 그릇과 우유를 먹을 시간이 없을 때 시리얼을 즐기세요! 고과당 옥수수 시럽이 포함되어 있지 않습니다 아침 식사 바: 어디를 가든 온 가족이 좋아하는 시리얼을 가져가세요 박스 구성: 16 ct","가족이 가장 좋아하는 시리얼이 Honey Nut Cheerios Treat Bars와 함께 스낵 바로 변신했습니다. 각 시리얼 바는 개별적으로 포장되어 이동 중에도 편리하게 먹을 수 있습니다. 이동 중 아침 식사, 정오 간식 또는 방과 후 간식에 완벽한 Honey Nut Cheerios 간식 바는 그릇 없이 아침을 즐길 수 있는 지저분하지 않은 방법입니다.","['시리얼', '간식', '아침', '이동', '가족', '지저분하다', '그릇', '편리하다', '식사', '포장']"
식음료,스낵 및 디저트,시리얼,,B0D4F9N9PT,"Treebu Fruity O's 시리얼 바, 아침 식사 스낵 식품, 이동 중, 패밀리 사이즈, 48개",TREEBU,20733,20733,2.0,2.0,"바 안의 시리얼 - Treebu의 Fruity-O의 시리얼 바는 과일 맛의 서클, 퇴폐적인 크리미한 유약, 아침 식사 경험을 단순화하고 개선하는 완벽한 크런치가 있는 재미있고 다채롭고 맛있고 달콤한 간식입니다. 이동 중에도 좋아하는 사람들을 위해 시리얼을 업그레이드했습니다 맛있는 간식 - 좋아하는 우유와 아침 식사 사이드로 Fruity-O의 시리얼 바를 즐기세요. 바쁜 아침에 미소를 가져다 줍니다. 직장과 학교에서 맛있는 간식을 만드는 휴대용 간식입니다 탁월한 품질 - 이제 손바닥에서 가족이 가장 좋아하는 클래식한 제품입니다. 옥수수 중간으로 제작, 정교회 연합 코셔 인증, 옥수수 시럽 없음, 트랜스 지방 없음, 저콜레스테롤, 저나트륨, 비타민 D, 칼슘, 철분 및 칼륨 함유 휴대용 및 편리한 포장 - 케이스 팩 패밀리 사이즈는 12개의 상자로 구성되어 있으며 박스당 4개의 개별 포장된 과일 시리얼 맛 바가 있으며 이동 중, 가족 여행, 배낭, 어린이 및 성인 도시락, 디저트 등에 적합합니다 구성 - 재활용 가능한 판지 포장에 총 48개의 바","Treebu Fruity O의 시리얼 바는 새롭게 개선된 아침 식사 스낵 식품입니다. 미국에서 그릿을 만들고 이탈리아에서 폴렌타를 만드는 데 사용되는 옥수수 양질의 거친 밀가루로 제작된 Fruity-O의 바는 다채로운 과일 향과 달콤하며 크리미한 유약으로 미각을 자극합니다. 시리얼이 더 좋아질 수 없다고 생각했을 때, 저희는 필수 아침 식사 필수품인 정오 간식 또는 디저트로 여러분의 관계를 높여줄 수 있어 기쁩니다. 재미있고 다채로운 Fruity-O의 시리얼 바는 하루 중 언제든지 즐길 수 있는 완벽한 크런치와 질감을 가지고 있습니다. Fruity-O의 휴대용 아침 시리얼 스낵 바는 이동 중에도 적합합니다. 각 주문은 개별 포장된 총 48개의 Fruity-O's 바, 각각 4개의 개별 포장된 바 12개가 포함된 패밀리 사이즈 케이스 팩입니다. 가족 여행, 배낭 여행, 어린이 및 성인 도시락에서 즐길 수 있으며 심지어 으깨서 토핑으로 사용할 때 케이크, 디저트 또는 아이스크림을 향상시키는 데에도 사용할 수 있습니다. 경험을 향상시키기 위해 우유 한 잔과 함께 섭취하는 것이 좋습니다. 담그기를 권장합니다. 바쁜 아침을 조금 더 쉽게 만들어 주는 시리얼 그릇을 미소 짓게 해 드리겠습니다. 정통 연합 코셔 인증을 받았으며 옥수수 시럽, 트랜스 지방 없음, 저콜레스테롤, 저나트륨, 비타민 D, 칼슘, 철분 및 칼륨을 함유하고 있습니다. Treebu Fruity-O의 시리얼 바는 신뢰할 수 있는 파트너인 Alliance Foods USA가 제공합니다. Alliance Foods USA는 전 세계에서 즐길 수 있는 탁월한 식품 제작을 전문으로 합니다. 당사의 광범위한 혁신적인 제품 포트폴리오는 고객이 더 많은 것을 위해 다시 방문할 수 있도록 합니다. 당사의 최첨단 시설과 엄격한 품질 관리 프로세스는 모든 제품이 최고의 산업 표준을 충족하도록 보장합니다. 일부 인증: 글로벌 식품 안전 이니셔티브(GFSI), 식품 안전 시스템 인증 22000(FSSC 22000), 미국 승인 시설, 정교회 연합 코셔 인증(OU) 및 Good Manufacturing Practice (GMP 인증).","['시리얼', '아침', '인증', '식사', '간식', '식품', '포장', '옥수수', '이동', '휴대']"
식음료,스낵 및 디저트,시리얼,,B0CKDLSGYQ,"Nature Valley 웨이퍼 바, 땅콩 버터 초콜릿 맛 스낵, 바 10개, 368.5g(13온스)",Nature Valley,20581,20581,4.7,107.0,"웨이퍼 바: 가볍고 바삭한 웨이퍼, 땅콩 버터 충전재, 바삭한 그래놀라가 들어간 초콜릿 토핑으로 제작되었습니다. 방과 후 간식 또는 언제든지 먹을 수 있는 편리한 도시락 간식입니다 휴대용 간식: 식료품 저장실, 도시락 및 하이킹 코스에 적합합니다. 이동 중에도 그래놀라, 땅콩 버터 및 초콜릿 맛을 쉽게 즐길 수 있습니다 바삭하고 크리미: 한 입 먹을 때마다 바삭하고 크리미한 질감의 맛있는 균형을 맛보세요 고품질 성분: 인공 향료, 인공 색소 또는 고과당 옥수수 시럽이 없는 바삭한 웨이퍼 구성: Nature Valley 땅콩 버터 초콜릿 웨이퍼 바 368.5g(13온스) 박스 1개, 바 10개","맛있는 Nature Valley 땅콩 버터 초콜릿 웨이퍼 바로 바삭하고 크리미한 갈망에 빠져보세요. 이 스낵 바는 가볍고 바삭한 통곡물 웨이퍼, 땅콩 버터 충전재, 바삭한 그래놀라를 곁들인 초콜릿 토핑으로 만들어졌습니다. 개별적으로 포장된 이 스낵 바는 인공 향료나 색소가 없으며 고과당 옥수수 시럽이 포함되어 있지 않습니다. Nature Valley 스낵에서 기대할 수 있는 훌륭한 맛입니다. 오후 휴식 시간에 웨이퍼 땅콩 버터 초콜릿 바를 즐겨보세요. 간편한 도시락 간식이나 방과 후 간식을 위해 꼭 필요한 제품입니다. 또는 새로운 트레일을 정복할 때 가족과 공유하기 위해 상자를 가져가세요. 흔한 길을 떠나든 뒷마당으로 향하든, 당사의 휴대용 웨이퍼 바는 어디에 있든 이상적인 선택입니다. Nature Valley에서는 여러분이 넣는 것이 여러분이 꺼내는 것이라고 믿습니다. 따라서 여러분과 여러분의 가족이 어디로 가든지 저희의 훌륭한 맛의 간식에 의지할 수 있습니다. 바 10개 포함.","['웨이퍼', '바삭', '초콜릿', '땅콩', '버터', '간식', '스낵', '맛', '도시락', '인공']"
식음료,스낵 및 디저트,시리얼,,B081TCX5K2,"Kellogg's Nutri-Grain, 부드럽게 구운 아침 식사 바, 체리, 통곡물로 제작, 294.8g(10.5온스) (8개)",Nutri Grain,12672,12672,4.5,385.0,"진짜 과일과 통곡물로 제작된 Nutri-Grain 소프트 베이크드 브렉퍼스트 바는 균형 잡힌 아침 식사에 맛있는 추가 아이템이 되며 완벽한 간식입니다 통곡물로 만든 부드럽고 쫄깃한 크러스트와 기분 좋은 아침을 위한 달콤한 체리 충전재로 부풀어 오르고 번성하세요 8가지 비타민과 미네랄의 좋은 공급원; 통곡물로 제작(1회 제공량당 8g); 고과당 옥수수 시럽 없음, 인공 향료 없음, 인공 원료의 색소 없음 편리하고 여행 준비가 되어 있어 이동 중에도 바쁜 아침에 이상적입니다. 홈 식료품 저장실을 비축하고 사무실에 보관하고 백팩이나 토트백에 포장하세요 Nutri-Grain 소프트 베이크드 브렉퍼스트 바 체리 8개가 포함된 294.8g(10.5온스) 박스 1개가 포함되어 있습니다. 신선함과 훌륭한 맛을 위해 개별 포장 및 포장됩니다","통곡물과 달콤한 체리 충전재로 만든 Nutri-Grain 소프트 베이크드 브렉퍼스트 바 체리는 부풀어 오르고 번성하는 맛있는 방법입니다. 1회 제공량에 8g의 통곡물을 함유한 Nutri-Grain 소프트 베이크드 브렉퍼스트 바는 8가지 비타민과 미네랄의 좋은 공급원이며 고과당 옥수수 시럽이나 인공 향료를 함유하지 않으며 인공 원료의 색소가 포함되어 있지 않습니다. 균형 잡힌 아침 식사에 편리하게 추가되는 Nutri-Grain 소프트 베이크드 브렉퍼스트 바 체리는 여행 준비가 되어 있으며 배낭, 토트백 및 바쁜 이동 순간에 완벽하게 어울립니다.","['통', '체리', '곡물', '소프트', '아침', '브렉퍼스트', '베이크드', '인공', '식사']"
식음료,스낵 및 디저트,시리얼,,B00K9ZV1AY,"Kellogg's Nutri-Grain 버라이어티 팩 소프트 베이크드 브렉퍼스트 바 - Grab-N-Go 간식, 애플 시나몬, 블루베리, 딸기(48개)",Nutri Grain,41328,41328,4.4,535.0,"아침 에너지 - 애플 시나몬, 블루베리, 스트로베리 소프트 베이크드 브렉퍼스트 바의 버라이어티 팩은 37g 당 8g의 통곡물을 함유하고 있습니다. 인공 향료 없음. 천연 원료의 색상. 고과당 옥수수 시럽 없음 부풀어 오르고 번성 - 통곡물로 구운 부드럽고 쫄깃한 크러스트, 실제 과일로 만든 다양한 충전재와 8가지 필수 비타민 및 미네랄로 하루를 활기차게 시작할 수 있습니다 건강에 좋은 영양 간식 - 통곡물로 만든 Nutri-Grain 바는 진짜 과일 퓌레를 채운 향이 있어 맛있는 아침 식사 또는 완벽한 간식이 됩니다 이동 중에도 아침 식사 - 이동 중에도 바쁜 아침에 편리하고 여행 준비가 된 이상적인 음식 아이템입니다. 지갑, 책상, 도시락 또는 체육관 가방에 보관하세요 버라이어티 팩 - Nutri-Grain 소프트 베이크드 브렉퍼스트 바 3가지 맛 애플 시나몬, 블루베리, 딸기 박스 당 16개의 바 포함 - 총 48개의 바","Kellogg의 Nutri-Grain 버라이어티 팩 소프트 베이크드 브렉퍼스트 바 - 애플 시나몬, 블루베리, 딸기 뉴트리 그레인 버라이어티 팩 소프트 베이크드 브렉퍼스트 바는 빠르고 쉬운 패키지로 에너지를 얻을 수 있습니다. 아침 식사 바는 통곡물 귀리와 밀가루의 부드러운 황금빛 구운 크러스트로 만들어졌으며 진짜 과일 퓌레로 채워진 맛입니다. Nutri-Grain 아침 식사 바는 모두가 좋아할 맛을 제공합니다. Nutri-Grain 바는 맛이 좋습니다. 각 37g 바에 8가지 필수 비타민, 8g의 통곡물이 들어 있습니다. Nutri-Grain 바로 하루를 시작하고, 달콤하고 영양이 풍부한 간식으로 자녀의 도시락에 추가하거나 한낮의 간식으로 즐기세요. Nutri-Grain 바는 몸이 잘 사는 데 필요한 것을 더 많이 제공하며 하루 종일 더 잘 먹을 수 있도록 도와줍니다. *매일 48g 이상의 통곡물을 섭취하세요","['아침', '통', '곡물', '베이크드', '버라이어티', '브렉퍼스트', '소프트', '간식', '식사']"
식음료,스낵 및 디저트,시리얼,,B0CZY2P39V,"MadeGood Mornings 소프트 베이크드 브렉퍼스트 바, 시나몬 번 30g(1.1온스) (30개) 글루텐 프리 스낵",Made Good,32810,29583,4.6,88.0,"구매 시 30개의 개별 포장된 MadeGood Morning 초콜릿 칩 소프트 베이크드 브렉퍼스트 바 (각 30.1g(1.1온스)가 포함되어 있습니다. 전체 성분: MadeGood Morning Bars는 건강에 좋은 재료와 6가지 채소 추출물로 만든 인증된 유기농 소프트 구운 귀리 바입니다. 생산적인 아침을 위한 완벽한 아침 식사. 유기농 인증: MadeGood 제품은 글루텐 프리, 비건, 코셔, GMO 프리, 유기농 인증을 받았습니다. MadeGood은 맛있고 환경에 영향을 미치며 알레르기 친화적인 간식을 더 쉽게 접근하고 공유할 수 있도록 만듭니다. 알레르기 친화적: 이 벌크 스낵바는 상위 9개의 알레르기 유발 물질이 없으며 비건 화이트 초콜릿을 얹고 글루텐 프리 귀리로 구워집니다. 이동 중 간식: 빠른 아침 식사가 필요하든 오후 픽업이 필요하든, 이 바는 이동 중에도 영양을 공급하도록 설계되었습니다. 개별 포장 및 대량 포장으로 쉽게 포장할 수 있는 스낵 바로 식사 계획에서 벗어날 수 있습니다.",,"['프리', '포장', '식사', '유기농', '글루텐', '소프트', '아침', '알레르기', '인증', '귀리']"
식음료,스낵 및 디저트,시리얼,,B0D3JDNT5Q,"Blake's Seed Based 단백질이 함유된 아침 식사 바 — 시나몬 롤 (24개), 깨끗한 식물 기반 단백질 5g, 글루텐 프리, 견과류 프리, 유제품 프리 및 비건, 어린이 또는 성인을 위한 건강한 간식, 학교 안전",Blake's Seed Based,41536,41536,4.5,95.0,"깨끗한 단백질 5g: Blake의 맛있는 아침 식사 바로 아침에 활력을 불어넣으세요. 각 바에는 5g의 식물성 단백질과 건강한 통곡물 귀리가 들어 있습니다. 시나몬 롤: 좋아하는 수제 아침 식사에서 영감을 받은 시나몬 롤 브렉퍼스트 바는 온 가족이 죄책감 없이 인공 향료와 색소 없이 계피의 맛을 즐길 수 있게 해줍니다. 각 상자에는 24개의 개별 포장된 바가 포함되어 있습니다. 견과류 및 글루텐 프리: 비건, 글루텐 프리, 유제품 프리 또는 견과류가 없는 건강하고 맛있는 간식을 찾는 것은 어려울 수 있습니다. 그래서 어린이와 어른 모두가 즐길 수 있는 간식을 만들었습니다 학교에 안전: 당사의 모든 아침 식사 바는 알레르기 유발 항원 프리 제품으로 인증된 견과류 프리 및 글루텐 프리 시설에서 제작되었으므로 학교 점심에 포장하거나 직장에 가져갈 염려가 없습니다. 신뢰할 수 있는 간식: 당사의 바는 GMO 프리, 비건 인증, 글루텐 프리 인증, 코셔 인증을 받았습니다. 누구와도 공유할 수 있는 완벽한 간식입니다!",,"['프리', '간식', '아침', '글루텐', '식사', '단백질', '견과류', '인증', '건강하다', '학교']"
식음료,스낵 및 디저트,시리얼,,B09JVWCK52,Perfect Keto Mallow Munch | 글루텐 프리 케토 브렉퍼스트 시리얼 바 무설탕 | 좋아하는 쫄깃한 간식을 즐기고 케토시스에 전념하세요 | 8팩 (초콜릿),Perfect Keto,31841,31841,3.7,1390.0,"케토 파이드 클래식: 부풀어 오른 쌀과 마시멜로 없이 좋아하는 간식 시간을 즐기세요. 바삭하고 쫄깃한 질감과 달콤하고 맛있는 맛을 가진 Mallow Munch 바는 케토시스를 손상시키지 않으면서 갈망을 빠르게 억제하는 데 적합합니다. Perfect Keto 간식: 설탕을 첨가하지 않고 바삭하고 저탄수화물, 저칼로리 간식을 즐기면서 케토 라이프 스타일을 유지하세요. 맬로 뭉크 바는 바삭한 단백질 ""시리얼"" 조각으로 만족스럽게 달콤한 알룰로스로 고정됩니다. 함께 갈망을 억제하고 케토시스를 지원합니다. 정크 없는 기쁨: 맛있는 고단백질, 글루텐 프리 스낵 바로 자신에게 보상을 받으세요. 케토 및 팔레오 친화적이며 견과류, 코코넛, 바다 소금과 같은 천연 전체 식품 재료만을 사용합니다. 인공 색소, 향료, 필러, 콩, 곡물, 글루텐 또는 설탕이 없습니다. Decadence on a Diet: 달콤하고 가볍고 부드럽고 바삭한 클래식으로 당신의 욕구를 현명한 방식으로 만족시키세요. 신선한 바닐라와 끈적한 마시멜로의 향수를 불러일으키는 노트는 케토 친화적인 간식이 지루할 필요가 없다는 것을 증명합니다. 케토 완성: 좋아하는 맛을 잃지 않고 탄수화물과 설탕을 버리십시오. 완벽한 Keto의 간식과 보충제 셀렉션은 체중 감량 여행을 맛있게 만듭니다.",,"['키토', '간식', '바삭', '설탕', '맛있다', '달콤하다', '글루텐', '시스', '탄수화물', '단백질']"
식음료,스낵 및 디저트,시리얼,,B07M82SR5T,Nature's Bakery Stone Ground 통밀 무화과 바 24 트윈 팩 680.4 - 56.7g(2.05온스),Nature's Bakery,33212,33212,4.5,2536.0,"활동적인 이동 중 영양 섭취 또는 아이들의 점심 및 방과 후 간식을 위한 건강한 간식으로 적합합니다 스톤 그라운드 통밀, 진짜 무화과로 제작 콩 프리, 유제품 프리, 콜레스테롤 프리, 고과당 옥수수 시럽 없음, 트랜스 지방 0g","Nature's Bakery 무화과 바는 맛있고 이동 중에도 편리하며 사려 깊은 재료로 제작되었습니다. 부드럽게 구워지고 달콤하며 통밀 쿠키 같은 외부와 가벼운 향이 나는 촉촉한 무화과 센터가 있습니다. Nostlgia는 이렇게 맛있지 않습니다. 어린이 점심, 사무실 스낵 서랍 채우기, 운동 전 식사 또는 산책로에서 약간의 에너지를 얻기 위해 간단히 물기에 적합합니다. Nature's Bakery 무화과 바를 플레인 그릭 요거트에 넣고 즐기세요!","['무화과', '프리', '통밀', '이동', '간식', '맛있다', '제작', '점심']"
식음료,스낵 및 디저트,시리얼,,B01CP2K38O,"Kellogg's Nutri 그레인 시리얼 바 라즈베리, 바 8개, 295g/10.4온스, {캐나다에서 수입}",Kellogg's,13836,13836,4.6,1134.0,"Kellogg's Nutri-Grain 라즈베리 시리얼 바, 295g/10온스, 박스. 1회 제공량당 8g의 통곡물로 만들어졌으며 섬유질의 공급원입니다. 진짜 과일로 만든 맛있는 충전재. Nutri-Grain에서 알고 사랑하는 부드러운 구운 질감. 완벽한 아침 간식으로 하루 중 언제든지 좋습니다. 코셔, 채식주의자 캐나다에서 수입","Kellogg's Nutri-Grain 라즈베리 시리얼 바, 295g/10온스, 박스. 1회 제공량당 8g의 통곡물로 만들어졌으며 섬유질의 공급원입니다. 진짜 과일로 만든 맛있는 충전재. Nutri-Grain에서 알고 사랑하는 부드러운 구운 질감. 완벽한 아침 간식으로 하루 중 언제든지 좋습니다.","['라즈베리', '시리얼', '하루', '섬유질', '곡물', '공급원', '과일', '맛있다', '박스', '부드럽다']"
식음료,스낵 및 디저트,시리얼,,B07M9SVK4B,"Bob's Red Mill 땅콩 버터 바나나 & 귀리 스낵 바 - 49.9g(1.75온스) (12팩) - 글루텐 프리, GMO 프리, 홀그레인",,35151,35151,4.5,2569.0,"전체 곡물의 장점: 건강에 좋은 밥스 바는 Bob의 아내 Charlee가 만든 Moore 가족 특산품에서 영감을 얻은 통곡물 귀리, 땅콩 버터 및 유기농 꿀로 만들어졌습니다 글루텐 프리: 글루텐 프리 인증 기관에서 글루텐 프리 인증 섬유의 좋은 공급원: 1회 제공량은 일일 섬유 가치의 11%를 제공합니다 GMO 프리: GMO 프리 프로젝트 검증. 당사는 항상 유전 공학을 통해 변형되지 않은 원료를 공급하기 위해 최선을 다하고 있습니다 BOB'S RED MILL: 사람들을 조금 더 행복하게 만드세요: 모든 가방을 건강에 좋은 것으로 채우기 위해 석재 분쇄기를 계속 갈아주는 아이디어입니다","땅콩 버터 바나나 & 귀리 밥 바로 어린 시절의 간단한 영양을 되찾으세요. (손이 끈적거리지 않음). 건강에 좋은 밥스 바는 Bob의 아내 Charlee가 만든 무어 가족 특산품에서 영감을 얻은 통곡물 귀리, 땅콩 버터 및 유기농 꿀로 만들어졌습니다. 다섯 가지 맛을 모두 시도하고 식사에 대해 기분 좋은 간식을 선물하세요.","['프리', '버터', '땅콩', '글루텐', '귀리', '곡물', '건강', '밥스', '꿀', '섬유']"
식음료,스낵 및 디저트,시리얼,,B0CVMTDYSS,"Generic Trader Joe's Joe's Os 시리얼 바 땅콩 버터, 119.9g(4.2온스) (1팩)",Generic,17160,17160,,,각 주문은 141.7g(5-8.5온스) 바입니다 캐나다 제품,"Trader Joe's Joe's Os 시리얼 바 땅콩 버터, 119.9g(4.2온스) (1팩)","['시리얼', '버터', '땅콩', '팩각', '캐나다']"
식음료,스낵 및 디저트,시리얼,,B074JFF5KB,"Team Cheerios 시리얼 바, 딸기, 40.3g(1.5온스) (96개 팩)",Cheerios,82407,82407,3.8,45.0,"딸기 맛의 쫄깃한 통곡물 시리얼 바는 Cheerios 시리얼 조각과 달콤한 크랜베리로 만들어졌으며 이동 중에도 즐길 수 있도록 개별적으로 포장됩니다. 편리하고 지저분하지 않으며 휴대가 간편한 시리얼 바는 아이들이 좋아하는 시리얼로 만들어집니다. 인공 향료가 없고 인공 원료의 색소가 없는 휴대용 시리얼 바는 교실이나 카페테리아에서의 아침 식사, 그랩 앤 고 및 키오스크를 포함하여 언제든지 좋습니다. 28.3g(1온스) 동등한 그레인 USDA 스마트 스낵 준수 HEPA 적격 젤라틴 없음",시리얼 - 첫 번째 성분. Cheerios 조각과 천연 딸기 맛 조각으로 만든 쫄깃한 시리얼 바. 150칼로리. 28.3g (1온스) 그레인,"['시리얼', '딸기', '조각', '휴대', '인공', '쫄깃', '레인', '맛']"
식음료,스낵 및 디저트,시리얼,,B0CVD5SD97,"MAGIC SPOON 간식 - 고단백 바, 저탄수화물, 케토 친화적, 설탕 1g, 글루텐 프리, 바삭한 간식 시리얼 바, 휴대용 건강 스낵 (마시멜로, 초콜릿 PB, 블루베리 머핀, 더블 초콜릿 각 4개)",Magic Spoon,60926,60926,4.0,661.0,"매직 스푼을 만나보세요: Magic Spoon 제품은 맛있는 간식처럼 보이고 맛있지만 고단백 바처럼 기능합니다. 단백질로 포장된 39.7g(1.4온스) 케토 친화적인 바 16개가 포함되어 있습니다. 고단백질: 1회 제공량당 11g의 단백질로 구성된 Magic Spoon 간식은 순수하고 단백질로 채워진 간식을 제공하도록 제작되었습니다. 전설적인 오후 간식 또는 운동 후 간식을 즐기세요. 저탄수화물 및 케토 친화적: 1회 제공량당 순탄수화물 1g과 설탕 1g으로 케토 친화적이거나 저탄수화물 라이프 스타일을 사는 모든 사람에게 적합합니다. 글루텐 및 곡물 무첨가: 저희는 성인용 글루텐 프리, 곡물 프리, 콩 프리, 밀 프리, 바삭한 간식을 만들었습니다. 더 좋은 점은 깨끗한 단백질 바는 바벨에서 회복하는 것을 훨씬 즐겁게 만들어 줍니다. BUZZ WORTHY: TIME Magazine은 2019년 상위 100개 발명품에서 Magic Spoon 라는 이름을 붙였습니다. 또한 투데이 쇼, CNN, Fortune, Fast Company, Business Insider 등에도 등장합니다.",,"['간식', '프리', '단백질', '탄수화물', '키토', '글루텐', '바삭', '곡물', '단백', '맛있다']"
식음료,스낵 및 디저트,시리얼,,B0D3MT954N,"KIND 아동용 스낵 바 버라이어티 팩, 나무 견과류 프리, 땅콩 프리, 글루텐 프리, 통곡물 귀리로 제작, 350ml(12온스) 박스 (바 10개)",KIND,19293,19293,4.3,37.0,"다른 천연 향이 있는 KIND 아동용 블루베리 머핀 바 5개와 초콜릿 칩 바 5개가 포함되어 있습니다. 견과류, 땅콩이 들어 있지 않고 글루텐이 없는 학교 친화적* 스낵. *이 제품이 요구 사항을 충족하는지 확인하려면 지역 학군에 문의하십시오 이 스낵 바는 맛있고 부드러운 구운 질감과 달콤한 이슬비가 있어 아이들이 좋아하는 맛을 선사합니다 각 34g(1.2온스) 바는 5g 단백질을 제공하며 100% 통곡물 귀리와 말린 블루베리 또는 진짜 초콜릿 칩으로 만들어졌습니다. 아이들이 좋아하는 간식으로 부모님이 기분이 좋아질 수 있습니다 저나트륨, GMO 프리 프로젝트 인증, 코셔 도시락, 학교 간식 가방, 스포츠 팀 간식, 견학 등에 적합합니다","부드럽고 구워지고 맛있는 KIND 키즈 바 버라이어티 팩으로 학교에 친숙해지는 KIND 방법을 즐기세요. 각 10바 상자에는 다른 천연 향이 있는 블루베리 머핀 바 5개와 초콜릿 칩 바 5개가 포함되어 있습니다. 이 아동용 간식은 선함, 맛 및 재미를 모두 하나로 담습니다. 학교 친화적인 스낵 바는 견과류와 땅콩을 제외하고 글루텐 프리 제품입니다. 아이들은 맛을 좋아하며, 부모는 각 스낵 바에 5g의 단백질과 성분이 100% 통곡물 귀리, 말린 블루베리 또는 진짜 초콜릿 칩처럼 보고 발음하는 방법에 대해 기분이 좋아질 수 있습니다. 이 바는 인공 향료나 색소와 트랜스 지방 0g으로 만들어졌으며 나트륨 함량이 적습니다. KIND에서 기대하는 것처럼, 저희 아동용 바는 GMO 프리 프로젝트 인증을 받았습니다. KIND Kids Bars를 건강에 좋은 도시락 간식으로 만들기 위해 식료품 저장실을 비축하세요. 견학이나 방과 후 스포츠를 위해 스낵 백에 추가하세요. 자동차 타기에 가져가세요. 놀이 데이트를 위해 글루텐 프리 간식을 포장하세요. 견과류 프리, 땅콩 프리, 글루텐 프리 등급으로 훌륭한 맛의 학교에서 준비된 간식을 원할 때마다 이 다양한 KIND 키즈 바 팩을 만나보세요. *해당 제품이 요구 사항을 충족하는지 지역 학군에 문의하십시오.","['프리', '간식', '스낵', '학교', '글루텐', '초콜릿', '블루베리', '땅콩', '견과류', '아동']"
식음료,스낵 및 디저트,시리얼,,B0CY399LNF,"Over Easy 미니 그래놀라 브렉퍼스트 바 - 아침 에너지를 위한 최고의 단백질 - 100칼로리 건강한 간식 - 부드럽고 쫄깃함 - 글루텐 프리, 유제품 프리, 콩 프리 및 코셔 (다크 초콜릿 아몬드 및 바다 소금, 20개)",Over Easy,37381,37381,4.2,97.0,아침 식사가 준비되어 있습니다 - Over Easy 아침 식사 바는 하루를 시작하는 완벽하게 건강한 방법입니다. 뜨거운 식사를 할 시간이 없을 수도 있으므로 모든 천연 재료로 만든 식사 교체 바를 찾아 가족에게 빠르고 맛있고 영양가 있는 아침 식사를 제공하십시오.,"Over Easy 현대적인 라이프 스타일을 가진 현대 소비자를 위한 아침 식사 회사입니다. 바쁘지만 괜찮습니다. 하지만 식료품점에서 찾을 수 있는 편리하면서도 설탕이 풍부한 아침 식사 옵션 중 하나로 건강과 웰빙을 희생하고 싶지 않을 것입니다. 많은 아침 식사 바는 칼로리, 지방, 옥수수 시럽 및 인공 재료로 가득 차 있어 몸무게를 줄이고 삶을 복잡하게 만듭니다. 당사의 아침 식사 바는 건강하면서도 맛있고 만족스러운 아침 식사를 선택할 때 신선한 공기를 제공합니다. 아침 식사, 간식 또는 식사 대체품으로 즐기든, 당사의 모든 바에서 찾을 수 있는 것은 다음과 같습니다. 글루텐, 유제품 , 및 대두-무료 성분 설탕이나 인공 향료가 첨가되지 않았습니다. 고과당 옥수수 시럽이나 방부제가 없습니다. 케이지 프리 계란 9 - 3g의 단백질, 3g의 섬유질 천연 성분. 에너지를 높이고 배고픔을 없애고 활동적인 삶을 위한 건강한 영양소를 몸에 제공합니다. 여러분이 먹는 음식입니다. 그러니 좋은 선택을 하세요!","['식사', '아침', '건강하다', '프리']"
식음료,스낵 및 디저트,시리얼,,B074JG4CCS,"Golden Grahams 시리얼 바, 40.3g(1.5온스) (96개 팩)",General Mills,83086,83086,3.7,48.0,"그레이엄 크래커 크런치와 흑설탕의 맛을 지닌 골든 그레이엄 시리얼 조각으로 만든 쫄깃한 통곡물 시리얼 바는 이동 중에도 즐길 수 있도록 개별적으로 포장됩니다. 편리하고 지저분하지 않으며 휴대가 간편한 시리얼 바는 아이들이 좋아하는 시리얼로 만들어집니다. 인공 향료가 없고 인공 원료의 색소가 없는 휴대용 시리얼 바는 교실이나 카페테리아에서의 아침 식사, 그랩 앤 고 및 키오스크를 포함하여 언제든지 좋습니다. 28.3g(1온스) 동등한 그레인 USDA 스마트 스낵 준수 HEPA 적격",시리얼 - 첫 번째 성분. 골든 그레이엄 조각으로 만든 쫄깃한 시리얼 바. 150칼로리. 28.3g (1온스) 그레인,"['시리얼', '그레이엄', '쫄깃', '휴대', '골든', '인공', '조각', '레인']"
식음료,스낵 및 디저트,시리얼,,B00PM1ONNW,"Nutrisystem® On-The-Go 아침 식사 바, 머핀 및 비스코티, 체중 감량 지원 - 16개입",Nutrisystem,48461,48461,4.4,1531.0,"바쁜 라이프 스타일을 위한 16가지 맛있는 아침 식사 옵션 전체 성분으로 제작된 각 아침 식사는 아침 내내 활력을 유지하는 데 도움이 됩니다 좋은 섬유 공급원 Nutrisystem의 체중 감량 전문가 팀이 개발하여 여러분과 같은 미국인이 더 건강하고 행복한 삶을 살 수 있도록 도와줍니다 인공 감미료 없음, 인공 향료 없음",,"['아침', '식사', '감량', '체중', '인공', '미국인', '머핀', '맛있다', '라이프', '내내']"
식음료,스낵 및 디저트,시리얼,,B0CXQ34XCG,"마시멜로가 들어간 과일 자갈, 8개 상자, moofin 골든 스푼이 있는 시리얼 간식 바, 과일 자갈 시리얼 바 맛, 바삭한 쿠키 형태의 쉬운 양 조절 랩 바 [4팩]",moofin,41743,41743,5.0,1.0,아이들을 즐겁게 하는 시리얼 바: 공유하기에 완벽한 글루텐 프리 간식인 Fruity Pebbles 시리얼 간식으로 향수를 느껴보세요. 각 팩에는 아이들이 좋아하는 다채로운 과일 자갈 칩 8개가 포함되어 있습니다. 간편한 양 조절: 개별 포장된 시리얼 간식 바로 적절한 양의 과일 자갈 단백질과 시리얼 마시멜로를 즐기며 이동 중에도 간식에 신선함과 편리함을 보장합니다. 글루텐 프리 장점: 글루텐 프리 형태로 시리얼 과일 자갈의 클래식한 맛을 즐기세요. 각 8개의 간식으로 구성된 2박스가 있는 이 사각 시리얼 스낵은 모두에게 포괄적이고 맛있습니다. 프루티 페블 온더고: 언제 어디서나 사랑받는 프루티 페블 바를 경험해보세요. 이 휴대용 간식은 각각 60칼로리에 불과하여 바쁜 라이프 스타일에 이상적인 죄책감 없는 간식입니다. 향수를 불러일으키는 영양: 시리얼 간식으로 어린 시절을 재현하세요. 의 시리얼 마시멜로 바는 영양가 있는 트위스트와 함께 익숙한 과일 맛을 제공하며 모든 연령대에 적합합니다.,"이동 중에도 즐길 수 있는 완벽한 형태로 프루티 자갈의 상징적인 맛을 맛보는 즐거움을 상상해보세요. 과일 맛의 즐거움과 스낵 바의 편리함을 결합한 사랑받는 시리얼에 맛있는 트위스트인 프루티 페블 트릿을 만나보세요. 이 간식은 클래식한 과일 자갈 시리얼 패밀리 사이즈 경험을 기념하며 컴팩트하고 지저분하지 않은 형식으로 제공됩니다. 토요일 아침 만화를 회상하거나 성인을 위한 건강한 시리얼을 찾고 있든, 이 바는 성인을 위한 고섬유질 시리얼의 추가 보너스와 함께 과일의 장점을 제공하여 모든 연령대에 현명한 선택입니다. 패키지에는 넉넉한 과일 자갈 패밀리 사이즈 서빙이 포함되어 있어 충분히 돌아다닐 수 있습니다. 각 상자에는 신선함과 편리함을 위해 개별적으로 포장된 8개의 '과일 자갈 시리얼 바'가 포함되어 있습니다. 총 32개의 과일 자갈 간식이 박스 4개 팩 사이즈로 제공되어 친구, 가족과 공유하거나 혼자 맛보기에 적합합니다. 하지만 이 과일 자갈 칩이 정말 특별한 이유는 무엇일까요? 질감과 맛을 새로운 차원으로 끌어올리는 마시멜로 과일 자갈입니다. 마시멜로는 바삭한 시리얼과 매끄럽게 혼합되어 만족스럽고 즐거운 마시멜로 시리얼 바를 만듭니다. 그리고 달콤한 치아를 가진 사람들에게 과일 자갈 사탕과 과일 자갈 캔디 바 요소는 이 간식을 맛있는 음식으로 만듭니다. 또한, 마시멜로 시리얼 바가 있는 과일 자갈은 글루텐 프리 간식으로 식이 제한이 있는 사람들도 즐길 수 있습니다. 프루티 페블 브랜드는 그 자체로 능가하여 맛있는 만큼 영양이 풍부한 간식을 제공합니다. 점심을 포장하거나, 모험을 떠나거나, 단순히 달콤하고 만족스러운 간식을 갈망하든, 이 과일 자갈 간식은 분명 큰 인기를 끌 것입니다. 물릴 때마다 바삭 바삭하고 먹고 웃을 준비를 하세요!","['시리얼', '과일', '자갈', '간식', '마시멜로', '맛', '프루티', '페블', '맛있다', '바삭']"
식음료,스낵 및 디저트,시리얼,,B0D9K8QWKW,MILO 시리얼 바 [MY] S,GENERIC,27686,27686,,,맛 - 초콜릿 품목 수 - 1 브랜드 - Generic 피스 수 -1,브랜드 : Milo Flavor : Milo Dietary Needs : 할랄,"['할랄', '피스', '품목', '초콜릿', '시리얼', '맛']"
식음료,스낵 및 디저트,시리얼,,B08G6BF8JT,"Kedem Kids, Crunchee! 유제품 초콜릿 맛 시리얼 바, 2팩(총 12개) 개별 포장, 좋은 칼슘 공급원",kedem,13836,13836,4.0,3.0,"어린이(성인) 친화적 - 이 바의 독특한 맛과 재미있는 질감으로 첫 번째 크런치(ee)에서 즉시 가장 좋아하는 제품이 될 것입니다! 영양 - 일반적인 바와 달리, 저희 바는 칼슘 260mg, 단백질 2g, 섬유질 1g을 함유하고 있으며 바 당 설탕 7gr 및 바 당 120칼로리만 포함되어 있습니다 시리얼은 아침 식사만을 위한 것이 아닙니다 - 도시락, 스낵 백 및 아침 식사 바에 적합합니다! 편리함 - 바는 신선함을 유지하기 위해 개별적으로 포장되어 이동 중에도 완벽합니다! 인증 - 인증된 엄격한 코셔 유제품",kedem Kids는 콘플레이크와 우유를 아침 식사 바를 재미있게 먹을 수 있습니다! 엄마와 아이 모두에게 가장 좋아하는 제품! ✔️ 칼슘의 재미있는 공급원. ✔️ 바 당 단 120칼로리. ✔️ 섬유질과 단백질 함유 ✔️ 안전과 신선함을 위해 개별 포장 ✔️ 이동 중에도 완벽한 간식!,"['재미있다', '아침', '식사', '포장', '칼슘', '시리얼', '완벽하다', '유제품', '이동', '인증']"
식음료,스낵 및 디저트,시리얼,,B07QR7N5PC,"Fiber One 70칼로리 소프트 베이크 바, 생일 케이크, 스낵 바, 18개입",,13143,13143,4.3,23065.0,"소프트 베이크 바: Fiber One 70칼로리 생일 케이크 소프트 베이크 바, 균형 잡힌 식단의 일부로 먹고 즐길 수 있는 맛있는 간식 섬유질 간식: 건강한 조합의 저탄수화물과 최소 20%의 일일 섬유질 섭취량으로 달콤한 치아에 '예'라고 말할 때 스마트 쿠키처럼 느껴질 것입니다 생일 케이크 맛: 이 70칼로리 소프트 베이크 바에서 거부할 수 없는 생일 케이크의 맛을 즐길 수 있을 때 훌륭한 맛을 타협하지 마세요 식료품 저장실에서 가장 좋아하는 음식: 사무실 간식, 아침 식사, 도시락, 디저트 또는 이동 중에도 상쾌한 간식을 위해 쫄깃한 섬유 바를 잡고 이동하세요 구성: 25.2g(0.9온스), 18ct",Fiber One 70 칼로리 소프트 베이크 바로 죄책감 없이 풍성한 순간을 즐기세요. 이 부드러운 구운 바는 70칼로리와 2g의 설탕을 함유하고 있어 균형 잡힌 식단의 일부로 먹는 것에 대해 기분 좋은 섬유질 바를 제공합니다. 건강한 조합의 저탄수화물과 최소 20%의 일일 섬유질 섭취량으로 달콤한 치아에 '예'라고 말할 때 스마트 쿠키처럼 느껴질 것입니다. 섬유질이 많은 식단은 소화 시스템을 추적하는 데 도움이 됩니다. 70칼로리 소프트 베이크 스낵 바에서 거부할 수 없는 생일 케이크의 맛을 즐길 수 있을 때 훌륭한 맛을 타협하지 마세요. 총 18개의 바가 포함되어 있습니다.,"['이크', '칼로리', '소프트', '케이크', '맛', '생일', '섬유질', '간식', '식단', '거부']"
식음료,스낵 및 디저트,시리얼,,B002DHMSPI,"Kellogg's Nutri-Grain 시리얼 바 (애플 시나몬, 블루베리, 딸기 버라이어티 팩, 48개입 상자)",Nutri Grain,46120,46120,5.0,1.0,48개 패키지 좋은 섬유 공급원 진짜 과일로 제작,"전체 귀리가 함유된 풍부한 밀가루 시리얼 바. 진짜 사과 계피, 블루베리, 딸기 퓨레 농축액으로 만든 충전재. 영양이 풍부한 시리얼 바입니다.","['시리얼', '블루베리', '풍부하다', '진짜', '딸기', '함유', '계피', '공급원', '과일', '귀리']"
식음료,스낵 및 디저트,시리얼,,B012CE6ZJG,"Kellogg's, 뉴트리 그레인 브렉퍼스트 바, 믹스 베리, 8개, 368.5g(13온스) 박스 (4팩)",Nutri Grain,36148,36148,4.4,73.0,"켈로그 Nutri-Grain 시리얼 바 믹스 베리 8개, 368.5g(13온스) 박스 4개 팩","Kellogg's, 뉴트리-그레인 브렉퍼스트 바, 믹스 베리, 8개, 368.5g(13온스) 박스 (4팩)","['베리', '박스', '믹스', '퍼스트', '트리', '브렉퍼스트', '레인', '켈로그', '시리얼']"
식음료,스낵 및 디저트,시리얼,,B0D488KBFK,"MadeGood Mornings 블루베리 소프트 베이크드 귀리 바, 유기농 간식, 인공 색소 또는 향료 없음, 견과류 무첨가 (2팩: 각 150g(5.3온스)",YCNO KOMBOFAN,24888,24888,,,"Mornings 블루베리 소프트 베이크드 귀리 바, 유기농, 인공 색소 또는 향료 없음, 견과류 무첨가 (2팩: 각 150g(5.3온스)","Mornings 블루베리 소프트 베이크드 귀리 바, 유기농, 인공 색소 또는 향료 없음, 견과류 무첨가 (2팩: 각 150g(5.3온스)","['향료', '베이크드', '첨가', '인공', '유기농', '소프트', '색소', '블루베리', '귀리', '견과류']"
식음료,스낵 및 디저트,시리얼,,B0816XMGNY,"Bobo's Oat Bars 스트로베리 바이트 5개, 36.9g(1.3온스)",CAIKEZI,13836,13836,4.7,86.0,코셔 글루텐 프리 비건 유제품 무첨가 콩 무첨가,아침 식사,"['첨가', '프리', '콩', '유제품', '아침', '식사', '스트로베리', '비건', '바이트', '글루텐']"
식음료,스낵 및 디저트,시리얼,,B007QEQG7Y,Kellogg's Nutri-Grain Nutri-Grain 시리얼 바 - 라즈베리 - 36.9g - 16개입,Kellogg's,34929,34929,4.4,3.0,Sold as 16 EA/Box. Soft and delicious. Individually wrapped bars. 16 per box. Ready-to-eat. Serving size 1 bar.,BarNutrigrain라즈베리,"['라즈베리', '시리얼', '개입']"
식음료,스낵 및 디저트,시리얼,,B0D68KMW39,"Yumi 유기농 유아용 스낵 바(30개), 글루텐 프리, 설탕 무첨가 제품, 채소 7개 이상, 부드럽게 구운 크러스트, 아이들을 위한 건강한 스낵 바, 어린이 도시락을 위한 학교 안전 (30개, 블루베리 및 퍼플 당근)",YUMI,58086,58086,4.6,20.0,"맛있고 영양: 부드럽게 구운 잼으로 채워진 바는 8개의 슈퍼푸드 채소와 8가지 주요 비타민과 미네랄의 좋은 공급원으로 가득합니다. 간단한 성분: YUMI 유기농 바는 쉽게 알아볼 수 있는 재료로 만들어졌으며 인공 색소와 향이 없습니다. 100% USDA 인증 유기농, BPA 프리, 유제품 프리, 글루텐 프리, 코셔 인증, 100% 식물 기반. 믿을 수 있는 재료로 자녀에게 최고의, 건강한, 첨가되지 않은 설탕 간식을 주세요. 발달을 위한 디자인: YUMI 수상 경력에 빛나는 바는 자녀의 영양 요구 사항에 부합하는 훌륭한 섬유질 공급원이며 최소 8가지 필수 영양소와 7가지 이상의 슈퍼푸드 채소로 가득합니다. 미국 유아와 어린이의 가장 흔한 영양 결핍을 해결하도록 지능적으로 설계되었습니다. 어린이와 부모가 사랑하는 제품: 부드럽게 구운 외부 크러스트와 진짜 유기농 과일로 채워진 끈적하고 맛있는 잼으로 구성된 이 베스트셀러 바는 온 가족이 식료품 저장실에서 가장 좋아하는 음식이 될 것입니다. 설탕이 첨가되지 않음: Yumi 제품은 모든 바 및 유아용 간식에 설탕을 첨가하지 않기 위해 최선을 다하고 있습니다. 클린 라벨 프로젝트 순도 상 수상: YUMI 제품은 독립적으로 검증되었으며 중금속을 포함한 400개 이상의 오염 물질을 테스트하는 Clean Label Project Purity Award를 수상했습니다. 학교에 안전한 간식: 모든 연령대의 아이들에게 완벽한 학교 안전 간식을 찾아보세요. 당사의 간식은 학교 지침과 규정을 충족하도록 꼼꼼하게 제작되어 도시락과 간식 시간에 걱정 없는 옵션을 보장합니다. 이 바는 유제품 프리, 콩 프리, 땅콩 프리, 글루텐 프리 레시피로 만들어졌습니다. 당사의 유기농 바는 땅콩 프리, 글루텐 프리 및 유제품 프리 레시피로 만들어졌습니다. 건강하고 편리함: 집이나 이동 중에도 완벽한 이 개별 포장된 바는 꼬집거나 학교에서 안전하게 사용할 수 있는 알레르기 유발 항원 없는 레시피, 도시락 간식으로 적합합니다.",,"['프리', '간식', '유기농', '학교', '첨가', '글루텐', '설탕', '어린이', '영양', '운']"
식음료,스낵 및 디저트,시리얼,,B074JHN6KV,"Cocoa 퍼프 시리얼 바, 1.42 온스, 96 카운트",Cocoa Puffs,98653,98653,3.6,85.0,전체 그레인 인공 맛 없음 젤라틴 없이 제작 USDA 스마트 스낵 준수 HEPA 적용,Whole Wheat Flour - First Ingredient. A chewy cereal bar made with Cocoa Puffs pieces. 150 calories. 1 oz equivalent grain,"['퍼프', '카운트', '준수', '젤라틴', '제작', '적용', '인공', '시리얼', '스마트', '스낵']"
식음료,스낵 및 디저트,시리얼,,B004E3CBMO,"KELLOGGS 35945 뉴트리 그레인 시리얼 바, 딸기, Indv 랩 36.9g(1.3온스) 바, 16/박스",Keebler,25414,19376,5.0,3.0,제조사: Kelloggs,,"['트리', '조사', '시리얼', '박스', '레인', '랩', '딸기']"
식음료,스낵 및 디저트,시리얼,,B0CVNM3HJ4,"Trader Joe's Joe's Os 시리얼 바, 땅콩 버터, 24g(5-8.5온스)/바, 120g(4.23온스) (2팩)",Generic,33226,33226,,,"Joe's Os 시리얼 바, 땅콩 버터, 24.1g(0.8온스)/바 5개 아침 출퇴근길이나 학교에서 출퇴근할 때 훌륭한 간식이 될 수 있으며, 오후에 피넛버터를 먹거나 체육관이나 축구 연습에서 집으로 가는 길에 이상적인 이른 저녁 간식으로 좋습니다. 2개 팩","Trader Joe's Joe's Os 시리얼 바, 땅콩 버터, 24.1g(0.5온스) 24g(0.5온스) 바, 120g(4.23온스) (2팩)","['땅콩', '버터', '시리얼', '간식', '오후', '길', '아침', '연습', '훌륭하다', '학교']"
식음료,스낵 및 디저트,시리얼,,B005GRB5QK,"Pamela's Products Whenever Bars 귀리 건포도 월넛 향신료, 40g(1.4온스) 바, 박스당 바 5개, 박스 6개 팩 (총 30개)",Pamela's Products,57962,40095,4.6,568.0,시나몬 충전 통곡물 글루텐 프리,"Pamela의 귀리 건포도 월넛 스파이스 바를 절약하세요. 계피로 채워진 맛있는 스낵 바는 맛있고 통곡물, 항산화 물질을 제공하며 글루텐 프리 제품입니다. 글루텐 프리 귀리, 치아 씨드로 만들어졌으며 아가베와 코코넛 설탕으로 가볍게 단맛을 낸 Pamela의 귀리 건포도 월넛 스파이스 Whevery Bars는 욕망이 있을 때마다 만족스러운 간식을 제공합니다. (설명은 정보 제공용입니다. 사용하기 전에 실제 제조업체의 제품 라벨을 참조하십시오. 사용하기 전에 건강 관련 문제를 의료 전문가에게 알려주십시오.)","['귀리', '글루텐', '프리', '건포도', '월넛', '박스', '통', '맛있다', '스파이스', '곡물']"
식음료,스낵 및 디저트,시리얼,,B015RGQBV8,"Bobo's 귀리 바, 초콜릿 칩, 85g(3온스)",Bobo's,4141,4141,4.5,279.0,"비건, 휴대용 스낵 글루텐 프리, GMO 프리 프로젝트 인증, 유제품 프리 간단하고 건강에 좋은 유기농 성분 핸드메이드 제빵 제품 죄책감 없이 훌륭한 맛",Bobo's 귀리 바 귀리 바 - 초콜릿 - 85g(3온스),"['프리', '귀리', '초콜릿', '휴대', '스낵', '건강', '글루텐', '맛', '메이드', '비건']"
식음료,스낵 및 디저트,시리얼,,B074JJJZ9D,"Zee Zees Campfire S'mores 소프트 베이킹 스낵 바, 62.4g(2.25온스), 24팩, 견과류 프리, 통곡물, 학교에 안전, 이동 중, 코셔, 알레르기 친화적",ZEE ZEES,49846,49846,4.5,1937.0,"통곡물 그레이엄 크래커, 코코아, 마시멜로의 맛있는 조합에 관해서는, 한 입 먹을 때마다 더 즐겁다는 말을 하게 될 것입니다. 당사의 새로운 캠프파이어 스모어 소프트 베이크드 바는 독특하고 맛있는 간식으로 모든 갈망하는 행사에 적합합니다. 스모어가 필요하신가요? 훌륭한 섬유 공급원. Zee Zees It's Z'all Good 개별 포장: 아침, 점심, 간식 또는 디저트를 위한 편리한 그랩 앤 고 옵션 저나트륨, 땅콩 및 견과류 프리 시설에서 제작 맛있고 부드러운 구운 시리얼 바, 코셔 및 비건 미국에서 제작, 각 상자에는 62.4g(2.25온스) 바 24개가 포함되어 있습니다",,"['맛있다', '간식', '소프트', '프리', '견과류', '곡물', '스모', '제작', '마시멜로', '섬유']"
식음료,스낵 및 디저트,시리얼,,B00CNVJB90,"Natures Bakery Bar Fig 통밀 라즈베리, 56.7g(2온스)",Nature's Bakery,10969,10969,2.6,5.0,"우리가 구운 제품에 무엇을 넣든 당신은 그것에서 벗어날 것입니다 최고 품질의 제품 글루텐 프리 및 GMO 프리, Effervesce는 정품과 우아함 및 명성을 결합했습니다","우리가 구운 제품에 무엇을 넣든 당신은 그것에서 벗어날 것입니다. 물론 재료의 품질에 대해 약간 까다로웠습니다. 그리고 이동 중에도 간식을 만드는 것에 대한 확고한 헌신의 증거를 실제로 발음할 수 있는 재료를 사용합니다. 그것은 우리의 본성에 있습니다. 콜레스테롤 프리, 유제품 프리, 코셔, 무화과 바 및 스낵 식품에 대해 자세히 알아보려면 바로 아래에 편리하게 위치한 Natures Bakery의 최고급 제품을 클릭하기만 하면 됩니다.","['프리', '그것', '운', '재료', '확고하다', '결합', '글루텐', '까다롭다', '라즈베리', '명성']"
식음료,스낵 및 디저트,시리얼,,B01AS9GXX0,"Field Day 스낵 바 유기농 멀티 그레인 필드, 6 카운트",Field Day,33406,33406,4.8,5.0,"Field Day Strawberry Multi Grain Snack Bars are a delicious way to snack with purpose A lunchbox treat, an office snack, or breakfast on-the-go, they'll take care of your whole family We left out the high fructose corn syrup Didn't leave out the taste in these soft-baked fruit Made with organic whole oats","Field Day Strawberry Multi Grain Snack Bars are a delicious way to snack with purpose! These bars are bursting with real fruit, sweetened with organic honey and packed with whole grain oats. A lunchbox treat, an office snack, or breakfast on-the-go, they'll take care of your whole family! They are also an excellent source of selenium, provide six essential B vitamins, and are low in fat. We left out the high fructose corn syrup, but didn't leave out the taste in these soft-baked fruit bars.","['필드', '카운트', '유기농', '스낵', '멀티', '레인']"
식음료,스낵 및 디저트,시리얼,,B07NRT7RN3,"88 ACRES 시나몬 & 귀리 씨앗 바 9개, 45.4g(1.6온스)",88 Acres,31785,31785,3.4,18.0,"좋은 영양 - 그리고 건강에 좋은 수제 시나몬 오트밀로 하루를 더 '일어나서 가세요' 씨를 뿌릴 수 있습니다. 당사의 시드 바는 간단하고 건강에 좋은 재료를 사용하여 소량으로 수작업으로 제작되어 모든 사람이 즐길 수 있는 맛있는 간식을 만듭니다. 88 Acres 바는 사랑하는 사람들과 나눌 수 있는 완벽한 겨울 간식이며, 이동 중에도 즐기고, 학교와 직장에 가져오고, 도시락에 추가하는 등의 용도로 사용할 수 있습니다! 운동 선수, 저식품 다이어트, 비건 및 잡식성 동물 모두에게 적합합니다. 가장 흔한 8가지 식품 알레르기 유발 물질 없음 - 글루텐 프리, 견과류 프리, 땅콩 프리, 유제품 프리, 콩 프리, 참깨 프리. 플러스 - GMO 프리, 비건, 학교 안전.",아침 식사,"['프리', '학교', '간식', '건강', '시나몬', '사람', '식품', '비건']"
식음료,스낵 및 디저트,시리얼,,B0DBQVCLZZ,Nellys Organics 바 20팩,generic,86881,86881,,,바,Nellys Organics 바,['팩바']
식음료,스낵 및 디저트,시리얼,,B013DJEXQQ,오리지널 Alpen Light Jaffa Cake 시리얼 바 영국에서 수입한 영국 영국 혼합 시리얼 바 오렌지맛 과일 조각과 일반 초콜릿 드리즐과 일반 초콜릿,Alpen,27686,27686,4.4,251.0,오렌지 맛 시리얼 바: 오렌지 맛의 과일 조각과 플레인 초콜릿 드리즐이 포함되어 있습니다 영국에서 수입: 수입 재료로 영국에서 만든 바 혼합 시리얼 바: 편리한 바 하나로 다양한 시리얼 조각 어린이 친화적인 간식: 아이들을 위한 맛있고 영양이 풍부한 간식 Alpen Light 브랜드: 고품질 시리얼 바로 유명한 신뢰할 수 있는 브랜드,"오렌지 맛의 과일 조각이 있는 혼합 시리얼 바와 플레인 초콜릿 드리즐이 있는 플레인 초콜릿으로 건강을 유지하려고 노력하지만 하루를 보낼 수 있는 맛있는 간식을 좋아합니다! 모든 칼로리 Alpen 라이트 바는 맛있는 재료로 가득 차 있습니다. 풍미 가득한 오렌지, 크리미한 롤 귀리로 가득 차 있으며 섬세한 다크 초콜릿 드리즐 스낵을 얹습니다.","['시리얼', '초콜릿', '오렌지', '영국', '맛', '즐', '조각', '혼합', '간식', '플레인']"
식음료,스낵 및 디저트,시리얼,,B096TV6L59,"Nature's Bakery 유기농 오트밀 크럼블, 바 24개",,37921,37921,4.5,101.0,"딸기 바 12개 및 애플 바 12개 진짜 과일 및 통곡물, 견과류 프리, 고과당 옥수수 시럽 없음 3g 섬유 통곡물 14g 식물 기반","Nature's Bakery 오트밀 크럼블 바는 진짜 과일, 귀리 및 통곡물로 만들어졌습니다. 가장 바쁜 가족에게도 완벽한 아침 식사 간식입니다! 그리고 항상 그렇듯이 이 부드럽게 구운 바에서는 GMO나 인공 향료를 찾을 수 없습니다. Snack Food & Wholesale Bakery에서 2019년 ""Best New Healthy School Snack""으로 선정된 오트밀 크럼블 바는 모든 연령대의 아이들을 위한 맛있고 건강에 좋은 선택입니다!","['곡물', '통', '크럼블', '오트밀', '과일', '진짜', '맛있다', '딸기', '기반', '귀리']"
식음료,스낵 및 디저트,시리얼,,B009XXO5SI,"Nature's Bakery 통밀 무화과 바, 56.7g(2온스) (12개 팩)",Nature's Bakery,19805,19805,4.3,63.0,맛있는 통밀 과일 바 아이들의 점심에 적합한 건강한 여행용 간식 100% 천연 GMO 프리 프로젝트 인증 코셔,"1960년대 천연 식품 운동이 시작될 때 Richard Marson은 모든 천연 재료를 옹호하는 베이커리를 열기로 결정했습니다. 놀라운 기업가 정신과 베이킹에 대한 열정으로 Richard는 성공적인 가족 베이커리를 만들었습니다. 리처드의 아들인 데이브 마슨은 아버지의 열정을 공유하고 가족 베이커리를 인생의 일로 만들기로 결정했습니다. 그는 수십 년 동안 탐구해 온 아이디어에 따라 행동하기 전에 제빵사로서의 기술을 연마하는 데 보냈습니다. 2010년, Dave는 아들 Sam과 협력하여 건강에 민감한 생활과 일상적인 활동적인 라이프 스타일을 보완하는 맛있고 편리한 이동 중 간식과 음식을 만드는 사명을 가지고 Nature's Bakery 제품을 만들었습니다.","['천연', '베이커리', '아들', '간식', '결정', '맛있다', '열정', '가족', '통밀', '베이킹']"
식음료,스낵 및 디저트,시리얼,,B00RLJRAEM,"Fibre 1 Delights Bar, 레몬 맛, 5개, 125g/4.4온스, 캐나다산 수입)",Fibre 1,13836,13836,4.5,7.0,"섬유: 1회 제공량당 일일 섬유질의 20% 맛있는 즐거움: 풀 사이즈, 90 칼로리 바로, 5G의 섬유질을 함유하고 믿을 수 없을 정도로 맛있습니다. 단순 제작: 인공 색소나 향료 없음 이동 중 간식: 개별 간식은 어느 날 외출에도 완벽하게 어울립니다 박스 구성: 125G 박스, 바 5개","건강한 라이프 스타일을 희생하지 않고 갈망을 만족시키세요. 바쁜 날이나 활동적인 라이프 스타일을 위한 맛있는 간식! 이 훌륭한 간식은 언제 어디서나 완벽합니다! 섬유: 1회 제공량당 일일 섬유의 20%. 맛있는 즐거움: 풀 사이즈, 90 칼로리 바로, 5G의 섬유질을 함유하고 믿을 수 없을 정도로 맛있습니다. 단순성: 인공 색소나 향료가 없습니다. 이동 중 간식: 개별 간식은 모든 날에 완벽한 추가품입니다. 박스 구성: 125G 박스, 바 5개","['간식', '맛있다', '박스', '섬유', '섬유질', '완벽하다', '일일', '구성', '단순', '라이프']"
식음료,스낵 및 디저트,시리얼,,B015QZSWJ4,The GFB 바 - 오트밀 건포도 - 58.1g(2온스),The GFB,18614,18614,2.6,14.0,현지 생산 제품 패키지 무게: 58g 알레르기 유발 물질 정보: 글루텐 프리 제품 패키지 크기: 길이 19.3cm x 너비 13cm x 높이 5.8cm,"The gfb 오트밀 건포도 바는 맛이 가득한 고단백 글루텐 프리 바입니다! 그랜드 래피즈의 두 형제가 개발한 mi, gfb 바는 훌륭한 맛의 음식을 손상시키지 않으면서 글루텐 프리를 할 수 있음을 보여줍니다.","['프리', '글루텐', '건포도', '패키지', '맛', '오트밀', '훌륭하다', '생산', '그랜드', '단백']"
식음료,스낵 및 디저트,시리얼,,B0D136NJTB,Universal Bakery 통곡물 버라이어티 스낵 - 선라이즈 에너지 과일 및 견과류 바 | 코코번치 키트 118.4-283.5g(4-10온스) 팩 포함 오메가 3 번들 호주 바이트,KOKOBUNCH,55261,55261,,,"유니버설 베이커리 호주 바이트 오메가 3, 통곡물 롤 귀리, 말린 살구, 아마 씨앗, 건포도, 분쇄 코코넛 및 무료 코코번치 키트 포함 - 2팩 283.5g(10온스) Universal Bakery 홀그레인 선라이즈 에너지 과일 및 견과류 바, 코코번치 키트 번들 56.7-283.5g(2-10온스) 팩","Universal Bakery Aussie Bites with Omega 3, 통곡물 롤 귀리, 말린 살구, 아마 씨앗, 건포도, 분쇄 코코넛 56.7-283.5g(2-10온스) 팩 범용 베이커리 통곡물 일출 에너지 과일 및 견과류 바 56.7-283.5g(2-10온스) 팩.","['통', '곡물', '키트', '견과류', '코코', '과일', '에너지', '번치', '살구', '분쇄']"
식음료,스낵 및 디저트,시리얼,,B0BBND3H9Z,Rice Krispies Treats Dunk'd - 87.9g(3.1온스) 바 - 12개 (쿠키 앤 크림),,36979,36979,4.4,61.0,"Rice Krispies Treats Dunk'd Snack Bars are an indulgent snack for everyday moments; Enjoy this cremey-flavored coated cookie-sprinkled marshmallowy treat With puffed, oven-toasted cookie-flavored rice cereal and the irresistible flavor of soft marshmallows dipped in a cremey-flavored coating Perfect for both kids and adults; No high fructose corn syrup; Contains milk, wheat, and soy ingredients Bring on a family road trip, pop a bar in your kid's backpack or lunchbox; Stow some in your tote bag or desk for anytime snacking Includes one, 37.2oz box containing 12 Rice Krispies Treats Dunk'd Marshmallow Snack Bars; Packaged for freshness and great taste","Make snack time a little sweeter and a lot more fun with the irresistible taste of Rice Krispies Treats Dunk'd Cookies 'n' Creme Marshmallow Snack Bars. Fans of the original Rice Krispies Treats will love the taste of this sweet snack. Each square is made with chocolate-flavored cookie bits, puffed rice cereal, and the taste of gooey marshmallows, then dunked in a cremey-flavored coating for a delicious, ready-to-eat treat; A tasty snack bursting with goodness, each individually wrapped package contains one marshmallow bar. Pack them for snacks at school, the office, traveling, at the game, and more. Enjoy them by yourself or share with friends and family. They also make great fillers for gift baskets or care packages. Satisfy your sweet craving with the simple goodness and on-the-go convenience of Rice Krispies Treats Dunk'd Cookies 'n' Creme Marshmallow Snack Bars.","['크림', '쿠키']"
식음료,스낵 및 디저트,시리얼,,B000SRHX9Q,"Rice Krispies Treats 크리스피 마시멜로 스퀘어, 어린이 스낵, 스낵 바, 오리지널, 175.8g(6온스) 박스 (바 8개)",RICE KRISPIES TREATS,2756,2756,4.8,2824.0,"Rice Krispies Treats 시리얼 바는 일상적인 가족의 순간을 위한 맛있는 간식입니다. 완벽한 크기로 바로 즐길 수 있는 간식입니다 오븐에 구운 쌀 시리얼과 부드러운 마시멜로의 맛을 즐기세요. 가족이 좋아하는 클래식하고 맛있는 간식입니다 달콤한 맛과 바삭한 질감을 발견하세요. 바당 90칼로리, 고과당 옥수수 시럽 없음, 우유와 콩 성분 함유 마시멜로 스낵바를 교실 파티에 가져가서 학교 간식을 먹고, 아이들의 백팩이나 도시락에 사각형을 팝하세요. 토트백이나 책상에 보관하세요 Rice Krispies Treats 오리지널 마시멜로 스낵 바 8개가 들어 있는 175.8g(6온스) 박스 1개가 포함되어 있습니다. 신선함과 훌륭한 맛을 위해 포장되어 있습니다","Rice Krispies Treats 오리지널 바삭한 마시멜로 시리얼 바의 거부할 수 없는 맛으로 일상의 순간을 즐기세요. 끈적끈적한 장점을 드러내기 위해 분리되는 모든 맛있는 사각형으로 기억에 남는 순간을 만들어보세요. 바삭한 쌀 시리얼과 부드러운 마시멜로의 맛으로 제작된 각 바는 어디를 가든 맛있고 바로 먹을 수 있는 간식입니다. 클래식하고 맛있는 간식인 이 개별 포장된 마시멜로 바는 함께 즐기기에 적합합니다. 집에서 즐기거나 여행, 점심 시간, 게임 또는 학교 간식을 위해 몇 가지를 가져가세요. 친구 및 가족과 쉽게 공유할 수 있는 간식입니다. Rice Krispies Treats 바삭한 마시멜로 시리얼 바를 선물 가방, 선물 바구니 및 케어 패키지에 추가하여 누군가의 하루를 만드세요. Rice Krispies Treats 오리지널 마시멜로 시리얼 바의 장점과 이동 편의성으로 달콤한 갈망을 만족시키세요","['마시멜로', '간식', '시리얼', '맛있다', '맛', '바삭', '스낵', '순간', '가족', '장점']"
식음료,스낵 및 디저트,시리얼,,B0D223XKS1,"아마란스 스낵 테디 바 핸드메이드 (레귤러, 세미 스위트 초콜릿) 100% 핸드메이드 4피스 패키지 Naturessa",SENSACIONES NATURESSA,23475,23475,5.0,2.0,단백질과 섬유질의 훌륭한 공급원 진짜 재료로 제작 테디 베어 모양 설탕이 첨가되지 않았습니다 영양가 있고 재미있는 간식,,"['테디', '메이드', '핸드', '훌륭하다', '스위트', '공급원', '단백질', '레귤러', '설탕', '섬유질']"
식음료,스낵 및 디저트,시리얼,,B0DCDCBQYY,"Creative Crispies 구운 코코넛 & 생일 케이크 클러스터 밸류 팩 - 빠르고 달콤한 간식을 위한 수제 풀 오프 라이스 크리스피 - 옥수수 프리, 글루텐 프리, 죄책감 없음 - 2가지 맛 팩 - 473.2ml(16온스)",Creative Crispies,34611,34611,4.3,57.0,"나만의 조각을 꺼내세요 - 당사의 쌀 바삭한 간식은 가방에 담겨 제공되며 분리되도록 설계되어 원하는 만큼 작거나 큰 조각을 선택할 수 있습니다. 여기에는 하위 파가 없으며, 당기는 모든 물기가 팔레트에 적합합니다. 맛의 선물 - 베이비 샤워, 기념일 또는 생일을 위한 독특한 선물을 찾고 계십니까? 퇴폐적인 쌀 바삭한 클러스터로 사랑하는 사람을 기쁘게 하세요. 그루비 생일 케이크와 여름에 구운 코코넛을 가장 좋아하는 두 가지 맛을 맛보세요. 평균 쌀 크리스피가 아닙니다 - 다양한 클러스터로 사랑하는 사람을 특별한 날에 놀라게 하세요! 당사의 라이스 크리스피 클러스터는 프리미엄, 부드럽고 바삭한 글루텐 프리 라이스 크리스피로 만들어졌습니다. 아무도 우리를 좋아하지 않으며, 아무도 우리와 같은 디저트를 맛볼 수 없습니다. 사랑으로 수작업으로 제작 - Creative Crispies는 여러분이 맛볼 수 있는 가장 맛있는 쌀 바삭한 간식을 제공하기 위해 노력합니다. 저희는 맛을 아끼지 않으며 각 제품은 자체 팀에 의해 개발 및 제작되므로 Creative Clusters의 각 가방은 주방에서 집으로 바로 사용할 수 있습니다. 여성 소유 - Creative Crispies 는 여성 소유 및 여성 운영 중소기업입니다. 저희는 라이스 크리스피를 매우 좋아하며 여러분도 그렇게 될 것이라고 믿습니다. 그렇지 않은 경우 -- 저희 브랜드에 연락하시면 바로 제작해 드리겠습니다.","Creative Crispies는 모든 행사를 기억에 남는 간식으로 축하해야 한다고 믿습니다. 항상 신선하고 항상 재미있으며 항상 당신을 위해 만들어졌습니다! 간식을 통해 미소와 개인적인 관계를 가져오는 것이 저희의 사명입니다. 저희는 모든 순간을 더욱 특별하게 만드는 신뢰할 수 있는 파트너입니다. 직접 공유하든 멀리서 공유하든, 우리는 처음으로 맛있는 간식으로 물고 있는 것과 같은 향수를 불러일으키는 느낌을 재현할 것을 약속합니다.","['간식', '크리스', '쌀', '클러스터', '라이스', '맛', '바삭', '사랑', '여성', '생일']"
식음료,식음료 선물,차 선물,,B09XJJKGLZ,"Favorites Yogi Tea 유기농 샘플러 선물 상자 - 다양한 맛있는 웰니스 티 - 허브, 녹차 및 홍차 9개 - 차 선물 세트 및 버라이어티 팩 (티백 45개)",Yogi,32963,32963,4.8,746.0,"유기농 차 선물 세트: 차 샘플러에는 9가지 맛과 총 45개의 티백이 포함되어 있습니다. 특별한 선물 Yogi 차 샘플 상자에 신중하게 포장되어 제공됩니다 Yogi 차 선물 세트: 취침 시간, 디톡스, 에키네시아, 엘더베리 레몬 밤, 생강, 녹차 블루베리, 녹차 항산화제, 허니 라벤더, 스위트 탠저린 포함 차 애호가를 위한 고급 선물 세트: 이 티 샘플러 선물 세트에는 Yogi의 가장 인기 있는 홍차, 녹차, 허브 웰니스 티 블렌드가 포함되어 있습니다 티백 선물 세트: 카페인이 함유된 홍차와 녹차와 카페인 프리 허브 티가 포함되어 있습니다. 차는 비건, 코셔, 글루텐 프리, 인공 향료가 없습니다 브루잉 제안: 모든 컵을 최대한 활용하려면 각 Yogi Tea 봉투 뒷면에 있는 브루잉 제안을 확인하세요","Yogi 의 아름다운 티 샘플러 선물 상자에는 개별적으로 포장된 유기농 티백 45개가 포함되어 있습니다. 자신을 즐기거나 Yogi의 가장 인기 있는 9가지 웰니스 티를 선물하세요. 모두 맛있는 맛과 건강에 좋은 이점을 위해 혼합되었습니다. 취침 시간, 디톡스, 에키네시아 면역 지원, 엘더베리 레몬 밤 면역, 생강, 녹차 블루베리 슬림 라이프, 녹차 슈퍼 항산화 물질, 허니 라벤더, 스위트 탠저린 포지티브 에너지. 꽃과 진정 효과가 있는 허니 라벤더 차부터 매콤하고 따뜻한 생강차까지, Yogi 차는 몸과 마음을 지지하는 맛있는 방법입니다. 이 모음 상자의 모든 차는 USDA 인증 유기농, GMO 프리 프로젝트 인증을 받았으며 매번 맛있는 컵을 위해 개별적으로 포장됩니다. 플라스틱 함량이 없는 Yogi 티백은 퇴비화 가능합니다. 티 태그, 슬리브 및 상자는 모두 재사용 및 재활용이 가능합니다.","['선물', '차', '녹차', '티', '상자', '티백', '유기농', '맛있다', '샘플러', '허브']"
식음료,식음료 선물,차 선물,,B00S0NYCCG,"VAHDAM, 다양한 차이 티 샘플러 버라이어티 팩 (5가지 맛, 티백 20개) 글루텐 프리, 100% 천연 성분 | 2024년 새해 선물 - 이국적인 인도 마살라 차이 티 블렌드 | 여성, 남성을 위한 선물",VAHDAM,17991,17991,4.5,4390.0,"고급스러운 홀리데이 시즌 및 새해 선물 - 꼼꼼하게 제작된 버라이어티 차이티 모음으로 휴일 시즌에 따뜻함과 휴식의 선물을 더하세요. 이 팩에는 5가지 맛의 차이 티와 4개의 티백이 포함되어 있습니다. 맛있는 교향곡으로 사랑하는 사람을 기쁘게 하고, 이 절묘한 선물이 축제 분위기로 마음을 채우도록 하세요. 다양한 차이 티 샘플러 - 차이 티 샘플러 세트로 인도 풍미의 태피스트리를 경험하세요. 이 큐레이트된 컬렉션은 아대륙에서 꼼꼼하게 공급되는 향신료와 아삼 홍차의 조화로운 조화를 제공합니다. 이 세트에는 강황 향신료 허브 티, 카르다몸 마살라 차이 티, 인도 오리지널 마살라 차이, 얼 그레이 마살라 차이 티 및 스위트 시나몬 마살라 차이 티가 각각 4개의 티백이 포함된 5가지 차이티가 포함되어 있습니다. 10억 개의 꿈을 가진 브랜드 - VAHDAM India는 인도 최대의 디지털 네이티브 글로벌 브랜드 중 하나로, 130개 이상의 국가에서 3백만 명 이상의 고객에게 배송됩니다. 사람과 지구에 대한 강한 헌신을 가진 가정에서 재배한 지속 가능한 라벨로 인도 최고의 차, 브루 웨어, 향신료 및 허브를 전 세계 소비자에게 제공하는 것을 목표로 합니다. 윤리적, 직접적, 공정무역 - 당사의 혁신적인 공급망 모델은 가장 신선한 차 한 잔을 얻을 수 있도록 보장하며 농부들은 농산물에 대해 더 나은 가격을 얻을 수 있습니다. 수익의 1%는 우리의 사회 이니셔티브를 통해 차 재배자의 아이들의 교육으로 전환됩니다. 가르쳐주세요, 단순히 이 열망을 존중하고 싶습니다. 저희는 사람과 지구를 돌봅니다 - 저희는 이제 자랑스럽게 탄소 중립적이고 플라스틱 중립 브랜드입니다. 당사는 인도의 환경 지속 가능성 이니셔티브에 대한 투자를 통해 전반적인 탄소 및 플라스틱 발자국을 측정하고 이를 상쇄합니다.","인도에 본사를 둔 VAHDAM 는 전통적인 차 공급망을 방해하고 있습니다. 저희는 수확 후 24-48시간 이내에 농장에서 직접 정원용 신선한 다즐링 차를 조달하며, 신선함과 맛을 보존하기 위해 즉시 포장됩니다. 모든 차는 인도 출처의 포장 공장에서 전 세계 소비자에게 직접 배송됩니다. 모든 중개인을 잘라냄으로써 가장 신선한 품질의 차를 공정한 가격으로 가장 빠르게 제공할 수 있습니다. 또한, 당사의 모든 차는 인도 상무부, 인도 정부의 Tea Board Of India에서 순수 인증을 받았습니다. VAHDAM 차이를 맛보고 스스로 결정하세요.","['차이', '티', '인도', '차', '선물', '마살라', '신선하다', '티백', '맛', '샘플러']"
식음료,식음료 선물,차 선물,,B0CZCV24JX,"Osulloc 용도: 휴식 티 박스 (42개, 6가지 종류 x 7개) 차 애호가를 위한 정교하고 독특한 선물 아이디어, 다양한 선물 상자 샘플러, 제주도의 독특한 혼합 차 6개",Osulloc,55386,55386,4.4,843.0,우아한 어머니의 날 럭셔리: OSULLOC 포레스트 티 박스는 42개의 프리미엄 티백으로 즐거움을 선사합니다. 고급 선물로 제작된 이 제품은 6가지 독특한 차 품종을 제공하여 평온함과 세련미로 일상의 순간을 풍부하게 합니다. 안목 있는 미각을 위한 다양한 맛: 순수하고 바삭한 녹차 변형과 함께 달콤하고 향기로운 혼합 차 5개로 풍부한 맛의 태피스트리에 빠져보세요. 문화적으로 영감을 받은 프레젠테이션: 한국 전통 '한복' 복장으로 문화를 기념하세요. 저희 티 세트는 선물에 우아함과 문화를 더합니다. 각 차는 세련된 원형 상자에 포장되어 고급스러움과 독특함을 의미하는 세련된 티 케이스로도 사용할 수 있습니다. 자연의 평온한 한 모금: 프리미엄 블렌드 차 한 잔은 숲을 고요하게 산책할 수 있도록 초대합니다. 평화롭고 향기로운 삼림 지대 휴양지로 데려가도록 제작된 매혹적인 맛으로 삶의 번잡함에서 벗어나 바쁜 일정에서 평온한 순간을 향상시킵니다. 한국 No. 1 프리미엄 차 브랜드: 한국에서 가장 사랑받는 차 브랜드 Osulloc은 1979년부터 제주도에서 차를 재배하고 수확해 왔습니다. Osulloc 는 전 세계 프리미엄 티 브랜드로 많은 글로벌 차 대회에서 1위를 차지했습니다,,"['차', '티', '독특하다', '프리미엄', '선물', '평온하다', '맛', '한국', '문화', '제주도']"
식음료,식음료 선물,차 선물,,B08G8SDB6D,"VAHDAM, 다양한 차 샘플러 (25가지 변형, 50개의 피라미드 티백) 프리미엄 티 버라이어티 팩 | 긴 잎 피라미드 티백 버라이어티 팩 | 여성 및 남성용 선물",VAHDAM,27686,27686,4.6,4650.0,"다양한 티백 샘플러 세트 - 50개의 긴 잎 피라미드 티백에 포장된 25가지 독특한 맛의 풍부한 태피스트리를 포함하는 이 홀리스틱 컬렉션은 한 모금마다 활력을 불어넣도록 설계되었습니다. 녹차의 우아함부터 허브 티의 편안함, 홍차의 대담함, 차이 티의 향신료에 이르기까지 100% 순수 차의 세계에 빠져보세요. 매혹적인 선물 상자는 우아함을 더하여 사랑하는 사람에게 이상적인 선물입니다. 혁신적인 피라미드 모양의 티백 - 브루에서 찢어지는 종이 티백의 시대는 지났습니다. 피라미드 티백으로 차의 즐거움의 절정을 경험하십시오. 최고급 소재로 제작된 이 혁신적인 피라미드 모양의 백은 더 풍부한 맛의 프로필을 제공하여 찻잎이 우아하게 펼쳐져 기분 좋고 향기로운 차 한 잔을 만들 수 있습니다. 10억 개의 꿈을 가진 브랜드 - VAHDAM India는 인도 최대의 디지털 네이티브 글로벌 브랜드 중 하나로, 130개 이상의 국가에서 3백만 명 이상의 고객에게 배송됩니다. 사람과 지구에 대한 강한 헌신을 가진 가정에서 재배한 지속 가능한 라벨로 인도 최고의 차, 브루 웨어, 향신료 및 허브를 전 세계 소비자에게 제공하는 것을 목표로 합니다. 윤리적, 직접적, 공정거래 - 당사의 혁신적인 공급망 모델은 가장 신선한 차 한 잔을 얻을 수 있도록 보장하며 농부들은 농산물에 대해 더 나은 가격을 얻을 수 있습니다. 수익의 1%는 우리의 사회적 이니셔티브인 Teach Me를 통해 차 재배자의 자녀 교육으로 전환됩니다. 단순히 이 열망을 존중하고 싶습니다. 저희는 사람과 지구를 돌봅니다 - 저희는 이제 자랑스럽게 탄소 중립적이고 플라스틱 중립 브랜드입니다. 당사는 전체 탄소 및 플라스틱 발자국을 측정하고 인도의 환경 지속 가능성 이니셔티브에 대한 투자를 통해 이를 상쇄합니다.",,"['티백', '차', '피라미드', '인도', '우아하다', '티', '혁신', '선물', '버라이어티', '브루']"
식음료,식음료 선물,차 선물,,B097HLWC93,"VAHDAM, 다양한 티백 샘플러 버라이어티 선물 상자 | 프리미엄 24개의 개별 포장된 피라미드 티백 | 그녀를 위한 선물 여성 남성 차 애호가 커플 가족 친구 동료",VAHDAM,20761,20761,4.7,1073.0,"다양한 차 선물 세트 - 24가지 다양한 차 선물 세트로 차 모험을 시작하세요. 정원에서 신선한 차 블렌드의 향기로운 세계를 즐기세요, 더 대담하고 더 나은 주입을 위해 고급 피라미드 티백에 예술적으로 제공됩니다. 이 다양한 차 선물 세트에는 홍차, 녹차, 차이 티, 허브 티 및 우롱차의 즐거운 셀렉션이 포함되어 있어 하나의 패키지에 다양한 차 경험을 제공합니다. 차 애호가 및 신규 이민자 모두에게 적합합니다. 프리미엄 식물에서 직접 공급 - 인도의 프리미엄 농장에서 직접 공급되는 잎차로 최고의 차 경험을 즐기십시오. 찻잎은 수확 후 24~72시간 이내에 진공 밀봉 및 포장되어 놀라운 향과 맛을 지닌 정원에서 신선한 차를 제공합니다. 10억 개의 꿈을 가진 브랜드 - VAHDAM India는 인도 최대의 디지털 네이티브 글로벌 브랜드 중 하나로, 130개 이상의 국가에서 3백만 명 이상의 고객에게 배송됩니다. 사람과 지구에 대한 강한 헌신을 가진 가정에서 재배한 지속 가능한 라벨로 인도 최고의 차, 브루 웨어, 향신료 및 허브를 전 세계 소비자에게 제공하는 것을 목표로 합니다. 윤리적, 직접적, 공정거래 - 당사의 혁신적인 공급망 모델은 가장 신선한 차 한 잔을 얻을 수 있도록 보장하며 농부들은 농산물에 대해 더 나은 가격을 얻을 수 있습니다. 수익의 1%는 우리의 사회적 이니셔티브인 Teach Me를 통해 차 재배자의 자녀 교육으로 전환됩니다. 단순히 이 열망을 존중하고 싶습니다. 저희는 사람과 지구를 돌봅니다 - 저희는 이제 자랑스럽게 탄소 중립적이고 플라스틱 중립 브랜드입니다. 당사는 전체 탄소 및 플라스틱 발자국을 측정하고 인도의 환경 지속 가능성 이니셔티브에 대한 투자를 통해 이를 상쇄합니다.",,"['차', '선물', '인도', '신선하다', '직접', '프리미엄', '티백', '공급', '세계', '이니셔티브']"
식음료,식음료 선물,차 선물,,B09WL3SK1Y,차 애호가 여성 및 남성용 차 선물 세트 | 차 선물 | 차 선물 세트 | 여성용 차 세트 | 스테인리스 스틸 텀블러 | 독특한 차 15개 | 꿀 빨대 10개 | 선물 상자 티 세트 (청록색),Modern Elegance,43904,43904,4.7,458.0,"차 선물 세트 - 견고하고 우아한 선물 상자에 아름답게 제공되는 고급스러운 차 선물 세트로 최고의 차 경험을 즐기세요. 차 애호가를 위한 Modern Elegance 차 선물 세트에는 355ml(12온스) 진공 단열 텀블러, 15가지 독특한 맛 블렌드의 차 컬렉션 샘플러, 순수 꿀 빨대 10개, 티스푼 압착기, 귀여운 다람쥐 티백 홀더, 개인 메시지를 쓸 수 있는 인사말 카드가 포함되어 있습니다. 차 애호가 여성, 남성 또는 곧 더 나은 케어 패키지로 완벽한 차 선물입니다. 티 샘플러 - 허브, 블랙, 그린 및 화이트 티의 15가지 블렌드가 특징인 티 샘플러 선물 세트로 다양한 맛을 발견하세요. 또한 편리함과 안전을 위해 개별 포장된 미국 등급 A 등급 천연 순수 꿀 빨대 10개가 포함되어 있습니다. 항상 Modern Elegance 에서 말했듯이 의심스러운 경우 차를 만드십시오. 다양한 차와 다양한 차가 포함된 성인용 차 세트는 엄마, 할머니 선물 또는 독특한 선물 선물이 필요한 모든 사람에게 완벽한 선물입니다. 티백 스트레이너 및 홀더 - 당사의 특수 티 선물 세트에는 티백에서 여분의 액체를 안전하게 걸러내고 방출하는 편리한 스테인리스 스틸 티백 압착기가 포함되어 있습니다. 차를 마시는 사람을 위한 선물은 재미있고 우아해야 합니다. 그래서 티백을 티컵 가장자리에 단단히 고정할 수 있는 사랑스러운 실리콘 다람쥐가 포함되어 차 경험에 기발한 느낌을 더합니다. 티 텀블러 선물 세트 - 당사의 차와 꿀 선물 세트에는 이중벽 진공 단열 텀블러가 포함되어 있어 음료를 3시간 동안 따뜻하게, 9시간 동안 차갑게 유지합니다. 당사의 티 텀블러는 18/8 식품 등급 스테인리스 스틸과 BPA 프리 슬라이딩 뚜껑으로 만들어져 흘림 방지 경험을 제공합니다. 티 박스 선물 세트 텀블러는 내구성이 뛰어나고 비산 방지 기능이 있으며 내부가 아름답게 광택 처리되어 앞으로 몇 년 동안 녹슬지 않습니다. 아름답게 선물되는 티 키트 - 당사의 차 선물 바구니는 생일, 발렌타인 데이, 크리스마스 또는 특별한 휴일과 같은 모든 행사에 완벽한 차 선물입니다. 차 선물 세트가 손상되거나 예상대로 도착하지 않을 경우 100% 만족 보장을 제공합니다.",,"['선물', '차', '티', '텀블러', '티백', '꿀']"
식음료,식음료 선물,차 선물,,B09N1NV5HK,"Teaniru, 다양한 티 컬렉션, 선물 상자 _P (한정판)",Teaniru,13836,13836,4.4,86.0,"휴일 및 크리스마스 건강 선물 상자: 차 애호가와 축제 선물을 위한 매력적인 프리미엄 포장이 있는 훌륭한 선물 상자. 건강을 위한 선물보다 더 좋은 선물은 없습니다. 사랑하는 사람에게 웰빙과 건강을 위한 선물로 주세요. 축제 분위기의 디자인과 잘 디자인된 면으로 제작된 이 예쁜 크리스마스 셀렉션 티 박스는 이미 선물로 줄 준비가 되어 있습니다. 카슈미리 카와 녹차: 행복한 호르몬을 따끔거리는 이국적인 허브와 결합하여 피부 광채를 향상시키고 면역력을 구축하며 웰빙의 거대한 번들입니다. 하루 중 언제든지 따뜻한 느낌을 위해 달콤한 맛의 조용한 장미 향이 있습니다. 윈터 스파이스 홍차: 이 홍차는 심장 질환으로부터 보호하고, 결장 건강을 개선하고, 체중 감량에 도움이 되며 혈당 수치를 조절합니다. 허브 블렌드의 부드러운 언더톤이 있는 컵에 절대적으로 따뜻하고 아늑하며 날카롭고 매우며 달콤한 맛으로 당신을 따뜻하게 해줍니다. 루이보스 오렌지 허브티: 루이보스 오렌지 허브티는 건강상의 이점과 달콤하고 향기로운 섬세한 맛을 가지고 있습니다. 피부 외관 개선, 소화 간소화기, 심장 건강 지원과 같은 조건에서 널리 사용됩니다. 체중 감량에도 적합합니다. 어떻게 사용하나요? 담수를 끓이고 티백을 뜨거운 물에 3-5분 동안 담그고 뜨겁거나 차갑게 제공하십시오. 차 한 모금마다 전통적인 향신료, 허브 및 천연 향이 가득합니다. 한 번 마시면 더 많이 리필할 수 있습니다!",,"['선물', '건강', '허브', '티', '따뜻하다', '상자', '달콤하다', '맛', '축제', '디자인']"
식음료,식음료 선물,차 선물,,B097HLJLM2,"VAHDAM, 다양한 허브 티 샘플러 선물 세트 (6가지 변종, 티백 36개) 카페인 프리, 글루텐 프리, GMO 프리 | 차 버라이어티 팩 - 긴 잎 피라미드 티백 버라이어티 팩 | 여성 및 남성용 선물",VAHDAM,27686,27686,4.7,1004.0,"다양한 허브티 선물 세트 - VAHDAM India의 허브 티 샘플러 선물 세트로 선물을 레벨업하세요. 신중하게 선별된 이 컬렉션은 6가지 정교한 허브 티 변형을 제공하며, 각 제품은 비교할 수 없는 차 경험을 위해 꼼꼼하게 제작되었습니다. 각 블렌드마다 6개의 티백으로 맛을 즐기며 고급 차의 예술을 좋아하는 사람들에게 완벽한 선택입니다. 이국적인 허브 티 6가지 - 따뜻한 골든 강황 향신료, 상쾌한 강황 생강 블렌드, 신선한 퓨어 민트, 고요한 클래식 카모마일, 생생한 히비스커스 로즈 및 강한 베다 카다 허브 티가 함유된 허브 티 컬렉션으로 감각적인 여행을 시작하세요. 각 차는 엄선된 프리미엄 경험을 약속합니다. 10억 개의 꿈을 가진 브랜드 - VAHDAM India는 인도 최대의 디지털 네이티브 글로벌 브랜드 중 하나로, 130개 이상의 국가에서 3백만 명 이상의 고객에게 배송됩니다. 사람과 지구에 대한 강한 헌신을 가진 가정에서 재배한 지속 가능한 라벨로 인도 최고의 차, 브루 웨어, 향신료 및 허브를 전 세계 소비자에게 제공하는 것을 목표로 합니다. 윤리적, 직접적, 공정거래 - 당사의 혁신적인 공급망 모델은 가장 신선한 차 한 잔을 얻을 수 있도록 보장하며 농부들은 농산물에 대해 더 나은 가격을 얻을 수 있습니다. 수익의 1%는 우리의 사회적 이니셔티브인 Teach Me를 통해 차 재배자의 자녀 교육으로 전환됩니다. 단순히 이 열망을 존중하고 싶습니다. 저희는 사람과 지구를 돌봅니다 - 저희는 이제 자랑스럽게 탄소 중립적이고 플라스틱 중립 브랜드입니다. 당사는 전체 탄소 및 플라스틱 발자국을 측정하고 인도의 환경 지속 가능성 이니셔티브에 대한 투자를 통해 이를 상쇄합니다.",,"['허브', '티', '차', '선물', '인도', '프리', '티백', '샘플러', '탄소', '재배']"
식음료,식음료 선물,차 선물,,B015J3FXOU,"VAHDAM, 다양한 차 선물 세트 - 글로우 (178.6g(6온스), 90컵 이상) 잎차 6개 - 차이 티, 허브 티, 홍차 | 글루텐 프리, GMO 프리 | 여성용 선물, 남성용 선물, 그/그녀를 위한 선물",VAHDAM,34611,34611,4.7,2464.0,"고급스러운 차 선물 세트 - 히비스커스 러시, 오리지널 마살라 차이, 스위트 시나몬 스파이스, 잉글리시 브렉퍼스트, 바닐라 스파이스 마살라 차이 및 강황 향신료 허브 티 티산의 정교한 컬렉션으로 순수한 차의 행복을 발견하세요. 각 블렌드는 독특하고 잊을 수 없는 경험을 제공하여 한 모금마다 향기로운 기쁨과 순수한 탐닉을 제공합니다. 다양한 셀렉션과 매혹적인 포장으로 이 컬렉션은 소중한 사람에게 이상적인 선물입니다. 멋진 차 선물 팩 - 인도 최고의 농장에서 직접 공급되는 루스 리프 티를 포장하는 멋진 골든 박스 안에 있는 이 고급스러운 골드 틴 캐디로 사랑하는 사람을 기쁘게 하고 선물의 예술을 향상시키세요. 수확 후 24~72시간 이내에 포장되어 비교할 수 없는 향기와 맛으로 정원에서 신선하게 주입할 수 있습니다. 10억 개의 꿈을 가진 브랜드 - VAHDAM India는 인도 최대의 디지털 네이티브 글로벌 브랜드 중 하나로, 130개 이상의 국가에서 3백만 명 이상의 고객에게 배송됩니다. 사람과 지구에 대한 강한 헌신을 가진 가정에서 재배한 지속 가능한 라벨로 인도 최고의 차, 브루 웨어, 향신료 및 허브를 전 세계 소비자에게 제공하는 것을 목표로 합니다. 윤리적, 직접적, 공정거래 - 당사의 혁신적인 공급망 모델은 가장 신선한 차 한 잔을 얻을 수 있도록 보장하며 농부들은 농산물에 대해 더 나은 가격을 얻을 수 있습니다. 수익의 1%는 우리의 사회적 이니셔티브인 Teach Me를 통해 차 재배자의 자녀 교육으로 전환됩니다. 단순히 이 열망을 존중하고 싶습니다. 저희는 사람과 지구를 돌봅니다 - 저희는 이제 자랑스럽게 탄소 중립적이고 플라스틱 중립 브랜드입니다. 당사는 전체 탄소 및 플라스틱 발자국을 측정하고 인도의 환경 지속 가능성 이니셔티브에 대한 투자를 통해 이를 상쇄합니다.",,"['선물', '차', '인도', '티', '허브', '차이', '포장', '컬렉션', '최고', '직접']"
식음료,식음료 선물,차 선물,,B0CSXD24HH,The Vedas Festival of tea 선물 세트 | 인도 마살라 차이 및 말차와 함께 8가지 맛의 핸드 스티치 면 티백 | 차 30컵,THE VEDAS,37395,37395,4.3,27.0,"긴장을 풀기 위한 최고의 선물을 발견하세요: 완벽한 휴식 경험을 제공하도록 설계된 10개의 꼼꼼하게 제작된 차. 핸드 스티치 면 티백으로 좋아하는 브루의 순수한 에센스에 빠져보세요. 플라스틱 발자국 없이 한 모금씩 즐거운 탈출을 할 수 있습니다. 10가지 차 종류: Aamla Ginger 녹차, 블루 오션 티, 일본 마차, 인도 마살라 차이, 퀸 다르질링 차, 나브그라차, 카모마일 차, 자스민이 함유된 블루티, 카카오 로즈 아슈와간다 차, 로열 강황 차 최고 품질의 재료를 사용하여 허브 전문가가 전문적으로 혼합했습니다. 각각 2개의 티백, 말차, 인도 마살라 차이, 아름다운 틴 캐디에 담긴 8가지 종류",,"['차', '차이', '마살라', '인도', '티백', '말차', '스티치', '최고', '종류', '티']"
식음료,식음료 선물,차 선물,,B07RBN3ZMJ,"VAHDAM, BLOOM - 다양한 차 선물 세트, 차 12개(125회 이상) 럭셔리 선물 상자 | 100% 천연 성분 - 녹차, 차이 티, 허브 티, 홍차 | 프리미엄 차 선물 세트 | 여성 및 남성용 선물",VAHDAM,55386,55386,4.6,915.0,"프리미엄 다양한 차 선물 세트 - 블랙, 그린, 우롱차, 차이 및 허브 티를 포함한 블룸 선물 세트로 매혹적인 최고급 잎차를 탐험하세요. 견고한 아삼 이국적인 & 로스트 다즐링 홍차부터 풍미 가득한 레몬 진저 녹차와 상쾌한 강황 툴시 허브 티까지, 카르다몬 마살라 차이 티, 펜넬 스파이스 마살라 차이 티, 진저 마살라 차이 티 및 클래식 잉글리시 브렉퍼스트 티를 즐겨보세요. 매혹적인 차 모음 - 인도 최고의 농장에서 직접 공급되는 루스 리프 티를 포장한 멋진 파우더 블루 상자에 담긴 고급스러운 골드 틴 캐디로 사랑하는 사람을 기쁘게 하고 선물의 예술을 향상시키세요. 수확 후 24~72시간 이내에 포장되어 비교할 수 없는 향기와 맛으로 정원에서 신선하게 주입할 수 있습니다. 10억 개의 꿈을 가진 브랜드 - VAHDAM India는 인도 최대의 디지털 네이티브 글로벌 브랜드 중 하나로, 130개 이상의 국가에서 3백만 명 이상의 고객에게 배송됩니다. 사람과 지구에 대한 강한 헌신을 가진 가정에서 재배한 지속 가능한 라벨로 인도 최고의 차, 브루 웨어, 향신료 및 허브를 전 세계 소비자에게 제공하는 것을 목표로 합니다. 윤리적, 직접적, 공정거래 - 당사의 혁신적인 공급망 모델은 가장 신선한 차 한 잔을 얻을 수 있도록 보장하며 농부들은 농산물에 대해 더 나은 가격을 얻을 수 있습니다. 수익의 1%는 우리의 사회적 이니셔티브인 Teach Me를 통해 차 재배자의 자녀 교육으로 전환됩니다. 단순히 이 열망을 존중하고 싶습니다. 저희는 사람과 지구를 돌봅니다 - 저희는 이제 자랑스럽게 탄소 중립적이고 플라스틱 중립 브랜드입니다. 당사는 전체 탄소 및 플라스틱 발자국을 측정하고 인도의 환경 지속 가능성 이니셔티브에 대한 투자를 통해 이를 상쇄합니다.",,"['티', '차', '선물', '차이', '인도', '허브', '마살라']"
식음료,식음료 선물,차 선물,,B0BJJTF5C7,"Gya Tea Co 녹차 포드 버라이어티 팩 - 큐리그 카밍 티 K 컵 - 큐리그 2.0 및 1.0용 녹차, 하이 마운틴, 자스민 및 우롱 K 컵 녹차 포드",Gya Tea Co,19376,19376,4.4,507.0,"녹차 K-컵 컬렉션. Keurg 컬렉션을 위한 녹차 k 컵으로 스트레스를 풀고 긴장을 푸세요. keurig용 티 포드는 다음과 같습니다: 녹차, 하이 마운틴 티, 자스민 차 및 우롱 녹차. 모든 커피 메이커에 적합하므로 번거로움 없이 차를 즐기세요. 진정 K 컵 녹차. Keurig용 녹차 k 컵은 진정 녹차와 신선하고 꽃 같은 맛을 제공하는 하이 마운틴 녹차가 함께 제공됩니다. Keurig 녹차 K컵은 부드러운 투명도를 위해 순한 카페인이 함유되어 있습니다. k 컵 자스민 녹차로 신선함이 터집니다. 당사의 버라이어티 팩에는 우롱 차 k 컵과 K 컵 자스민 녹차가 함께 제공됩니다. 모든 녹차 포드는 순한 카페인이 함유되어 부드럽게 살아납니다. 완벽한 브루잉을 만드세요. keKeurig 2.0용 k 컵 티 포드는 완벽한 차 의식을 만듭니다. 간단하고 지저분해지지 않는 디자인으로 차를 보호하고 모든 Keurig 기계와 호환됩니다. K-Cup 포드를 브루어에 넣고 '브루'를 눌러 차분한 맛을 즐기세요. 차 의식을 점화하는 맛. 캐주얼하고 노련한 애호가 모두를 위한 k 컵 티 포드 컬렉션은 녹차와 홍차 모두 제공됩니다. 엄선된 셀렉션 중에서 선택하여 맛과 순간을 맛보세요. 모든 일상 의식에 적합합니다. 프리미엄 수확, 프리미엄 큐리그 티 캡슐. 엄격한 표준을 준수하는 당사의 전문 약초 전문가들은 전 세계의 신뢰할 수 있는 농장에서 최고의 차를 직접 선택합니다. 최고의 품질을 위한 최고의 재료로 최고의 차 포드 버라이어티 팩을 제공합니다. 인공 성분 없음. Gya Tea Co' Keurig Tea K-Cups는 엄선된 천연 차와 허브로 만들어져 일상적인 의식에서 건강에 좋은 차 경험을 제공합니다. 빈 포드를 껍질을 벗기고 비우고 재활용하여 지구를 푸르게 유지하세요.",,"['녹차', '컵', '차', '포드', '티', '맛', '최고', '자스민', '의식', '버라이어티']"
식음료,식음료 선물,차 선물,,B0867DGNBS,"Stash 티백 버라이어티 팩 박스 - 허브 및 카페인 프리 샘플러 선물 세트 - 60개, 20가지 맛",GARDEN ORGANIKA FOOD FOR LIFE,48405,48405,4.7,291.0,"선택할 수 있는 60가지 맛있는 티백 - 한 번에 20가지 맛을 모두 시도해보세요. 골든 터메릭 차이 한 잔을 아침에 시작하거나 취침 전에 긴장을 풀기 위해 카모마일 차를 원하든, 당사의 차 버라이어티 팩은 품질과 선택을 제공합니다 프리미엄 티 가든에서 따온 제품 - 자연이 제공하는 최고를 가파르고 즐기세요. 당사의 허브 티 샘플러는 20가지 맛있는 맛을 특징으로 하므로 최고급 차 블렌드를 맛볼 수 있습니다 천연 GMO 프리 식물성 블렌드 - 인기 있는 차 포장은 종종 GMO 옥수수에서 유래한 플라스틱으로 구성됩니다. 당사의 티 패킷에는 플라스틱이 없으며 지속 가능한 표백되지 않은 천연 섬유와 GMO 프리 면 스트링으로 제작되었습니다. 모든 성분에 GMO가 없다는 것을 알고 쉽게 마실 수 있습니다 맛있고 카페인 프리 - 이 티 컬렉션의 모든 허브 티는 카페인이 없으므로 낮이나 밤에 한 잔을 즐길 수 있습니다 차 애호가를 위한 훌륭한 선물 - 이 티 샘플러 세트는 비건 가죽과 벨벳 원단으로 만든 재사용 가능한 매력적인 박스 보관함이 함께 제공됩니다. 차 모음 선물 상자로 인생에서 차를 마시는 사람에게 선물하세요",,"['차', '티', '프리', '선물', '카페인', '허브', '샘플러', '맛있다', '맛', '가능하다']"
식음료,식음료 선물,차 선물,,B08LVZV78R,"VAHDAM, Weekend in Paris 차 선물 세트 - 9가지 다양한 차 | 여행 에디션 선물 상자 | 천연 성분 럭셔리 티 세트 | 글루텐 프리, GMO 프리 | 여성용 선물, 남성용 선물, 그/그녀를 위한 선물",VAHDAM,34611,34611,4.6,375.0,"파리 여행 에디션 선물 상자 - 파리 여행 에디션 선물 상자로 파리의 매혹적인 세계로 들어가세요. 즐거운 주말 파리 차 선물 세트. 신중하게 선별된 이 컬렉션은 빛의 도시의 장엄한 본질을 포착하면서 럭셔리 선물의 전형에 빠져보세요. 이 세트의 한 모금은 낭만적이고 세련된 파리 거리를 여행하는 여권으로, 상징적인 도시의 매력과 매력을 불러일으킵니다. 파리지앵의 우아함을 경험하세요 - 독점적인 루스 리프 티 선물 세트로 파리의 우아함을 맛보세요. 도시의 매력을 포착하는 9가지 방부제 프리 블렌드를 선보입니다. 풍부한 초콜릿 바닐라, 플로럴 블루밍 로즈, 풍미 있는 얼 그레이 시트러스, 강황 사프란 허브 티, 바닐라 차이 스파이스 홍차, 카슈미르 카와 차이 스파이스 녹차, 얼 그레이 스파이스 마살라 차이, 강황 카모마일 허브 티 티산, 히비스커스 로즈 허브 티를 즐기세요. 파리의 매력을 구현하는 완벽한 선물인 엄선된 셀렉션으로 차 경험을 향상시키세요. 10억 개의 꿈을 가진 브랜드 - VAHDAM India는 인도 최대의 디지털 네이티브 글로벌 브랜드 중 하나로, 130개 이상의 국가에서 3백만 명 이상의 고객에게 배송됩니다. 사람과 지구에 대한 강한 헌신을 가진 가정에서 재배한 지속 가능한 라벨로 인도 최고의 차, 브루 웨어, 향신료 및 허브를 전 세계 소비자에게 제공하는 것을 목표로 합니다. 윤리적, 직접적, 공정거래 - 당사의 혁신적인 공급망 모델은 가장 신선한 차 한 잔을 얻을 수 있도록 보장하며 농부들은 농산물에 대해 더 나은 가격을 얻을 수 있습니다. 수익의 1%는 우리의 사회적 이니셔티브인 Teach Me를 통해 차 재배자의 자녀 교육으로 전환됩니다. 단순히 이 열망을 존중하고 싶습니다. 저희는 사람과 지구를 돌봅니다 - 저희는 이제 자랑스럽게 탄소 중립적이고 플라스틱 중립 브랜드입니다. 당사는 전체 탄소 및 플라스틱 발자국을 측정하고 인도의 환경 지속 가능성 이니셔티브에 대한 투자를 통해 이를 상쇄합니다.",,"['선물', '차', '파리', '티', '허브', '매력', '여행', '스파이스', '상자', '도시']"
식음료,식음료 선물,차 선물,,B0B9HWK9CM,"휴대용 주전자 포함 유기농 차 선물 세트 - 25피스 차 애호가 선물 바구니 | 여성 또는 남성을 위한 생일 선물 | 엄마 어머니, 선생님, 우정, 잘 지내기, 동료를 위한 선물",What-a-Surprize,96936,96936,4.4,121.0,"[최고의 차 선물 세트] - 이 올인원 선물 세트로 자신, 친구 또는 사랑하는 사람에게 최고의 차 경험을 선사하세요. 차 애호가가 필요로 하는 모든 것이 포함되어 있으며, 선물 태그가 달린 새틴 선물 가방에 편리하게 포장됩니다. 이 세트에는 10가지 유기농 차, 꿀 스틱, 이중 단열 티 머그잔, 휴대용 주전자 및 차 액세서리가 포함되어 있습니다. 완벽한 컵파를 위해 필요한 모든 것! [휴대용 주전자] - 휴대용 여행용 차 주전자로 뜨거운 음료 게임을 한 단계 업그레이드하세요! 집, 사무실 또는 이동 중에도 이 환상적인 주전자를 사용하면 언제 어디서나 물을 끓일 수 있습니다. 간단히 물을 채우기만 하면 (최대 라인 아래) 몇 분 안에 뜨거운 물로 맛있는 차, 커피, 수프 또는 핫초콜릿을 만들 수 있습니다. 차나 커피 애호가가 좋아할 독특하고 사려 깊은 선물. [스테인리스 스틸 찻잔] - 355ml(12온스) 이중 레이어 진공 단열 스테인리스 스틸 찻잔으로 스타일리시하게 마시세요! 음료의 온도를 보존하도록 설계된 프리미엄 찻잔으로 차를 최대 3시간 동안 뜨겁거나 차갑게 유지하세요. BPA 프리 슬라이딩 씰 뚜껑으로 흘리지 않고 이동 중에도 차를 마실 수 있습니다. 그리고 작업이 끝나면 식기 세척기 사용이 가능하므로 세척이 간편합니다. 차 애호가를 위한 업그레이드된 티타임 경험! [맛있는 꿀 스틱] - 미국에서 공급한 유기농 A 등급 꿀 스틱은 선물 리본으로 감싸져 있으며 디럭스 티 선물 세트에 우아함과 품격을 더합니다. [다양한 유기농 차] - 이 선물 세트에는 10가지 맛의 유기농 차 샘플러가 포함되어 있어 발견하고 즐길 수 있습니다. 자스민 그린, 민트, 마살라 차이, 얼 그레이, 히비스커스 베리, 레몬그라스, 카모마일, 그린, 블랙 & 바닐라 루이보스 유기농 티툴리아 티에서 취향에 맞는 맛을 찾을 수 있습니다. 각 차는 신중하게 선택되고 혼합되어 최고의 맛과 향을 제공합니다. 차 애호가 또는 다양한 차를 시도하려는 모든 사람에게 적합합니다. [차 액세서리] - 스테인리스 스틸 티 집게와 찻주전자 티 코스터가 세트에 포함되어 있어 차 마시는 경험을 향상시킵니다. 이 고품질 액세서리는 차를 쉽고 즐겁게 다루고 서빙할 수 있도록 설계되어 한 모금마다 기억에 남는 음료가 될 수 있습니다. [맞춤 선물] - 맞춤형 선물 메시지 옵션으로 개인적인 터치를 추가하여 선물을 더욱 특별하게 만드세요. 결제 중에 새틴 선물 가방 및 선물 태그와 함께 선물에 포함될 선물 메시지를 입력할 수 있습니다. 특별한 여성이나 남성을 위한 생일 또는 기념일 선물, 또는 동료를 위한 티 바스켓 선물 세트로 만드세요. 이 럭셔리 선물은 차 애호가를 미소짓게 할 것입니다!",,"['선물', '차', '유기농', '티', '애호가', '주전자', '휴대']"
식음료,식음료 선물,차 선물,,B09B8W3PPF,"Tea and Cookies 선물 세트 - 차 애호가 여성 및 남성을 위한 차 선물 세트 - 티백 25개, 5가지 맛, 바삭한 벨기에 쿠키 풀 패키지, 순수 꿀 빨대 스틱 25개, 414ml(14온스) 화이트 비스트로 머그",PINKCITRUS MARKETPLACE,55386,55386,4.1,27.0,"디럭스 티 앤 쿠키 52피스 선물 세트 구성 - 5가지 독특한 맛의 유기농 피치 그린, 얼 그레이, 카모마일, 차이 바닐라 캐러멜, 유기농 잉글리시 브렉퍼스트, 여과되지 않은 순수 미국 천연 꿀 스틱 25개, 풀 사이즈(249.5g(8.8온스) 비건 친화적인 벨기에 쿠키 패키지 1개, 대형 화이트 1개 396.9 따뜻한 차를 위한 손 보온 세라믹 머그잔. 연중 시기와 현재 재고 문제에 따라 대체품이 적용될 수 있습니다. 용도 - 누군가에게 당신이 얼마나 신경을 쓰는지 보여줄 수 있는 사려 깊은 방법이 필요하거나 친구 및 사랑하는 사람과 시간을 보내기에는 너무 멀리 떨어져 있습니다. 디럭스 차와 쿠키 선물 세트를 보내는 것이 차선책입니다. 하루를 시작하기 위해 카페인, 오후를 위한 가벼운 간식, 저녁을 위한 편안한 허브 티가 필요하든, 이 다양한 차 선물 상자는 받는 사람을 기쁘게 할 것입니다. 당신을 위해 준비된 휴일 선물 - 사무실 동료, 그와 그녀를 위한 선물 또는 엄마와 아빠, 할머니, 할아버지와 같은 친척을 위해 구입하기 어려운 선물. 언박싱 선물은 매우 재미있을 수 있습니다! 그러니 자신을 마음껏 대접하세요! 셀프 케어는 매우 중요합니다 도착 - 차 선물 세트는 추가적인 보호 기능을 제공하기 위해 장식용 필러가 있는 튼튼한 골판지 상자에 담겨 배송됩니다. 관심 있는 사람에게 보여주기 위해 PINKCITRUS MARKETPLACE 제품을 고려해 주셔서 감사합니다. 미국에서 배송 및 조립. 선물 옵션 - 결제 시 ""선물 메시지"" 옵션을 확인하여 맞춤형 메시지를 추가하는 것을 잊지 마세요.",,"['선물', '차', '쿠키', '패키지', '맛', '메시지', '디럭스', '미국', '추가', '유기농']"
식음료,식음료 선물,차 선물,,B0CG9Z28TV,TETWIN 유기농 블루밍 티 플라워 티 볼 6개 USDA 수제 천연 홍차 잎 및 식용 꽃 차 애호가를 위한 선물,TETWIN,22146,22146,4.2,190.0,"【신선하고 식용 가능한 꽃】TETWIN 블루밍 티 선물 세트에는 자스민, 카네이션, 금잔화 꽃, 백합과 같은 다양한 꽃이 포함되어 있으며 아침에 가장 신선한 꽃이 피는 순간에 수확됩니다. TETWIN 천연 꽃차는 맛이 매력적이며 설탕이 없고 인공 색소가 없으며 인공 향료가 없습니다. 【모든 통에 6가지 독특한 블루밍 티 품종】 각 꽃다발은 숙련된 차 장인이 손으로 묶고 신선함을 보호하기 위해 밀폐 파우치에 밀봉되어 있습니다. TETWIN 블루밍 티 세트는 다양한 맛과 독특한 꽃 모양을 제공하여 꽃이 피는 것을 즐길 수 있습니다 【만개를 즐기는 팁】 꽃을 완벽하게 전시하기 위해 투명 유리 찻주전자 또는 유리 컵을 사용하는 것이 좋습니다. 담수를 100°C/222°F로 가열합니다. 끓는 물을 피는 차(약 10.2cm/4인치) 위에 붓습니다. 찻꽃이 완전히 열릴 때까지 보통 5-10분 동안 우려냅니다. 원하는 경우 감미료를 저어주세요. 각 티 플라워는 최대 3회 우려낼 수 있습니다 【다양한 상황에 적합】커피와 비교했을 때, 차는 수많은 건강상의 이점을 고려할 때 매우 좋은 대안입니다. TETWIN 블루밍 티 세트는 가정과 사무실에서 개별적으로 사용할 수 있습니다. 티 파티 및 다양한 모임에서 가족 및 친구들과 공유하기에 완벽합니다 TETWIN 수십 년 동안 차 산업에 종사해 왔으며 수년 동안 자체 티 가든에서 전 세계 많은 유명 브랜드를 위해 고품질의 블루밍 티 제품을 공급해 왔습니다. 문제가 있을 경우 주저하지 마시고 저희에게 연락해 주시면 100% 만족스러운 해결책을 찾을 수 있습니다!",,"['티', '꽃', '블루', '신선하다', '차', '천연', '완벽하다', '독특하다', '식용', '유리']"
식음료,식음료 선물,차 선물,,B089WWLZ2V,TWG Tea | 자스민 퀸 티 | 녹차 | 스위트 레몬 & 로즈 | 손으로 꿰매는 면 티백 15개 | 선물 세트,TWG Tea,34625,34625,4.7,237.0,"녹차의 생생한 혼합은 감각을 깨우고 달콤한 레몬 노트와 고귀한 장미의 힌트로 섬세하게 균형을 이룹니다. 하루 중 언제든지 평화로운 탐닉을 위해 섬세하게 제작된 이 정교한 녹차의 즐거운 맛을 즐기세요. 주입 방법: 한 티백에 95°C 물을 붓고 한 컵에 4-5분 동안 주입하거나 작은 찻주전자의 경우 5-7분 동안 주입합니다. 티백을 제거하면 맛있는 차 한 잔을 제공할 준비가 됩니다. 손으로 바느질한 100% 면 티백은 잎차 전체가 풍부하고 독특한 향기를 개발하고 주입 중에 확장할 수 있는 충분한 공간을 제공합니다. TWG Tea 세계에서 가장 유명한 지역의 단일 부동산, 훌륭한 수확 및 독점 차 블렌드의 가장 큰 목록을 제공하며 탁월한 품질의 과일, 꽃 및 향신료와 혼합됩니다.",,"['티백', '주입', '녹차', '차', '손', '레몬', '혼합', '섬세하다']"
식음료,식음료 선물,차 선물,,B002RTA2LO,"Bag Ladies Tea Girlfriends Tea Tin, 25 teabags of English 아침식사 차",Bag Ladies Tea,17312,17312,4.6,66.0,재미있고 사려 깊은 인용문이 있는 25개의 개별 태그 티백 차 애호가를 위한 완벽한 선물 여자친구 선물로 좋습니다 매력적인 포장 재미있는 파티 선물,"Bag Ladies Tea 는 여성으로서 공유하는 기이한 기쁨과 자매애를 기념하는 전문 차 회사입니다. 우정, 결혼, 모성 또는 직업에 관계없이 잉글리시 브렉퍼스트 티 25봉지는 삶의 일상적인 딜레마와 즐거움을 '가파르게' 하면서 위안을 제공하는 통찰력 있고 유머러스한 인용문으로 태그가 붙어 있습니다.","['선물', '차', '재미있다', '인용문', '태그', '회사', '아침식사', '삶', '사려', '파티']"
식음료,식음료 선물,차 선물,,B0C343B1GQ,"British Biscuits 쿠키 버라이어티 팩, 잉글리시 브렉퍼스트 티 선물 세트 포함 | 애프터눈 티 - 영국 수입",House of Gifts,48461,48461,5.0,1.0,"차와 쿠키 애호가를 위한 사려 깊은 선물인 이 영국식 차 선물 바구니에는 맛있는 간식이 포함되어 있습니다. 전통적인 티 타임 경험을 위해 포함된 영국식 비스킷과 보존 식품으로 클래식한 영국식 아침 식사 차 한 잔을 즐기세요. 차와 쿠키 선물 세트는 매력적인 티 틴으로 제공되어 나중에 차를 보관할 때 재사용할 수 있습니다. 아침, 애프터눈 티 또는 아늑한 저녁에 완벽한 이 선물 세트는 다재다능하고 즐거운 선물이 됩니다. 영국에서 가장 사랑받는 차와 간식 옵션이 포함된 이 작은 차 선물 세트로 영국의 맛을 공유하세요.","""영국식 차 선물 세트로 즐거운 영국 차 경험을 즐기세요. 당사의 선물 바구니에는 영국 비스킷 상자, 선물 보존 식품 병, 영국식 아침 식사 차 틴 등 클래식한 티타임 간식에 필요한 모든 것이 포함되어 있습니다. 차와 쿠키 선물 세트는 매력적인 티 틴으로 제공되어 나중에 차를 보관할 때 재사용할 수 있습니다. 당사의 차 선물 세트는 사랑하는 사람을 위한 아침 식사 바구니 선물 세트이든 차 한 잔과 함께 아늑하게 지내는 것을 좋아하는 친구를 위한 뜨거운 차 선물 바구니 등 모든 상황에 적합합니다. 클래식한 영국식 아침 식사 차 외에도 당사의 선물 세트에는 차가 들어간 쿠키와 전통적인 영국식 차 비스킷을 포함한 다양한 영국 간식과 쿠키가 포함되어 있습니다. 이 작은 차 선물 세트는 차 애호가 또는 영국 음식과 간식을 좋아하는 모든 사람에게 사려 깊고 독특한 선물입니다. 당사의 차 선물은 생일 선물부터 동료를 위한 감사 선물까지 모든 상황에 적합합니다. 차와 쿠키 선물 세트로 사랑하는 사람 및 친구들과 영국의 맛을 공유할 수 있습니다. 뜨거운 차 선물 바구니나 영국식 차 선물 세트를 찾고 계신다면, 당사의 차 선물 셀렉션은 깊은 인상을 줄 것입니다.""","['차', '선물', '영국', '쿠키', '티', '아침', '간식', '바구니']"
식음료,식음료 선물,차 선물,,B08RJ728M5,"KKOKDAM 차 선물 세트 - 시베리아 국화 차 - 잎차 세트, 피는 차 꽃, 한국 차 세트, 독특한 차 선물, 멋진 차 세트, 한국 선물 세트 - 5개입",KKOKDAM,45691,45691,4.4,139.0,"당사의 공정: 저희 플라워 티 스틱은 줄기에 부착된 꽃을 수확하고 발효시켜 만듭니다. 티백처럼 쉽게 추출할 수 있지만 뜨거운 물에 꽃이 다시 피어나는 것처럼 미학적으로 독특합니다. 총 120시간은 꽃이 만발한 차 세트를 수작업으로 제작합니다. 차 애호가를 위한 훌륭한 선물: 한국산 값비싼 차와 함께 평화로운 차 경험을 위한 최고의 차인 여성과 남성을 위한 차 애호가 선물. 당사의 독특한 디카페인 티 컬렉션 선물은 계절 차 샘플러가 될 수 있으며 미묘한 맛의 한국 차 선물로 평온함을 제공합니다. 여성용 고급 차 선물 세트에는 음료를 위한 식용 꽃이 포함되어 있으며 차 애호가를 위한 훌륭한 선물입니다. 어머니의 날을 위한 독특한 어머니의 날 티 세트. 비건 및 할랄: 웰니스 티 유기농 옵션의 두 가지 건강상의 이점을 맛보십시오. 허브 차와 마찬가지로 당사의 꽃차 음료는 모든 아침 식사 및 독특한 식이 요구 사항과 짝을 이룰 수 있습니다. 디카페인 차 선물 바구니는 차 선물 바구니 샘플러 제품으로 집에서 피는 차 꽃의 고급스러움을 경험하기에 적합합니다. 꽃차가 피고 눈앞에서 자라는 것을 지켜보세요. 어머니의 날을 위한 차 선물 세트. 카페인 없음: 자스민 녹차, 얼 그레이 티, 잉글리시 홍차와 달리, 당사의 모든 뜨거운 차에는 카페인이 없습니다. 당사의 유기농 티백, 티 버라이어티 팩, 티백 세트 및 아시아 티 선물 상자 품종은 페퍼민트 차, 민트 티, 라벤더 차, 허브 티 샘플러 제품과 같은 낮이나 밤에 즐길 수 있습니다. 티백 샘플러로 아이스 티백처럼 뜨겁거나 차갑게 피는 디카페인 티 플라워를 즐기세요. 어버이날 선물용 차 세트. 다양한 선택: 저희 플라워 티 키트 옵션은 디카페인 티백, 잎차 샘플러 선물 세트 박스, 과일 티백, 핫 티백 등으로 제공됩니다. 저희는 과일 맛 티백의 일부로 시트러스 과일 차와 많은 꽃의 차 샘플 옵션을 제공합니다. 유기농 차 선물 세트와 꽃이 만발한 티 박스 선물 세트 선택으로 세계의 영어 차 애호가들에게 다가갈 수 있어 기쁩니다. 어머니의 날 차 선물 세트 어머니의 날.",,"['차', '선물', '티', '티백', '꽃', '독특하다', '어머니', '샘플러']"
식음료,식음료 선물,차 선물,,B0BTTPTWJC,"Kusmi Tea - 유기농 차 선물 세트 - 샘플러 모음 버라이어티 박스 - 남성 및 여성용 선물 아이디어 - 녹차, 허브 티, 디톡스 티 - 6가지 레시피 선택 - 티백 24개 - Kusmi 웰니스 세트",KUSMI TEA,31841,31841,4.5,12.0,"✅유기농 차와 인퓨전의 모음: Kusmi Tea의 6가지 맛있는 유기농 레시피로 하루 종일 휴식과 평온의 순간을 즐겨보세요. Les Bien-être 세트는 필수 맛을 발견하는 데 이상적입니다. Kusmi Tea 선물 세트는 모든 차와 주입 애호가를 위한 오리지널 선물입니다. ✅디톡스, BB 디톡스 및 블루 디톡스: 이 세 가지 상징적인 블렌드로 쿠스미 티 하우스의 노하우에 매료되세요. 레몬 라임, 자몽, 파인애플의 과일 향을 좋아하는 팬에게 특히 적합하며 녹차와 메이트 베이스를 향상시킵니다. ✅달콤한 사랑, 부스트 및 시원한 주입: 향신료, 구아라나, 감초가 혼합되어 달콤한 사랑은 감각을 즐겁게 할 것입니다. 스파이시 부스트 블렌드는 녹차와 메이트를 계피, 카다몬, 생강과 결합하여 미뢰를 깨웁니다. 마지막으로, 조화의 순간을 위해 버베나, 페퍼민트, 감초, 사과를 함유한 테인 프리 Be Cool 인퓨전만큼 좋은 것은 없습니다. ✅유기농 및 책임감 - 22년, World Wide Fund의 자연 기금의 지침에 따라 당사의 차와 주입은 유기농으로 전환되었습니다. 이제 당사는 품질을 저하시키지 않으면서 가능한 한 환경적으로 책임감 있는 운영을 만들기 위해 노력하고 있습니다. ✅저희가 누구인지 - Kusmi Tea는 영구적인 혁명입니다. 모든 과일은 허용되며 모든 사람도 마찬가지입니다. 우리의 사명은 가능한 한 많은 사람들에게 최고의 유기농 차를 제공하여 초보자와 감정가를 보편적인 즐거움의 감정으로 통합하는 것입니다.","웰니스 티 24개 세트 - 향 차와 유기농 주입 모음 - 디톡스, 부스트, 스위트 러브 티 및 비 쿨 인퓨전, 48g","['유기농', '차', '디톡스', '티', '선물', '주입', '퓨전', '부스트', '녹차', '모음']"
식음료,식음료 선물,차 선물,,B07YQ149WZ,"Creano Tea Flowers Mix - 블루밍 티, 녹차, 과일 맛 (6가지 품종의 차 장미), 꽃이 만발한 차 세트",Creano,13836,13836,4.3,7952.0,"제안: 6가지 다른 차 장미가 포함된 차 꽃 세트 - 녹차. 진정한 차 애호가를 위한 당사의 제안은 매력적인 선물 상자에 담겨 제공됩니다. 특징: 각 블루밍 티 블라썸은 최대 3배까지 부을 수 있으므로 약 진정한 감정가를 위한 1.5L(50온스) 차 또한 티볼은 놀라운 과일 향이 납니다. 순한 녹차는 금잔화, 장미, 자스민 꽃, 히비스커스 및 엘더플라워로 달콤하게 보완됩니다. 높은 품질과 쓴 물질의 함량이 낮기 때문에 차는 긴 추출 시간을 견딜 수 있으며 확장된 시각적 경험을 보장합니다. 품질: Creano 블루밍 티는 최고 품질의 브랜드 제품입니다. 저희는 차의 품질, 꽃뿐만 아니라 기능과 외관을 매우 중요하게 생각합니다. 독일 차 협회의 회원으로서 당사는 최대한의 제품 안전을 지지하며 ""행동 강령""의 적용을 받습니다. 선물: 생일, 어머니의 날, 발렌타인 데이, 크리스마스 또는 부활절과 같은 여성을 위한 이상적인 선물입니다. 꽃다발과 달리, 티 플라워는 일반적으로 티볼이 냄비에서 열리자마자 어린이 같은 기쁨과 함께 큰 놀라움을 선사합니다. 만족 보장: 주저하지 마시고 저희에게 연락하십시오. 문제가 있을 경우 친절하고 유능한 고객 서비스를 마음대로 사용할 수 있으며 100% 만족스러운 해결책을 찾을 수 있습니다!",,"['차', '티', '꽃', '선물', '블루', '장미', '녹차', '티볼', '보장', '제안']"
식음료,식음료 선물,차 선물,,B08KG2ZD2G,"Creano Flowering Tea Abloom Tea - 블루밍 티 선물 세트, 세련된 나무 티 박스, 12개",Creano,34486,34486,4.5,5436.0,"제안: 12가지 다른 차 장미가 포함된 차 꽃 선물 세트 - 녹차 과일 맛. 진정한 차 애호가를 위한 당사의 제안은 선물 포장으로 매력적이고 고귀한 나무 상자에 제공됩니다. 특징: 각 블루밍 티 블라썸은 최대 3배까지 부을 수 있으므로 약 진정한 감정가를 위한 1.5L(50온스) 차 또한 티볼은 놀라운 과일 향이 납니다. 순한 녹차는 금잔화, 장미, 자스민 꽃, 히비스커스 및 엘더플라워로 달콤하게 보완됩니다. 높은 품질과 쓴 물질의 함량이 낮기 때문에 차는 긴 추출 시간을 견딜 수 있으며 확장된 시각적 경험을 보장합니다. 품질: Creano 블루밍 티는 최고 품질의 브랜드 제품입니다. 저희는 차의 품질, 꽃뿐만 아니라 기능과 외관을 매우 중요하게 생각합니다. 독일 차 협회의 회원으로서 당사는 최대한의 제품 안전을 지지하며 ""행동 강령""의 적용을 받습니다. 선물: 생일, 어머니의 날, 발렌타인 데이, 크리스마스 또는 부활절과 같은 여성을 위한 이상적인 선물입니다. 꽃다발과 달리, 티 플라워는 일반적으로 티볼이 냄비에서 열리자마자 어린이 같은 기쁨과 함께 큰 놀라움을 선사합니다. 만족 보장: 주저하지 마시고 저희에게 연락하십시오. 문제가 있을 경우 친절하고 유능한 고객 서비스를 마음대로 사용할 수 있으며 100% 만족스러운 해결책을 찾을 수 있습니다!",,"['차', '선물', '티', '꽃', '블루', '제안', '과일', '플라워', '티볼', '보장']"
식음료,식음료 선물,차 선물,,B0CLMFQX8S,"Tiesta Tea Holiday Advent Calendar 2023 - 24개의 잎차 블렌드, 한정판 선물 세트",Tiesta Tea,27686,27686,4.5,37.0,"24개의 개별 티 블렌드: Tea Advent Calendar로 일년 중 가장 멋진 시간을 기념하세요. 매일 새로운 티 블렌드를 공개하여 휴일 시즌에 따뜻함과 편안함을 한 번에 한 컵씩 더합니다. 각 티 블렌드의 독특함을 맛보면서 즐거운 기대를 가지고 휴일까지 카운트다운하세요. 핫 브루잉을 선호하든 아이스를 선호하든, 각 파우치는 1컵(226.8g(8온스) 컵을 담을 수 있어 충분히 즐길 수 있습니다. 독특한 어드벤트 캘린더 선물: 매 순간을 축하할 수 있도록 아름답게 디자인된 24일 재림절 달력의 마법을 풀어보세요. 매일 카운트다운에 마법을 더하는 서프라이즈 티 블렌드가 있습니다. 재미있는 캘린더 포장으로 연휴 시즌을 여행하는 이 여행은 독특하고 기대에 찬 경험입니다. 완벽한 차 선물 세트: 인생의 차 애호가들과 계절의 따뜻함을 공유하세요. 잎차 선물 상자 세트는 선생님, 상사, 이웃 또는 프리미엄 차의 선물을 좋아하는 모든 사람에게 완벽한 선택입니다. 크리스마스, 하누카, 생일 등과 같은 행사에 이상적입니다. 아늑하고 맛있는 차를 선물하세요. 올바른 차 찾기: Tiesta Tea는 차 선택 과정을 단순화하는 것을 믿습니다. 당사는 5가지 기능 카테고리를 제공하며, 각각 다양한 맛, 카페인 수준 및 건강상의 이점을 제공하므로 입맛과 선호도에 맞는 완벽한 차를 쉽게 찾을 수 있습니다. 적절한 홀리데이 차를 쉽게 찾을 수 있습니다. Tiesta Tea. LIVE LOOSE + 우리의 영향: 우리는 너무 진지하게 생각하지 않지만 환원하기를 진지하게 좋아합니다. Tiesta Tea Foundation을 통해 전 세계 지역 사회와 뒷마당에 자원과 안도감을 제공합니다",,"['차', '선물', '블렌드', '티', '완벽하다', '독특하다', '컵', '따뜻하다', '선호', '선택']"
식음료,식음료 선물,차 선물,,B0CH8HJRB2,"New English Teas The Coronation of HRH King Charles III 티 틴케이스, 영국식 아침 식사 티백 40개 포함",New English Teas,20761,20761,4.5,13.0,"킹 찰스 3세 티 틴은 금박 디테일과 엠보싱으로 완성된 고급스러운 기념 티 틴으로 찰스 왕의 대관식을 기념합니다 찰스 3세의 대관식 해를 기념하세요. 아침 컵파에 완벽한 티백으로 포장된 이 호화로운 티 틴입니다 글루텐 프리 채식주의자, 비건, 무설탕 티백은 100% 무표백 펄프와 열 밀봉만 포함되어 있습니다",킹 찰스 3세가 특징인 기념 티 틴. 왕족으로서 평생 찰스 왕의 사진을 묘사합니다. 완벽한 데일리 브루인 잉글리시 브렉퍼스트 티백 40개가 포함되어 있습니다.,"['티', '찰스', '기념', '티백', '완벽하다', '왕', '킹', '아침', '대관식']"
식음료,식음료 선물,차 선물,,B09MDN7L1B,"차 애호가를 위한 차 선물 세트 - 독특한 맛의 차 12개, 천연 꿀 빨대 및 아름다운 이중 단열 텀블러 컵 포함",SNACK MALL,41536,41536,4.5,86.0,"내구성이 뛰어나고 세련된 선물 상자에 우아하게 전시된 정교한 차 선물 세트로 궁극의 차를 경험하십시오. 차 애호가를 위한 SNACK MALL 티 선물 세트는 355ml(12온스) 단열 텀블러, 12가지 독특한 맛의 블렌드로 구성된 차 샘플러 컬렉션, 12개의 순수 꿀 빨대가 특징입니다. 차를 좋아하는 여성과 남성에게 이상적인 차 선물이며, 사려 깊은 Get well soon 케어 패키지로 사용할 수 있습니다. 당사의 티 텀블러 선물 세트는 이중벽 진공 단열 텀블러가 특징이며, 음료를 3시간 동안 따뜻하게, 9시간 동안 차갑게 유지하며, 즐거운 꿀과 함께 제공됩니다. 텀블러는 18/8 식품 등급 스테인리스 스틸로 만들어졌으며 BPA 프리 뚜껑이 특징입니다. 티 박스 선물 세트 텀블러는 견고하고 비산 방지 기능이 있으며 아름답게 광택 처리된 내부로 수년 동안 녹이 슬지 않습니다 허브, 홍차 및 녹차의 12가지 독특한 블렌드를 보여주는 티 샘플러 선물 세트로 맛의 세계를 발휘하세요. 또한, 편리함과 안전을 더하기 위해 12개의 개별 포장된 미국 등급 A 천연 순수 꿀 빨대를 찾을 수 있습니다. SNACK MALL은 의심스러울 때 차를 만들 것이라고 믿습니다. 당사의 차 샘플러는 다양한 차와 다양한 맛을 특징으로 하는 성인에게 이상적인 선물입니다. 엄마, 할머니 또는 특별한 선물이 필요한 모든 사람에게 완벽한 선물입니다. 저희 차 선물 세트는 멋진 고품질 상자에 담겨 제공되어 정말 탁월한 선물이 됩니다. 상자 안에서 받는 사람은 맛볼 수 있는 12가지 독특한 맛의 차를 발견하게 될 것입니다. 충전하고 활력을 주는 따뜻한 차 한 잔으로 높은 음으로 하루를 시작하는 완벽한 방법입니다. 저희 티 키트는 생일, 발렌타인 데이, 크리스마스 또는 기타 특별한 휴일 등 모든 축하나 이벤트를 위해 우아하게 제작된 정교한 선물입니다. 차 선물 바구니가 손상되거나 기대에 미치지 못하는 경우 100% 만족 보장을 제공합니다.",,"['차', '선물', '텀블러', '티', '맛', '독특하다', '특징', '꿀', '빨대', '단열']"
식음료,식음료 선물,차 선물,,B08KFDKW72,Creano Tea Flowers Mix 6피스 세트 블루밍 티 녹차 우아한 자석 상자에 실버 엠보싱,Creano,22021,22021,4.4,3994.0,"제안: 6가지 다른 차 장미가 포함된 꽃차 선물 세트 - 녹차 과일 맛. 진정한 차 애호가를 위한 당사의 제안은 선물 포장으로 매력적이고 고귀한 나무 상자에 제공됩니다. 특징: 각 블루밍 티 블라썸은 최대 3배까지 부을 수 있으므로 약 진정한 감정가를 위한 1.5L(50온스) 차 또한 티볼은 놀라운 과일 향이 납니다. 순한 녹차는 금잔화, 장미, 자스민 꽃, 히비스커스 및 엘더플라워로 달콤하게 보완됩니다. 높은 품질과 쓴 물질의 함량이 낮기 때문에 차는 긴 추출 시간을 견딜 수 있으며 확장된 시각적 경험을 보장합니다. 품질: Creano 블루밍 티는 최고 품질의 브랜드 제품입니다. 저희는 차의 품질, 꽃뿐만 아니라 기능과 외관을 매우 중요하게 생각합니다. 독일 차 협회의 회원으로서 당사는 최대한의 제품 안전을 지지하며 ""행동 강령""의 적용을 받습니다. 선물: 생일, 어머니의 날, 발렌타인 데이, 크리스마스 또는 부활절과 같은 여성을 위한 이상적인 선물입니다. 꽃다발과 달리, 티 플라워는 일반적으로 티볼이 냄비에서 열리자마자 어린이 같은 기쁨과 함께 큰 놀라움을 선사합니다. 만족 보장: 주저하지 마시고 저희에게 연락하십시오. 문제가 있을 경우 친절하고 유능한 고객 서비스를 마음대로 사용할 수 있으며 100% 만족스러운 해결책을 찾을 수 있습니다!",,"['차', '선물', '티', '녹차', '블루', '티볼', '진정하다', '보장', '장미', '제안']"
식음료,식음료 선물,차 선물,,B0BDWTTGD4,"Kusmi Tea - 컬렉션 선물 세트 - 상징적인 Kusmi 레시피 15개(각 25.5g(0.9온스) + 필터 100개 + 티 스푼 1개 - 유기농 블랙, 그린, 화이트 & 허브 티 - 여성 및 남성을 위한 선물 아이디어",KUSMI TEA,166186,166186,4.9,18.0,"✅ 선물 세트 - 컬렉션 선물 세트에는 미니 틴에 담긴 15개의 루즈 티, 티 필터 100개 상자, 티스푼이 포함되어 있습니다. 발견하거나 다른 사람이 발견하도록 돕는 데 이상적입니다. Kusmi Tea. ✅ 시그니처 티 - 5가지 클래식 차를 맛보세요. 아나스타샤, 레몬이 든 홍차, 블라디미르 왕자, 자몽 + 라임이 들어간 홍차, 상트페테르부르크, 베리 맛 홍차, 매운 홍차인 카슈미르 차이; 임페리얼 라벨, 향신료가 든 녹차. 그린 & 웰니스 블렌드 - 로즈, 자스민, 스피어민트, 생강 레몬 4가지 맛의 녹차와 과일 허브 티인 AquaRosa, 5가지 웰니스 블렌드: 디톡스, BB 디톡스, 스위트 러브, Be Cool & Blue Detox가 포함되어 있습니다. ✅ 책임감 있는 포장: 저희 티백은 재활용 가능한 모슬린 티백을 사용합니다. 당사의 루즈 티는 리필 가능하고 재활용 가능한 금속 틴에 포장되어 최고의 신선함과 보호 기능을 제공합니다. 모든 Kusmi Tea 제품은 프랑스 노르망디에서 준비 및 포장됩니다. ✅ 저희가 누구인지 - Kusmi Tea는 영구적인 혁명입니다. 모든 과일은 허용되며 모든 사람도 마찬가지입니다. 우리의 사명은 가능한 한 많은 사람들에게 최고의 유기농 차를 제공하여 초보자와 감정가를 보편적인 즐거움의 감정으로 통합하는 것입니다.",,"['티', '가능하다', '선물', '홍차', '포장', '사람', '최고', '발견', '맛', '웰니스']"
식음료,식음료 선물,차 선물,,B00VIDY1GC,"VAHDAM, 다양한 티 선물 세트 - 블러시 (90g, 89.9g(3.5온스)) - 럭셔리 티 선물 상자에 담긴 차 3개 | 여성용 차 선물 세트 | 그녀를 위한 선물",VAHDAM,27686,27686,4.6,3903.0,"여성 및 여아를 위한 최고의 선물 - 수상 경력에 빛나는 차로 채워진 3개의 골드 틴 캐디가 있는 그녀를 위한 독점 선물입니다. 고급 선물 상자에 담겨 제공됩니다. 모든 사람과 모든 행사를 위한 완벽한 선물 세트. 독특한 차 선물 - 사랑하는 사람에게 웰빙과 영양을 선물하세요. 생일, 기념일 및 기타 특별한 날을 위한 완벽한 선물입니다! 10억 개의 꿈을 가진 브랜드 - 23세의 4세대 차 기업가가 인도에서 설립한 VAHDAM Teas는 수상 경력에 빛나는 수직 통합 차 브랜드로 인도에서 가장 신선한 찻잎을 100개국 이상에 제공합니다. 차 산업은 인도에서 가장 큰 육체 노동 고용주 중 하나입니다. 성공적인 가정 재배 브랜드는 장기적으로 수백만 명의 차 근로자를 강화하는 데 도움이 됩니다. 윤리적, 직접 및 공정 무역?,? 진정한 - 당사의 혁신적인 공급망 모델은 가장 신선한 차 한 잔을 얻을 수 있도록 하며 농부들은 농산물에 더 나은 가격을 얻을 수 있도록 합니다. 수익의 1%는 차 재배자의 아이들의 교육으로 리디렉션됩니다. 저희 농부들은 다른 부모와 마찬가지로 자산이 그들보다 더 나은 삶을 갖기를 바랍니다. VAHDAM Teas에서 사회적 이니셔티브, TEAch Me, 단순히 이 열망을 존중하고 싶으신가요? 당사는 사람과 지구를 돌봅니다 - 당사는 현재 자랑스럽게 인증된 탄소 중성이자 플라스틱 중립 브랜드입니다. 당사는 전체 탄소 및 플라스틱 발자국을 측정하고 인도의 환경 지속 가능성 이니셔티브에 대한 투자를 통해 상쇄합니다. TEAch Me를 통한 교육을 위한 1% - 당사의 혁신적인 공급망 모델은 가장 신선한 차 한 잔을 얻을 수 있으며 농부들은 농산물에 더 나은 가격을 얻을 수 있도록 보장합니다. 또한, 수익의 1%는 차 재배자의 아이들의 교육으로 리디렉션됩니다. 저희 농부들은 다른 부모와 마찬가지로 자산이 그들보다 더 나은 삶을 갖기를 바랍니다. VAHDAM Teas에서 사회적 이니셔티브, TEAch Me는 단순히 이 열망을 존중하고 싶습니다.",,"['선물', '차', '인도', '농부', '교육', '신선하다', '이니셔티브', '재배']"
식음료,식음료 선물,차 선물,,B06XVHMY78,Tealyra - 블루밍 티 12개와 864.7g(30온스) 유리 찻주전자 세트 - 최고급 꽃차의 12가지 다양한 맛 - 모든 티볼 개별 밀봉 - 훌륭한 선물 블룸 티 박스,Tealyra,55386,55386,4.5,1468.0,"12가지 영광스러운 맛과 아로마. 차 세트는 재스민, 멜론, 딸기, 바나나, 파인애플, 블루베리, 리치, 망고, 패션 프루트, 바닐라, 허니 피치 및 얼 그레이와 같은 맛의 녹차, 블랙 및 화이트 티로 구성되어 있습니다. 각 티볼을 위한 개별 패키지. 브루잉을 위해 찻주전자에 넣었을 때 모든 향과 맛을 보존할 수 있는 최고의 차를 위해 각 티볼을 밀봉합니다. VEGA 900ml(300온스) 스토브탑 안전 찻주전자 - 주방에 추가할 수 있는 간단하고 사랑스러운 디자인 - 고온과 저온을 견딜 수 있는 가볍고 내구성이 뛰어난 유리인 붕규산 유리로 제작되었습니다. 귀중한 주방 카운터 공간을 절약하기 위해 좁은 피처 스타일로 디자인된 이 찻주전자는 자연스럽게 주방에 우아한 추가 아이템이 됩니다. 친구, 동료 및 가족을 위해 스타일리시하게 차를 제공하세요. 심플하고 우아합니다. 당사의 유리 찻주전자는 좁은 피처 스타일로 만들어져 귀중한 주방 카운터 공간을 절약합니다. 심플하고 우아한 모양은 유리로 ""통풍이 잘되는"" 현대적으로 보입니다. 인퓨저가 있는 이 유리 찻주전자는 모든 주방을 위한 아름다운 장식입니다. 차 선물 카톤 박스 12개의 꽃이 만발한 차와 유리 찻주전자 887.2-141.7g(30-5온스) 아름답게 포장된 티 박스는 친구와 가족, 지인에게도 훌륭한 선물입니다. 세련된 패키지에 다양한 취향을 가진 고품질 차 세트는 어떤 이유로든 훌륭한 선물 아이디어입니다.",,"['유리', '찻주전자', '차', '주방', '티', '맛', '선물', '훌륭하다', '박스', '티볼']"
식음료,식음료 선물,차 선물,,B08JSGFBTK,Tiesta Tea - 녹차 스타터 키트 | 프리미엄 루즈 리프 녹차 선물 세트 | 미디엄 카페인 차 | 핫 티 또는 아이스 티 만들기 | 잎차 샘플러 3개 및 일회용 차 필터 100개가 포함된 차 모음,Tiesta Tea,20705,20705,4.4,187.0,"루스 리프 티 스타터 키트: 프루티 파라다이스, 린 그린 머신, 차이니즈 자스민 및 베스트셀러 일회용 티 필터와 같은 팬들이 좋아하는 블렌드가 특징인 엄선된 컬렉션에 빠져보세요. 제공된 샘플은 크기가 다를 수 있으며 일반적으로 샘플 파우치의 경우 0.5~28.3g(0.5~1온스) 범위입니다. 각 파우치는 6~10컵을 추출하여 충분히 맛볼 수 있습니다. 프리미엄 루스 리프 블리스: 고품질의 풀 리프 차와 최고의 건강 강화 성분으로 제작된 프리미엄 블렌드는 차 경험을 재정의합니다. 이 차는 보고 냄새를 맡고 맛볼 수 있는 감각적인 즐거움입니다. 가장 잘 팔리는 티 인퓨저를 사용하면 매번 완벽한 머그잔을 쉽게 만들 수 있습니다. 완벽한 차 선물 세트: 인생의 차 애호가들과 계절의 따뜻함을 공유하세요. 당사의 녹차 선물 세트는 선생님, 상사, 이웃 또는 프리미엄 차 선물을 좋아하는 모든 사람에게 완벽한 선택입니다. 크리스마스, 하누카, 생일 등과 같은 행사에 이상적입니다. 아늑하고 맛있는 차를 선물하세요. 올바른 차 찾기: Tiesta Tea는 차 선택 과정을 단순화하는 것을 믿습니다. 당사는 5가지 기능 카테고리를 제공하며, 각각 다양한 맛, 카페인 수준 및 건강상의 이점을 제공하므로 입맛과 선호도에 맞는 완벽한 차를 쉽게 찾을 수 있습니다. 올바른 녹차 샘플러를 쉽게 찾을 수 있습니다. Tiesta Tea. LIVE LOOSE + 우리의 영향: 우리는 너무 진지하게 생각하지 않지만 환원하기를 진지하게 좋아합니다. Tiesta Tea Foundation을 통해 전 세계 지역 사회와 뒷마당에 자원과 안도감을 제공합니다",,"['차', '선물', '티', '완벽하다', '프리미엄', '리프', '녹차', '스타', '블렌드', '진지하다']"
식음료,식음료 선물,차 선물,,B0CPMBCK9R,London Sights 차 애호가를 위한 브리티시 티 틴 기념품 | 통 6개 및 영국 엽서 포함 | 영국 선물,House of Gifts,27686,27686,,,런던의 상징적인 명소 티 틴 6개와 영국 엽서 1개가 포함되어 있습니다! 차 틴 안에 루즈 리프 티가 포함되어 있습니다! 영국에서 온 완벽한 선물!,영국에서 온 완벽한 선물입니다. 차 틴 안에 루즈 리프 티가 포함되어 있습니다! 런던의 상징적인 명소 티 틴 6개와 영국 엽서 1개가 포함되어 있습니다!,"['영국', '티', '차', '엽서', '선물', '완벽하다', '상징', '명소', '리프', '루즈']"
식음료,식음료 선물,차 선물,,B07W7ZL8J7,"Octavius, 다양한 티 샘플러 선물 세트 (6가지 맛, 티백 60개) | 블랙 & 그린 티 샘플러 팩 | 리프 컷 디자인 나무 차 선물 세트 | 1팩",Octavius,33087,33087,4.2,491.0,"프리미엄 녹차 및 홍차 변형 포함 - 이 선물 상자에는 가장 인기 있는 프리미엄 녹차 3개와 홍차 3개가 포함되어 있습니다. 녹차 변형은 순수 녹차, 시나몬 아니스 녹차 및 레몬 녹차입니다. 각 녹차는 향기로운 브루를 완벽하게 만듭니다. 홍차 변형은 잉글리시 브렉퍼스트, 클래식 다르질링 및 인도 마살라 차이입니다. 홍차는 차와 차이 애호가에게 적합합니다. 차 애호가를 위한 완벽한 선물 - 우아한 선물로 포장된 이 다양한 차는 축제, 기념일, 생일, 결혼식 및 기업 선물로 적합하며 모든 행사에 고급스러움을 선사합니다. 훌륭한 맛과 향기 - 이 티백 모음의 각 차 변형은 놀라운 브루를 만듭니다. 각 차는 매혹적인 맛, 맛 및 향기로 독특한 이야기를 전달합니다. 간편한 추출 - 녹차 또는 홍차 티백을 200ml의 뜨거운 물(85°C)에 담그고 1-2분 동안 우려내기만 하면 됩니다. 뜨겁게 또는 아이스티로 서빙하세요. 감미료 또는 꿀은 맛에 따라 첨가할 수 있습니다. 클래식 포장 - 우아하고 클래식한 디자인 상자에 포장된 이 다양한 차는 어떤 경우에도 고급스러움을 선사합니다.","전문적으로 선별된 정원 신선한 홍차와 녹차의 프리미엄 모음입니다. 전통적인 모티프 프린트가 있는 우아하고 축제 분위기의 판지 선물 상자에 포장된 이 모음은 프리미엄 선물 옵션으로 제공됩니다. 상자에는 4개의 녹차와 4개의 홍차 변형이 포함되어 있습니다. 이 선물 상자에는 가장 인기 있는 프리미엄 녹차 3개와 홍차 3개가 포함되어 있습니다. 녹차 변형은 순수 녹차, 시나몬 아니스 녹차 및 레몬 녹차입니다. 각 녹차는 향기로운 브루를 완벽하게 만듭니다. 홍차 변형은 잉글리시 브렉퍼스트, 클래식 다르질링 및 인도 마살라 차이입니다. 홍차는 차와 차이 애호가에게 적합합니다.","['녹차', '홍차', '선물', '변형', '프리미엄', '맛', '상자', '차', '포장', '클래식']"
식음료,식음료 선물,차 선물,,B0CGJRYMD8,"Get Well Soon 여성용 선물 - 수술 후 케어 패키지, 아픈 친구를 위한 기분 좋은 선물 럭셔리 Thinking of You 선물 바구니, 미소를 지을 가치가 있는 기분 좋은 차 선물 세트.",Michael Grace Gifts,69236,55386,4.4,15.0,"수술 후 여성 및 남성을 위한 케어 패키지 - 진심 어린 지원을 전달하도록 설계된 신중하게 선별된 겟웰 바스켓으로 신속한 회복에 대한 소원을 표현하세요. 여성을 위한 잘 표현된 생각 선물에는 매우 부드러운 대형 담요, 단열 텀블러, 트위닝스 티 및 감미료, 캔들 세트, 펜이 달린 단어 검색 책이 포함되어 있습니다. 여성, 남성, 청소년 또는 친구에게 이상적인 선물입니다. 고급스러운 플러시 슈퍼 소프트 담요는 상자 안의 포옹과 같습니다. 여성 및 남성을 위한 저희의 thinking of you 선물 바구니로 사랑하는 사람을 만끽하세요. 중간 무게의 127 x 177.8cm(50 x 70인치) 담요는 침대나 소파에서 껴안기에 완벽한 크기로 필요한 휴식과 편안함을 제공합니다. 질병이나 부상에서 회복하기 위해 병든 케어 패키지 또는 셀프 케어 선물 바구니에 꼭 필요한 제품입니다. 병원 입원 또는 집에서 회복하기에 적합합니다. 진공 단열 스테인리스 스틸 티컵과 6개의 놀라운 차 591.5ml(20온스) 텀블러는 탁월한 온도 유지력을 제공합니다. BPA 프리 푸시 씰 뚜껑이 있는 304 등급 - 18/8 스테인리스 스틸로 제작되었습니다. 차에 완벽합니다! Twinings는 300년 이상 전 세계에서 가장 좋은 차를 소싱하고 블렌딩해 왔습니다. 가장 많이 팔리는 Twinings 티 블렌드 6개와 현지에서 만든 천연 감미료를 함께 사용합니다. 20분 동안 평화롭고 마음챙김이 가득한 반성으로 휴식과 활력을 되찾으세요. 100% 밀랍으로 수작업으로 제작된 이 사랑스러운 휴식 세트에는 12개의 논드립 무향 양초와 황동 스탠드가 포함되어 있습니다. 각 양초는 약 20-30분 동안 연소됩니다. 일상적인 기도, 명상, 요가, 독서 또는 자기 관리 또는 마음챙김 연습에 적합합니다. 성인을 위한 영혼 단어 검색을 위한 치킨 수프 - 수선 중에 진정되고 즐거운 클래식 취미 활동. 이 여성용 아픈 선물 패키지에는 편안한 그립 펜과 함께 크고 읽기 쉬운 형식의 단어 검색 퍼즐 책이 포함되어 있습니다. 책의 색상과 스타일은 다를 수 있으며, 이 편안한 아픈 선물 바구니에 독특함을 더합니다.",,"['선물', '바구니', '패키지', '여성', '케어', '차', '휴식', '담요', '검색', '아프다']"
식음료,식음료 선물,차 선물,,B0BW4TXSXJ,"Kusmi Tea - Les Verts 박스 - 선물 아이디어 남성 및 여성용 - 유기농 녹차 모음 - 꽃, 미식가 및 상쾌한 향 - 25.5g(0.9온스) 5박스",KUSMI TEA,41536,41536,5.0,14.0,"✅ 유기농 녹차 모음: 5개의 녹차 미니어처는 Kusmi Tea 차의 다양한 블렌드를 발견하는 데 이상적입니다. 꽃, 타르트, 미식가 및 상쾌한 맛으로 이 선물 세트는 다양한 녹차를 제공하여 원하는 대로 즐거움을 다양하게 제공합니다. 모든 차 애호가에게 이상적입니다. 꽃 향수: 자스민 맛의 녹차와 장미 맛 녹차로 Kusmi 티 하우스의 노하우를 발견하세요. 섬세하고 섬세한 꽃 향기를 좋아하는 사람들에게 특히 적합합니다. ✅ 산성, 미식가, 민트 녹차: 생강 레몬 녹차는 톡 쏘고 약간 매운 향으로 매혹됩니다. 맛있는 맛을 위해 오렌지, 계피, 감초의 미묘한 혼합으로 Label Impérial을 선택하세요. 마지막으로, 상쾌한 휴식을 위해 민트가 들어간 녹차만큼 좋은 것은 없습니다. ✅ 책임 있는 포장: 티 틴은 개봉 후에도 블렌드의 신선함과 보호를 보장합니다. 금속 틴은 리필 및 재활용이 가능합니다. 블렌드는 프랑스, 노르망디 르아브르에 있는 워크샵에서 포장됩니다. ✅ Kusmi Tea는 영구적인 혁명입니다. 모든 과일은 허용되며 모든 사람도 허용됩니다. 당사의 사명은 가능한 한 많은 사람들에게 최고의 차를 제공하는 것입니다. 노르망디에서 만든 유기농 차로, 소란이나 매너 없이 접근하기 쉽고 탐욕스럽고 낙관적입니다. Kusmi 차를 마시는 것은 자유의 이상을 받아들이는 것입니다","Kusmi 유기농 녹차 박스 세트를 사용하면 다음을 발견할 수 있습니다: - Vert Jasmin, 맛만큼 섬세한 자스민으로 맛을 낸 녹차 - 생강과 레몬이 결합되어 상쾌한 휴식을 제공하는 녹차를 기반으로 한 레시피 - 임페리얼 라벨, 감귤류와 향신료의 향이 나는 녹차 - Vert Rose - 달콤함과 우아함을 결합한 로즈 녹차 - 녹차 민민민민민민민첫 모금부터 모로코로 데려다주는 Kusmi 티 박스는 차분하고 평온한 순간을 찾는 모든 차와 음료를 좋아하는 사람들을 위한 오리지널 선물입니다.","['녹차', '맛', '차', '유기농', '사람', '박스', '상쾌하다', '꽃', '향', '미식']"
식음료,식음료 선물,차 선물,,B07QFY6BBH,Tiesta Tea - Maui 망고 틴 & 티 인퓨저 스타터 세트 | 프리미엄 루즈 리프 허브 티 블렌드 | 카페인 무첨가 핫 & 아이스 티 | 170g(6온스) 리필 가능한 틴 및 473.2ml(16온스) 브루마스터 하단 디스펜싱 티 인퓨저,Tiesta Tea,48405,48405,4.7,1458.0,"마우이 망고 및 브루마스터: Tiesta Brewmaster 473.2ml(16온스) 인퓨저와 망고 파인애플 과일 티의 생생한 시트러스 퓨전으로 차 감정가를 마음껏 발휘하세요. 부드러운 뜨거운 차나 상쾌한 아이스 기쁨으로 즐기든, 한 모금마다 망고, 파인애플, 오렌지의 순수한 에센스를 즐기세요. 추가 간식을 위해 꿀이나 설탕으로 달게 하세요. 프리미엄 루스 리프 블리스: 고품질의 풀 리프 차와 최고의 건강 강화 성분으로 제작된 프리미엄 블렌드는 차 경험을 재정의합니다. 이 차는 보고 냄새를 맡고 맛볼 수 있는 감각적인 즐거움입니다. Tiesta Tea 인퓨저를 사용하면 매번 완벽한 머그잔을 쉽게 만들 수 있습니다. 완벽한 차 선물 세트: 인생의 차 애호가들과 계절의 따뜻함을 공유하세요. 마우이 망고 & 인퓨저 세트는 선생님, 상사, 이웃 또는 프리미엄 차 선물을 좋아하는 모든 사람에게 완벽한 선택입니다. 크리스마스, 하누카, 생일 등과 같은 행사에 이상적입니다. 아늑하고 맛있는 차를 선물하세요. 올바른 차 찾기: Tiesta Tea는 차 선택 과정을 단순화하는 것을 믿습니다. 당사는 5가지 기능 카테고리를 제공하며, 각각 다양한 맛, 카페인 수준 및 건강상의 이점을 제공하므로 입맛과 선호도에 맞는 완벽한 차를 쉽게 찾을 수 있습니다. 올바른 스타터 티 키트를 쉽게 찾을 수 있습니다. Tiesta Tea. LIVE LOOSE + 우리의 영향: 우리는 너무 진지하게 생각하지 않지만 환원하기를 진지하게 좋아합니다. Tiesta Tea Foundation을 통해 전 세계 지역 사회와 뒷마당에 자원과 안도감을 제공합니다","루즈 리프 티의 풍부한 세계를 경험해보세요. 한 모금마다 감각적인 여행이 됩니다. 제한된 1인용 티백과 달리, 루스 리프 티는 건강상의 이점을 최대한 활용하면서 진정한 시각적이고 풍미있는 즐거움을 제공합니다. 최고의 단순함으로 눈과 미뢰 모두를 위한 간식입니다. 티 스타터 키트의 진품을 받아들이면 결코 뒤돌아보지 않을 것입니다. 이 경험을 완전히 즐기려면 티 필터, 재사용 가능한 티볼, 브루 바스켓 또는 Tiesta Tea Brewmaster와 같은 옵션 중에서 선택하세요. 탁월함을 추구하는 당사의 노력은 전통적인 일본 녹차, 유기농 인도 홍차 및 녹차, 풍부한 중국 우롱 등 최고의 재료를 공급하기 위해 전 세계적으로 안내합니다. 과일, 꽃, 향신료로 보완합니다. Tiesta Tea의 루스 리프 제품으로 차 의식을 높이고 맛, 향 및 웰빙의 여정을 시작하여 한 번에 한 잎씩 차 경험을 재정의하십시오.","['차', '티', '리프', '퓨저', '망고', '프리미엄', '경험', '완벽하다', '브루', '최고']"
식음료,식음료 선물,차 선물,,B0D7WRXSKV,"Osmanthus 홍차 - 30개, 각 6g | 프리미엄 향 차 | 사무실, 가정 및 여행에 적합 | 오래 지속되고 쉽게 추출",Curret,36951,36951,4.6,3.0,"【1】오스만투스와 홍차의 완벽한 조화: 광동 잉더에서 생산된 프리미엄 홍차와 천연 오스만투스 꽃의 조화로운 조합을 경험하십시오. 오스만투스의 달콤한 꽃 향기는 홍차의 풍부하고 튼튼한 맛을 향상시켜 독특하고 즐거운 차 경험을 선사합니다. 【2】오래 지속되는 브루, 지속적인 맛: 각 미니 티 케이크는 여러 번 우려지도록 설계되어 내구성이 뛰어나고 풍부한 맛을 제공합니다. 기분 좋은 맛을 잃지 않고 만족스러운 차 한 잔 후에 즐기세요. 【3】휴대용 디자인, 언제든지 즐길 수 있습니다: 저희 차는 편리한 크기로 압착되어 어디를 가든 쉽게 휴대할 수 있습니다. 사무실에서, 가족 모임 또는 여행 중에 상쾌한 차 휴식을 즐기기에 적합합니다. 【4】쉬운 브루잉, 손쉬운 즐거움: 좋아하는 오스만투스 홍차를 만드는 것이 그 어느 때보다 쉬워졌습니다. 미니 티 케이크 1개를 뜨거운 물 250ml에 넣고 3-5분 동안 우려서 즐기세요. 개인 취향에 맞게 우려내는 시간을 조정하세요. 【5】독특한 패턴, 예술적 즐거움: 각 티 케이크는 복잡하고 아름다운 패턴을 만들기 위해 조심스럽게 압착됩니다. 이 예술적인 터치는 시각적 매력을 더할 뿐만 아니라 모든 차 추출 경험을 특별하고 독특하게 만듭니다.",,"['홍차', '차', '오스만', '투스', '맛', '우려', '독특하다', '경험', '지속', '티']"
식음료,식음료 선물,차 선물,,B0BX6CMVLC,"RORA 유기농 녹차 잎 중국 유명 차 안시 타이 관음, 찻주전자와 컵 포함, 선물 상자 포장",RORA,13836,13836,1.0,1.0,"포함: 찻잎 9통, 찻주전자 및 작은 컵 4개. 고산 차: 고산 차 농장 베이스, 약 1,000m 고도의 높은 산악 생태 차. 고품질 차: 전체 과정을 수동으로 따고 어린 찻잎을 선택합니다. 맛은 달콤하고 상쾌하며 차 향은 풍부하고 여유롭습니다. 전통적인 장인 정신: 고대 기술을 계승한 유명한 선생님이 수작업으로 제작했습니다. 서비스: 질문이 있으시면 언제든지 저희에게 연락하시면 최대한 빨리 해결해 드리겠습니다.",,"['차', '고산', '컵', '찻주전자', '찻잎', '향', '베이스', '선생님', '선물', '서비스']"
식음료,식음료 선물,차 선물,,B07QFY5J9V,"Tiesta Tea - 루즈 리프 티 틴 선물 상자 | 고카페인 차 버라이어티 팩 | 핫 & 아이스 티 만들기 | 다양한 티 블렌드 3틴 - 패션 베리 졸트, 프루티 파라다이스 및 라벤더 카모마일",Tiesta Tea,49153,49153,4.7,1634.0,"맛의 세계를 발견하세요: 이 3개의 틴 선물 상자 세트는 프루티 파라다이스, 패션 베리 졸트, 라벤더 카모마일을 포함한 다양한 루스 리프 티를 특징으로 합니다. 포함된 틴은 크기가 다를 수 있으며, 일반적으로 깡통 안에 5.1~118.4g(2~4온스) 범위입니다. 각 품종은 40~50컵을 추출하여 충분히 맛볼 수 있습니다. 프리미엄 루스 리프 선물 상자: 이 다양한 루스 리프 티 선물 상자 세트는 루스 리프 블렌드, 프리미엄 품질 및 모든 취향에 맞는 다양한 맛을 좋아하는 차 애호가에게 적합합니다. 카페인 및 카페인 프리 옵션 컬렉션으로 차의 세계를 탐험하세요. 뜨거운 차 또는 아이스 티 애호가에게도 똑같이 적합합니다. 이 탁월한 티백 버라이어티 팩으로 차 시음 모험을 시작할 준비를 하세요! 완벽한 차 선물 세트: 인생의 차 애호가들과 계절의 따뜻함을 공유하세요. 루스 리프 티 틴 선물 상자 세트는 선생님, 상사, 이웃 또는 프리미엄 차 선물을 좋아하는 모든 사람에게 완벽한 선택입니다. 크리스마스, 하누카, 생일 등과 같은 행사에 이상적입니다. 아늑하고 맛있는 차를 선물하세요. 올바른 차 찾기: Tiesta Tea는 차 선택 과정을 단순화하는 것을 믿습니다. 당사는 5가지 기능 카테고리를 제공하며, 각각 다양한 맛, 카페인 수준 및 건강상의 이점을 제공하므로 입맛과 선호도에 맞는 완벽한 차를 쉽게 찾을 수 있습니다. 올바른 선물 상자 티 세트를 쉽게 찾을 수 있습니다. Tiesta Tea. LIVE LOOSE + 우리의 영향: 우리는 너무 진지하게 생각하지 않지만 환원하기를 진지하게 좋아합니다. Tiesta Tea Foundation을 통해 전 세계 지역 사회와 뒷마당에 자원과 안도감을 제공합니다",,"['차', '선물', '티', '리프', '상자', '카페인', '세계', '애호가', '프리미엄', '완벽하다']"
식음료,식음료 선물,차 선물,,B08L5MBTTD,24일 오브 크리스마스 재림절 티 캘린더 홀리데이 컬렉션 - 24개의 개별 차 선물 세트,All Day Gifts,20761,20761,4.0,79.0,"크리스마스 어드벤트 티 선물 세트 - 크리스마스 어드벤트 티 24일 12가지 맛 포함: 애프터눈, 살구, 크리스마스 향신료, 시나몬 오렌지, 시나몬 플럼, 얼 그레이, 잉글리시 브렉퍼스트, 진저 피치, 녹차, 레몬, 라즈베리 및 화이트 석류 차를 마시는 사람에게 훌륭한 선물이 되며, 집에서 선물, 배송 또는 보관하기 쉽습니다. 인생에서 차를 마시는 사람을 위한 훌륭한 크리스마스 선물 홀리데이 허브 티 파우치 24개","전통적인 재림절 달력의 트위스트 - 크리스마스까지 카운트다운할 수 있는 티백 24개. 매일 상자에서 새 티백을 꺼냅니다. 12가지 맛 포함: 애프터눈, 살구, 크리스마스 향신료, 시나몬 오렌지, 시나몬 플럼, 얼 그레이, 잉글리시 브렉퍼스트, 진저 피치, 녹차, 레몬, 라즈베리 및 화이트 석류. 차를 마시는 사람에게 훌륭한 선물이 되며, 집에서 선물, 배송 또는 보관하기 쉽습니다. 인생에서 차를 마시는 사람을 위한 훌륭한 크리스마스 선물.","['크리스마스', '선물', '차', '티', '시나몬', '사람', '훌륭하다', '벤트', '보관', '맛']"
식음료,식음료 선물,차 선물,,B07Q11R2L3,"Cha Wu-4 맛 조합 선물 가방, 티백 32개, 한 달 차 선물, 8개/박스 (4팩)",ChaWuWarmSun,27533,27533,3.9,33.0,"한 달 차 선물, 일주일에 한 가지 맛, 4가지 맛: 로즈 & 자스민 차, 오스만투스 & 우롱 차, 국화 및 푸에르 차, 첸파이 & 화이트 티 각 맛당 1박스, 8개/박스, 총 4박스/티백 32개 브루잉 팁: 패키지 뒷면을 참조하십시오 중국 원산지이며 천연 꽃 허브와 중국 차를 사용하며 첨가물이 없습니다 맛: 향기 향과 달콤하고 부드러운 맛, 차 맛은 음료 후에도 입안에 유지되지만 쓴맛과 떫은 맛은 없습니다",,"['맛', '차', '박스', '선물', '중국', '티백']"
식음료,식음료 선물,차 선물,,B0CPC5GFMF,Hyleys 잉글리시 루즈 녹차 선물용 틴 케이스 - 100g(3.5온스),HYLEYS,16135,16135,4.6,292.0,"프리미엄 품질의 녹차: Hyleys 잉글리시 루즈 그린티는 순수한 큰 잎 녹차로 만들어져 모든 컵에 자연스럽게 상쾌하고 활력을 주는 경험을 제공합니다. 순수 및 천연: 이 정교한 차는 첨가물 없이 제작되어 고품질 녹차의 자연스러운 맛과 향을 강조하는 깨끗하고 진정한 맛을 보장합니다. 선물 틴에 우아하게 포장: 정교한 100g(3.5온스) 선물 틴으로 제공되는 이 녹차는 자신을 위한 즐거운 간식일 뿐만 아니라 차 애호가에게도 훌륭한 선물이 됩니다. 풍부한 항산화 물질: 전반적인 건강을 돕고 건강한 라이프 스타일을 지원하는 높은 항산화 성분으로 알려진 녹차의 건강상의 이점을 즐기십시오. 다용도 브루잉 옵션: 가볍고 섬세한 브루를 선호하든 더 튼튼한 컵을 선호하든, 이 루스 리프 녹차는 취향에 맞게 맞춤형 브루잉을 가능하게 합니다.","우아한 100g(3.5온스) 선물 틴에 담긴 Hyleys 잉글리시 루즈 그린티로 차의 순수한 에센스를 경험하십시오. 이 프리미엄 녹차는 품질과 천연 맛을 위해 신중하게 선택되어 고요하고 진정한 차 마시는 경험을 제공합니다. 순수한 큰 잎 녹차로 제작된 저희 제품은 첨가물이 없으므로 양조하는 각 컵은 고품질 녹차 고유의 자연스럽고 섬세한 맛과 향을 반영합니다. 순도에 대한 이러한 헌신은 저희 차를 기분 좋은 음료일 뿐만 아니라 일상 생활을 위한 건강한 선택입니다. 녹차의 건강상의 이점은 잘 알려져 있으며, 저희 차도 예외는 아닙니다. 항산화 물질이 풍부하여 전반적인 건강과 웰빙을 지원하려는 사람들에게 훌륭한 선택입니다. 하루를 시작하든 차분한 오후 휴식을 원하든, 이 녹차는 일상 요법에 훌륭한 추가 아이템입니다. 당사의 녹차는 아름답게 디자인된 선물 틴으로 제공되어 어떤 경우에도 완벽한 선물이 됩니다. 친구, 사랑하는 사람 또는 자신을 대접하든, 이 차는 품질과 우아한 표현으로 깊은 인상을 줄 것입니다. Hyleys 잉글리시 루즈 그린티의 루즈 리프 형태는 브루잉의 다양성을 제공합니다. 가벼운 맛을 선호하든 더 강력한 주입을 선호하든 원하는 대로 강도와 맛을 쉽게 조정할 수 있습니다. 차 예술에 대한 진정한 증거인 이 정교한 녹차의 단순함과 우아함을 즐기세요.","['녹차', '선물', '맛', '루즈', '차', '선호', '우아하다', '건강', '잉글리시', '그린티']"
식음료,식음료 선물,차 선물,,B07XF23XXX,"English Tea Shop - 프리미엄 홀리데이 컬렉션 - 그린 선물 틴 - 티백 봉지 72개, 108g",English Tea Shop,41508,41508,4.3,102.0,"영국 전통이 담긴 스리랑카 차 이야기. 대자연의 팬으로서 English Tea Shop 티백과 이 틴의 내부 포장을 완전히 퇴비화 가능하게 만들었습니다. 저희 티백은 스테이플이 없으며, 향 주머니와 틴은 재활용 가능합니다 아름답게 혼합된 유기농 차 셀렉션으로 휴일을 축하하고 축제 시즌의 맛있는 맛을 즐기세요",프리미엄 홀리데이 컬렉션 그린 선물 틴은 이번 연휴 시즌에 당신을 따뜻하게 해줄 유기농 차 셀렉션입니다. 아름답게 혼합된 프리미엄 차 셀렉션으로 휴일을 축하하고 축제 시즌의 전통적인 맛을 즐기세요.,"['차', '프리미엄', '셀렉', '티백', '시즌', '휴일', '그린', '맛', '선물', '아름답다']"
식음료,식음료 선물,차 선물,,B09HSRNHRK,크리스마스 24일 재림절 달력 홀리데이 컬렉션 - 24개의 개별 차 선물 세트,All Day Gifts,17991,17991,3.5,36.0,"크리스마스 어드벤트 티 선물 세트 - 크리스마스 어드벤트 티 24일 12가지 맛 포함: 애프터눈, 살구, 크리스마스 향신료, 시나몬 오렌지, 시나몬 플럼, 얼 그레이, 잉글리시 브렉퍼스트, 진저 피치, 녹차, 레몬, 라즈베리 및 화이트 석류 차를 마시는 사람에게 훌륭한 선물이 되며, 집에서 선물, 배송 또는 보관하기 쉽습니다. 인생에서 차를 마시는 사람을 위한 훌륭한 크리스마스 선물 홀리데이 허브 티 파우치 24개","전통적인 재림절 달력의 트위스트 - 크리스마스까지 카운트다운할 수 있는 티백 24개. 매일 상자에서 새 티백을 꺼냅니다. 12가지 맛 포함: 애프터눈, 살구, 크리스마스 향신료, 시나몬 오렌지, 시나몬 플럼, 얼 그레이, 잉글리시 브렉퍼스트, 진저 피치, 녹차, 레몬, 라즈베리 및 화이트 석류. 차를 마시는 사람에게 훌륭한 선물이 되며, 집에서 선물, 배송 또는 보관하기 쉽습니다. 인생에서 차를 마시는 사람을 위한 훌륭한 크리스마스 선물.","['크리스마스', '선물', '차', '사람', '시나몬', '훌륭하다', '티', '레몬', '맛', '벤트']"
식음료,식음료 선물,차 선물,,B0BPPJR5SW,"BREWIX, Discover India 프리미엄 티 샘플러 선물 상자 (179.7g/90컵 이상) | 차 애호가를 위한 차 선물 세트 | 6가지 다양한 차이티 | 샘플러 모음 버라이어티 팩",BREWIX,41536,41536,5.0,5.0,"여성 및 남성을 위한 선물 - 즐거운 축하를 위한 6개의 정교한 차이티 블렌드가 특징인 엄선된 티 선물 상자. 우아한 선물 상자에 사려 깊게 담겨 있으며, 황금빛 악센트로 장식되어 차 애호가에게 이상적인 선물입니다. 이 매혹적인 차이 컬렉션을 사랑하는 사람에게 선물하고, 향기로운 향의 교향곡이 축하를 돋보이게 하세요. CTC 차를 사용하여 제작 - CTC는 크러시, 티어, 컬의 약자로 홍차를 가공하는 방법으로, 수백 개의 날카로운 이빨이 있는 일련의 원통형 롤러를 통과하여 차를 작고 단단한 펠릿으로 분쇄하고 찢고 말립니다. 블렌드에 사용되는 허브와 향신료는 최고 품질이며 신선함과 공정한 가격을 보장하기 위해 현지 농부로부터 조달됩니다. 신선하고 직접적인 제품 - 당사의 공급망은 정원에서 테이블까지 가장 짧은 시간 안에 집 앞에서 가장 신선한 차 한 잔을 얻을 수 있도록 보장합니다. 당사의 차는 손으로 블렌딩되었으며 전 세계에서 발견되는 최고의 재료와 차로 구성되어 있습니다. 당사의 사내 마스터 블렌더는 모든 배치가 품질과 맛에 대한 테스트를 거쳐 최상의 결과를 얻을 수 있도록 보장합니다. 저희는 블렌드에 가장 신선한 루즈 티를 사용합니다. 독특한 차 선물 - 선물 상자는 건강과 웰빙을 생각하는 친구 및 가족에게 이상적인 선물입니다. 인도의 모든 지역에서 온 CTC Chai의 독특한 혼합. 차 샘플러 선물 세트 상자는 로열 골드 포일 상자에 제공됩니다. 차는 맛에 따라 물이나 우유에 주입할 수 있습니다. 사랑으로 제작 - 당사의 차 모음은 사랑과 정성으로 만들어졌으며 모든 차는 숙련된 차 전문가가 신중하게 선택하여 최고의 잎만 블렌딩 테이블에 사용할 수 있도록 합니다. 저희 찻잎은 수작업으로 선택되었으며 인도 최고의 정원에서만 제공됩니다. 꼭 시도해야 할 루즈 티 샘플러 박스.",,"['선물', '차', '상자', '티', '신선하다', '샘플러', '최고', '사랑', '차이', '블렌드']"
식음료,식음료 선물,차 선물,,B0BG81VF7N,"Chayam 녹차 선물 상자 | 6가지 맛, 48개의 티백 버라이어티 박스 | 허브 티 선물 세트 | 차 컬렉션 선물 세트 | 차 애호가를 위한 이상적인 선물",CHAYAM,26301,26301,4.5,58.0,"건강 상자: 6개의 독특한 녹색 및 허브 티백이 한 상자에 포장되어 차 애호가에게 이상적인 선물 세트입니다. 결혼식, 생일, 기념일, 기업 선물, 크리스마스 인사말에 적합합니다 박스 내용물: 6가지 차 종류, 각 8개의 티백 - 후추와 생강을 곁들인 스파이스 강황, 툴시 모링가, 실론 계피, 페퍼민트가 들어간 카모마일, 히말라야 녹차, 비트 뿌리와 생강을 곁들인 히비스커스 ""성분: 블렌드에 사용되는 모든 성분은 100% 천연 찻잎과 혼합됩니다 피라미드 티백: 웰니스 선물 상자에 담긴 차는 편리하고 개별적으로 포장된 피라미드 티백에 담겨 제공됩니다. 이 훌륭한 허브 치료제로 찜 컵을 빠르게 준비하여 그 이점을 누릴 수 있습니다. ""브루잉 방법: 컵에 티백 1개를 넣고 90°C로 가열된 175ml의 끓인 물을 붓습니다. 3-4분 동안 끓입니다. 맛에 감미료를 추가하세요. 아이스 티의 경우 음료를 식힌 다음 얼음 위에 붓습니다",,"['선물', '티백', '상자', '차', '허브', '티', '생강', '박스', '맛', '성분']"
식음료,식음료 선물,차 선물,,B0D58Q2J9F,Kenyan 프리미엄 품질 티 선물 상자,Acnavin Brews Premium Tea,38766,38766,5.0,5.0,"PF1 등급: Acnavin 차는 순수 혼합되지 않은 PF1 등급 홍차로 구성되어 있으며, 최고 품질이며 전체 잎으로 구성되어 있습니다. PF1 등급 차는 강한 맛과 몰티 향기로 유명합니다. 탁월한 가치: 프리미엄 Acnavin 백 당 60~100컵을 추출하세요. 더 많은 맛의 프리미엄 차를 마시려면 다시 마시세요. 완벽한 선물 상자: 고품질의 차 내용물과 미학적으로 일치하도록 포장되어 가족, 동료 및 친구들과 공유하기에 이상적인 선물 상자입니다. 풍부한 항산화 물질: Acnavin 프리미엄 차에는 항산화 물질이 함유되어 있습니다.",Acnavin Brews 프리미엄 티로 케냐의 진정한 맛을 경험하세요. 존경받는 무랑가 카운티 차 단지의 한적한 지역에서 공급되는 당사의 차는 꼼꼼하게 단일 원산지로 각 컵이 케냐 떼루아의 독특한 본질을 포착합니다. 자연적으로 자란 느슨한 잎의 완벽함을 즐기고 미각을 맛의 세계로 깨우세요.,"['프리미엄', '차', '맛', '상자', '선물', '티', '컵', '케냐', '물질', '구성']"
식음료,식음료 선물,차 선물,,B07YYJ6FZM,"Kusmi Tea - Kusmi 발견 선물 세트 - 맛의 홍차, 녹차, 백차 및 허브 티 24개 포장 티백 - 이상적인 선물 세트",KUSMI TEA,62186,62186,4.7,822.0,"맛있는 차 혼합: 가장 사랑받는 맛 9가지에 담긴 45개의 봉투 티백 ""Discover Kusmi"" 차 샘플러는 발견과 맛을 위한 완벽한 형식입니다. 우아하고 매끄러운 포장으로 완벽한 선물 아이디어입니다! Earl Grey 레시피를 기반으로 아나스타지아와 프린스 블라디미르 두 가지 역사적인 러시아 홍차를 맛볼 수 있습니다. 또는 민트와 자스민이 들어간 프리미엄 녹차의 신선하고 섬세한 맛을 즐길 수 있습니다. 과일 개발 맛: 화이트 아나스타지아와 트로피컬 화이트는 백차와 오렌지 꽃, 레몬, 망고, 패션 프루트의 맛있는 맛을 혼합하여 달콤함의 세계로 데려다 줄 것입니다. 과일이 주입된 휴식을 위해 카페인이 없는 과일 차 AquaRosa 및 AquaExotica를 맛볼 수 있습니다. Be Cool는 하루를 평화롭게 끝낼 수 있는 완벽한 허브 차가 될 것입니다. 뜨겁거나 얼음이 좋음: 뜨거운 야외에서는 뜨겁고 상쾌한 아이스 서빙, 카페인과 허브 티는 이 선물 세트로 하루 종일 완벽합니다. 플라스틱이 없는 티백: Kusmi 차는 친환경 모슬린 티백으로 감싸져 타이트한 메시 여과를 제공하며 찻잎, 과일 조각 및 향신료를 보여줍니다. KUSMI TEA 소개: Kusmi Tee에서는 혁명은 결코 끝나지 않습니다. 모든 과일과 모든 사람은 환영받습니다. 우리의 사명은 가능한 많은 사람들에게 탁월한 경험을 제공하는 것입니다. 노르망디에서 만든 유기농 차 - 접근하기 쉽고 미식가, 낙관적입니다. 번거롭지 않고 흉내낼 필요가 없습니다. 쿠스미 차를 마시는 것은 이러한 자유의 이상을 포용하는 것입니다. 노르망디에서 만든 고품질 차인 Kusmi에 오신 것을 환영합니다.",,"['맛', '과일', '차', '선물', '완벽하다', '티백', '허브', '뜨겁다', '맛있다', '포장']"
식음료,식음료 선물,차 선물,,B0CTXTQVBZ,First & Main Coffee Co. - 파푸아 뉴기니 - 싱글 오리진 빈 - 미디엄 로스트 커피 (0.5kg(1파운드) - 그라운드),First & Main Coffee Co.,28918,28918,,,천연 캐러멜 - 꿀 - 과일 맛 단일 원산지 콩 - 천천히 로스팅됨 - 소량으로 수작업으로 제작 싱글 오리진 빈 컬렉션의 일부 모든 브루 유형에 적합합니다,"싱글 오리진 콩 컬렉션의 일부입니다. 파푸아 뉴기니는 침부 지방의 콩을 곁들인 수제 미디엄 로스트입니다. 화산 양토에서 재배하고 손으로 따서 햇볕에 건조하며 천연 캐러멜, 꿀, 과일 향이 있습니다. 모든 브루잉 유형에 적합합니다.","['오리진', '콩', '싱글', '과일', '파푸아', '컬렉션', '꿀', '캐러멜', '뉴기니', '천연']"
식음료,식음료 선물,차 선물,,B0CXQ7TKDN,"ENGINTEA 아들 딸이 주는 엄마를 위한 독특한 선물 - 어머니의 날 차 샘플러 선물 세트 - 어머니, 여성, 차 애호가를 위한 허브, 녹차 및 홍차 선물 세트 - 프리미엄 티 컬렉션 (티백 45개, 9가지 맛)",ENGINTEA,30400,30400,4.5,2.0,"[엄마를 위한 독특한 선물, 어떤 경우에도 완벽함] 엄마의 마음을 진정으로 감동시킬 이상적인 선물을 찾고 계십니까? 더 이상 찾으실 필요 없습니다! 저희의 정교한 차 선물 세트는 최고의 선택입니다. 어머니의 날, 생일 또는 감사의 몸짓이든, 이 사려 깊게 디자인된 세트는 엄마의 날에 기쁨을 가져다 줄 것입니다. [마음을 따뜻하게 하는 차 선물 세트] 외부는 엄마를 위한 따뜻한 메시지로 장식되어 있으며 내부에 맞춤형 인사말 카드가 있는 이 티 세트는 사랑과 따뜻함의 완벽한 표시입니다. 민트, 사과, 우롱, 사워솝, 그린, 재스민, 카모마일, 생강, 아티초크 등 그녀를 위해 세심하게 선별된 9가지 감칠맛 나는 차 맛이 특징인 45팩의 풍성한 셀렉션을 엄마에게 선물하세요. [엄마를 위한 휴식 선물] 저희 차 컬렉션은 염료, 접착제 또는 표백제가 없으므로 각 차의 천연 맛을 보존합니다. 친환경적인 헴프 섬유로 제작된 티백은 환경 영향을 최소화하면서 엄마의 즐거움을 극대화합니다. 혼자서 조용한 순간을 즐기거나 사랑하는 사람들과 아늑한 모임을 주최하든, 이 휴식 티 선물 세트는 소중한 추억을 만들고 한 모금 마실 때마다 한 모금 더 좋아질 것을 약속합니다. [사랑이 담긴 사려 깊은 선물] 당사의 차 선물 세트는 단순한 선물 그 이상입니다. 많은 것을 말하는 진심 어린 제스처입니다. 생일, 발렌타인 데이, 어머니의 날, 크리스마스, 추수감사절 또는 기타 특별한 행사에 이 즐겁고 독특한 선물로 엄마의 날을 잊을 수 없게 만드세요. 지금 주문하시고 완벽한 엄마 선물이 특별한 날의 하이라이트가 되세요!",어머니의 날을 위한 차 선물 세트,"['선물', '엄마', '차', '어머니', '독특하다', '따뜻하다', '맛', '사랑', '티', '완벽하다']"
식음료,식음료 선물,차 선물,,B09S36JT1N,"KKOKDAM 차 선물 세트 - 꽃차 미니 병 2개 및 티 스틱 2개 - 잎차 세트, 피는 차 꽃, 독특한 차 선물, 멋진 차 세트, 고급 차 선물 세트 - 미니 듀오 팩",KKOKDAM,69236,69236,4.2,18.0,"우리의 공정: 저희 꽃차는 줄기에 부착된 꽃을 수확하고 발효시켜 만듭니다. 티백처럼 티스틱은 쉽게 추출할 수 있지만 뜨거운 물에서 꽃이 다시 피어나는 것처럼 미학적으로 독특합니다. 꽃차 세트 선물 제품을 수작업으로 만드는 데 총 120시간이 소요됩니다. 차 애호가를 위한 훌륭한 선물: 한국산 값비싼 차와 함께 평화로운 차 경험을 위한 최고의 차인 여성과 남성을 위한 차 애호가 선물. 당사의 독특한 디카페인 티 컬렉션 선물은 계절 차 샘플러가 될 수 있으며 미묘한 맛의 한국 차 선물로 평온함을 제공합니다. 여성용 고급 차 선물 세트에는 음료를 위한 식용 꽃이 포함되어 있으며 차 애호가를 위한 훌륭한 선물입니다. 어머니의 날을 위한 독특한 어머니의 날 티 세트. 비건 및 할랄: 웰니스 티 유기농 옵션의 두 가지 건강상의 이점을 맛보십시오. 허브 차와 마찬가지로 당사의 꽃차 음료는 모든 아침 식사 및 독특한 식이 요구 사항과 짝을 이룰 수 있습니다. 디카페인 차 선물 바구니는 차 선물 바구니 샘플러 제품으로 집에서 피는 차 꽃의 고급스러움을 경험하기에 적합합니다. 꽃차가 피고 눈앞에서 자라는 것을 지켜보세요. 어머니의 날을 위한 차 선물 세트. 카페인 없음: 자스민 녹차, 얼 그레이 티, 잉글리시 홍차와 달리, 당사의 모든 뜨거운 차에는 카페인이 없습니다. 당사의 유기농 티백, 티 버라이어티 팩, 티백 세트 및 아시아 티 선물 상자 품종은 페퍼민트 차, 민트 티, 라벤더 차, 허브 티 샘플러 제품과 같은 낮이나 밤에 즐길 수 있습니다. 티백 샘플러로 아이스 티백처럼 뜨겁거나 차갑게 피는 디카페인 티 플라워를 즐기세요. 어버이날 선물용 차 세트. 다양한 선택: 저희 플라워 티 키트 옵션은 디카페인 티백, 잎차 샘플러 선물 세트 박스, 과일 티백, 핫 티백 등으로 제공됩니다. 저희는 과일 맛 티백의 일부로 시트러스 과일 차와 많은 꽃의 차 샘플 옵션을 제공합니다. 유기농 차 선물 세트와 꽃이 만발한 티 박스 선물 세트 선택으로 세계의 영어 차 애호가들에게 다가갈 수 있어 기쁩니다. 어머니의 날 차 선물 세트 어머니의 날.",,"['차', '선물', '티', '티백', '꽃', '샘플러', '어머니', '독특하다']"
식음료,식음료 선물,차 선물,,B07DM7XCWR,Lakma 라벤더 녹차 - 티백 20개 - (24팩 - 총 티백 480개) - 금속 선물용 틴 케이스 프리미엄 컬렉션,HYLEYS,67394,67394,4.2,119.0,"색상이나 방부제 없음 항산화 물질의 훌륭한 공급원 필수 영양소 칼륨, 칼슘 및 비타민 C 함유 100% 천연 제품 | 태그가 있는 1.5g x 20개의 티백 24팩 - 각 티백 20개",좋은 맛 방출(적절한): 컵에 담긴 티백 위에 226.8g(8온스)의 갓 끓인 물을 붓습니다. 컵을 덮고 5-8분 동안 우려냅니다. 이 단계는 찻잔에 들어가는 유익한 성분의 양에 직접적인 영향을 미칩니다. 티백을 부드럽게 짜서 남은 추출물을 방출합니다.,"['티백', '방출', '컵', '물', '훌륭하다', '물질', '선물', '비타민', '부드럽다', '방부제']"
식음료,식음료 선물,차 선물,,B0CXNQBK67,"ENGINTEA 어머니의 날 차 선물 세트 - 딸이 주는 엄마를 위한 독특한 선물 아이디어 - 의미 있는 메시지가 담긴 아름다운 선물 포장 - 프리미엄 차 (티백 45개, 9가지 맛) - 허브, 그린 & 홍차",ENGINTEA,30400,30400,5.0,1.0,"[엄마를 위한 독특한 선물, 어떤 경우에도 완벽함] 엄마의 마음을 진정으로 감동시킬 이상적인 선물을 찾고 계십니까? 더 이상 찾으실 필요 없습니다! 저희의 정교한 차 선물 세트는 최고의 선택입니다. 어머니의 날, 생일 또는 감사의 몸짓이든, 이 사려 깊게 디자인된 세트는 엄마의 날에 기쁨을 가져다 줄 것입니다. [마음을 따뜻하게 하는 차 선물 세트] 외부는 엄마를 위한 따뜻한 메시지로 장식되어 있으며 내부에 맞춤형 인사말 카드가 있는 이 티 세트는 사랑과 따뜻함의 완벽한 표시입니다. 민트, 사과, 우롱, 사워솝, 그린, 재스민, 카모마일, 생강, 아티초크 등 그녀를 위해 세심하게 선별된 9가지 감칠맛 나는 차 맛이 특징인 45팩의 풍성한 셀렉션을 엄마에게 선물하세요. [엄마를 위한 휴식 선물] 저희 차 컬렉션은 염료, 접착제 또는 표백제가 없으므로 각 차의 천연 맛을 보존합니다. 친환경적인 헴프 섬유로 제작된 티백은 환경 영향을 최소화하면서 엄마의 즐거움을 극대화합니다. 혼자서 조용한 순간을 즐기거나 사랑하는 사람들과 아늑한 모임을 주최하든, 이 휴식 티 선물 세트는 소중한 추억을 만들고 한 모금 마실 때마다 한 모금 더 좋아질 것을 약속합니다. [사랑이 담긴 사려 깊은 선물] 당사의 차 선물 세트는 단순한 선물 그 이상입니다. 많은 것을 말하는 진심 어린 제스처입니다. 생일, 발렌타인 데이, 어머니의 날, 크리스마스, 추수감사절 또는 기타 특별한 행사에 이 즐겁고 독특한 선물로 엄마의 날을 잊을 수 없게 만드세요. 지금 주문하시고 완벽한 엄마 선물이 특별한 날의 하이라이트가 되세요!",어머니의 날을 위한 차 선물 세트,"['선물', '엄마', '차', '어머니', '독특하다', '따뜻하다', '맛', '사랑', '완벽하다']"
식음료,식음료 선물,차 선물,,B0C8MTH2SV,"Ssanggye Cubewood 16P 선물 세트 22.1g(0.75온스) (16개, 8가지 맛 x 2개) 허브 플로럴 블렌드 시그니처 푸어 얼그레이 히비스커스 마리골드 체리 블로썸 스위트 라벤더 카모마일 페퍼민트 한국차 샘플러",SSANGGYE,55386,55386,,,"[왜 쌍계인가?] 쌍계는 1966년부터 차를 만들기 시작했으며 한국의 차 산업을 발전시킵니다. 김 씨와 그의 팀은 고객에게 더 나은 차를 제공하기 위해 연구, 연구 및 개발합니다. 이 아름답고 따뜻한 차를 어디에서나 즐기세요. 여러분과 사랑하는 사람을 위해 하루에 쌍계차 한 잔을 드세요. [선물 세트] 쌍계는 한국에서 프리미엄 차를 만드는 것으로 잘 알려져 있습니다. 선물 상자에는 8가지 맛이 포함되어 있습니다. 얼 그레이 티(2.0g x 2TB), 히비스커스 블로썸(2.0g x 2TB), 메리골드 블라썸(1.5g x 2TB), 체리 루이보스(1.2g x 2TB), 스위트 라벤더(2.0g x 2TB), 푸에르 차(1.2g x 2TB), 카모마일 차(0.7g x 2TB). ), ), ), ), 페퍼민트 차 (0.5g x 2TB) [나무 케이스] 특별한 날에 이 쌍계 큐브우드 16P 선물 세트를 친구, 가족 또는 동료에게 가져가세요. 고급스러운 나무 상자 선물 세트로 사랑과 존경을 표현하고 다양한 종류의 고급 차를 즐기세요. [프리미엄 피라미드 티백] 스테이플 없이 프리미엄 피라미드 필터 티백으로 제작되어 신선하고 맛있는 브루를 제공합니다. 작은 상자에 포장되어 쉽고 편리한 단일 티백을 개별적으로 포장합니다. [추출 방법] 티백을 먼저 찻잔에 넣고 뜨거운 물을 부은 다음 3분 동안 끓입니다. 그렇지 않으면, 추출된 차에 적당한 얼음과 함께 차갑게 마실 수 있습니다. [간편한 휴대] 개별 포장된 티백을 하나 또는 두 개만 챙기세요. 가방이나 주머니에 넣고 어디에서나 즐기세요. 하이킹, 캠핑 또는 야외 활동 후 마음을 따뜻하게 진정시키는 차 한 잔을 드셔보세요. 또는 더운 날에 탈수된 경우 얼음과 차가운 물과 함께 아이스티를 즐기세요(예, 찬물에서 잘 작동합니다!). 파티에서 멋진 차를 제공하는 것도 좋은 아이디어입니다. 원하는 곳 어디에서나 쌍계차를 즐기세요. [고객 만족 보장] 어떤 이유로든 쌍계차 구매에 100% 만족하지 못하셨다면 저희에게 연락하시면 아무 질문 없이 주문을 전액 환불해 드리겠습니다. 한국 차 마스터 김 씨는 최고의 품질을 위해 모든 절차를 관리합니다. 대부분의 신선한 제품이 배송될 것을 보장합니다.",,"['차', '쌍계', '선물', '티백', '한국', '포장', '상자', '프리미엄']"
식음료,식음료 선물,차 선물,,B0CW73CJR3,Chen Pi Cun (陳皮村吴村长) Deried 분쇄 탠저린 필,Chen Pi Cun （陳皮村吴村长）,33240,33240,,,"보관 방법: 시원하고 건조한 곳에 보관하세요. 유통 기한: 가능한 한 오랫동안 적절하게 보존됩니다 추출 방법: 오래된 귤 껍질을 컵에 넣고 추출을 위해 적절한 양의 85°C 뜨거운 물을 넣고 2-3분 정도 기다립니다. Chen Pi Cun, 중국 신후이 최고의 브랜드 중 하나입니다. 저희는 정품 Xinhui 탠저린 필만을 판매하고 전 세계에 제품을 소개합니다. 100g/캔.","2013년 선정 신후이 귤 껍질, 부드럽고 향기로운 오래된 귤 껍질의 2가지 특징. 인체의 제나라를 조절하는 가장 유명한 중국 허브 중 하나입니다. 일반적으로 소화 불량, 설사, 구토 및 기타 형태의 소화 약화 또는 장애, 딸꾹질 및 특정 유형의 기침(특히 과도한 가래 생성과 관련된 젖은 기침)을 치료하는 데 사용됩니다","['귤', '껍질', '오래되다', '보관', '적절하다', '소화', '추출', '기침', '중국', '치료']"
식음료,식음료 선물,차 선물,,B0CDQLHGFV,"Tease 차 유기농 차 선물 세트 | 15피스 식물성 피라미드 티백 인퓨저 향 주머니 럭셔리 웰니스 티 애호가 키트 루즈 리프 블렌드, 엘더베리, 건포도, 히비스커스 카페인 프리 37g (베리 부스터)",Tease,26315,26564,5.0,4.0,"15피스 식물성 피라미드 티백 인퓨저 향 주머니 선물 세트로 절묘한 웰니스 차의 세계를 발견하세요. 각 향 주머니는 프리미엄 유기농 재료로 신중하게 제작되어 고급스럽고 향기로운 블렌드를 만듭니다. 인생에서 더 좋은 것을 좋아하는 차 애호가에게 적합합니다. 풍부한 맛, 타르트하면서도 은은하게 달콤한 베리 리치 브루. 항산화 성분이 풍부한 블렌드로 시스템이 표준만큼 높은 기능을 유지하도록 도와줍니다. 카페인 프리. 한 모금마다 맛의 교향곡: 엘더베리, 건포도, 히비스커스로 전문적으로 선별된 카페인 프리 블렌드의 풍부하고 상쾌한 맛을 즐기세요. 각 성분이 조화를 이루는 기분 좋은 노트를 맛보고, 감각을 깨우는 기억에 남는 차 마시는 경험을 선사합니다. 각 튜브에는 15개의 피라미드 백이 포함되어 있습니다. 타협하지 않는 유기농 장점: 저희는 최고급 유기농 찻잎과 식물만을 사용하는 것에 자부심을 가지고 있으며, 자연의 풍부한 제품을 통해 감각적인 여행을 안내하기 위해 특별히 선별된 15피스 유기농 차 선물 세트로 맛있는 탐험을 시작합니다. 각 피라미드 티백 인퓨저 향 주머니는 엄선된 식물의 즐거운 혼합물을 담을 수 있어 독특하고 몰입감 있는 차 경험을 만들어 무성한 정원과 고요한 풍경으로 안내합니다. 차 애호가를 위한 완벽한 선물: 이 우아한 차 애호가 튜브 키트로 자신을 대하거나 사랑하는 사람을 놀라게 하세요. 아름답게 포장된 37g 피라미드 티백 인퓨저 향 주머니 15팩은 차 예술에 대한 취향과 감사를 많이 표현하는 사려 깊고 고급스러운 선물입니다. 계속해서 주는 선물인 럭셔리 웰니스 티 애호가 키트로 일상의 번잡함을 피하세요. Tease Tea로 웰빙을 받아들이세요: 즐거운 맛을 넘어 저희 차에는 웰니스 특성이 담겨 있습니다. 엘더베리, 건포도 및 히비스커스의 조합은 항산화 물질과 비타민을 풍부하게 하고 Tease 차를 마실 때마다 건강한 라이프 스타일을 선사합니다. 저희는 전체 잎, 모든 천연 재료 및 재료를 사용합니다. 피라미드 모양은 물이 재료를 더 자유롭게 통과하여 효율적인 풍미를 제공합니다.",,"['차', '선물', '피라미드', '주머니', '향', '유기농', '애호가', '베리', '풍부하다', '맛']"
식음료,식음료 선물,차 선물,,B0CTXVQH2N,First & Main Coffee Co. - Whiskey Tango Foxtrot - 미디엄 로스트 커피 (0.5kg(1파운드) - 그라운드),First & Main Coffee Co.,28918,28918,4.6,3.0,오크 맛 - 버번 - 시나몬 - 과일 위스키 배럴에서 숙성된 콩으로 제작되고 천천히 로스팅됩니다 Our House Coffee Bends 컬렉션의 일부 모든 브루 유형에 적합합니다,"하우스 커피 블렌드 컬렉션의 일부입니다. Whiskey Tango Foxtrot은 위스키 배럴에서 숙성된 소량의 과테말라 콩으로 수작업으로 만든 미디엄 로스트입니다. 천연 오크, 버번, 계피 및 과일 맛으로 천천히 로스팅합니다. 모든 브루잉 유형에 적합합니다.","['버번', '컬렉션', '커피', '과일', '일부', '위스키', '오크', '로스트', '숙성', '콩']"
식음료,식음료 선물,차 선물,,B01KIXHF5G,"Green Tea, Akbar GOLD, 스리랑카, 프리미엄 품질 금속 주석 선물 상자 9.6온스 / 275 g",Akbar,47062,47062,5.0,1.0,스리랑카의 최고 품질의 차 녹차는 진공 밀봉된 금속 틴에 포장됩니다. 훌륭한 선물 상자 아이템 자연스럽고 친환경적인 제품 유명한 러시아 스타일 차,"녹차 공정에 따라 제조된 최고급 작은 잎 티 셀렉션은 신선한 향기, 밝은 색상 및 부드러운 맛으로 상쾌한 차를 생산합니다.","['차', '금속', '녹차', '상자', '선물', '스리랑카', '훌륭하다', '신선하다', '러시아', '맛']"
식음료,식음료 선물,차 선물,,B075NCYBBM,"Special Tea 오렌지 쿠키 홍차, 20개",Special Tea,22866,22866,5.0,1.0,"생분해성 티백 종이. 프리미엄 고급 등급 잎차. 프리미엄 찻잎은 모든 에센셜 오일을 그대로 함유하여 맛, 품질 및 건강상의 이점을 유지합니다. 미국에서 개별 수작업으로 포장됩니다. 신선함을 유지하기 위해 재밀봉 가능한 호일 파우치에 포장되어 있습니다.","그 특징은 매운맛입니다. 달콤한 계피 비트, 매운 고수, 카다몬, 정향 및 뜨거운 과일 고추는 달콤한 사과 조각의 넉넉한 양으로 훌륭하게 마무리됩니다.","['달콤하다', '프리미엄', '포장', '유지', '맵다', '맛', '뜨겁다', '비트', '분해', '밀봉']"
식음료,식음료 선물,차 선물,,B0CV3F3MTP,First & Main Coffee Co. - 탄자니아 - 싱글 오리진 빈 - 미디엄 로스트 커피 (0.9kg(2파운드) - 그라운드),First & Main Coffee Co.,53848,53848,,,Amazing And All Natural Pear - Strawberry - 자스민 맛 단일 원산지 콩 - 천천히 로스팅됨 - 소량으로 수작업으로 제작 단일 원산지 콩 컬렉션의 일부 모든 브루 유형에 적합합니다,"싱글 오리진 빈 컬렉션의 일부입니다. 탄자니아는 탄자니아의 음베야 지역에서 재배된 버번과 켄트 빈으로 소량으로 수작업으로 제작된 미디엄 다크 로스트입니다. 점토에서 재배하고 손으로 따서 천연 배, 딸기 및 재스민 맛으로 햇볕에 건조시킵니다. 모든 브루잉 유형에 적합합니다.","['탄자니아', '오리진', '로스트', '싱글', '미디엄', '일부', '맛', '작업', '재배', '소량']"
식음료,식음료 선물,차 선물,,B0CV276Y4H,First & Main Coffee Co. - 거북이 - 미디엄 로스트 커피 (0.9kg(2파운드) - 그라운드),First & Main Coffee Co.,53848,53848,,,천연 초콜릿 - 캐러멜 - 헤이즐넛 맛 슬로우 로스팅 - 소량으로 수작업으로 제작 초콜릿 애호가 컬렉션의 일부 모든 브루 유형에 적합합니다,"초콜릿 애호가 컬렉션의 일부입니다. 거북이는 맛있는 천연 초콜릿, 캐러멜 및 헤이즐넛 향이 나는 놀라운 수제 미디엄 로스트입니다. 모든 브루 스타일에 적합합니다.","['초콜릿', '헤이즐넛', '일부', '로스트', '미디엄', '브루', '애호가', '거북이', '천연', '캐러멜']"
식음료,식음료 선물,차 선물,,B0CTW6PC7N,First & Main Coffee Co. - 멕시코 - 싱글 오리진 빈 - 미디엄 로스트 커피 (0.5kg(1파운드) 가루),First & Main Coffee Co.,28918,28918,,,천연 초콜릿 - 시나몬 - 그린 애플 맛 단일 원두 - 천천히 로스팅됨 - 소량으로 수작업으로 제작 단일 원산지 콩 컬렉션의 일부 모든 브루 유형에 적합합니다,"싱글 오리진 콩 컬렉션의 일부입니다. 멕시코는 Typica, Criollo, Mundo Nova 및 Caturra 콩으로 수작업으로 만든 미디엄 로스트입니다. 점토로 재배하고 손으로 따서 천연 초콜릿, 계피 및 녹색 사과 맛으로 햇볕에 말립니다. 모든 브루잉 유형에 적합합니다.","['콩', '작업', '일부', '멕시코', '맛', '싱글', '오리진', '로스트', '미디엄', '단일']"
식음료,식음료 선물,차 선물,,B0CTSDFLXN,First & Main Coffee Co. - 온두라스 - 싱글 오리진 빈 - 미디엄 로스트 커피 (0.9kg(2파운드) - 그라운드),First & Main Coffee Co.,53848,53848,,,천연 캐러멜 - 향신료 - 흑설탕 맛 싱글 오리진 빈 - 슬로우 로스팅 - 소량으로 수작업으로 제작 단일 원산지 콩 컬렉션의 일부 모든 브루 유형에 적합합니다,"싱글 오리진 빈 컬렉션의 일부입니다. 온두라스는 마르칼라 및 라파스 지역에서 재배된 콩을 사용한 수제 다크 미디엄 로스트입니다. 점토에서 재배하고 손으로 따서 천연 캐러멜, 향신료 및 흑설탕 맛으로 햇볕에 건조시킵니다. 모든 브루잉 유형에 적합합니다.","['싱글', '오리진', '재배', '로스트', '맛', '미디엄', '향신료', '온두라스', '일부', '흑설탕']"
식음료,식음료 선물,차 선물,,B0CTS2NVY4,First & Main Coffee Co. - 이탈리안 - 다크 로스트 커피 (0.9kg(2파운드) - 그라운드),First & Main Coffee Co.,53848,53848,,,대담한 - 절대 쓰지 않음 - 다크 로스트 블렌드 슬로우 로스팅 - 소량으로 수작업으로 제작 Our House Coffee Blends 컬렉션의 일부 모든 브루 유형에 적합합니다,하우스 커피 블렌드 컬렉션과 싱글 오리진 빈 컬렉션의 일부입니다. 이탈리안은 천천히 구운 아라비카와 로부스타 원두로 수작업으로 제작된 대담하고 다크 로스트입니다. 모든 브루잉 유형에 적합합니다.,"['다크', '로스트', '컬렉션', '블렌드', '커피', '대담하다', '제작', '작업', '일부', '이탈리안']"
식음료,식음료 선물,차 선물,,B0CTS1TW2T,First & Main Coffee Co. - 과테말라 - 싱글 오리진 빈 - 미디엄 로스트 커피 (0.9kg(2파운드) - 그라운드),First & Main Coffee Co.,53848,53848,,,Naural 다크 초콜릿 - 버터스카치 - 밝은 과일 맛 단일 원산지 콩 - 천천히 로스팅됨 - 소량으로 수작업으로 제작 단일 원산지 콩 컬렉션의 일부 모든 브루 유형에 적합합니다,"싱글 오리진 빈 컬렉션의 일부입니다. 과테말라는 소량의 버번, 카투아이, 카투라, 타이피카 원두로 만든 수제 미디엄 로스트입니다. 천연 다크 초콜릿, 밝은 과일 및 버터스카치 맛으로 안티구아 지역의 화산 양토에서 재배됩니다. 모든 브루잉 유형에 적합합니다.","['과일', '초콜릿', '싱글', '소량', '오리진', '일부', '버터', '미디엄', '맛', '로스트']"
식음료,식음료 선물,차 선물,,B0CTFVK2PN,First & Main Coffee Co. - 에티오피아 - 싱글 오리진 빈 - 미디엄 로스트 커피 (0.5kg(1파운드) - 그라운드),First & Main Coffee Co.,28918,28918,,,천연 초콜릿 - 캐러멜 - 과일 맛 단일 원산지 콩 - 천천히 로스팅됨 - 소량으로 수작업으로 제작 단일 원산지 콩 컬렉션의 일부 모든 브루 유형에 적합합니다,"싱글 오리진 빈 컬렉션의 일부입니다. 에티오피아는 에티오피아의 시다마 존에서 자란 소량의 콩을 천연 초콜릿, 캐러멜 및 과일 맛으로 수작업으로 만든 미디엄 로스트 제품입니다. 모든 브루 스타일에 적합합니다.","['콩', '에티오피아', '오리진', '단일', '로스트', '맛', '미디엄', '브루', '소량', '컬렉션']"
식음료,식음료 선물,차 선물,,B0CTBNP6C4,First & Main Coffee Co. - 코스타리카 - 싱글 오리진 빈 - 미디엄 로스트 커피 (0.9kg(2파운드) - 그라운드),First & Main Coffee Co.,53848,53848,,,천연 달콤한 사과 - 건포도 - 꿀 맛 단일 원산지 콩 - 천천히 로스팅됨 - 소량으로 수작업으로 제작 단일 원산지 콩 컬렉션의 일부 모든 브루 유형에 적합합니다,"싱글 오리진 빈 컬렉션의 일부입니다. 코스타리카는 코스타리카 알라후엘라 지역의 콩을 사용한 수제 미디엄 로스트입니다. 천연 달콤한 사과, 건포도 및 꿀 향이 나는 풍부한 토종 화산 양토에서 재배됩니다. 모든 브루잉 유형에 적합합니다.","['콩', '코스타리카', '건포도', '천연', '싱글', '미디엄', '오리진', '일부', '로스트', '달콤하다']"
식음료,식음료 선물,차 선물,,B0CT67RY9B,First & Main Coffee Co - 콜드 콜드 브루 - 미디엄 로스트 커피 (0.5kg(1파운드) - 그라운드),First & Main Coffee Co.,28918,28918,4.1,3.0,천연 초콜릿 - 토피 - 꽃 맛 슬로우 로스팅 - 소량으로 수작업으로 제작 Our House Coffee Blends 컬렉션의 일부 모든 브루 유형에 적합 - 뜨겁게 서빙할 수 있습니다 - 얼음 위에 - 차갑게,"하우스 커피 블렌드 컬렉션의 일부입니다. 콜드 콜드 브루는 자연스럽고 부드러운 초콜릿, 토피 및 꽃 맛으로 수작업으로 제작된 미디엄 로스트입니다. 모든 브루잉 유형에 적합하며 뜨거운 음식, 얼음 위에 또는 차갑게 서빙할 수 있습니다.","['콜드', '브루', '얼음', '일부', '뜨겁다', '로스트', '맛', '미디엄', '서빙', '토피']"
식음료,식음료 선물,차 선물,,B0CT2JBKVF,"유기농 GENMAICHA, 우지 교토의 일본 잎차 의식 등급 80g / 2.82oz - 볶은 쌀을 곁들인 일본 녹차, 교토 - 정통 교토 시리즈",Morihan,27700,27700,,,"●USDA 인증 유기농 ・의식용 등급 품질 유기농 GENMAICHA: 상쾌한 센차(일본 녹차)의 조화와 볶은 쌀의 풍미있는 향기. ・정통 교토 교토 – 전 세계에서 평생 방문하고 싶었던 곳 목록에 항상 있는 도시. 아름다운 역사적 풍경, 전통 문화 및 장인 정신, 훌륭한 정통 일본 음식은 사람들을 매료시킵니다. 일본 차 가공 방법은 교토에서 유래되었으며 이후 일본 전역에 퍼졌습니다. 차 재배에 적합한 멋진 환경에서 생산되고 애스터 장인이 가공한 정통 교토 차의 우아한 향기, 균형 잡힌 단맛과 쓴맛, 풍부한 ""우마미""를 즐기세요. ●유통 기한: 제조 후 24개월","・교에이세이차 주식회사 모리한은 1836년에 설립된 가족 기업입니다. 당사는 거의 2세기에 걸친 차 전통, 혁신 및 고품질 차 제품 공급을 보유하고 있습니다. 당사는 ""안전하고 신뢰할 수 있는"", ""고품질 및 비용 가치"", ""혁신적인"" 제품 및 서비스를 제공하여 고객과 최종 사용자를 만족시키기 위해 지속적으로 노력하고 있습니다. Kyoeiseicha는 자랑스러운 차 마스터가 엄선한 고품질 찻잎을 사용하고 새로운 기술을 적극적으로 도입하는 등 항상 고품질 일본 차를 만드는 데 전념하고 있습니다. 한편, 교에이세이차는 모든 제품의 품질과 안전을 보장하기 위해 엄격한 품질 시스템을 유지합니다. 모든 제품은 색상과 향기 등에 대해 당사의 티 마스터가 검사해야 합니다. 또한 품질 부서에서 수치 값으로 제품의 품질을 확인하기 위해 미세 생물학적 및 물리 화학적 테스트를 수행했습니다. 또한, 저희 공장은 GFSI(FSSC22000)를 획득했으며 일부 제품은 할랄, 코셔 및 유기농 JAS(일본 농업 표준) 인증을 받아 다양한 소비자 요구를 충족합니다.","['차', '일본', '교토', '유기농', '정통', '향기', '가공', '쌀', '의식', '이차']"
식음료,식음료 선물,차 선물,,B0CT2F6GBK,"유기농 호지차 (로스트 녹차) - 정품 교토 시리즈, 우지 교토의 일본 루즈 리프 티 의식 등급 30g / 1.05oz - 일본 로스트 녹차",Morihan,15650,15650,,,●유기농 호지차 - 교토 - 30g ●USDA 인증 유기농 ●느슨한 잎차 ●유통 기한: 제조 후 24개월,"HOJICHA - 독특한 브라운 색상, 풍부한 향기로운 구운 일본 녹차 교토 - 전 세계에서 평생 방문하기를 꿈꾸던 장소 목록에 항상 있는 도시. 아름다운 역사적 풍경, 전통 문화 및 장인 정신, 훌륭한 정통 일본 음식은 사람들을 매료시킵니다. 일본 차 가공 방법은 교토에서 시작되어 일본 전역에 퍼졌습니다. ""UJICHA""라는 이름으로 알려진 교토 차는 다도에서 정기적으로 사용될 뿐만 아니라 전국의 차 전문가들에게도 높은 평가를 받고 있습니다. 차 재배에 적합한 멋진 환경에서 생산되고 장인이 가공한 정통 교토 차의 우아한 향기, 균형 잡힌 단맛과 쓴맛, 풍부한 ""우마미""를 즐기세요.","['교토', '일본', '차', '녹차', '유기농', '가공', '풍부하다', '장인', '로스트', '정통']"
식음료,식음료 선물,차 선물,,B0CSZG1Y5V,First & Main Coffee Co. - 초콜릿 헤이즐넛 - 미디엄 로스트 커피 (0.9kg(2파운드) - 그라운드),First & Main Coffee Co.,53848,53848,,,천연 다크 초콜릿 - 헤이즐넛 맛 슬로우 로스팅 - 소량으로 수작업으로 제작 초콜릿 애호가 컬렉션의 일부 모든 브루 유형에 적합합니다,초콜릿 애호가 컬렉션의 일부입니다. 초콜릿 헤이즐넛은 천연 다크 초콜릿과 헤이즐넛 맛으로 수작업으로 제작된 미디엄 로스트입니다. 어떤 브루 스타일에서도 놀라운 맛을 내는 완벽한 디저트 커피. 헤이즐넛과 시나몬 헤이즐넛도 준비되어 있습니다.,"['헤이즐넛', '초콜릿', '맛', '브루', '로스트', '컬렉션', '애호가', '일부', '작업', '제작']"
식음료,식음료 선물,차 선물,,B0CSDYJYN1,First & Main Coffee Co. - 6개의 빈 - 다크 로스트 커피 (0.5kg(1파운드) - 그라운드),First & Main Coffee Co.,28918,28918,,,부드럽고 자연스럽게 달콤한 다크 로스트 슬로우 로스팅 - 소량으로 수작업으로 제작 Our House Coffee Blends 컬렉션의 일부 에스프레소 - 프렌치 프레스 - 또는 모든 커피 음료의 베이스로 적합합니다,"하우스 커피 블렌드 컬렉션의 일부입니다. Six Bean은 전 세계에서 책임감 있게 재배되고 책임감 있게 공급되는 소량의 콩으로 수작업으로 제작된 다크 맛있고 부드러운 로스트입니다. 에스프레소, 프렌치 프레스 또는 혼합 음료를 위한 베이스로 적합합니다.","['로스트', '다크', '커피', '에스프레소', '부드럽다', '소량', '음료', '일부', '작업', '베이스']"
식음료,식음료 선물,차 선물,,B00MIFPZJQ,Xin Yi Hao Menghai Tuo Cha Pu Er Tea Ripe Pu'erh Tea 200g,Xin Yi Hao Menghai Tuo Cha,31841,31841,,,"원산지: 윈난, 중국 생산 날짜: 2014 유통 시간: 장기. 길수록 더 좋습니다 중량: 200g (100g x 2) 기술: Pu er ripe Tea 보관: 통풍이 잘되고 건조하며 그늘지며 이상한 냄새와 오염이 없는 곳에서 생산성을 유지하십시오.","푸에르 차 정보: 푸에르 차의 중국 차 역사는 매혹적입니다. Pu'er te는 중국 내에서 가장 오래된 차 유형 중 하나입니다. 1700년 이상의 풍부한 역사를 가진 동부 한나라 (25-220 AD)으로 다시 추적할 수 있습니다. 인기의 높이를 높이는 동안 Pu'r 차는 자유로운 거래가 되었으며 심지어 상품 교환을 위해 돈으로도 사용되었습니다. 프리미엄 푸에르 차는 중국 황제에게 찬사를 받은 차로, 오늘날까지 푸에르 차는 매우 가치있는 제품입니다. 푸에르 차는 중국에서 많은 건강 혜택을 받은 전통 의약차로 유명합니다. 생산 직후 바로 소비해야 하는 다른 차와는 달리, pu-erh는 바로 마시거나 수년 동안 숙성될 수 있습니다. 푸어어 차는 종종 와인 빈티지처럼 연도와 생산지역별로 분류됩니다. World Renowed Tea amazon 스토어에 오신 것을 환영합니다. 더 많은 종류의 차 및 차 양조 액세서리를 만나보세요!","['차', '에르', '중국', '생산', '역사', '의약차', '전통']"
식음료,식음료 선물,차 선물,,B075NGKV2Y,"Special Tea Orange Blossom 우롱차, 20개",Special Tea,37865,37865,,,"생분해성 티백 종이. 프리미엄 고급 등급 잎차. 프리미엄 찻잎은 모든 에센셜 오일을 그대로 함유하여 맛, 품질 및 건강상의 이점을 유지합니다. 미국에서 개별 수작업으로 포장됩니다. 신선함을 유지하기 위해 재밀봉 가능한 호일 파우치에 포장되어 있습니다.","이 미디엄 바디 타이완 우롱은 오렌지의 달콤한 에센스를 가지고 있으며, 뜨겁거나 아이스로 완벽하게 제공됩니다. 오렌지 블라썸 티 타입: 우롱차","['오렌지', '프리미엄', '포장', '우롱차', '유지', '밀봉', '신선하다', '상의', '블라썸', '분해']"
식음료,식음료 선물,차 선물,,B075NGG1BR,"Special Tea 애플 무화과 센차 계절 녹차, 20개",Special Tea,34043,34043,,,"생분해성 티백 종이. 프리미엄 고급 등급 잎차. 프리미엄 찻잎은 모든 에센셜 오일을 그대로 함유하여 맛, 품질 및 건강상의 이점을 유지합니다. 미국에서 개별 수작업으로 포장됩니다. 신선함을 유지하기 위해 재밀봉 가능한 호일 파우치에 포장되어 있습니다.",사워 그린 애플과 무더운 달콤한 무화과는 이 미묘한 중국 센차 스타일 녹차에 완벽하게 적합합니다.,"['녹차', '프리미엄', '포장', '애플', '차', '무화과', '유지', '맛', '미묘하다', '미국']"
식음료,식음료 선물,차 선물,,B075NG93CL,"Special Tea 오렌지 바닐라 화이트 초콜릿 홍차, 20개",Special Tea,25608,25608,5.0,1.0,"생분해성 티백 종이. 프리미엄 고급 등급 잎차. 프리미엄 찻잎은 모든 에센셜 오일을 그대로 함유하여 맛, 품질 및 건강상의 이점을 유지합니다. 미국에서 개별 수작업으로 포장됩니다. 신선함을 유지하기 위해 재밀봉 가능한 호일 파우치에 포장되어 있습니다.","이 감미롭고 크리미한 오렌지 홍차는 부드러운 입맛과 달콤하고 맛있는 맛을 가지고 있습니다. 오렌지 슬라이스, 달콤한 시트러스 및 크리미한 바닐라로 디저트를 완벽하게 대체합니다.","['오렌지', '홍차', '프리미엄', '포장', '바닐라', '달콤하다', '크리미', '유지', '맛', '맛있다']"
식음료,식음료 선물,차 선물,,B075NFTXJF,"Special Tea 트로피컬 미스트 녹차, 20개",Special Tea,30899,30899,,,"생분해성 티백 종이. 프리미엄 고급 등급 잎차. 프리미엄 찻잎은 모든 에센셜 오일을 그대로 함유하여 맛, 품질 및 건강상의 이점을 유지합니다. 미국에서 개별 수작업으로 포장됩니다. 신선함을 유지하기 위해 재밀봉 가능한 호일 파우치에 포장되어 있습니다.","녹차, 열대 과일 에센스, 바나나, 코코넛의 아로마 유기농 혼합. 뜨겁게 또는 아이스로 맛있게 드실 수 있습니다. 트로피컬 미스트 유기농 센차 차 타입: 녹차","['녹차', '차', '프리미엄', '포장', '트로피', '컬', '유기농', '유지', '미스트', '미국']"
식음료,식음료 선물,차 선물,,B075NFFFZX,"Special Tea Lemon Ginger Snap 유기농 녹차, 20개",Special Tea,37021,37021,,,"생분해성 티백 종이. 프리미엄 고급 등급 잎차. 프리미엄 찻잎은 모든 에센셜 오일을 그대로 함유하여 맛, 품질 및 건강상의 이점을 유지합니다. 미국에서 개별 수작업으로 포장됩니다. 신선함을 유지하기 위해 재밀봉 가능한 호일 파우치에 포장되어 있습니다.",맛있는 핫 또는 아이스가 빠르게 가장 좋아하는 하우스 블렌드가 되었습니다. 녹차의 수많은 긍정적인 이점과 생강의 위장 진정 특성으로 뜨겁거나 얼음으로 훌륭한 선택입니다.,"['프리미엄', '포장', '녹차', '유지', '이점', '훌륭하다', '밀봉', '생강', '상의', '빠르다']"
식음료,식음료 선물,차 선물,,B075NFFFY5,"Special Tea Ginger Peach 홍차, 20개, 40g(1.4온스)",Special Tea,30830,30830,,,"생분해성 티백 종이. 프리미엄 고급 등급 잎차. 프리미엄 찻잎은 모든 에센셜 오일을 그대로 함유하여 맛, 품질 및 건강상의 이점을 유지합니다. 미국에서 개별 수작업으로 포장됩니다. 신선함을 유지하기 위해 재밀봉 가능한 호일 파우치에 포장되어 있습니다.",홍차는 활발한 복숭아 맛을 가지고 있으며 적절한 양의 유기농 생강 뿌리와 혼합되어 배에 쉽게 균형 잡힌 아로마 컵을 만듭니다. 뜨겁거나 차갑게 서빙하세요.,"['홍차', '유지', '프리미엄', '포장', '맛', '활발하다', '분해', '서빙', '생강', '상의']"
식음료,식음료 선물,차 선물,,B075NFFFXM,"Special Tea Cold Comfort 허브 티, 20개",Special Tea,31010,31010,3.0,1.0,"생분해성 티백 종이. 프리미엄 고급 등급 잎차. 프리미엄 찻잎은 모든 에센셜 오일을 그대로 함유하여 맛, 품질 및 건강상의 이점을 유지합니다. 미국에서 개별 수작업으로 포장됩니다. 신선함을 유지하기 위해 재밀봉 가능한 호일 파우치에 포장되어 있습니다.",USDA 인증 유기농 허브의 편안한 조합은 감기와 독감 증상을 예방하고 완화하는 데 도움이 됩니다.,"['허브', '프리미엄', '포장', '유지', '호일', '미국', '에센셜', '신선하다', '상의', '분해']"
식음료,식음료 선물,차 선물,,B075ND56GG,"Special Tea 배 시나몬 허브 티, 20개",Special Tea,45857,45857,3.0,1.0,"생분해성 티백 종이. 프리미엄 고급 등급 잎차. 프리미엄 찻잎은 모든 에센셜 오일을 그대로 함유하여 맛, 품질 및 건강상의 이점을 유지합니다. 미국에서 개별 수작업으로 포장됩니다. 신선함을 유지하기 위해 재밀봉 가능한 호일 파우치에 포장되어 있습니다.","이 천국, 과일, 매운맛, 달콤한 구성은 수많은 단일 성분과 맛으로 구성되어 있습니다. 균형 잡힌 맛은 신선하고 잘 익은 부드러운 배와 달콤한 계피 뉘앙스에서 나옵니다.","['맛', '프리미엄', '포장', '신선하다', '달콤하다', '유지', '호일', '뉘앙스', '미국', '맵다']"
식음료,식음료 선물,차 선물,,B075ND56FB,"Special Tea Maple Taffy 홍차, +c67, 20개",Special Tea,28766,28766,,,"생분해성 티백 종이. 프리미엄 고급 등급 잎차. 프리미엄 찻잎은 모든 에센셜 오일을 그대로 함유하여 맛, 품질 및 건강상의 이점을 유지합니다. 미국에서 개별 수작업으로 포장됩니다. 신선함을 유지하기 위해 재밀봉 가능한 호일 파우치에 포장되어 있습니다.",저희는 메이플 태피를 만드는 캐나다의 인기 있는 전통에 매료되었습니다. 가열된 메이플 시럽을 눈 층에 부어 시럽을 빠르게 식히고 두껍게 만듭니다.,"['시럽', '메이플', '프리미엄', '포장', '유지', '상의', '빠르다', '분해', '부어', '티백']"
식음료,식음료 선물,차 선물,,B075ND56CH,"Special Tea Enchanted Forest 녹차, 20개",Special Tea,29417,29417,,,"생분해성 티백 종이. 프리미엄 고급 등급 잎차. 프리미엄 찻잎은 모든 에센셜 오일을 그대로 함유하여 맛, 품질 및 건강상의 이점을 유지합니다. 미국에서 개별 수작업으로 포장됩니다. 신선함을 유지하기 위해 재밀봉 가능한 호일 파우치에 포장되어 있습니다.",부드러운 센차와 스파이시 그린 메이트의 혼합은 정말 놀라움입니다. 풍부한 장식으로 눈에 띄는 외관뿐만 아니라 완전히 새롭고 향기로운 맛을 개발합니다.,"['유지', '프리미엄', '포장', '맛', '혼합', '밀봉', '신선하다', '스파이', '상의', '분해']"
식음료,식음료 선물,차 선물,,B075ND56BR,"Special Tea 시트러스 버스트 푸에르, 20개",Special Tea,33752,33752,,,"생분해성 티백 종이. 프리미엄 고급 등급 잎차. 프리미엄 찻잎은 모든 에센셜 오일을 그대로 함유하여 맛, 품질 및 건강상의 이점을 유지합니다. 미국에서 개별 수작업으로 포장됩니다. 신선함을 유지하기 위해 재밀봉 가능한 호일 파우치에 포장되어 있습니다.",이국적인 감귤류 과일의 즙이 많은 조합은 뜨겁거나 얼음을 제공하기에 완벽하게 적합한 재미있고 맛있는 푸에르 한 잔을 만듭니다.,"['에르', '프리미엄', '포장', '유지', '맛', '상의', '분해', '버스', '밀봉', '미국']"
식음료,식음료 선물,차 선물,,B075ND55V8,"Special Tea 시트러스 셔벗 우롱, 20개",Special Tea,34167,34167,,,"생분해성 티백 종이. 프리미엄 고급 등급 잎차. 프리미엄 찻잎은 모든 에센셜 오일을 그대로 함유하여 맛, 품질 및 건강상의 이점을 유지합니다. 미국에서 개별 수작업으로 포장됩니다. 신선함을 유지하기 위해 재밀봉 가능한 호일 파우치에 포장되어 있습니다.",시트러스 셔벗에 대해 우리가 좋아하는 점은 역동적인 컵을 만드는 Huang Jin Gui 베이스를 약간 향상시켰다는 것입니다.,"['셔벗', '프리미엄', '포장', '유지', '트러스', '호일', '밀봉', '상의', '분해', '베이스']"
식음료,식음료 선물,차 선물,,B075ND4X81,"Special Tea Very Vanilla 홍차, 20개, 40g(1.4온스)",Special Tea,28766,28766,,,"생분해성 티백 종이. 프리미엄 고급 등급 잎차. 프리미엄 찻잎은 모든 에센셜 오일을 그대로 함유하여 맛, 품질 및 건강상의 이점을 유지합니다. 미국에서 개별 수작업으로 포장됩니다. 신선함을 유지하기 위해 재밀봉 가능한 호일 파우치에 포장되어 있습니다.","천연 카페인 프리, 슈퍼 그레이드 루이보스는 바닐라 에센스와 결합되어 우아하고 풍부한 브루를 만듭니다. 베리 바닐라 티 타입: 루이보스","['바닐라', '프리미엄', '유지', '포장', '루이보스', '홍차', '신선하다', '슈퍼', '상의', '브루']"
식음료,식음료 선물,차 선물,,B075NCYBB1,"Special Tea 레몬 민트 센차 녹차, 20개",Special Tea,28226,28226,,,"생분해성 티백 종이. 프리미엄 고급 등급 잎차. 프리미엄 찻잎은 모든 에센셜 오일을 그대로 함유하여 맛, 품질 및 건강상의 이점을 유지합니다. 미국에서 개별 수작업으로 포장됩니다. 신선함을 유지하기 위해 재밀봉 가능한 호일 파우치에 포장되어 있습니다.",감각을 날카롭게 합니다! 편안히 앉아 레몬 민트 센차 녹차 한 잔을 즐기며 휴식을 취하세요. 바다를 가로질러 가벼운 바람처럼 상쾌합니다,"['차', '녹차', '프리미엄', '포장', '민트', '유지', '레몬', '바다', '밀봉', '미국']"
식음료,식음료 선물,차 선물,,B075NCYB9N,"Special Tea Kochi 홍차, 20개",Special Tea,31716,31716,,,"생분해성 티백 종이. 프리미엄 고급 등급 잎차. 프리미엄 찻잎은 모든 에센셜 오일을 그대로 함유하여 맛, 품질 및 건강상의 이점을 유지합니다. 미국에서 개별 수작업으로 포장됩니다. 신선함을 유지하기 위해 재밀봉 가능한 호일 파우치에 포장되어 있습니다.",당사의 고치 홍차는 신선함과 풍부한 맛으로 높이 평가됩니다. 홍차는 다양한 방법으로 준비할 수 있으며 맛있는 뜨겁거나 차가운 음료입니다.,"['홍차', '포장', '신선하다', '맛', '프리미엄', '유지', '건강', '고급', '고치', '뜨겁다']"
식음료,식음료 선물,차 선물,,B075NCYB7M,"Special Tea Darjeeling 퍼스트 플러시 홍차, 20개",Special Tea,30151,30151,5.0,1.0,"생분해성 티백 종이. 프리미엄 고급 등급 잎차. 프리미엄 찻잎은 모든 에센셜 오일을 그대로 함유하여 맛, 품질 및 건강상의 이점을 유지합니다. 미국에서 개별 수작업으로 포장됩니다. 신선함을 유지하기 위해 재밀봉 가능한 호일 파우치에 포장되어 있습니다.",이 탁월한 Darjeeling 첫 번째 플러시는 아름다운 Singbulli Tea Estate에서 제공됩니다. 이 홍차는 고품질 다르질링 차의 전형적인 멋진 과일 언더톤을 가지고 있습니다.,"['홍차', '프리미엄', '포장', '유지', '플러시', '함유', '개생', '건강', '고급', '과일']"
식음료,식음료 선물,차 선물,,B075NCYB6W,"Special Tea Chai 유기농 차, 20개",Special Tea,31716,31716,,,"생분해성 티백 종이. 프리미엄 고급 등급 잎차. 프리미엄 찻잎은 모든 에센셜 오일을 그대로 함유하여 맛, 품질 및 건강상의 이점을 유지합니다. 미국에서 개별 수작업으로 포장됩니다. 신선함을 유지하기 위해 재밀봉 가능한 호일 파우치에 포장되어 있습니다.",홍차와 향신료의 전통적인 혼합물은 미세하게 갈아서 최대의 맛과 향을 방출합니다.,"['유지', '맛', '프리미엄', '포장', '방출', '오일', '에센셜', '신선하다', '상의', '분해']"
식음료,식음료 선물,차 선물,,B075NCY7XM,"Special Tea 자스민 녹차, 20개",Special Tea,31591,31591,5.0,1.0,"생분해성 티백 종이. 프리미엄 고급 등급 잎차. 프리미엄 찻잎은 모든 에센셜 오일을 그대로 함유하여 맛, 품질 및 건강상의 이점을 유지합니다. 미국에서 개별 수작업으로 포장됩니다. 신선함을 유지하기 위해 재밀봉 가능한 호일 파우치에 포장되어 있습니다.",달콤하고 향기로운 중국 녹차는 전통적으로 자스민 꽃잎 향이 납니다. 가볍고 부드러운 브루는 수세기 동안 즐기며 계속해서 사랑받는 제품입니다.,"['프리미엄', '포장', '유지', '녹차', '자스민', '호일', '미국', '브루', '분해', '부드럽다']"
식음료,식음료 선물,차 선물,,B075NCY7XB,"Special Tea 허니 바닐라 넥타 루이보스 티, 20개",Special Tea,32201,32201,,,"생분해성 티백 종이. 프리미엄 고급 등급 잎차. 프리미엄 찻잎은 모든 에센셜 오일을 그대로 함유하여 맛, 품질 및 건강상의 이점을 유지합니다. 미국에서 개별 수작업으로 포장됩니다. 신선함을 유지하기 위해 재밀봉 가능한 호일 파우치에 포장되어 있습니다.",은은한 허니 노트와 바닐라가 결합되어 부드럽고 쉬운 아이스 티 브루를 만듭니다. 저녁이나 카페인과 무겁고 대담한 맛을 제거하고 싶을 때 적합합니다.,"['맛', '프리미엄', '포장', '허니', '티', '바닐라', '유지', '호일', '분해', '부드럽다']"
식음료,식음료 선물,차 선물,,B075NC6S2K,"Special Tea Orange Spice 홍차, 20개",Special Tea,26384,26384,,,"생분해성 티백 종이. 프리미엄 고급 등급 잎차. 프리미엄 찻잎은 모든 에센셜 오일을 그대로 함유하여 맛, 품질 및 건강상의 이점을 유지합니다. 미국에서 개별 수작업으로 포장됩니다. 신선함을 유지하기 위해 재밀봉 가능한 호일 파우치에 포장되어 있습니다.",이 풀 바디 홍차는 오렌지와 정향의 풍부한 에센스로 강화되어 일년 중 언제든지 맛있는 휴가를 기억할 수 있습니다. 오렌지 스파이스 티 타입: 홍차,"['홍차', '오렌지', '유지', '프리미엄', '포장', '밀봉', '신선하다', '스파이스', '상의', '분해']"
식음료,식음료 선물,차 선물,,B075NC6RXY,"Special Tea 초콜릿 크림 트러플 홍차, 20개",Special Tea,27824,27824,5.0,1.0,"생분해성 티백 종이. 프리미엄 고급 등급 잎차. 프리미엄 찻잎은 모든 에센셜 오일을 그대로 함유하여 맛, 품질 및 건강상의 이점을 유지합니다. 미국에서 개별 수작업으로 포장됩니다. 신선함을 유지하기 위해 재밀봉 가능한 호일 파우치에 포장되어 있습니다.","완벽한 조합: 녹은 크리미하고 달콤한 초콜릿, 신선한 우유를 제거한 크림과 크리미한 트러플 덩어리가 만들어지는 가벼운 스폰지 케이크.","['유지', '트러플', '신선하다', '크리미', '크림', '초콜릿', '포장', '프리미엄', '건강', '개생']"
식음료,식음료 선물,차 선물,,B075NC6QF7,"Special Tea 수딩 센차 녹차, 20개",Special Tea,27409,27409,,,"생분해성 티백 종이. 프리미엄 고급 등급 잎차. 프리미엄 찻잎은 모든 에센셜 오일을 그대로 함유하여 맛, 품질 및 건강상의 이점을 유지합니다. 미국에서 개별 수작업으로 포장됩니다. 신선함을 유지하기 위해 재밀봉 가능한 호일 파우치에 포장되어 있습니다.",진정 센차 차를 마시고 스트레스를 해소하세요. 페퍼민트 민트를 감고 휴식을 취하는 건강한 방법은 소화를 돕습니다.,"['차', '유지', '프리미엄', '포장', '휴식', '소화', '상의', '분해', '밀봉', '민트']"
식음료,식음료 선물,차 선물,,B075NC6PZY,"Special Tea 캐리비안 과일 루이보스 티, 20개",Special Tea,33392,33392,,,"생분해성 티백 종이. 프리미엄 고급 등급 잎차. 프리미엄 찻잎은 모든 에센셜 오일을 그대로 함유하여 맛, 품질 및 건강상의 이점을 유지합니다. 미국에서 개별 수작업으로 포장됩니다. 신선함을 유지하기 위해 재밀봉 가능한 호일 파우치에 포장되어 있습니다.",과일 허브 티와 그린 루이보스의 조합으로 과일로 채워진 건강의 멜란지가 만들어집니다.,"['과일', '프리미엄', '포장', '건강', '유지', '티', '루이보스', '호일', '멜란지', '분해']"
식음료,식음료 선물,차 선물,,B001ELL6D4,"Ahmad Tea Afternoon Tea Selection, 10개 차 2개 선물 세트, 딸기 보존 용기 118.3ml(4온스) 병 (4팩)",Ahmad Tea,33530,33530,3.0,1.0,"4개 팩 (총 473.2ml(16온스)) 차 셀렉션은 얼 그레이, 영어 번호로 구성됩니다. 1, 영어 오후 신선함과 맛을 위해 손으로 수확한 차 전통적인 오후의 차를 위한 클래식 잉글리시 풀 과일 보존제 영국에서 포장","티백 틴 2 - 10개 [40g(1.4온스)], 딸기 113g(4온스) 보존. 잎 선택부터 꼼꼼한 블렌딩까지, 차 생산은 런던의 아마드 티의 자부심입니다. 세계에서 가장 독점적인 차를 생산하는 데 전념하는 가족 기업입니다.","['차', '보존', '생산', '영어', '딸기', '오후', '풀', '맛', '선택', '선물']"
식음료,음료,주스,,B071YYWBRC,"Tropicana 100% 주스 박스, 애플 주스, 119.9g(4.2온스) (44팩) - 진짜 과일 주스, 비타민 C 풍부, 설탕 무첨가, 인공 향료 없음",Tropicana,32616,32616,4.6,2756.0,"순수한 사과의 장점: 햇볕에 잘 익은 사과로 세심하게 제작된 100% 진짜 사과 주스의 바삭하고 상쾌한 맛을 즐기세요. 설탕이 첨가되지 않음: 설탕이나 인공 감미료를 첨가하지 않고도 순수한 사과의 단맛을 맛보세요. 여러분과 가족을 위한 건강한 선택입니다. 비타민 C 풍부: 천연 비타민 C가 함유된 사과 주스는 사과의 진정한 맛을 즐기면서 면역 체계를 지원하는 맛있는 방법을 제공합니다. 이동 중에도 편리함: 박스당 119.9g(4.2온스)의 개별 크기의 이 주스 박스는 학교 점심, 여행 및 바쁜 라이프 스타일에 적합하며 손끝에서 상쾌한 한 모금을 마실 수 있습니다. 44팩의 편리함: 44개의 주스 박스 팩으로 항상 활기차고 맛있는 음료를 마실 수 있습니다.","Tropicana 100% 주스 박스를 소개합니다. 한 모금마다 자연의 장점을 즐겁게 선사합니다. 120ml(4.2온스) 주스 상자에 편리하게 포장된 진짜 사과 주스의 바삭하고 상쾌한 맛을 즐기세요. 44개 팩으로 풍부한 자연스러운 상쾌함을 즐길 수 있습니다. 햇볕에 잘 익은 최고급 사과로 제작된 각 주스 상자는 품질과 맛에 대한 찬사입니다. Tropicana 제품은 설탕이나 인공 향료 없이 순수한 사과 에센스를 제공합니다. 맛을 타협하지 않는 건강한 선택입니다. 이동 중이거나 점심을 포장하거나 가족을 위한 빠르고 맛있는 갈증 해소제를 찾고 있든, Tropicana의 사과 주스 박스는 완벽한 동반자입니다. 라이프 스타일에 완벽하게 맞는 편리한 패키지로 과수원에서 신선한 사과의 본질을 경험하십시오.","['주스', '사과', '박스', '맛', '편리하다', '설탕', '상쾌하다', '순수하다', '첨가', '비타민']"
식음료,음료,주스,,B00C1WELM8,"Apple & Eve Sesame Street Big Bird's 사과 주스, 120ml(4.23액량 온스), 8개, 5개 팩",APPLE & EVE,48461,48461,4.7,1446.0,"Apple & Eve 100% 주스 박스는 정직한 재료로 만들어졌으며 아이들이 좋아하는 육즙이 많은 장점을 가지고 있습니다. 대량 및 프라임 팬트리로 제공됩니다 40개의 125.1ml(4온스) Big Bird's Apple 100% 주스 박스 포함 Apple and Eve 개별 주스 박스는 어린이 학교 점심, 학교 간식 또는 이동 중에도 가지고 다니기에 적합합니다 Apple & Eve 100% 과일 주스는 설탕이 첨가되지 않았으며 글루텐 프리이며 달콤한 어린이 음료의 건강한 대안입니다 모든 Apple & Eve 제품은 땅콩 프리 시설에서 생산되므로 아이들이 교실에서 나눠 먹기에 완벽한 간식입니다 Apple & Eve 대용량 주스 박스 버라이어티 팩은 엘모 펀치, 빅 버드의 사과 주스, 버트와 어니의 베리 세 가지 맛으로 제공됩니다 Apple & Eve 세서미 스트리트 주스 박스는 엘모, 빅 버드, 버트, 어니를 포함한 좋아하는 캐릭터가 특징입니다","애플 & 이브 세서미 스트리트 빅 버드의 사과 주스를 사용하면 슈퍼마켓 통로를 산책하면서 빅 버드와 눈으로 볼 때 자녀의 얼굴이 밝아지는 것을 볼 수 있습니다. 아이들은 주스를 좋아하는 만큼 좋아하는 세서미 스트리트 캐릭터를 보는 것을 좋아합니다! 아이들이 하루 종일 비타민 C를 공급하는 칼슘 강화 음료로 순수 주스의 영양 이점을 얻고 있다는 것을 알고 기분이 좋아질 것입니다. 무엇보다도 설탕이 첨가되지 않았습니다. 가정, 도시락, 휴게실 및 카페에 적합합니다. Apple & Eve 세서미 스트리트 빅 버드 애플 주스는 모든 환경에 건강하고 맛있는 주스입니다. 1975년부터 미국 전역의 가족에게 더 건강한 주스를 제공하고자 하는 희망으로 시작한 Apple & Eve는 수백만 가족의 가정에 초대되어 순수하고 맛있는 주스를 제공하는 것을 자랑스럽게 생각하고 겸손하게 생각합니다.","['주스', '빅', '버드', '박스', '스트리트', '사과', '건강하다']"
식음료,음료,주스,,B0CY3SGYDX,"Apple n Eve 아동용 주스 버라이어티 팩, 100% 주스 버라이어티 팩, 190ml(6.75온스) (36팩)",Generic,48405,48405,3.7,11.0,"애플 주스 버라이어티 팩, 아동용 주스 100% 주스 버라이어티 팩, 190ml(6.75온스) (36팩)","애플 주스 버라이어티 팩, 아동용 주스 100% 주스 버라이어티 팩, 190ml(6.75온스) (36팩)","['주스', '버라이어티', '아동', '애플']"
식음료,음료,주스,,B08LHX6MH6,"Ocean Spray® 100% 주스 크랜베리 망고 주스 블렌드, 192.7ml(64온스) 병 (1팩)",Ocean Spray,4833,4833,4.7,632.0,구성 - Ocean Spray 100% 주스 크랜베리 망고 주스 블렌드 1.9L(64온스) 병 1개 좋은 재료 - 이 주스 음료는 236.6ml(8온스) 1회 제공량당 100% 일일 권장량의 비타민 C를 함유하고 있으며 설탕을 첨가하지 않았습니다(1) Uncanny Nutrition - 크랜베리와 망고의 바삭하고 상쾌한 맛과 농축액의 과일 주스 4개로 만든 100% 주스 블렌드가 포함되어 있습니다 믹스 업 - 크랜베리 망고 주스 블렌드를 칵테일 믹서로 사용해 맛있는 음료를 만들거나 토닉을 추가하여 상쾌한 목테일 음료를 만드세요 Maverick Mission - Ocean Spray 는 강력한 크랜베리의 힘을 믿습니다. Born Tart. 볼드하게 올라왔습니다.,"오션 스프레이® 100% 주스 크랜베리 망고 주스 블렌드로 클래식을 만나보세요. 늪지대까지 거슬러 올라가는 당신에게 좋은 배신자라고 합니다. 선명함. 깨끗함. 상쾌한 과일 주스를 위한 100% 주스 블렌드. 일일 권장량의 비타민 C를 100% 함유하여 설탕(1) 및 236.6ml(8온스) 1회 제공량당 과일(2) 한 잔으로 모든 것을 갖추고 있습니다. 이 크랜베리 망고 주스 블렌드는 100% 진짜 과일 주스 4개를 혼합하여 만들어졌습니다. 타협 없이 풍미가 가득합니다. 이 주스 블렌드를 칵테일 믹서로 사용하세요. 목테일 음료에 트위스트를 더하세요. 또는 토닉으로 음료를 간단하게 유지하세요. 설탕을 첨가하지 않고 모든 레시피에 좋아하는 새로운 추가 제품을 만나보세요(1). 이 모든 것은 협동 조합을 구성하는 700개 이상의 크랜베리 농장 가족이 가능하게 했습니다. 저희 소유자. 우리의 심장 박동. Ocean Spray 는 강력한 크랜베리의 힘을 믿습니다. Born Tart. 볼드하게 올려졌습니다. (1) 저칼로리 음식이 아닙니다 - 설탕과 칼로리 함량은 영양 성분을 참조하십시오. (2) 각 226.8g(8온스) 유리잔은 과일 1컵과 같습니다. USDA MyPlate는 2,000칼로리 식단을 위해 매일 과일 2컵을 섭취하는 것이 좋습니다.","['주스', '크랜베리', '블렌드', '망고', '과일', '음료', '설탕', '상쾌하다', '칼로리']"
식음료,음료,주스,,B003WO73LK,"Ocean Spray 화이트 자몽 믹서 병, 946.4ml(32온스) (12개 팩)",Ocean Spray,58100,55330,4.6,1890.0,"진짜 과일 주스로 만들어졌으며 인공 색소, 향료 또는 방부제가 없습니다 모든 유리잔에 비타민 C를 매일 복용하고, 설탕이 첨가되지 않았으며, 226.8g(8온스) 제공량당 과일 2인분(1컵) From the Grapefruit Growers at Ocean Spray 원산지는 미국입니다","바텐더를 염두에 두고 제작된 Ocean Spray® Bar Pac™ 스피드 푸어 병은 독특한 제품입니다. Ocean Spray® BarPac™ 믹서는 모든 바 또는 레스토랑에 편리함, 속도 및 편리함을 제공합니다. 또한, 고객은 오션 스프레이의 품질을 제공하는 것을 좋아할 것입니다. Ocean Spray® BarPac™ 100% 화이트 자몽 주스는 갓 짜낸 자몽의 시큼한 맛으로 가득 차 있어 모든 음료 메뉴에 훌륭한 추가 아이템입니다. 단독으로 제공하거나 재료로 사용하세요. 바닷바람, 블루 베이어스 및 블러싱 레이디 마티니에 적합합니다. 대담하고 약간 달콤한 자몽의 본질을 시그니처 칵테일, 스무디 및 기타 음료 제품에 통합하여 메뉴 아이템을 업그레이드하여 고객을 행복하게 만들고 더 많은 것을 위해 돌아올 수 있습니다! Ocean Spray® BarPac™ 100% 화이트 자몽 주스에는 인공 색소, 향료 또는 방부제가 포함되어 있지 않습니다.","['자몽', '주스', '화이트', '색소', '음료', '인공', '믹서', '아이템', '방부제', '과일']"
식음료,음료,주스,,B003ZRXP2A,"Mott's 100% 오리지널 애플 주스, 300ml(11.5액량 온스) 캔, 24개",Mott's,38835,38835,4.7,922.0,326g(11.5온스) 캔 24개 팩 (총 7.9L(288온스) 신선하고 잘 익은 사과의 순수하고 상쾌한 맛 설탕이 첨가되지 않았습니다 풍부한 비타민 C 공급원 미국 제품,"Mott's 1842년 뉴욕 부크빌에서 Samuel R. Mott가 설립하여 사이다를 만들었습니다. Mott's 사이다와 식초는 이웃과 함께 잡혔고, 수요가 증가함에 따라 분쇄기 크기도 커졌습니다. 세기가 바뀌기 전에 Clipper 선박은 케이프 혼 주변에서 Mott's 샴페인 사이다와 Mott's 식초 통을 캘리포니아로 운반했습니다. Mott's 는 파리와 브뤼셀에서 열린 세계 박람회에서 제품을 성공적으로 전시했습니다. 그들은 1876년 필라델피아 센테니얼과 1893년 시카고 컬럼비아 박람회에서 제품을 홍보하여 품질에 대한 최우수 상을 받았습니다. 1900년, Mott Company는 W.B. 뉴욕 로체스터의 Duffy Cider Company. Duffy-Mott는 거의 전적으로 사이다 및 식초 사업에 종사해 왔으며 금지령이 경력을 단축할 때까지 샴페인 사이다와 같은 다른 분야에 대한 아이디어를 얻었습니다. 1929년 뉴욕 햄린에 있는 Standard Apple Products Company와 공장을 인수한 후 10년 동안 Duffy-Mott는 이전 10년 간의 사건보다 성장에 더 많은 기여를 한 일련의 새로운 과일 제품을 출시했습니다. 1930년에 사과 소스가 Mott 라인에 추가되었습니다. 1938년, 이 회사는 Mott's 사과 주스를 도입했습니다. 사이다는 순전히 계절 아이템으로 자리 잡았기 때문에 일 년 내내 사과 주스를 사용하면 창고 및 기타 문제를 완화할 수 있다고 믿었습니다. 이 회사의 생산 인력과 연구원들은 사과의 자연스러운 맛과 꽃다발을 병에 담을 수 있는 가공 기술을 개발하기 위해 노력했습니다. 식물의 위치 때문에 Duffy-Mott는 로키 산맥 서쪽으로 Mott's 라인을 확장할 수 없었습니다. 그러나 이것은 1960년 6월에 회사가 407,000제곱피트 공장을 임대하고 웨스트 코스트 식품 체인인 Thriftimart Inc.에서 Pratt-Low Preserving Corporation의 모든 가공 장비를 구입하면서 바뀌었습니다.","['사이다', '사과', '회사', '뉴욕', '식초', '주스', '캔', '공장', '라인', '맛']"
식음료,음료,주스,,B00H3TNJ22,"Tropical Fantasy Fruit Punch 프리미엄 주스 칵테일, 637.9g(22.25온스)",TROPICAL FANTASY,3116,3116,4.1,720.0,"오렌지, 파인애플, 포도 및 사과 맛이 휴대용 병에 깔끔하게 맞는 맛있는 펀치를 만듭니다. 이 클래식 음료는 과일향이 나는 열대 맛으로 모든 경계를 깨뜨립니다. 방부제가 포함되어 있지 않으며 1회 제공량당 50칼로리만 함유되어 있습니다. 뉴욕 브루클린에서 태어난 한 가지 목표: 미국 소비자에게 훌륭한 맛, 이국적인 맛, 훌륭한 가치를 지닌 흥미진진한 음료를 제공하는 것: 품질과 경제성. Tropical Fantasy 과일 펀치 칵테일 주스 637.9g(22.5온스)","오렌지, 파인애플, 포도 및 사과 맛이 휴대용 병에 깔끔하게 맞는 맛있는 펀치를 만듭니다.","['맛', '펀치', '깔끔하다', '칵테일', '사과', '휴대', '오렌지', '음료', '주스', '맛있다']"
식음료,음료,주스,,B0BSYJTNGQ,"SunCup Totally Juice - 40팩 / 119.9g(4.2온스) 주스 박스, 빨대 포함 (오렌지 탠저린 100% 주스)",Suncup,32949,32949,4.5,167.0,"건강하고 맛있는 오렌지 탠저린 100% 주스를 사용해보세요. 스마트 스낵 준수. Star-K 코셔 인증. 설탕, 방부제 또는 염료가 첨가되지 않았습니다. 재활용 가능한 주스 박스. 119.9g(4.2온스) 주스 박스 40팩. 학교 점심 식사 및 팀 스포츠 행사에 적합합니다.","SUNCUP 40년 이상 과일 주스의 선두 공급업체였습니다 - 다양한 천연 과일 주스를 제공합니다. Suncup 오렌지 탠저린 주스는 100% 순수 농축액으로 만들어졌으며 다양한 과일 주스 농축액을 혼합하여 맛을 높이고 탁월한 제품 품질을 보장합니다. 저희는 미국 전역의 49개 주에 있는 학교에 과일 주스를 제공하므로 가능한 최고의 제품을 제공할 수 있다고 믿을 수 있습니다. 천연 오렌지 귤 100% 주스 - 천연 주스에는 설탕, 방부제 또는 염료가 첨가되지 않았습니다. 이 Smart Snacks 준수 제품은 글루텐 프리, Star-K 코셔 인증을 받았으며 재활용 가능한 상자에 담겨 제공됩니다. 어린이 친화적 - 당사의 오렌지 탠저린 주스는 비타민 C, 칼륨 및 마그네슘을 포함한 필수 비타민과 미네랄로 포장되어 학교 점심 및 스포츠 행사에 적합합니다.","['주스', '오렌지', '과일', '탠저린', '가능하다', '학교', '박스', '천연', '재활용', '농축액']"
식음료,음료,주스,,B003GADB02,"Honest Kids Berry Berry Good 레모네이드, 유기농 과일 주스 음료, 199.6ml(6.7액량 온스) (32팩)",Honest Kids,31453,31453,4.5,2587.0,"글루텐 프리 GMO 없음 저칼로리, 글루텐 프리, USDA 유기농, GMO 없음 베리 베리 굿 레모네이드는 너무 맛있어 양말을 벗길 것입니다. 진심으로 새 것을 사야 할 수도 있습니다. 크랜베리와 레몬 주스의 천연 맛은 더운 여름날 갈증을 해소하는 것입니다!","우리 아빠는 Honest Tea라고 불리는 어른들을 위한 음료를 만들기 시작했습니다. 지루함, 우리는 그들에게 우리 자신의 음료를 원한다는 말은 멋지고 다른 것을 원한다고 말했습니다. 그래서 그들은 많은 레시피를 엉망으로 만들고 Honest Kids를 생각해냈습니다. 음료의 맛이 좋고, 너무 달콤하지 않고 가짜 물건이 없기 때문에 부모님은 우리가 마시는 것을 좋아하는 만큼 구입하는 것을 좋아할 것입니다.","['음료', '레모네이드', '베리', '프리', '맛', '글루텐', '주스', '유기농', '해소', '만들기']"
식음료,음료,주스,,B08BPD9TC9,"good2grow 100% 사과 및 과일 펀치 주스 170g(6온스) BPA 프리 주스 병 24팩, 설탕이 첨가되지 않은 GMO 프리 및 우수한 일일 비타민 C 공급원 흘림 방지 탑 미포함 (24팩)",good2grow,55386,55386,4.8,1933.0,"아이들을 위한 2가지 맛의 다양한 건강 음료 - 각 good2grow 100% 사과 및 과일 펀치 아동용 주스는 1회 제공량당 3/4컵의 과일을 함유하고 있으며 비타민 C의 훌륭한 공급원입니다 설탕 무첨가 - 모든 good2grow 제품에는 설탕이 첨가되지 않았으며 이 제품은 1병 1회 제공량당 80칼로리에 불과합니다 캐릭터 탑을 위한 보충 - 이 병을 자녀가 좋아하는 good2grow 캐릭터 토퍼와 결합하세요(흘림 방지 탑은 포함되지 않음). 어린이 친화적인 디자인은 학교 간식, 어린이 파티 또는 차 여행 중에 가장 적합한 흘림 방지 를 제공합니다 아이들을 위해 디자인된 병: 당사의 170g(6온스) (또는 283.5g(10온스) good2grow 병은 쥐어 짜지 않고도 작은 손으로 쥐기에 적합하며 유아용 주스 상자에 GMO 프리 대체품을 제공합니다 재활용 가능, 재사용 가능, 환경 친화적 - good2grow 제품은 아이들을 위한 모든 주스를 BPA 프리, 재활용 가능한 병에 포장합니다. 아이들은 good2grow 24팩으로 수집용 흘림 방지 를 재사용하는 법을 배울 수 있습니다","자녀만큼 설탕을 첨가하지 않은 과일 주스를 좋아한다면 good2grow 24팩으로 '우리는 주스가 부족합니다' 비상 사태를 피할 수 있습니다. 이 170.1g(6온스) 병은 good2grow 수집용 캐릭터 토퍼를 재사용할 수 있도록 제작되었습니다. 물론 이 good2grow 토퍼는 흘림 방지 기능이 있어 자동차 여행이나 집 밖에서 사용할 때 적합합니다. 더 이상 흘리지 않는 음료는 행복한 아이들과 행복한 부모를 의미합니다. good2grow 애플 및 과일 펀치 주스는 100% 과일 주스로 만들어졌으며 병당 과일 한 컵의 ¾을 함유하고 있으며 비타민 C의 훌륭한 공급원입니다. 어린이 음료에 설탕을 첨가하지 않았으며, 각 주스 병에는 80칼로리가 포함되어 있으며 모든 재료는 GMO 프리 공급원입니다. 당사의 과일 주스, 과일 및 야채 주스 블렌드, 유기농 저설탕 주스 및 강화 물은 모두 부모가 건강을 제공할 수 있도록 good2grow 가 만들었습니다. 아이들을위한 음료. 부모와 자녀가 건강한 선택을 할 수 있도록 Skin은 아이들이 즐길 수 있는 어린이 친화적인 패키지에 음료를 넣습니다. 또한 BPA 프리 플라스틱 병과 뚜껑은 재활용이 가능합니다. good2grow 소개: 2001년 조지아주 애틀랜타에 본사를 둔 가족 소유 및 운영 회사로 설립된 당사는 건강한 어린이 음료를 살고 잠을 자고 꿈꿉니다. 우리는 심지어 직접 마실 수 있습니다! 이것이 바로 저희가 어린이 음료 부문에서 미국의 선도적인 전문가가 된 방법입니다. 50명 이상의 제작자, 디자이너, 땜장이, 마케팅 담당자 및 영양사로 구성된 팀과 함께 당사는 아이들이 좋아하는 거부할 수 없는 포장으로 건강하고 영양가 있는 음료를 만드는 하나의 간단한 목표에 깊이 전념하고 있습니다. 당사는 블록버스터 라이선스 파트너와 지속적인 관계를 구축하면서 최고 품질의 음료, 포장 기술, 최첨단 제조 및 가장 신선하고 영양이 풍부한 재료에 지속적으로 투자하고 있습니다.","['주스', '과일', '음료', '프리', '어린이', '설탕', '첨가', '방지', '공급원', '재활용']"
식음료,음료,주스,,B09HVDT8YQ,"Apple & Eve 100% 과일 주스, 주스 박스 버라이어티 팩, 12개 팩",BAY AREA MARKETPLACE,27686,27686,4.1,135.0,"다양한 애플 앤 이브 100% 주스 박스 12팩 과일 펀치, 애플 주스, 베리 베리 주스 각각 4개의 주스 상자가 포함되어 있습니다 애플 앤 이브 과일 주스에는 100% 주스, 설탕, 인공 색소 및 감미료가 포함되어 있지 않습니다 학교 점심, 스포츠 행사, 야외 활동 등에 적합합니다!",,"['주스', '애플', '과일', '박스', '베리', '이브']"
식음료,음료,주스,,B00E1619I6,"Langers 주스 칵테일, 파인애플 오렌지 구아바, 오렌지, 파인애플, 299.8ml(101.4액량 온스) (4팩) 44",Langers,69637,69637,4.5,1446.0,"파인애플, 오렌지, 구아바의 트로피컬 블렌드 고과당 옥수수 시럽 없음 1회 제공량당 100% 일일 섭취량 비타민 C 글루텐 프리 BPA 프리 병",이 파인애플 오렌지 구아바 주스 칵테일은 3개의 열대 과일 주스 농축액을 혼합하여 열대 지방의 최고의 맛을 끌어내는 맛있는 열대 갈증 해소 주스입니다.,"['파인애플', '주스', '오렌지', '열대', '구아바', '프리', '칵테일', '비타민', '고과', '과일']"
식음료,음료,주스,,B01B02D5RQ,"Goya Foods 망고 넥타, 240ml(9.6온스) (24개 팩)",Goya,41480,41480,4.5,1879.0,"당사의 100% 천연 고야 망고 넥타는 겨울부터 여름까지 어린이와 어른 모두가 좋아할 감미로운 음료로 즐기기에 완벽합니다. 과일 디저트나 맛있는 소스와 드레싱을 만드는 데에도 사용할 수 있습니다. 캐리비안의 맛을 집으로 가져가세요 사이즈: 141.7g(5온스), 272g, 958g, 1.2g(42온스). Goya 인 경우 좋을 것입니다! 국가 문자열: 미국","Goya Foods 망고 넥타, 272.2g(9.5온스) (24개 팩)","['망고', '넥타', '캐리비안', '겨울', '과일', '국가', '드레싱', '디저트', '맛', '맛있다']"
식음료,음료,주스,,B088KXR2ZZ,"Lakewood 유기농 파인애플 생강 주스, 91.4ml(32액량 온스)",Lakewood,23171,20567,4.5,7732.0,음료,"설명: 2~3개의 신선한 파인애플 주스가 모든 병에 생강을 넣었습니다! KOF-K GMO 프리 병에 담긴 농축액 인증 유기농 코셔 인증 | 무독성 | BPA, BPS 및 DEHP 프리 성분 유기농 파인애플 주스, 유기농 생강 성분: 사용 방법: 주스를 시원하게 유지 - 개봉 후 냉장 보관하십시오. 최상의 품질과 신선함을 위해 개봉 후 2주 이내에 사용하세요. 천연 주스 제품이 안정됩니다. 서빙하기 전에 흔들어주세요.","['주스', '유기농', '생강', '파인애플', '프리', '성분', '신선하다', '인증', '개봉', '유지']"
식음료,음료,주스,,B001LO509K,"Lakewood 유기농 PURE 블루베리 주스, 916.4ml(32온스) (6팩)",Lakewood,114871,114871,4.4,166.0,"6개 팩, 946.4ml(32온스) 병(총 5.4kg(190온스) 심장 건강 - 슈퍼 항산화 활성 산소와 만성 질환의 손상으로부터 신체를 보호합니다","Lakewood 유기농 순수 블루베리 주스, 946.4ml(32온스) 병(6개 팩)에는 블루베리 및 기타 과일 및 채소에서 자연적으로 발견되는 항산화 물질이 포함되어 있어 활성 산소가 신체 세포에 손상을 입히는 것을 방지합니다. 활성 산소의 유해한 영향으로부터 신체를 보호함으로써 심장 질환과 관절염을 유발할 수 있는 세포 손상의 위험을 크게 줄일 수 있습니다. 블루베리는 또한 시력 건강을 촉진하고 심혈관 질환과 뇌졸중에 기여하는 ""나쁜"" 콜레스테롤 축적을 줄이고 건강한 요로를 지원하는 데 매우 도움이 되는 것으로 밝혀졌습니다.","['블루베리', '활성산소', '손상', '신체', '질환', '유기농', '보호', '세포', '심장']"
식음료,음료,주스,,B09H549FRJ,"Iberia 페어 넥타, 100ml(33.8온스) (3팩)",Iberia,37298,37298,4.3,1482.0,"풍부한 배 맛: Iberia 배 넥타는 망고 펄프로 만들어져 일년 내내 열대 지방의 맛을 선사합니다. GMO 프리, 비건 및 글루텐 프리: GMO 프리 성분으로 제작되었습니다. Iberia 배 넥타는 글루텐 프리 및 비건으로 건강에 민감한 소비자에게 완벽한 선택입니다 방부제 없음: Iberia 배 넥타에는 방부제가 포함되어 있지 않습니다. 윤리적으로 공급된 재료로 제작되어 뚜렷하고 만족스러운 맛을 보장합니다. 다용도: 아침 식사부터 저녁 칵테일까지, Iberia 배 꿀은 항상 손에 들고 다닐 수 있는 필수 음료입니다. 단독으로 사용하거나 다양한 열대 시음 혼합 음료를 위한 믹서로 완벽합니다. 3개 팩: 재밀봉 가능한 999.6ml(34.5액량 온스) 테트라 팩 3개.","Iberia 페어 넥타, 1000ml(33.8액량 온스), 3개 팩","['넥타', '프리', '맛', '음료', '제작', '열대', '완벽하다', '방부제', '비건', '글루텐']"
식음료,음료,주스,,B006JW5166,"V8 저나트륨 오리지널 100% 야채 주스, 355ml(11온스) 캔 (24팩)",V8,45954,45954,4.7,13031.0,V8 저나트륨 오리지널 100% 야채 주스 340.1ml(12온스) 1인용 캔 24개 7가지 야채 주스와 함께 농축 토마토 주스로 만든 다른 주스의 만족스러운 대안입니다 이 100% 주스의 각 355ml(12온스) 캔에는 2.5인분의 야채가 포함되어 있으며 비타민 A와 C의 훌륭한 공급원입니다 오리지널 제품보다 나트륨이 78% 적은 저나트륨 V8 주스 설탕이 첨가되지 않은 글루텐 프리 및 GMO 프리 채소 주스* (*저칼로리 식품이 아닙니다. 설탕과 칼로리 함량은 영양 패널 참조),"V8 저나트륨 오리지널 100% 야채 주스의 식물 기반의 장점을 맛보세요. 다른 주스에 대한 만족스러운 대안인 저나트륨 V8 주스는 7가지 야채 주스와 함께 농축 토마토 주스로 만들어집니다. 그 결과 100% 주스가 뚜렷하게 풍부하고 풍미있는 맛과 오리지널 제품보다 78% 적은 나트륨이 탄생했습니다. 맛있고 영양이 풍부한 V8 야채 주스는 매일 추천하는 채소를 쉽게 얻을 수 있는 방법입니다. 각 340.1ml(11 액량 온스)는 2.5 인분의 야채를 함유하고 있으며 비타민 A와 C의 훌륭한 공급원입니다. 당사의 채소 주스는 글루텐 프리 및 GMO 프리 제품으로 설탕이 첨가되지 않았습니다. * 캔에서 바로 꺼내거나 얼음 위에서 또는 후추로 시즈닝하고 좋아하는 장식으로 장식하여 V8 를 즐기세요. 아침 음료, 오후 간식 또는 운동 후 음료로 좋습니다. 1인용 캔과 병으로 이동 중에도 V8 야채 음료의 영양을 섭취하는 것이 그 어느 때보다 쉬워졌습니다. (*저칼로리 식품이 아닙니다. 설탕과 칼로리 함량은 영양 패널을 참조하십시오.)/V8 Vegetable Juice is the original plant-powered drink. Sometimes it can be challenging to get your daily dose of veggies. V8 Low Sodium 100% Vegetable Juice is an easy and satisfying way to help meet your daily needs. This drink is made with 75% less sodium than V8 Original Vegetable Juice, without sacrificing all of that great flavor. Taste the unquestionable goodness of this plant-based drink made from tomato juice and a blend of 7 other vegetables—each 11.5 ounce can has 2 servings of veggies and is an excellent source of antioxidant vitamins A & C. V8 Low Sodium 100% Vegetable Juice is a delicious veggie snack for any time of day and can even help curb those late-night cravings! Drinking V8 Low Sodium Vegetable Juice is a super convenient and lower calorie option than a sugary juice. Not to mention, adding vegetables to your day is an important part of a healthy diet. V8=Vegetables=Good. V8 Low Sodium Vegetable Juice is an excellent source of antioxidant vitamins A & C. Each 11.5 ounce can of V8 has just 60 calories and is a surprisingly filling plant-based drink! V8 Juice was born out of the idea that great taste and great nutrition can go hand in hand. For over 8 decades, that idea has thrived. Because getting the veggies you need in the drink you love fuels a day well lived. V8. There's nothing like the original. Trusted since 1933.","['주스', '야채', '나트륨', '캔', '영양', '칼로리', '설탕', '프리', '채소', '음료']"
식음료,음료,주스,,B07Q9G5WTX,NILO Soursop 주스 | 100% 리얼 구아나바나 사워솝 그라비올라 | 설탕 무첨가 | 농축액이 아님| 306.2g(10.1온스) (12팩),NILO,40151,40151,4.5,4401.0,"NILO 소스솝 주스, 12팩, 320ml 무설탕 | 설탕이 첨가되지 않은 최고의 맛의 사워솝, 모두 Soursop 자체에서 직접 마시는 것과 같은 100% 천연 제품입니다 농축액이 아닙니다 | 신선한 사워솝과 진짜 사워솝 펄프로 만든 최고의 맛의 사워솝 주스 GMO 프리, 지방 프리, 글루텐 프리 — NILO Soursop 주스는 대부분의 탄산음료, 스포츠 음료 및 고칼로리 음료에 대한 스마트한 저칼로리 및 저설탕 대체품입니다 슈퍼프루트 | 이 슈퍼프루트는 높은 항산화, 항염증 및 항바이러스 특성으로 유명합니다",,"['사워솝', '주스', '설탕', '프리', '과일', '농축액', '항', '최고', '첨가']"
식음료,음료,주스,,B0014WYXTC,"IZZE 스파클링 주스, 자몽, 설탕 무첨가, 방부제 없음, GMO 프리, 240ml(8.4온스) 캔 (24팩)",IZZE,35289,35289,4.7,20364.0,"진짜 주스로 제작: IZZE 스파클링 주스에는 70% 과일 주스와 탄산수가 포함되어 있습니다 건강하고 바삭함: 설탕 무첨가, 방부제 없음, 인공 감미료 없음, GMO 프리 프로젝트 인증 완벽한 기분 좋은 음료: 하루를 밝게 해주는 완벽한 느낌의 좋은 음료 트렌디하고 맛있는: 주스와 거품의 멋진 조합. 24팩: 24개의 238.1g(8.4온스) 스파클링 자몽 캔 포함 IZZE",IZZE 제품으로 음료 경험을 향상시키세요 - 신나는 맛의 교향곡과 미뢰에 맞춰 춤을 출 적절한 양의 발포성. 탄산수와 대담하고 잊을 수 없는 맛의 폭발적인 키스로 IZZE의 정통 과일 주스 블렌드에 빠져들면서 감각의 파티를 열어보세요. 더 많은 갈망을 남길 환상적인 여행을 준비하세요. 지금 IZZE 탐색을 통해 다른 어떤 것과도 비교할 수 없는 상쾌함을 느껴보세요. 천연 과일 주스의 기분 좋은 혼합이 특징인 IZZE의 생생한 진짜 과일 주스 음료로 갈증을 해소하세요. 진짜 과일 맛과 탄산수의 융합은 IZZE 차별화되는 거부할 수 없을 정도로 대담한 맛을 만듭니다. IZZE의 대담한 맛과 적절한 양의 거품으로 상쾌한 게임을 업그레이드하여 한 모금마다 혀로 파티를 즐길 수 있습니다. 천연 과일 주스가 포함되어 있습니다!,"['주스', '과일', '맛', '음료', '진짜', '스파클링', '대담하다', '탄산수', '기분', '상쾌하다']"
식음료,음료,주스,,B085CTKD9X,"Apple & EVE Apple & Eve 100% 오렌지 주스 24팩 255ml(10액량 온스) 순중량 750ml(240온스), 240ml(10액량 온스) (24팩)",rusepin,45691,45691,4.5,170.0,제품 유형: 주스 및 주스 음료 제품 패키지 크기: 길이 16.7cm x 너비 22.2cm x 높이 34.3cm 제품 포장 무게: 8.016kg 원산지: 미국,"큰 과일 맛, 설탕이 첨가되지 않았습니다. 애플 앤 이브 100% 오렌지 주스는 인공 향료나 색소가 없는 비타민 C의 훌륭한 일일 공급원입니다. 한 모금마다 상쾌하고 육즙이 많은 오렌지의 맛을 얻을 수 있으며 건강에 민감한 가족을 위한 완벽한 선택입니다.","['주스', '오렌지', '맛', '훌륭하다', '설탕', '건강', '공급원', '과일', '모금', '미국']"
식음료,음료,주스,,B079YV7NVL,"Beetology 유기농 비트 및 체리 주스, 239.6g(8.4온스) (6팩) | 100% 냉압착 | 심장 건강 | 영양이 풍부한 야채 주스 | 생생한 맛",Beetology,34611,34611,4.6,1695.0,"비트 및 체리 주스 - 잘 익은 타르트 체리, 대담한 비트 및 자연적으로 달콤한 사과의 맛있고 균형 잡힌 혼합을 거부할 수 없습니다. 다른 어떤 맛과도 비교할 수 없는 이 비트 블렌드는 당신의 마음을 비트에 건너뛸 것입니다! 냉압착 - Beetology 제품은 100% 냉압착 주스로 만들어져 최대의 영양소와 맛을 보존합니다. 이 부드러운 추출 방법으로 모든 병을 최대한 활용할 수 있어 신선하고 상쾌한 경험을 제공합니다. 한 모금마다 신선한 비트 주스의 풍부한 맛과 영양이 풍부한 이점을 즐기세요. 건강 증진 - Beetology Juice의 활기차고 활력이 넘치며 건강에 좋은 제품으로 몸에 영양을 공급하세요. 필수 비타민, 미네랄 및 항산화 물질이 함유된 Beetology Juice는 영양의 강국입니다. 심장 건강에 좋은 비트 주스의 천연 특성은 상쾌하고 활력을 불어넣으므로 전반적인 건강과 웰빙을 지원하는 맛있고 영양이 풍부한 음료를 즐겨보세요 다용도 - 상쾌한 음료로 단독으로 즐기거나 스무디와 칵테일의 베이스로 사용하든, Beetology 는 모든 음료에 생생한 색상과 맛을 더합니다. 이 다용도 주스로 창의력을 발휘하고 무한한 가능성을 탐험하세요. 이동 중에도 - 가족 및 친구들과 공유할 수 있는 6팩에 편리하게 포장되어 있습니다. 언제 어디서나 비트 주스의 이점을 즐기세요. 각 병은 완벽하게 휴대할 수 있어 바쁜 개인과 건강에 민감한 소비자에게 편리한 선택입니다.",,"['주스', '비트', '건강', '맛', '영양', '풍부하다', '체리', '냉압착', '상쾌하다', '음료']"
식음료,음료,주스,,B0CXVB31YQ,"IZZE 스파클링 주스, 4가지 맛의 새벽 버라이어티 팩, 설탕 무첨가, 방부제 없음, GMO 프리, 240ml(8.4온스) 캔 (24팩)",IZZE,30456,30456,4.5,49.0,"진짜 주스로 제작: IZZE 스파클링 주스는 60% 과일 주스와 탄산수를 포함합니다 건강하고 바삭함: 설탕 무첨가, 방부제 없음, 인공 감미료 없음, GMO 프리 프로젝트 인증 완벽한 기분 좋은 음료: 하루를 밝게 해주는 완벽한 느낌의 좋은 음료 트렌디하고 맛있는: 주스와 거품의 멋진 조합! 24팩: 망고, 클레멘타인, 딸기, 석류 6개가 포함되어 있습니다",IZZE 제품으로 음료 경험을 향상시키세요 - 신나는 맛의 교향곡과 미뢰에 맞춰 춤을 출 적절한 양의 발포성. 탄산수와 대담하고 잊을 수 없는 맛의 폭발적인 키스로 IZZE의 정통 과일 주스 블렌드에 빠져들면서 감각의 파티를 열어보세요. 더 많은 갈망을 남길 환상적인 여행을 준비하세요. 지금 IZZE 탐색을 통해 다른 어떤 것과도 비교할 수 없는 상쾌함을 느껴보세요. 천연 과일 주스의 기분 좋은 혼합이 특징인 IZZE의 생생한 진짜 과일 주스 음료로 갈증을 해소하세요. 진짜 과일 맛과 탄산수의 융합은 IZZE 차별화되는 거부할 수 없을 정도로 대담한 맛을 만듭니다. IZZE의 대담한 맛과 적절한 양의 거품으로 상쾌한 게임을 업그레이드하여 한 모금마다 혀로 파티를 즐길 수 있습니다. 천연 과일 주스가 포함되어 있습니다!,"['주스', '과일', '맛', '음료', '탄산수', '진짜', '대담하다', '적절하다', '천연', '첨가']"
식음료,음료,주스,,B09239N7Y4,"Arizona 프루트 펀치 주스 음료, 599.8ml(20액량 온스), 24개 팩",Arizona,49763,49763,4.6,849.0,제품 유형: 식료품 제품 패키지 크기: 길이 43.2cm(17인치) X 너비 28.6cm(11.25인치) X 높이 22.6cm(8.9인치) 제품 포장 무게: 9.1kg(20파운드) 원산지: 미국,과일 펀치는 아이들을 위한 것이라고 누가 말했나요? Arizona 과일 펀치는 이 클래식에 대해 약간 더 정교한 접근 방식을 취합니다. 엄선된 과일 주스 블렌드를 사용하여 모든 연령대의 사람들이 좋아하는 음료를 만들었습니다. 100% 천연이며 비타민 C로 강화되었으며 방부제나 인공 색소 없이 제작되었습니다.,"['펀치', '과일', '음료', '주스', '식료품', '누가', '루트', '미국', '방부제', '블렌드']"
식음료,음료,주스,,B013DTOI52,"NIHON YAKKEN Kin no Aojiru - 풍부한 식이 섬유가 함유된 어린 보리 청잔디 주스 파우더, 첨가물 없음 100% 일본 재배 - 바로 사용 가능한 2.8g(0.1온스) 개별 패킷 46개",nihon-yakken,27686,27686,4.4,1667.0,그린 주스 aojiru 보리 잔디,,"['주스', '청잔디', '보리', '함유', '풍부하다', '패킷', '파우더', '첨가', '재배']"
식음료,음료,주스,,B00PYM8VLE,Best Maid 딜 주스,TABL,36383,36383,4.6,12610.0,Best Maid 딜 주스 3.8L(1갤런),Best Maid 딜 주스 3.8L(1갤런),"['주스', '갤런']"
식음료,음료,주스,,B08PQYQJQQ,"Lakewood 유기농 당근 생강 강황 주스, 91.4ml(32온스)",Lakewood,20484,20484,4.5,508.0,"설탕이 첨가되지 않았습니다 농축액이 아닙니다 신선한 당근, 생강, 강황에서 압착한 저온 살균 주스 필수 비타민과 미네랄을 충분히 함유하고 있습니다","설명: 모든 병에 생강과 강황의 힌트가 있는 3LBSof 당근 주스! 유기농 생강 및 강황이 함유된 100% 인증 유기농 당근 주스, KOF-K GMO 프리 농축 코셔 인증 - 합성 살충제 또는 제초제 유리에 병 없음 | 무독성 | BPA, BPS 및 DEHP 프리 성분 성분: 유기농 당근 주스, 유기농 레몬 주스, 유기농 생강, 유기농 강황 사용 방법: 주스를 시원하게 유지하고 개봉 후 냉장 보관하십시오. 최상의 품질과 신선함을 위해 개봉 후 2주 이내에 사용하세요. 천연 주스 제품은 서빙하기 전에 안정되고 흔듭니다. 권장 사용: 부드럽게 흔들어 매일 두 번 118.3-236.6ml(4-8 액량 온스)를 마신다. 새로운 식이 프로그램을 시작하기 전에 의사와 상담하십시오.","['주스', '유기농', '강황', '당근', '생강', '신선하다', '인증', '성분', '개봉', '함유']"
식음료,음료,주스,,B08BW6KQJ8,"Pickle Juice Sports Drink - 경련 즉시 완화 - 낮과 밤 시간 경련 완화를 위한 전해질 Pickle Juice - 다리 경련용 유기농 Pickle Juice - 인공 성분 없음 - 473.2ml(16온스), 12팩",Pickle Juice,48461,48461,4.3,214.0,"60초 안에 경련을 멈춤: 피클 소금물과 달리, Pickle Juice 는 독점적인 곡물과 식초 혼합물을 사용하여 근육 경련을 유발하는 신경 신호를 억제하여 60초 안에 경련을 멈추게 하여 승리의 길을 안내합니다 과학적으로 입증됨: 경련은 생리학적 문제에 대한 신경학적 반응입니다 - 근육 경련을 유발하는 신경 신호를 억제하는 데 Pickle Juice의 극도의 효과를 입증하는 독립적인 연구가 수행되었습니다 10배 더 많은 전해질: 다른 스포츠 음료의 10배 전해질. 지구력 운동 선수를 위해 제작된 이 피클 스포츠 음료는 식단, 운동으로 인한 피로 또는 혈액 순환 장애 등 야행성 다리 경련에도 적합합니다 주간 및 야간 경련: 피클 주스는 활동적인 근육이나 휴식 중인 근육의 경련을 방지합니다. 어떤 라이프 스타일이든 Pickle Juice 제품은 경련을 빠르게 완화시킵니다. 프로 운동 선수, 주말 전사 또는 야간 경련 완화가 필요한 모든 사람이 사용합니다. 냉장 보관 필요 없음, 유통 기한 3년 인공 성분이나 설탕 없음: 설탕, 카페인 또는 인공 성분이 전혀 첨가되지 않은 스포츠 회복 음료 - 단순한 유기농 성분: 이중 여과수, 식초, 소금, 딜 오일, 칼륨, 아연, 비타민 C 및 비타민 E",,"['경련', '성분', '근육', '완화', '인공', '음료', '운동', '스포츠', '전해질', '피클']"
식음료,음료,주스,,B000SRI61U,"ReaLemon 100% 레몬 주스, 236.6ml(8액량 온스) 병",ReaLemon,8240,8240,4.7,8231.0,236.6ml(8온스) 병 1개 농축액 100% 레몬 주스 레시피 및 음료에 사용하기 좋습니다 자연스러운 강도 신선한 레몬의 훌륭한 대안,"ReaLemon 100% 레몬 주스, 236.6ml(8액량 온스) 병","['레몬', '주스', '훌륭하다', '자연스럽다', '음료', '신선하다', '레시피', '대안', '농축액']"
식음료,음료,주스,,B00HKIBN7E,"ALO 알로에 베라 주스 음료 | 편안함 - 수박 + 복숭아 | 499.8ml(16.8온스), 12개 팩",ALO,39652,39652,4.6,5481.0,"밀가루로 상쾌한 알로에: 당사의 오리지널 라인은 유기농 농장에서 수확하는 천연 알로에 베라 주스와 펄프를 사용하여 실제 과일 주스 및 기타 고급 재료와 결합합니다. 향상된 물: 전해질 주입, 라즈베리 맛 또는 카페인으로 윙윙 거리는 것부터 향상된 물을 위한 다양한 선택이 있습니다. ALO 알로에 베라의 장점으로 맛있는 상쾌함을 제공합니다. 진짜 과일의 훌륭한 맛: 진짜 과일 및 채소 주스, 유기농 및 기타 고급 재료를 사용하려는 헌신에서 훌륭한 맛을 냅니다. 복숭아, 배, 수박과 같은 천연 맛을 지닌 ALO 알로에 베라 주스 음료는 자연적으로 맛있습니다. 더 나은 음료: 더 나은 음료 카테고리의 선두 주자로서 저희는 상쾌한 라인업을 자랑스럽게 생각합니다. 오리지널 라인, 유기농 알로에 베라 주스, 설탕이 적은 알로에 베라 주스 등을 확인하세요. 안쪽에서 밖으로부터의 장점: 모든 사람과 모든 기분에 맞는 ALO 맛이 있습니다. 당사는 창의적이고 독특한 맛 조합으로 알로에 베라 주스를 만들어 농장에서 매장까지 건강한 라이프 스타일에 영감을 줍니다.","알로에 베라 주스를 마시는 것은 몸이 좋은 물질을 더 잘 흡수하도록 도와줍니다. ALO는 건강한 라이프 스타일을 지원하는 맛있고 상쾌한 음료를 제공하기 위해 최선을 다하고 있습니다. 우리는 진짜 알로에 베라의 자연적인 장점으로 시작하여 더 많은 천연 성분을 첨가합니다. 자연스럽게 당신에게 더 좋습니다. 이제 어서 상쾌하게 하고, 수분을 공급하고, 기분을 좋게 하고, ALO를 만나보세요. 알로에 베라 주입 음료 라인은 미국 대중 시장과 천연 식료품 채널에서 선도적인 알로에 베라 음료입니다. 저희 음료는 최고의 천연 재료로만 만들어집니다. 인공 향료, 색소 또는 방부제를 사용하지 않습니다. 다른 제품처럼 젤란 껌, 크산탐 검, 증점제 또는 유화제를 첨가하지 않습니다. 당사의 독점적인 제조 공정은 시중의 다른 알로에 베라 음료보다 더 큰 실제 알로에 펄프를 생산합니다. 그리고 저희는 다른 제품과 달리 완전히 독특한 블렌드를 가지고 있습니다.","['알로', '음료', '주스', '맛', '천연', '상쾌하다', '맛있다', '유기농', '자연', '장점']"
식음료,음료,주스,,B0CQZ6PRPJ,"Realime 라임 주스, 236.6ml(8온스) - 신선한 라임 주스, 음료, 식사 및 간식용, moofin SS 금속 빨대가 있는 천연 풍미 맛, 100% 천연, 인공 향료 없음, 라임 주스 병 (3팩)",moofin,27132,27132,4.6,12.0,"우수한 맛: 라임에서 직접 추출한 유기농 라임 주스로 진정한 맛을 맛보십시오. 이 라임 주스는 음료와 요리 모두를 향상시키는 데 이상적이며 라임 주스 농축액에 의존하지 않고 자연스럽고 톡 쏘는 향을 제공합니다. 압도적인 신선도: 당사의 226.6ml(8액량 온스) 라임 주스 병은 라임 사워를 가능한 한 신선하게 제공합니다. 다양한 음료와 레시피에 완벽한 이 라임 주스는 처터 끝까지 생생하고 향기로운 신선함을 유지합니다. 타의 추종을 불허하는 다용도: 액체 라임으로 요리 경험을 바꾸세요. 라임 주스 농축액의 건강하고 맛있는 대안으로, 마가리타부터 샐러드까지 모든 것에 상쾌하고 톡 쏘는 느낌을 줍니다. 편리함 재정의: 누출 방지 라임 주스 병은 라임 주스를 쉽게 사용할 수 있는 디자인입니다. 요리 작품과 음료에 라임 사워의 진정한 맛을 쉽게 추가하여 깨끗하고 잊을 수 없는 흘림 방지 경험을 보장합니다. 건강과 가치 결합: 우리의 진짜 라임 주스를 선택하는 것은 건강과 예산 모두를 위한 현명한 선택입니다. 설탕과 방부제가 첨가되지 않은 이 제품은 영양가 있고 저렴한 라임 주스 옵션을 찾는 사람들을 위한 최고의 선택입니다.",,"['라임', '주스', '음료', '맛', '요리', '신선하다', '선택']"
식음료,음료,주스,,B095FLWJL8,"Jans 100% 사워솝/과나바나 주스, 펄프 포함, 500리터(16.9액량 온스) | 순수 사워솝 주스 | 설탕 무첨가 | 농축액 없음 | 지방 프리 | 콜레스테롤 프리 (12팩)",Jans,41536,41536,4.6,413.0,순수 사워솝 주스: 유일한 성분은 펄프가 함유된 100% 사워솝 주스입니다! 설탕이 첨가되지 않았습니다. 인공/대체 감미료도 아닙니다 방부제나 추가 안정제 없음 농축액이나 물로 재구성되지 않았습니다 무 지방 및 콜레스테롤 프리,,"['주스', '프리', '사워솝', '펄프', '콜레스테롤', '첨가', '지방', '농축액', '순수', '설탕']"
식음료,음료,주스,,B07CT1DTHB,"Lucy's 가족 소유 - 라임 주스, 946.4ml(32온스) 병 (2팩)",Lucy's,27686,27686,4.7,2966.0,"모든 라임을 짜는 것에 지치셨나요? - 라임 압착기를 내려놓으세요! Lucy's 라임 주스 한 병만으로 라임 32개와 같은 양의 주스를 제공합니다! 프리미엄 라임 주스 - 당사의 Lucy's 라임 주스는 성분이 첨가된 농축액에서 추출한 100% 주스입니다. 즉, 라임 + 물에서 추출한 진짜 라임 주스만을 사용합니다(주스를 라임의 천연 강도로 재구성하기 위해) + 일부 방부제와 라임 오일은 오래 지속되는 맛을 유지하고 필요할 때마다 사용할 수 있도록 라임 주스를 보관할 수 있다는 장점이 있습니다. 좋아하는 라임에이드 레시피에 적합합니다. 리뷰를 확인하세요 - 간단히 말해서, Lucy's 프리미엄 라임 주스가 올바른 선택입니다! 매우 저렴한 가격, 가벼운 병 디자인, 사용하기 쉬운 뚜껑, 맛있는 신선한 라임 맛 덕분에 전국 고객들이 놀라운 피드백을 받았습니다. 여러분도 그럴 것이라고 확신합니다! 우리가 하는 일을 사랑하는 이유 - 가장 달콤한 ""우리 노동의 열매"" 중 하나는 전국 고객으로부터 받는 응답입니다. 단순히 모닝 티를 차려 입히거나, 더운 여름날을 위해 물 한 잔을 더하거나, 다양한 요리 레시피를 강화하는 것이든, Lucy's 라임 주스가 이웃에게 가져다주는 유용성과 즐거움에 놀랐습니다 가족 소유 및 가족 운영 - Lucy's는 한 가지 목적을 달성하고자 합니다. 온 마음을 다해 하나님을 사랑하고 우리 자신을 사랑할 때 이웃을 사랑하는 것입니다. 저희 가족부터 여러분까지, 소중한 고객 중 한 명이 되어 주셔서 감사합니다!",,"['라임', '주스', '가족', '사랑']"
식음료,음료,주스,,B0BY9K53R7,"Cheribundi 100% 타르트 체리 주스 순수 농축액 - 최대 강도 운동 후 회복 음료 샷 - 염증 방지 및 근육 회복 지원 - Grab and Go 70.9g(2.5온스) 파우치 - 100칼로리, 설탕 0개, 방부제 0개, GMO 프리, 파우치 6개",,40386,24223,4.3,14.0,"이동 중에도 2배의 강도 회복: 컴팩트한 사이즈와 집중된 결과. 순수 타르트 체리 주스는 항산화 강도를 극대화하기 위해 독점적인 공정을 통해 신중하게 농축되었습니다. 이동 중에도 회복을 두 배로 늘려보세요 100% 타르트 체리 주스: 타르트 체리 주스는 식물을 보호하고 강화하는 식물 영양소로 가득합니다. 따라서 체리분디를 정기적으로 마시면 누적된 힘이 당신을 보호하고 강화시킵니다 근육을 더 빠르게 재건: 모든 과일과 채소의 가장 높은 항산화 물질인 타르트 체리로 산소 손상을 복구하세요. 안토시아닌은 관절, 근육 및 장기를 손상시키는 염증을 감소시킵니다 더 깊은 수면: Montmorency 타르트 체리는 수면-각성 주기를 조절하는 데 도움이 되는 호르몬인 멜라토닌의 천연 공급원입니다. 멜라토닌은 수면-웨이크 사이클의 균형을 유지하여 휴식이 더 빠르고 오래 유지됩니다 의식 존중: 농장에서 재배되고 스포츠 분야에서 인증을 받은 Cheribundi 는 타르트 체리 주스가 수면, 회복 및 전반적인 건강에 미치는 강력한 영향으로 탄생했습니다. 프로 애슬레틱스에서 천연 스포츠 영양 및 웰빙의 최첨단 기술을 세계와 공유합니다","Cheribundi 100% Tart Cherry Juice Pure Performance Concentrate Grab & Go, 2.5 Fluid Ounce Pouch for Maximum Recovery with 40 Tart Cherries, 100 Calories, 0 Sugar, 0 Preservatives, Non-GMO, 2.5 Fluid Ounce (Pack of 12)","['체리', '타르트', '회복', '주스', '근육', '천연', '보호', '유지', '멜라토닌', '염증']"
식음료,음료,주스,,B000KC0XJQ,"XANGO 망고스틴 주스, 750ml, 4개입 (1케이스)",XANGO,166186,166186,4.7,1118.0,프리미엄 식이 보충제 다른 제품과 달리 맛있는 경험 모두에게 안전한 보충제 오리지널 독점 망고스틴 주스,Xango 망고스틴 주스는 껍질을 씻고 부드럽게 하는 독점적인 공정을 거칩니다. 동시에 선적 전 망고스틴 샘플은 수확이 승인되고 생산 공정을 준비하기 전에 테스트 및 승인됩니다. 엄격한 품질 지침을 충족하는 과일은 맛과 영양 무결성을 보존하고 과일의 여왕에서 망고스틴 주스의 여왕을 만들기 위해 3단계 퓨레 공정에 제출됩니다.,"['망고스틴', '주스', '공정', '독점', '과일', '보충', '여왕', '만들기', '무결', '맛있다']"
식음료,음료,주스,,B00E0N3OME,"True Lemon, 레몬 크리스탈 패킷, 25.5g(0.9온스)",True Citrus,7548,6786,4.6,67399.0,1회 제공량당 0칼로리 나트륨 무첨가 방부제 없이 제작 인공 감미료나 색소 없음 진정한 레몬 결정화 레몬 32개입 패키지 1개,"True Lemon taste like fresh-squeezed lemons because it's made from lemons. The essential lemon oils and juices are cold-pressed and crystallized to capture the lemon's flavor at the peak of freshness so True Lemon always tastes like fresh-squeezed lemons. And it's a great source of Vitamin C too! Now True Lemon lets you enjoy 100% natural fresh-squeezed lemon taste conveniently. It's Easy to Use True Lemon:In hot & iced teas, sodas and drinksInstead of lemon juice in recipes","['레몬', '패킷', '패키지', '크리스탈', '칼로리', '첨가', '진정하다', '제작', '인공', '색소']"
식음료,음료,주스,,B00J2VZ210,"Iberia 농축액에서 추출한 100% 레몬 주스, 946.4ml(32온스)",Iberia,10595,10595,4.4,1701.0,"100% 레몬 주스: Iberia 100% 레몬 주스로 신선한 레몬을 썰거나 짜지 않고도 소스, 마리네이드 또는 소다나 주스에 맛있는 레몬 맛을 쉽게 더할 수 있습니다. 썰거나 짜지 않음: 더 이상 레몬 전체를 썰거나 짜낼 필요가 없습니다. 음료와 접시에 Iberia 레몬 주스를 추가하기만 하면 됩니다. 부드러운 탠지 맛: Iberia 레몬 주스는 다양한 요리와 음료에 잘 어울리는 톡 쏘는 맛과 함께 신맛과 유동적인 일관성을 가지고 있습니다. 다용도: Iberia 레몬 주스를 저어 맛있고 신선한 맛의 샐러드 드레싱을 만들거나 클래식 레몬 머랭 파이를 만드는 데 사용하십시오. 식료품 저장실 스테이플: 946.4ml(32온스) 병으로 주방을 항상 양호한 상태로 유지할 수 있습니다.","100% 레몬 주스: Iberia 100% 레몬 주스로 신선한 레몬을 썰거나 짜지 않고도 소스, 마리네이드 또는 소다나 주스에 맛있는 레몬 맛을 쉽게 더할 수 있습니다.","['레몬', '주스', '맛', '신선하다', '맛있다', '음료', '마리네이드', '더하다', '소스']"
식음료,음료,주스,,B004JYZVXY,"TAHITIAN NONI Juice by Morinda, 오리지널 및 정품, 타히티산 노니 과일 퓨레, 천연 블루베리 및 포도(레스베라트롤), 천연 데일리 웰니스 음료 - 케이스당 4리터 주스 병",Tahitian Noni,236751,236751,4.7,653.0,"슈퍼프루트 음료: 타히티안 노니 주스는 전 세계적으로 오리지널 정통 노니 주스로 알려져 있습니다. TAHITIAN NONI 주스에는 비타민 C, 철, 칼슘, 마그네슘 등을 포함한 많은 비타민, 미네랄 및 식물 영양소가 포함되어 있습니다. TAHITIAN NONI 주스는 많은 건강상의 이점이 있는 것으로 보고되었으며 수세기 동안 천연 허브 요법으로 사용되어 왔습니다. 데일리 부스트: TAHITIAN NONI 주스를 일상 웰빙 루틴의 일부로 만드세요. TAHITIAN NONI 주스의 천연 성분은 천연 에너지 부스터로 작용하는 강력한 생체 활성 영양소를 함유하고 있습니다. TAHITIAN NONI 주스에는 시너지 효과를 발휘하는 식물 영양소가 포함되어 있어 전반적인 건강을 지원하고 몸에 활력을 불어넣습니다. 천연 과일 음료: 타히티안 노니 주스에는 프랑스령 폴리네시아(타히티)의 모린다 시트리폴리아 퓨어 노니 퓨레, 천연 포도 주스, 천연 블루베리 주스가 포함되어 있습니다. 노니 과일은 강력한 식물 영양소와 적응성 특성으로 수세기 동안 사용되어 왔습니다. TAHITIAN NONI는 맛있고 건강하며 식물 유래 및 GMO 프리 제품입니다. 서빙 제안: 타히티안 노니 주스의 완전한 이점을 얻으려면 아침에 일어난 직후 하루에 한 번 1회 섭취하는 것이 좋습니다. TAHITIAN NONI 주스는 60mL 당 30mg의 생체 활성 이리도이드를 제공합니다. 상쾌한 음료를 위해 탄산수, 신선한 과일, 오이를 타히티안 노니 주스와 섞어보세요! 회사 소개: 세계 최고의 노니 전문가이자 TAHITIAN NONI의 제작자로서 당사는 슈퍼프루트 노니를 연구하는 데 20년 이상 헌신했습니다. 전 세계 어떤 회사도 노니 연구에 많은 자원을 할애하지 않습니다. 당사는 프랑스령 폴리네시아의 가족 농장에서 독점적으로 노니를 100% 지속 가능하게 공급합니다. 타히티안 토양의 독특한 구성과 풍부함은 더 많은 식물 영양소와 이리도이드로 노니를 더욱 강력하게 만듭니다. TAHITIAN NONI 주스는 전 세계적으로 오리지널로 인정받고 있습니다.",,"['주스', '노니', '천연', '타히티', '영양소', '식물', '음료', '과일', '세계', '활력']"
식음료,음료,주스,,B09VPP62B2,"Welch's Juice Drink Variety, 295.7ml(10온스) 병 (6팩)",BAY AREA MARKETPLACE,26301,26301,3.8,111.0,"6병 버라이어티 팩에 3가지 다른 맛있는 Welch's 주스와 섞어 보세요. 이 295.7ml(10온스) 병은 이동 중에도 즐길 수 있습니다. Welch's 오렌지 파인애플 주스의 거부할 수 없는 맛의 조합, Welch's 포도 주스의 대담하고 맛있는 맛, Welch's Fruit Punch의 상쾌한 맛이 있습니다 과일 맛 음료를 좋아하는 사람! Welch의 주스는 19세기 후반에 만들어진 이래로 전국의 가정에서 필수품이었습니다. 과일 펀치, 오렌지 파인애플 및 포도 맛은 모든 연령대의 사람들에게 가장 인기 있는 품종 중 하나입니다. 가족과 함께 집에서 즐기는 것 외에도 이 283.5g(10온스) 병은 학교 행사, 어린이집 및 어린이 파티에서 나누어 작은 주스 마시는 사람들을 즐겁게 할 수 있습니다. 작은 손을 위한 완벽한 크기의 병으로 여행하기에 편리합니다. 포도, 오렌지 파인애플, 과일 펀치의 세 가지 맛이 포함되어 있습니다. Welch's 주스는 단순히 맛있고 상쾌한 것 이상이며 비타민 C의 훌륭한 공급원이기도 합니다.","6병 버라이어티 팩에 3가지 다른 맛있는 Welch's 주스와 섞어 보세요. 이 295.7ml(10온스) 병은 이동 중에도 즐길 수 있습니다. Welch's 오렌지 파인애플 주스의 거부할 수 없는 맛의 조합, Welch's 포도 주스의 대담하고 맛있는 맛, Welch's Fruit Punch의 상쾌한 맛이 있습니다. 가족 소유 농장의 포도를 혼합하여 제작되었습니다. 이동 중에도 상쾌하고 대담한 음료, 비타민 C의 훌륭한 공급원. 과일 맛 음료를 좋아하는 모든 사람! Welch의 주스는 19세기 후반에 만들어진 이래로 전국의 가정에서 필수품이었습니다. 과일 펀치, 오렌지 파인애플 및 포도 맛은 모든 연령대의 사람들에게 가장 인기 있는 품종 중 하나입니다. 가족과 함께 집에서 즐기는 것 외에도 이 283.5g(10온스) 병은 학교 행사, 어린이집 및 어린이 파티에서 나누어 작은 주스 마시는 사람들을 즐겁게 할 수 있습니다. 작은 손을 위한 완벽한 크기의 병으로 여행하기에 편리합니다. 포도, 오렌지 파인애플, 과일 펀치의 세 가지 맛이 포함되어 있습니다. Welch's 주스는 단순히 맛있고 상쾌한 것 이상이며 비타민 C의 훌륭한 공급원이기도 합니다.","['주스', '맛', '포도', '맛있다', '사람', '오렌지', '과일', '파인애플', '상쾌하다', '작다']"
식음료,음료,주스,,B0CYNHLRFQ,"Generic Honest Kid 다양한 유기농 주스 음료 버라이어티 팩, 177.2ml(6액량 온스), (40개)",Generic,48405,48405,4.8,7.0,"Honest Kid 다양한 유기농 주스 음료 버라이어티 팩, 177.2ml(6액량 온스), (40개)","Honest Kid 다양한 유기농 주스 음료 버라이어티 팩, 177.2ml(6액량 온스), (40개)","['주스', '음료', '유기농', '버라이어티']"
식음료,음료,주스,,B003ZS1BQQ,"Mott's 100% 토마토 주스, 300ml(11.5액량 온스) 캔, 24개",Mott's,46314,46314,4.6,823.0,100% 토마토 주스 성분이 첨가된 농축액의 잘 익은 토마토 주스 좋아하는 레시피와 칵테일에 대담함을 더해보세요 맛있는 주스 대체품 클래식한 맛을 느껴보세요. Mott's,Mott's 100% 토마토 주스는 농축액에서 추출한 잘 익은 토마토 주스와 성분이 첨가된 풍미 있는 블렌드입니다. Mott's 100% 토마토 주스는 맛있는 야채 주스 대안으로 좋아하는 레시피와 칵테일에 약간의 대담함을 더할 수 있는 생생한 방법입니다. Mott's 100% 토마토 주스의 클래식한 맛을 느껴보세요.,"['주스', '토마토', '농축액', '레시피', '클래식', '대담하다', '칵테일', '첨가', '성분', '맛있다']"
식음료,음료,주스,,B08ZGJ638Y,"V8 오리지널 100% 야채 주스, 토마토 주스와 야채 블렌드, 140ml(5.5액량 온스) 캔 (8캔 6팩)",V8,41383,41383,4.7,328.0,맛있는 야채 주스: V8 오리지널 100% 야채 주스 162.7ml(5.5온스) 캔 8개 6팩 식물 기반의 장점을 위한 쉬운 선택: 식물 기반의 장점으로 가득한 독특하고 만족스러운 주스 블렌드 좋은 비타민 공급원: 이 채소 주스는 비타민 A의 좋은 공급원이며 비타민 C의 훌륭한 공급원이며 162.7ml (5.5온스) 캔당 야채 1회분을 포함합니다 영양이 풍부한 간식: 운동 후 회복 음료 및 오후 간식에 적합한 통조림 주스 영양가 있고 맛있는 야채 주스: V8의 맛있는 맛을 경험하십시오: 오리지널 식물성 음료,"V8 오리지널 100% 야채 주스는 독특하고 만족스러운 식물 기반 주스 블렌드로 몸에 필요한 보충을 제공합니다. 토마토와 기타 맛있는 야채 주스를 혼합하여 만든 이 주스 음료는 일상적인 요구 사항을 충족하는 쉽고 만족스러운 방법입니다. 글루텐 프리 V8 주스에는 야채 주스와 토마토 주스의 맛있는 혼합물이 포함되어 있습니다. 이 V8 주스에는 MSG, 설탕(1), 고과당 옥수수 시럽 또는 인공 색소가 포함되어 있지 않습니다. 이 V8 야채 주스에는 162.7ml(5.5온스) 캔당 야채 1회분이 포함되어 있습니다. 또한 비타민 A의 좋은 공급원이자 비타민 C의 훌륭한 공급원인 이 야채 주스는 필요한 식물 강화 부스트를 쉽게 얻을 수 있는 방법입니다. 이 V8 100% 주스를 바쁜 날에 건강에 좋은 오후 간식으로 즐기거나 운동 후 마셔서 영양분을 보충하세요. V8의 맛있는 맛을 경험하십시오: 오리지널 식물 구동 음료. (1) 저칼로리 음식이 아닙니다","['주스', '야채', '맛있다', '비타민', '식물', '공급원', '음료', '만족스럽다', '기반', '토마토']"
식음료,음료,주스,,B0CTD4XB8X,"라임 주스, 70ml(2.5온스) - 신선한 라임 주스, 음료, 식사 및 간식용, moofin 플라스틱 계량 스푼이 있는 천연 풍미 맛, 칵테일 및 장식에 이상적, 라임 주스 병 (2팩)",moofin,13185,13185,4.7,17.0,"우수한 맛: 라임에서 직접 추출한 유기농 라임 주스로 진정한 맛을 맛보십시오. 이 라임 주스는 음료와 요리 모두를 향상시키는 데 이상적이며 라임 주스 농축액에 의존하지 않고 자연스럽고 톡 쏘는 향을 제공합니다. 압도적인 신선도: 당사의 70ml(2.5액량 온스) 라임 주스 병은 라임 사워를 가능한 한 신선하게 제공합니다. 다양한 음료와 레시피에 완벽한 이 라임 주스는 처터 끝까지 생생하고 향기로운 신선함을 유지합니다. 타의 추종을 불허하는 다용도: 액체 라임으로 요리 경험을 바꾸세요. 라임 주스 농축액의 건강하고 맛있는 대안으로, 마가리타부터 샐러드까지 모든 것에 상쾌하고 톡 쏘는 느낌을 줍니다. 편리함 재정의: 누출 방지 라임 주스 병은 라임 주스를 쉽게 사용할 수 있는 디자인입니다. 요리 작품과 음료에 라임 사워의 진정한 맛을 쉽게 추가하여 깨끗하고 잊을 수 없는 흘림 방지 경험을 보장합니다. 건강과 가치 결합: 우리의 진짜 라임 주스를 선택하는 것은 건강과 예산 모두를 위한 현명한 선택입니다. 설탕과 방부제가 첨가되지 않은 이 제품은 영양가 있고 저렴한 라임 주스 옵션을 찾는 사람들을 위한 최고의 선택입니다.","주방과 바 모두에 필수적인 주스와 함께 요리 여행을 시작하세요. 이 2개 팩은 라임 주스의 잠재력을 최대한 발휘하여 일반 음료를 특별한 경험으로 바꿔줍니다. 칵테일을 위한 필수 신선한 라임 주스로, 각 칵테일이 걸작임을 보장합니다. 믹솔로지 외에도 요리를 위한 프리미엄 라임 주스로 요리 예술에서 탁월합니다. 양념, 드레싱 또는 풍미 향상 등 라임 신선한 에센스는 미식의 즐거움을 보장합니다. 신선한 라임 주스는 단순한 재료가 아닙니다. 모든 레시피를 위한 게임 체인저입니다. 레시피에 통합한다는 것은 정통 신선한 라임 맛을 활용하는 것을 의미합니다. 라임 주스 칵테일 그 이상으로, 다용도 주방 필수품입니다. 또한, 신선한 주스와 유기농 라임 주스로 설탕과 방부제가 첨가되지 않은 건강한 선택입니다. 칵테일을 위한 라임 주스 또는 라임 주스 유기농 신선한 동반자에 적합하며 레레몬은 풍부하고 활기찬 요리 생활을 위한 길입니다. 정통 주스를 선택하고, 이 라인 주스 한 방울마다 요리와 믹솔로지를 맛보고 바꾸세요. 모든 병에서 신선한 라임의 본질을 제공하는 데 전념하는 브랜드의 마음과 영혼을 찾을 수 있습니다. 이제 요리 및 믹스 경험을 재정의할 시간입니다. 타의 추종을 불허하는 다재다능함과 편리함을 포용하고 이 라임 주스를 한 방울 떨어뜨려 요리와 음료를 예술 작품으로 바꿔보세요. 생생한 맛과 향의 세계로 가는 여정은 달콤한 라임 주스 등을 위한 최고의 선택입니다.","['라임', '주스', '요리', '신선하다', '선택', '맛', '음료', '칵테일']"
식음료,음료,주스,,B000RA6L42,"ReaLime, 100% 라임 주스, 236ml(8온스) 병",ReaLemon,8642,8642,4.7,3737.0,"236.6ml(8온스) 병 1개 농축액에서 추출한 100% 라임 주스 레시피, 고기 마리네이드 및 샐러드에 사용하기 좋습니다 자연스러운 강도 신선한 라임의 훌륭한 대안","ReaLime은 농축액으로 만든 100% 진짜 라임 주스로, 신선한 라임 주스의 진정한 번거롭지 않은 대안입니다. ReaLime은 공간 절약형 주방 조수로, 좋아하는 해산물 및 가금류 레시피에 신선한 라임 지퍼를 추가하는 데 이상적이며 고기 마리네이드에 적합하며 샐러드와 드레싱에 밝은 맛을 더합니다. 1934년부터 ReaLime은 고품질 라임 주스를 제공하는 신뢰할 수 있는 브랜드입니다.","['라임', '주스', '신선하다', '고기', '농축액', '대안', '레시피', '마리네이드', '샐러드']"
식음료,음료,주스,,B005VBDLU4,"Campbell's 토마토 주스, 100% 토마토 주스, 326g(11.5온스) 캔(24개 팩)",Campbell's Tomato Juice,55164,55164,4.7,1034.0,100% 토마토 주스 70칼로리 성수기 토마토로만 제작 글루텐 프리 미국 최고의 토마토 주스,"육즙이 많은 성수기의 맛. 토마토에서 찾는 것이며, Campbell's 토마토 주스에서 찾을 수 있는 것입니다. 성수기 토마토만 사용하므로 100% 주스 한 모금마다 햇볕에 쬐인 맛으로 채워져 있습니다. 그 자체로 라임을 비틀어 얼음 위에 사용하거나 믹서로 사용할 수 있습니다. 또는 소스, 칠리 및 수프의 베이스로 사용해 보세요. Campbell's 토마토 주스는 어떻게 즐기든 풍부하고 부드러운 맛을 제공하여 미국 최고의 토마토 주스가 됩니다.","['토마토', '주스', '수기', '맛', '최고', '미국']"
식음료,음료,주스,,B004EI1DXW,"Dynamic Health 유기농 비트 뿌리 식이 보충제 | 설탕 무첨가, 인공 색소, 방부제, 글루텐 또는 BPA 없음 | 946.4ml(32온스), 32회 분량",,27686,24916,4.2,1159.0,"Simply Organic: USDA 인증 유기농, 당사의 비트 뿌리는 무가당 100% 주스 농축액입니다 최고의 제품: 당사의 유기농 비트 뿌리는 설탕, 인공 색소 또는 방부제를 첨가하지 않았습니다 건강함: 자연적으로 발생하는 칼륨, 칼슘, 요오드 및 구리 및 증가된 산화질소를 제공합니다 순도: 채식주의자, 글루텐 프리, 할랄 및 BPA 프리. 제품의 품질에 비용을 아끼지 않습니다","진홍색 색조의 비트 뿌리는 고대부터 건강한 삶을 촉진하기 위해 전통적인 토닉으로 사용되었습니다. 화학 및 영양 분석을 통해 현대 연구는 많은 고대 주장에서 큰 관련성을 발견했습니다. 비트 뿌리는 자연적으로 발생하는 미량의 칼륨, 칼슘, 요오드 및 구리를 제공합니다. 또한, 최근 연구에 따르면 비트 뿌리는 산화질소 수치를 증가시키고 전반적인 건강과 웰빙을 지원할 수 있습니다. 당사의 맛있는 비트 뿌리는 100% USDA 인증 유기농입니다. 설탕, 인공 색소 또는 방부제가 첨가되지 않은 이 비트 뿌리는 채식주의자, BPA 프리, 글루텐 프리, 할랄 및 코셔입니다. 제품의 품질에 비용을 아끼지 않습니다. 우리 지구는 풍부하고 다양한 과일과 채소의 역동적인 공급원입니다. 모든 잎과 베리는 놀라운 양의 힘과 에너지로 가득합니다. Dynamic Health는 순수한 건강 솔루션의 세계로 가는 여권입니다. 인증된 유기농 비트 뿌리 한 병을 구입하여 오늘 그 차이를 느끼고, 보고, 맛보세요.","['비트', '유기농', '프리', '설탕', '색소', '인공', '인증', '글루텐', '첨가', '방부제']"
식음료,음료,주스,,B001SAU9FW,"Lakewood, 유기농 알로에 베라 잎 주스, 916.4ml(32온스) (1팩)",Lakewood,23254,23254,4.3,386.0,95% + 유기농 글루텐 프리 코셔 인증,"신선한 압착. 방부제 없음. 농축액이 아닙니다. USDA 유기농. 모든 병에 1.4kg(3파운드) 이상의 신선한 알로에로 주스. 구연산이 첨가되지 않았습니다. 벤조산 나트륨 없음. 소르빈산 칼륨이 없습니다. 레이크우드 홀리프 알로에는 알로에 베라 식물의 전체 잎에서 생산됩니다. 내부적으로 복용되는 순수 잎 알로에는 다음과 관련이 있습니다. 장 규칙성 및 장 운동성, 관절 기능 및 순환, 가끔씩 가벼운 위 자극을 진정, 치유 과정 지원, 면역 체계 지원, 소화 지원. 외부에 적용되는 퓨어 홀리프 알로에는 피부 자극을 진정시킵니다. 피부 수분 장벽을 강화하여 거칠고 건조한 피부를 회복하는 데 도움이 됩니다. 1935년부터 레이크우드 품질. 우리는 평등하지 않다고 믿습니다. 고객의 감사를 바탕으로, Lakewood Family는 이 제품 판매로 인한 수익금의 10%를 American Cancer Society Charitable Foundation과 같은 단체에 기부합니다. www.lakewoodjuices.com. 100% 주스가 포함되어 있습니다. 품질 인증 서비스에서 유기농 인증을 받은 플로리다 유기농 재배자 및 소비자. 유기농 인증 - USDA 국가 유기농 프로그램에 따라 재배 및 수확. 합성 합성 합성 비료, 살충제, 제초제 또는 성장 조절제가 없습니다. 모든 Lakewood 주스는 인증된 유기농 시설에서 압착, 저온 살균, 병 및 진공 안전 밀봉됩니다. 방부제 없음. 글루텐 프리. 카제인 프리. 알로인 프리 (이 제품은 5ppm 미만의 알로인이 포함되어 있습니다). GMO 프리. 100% 주스는 자연적으로 글루텐 프리 제품입니다. 유리 재활용.","['유기농', '알로', '프리', '인증', '주스', '글루텐', '잎', '합성', '피부', '재배']"
식음료,음료,주스,,B071VSTTWK,ReaLemon 레몬 주스 패킷 - 4g (25개),,8296,6911,4.5,452.0,레레몬 레몬 주스 25 - 4g 패킷 바로 사용할 수 있는 100% 레몬 주스 음료 및 해산물에 추가하기 좋습니다 농축액으로 제작 OU 코셔 인증,레레몬 레몬 주스 25 - 4g 패킷. ReaLemon 1인용 레몬 주스는 해산물과 음료에 감귤류를 더합니다. 이동 중에도 잡을 수 있는 편리한 1인용 패킷에 포장되어 있습니다. 레몬 주스는 코셔 인증을 받았습니다.,"['레몬', '주스', '패킷', '해산물', '인증', '인용', '음료']"
식음료,음료,주스,,B00JX5EFN6,"Nellie and Joe's 100% 키 라임 주스, 355ml(12온스) 유리",Nellie & Joe's,12118,11066,4.3,1328.0,유리병에 담긴 100% 키 라임 주스 Nellie & Joes Famous Key West 라임 주스와 같은 훌륭한 맛이며 방부제가 없습니다! ! 구매 후 냉장 보관 저지방 키 라임 파이 레시피 병 키 라임 마가리타와 모히토 레시피 병,"Nellie and Joe's 100% 키 라임 주스, 355ml(12온스) 유리잔","['라임', '키', '주스', '유리', '레시피', '훌륭하다', '파이', '지방', '유리잔', '보관']"
식음료,음료,주스,,B0CT429ZC3,YUZUCO - 유자 슈퍼 주스 - 355ml(12온스) (4팩) - 미슐랭 스타 셰프와 최고의 믹솔로지스트들이 사랑하는 프리미엄 일본 유자 블렌드 - 캘리포니아에서 병,YUZUCO,58170,58170,4.4,210.0,"정품 - 저온 살균되지 않은 일본 유자 주스로만 맛을 냈습니다 대담함 - 시트러스의 산과 혼합된 유자 슈퍼 주스는 레몬이나 라임 주스 대신 사용할 수 있으며 다른 특성과 치수로 사용할 수 있습니다 음료 - 칵테일, 목테일 및 청량 음료를 위한 완벽한 주스 소스 - 간장과 섞어 빠르게 유자 폰즈를 만들고 샐러드 드레싱에 섞으세요 다용도 - 무엇이든 튀기고, 모든 것과 섞으세요. 유자 슈퍼 주스는 용해성으로 인해 음료와 같은 많은 용도로 100% 유자 주스보다 더 잘 작동합니다 혁신적 - 맛을 보존하기 위해 YUZUCO 주스를 저온 살균하기 위해 열을 사용하지 않습니다 독특함 - 생 유자의 맛은 타의 추종을 불허하며, 유자 슈퍼 주스는 수상 경력에 빛나는 믹솔로지스트들이 생 주스를 선호하는 방식으로 이 맛을 완성합니다",,"['주스', '유자', '맛', '슈퍼', '음료', '믹솔로지스트', '일본', '저온', '칵테일', '청량']"
식음료,음료,주스,,B008N1G0ZM,Frank's Sauerkraut 주스 396.9g(14온스) (6개 팩),Frank's,32256,32256,4.4,462.0,천연 성분 고품질 소량으로 수작업으로 제작,"Frank's Kraut Juice, 다양한 레시피에 사용할 수 있는 고품질 양배추 주스를 찾을 수 있습니다. 최고 품질의 제품을 보장하기 위해 소량으로 제조된 수제 주스.","['주스', '소량', '최고', '천연', '제조', '제작', '작업', '양배추', '수제', '성분']"
식음료,음료,주스,,B079YW7G4Y,"Beetology 유기농 비트 & 베리 주스, 239.6g(8.4온스) (6팩) | 100% 냉압착 | 심장 건강 | 영양이 풍부한 야채 주스 | 생생한 맛",Beetology,34611,34611,4.5,2553.0,"비트 및 베리 주스 - 베리보다 좋은 점은 무엇일까요? 베리와 비트는 물론입니다! 딸기, 라즈베리 및 빌베리의 베리 같은 기본 베리 주스 레이어에 멋진 트위스트. 네, 빌베리는 블루베리와 비슷하지만 더 맛있습니다. 냉압착 - Beetology 제품은 100% 냉압착 주스로 만들어져 최대의 영양소와 맛을 보존합니다. 이 부드러운 추출 방법으로 모든 병을 최대한 활용할 수 있어 신선하고 상쾌한 경험을 제공합니다. 한 모금마다 신선한 비트 주스의 풍부한 맛과 영양이 풍부한 이점을 즐기세요. 건강 증진 - Beetology Juice의 활기차고 활력이 넘치며 건강에 좋은 제품으로 몸에 영양을 공급하세요. 필수 비타민, 미네랄 및 항산화 물질이 함유된 Beetology Juice는 영양의 강국입니다. 심장 건강에 좋은 비트 주스의 천연 특성은 상쾌하고 활력을 불어넣으므로 전반적인 건강과 웰빙을 지원하는 맛있고 영양이 풍부한 음료를 즐겨보세요. 다용도 - 상쾌한 음료로 단독으로 즐기거나 스무디와 칵테일의 베이스로 사용하든, Beetology 는 모든 음료에 생생한 색상과 맛을 더합니다. 이 다용도 주스로 창의력을 발휘하고 무한한 가능성을 탐험하세요. 이동 중에도 - 가족 및 친구들과 공유할 수 있는 6팩에 편리하게 포장되어 있습니다. 언제 어디서나 비트 주스의 이점을 즐기세요. 각 병은 완벽하게 휴대할 수 있어 바쁜 개인과 건강에 민감한 소비자에게 편리한 선택입니다.",,"['주스', '베리', '비트', '건강', '영양', '맛', '풍부하다', '냉압착', '음료', '상쾌하다']"
식음료,음료,주스,,B00796FK3U,체리 베이 과수원 타르트 체리 농축액 - 건강한 수면을 촉진하는 천연 주스,Cherry Bay Orchards,27686,27353,4.6,3746.0,"몽모렌시 타르트 체리의 지속적인 이점으로 비교할 수 없는 맛과 자연스러운 수면 보조제를 즐겨보세요. 미국에서 자란 타르트 체리로 자신 있게 제조된 이 주스 농축액은 다른 수입 과일을 전혀 섞지 않았습니다. 편리하고 사용하기 쉬운 각 병을 귀하의 전반적인 건강과 행복을 위해 좋아하는 음료에 섞어주시면 됩니다. 인공 향료, 색소 또는 첨가제가 없는 타르트 체리 주스 농축액으로 신체 건강을 증진하세요. 이 타르트 체리 농축액을 초콜릿의 천연 대용으로 사용하세요. 농축액에는 카페인 또는 경화유가 들어있지 않습니다.",,"['체리', '농축액', '타르트', '주스', '천연', '건강']"
식음료,음료,주스,,B001BKPLCK,"Volcano Bursts 유기농 이탈리아 레몬 주스, 958.2g(33.8온스) (1팩)",Italian Volcano,24916,24916,4.6,1293.0,구성: 100% 유기농 시칠리아 레몬 주스: Italian Volcano 레몬 주스는 유기농 시칠리아 레몬으로만 만들어져 순수하고 순수한 맛을 보장합니다. 화산 토양에서 재배: 레몬은 산 근처의 영양이 풍부한 화산 토양에서 재배됩니다. 이탈리아의 에트나는 세계에서 가장 맛있고 맛있는 레몬을 생산하는 것으로 유명한 지역입니다. 다용도의 신선한 맛: 저녁 식사나 칵테일을 향상시키는 데 완벽한 레몬 주스는 신선하고 생생한 맛을 유지하여 모든 요리나 음료에 풍미를 더합니다. 한 모금마다 시칠리아를 경험하세요: 레몬 주스 한 병은 시칠리아의 아름다운 언덕으로 감각적인 여행을 제공하여 모든 사용을 즐거운 경험으로 만듭니다.,볼케이노 주스 레몬 유기농. 비트는 질산염이 높아 근육에 더 많은 산소를 전달하여 체력과 힘을 향상시킵니다. 이 제품은 이탈리아에서 제조되었습니다. 제품의 냉동 및 냉각 온도는 주변: 실내 온도입니다.,"['레몬', '주스', '유기농', '시칠리아', '맛', '이탈리아', '순수하다', '온도', '재배', '맛있다']"
식음료,음료,주스,,B003BI280S,Solaray 유기농 타르트 체리 100% 주스 농축액 | 건강한 요산 수준 및 관절 지원 | 16회 분량 | 473.2ml(16온스),SOLARAY,33530,33530,4.5,134.0,"편안한 농축액: 건강한 요산 수치, 관절의 편안함 및 심장 건강을 지원하도록 제작되었습니다 풍부한 공급원: 엘라그산 및 안토시아닌을 포함한 17개 이상의 강력한 항산화 물질이 포함되어 있습니다 품질과 편리함 충족: 유기농 100% 주스 농축액 2Tbsp를 물에 넣기만 하면 됩니다 친환경적입니다. 바다와 매립지에서 제거한 플라스틱으로 만든 100% PCR 병을 사용합니다.",,"['농축액', '건강하다', '관절', '요산', '유기농', '주스', '항산화', '바다', '엘라그산', '분량']"
식음료,음료,주스,,B0D5RMQXZV,"Lucy's 가족 소유 - 유기농 GMO 프리 99% 순수 비트 주스, 963.9g(34온스) 유리병",Lucy's,20761,20761,4.6,157.0,"천연 애프터맛 - 이 뒷맛은 종종 흙 같고 약간 달콤하며 때로는 금속성으로 묘사됩니다. 이 독특한 맛을 담당하는 화합물에는 비트에 흙 같은 맛을 주는 지오스민과 단맛과 잠재적인 메탈릭 노트에 기여할 수 있는 베타인이 포함됩니다. 뒷맛의 강도는 개별 민감도, 비트의 신선도 및 주스 준비 방법에 따라 달라질 수 있습니다. 체액 색상에 자연스러운 효과 - 비트 주스를 섭취한 후 소변이나 변의 색상이 변하는 것은 자연스러운 일입니다. 비투리아로 알려진 이 현상은 인구의 상당 부분에서 발생합니다. 주로 베타닌과 같은 착색을 담당하는 색소는 소화 시스템에 완전히 분해되어 흡수되지 않습니다. 결과적으로 몸을 통과하여 배설되어 분홍색 또는 붉은 소변과 대변으로 이어질 수 있습니다. 달콤하고 풍부한 맛과 깊은 흙 맛! - Lucy's 유기농 및 GMO 프리 비트 주스는 그 자체로 말할 것입니다. 활력을 되찾고 몸에 활력을 불어넣어 활력을 주는 한 모금씩 바삭하고 흙 같은 맛을 맛보세요. 최고급 유기농 비트로 제작된 각 병은 자연의 본질을 구현합니다. 필수 비타민, 미네랄 및 항산화 물질이 함유된 비트 주스는 잠재적인 건강상의 이점으로 유명합니다. 단독으로 즐기든 맛있는 스무디의 일부로 즐기든, 비트 주스는 자연의 장점을 일상 생활에 통합하는 즐거운 방법입니다. 소량 생산! - Lucy's 유기농 비트 주스는 증가하는 수요에 따라 한 번에 매우 작은 배치로 생산됩니다. 고품질 유기농 비트는 인증된 유기농 농장에서 신중하게 선택됩니다. 이 비트는 유기농 표준을 엄격히 준수하여 재배됩니다. 당사의 유기농 비트 주스는 고품질 유기농 재료의 사용과 세심한 가공 기술을 강조하여 영양가 있고 맛있는 음료를 만듭니다. 유기농 및 GMO 프리 인증은 필수입니다 - Lucy's 유기농 비트 주스를 선택하면 기존 품종보다 많은 이점이 있습니다. 유기농 비트는 유해한 물질이나 GMO를 사용하지 않고 재배되므로 건강에 해로운 물질이 없는 제품을 섭취할 수 있습니다. 유기농 농업 관행은 또한 토양 건강과 환경 지속 가능성을 우선시하여 더 건강한 생태계에 기여합니다. 유리의 강도와 아름다움 - Lucy's 유기농 비트 주스는 963.9g(34온스) 유리병에 포장되어 있어 수많은 장점으로 인해 플라스틱에 비해 주스 포장에 탁월한 선택입니다. 유리는 불활성 및 비반응성으로 유해한 마이크로 플라스틱이나 이물질이 주스에 침출되지 않아 순도와 맛을 보존합니다. 또한 불투과성으로 산소가 들어가는 것을 방지하고 주스의 신선도, 영양가 및 생생한 색상을 유지합니다. 100% 가족 설립, 가족 소유 및 가족 운영 - Lucy's 는 2003년 Miguel과 그의 아내가 설립했습니다. 둘 다 그 이후로 가족 사업을 위해 일한 4명의 멋진 아이들을 공유합니다! Miguel의 가족은 멕시코에서 캘리포니아로 이민하여 로스앤젤레스의 히스패닉 시장을 위한 제품을 만들기 시작했습니다. 그 이후로 Lucy's 는 국가 확장을 목격했으며 미국 소비자를 위한 최첨단 건강 및 웰빙 제품을 개발하기 시작했습니다.","달콤하고 풍부한 맛과 깊은 흙 맛! - Lucy's 유기농 및 GMO 프리 비트 주스는 그 자체로 말할 것입니다. 활력을 되찾고 몸에 활력을 불어넣어 활력을 주는 한 모금씩 바삭하고 흙 같은 맛을 맛보세요. 최고급 유기농 비트로 제작된 각 병은 자연의 본질을 구현합니다. 필수 비타민, 미네랄 및 항산화 물질이 함유된 비트 주스는 잠재적인 건강상의 이점으로 유명합니다. 단독으로 즐기든 맛있는 스무디의 일부로 즐기든, 비트 주스는 자연의 장점을 일상 생활에 통합하는 즐거운 방법입니다. 유기농 및 GMO 프리 인증은 필수입니다 - Lucy's 유기농 비트 주스를 선택하는 것은 기존 품종보다 많은 이점이 있습니다. 유기농 비트는 유해한 물질이나 GMO를 사용하지 않고 재배되므로 건강에 해로운 물질이 없는 제품을 섭취할 수 있습니다. 유기농 농업 관행은 또한 토양 건강과 환경 지속 가능성을 우선시하여 더 건강한 생태계에 기여합니다.","['비트', '유기농', '주스', '맛', '물질', '건강', '흙', '활', '가족', '프리']"
식음료,음료,주스,,B01BP63SOC,BIOTTA JUICE BEET ORG 946.4ml(32온스),Biotta,22617,22617,4.6,151.0,"Biotta 주스 비트 유기농, 946.4ml(32온스). 최고 품질의 제품 글루텐 프리 및 GMO 프리, Effervesce는 정품과 우아함 및 명성을 결합했습니다","Biotta Juice Beet Organic, 946.4ml(32온스). 고품질 재료로 제작되었습니다. 이 제품은 스위스에서 제조 중입니다. .","['프리', '최고', '주스', '제조', '제작', '정품', '재료', '유기농', '우아하다', '스위스']"
식음료,음료,주스,,B07L4ZX273,ReaLemon Juice & ReaLime 주스 425.2g(15온스) 2팩,ReaLemon,20331,20331,4.7,614.0,레몬 및 라임 주스 농축액 100% 주스 레시피 및 음료에 사용,"ReaLemon & ReaLime은 농축액으로 만든 100% 진짜 레몬 및 라임 주스로, 신선한 레몬/라임의 번거로움을 대체할 수 있는 훌륭한 대안입니다. ReaLemon & ReaLime은 공간 절약형 주방 조수로, 좋아하는 해산물 및 가금류 레시피에 레몬/라임을 맛있게 추가하는 데 이상적이며 양념장에 적합하며 뜨거운 음료와 차가운 음료를 모두 밝게 합니다. 1934년부터 ReaLemon 고품질 레몬 주스를 제공하는 신뢰할 수 있는 브랜드입니다.","['주스', '음료', '레몬', '농축액', '라임', '레몬라임', '레시피', '훌륭하다', '맛있다', '공간']"
식음료,음료,주스,,B072QWHZWZ,"Master of Mixes Cocktail Essentials 싱글 프레스 라임 주스, 375 ML 병 (400ml(12.7 액량 온스), 개별 박스 포장",MASTER OF MIXES,18683,18683,4.6,181.0,프리미엄 성분: 멕시코산 프리미엄 100% 싱글 프레스 레몬 주스 눈에 띄는 디자인: 매끄럽고 각진 Simply Squeeze mixo 병과 새로운 정품 칵테일: 스크래치 마가리타와 같은 가장 인기 있는 칵테일을 위한 완벽한 마무리 터치 신뢰할 수 있는 제품: 글루텐 프리 및 유제품 프리. 정교회 연합에서 코셔 인증 완벽한 포장: 375 ml (12.5 액량 온스) 병 한 개는 안전한 배송을 위해 개별 박스에 포장되어 제공됩니다,,"['포장', '프리미엄', '주스', '박스', '프리', '완벽하다', '싱글', '칵테일', '프레', '각진병']"
식음료,음료,주스,,B0BPN35T11,Bob's Pickle Potion #9 딜 주스 - 스포츠 음료 - 1리터 (33.8 FL OZ),bobs pickle pops,15221,15221,4.6,163.0,"재수화를 위한 갈증 해소: Bob's Pickle Potion #9는 자연스럽게 갈증을 해소하고 다리와 근육 경련을 돕기 위해 전해질을 보충하여 완화시킵니다 만족스러운 피클 주스 맛: 딜, 오이, 피클 향신료, 마늘, 소금의 풍미가 가득한 피클 포션 #9는 피클 주스 갈망을 만족시키는 선명하고 신선한 맛을 제공합니다 칵테일 믹서: 피클백 믹서의 경우 28.3g(1온스)와 좋아하는 위스키 28.3g(1온스) 샷을 결합하십시오. 이 피클 주스 샷을 알코올 믹서로 원하는 음료와 결합하세요. 모든 파티의 삶! 케토 친화적 수분 공급 및 상쾌함",,"['피클', '주스', '믹서', '음료', '해소', '맛', '샷', '갈증']"
식음료,음료,주스,,B00VBQZJIU,"Jumex Strawberry-Banana 넥타, 270ml(6.76온스) 재활용 가능한 박스 | 3팩 (8개 팩, 총 24개)",Jumex,18185,18185,4.6,395.0,"멕시코의 진정한 맛: 딸기 퓨레, 바나나 퓨레, 물로 꿀을 만들고 신선하고 상쾌한 맛을 위해 가볍게 단맛을 냅니다 다용도: 딸기-바나나 꿀을 얼음 위에서 마시거나 캔에 넣어 식히거나 열대 음료를 위한 믹서로 즐기세요 스무디 숏컷: 얼음과 신선한 과일 또는 야채와 블렌딩해 보세요 더 많은 맛, 적은 죄책감: 지방이 없고 콜레스테롤이 없는 훌륭한 맛을 즐기세요 재고 및 절약: 8개의 3팩 -- 총 24개의 상자.",Jumex 60년 이상 멕시코에서 가장 사랑받는 주스 및 꿀 브랜드 중 하나입니다. 직접 사용해 보시면 그 이유를 알 수 있습니다. 멕시코에서 재배된 가장 신선하고 최고 품질의 과일을 사용하며 최소한의 가공으로 신선한 맛을 포착합니다. Jumex 주스와 넥타는 더운 날 냉장고에서 바로 꺼내면 정말 놀랍습니다... 얼음 위에 사용하거나 열대 음료와 스무디를 위한 믹서로 사용해보세요. 총 24개의 컨테이너에 8개의 3팩이 제공됩니다.,"['맛', '신선하다', '멕시코', '꿀', '얼음', '바나나', '과일', '스무디', '넥타', '퓨레']"
식음료,음료,주스,,B00WTC8Q94,Goya - 패션프루트 칵테일 958.2g(33.8온스) (2팩),Goya,10927,10927,4.4,579.0,"상쾌하고 맛있는 | 갈증을 해소하세요. 라틴 스타일! 잘 익은 열대 과일 맛으로 가득한 고야의 훌륭한 맛의 꿀을 발견하세요. 파인애플을 좋아하십니까? 트로피컬 스위트 터치의 매우 맛있고 상쾌한 과일 음료! GOYA 패션 프루트 칵테일은 어른과 어린이 모두에게 완벽한 음료입니다. 단독으로 시도하거나 디저트, 음료 및 칵테일과 같은 다양한 레시피를 만들 수 있습니다. 또한 비타민 C가 풍부합니다. 열대 지방의 맛 | Goya 꿀은 집을 떠나지 않고도 모든 라틴 아메리카의 활력을 느끼고 맛볼 수 있게 해줍니다. 어린이와 어른 모두 편리하고 재밀봉 가능한 포장으로 풍부한 맛과 군침 도는 다양한 고야의 꿀을 좋아합니다. 당사의 천연 넥타는 어린이와 어른 모두가 좋아할 감미로운 음료로 겨울부터 여름까지 즐기기에 완벽합니다. 다용도 및 편리함 | 이 환상적인 Goya 패션 프루트 칵테일은 편리한 패키지로 제공되어 즐기거나 정교한 쉐이크나 칵테일을 만드는 데 사용할 수 있습니다. Goya 패션 프루트 칵테일로 열대 지방의 맛을 집으로 가져가세요. 프리미엄 품질 | Goya라면 좋을 것입니다! | ¡Si es Goya... tiene que ser bueno! 2개 팩: 958.2g(33.8온스) 테트라팩 | 아마존에서 Goya의 맛있는 열대 과즙 전체 라인을 발견하세요","Goya 패션 프루트 칵테일, 958.2g(33.8온스) (2팩) | 좋아하는 풍미 과일 넥타를 편리하고 잡기 쉬운 상자에 담겨 제공됩니다. 갈증, 라틴 스타일을 해소하세요! 잘 익은 열대 과일 맛으로 가득한 고야의 훌륭한 맛의 꿀을 발견하세요. 집을 떠나지 않고도 모든 라틴 아메리카의 활력을 느끼고 맛볼 수 있습니다. 어린이와 어른 모두 편리하고 재밀봉 가능한 포장으로 풍부한 맛과 군침 도는 다양한 고야의 꿀을 좋아합니다. 당사의 천연 넥타는 어린이와 어른 모두가 좋아할 감미로운 음료로 겨울부터 여름까지 즐기기에 완벽합니다. 트로피컬 스위트 터치의 매우 맛있고 상쾌한 과일 음료! GOYA 패션 프루트 칵테일은 어른과 어린이 모두에게 완벽한 음료입니다. 단독으로 시도하거나 디저트, 음료 및 칵테일과 같은 다양한 레시피를 만들 수 있습니다. 또한 비타민 C가 풍부합니다. Goya 라면..","['칵테일', '맛', '음료', '어린이', '어른', '패션', '과일', '열대', '꿀', '루트']"
식음료,음료,주스,,B0065QJKSG,"Gefen 천연 자두 주스 946.4ml(32온스) (2팩) 농축액이 아님, 코셔 (유월절 포함)",Gefen,27686,27686,4.5,275.0,"완벽한 선택 - 소화를 개선하거나 면역 체계를 강화하거나 단순히 맛있는 음료를 즐기고 싶을 때 Gefen 프룬 주스는 완벽한 선택입니다. 100% 주스 - 당사의 자두 주스는 100% 주스로, 햇볕에 잘 익은 최고급 자두로 만들어져 맛있고 풍부하고 달콤한 맛을 선사하여 단 음료의 훌륭한 건강한 대안입니다. 더 나은 제품 - Gefen 프룬 주스는 전반적인 건강과 웰빙에 유익한 항산화 물질과 필수 영양소로 가득합니다. 무한한 옵션 - 달콤한 맛의 프룬 주스는 다양한 방법으로 사용할 수 있습니다. 베이킹에 설탕 대체품으로 사용하거나 고기와 닭고기를 재워 맛있는 수분을 만들 수도 있습니다. 스무디와 칵테일에 추가할 수도 있습니다! 인증 - 코셔 파브",Gefen 100% 자두 주스는 햇볕에 익은 자두로 만들어져 맛있고 자연스럽게 달콤한 주스를 만듭니다. 한 잔을 들고 필수 영양소가 가득한 상쾌한 음료를 즐기세요!,"['주스', '자두', '맛있다', '달콤하다', '프룬', '음료', '영양소', '햇볕', '완벽하다', '맛']"
식음료,음료,주스,,B08DJ29N7C,Lakewood 유기농 순수 셀러리 주스,Lakewood,26301,26301,3.6,204.0,"모든 병에 담긴 1.4kg(3파운드)의 유기농 셀러리로 만든 신선한 프레스드 주스! 순수 크랜베리 주스, 유리 병. KOF-K 코셔 인증. 방부제 무첨가. 글루텐 프리, GMO 프리 1개 팩 유리",유기농 레몬 주스가 함유된 농축 주스가 아닌 순수 셀러리. USDA 유기농. 품질 인증 서비스(QCS)에 의해 유기농 인증. 100% 비건. 글루텐 프리. GMO 프리. 1935년부터 영양을 공급합니다. 프레쉬 프레스. 기분 좋음. 잘 살 수 있습니다. 신선한 셀러리에서 저온 살균 주스. 과일/채소에서 무가당 자연적으로 발생하는 설탕. 방부제 없음. FDA 8 주요 식품 알레르기 유발 물질에 따라 알레르기 유발 물질이 없습니다. 카제인 프리. 병 내용물: 1.4kg(3파운드) 유기농 셀러리. 1935년부터 가족이 소유하고 운영하고 있습니다. www.lakewoodorganic.com. 페이스북. 인스타그램. Pinterest. 유리 재활용. 전체 유리. BPA/BPS/DEHP 프리.,"['주스', '프리', '유기농', '셀러리', '유리', '순수', '프레', '인증', '글루텐', '신선하다']"
식음료,음료,주스,,B07F7FL3C8,100% 유기농 베르가못 주스 251.4ml(8온스) - 면역 및 콜라겐 생산 지원 - 비타민 C 및 생체 활성 플라보노이드가 풍부함 - 이탈리아 농장에서 직접 생산 - 희석되지 않음 - 설탕 무첨가 - GMO 프리,Erbology,27686,27686,4.4,670.0,"건강상의 이점으로 파열: 당사의 베르가못 주스는 비타민 C, 생체 활성 플라보노이드 및 항산화 폴리페놀이 풍부합니다 다른 이유: 시중의 다른 음료와 달리, 당사의 베르가못 주스는 무가당 및 희석되지 않았습니다. 이탈리아의 유기농 농부로부터 직접 소량으로 공급되는 순수 식물 동력으로 지역 경제를 지원합니다. 베르가못 시트러스를 직접 선택하고 영양이 풍부한 주스를 추출하여 웰빙을 지원합니다 빛나는 피부: 비타민 C는 건강한 콜라겐 생성에 기여합니다 상쾌한 맛: 타르트 오렌지 또는 레몬과 비슷한 감귤 맛 즐기는 방법: 깔끔하게 마시거나 물, 칵테일, 스무디 또는 샐러드 드레싱에 몇 스푼을 추가하세요 병당 5인분: 매일 즐길 수 있습니다 100% 유기농 및 비 GMO: 살충제, 방부제, 인공 성분 또는 기타 불쾌한 성분이 없습니다",,"['주스', '베르가못', '직접', '풍부하다', '비타민', '유기농', '성분', '생체', '생산', '활성']"
식음료,음료,주스,,B002ACC8II,Yakami Orchard 100% 순수 일본 유자 주스 12온스/375ml,Yakami Orchard,20747,20747,3.9,841.0,"100% 순수 일본 유자 주스 칵테일 또는 무알코올 음료에 사용하세요 비네그레트, 사시미, 세비체, 고기 또는 야채에 이국적인 맛을 만듭니다 일본 미야자키 현에서 제작 355ml(12온스) 병","유자 100% 순수 주스 원산지: 일본 (미야자키 현) 야카미 과수원의 유자 100% 순수 주스는 매우 희귀하고 독특합니다. 북미나 남미에서도 비슷한 것은 없습니다. 오렌지, 레몬, 탠저린과 같은 여러 층의 향과 맛을 포함하고 있습니다. Complexity는 바텐더에 창의적이고 세련된 음료를 만들 수 있는 다양성을 제공합니다. 비네그레트, 세비치, 고기, 채소 및 디저트에 사용하세요. 퓨전, 아시아, 멕시코, 트로피컬, 오트 등 퓨어 시트러스가 스플래쉬를 때마다 최고의 맛의 균형을 만들 수 있습니다. 강렬한 맛... 1회 제공량당 적게 사용하세요","['주스', '일본', '맛', '순수', '유자', '고기', '현', '음료', '레트', '미야자키']"
식음료,음료,주스,,B00108CPAY,"Santa Cruz, 유기농 백포도 주스, 916.4ml(32온스)",Santa Cruz ORGANIC,29251,29251,3.9,361.0,"재료를 보고 결과를 맛보세요 최고 품질의 제품 글루텐 프리 및 GMO 프리, Effervesce는 정품과 우아함 및 명성을 결합했습니다",재료를 보고 그 결과를 맛보세요. USDA 유기농. 이 맛을 좋아할 뿐만 아니라 이 Green e 인증 제품을 지구를 돕고 있다는 것을 알게 될 것입니다.,"['프리', '재료', '유기농', '보고', '최고', '지구', '주스', '정품', '인증', '우아하다']"
식음료,음료,주스,,B073WD23RM,"Sacramento 토마토 주스, 1.3kg(46온스) 플라스틱 병",Sacramento,17811,17811,4.5,274.0,"풍부한 충전재: 당사의 토마토 주스는 성숙한 붉은 덩굴로 익은 미국 토마토로 만들어져 타의 추종을 불허하는 맛과 영양을 제공합니다. 진정한 토마토 맛을 보존하는 쉽게 열고 재사용할 수 있는 플라스틱 병에 포장되어 있습니다. 인공 성분 없음: 저희 제품에는 인공 향료, 색소 및 방부제가 없습니다*. 저희는 토마토 주스를 달게 하기 위해 HFCS를 사용하지 않으며, 토마토의 자연스러운 단맛에 의존합니다. 모두를 위한 토마토 주스: 글루텐 프리* 토마토 주스는 영양가 있고 건강에 좋은 선택입니다. 콜레스테롤 및 지방 프리 음료이며 미국에서 가장 흔한 8가지 알레르기 유발 물질이 없습니다. 이동 중에도 좋은 점: 문 밖으로 나가는 길에 가벼운 액체 아침 식사로 토마토 주스 캔을 잡거나 테이크아웃 병을 부어 오후 간식으로 마시거나 영양가 있는 픽업처럼 느껴질 때 언제든지 사용할 수 있습니다. 레드 골드 품질로 제작: 4세대 동안 저희 가족 소유 회사는 미국에서 재배된 포도 나무 숙성 토마토 제품을 농장에서 집으로 자랑스럽게 배송해 왔습니다.","풍부하고 바삭한 Sacramento 토마토 주스는 깔끔한 마감으로 영양을 희생하지 않으면서 갈증과 미각을 만족시킵니다. 유리잔을 붓거나 캔을 그대로 마시거나 당근, 사과, 시금치, 배를 추가하여 맛있는 과일 및 채소 스무디를 만드세요. 그리고 누가 좋은 블러디 메리를 사랑하지 않을까요? 신선한 셀러리 스틱을 추가하고, 집에서 레스토랑 품질의 칵테일을 위해 시즈닝 소금으로 잔을 감싸보세요. 토마토 주스는 수프, 스튜 등과 같은 여러 레시피를 위한 훌륭한 베이스입니다. 1회 제공량당 45칼로리와 트랜스 지방 0g으로 구성된 Sacramento 토마토 주스는 균형 잡힌 식단의 훌륭한 부분입니다. Sacramento 레드 덩굴 숙성 토마토 주스의 풍부한 색상, 맛 및 탁월한 품질을 대체할 수 없습니다. *전체 성분 목록 보기 ** 미국 인디애나주 엘우드 제조 시설에서 제작","['토마토', '주스', '미국', '맛', '풍부하다']"
식음료,음료,주스,,B089MCLJ27,Dole 100% 파인애플 주스/238.1g(8.4온스) 캔/#77370,Dole,14334,14334,3.7,42.0,그림과 같음,Dole 100% 파인애플 주스/8. 113.4g(4온스) 캔/#77370,"['파인애플', '캔', '주스', '그림']"
식음료,음료,주스,,B01E6FGBFM,"Dynamic Health 인증된 유기농 비트 뿌리 주스 농축액 식이 보충제, 설탕 무첨가, 인공 색소, 방부제, BPA 프리, 글루텐 프리, 473.2ml(16온스)",Dynamic Health,17797,17797,4.2,516.0,"전통적인 토닉: 비트 뿌리는 삶의 모든 측면에서 건강과 웰빙을 지원하기 위해 자연적으로 발생하는 미네랄의 인상적인 배열로 인해 고대부터 사용되어 왔습니다. 적절한 순환: 비트 뿌리의 많은 장점 중 하나는 건강한 순환과 전반적인 심혈관 건강에 중요한 건강한 산화질소 수치를 지원하는 데 도움이 될 수 있다는 것입니다. 활성 및 에너지: 건강한 산화질소 수치는 혈액 순환을 증가시켜 신체가 필요한 산소를 섭취하고 있음을 의미합니다. 이 때문에 비트 뿌리는 더 활동적이고 싶은 모든 사람에게 에너지, 지구력 및 체력을 지원하는 데 도움이 되는 것으로 생각됩니다. 진짜 성분: Dynamic Health 및 다른 주스 브랜드의 차이점은 Dynamic Health 제품은 100% 유기농 농산물로 만들어졌으며 100% 진짜 주스라는 것입니다. 재료 대신 필러나 물이 없습니다. 또한, 유기농 비트 뿌리 주스 농축액은 채식주의자, 글루텐 프리, 코셔, BPA 프리 제품으로 설탕이 첨가되지 않았습니다. 정말 좋은 품질: Dynamic Health는 GMP(우수한 제조 관행)에 따라 시설에서 최고 품질의 재료만을 사용합니다. 또한 유타에 있는 실험실에서 모든 것을 테스트하므로 몸에 최고의 에너지를 공급하고 있다고 확신할 수 있습니다.","비트 파우더와 비트 주스 농축액을 혼합한 유기농 비트 뿌리는 영양 성분과 맛을 모두 최적화하도록 독특하게 제작되었습니다. 비트 뿌리는 섬유, 엽산 및 비타민 C와 같은 자연적으로 발생하는 미네랄의 인상적인 배열로 인해 고대부터 전통적인 강장제로 사용되어 왔습니다. 식이 질산염이 자연적으로 많이 함유된 유기농 비트 뿌리 주스 농축액은 건강한 순환과 전반적인 심혈관 건강, 에너지, 지구력 및 체력에 중요한 건강한 산화질소 수준을 지원하는 데 도움이 될 수 있습니다. 따라서 활동적인 라이프 스타일을 지원하고 싶거나 전반적인 건강과 웰빙을 지원하려는 건강 중심의 사람이든, 유기농 비트 뿌리는 여러분이 찾고 있는 바로 그 제품일 수 있습니다! 유기농 비트 뿌리 주스 농축액에 대해 좋아하는 것: 산화질소 수치를 높일 수 있습니다. 에너지, 체력 및 지구력을 지원하는 데 도움이 될 수 있습니다. 설탕을 첨가하지 않고 좋은 재료만 있으면 됩니다. 채식주의자, BPA 프리, 글루텐 프리, 코셔 및 할랄입니다. 좋아하는 음료와 잘 어울립니다! 또한 GMP 및 ISO 인증 실험실에서 순도와 효능을 위해 만드는 모든 제품을 3중 테스트하므로 최고의 제품을 얻을 수 있습니다. Dynamic Health.","['비트', '유기농', '주스', '프리', '농축액', '건강', '건강하다', '뿌리', '에너지', '산화질소']"
식음료,음료,주스,,B00N7K5NRK,"Ceres 100% 천연 순수 과일 주스 블렌드, 패션프루트 - 글루텐 프리, 비타민 C 풍부, 설탕 또는 방부제 무첨가, 콜레스테롤 프리 - 100ml(33.8온스) (2)",Ceres,23738,20608,4.3,173.0,100% 주스 - 2개 팩 비타민 C가 풍부한 설탕이 첨가되지 않았습니다 100% 과일 주스 블렌드 코셔,,"['주스', '프리', '첨가', '설탕', '비타민', '블렌드', '과일', '풍부하다', '풍부', '패션프루트']"
식음료,음료,주스,,B00J1NAVFQ,"Nellie & Joe's, Key West 레몬 주스, 473ml(16온스) 병",Nellie & Joe's,9972,9972,4.5,766.0,원산지는 미국입니다 제품 포장 길이: 6.604cm 제품 패키지 너비: 6.858cm 제품 패키지 높이: 18.288cm,"Nellie & Joe's 풍부하고 매끄러운 키 웨스트 레몬 주스의 독특한 타르트 맛은 오랫동안 호화로운 레몬 파이, 타르트 및 기타 시트러스 진미를 준비하는 데 사용되어 왔습니다. 해산물, 육류 및 가금류를 위한 신선하고 깨끗한 마리네이드로 사용하거나 수프, 드레싱 및 소스의 핵심 성분으로 사용해보세요.","['레몬', '패키지', '타르트', '주스', '호화롭다', '소스', '깨끗하다', '독특하다', '드레싱', '마리네이드']"
식음료,음료,주스,,B001SB0LVI,"EDEN FOODS 체리 유기농 몽모랑시 C 주스, 946.4ml(32온스)",Eden,47394,47394,4.6,95.0,고품질의 건강한 제품입니다,Juice Cherry Org Montmorency C. 고품질의 건강한 제품입니다. 이 제품은 건강에 좋습니다. 이 제품은 미국에서 제조되었습니다.,"['건강하다', '체리', '주스', '제조', '유기농', '미국', '몽모랑시', '건강']"
식음료,음료,주스,,B00FTB5WSK,"Volcano Bursts 유기농 주스 라임, 500ml(16.9온스)",Italian Volcano,20761,20761,4.4,128.0,"Italian Volcano 라임 주스는 유기농 레몬 주스와 마찬가지로 100% 유기농 주스입니다 Italian Volcano 라임 주스는 유리병에 들어 있기 때문에 방부제를 추가할 필요가 없습니다 대부분의 미국인들은 병에 든 주스를 열었을 때 ""오래된"" 맛이 나지만 편의를 위해 구입합니다","Italian Volcano 라임 주스는 유기농 레몬 주스와 마찬가지로 100% 유기농 주스입니다. Italian Volcano 라임 주스는 유리병에 들어 있기 때문에 방부제를 추가할 필요가 없습니다. 대부분의 미국인들은 병에 든 주스를 열었을 때 ""오래된"" 맛이 나지만 편의를 위해 구입합니다.","['주스', '유기농', '라임', '필요', '편의', '추가', '유리', '오래되다', '방부제', '미국인']"
식음료,음료,주스,,B001O8R98I,"Lakewood, 유기농 석류 주스, 916.4ml(32온스)",Lakewood,23475,23475,4.4,81.0,100% 과일 주스 신선한 압착 석류 주스 GMO 프리,다우니 에이프릴 프레시 패브릭 컨디셔너는 단순한 섬유 유연제 그 이상입니다. 옷을 부드럽고 상쾌하게 하며 보호하여 기분 좋은 꽃 향기를 남깁니다. 또한 상단 및 전면 로딩 기계 모두에서 쉽게 사용할 수 있습니다. 다우니를 사용하면 원단이 더 좋아집니다.,"['주스', '다우니', '석류', '향기', '섬유', '기계', '기분', '꽃', '단순하다', '보호']"
식음료,음료,주스,,B00SZERS8K,HOWARD'S ONION 시즈닝 글루텐 프리 병 주스 141.7g(5온스),Howard Products,10567,10567,4.5,660.0,"글루텐 없음 | 농장에서 식탁까지 고품질의 맛을 위한 현지의 간단한 지방 프리 재료 순수한 맛 | 양념을 가능한 한 간단하게 유지하기 위해 병당 3가지 성분만 제공됩니다. 요리, 양념장, 수프, 샐러드 및 그 사이의 모든 것에 이상적입니다. #1 홀리데이 시즈닝 및 베이스팅 재료 주스 빠른 청소 | 분말 및 건조 재료를 대체합니다. 더 이상 칼과 도마를 청소할 필요가 없습니다. 더 이상 야채를 자르면서 손이 냄새가 나지 않으며 남은 음식을 낭비하지 않아도 됩니다 천연 성분 | 1872년부터 북동부의 잘 알려진 브랜드로 미국에서 제작된 HOWARD'S는 모든 테이블에 ""훌륭한 맛의 전통""을 제공합니다 훌륭한 맛 | HOWARD'S가 현재 제공하는 모든 맛인 양파와 마늘 주스를 맛보십시오. 냉장 보관이 필요하지 않습니다",,"['맛', '재료', '주스', '훌륭하다', '청소', '시즈닝', '성분', '프리', '글루텐', '간단하다']"
식음료,음료,주스,,B000VB2R54,Sicilia 유기농 레몬 주스 - 113.4g(4온스),Sicilia,8296,8296,4.4,55.0,,,"['주스', '유기농', '레몬']"
식음료,음료,주스,,B01C7G00TA,"Realemon 100% 진짜 레몬 주스, 3.8L(1갤런)",ReaLemon,33156,33156,4.7,295.0,"ReaLemon 100% 리얼 레몬 주스 3.8 - 3.8L(1 - 1갤런) 신선한 레몬을 썰거나 짜지 않고도 마리네이드, 디핑 소스 또는 청량 음료 및 칵테일에 맛있는 레몬 악센트를 쉽게 추가할 수 있습니다 레몬 주스를 저어 샐러드를 위한 신선한 맛의 드레싱을 만들거나 이 레몬 주스를 사용하여 레몬 머랭 파이를 만들어 보세요 농축액의 100% 레몬 주스로 제작 코셔","ReaLemon 100% 리얼 레몬 주스 3.8 - 3.8L(1 - 1갤런) 이 주스를 사용하면 신선한 레몬을 썰거나 짜지 않고도 마리네이드, 디핑 소스 또는 청량 음료 및 칵테일에 맛있는 레몬 악센트를 쉽게 추가할 수 있습니다. 대용량 레스토랑이나 바에 보관하기에 좋은 ReaLemon 주스는 모든 레시피에 신선하고 시큼한 레몬 맛을 제공합니다. 일관되고 편리한 이 레몬 주스는 바로 사용할 수 있으며 개봉 후까지 냉장 보관할 필요가 없습니다.","['레몬', '주스', '신선하다', '갤런', '음료', '악센트', '맛', '맛있다', '소스', '디핑']"
식음료,음료,주스,,B09MDTQZVK,Miras (3팩) Vedic' Karela 주스 비터 고드 (500ml),Miras,48405,47020,4.2,26.0,(3팩) 카렐라 비터 고드 주스 500ml 16.9 Fl Oz 맛있는 맛!,(3팩) 카렐라 비터 고드 주스 500ml 16.9 Fl Oz,"['주스', '비터', '고드', '카렐라', '맛팩', '맛있다']"
식음료,음료,주스,,B06XRX2VNN,"MOTTS Motts Clamato Preparado 토마토 칵테일 947.2g(32온스), 947.2g(32온스)",Mott's,17464,15830,4.6,367.0,"946.4ml (32온스) 병 1개 우스터 소스, 핫소스, 할라페노, 라임 주스, 소금 및 흑후추와 혼합된 토마토 주스와 향신료의 진짜하고 상쾌한 혼합 혼합 음료에 적합합니다 식사에 풍미가 더해져 해산물, 가금류 및 기타 다양한 요리와 잘 어울립니다","Clamato Preparado로 칵테일을 쉽게 만들 수 있습니다. Preparado는 토마토 주스와 향신료의 진짜하고 상쾌한 혼합인 Clamato의 풍미 있는 맛으로 시작하며, 우스터 소스, 핫소스, 할라페노, 라임 주스, 소금 및 후추와 같은 좋아하는 모든 재료를 추가합니다. 그런 다음 그들은 모두 당신이 좋아하는 것 같은 완벽한 맛의 조합을 위해 완벽하게 혼합됩니다. 이 947.2g(32온스) 병은 단독으로 또는 좋아하는 미켈라다, 블러디 메리 또는 음식 요리를 즐기기에 적합합니다. Clamato Preparado로 좋아하는 맛을 더 많이 얻으세요.","['혼합', '주스', '맛', '토마토', '후추', '라임', '상쾌하다', '소금', '소스', '완벽하다']"
식음료,음료,주스,,B00E15SP52,"Langers 비타민 C 함유 100% 주스, 애플 오렌지 파인애플, 1.9L(64온스) (8팩)",Langers,53599,53599,4.5,14.0,100% 주스,"애플 오렌지 파인애플은 신선한 압착 전체 과일의 농축액에서 추출한 100% 과일 주스입니다. 사과, 오렌지 및 달콤한 과즙 파인애플은 100% 맛있고 영양이 풍부한 주스를 만들기 위해 특별히 혼합되어 1회 제공량마다 120% 일일 비타민 C가 함유되어 있습니다.","['주스', '파인애플', '오렌지', '애플', '비타민', '함유', '과일', '일일', '추출', '영양']"
식음료,음료,주스,,B0979KW3M1,"Wonder Lemon 유기농 레몬 바질 할라페뇨 냉압착 주스, 249.6g(8.4온스) (6팩)",Wonder Lemon,33226,33226,4.2,119.0,"하루를 업그레이드하세요 - 인생이 레몬을 제공할 때 레모네이드에 만족하지 마세요! 맛있고 상쾌한 원더 레몬 주스로 미각을 관리하세요. 천연 - 100% 냉압착 과일과 채소의 기분 좋은 혼합으로 제작된 원더 레몬은 최고의 자연만을 함유하고 있습니다 흥미로움 - 즐겁고 활력을 주는 이 갈증 해소 주스는 어린이와 성인에게 완벽한 인기를 끌고 있습니다. 달콤하고 징그러운 에너지 부스트를 위해 매일 잠자는 동안 시원한 한 모금을 즐기세요 당신을 위한 더 나은 제품 - 신뢰할 수 있는 제품으로 냉장고를 채우세요. 원더 레몬 주스는 100% 유기농이며 인공 색소, 향료, 방부제, 첨가제 또는 설탕을 첨가하지 않아 완벽하고 자연스러운 만족감을 선사합니다 인증 - USDA 유기농, 공정 무역, 코셔, GMO 프리 인증","USDA 유기농. Kiwa BSC Oko GmbH의 유기농 인증. GMO 프리 프로젝트 인증. nongmoproject.org. 흥미롭게도 좋음: 레몬이 왜 그렇게 좋은가요? 비타민 C는 면역력을 높이고 칼륨은 심장, 신장, 근육 및 신경을 돕습니다. 가장 일반적인 유형의 레몬이 유레카라고 불리는 것을 알고 계셨나요? 와우! 인생이 우리에게 레몬을 주었을 때 우리는 무엇을 했을까요? 힌트: 병을 보세요. 레몬을 병에 어떻게 넣었을까요? 절대 말하지 않을 것입니다. 농축액용이 아닙니다. 인증된 공정 무역. fairtsa.org. 재활용하세요. 터키 제품.","['레몬', '유기농', '인증', '주스', '원더', '무역', '공정', '완벽하다', '냉압착', '프리']"
식음료,음료,주스,,B0CLJYGF9Q,Lucy's 가족 소유 - 100% 라임 주스 갤런 (3.8L(138액량 온스),Lucy's,40151,40151,4.6,1217.0,"모든 라임을 짜는 것에 지치셨나요? - 라임 압착기를 내려놓으세요! Lucy's 라임 주스는 128개의 라임과 같은 양의 주스를 제공합니다! 프리미엄 라임 주스 - 당사의 Lucy's 라임 주스는 성분이 첨가된 농축액에서 추출한 100% 주스입니다. 즉, 라임 + 물에서 추출한 진짜 라임 주스만을 사용합니다(주스를 라임의 천연 강도로 재구성하기 위해) + 일부 방부제와 라임 오일은 오래 지속되는 맛을 유지하고 필요할 때마다 사용할 수 있도록 라임 주스를 보관할 수 있다는 장점이 있습니다. 좋아하는 라임에이드 레시피에 적합합니다. 우리가 하는 일을 사랑하는 이유 - 가장 달콤한 ""우리 노동의 과일"" 중 하나는 Lucy's 100% 라임 주스에서 누구나 받을 수 있는 놀라운 용도입니다. 단순히 모닝 티를 차려 입히거나, 더운 여름날을 위해 물 한 잔을 더하거나, 다양한 요리 레시피를 강화하는 것이든, Lucy's 라임 주스가 가져올 수 있는 유용성과 즐거움에 놀랐습니다! 가족 소유 및 가족 운영 - Lucy's는 한 가지 목적을 달성하고자 합니다. 온 마음을 다해 하나님을 사랑하고 우리 자신을 사랑할 때 이웃을 사랑하는 것입니다. 저희 가족부터 여러분까지, 소중한 고객 중 한 명이 되어 주셔서 감사합니다!",,"['라임', '주스', '가족', '사랑']"
식음료,음료,주스,,B07QK2XBT2,Concord Italia Garden | 유기농 레몬 주스와 에센셜 오일로 만든 'Perfectly Lemon' | 125ml (4.23액량 온스),Concord Italia Garden,8988,8988,4.3,109.0,코셔 유기농,유기농 레몬 주스와 에센셜 오일로 제작되었습니다. 농축액이 아닙니다. CCPB의 유기농 인증. 맛을 강조하기 위한 레몬 조미료. 콩코드 식품에서 선택. Srl bologna Italia. www.concordfoods.com. 저희 웹사이트를 방문하여 훌륭한 레시피를 확인하세요! www.concordfoods.com. 이탈리아 제품.,"['유기농', '레몬', '오일', '주스', '에센셜', '식품', '농축액', '레시피', '맛', '방문']"
식음료,음료,주스,,B084JMV32Q,"Country Spoon 100% 타르트 체리 주스 (226.8g(8온스) 당 70개 이상의 타르트 체리 12팩 | 농축액, 단일 성분 음료, 멜라토닌 풍부, 건강한 과일 음료 (체리)",Country Spoon,41383,41383,4.6,756.0,"단일 성분. 몽모렌시, 타르트 체리(농축액이 아님)로 제작되었습니다. 독특한 주스 공정을 통해 70개 이상의 체리의 영양을 이 맛있는 타르트 주스에 담을 수 있습니다 방부제 없음. 당사의 타르트 몽모랑시 체리 주스에는 설탕, 감미료, 색소, 향료 또는 방부제가 첨가되지 않았습니다 높은 항산화 물질 - Country Spoon 체리 주스는 각 병에 70개 이상의 체리의 항산화 강도를 가지고 있습니다 천연 장점 - 레드 타르트 체리는 천연 멜라토닌과 항산화 물질의 훌륭한 공급원입니다 멜라토닌 리치 - 몽모랑시 타르트 체리는 자연적으로 발생하는 멜라토닌이 풍부합니다. 멜라토닌은 수면 패턴을 조절하고 수면의 질을 높일 수 있습니다.",,"['체리', '타르트', '멜라토닌', '주스', '항산화', '물질', '음료', '몽모랑시', '방부제', '천연']"
식음료,음료,주스,,B00BXH5JDW,"Sacramento 토마토 주스, 설탕 또는 고과당 옥수수 시럽 무첨가, 1.3kg(46온스) 캔, 2팩",Yecna,25026,25026,4.4,172.0,"풍부하고 채우기: 우리의 토마토 주스는 비할 데 없는 맛과 영양을 위해 성숙한 붉은 덩굴을 숙성한 미국 토마토에서 추출합니다. BPA 프리 안감 캔에 포장되어 '캔' 맛 없이 진정한 토마토 맛을 보존합니다. 인공 성분 없음: 저희 제품은 인공 향료, 색소 및 방부제가 없습니다. 토마토 주스를 달콤하게 하기 위해 HFCS를 사용하지 않았습니다. 토마토의 자연스러운 달콤함을 신뢰합니다. 모두를 위한 토마토 주스: 당사의 비건* 및 글루텐 프리 토마토 주스는 영양이 풍부하고 건강에 좋은 선택입니다. 콜레스테롤 및 지방 프리 음료이며 미국에서 가장 일반적인 알레르기 유발 물질 8개가 없습니다. 토마토의 장점: 가벼운 액체 아침 식사로 토마토 주스 한 잔을 마시거나, 오후 간식으로 잔으로 채워 넣거나 영양이 풍부한 픽업이 된 기분을 느낄 수 있습니다. 레드 골드 품질로 제작: 4세대에 걸쳐 저희 가족 소유 회사는 농장에서 여러분의 집으로 미국에서 재배한 덩굴 숙성 토마토 제품을 자랑스럽게 제공하고 있습니다.","풍부하고 바삭한 사크라멘토 토마토 주스는 깔끔한 마감으로 영양을 희생하지 않으면서 갈증과 미뢰를 만족시킵니다. 그대로 캔을 마시거나 당근, 사과, 시금치, 배를 추가하여 맛있는 과일과 채소 스무디를 만들 수 있습니다. 계속해서 좋은 피 묻은 마리를 좋아하지 않는 사람이 있을까요? 신선한 셀러리 스틱, 좋아하는 증류주를 추가하고 시즈닝 소금으로 글라스에 테두리를 넣어 레스토랑 품질의 칵테일을 만드세요. 토마토 주스는 수프, 스튜 등과 같은 여러 레시피를 위한 훌륭한 베이스입니다. 1회 제공량당 45칼로리와 트랜스 지방 0g으로 새크라멘토 토마토 주스는 균형 잡힌 식단의 훌륭한 부분입니다. 사크라멘토 붉은 덩굴 숙성된 토마토 주스의 풍부한 색상, 맛, 탁월한 품질을 대체할 수 없습니다. *전체 성분 목록 보기","['토마토', '주스', '풍부하다', '맛', '영양', '캔', '미국', '프리', '덩굴']"
식음료,음료,주스,,B0001XA41G,"Montmorency 타르트 체리 주스 농축액 - 프리미엄 유리병에 담긴 병 473.2ml - 100% 순수 미시간 재배 타르트 체리, 글루텐 프리, GMO 프리 체리. 미국에서 재배 및 제작 - 절대 수입되지 않았습니다!",Fruit Advantage,38489,38489,4.4,223.0,"터키, 폴란드 또는 중국에서 수입하지 않았습니다 플라스틱 침출을 방지하기 위해 473.2ml(16온스) 유리병으로 제작되었습니다 침전물 없음 - 전체 체리 업계에서 유일한 체리 주스. 이는 병 바닥에 두꺼운 잔여물이 없음을 의미합니다. 체리 주스 농축액 1온스당 약 100개의 타르트 체리 - 모든 잔에 풍부한 체리 맛을 즐기세요. 약 병당 1600개의 체리. 모든 체리가 아닌 100% 순수 몽모랑시 타르트 체리.",,"['체리', '타르트', '주스', '수입', '재배', '프리', '농축액', '유리', '순수', '제작']"
식음료,음료,주스,,B0CP8H2WRH,"GoGo squeeZ 전해질이 함유된 활성 과일 블렌드 | 18개입 버라이어티 팩 | 블루베리 딸기 레몬 & 딸기 파인애플 오렌지 | 실제 과일 및 항산화 물질 비타민 A, 비타민 E 및 비타민 C로 제작",GoGo SqueeZ,35428,35428,4.7,139.0,"전해질로 제작: GoGo SqueeZ Active는 전해질로 만들어져 활동을 통해 손실된 미네랄을 보충하는 데 도움이 됩니다. 스포츠 간식이나 게임 후 픽업에 이상적입니다 진짜 과일로 구동: 사과, 블루베리, 딸기, 레몬, 파인애플, 오렌지와 같은 진짜 맛있는 과일이 결합되어 언제 어디서나 맛있고 짜낼 수 있는 간식을 제공합니다 모든 파우치에 들어있는 항산화 물질: 이 개별 간식은 비타민 C의 훌륭한 공급원이자 비타민 A 및 E의 좋은 공급원으로, 큰 토너먼트를 위해 힘을 주거나 짧은 하이킹을 준비할 수 있습니다 기분 좋은 간식: 당사의 글루텐 프리 스낵에는 설탕이 첨가되지 않았으며 견과류와 유제품이 없으며 GMO 프리 프로젝트 인증을 받았습니다 모두를 위한 무언가를 발견하세요: GoGo squeeZ에는 사랑할 것이 훨씬 더 많습니다. 오리지널 GoGo SqueeZ 과일 파우치, GoGo SqueeZ fruit & veggieZ, GoGo SqueeZ BIG 또는 GoGo SqueeZ yogurtZ를 오늘 사용해보세요","활동적인 라이프 스타일을 위한 과일 구동 스포츠 간식인 전해질이 함유된 GoGo SqueeZ 액티브 과일 블렌드로 재미를 유지하세요. 이동 중이나 이동 중에도 편리하게 사용할 수 있는 이 맛있는 간식은 여러분과 팀 전체를 따라갈 수 있습니다. GoGo SqueeZ Active는 실제 과일로 구동되며 항산화 비타민 C, 비타민 A 및 비타민 E를 함유하고 있으며 활동을 통해 손실된 필수 미네랄을 보충하는 데 도움이 되는 전해질로 만들어졌습니다. 당사의 파우치는 내부의 과일에서 달콤함을 얻습니다. 즉, 설탕이 첨가되지 않았으며 고과당 옥수수 시럽이 없으며 다른 맛이나 색소가 첨가되지 않았습니다. 글루텐 프리, 견과류 프리, 유제품 프리 레시피를 갖춘 GoGo SqueeZ 액티브 과일 블렌드는 전해질이 함유된 스포츠 간식입니다. 이 과일 블렌드 스낵은 GMO 프리 프로젝트 인증을 받았으며 코셔 제품으로 일반적인 알레르기 유발 물질이 없으므로 여러분과 가족이 GoGo SqueeZ 맛있는 간식을 쉽게 즐길 수 있습니다. 오늘 큰 경기나 짧은 하이킹을 위해 이 과일 기반 간식을 구입하세요! *저칼로리 식품이 아닙니다. 설탕 및 칼로리 함량에 대한 영양 정보 참조","['과일', '간식', '비타민', '전해질', '프리', '함유', '블렌드', '맛있다', '설탕', '구동']"
식음료,음료,주스,,B08H1DM7J3,"Z Natural Foods 유기농 크랜베리 주스 파우더, 영양이 풍부한 슈퍼푸드 파우더, 스무디, 차, 주스, 요리 및 베이킹에 적합, 비건, GMO 프리, 글루텐 프리, 453.6g(1파운드)",Z Natural Foods,27686,27686,4.2,98.0,"항산화 성분이 풍부한 크랜베리 파우더: 유기농 크랜베리 주스 파우더는 풍부한 항산화 물질 공급원입니다. 이 강력한 화합물은 건강한 염증 반응을 지원하면서 신체가 산화 스트레스와 염증을 퇴치하는 데 도움이 될 수 있습니다 영양이 풍부한 슈퍼푸드: 크랜베리 주스 파우더는 비타민과 미네랄의 보물창고입니다. 비타민 C, 비타민 A, 칼슘 등이 함유되어 전반적인 건강과 웰빙을 지원합니다 전체적인 건강상의 이점: 당사의 크랜베리 주스 파우더는 유익한 식물을 유지하고 감염을 퇴치하여 장과 요로 건강을 지원합니다. 또한, 기억력과 인지 능력을 향상시키고 웰빙 루틴을 자연스럽게 향상시킵니다 다용도: 이 슈퍼푸드는 믿을 수 없을 정도로 다재다능합니다. 한 스푼을 주스, 요거트 또는 좋아하는 스무디와 섞어 일상 생활에 쉽게 통합할 수 있습니다. 식사의 맛과 영양 프로필을 쉽게 향상시킵니다 글루텐 프리: 당사의 크랜베리 주스 파우더는 글루텐이 없으므로 건강에 민감한 라이프 스타일에 맞는 고품질의 순수 제품을 얻을 수 있습니다",,"['주스', '파우더', '크랜베리', '건강', '풍부하다', '글루텐', '슈퍼', '프리', '푸드', '영양']"
식음료,음료,주스,,B01BLAW4UG,"Honest Kids 슈퍼 프루트 펀치, 1.6kg(56온스) (8개 팩) (포장은 다를 수 있음)",Honest Kids,63640,63640,4.5,333.0,"USDA 유기농 인증 — 유기농 과일 주스로만 단맛을 냈습니다. 비타민 C의 훌륭한 공급원 고과당 옥수수 시럽 없음, 설탕 무첨가 Honest Kids 슈퍼 프루트 펀치를 즐기세요. 아이들이 하루 종일 날아오를 수 있도록 만든 맛있는 유기농 과일 펀치입니다","새입니다! 비행기입니다! 정직한 아이들을 위한 슈퍼 과일 펀치. 포도, 딸기, 사과, 크랜베리 주스의 맛이 결합되어 진정한 펀치를 포장합니다. 이 환상적인 맛은 상쾌함의 힘을 결합하여 아이들이 하루 종일 날아갈 수 있도록 합니다. Honest는 정직하고 성실하게 지속 가능하고 맛있는 음료를 만들고 홍보하기 위해 노력합니다. 즉, 처음부터 모든 음료에 무엇이 들어 있는지 정확하게 알려줍니다. 처음부터 Honest는 ""Just a Tad Sweet""가 되면서 갈증을 해소하는 것만큼 단순한 것에 대해 해왔습니다. 그리고 우리의 사명은 이제 단순한 상쾌함 그 이상이지만, 당시와 동일한 관리와 품질로 원래의 약속을 이행하기 위해 노력합니다. 따라서 Honest를 선택하면 차이를 만드는 음료를 선택합니다. 병을 줍는 것은 웰빙을 증진하는 것을 의미하며, 모든 사람이 더 나은 옵션을 사용할 수 있도록 하기 위한 약속입니다. Honest는 유기농 재료를 민주화하는 것과 같은 다른 임무를 수행하기 위해 노력합니다. 저희는 Honest라는 브랜드에서 기대하는 대로 음료를 유기농으로 만듭니다. Honest는 온 가족이 즐길 수 있는 무언가를 가지고 있습니다. 상쾌하게 당신의 것, The Honest Tea-m","['유기농', '펀치', '음료', '상쾌하다', '노력', '슈퍼', '과일', '선택', '약속', '맛있다']"
식음료,음료,주스,,B0D6BXMJML,"Dole 100% 파인애플 주스 170g(6온스) | 글루텐 프리, 코셔, GMO 프리 | 6개 팩",Bits N Things,20664,20664,3.5,5.0,"신선하고 달콤하고 톡 쏘는 파인애플 맛 100% 주스로 제작, 설탕이나 인공 감미료가 첨가되지 않았습니다 플레인 또는 칵테일 및 칵테일과 함께 즐기세요 작은 캔은 냉장고에 쉽게 보관할 수 있습니다","Dole 파인애플 주스로 음료나 소스에 이국적이고 상쾌한 맛을 더하세요. 갓 재배한 파인애플로 제작된 각 캔은 강하게 달콤하고 약간 톡 쏘는 상쾌한 맛으로 가득합니다. 이 주스는 맛있는 다과로 혼자 즐기거나 대담하고 흥미진진한 맛을 위해 럼, 코코넛 크림, 으깬 얼음과 함께 섞어 군침 도는 피나콜라다 칵테일을 만들어 보세요. 작은 캔으로 완벽한 양을 제공할 수 있으며 냉장고에 보관하고 차갑게 하기 쉽습니다. 각 캔에는 비타민 A, C, E가 첨가된 100% 진짜 주스가 포함되어 있습니다. 또한 설탕이 첨가되지 않아 건강에 민감한 고객에게 훌륭한 옵션입니다. 최상의 결과를 얻으려면 이 주스를 잘 흔든 다음 차갑게 또는 얼음 위에 올려 신선한 파인애플의 자연스러운 맛을 강조하십시오. 음료를 만드는 것부터 풍미있는 마리네이드와 풍부한 디저트를 만드는 것까지, 이 파인애플 주스는 모든 메뉴에 완벽한 추가 아이템입니다. Dole Food Company, Inc.는 과일 및 기타 건강한 제품을 재배, 소싱, 유통 및 마케팅하는 세계적인 선두 주자입니다. 전체 제품 라인은 폐기물 발자국을 줄이고 프리미엄 친환경 식품을 만들기 위해 모든 작업에서 지속 가능성의 네 가지 기둥에 중점을 둡니다. Dole 제품을 가까이에 두면 고객이 원하는 과일 맛이나 신선한 야채로 상쾌하게 할 수 있으며 일년 중 모든 계절에 신선한 농산물을 레시피에 더할 수 있습니다.","['주스', '맛', '파인애플', '캔', '신선하다', '첨가', '상쾌하다', '칵테일', '작다', '완벽하다']"
식음료,음료,주스,,B001SAWH1Q,100% authentique jus de citron vert 473.2ml (16온스),okoium,18572,18572,4.5,774.0,473.2ml(16온스) 병 100% 정품 키 라임 주스 7.0-7.1 Brix 차이를 맛보세요,"Florida Key West Inc. 정품 키 라임 주스는 ""키 라임"" 주스로 100% 생산됩니다. 일반적으로 타히티안 또는 페르시아 라임으로 만든 다른 많은 라임 주스 제품이 시장에 나와 있습니다. 라임 주스의 USDA 정체성 표준은 6.0 브릭스입니다. 당사의 정품 키 라임 주스는 7.0 - 7.1 브릭스로 제품에 훨씬 더 대담한 맛을 제공합니다. 이 맛 프로필은 유명한 플로리다 키 라임 파이, 케이크, 샐러드 드레싱, 마리네이드, 마가리타 믹스와 같은 많은 식품에서 바람직한 구성 요소입니다. 베이커들은 향상된 맛 때문에 일반 라임 주스보다 정통 키 라임 주스를 선호합니다!","['라임', '주스', '키', '정품', '맛', '브릭스', '일반']"
식음료,음료,주스,,B08ZJ2C7N5,TerraPick 마누카 꿀로 단맛을 낸 녹색 양배추 주스 - 천연 양배추 추출물 주스 야채 주스 슈퍼푸드 (89.9ml (3.5온스) X 파우치 30개),TERRAPICK,48461,48461,3.8,296.0,"일반 양배추 주스가 아닙니다: 대부분의 양배추 추출물은 소금에 절인 양배추 주스와 같은 맛이 나는데 너무 맛있지 않습니다! 당사의 양배추 주스는 일반 및 마누카 꿀로 자연스럽게 단맛을 냅니다. 불쾌한 뒷맛 없이 바로 마실 수 있습니다 100% 천연, 100% 당신에게 좋습니다: 당사의 녹색 양배추 주스에는 장 건강을 증진하는 데 도움이 되는 비타민과 미네랄이 함유되어 있습니다. 천연 에너지 부스트가 필요한 경우 이 음료를 사용해보세요 다른 과일 주스와 잘 어울립니다: 양배추 추출물 주스에 다른 과일 및 채소 주스를 추가하여 영양소 흡수를 늘리십시오. 사과, 당근, 파인애플, 브로콜리, 비트 등을 추가하여 이 음료를 영양 강국으로 만드세요 죄책감 없이 언제든지 마실 수 있는 옵션: 팩당 20칼로리밖에 되지 않는 이 녹색 양배추 주스는 훌륭한 무지방 일일 보충제입니다. 이 야채 주스 상자를 구입하여 필요할 때 언제든지 에너지를 충전하세요. 흘림 방지 파우치에 편리하게 포장: 어디를 가든 이 채소 주스를 가져가세요. 30일 세트는 가방에 실수로 찢어지지 않는 개별 파우치에 포함되어 있습니다. 운동 후 및 에너지가 필요할 때 언제든지 적합합니다",,"['주스', '양배추', '천연', '물', '에너지', '파우치', '녹색', '추출', '일반', '마누카']"
식음료,음료,주스,,B0DCCYSWT3,"Sun Tropics SunTropics 100% 순수 칼라만시 퓨레, 283.5g(10온스) (4팩)",Sun Tropics,27686,27686,4.5,1029.0,"100% 순수 칼라마시 주스 - Sun Tropics 퓨어 칼라만시 주스는 햇볕에 숙성되고 손으로 수확한 칼라만시 과일로 만들어져 가장 순수하고 진정한 맛을 보장합니다. 당사의 천연 칼라만시 주스는 농축액이 없으며 설탕이 첨가되지 않았으며 방부제나 인공 성분이 없습니다. 직접 쥐어 짜는 것이 부족합니다. 더 좋은 것은 없습니다. 다용도 시트러스 주스 - Calamansi는 군침이 도는 많은 필리핀 요리의 비밀이며 칵테일, 목테일, 무알코올 음료 또는 비네그레트, 소스 및 마리네이드에 섞기에도 좋습니다. 단독으로 즐기거나, 칵테일 주스로 즐기거나, 마리네이드나 드레싱 재료로 사용하든, Sun Tropics의 100% 칼라만시 주스는 주방에 다양하게 추가할 수 있습니다. 비타민 및 천연 영양소가 풍부합니다 - 필리핀 라임으로도 알려진 Sun Tropics Pure Calamansi는 비타민과 천연 영양소가 풍부하며 면역력을 높이는 데 도움이 되는 비타민 C의 천연 공급원이 풍부합니다. 자연적으로 발생하는 비타민과 미네랄, 전해질 및 항산화 물질을 함유하여 최적의 영양 섭취와 웰빙에 기여합니다. 독특하고 상쾌한 맛 - 칼라만시 시트러스 주스는 톡 쏘는 맛과 달콤한 맛이 완벽하게 조화를 이룹니다. 독특한 맛 프로필은 레몬 라임과 오렌지의 힌트의 조합으로 가장 잘 묘사되어 미뢰에 기분 좋은 상쾌함과 독특한 느낌을 줍니다. SUN TROPICS - Sun Tropics 가족 소유 회사로 전 세계적으로 어린 시절의 인기 음식, 열대 과일 및 정통 길거리 음식을 공유할 수 있는 간식 및 음료로 바꾸어 모험적인 맛을 즐기실 수 있습니다","Sun Tropics SunTropics 100% 순수 칼라만시 퓨레, 283.5g(10온스) (4팩)","['칼라', '주스', '맛', '비타민', '천연', '독특하다', '순수', '풍부하다', '영양소', '라임']"
식음료,음료,주스,,B07M5YG8ZV,ALOEVINE 알로에 베라 주스 음료 알로에 덩어리가 들어간 순수 수박 | 479.1g(16.9온스) 10팩 | 식물 기반 채소 한국 음료,Aloevine,30456,30456,4.6,388.0,"상쾌한 알로에 주스: 상쾌한 음료, 비타민을 함유하고 있으며 알로에 베라로 만들어졌습니다. 봄과 여름에 섭취하는 것이 좋으며 다른 과일 주스 및 칵테일과 혼합할 수 있습니다. 수박 음료: Aloevine 알로에 베라 드링크 진짜 알로에 베라 펄프가 함유된 수박 맛 음료. 10개 팩으로 제공되며 각 병은 479.1g(16.9온스)입니다. 상쾌하고 맛있는 음료. 대한민국에서 제작: Aloevine Juice는 태국과 베트남에서 자란 알로에 베라를 사용하여 만들어집니다. 알로에 베라의 품질은 이 지역의 열대 재배 환경으로 인해 더 높습니다. 수분 공급: 천연 알로에 음료는 정제수, 구연산, 젖산 칼슘, 구연산 나트륨 및 천연 향료를 사용하여 만들어집니다. 또한 영양소의 공급원인 베라 알로에가 포함되어 있습니다. 대한민국에서 제작: Aloevine Juice는 태국과 베트남에서 자란 알로에 베라를 사용하여 만들어집니다. 알로에 베라의 품질은 이 지역의 열대 재배 환경으로 인해 더 높습니다. 대한민국에서 제작: Aloevine 주스는 태국과 베트남에서 자란 알로에 베라를 사용하여 만들어졌으며 이 지역의 열대 재배 환경으로 인해 알로에 베라의 품질이 높습니다.",,"['알로', '음료', '주스', '환경', '대한민국', '상쾌하다', '베트남', '열대', '재배', '지역']"
식음료,음료,주스,,B01N2MOI2J,"유자 주스 100% 일본 정통, 천연 순수 맛, 첨가물 없음, 비건, 상쾌한 아로마 및 시트러스 맛, 다양한 요리와 짝을 이루는 100ml(3.3액량 온스) 【야마산】",chaganju,18697,18697,4.5,361.0,"✅왜 정품일까요? 압착하는 방법이 매우 탁월하기 때문입니다. 원래 발명된 압착 기계를 사용하여 펄프의 일부만 천천히 압착됩니다. 펄프의 일부만 짜서 독특하고 순수한 맛을 추출합니다. ✅펄프 일부만 압착하는 효율이 전체 부품보다 훨씬 낮아 한 병에 더 많은 유자를 사용할 수 있습니다. 그러나 진정한 순수한 맛은 그만한 가치가 있습니다. 차이를 비교하고 맛보세요. ✅수확 직후 압착하여 병에 담기 때문에 농축액, 추가 설탕 또는 아로마 화학 물질이 없기 때문에 매년 기후에 따라 미묘하게 다른 자연스러운 맛과 향을 즐길 수 있습니다. ✅일본 유자는 낮과 밤의 고온이 다른 산악 지역에서 재배되어 다른 나라보다 향이 좋습니다. 전 세계의 요리사들은 신선한 향과 산도를 높이 평가하며 다양한 요리에 사용합니다. ✅삶거나 구운 해산물이나 고기를 위한 상쾌한 시즈닝일 뿐만 아니라 핫 팟 소스, 드레싱과 블렌딩, 소다 주스, 칵테일 또는 위스키에 추가할 수 있습니다. 꿀 시럽과도 잘 어울립니다.",,"['맛', '압', '향', '유자', '펄프', '일부', '착하다', '추가', '아로마', '상쾌하다']"
식음료,음료,주스,,B07CN6X7JX,"Chef's Quality Lemon juice, 128온스",Chef's Quality,28780,28780,4.6,12.0,"레몬은 천연 이뇨제로 만들어졌으며 팽창이 적고 상쾌합니다. 모든 맛을 밝게 하고 ""물고기""를 제거하기 위해 해산물과 함께 봉사하십시오. 레스토랑 품질","Great for fresh lemonade, just stir into water with sugar or zero calorie sweetener!","['해산물', '팽창', '천연', '제거', '이뇨제', '상쾌하다', '봉사', '물고기', '맛', '레스토랑']"
식음료,음료,주스,,B07GXCQK8J,"Apple & Eve Sesame Street Organics, Big Bird's 애플 주스, 118ml(4.23액량 온스), 40개",APPLE & EVE,49167,49167,4.1,163.0,"Apple & Eve 세서미 스트리트 USDA 유기농 100% 주스 박스는 정직한 재료로 만들어졌으며 아이들이 좋아하는 육즙이 풍부합니다. 벌크 버라이어티 팩과 프라임 팬트리로 제공됩니다 Apple and Eve 개별 세서미 스트리트 주스 박스는 어린이 생일 파티 선물, 학교 점심, 학교 간식 또는 이동 중에도 사용하기에 적합합니다 Apple & Eve USDA 유기농 100% 주스는 설탕이 첨가되지 않았으며 글루텐 프리이며 설탕 어린이 음료의 건강한 대안입니다 모든 애플 앤 이브 제품은 땅콩 프리 시설에서 생산되므로 아이들이 교실에서 나눌 수 있는 완벽한 간식입니다 Apple & Eve 세서미 스트리트 주스 박스에는 엘모, 빅 버드, 버트와 어니를 포함한 좋아하는 캐릭터가 있습니다 각 119.9g(4.2온스) 애플 앤 이브 100% 주스 상자에는 인증된 GMO 프리 과일 1인분이 포함되어 있습니다 설탕이나 방부제를 첨가하지 않고 고과당 옥수수 시럽을 첨가하지 않고 자연적으로 단맛을 냈습니다","애플 앤 이브 세서미 스트리트 오가닉 빅 버드의 애플 주스를 사용하면 슈퍼마켓 통로를 거닐면서 빅 버드와 함께 아이의 얼굴이 밝아지는 것을 볼 수 있습니다. 아이들은 좋아하는 세서미 스트리트 캐릭터를 보는 것을 좋아합니다! 하루 종일 비타민 C를 공급하는 칼슘 강화 음료로 아이들이 순수 주스의 영양 이점을 얻고 있다는 사실을 알고 기분이 좋아질 것입니다. 이 주스는 USDA 인증 유기농 성분으로 만들어졌으며 무엇보다도 설탕이 첨가되지 않았습니다. 가정, 도시락, 식당 및 카페에 적합합니다. Apple & Eve 세서미 스트리트 오가닉 빅 버드의 사과 주스는 모든 환경에 건강하고 맛있는 주스입니다. 1975년부터 미국 전역의 가족들에게 더 건강하고 좋은 주스를 제공하고자 하는 희망으로 Apple & Eve는 수백만 가족의 집에 초대되어 순수하고 맛있는 주스를 제공하는 것에 대해 계속해서 자랑스럽고 겸손하게 여기고 있습니다.","['주스', '스트리트', '애플', '첨가', '설탕', '빅', '버드', '건강하다', '이브', '박스']"
식음료,음료,주스,,B07J9Q4RN1,"FruitFast 레드 타르트 체리 주스 농축액 - (400ml(16액량 온스) 무가당, 68 Brix 순수 농축 체리 주스 - 100% 다크 체리 추출물 - 첨가제나 필러 없음!",FruitFast,34555,34555,4.7,1466.0,건강한 관절 기능 지원* 코셔 GMO 인증 정상적인 수면 주기를 유지하는 데 도움이 됩니다 건강한 심혈관 기능 지원*,,"['체리', '건강하다', '주스', '순수', '관절', '농축', '농축액', '다크', '도움', '레드']"
식음료,음료,주스,,B0CYM147QF,"100% 라임 주스, 70.9g(2.5온스) 병 - 주스 정통 신선한 라임 주스 및 순수 라임 주스 - moofin 골든 SS 스푼과 쌍, 요리, 천연 과일 음료에 이상적 [5팩]",moofin,18157,18157,5.0,2.0,"[순수 라임 에센스] - 설탕이 첨가되지 않은 100% 순수 라임 주스인 라임 주스의 풍미를 맛보세요. 천연 라임의 신선한 향으로 요리를 향상시킵니다. [다용도 주방 스테이플] - 톡 쏘는 칵테일부터 풍미 가득한 마리네이드까지, '' 라임 주스는 여러분이 가장 좋아하는 천연 주스로, 다용도 산성 탱으로 모든 레시피에 신선함을 더합니다. [편리한 포장] - 각 팩에는 5병의 라임 주스가 포함되어 있어 과카몰리부터 구운 즐거움에 이르기까지 모든 요리에 신선한 라임 맛을 제공합니다. [유기농 라임, 퓨어 조이] - 유기농 라임에서 추출한 ''은 인공 성분 없이 진정한 라임 경험을 제공합니다. 미각이 원하는 천연 갓 짜낸 라임 주스입니다. [요리 향상] - ""라임 주스의 밝고 햇볕에 쬐는 맛으로 식사를 바꿔보세요. 순수한 천연 주스 농축액은 요리에 최고의 맛을 선사하여 한 입 먹을 때마다 맛을 축하합니다.","라임 주스는 단순한 주스가 아닙니다. 천연 향료의 교향곡으로 요리 창작물을 향상시킵니다. 짭짤한 타코 위에 뿌리거나 생생한 샐러드 드레싱에 섞거나 좋아하는 칵테일에 흔들어 주스는 나무에서 직접 라임을 짜내는 것과 같은 필수 라임 주스의 신선한 맛을 제공합니다. 라임을 자르고 짜내는 번거로움 없이 손끝에서 완벽한 양의 라임 주스를 마실 수 있는 편리함을 상상해보세요. 100% 라임 주스는 5팩 사이즈로 제공되며 70.9g(2.5온스) 및 354.9ml(12온스) 병이 있어 어떤 경우에도 적절한 양을 얻을 수 있습니다. 작은 병은 1인분에 이상적이며, 큰 병은 피처 음료 또는 많은 양의 마리네이드와 같이 라임 주스가 대량으로 필요할 때 적합합니다. 하지만 왜 다른 라임 주스보다 선택해야 할까요? 그 답은 순도와 품질에 대한 헌신에 있습니다. 라임 주스는 설탕, 색소 또는 방부제가 첨가되지 않은 진짜 키 라임으로 만들어졌습니다. 음식과 음료에 들어가는 것을 신경 쓰는 사람들을 위한 천연 주스 선택입니다. 천연 라임 에센스는 라임 주스를 짜서 저온 살균하고 신선하게 병에 담는 세심한 과정을 통해 포착되어 인공 첨가물 없이 모든 천연 향료를 얻을 수 있습니다. 또한, 주스는 믿을 수 없을 정도로 다재다능합니다. 음료만을 위한 것이 아닙니다. 산성 탱이 고기를 부드럽게 하고 맛의 균형을 맞추는 데 도움이 되는 마리네이드에 환상적인 추가 아이템입니다. 또한 천연 과일 주스로 드레싱에 기분 좋은 스플래시를 더해 간단한 샐러드를 특별한 것으로 바꿀 수 있는 천연 주스 향을 더합니다. 그렇다면 부엌에 신선한 석회의 햇살을 가져오는 것은 어떨까요? 라임 주스를 사용하면 단순히 제품을 구입하는 것이 아닙니다. 미뢰가 춤을 출 수 있는 생생하고 자연스러운 맛의 세계를 열게 됩니다. 식료품 저장실에 추가하고 진짜 천연 라임 주스의 차이를 100% 경험하십시오.","['라임', '주스', '천연', '맛', '신선하다', '요리']"
식음료,음료,주스,,B00E161NAK,"Langers 100% 주스, 사과, 2.9L(106온스) (4팩)",Langers,53267,53267,4.7,819.0,"226.8g(8온스) 당 과일 2회 분량 농축액 100% 주스. 설탕, 감미료 또는 색소가 첨가되지 않았습니다 GMO 성분 없음 방부제 없음 글루텐 프리","Langers 에서는 최고의 과일을 사용하지 않고는 이렇게 맛있는 주스를 만들 수 없었습니다. 당사의 애플 주스는 100% 순수합니다. 방부제, 설탕이 첨가되지 않았으며 인공 성분이 없습니다. 그 결과, 완전히 맛있고 영양이 풍부한 주스가 탄생했습니다.","['주스', '성분', '설탕', '과일', '첨가', '맛있다', '방부제', '글루텐', '농축액', '분량']"
식음료,음료,주스,,B07QHZGZVH,"Lyons ReadyCare 연하 곤란증 및 삼키기 어려움을 위한 두꺼운 사과 주스 - 꿀 일관성, 레벨 2 약간 두꺼움 - 1.3L(44온스) (6팩)",ReadyCare,49846,49846,4.8,16.0,"안전한 삼키기 쉬움. NDD 넥타 농도와 IDDSI 레벨 2로 두껍습니다 - 약간 두껍습니다. 삼키기 어려운 상태인 연하 곤란증이 있는 사람들을 지원하도록 설계되었습니다. 당사의 음료는 최고 수준의 안전과 영양 품질을 보장하기 위해 등록된 영양사 팀과 협력하여 제조되었습니다. IDDSI 지침을 충족하는지 확인하기 위해 엄격한 테스트를 거칩니다. 수분 공급 및 상쾌함. 미리 걸쭉한 100% 사과 주스. 118.3ml(4온스) 1회 제공량당 비타민 C 100% DV가 포함되어 있습니다. 글루텐 프리, 락토스 프리, 유제품 프리, 저나트륨, 코셔. 수분을 공급하면서 편안함을 제공하는 일상에 완벽한 추가 아이템입니다. 전문가가 신뢰합니다. Lyons ReadyCare 농축 음료는 의료 전문가, 거주자 및 장기 요양 시설, 요양원 및 병원의 환자가 신뢰합니다. Lyons는 이제 동일한 영양 제품을 직접 제공할 수 있으므로 집에서 편안하게 안전하고 건강하게 지낼 수 있습니다. 편리하고 안정적인 선반. 당사의 음료는 연하 곤란증이 있는 사람과 이를 돌보는 사람들의 삶을 개선하도록 설계되었습니다. 미리 걸쭉한 음료로 바로 서빙할 수 있으며 증점제 또는 증점제와 혼합할 필요가 없습니다. 최대 7개월 동안 실온에서 식료품 저장실에 보관하세요. 냉장고에 한 번에 몇 개만 넣어 식힌 후 즐기기만 하면 됩니다. 트위스트 캡은 쉽게 열고 다시 닫을 수 있습니다. 개봉 후 냉장 보관하고 7일 이내에 사용하세요. . Lyons는 훌륭한 고객 서비스를 제공하기 위해 최선을 다하고 있으며 귀하의 완전한 만족이 저희의 목표입니다. 제품이 기대치에 미치지 못하는 경우 저희에게 알려주시면 100% 만족하실 수 있도록 최선을 다하겠습니다.",,"['두껍다', '음료', '프리', '연하곤란증', '최선', '레벨', '수분', '영양', '사과', '비타민']"
식음료,음료,주스,,B00EZDN406,"Terrasoul Superfoods 유기농 밀초 주스 파우더, 141.7g(5온스) - 미국 재배 | 농축 주스로 제작 | 밀밭에서 우수",Terrasoul Superfoods,20761,20761,4.5,1683.0,"Terrasoul Superfoods 밀 잔디 주스 파우더, 141.7g(5온스) 100% 유기농 인증, GMO 프리, 방사선 없음, 생식, 비건 미국에서 재배 및 포장 밀가루 주스 파우더는 정화, 해독, 영양 및 치유를 하는 에너지가 풍부한 잔디의 강력한 주스에서 추출됩니다 밀초의 농축 버전으로 표준 건조 밀보다 더 강력합니다",,"['주스', '파우더', '유기농', '농축', '미국', '밀초', '잔디', '재배', '강력하다', '제작']"
식음료,음료,주스,,B08LPGBW28,"Gopals Goji One 유기농 고지 주스 - 946.4ml(32온스) (1쿼트) 유리병 글루텐 프리 비건 액체 슈퍼프루트 보충제 1회 제공량당 순수 구기 주스 30g, 비타민 및 항산화 성분이 풍부함 - Gopal's Healthfoods",Gopal's Healthfoods,51231,51231,4.6,74.0,Goji One은 순수 유기농 슈퍼프루트 주스입니다. 전통적인 방식으로 제작된 과정에서 귀중한 영양소를 보존하기 위해 소량의 구연산을 사용할 수 있습니다. Goji One은 자연스럽고 달콤한 구기자 주스와 톡 쏘는 구기자 퓌레를 조화롭게 융합하여 부드럽고 맛있는 슈퍼프루트 주스로 만들어졌습니다. 946.4ml(32온스) 유리병. 건강을 위한 제품입니다!,"Goji One은 순수 유기농 슈퍼프루트 주스입니다. ""해피 베리""라고도 불리는 존경받는 구기자는 동남아시아가 원산지입니다. 건강을 위한 제품입니다!","['주스', '과일', '슈퍼', '순수', '구기자', '유기농', '유리', '건강']"
식음료,음료,주스,,B093QRBS9B,"3팩 100% 레몬 주스 갓 짜낸 물 무첨가 958.2g(33.8온스) 농축액이 아님, 각 병에 갓 짜낸 레몬 40개 - 코셔 식품 - Best Select",Best Select,41536,41536,4.6,326.0,"500ml (33.8온스) - Best Select 리얼 레몬 주스의 각 958.2g(33.8온스) 레몬 주스 병은 약 40개의 갓 짜낸 레몬으로 만들어집니다. 물을 첨가하지 않았습니다. 더 이상 레몬을 짜거나 슬라이스할 필요가 없습니다! 진정한 시트러스 맛을 얻고 싶은 모든 것에 Best Select 갓 짜낸 레몬 주스를 뿌리거나 뿌리면 됩니다! 최고의 맛 - 샐러드 드레싱, 쿠키, 케이크 또는 요리 레시피에 진짜 레몬 대신 Best Select Freshly Pure 압착 레몬 주스를 사용할 수 있습니다. 칵테일에 레몬 주스를 바로 사용할 수 있습니다. 이제 내년 여름 모임에서 신선한 레모네이드를 쉽게 만들고 모든 친구들에게 깊은 인상을 남길 수 있습니다! Best Select 레몬 주스는 OK 및 CRC 모두에서 코셔 파레브 인증을 받았습니다. 이 편리한 3팩으로 항상 재고가 있으며 절대 떨어지지 않습니다",,"['레몬', '주스', '갓', '물', '맛', '첨가']"
식음료,음료,주스,,B09BKS6G46,"Gourmet Kitchn 네이키드 주스 버라이어티 팩 | 딸기 바나나, 마이티 망고, 베리 블래스트 및 블루 머신 | 설탕 첨가 및 GMO 프리 - 2박스 (283.5g(10온스), 각 12팩), 총 주스 24개, 2팩",Gourmet Kitchn,74790,74790,4.1,114.0,"의 맛있고 영양이 풍부한 주스는 ""On-the-Go 소다에 적합합니다. 하루 종일 영양과 에너지를 느낄 수 있도록 어디에나 가져가세요. 이 버라이어티 팩 머신에는 베리 블래스트, 마이티 망고, 블루 머신 및 스트로베리 바의 네 가지 좋아하는 맛이 포함되어 있습니다 프리미엄 과일로만 제작된 네이키드 주스는 이제 283.5g(10온스) 병으로 제공됩니다. 이동 중에도 휴대하고 하루 종일 활력을 유지하세요 100% 주스와 스무디. 최고의 과일과 채소로 제작되었습니다. 하루의 영양으로 가득합니다 설탕, 인공 색소 또는 방부제가 첨가되지 않은 이동 중에도 100% 주스와 스무디를 즐기기에 적합합니다 병당 160~180칼로리 성분: 천연 맛, 과일 및 채소 주스, 아스코르빈산 (비타민 C), 비타민 E (아세테이트), 나이아신아미드, D-칼슘 판토텐산염 (비타민 B5), 피리독신 염산염 (비타민 B6), 시아노코발라민 (비타민 B12) 맛 이름: 딸기, 베리, 망고, 바","Naked의 맛있고 영양이 풍부한 주스는 이동 중에도 상쾌함을 선사합니다. 하루 종일 영양을 얻고 활력을 느낄 수 있도록 어디에나 가져가세요. 이 버라이어티 팩에는 베리 블래스트, 그린 머신, 마이티 망고, 스트로베리 바나나의 네 가지 맛이 포함되어 있습니다.","['주스', '비타민', '영양', '머신', '맛', '하루', '망고', '베리', '이동', '버라이어티']"
식음료,음료,주스,,B0B4Y3R7TZ,Minute Maid 과일 주스 354.9ml(12온스) (10개 팩) (과일 주스 버라이어티 (354.9ml(12온스) - 12개입)),BAY AREA MARKETPLACE,51231,51231,4.5,284.0,354.9ml(12온스) 병에 포장된 이 주스는 이동 중에도 사용하거나 집이나 사무실에서 비축할 때 편리합니다. 상쾌함: 이 주스는 일반적으로 차갑게 즐기며 상쾌하고 맛있는 음료 옵션을 제공합니다.,,"['주스', '상쾌하다', '과일', '포장', '편리하다', '차갑다', '집', '일반', '이동', '음료']"
식음료,음료,주스,,B0CZXXC5DS,"스테인리스 스틸 금속 빨대 번들 - 21.5cm - 9, 플럼 스마트 주스, 1.3kg(48온스), 2개 팩",moofin,47145,47145,5.0,4.0,제품 유형: 주스 및 주스 음료 제품 패키지 크기: 길이 10.922cm x 너비 10.922cm x 높이 25.146cm 제품 포장 무게: 1.587kg 과일 주스입니다,"자두와 포도 주스는 농축액과 성분을 첨가하여 혼합합니다. 226.8g(8온스) 당 3g 섬유. 글루텐 프리. 맛있는 소화 균형. 성분이 첨가된 100% 주스. PlumSmart의 각 병은 Amaz!n Plums로 만들어집니다. Amaz!n 자두 주스에 사용되는 것과 동일한 다육 식물 자두입니다. 건조하는 대신 신선할 때 눌러서 맛있고 가벼운 맛의 아름다운 루비 주스를 드러냅니다. PlumSmart 1회분은 좋은 섬유질 공급원입니다. 아침 음료나 맛있는 스무디의 일부로 매일 건강한 루틴의 큰 부분을 차지합니다. 저온 살균. 레시피와 건강한 팁을 보려면 온라인으로 저희를 방문하세요. 질문이나 의견은 1-800-417-2253, 오전 9시 - 오후 6시 동부 표준시, 월-금. 과일과 채소가 더 중요합니다.","['주스', '자두', '맛있다', '성분', '첨가', '음료', '과일', '건강하다']"
식음료,음료,주스,,B078J65L6B,Dynamic Health 강황 및 생강이 함유된 유기농 타르트 체리 주스 토닉 | 유기농 및 코셔 | 주요 화합물 | 473.2ml(16온스),Dynamic Health,27686,27686,4.5,301.0,"시너지 혼합: 유기농 타르트 체리 주스와 유기농 강황 및 생강 뿌리를 결합했습니다 나무에서 숙성된 영양소: 안토시아닌, 커큐미노이드 및 진저롤 무첨가 잘 익은 장점: 주요 화합물 함량이 높습니다 원하는 방식으로 혼합: 100% 주스를 직접 섭취하거나 물, 스무디 또는 원하는 음료와 혼합하십시오","""...세 가지를 모두 함께 먹는 것에 정말 기뻤습니다. 저는 세 가지의 맛을 함께 즐깁니다...""/전신 효과를 제공하는 순수 유기농 주스를 찾고 계신다면 강황과 생강이 함유된 Dynamic Health 유기농 타르트 체리 주스 토닉을 찾으실 필요가 없습니다. 당사의 전체 식품, 시너지 혼합물은 안토시아닌, 커큐미노이드 및 진저롤 형태의 강력한 화합물을 제공합니다. 또한, 타르트 체리는 자연적으로 발생하는 멜라토닌을 함유하고 있습니다./인증된 유기농 및 햇볕에 익은 몽모랑시 & 벨라톤 타르트 체리, 유기농 강황 및 유기농 생강으로 제작된 토닉에는 감미료, 방부제 및 기타 첨가제가 포함되어 있지 않습니다. 글루텐 프리, 코셔 인증, 할랄 제품으로 비건에게 적합합니다. 강황 및 생강이 함유된 타르트 체리 주스 농축액을 직접 섭취하거나 물, 스무디 또는 원하는 음료에 섞을 수 있습니다!","['유기농', '주스', '체리', '타르트', '생강', '강황', '함유', '토닉', '혼합', '화합물']"
식음료,음료,주스,,B07H3SLWT6,"Apple & Eve Organics, 애플 주스, 6.75 액상 온스, 8개입",APPLE & EVE,20761,20761,4.7,946.0,"Apple & Eve 100% USDA 유기농 주스 박스는 정직한 재료로 만들어졌으며 아이들이 좋아하는 육즙이 많은 장점을 가지고 있습니다. 벌크 버라이어티 팩 및 프라임 팬트리로 제공됩니다 애플 앤 이브 개별 주스 박스는 어린이 학교 점심, 학교 간식 또는 이동 중에도 가져갈 수 있습니다 Apple & Eve 100% USDA 유기농 과일 주스는 설탕이 첨가되지 않았으며 글루텐 프리이며 설탕 어린이 음료의 건강한 대안입니다 모든 Apple & Eve 제품은 땅콩이 없는 시설에서 생산되므로 아이들이 교실에서 공유할 수 있는 완벽한 간식입니다 199.6ml (7.5온스) 애플 100% 주스 박스 8개 포함 각 191.4g(6.5온스) 애플 & 이브 100% 주스 상자에는 인증된 GMO 프리 과일 1.5인분이 들어 있습니다 설탕이나 방부제를 첨가하지 않고 자연적으로 단맛을 냈으며 고과당 옥수수 시럽이 없습니다","Apple & Eve Organics 애플 주스는 순수하고 맛있으며 100% 천연이며 USDA 인증 유기농입니다. 유기농 라인에 사용되는 과일은 모두 Quality Surance International 씰을 가지고 있으며, 이는 당사의 제품이 가장 엄격한 USDA 유기농 표준에 따라 생산된다는 것을 증명합니다. 즉, 언제든지 이 과일에 살충제나 화학 비료를 사용하지 않았음을 의미합니다. 가정, 도시락, 레스토랑 및 카페에 적합합니다. Apple & Eve Organics 애플 주스는 모든 환경에서 건강하고 맛있습니다. 1975년 미국 전역의 가족에게 더 건강한 주스를 제공하겠다는 희망으로 시작한 Apple & Eve는 수백만 명의 가족의 집에 초대하고 순수하고 맛있는 주스를 서빙하기 위해 계속 자랑스럽고 겸손하게 자리 잡고 있습니다.","['주스', '애플', '유기농', '과일', '건강하다', '맛있다', '설탕', '박스', '순수하다', '생산']"
식음료,음료,주스,,B0CB2197QC,"Sunberry 유기농 망고 넥타, 32 x 199.6ml (6.7액량 온스)",Generic,34486,34486,4.5,16.0,"Sunberry Farms 유기농 망고 넥타, 주스 박스 32개 - 191.4g(6.7온스)","Sunberry Farms 유기농 망고 넥타, 주스 박스 32개 - 191.4g(6.7온스)","['유기농', '망고', '넥타', '주스', '박스']"
식음료,음료,주스,,B0CLJYN65K,Lucy's 가족 소유 - 100% 레몬 주스 갤런 (3.8L(138액량 온스),Lucy's,34611,34611,4.6,1941.0,"레몬을 모두 짜는 것에 지치셨나요? - 레몬 압착기를 내려놓으세요! Lucy's 레몬 주스는 84개의 고품질 레몬과 동일한 양의 주스를 제공합니다! 프리미엄 레몬 주스 - 당사의 Lucy's 레몬 주스는 성분이 첨가된 농축액에서 추출한 100% 주스입니다. 즉, 레몬 + 물에서 추출한 진짜 레몬 주스만을 사용합니다(주스를 레몬의 천연 강도로 되돌리기 위해) + 일부 방부제와 레몬 오일은 오래 지속되는 맛을 유지하고 필요할 때마다 사용할 수 있도록 레몬 주스를 보관할 수 있다는 장점이 있습니다. 좋아하는 레모네이드 레시피에 적합합니다. 우리가 하는 일을 사랑하는 이유 - 단순히 모닝 티를 차려 입거나, 더운 여름날을 위해 물 한 잔을 강화하거나, 다양한 요리 레시피를 강화하는 것이든, Lucy's 100% 레몬 주스를 사용할 수 있는 유용성과 즐거움에 놀라움을 금치 못합니다! 100% 가족 소유, 설립 및 운영 - Lucy's 는 2003년 Miguel과 그의 아내가 설립했습니다. 둘 다 그 이후로 가족 사업을 위해 일한 4명의 멋진 아이들을 공유합니다! Miguel의 가족은 멕시코에서 캘리포니아로 이민하여 로스앤젤레스의 히스패닉 시장을 위한 제품을 만들기 시작했습니다. 그 이후로 Lucy's 는 국가 확장을 목격했으며 미국 소비자를 위한 최첨단 건강 및 웰빙 제품을 개발하기 시작했습니다.",,"['레몬', '주스', '가족', '레시피', '강화하다', '소유', '시작', '물', '이후', '설립']"
식음료,음료,주스,,B0014EQHG2,"V8 Spicy Hot 100% 야채 주스, 355ml(11온스) 캔 (24개 팩)",V8,50344,50344,4.7,2145.0,"맛있는 야채 주스: V8 스파이시 핫 야채 주스 340ml 캔 1개 식물 기반의 장점을 위한 건강 음료: V8 주스는 독특하고 만족스럽고 영양이 풍부한 주스 믹스이며 풍미가 있는 킥입니다 글루텐 프리: 항산화 물질 A와 C 비타민 함유 영양이 풍부한 건강 음료: 운동 후 회복 음료, 오후 간식 및 칵테일 믹스에 적합합니다 영양가 있고 맛있는 야채 주스: V8의 맛있는 맛을 경험하십시오: 오리지널 식물성 음료 GMO 프리: 고과당 옥수수 시럽이 없는 GMO 음료","V8 스파이시 핫 야채 주스는 독특하고 만족스러운 식물 기반 주스 블렌드로 몸에 필요한 보충을 제공합니다. 야채 주스와 향신료를 혼합하여 만든 이 주스는 미뢰가 갈망하는 풍미를 선사합니다. V8 통조림 주스에는 토마토 주스와 야채 주스의 맛있는 혼합물이 포함되어 있습니다. 이 GMO 프리 V8 주스에는 설탕(1) 또는 고과당 옥수수 시럽이 포함되어 있지 않습니다. 매운 V8 주스 355ml(12온스) 캔에는 2 1/2인분의 야채가 포함되어 있습니다. 비타민 A와 비타민 C가 함유된 이 V8 주스는 필요한 식물 강화 부스트를 쉽게 얻을 수 있는 방법입니다. 바쁜 날에 건강에 좋은 오후 간식으로 이 채소 주스를 즐기거나, 운동 후 음료를 마시거나 영양분을 보충하거나 블러디 메리 또는 칵테일 믹서로 사용하세요. V8의 맛있는 맛을 경험하십시오: 오리지널 식물 구동 음료. (1) 저칼로리 음식이 아닙니다 - 설탕과 칼로리 함량은 영양 정보 패널을 참조하십시오","['주스', '야채', '음료', '맛있다', '식물', '비타민', '건강', '캔', '프리', '영양']"
식음료,음료,주스,,B071X4P73K,"Master of Mixes Cocktail Essentials 싱글 프레스 레몬 주스, 375 ML 병 (12.7 액량 온스), 개별 박스",MASTER OF MIXES,18683,18683,4.6,77.0,프리미엄 성분: 멕시코산 프리미엄 100% 싱글 프레스 라임 주스 눈에 띄는 디자인: 매끄럽고 각진 Simply Squeeze mixo 병과 새로운 정품 칵테일: 레몬 드롭과 같은 가장 인기 있는 칵테일을 위한 완벽한 마무리 터치 신뢰할 수 있는 제품: 글루텐 프리 및 유제품 프리. 정교회 연합에서 코셔 인증 완벽한 포장: 375 ml (12.5 액량 온스) 병 한 개는 안전한 배송을 위해 개별 박스에 포장되어 제공됩니다,,"['프리미엄', '주스', '싱글', '프리', '박스', '완벽하다', '레몬', '칵테일', '포장', '프레']"
식음료,음료,주스,,B08BX8PN57,"Cherry Bay Orchards Montmorency 타르트 체리 주스 - (9팩 - 355ml(12온스) 병) - 100% 국내산, 천연 성분, 설탕 무첨가, 글루텐 프리, GMO 프리 - 100% 채식주의자 및 비건",Cherry Bay Orchards,52616,52616,4.4,843.0,"맛있는 재료와 미국에서 재배: 미국에서 재배된 100% 타르트 몽모랑시 체리로 자랑스럽게 만들어졌으며 다른 수입 과일 주스와 혼합되지 않았습니다. 당사의 체리 주스는 몽모랑시 체리의 자연적인 이점을 결합하고 타의 추종을 불허하는 맛 프로필을 가지고 있어 매우 훌륭한 맛의 타르트 체리 주스 영양 음료를 제공합니다. 건강하고 활동적인 라이프 스타일 촉진: 영양 혜택으로는 근육 회복, 관절 건강, 심장 건강, 뼈 건강, 통풍 완화 및 수면 등이 있습니다. 이동 중에도 완벽한 제품: 편리하고 사용하기 쉬운 각 병은 좋아하는 음료에 섞을 준비가 되어 있어 전반적인 웰빙을 촉진합니다. 건강한 대안: 설탕이 첨가되지 않은 이 멋진 맛의 체리 음료는 설탕으로 채워진 과일 음료의 가장 건강한 대안입니다! 품질: 천연 프레쉬 몽모랑시 타르트 체리 주스, 농축액이 아닙니다. 100% 몽모랑시 타르트 체리는 설탕, 인공 향료, 색소 및 첨가제가 첨가되지 않은 미시간의 과수원에서 수확되었습니다. 천연 성분! 포장 재료는 100% 재활용 가능합니다. 355ml(12온스) 타르트 체리 주스 병 9개가 포함되어 있습니다.",,"['체리', '타르트', '주스', '음료', '설탕', '몽모랑시', '천연', '첨가', '맛', '과일']"
식음료,음료,주스,,B07PGZTG6T,"Mangosteen One | 100% 순수 유기농 망고스틴 주스 - 946.4ml(32온스) 유리병 (1쿼트) | 크산톤, 비타민 및 항산화 성분이 풍부한 전체 슈퍼프루트 - 글루텐 프리, 비건 망고스틴 보충제 | Gopal's Healthfood",Gopal's,51231,51231,4.4,304.0,"망고스틴은 건강 증진 혜택으로 과일의 여왕으로 알려져 있습니다! 쓴맛, 영양이 풍부한 껍질, 달콤한 과육 및 씨앗을 포함한 전체 과일을 즙으로 만듭니다 망고스틴은 크산톤이라고 불리는 자연적으로 발생하는 식물성 영양소를 고농도로 함유하고 있습니다!","GOPAL's 100% 유기농, 글루텐 프리, 비건 망고스틴 원 슈퍼푸이트 주스 946.4ml(32온스)","['망고스틴', '슈퍼', '프리', '과일', '풍부하다', '글루텐', '산톤', '주스', '비건', '유기농']"
식음료,음료,주스,,B00474F564,"Franks 크라우트 주스, 350ml(14온스) (12개 팩)",Frank's,51300,51300,4.3,246.0,천연 성분 고품질 소량으로 수작업으로 제작,"Frank's Kraut Juice, 다양한 레시피에 사용할 수 있는 고품질 양배추 주스를 찾을 수 있습니다. 최고 품질의 제품을 보장하기 위해 소량으로 제조된 수제 주스.","['주스', '소량', '최고', '천연', '제조', '제작', '작업', '양배추', '수제', '성분']"
식음료,음료,주스,,B001HTIW3U,Apple & Eve Elmo's Punch 100% 주스 8팩 (5팩),APPLE & EVE,39403,39403,5.0,8.0,100% 주스 설탕 무첨가 저온 살균 100% 비타민 C 글루텐 프리,농축액과 첨가된 성분의 6가지 주스를 혼합합니다.,"['주스', '첨가', '혼합', '프리', '저온', '성분', '설탕', '살균', '비타민', '농축액']"
식음료,음료,주스,,B08RCYW9WQ,Organic Only GOJI 과일 주스 100% 순수 퓨레 946.4ml(32온스) 유리병 - 전통적으로 준비된 해피 베리 비타민이 풍부한 슈퍼 주스 - 1회 제공량당 30g 고지 슈퍼프루트 - 글루텐 프리 및 비건,AND YOU SHALL FIND HEALTH,51231,51231,4.4,66.0,"아시아가 원산지인 구기자는 수천 년 동안 중국 문화에서 사용되어 왔습니다. ""Superfruit"" 가족의 일원인 Goji 베리는 필수 아미노산과 비타민을 포함한 많은 영양소와 독특한 화합물로 유명합니다. 중국에서 ""해피 베리""로 애칭으로 알려져 있습니다. 당사의 유기농 고지 주스는 맛을 향상시키고 소중한 슈퍼 과일의 이점을 유지하기 위해 전통적인 방식으로 준비되었습니다. 소량의 구연산을 첨가하여 숙성 및 베리의 전통적인 레시피 중에 귀중한 영양소를 보존할 수 있습니다. 고지만!",간단합니다. 순수한 재료를 사용하면 차이를 느낄 수 있습니다! 순수 고지 베리 주스는 전통적으로 준비하여 유리병에 넣었습니다! 맛과 색상은 작물의 수확과 자연 조건에 따라 배치마다 다를 수 있습니다. 저희는 귀중한 슈퍼 과일인 구기자를 946.4ml(32온스) 유리병에 담아 가능한 한 천연 과일을 제공하기 위해 노력하고 있습니다!,"['베리', '슈퍼', '전통', '주스', '고지', '과일', '준비', '유리', '영양소', '귀중하다']"
식음료,음료,주스,,B00D1DOXOW,"True Citrus 오렌지, 망고, 30g(1.08온스)",True Citrus,13199,13199,4.2,2496.0,"레몬 주스와 에센셜 오일을 포함한 간단하고 깨끗한 성분으로 제작되었습니다 스테비아와 설탕으로 단맛을 더했습니다 패킷당 10칼로리, 설탕 1g 탄산음료 및 인공적으로 단맛을 낸 음료의 훌륭한 대안 100% 만족 보장",,"['단맛', '설탕', '훌륭하다', '성분', '깨끗하다', '대안', '더하다', '레몬', '만족', '망고']"
식음료,음료,주스,,B0BY8ZNV4L,"Grelim 라임 파우더 320.3g(11온스), 동결 건조 라임 주스 파우더, 필러 프리, 글루텐 프리, 신선한 압착 라임에이드, 음료에 적합, 스무디 320g",Grelim,20747,20747,4.4,701.0,"라임 파우더는 타르트와 육즙이 많은 갓 짜낸 라임에이드가 함유되어 영양소와 맛을 보존하기 위해 동결 건조되었습니다. 더 이상 전체 라임을 썰거나 짜낼 필요가 없습니다. 음료와 요리에 라임 파우더를 추가하기만 하면 진짜 라임 맛의 맛을 얻으세요. 동결 건조 라임 주스 파우더는 오래 지속되는 맛을 유지하고 필요할 때마다 사용할 수 있도록 라임 주스를 보관할 수 있는 이점을 제공합니다. 좋아하는 라임에이드 레시피에 적합합니다. 맛있는 신선한 라임 맛은 물을 더 재미있게 만드는 빠르고 쉬운 방법입니다! 설탕이 첨가되지 않았으며 색소, 인공 향료 및 방부제가 첨가되지 않았습니다. 더 편리하고 저렴하게 맛있고 갈증을 해소하고 신선한 천연 라임의 맛을 즐기세요.",,"['라임', '맛', '파우더', '동결', '주스', '라임에이드', '신선하다', '건조', '프리', '첨가']"
식음료,음료,주스,,B00E15X2GO,"Langers 주스 칵테일 5개, 석류, 182.9ml(64온스) (8팩)",Langers,54887,54887,3.8,285.0,"1회 제공량당 5칼로리, 설탕 무첨가 방부제 없음 100% 미국 재배 과일 글루텐 프리 코셔","Langer 5 주스 칵테일은 저탄수화물이며 방부제, 글루텐 프리, 비타민 C 100% RDI, 1회 제공량당 5칼로리밖에 되지 않습니다! 수크랄로스로 단맛을 낸 각 서빙에는 탄수화물 2g과 자연 발생 설탕 1g이 들어 있습니다. 저희는 항상 최고의 미국산 과일로 시작하기 때문에 Langers 5 주스 칵테일은 100% 영양가가 높고 맛있습니다.","['주스', '칵테일', '프리', '글루텐', '미국', '방부제', '설탕', '과일', '탄수화물', '칼로리']"
식음료,음료,주스,,B08BSSZ2RG,"CoCo Joy 100% 천연 수박 주스, (12팩) 신선한 저칼로리 수박 음료, 전해질, 비타민 C 및 A, 칼륨 함유",Coco Joy,55386,55386,4.2,427.0,"100% 천연 수박 주스: 맛있고 신선한 멜론에서 추출한 순수 천연 수박 주스. 믹서나 과일 스무디로 사용해보세요. 당사의 매우 맛있는 음료는 천연 제품이며 농축액으로 만들어지지 않았습니다. 천연, 건강한 수분 공급: 당사의 천연 과일 주스는 수분을 공급하는 맛있는 방법이며 운동 전 또는 운동 후 음료를 완벽하게 만듭니다! CoCo Joy의 수박 음료는 건강을 증진시키는 전해질, 비타민 C, 비타민 A 및 칼륨의 천연 공급원입니다. 간단하고 순수한 수박 주스: 맛있고 건강한 과일 주스를 찾으십시오! 건강상의 이점을 위해 더 이상 훌륭한 맛을 타협할 필요가 없습니다. 당사의 수박 주스는 항산화 물질, 전해질 및 수분을 제공하여 코코넛 워터나 기타 스포츠 음료에 관심이 없는 사람들에게 맛있는 옵션을 제공합니다. 음료: 매일 수분 공급의 일부로 사용하거나 운동 중이나 운동 후에 수분 보충 성분으로 사용하세요. 몸에 영양을 공급하는 다양한 영양소가 전반적인 건강을 더합니다. 코코 기쁨의 사명: 당사는 건강하고 맛있는 음료를 제공하는 데 중점을 둔 최고의 소비자 수분 공급 회사입니다. 당사는 훌륭한 맛, 좋은 제품, 지속 가능한 방식으로 생산되는 제품으로 고객의 삶에 긍정적인 변화를 만들기 위해 노력합니다.",,"['음료', '수박', '천연', '주스', '맛있다', '수분', '공급', '운동', '건강', '건강하다']"
식음료,음료,주스,,B0C5GCL8PH,"Langers 5 Cal 파인애플 주스 칵테일, 1.9L(64온스) (8팩)",Langers,49860,49860,4.8,12.0,1회 제공량당 5칼로리 1회 제공량당 탄수화물 2g 1회 제공량당 설탕 1g 1회 제공량당 80% 일일 섭취량 비타민 C 설탕 무첨가 Langers 1960년부터 가족이 소유한 주스,Langers 5칼로리 파인애플 주스 칵테일은 한 모금마다 갈증을 해소하는 맛과 추가 영양을 제공합니다. 항산화 비타민 C를 첨가하는 것부터 시작합니다. 항산화 물질은 세포가 활성 산소와 싸우는 데 도움이 됩니다. 설탕이 첨가되지 않았기 때문에 저탄수화물과 1회 제공량당 5칼로리밖에 되지 않습니다,"['설탕', '칼로리', '첨가', '주스', '항산화', '파인애플', '탄수화물', '칵테일', '비타민', '활성산소']"
식음료,음료,주스,,B0CCQNVJDW,"PLEZi Flavored Kids 주스 음료 - 애플 스플래시 과일 주스 음료 블렌드 - 설탕 무첨가, 2g 섬유 - 아동용 맛있는 상쾌한 주스 - 236.6ml(8온스) (12팩)",Plezi,19376,19376,4.0,163.0,"어린이 승인: Plezi Apple Splash로 자녀에게 맛있고 상쾌한 음료를 주세요. 아이들을 위한 주요 사과 주스 박스보다 설탕이 75% 적으며 아이들이 지나치게 달콤하지 않고 행복하고 수분을 공급할 수 있도록 도와주는 맛있는 과일 맛을 가지고 있습니다 Happy Tummies: 당사의 아동용 사과 주스 음료 블렌드는 1회 제공량당 2g의 섬유질을 함유하고 있습니다(사과 절반의 섬유질 양보다 많음) 자연적인 장점: 사과 주스 병으로 피크닉을 더욱 맛있게 만드세요. 진짜 과일 주스로 수분을 공급하도록 만들어졌으며 설탕이나 인공 감미료가 첨가되지 않아 너무 달지 않습니다. 따라서 어린이 주스는 성장하는 아이들을 위한 맛있고 건강에 좋은 선택입니다 재미와 과일: 물, 과일 및 채소는 항상 우리 아이들에게 가장 건강하고 최고의 선택이 될 것입니다. 그러나 일단 아이들이 학령이 되면 물과 우유만 마시는 것이 현실이 아니라는 것을 알고 있습니다. Plezi 주스 음료는 기분이 좋아질 수 있는 또 다른 옵션을 제공합니다 풍부한 맛: Plezi 는 어린이와 부모 모두를 행복하게 할 수 있는 어린이 음료입니다. 진짜 과일 주스로 만든 더 나은 옵션이며 설탕이 첨가되지 않아 가족의 간식 시간이나 도시락에 완벽한 추가 아이템이 됩니다. 트로피컬 펀치 & 애플 스플래쉬의 맛있는 맛을 모두 시도해보세요",,"['주스', '과일', '맛있다', '음료', '사과', '설탕', '어린이', '첨가', '맛', '진짜']"
식음료,음료,주스,,B073D4VQNS,"V8 Splash Island 딸기 맛 주스 음료, 1.9L(64온스) 병 (6개 케이스)",V8 Splash,26993,26993,4.5,113.0,과일 음료: 6.5 액량 온스 V8 스플래시 아일랜드 딸기 맛 음료 5% 주스 혼합 병 5% 주스가 함유된 향이 나는 음료: 농축액의 5% 주스 블렌드로 만든 상쾌한 주스 음료와 다른 천연 과일 맛 열대 과일 주스 음료: 맛있는 어린이 음료를 위한 섬 맛이 특징입니다 설탕 25% 감소: 글루텐 프리 V8 Splash는 주요 브랜드의 주스 음료보다 설탕이 25% 적습니다. (1) 어린이와 성인을 위한 주스: 접대 또는 일상적인 즐거움에 완벽한 상쾌한 과일 음료,"V8 Splash Island 딸기 맛 음료는 온 가족을 위한 상쾌한 갈증 해소제입니다. 농축액의 5% 주스 블렌드와 다른 천연 과일 맛으로 제작된 이 V8 주스는 섬 맛이 특징입니다. V8 Splash는 글루텐 프리이며 항산화 C 및 B 비타민을 함유하고 있습니다. 주요 브랜드의 주스 음료(1)보다 설탕이 25% 적고 1회 제공량당 50칼로리에 불과한 V8 Splash는 온 가족을 위한 훌륭한 선택입니다. 이 딸기 주스 음료를 제공하여 생일 파티를 주최하거나 여름 바베큐를 위해 친구들과 함께하거나 현관에서 햇빛을 즐기거나 어떤 경우에도 재미있는 열대 맛을 더하세요. V8 Splash 주스는 서빙하기 전에 차갑게 했을 때 가장 맛있습니다. 주스를 냉장 보관하십시오. 473.2ml(16온스) 당 1개: 최고의 선반 안정 브랜드, 34g, 스플래시 18g/What gives Splash drinks their tastiness? In V8 Splash Island Strawberry, antioxidant C & B vitamins are whirled together with the island flavors of strawberry, apple, pineapple, kiwi, lime and mango creating a deliciously refreshing taste. Enjoy this thirst-quencher with the whole family!","['주스', '음료', '맛', '과일', '딸기', '설탕', '상쾌하다']"
식음료,음료,주스,,B08X5WKS5C,"Vita Coco 유기농 코코넛 워터, 프레스, 더 많은 ""코코넛"" 맛, 천연 전해질, 필수 영양소, 500ml(16.9온스) (12팩)",Vita Coco,38973,38973,4.7,2524.0,"부드럽고 상쾌한 코코넛 맛 | 코코넛 워터와 신선한 코코넛 퓨레를 혼합하여 전해질과 같은 코코넛 워터 음료의 모든 이점을 제공하지만 코코넛 워터의 맛을 원하는 것과 같은 맛입니다 잃어버린 전해질 보충 | 전해질과 영양소가 함유된 Vita Coco 제품은 운동 전 및 운동 후 회복 음료를 위한 훌륭한 옵션입니다. 신선한 코코넛 워터를 마실 수 있는데 알로에 베라 주스, 비타민 워터, 운동 전 파우더, 전해질 파우더 또는 전해질 태블릿과 같은 다른 건강 음료를 선택해야 하는 이유 코코넛의 장점으로 수분을 공급하세요 | Vita Coco 는 훌륭한 숙취 완화 도구입니다. 숙취 알약이나 주스 클렌징이 필요하지 않습니다. 해독 음료로 수분 전해질과 면역 강화 비타민이 함유된 Vita Coco Pressed를 마시면 기분이 좋아집니다 코코넛의 장점으로 수분을 공급하세요 | Vita Coco 제품은 수분을 공급하는 좋은 방법입니다 479.1g(16.9온스) 병 12팩 케이스 1개 | 지금 아마존 프라임, 구독 및 저장, 식료품 저장실뿐만 아니라 Prime Now 및 Amazon Fresh(수분 공급이 기다릴 수 없는 경우)","얼마 전까지 만해도 진짜 코코넛 워터 한 모금을 원한다면 마체테를 사용해야 했습니다. 다행스럽게도 우리는 방정식에서 만도를 제거했습니다. 왜냐하면 그러한 것들은 위험하기 때문입니다. 저희는 코코넛 워터를 소스에서 골라 포장하며, 소규모 가족 농장과 협력하여 가능한 가장 영양가 있고 가장 정통 맛의 코코넛 워터를 제공합니다. 신선한 코코넛 퓨레를 추가하여 좋아하는 코코넛 워터를 좋아하는 코코넛 간식처럼 맛볼 수 있기 때문에 이제 더욱 맛있습니다. 단독으로 누르거나 스무디에 섞어 즐기세요!","['코코넛', '워터', '전해질', '수분', '맛', '공급', '음료', '신선하다', '운동']"
식음료,음료,차,,B0CWVWTBMD,"Liquid Death, 아이스 티 버라이어티 팩 (림 리퍼, 복숭아, 죽은 억만장자, 그린 길로틴), 진짜 용설란으로 단맛을 낸 차, B12 및 B6 비타민, 저칼로리, 12팩 (킹 사이즈 544.3g(19.5온스) 캔)",Liquid Death,38627,38627,4.4,6475.0,30칼로리 진짜 용설란에서 추출한 설탕 6g 천연 카페인 30g의 미세 투여 비타민 B로 강화되었습니다 무한히 재활용 가능한 알루미늄 캔 12개입 버라이어티 팩 (4가지 맛),이 정신병 아이스 티 캔은 천연 아가베와 비타민 B를 사용하여 갈증을 야만적으로 죽이고 내부를 풍선 동물로 바꾸어 어린이 생일 파티에서 공연을 예약합니다.,"['비타민', '캔', '천연', '버라이어티', '용설란', '진짜', '아이스', '칼로리', '티', '개입']"
식음료,음료,차,,B002RTJHOM,Ito En Tea 음료,ITO EN,30456,30456,4.8,1258.0,"골든 딜리쿠스 티: 이 골든 우롱차에 사용되는 찻잎은 꽃이 많고 향기로운 ""골든 시나몬""과 푸짐한 ""철의 여신""입니다. 전체 잎차의 무결성과 본질과 모든 건강상의 이점을 갖춘 순수하고 진정으로 추출된 차. 풍부한 항산화 성분: ITO EN의 바로 마실 수 있는 차 라인은 건강한 면역 체계를 지원하는 상쾌하고 강력한 차 항산화 물질을 제공합니다. 녹차와 말차는 비타민 C, 항산화 물질, 카테킨, EGCG, 아미노산 및 L-테아닌이 풍부합니다. 상쾌한 그린: 녹차는 높은 항산화 성분으로 오랫동안 존경받아 왔으며 오랫동안 건강, 행복 및 지혜의 열쇠로 여겨져 왔습니다. 녹차는 건강과 웰빙을 위한 완벽한 상쾌함입니다. 녹차 문화: ITO EN North America는 미국에서 녹차 제품 라인을 소개하기 위해 2001년에 설립되었습니다. 바로 마실 수 있는 말차부터 Sencha Shots까지, 6가지 종류의 일본 녹차를 제공합니다. 맛있는 상쾌함: 이동 중에도 쉽게 병에 든 차를 즐기신다면 맛있고 상쾌한 차를 맛보세요. 저희는 독특한 전통 잎차, 티백, 말차, 말차 파우더 등을 제공합니다.","우롱차는 반산화되어 녹차와 홍차와는 다른 독특한 맛을 제공합니다. Ito En의 무가당 골든 우롱차는 꽃이 만발한 향기로운 Huan Jin Guei ""골든 시나몬""과 풍성하고 잘 익은 Tieguanyin ""Iron Goddess""의 독특한 혼합으로 추출됩니다. 차 파우더나 농축액이 아닌 맛이나 색상을 첨가하지 않고 견고하고 깨끗한 맛을 즐기세요. Ito En 소개 ITO EN은 세계 최고의 녹차 회사이자 건강한 음료의 혁신 기업으로, 천연, 건강, 안전, 잘 디자인 및 맛있다는 5가지 원칙을 구현하는 정품 제품을 만드는 데 전념하고 있습니다. 1966년 일본에서 설립된 ITO EN은 수상 경력에 빛나는 TEAS' TEA Organic, Oi Ocha, Matcha Love와 같은 모든 브랜드에 반영된 차 전문 지식과 고품질 표준에 대한 헌신으로 특별히 유명합니다. 음료 산업을 위한 글로벌 혁신을 창출하면서 진정성에 전념하는 ITO EN은 지속 가능성에 대한 헌신과 건강한 라이프 스타일을 촉진하는 ""세계를 변화시키는 50대 회사""(Fortune) 중 하나로 선정되었습니다.//ITO EN golden oolong tea/is a unique blend of oolong teas--one of Japan's best selling tea. The tea leaves used for this golden oolong are flowery, fragrant, hearty, and ripe. Oolong tea is semi oxidized, making it unique from green and black teas. Made of nothing but purified water, oolong tea, and vitamin C, this is an all-natural, unsweetened tea with no calories. It has a healthy dose of natural “catechin” tea antioxidants and is also a good source of vitamin C. This is sold in a pack of twelve 16.9 fl oz bottles./About ITO EN/ITO EN is Japan’s premier purveyor of green tea in Japan. ITO EN, North America was found in May 2001 with the mission of introducing ITO EN’s line of green tea products and establishing a culture and interest in authentic Japanese green tea in the United States and beyond. Today, ITO EN is well on its way to making green tea an integral part of the new American culture./ITO EN has unique, privileged access to the most prized tea harvests each season. They carefully select superior tea leaves which are noted for their appearance, flavor, and aroma. Their knowledge, experience, expertise, and sense of taste and quality result in an extraordinary, ready-to-drink tea./Enjoy refreshing and delightful ITO EN’s tea and get the authentic taste of Japanese green tea.","['녹차', '차', '상쾌하다', '골든', '건강', '항산화', '말차', '맛있다', '우롱차', '건강하다']"
식음료,음료,차,,B09236WZKQ,"AriZona 프리미엄 브루드 블루베리 화이트, 599.8ml(20온스), 24개 팩",Arizona,63654,63654,4.7,7797.0,제품 유형: 식료품 제품 패키지 크기: 길이 43.2cm(17인치) X 너비 28.6cm(11.25인치) X 높이 22.6cm(8.9인치) 제품 포장 무게: 9.1kg(20파운드) 원산지: 미국,"AriZona 의 첫 번째 백차는 블루베리, 배 및 꿀의 천연 항산화 장점을 결합했습니다. 이 항산화 포뮬러 음료는 비타민 A, C, E, 셀레늄 및 인삼이 특징입니다.","['블루베리', '항산화', '화이트', '식료품', '꿀', '루드', '포뮬러', '미국', '백차', '비타민']"
식음료,음료,차,,B0CBSWCNHT,"Juni 강장제가 함유된 스파클링 티, 무설탕, 5칼로리, 유기농, 아이스 티, 녹차의 천연 카페인, 비건, 강장제 음료, 350ml(12온스) 캔, 버라이어티 팩 (12팩)",JUNI,41480,41480,4.3,260.0,"슈퍼 블렌드: Juni Sparking Teas는 녹차, 영지 버섯, 사자 갈기, 아세로라 체리를 포함한 강력한 강장제와 방향성 물질의 슈퍼 블렌드로 만들어졌으며 스파클링 음료의 상쾌한 발포가 있습니다. 당사의 슈퍼 블렌드는 에너지를 재생하고 집중력을 높이며 전반적인 웰빙을 향상시킵니다 설탕 제로: Juni의 각 캔에는 설탕이 전혀 없고 캔 당 5칼로리만 포함되어 있어 죄책감 없이 즐길 수 있습니다. 당사의 적응성 바로 마실 수 있는 차는 마음과 몸의 균형을 맞추기 위해 만들어졌습니다 천연 카페인: 녹차에서 공급되는 천연 카페인 30mg으로 제작된 이 제품은 추출된 녹차 226.8g(8온스) 컵에서 발견되는 것과 동일한 카페인 함량입니다. Juni는 다이어트 소다, 탄산수, 에너지 음료 및 일상 커피의 훌륭한 대안입니다 다양한 맛: Juni 적응성 스파클링 티 355ml(12온스) 캔 12개가 포함되어 있습니다: 라즈베리 3개, 레몬 3개, 복숭아 3개, 트로피컬 3개. 12팩으로 모든 맛을 즐기세요 USDA 유기농, GMO 프리, 식물 기반, 비건, 글루텐 프리 및 재활용 가능한 캔",,"['캔', '카페인', '녹차', '설탕', '음료', '천연', '스파클링', '슈퍼', '블렌드', '강장제']"
식음료,음료,차,,B0D1VZBLMG,Kung Fu Tea 브라운 슈가 밀크티 및 타이 밀크티 캔 드링크 (캔 6개/팩) (갈색 설탕 캔 3개 및 타이 밀크티 캔 3개),Kung Fu Tea,14542,14542,4.7,27.0,"훌륭한 맛, 항상 신선함 - Kung Fu Tea 는 최첨단 기술을 사용하여 프리미엄 통조림 음료에 천연 질소를 주입하여 신선하고 풍미가 가득합니다. 저희 통조림 흑설탕 밀크티와 타이 밀크티는 신선함을 보장하기 위해 보바가 포함되어 있지 않습니다. Kung Fu Tea 보바 차를 즐기려면 전국 400개 이상의 지점을 방문하세요. 완전 재활용 가능: 쿵푸차의 흑설탕 밀크티 및 타이 밀크티 캔은 환경 보호 및 보존 노력에 기여하려는 쿵푸티의 지속적인 사명의 일환으로 완전히 재활용 가능한 알루미늄 캔으로 통조림으로 만들어집니다. 저희 타이 밀크티 캔은 홍차, 향신료, 우유의 맛있는 조합입니다. 당사의 흑설탕 밀크티는 흑설탕과 우유의 달콤한 혼합물입니다.",KUNG FU TEA 상징적인 음료 - 지금 캔에 담겨 있습니다! 냉장고를 열고 좋아하는 Kung Fu Tea 보바가 여러분을 기다리고 있기를 바랐던 적이 있나요? 이제 할 수 있습니다! 브라운 슈가 밀크티와 타이 밀크티 캔을 소개합니다! 캔에 담긴 이 맛있는 간식은 버블티 픽스가 필요할 때 집에 보관할 수 있는 완벽한 선택입니다.,"['티', '밀크', '캔', '타이', '흑설탕', '신선하다', '보바', '통조림']"
식음료,음료,차,,B008NUR35Y,"Guayaki Yerba Mate, 크랜베리 석류, 유기농 스파클링 클린 에너지 음료, 355ml(12온스) 캔 (12팩), 카페인 80mg",Guayaki,46369,46369,4.5,1238.0,"Guayaki Yerba Mate 유기농 청정 에너지 음료 대체품, 스파클링 크랜베리 석류, 80mg 카페인 355ml(12온스) 캔 12개가 포함되어 있습니다. 바로 마실 수 있습니다 크랜베리 석류는 예르바 마테, 크랜베리, 석류의 맛있는 혼합으로 바삭하고 과일 향이 나는 스냅으로 거품을 냅니다 Guayaki는 단순한 친구 그 이상을 가지고 있습니다. 예르바 메이트 문화가 삶에 대한 초대라고 믿습니다. 지구의 재생은 비즈니스 모델의 핵심입니다. Guayaki 제품을 구매할 때마다 시장 주도 재생이라고 부르는 긍정적인 글로벌 영향력을 창출하고 있습니다. 이는 저희가 하는 모든 일의 원동력입니다.",,"['석류', '크랜베리', '예르바', '에너지', '캔', '카페인', '유기농', '음료', '스파클링', '재생']"
식음료,음료,차,,B0096FSRQO,"4C 파우더 드링크 믹스 패킷, 아이스 티 버라이어티 1팩, 44개, Singles Stix On the Go, 상쾌한 무설탕 물 향료",4C,13836,13836,4.6,772.0,"맛있는 맛 | 4C의 아이스 티 버라이어티 팩은 맛을 바꾸고 싶은 사람들에게 완벽한 제품입니다! 녹차, 레몬 티, 복숭아 차 및 하프 앤 하프로 파티를 시작할 수 있는 모든 파티가 있습니다 건강 & 만족 | 1회 제공량당 100% 비타민 C 일일 섭취량과 무설탕 감미료. 나트륨이 없는 4C Stix는 물 향료 요구 사항을 완벽하게 보완합니다 쉽고 편리함 | 찢고 붓고 마시세요! 그만큼 쉽습니다. 이동 중인 개인, 다양한 맛을 좋아하는 가족 또는 건강에 민감한 여행자에게 적합합니다 가족이 가장 좋아하는 제품 | 가족이 가장 좋아하는 캐니스터 사이즈 제품에서 유래한 이 독특한 맛을 개별 병 패킷에 포장했습니다. 왜 당사의 맛이 최고의 수분 강화제인지 확인하세요! 맛 전문가 | 4C 는 1935년으로 거슬러 올라가는 고품질 식품 및 물 향료 전문가였습니다. 가족 소유 기업으로서 당사는 전 세계에 만들고 공유하는 프리미엄 품질의 제품에 자부심을 가지고 있습니다",,"['맛', '가족', '티', '물', '향료', '패킷', '전문가', '파티', '설탕', '하프']"
식음료,음료,차,,B0CQD9PZRY,"Drink Weird Organic Agua de Jamaica 히비스커스 홍차 - 기능성 음료, 유기농, 글루텐 프리, 비건, 상쾌한 천연 카페인, 놀라운 항산화 물질, 160mg 유기농 카페인, 깨끗한 에너지 대체 음료, 아이스 티, 473.2ml(16온스) (12팩)",WEIRD,41536,41536,4.2,219.0,"유기농 카페인 160mg: 모든 캔으로 자연스러운 에너지 부스트를 얻으세요. USDA 유기농 인증: 신뢰할 수 있는 고품질의 유기농 성분. 인공 색소나 감미료 없음: 깨끗하고 자연스러운 맛을 즐기세요. GMO 프리, 비건, 글루텐 프리: 다양한 식단 선호도에 적합합니다. 친환경 포장: 모든 DRINK WEIRD 캔은 무한히 재활용 가능한 알루미늄으로 만들어집니다. 똥을 주세요. 오염되지 마세요. Michael Sieben의 오리지널 아트: 각 캔은 우리가 아는 가장 이상한 사람 중 한 명이 독특한 작품을 특징으로 합니다. 상쾌한 히비스커스 맛: 히비스커스는 다른 천연 향으로 맛을 내어 맛있는 맛을 냅니다.",,"['유기농', '맛', '프리', '카페인', '캔', '히비스커스', '음료', '깨끗하다', '글루텐', '상쾌하다']"
식음료,음료,차,,B08B6D6Q98,"Tama Tea 스파클링 녹차 버라이어티 팩 - 진짜 과일 및 허브로 제작 - 설탕 제로, 칼로리 없음, GMO 프리 - 항산화 물질 및 방향성 성분이 풍부한 천연 에너지 공급 녹차 - 12개 팩",Tama Tea,41536,41536,3.9,98.0,"타마 트리오: 좋아하는 맛을 고를 수 없나요? 괜찮습니다! 이것이 바로 저희가 타마 트리오를 만든 이유입니다. 복숭아 배, 고 고 망고, 레모 라벤더의 세 가지 맛을 모두 보여줄 수 있습니다. 천연 에너지: 녹차의 카페인은 정신적 명확성을 촉진하는 강력한 누트로픽인 L-테아닌과 자연스럽게 균형을 이룹니다. 타마 스파클링 녹차의 각 캔에는 45mg의 카페인이 함유되어 있어 깨끗하고 집중된 에너지를 제공합니다. 또한, 녹차에는 건강을 지원하는 항산화 물질과 미네랄이 함유되어 있습니다. 에너지 음료와 탄산음료를 섭취하세요. 수제 브루잉: 당사의 스파클링 티는 실제 유기농 과일 및 허브, 샘물, 유기농 녹차를 사용하여 소량으로 추출됩니다. 모든 것이 좋고 죄책감 없음: Tama의 반짝이는 녹차에는 설탕, 방부제 및 인공 성분이 없습니다. 설탕, 칼로리 없음, 농축액 없음. 12팩: 각 케이스에는 복숭아 배 4캔, 고 고 망고 4캔, 레모 라벤더 캔 4개가 포함되어 있습니다. 각 캔은 373.6ml(12액량 온스)입니다.",,"['녹차', '캔', '에너지', '스파클링', '타마', '설탕', '유기농', '과일', '라벤더', '레모']"
식음료,음료,차,,B000HBGP2Y,"립톤 블랙 아이스 티 믹스, 레몬, 669g(23.6온스), 6개 팩",Lipton,42297,42297,4.7,2977.0,"LIPTON 레몬 아이스티: 이 Lipton 아이스 티 파우더 믹스는 진짜 찻잎과 함께 상쾌한 홍차를 만들고 진짜 사탕수수 설탕으로 단맛을 내어 상쾌한 맛을 선사합니다 제품 구성: Lipton 아이스 티 레몬 가당 아이스 티 믹스, 천연 향료, 인공 감미료, 향료 또는 색소 없음, 팩당 10쿼트, 총 6팩 립톤으로 일어나세요: 이 맛있는 차에는 카페인이 함유되어 있어 아침이나 부스트가 필요할 때 집에서 편안하게 카페 경험을 즐길 수 있습니다 간편한 만들기: 아이스 티 파우더 믹스에 찬물과 얼음을 넣고 저어주세요. 완벽한 브루잉을 위해 라벨을 참조하여 보다 구체적인 측정을 할 수 있습니다 신뢰할 수 있는 회사: Lipton 는 영국-미국 차 브랜드입니다. Thomas Lipton 경이 1890년에 이 회사를 설립한 이래로 수세기 동안 신뢰할 수 있는 회사로 부드러운 맛과 좋은 맛을 제공합니다","Lipton 의 전문 믹솔로지스트는 Lipton 아이스 티 믹스와 레몬 맛을 맛있게 혼합하여 여러분과 가족을 위해 가장 상쾌하고 맛있는 아이스티를 만들었습니다. 당사의 아이스 티 믹스는 진짜 찻잎, 진짜 사탕수수 설탕 및 천연 원료에서 공급되는 맛으로 만들어져 항상 맛있고 만족스럽습니다. Lipton 아이스티는 맛있고 상쾌하기 때문에 모든 식사에 완벽한 추가 아이템입니다. 그러니 평소처럼 기본적으로 사용하는 것이 아니라 Lipton 레몬 아이스 티 믹스의 달콤하고 레몬으로 채워진 맛을 즐기세요. 밝은 하루를 위한 화려한 맛! Lipton 아이스 티 믹스는 단 몇 초 만에 맛있고 상쾌한 아이스티를 준비할 수 있는 가장 쉬운 방법입니다. Lipton 아이스 티 믹스 4큰술을 유리에 붓고 찬물 1컵을 넣고 완벽한 아이스 티 한 잔을 즐기세요! 이 믹스는 아이스 티 10쿼트 또는 9.5L(2.5갤런)을 만듭니다. CSI는 품질에 대해 절대 타협하지 않습니다. 최고의 찻잎만이 아이스 티 믹스에 들어갑니다. 당사의 모든 찻잎은 전 세계에서 공급되며 전문적으로 혼합되어 프리미엄 품질의 경험을 즐길 수 있습니다. 아이스티를 훌륭한 선택으로 만드는 신선하고 맛있는 맛으로 자신에게 보답할 것입니다./LIPTON® lemon iced tea mix/has that just-brewed flavor. Nothing beats the taste of a lemony glass of LIPTON® iced tea that you can enjoy any time of the day./LIPTON® Iced Tea Mix/LIPTON® iced tea mix has total refreshment down cold. Instant refreshment is yours anytime with the powdered mixes. Thirst-quenching and delicious, the instant iced tea mixes are brewed from real tea leaves so the taste is pure and satisfying. Who else but LIPTON® could serve up so many ways to enjoy the convenience of instant tea?/LIPTON® Drink Positive/LIPTON® never compromises on quality, so you do not have to, either. Only the best tea leaves go into LIPTON® teas. They source their tea leaves from around the world and expertly blend them so you can enjoy a premium tea experience. You will reward yourself with the fresh, pure taste that makes tea a great choice./They also source teas from as many as 35 countries to ensure a consistent taste and an uninterrupted supply. These teas have to be the best of the best to satisfy the tea experts./What is in the Box/Pack of six 10-quart cans./Explore the Full Line of LIPTON® Sweetened Iced Tea Mix","['아이스', '티', '믹스', '맛', '맛있다', '레몬', '상쾌하다', '아이스티', '찻잎', '진짜']"
식음료,음료,차,,B0B4F7PTQS,"Halfday 프리바이오틱 아이스 티 버라이어티 12팩 - 향수를 불러일으키는 맛, 저설탕, 놀라운 맛 - 팔레오, 글루텐 프리, 장 건강을 위한 음료 - 가볍게 단맛, 건강한 캔 아이스티 - 355ml(12온스), 355ml",Halfday,49846,49846,4.2,342.0,"많은 것을 시도해보세요: 저희는 새로운 종류의 음료를 만들고 있습니다: 미뢰가 승인한 맛과 장 건강에 좋은 프리바이오틱스가 함유된 아이스 티. 하지만 우리는 거기서 멈추지 않았습니다. 또한 설탕을 자르므로 죄책감 없이 좋아하는 올드 스쿨 맛을 분쇄할 수 있습니다. 버라이어티 12팩으로 모두 사용해 보세요! 향수, 장 건강에 좋은 맛: 내장이 자랐지만 미각은 자라지 않았을 때를 위한 프리바이오틱 차입니다. 당사의 아이스티에는 프리바이오틱 섬유 8g과 설탕 3g만 포함되어 있습니다. 각 캔은 30칼로리, 글루텐 프리, 팔레오 및 케토 친화적입니다. 인공 감미료, 색소, 향료, 방부제 또는 성분이 없습니다. 왜 프리바이오틱스를 선택해야 할까요? : 간단히 말해서, 프리바이오틱스는 프로바이오틱스를 위한 식품입니다! 프로바이오틱스는 전반적인 장 건강을 지원하는 '좋은 박테리아'입니다. 따라서 그들이 좋아하는 것을 먹이는 것이 중요합니다. 그리고 그들은 식물 섬유와 같은 프리바이오틱스를 좋아합니다. Halfday! 비탄소: 기포가 없다는 것은 Halfday 가 마시기 쉽고 매끄럽다는 것을 의미합니다. 즉, 탄산 음료가 유발할 수 있는 장의 불편함 없이 맛있는 맛을 즐길 수 있습니다. 차 흘리기: 18세에 공동 창립자인 Kayvon은 심한 발적으로 궤양성 대장염으로 입원했습니다. 질병으로 36.3kg(80파운드)를 잃은 후, 그와 그의 BFF는 장 건강을 개선하고 자신이 좋아하는 아이스티의 장 건강 버전을 재현하기 위해 노력했습니다.",,"['건강', '맛', '프리바이오틱스', '음료', '프리바이오틱', '설탕', '아이스티', '향수', '글루텐', '팔레오']"
식음료,음료,차,,B07S6ZTGLY,"CLEAN Cause 저칼로리 버라이어티 팩 스파클링 예르바 마테차, 160mg 카페인, 유기농, 저설탕, 에너지 음료의 건강한 대안(473.2ml(16온스) 캔, 12팩 케이스)",CLEAN CAUSE.,51175,51175,4.5,2226.0,스파클링 예르바 메이트: 훌륭한 맛의 스파클링 예르바 마테로 하루를 가장 잘 할 수 있도록 도와줍니다! 어떤 이유로든 구매가 마음에 들지 않으면 바로 해결해 드리겠습니다. 천연 카페인: 각 캔에는 지터 프리 예르바 메이트에서 자연적으로 공급되는 카페인 160mg이 포함되어 있습니다. USDA 유기농 인증: 모든 성분이 USDA 유기농으로 분류되는 높은 기준을 충족하는지 확인합니다. 70가지 저칼로리: 설탕을 줄였으므로 설탕 충돌을 겪지 않고 카페인이 급증할 수 있습니다. 중독 회복 지원: 50% 순이익(또는 5% 순수익 중 더 큰 것)은 중독 회복을 지원합니다.,,"['카페인', '예르바', '유기농', '설탕', '스파클링', '중독', '칼로리', '마테', '회복', '메이트']"
식음료,음료,차,,B098BL22P5,"Swoon Peach Tea - 무설탕 과일 차, 저탄수화물, 팔레오 친화적, 글루텐 프리 아이스 티 - 유기농 홍차로 만든 맛 차 케토 음료 몽크 프루트와 스테비아가 단맛을 낸 맛 차 케토 음료 (12팩)",Swoon,29057,29057,4.0,589.0,"저희 파티에 초대되었습니다! : 풀 바디 브루잉 홍차가 함유된 복숭아 차로 오후를 밝게 하세요. 설탕이 없어도 5칼로리만 있으면 믿을 수 없을 정도로 달콤합니다. 설탕이 아닌 음료: 우리는 당신의 삶에 달콤함을 가져다주는 무설탕 음료를 만듭니다. 저희에게는 개인적인 것입니다. 당사의 공동 창립자인 Jen은 제1형 당뇨병 환자로, 당신에게 좋은 맛이 있어야 한다고 믿습니다. 무설탕, 제로 맛이 아님: 당사의 Swoon 아이스 티 음료는 몽크 과일과 스테비아에서 단맛을 얻어 설탕의 단점 없이 원하는 자연스러운 맛을 제공합니다. 좋은 맛: 저희 복숭아 차는 비타민 C의 훌륭한 공급원입니다 (캔 당 비타민 C 21mg). Swoon 제품은 케토, 팔레오, GMO 프리, 글루텐 프리, 비건, 코셔 인증을 받았습니다. 설탕이 전혀 없고 칼로리가 5개밖에 되지 않는 상쾌하고 자연스러운 달콤한 아이스티와 레모네이드 라인인 Swoon을 마시세요",,"['설탕', '맛', '음료', '달콤하다', '프리', '차', '케토', '스테비아', '자연스럽다', '팔레오']"
식음료,음료,차,,B0BXWV794B,"Swoon 무설탕 아이스 티 클래식 버라이어티 팩 - 레몬, 라즈베리, 복숭아, 하프 & 하프 맛 무설탕 음료 - 저탄수화물, 팔레오 친화적, 글루텐 프리 케토 아이스 티 - 355.6ml(12온스) (12팩)",Swoon,38752,38752,4.4,89.0,"우리와 함께하는 파티: 선택할 수 있는 4가지 놀라운 맛으로 한 모금 마실 때마다 미소를 짓고 Swoon과 함께 매일 파티를 만드세요. 풀 바디 홍차와 몽크 과일로 만든 레몬 티, 라즈베리 티, 복숭아 차, 하프 & 하프 티 음료를 즐기세요. 설탕이 아닌 드링크 스훈: Swoon 는 고품질의 천연 무설탕 과일 차를 만듭니다. 저희에게는 개인적인 것입니다. 당사의 공동 창립자인 Jen은 제1형 당뇨병 환자로, 당신에게 좋은 맛이 있어야 한다고 믿습니다. 무설탕, 제로 맛이 아님: 당사의 Swoon 아이스 티 음료는 몽크 과일과 스테비아에서 단맛을 얻어 설탕의 단점 없이 원하는 자연스러운 맛을 제공합니다. 훌륭한 맛: 당사의 아이스 티 음료는 비타민 C의 훌륭한 공급원입니다 (캔 당 비타민 C 21mg). Swoon 제품은 케토, 팔레오, GMO 프리, 글루텐 프리, 비건, 코셔 인증을 받았습니다. 설탕이 전혀 없고 칼로리가 5개밖에 되지 않는 상쾌하고 자연스러운 달콤한 아이스티와 레모네이드 라인인 Swoon을 마시세요",,"['티', '설탕', '맛', '하프', '아이스', '음료', '프리', '과일', '훌륭하다', '자연스럽다']"
식음료,음료,차,,B003RAL8DS,California Dieter Drink 엑스트라 스트렝스 티 | 49.9g(1.75온스) | 3팩,Evergreen leaves,17728,17728,4.5,1187.0,"캘리포니아 디터 티 3박스, 엑스트라 스트렝스 다이어트 없이 건강을 유지할 수 있도록 도와줍니다 카페인 없음 화학 첨가제 없음 천연 허브 음료",박스 3개,"['티', '엑스트라', '스트렝스', '박스', '화학', '허브', '캘리포니아', '카페인', '첨가제', '천연']"
식음료,음료,차,,B07PPXBTJ5,"Arizona 인삼과 꿀이 함유된 녹차, 테트라 박스, 190ml(6.75액량 온스), 32개 팩",Arizona,28309,28309,4.3,235.0,"진짜 추출된 차: 애리조나의 녹차는 적절한 양의 인삼, 꿀, 사탕수수 설탕을 함유한 프리미엄 녹차입니다. 100% 천연: 100% 천연 녹차를 함유하고 있습니다. 인공 향료와 색소가 없습니다. 비타민 C: 이 제품은 비타민 C가 풍부하여 모든 연령대에서 즐길 수 있는 훌륭한 맛의 음료입니다. 상쾌함: 병에서 바로 마시든 얼음이 든 긴 잔을 마시든, 집, 학교 또는 직장에서 마시든, 단순히 맛있는 갈증을 해소하는 음료로 자신을 대접하세요. 벌크 케이스에는 191.4g(6.5온스) 테트라 박스 32개가 포함되어 있습니다. 점심이나 간식에 딱 맞는 크기입니다. 항상 이동 중인 모든 사람에게 적합합니다.",녹차는 건강상의 이점으로 오랫동안 알려져 왔지만 당사의 녹차도 맛도 좋습니다! 맛있고 상쾌한 카페인 프리 버전의 Arizona 녹차를 아이스 또는 뜨겁게 즐기세요.,"['녹차', '함유', '음료', '맛', '상쾌하다', '인삼', '비타민', '박스', '맛있다', '천연']"
식음료,음료,차,,B0DCDMKPL7,"Chike Protein 아이스 티 버라이어티 팩, 단백질 15g, 카페인 100mg, 설탕 0g, 레모네이드 및 복숭아 맛, 1인용 패킷 6개",CHIKE,24860,24860,,,"상쾌한 맛: 단백질이 가득한 아이스티로 녹차 레모네이드 또는 복숭아 프루션의 상쾌한 맛을 즐기세요. 각 샘플러에는 각 맛의 3인분이 포함되어 있습니다! 가볍고 바삭한 즐거움: 각 서빙에는 단백질 15g, 설탕 0g, 전해질이 포함되어 있습니다! 저칼로리 에너지 부스트를 위한 카페인 10mg을 함유하고 있습니다. 잠재력 강화: 진짜 녹차에서 추출한 카페인 100mg과 GMO 프리 단백질의 만족으로 하루 종일 활력을 얻고 그 상태를 유지하세요! 이동 중에도 편리함: 이 미리 분할된 파우치는 바쁜 라이프 스타일에 적합하며 언제든지 맛있고 영양가 있는 음료를 맛볼 수 있습니다!",최초이자 유일한 단백질 아이스티의 맛있고 영양이 풍부한 부스트로 몸에 영양을 공급하세요. 이 편리한 1인용 파우치는 녹차 레모네이드와 피치 퓨전의 두 가지 상쾌한 맛으로 제공됩니다. 각 파우치에는 15g의 단백질이 들어 있어 몸을 꽉 채우고 마른 근육을 키울 수 있습니다. 각 제공량은 진짜 녹차에서 추출한 카페인 100mg을 함유하여 0g의 설탕과 전해질을 첨가하여 자연스러운 에너지 킥을 제공합니다! 두 가지 맛 모두 수분을 유지하고 단백질을 얻을 수 있는 가볍고 상쾌한 방법입니다! 이 1인용 패킷은 이동 중에도 라이프 스타일에 적합합니다. Chike의 단백질 아이스티는 미뢰를 만족시키고 활동적인 라이프 스타일에 활력을 불어넣는 죄책감 없는 방종입니다.,"['단백질', '맛', '상쾌하다', '녹차', '카페인', '레모네이드', '설탕', '스타일', '아이스티', '인용']"
식음료,음료,차,,B0032MS5UU,"Lipton Peach 아이스 티 믹스, 단맛, 9.8L(10쿼트)",Lipton,19999,19971,4.7,3167.0,"LIPTON 복숭아 아이스티: 이 Lipton 아이스 티 파우더 믹스는 진짜 찻잎과 함께 상쾌한 홍차를 만들고 진짜 사탕수수 설탕으로 단맛을 내어 상쾌한 맛을 선사합니다 제품 구성: Lipton 아이스 티 피치 가당 아이스 티 믹스, 천연 향료, 인공 감미료, 향료 또는 색소 없음, 팩당 10쿼트 립톤으로 일어나세요: 이 맛있는 차에는 카페인이 함유되어 있어 아침이나 부스트가 필요할 때 집에서 편안하게 카페 경험을 즐길 수 있습니다 간편한 만들기: 아이스 티 파우더 믹스에 찬물과 얼음을 넣고 저어주세요. 완벽한 브루잉을 위해 라벨을 참조하여 보다 구체적인 측정을 할 수 있습니다 신뢰할 수 있는 회사: Lipton 는 영국-미국 차 브랜드입니다. Thomas Lipton 경이 1890년에 이 회사를 설립한 이래로 수세기 동안 신뢰할 수 있는 회사로 부드러운 맛과 좋은 맛을 제공합니다","Lipton 의 전문 믹솔로지스트는 Lipton Peach Sweetened Iced Tea Mix의 맛있는 블렌드를 만들어 여러분과 가족을 위해 가장 상쾌하고 맛있는 아이스 티 파우더를 만들었습니다. 당사의 아이스 티 믹스는 진짜 찻잎, 진짜 사탕수수 설탕 및 천연 원료에서 공급되는 맛으로 만들어져 항상 맛있고 만족스럽습니다. Lipton 아이스 티 믹스는 맛있고 상쾌하기 때문에 모든 식사에 완벽한 추가 아이템입니다. 그러니 평소처럼 기본적으로 사용하는 것이 아니라 Lipton Peach 아이스 티 믹스의 달콤하고 복숭아로 채워진 맛을 즐기세요. 밝은 하루를 위한 화려한 맛! Lipton 아이스 티 믹스 파우더는 단 몇 초 만에 맛있고 상쾌한 아이스 티를 준비하는 가장 쉬운 방법입니다. Lipton 아이스 티 믹스 4큰술을 유리에 붓고 찬물 1컵을 넣고 완벽한 아이스 티 한 잔을 즐기세요! 이 믹스는 10쿼트의 아이스티를 만듭니다. CSI는 품질에 대해 절대 타협하지 않습니다. 최고의 찻잎만이 아이스 티 믹스에 들어갑니다. 당사의 모든 찻잎은 전 세계에서 공급되며 전문적으로 혼합되어 프리미엄 품질의 경험을 즐길 수 있습니다. 아이스티를 훌륭한 선택으로 만드는 신선하고 맛있는 맛으로 자신에게 보답할 것입니다.","['아이스', '티', '믹스', '맛', '맛있다', '상쾌하다', '파우더', '진짜', '찻잎', '완벽하다']"
식음료,음료,차,,B077Q2BGWM,"True Lemon 아이스 티, 6개입 12팩",True Citrus,83986,53267,4.3,1043.0,"진짜 과일에서 진정한 맛을 전달하는 맛있는 차 맛 첫 번째 성분은 프리미엄 홍차입니다! 단 10칼로리, 설탕 1g. 콩 무첨가 인공 감미료, 향료, 색소, 방부제 또는 나트륨 무첨가 GMO 프리","아이스 티 굿니스 에든타임 트루 레몬 레몬 아이스티는 프리미엄 홍차, 신선한 레몬 맛, 자연스러운 단맛의 균형을 유지하여 언제 어디서나 상쾌한 아이스티의 장점을 즐길 수 있습니다.","['레몬', '맛', '홍차', '첨가', '아이스', '아이스티', '프리미엄', '티', '타임', '설탕']"
식음료,음료,차,,B0B8PTWBLP,"Just Ice Tea 유기농 복숭아 우롱 차, 400ml(16 FZ 포함)",Just Ice Tea,17949,16606,4.5,266.0,,음료,"['차', '음료', '유기농', '우롱', '복숭아']"
식음료,음료,차,,B0CBJD6YHC,"Teazen Summer Peach 아이스 티, 무설탕, 우바 홍차, 하이드레이션 드링크 믹스, 스틱 10개, 49.9g(1.75온스)",TEAZEN,17603,17603,4.4,58.0,패킷 당 8kcal. 설탕이 포함되어 있지 않습니다. 걱정 없이 달콤하고 상쾌한 아이스티를 즐기세요.,TEAZEN 무설탕 아이스 티,"['설탕', '티', '아이스', '홍차', '패킷', '아이스티', '스틱', '상쾌하다', '믹스', '링크']"
식음료,음료,차,,B0CG3TMTC1,"Garden Kombucha 차, 파우더 5g x 20봉지 (100g/3.52온스) 프로바이오틱스, 프리바이오틱스, 무설탕, 다이어트 티, 병 포함 건강 음료 (무료 병 쉐이커) (세븐베리)",UNHA'S ASIAN SNACK BOX,20761,20761,4.2,40.0,"한국 콤부차 - 당사의 콤부차는 유익한 장내 박테리아가 풍부한 발효 차 음료입니다. 17가지 유형의 유산균, 프로바이오틱스 및 프리바이오틱스가 함유되어 있습니다. 또한, 데일리 콤부차에는 이러한 유익한 박테리아를 활성화하고 지원하는 데 도움이 되는 과당류류도 포함되어 있습니다. 과일 맛 - 콤부차 과일 차는 콤부차의 건강상의 이점과 과일의 자연스러운 단맛 및 맛을 결합한 상쾌하고 맛있는 음료입니다. 콤부차 과일 차에 사용되는 인기 있는 과일에는 세븐베리, 복숭아, 레몬, 리치, 모로 블러드 오렌지, 석류 및 사과 과일이 포함됩니다. 과일 맛과 영양이 풍부한 음료로 하루 중 언제라도 완벽합니다 간편한 휴대 - Easy Cut의 개별 파우더 스틱 유형은 갈망을 줄이고 식욕을 조절하기 위한 편리하고 휴대가 간편한 솔루션입니다. 파우더 형태로 이동 중에도 쉽게 섭취할 수 있으며 기구나 준비 없이 언제 어디서나 휴대할 수 있습니다. 바쁜 라이프 스타일을 이끌고 식욕을 관리하는 데 도움이 되는 빠르고 쉬운 솔루션이 필요한 사람들에게 훌륭한 선택입니다. 지방 프리 및 무설탕 - 이 제품의 훌륭한 특징은 무설탕과 지방이 없으므로 칼로리 섭취를 관찰하는 사람들에게 탁월한 선택입니다. 설탕이나 지방이 첨가되지 않아 불필요한 칼로리에 대한 걱정 없이 이 제품을 즐길 수 있습니다. 이것은 제한된 식단을 사용하거나 건강한 라이프 스타일을 유지하려는 사람들에게 특히 유익할 수 있습니다. 상쾌함 - 상쾌하고 트렌디한 콤부차는 많은 사람들이 즐기는 맛있고 건강한 음료입니다. 천연 발효 과정은 전통적인 탄산 음료보다 깨끗하고 상쾌한 탄산을 만듭니다. 설탕이나 지방이 첨가되지 않은 콤부차는 운동 전후에 수분을 유지하는 데 탁월한 선택입니다. 또한 상쾌하고 깔끔한 음식을 원할 때 설탕이나 기름진 음식을 대체할 수 있는 훌륭한 대안입니다. 한국 제품",,"['콤부차', '과일', '음료', '설탕', '상쾌하다', '지방', '사람', '휴대', '유익하다']"
식음료,음료,차,,B0D2X8RNRT,"Evergreen Leaves Brand Extra Strength California Dieters' Drink 2팩, 카페인 프리 허브 식이 차, 센나 인퓨즈, 총 40개 티백",Evergreen Leaves,16606,16606,,,"천연 클렌징: 이 허브 티는 센나 잎과 기타 천연 성분을 혼합하여 소화 건강과 규칙성을 부드럽게 지원합니다. 고대 왕실 포뮬러: 한때 왕족을 위해 예약된 고대 중국 포뮬러를 사용하여 제작된 이 차는 내부에서 외부로 전반적인 건강을 촉진합니다. 상쾌한 맛: 가볍고 상쾌한 맛으로 카페인 프리 허브 티는 하루 중 언제든지 만족스럽고 맛있습니다. 환불 보장: 100% 환불 만족 보장으로 이 차를 안심하고 사용해 볼 수 있으므로 항상 훌륭한 가치를 누릴 수 있습니다. 40인분: 각 팩에는 20개의 티백이 포함되어 있으며, 2팩에 총 40인분이 들어 있어 시스템을 정화하거나 정기적으로 즐길 수 있습니다.","The Evergreen Leaves Brand California Dieters’ Drink is a refreshing herbal tea inspired by ancient Chinese royalty formulas. Made with natural ingredients including Senna leaves, this tea helps support digestive health and wellness while promoting natural cleansing and regularity. Each 2-pack contains 40 tea bags total for easy, on-the-go steeping. As a caffeine-free beverage, this herbal tea provides a satisfying yet gentle way to cleanse your system without harsh chemicals or additives. Suitable for men and women, the California Dieters' Tea delivers a pleasant taste with each serving.","['허브', '차', '카페인', '포뮬러', '인분', '보장', '천연', '상쾌하다', '고대', '티']"
식음료,음료,차,,B0029JWO54,"4C 파우더 드링크 믹스 패킷, 녹차 1팩, 24개, Singles Stix On the Go, 상쾌한 무설탕 물 향료",4C,9611,9611,4.6,694.0,"(1) 상자에는 4개의 무료 패킷이 포함되어 있으며 총 24개의 패킷과 48인분이 제공됩니다 항산화제, 꿀, 레몬 0칼로리이지만 100% 비타민 C 무설탕, 나트륨 프리 추운 계절에 도움이 됩니다!",,"['패킷', '설탕', '향료', '믹스', '꿀', '나트륨', '녹차', '도움', '레몬', '링크']"
식음료,음료,차,,B07T86BGJR,The Republic of Tea Beautifying Botanicals® Beauty Sleep 카모마일 로즈 허브 티백 (36개),The Republic of Tea,20761,20761,4.7,1402.0,뷰티 슬립 허브티: 수분을 공급하는 바이올렛 색조의 허브 인퓨전에는 피부 안색을 개선하는 데 도움이 되는 독점적인 식물성 혼합물이 포함되어 있습니다. 카모마일 & 로즈 노트: Beauty Sleep 티는 편안한 카모마일과 아로마 노트가 함유되어 진정 경험을 선사합니다. 절단 방법: 허브 티를 쉽게 우려낼 수 있습니다. 신선하고 여과된 물을 간단히 가열하여 끓입니다. 그런 다음 차 위에 물을 붓고 티백이나 잎 전체를 사용하는 경우 5-7분 동안 우려냅니다. 허브티: 설탕이 없는 천연 카페인 프리 차로 야간 루틴에 추가할 수 있습니다. 글루텐 프리: 이 차는 글루텐이 없으므로 걱정 없이 마실 수 있습니다.,,"['허브', '티', '카모마일', '노트', '프리', '티백', '우려', '글루텐', '물']"
식음료,음료,차,,B0CVL8SJ8V,"TIDE Yaupon 프리미엄 브루드 티, 150mg 유기농 카페인, 깨끗한 에너지 드링크, 사자 갈기, 동충하초, 인삼 및 유기농 녹차, 집중력, 기분 및 에너지, 저칼로리, 망고, 350ml(12온스), 12팩",TIDE,49513,49513,5.0,35.0,"TIDE Yaupon 프리미엄 브루드 티는 미국에서 지속 가능하게 수확된 유기농 야우폰 홀리 잎으로 만든 천연 기능성 음료입니다. 유기농 녹차와 야우폰에서 발견되는 카페인에서 추출한 유기농 카페인 150mg을 함유하고 있지만 불안이나 충돌은 없습니다! 이 프리미엄 기능성 음료에는 인지 및 면역 강화 특성으로 유명한 사자 갈기, 동충하초 및 인삼이 포함되어 있습니다. TIDE Yaupon은 칼로리가 적으며 인공 성분이나 감미료가 포함되어 있지 않습니다.","TIDE Amplified Teas는 초프리미엄, 진짜 추출된 기능성 차로, 기분과 집중력을 증폭시키면서 불안이나 충돌 없이 깨끗하고 지속 가능한 에너지를 몇 시간 동안 제공합니다. 저희 차는 양조된 Yaupon 녹차로 시작됩니다. 미국에서 자란 야생 수확 슈퍼 식물에 대해 들어본 적이 없을 것입니다. 그러나 높은 수준의 항산화 물질, 질병 방지 특성 및 다크 초콜릿인 테오브로민에서 발견되는 천연 기분 향상제로 인해 빠르게 인기를 얻고 있습니다. 기능성 버섯, 인삼 및 유기농 녹차 카페인을 포함한 강장제로 Yaupon을 보완하여 마음에 레이저 포커스가 필요하고 신체에 풍부한 에너지가 필요할 때 완벽한 음료를 만들었습니다. Yaupon은 북미 유일의 카페인 함유 식물이며 아메리카 원주민 역사에 흠뻑 젖어 있습니다. Yaupon은 중요한 의식, 의식 또는 전쟁 전에 자주 소비되는 카페인 공급원으로 수세기 동안 원주민에 의해 사용되었습니다. 모든 TIDE Amplified Tea 제품에는 인공 화학 물질이나 방부제가 포함되어 있지 않으며 유기농 카페인과 유기농 사탕수수 설탕을 포함한 최고급 성분으로만 만들어집니다. 시간제 해적 그룹에 의해 선샤인 주에서 태어난 당사의 사명은 플로리다 ""Sunshine In Every Sip""을 얻고 우리가 집이라고 부르는 열대 낙원을 꿈꾸게 하는 것입니다. 커피, 탄산음료의 건강한 대안을 찾고 계시거나 나쁜 맛, 셀처 기반 에너지 음료에 과부하를 경험하든, TIDE Amplified Tea의 한 가지 맛은 왜 대중에게 제공하게 되어 매우 기쁩니다.","['유기농', '카페인', '에너지', '녹차', '음료', '프리미엄', '인삼', '기분', '성분', '인공']"
식음료,음료,차,,B0D4F9YXYK,"Everydaze BT21 리셋 콤부차 티 파우더 음료 믹스 | 스틱 10개 | 프리바이오틱스 + 프로바이오틱스 | 비건 | 설탕 무첨가, 글루텐 프리, 스파클링 파우더 드링크 팩 (파인애플 패션 프루트)",E EVERYDAZE,12451,12451,4.7,129.0,"음료 파우더 믹스로 물을 빠르게 섞으면 콤부차 음료를 즉시 만들 수 있습니다 무설탕, 프리+프로바이오틱스, 무알코올, 비건, 저칼로리 1회 제공량당 21칼로리 미만의 장 보조 발효 차 음료 프리바이오틱스 및 프로바이오틱스로 장 건강 맛있는 과일 차 블렌드는 슬림하고 가벼운 스틱에 포장되어 사용, 여행 및 맞춤 설정이 쉽습니다",,"['음료', '프로바이오틱스', '파우더', '프리바이오틱스', '차', '믹스', '부차', '비건', '설탕', '프리']"
식음료,음료,차,,B0D1Z497XV,"TAZO Skinny Chai Latte 농축액, 홍차 농축액, 매일 가벼운 차이 라떼를 위한 쉬운 차이 티, 스키니 목테일 및 핫 또는 아이스 티, 946.4ml(32온스) 티 믹스 카톤 (2팩)",TAZO,28184,28184,4.7,46.0,"계피, 카다몬, 생강, 크리미한 바닐라의 스파이스 노트가 혼합된 대담한 홍차. TAZO 스키니 차이 라떼는 TAZO 클래식 차이 라떼*보다 칼로리가 33% 적습니다 흔든 다음 TAZO 스키니 차이 티 농축액을 원하는 저지방/지방 프리 우유 또는 우유 대체품과 동일한 비율로 혼합하십시오. 스토브 또는 전자레인지에서 가열하십시오. 아이스 티? 원하는 우유와 섞어 얼음을 붓습니다 TAZO 스키니 차이 라테는 뜨거운 차나 아이스 티로 즐길 수 있습니다. TAZO 스키니 차이 라떼는 어떤 온도에서도 완벽하게 즐길 수 있습니다. 좋아하는 것을 선택하여 이 스키니 차이 농축액을 즐기세요 61MG의 카페인이 함유된 TAZO 스키니 차이 라떼는 하루 중 언제든지 사용할 수 있습니다. TAZO Skinny Chai Latte 농축액은 완벽한 목테일, 아이스 티 피처 또는 책임감 있는 애프터눈 트리트먼트를 제공합니다 섞고 저어주고 즐기세요! TAZO 스키니 차이 라떼는 좋아하는 식물 기반 우유 대체품과 완벽하게 어울립니다. 이 차이 티 농축액은 바쁜 하루를 시작하거나 저칼로리 과자로 즐기기에 좋습니다. 저칼로리 차이 라테를 원하십니까? TAZO 스키니 차이 라떼 농축액은 TAZO 클래식 차이 라떼보다 칼로리가 33% 적습니다(차 농축액의 칼로리 함량은 1회 제공량당 90칼로리에서 60칼로리로 감소했습니다)","가벼운 차이 라떼의 스키니를 원하십니까? TAZO 스키니 차이 라떼는 강한 홍차 블렌드와 계피, 카다몬, 생강, 크리미한 바닐라의 스파이스 노트를 결합했습니다. TAZO 스키니 차이 라떼를 흔들어 차이 티를 붓고 저지방/지방 프리 우유 또는 식물성 우유를 같은 비율로 섞어 보세요. TAZO 스키니 차이 라떼를 스토브 또는 전자레인지에서 가열하세요. 아이스 티 음료의 경우 TAZO Skinny Chai Latte를 얼음 위에 붓고 원하는 우유와 섞기만 하면 됩니다. TAZO 스키니 차이 티 라떼는 TAZO 클래식 차이 라떼보다 칼로리가 33% 적습니다.* 적은 칼로리로 모든 차이 맛으로 일상 생활에 쉽게 추가할 수 있습니다. TAZO 최고의 차 농축액 브랜드입니다. ** *차 농축액의 칼로리 함량은 1회 제공량당 90칼로리에서 60칼로리로 감소했습니다. **2024년 2월 24일로 끝나는 최근 52주 동안 농축액 하위 카테고리 덱스에 대해 NielsenIQ가 미국 립톤 차 및 주입(Synd)을 통해 보고한 단위 판매 데이터를 기반으로 한 립톤 차 및 주입 계산 총 US x 총 미국 x 총 NielsenIQ 표준 제품 계층에 따른 클럽 채널. Copyright 2024, Nielsen Consumer LLC.","['차이', '스키니', '라떼', '칼로리', '티', '농축액', '우유', '차', '아이스', '지방']"
식음료,음료,차,,B0D5YVMX9Q,"Yerba Mate 인스턴트 티 파우더, 3-in-1 슈퍼 드링크 - 청정 에너지, 뇌 안개 버스터 및 장 건강 누트로픽, 프리바이오틱스 및 프로바이오틱스로 구동 | Yerba 매직 피치 망고 30회 분량",Brainista,69236,69236,4.7,253.0,"YERBA MATE BOOSTED 3-in-1: 프리바이오틱스와 프로바이오틱스 플러스 누트로픽의 힘으로 메이트의 청정 에너지를 발견하세요 더 나은 커피 대안: 사자 갈기, 카페인(예르바 메이트에서 추출), 바코파 및 l-테아닌이 뇌가 부드럽게 작동하도록 도와줍니다. 슈퍼 차지 예르바 메이트 티: Yerba Magic 에너지 드링크 파우더로 몇 초 만에 즉시 맛있는 예르바 메이트 음료를 만들어보세요 치커리 이눌린 및 프로바이오틱스로 소화 건강 지원 — 치커리 이눌린과 바실러스 서브틸리스 프로바이오틱스가 혼합된 Yerba Magic으로 건강한 장을 촉진합니다. 이 음료는 소화 기능을 향상시키고 장내 식물 균형을 유지하도록 제작되었습니다. 종합적인 장 건강을 위한 프리바이오틱스가 풍부함 - 프로바이오틱스와 함께 Yerba Magic은 장의 유익한 박테리아에 영양을 공급하는 프리바이오틱 섬유를 포함하고 있어 소화 건강에 대한 전체적인 접근 방식을 보장합니다. 건강한 에너지 음료: 합성 향료와 저품질 카페인은 잊으세요. Yerba Magic은 가장 깨끗한 카페인인 예르바 마테의 카페인을 사용합니다.",,"['프로바이오틱스', '메이트', '건강', '카페인', '에너지', '음료', '예르바', '소화', '프리바이오틱스', '청정']"
식음료,음료,차,,B076HDW1VR,3 Ballerina 차 다이어트 드링크 엑스트라 스트렝스(박스4개 x 티 백 18개입),3 Ballerina,16550,16550,4.4,4787.0,3 Ballerina Tea Dieter's 엑스트라 스트렝스 드링크 2박스 티백 18개 카페인 없음 여성 및 남성용 미국에서 제작 천연 성분(화학 첨가물 없음),1,"['스트렝스', '링크', '박스', '엑스트라', '성분', '남성', '다이어트', '물', '미국', '백']"
식음료,음료,차,,B0D1Z2JHZV,"TAZO 녹차 말차 라떼, 녹차 농축액, 일상적인 라떼, 모테일, 핫 또는 아이스 티, 946.4ml(32온스) 티 믹스 카톤 (2팩)",TAZO,28184,28184,4.2,45.0,밝은 맛 - TAZO 녹차 말차 라떼는 전통적인 녹차와 말차와 단물 멜론의 기분 좋은 노트가 혼합되어 유혹적인 향이 나는 예상치 못한 특별한 녹차 라떼를 만듭니다 흔들어 보세요 - TAZO 녹차 말차 라떼를 원하는 우유 또는 우유 대체품과 같은 비율로 흔들어 섞은 다음 스토브 또는 전자레인지에서 가열하거나 얼음 위에 부어 아이스 녹차를 즐기세요. 박스당 5인분을 만들 수 있습니다 당신을 위한 양조 - 이 즐거운 말차 녹차 라떼는 이미 추출되어 준비되어 있으므로 원할 때마다 즐길 수 있습니다. 말차 농축액 차 믹스는 아이스만큼 맛있고 뜨겁습니다. 용기 당 5인분을 만들 수 있습니다 녹차 부스트 - 16-30mg의 카페인이 함유된 TAZO 녹차 말차 라떼는 아침 중반 인스턴트 아침 음료 또는 늦은 오후의 차 음료를 위한 완벽한 녹차 농축액입니다 다양한 맛을 즐길 수 있는 방법 - 귀리 우유와 함께 말차 라떼 믹스를 시도해 보세요. 신선한 시각을 위해 으깬 딸기와 얼음 위에 뿌려보세요. 또는 녹차 농축액을 선택한 우유와 혼합하여 클래식한 녹차 라떼를 만들 수 있습니다 차에 대한 열정 - TAZO 녹차 말차 라떼는 기분 좋은 녹차 음료를 위해 고품질 찻잎과 맛있는 맛으로 추출되었습니다,"TAZO 녹차 말차 라떼는 녹차와 허니듀 멜론 향을 혼합하여 진정으로 특별한 말차 녹차 농축액을 만듭니다. 녹차, 말차 및 과일 향의 독특한 향을 즐기려면 TAZO 녹차 말차 농축액을 원하는 우유 또는 우유 대체품과 혼합하십시오. 이 맛있는 말차 농축액으로 조금 실험해보세요. 귀리 우유와 함께 이 말차 라떼 믹스를 시도하고 신선한 딸기로 장식하여 상쾌한 아이스 라떼를 만들어보세요. TAZO 녹차 말차 라떼를 전자레인지나 스토브에서 가열하여 뜨겁게 맛보세요. 아이스 녹차를 원하십니까? 말차 농축액을 우유와 함께 얼음 위에 붓고 상쾌한 아이스 티 말차 라떼를 즐기세요. 16-30mg의 카페인이 함유된 TAZO 녹차 말차 라떼는 즉각적인 아침 식사 음료 또는 늦은 오후 간식에 적합합니다. TAZO 는 #1 차 농축액 브랜드(1) (1) NielsenIQ가 미국 립톤 차 및 주입(Synd)을 통해 보고한 단위 판매 데이터를 기반으로 한 Lipton Teas and Infusions 계산입니다. N에 따른 총 미국 x 기타 클럽 채널의 경우 2024년 2월 24일까지 끝나는 최근 52주 동안 농축액 하위 카테고리 TAZO 에 대한 큰 IQ 표준 제품 계층. Copyright 2024, Nielsen Consumer LLC.","['녹차', '말차', '라떼', '농축액', '우유', '아이스', '차']"
식음료,음료,차,,B01N4RB2KG,Crystal Light 퓨어 피치 아이스 티 드링크 믹스 (피처 팩 5개입),Crystal Light,9681,9681,4.3,4136.0,"Crystal Light 퓨어 천연 향 복숭아 아이스티 파우더 드링크 믹스 1그램(5캐럿) 통 1개. 인공 감미료, 향료, 방부제 무첨가. 설탕과 스테비아 잎 추출물로 자연적인 단맛을 냅니다. 차, 복숭아 및 기타 자연의 맛에서 나오는 풍미. 홍차에서 나오는 색상. 분말 아이스 티 피처 패킷은 쉽게 섞을 수 있도록 미리 소분되어 있습니다. 개별 아이스티 피처 패킷은 1.8리터(2쿼트) 용량의 큰 물통에 맛을 첨가해주기에 이상적입니다. 시장을 선도적인 음료들보다 칼로리가 90% 적습니다. 본 제품은 칼로리가 10이며, 시장 선도 음료들은 칼로리가 70입니다.","Crystal Light 퓨어 천연 향 복숭아 아이스 티 파우더 드링크 믹스는 어디에서나 즐길 수 있는 맛있는 과일 음료입니다. Crystal Light 퓨어는 인공 감미료, 향료 또는 방부제가 함유되어 있지 않으며 시장을 선도하는 다른 음료들보다 칼로리가 90% 적습니다. (이 제품은 칼로리가 10이며, 다른 선도 음료들은 칼로리가 70입니다). 그렇기 때문에 여러분이 마시는 음료에 대해 걱정하실 필요가 없으며, 맛과 칼로리 사이에서 고민하시지 않아도 됩니다. 개별 피처 팩 5개가 있는 통에는 양을 재지 않고도 쉽게 섞을 수 있도록 미리 소분되어있으므로 언제든지 Crystal Light 퓨어 한 잔을 즐길 수 있습니다. 아이스 티 패킷을 1.8L(2쿼트) 용량의 큰 물통에 부어주고 저어주기만 하면 그 맛을 즐기실 수 있습니다! 모든 맛을 즐길 수 있고, 인공 감미료, 향료, 방부제가 들어있지 않습니다. 여러분이 원하대로 바로 그렇게 준비했습니다.","['칼로리', '음료', '맛', '퓨어', '티', '아이스', '피처', '선도', '복숭아', '향료']"
식음료,음료,차,,B0D4Q5HQ9S,"Tea PI 아이스 티 - 홍차, 레몬 스위트 아이스 과일 티 병, 리얼 주스, -500mL, 15팩",茶π,40151,40151,3.5,25.0,【다양한 맛】Tea PI 아이스 프루트 티는 다양한 맛을 제공하여 다양한 입맛을 만족시키는 다양한 옵션을 즐길 수 있습니다. 【진짜 과일 주스 및 차 추출】순수한 잎으로 추출하고 진짜 과일 주스로 단맛을 낸 레몬이 함유된 홍차는 상쾌하고 진정한 맛의 경험을 제공합니다. 【멸균 생산】병에 든 아이스 과일 차에 오염 물질이 없음을 보장하기 위해 멸균 환경에서 생산됩니다. 【환경 친화적인 패키지】각 달콤한 차는 독특한 미적 디자인의 재활용 가능한 반투명 플라스틱 병에 포장되어 있습니다. 【실제 성분】색상과 방부제가 첨가되지 않았습니다. 모든 연령대에 적합한 자연스럽고 건강한 과일 맛 차 음료입니다.,,"['과일', '아이스', '맛', '주스', '차', '티', '홍차', '멸균', '진짜', '환경']"
식음료,음료,차,,B076HDD2C3,California Dieters' Drink Extra Strength 티 (20개입 박스 팩),AZZUTORK,16204,16204,4.6,2357.0,박스 2개 팩 (박스당 티백 20개) 카페인 프리 허브 티 식사 전후에 즐기세요 건강한 식단 요법 지원,"끓는 물 한 잔에 티백 1개를 5분 동안 우려내십시오. 따뜻한 물을 마시고, 식사 후 꿀을 첨가하여 맛을 달콤하게 만들 수 있습니다. 체중 유지를 위해 하루에 한 컵을 권장합니다. 과체중을 가진 분들은 하루에 두 컵을 권장합니다. 하루에 2컵 이상을 섭취하지 마십시오.","['박스', '컵', '하루', '티백', '티', '권장', '식사', '물', '허브', '건강하다']"
식음료,음료,차,,B0D3ZQLD6J,"OSULLOC Honey Pear 콜드 브루 티, 한국 배 및 꿀 맛 아이스 티 (20개, 49.9g(1.75온스)",Osulloc,24916,24916,4.3,92.0,"여름 필수품 : 콜드 브루 포뮬러로 달콤한 꿀과 배 맛의 아이스티를 빠르게 즐기세요. 이동 중에도 쉽게 수분을 공급할 수 있습니다. 풍부한 시음 노트: 달콤한 배와 벨벳 같은 꿀 사이의 섬세한 조화를 즐기고, 장인이 만든 아이스 티 경험의 본질을 포착하는 세련된 맛을 위해 신중하게 균형을 잡습니다. 스틱 타입 티백: 10개의 이중 파우치에 편리하게 포장된 티스틱은 신선함을 더 오래 유지하여 음료를 쉽게 향상시킵니다. 우수한 맛을 위한 향상된 서빙 사이즈: 패킷 당 25% 더 많은 차로 시그니처 OSULLOC 품질을 증폭시키는 더 풍부하고 맛있는 음료에 빠져보세요. 나만의 시그니처 여름 음료 만들기: 과일, 주스 또는 소다와 혼합하여 취향에 맞는 맞춤형 레시피를 만들고 나만의 독특하고 신나는 여름 음료를 즐기세요.",,"['맛', '음료', '여름', '꿀', '티', '브루', '아이스', '향상', '풍부하다', '달콤하다']"
식음료,음료,차,,B09ZBL76Z3,"Lipton 아이스 티 믹스, 무설탕 Southernn 스위트 티, 28쿼트 만들기, 230ml(8.5온스) 1팩",Lipton,44306,44306,4.2,232.0,"제품 구성 - 카페인과 단맛을 낸 Lipton Zero Sugar Southern Sweet 아이스 티 파우더 믹스로 달콤하고 남부 맛을 선사합니다. 팩당 28쿼트, 총 1팩 맛있는 Lipton 맛 - 설탕을 첨가하지 않고 상쾌한 달콤함이 혼합된 Lipton 차를 즐겨보세요. 일 년 내내 맛이 좋은 남부 스위트 아이스티를 만들 수 있습니다 Lipton 와 함께 일어나세요 - 이 Lipton 차는 카페인이 함유되어 있어 아침이나 부스트가 필요할 때 집에서 편안하게 카페 경험을 즐길 수 있습니다 쉬운 만들기 - 유리잔이나 피처에 Lipton Zero Sugar Southern Sweet 아이스 티 믹스를 라벨의 비율에 따라 찬물과 결합하십시오. 얼음을 넣고 아이스티로 서빙하세요 신뢰할 수 있는 회사 - Lipton 는 영국계 미국 차 브랜드입니다. Thomas Lipton 경이 1890년에 이 회사를 설립한 이래로 수세기 동안 신뢰할 수 있는 회사로 부드러운 맛과 좋은 맛을 제공합니다","무설탕, 100% 훌륭한 맛. Lipton 전문가들은 여러분과 가족을 위해 가장 상쾌하고 맛있는 남부 스위트 아이스티를 만들기 위해 클래식한 남부 레시피에서 영감을 얻은 맛있는 무설탕 Lipton 아이스 티 믹스를 만들었습니다. 남부 스위트 티 레시피는 대대로 이어져 왔습니다. 당사의 아이스 티 믹스는 진짜 찻잎으로 만들어졌으며 설탕이 전혀 없는 맛있는 남부의 달콤한 맛을 가지고 있습니다. 재밀봉 가능한 각 통은 28쿼트의 가당 아이스티를 만듭니다. 차가운 물에 아이스 티 믹스를 넣고 저어주고 몇 초 안에 훌륭한 맛을 즐기세요. 당사의 아이스 티 믹스는 유리잔이나 피처를 만들기 위해 맞춤 설정할 수 있습니다! Lipton Zero Sugar Southern Sweet 아이스 티 믹스는 하루 중 언제든지 완벽한 차가운 음료이며 모든 식사에 맛있고 상쾌한 추가 아이템입니다. Lipton은 품질에 대해 절대 타협하지 않습니다. Lipton 차를 즐길 수 있는 다양한 방법을 시도해 보세요.","['티', '아이스', '맛', '믹스', '남부', '맛있다', '설탕', '만들기', '스위트', '아이스티']"
식음료,음료,차,,B0CTL22WGQ,"Lipton 홍차 복숭아 망고, 피라미드 티백, 상쾌한 차 한 잔을 위한 향 티백, 티백 총 80개(20개입 - 4팩)",Lipton,24639,24639,4.5,74.0,"LIPTON 홍차 복숭아 망고: 홍차의 고급스러운 블렌드, 즙이 많은 그리스 복숭아 조각으로 높이고, 햇볕에 흠뻑 젖은 망고의 맛을 보완하여 순간을 즐겁게 합니다 완벽한 맛 방출: 각 피라미드 티백은 아로마와 맛을 완벽하게 주입하고 방출하여 감각을 즐겁게 합니다 사람과 지구 지원: Lipton 홍차 복숭아 망고는 열대우림 동맹 인증을 받은 차로 만들어졌으며 저희 티백은 식물 기반 제품입니다 간편한 만들기: 티백 1개에 갓 끓인 물을 넣고 3~4분 동안 주입하면 완벽한 차 한 잔을 즐길 수 있습니다 발견의 여정: 전 세계의 유명한 원산지에서 온 최고급 홍차를 발견하고 실제 과일 조각과 맛을 혼합하여 감각적인 여행을 즐기세요 다른 상징적인 맛을 즐기세요: Lipton English Breakfast 홍차, Lipton Lemon 홍차, Lipton 바닐라 캐러멜 홍차를 포함한 다른 맛의 차 품종을 사용해보세요","새로운 Lipton 홍차 복숭아 망고로 흥분과 발견으로 가득 찬 여행을 시작하고 즙이 많은 그리스 복숭아와 햇볕에 흠뻑 젖은 망고로 부드럽고 맛있는 홍차를 만들어 평온한 즐거움을 느껴보세요. 당사의 차는 열대우림 동맹 인증을 받았으며 모든 성분은 섬세한 아로마 향을 분산시키기 위해 제작되었습니다. 또한, 당사의 차와 재료는 순수한 기쁨의 순간을 위해 신중하게 선택된 전 세계의 유명한 원산지에서 공급됩니다. Lipton 홍차 복숭아 망고는 피라미드 티백에 담겨 제공되어 완벽한 주입과 최고의 감각 경험을 제공합니다. 프리미엄 및 지속 가능한 포장으로 티백은 식물 기반이며 상자는 재활용 가능합니다. 또한 쉽게 추출할 수 있는 독특한 홍차를 즐기면서 카페인 픽스(31-45mg)을 얻을 수 있습니다. 티백 1개에 갓 끓인 물을 넣고 3~4분 동안 주입하면 독특하고 활기차고 상쾌한 차 한 잔을 즐길 준비를 하세요!","['홍차', '티백', '복숭아', '망고', '맛', '차', '주입', '완벽하다', '발견', '피라미드']"
식음료,음료,차,,B0799ST399,"The Republic of Tea 유기농 강황 싱글 시프, 인스턴트 강황 허브 티 (1인용 패킷 14개)",The Republic of Tea,30456,30456,4.1,404.0,프리미엄 티,,"['티', '강황', '허브', '프리미엄', '패킷', '인용', '인스턴트', '유기농', '싱글', '시프']"
식음료,음료,차,,B0CMVN1FDW,"Prince of Peace 인스턴트 진저 허니 크리스탈 모음, 30봉지 - 목을 진정시키는 인스턴트 뜨겁거나 차가운 음료 - 쉽게 추출 - 차처럼 음료 - 글루텐 프리 - 진짜 생강",Prince Of Peace,17437,17437,4.5,82.0,"생강 + 꿀 + 모듬. Prince Of Peace 레몬, 강황, 말차와 인스턴트 생강 허니 크리스탈의 특별한 독점 블렌드로 생강, 강황 및 꿀의 모든 천연 위장 진정 효과를 제공합니다",,"['생강', '인스턴트', '음료', '진정', '꿀', '허니', '강황', '크리스탈', '차갑다', '목']"
식음료,음료,차,,B0CYR4M74N,Waka 프리미엄 인스턴트 티 — 클래식 농축 녹차 파우더 — 설탕 첨가 및 무가당 — 100% 찻잎 — 뜨거운 차 또는 아이스 티용 127.6g(4.5온스) 벌크 백,Waka Coffee,19376,19376,4.2,2542.0,"프리미엄 티 파우더: 100% 프리미엄 녹차 잎으로 제작되었습니다. 맛있는 뜨거운 차 또는 아이스 티 한 잔을 만들기 위해 약간의 파우더만 있으면 됩니다. 첨가물 없는 순수 차: 당사의 녹차 파우더는 무가당 제품이며 인공 색소, 캐리어 또는 필러를 사용하지 않고 만들어졌습니다. 단 하나의 성분만 포함되어 있습니다: 고품질 그린 인스턴트 티 맛있는 차 믹스: 씁쓸하고 흙 같은 향이 나는 와카의 클래식 녹차를 경험하십시오. 그대로 즐기거나 원하는 대로 설탕이나 꿀을 추가하세요. 수제 아이스티, 스무디, 차 등을 위한 완벽한 솔루션입니다. 서빙 크기를 조정하여 취향에 맞게 더 강하고 가벼운 브루를 만들 수 있습니다. 쉬운 만들기: 우려내거나 추출할 필요가 없습니다. 고품질 인스턴트 차를 컵이나 머그잔에 붓고 물을 넣고 저어주고 즐기세요. 티 파우더는 몇 초 만에 물에 녹습니다. 젖은 티백과 작별 인사를 하고 낭비를 줄입니다. 절약: 프리미엄 인스턴트 티는 편리한 지퍼가 달린 재밀봉 가능한 가방에 포장되어 보관 시 인스턴트 차를 절약할 수 있습니다. 머그잔당 권장량의 인스턴트 차 약 200인분(1/4티스푼)이 포함되어 있습니다. 캘리포니아에서 포장",,"['차', '티', '인스턴트', '파우더', '녹차', '프리미엄', '물', '첨가', '무가당', '머그잔']"
식음료,음료,차,,B0DBMSYDYR,"일회용 나무 젓개 번들 - 14cm - 창백하고 서던 스위트 티 아이스 티 드링크 믹스 22개 패밀리 사이즈 티백 907g, 2팩",westlake art,18946,18946,,,세트 키트 Southern Sweet Tea 아이스 티 드링크 믹스 서던 스위트 티 아이스티,"일회용 나무 젓개 번들 - 14cm - 창백하고 서던 스위트 티 아이스 티 드링크 믹스 22 패밀리 사이즈 티백 907g, - 2개 팩","['티', '아이스', '스위트', '믹스', '링크', '패밀리', '티백', '창백하다', '일회용', '가족']"
식음료,음료,차,,B0CX1L2668,"TEAZEN 그린 만다린 라임 콤부차 차, 무설탕, 한국의 스파클링 발효 파우더 믹스 음료, 라이브 프로바이오틱스 및 프리바이오틱스, 스틱 30개, 150g(5.3온스) (그린 만다린 라임)",TEAZEN,47076,47076,4.5,347.0,"한국 No.1 콤부차 브랜드, TEAZEN! 한국 최초의 콤부차 파우더 티인 TEAZEN 콤부차는 전 세계적으로 판매되는 4억 개의 스틱을 능가하는 사랑받는 음료가 되었습니다. 적절한 양의 거품으로 한 모금 마실 때마다 즐거움을 제공하며, 상쾌한 과일 향은 모두가 맛있는 콤부차를 즐길 수 있도록 도와줍니다. 그린 만다린 & 라임 맛: 톡 쏘는 제주 그린 만다린과 햇볕에 쬐인 이탈리아 라임의 상쾌한 조화를 경험하세요! 풍미있는 신선함과 신나는 마무리를 즐기세요. TEAZEN 콤부차 그린 만다린 & 라임 맛에는 나린진이 포함되어 있습니다. 휴대용 및 용해성: 휴대용 패킷 타입 콤부차 파우더 제품은 용기가 부서지거나 깨지거나 새는 것에 대해 걱정할 필요가 없습니다. 언제 어디서나 운동, 사무실 또는 학교에서 쉽고 가볍게 즐기세요. TEAZEN Kombucha 패킷 1개를 찬물에 넣으세요(약 8.5온스 또는 250ml). TEAZEN Kombucha는 3초 안에 녹습니다. 콤부차를 마시는 습관에 쉽게 들어갈 수 있어 매우 간단하고 편리합니다. TEAZEN 스틱당 15kcal에 불과한 콤부차는 무설탕, 알코올 프리 프로바이오틱 차입니다. 프리바이오틱스와 프로바이오틱스를 모두 함유하고 있으며 카페인 함량이 낮아 모든 사람이 즐길 수 있습니다. TEAZEN Kombucha는 탄산 음료와 커피를 위한 더 나은 선택을 제공하여 갈증을 해소하기에 적합합니다. 생일, 발렌타인 데이, 어머니의 날, 크리스마스와 같은 특별한 날에 사랑하는 사람에게 TEAZEN Kombucha를 선물하거나 과일과 탄산수가 섞인 멋진 무알코올 파티 음료로 즐기세요!",,"['콤부차', '만다린', '라임', '그린', '음료', '스틱', '한국', '파우더', '사람']"
식음료,음료,차,,B0D2YFS7V5,"California Dieter's Drink 엑스트라 스트렝스 티, Paradise Beach 20개 (6개 팩) 총 120개",Paradise Beach,33974,33974,,,"Paradise Beach California Dieter's Drink 엑스트라 스트렝스 티, 20개 (6개 팩) 차 종류: 블랙 카페인 함량: 카페인 무첨가 전문: Dieters는 Extra Strength 음료 용기 유형: 박스 맛: 천연 차 제품 형태: 티백","Paradise Beach California Dieter's Drink 엑스트라 스트렝스 티, 20개 (6개 팩)","['티', '스트렝스', '엑스트라', '카페인', '차', '형태', '음료', '박스', '블랙', '용기']"
식음료,음료,차,,B0D8C1683H,"Wellbee 유기농 일본 말차 녹차 파우더 - 라떼, 스무디, 아이스 또는 뜨거운 음료 및 디저트용 프리미엄 블렌드 (100g(3.4온스)",Wellbee,30456,30456,5.0,2.0,"자연스러운 빛을 받아들이세요: 인증된 유기농 말차는 건강한 라이프 스타일과 빛나는 피부를 지원하기 위해 항산화 물질이 함유되어 있습니다. 지속적인 에너지 부스트: 불안감을 버리세요! 충돌 없이 자연스러운 에너지를 즐기세요. 활동적인 삶을 따라가기에 완벽합니다. 죄책감 없는 탐닉: 단 음료와 인공 음료는 건너뛰세요. Wellbee Matcha는 웰빙 목표를 손상시키지 않으면서 활력을 느낄 수 있는 맛있는 방법입니다. 브런치에 어울리는 의식: 활기찬 말차 한 잔으로 하루를 시작하세요. 소녀들과 브런치를 위한 완벽한 대화 시작입니다. 무한한 가능성 만들기: Wellbee 말차를 뜨겁거나 아이스로 즐기거나, 라떼, 스무디 또는 구운 식품으로 즐기실 수 있습니다. 가능성은 무한합니다!",,"['말차', '음료', '시작', '뜨겁다', '라떼', '무한', '브런치', '스무디', '아이스', '에너지']"
식음료,음료,차,,B0D3CX2Y7H,"Traditional Medicinals 차, 유기농 스피어민트, 일상의 웰빙, 건강 및 상쾌함 지원 - 티백 48개",Traditional Medicinals,27104,27104,4.7,502.0,"허브 파워: 건강하고 상쾌한 음료 맛: 향기로운, 민트와 달콤함 포뮬러: 삶의 질을 향상시키기 위해 노력하는 이집트의 유기농 농부들이 부분적으로 공급한 이 젊어지고 뚜렷한 스피어민트 차로 정신을 상쾌하게 하고 활기를 불어넣으세요. USDA 인증 유기농, GMO 프리 인증, 코셔, 카페인 프리, 퇴비화 가능한 티백, 약초제 배합 지속 가능성: 미국 최초의 태양열 및 TRUE Zero Waste 인증 차 공장. 인증된 B-corp로서 환경, 사회 및 경제적 영향을 우선순위를 정하고 측정합니다. 티백 48개가 들어 있는 박스 1개",음식과 바디 케어 제품에 시간이 지남에 따라 사용되는 스피어민트는 정신을 상쾌하게 하고 활기를 불어넣는 것으로 알려져 있습니다. 삶의 질을 향상시키기 위해 노력하는 이집트의 유기농 농부들이 부분적으로 공급한 이 젊어지고 뚜렷한 스피어민트 차로 안팎을 상쾌하게 만드세요.,"['민트', '상쾌하다', '유기농', '스피어', '인증', '티백', '차', '공급', '노력', '농부']"
식음료,음료,차,,B0D1ZD5949,"TAZO 아이스 패션 프루트 티 농축액, 허브 티 농축액, 일상적인 인스턴트 차, 모테일 또는 가정용 보바 주스 티에 사용하기 쉬운 차이 티, 핫 또는 아이스 티, 946.4ml(32온스) 티 믹스 카톤 (2팩)",TAZO,20761,28226,3.9,53.0,"패션 프루트 맛, 히비스커스 꽃, 오렌지 껍질, 로즈힙 및 계피 향신료로 가득한 맛있는 블렌드. 이 허브 티 농축액은 대담한 맛으로 감각을 자극합니다. TAZO 아이스 패션 상자를 먼저 흔들어주세요. TAZO 아이스 패션 프루트 맛 차를 물과 같은 비율로 섞어 얼음 위에 붓기만 하면 됩니다. 이 아이스티는 더운 날 시원하게 하는 가장 맛있는 방법입니다 상쾌하고 대담한 TAZO 아이스 패션 프루트 티 농축액은 차가운 음료로 가장 잘 즐길 수 있습니다. TAZO Iced Passion은 어떤 날씨에도 좋지만 이 향이 나는 차는 특히 여름 더위에 상쾌합니다 TAZO 아이스 열정에는 카페인이 포함되어 있지 않습니다. 이 디카페인 차를 낮이나 밤에 언제든지 마시면 맛있고 상쾌한 경험을 할 수 있습니다. 한 모금 마시고 순간을 즐기세요. 과일 향이 당신의 갈망을 만족시키도록 하세요. 오렌지 껍질로 장식하고 상쾌한 아이스티나 목테일로 즐기세요. 이 과일 차 농축액은 한 잔의 천국입니다 저희는 TAZO 음료의 품질에 열정을 가지고 있습니다. TAZO Iced Passion은 취향과 편리함을 위해 미리 단맛을 냈습니다. 이 허브 티 농축액의 신선한 열대 맛 조합이 마음에 드셨기를 바랍니다","TAZO Iced Passion은 패션 프루트 티 맛, 히비스커스 꽃, 오렌지 껍질, 로즈힙 및 계피 향신료와 함께 달콤한 차를 혼합한 맛있는 허브 티 농축액입니다. 신선함을 더하기 위해 TAZO 아이스 패션 프루트 맛 차를 오렌지나 딸기와 같은 신선한 과일 조각으로 장식하는 것을 고려하세요. TAZO Iced Passion을 동일한 비율의 물과 섞어 얼음 위에 붓기만 하면 상쾌한 아이스티로 즐기세요. 언제든지 인스턴트 맛의 차를 즐기세요. TAZO Iced Passion은 카페인이 없으므로 취침 시간에도 카페인이 없는 차를 상쾌하게 만듭니다. 훌륭한 맛과 대담한 맛으로 TAZO 아이스 열정을 즐기세요. TAZO 는 #1 차 농축액 브랜드입니다. * *NielsenIQ가 NielsenIQ 표준 제품 계층에 따른 총 US x 기타 모든 클럽 채널에 대해 2024년 2월 24일까지 끝나는 최근 52주 동안 농축액 하위 카테고리 CIND를 통해 NielsenIQ가 보고한 단위 판매 데이터를 기반으로 한 립톤 차 및 주입 계산. Copyright 2024, Nielsen Consumer LLC.","['티', '차', '농축액', '맛', '아이스', '패션후르츠', '상쾌하다', '허브', '맛있다']"
식음료,음료,차,,B0D1Z2BYGP,"TAZO 유기농 차이 라떼, 홍차 농축액, 일상적인 라떼를 위한 서빙이 쉬운 차이티, 핫 또는 아이스 티 및 목테일, 946.4ml(32온스) 티 믹스 카톤 (2팩)",TAZO,28184,28184,4.8,44.0,"대담하고 튼튼한 맛 - 차이 티 농축액 TAZO 유기농 차이 라떼는 대담한 홍차와 계피, 카다몬, 생강, 후추의 풍부하고 향기로운 향을 장인 정신으로 혼합한 차이 티 믹스입니다 흔들어 - 서빙하려면 TAZO Chai 농축액을 우유 또는 우유 대체품과 혼합하고 스토브 또는 전자레인지에서 가열하거나 얼음 위에 똑바로 부어 상쾌한 아이스 라떼를 만들 수 있습니다. 용기 당 5인분을 만들 수 있습니다 부스트 - TAZO 유기농 차이 라떼 농축 차 액체는 홍차로 구성되어 있으며 하루 종일 섭취하는 데 도움이 되는 61mg 이상의 액체 카페인을 제공하므로 즉각적인 아침 식사 음료 또는 언제든지 픽업할 수 있습니다 언제든지 완벽한 제품 - 대담한 유기농 차이 라떼로 아침을 시작하거나 차이 티 목테일로 하루를 마무리하세요. TAZO 유기농 차이 티는 언제든지 차를 마실 수 있습니다 차에 대한 열정 - TAZO 유기농 차이 라떼 차 농축액은 USDA 유기농 및 GMO 프리 차 농축액으로 타협 없이 즐거운 차 음료를 제공합니다","TAZO 유기농 차이 라떼는 저희 컬렉션의 가장 강력한 블렌드로, 견고한 홍차와 예술적으로 혼합된 향신료를 완벽하게 결합했습니다. TAZO 유기농 차이 라떼는 계피, 카다몬, 생강, 후추의 풍부한 노트가 혼합된 대담한 홍차입니다. TAZO 유기농 차이 라떼 농축액은 서빙하고 즐기기 쉽습니다. 차이 농축액 상자를 흔들어 원하는 우유 또는 우유 대체품과 동일하게 섞기만 하면 됩니다. TAZO 유기농 차이 라떼는 1회 제공량당 61mg 이상의 카페인을 함유하고 있어 완벽한 선택입니다. 뜨거운 차와 아이스 티를 원하십니까? 원하는 대로 즐길 수 있습니다! 뜨겁게 서빙하려면 스토브나 전자레인지에서 혼합 유기농 차를 가열하기만 하면 됩니다. 차갑게 서빙하려면 혼합물을 얼음 위에 붓기만 하면 됩니다. 지금 차이가 필요할 때 이 농축 차 상자를 구입하세요! TAZO 는 #1 차 농축액 브랜드입니다. (1) (1) NielsenIQ가 미국 립톤 티 & 인퓨전(Synd)를 통해 보고한 단위 판매 데이터를 기반으로 한 립톤 티 및 주입 계산. NielsenIQ 표준 제품 계층에 따른 Total US x All Other Club 채널의 경우 2024년 2월 24일까지 끝나는 최근 52주 동안의 농축액 하위 카테고리 TAZO 용. Copyright 2024, Nielsen Consumer LLC.","['차이', '유기농', '라떼', '차', '티', '농축액', '혼합', '홍차', '서빙', '대담하다']"
식음료,음료,차,,B0CZSGQMR7,"Traditionals 약용 유기농 임신, 라즈베리 잎, 건강한 임신 지원, (1팩) - 티백 16개",Generic,13836,13836,4.2,6.0,임신차 - 1팩,"Traditionals 약용 유기농 임신, 라즈베리 잎, 건강한 임신 지원, (1팩) - 티백 16개","['임신', '티백', '잎', '유기농', '약용', '라즈베리', '건강하다', '차']"
식음료,음료,차,,B0D2ZTP7FC,"Evergreen Leaves Extra Strength California Dieters' Drink, 허브 다이어트 티 - 카페인 프리, 센나 강화, 20팩",Evergreen Leaves,11066,11066,,,천연 클렌징: 이 허브 티는 센나 잎과 기타 천연 성분을 혼합하여 소화 건강과 규칙성을 부드럽게 지원합니다. 고대 왕실 포뮬러: 한때 왕족을 위해 예약된 고대 중국 포뮬러를 사용하여 제작된 이 차는 내부에서 외부로 전반적인 건강을 촉진합니다. 상쾌한 맛: 가볍고 상쾌한 맛으로 카페인 프리 허브 티는 하루 중 언제든지 만족스럽고 맛있습니다. 환불 보장: 100% 환불 만족 보장으로 이 차를 안심하고 사용해 볼 수 있으므로 항상 훌륭한 가치를 누릴 수 있습니다. 20인분: 각 팩에는 20개의 티백이 포함되어 있어 시스템을 정화하거나 정기적으로 즐길 수 있습니다.,Evergreen Leaves Brand California Dieters' Drink는 고대 중국 왕족 포뮬러에서 영감을 얻은 상쾌한 허브 티입니다. 센나 잎을 포함한 천연 성분으로 제작된 이 차는 소화 건강과 웰빙을 지원하는 동시에 자연스러운 클렌징과 규칙성을 촉진합니다. 각 팩에는 총 20개의 티백이 포함되어 있어 이동 중에도 쉽게 우려낼 수 있습니다. 카페인 프리 음료인 이 허브 티는 독한 화학 물질이나 첨가제 없이 시스템을 정화하는 만족스럽지만 부드러운 방법을 제공합니다. 남성과 여성에게 적합한 California Dieters' 티는 1회 제공량마다 즐거운 맛을 제공합니다.,"['티', '허브', '천연', '상쾌하다', '프리', '맛', '고대', '카페인', '포뮬러', '건강']"
식음료,음료,차,,B0D3WLN63F,"Snapple Fruit Punch 주스 음료, 473.2ml(16온스) 재활용 플라스틱 병, 12개 팩",Snapple,27464,27464,4.7,1926.0,"맛: Snapple 과일 펀치 주스 음료는 오렌지, 파인애플, 포도 및 사과를 완벽하게 혼합하는 과일 맛의 폭발입니다. SNAPPLE 주스 음료: Snapple 과일 펀치는 10% 진짜 주스를 함유하고 있습니다. 품질: 당사의 차, 과일 음료 및 레모네이드는 항상 고품질 재료로 만들어집니다. 천연 성분: Snapple 과일 펀치는 인공 향료나 감미료가 없는 천연 제품입니다. 100% 재활용: 당사의 473.2ml 및 591.5ml(16온스) 병은 재활용 가능하며 100% 재활용 플라스틱으로 만들어졌습니다(캡과 라벨 제외).","Snapple 과일 펀치는 오렌지, 파인애플, 포도 및 사과를 완벽하게 혼합하는 과일 맛의 폭발입니다. 이제 싸울 가치가 있는 맛있는 맛입니다. 자신에게 풍미를 더하세요! Snapple 과일 펀치는 천연 글루텐 프리 제품으로 10% 진짜 주스로 만들어졌으며 인공 향료나 감미료가 포함되어 있지 않습니다. 더 좋은 점은 473.2ml(16온스) 및 591.5ml(20온스) 병은 재활용 가능하며 캡과 라벨을 제외한 100% 재활용 플라스틱으로 제작되었습니다. Snapple 항상 맛을 선사합니다. 뉴욕 지역의 세 친구가 만든 작은 브랜드였을 때부터 저희가 해온 일입니다. 저희는 1973년에 헬스 클럽에 사과 주스를 판매하면서 시작했습니다. 그 이후로 당사는 80년대에 걸쳐 차, 과일 음료 및 레모네이드로 맛 포트폴리오를 확장했습니다. Snapple 는 90년대 초반에 전국에 갔고, 이제 30가지 이상의 맛과 전국 50개 주에서 저희를 찾을 수 있습니다. 그리고 더 많은 재미를 원하신다면 저희 모자 아래의 Snapple 'Real Facts'를 확인하는 것을 잊지 마세요!","['과일', '주스', '맛', '재활용', '음료', '펀치', '천연', '플라스틱', '사과', '제외']"
식음료,음료,차,,B0D5H86KQ2,Teazen 과일 맛 아이스티(수박),TEAZEN,17603,17603,4.3,31.0,과일 주스의 상쾌한 맛 - 신선하고 달콤한 과일 주스와 미묘한 홍차가 융합되어 더 깊고 풍부한 아이스 티 경험을 선사합니다 스틱 당 8kcal - 각 스틱에는 설탕이 첨가되지 않은 8칼로리만 포함되어 있어 칼로리에 대한 걱정 없이 동일한 기분 좋은 달콤함을 즐길 수 있습니다. 한 모금 마실 때마다 가볍고 상쾌한 시원함을 경험하십시오 프리미엄 우바 홍차 - 최적의 조건에서 스리랑카 고원에서 공급되는 프리미엄 우바 홍차로 조심스럽게 추출했습니다. 쓴맛을 최소화하면서 섬세한 향기를 보존하는 Teazen의 특별한 블랙 아이스티입니다 스틱 1개는 479.1g(16.9온스)의 물을 담을 수 있습니다 - 스틱 하나만으로도 479.1g(16.9온스) 물병의 맛을 향상시키기에 충분하여 맛있고 즐겁습니다 휴대용 패킷 - 차가운 물이나 얼음에 쉽게 녹을 수 있는 편리한 스틱 디자인으로 언제 어디서나 Teazen의 블랙 아이스티의 달콤함을 즐길 수 있습니다,,"['스틱', '과일', '홍차', '아이스티', '달콤하다', '맛', '칼로리', '프리미엄', '상쾌하다', '경험']"
식음료,음료,차,,B0D8119BP5,"FreshXify - 프리미엄 로즈마리 허브 티, 순수 로즈마리 허브 티, 100% 천연 건조 로즈마리 잎으로 제작, 글루텐 없음, 첨가제 없음, 카페인 없음, 비건 1.5g/백 (티백 40개)",FreshXify,13836,13836,4.7,20.0,"100% 천연 로즈마리 잎 티백: 저희 티백 ($0.28/1 티백)은 천연 로즈마리 잎으로 독점적으로 만들어졌으며 살충제나 제초제를 사용하지 않고 신중하게 선택되고 건조됩니다. 당사는 고객에게 최고 품질을 보장하기 위해 엄격한 국제 표준을 준수합니다. 자연 농장에서 컵에 이르기까지 최선을 다하고 있습니다. Frezee-Drying: 고급 동결 건조 기술을 사용하여 로즈마리 잎의 맛, 영양소 및 천연 에센셜 오일을 최대한 보존합니다. 이 과정은 유익한 화합물을 유지하는 데 도움이 되며 자연이 의도한 모든 건강상의 이점을 갖춘 신선하고 풍부한 차 한 잔을 제공합니다 수공예품, 첨가제 없음: 당사의 로즈마리 잎은 위생적인 환경에서 가공되고 재밀봉 가능한 백에 밀봉되어 유통 기한이 깁니다. 당사의 차는 무설탕, 카페인 프리, 글루텐 프리, 비건이며 인공 향료, 색소 또는 첨가제가 포함되어 있지 않습니다 생분해성 티백 - 종이 소재: 티백은 천연 종이로 만들어져 환경에 부드럽게 작용하면서 주입 과정을 향상시키도록 설계되었습니다. 줄 없음. 포장 없음. 스테이플 없음. 접착제 없음. 표백제 사용 금지. 염료 없음 - 100% 안전하고 완전 생분해성 쉽고 편리함: 각 티백에는 프리미엄 로즈마리 잎이 포함되어 있어 즐거운 맛을 제공합니다. 가방을 뜨거운 물에 4-6분 동안 담그고 달콤하게 맛을 내고 즐기세요. 품질에 대한 약속: 저희는 최고 품질의 제품을 제공하기 위해 최선을 다하고 있습니다. 로즈마리 잎 티백에 대해 질문이나 피드백이 있으시면 저희에게 연락하십시오. 당사는 귀하의 의견을 소중히 여기며 도움을 드리기 위해 여기에 있습니다.",,"['로즈마리', '티백', '잎', '천연', '건조', '맛', '첨가제', '환경', '최선', '비건']"
식음료,음료,차,,B0D2S4DZ7L,"Micro Ingredients 유기농 민들레 뿌리 티 파우더, 226.8g(8온스) | 퓨어 다크 로스트 민들레 보충제 | 차 및 음료에 적합 | 소화 및 면역 지원을 위한 허브 추출물 | 카페인 프리, GMO 프리",Micro Ingredients,27630,27630,,,"Micro Ingredients 생 유기농 민들레 뿌리 파우더를 제공합니다. 필수 비타민, 미네랄 및 항산화 물질의 영양이 풍부한 식물의 힘을 유지하는 고농축 뿌리 추출물. 각 파우치에는 226.8g(8온스)의 순수 유기농 민들레 뿌리 파우더가 포함되어 있어 227회 분량으로 오래 사용할 수 있습니다. 아침이나 밤의 티타임 루틴을 업그레이드하고 진정 효과가 있는 민들레 차를 만드세요. 카페인이 포함되어 있지 않은 생 맛을 즐길 수 있으며 좋아하는 커피나 스무디에 슈퍼푸드 부스트를 더할 수도 있습니다. 민들레 뿌리는 남성과 여성 모두에게 소화, 간 및 면역 건강을 지원하는 신뢰할 수 있는 허브 효과로 유명합니다. 콩, 유제품, 글루텐 및 견과류 없이 만든 프리미엄 GMO 프리 성분. 각 배치는 안전하고 순수하며 강력한 제품을 보장하기 위해 타사 실험실 테스트를 거칩니다.",,"['민들레', '뿌리', '프리', '파우더', '유기농', '추출', '면역', '허브', '소화', '차']"
식음료,음료,차,,B0D3PLVNN4,큐리그용 시나몬 애플 허브 티 티 포드 (16개) - 큐리그 디카페인 티 K 컵 - 티 포드로 하루를 시작하세요 - 큐리그 2.0 및 1.0용 허브 티 K 컵 호환 Gya Tea Co,Gya Tea Co,20761,20761,4.2,10.0,"차분한 의식을 위한 활기찬 블렌드. 편안한 시나몬 애플 허브 티는 중국산 과일, 허브 및 향신료를 부드럽게 주입한 허브티입니다. 이 시나몬 애플 허브 티 k 컵은 바삭하고 향기로운 맛으로 여러분을 만족시킵니다. 스파이시하고 달콤하며 톡 쏘는 맛. 역경의 순간에 편안함을 만드는 허브 티 인퓨전. 시나몬 애플 티를 마시며 바삭하고 매운 따뜻함으로 감각을 활기차게 만드세요. 뜨겁거나 차가운 계피 애플 티 포드를 대담하게 즐기세요. 맛있고 따뜻한 부활. 과일과 카페인이 함유되지 않은 시나몬 애플 티 포드는 따뜻하고 상쾌한 향을 가지고 있으며 매운 노트로 정신을 감싸고 들어 올립니다. 큐리그 제품군을 위한 허브 티 포드로 감각을 진정시키고 중심을 찾으십시오. 품질을 맛보세요. 큐리그용 k 컵 티는 전 세계에서 공급되는 엄선된 찻잎과 허브를 세심하게 혼합한 제품입니다. 큐리그를 위한 순수하고 건강에 좋은 티 k 컵은 대자연이 의도한 대로 한 모금씩 휴식을 취하세요. 쉬운 차 의식 가이드. 셀프 케어는 애플 시나몬 티와 함께 차에 적합하지 않습니다. 간단하고 지저분하지 않으며 모든 Keurig 기계와 호환되며 keurig용 k 컵 차에 적합합니다. 커피 한 개를 브루어에 넣고 '브루'를 누르고 한 모금 마시기만 하면 됩니다. 프리미엄 수확, 프리미엄 맛. Gya Tea Co' Keurig Tea K-Cups 티 포드는 keKeurig 콜드 브루 포드를 위해 천연 차와 허브를 소싱하고 따를 때 엄격한 기준을 정확하게 준수합니다. 여기에 불쾌감이 없습니다. 일상적인 의식을 위한 건강에 좋은 차 경험입니다.",,"['티', '허브', '애플', '포드', '시나몬', '컵', '차', '리그', '맛', '따뜻하다']"
식음료,음료,차,,B0CTKZP57L,"Lipton 허니 진저 녹차 티백, 카페인과 플라보노이드가 함유된 뜨거운 차 또는 아이스 티용 무가당 티백, 총 티백 120개(20개입 - 6팩)",Lipton,33156,33156,4.6,44.0,"제스티 생강 노트: Lipton 허니 진저 녹차의 부드럽고 풍미있는 맛을 다른 천연 맛과 함께 즐기세요 좋은 맛을 위한 2컵: 1회 제공량당 무가당 Lipton 허니 진저 녹차는 차, 채소 및 과일에서 발견되는 자연적으로 발생하는 생체 활성제인 플라보노이드를 약 75mg으로 함유하고 있습니다. 하루에 두 컵을 즐기면서 플라보노이드를 150mg으로 제공하세요 쉽게 만들고, 뜨겁게 또는 아이스: 뜨거운 녹차의 경우 티백 위에 236.6ml(82온스)의 뜨거운 물(100°C)을 붓고 4분 동안 주입한 후 제거하고 즐기세요. 아이스 녹차의 경우 4개의 티백에 473.2ml(162온스)의 뜨거운 물(100°F)을 넣고 4분 동안 주입하고 제거하고 한 모금 마시십시오 맛있는 차 한 잔: Lipton 허니 진저 녹차는 맛있고 매끄러우며 생강의 향과 꽃 꿀 향이 가득합니다 웰빙 루틴을 바꾸세요: Lipton 허니 진저 녹차의 각 서빙에는 플라보노이드, 0칼로리, 0g의 설탕이 포함되어 있으며 99.5%의 물이 포함되어 있습니다 책임감 있는 공급: Lipton 녹차는 사람과 자연이 함께 번성하는 세상을 믿기 때문에 열대우림 동맹 인증을 받았습니다. ra.org에서 자세히 알아보세요","Lipton 허니 진저 녹차의 부드럽고 풍미있는 맛을 다른 천연 맛과 함께 즐기세요. 열대우림 동맹 인증 녹차와 매운 생강과 꿀의 맛있는 조합인 이 Lipton 녹차는 식단에서 플라보노이드의 최고의 공급원 중 하나입니다. 플라보노이드는 차, 채소 및 과일에서 발견되는 자연적으로 발생하는 생체 활성제입니다. 무가당 Lipton 허니 진저 녹차 1회 제공량에는 플라보노이드 약 75mg, 칼로리 0g, 설탕 0g이 포함되어 있으며 99.5%의 물입니다. 허니 진저 그린티는 웰빙 루틴에 환상적인 추가 아이템이며 쉽게 추출할 수 있습니다. 부드러운 녹차 한 잔을 위해 좋아하는 머그잔에 담긴 Lipton 허니 진저 그린 티백 위에 236.6ml(8온스)의 뜨거운 물(100°C)을 붓고 4분 동안 주입하고 티백을 꺼내서 즐기세요. 피처에 담긴 디카페인 녹차 티백 4개 위에 473.2ml(160액량 온스)의 뜨거운 물(100°C)을 부어 아이스 녹차를 추출하고, 4분 동안 주입하고, 티백을 꺼내고, 얼음을 넣고, 시원하고 상쾌한 한 모금마다 기쁨을 찾으세요!","['녹차', '허니', '진저', '티백', '플라보노이드', '뜨겁다', '물', '맛', '주입', '아이스']"
식음료,음료,차,,B001CZHAPU,"Prince Of Peace 한국 인삼 인스턴트 티, 100 향 주머니 - 천연 레드 인삼 차 - 한국 인삼 추출물 - 뜨겁거나 차가운 추출 - 허브 중국 차 향 주머니 - 전반적인 건강 증진",Prince Of Peace,16052,16052,4.4,4829.0,"즐길 수 있도록 제작되었습니다. Prince of Peace의 한국 Panax 인삼 인스턴트 티는 음료를 즐길 수 있도록 신중하게 선택, 가공 및 포장되었습니다! 장점을 경험해 보세요. 홍삼 또는 인삼으로도 알려진 고려 인삼은 면역 체계와 에너지를 높이고 피로를 퇴치하며 건강한 혈액 순환을 촉진하며 스트레스를 줄이는 데 도움이 되는 천연 건강상의 이점으로 알려진 매우 소중한 허브로 간주됩니다. * 충전재 없음. 고려 인삼 인스턴트 티는 고려 인삼 추출물과 포도당으로 만들어져 일 년 내내 즐길 수 있는 간단하고 인스턴트 차입니다! 쉽게 추출할 수 있습니다. 한 봉지를 118.3ml(4온스)의 뜨거운 물에 녹이고 좋아하는 감미료로 달콤하게 만드세요! 아이스 티의 경우 1~56.7g(1~2온스)의 물에 한 봉지를 녹이고 잘 저어주고 찬물과 얼음으로 잔을 채웁니다. 고품질 제품. 1983년부터 Prince Of Peace 는 안전과 효능 테스트를 거친 고품질 제품을 제공하기 위해 최선을 다하고 있습니다.",오리지널 한국 인삼 뿌리로 만든 한국 인삼차입니다.,"['인삼', '한국', '인스턴트', '추출', '티', '물', '고려', '천연', '주머니', '뜨겁다']"
식음료,음료,차,,B0D1DBHCMC,"Teeccino 헤이즐넛 로스트 허브 티 - 카페인 프리, 프리바이오틱, 3배 더 많은 허브 - 태그 없는 친환경 티백 50개",Teeccino,27686,27686,4.7,1674.0,"리치 & 버터 허브 티 - 맛있는 저칼로리 디저트 티를 즐기거나 로스트 치커리, 골든 로스트 아몬드가 특징인 웨이크업 티를 즐기세요. 대추야자와 무화과의 달콤함이 살짝 느껴집니다. 친환경 티백: 스트링, 태그 또는 호일 오버랩이 없는 느슨한 티백은 폐기물을 줄이고 가치를 극대화합니다. 당사의 티백 용지는 퇴비화 가능하고 산소 표백이며 염료, 표백제 및 접착제가 없습니다. 3배 더 많은 허브 - Teeccino의 6g 티백은 표준 티백보다 3배 더 많은 허브를 담을 수 있어 컵의 건강을 극대화하는 이점을 높입니다. GMO 프리, 유기농 허브. 인공 향료, 화학 물질 또는 방부제가 없습니다. 천연 카페인 프리 - 각성제가 아닌 영양소에서 자연스러운 에너지 부스트를 경험하십시오. 낮이나 밤 언제든지 완벽합니다. 무설탕 Teeccino 제품은 온 가족을 위한 간식입니다. 장 건강을 위한 프리바이오틱스 - 치커리 뿌리의 이눌린은 프로바이오틱스에 영양을 공급하는 프리바이오틱 용해성 섬유입니다. 각 컵은 거의 400mg의 이눌린으로 좋은 소화를 지원합니다. 뜨거운 차 또는 아이스 티를 즐기세요 - 라떼 또는 카푸치노에 적합 - 뜨겁거나 거품이 있는 우유 / 비유제품 우유를 추가하세요. Chilled Teeccino 더운 여름날 상쾌한 차가운 음료를 만듭니다. 최대 일주일 동안 냉장 보관하고 재가열하거나 얼음 위에 붓습니다.",,"['허브', '티백', '티', '로스트', '프리', '극대', '눌린', '커리', '컵', '태그']"
식음료,음료,차,,B0D9HN6HGW,"The Republic of Tea - Pumpkin Pie 차이 허브 티, 티백 36개",The Republic of Tea,20761,20761,4.5,1545.0,호박 파이 차이,,"['차이', '호박', '허브', '파이', '티백', '티']"
식음료,음료,차,,B0D4Z1XJVN,"FreshDrinkUS, 프리미엄 75 로즈마리 잎 티백, 100% 천연 및 순수 로즈마리 말린 잎, 순수 로즈마리 허브 티, 첨가제 없음, 카페인 없음, 글루텐 없음, 비건",FRESHDRINKUS,24916,24916,4.6,592.0,"전체 천연 로즈마리 잎 티백: 100% 천연 로즈마리 말린 잎으로 제작되었습니다. 저희는 잎에 살충제나 제초제를 사용하지 않고 엄격한 국제 표준을 따릅니다. 고객에게 탁월한 품질을 보장합니다. 이것이 저희의 약속입니다. 자연 농장에서 컵까지! 갓 따서 자연 건조한 로즈마리 잎에서 추출한 최고의 로즈마리 잎: 최고의 로즈마리 잎은 적절한 시간에 따서 신선한 물로 씻고 햇볕에 말린 다음 맛과 독특한 아로마 효과를 보존하기 위해 신중하게 포장됩니다. 수제 생산 공정, 첨가물 없음: 당사의 로즈마리 잎은 위생적인 환경에서 가공된 다음 재밀봉 가능한 백에 포장되어 수명이 긴 제품을 만들고 고객의 안전과 제품 품질을 보장합니다. 무설탕, 카페인 프리, 글루텐 프리, 비건, 인공 향료 없음, 색소 무첨가. 생분해성 티백 - 천연 소재: 티백은 천연 옥수수 섬유로 만들어져 환경 친화적입니다. 줄 없음. 포장 없음. 스테이플 없음. 접착제 없음. 표백제 사용 금지. 염료 없음 - 100% 안전성. 쉽고 편리하게 차를 만들 수 있습니다: 각 로즈마리 잎 티백에는 훌륭한 로즈마리 잎이 포함되어 있어 사랑스러운 맛을 제공합니다. 티백을 뜨거운 물 한 컵에 넣고 컵을 덮고 5분 동안 기다리면 사랑스러운 차를 즐길 수 있습니다. 좋아하는 대로 달콤하게 만드세요. 만족 보장: 고객 만족을 최우선으로 합니다. 어떤 식으로든 고객의 기대에 미치지 못하는 경우 저희에게 알려주시면 바로 해결하겠습니다! 당사의 로즈마리 티백은 여러분과 가족을 위한 가장 스마트한 선택입니다.",,"['로즈마리', '잎', '티백', '천연', '물', '포장', '컵', '보장']"
식음료,음료,차,,B0CZ7PHGTF,"Lipton 홍차 바닐라 캐러멜, 피라미드 티백, 상쾌한 차 한 잔을 위한 향 티백, 총 80개의 티백 (20개입 - 4팩)",Lipton,24417,24417,4.1,52.0,"LIPTON 홍차 바닐라 캐러멜: 황금 캐러멜 플레이크와 매혹적인 마다가스카르 바닐라와 완벽하게 둥근 홍차의 풍부한 혼합 완벽한 맛 방출: 각 피라미드 티백은 아로마와 맛을 완벽하게 주입하고 방출하여 감각을 즐겁게 합니다 사람과 지구 지원: Lipton 홍차 잉글리시 브렉퍼스트는 열대우림 동맹 인증을 받은 차로 만들어졌으며 저희 티백은 식물 기반 제품입니다 간편한 만들기: 티백 1개에 갓 끓인 물을 넣고 3~4분 동안 주입하면 완벽한 차 한 잔을 즐길 수 있습니다 발견의 여정: 전 세계의 유명한 원산지에서 공급되고 감칠맛이 나는 맛과 재료가 혼합된 최고의 맛의 홍차 블렌드를 발견하여 감각적인 여행을 향상시킵니다 다른 상징적인 맛을 즐기세요: Lipton English Breakfast 홍차, Lipton Peach Mango 홍차, Lipton 레몬 홍차를 포함한 다른 맛의 차 품종을 사용해보세요",부드럽고 둥근 홍차 한 잔인 Lipton 홍차 바닐라 캐러멜로 흥미진진한 탐험의 여정을 시작하세요. 바닐라와 골든 벨벳 캐러멜 플레이크의 크리미한 맛과 짝을 이루어 기쁨의 순간을 위한 완벽한 제품입니다. 당사의 차는 열대우림 동맹 인증을 받았으며 모든 성분은 섬세한 아로마 향을 분산시키기 위해 제작되었습니다. 당사의 차와 재료는 순수한 기쁨의 순간을 위해 신중하게 선택된 전 세계의 유명한 원산지에서 공급됩니다. Lipton 홍차 바닐라 캐러멜은 피라미드 티백 형식으로 제공되어 완벽한 주입과 감각적 경험을 제공합니다. 프리미엄 및 지속 가능한 포장으로 티백은 식물 기반이며 상자는 재활용 가능합니다. 또한 쉽게 추출할 수 있는 독특한 홍차를 즐기면서 카페인 픽스(31-45mg)을 얻을 수 있습니다. 티백 1개에 갓 끓인 물을 넣고 3~4분 동안 주입하면 독특하고 활기차고 상쾌한 차 한 잔을 즐길 준비를 하세요!,"['홍차', '티백', '맛', '완벽하다', '캐러멜', '바닐라', '차', '주입', '피라미드', '감각']"
식음료,음료,차,,B00JK02HXE,Buddha Bubbles Boba 라벤더 보바/버블 티 드링크 믹스 파우더 (1kg / 2.2파운드),Buddha Bubbles Boba,33226,33226,4.2,20.0,라벤더 보바 / 버블 티 드링크 믹스 파우더 작성자: Buddha Bubbles Boba 무게: 1kg (2.2lbs) Eat Bubbles Boba...Be Happy. (c),"Buddha Bubbles Boba 라벤더 보바/버블 티 드링크 믹스 파우더 (1kg / 2.2파운드) 보바란 무엇입니까? 보바 또는 버블 티라고도 알려진 보바 티는 컵 바닥에 보바 또는 타피오카 진주로 알려진 타피오카를 포함하는 대만의 차 기반 음료입니다. 이 보바는 초대형 빨대를 통해 빨려 들어가며 젤리 곰처럼 쫄깃합니다. 언제 또는 누가 보바를 발명했는지는 확실하지 않지만, 1980년대 타이충 타이완이 어디에 있는지 알고 있습니다. 대부분의 보바/버블 티 레시피에는 과일이나 우유가 섞인 티 베이스가 포함되어 있습니다. 인기 있는 맛은 허니듀 멜론, 타로, 말차 녹차 라떼입니다. Boba는 가장 자주 차갑고 때로는 뜨겁게 제공되며 스무디처럼 혼합되거나 칵테일처럼 흔들 수 있습니다. 음료에는 수백 가지 변형이 있으며, 가장 인기 있는 보바/버블 티 음료는 타피오카 진주가 들어간 밀크티입니다. 보바의 변형도 있으며, 대부분 색상은 다크 브라운입니다. 보바는 매우 부드럽고 달콤한 맛을 가지고 있습니다. 일부 상점에서는 젤리라고도 불리는 향이 나는 젤라틴을 컵 바닥에 추가합니다. 최신 유형의 보바는 ""팝핑 보바""라고 불리며, 과일 맛 시럽으로 채워진 진주 크기의 비즈로 물었을 때 터집니다. Boba 상점이 전 세계에 등장하고 있습니다. 보바 음료 한 잔으로 평균 약 $6.00를 돌려받을 수 있습니다. 품질은 매장마다 다를 수 있지만 Buddha Bubbles Boba는 최고 품질뿐만 아니라 가장 놀라운 맛에 자부심을 느낍니다. 오늘 Boba를 먹고 미소를 지으세요.","['보바', '티', '버블', '맛', '음료', '링크', '라벤더', '파우더', '타피오카', '진주']"
식음료,음료,차,,B0CV62FTR5,"Traditional Medicinals 차, 유기농 스트레스 완화 면역, 강장제 포함, 일상 면역 지원, 영지 워밍 스파이스, 티백 16개",Traditional Medicinals,6883,6883,4.6,29.0,Traditional Medicinals,"Traditional Medicinals 차, 유기농 스트레스 완화 면역, 강장제, 일상 면역 지원, 영지 워밍 스파이스, 티백 16개","['면역', '티백', '차', '강장제', '일상', '유기농', '워밍', '완화', '영지', '스파이스']"
식음료,음료,차,,B0D2369NSG,"Twinings 얼 그레이 라벤더 티 2팩 - 카페인 홍차 블렌드, 개별 포장 티백, 각 20개",Twinings,17991,16606,4.7,1770.0,"클래식 트윈스 티의 현대적인 트위스트: 라벤더의 생생한 플로럴 노트가 주입된 클래식 얼 그레이 티의 즐거움을 경험하십시오. 균형 잡힌 차 블렌드: 이 활발하고 향기로운 블렌드는 전 세계 최고의 차 재배 지역에서 엄선된 홍차 잎으로 시작됩니다. 신선한 차: 각 티백에는 얼 그레이와 라벤더 차를 완벽하게 균형 있게 혼합하여 신선함을 위해 봉인되어 있어 매번 완벽한 카페인 차 한 잔을 제공합니다. 차 준비: 얼 그레이 라벤더 차 한 잔을 끓는 물에 3-5분 동안 담근 후 우유 유무에 관계없이 즐기세요. 상쾌한 아이스티를 위해 얼음 위에 붓기 전에 브루를 식히십시오. 원하는 대로 달콤하게 만드세요. 전통과 혁신의 시그니처 조화: Twinings 소비자가 한 번에 한 모금씩 기분이 좋고 잘 살기 위한 작은 조치를 취함으로써 소비자가 ""삶을 마시도록 격려합니다"".",,"['차', '얼그레이', '라벤더', '블렌드', '티', '클래식', '신선하다', '홍차', '소비자']"
식음료,음료,차,,B0DCTWKTT1,"KKOKDAM Kombucha Tea - 자몽 & 히비스커스 한국 차 - 유기농 콤부차 음료 프로바이오틱 지원, 저칼로리, 무설탕 콤부차 팩 - 콤부차 음료 팩 15개",KKOKDAM,27686,27686,,,인스턴트 유기농 콤부차: 빠르고 쉽게 섞을 수 있는 콤부차 가루로 콤부차의 모든 건강상의 이점을 누리세요. 편리하고 맛있는 콤부차 음료를 찾는 바쁜 라이프 스타일에 적합합니다. 절묘한 맛의 융합: 과일과 꽃 노트의 독특하고 상쾌한 혼합을 맛보며 콤부차 경험을 평범함을 뛰어넘습니다. 이 콤부차 무설탕 파우더는 새로운 형태로 즐거운 맛을 선사합니다. 죄책감 없는 웰빙: 이 무설탕 콤부차 파우더는 건강 목표를 염두에 두면서 훌륭한 맛을 즐길 수 있게 해줍니다. 콤부차 음료를 좋아하지만 더 가벼운 옵션을 원하는 사람들에게 적합합니다. 강력한 프로바이오틱 지원: Kombucha 음료 프로바이오틱 포뮬러는 신중하게 선택된 17가지 프로바이오틱 균주의 강력한 혼합으로 장 건강을 지원합니다. 소화 시스템에 영양을 공급하도록 설계된 신중하게 제작된 한국 차. 전체적인 내면의 아름다움: 꽃 추출물과 필수 비타민이 풍부한 콤부차 팩은 내면의 건강을 지원하고 내부에서 빛을 발산하도록 도와줍니다. 휴대용 콤부차의 장점을 좋아하는 사람들에게 이상적입니다,,"['콤부차', '음료', '건강', '프로바이오틱', '설탕', '맛']"
식음료,음료,차,,B0D3M31CH3,"Teaniru, 유기농 히비스커스 차 - 30개 | 혈압 저하 및 심장 건강 개선 | 비타민 C, 플라보노이드 및 미네랄 함유 | 취침 시간 추출 | USDA 유기농 인증",Teaniru,20761,20761,4.3,276.0,"항산화제의 파워하우스 - 이 강력한 히비스커스 홍차는 항산화 물질이 풍부하여 산화 스트레스로부터 몸을 보호하고 전반적인 건강을 증진하는 데 도움이 됩니다. 놀라운 혜택을 누리면서 상쾌한 맛에 빠져보세요! 혈압을 낮추고 심장 건강을 향상시킵니다. 히비스커스 차의 폴리페놀 함량은 혈압을 낮추고 심장 건강을 돕습니다. 히비스커스 차 한 모금은 건강을 유지합니다! 평화로운 밤을 위한 열대 블리스 - 미각에 춤추는 히비스커스 차의 열대 노트로 평화로운 밤의 휴식을 쉽게 즐기세요. 진정 효과가 있어 마음과 몸을 자연스럽게 편안하게 해줍니다. 친환경 피라미드 티백 30개 - 균일하게 맛을 낼 수 있는 친환경 피라미드 티백으로 죄책감 없이 빠져보세요. 스테이플 프리, 접착제 프리, 천연 및 생분해성 소재로 제작된 각 백은 맛을 손상시키지 않으면서 환경에 미치는 영향을 최소화합니다. USDA 유기농 인증 - 당사의 차는 인증된 농장에서만 유기농으로 공급됩니다. 사용된 성분에는 합성 살충제, 제초제, 비료 및 모든 종류의 GMO가 없습니다. 코셔 및 BRC 인증을 통해 진품과 품질 의 전형이 경험하고 있다는 것을 알고 모든 한 모금에 빠져보세요!","히비스커스 홍차를 소개합니다. 미뢰뿐만 아니라 심장 건강을 키우기 위해 제작된 즐거운 퓨전입니다. 신중하게 선별된 이 블렌드는 홍차의 대담한 풍부함과 히비스커스 꽃의 생생한 탱을 결합하여 맛볼 수 있는 맛의 교향곡을 만듭니다. 히비스커스 홍차의 상쾌한 신맛을 즐기고 한 모금마다 심장 건강한 라이프 스타일을 받아들이세요. 뜨겁거나 차갑게 즐기든, 이 상쾌한 블렌드는 한 번에 한 컵씩 웰빙을 우선시하는 부드러운 알림 역할을 합니다.","['히비스커스', '건강', '심장', '유기농', '맛', '차', '인증', '홍차', '상쾌하다', '혈압']"
식음료,음료,차,,B0CYFR8144,"Generic Sometime At Me 태국 허브 티 유기농 태국 천연 바이포 허브 믹스 태국 주방 허브 15개, 작은 티백 25개",Generic,55386,55386,,,"제품 설명: Baipho 허브 티는 천연 및 수제 혼합 허브 티 인증을 받은 프리미엄 품질의 유기농 허브 티입니다. 당사의 차는 전 세계 최고급 허브와 향신료로 만들어졌으며 독특하고 맛있는 경험을 제공하기 위해 전문적으로 혼합되었습니다. 당사의 허브 티는 카페인이 없으며 하루 중 언제든지 마실 수 있습니다. 건강상의 이점: 당사의 허브 티 블렌드는 많은 건강상의 이점으로 유명합니다. 강황, 정향, 스타아니스 파우더 등과 같은 성분으로 구성된 독특하고 일반적으로 사용되는 허브로 제작되었습니다. 품질과 신선도: Baipho 허브에서는 제품의 품질과 신선도를 우선시합니다. 당사의 허브 티는 최고 품질의 유기농 농장에서 신중하게 공급되며 천연 맛과 향을 보존하기 위해 전통적인 방법으로 가공됩니다. 저희 차는 친환경 포장으로 포장되어 집 앞까지 신선하고 향기로운 상태를 유지합니다. 추출 방법: 차를 만들려면 물을 끓여서 1~2분 동안 식히기만 하면 됩니다. 최상의 결과를 얻으려면 먼저 컵에 차 한 잔을 3-5분 동안 우려주세요. 건강한 라이프 스타일의 일환으로 이 차를 정기적으로 마시는 것이 좋습니다. 1개의 제품에는 5팩 = 25개의 작은 티백이 있습니다","태국에서 유래한 바이포 허브 허브 티는 아시아 지역에서 자연적으로 공급됩니다. 15가지 종류의 허브를 함께 혼합했습니다. 각 유형의 허브에는 장점이 있습니다. 보석 덩굴 파우더, 블랙 갈린게일 파우더, 강황 파우더로 휴식을 취할 수 있습니다","['허브', '티', '파우더', '태국', '차', '유기농', '혼합', '천연']"
식음료,음료,차,,B01DCQPXBE,"CatSpring Yaupon Lost Maples 미디엄 야온 티, 천연 카페인 및 지속 가능한 차 텍사스 티 및 미국에서 제작, 티박스 당 16 백",CATSPRING YAUPON,16606,16606,4.2,124.0,"로스트 메이플스 미디엄 로스트 야우폰 - 맛있고 깨끗하며 상쾌합니다. Lost Maples 미디엄 로스트 티는 순수하고 지속 가능하며 허브이며 티백은 미국의 장점을 컵에 담았습니다. 천연 카페인 함유 - 미국에서 만든 홍차. 텍사스 캣스프링의 로스트 메이플스 주 자연 지역에 대한 상징적인 경의를 표하는 이 고카페인 차와 꽃차의 대안은 많은 맛과 역사를 담고 있습니다. 캐러멜과 깨끗한 맛의 독특한 노트로 오늘날 가장 맛있는 Yaupon 차 음료 중 하나입니다. 깨끗하고 상쾌함 - 로스트 메이플스 미디엄 로스트 홍차 한 잔은 달콤함과 깔끔한 마무리를 제공합니다. 풍부한 맛과 전통으로 수입 차, 달콤한 차 샘플러, 티백 모음 샘플러, 커피 티백 및 기타 음료의 세련된 대안입니다. 뜨거운 물 473.2ml(16온스) 당 카페인 허브 티백 1개를 사용하고 3-5분 동안 우려냅니다. 지속 가능 - Catspring Yaupon은 햇빛과 빗물 외에는 아무것도 없는 고품질 야폰 홍차를 생산합니다. 완전히 지속 가능하며 살충제, 화학 비료 및 합성 잡초 방제 조치가 없습니다. 사람들 우선 - 가족부터 여러분의 가족까지 야우폰 차 한 잔을 즐기면 우리 커뮤니티의 장점을 경험하게 됩니다. 당사의 야우폰 수확은 전통적인 노동 시장에 쉽게 접근할 수 없는 사람들과 협력하는 People First Dignified Employment Initiative를 지원합니다.",,"['차', '로스트', '폰', '카페인', '티', '티백', '지속', '미디엄', '플스', '깨끗하다']"
식음료,음료,차,,B0CV4BRFG5,"Four Sigmatic Think 유기농 홍차 | 정신적 선명도 및 집중력을 위한 사자 갈기 및 L-테아닌 포함 인스턴트 유기농 레몬 티 | 강장제 포함 유기농 허브 티 | 비건, 글루텐 프리 | 레몬, 24회 분량",Four Sigmatic,27700,20373,3.8,98.0,"사자 갈기로 정신적 선명도를 발휘하세요 — 고대 뇌 건강을 지지하는 사자 갈기 버섯으로 날카로운 인지 기능의 영역으로 뛰어들어 L-테아닌의 부드럽고 균형 잡힌 에너지와 훌륭하게 짝을 이룹니다. 버섯 차를 마실 때마다 집중력을 높이고 정신적 안개를 제거하십시오. 트위스트가 있는 클래식한 맛 — 유기농 홍차와 진짜 레몬 주스 파우더의 향수를 불러일으키는 블렌드를 즐겨보세요. Think 유기농 홍차는 인기 있는 아놀드 팔머 맛을 기능성 부스트로 제공하며 뜨겁고 차가운 음식을 모두 즐길 수 있는 완벽한 유기농 허브 티입니다. 유기농 성분, 타협하지 않는 품질 — USDA 인증 유기농 성분의 순도에 빠져보세요. 이 블렌드는 설탕, 글루텐, 인공 첨가물이 포함되어 있지 않아 건강한 차 경험을 맛있게 해줍니다. 즉각적인 만족, 지속적인 장점 — 즉각적인 즐거움과 지속적인 웰빙을 위해 설계된 유기농 인스턴트 티는 뜨겁거나 차가운 물에 즉시 녹아 바쁜 하루나 집에서 편안한 저녁에 완벽한 제품입니다. FOUR SIGMATIC 차이점 — 고대의 지혜와 현대적인 편리함을 결합했습니다. 당사의 유기농 사자 갈기와 프리미엄 성분은 모든 컵에서 최고를 얻을 수 있도록 하며 자연스럽게 집중력과 생산성을 지원합니다.",,"['유기농', '갈기', '사자', '티', '레몬', '정신', '성분', '홍차', '집중', '지속']"
식음료,음료,차,,B008ODE4YI,"Nature's Guru Instant Masala Spice 차이 티 드링크 믹스 무가당 10개 1인용 휴대용 음료 패킷, 159.9g(5.5온스) (1팩) (MCU_FBA)",Nature's Guru,16606,16606,4.2,809.0,"마살라 차이: 마살라 향신료가 들어간 무설탕 정통 인도 차이를 좋아할 것입니다! 우려내거나 추출할 필요가 없습니다. 뜨거운 물을 넣고 고급 차이 한 잔을 즐기세요. 천연 GMO 프리 및 글루텐 프리. 인스턴트 차이: 단맛이나 무가당 차이를 좋아하든, 클래식 또는 바닐라 차이를 즐기든, 사프란, 생강, 카다멈 또는 레몬그라스와 같은 매운 음식이나 허브를 갈망하든, 저희는 당신을 위한 차이를 가지고 있습니다! 즉각적인 만족: Nature's Guru 인스턴트 차이 믹스, 유기농 통잎차, 마드라스 커피, 부드러운 코코넛 워터 파우더를 사용하면 언제든지 맛있는 천연 음료를 마실 수 있습니다. 맛있고 편리함: 뜨거운 음료 및 라떼 믹스, 차이, 티백, 코코넛 워터 파우더는 뜨겁거나 차가운 물을 첨가하여 언제 어디서나 혼합할 수 있습니다. 개별 패키지는 이동 중에도 쉽게 즐길 수 있습니다! NATURE'S GURU: 당사는 이동 중에도 가방에 보관할 수 있는 편리함으로 건강 및 웰빙 식품 및 음료를 만드는 데 열정을 가지고 있습니다. 인스턴트 차이, 통잎차, 코코넛 워터 파우더 등을 사용해보세요","무가당 Nature's Guru 천연 인스턴트 마살라 향신료 차이로 동남아시아의 보물을 잠금 해제하세요. 집, 사무실 또는 이동 중에 어디에서나 특별히 고안된 풍부한 천연 고급 차이 티 블렌드를 경험하는 편리함을 즐기세요. 10개.","['차이', '천연', '인스턴트', '음료', '마살라', '무가당', '이동', '뜨겁다', '편리하다', '워터']"
식음료,음료,차,,B0BJZ69NQ1,HTeaO 아이스 티 향 주머니 - 콜드 브루용 수박 홍차 믹스 - 패키지 당 15.2L(4갤런) - 5분 안에 진짜 텍사스 스타일 맛 아이스 티 (향 주머니 8개 팩),HTEAO,20761,20761,4.3,1199.0,"단 5분 만에 진짜 텍사스 스타일 아이스티: 이제 좋아하는 텍사스 또는 남부 스타일 HTeaO 스위트 티 또는 무가당 차를 즉시 즐길 수 있습니다! 우려서 달게 하고, 채우고, 얼음 위에 올려보세요. 텍사스에서와 같은 맛. 맛있는 수박 홍차: 이 맛있는 차 블렌드는 중국 키문 홍차의 독특한 혼합을 제공합니다. 일 년에 한 번 수확되며 약간 스모키 노트로 유명하며, 수박 맛의 과일 믹스와 결합되어 이 맛있는 차를 아주 맛있게 만듭니다! 단 5분 만에 풀 피처 준비: 봉지 당 끓는 물 4컵을 붓고 5분 동안 우려낸 다음 맛을 내기 위해 달콤하게 만들고 찬물 4컵을 섞어 얼음에 담습니다. 16개의 HTeaO 향 주머니는 각각 1.8L(0.5갤런)의 바로 마실 수 있는 차를 만들어 패키지당 23.3L(8갤런)의 차를 결합합니다. 재밀봉 가능한 대형 지퍼락 백은 신선함과 훌륭한 맛을 보존하는 데 도움이 됩니다. 프리미엄 맞춤형 블렌드 차: 중국 홍차, 천연 수박 맛, 말산이 포함되어 있습니다. 당사의 블렌드는 일 년에 두 번 손으로 수확되며 각 맛에는 미국에서 맞춤 혼합된 엄선된 재료가 포함되어 있습니다. 모든 HTeaO 차는 GMO 프리, 글루텐 프리, 코셔 인증을 받았으며 설탕이나 칼로리가 전혀 포함되어 있지 않습니다. 원하는 대로 달게 합니다. 2009년부터 가장 빠르게 성장하는 아이스 티 프랜차이즈: 2천만 잔 이상의 아이스티가 제공되는 HTeaO는 미국에서 가장 빠르게 성장하는 음료 프랜차이즈 중 하나입니다. 당사의 사명은 텍사스 전통에서 살 수 있는 절대적인 최고 품질의 아이스티를 전국의 모든 사람들에게 제공하는 것입니다.",,"['맛', '차', '텍사스', '티', '수박', '맛있다', '홍차', '아이스', '블렌드', '아이스티']"
식음료,음료,차,,B0D5VXX75C,"Essenzefruits 레몬 라임 콤부차 티 파우더 믹스 - 천연 발효 및 건조 - 물만 추가하세요! 프로바이오틱 및 프리바이오틱 블렌드, 비타민 C 함유, 설탕 무첨가, 깨끗한 라벨 - 30컵 만들기 (226.8g(8온스), 226g)",Essenzefruits,20705,20705,4.3,28.0,"레몬 라임 콤부차 파우더로 상쾌한 감귤류와 톡 쏘는 장점을 경험하세요. 프리미엄 유기농 성분으로 제작된 콤부차는 세심한 발효를 거쳐 최대의 맛과 프로바이오틱 효과를 보장합니다. 레몬 라임 콤부차를 차별화하는 것은 생생한 시트러스 펀치로, 콤부차의 천연 신맛과 완벽하게 균형을 이루며 편리한 파우더 형태로 제공됩니다. 레몬 라임 콤부차로 웰빙 루틴을 향상시키세요. 물과 섞어 어디를 가든 상쾌한 활력을 즐기세요. 장에 영양을 공급하고 미뢰를 자극할 수 있는 기회를 놓치지 마세요.",,"['콤부차', '라임', '레몬', '파우더', '상쾌하다', '프로바이오틱', '발효', '물', '천연']"
식음료,음료,차,,B008ODE4WK,Nature's Guru Instant Cardamom 차이 티 드링크 믹스 무가당 1인용 휴대용 음료 패킷 10개,Nature's Guru,14736,14736,4.4,2289.0,"CARDAMOM CHAI: 카다멈 스파이스 무설탕 정통 인도 차이를 사랑하게 될 것입니다! 우려내거나 내릴 필요가 없습니다. 뜨거운 물을 넣고 고급 차이 한 잔을 즐기세요. 천연 GMO 프리 및 글루텐 프리. 인스턴트 차이: 단맛을 내거나 무가당 차이를 좋아하든, 클래식 차이나 바닐라 차이를 즐기든, 마살라, 사프란, 생강 또는 레몬그라스와 같은 스파이시나 허브를 갈망하든, 우리는 당신을 위한 차이를 제공합니다! 즉각적인 만족: Nature's Guru 인스턴트 차이 믹스, 유기농 전체 잎차, 마드라스 커피, 부드러운 코코넛 워터 파우더로 언제든지 맛있는 천연 음료를 마실 수 있습니다. 맛있고 편리함: 뜨거운 음료와 라떼 믹스, 차이, 티백, 코코넛 워터 파우더는 언제 어디서나 뜨겁거나 차가운 물을 첨가하여 혼합할 수 있습니다. 개별 패키지는 이동 중에도 쉽게 즐길 수 있습니다! NATURE'S GURU: 저희는 이동 중에도 편리하게 가방에 쉽게 보관할 수 있는 건강 및 웰빙 음식과 음료를 만드는 것에 열정을 가지고 있습니다. 인스턴트 차이, 통 잎차, 코코넛 워터 파우더 등을 사용해보세요","Nature's Guru 천연 인스턴트 카다몬 차이로 동남아시아의 보물을 열어보세요. 집, 사무실 또는 이동 중에도 어디에서나 특별히 고안된 풍부한 천연 고급 차이 티 블렌드를 경험하는 편리함을 즐기세요.","['차이', '음료', '인스턴트', '천연', '워터', '편리하다', '파우더', '이동', '믹스', '뜨겁다']"
식음료,음료,차,,B0CSM8S4JR,"PCOS 여성용 티 샘플러 - 호르몬 균형, 생식 및 난소 건강, 소화 용이성, 스트레스 완화, 깨끗한 피부를 위한 6개의 잎 혼합물 - PCOS 증상을 자연스럽게 지원",PCOS Herbal Tea,47076,47076,4.9,14.0,"미국에서 제작. 저희 차는 100% 카페인 프리, 글루텐 프리 제품으로 인공 성분이나 방부제가 포함되어 있지 않습니다. 저희 차는 최고 품질의 잎 성분만을 사용하여 혼합되어 매번 풍부하고 맛있는 차 한 잔을 보장합니다.",PCOS Herbal Tea PCOS를 개선하는 데 도움이 되는 자연스러운 옵션을 제공하기 위해 만들어졌습니다.,"['성분', '프리', '잎', '혼합물', '미국', '생식', '샘플러', '보장', '방부제', '맛있다']"
식음료,음료,차,,B0D1737V67,"FreshDrinkUS, 프리미엄 75 호로파 티백, 100% 천연 및 순수 호로파. 호로파 허브 티. 천연 소재 티백으로 제작. 설탕, 카페인 없음, 글루텐 없음, 비건.",FRESHDRINKUS,20761,20761,4.6,4697.0,"호로파 차 - 편안한 허브 주입: 호로파 잎차 한 잔을 내리면 진정되고 차분한 경험을 할 수 있어 긴장을 풀고 휴식을 취하기에 이상적인 선택입니다. 말린 호로파에서 100% 순수함: 저희는 이 허브티를 순수하고 혼합되지 않은 순수 제품으로 제공합니다. 저희는 티백을 만들기 위해 최고급 천연 호로파를 공급하여 순수하고 진정한 맛을 선사합니다. 첨가제나 인공 향료가 없으므로 호로파 잎의 천연 장점을 진정한 형태로 즐길 수 있습니다. 지역 사회를 지원하는 지속 가능한 농업: 숙련된 농부들은 농업이 환경에 미치는 영향을 최소화하는 방법을 채택합니다. 저희는 살충제나 제초제를 사용하지 않고 엄격한 국제 표준을 따릅니다. 이 호로파 티백을 섭취하면 사람과 지구 모두의 장기적인 웰빙에 기여할 수 있습니다. 수제 공정으로 만든 호로파 티 베이스: 호로파는 맛있고 다채로운 피크에서 선택되며 자연적으로 햇볕에 건조되어 완벽하게 건조됩니다. 그런 다음 허브를 최고의 차 크기로 갈아줍니다. 다음으로 즉시 친환경 티백에 포장합니다. 마지막으로, 최고의 신선함을 위해 티백을 식품 등급 크래프트 백에 포장합니다. 생분해성 티백 - 천연 소재: 티백은 천연 옥수수 섬유로 만들어져 환경 친화적이고 좋습니다. 줄 없음. 포장 없음. 스테이플 없음. 접착제 없음. 표백제 사용 금지. 염료 없음 - 100% 안전성. 편리함 & 즐거움: 호로파 티백은 바쁜 라이프 스타일에 적합합니다. 집, 직장 또는 여행 시 느슨한 허브나 복잡한 추출 방법 없이 호로파 차의 장점과 맛을 쉽게 즐길 수 있습니다. 뜨겁거나 차갑게 즐길 수 있으며 종종 꿀, 설탕 또는 스테비아 잎과 같은 기타 감미료로 단맛을 냅니다. 최고 품질의 제품에 대한 약속: 저희는 고품질 제품과 탁월한 고객 서비스를 제공하는 것에 자부심을 가지고 있습니다. 호로파 티백에 대해 궁금한 점이 있으시면 저희에게 알려주십시오. 항상 기꺼이 답변해 드리고 도움이 되는 제안에 감사드립니다.",,"['호로파', '티백', '천연', '허브', '포장', '최고', '티', '차', '순수하다']"
식음료,음료,차,,B0CZ345QW9,"Lavendium, 프리미엄 30 비터 멜론 티백, 100% 천연 & 비터 멜론 과일 순수 비터 멜론 허브 티. 비터 멜론 과일 티. 설탕, 카페인 없음, 글루텐 없음, 비건.",Lavendium,12451,11010,4.4,158.0,"100% 천연 & 순수 쓴 멜론 과일: 100% 천연 비터 멜론 과일로 제작되었습니다. 당사는 과일에 살충제나 제초제를 사용하지 않고 엄격한 국제 표준을 따릅니다. 고객에게 탁월한 품질을 보장합니다. 이것이 저희의 약속입니다. 자연 농장에서 컵까지! 갓 따서 자연 건조한 쓴 멜론: 최고의 비터 멜론 과일은 적절한 시간에 따서 신선한 물로 씻고 햇볕에 말리고 다년간의 경험을 바탕으로 최고의 차 크기로 갈아서 맛과 독특한 아로마 효과를 보존하기 위해 신중하게 포장됩니다. 수제 생산 공정, 첨가물 없음: 당사의 비터 멜론 티는 위생적인 환경에서 가공된 다음 재밀봉 가능한 백에 포장되어 수명이 긴 제품을 만들고 고객의 안전과 제품 품질을 보장합니다. 무설탕, 카페인 프리, 글루텐 프리, 비건, 인공 향료 없음, 색소 무첨가. 생분해성 티백 - 천연 소재: 티백은 천연 옥수수 섬유로 만들어져 환경 친화적입니다. 줄 없음. 포장 없음. 스테이플 없음. 접착제 없음. 표백제 사용 금지. 염료 없음 - 100% 안전성. 최고 품질의 제품에 대한 약속: 최고 수준의 품질의 제품을 제공할 것을 약속드립니다. 비터 멜론 티백에 대해 궁금한 점이 있으시면 저희에게 알려주십시오. 항상 기꺼이 답변해 드리고 도움이 되는 제안에 감사드립니다. ✅ 최고 품질의 제품에 대한 약속: 최고 수준의 품질의 제품을 제공할 것을 약속드립니다. 비터 멜론 티백에 대해 궁금한 점이 있으시면 저희에게 알려주십시오. 항상 기꺼이 답변해 드리고 도움이 되는 제안에 감사드립니다.",,"['멜론', '비터', '최고', '과일', '약속', '천연', '티백', '티', '포장']"
식음료,음료,차,,B000EEG952,"Unknown DEDE 인스턴트 타이 티 드링크 및 설탕 12개 포켓, 크림, 418.4g(14온스)",DEDE,11897,11897,4.5,1839.0,"집이나 사무실에서 이 맛있는 태국 차 음료를 즐기세요 뜨겁거나 차갑게 즐기세요 12개의 패킷 포함, 각 34.9g(1.25온스) 태국 제품",1,"['태국', '포켓', '패킷', '티', '타이', '크림', '차갑다', '차', '집', '인스턴트']"
식음료,음료,차,,B0D1P5DG2P,"Yerba Mate 티백 50개 포함 - 심혈관 및 소화 시스템 지원, 젊음 유지",Hudetex,20761,20761,4.1,147.0,"【100% 순수 예르바 마테차】- 당사의 Yerba Mate 차는 아르헨티나에서 공급되며 지속 가능하게 재배될 뿐만 아니라 최고 품질의 Yerba Mate 찻잎으로 만들어졌습니다. 첨가제나 인공 성분이 없으므로 순수한 맛을 경험할 수 있습니다. 카페인의 자연적인 이점을 즐길 수 있습니다. 【지속 가능성 지원】- Hudetex yerba mate는 코셔, 공정 무역, GMO 프리 및 글루텐 프리 및 인증된 유기농 차입니다. ECOTEAS는 지구와 우리 몸의 균형을 회복한다는 믿음에서 탄생했습니다. yerba mate 차로 지속 가능성을 지원하세요! 【순하고 유익한 영양소】미디엄 카페인 예르바 메이트는 순한 유익한 영양소를 함유하고 있습니다. 따라서 더 많은 진정 에너지를 제공합니다. 커피를 마시는 것처럼 불안하거나 화를 내지 않습니다. 커피와 음료의 훌륭한 대안. 이는 사람들의 건강 음료를 위한 훌륭한 선택 중 하나입니다. 에너지 레벨을 유지하고 피로를 덜어줍니다. 【건강상의 이점】-Yerba mate는 세계에서 가장 영양이 풍부한 차 중 하나입니다. 항산화 물질, 미네랄 및 비타민이 풍부합니다. 작은 모양의 재료는 느슨한 예르바 마테 잎보다 영양소를 더 쉽게 방출합니다. 이 에너지 티는 신체에 에너지를 제공할 뿐만 아니라 소화 시스템을 지원합니다. 【심혈관 시스템 지원】-메이트 차는 차 폴리페놀이 풍부하여 신체의 혈액 순환을 촉진하고 심혈관 시스템을 어느 정도 지원합니다. 【소화 시스템 지원】-마테차는 비타민, 아미노산, 미네랄 및 기타 영양소가 풍부합니다. 규칙적인 음주는 소화 시스템을 지원하고 피부를 건강하게 유지할 수 있습니다. 저희는 고품질 제품을 제공하기 위해 최선을 다하고 있습니다. 어떤 식으로든 저희 제품에 만족하지 못하셨다면 저희에게 연락해 주시면 만족스러운 해결책을 제공해 드리겠습니다!",,"['시스템', '소화', '에너지', '풍부하다', '영양소', '심혈관', '차', '마테', '예르바']"
식음료,음료,차,,B0CYXTV7BK,"VenDesta의 저칼로리 드링크 믹스 버라이어티 번들. 크리스탈 라이트 피처 패킷 레모네이드의 무설탕, 레몬 아이스티, 복숭아 아이스 티 맛, 48개 및 브랜드 마그네틱 클립 포함.",VenDesta,55386,55386,4.7,51.0,"무설탕 기쁨: 죄책감 없이 수분을 공급하세요! 크리스탈 라이트 아이스 티 버라이어티 팩은 레모네이드, 레몬 아이스티, 피치 아이스티 맛의 피처 팩 48개를 제공합니다. 설탕이 없고 1회 제공량당 5칼로리밖에 되지 않아 건강에 민감한 사람들을 위한 완벽한 차 버라이어티 팩입니다. 상쾌하고 편리함: 각 크리스탈 라이트 파우더 음료 믹스 패킷은 일반 물을 레모네이드나 아이스티의 맛있고 상쾌한 피처로 쉽게 변환합니다. 가족 모임, 피크닉 또는 단순히 집에서 즐기기에 이상적입니다. 또한, 특별한 VenDesta 브랜드 마그네틱 클립은 음료 믹스 패킷을 정리할 수 있습니다. 글루텐 프리 및 저나트륨: 글루텐 프리 및 저나트륨 음료 믹스의 레모네이드 패킷, 레몬 아이스티 패킷 및 피치 아이스 티 믹스 파우더로 건강한 라이프 스타일을 즐겨보세요. 맛을 손상시키지 않으면서 식이 제한이 있는 사람들을 위해 제작되었습니다. 친환경 포장: 당사의 아이스 티 패킷은 수축 포장 번들로 포장되어 신선함을 보장하고 환경 영향을 줄입니다. 전체 아이스 티 피처 음료 믹스 패키지는 폐기물을 최소화하도록 신중하게 설계되었습니다. 🎁 모든 상황에 적합: 캐주얼한 가족 저녁 식사 또는 특별한 모임이든, 이 주스 버라이어티 팩은 모든 사람에게 맛을 보장하여 티 피처와 완벽한 동반자가 됩니다. 브랜드 자석 클립이 추가되어 이 번들은 친환경적인 친구나 사랑하는 사람에게 이상적인 선물입니다.",,"['패킷', '믹스', '티', '아이스티', '피처', '아이스', '맛', '음료', '레모네이드', '버라이어티']"
식음료,음료,차,,B0D4LKBVGF,"RIVIFY Lipton 무가당 아이스 티, 믹스, 30쿼트 (85g(3온스) 2팩) | RIVIFY 스쿱 번들",RIVIFY,62311,62311,4.2,16.0,"인스턴트 티: 모든 편리한 스쿱의 맛의 교향곡으로 티 타임을 즉각적인 즐거움으로 바꿔줍니다. 안목 있는 미각을 위해 선별된 꼼꼼하게 제작된 블렌드로 향과 맛의 완벽한 균형을 경험하세요. 편안한 아침 의식이나 상쾌한 오후 픽업으로 인스턴트 티의 다양성을 즐기세요. 오래 기다리는 것과는 작별 인사를 하고 빠르고 쉬운 추출 과정으로 즉각적인 만족감을 느껴보세요. 번화한 아침부터 고요한 저녁까지, Instant Tea는 언제 어디서나 이상적인 동반자입니다. 품질과 진품에 대한 헌신으로 차 마시는 경험을 향상시켜 한 모금마다 만족을 보장합니다.","Instant Tea 는 편리함과 맛의 신호로 서 있어 전 세계 수많은 애호가들의 차 경험에 혁명을 일으킵니다. 독창적인 배합으로 단순한 순간에 완벽한 브루잉을 보장하며, 애호가들이 맛을 손상시키지 않으면서 힘든 기다림을 아끼지 않습니다. 손목을 가볍게 누르고 약간의 물만 있으면 향기로운 블렌드가 풍부하고 만족스러운 맛의 교향곡을 불러일으키며 한 모금마다 차 문화의 본질을 구현합니다. 활발한 아침에 뜨겁게 즐기거나 뜨거운 오후에 얼음 위에서 차갑게 마시든, Instant Tea는 다용도로 모든 입맛과 상황에 적합합니다. 일관된 품질과 흔들리지 않는 우수성은 편리함과 진품성을 모두 추구하는 차 애호가를 위한 선택으로 명성을 얻었습니다. 번화한 도시의 거리부터 고요한 시골 휴양지까지, Instant Tea는 확고한 동반자로 남아 있으며, 즐거운 한 잔마다 풍성한 순간과 기분을 고양시킵니다.","['맛', '티', '차', '경험', '아침', '애호가', '편리하다', '순간', '즉각', '동반']"
식음료,음료,차,,B0CH1BGHS4,최고의 허브 티백 카페인 프리 | 건강 티 허브 티 릴랙싱 불안 티 (사워솝 티),YUNHAHA,13780,13780,4.3,808.0,최고의 허브 티백 카페인 프리 | 건강 티 허브 티 릴랙싱 불안 티,"40 Natural Soursop Tea Bags, Soursop Leaves Tea, Organic Dried Soursop Graviola Leaves Tea, te de Guanabana Tea, Pure Sour sop Tea Leaves/Experience the refreshing taste and numerous health benefits of our Natural Soursop Tea Bags!/Made from organic dried soursop graviola leaves, also known as guanabana or sour sop leaves, our soursop leaf tea is the perfect way to enjoy this tropical fruit's unique flavor./Our natural soursop tea bags are convenient and easy to use./Simply steep a tea bag in hot water for a few minutes to enjoy a cup of delicious soursop tea. Each bag contains high-quality sour sop leaves that have been carefully selected and processed to preserve their natural flavors and nutrients./With our soursop green tea, you can enjoy the mild taste of soursop tea anytime, anywhere. Whether you want to start your day with a cup of warm soursop tea or unwind in the evening with a soothing herbal drink, our soursop leaf tea is the perfect choice./In addition, soursop tea is also caffeine-free./Making it a great option for individuals looking to reduce their caffeine intake or enjoy a relaxing drink before bedtime./So why wait?/Try our Natural Soursop Tea Bags today and experience the incredible benefits of soursop tea leaves for yourself. With each sip, you'll be one step closer to a healthier and happier you. Order now and start enjoying the delicious taste and numerous health benefits of guanabana tea!","['티', '허브', '프리', '티백', '카페인', '최고', '불안', '릴랙싱', '건강', '사워솝']"
식음료,음료,차,,B00Z19375K,"Crystal Light 라즈베리 아이스 티 드링크 믹스, 12쿼트 45.4g(1.6온스) 통 (7팩)",Crystal Light,51231,51231,5.0,8.0,각 Crystal Light 라즈베리 아이스 티 캐니스터에는 1.9L(2쿼트) 패킷 6개가 포함되어 있습니다 Crystal Light 라즈베리 아이스티는 99% 카페인 프리 (1회 제공량당 카페인 10mg)입니다 나트륨 함량이 낮고 글루텐 프리 및 코셔 성분 각 Crystal Light 226.8g(8온스) 제공량에는 5칼로리가 포함되어 있습니다,Crystal Light 필요한 물을 당신이 좋아할 물로 바꿉니다. 멋진 과일 맛과 감질나는 차로 평범한 물을 변화시킵니다. 한 모금마다 다른 것에 대한 갈증을 상쾌하게 하고 새롭게 하며 만족시키는 완벽한 방법입니다.,"['라즈베리', '물', '카페인', '티', '프리', '쿼트', '아이스', '만족', '모금', '멋지다']"
식음료,음료,차,,B0CYP2M1L6,"TOG999, 라벤더 꽃 티백 60개, 100% 천연 & 라벤더 꽃에서 추출한 순수 꽃 라벤더 허브 티. 라벤더 플라워 티. 설탕, 카페인 없음, 글루텐 없음, 비건.",TOG999,20761,20761,4.4,1103.0,"갓 따서 자연 건조한 라벤더 꽃: 최고의 라벤더 꽃은 적절한 시간에 따서 신선한 물로 씻고 햇볕에 말리고 다년간의 경험을 바탕으로 최고의 차 크기로 갈아서 맛과 독특한 아로마 효과를 보존하기 위해 신중하게 포장됩니다. 수제 생산 공정, 첨가물 없음: 당사의 라벤더 꽃은 위생적인 환경에서 가공된 다음 재밀봉 가능한 백에 포장되어 수명이 긴 제품을 만들고 고객의 안전과 제품 품질을 보장합니다. 무설탕, 카페인 프리, 글루텐 프리, 비건, 인공 향료 없음, 색소 무첨가. 생분해성 티백 - 천연 소재: 티백은 천연 옥수수 섬유로 만들어져 환경 친화적입니다. 줄 없음. 포장 없음. 스테이플 없음. 접착제 없음. 표백제 사용 금지. 염료 없음 - 100% 안전성. 쉽고 편리한 차 만들기: 각 라벤더 꽃 티백에는 사랑스러운 맛을 제공하는 훌륭한 그라운드 라벤더 꽃이 포함되어 있습니다. 티백을 뜨거운 물 한 컵에 넣고 컵을 덮고 5분 동안 기다리면 사랑스러운 차를 즐길 수 있습니다. 좋아하는 대로 달콤하게 만드세요. 최고 품질의 제품에 대한 약속: 최고 수준의 품질의 제품을 제공할 것을 약속드립니다. 라벤더 꽃 티백에 대해 궁금한 점이 있으시면 저희에게 알려주십시오. 항상 기꺼이 답변해 드리고 도움이 되는 제안에 감사드립니다.",,"['라벤더', '꽃', '티백', '최고', '물', '포장', '차', '천연', '설탕', '맛']"
식음료,음료,차,,B0D3RW73CQ,Siberian Green Ivan Tea 300g (10.58온스) 발효 루즈 리프 야생 수확 알타이 산맥 이반 차이,Siberian Green,55330,55330,4.3,66.0,"Ivan Tea 루즈 리프 발효, 파이어, 로즈베이 버드나무 (Chamaenerion angustifolium). 천연 성분. 100% 추가되지 않았습니다. 실제 무게: 300g. 보관: 실내 온도(15-25°C), 사용 중에는 닫아 두십시오. 경고: 어린이의 손이 닿지 않는 곳에 보관하십시오. 식물 잎의 작은 부분이 포함되어 있습니다. 남부 시베리아의 알타이 산맥과 깨끗한 초원에서 발효되고 윤리적으로 야생으로 수확됩니다 사용 방법: 뜨거운 물 200ml 컵당 1티스푼을 넣으십시오. 더 나은 경험을 위해 5-15분 동안 추출하세요. 뜨겁거나 차갑게 섭취하세요. 이반 차는 미네랄과 비타민이 매우 풍부하여 다른 많은 허브 티보다 훨씬 뛰어납니다. 카페인이 없으며 일반 검정, 녹색 또는 백차와 달리 바람직하지 않은 성분이 포함되어 있지 않습니다. 남부 시베리아의 깨끗하고 외딴 오염되지 않은 시베리아 숲과 초원에서 수집됩니다. 첨가되지 않음 - 100% 천연. 잎 전체를 보존할 수 있도록 발효되고 부드럽게 포장되어 100% 혜택, 맛있고 독특한 향기를 즐길 수 있습니다. 이반 차는 다양한 허브, 과일 및 베리와 혼합할 수 있으며, 결과적으로 차는 더 많은 건강상의 이점을 제공합니다. 즐기세요! Ivan-Tea 또는 Ivan-Chai는 시베리아 또는 아메리카 원주민에게 매우 잘 알려져 있습니다. 이 허브는 부족 약초 학자와 지역 주민의 치유 관행에 널리 사용되었기 때문입니다. 오늘날 우리는 Ivan 차를 독특한 건강상의 이점과 즐거움과 기분 좋은 맛의 원천으로 블랙, 그린 또는 화이트 티의 완벽한 카페인 프리 대체품으로 알고 있습니다! 일상 메뉴에 완벽한 추가 아이템입니다.",,"['시베리아', '발효', '이반', '허브', '천연', '리프', '수확', '잎', '이점', '보관']"
식음료,음료,차,,B0D1Q92MJL,"나비 완두콩 꽃, GMO 프리, 천연 나비 완두콩 차, 블루 & 퍼플 음료 및 식용 색소용 프리미엄 건조 나비 완두콩 꽃, 226.8g(8온스)",seeyoung,27686,26301,4.1,8.0,"천연 프리미엄 품질 - 100% 순수 고품질 나비 완두콩 꽃, 화학 물질 첨가 없음, GMO 프리, 무독성, 글루텐 프리, 카페인 프리 및 무설탕, 비건. 천연 식품 색소 - 버터플라이 완두콩 꽃차는 추출할 때 밝은 파란색을 방출하며, 레몬 주스와 같은 산성 성분을 첨가하면 색상이 아름다운 보라색으로 변합니다. 이상적인 천연 식용 색소입니다. 좋아하는 음료, 음식 및 모든 구운 제품에 섞기에 완벽합니다! 접시, 케이크 및 칵테일에 파란색 첨가제로 사용됩니다. 다양한 용도 - 집에서 아름다운 디저트와 음료를 만들기 위해 DIY하거나 파티에서 다채로운 칵테일을 만들 수 있습니다. 추수감사절, 결혼식, 크리스마스 및 기타 행사에 적합합니다. 추출 방법 - 5~6개의 나비 완두콩 꽃을 97°C/97°C의 끓는 물에 약 240ml(8온스)의 끓는 물에 넣고 3-5분 동안 담그십시오. 취향에 따라 꿀이나 레몬을 첨가하여 달콤하거나 신 맛을 만들어보세요. 환불 보장 - 저희는 소중한 고객에게 고품질의 나비 완두콩 꽃을 제공하기 위해 열심히 노력하고 있습니다. 구매에 만족하지 않으시면 언제든지 저희에게 연락하여 환불을 받으십시오",--- 제품 색상 ---/사진에 선명한 색상을 촬영하고 보여주기 위해 최선을 다합니다./사진의 한계와 모니터 설정의 불가피한 차이로 인해 주의하십시오./사진에 표시된 색상은 Ttems 자체의 색상과 100% 일치하지 않을 수 있습니다.,"['완두콩', '꽃', '나비', '프리', '천연', '첨가', '음료', '칵테일', '레몬', '아름답다']"
식음료,음료,차,,B00JJZQXDA,Buddha Bubbles Boba MILK TEA 보바/버블 티 드링크 믹스 파우더 (1kg / 2.2파운드),Buddha Bubbles Boba,27686,27686,4.0,38.0,"밀크티 보바 티 드링크 믹스 파우더 3 in 1 (맛, 크리머 및 설탕) D.I.Y. (직접 해보세요) 세 가지 사이즈 제공: 283.5g(10온스), 45g(1파운드), 1kg (2.2파운드) 1킬로 45개 이상의 음료 만들기, 45.4g(1파운드)은 20개 이상의 음료를 만들 수 있습니다. 283.5g(10온스) 10개 이상의 음료를 만듭니다 또한 구매 가능: 아몬드, 아보카도, 바나나, 블루 하와이안 레모네이드, 풍선껌, 캐러멜, 차이, 코코넛 차이, 커피, 솜사탕, 두리안, 그린 애플, 그린 코코넛, 그린 바닐라, 허니듀, 잭 프루트, 재스민, 라벤더, 리치, 망고, 말차/녹차, 밀크티, 모카, 파파야, 패션 프루트, 복숭아, 땅콩 버터, 페퍼민트, 피나 콜라다, 파인애플, 파인애플, 호박 향신료, 로즈, 솔티드 캐러멜, 딸기, 타로 / 우베, 타이 티, 바닐라, 바닐라 차이, 수박.","Boba란 무엇입니까? 보바 또는 버블 티라고도 알려진 보바 티는 컵 바닥에 보바 또는 타피오카 진주로 알려진 타피오카를 포함하는 대만의 차 기반 음료입니다. 이 보바는 초대형 빨대를 통해 빨려 들어가며 젤리 곰처럼 쫄깃합니다. 언제 또는 누가 보바를 발명했는지는 확실하지 않지만, 1980년대 타이충 타이완이 어디에 있는지 알고 있습니다. 대부분의 보바/버블 티 레시피에는 과일이나 우유가 섞인 티 베이스가 포함되어 있습니다. 인기 있는 맛은 허니듀 멜론, 타로, 말차 녹차 라떼입니다. Boba는 가장 자주 차갑고 때로는 뜨겁게 제공되며 스무디처럼 혼합되거나 칵테일처럼 흔들 수 있습니다. 음료에는 수백 가지 변형이 있으며, 가장 인기 있는 보바/버블 티 음료는 타피오카 진주가 들어간 밀크티입니다. 보바의 변형도 있으며, 대부분 색상은 다크 브라운입니다. 보바는 매우 부드럽고 달콤한 맛을 가지고 있습니다. 일부 상점에서는 젤리라고도 불리는 향이 나는 젤라틴을 컵 바닥에 추가합니다. 최신 유형의 보바는 ""팝핑 보바""라고 불리며, 과일 맛 시럽으로 채워진 진주 크기의 비즈로 물었을 때 터집니다. Boba 상점이 전 세계에 등장하고 있습니다. 보바 음료 한 잔으로 평균 $4.00를 돌려받을 수 있습니다. 품질은 매장마다 다를 수 있지만 Buddha Bubbles Boba는 최고 품질뿐만 아니라 가장 놀라운 맛에 자부심을 느낍니다. 오늘 Boba를 먹고 미소를 지으세요.","['보바', '티', '음료', '맛', '버블', '타피오카', '그린', '밀크', '바닐라', '차이']"
식음료,음료,차,,B0DDPSHYRL,"KAYFOOD Peach Oolongade 프리미엄 우롱 차 및 복숭아 주스 파우더 믹스 10 스틱 팩 50g(1.76 온스) 무설탕, 다이어트, 한국 음식, 피치 우롱 혼합 핫 & 아이스 티 에이드, 건강 음료 우롱차 믹스 (피치 우롱 에이드)",KAYFOOD,13836,13836,,,"복숭아의 향기로운 향기가 우롱의 쓴맛과 만났습니다 무설탕, 감미료 함유, 20칼로리 티 에이드 휴대용 스틱 팩! 피치울롱게이드 파우더는 스틱 팩으로 제공되어 언제 어디서나 즐길 수 있습니다.",우롱차의 특별한 점은 무엇입니까? 우롱차는 반발효 녹차로 만든 차이며 발효 과정에서 약간 쓴 맛이 납니다. Kayfood 우롱차는 미세하게 갈아서 우롱의 쓴맛을 줄이고 차의 독특한 맛을 보존합니다,"['우롱', '우롱차', '스틱', '피치', '쓴맛', '설탕', '복숭아', '차', '발효', '믹스']"
식음료,음료,차,,B00WKWBQE0,부처 버블 보바 / 버블 티 드링크 믹스 파우더 보바 283.5g(10온스) (283g),Buddha Bubbles Boba,17991,12451,4.1,85.0,라벤더 밀크 티 보바 / 버블 티 드링크 믹스 파우더 Buddha Bubbles Boba Inc. 283.5g(10온스) D.I.Y. Eat Bubbles...Be Happy (c),"Boba란 무엇입니까? 보바 또는 버블 티라고도 알려진 보바 티는 대만의 차 기반 음료로, 보바라고 알려진 타피오카 또는 컵 바닥에 타피오카 진주를 함유하고 있습니다. 이 보바는 초대형 빨대를 통해 빨아들이며 젤리 곰처럼 씹을 수 있습니다. Boba를 언제 발명했는지 정확히 불분명하지만, 1980년대에 타이충 대만이 어디인지 알고 있습니다. 대부분의 보바/버블 티 레시피에는 과일이나 우유와 혼합된 티 베이스가 포함되어 있습니다. 인기 있는 맛은 다음과 같습니다: 허니듀 멜론, 타로, 말차 녹차 라떼. 보바는 가장 자주 차갑고 때로는 뜨겁게 제공되며 스무디처럼 섞거나 칵테일처럼 흔들어 줍니다. 수백 가지 종류의 음료가 있으며, 가장 인기 있는 보바/버블 티 음료는 타피오카 진주가 들어간 밀크티입니다. Boba의 변형도 있으며, 주로 색상은 다크 브라운입니다. 보바는 매우 부드럽고 달콤한 맛을 가지고 있습니다. 일부 상점은 젤리라고도 불리는 맛의 젤라틴을 컵 바닥에 추가합니다. 최신 유형의 보바는 ""팝핑 보바""라고 불리며, 과일 맛 시럽으로 채워진 진주 크기의 비즈를 물면 팝니다. Boba 가게가 전 세계에 튀어나오고 있습니다. 보바 음료 한 개가 평균 약 $4.00를 돌려줄 것입니다. 품질은 상점마다 다를 수 있지만 Buddha Bubbles Boba는 최고 품질뿐만 아니라 가장 놀라운 맛에 자부심을 가지고 있습니다. 그러니 오늘 Boba를 보고 미소를 지으세요.","['보바', '티', '버블', '맛', '음료', '타피오카', '진주']"
식음료,음료,차,,B0D237SZV5,"Twinings Pure 우롱차 2팩 - 골든 카페인 차, 개별 포장된 티백, 각 20개",Twinings,17991,16495,4.5,499.0,"우롱 차: 우롱차는 1000년 전 중국 푸젠성에서 유래되었습니다. 차의 부분 산화 과정은 독특하고 따뜻하고 맛있는 맛을 선사합니다. 순수 우롱차: 홍차와 녹차 사이에 있는 우롱차의 독특한 맛을 경험하고 동일한 바람직한 품질을 많이 공유합니다. 신선한 차: 각 티백에는 신선함을 위해 봉인된 순수 우롱 차가 포함되어 있어 매번 완벽한 카페인 차 한 잔을 제공합니다. 차 준비: 우롱차 한 잔을 끓는 물에 3-5분 동안 담근 후 우유 유무에 관계없이 즐기세요. 상쾌한 아이스티를 위해 얼음 위에 붓기 전에 브루를 식히십시오. 원하는 대로 달콤하게 만드세요. 전통과 혁신의 시그니처 조화: Twinings 소비자가 한 번에 한 모금씩 기분이 좋고 잘 살기 위한 작은 조치를 취함으로써 소비자가 ""삶을 마시도록 격려합니다"".",,"['차', '우롱차', '순수', '소비자', '티백', '카페인', '신선하다', '독특하다', '우롱', '맛']"
식음료,음료,차,,B0CX6HJZBZ,"Earthly Tealights 고에너지 허브 티 - 충돌 없는 에너지 - 바다 이끼, 예르바 메이트, 녹차, 생강 및 6가지 기타 천연 성분 포함, 무설탕 에너지 음료 및 커피 대체품, 집중력 향상 및 체육관에 적합 - 티백 10개 팩",Earthly Tealights,24916,24916,5.0,2.0,"충돌 없이 필요한 에너지를 제공하도록 제작되었습니다. 카페인이나 인공 성분 없이 10가지 성분을 사용합니다. 체육관 전후의 에너지 부스트, 긴 근무 시간, 심야 공부 세션 또는 아침 픽업으로 좋습니다! 자랑스러운 미국 제조.","Earthly Tealights 고에너지 차로 필요한 모든 에너지를 제공합니다. 충돌하지 않아도 됩니다. 이른 아침 회의, 체육관에서의 운동 세션 또는 심야 교대 근무 등 모든 상황에서 Earthly Tealights 는 자연스러운 방식으로 에너지를 제공합니다. 설탕과 합성 성분을 버려서 화학적 뒷맛을 남기는 것은 말할 것도 없습니다. 자연의 잠재력을 발휘하세요! 필요한 에너지는 실험실이 아닌 식물에서 나옵니다. 녹차, 예르바 메이트, 바다 이끼, 생강 등을 포함한 독점적인 성분 혼합물이 포함되어 있습니다! 열정으로 제작되었으며 자랑스럽게 미국에서 제작되었습니다.","['에너지', '성분', '체육관', '충돌', '제작', '아침', '심야', '세션', '설탕', '생강']"
식음료,음료,차,,B0D4Q56LTV,"츠지리 말차 밀크 우지 더블 리치 라떼, 160g 재밀봉 가능한 백, 일본 교토산",Sakura Box,13808,13836,5.0,4.0,"풍부한 말차 맛: 부드럽고 벨벳 같은 질감의 크리미한 우유 대체품에 혼합된 프리미엄 우지 말차의 풍부한 감칠맛을 즐기세요. 일본 전통 공예: 오랜 전통을 가진 기술을 사용하여 제작되었으며, 각 배치는 교토의 숙련된 장인이 조심스럽게 돌로 갈아서 완전한 말차 맛을 냅니다. 크리미 한 만족: 뜨거운 물을 넣고 흔들어서 거품이나 특별한 장비가 필요 없이 언제든지 즉시 크리미한 말차 라떼를 경험할 수 있습니다. 재밀봉 가능한 백: 재밀봉 가능한 백은 말차 파우더를 최대 3개월 동안 신선하게 유지하고 쉽게 보관하고 운반할 수 있습니다. 영양 에너지 부스트: 항산화 물질 외에도 칼슘과 식물 기반 단백질을 함유하여 하루 종일 에너지를 유지합니다.",,"['말차', '가능하다', '크리미', '밀봉', '백', '풍부하다', '교토', '에너지', '우지', '맛']"
식음료,음료,차,,B0CY2XWG1P,"Total Tea 밀크 씨슬 티, 간 클렌징, 해독, 소화 건강 및 면역 체계 지원을 위한 천연 허브 티, 밀크 씨슬 씨앗 차 - 티백 40개",Total Tea,34625,27686,4.5,6.0,"천연 카페인 프리 허브 티: 밀크 씨슬 차는 밀크 씨슬 식물의 씨앗으로 완전히 만들어졌습니다. 인공 향료, 색소, 필러 또는 방부제가 포함되어 있지 않습니다. 품질과 정성을 다해 만든 제품을 선택하는 데 자신감을 느끼며 이 허브 티의 맛을 즐길 수 있습니다. 간 건강 지원: Total Tea 밀크 씨슬 티는 간 건강을 촉진하기 위해 특별히 제작되었으며, 강력한 해독 특성으로 알려진 100% 천연 밀크 씨슬 씨앗이 특징입니다. 소화 건강과 전반적인 웰빙을 지원하기 위해 이 허브 티 한 잔으로 간 클렌징을 높이세요. 부드러운 해독: 밀크 씨슬 씨앗의 부드럽지만 효과적인 해독 효과를 받아들입니다. 엄선된 허브 블렌드는 독소를 씻어내는 데 도움이 되며 신체의 자연스러운 해독 과정을 지원하면서 간 기능을 활성화합니다. 건강하고 깨끗한 피부 촉진: 항산화 물질과 천연 해독제가 함유된 이 허브 블렌드는 불순물 제거를 촉진하여 더 깨끗한 피부를 만듭니다. 영양이 풍부한 간과 활력을 되찾아주는 시스템으로 빛나는 빛을 경험하면서 뷰티 요법을 업그레이드하세요. 신뢰할 수 있는 품질: 당사의 모든 제품은 GMP 표준을 준수하는 시설에서 생산되며, 글루텐 프리, 카페인 프리 제품으로 비건에게 적합합니다.","전반적인 웰빙을 향상시키기 위해 세심하게 제작된 허브 블렌드인 Total Tea 밀크 씨슬 티의 혁신적인 힘을 발견하세요. 간, 소화 건강, 면역 체계 및 피부에 다양한 이점을 제공하는 100% 천연 허브 티로 일상 생활을 향상시키세요. 패키지당 40개의 개별 포장된 티백이 있는 Total Tea 밀크 씨슬 티는 편리하고 오래 지속되는 공급을 제공합니다. 바쁜 라이프 스타일에 이 유익한 차를 통합하는 유연성을 즐기며 모든 컵마다 신선함과 효능을 보장합니다.","['티', '밀크', '씨슬', '허브', '천연', '해독', '건강', '씨앗', '촉진', '소화']"
식음료,음료,차,,B0CVC6YB2S,"Maud's 에스프레소 차이 티 포드 1인분, 18개입 | 더러운 차차차이 티 라떼 K 컵 | 100% 캘리포니아 혼합 찻잎 | 재활용 가능한 포드 태양열 에너지 생산 Keurig K 컵 메이커와 호환",MAUD'S,20013,20013,3.9,35.0,"[맛있는 에스프레소 차이 티 라떼]: 따뜻하고 매운 픽업을 원하십니까? Maud's Dirty Cha-Cha Chai Latte k 컵은 부드러운 캘리포니아 차와 에스프레소의 터치를 결합하여 즐거운 부스트를 제공합니다. 계피, 생강, 올스파이스와 같은 따뜻한 향신료는 이 맛있는 k 컵 차이 라떼에 아늑한 느낌을 더합니다. [합리적인 가격]: 이 차이 라떼 k 컵으로 큰 비용을 들이지 않고도 코셔 재료의 고급스러움을 맛보세요. Maud의 차이 티 포드는 마음에 드는 가격으로 맛볼 수 있는 프리미엄 품질을 제공합니다. 지갑과 지구에 친절한 선량함에 빠져들고 있다는 것을 알고 마음의 평화를 즐기세요. [모든 컵의 품질]: 개별적으로 밀봉된 이 차이 라떼 k 컵은 큐리그 용 신선함을 유지하여 매번 완벽한 컵을 제공합니다. 큐리그 K 컵 호환성 덕분에 차분한 부스트로 하루를 시작하거나 긴 하루를 보낸 후 휴식을 취하세요. 간단히 포드를 넣고 추출하여 쉽게 휴식을 취할 수 있습니다. [간편한 편리함]: 지저분한 잎사귀를 버리고 즉각적인 평온함을 받아들이세요. Maud's k 컵 차이 라떼는 몇 초 만에 맛있는 핫 또는 아이스 티를 추출합니다. 바쁜 아침, 평화로운 저녁 또는 차분한 탈출을 갈망할 때마다 필요할 때마다 차이 라떼 포드로 평화의 순간을 즐기세요. [Maud's Legacy]: 캘리포니아 로스트 및 100% 태양 에너지 생산으로 세상을 지원하면서 차 애호가에게 잊을 수 없는 맛과 품질을 제공하는 브랜드의 핵심을 포착하는 티 포드로 매 모드의 본질을 경험하십시오. 모든 컵에서 맛, 경제성, 품질 및 편리함이 만나는 Maud's로 차 경험을 업그레이드하세요.",,"['컵', '차이', '라떼', '티', '포드', '에스프레소', '차', '캘리포니아', '맛있다']"
식음료,음료,차,,B0D1XPQ1GY,"Yerba Mate Tea - 항산화제, 해독, 소화 및 면역 지원을 위한 Unsmoked Yerba Mate 허브 티백, 에너지 향상 - 티백 30개",WOGORGT,20761,20761,4.5,1230.0,"예르바 마테 차: 고품질 yerba mate 잎을 사용하여 티백, 티백 30개, 순수 및 첨가제가 없습니다. yerba mate 차를 마시는 것은 항산화, 소화 및 면역 지원에 좋습니다. 천연 성분: 당사의 예르바 마테 차는 천연 예르바 마테 잎을 사용하여 원래의 맛을 복원합니다. 훈제, 무첨가 프리, GMO 프리 및 비건에 적합합니다. 언제든지 따뜻한 예르바 마테 차 한 잔을 즐길 수 있습니다. 건강 지원: Yerba mate 차는 많은 건강상의 이점을 가지고 있습니다. 해독, 산화 방지, 소화 개선, 에너지 및 면역 향상 등. 맛: yerba mate 티백은 약초 향이 희미합니다. 예르바 마테 차를 처음 마시면 약간 쓴맛과 떫은 느낌이 들지만 습관을 마신 후에는 부드럽고 좋은 느낌을 줍니다. 꿀, 설탕, 레몬을 추가하거나 다른 허브나 과일과 혼합하여 좋아하는 맛을 만들 수 있습니다. 양조 방법: yerba mate 티백을 꺼내 컵에 넣고 200mL 70-80℃(155-176°F)의 물을 넣고 3-5분 동안 기다렸다가 뜨거울 때 마신다. 차의 물의 양이나 우려진 시간을 조정하여 취향에 맞게 차의 맛을 조절할 수 있습니다.",,"['티백', '차', '마테', '맛', '예르바', '소화', '면역', '잎', '천연', '에너지']"
식음료,음료,차,,B0CYTL16JD,Green Hill Tea 유기농 엘더베리 허브 티 - 면역 체계 강화 잎차 블렌드 - USDA 인증 유기농 - 카페인 프리 릴랙싱 음료 - 226.8g(8온스) 백,Greenhilltea,23531,22146,4.6,589.0,"항산화 성분이 풍부한 블렌드 - 당사의 엘더베리 루스 리프 티는 말린 엘더베리와 기타 천연 성분의 강력한 조합을 자랑하며, 체내의 활성 산소를 중화시키는 데 도움이 되는 강력한 항산화 물질을 제공하여 전반적인 건강과 웰빙을 촉진합니다","Green Hill Tea의 유기농 엘더베리 허브 티의 즐거운 맛과 잠재적인 건강상의 이점을 누리세요. 최고급 유기농 성분으로 공급되는 엘더베리 루스 리프 티 블렌드는 면역 체계를 자연스럽게 지원하면서 진정 및 아로마 음료 경험을 제공하도록 꼼꼼하게 제작되었습니다. Green Hill Tea는 특히 신체의 면역 방어를 지원하는 데 있어 건강한 라이프 스타일을 유지하는 것의 중요성을 잘 알고 있습니다. 그렇기 때문에 잠재적인 면역 강화 특성으로 유명한 엘더베리 허브 티를 신중하게 선별했습니다. 엘더베리의 항산화 능력을 활용한 당사의 허브 티 블렌드는 활성 산소와 싸우는 화합물의 강력한 공급원으로, 잠재적으로 세포 보호를 돕고 활력을 촉진합니다. 히비스커스와 말린 블랙커런트의 생생한 맛으로 보완된 유기농 엘더베리 차 한 모금은 자연의 장점을 제공하여 일상적인 웰빙 루틴에 즐거운 추가 아이템이 됩니다.","['엘더', '베리', '티', '유기농', '허브', '면역', '블렌드', '강력하다', '성분', '활']"
식음료,음료,차,,B0D7KRW2WN,"LeafLea Herbal Butterfly 완두콩 꽃 티백 | 블루 & 퍼플 차 음료 및 식용 색소용 천연 나비 티백 완두콩 차 나비, 블루 버터플라이 티, 카페인 프리 | 티백 80개(2팩)",LeafLea,27630,27630,4.2,85.0,"천연 성분 - 인공 첨가물이나 화학 물질 없이 프리미엄 말린 나비 완두콩 꽃을 꼼꼼하게 선택합니다. 각 티백에는 갓 수확한 꽃이 포함되어 있어 모든 컵에 부드러운 맛과 생생한 색상을 보장합니다. 풍부한 천연 영양소 - 나비 완두콩 꽃은 항산화 물질과 필수 영양소로 가득 차 있어 면역력과 휴식을 촉진합니다. 전반적인 웰빙과 균형을 위해 LeafLea 버터플라이 완두콩 꽃차를 즐기세요. 음료 및 염료로 다용도 - 맛있는 허브 티 외에도 나비 완두콩 꽃은 동남아시아 전역에서 천연 식품 염료 역할을 합니다. LeafLea 나비 완두콩 꽃차로 요리의 창의성을 탐험하세요. 쌀, 빵, 디저트, 아이스크림을 향상시키거나 생생한 블루 칵테일을 만드는 데 적합합니다. 생생한 색상 변화 블루 피티 - 물의 pH 수준에 따라 선명한 파란색에서 로열 퍼플로 변하는 블루 피 플라워 티의 매혹적인 변화를 경험하십시오. 뜨겁거나 차가운 순하고 기분 좋은 맛을 즐기고 달콤함을 위해 꿀을 첨가하십시오. 개별 티백 및 스트링 - 당사의 블루 버터플라이 피티는 최적의 주입을 위해 개별적으로 포장된 이중 챔버 티백으로 제공되어 모든 컵에 강렬한 맛을 보장합니다. 각 티백은 음료 염료를 위해 1리터 이상의 생생한 푸른 물을 생산할 수 있습니다.",,"['티백', '완두콩', '블루', '꽃', '나비', '생생하다', '천연', '염료', '맛', '버터플라이']"
식음료,음료,차,,B0CYSYHJTC,"Happy Valley Tea Company 트로피컬 피나 콜라다 화이트 티 블렌드 – 14- 사첼 – 칵테일에서 영감을 받은 – 뜨거운, 아이스 또는 모크테일을 즐기세요. 코코넛, 파인애플 화이트 티 - 인공 향료 없음",Happy Valley Tea Company,27630,27630,4.8,26.0,"수제 차는 뜨겁거나 차갑게 즐길 수 있습니다! 나만의 방식으로 즐기세요: 풍미 가득한 허브와 천연 향이 독특하게 주입된 이 크래프트 티는 여러분의 입맛을 놀라게 할 것입니다! 핫, 아이스를 즐기거나 클럽 소다 및 기타 재료를 추가하여 나만의 목테일을 만들어보세요. 항산화 파워하우스: 백차는 폴리페놀이 풍부하며, 활성 산소와 싸우는 강력한 항산화 물질로 세포 건강과 빛나는 피부를 촉진합니다. 피부 영양: 금송화와 잇꽃은 피부 진정 및 활력 회복으로 유명합니다. 에코 친화적인 고품질 향 주머니 티백으로 14인분을 즐기세요! 나만의 목테일을 만들어보세요! 건배! 친구와 함께 또는 혼자서 즐기세요.",,"['피부', '티', '뜨겁다', '화이트', '활', '향', '항산화', '아이스', '목테일', '수제']"
식음료,음료,차,,B0D9P5RBFF,Y'all Sweet Tea - 퍼펙트 배치 티백 10개 팩 - 3.8L(1갤런) 사이즈(레몬),Y'all Sweet Tea,26301,26301,4.7,5064.0,부드러운 뒷맛,"Y'all Sweet Tea 최고의 아이스 티 경험을 만드는 맞춤형 블렌드 티입니다! 가방 뒷면에 있는 패밀리 레시피와 짝을 이루면 진정한 남부의 진미인 남부 스위트 티를 얻을 수 있습니다. 걱정하지 마세요. 달콤한 차를 좋아하지 않는 분들은 원하는 만큼 감미료를 적게 또는 많이 첨가할 수 있습니다. 네, 저희는 여러분이 인기 있는 페이스북 페이지에서 본 멋진 차 회사입니다. Brenda Gantt와 함께 요리하세요! 저희 차는 3.8L(1갤런) 및 1.5L(0.5갤런) 백에 카페인 및 디카페인 형태로 제공됩니다!","['갤런', '티', '남부', '차', '회사', '레몬', '백', '배치', '멋지다', '맞춤']"
식음료,음료,차,,B0D8JK583B,"BEI CAI 히비스커스 티백, 2g X 50개 천연 순수 건조 히비스커스 허브 티, 상쾌한 타르트 맛, 카페인 프리 - 항산화 물질 및 소화 지원 (히비스커스 차)",beicai,13836,13836,4.8,13.0,"【선호하는 품질】히비스커스 꽃을 신중하게 선택하고 신중하게 건조하여 중요한 영양소를 보존합니다. 인공 첨가제나 화학 물질 없이 자연스럽고 신선한 허브 티를 제공합니다. 【풍부한 영양】히비스커스 차는 맛있을 뿐만 아니라 비타민 C, 비타민 A, 항산화 물질, 천연 색소, 과일 산, 안토시아닌, 다양한 비타민 및 미량 원소가 자연적으로 풍부하여 신체에 건강상의 이점을 제공합니다. 【기분 좋은 맛】히비스커스 차는 천연 식용 안료로 사용할 수 있습니다. 다크 레드 톤입니다. 뜨거운 음료이든 차가운 음료이든 달콤함과 과일 향이 함께 제공됩니다. 맛보면 상쾌함을 느낄 것입니다. 정말 즐겁습니다! 【안전 및 환경 보호】천연 옥수수 섬유로 만든 티백은 표백 형광제 없음, 가볍고 얇은 질감, 강한 투과성, 분해 가능한 소재, 우수한 내열성, 인체에 부정적인 영향을 주지 않습니다. 100% 안전합니다. 【쉬운 추출】50개의 히비스커스 티백을 재밀봉 가능한 백에 넣어 신선하게 유지합니다. 차를 마실 때 티백을 236.6ml(8온스)의 끓는 물에 넣고 뜨거운 물에 약 5-10분 동안 담그고 티백을 꺼내면 즐길 수 있습니다. 저희는 프리미엄 제품을 제공하기 위해 최선을 다하고 있습니다. 어떤 종류의 제품에도 만족하지 못하셨다면 저희에게 연락해 주시면 만족스러운 해결책을 제공해 드리겠습니다!",,"['히비스커스', '티백', '천연', '물질', '비타민', '티', '과일', '뜨겁다', '물', '상쾌하다']"
식음료,음료,차,,B00JK08NVY,Buddha Bubbles Boba 면 캔디 보바 / 버블 티 드링크 믹스 파우더 (1kg/2.2파운드),Buddha Bubbles Boba,34611,34611,3.2,21.0,솜사탕 보바 / 버블 티 드링크 믹스 파우더 Buddha Bubbles Boba Inc. 1kg(2.2파운드) D.I.Y.,"Boba란 무엇입니까? 보바 또는 버블 티라고도 알려진 보바 티는 대만의 차 기반 음료로, 보바라고 알려진 타피오카 또는 컵 바닥에 타피오카 진주를 함유하고 있습니다. 이 보바는 초대형 빨대를 통해 빨아들이며 젤리 곰처럼 씹을 수 있습니다. Boba를 언제 발명했는지 정확히 불분명하지만, 1980년대에 타이충 대만이 어디인지 알고 있습니다. 대부분의 보바/버블 티 레시피에는 과일이나 우유와 혼합된 티 베이스가 포함되어 있습니다. 인기 있는 맛은 다음과 같습니다: 허니듀 멜론, 타로, 말차 녹차 라떼. 보바는 가장 자주 차갑고 때로는 뜨겁게 제공되며 스무디처럼 섞거나 칵테일처럼 흔들어 줍니다. 수백 가지 종류의 음료가 있으며, 가장 인기 있는 보바/버블 티 음료는 타피오카 진주가 들어간 밀크티입니다. Boba의 변형도 있으며, 주로 색상은 다크 브라운입니다. 보바는 매우 부드럽고 달콤한 맛을 가지고 있습니다. 일부 상점은 젤리라고도 불리는 맛의 젤라틴을 컵 바닥에 추가합니다. 최신 유형의 보바는 과일 맛 시럽으로 채워진 보바 밤(터짐) 진주 사이즈 비즈라고 불리며, 물었을 때 팝니다. Boba 가게가 전 세계에 튀어나오고 있습니다. 보바 음료 한 개가 평균 약 $6.00를 돌려줄 것입니다. 품질은 상점마다 다를 수 있지만 Buddha Bubbles Boba는 최고 품질뿐만 아니라 가장 놀라운 맛에 자부심을 가지고 있습니다. 그러니 오늘 Boba를 보고 미소를 지으세요.","['보바', '티', '버블', '맛', '음료', '타피오카', '진주']"
식음료,음료,차,,B0CXX968BP,"Organic Pu Erh Tea, USDA 인증 숙성 유기농 익은 푸에르 차 잎차, 먼지 없는 생산 워크샵, 중국 운남 고대 나무 푸에르 차, 핫 브루에 적합, 99.2g(3.5온스)",KHS,13836,13836,4.3,171.0,"무해한 유기농 푸에르 티 --- 당사의 유기농 푸에르 차는 홍차 잎 중 하나이며 엄선된 찻잎으로 만들어졌습니다. 당사의 차는 유해한 살충제나 화학 물질이 없는 순수하고 자연스러운 경험을 보장합니다. 컵을 채우면서 가벼운 주입에 빠져보세요. 매력적인 색상 및 아로마 --- 유기농 pu-erh 루스 찻잎은 짧고 얇은 스트립 형태입니다. 추출 후 차 국물은 붉은 갈색이며 강한 차 향이 납니다. 맛은 매끄럽고 두꺼운 차 맛이 입안에 남아 있습니다. 다용도 및 건강한 장점 --- 유기농 pu erh 티 루스 리프에는 차 폴리페놀이 풍부하여 자연스럽게 에너지 수준과 정신적 선명도를 향상시킵니다. 또한 기름기를 완화하고 신진 대사를 촉진하여 건강상의 이점이 있습니다. 추출 방법 --- 브루잉을 위해 한 번에 6-7.9g(0.2-2.8온스)의 찻잎을 섭취하십시오. 찻잎이 너무 많으면 쓴맛이 날 수 있으므로 개인 취향에 따라 양을 선택하세요. 잎이 늘어나고 마실 때까지 기다리십시오. 생산 과정 --- 신선한 잎을 따면 퍼짐, 죽이기, 고문, 햇볕에 건조, 젖은 물 및 스택 발효 과정을 거칩니다. 이러한 공정은 잘 익은 푸에르 차의 신선함과 품질을 보장합니다.",,"['차', '유기농', '에르', '찻잎', '잎', '신선하다', '티', '보장', '추출', '생산']"
식음료,음료,차,,B00JJZQ0XS,Buddha Bubbles Boba CHAI TEA LATTE 보바/버블 티 드링크 믹스 파우더 (1kg / 2.2파운드),Buddha Bubbles Boba,26301,27686,4.2,3113.0,"차이 티 라떼 보바 / 버블 티 드링크 믹스 파우더 작성자: Buddha Bubbles Boba 무게: 1kg (2.2파운드) D.I.Y. 맛과 품질이 조화롭게 조화를 이루어 완벽한 보바 경험을 선사하는 Buddha Bubbles Boba를 소개합니다. 저희 브랜드는 버블티 세계의 우수성과 동의어로, 다양한 감칠맛 나는 맛과 프리미엄 보바 음료 파우더를 제공하여 독특한 욕구를 충족시킵니다. 타로의 편안한 에센스와 말차의 상쾌한 풍미부터 클래식 밀크티의 풍부한 탐닉까지, ...저희는 여러분이 좋아하는 음료를 즐겁고 진정한 걸작으로 바꾸는 탁월한 보바 음료 파우더를 제공하는 것에 자부심을 가지고 있습니다. Buddha Bubbles Boba를 사용하면 음료를 마시는 것이 아닙니다. 맛과 질감의 여정을 시작하고 완벽하게 수작업으로 제작되었습니다. 보바 경험을 향상시키세요 - Buddha Bubbles Boba 제품을 선택하고 버블티의 진정한 본질을 발견하세요. Eat Bubbles...Be Happy (c) 또한 구매 가능: 아몬드, 아보카도, 바나나, 블루 하와이안 레모네이드, 풍선껌, 캐러멜, 차이, 코코넛 차이, 커피, 솜사탕, 두리안, 그린 애플, 그린 코코넛, 그린 바닐라, 허니듀, 잭 프루트, 재스민, 라벤더, 리치, 망고, 말차/녹차, 밀크티, 모카, 파파야, 패션 프루트, 복숭아, 땅콩 버터, 페퍼민트, 피나 콜라다, 파인애플, 파인애플, 호박 향신료, 로즈, 솔티드 캐러멜, 딸기, 타로, 타이 티, 바닐라, 바닐라 차이, 수박.","Buddha Bubbles Boba CHAI TEA LATTE 보바/버블 티 드링크 믹스 파우더 (1kg / 2.2파운드) 보바란 무엇입니까? 보바 또는 버블 티라고도 알려진 보바 티는 컵 바닥에 보바 또는 타피오카 진주로 알려진 타피오카를 포함하는 대만의 차 기반 음료입니다. 이 보바는 초대형 빨대를 통해 빨려 들어가며 젤리 곰처럼 쫄깃합니다. 언제 또는 누가 보바를 발명했는지는 확실하지 않지만, 1980년대 타이충 타이완이 어디에 있는지 알고 있습니다. 대부분의 보바/버블 티 레시피에는 과일이나 우유가 섞인 티 베이스가 포함되어 있습니다. 인기 있는 맛은 허니듀 멜론, 타로, 말차 녹차 라떼입니다. Boba는 가장 자주 차갑고 때로는 뜨겁게 제공되며 스무디처럼 혼합되거나 칵테일처럼 흔들 수 있습니다. 음료에는 수백 가지 변형이 있으며, 가장 인기 있는 보바/버블 티 음료는 타피오카 진주가 들어간 밀크티입니다. 보바의 변형도 있으며, 대부분 색상은 다크 브라운입니다. 보바는 매우 부드럽고 달콤한 맛을 가지고 있습니다. 일부 상점에서는 젤리라고도 불리는 향이 나는 젤라틴을 컵 바닥에 추가합니다. 최신 유형의 보바는 ""팝핑 보바""라고 불리며, 과일 맛 시럽으로 채워진 진주 크기의 비즈로 물었을 때 터집니다. Boba 상점이 전 세계에 등장하고 있습니다. 보바 음료 한 잔으로 평균 약 $6.00를 돌려받을 수 있습니다. 품질은 매장마다 다를 수 있지만 Buddha Bubbles Boba는 최고 품질뿐만 아니라 가장 놀라운 맛에 자부심을 느낍니다. 오늘 Boba를 먹고 미소를 지으세요.","['보바', '티', '음료', '맛', '버블', '파우더', '차이']"
식음료,음료,차,,B00JJZCDOS,PINA COLADA 보바 / 버블 티 드링크 믹스 파우더 Buddha Bubbles Boba 1킬로 (2.2파운드) | (1000g),Buddha Bubbles Boba,37381,31841,4.0,19.0,"Pina Colada 보바 티 드링크믹스 파우더 3 in 1 (맛, 크리머 및 설탕) D.I.Y. (직접 해보세요) 세 가지 사이즈 제공: 10온스, 1파운드, 1킬로 (2.2파운드) 1킬로 45회 이상의 음료를 만들 수 있음, 1파운드로 20회 이상의 음료를 만들 수 있음, 10온스 음료 이상 추가 가능: 아몬드, 아보카도, 바나나, 블루 하와이안 레모네이드, 버블 껌, 캐러멜, 차이, 코코넛 차이, 커피, 솜사탕, 두리안, 그린 애플, 그린 코코넛, 그린 바닐라, 허니듀, 잭 프루트, 재스민, 라벤더, 리치, 망고, 말차/녹차, 밀크 티, 모카, 파파야, 패션프루트, 피넛 버터, 페퍼민트, 피나 콜라다 파인애플, 호박 향신료, 로즈, 솔티드 캐러멜, 딸기, 타로 / 우베, 타이 티, 바닐라, 바닐라 차이, 수박.","Boba란 무엇입니까? 보바 또는 버블 티라고도 알려진 보바 티는 대만의 차 기반 음료로, 보바라고 알려진 타피오카 또는 컵 바닥에 타피오카 진주를 함유하고 있습니다. 이 보바는 초대형 빨대를 통해 빨아들이며 젤리 곰처럼 씹을 수 있습니다. Boba를 언제 발명했는지 정확히 불분명하지만, 1980년대에 타이충 대만이 어디인지 알고 있습니다. 대부분의 보바/버블 티 레시피에는 과일이나 우유와 혼합된 티 베이스가 포함되어 있습니다. 인기 있는 맛은 다음과 같습니다: 허니듀 멜론, 타로, 말차 녹차 라떼. 보바는 가장 자주 차갑고 때로는 뜨겁게 제공되며 스무디처럼 섞거나 칵테일처럼 흔들어 줍니다. 수백 가지 종류의 음료가 있으며, 가장 인기 있는 보바/버블 티 음료는 타피오카 진주가 들어간 밀크티입니다. Boba의 변형도 있으며, 주로 색상은 다크 브라운입니다. 보바는 매우 부드럽고 달콤한 맛을 가지고 있습니다. 일부 상점은 젤리라고도 불리는 맛의 젤라틴을 컵 바닥에 추가합니다. 최신 유형의 보바는 ""팝핑 보바""라고 불리며, 과일 맛 시럽으로 채워진 진주 크기의 비즈를 물면 팝니다. Boba 가게가 전 세계에 튀어나오고 있습니다. 보바 음료 한 개가 평균 약 $4.00를 돌려줄 것입니다. 품질은 상점마다 다를 수 있지만 Buddha Bubbles Boba는 최고 품질뿐만 아니라 가장 놀라운 맛에 자부심을 가지고 있습니다. 그러니 오늘 Boba를 보고 미소를 지으세요.","['보바', '티', '음료', '맛', '버블', '바닐라', '타피오카', '차이', '진주', '그린']"
식음료,음료,차,,B0D8WP7LP4,"스테인리스 스틸 스푼 번들 - 135cm - 골드, 마다가스카르 바닐라 레드 티백 - 20개 20개 팩, 2개 팩",westlake art,18198,18198,,,"[Premium -Natural Ingredients] - Celestial seasonings herbal tea flavored vanilla chai tea is crafted with the authentic, natural Madagascar vanilla. No artificial additives, just pure, indulgent flavor. [Eco-Conscious & Ethical] - Choose Celestial seasonings tea, caffeine free vanilla tea herbal blend, knowing it's sustainably sourced and packaged. Contributing to a healthier planet with every cup. [Soothing Antioxidant Brew] - Savor the calming effects of pure rooibos tea, enhanced with the sweet essence of Madagascar vanilla. A caffeine-free delight packed in convenient rooibos tea bags for your relaxation. [Conveniently Packaged] - Enjoy the ease of 20 individually wrapped celestial tea bags per pack, ensuring your vanilla maple tea stays fresh. Perfect for home or on-the-go indulgence. [Celestial Tea Quality] - Indulge in the blend of tea rooibos, meticulously selected for a pure, real taste. Free from artificial additives, our red tea rooibos is a guilt-free pleasure for discerning tea lovers.","스테인리스 스틸 스푼 번들 - 135cm - 골드, 마다가스카르 바닐라 레드 티백 - 20개 20개 팩, 2개 팩","['티백', '스푼', '스틸', '스테인리스', '바닐라', '마다가스카르', '레드', '골드']"
식음료,음료,차,,B0D381456G,"EidolonGreen [중국 약초] 100% 천연 들깨 프루테센스 차, 유기농 들깨 엽차, (들깨 폴리움/지수예/자소엽) GMO 프리, 카페인 프리, 표백제 프리 티백 15개",EidolonGreen,23531,23531,,,특징: 민트과의 다년생 식물인 페릴라 프루테센스는 일상 식단에 포함될 때 얻을 수 있는 수많은 건강상의 이점으로 가득합니다. 포장: 티백은 식품 등급 옥수수 섬유로 만들어졌으며 100% 표백제가 없으며 깨끗하고 위생적이며 휴대가 간편하며 언제든지 쉽게 마실 수 있는 간단한 추출 방법입니다. 성분: 100% 천연 유기농 들깨 잎 이 유형의 차는 205° ~ 135.6°C(205°~250°F)의 물에서 추출하는 것이 가장 좋습니다. 차를 5-7분 동안 담그면 완벽하고 맛있는 차 한 잔을 만들 수 있습니다. 생산 라인의 모든 제품은 천연 유기농 및 카페인 프리 제품으로 일상 생활에 건강한 선택을 제공합니다.,,"['프리', '들깨', '차', '유기농', '천연', '티백', '추출', '카페인', '일상', '표백제']"
식음료,음료,차,,B0CZXRX4CZ,"스테인리스 스틸 집게 & 티백 압착기 번들, 허브 티, 시나몬 애플 스파이스, 20개, 2개 팩",moofin,17464,17464,,,"시나몬 애플 스파이스 허브 티백 20개입 박스 1개 베트남 계피, 히비스커스, 오렌지 껍질이 함유되어 있습니다 카페인 및 글루텐 프리 인공 향료, 색소 또는 인공 방부제 없음 완벽한 컵을 위해 뜨거운 물에 4-6분 동안 우려주세요","스테인리스 스틸 집게 & 티백 압착기 번들, 허브 티, 시나몬 애플 스파이스, 20개, 2개 팩","['스파이스', '시나몬', '티백', '허브', '애플', '압착기', '집게', '스틸', '인공', '티']"
식음료,음료,차,,B0D6Z3LV98,Juni 스파클링 티 번들-4팩,generic,32741,32741,,,차,Juni 스파클링 티,"['티', '스파클링', '팩차']"
식음료,음료,차,,B00JK03EMC,솔티드 캐러멜 랩 보바 / 버블 티 드링크 믹스 파우더 Buddha Bubbles Boba 제작 (1kg),Buddha Bubbles Boba,31841,31841,4.1,7.0,"솔티드 캐러멜 보바 / 버블 티 드링크 믹스 파우더 Buddha Bubbles Boba Inc. 1kg(2.2파운드) D.I.Y. 추가 가능: 아몬드, 아보카도, 바나나, 블루 하와이안 레모네이드, 버블 껌, 캐러멜, 차이, 코코넛 차이, 커피, 솜사탕, 두리안, 그린 애플, 그린 코코넛, 그린 바닐라, 허니듀, 잭 프루트, 재스민, 라벤더, 리치, 망고, 말차/녹차, 밀크 티, 모카, 파파야, 패션프루트, 피넛 버터, 페퍼민트, 피나 콜라다 파인애플, 호박 향신료, 로즈, 솔티드 캐러멜, 딸기, 타로 / 우베, 타이 티, 바닐라, 바닐라 차이, 수박. Eat Bubbles...Be Happy (c)","Boba란 무엇입니까? 보바 또는 버블 티라고도 알려진 보바 티는 대만의 차 기반 음료로, 보바라고 알려진 타피오카 또는 컵 바닥에 타피오카 진주를 함유하고 있습니다. 이 보바는 초대형 빨대를 통해 빨아들이며 젤리 곰처럼 씹을 수 있습니다. Boba를 언제 발명했는지 정확히 불분명하지만, 1980년대에 타이충 대만이 어디인지 알고 있습니다. 대부분의 보바/버블 티 레시피에는 과일이나 우유와 혼합된 티 베이스가 포함되어 있습니다. 인기 있는 맛은 다음과 같습니다: 허니듀 멜론, 타로, 말차 녹차 라떼. 보바는 가장 자주 차갑고 때로는 뜨겁게 제공되며 스무디처럼 섞거나 칵테일처럼 흔들어 줍니다. 수백 가지 종류의 음료가 있으며, 가장 인기 있는 보바/버블 티 음료는 타피오카 진주가 들어간 밀크티입니다. Boba의 변형도 있으며, 주로 색상은 다크 브라운입니다. 보바는 매우 부드럽고 달콤한 맛을 가지고 있습니다. 일부 상점은 젤리라고도 불리는 맛의 젤라틴을 컵 바닥에 추가합니다. 최신 유형의 보바는 ""팝핑 보바""라고 불리며, 과일 맛 시럽으로 채워진 진주 크기의 비즈를 물면 팝니다. Boba 가게가 전 세계에 튀어나오고 있습니다. 보바 음료 한 개가 평균 약 $4.00를 돌려줄 것입니다. 품질은 상점마다 다를 수 있지만 Buddha Bubbles Boba는 최고 품질뿐만 아니라 가장 놀라운 맛에 자부심을 가지고 있습니다. 그러니 오늘 Boba를 보고 미소를 지으세요.","['보바', '티', '버블', '맛', '캐러멜', '음료', '차이', '진주', '타피오카', '바닐라']"
식음료,음료,차,,B004R8V9FQ,"Nature's Guru 인스턴트 카다멈 차이 티 드링크 믹스, 가당 제품, 1인분 10개, 휴대용 음료 패킷 (4팩)",Nature's Guru,43405,43405,4.5,551.0,"카다멈 차이: 카다멈이 들어간 이 살짝 달콤한 정통 인도 차이가 마음에 드실 겁니다. 달이거나 끓일 필요 없이, 뜨거운 물을 붓고 맛있는 차이 한 잔을 즐기세요. 자연적으로 GMO 프리 및 글루텐 프리인 제품입니다. - - 인스턴트 차이: 좋아하시는 것이 가당 차이든 무가당 차이든, 즐기시는 것이 저희 클래식 또는 바닐라 차이든, 원하시는 것이 마살라, 사프란, 생강, 레몬그라스 같은 매콤한 차이 또는 허브 차이든 상관없이, 저희가 여러분을 위한 차이를 준비했습니다. 즉각적인 만족: Nature's Guru 인스턴트 차이 믹스, 유기농 전체 잎차, 마드라스 커피, 부드러운 코코넛 워터 파우더로, 언제든지 맛있는 천연 음료를 마실 수 있습니다. 맛있고 편리함: 뜨거운 음료와 라떼 믹스, 차이, 티백, 코코넛 워터 파우더는 언제 어디서나 뜨거운 물이나 찬물에 넣어 혼합할 수 있습니다. 개별 패키지는 언제 어디서든 쉽게 즐길 수 있습니다. NATURE'S GURU: 저희는 언제 어디서든 가방에 쉽게 휴대할 수 있는 건강 및 웰빙 식품과 음료를 만드는 데 열정을 쏟고 있습니다. 저희 인스턴트 차이, 전체 잎차, 코코넛 워터 파우더 등을 사용해보세요. 맛있는 인스턴트 차이: 가당 차이를 좋아하시나요, 아니면 무가당 차이를 좋아하시나요? 저희 클래식 또는 바닐라 차이와 같은 대표적인 맛을 좋아하시나요, 아니면 마살라 향신료, 사프란, 생강, 카다멈, 레몬그라스와 같이 맛을 마무리하는 매콤한 차이나 허브 차이를 원하시나요?","Nature's Guru 천연 인스턴트 카다멈 차이를 통해 동남아시아의 보물을 만나보세요. 특별히 제조된 풍부한 천연 고급 차이티 블렌드를 집, 사무실 또는 이동 중에도 언제든지 편리하게 즐겨보세요.","['차이', '인스턴트', '카다멈', '맛있다', '음료', '워터', '코코넛', '뜨겁다', '믹스', '천연']"
식음료,음료,차,,B0CS3XTJZG,"Teeccino Snickerdoodle 허브 티 - 프리바이오틱, 카페인 프리 및 무산성 디저트 음료, 티백 10개",Teeccino,11758,11758,4.4,832.0,"대담하고 매운 허브 티 - 맛있는 저칼로리 디저트 티를 즐기거나 유기농 로스트 캐롭, 치커리, 아몬드, 대추야자 및 무화과 위에 계피 스파이크가 들어간 달콤하고 매운 노트가 특징인 웨이크업 티. 3배 더 많은 허브 - Teeccino의 6g 티백은 표준 티백보다 3배 더 많은 허브를 담을 수 있어 컵의 건강을 극대화하는 이점을 높입니다. GMO 프리, 유기농 허브. 인공 향료, 화학 물질 또는 방부제가 없습니다. 천연 카페인 프리 - 각성제가 아닌 영양소에서 자연스러운 에너지 부스트를 경험하십시오. 낮이나 밤 언제든지 완벽합니다. 무설탕 Teeccino 제품은 온 가족을 위한 간식입니다. 장 건강을 위한 프리바이오틱스 - 치커리 뿌리의 이눌린은 프로바이오틱스에 영양을 공급하는 프리바이오틱 용해성 섬유입니다. 각 컵은 거의 400mg의 이눌린으로 좋은 소화를 지원합니다. 뜨거운 차 또는 아이스 티를 즐기세요 - 라떼 또는 카푸치노에 적합 - 뜨겁거나 거품이 있는 우유 / 비유제품 우유를 추가하세요. Chilled Teeccino 더운 여름날 상쾌한 차가운 음료를 만듭니다. 최대 일주일 동안 냉장 보관하고 재가열하거나 얼음 위에 붓습니다.",,"['허브', '티', '프리', '티백', '커리', '디저트', '우유', '뜨겁다', '눌린', '맵다']"
식음료,음료,차,,B0D199MXR3,"Twinings 얼 그레이 티 엑스트라 스트롱 2팩 - 시트러스 베르가못 향이 함유된 밝고 풍미 있는 홍차, 카페인 티백, 개별 포장, 각 20개",Twinings,17991,17991,4.4,1072.0,"얼 그레이 볼드 티는 이제 얼 그레이로 매우 강력합니다: 더욱 정교한 향이 주입된 동일한 클래식 얼 그레이 티를 경험하여 풍부하고 생생한 맛의 군침 도는 차를 만듭니다. 균형 잡힌 차 블렌드: 이 활발하고 향기로운 블렌드는 전 세계 최고의 차 재배 지역에서 엄선된 홍차 잎으로 시작됩니다. 가장 신선한 차: 각 Twinings 티백은 대담한 홍차와 베르가못 오렌지의 독특한 맛이 들어 있어 신선함을 위해 감싸고 밀봉되어 매번 완벽하게 만족스러운 차 한 잔을 제공합니다. 차 준비: 얼그레이 엑스트라 스트롱 차 한 잔을 끓는 물에 4-5분 동안 담근 후 우유 유무에 관계없이 즐기세요. 맛있는 아이스티를 위해 얼음 위에 붓기 전에 브루를 식히세요. 원하는 대로 달콤하게 만드세요. 전통과 혁신의 시그니처 조화: Twinings 소비자가 한 번에 한 모금씩 기분이 좋고 잘 살기 위한 작은 조치를 취함으로써 소비자가 ""삶을 마시도록 격려합니다"".",,"['차', '얼그레이', '홍차', '티', '맛', '소비자', '엑스트라', '블렌드', '베르가']"
식음료,음료,차,,B0D6GL7ZDX,"Southern Breeze 블루베리 콜드 브루 스위트 티 블루베리 아이스 티, 홍차와 탄수화물 제로 설탕, 개별 포장된 티백 20개",Southern Breeze,13836,13836,4.3,282.0,"탄수화물 없음, 설탕 제로 달콤한 차: Southern Breeze 콜드 브루 티는 설탕, 칼로리, 탄수화물이 없지만 같은 훌륭한 맛을 가진 맛있는 남부 스타일의 스위트 티를 제공합니다! 차가운 블루베리 아이스티는 진짜 홍차 잎으로 만들어졌으며 천연 향이 있어 완벽한 무설탕 아이스 티 한 잔을 제공합니다. 1인용 콜드 브루 티백: Southern Breeze 홍차는 취침 시간을 놓칠 걱정이나 끓는 물의 번거로움 없이 대담한 맛을 약속합니다. 각 콜드 브루 티 박스에는 블루베리 스위트 티와 박스당 20개의 개별 포장된 티백이 포함되어 있습니다. 달콤함이 가방에 담겨 있습니다: 모든 Southern Breeze 티백은 미리 단맛을 냈으며 단 5분만에 만들 수 있습니다! 계량이나 지저분함이 없습니다. 달콤한 티백을 우려서 차갑게 하고 콜드 브루 아이스티를 즐기세요! 무설탕 아이스 티를 위한 차가운 음료로 쉽게 만들 수 있습니다. 남부 스위트 티: 남부 전통에서 추출된 Southern Breeze 콜드 브루 티는 조지아에서 자랑스럽게 설립되었습니다. 우리는 칼로리를 제거하고 맛있는 아이스 티 여름 음료를 위해 여러분이 알고 사랑하는 맛으로 차 콜드 브루 제로 설탕 차를 만듭니다. 더 달콤한 세상: Southern Breeze Sweet Tea는 일회용 플라스틱 병을 제거하는 데 전념하고 있습니다. 당사의 스위트 티 회사는 2030년까지 온실 가스를 25% 줄이는 과학 기반 목표물에 대한 당사의 헌신을 신뢰합니다.",,"['티', '브루', '콜드', '설탕', '티백', '스위트', '아이스', '블루베리', '달콤하다', '맛']"
식음료,음료,차,,B0CKWYLYZQ,Olvvla - 프리미엄 호로파 씨앗 티백 - 3g X 60개 - 100% 순수 천연 호로파 메티 씨앗 - GMO 프리 - 카페인 프리 - 글루텐 프리 - 호로파 차,Olvvla,16606,16606,4.3,909.0,"【프리미엄 성분】저희는 인공 첨가물 없이 100% 순수 천연인 고품질 황금 호로파 씨앗만을 원료로 선택합니다. 각 티백에는 3g의 전체 씨앗이 포함되어 있어 풍부한 영양소가 있는 호로파 씨앗 차의 전통적인 맛을 즐길 수 있습니다. 【독특한 맛】호로파 씨앗 한 컵을 추출하면 메이플 시럽과 같은 매우 기분 좋은 향기가 납니다. 더욱 매력적인 것은 호로파 씨드 티를 부드럽고 편안한 단풍나무 맛으로 만드는 약간 독특한 단맛인 맛입니다. 【수유 촉진】수유부를 위한 오래된 레시피인 호로파 씨앗 차는 우유 생산을 촉진하는 것으로 알려져 있습니다. 이 영양이 풍부한 차 한 잔에 빠지면서 아이를 키우세요. 호로파 씨앗 차를 한 모금씩 마시면 모유 수유 여정이 즐거워집니다. 【건강상의 이점】항산화 물질, 미네랄 및 비타민이 함유되어 있습니다. 호로파 씨앗 차는 소화를 지원하고 피부 건강을 개선할 뿐만 아니라 면역력을 높이는 데 도움이 됩니다. 호로파 씨앗 차를 정기적으로 섭취하는 것은 전반적인 웰빙을 향상시키는 훌륭한 자연스러운 방법입니다. 【쉬운 사용】60개의 호로파 씨앗 티백을 재밀봉 가능한 백에 넣어 신선하게 유지합니다. 한 개를 컵에 넣고 끓는 물 236.6ml(8온스)를 넣으세요. 약 10-15분 동안 우려냅니다. 티백을 꺼낸 다음 이 호로파 씨앗 차를 즐기세요! 저희는 프리미엄 제품을 제공하기 위해 최선을 다하고 있습니다. 어떤 측면에서든 저희 제품에 만족하지 못하셨다면 저희에게 연락해 주시면 만족스러운 해결책을 제공해 드리겠습니다!",,"['호로파', '씨앗', '차', '티백', '맛', '프리미엄', '프리']"
식음료,음료,차,,B0D6N1G4MK,"Holy Matcha 교토산 정통 일본산 의식 녹차 파우더 | 천연 에너지, 항산화 물질, 집중력, 노화 방지 및 신진 대사 지원을 위한 L-테아닌이 함유된 항산화 슈퍼푸드, 80회 분량",HOLY MATCHA,55386,55386,4.5,108.0,수상 경력에 빛나는 카페에서 아이스크림 및 베이킹 제품에 사용하는 것과 동일한 성냥! 저희는 6년 동안 MATCHA에 전념하는 아메리카 최고의 카페입니다!,,"['항산화', '카페', '산', '아메리카', '교토', '노화', '녹차', '대사', '동일하다', '물질']"
식음료,음료,차,,B0D186G4S6,"Twinings 티, 잉글리시 애프터눈 티 2팩 - 카페인 홍차 티백 개별 포장, 각 20개",Twinings,17991,17991,4.8,849.0,"TWININGS 클래식 홍차: 잉글리시 애프터눈 티는 부드럽고 가벼운 차 한 잔을 만들어 하루 종일 밝게 합니다. 차 애호가를 위한 균형 잡힌 브루: 바삭하고 상쾌한 잉글리시 애프터눈 티는 스리랑카에서 재배된 실론 차와 중국 안후이성에서 재배된 키문 찻잎을 혼합한 것입니다. 품질에 대한 평판: Twinings Tea 한 잔은 전 세계의 신뢰할 수 있는 재배자들이 엄격한 기준에 따라 재배한 최고급 잎으로 시작됩니다. 양조 제안: 원하는 경우 좋아하는 우유나 감미료와 함께 즐기기 전에 갓 끓인 물에 티백을 3-5분 동안 담그십시오. 상쾌한 아이스티를 위해 얼음 위에 붓기 전에 추출한 차를 식히세요. 전통과 혁신의 시그니처 조화: Twinings 소비자가 한 번에 한 모금씩 기분이 좋고 잘 살기 위한 작은 조치를 취함으로써 소비자가 ""삶을 마시도록 격려합니다"".",,"['차', '티', '재배', '잉글리시', '애프터눈', '홍차', '상쾌하다', '소비자', '티백']"
식음료,음료,차,,B0D66FW8FQ,"감초 뿌리 티백 125개, 100% 천연 감초 티백, 천연 스위트 드라이 감초 허브 티백, 감초 뿌리 차, 설탕 없음, 카페인 없음, 비건",VIDA FARM,27686,27686,4.3,310.0,"100% 고품질 천연 GMO 프리 감초 뿌리 차: 당사의 감초 식물은 재배의 최고 기준을 충족하는 대규모 농장에서 자연적으로 재배됩니다. 최고의 신선한 감초 식물은 현지 농부들이 최적의 시기에 직접 수확하며, 프리미엄 잎을 선택하여 훌륭한 허브 차를 만들 수 있습니다 기분 좋은 맛과 맛 경험: 건조부터 포장 과정까지 당사의 최신 기술은 감초 뿌리의 자연스러운 맛과 놀라운 색상을 보존합니다. 감초차는 기분 좋은 냄새와 달콤한 맛을 제공하여 편안하고 진정시키는 경험을 제공합니다. 건강상의 이점과 웰빙: 감초차는 전반적인 건강을 지원하고 휴식을 촉진합니다. 이 블렌드는 맛있는 음료를 제공할 뿐만 아니라 건강을 향상시킵니다. 고품질 포장: 말린 감초 티백은 맛을 보존하기 위해 신중하게 포장됩니다. 감초 티백을 사용하면 언제 어디서나 감초 뿌리의 장점과 맛을 쉽게 즐길 수 있습니다. 이 감초 티백은 특별히 설계된 종이 상자에 신중하게 포장되어 고객의 안전과 제품 품질을 보장하면서 유통 기한을 크게 연장합니다. 감초 허브 티백 박스는 가족이나 친구와 같은 사랑하는 사람에게 완벽한 선물입니다 다른 성분 첨가되지 않음: 무설탕, 카페인 프리, 글루텐 프리, 비건, 인공 향료 및 색소 무첨가","말린 감초 뿌리의 좋은 찻잔을 만들려면 마른 감초 티백을 컵에 넣고 그 위에 끓는 물 233.6ml(8온스)를 붓습니다. 컵을 덮고 3~5분 동안 우려서 티백을 부드럽게 담그십시오. 티백을 제거하면 갓 맛있는 감초 뿌리 차를 즐길 수 있습니다. 매일, 아침 또는 저녁에 이 맛있는 차를 마실 수 있습니다. 즐기시면 저희 감초차를 사랑하게 될 것입니다. 최고 수준의 품질의 제품을 제공할 것을 약속드립니다.","['감초', '티백', '뿌리', '맛', '차', '포장', '허브', '건강', '프리', '맛있다']"
식음료,음료,차,,B0D28Z3PW2,"Mkostlich 허니 패션 프루트 퓨레, 꿀과 혼합된 패션 프루트 펄프, 음료/스무디/빵/샐러드/칵테일용 패션 프루트 잼, 500g/17.63온스 (1팩, 패션 프루트)",Mkostlich,26301,26301,4.4,44.0,"1. 과일 향: 과일 차는 신선한 패션 프루트로 첫 번째 성분으로 만들어졌으며 뚜껑을 열자마자 강한 패션 프루트 맛을 느낄 수 있습니다. 2. DIY: 허니 패션 프루트 차는 차갑거나 뜨거운 맛에 좋습니다. 또한 잼을 녹차 또는 홍차와 섞어 차를 달콤하게 만들 수 있습니다. 패션 프루트 퓨레는 샐러드 드레싱, 페이스트리, 토스트, 요거트, 아이스크림, 칵테일 등에도 사용할 수 있습니다 3. 서빙 방법: 패션 프루트 잼 2-3티스푼(20g)을 뜨거운 물이나 얼음물 200ml에 붓고 잘 저어 드세요. 취향에 따라 다른 과일과 함께 제공하세요 4. 제작: 패션 프루트, 백설탕, 포도 펄프, 꿀, 물, 구연산, 잔탄 검, 캐롭 검, 비타민 C. 방부제 없음 5. 보관: 유통 기한: 18개월. 개봉 후 냉장 보관하세요!","신선한 과일 차를 정제하여 맛있는 삶을 즐기세요!/새콤달콤한 맛, 갈증을 해소하세요./두꺼운 과육과 풍부한 주스, 과일 향/뜨겁거나 차가운 물에 적합, 방부제 0개 추가./꿀의 비밀 패션 프루트 티:/1. 신선한 패션 프루트를 신중하게 선택하여 끓입니다./2. 오래된 방법으로 수집된 꿀, 짙은 질감, 호박색/허니 패션 프루트 퓨레의 다양한 식사 방법이 여러분을 기다리고 있습니다:/1. 토스트, 영양이 풍부한 아침 식사 포함/2. 건강하고 맛있는 요거트를 저어주세요./3. DIY 아이스크림, 여름 서프라이즈/4. 독특한 칵테일 믹스/제품 이름: 패션 프루트 허니 퓨레/성분 목록: 패션 프루트, 백설탕, 과당 시럽, 꿀, 물, 구연산, 잔탄 검, 캐롭 검, 비타민 C/순 중량: 500g/17.63oz/유통 기한: 18개월/보관: 직사광선을 피하고 개봉 후 냉장 보관하십시오./마시는 방법: 패션 프루트 잼 2-3테이블스푼(20g)을 컵에 넣고 따뜻한 물이나 차가운 물 200ml와 함께 마신다. 허니 패션 프루트 티는 냉장 보관하면 맛이 좋습니다.","['패션후르츠', '허니', '꿀', '물', '과일', '보관', '퓨레', '맛']"
식음료,음료,차,,B0CXZN1WL8,Green Jay Gourmet 블랙베리 스위트 티 농축액 - 천연 홍차 - 쉬운 준비 및 3.8L(1갤런) - 파인트 메이슨 병으로 미국에서 수작업으로 제작 - 파티 및 모임에 이상적 - 473.2ml(16온스),Green Jay Gourmet,20761,20761,4.2,10.0,"블랙베리 보난자: 블랙베리 스위트 티 농축액으로 신선한 블랙베리의 깊고 풍부한 맛을 느껴보세요. 한 모금마다 강력한 홍차 베이스를 완벽하게 보완하는 풍부한 과일 향이 납니다. 쉽고 간단한 준비: 이 농축 믹스를 3.8L(1갤런)의 물 주전자에 넣고 저어주고 서빙하기만 하면 됩니다. 집이나 모든 모임에서 상쾌하고 맛있는 달콤한 차를 만드는 것은 믿을 수 없을 정도로 쉽습니다. 어떤 경우에도 완벽함: 파티, 가족 저녁 식사 또는 규칙적인 날에 즐거운 음료를 필요로 하든, 당사의 블랙베리 스위트 티는 이상적인 상쾌한 음료입니다. 천연 성분: 천연 재료와 진짜 홍차로 제작된 달콤한 티 믹스는 인공 첨가물 없이 순수하고 만족스러운 맛을 약속합니다. 미국에서 수작업으로 제작: 소량으로 손으로 혼합하고 병에 담아서 모든 메이슨 병에 최고 품질과 개인적인 느낌을 보장합니다. 그린 제이 미식가 경험: 사탕과 잼부터 살사, 절인 즐거움 등에 이르기까지 Green Jay Gourmet의 다양한 범위로 대담하고 맛있는 맛의 세계로 빠져보세요. 소량 생산을 통해 고품질 재료로 제작된 저희 가족의 손길은 모든 제품에서 빛납니다. 미국에서 헌신적으로 수작업으로 제작된 저희 브랜드는 전통과 혁신을 기념하는 잊을 수 없는 맛의 모험을 약속합니다.",,"['제작', '블랙베리', '티', '맛', '작업', '스위트', '천연', '홍차', '미국', '모임']"
식음료,음료,차,,B0CZ4K52HM,UMAYA - Kinjyo Jirushi Kombu-Cha - 정통 일본 가루 해초 차 - 짭짤한 다시마 녹차 음료 믹스 - 다용도 파우더는 음식에 우마미가 풍부한 맛을 더합니다 - 70g(2.4온스),umaya,22090,22090,,,"간단한 기쁨의 한 모금: Kinjyo Jirushi Kombu-Cha는 컵에 상쾌한 부스트입니다. 독특하고 풍미있는 흙 다시마(다시마) 맛으로 한 모금마다 진정시키고 활력을 불어넣습니다. 약간의 픽업이 필요한 순간에 완벽한 이 파우더 ""다시마차"" 녹차는 언제든지 편안한 휴식으로 바뀝니다. 머그잔을 들고 이 간단한 즐거움으로 하루를 조금 더 밝게 만드세요! 모든 병에 담긴 장점: 이 작은 차 한 병은 큰 장점으로 가득합니다! Kinjyo Jirushi Kombu-Cha는 단순히 맛있는 것이 아니라 웰빙을 빠르게 향상시킵니다. 섬유질, 미네랄, 철, 요오드 및 비타민과 같은 영양소가 풍부하여 균형과 활력을 느낄 수 있도록 도와줍니다. 컵에 매일 복용하는 것과 같습니다. 풍미의 스프링클: 식사에 감칠맛을 더하세요! Kinjyo Jirushi Kombu-Cha를 사용하면 약간의 마법의 먼지를 뿌리는 것만큼 쉽게 식사에 풍미를 더할 수 있습니다. 샐러드를 재즈하거나 파스타에 피자를 더하거나 스튜에 풍미를 더하든, 이 다용도 다시마 파우더는 일상적인 요리를 좀 더 특별하게 만들기 위한 제품입니다. 고품질 성분: 소금, 과립 설탕, 가루 해초, 글루탐산 나트륨. 파우더 티 믹스의 각 70g(2.4온스) 용기는 약 35회분입니다. 진정 차든 감칠맛이 풍부한 시즈닝이든, 이 기쁨의 병은 삶에 풍미를 불어넣고 웰빙을 향상시킵니다. UMAYA: 맛있는 간식과 소스부터 기분 좋은 차와 달콤한 간식에 이르기까지 일본 최고의 식품을 집 앞까지 수입합니다. 각 제품은 프리미엄 재료로 만들어졌으며 정통 일본 맛을 제공합니다. 일본의 마음과 영혼을 맛보세요 UMAYA!",,"['더하다', '일본', '파우더', '다시마', '맛', '차', '풍부하다', '맛있다', '웰빙', '모금']"
식음료,음료,차,,B00JK062WG,CAFE LATTE (커피) 보바 / 버블 티 드링크 믹스 파우더 Buddha Bubbles Boba 제작 (1kg),Buddha Bubbles Boba,31841,31841,3.3,17.0,Coffee Boba / Bubble Tea Drink Mix Powder Buddha Bubbles Boba Inc. 1kg(2.2파운드) D.I.Y. Eat Bubbles...Be Happy (c),"Buddha Bubbles Boba 카페 라떼(커피) 보바/버블 티 드링크 믹스 파우더 (1kg(2.2파운드) / 1Kg) 보바란 무엇입니까? 보바 또는 버블 티라고도 알려진 보바 티는 컵 바닥에 보바 또는 타피오카 진주로 알려진 타피오카를 포함하는 대만의 차 기반 음료입니다. 이 보바는 초대형 빨대를 통해 빨려 들어가며 젤리 곰처럼 쫄깃합니다. 언제 또는 누가 보바를 발명했는지는 확실하지 않지만, 1980년대 타이충 타이완이 어디에 있는지 알고 있습니다. 대부분의 보바/버블 티 레시피에는 과일이나 우유가 섞인 티 베이스가 포함되어 있습니다. 인기 있는 맛은 허니듀 멜론, 타로, 말차 녹차 라떼입니다. Boba는 가장 자주 차갑고 때로는 뜨겁게 제공되며 스무디처럼 혼합되거나 칵테일처럼 흔들 수 있습니다. 음료에는 수백 가지 변형이 있으며, 가장 인기 있는 보바/버블 티 음료는 타피오카 진주가 들어간 밀크티입니다. 보바의 변형도 있으며, 대부분 색상은 다크 브라운입니다. 보바는 매우 부드럽고 달콤한 맛을 가지고 있습니다. 일부 상점에서는 젤리라고도 불리는 향이 나는 젤라틴을 컵 바닥에 추가합니다. 최신 유형의 보바는 ""팝핑 보바""라고 불리며, 과일 맛 시럽으로 채워진 진주 크기의 비즈로 물었을 때 터집니다. Boba 상점이 전 세계에 등장하고 있습니다. 보바 음료 한 잔으로 평균 약 $6.00를 돌려받을 수 있습니다. 품질은 매장마다 다를 수 있지만 Buddha Bubbles Boba는 최고 품질뿐만 아니라 가장 놀라운 맛에 자부심을 느낍니다. 오늘 Boba를 먹고 미소를 지으세요.","['보바', '티', '버블', '맛', '음료', '진주', '타피오카']"
식음료,음료,차,,B0CZ8NR85D,"Korean Covenienve Store 음료 파우치 샘플러 세트 - 5팩 10팩 (포도, 딸기, 블루 레모네이드, 복숭아 아이스 티, 샤인 무스카트) + dalgaru 약그와 거울 (헤이즐넛 5팩)",dalgaru,27686,27686,5.0,2.0,"얼음을 넣으세요: 차갑게 하고 아이스 컵에 넣어 즉시 즐길 수 있습니다. 5가지 맛: 5가지 맛을 즐기세요! 피치 아이스 티, 블루 레모네이드, 샤인 머스카트, 딸기, 포도 5팩 또는 10팩: 5팩에는 5가지 맛 각각 1개가 포함되어 있으며 10팩에는 각각 2개가 포함되어 있습니다. 7.7 FL OZ : 각 에이드는 227.7 ml (8 액량 온스)입니다. 귀여운 YAKGWA 거울: 귀여운 dalgaru Yakgwa 포켓 거울이 제품과 함께 제공됩니다!",집에서 한국 CVS 스타일 음료를 즐기세요! 차갑게 하고 아이스 컵에 넣기만 하면 즐길 수 있습니다,"['아이스', '맛', '거울', '블루', '귀엽다', '티', '컵', '차갑다', '음료', '딸기']"
식음료,음료,차,,B0CYL3RS3F,"스테인리스 스틸 집게 & 티백 압착기 번들, 유기농 힙 히비스커스 차, 카페인 프리, GMO 프리, C 무첨가 없음, 5개 팩",moofin,35054,35054,,,"편안한 유기농 힙 히비스커스: 유기농 히비스커스 꽃으로 매일 건강하세요! 타르트, 거의 크랜베리 같은 맛: 스테이플 없는 디자인의 프리미엄 무표백 티백 천연 추출: 인공 색소, 향료, 방부제 또는 설탕이 포함되어 있지 않습니다 1회 제공량: 티백 1개(2g) / 용기 당 인분: 24 1968년부터 가족 소유 및 운영 회사가 미국에서 포장했습니다","스테인리스 스틸 집게 & 티백 압착기 번들, 유기농 힙 히비스커스 차, 카페인 프리, GMO 프리, C 무첨가 - 5개 팩","['유기농', '히비스커스', '프리', '티백', '힙', '압착기', '스테인리스', '집게', '차', '첨가']"
식음료,음료,차,,B00X8NAN6M,Buddha Bubbles Boba PINEAPPLE 보바/버블 티 드링크 믹스 파우더 (1kg / 2.2파운드),Buddha Bubbles Boba,31841,31841,3.8,22.0,파인애플 보바/버블 티 드링크 믹스 파우더 작성자: Buddha Bubbles Boba 무게: 1kg (2.2lbs) 거품을 먹으세요...행복하세요. (c),"Buddha Bubbles Boba 파인애플 보바/버블 티 드링크 믹스 파우더 (1kg / 2.2파운드) 보바란 무엇입니까? 보바 또는 버블 티라고도 알려진 보바 티는 컵 바닥에 보바 또는 타피오카 진주로 알려진 타피오카를 포함하는 대만의 차 기반 음료입니다. 이 보바는 초대형 빨대를 통해 빨려 들어가며 젤리 곰처럼 쫄깃합니다. 언제 또는 누가 보바를 발명했는지는 확실하지 않지만, 1980년대 타이충 타이완이 어디에 있는지 알고 있습니다. 대부분의 보바/버블 티 레시피에는 과일이나 우유가 섞인 티 베이스가 포함되어 있습니다. 인기 있는 맛은 허니듀 멜론, 타로, 말차 녹차 라떼입니다. Boba는 가장 자주 차갑고 때로는 뜨겁게 제공되며 스무디처럼 혼합되거나 칵테일처럼 흔들 수 있습니다. 음료에는 수백 가지 변형이 있으며, 가장 인기 있는 보바/버블 티 음료는 타피오카 진주가 들어간 밀크티입니다. 보바의 변형도 있으며, 대부분 색상은 다크 브라운입니다. 보바는 매우 부드럽고 달콤한 맛을 가지고 있습니다. 일부 상점에서는 젤리라고도 불리는 향이 나는 젤라틴을 컵 바닥에 추가합니다. 최신 유형의 보바는 ""팝핑 보바""라고 불리며, 과일 맛 시럽으로 채워진 진주 크기의 비즈로 물었을 때 터집니다. Boba 상점이 전 세계에 등장하고 있습니다. 보바 음료 한 잔으로 평균 약 $6.00를 돌려받을 수 있습니다. 품질은 매장마다 다를 수 있지만 Buddha Bubbles Boba는 최고 품질뿐만 아니라 가장 놀라운 맛에 자부심을 느낍니다. 오늘 Boba를 먹고 미소를 지으세요.","['보바', '티', '버블', '음료', '맛', '믹스', '링크', '타피오카', '진주', '파우더']"
식음료,음료,차,,B0D17M8SGJ,18가지 맛 간 케어 티(2박스),JISKG,23531,23531,3.9,12.0,18가지 맛 간 관리 차,18가지 맛 간 관리 차,"['맛', '관리', '티', '케어', '차갑다', '차', '박스']"
식음료,음료,차,,B00WT9HODQ,Buddha Bubbles Boba VANILLA 차이 티 라떼 보바/버블 티 드링크 믹스 파우더 (1kg / 2.2파운드),Buddha Bubbles Boba,35996,33226,4.5,27.0,차이 티 라떼 보바 / 버블 티 드링크 믹스 파우더 Buddha Bubbles Boba Inc. 1kg(2.2파운드) D.I.Y. Eat Bubbles...Be Happy (c),"Boba란 무엇입니까? 보바 또는 버블 티라고도 알려진 보바 티는 대만의 차 기반 음료로, 보바라고 알려진 타피오카 또는 컵 바닥에 타피오카 진주를 함유하고 있습니다. 이 보바는 초대형 빨대를 통해 빨아들이며 젤리 곰처럼 씹을 수 있습니다. Boba를 언제 발명했는지 정확히 불분명하지만, 1980년대에 타이충 대만이 어디인지 알고 있습니다. 대부분의 보바/버블 티 레시피에는 과일이나 우유와 혼합된 티 베이스가 포함되어 있습니다. 인기 있는 맛은 다음과 같습니다: 허니듀 멜론, 타로, 말차 녹차 라떼. 보바는 가장 자주 차갑고 때로는 뜨겁게 제공되며 스무디처럼 섞거나 칵테일처럼 흔들어 줍니다. 수백 가지 종류의 음료가 있으며, 가장 인기 있는 보바/버블 티 음료는 타피오카 진주가 들어간 밀크티입니다. Boba의 변형도 있으며, 주로 색상은 다크 브라운입니다. 보바는 매우 부드럽고 달콤한 맛을 가지고 있습니다. 일부 상점은 젤리라고도 불리는 맛의 젤라틴을 컵 바닥에 추가합니다. 최신 유형의 보바는 ""팝핑 보바""라고 불리며, 과일 맛 시럽으로 채워진 진주 크기의 비즈를 물면 팝니다. Boba 가게가 전 세계에 튀어나오고 있습니다. 보바 음료 한 개가 평균 약 $4.00를 돌려줄 것입니다. 품질은 상점마다 다를 수 있지만 Buddha Bubbles Boba는 최고 품질뿐만 아니라 가장 놀라운 맛에 자부심을 가지고 있습니다. 그러니 오늘 Boba를 보고 미소를 지으세요.","['보바', '티', '버블', '맛', '음료', '라떼', '타피오카', '진주']"
식음료,음료,차,,B00JK00KTM,그린 티 라떼 (말차) 보바 / 버블 티 드링크 믹스 파우더 Buddha Bubbles Boba 제작 1kg (2.2파운드) | (1000g),Buddha Bubbles Boba,33226,33226,4.1,36.0,녹차 라떼 보바 / 버블 티 드링크 믹스 파우더 Buddha Bubbles Boba Inc. 1kg(2.2파운드) D.I.Y. Eat Bubbles...Be Happy (c),"보바란 무엇인가요? 보바 또는 버블 티라고도 알려진 보바 티는 대만, 차 기반 음료로, 컵 바닥에 보바 또는 타피오카 진주로 알려진 타피오카 진주가 포함되어 있습니다. 이 보바는 초대형 빨대를 빨아들이고 젤리 베어처럼 씹습니다. 누가 보바를 발명했는지는 확실하지 않지만 1980년대에 대만 대만이 어디에 있는지 알고 있습니다. 대부분의 보바/버블 티 레시피에는 과일이나 우유와 혼합된 티 베이스가 포함되어 있습니다. 인기 있는 맛은 허니듀 멜론, 타로, 말차 녹차 라떼입니다. 보바는 가장 자주 차갑거나 때로는 더울 수 있으며, 스무디처럼 혼합하거나 칵테일처럼 흔들어 먹을 수 있습니다. 수백 가지 종류의 음료가 있으며, 가장 인기 있는 보바 / 버블 티 음료는 타피오카 진주가 들어간 밀크티입니다. 보바의 변형도 있으며, 대부분 색상은 다크 브라운입니다. 보바는 매우 부드럽고 달콤한 맛을 가지고 있습니다. 일부 상점에서는 젤리라고도 불리는 가향 젤라틴을 컵 바닥에 추가합니다. 최신 유형의 보바는 ""터지는 보바""라고 불리며, 과일 맛 시럽으로 채워진 진주 크기의 비즈는 물었을 때 튀어나옵니다. Boba 가게가 전 세계에 튀어나오고 있습니다. 보바 음료 한 잔으로 평균적으로 약 4달러를 돌려드립니다. 품질은 상점마다 다를 수 있지만, Buddha Bubbles Boba에서는 최고 품질뿐만 아니라 가장 놀라운 맛에 자부심을 가지고 있습니다. 그러니 오늘 보바를 미소 짓게 하세요.","['보바', '티', '버블', '맛', '음료', '진주', '대만', '타피오카', '라떼']"
식음료,음료,차,,B0CZ4M71RL,Umaya - Kinjyo Jirushi Ume Kombu-Cha (매실 맛을 낸 일본 가루 해초 차) 순중량 60g(2.1온스),umaya,22090,22090,,,"성분: 소금, 과립 설탕, 해초 분말, 일본 매실펄프(Milk), 글루탐산 나트륨, 구연산, 맛 성분: 우유",,"['해초', '매실', '일본', '성분', '맛', '과립', '구연산', '글루탐산', '나트륨', '설탕']"
식음료,음료,차,,B0D1XRQVK2,"SUNRIGHT 프리미엄 윈터 멜론 티 브릭, 화이트 고드 티, 첨가제 없음, 글루텐 프리, GMO 프리, 비건, 3개, 1.1kg(2.5파운드), 1.1kg(3.5온스)",SUN RIGHT,41536,41536,4.1,33.0,"겨울 멜론의 장점: 중국 전통 의학에서 겨울 멜론은 체온 균형을 유지하고 열과 관련된 불편함을 완화하는 데 도움이 되는 냉각 특성을 가지고 있다고 믿어집니다. 수분을 유지하는 데 도움이 됩니다. 프리미엄 성분: 저희는 최고급 겨울 멜론만을 공급하며, 이 사랑받는 과일의 본질을 포착하는 순수하고 진정한 맛을 보장합니다. 독특한 맛: 당신이 얻는 차는 부드럽고 부드러운 단맛과 약간의 꽃 맛을 가지고 있습니다. 겨울 멜론이 얼마나 편안하고 상쾌한지 상기시켜줍니다. 당사의 약속: 천연, 글루텐 프리, GMO 프리, 콜레스테롤 프리, 지방 프리, BPA 프리, 방부제, 비건, 대만산. 요리 방법: 작은 조각을 1인분으로 자르거나 전체 벽돌을 더 많이 사용하십시오. 최상의 결과를 얻으려면 3000cc를 끓여주세요. 물이지만 취향에 맞게 양을 조절할 수 있습니다. 취향에 따라 얼음, 레몬 또는 우유를 첨가하여 맛을 향상시킵니다. 주의 사항: 직사광선을 피하고 습한 곳에 보관하지 마십시오. 열화를 방지하기 위해 포장을 푼 후 가능한 한 빨리 제품을 사용하십시오. 물리적 현상으로 인해 식용할 수 있고 인체에 무해한 흰색 반점이 제품에 나타날 수 있습니다.",,"['프리', '멜론', '맛', '겨울', '유지', '부드럽다', '도움', '취향', '비건', '글루텐']"
식음료,음료,차,,B0CYCV2H2C,"Pacific Chai 디카페인 스파이스 차이 라떼, 인스턴트 파워 드라이 차이 티 라떼 음료 믹스, 글루텐 프리, 코셔, 255g(9온스) (1팩)",Pacific Chai,19376,19376,4.4,1017.0,"고대 전통에서 영감을 얻은 독특한 혼합. Spice Chai Latte는 홍차, 꿀, 계피 및 정향을 강력하게 주입한 제품입니다. 음료가 제공되는 곳: Pacific Chai 코코넛 차이 믹스는 가정 주방, 사무실 주방, 카페, 커피숍 및 레스토랑에 이상적입니다. 당사의 차이 믹스를 사용하면 어디에서나 차이 티 라떼를 쉽게 즐길 수 있습니다. 물을 넣고 섞고 서빙하기만 하면 됩니다 블렌드, 붓기, 서빙: Pacific Chai 믹스를 사용하면 맛있는 음료를 쉽게 제공할 수 있습니다. Pacific Chai 커피숍, 레스토랑 및 가정에서 빠르게 준비할 수 있는 음료 솔루션을 제공합니다 모든 맛을 시험해보세요: 당사의 전체 라인은 갈망할 가치가 있습니다. 스파이스 또는 바닐라 차이 티 라떼, 코코넛 차이, 디카페인 같은 계절의 즐거움 - Pacific Chai 믹스는 모든 종류의 식욕을 만족시키기 위해 모든 종류의 트렌디한 맛으로 제공됩니다 Pacific Chai 품질: 더 나은 음료가 혼합되어 있습니다. 수십 년 동안 Pacific Chai 는 사람과 지구를 염두에 두고 만든 훌륭한 음료를 쉽게 제공할 수 있도록 해왔습니다. 당사는 각 믹스의 일관성과 지속 가능성을 위해 최선을 다하고 있습니다","당사의 차이 라떼는 바쁘고 혼란스러운 날 속에서 완벽한 탐닉입니다. 당사의 독특한 레시피는 차, 우유, 설탕 및 계피, 아니스, 정향, 생강 및 진짜 꿀의 독점적인 차이 블렌드를 결합하여 어디에서나 편리하게 휴대할 수 있는 파우더로 커피숍 차이의 미식가 맛과 품질을 제공합니다. 핫 티 또는 아이스 티 또는 맛있는 냉동 스무디로 Pacific Chai 를 즐길 수 있습니다. 디카페인으로도 제공됩니다. Pacific Chai - 평화와 조용함의 맛.","['차이', '음료', '믹스', '라떼', '티', '맛', '디카페인', '커피숍', '계피']"
식음료,음료,차,,B0CZPJ36KS,Wissotzky 망고 패션 프루트 허브 티 (6팩 - 티백 120개) | 열대 블렌드 | 카페인 프리 티,Wissotzky,34611,34611,4.5,421.0,"트로피컬 이스케이프 - 망고 패션 프루트 티는 한 모금마다 열대 낙원으로 데려다주는 풍미와 향기로운 경험을 보장합니다. 이 거부할 수 없는 블렌드로 차 의식을 높이고 섬의 이국적인 매력에 빠져보세요. 카페인 프리 - 이 맛있는 카페인 프리 과일 차를 즐기세요. 긴 하루를 보낸 후 긴장을 풀거나 애프터눈 티 모임에 풍미를 더하기에 적합합니다. 조심스럽게 포장 - 당사의 티백은 스테이플 없이 신중하게 제작되어 전자레인지에서 쉽게 가열할 수 있으며 음료의 금속에 대해 걱정할 필요가 없습니다. 각 가방은 맛, 신선함 및 향의 품질을 보존하기 위해 호일 파우치에 포장되어 있습니다. 현재 리브랜딩 중이며 받으신 제품 포장은 표시된 이미지와 다를 수 있습니다. 다양한 즐거움 - 이 열대 기쁨의 행복한 본질을 맛보세요. 여유로운 주말 브런치 또는 상쾌한 오후 픽업으로 적합합니다. 쌀쌀한 날에는 뜨겁게 찌거나 얼음 위에 부어 상쾌한 쿨다운을 위해 모든 계절에 즐거운 맛을 즐기세요. 당사의 이야기 - 1849년부터 신뢰받는 Wissotzky 티는 맛볼 수 있는 품질을 제공합니다. 5세대 동안 저희는 차를 선택하고, 블렌딩하고, 컵핑하고, 여러분이 진정으로 사랑할 수 있는 차가 될 때까지 다시 블렌딩해 왔습니다. 품질과 맛에 대한 변함없는 헌신은 모든 고객의 컵 맛을 보장합니다.",망고 패션 프루트 티,"['티', '맛', '프리', '망고', '차', '포장', '카페인', '패션후르츠', '블렌딩']"
식음료,음료,차,,B0CYP7LNGV,"Sometime At Me Tea 유기농 태국 허브 천연 태국 허브 블렌드 태국 주방 허브 15개 1팩, 작은 티백 5개",Generic,22021,22021,,,"제품 설명: Bodhi Leaf 허브 티는 천연 및 수제 혼합 인증을 받은 프리미엄 품질의 유기농 허브 티입니다. 건강상의 이점: 당사의 허브 티 블렌드는 많은 건강상의 이점으로 유명합니다. 성분에는 강황, 정향, 스타 아니스 파우더 등이 포함됩니다. 품질과 신선도: 자연스러운 맛과 향을 보존하기 위해 전통적인 방법으로 가공되었습니다. 저희 차는 친환경 포장으로 포장되어 집 앞까지 신선하고 향기로운 상태를 유지합니다. 차 지침: 차를 만들려면 물을 끓여서 1~2분 동안 식히기만 하면 됩니다. 첫째, 최상의 결과를 얻으려면 한 컵에 차 한 컵을 3-5분 동안 우려주세요. 건강한 라이프 스타일의 일환으로 이 차를 정기적으로 마시는 것이 좋습니다. 저희는 제품을 합니다. 제품이 원하는 것과 다르거나 광고한 것과 완전히 다른 경우 환불해 드리겠습니다. 하지만 제품 사진의 색상이 왜곡되었을 수 있습니다. 몇 장의 사진을 찍는 것부터 1팩에는 5개의 작은 티백이 있습니다.","태국에서 유래한 바이포 허브 허브 티는 아시아 지역에서 자연적으로 공급됩니다. 15가지 종류의 허브를 함께 혼합했습니다. 각 유형의 허브에는 장점이 있습니다. 보석 덩굴 파우더, 블랙 갈린게일 파우더, 강황 파우더로 휴식을 취할 수 있습니다","['허브', '차', '파우더', '티', '태국', '이점', '혼합', '사진', '블렌드', '작다']"
식음료,음료,차,,B00JK06R1W,Buddha Bubbles Boba SWEET ROSE 보바/버블 티 드링크 믹스 파우더 (1kg / 2.2파운드),Buddha Bubbles Boba,34611,34611,3.8,24.0,"Buddha Bubbles Boba 스위트 로즈 보바/버블 티 드링크 믹스 파우더 (1kg / 2.2파운드) 작성자: Buddha Bubbles Boba 무게: 1kg (2.2파운드) 맛과 품질이 조화롭게 조화를 이루어 완벽한 보바 경험을 선사하는 Buddha Bubbles Boba를 소개합니다. 저희 브랜드는 버블티 세계의 우수성과 동의어로, 다양한 감칠맛 나는 맛과 프리미엄 보바 음료 파우더를 제공하여 독특한 욕구를 충족시킵니다. 타로의 편안한 에센스와 말차의 상쾌한 풍미부터 클래식 밀크티의 풍부한 탐닉까지, ...저희는 여러분이 좋아하는 음료를 즐겁고 진정한 걸작으로 바꾸는 탁월한 보바 음료 파우더를 제공하는 것에 자부심을 가지고 있습니다. Buddha Bubbles Boba를 사용하면 음료를 마시는 것이 아닙니다. 맛과 질감의 여정을 시작하고 완벽하게 수작업으로 제작되었습니다. 보바 경험을 향상시키세요 - Buddha Bubbles Boba 제품을 선택하고 버블티의 진정한 본질을 발견하세요. Eat Bubbles...Be Happy (c) 또한 구매 가능: 아몬드, 아보카도, 바나나, 블루 하와이안 레모네이드, 풍선껌, 캐러멜, 차이, 코코넛 차이, 커피, 솜사탕, 두리안, 그린 애플, 그린 코코넛, 그린 바닐라, 허니듀, 잭 프루트, 재스민, 라벤더, 리치, 망고, 말차/녹차, 밀크티, 모카, 파파야, 패션 프루트, 복숭아, 땅콩 버터, 페퍼민트, 피나 콜라다, 파인애플, 파인애플, 호박 향신료, 로즈, 솔티드 캐러멜, 딸기, 타로, 타이 티, 바닐라, 바닐라 차이, 수박.","Buddha Bubbles Boba 스위트 로즈 보바/버블 티 드링크 믹스 파우더 1kg (2.2파운드) | (1000g) 보바란 무엇입니까? 보바 또는 버블 티라고도 알려진 보바 티는 컵 바닥에 보바 또는 타피오카 진주로 알려진 타피오카를 포함하는 대만의 차 기반 음료입니다. 이 보바는 초대형 빨대를 통해 빨려 들어가며 젤리 곰처럼 쫄깃합니다. 언제 또는 누가 보바를 발명했는지는 확실하지 않지만, 1980년대 타이충 타이완이 어디에 있는지 알고 있습니다. 대부분의 보바/버블 티 레시피에는 과일이나 우유가 섞인 티 베이스가 포함되어 있습니다. 인기 있는 맛은 허니듀 멜론, 타로, 말차 녹차 라떼입니다. Boba는 가장 자주 차갑고 때로는 뜨겁게 제공되며 스무디처럼 혼합되거나 칵테일처럼 흔들 수 있습니다. 음료에는 수백 가지 변형이 있으며, 가장 인기 있는 보바/버블 티 음료는 타피오카 진주가 들어간 밀크티입니다. 보바의 변형도 있으며, 대부분 색상은 다크 브라운입니다. 보바는 매우 부드럽고 달콤한 맛을 가지고 있습니다. 일부 상점에서는 젤리라고도 불리는 향이 나는 젤라틴을 컵 바닥에 추가합니다. 최신 유형의 보바는 ""팝핑 보바""라고 불리며, 과일 맛 시럽으로 채워진 진주 크기의 비즈로 물었을 때 터집니다. Boba 상점이 전 세계에 등장하고 있습니다. 보바 음료 한 잔으로 평균 $4.00를 돌려받을 수 있습니다. 품질은 매장마다 다를 수 있지만 Buddha Bubbles Boba는 최고 품질뿐만 아니라 가장 놀라운 맛에 자부심을 느낍니다. 오늘 Boba를 먹고 미소를 지으세요.","['보바', '티', '음료', '맛', '버블', '파우더']"
식음료,음료,차,,B09PSLK4R5,"Vital Products의 카슈미리 차 - 녹차 티백 25개, 맛있는 녹차 맛, 카슈미르 차이의 오리지널 맛, 아로마 및 진정 차 음료로 신선하고 신중하게 포장",Eastern Vital Tea,13836,13836,4.0,19.0,"독특한 맛: 진짜 카슈미르 차이 잎으로 따뜻함이 향상되고 독특한 녹차와 혼합됩니다. 최고급 카슈미리 카와 차는 풍부하고 활력이 넘치는 녹차 맛과 향이 혼합되어 하루 중 언제든지 아침 식사에 활력을 불어넣는 데 탁월합니다. 처터 녹차와 카슈미르 차이티의 조합은 소중히 여겨져 왔습니다 향기로운 찻잎: 상자는 쉽게 열 수 있으며 25개의 녹색 카슈미르 티백이 포함되어 있습니다. 당사의 아로마 테잎은 환경 친화적인 향 주머니에 조심스럽게 포장됩니다. 당사의 카슈미르 차이 핑크 티는 가정이나 레스토랑, 카페, 찻집 및 사무실과 같은 식품 서비스 시설에서 사용하기에 적합합니다. 여행 및 이동 중에도 사용하기에 이상적입니다 맛있는 조합: 고대 역사는 차의 장점을 녹차 카슈미리 티 핑크의 장점과 혼합하여 녹차와 혼합된 반짝이는 천연 차를 만드는 이 조합과 관련이 있습니다 브루잉 팁: 감각을 진정시키고 이완시키는 기분 좋은 향기로운 열을 위해 카슈미리 핑크 티 녹차 티백을 3분 동안 우려낸 다음 맛있는 차가운 차를 즐기세요 갓 고른 차: 차는 차 정원에서 재배되며 며칠 이내에 직접 수확하고 포장하여 신선하고 맛있으며 천연 항산화 물질로 가득 차 있습니다",,"['녹차', '차', '카슈미르', '혼합', '차이', '카슈', '미리', '맛', '맛있다', '티']"
식음료,음료,차,,B09D8SZSN6,유기농 히비스커스 꽃 파우더 - 천연 식용 색소 - 햇볕에 말린 타이 레드 퍼플 로젤 허브 - 차 음료 건강 아름다움을 위한 말차 파우더 (레드 퍼플 히비스커스 파우더 - 113.4g(4온스),Blue Orchid Organic,13836,13836,4.5,18.0,"프리미엄 유기농 히비스커스 허브 플라워 파우더. 천연 카페인 프리, 글루텐 프리, 색상 무첨가. 당사의 드라이 로젤 파우더는 수세기 동안 전 세계에서 사랑받아 왔습니다 퍼플 로젤이라고 불리는 특별한 히비스커스 품종의 다크 퍼플 말린 꽃잎으로 만든 자연 건강 증진 파워하우스. 일반적인 붉은 히비스커스 꽃에 비해 항산화 물질이 풍부하고 안토시아닌이 3배입니다. 다용도 건강 음료는 뜨겁거나 차갑게 쉽게 만들 수 있습니다. 다크 레드 말차를 만들거나 칵테일을 흥미롭고 이국적으로 만들거나 히비스커스 파우더를 천연 레드 식용 색소로 사용할 수도 있습니다. 페이스트리에 영양과 색상을 굽고 요거트, 쉐이크, 스무디, 시럽 또는 보존 식품에 활기를 불어넣으세요. 어느 쪽이든 크랜베리 같은 타르트 맛을 경험할 수 있습니다. 화학 물질이 없는 친환경 농장. 이것이 바로 우리 가족이 여러분에게 약속합니다! *패키지 라벨은 다를 수 있습니다. 당사의 순수 히비스커스 식용 꽃은 가능한 가장 신선한 히비스커스를 제공하기 위해 소량으로 재배됩니다. 꽃이 만발할 때 수확한 다음 자연 햇볕에 완벽하게 건조됩니다. 그런 다음 꽃잎을 식품 등급 미세 파우더로 분쇄합니다. 다음으로, 우리는 즉시 지퍼 잠금 파우치에 포장하여 모든 자연의 장점을 밀봉합니다.",,"['히비스커스', '파우더', '꽃', '레드', '퍼플', '자연', '천연', '식용', '로젤', '건강']"
식음료,음료,차,,B003VMY3MU,Crystal Light 아이스 티 드링크 믹스 (온 더 고 패킷 30개),Crystal Light,50469,50469,3.9,76.0,무설탕 및 1회 제공량당 5칼로리입니다. Crystal Light 주요 음료보다 칼로리가 90% 적습니다. 글루텐 프리 및 코셔 인증 편리한 개별 패킷. 생수에 넣고 흔들어주세요 이동 중에도 Crystal Light 패킷을 쉽게 휴대할 수 있습니다 편리한 포장으로 훌륭한 가치를 지닌 제품을 대량 구매하세요 패키지 당 120개의 Crystal Light 패킷,CRYSTAL LIGHT 탄산음료의 상쾌한 대안을 제공하며 높은 칼로리 카운트 없이 유리나 물 한 병을 더 흥미롭게 만듭니다. 클래식한 크리스탈 라이트 맛을 위해 아이스 티의 맛으로 상쾌하게 하세요. 591.5ml(20온스) 병에 섞으세요. 편리한 패킷의 파우더를 물에 넣기만 하면 됩니다,"['패킷', '편리하다', '칼로리', '상쾌하다', '물', '맛', '티', '아이스', '흥미롭다', '링크']"
식음료,음료,차,,B09QX1BRRX,"KKOKDAM 차 한국 선물 - 콕스콤 나비 티백 - 한국 선물 세트, 디카페인 티백, 멋진 티백, 독특한 티 선물, 멋진 차 세트, 한국차 - 10개입",KKOKDAM,27686,27686,4.2,104.0,"버터플라이 티백: 각 파우치에는 각각 나비 티백 홀더가 있는 10개의 티백이 포함되어 있습니다. 나비 모양의 꽃 위에 떨어지는 나비 티백 홀더는 꽃차 한 잔에 매우 부드럽게 놓여 시각적 시음 경험을 제공합니다. 차 애호가를 위한 훌륭한 선물: 한국산 값비싼 차와 함께 평화로운 차 경험을 위한 최고의 차인 여성과 남성을 위한 차 애호가 선물. 당사의 독특한 디카페인 티 컬렉션 선물은 계절 차 샘플러가 될 수 있으며 미묘한 맛의 한국 차 선물로 평온함을 제공합니다. 여성용 고급 차 선물 세트에는 음료를 위한 식용 꽃이 포함되어 있으며 차 애호가를 위한 훌륭한 선물입니다. 비건 및 할랄: 웰니스 티 유기농 옵션의 두 가지 건강상의 이점을 맛보십시오. 허브 차와 마찬가지로 당사의 꽃차 음료는 모든 아침 식사 및 독특한 식이 요구 사항과 짝을 이룰 수 있습니다. 디카페인 차 선물 바구니는 차 선물 바구니 샘플러 제품으로 집에서 피는 차 꽃의 고급스러움을 경험하기에 적합합니다. 꽃차가 피고 눈앞에서 자라는 것을 지켜보세요. 카페인 없음: 자스민 녹차, 얼 그레이 티, 잉글리시 홍차와 달리, 당사의 모든 뜨거운 차에는 카페인이 없습니다. 당사의 유기농 티백, 티 버라이어티 팩, 티백 세트 및 아시아 티 선물 상자 품종은 페퍼민트 차, 민트 티, 라벤더 차, 허브 티 샘플러 제품과 같은 낮이나 밤에 즐길 수 있습니다. 티백 샘플러로 아이스 티백처럼 뜨겁거나 차갑게 피는 디카페인 티 플라워를 즐기세요. 다양한 선택: 저희 플라워 티 키트 옵션은 디카페인 티백, 잎차 샘플러 선물 세트 박스, 과일 티백, 핫 티백 등으로 제공됩니다. 저희는 과일 맛 티백의 일부로 시트러스 과일 차와 많은 꽃의 차 샘플 옵션을 제공합니다. 유기농 차 선물 세트와 꽃이 만발한 티 박스 선물 세트 선택으로 세계의 영어 차 애호가들에게 다가갈 수 있어 기쁩니다.",,"['차', '선물', '티백', '티', '꽃', '디카페인', '샘플러', '나비', '한국']"
식음료,음료,차,,B0CM2G5K8P,AlAttar 커민 & 레몬 드링크 허브 티백 순수 천연 허브 알 아타르 허브 이집트 아랍 첨가제 없음 Gmo 코셔 할랄 없음 (1팩 = 티백 20개),bonballoon,17852,17852,4.5,2.0,"✅ - AlAttar 커민 & 레몬 드링크 허브 티백 순수 천연 허브 허브 허브 알 아타르 엘아타르 엘아타르 이집트 아랍 아랍어 인공 색소 무첨가 GMO 코셔 할랄 (1팩 = 티백 20개) ✅ - AlAttar 커민 & 레몬 음료. 매우 맛있고 매우 향기 - 아라비아 및 중동 국가에서 널리 사용되는 차이 커민 및 레몬 음료. 특별한 허브 혼합인 AlAttar의 따뜻한 음료를 즐기세요. ✅ - 인공 첨가물이나 방부제가 없는 엄선된 원료의 AlAttar 커민 및 레몬, 인공 향료, 인공 색소 없음, 첨가제 없음, 방부제 없음. ✅ - 최고의 커민 & 레몬을 만드는 방법: ✅ - 뜨겁거나 차갑게 제공: ✅ - 뜨거운 허브: 150ml 비커에 1 또는 2개의 봉지를 넣고 끓는 물을 8개의 봉지에 붓고 3-5분 동안 그대로 두십시오. 마시는 동안에도 봉투를 컵에 보관하는 것이 좋습니다. 원하는 대로 달콤합니다. ✅ - 시원한 허브: 끓는 물 4컵을 저그에 붓고 4-6분 동안 그대로 두고, 저그에서 봉투를 꺼내고, 얼음 조각을 추가하여 식히거나 냉장고에 넣고 원하는 대로 달게 하세요. ✅ - 맛보고 즐기세요. ✅ - 무게(대략) : 허브 티백 20개 = 180g / 6.2온스. ✅ - 메인 패키지에 표시된 제조 및 만료 날짜는 DD/MM/YY인 유럽 형식입니다.","✅ - 제품 설명: AlAttar 커민 & 레몬 드링크 허브 티백 순수 천연 허브 허브 허브 알 아타르 엘아타르 엘아타르 이집트 아랍 아랍어 인공 색소 무첨가 GMO 코셔 할랄 (1팩 = 티백 20개)/✅ - AlAttar 커민 & 레몬 음료. 매우 맛있고 매우 향기 - 아라비아 및 중동 국가에서 널리 사용되는 차이 커민 및 레몬 음료. 특별한 허브 혼합인 AlAttar의 따뜻한 음료를 즐기세요./✅ - 인공 첨가물이나 방부제가 없는 엄선된 원료의 AlAttar 커민 및 레몬, 인공 향료, 인공 색소 없음, 첨가제 없음, 방부제 없음./✅ - 최고의 커민과 레몬을 만드는 방법/✅ - 핫 또는 아이스 제공:/✅ - 핫 허브: 150ml 비커에 1 또는 2개의 봉지를 넣고 끓는 물을 8봉지에 붓고 3-5분 동안 그대로 두십시오. 마시는 동안에도 봉투를 컵에 보관하는 것이 좋습니다. 원하는 대로 달콤합니다./✅ - 시원한 허브: 끓는 물 4컵을 저그에 붓고 4-6분 동안 그대로 두고, 저그에서 봉투를 꺼내고, 얼음 조각을 추가하여 식히거나 냉장고에 넣고 원하는 대로 달게 하세요./✅ - 맛보고 즐기세요/✅ - 소재: 100% 순수, 천연/✅ - 무게(대략) : 허브 티백 20개 = 180g / 180g","['허브', '커민', '레몬', '티백', '인공', '아타르', '음료', '천연', '물', '순수']"
식음료,음료,차,,B0DB84LS4T,"Lynginya 스피아민트 티, 티백 60개(2팩) - 프리미엄 스피아민트 잎 - 천연 허브 티 - 상쾌하고 민트 - 무설탕 및 카페인 프리",Lynginya,20761,20761,4.4,161.0,"품질: 신중하게 선택되고 갓 수확한 스피어민트 잎으로 만든 스피어민트 잎 티백의 천연 에센스를 탐구하십시오. 천연: 저희 티백은 첨가제가 없는 천연 성분만을 함유하고 있습니다. 각 잎은 필수 성분을 보존하기 위해 신중하게 건조되고 분쇄됩니다. 포장: 당사의 스피어민트 잎 티백은 운송 중 품질을 위해 이중 포장됩니다. 각 제품은 쉽게 열 수 있는 병으로 가방과 병에 안전하게 보관할 수 있습니다. 포뮬러: 전문가가 전문적으로 제작했습니다. 브루잉 가이드: 티백 1개를 끓는 물이나 얼음물에 3~5분 동안 담그십시오. 더 강한 맛을 위해 두 봉지를 사용하세요. 뜨겁거나 차갑게 즐기고, 원하는 경우 꿀이나 레몬을 추가하세요.",,"['민트', '잎', '티백', '천연', '스피어', '신중하다', '성분', '스피아', '티', '포장']"
식음료,음료,차,,B00JK0494Y,VANILLA 빈 라떼 보바 / 버블 티 드링크 믹스 파우더 Buddha Bubbles Boba 1킬로 (2.2파운드) | (1000g),Buddha Bubbles Boba,31841,31841,4.3,29.0,"바닐라 보바 티 드링크 믹스 파우더 3 in 1 (맛, 크리머 및 설탕) D.I.Y. (직접 해보세요) 세 가지 사이즈 제공: 10온스, 1파운드, 1킬로 (2.2파운드) 1킬로 45회 이상의 음료를 만들 수 있음, 1파운드로 20회 이상의 음료를 만들 수 있음, 10온스 음료 이상 추가 가능: 아몬드, 아보카도, 바나나, 블루 하와이안 레모네이드, 버블 껌, 캐러멜, 차이, 코코넛 차이, 커피, 솜사탕, 두리안, 그린 애플, 그린 코코넛, 그린 바닐라, 허니듀, 잭 프루트, 재스민, 라벤더, 리치, 망고, 말차/녹차, 밀크 티, 모카, 파파야, 패션프루트, 피넛 버터, 페퍼민트, 피나 콜라다 파인애플, 호박 향신료, 로즈, 솔티드 캐러멜, 딸기, 타로 / 우베, 타이 티, 바닐라, 바닐라 차이, 수박.","Boba란 무엇입니까? 보바 또는 버블 티라고도 알려진 보바 티는 대만의 차 기반 음료로, 보바라고 알려진 타피오카 또는 컵 바닥에 타피오카 진주를 함유하고 있습니다. 이 보바는 초대형 빨대를 통해 빨아들이며 젤리 곰처럼 씹을 수 있습니다. Boba를 언제 발명했는지 정확히 불분명하지만, 1980년대에 타이충 대만이 어디인지 알고 있습니다. 대부분의 보바/버블 티 레시피에는 과일이나 우유와 혼합된 티 베이스가 포함되어 있습니다. 인기 있는 맛은 다음과 같습니다: 허니듀 멜론, 타로, 말차 녹차 라떼. 보바는 가장 자주 차갑고 때로는 뜨겁게 제공되며 스무디처럼 섞거나 칵테일처럼 흔들어 줍니다. 수백 가지 종류의 음료가 있으며, 가장 인기 있는 보바/버블 티 음료는 타피오카 진주가 들어간 밀크티입니다. Boba의 변형도 있으며, 주로 색상은 다크 브라운입니다. 보바는 매우 부드럽고 달콤한 맛을 가지고 있습니다. 일부 상점은 젤리라고도 불리는 맛의 젤라틴을 컵 바닥에 추가합니다. 최신 유형의 보바는 ""팝핑 보바""라고 불리며, 과일 맛 시럽으로 채워진 진주 크기의 비즈를 물면 팝니다. Boba 가게가 전 세계에 튀어나오고 있습니다. 보바 음료 한 개가 평균 약 $4.00를 돌려줄 것입니다. 품질은 상점마다 다를 수 있지만 Buddha Bubbles Boba는 최고 품질뿐만 아니라 가장 놀라운 맛에 자부심을 가지고 있습니다. 그러니 오늘 Boba를 보고 미소를 지으세요.","['보바', '티', '음료', '맛', '버블', '바닐라', '차이', '그린', '타피오카', '진주']"
식음료,음료,차,,B00P4TOPYO,부처 버블 보바 / 버블 티 드링크 믹스 파우더 (1kg/2.2파운드),Buddha Bubbles Boba,31841,31841,4.3,18.0,"아몬드 보바 티 드링크 믹스 파우더 3 in 1 (맛, 크리머 및 설탕) D.I.Y. (직접 해보세요) 세 가지 사이즈 제공: 10온스, 1파운드, 1킬로 (2.2파운드) 1킬로 45회 이상의 음료를 만들 수 있음, 1파운드로 20회 이상의 음료를 만들 수 있음, 10온스 음료 이상 추가 가능: 아몬드, 아보카도, 바나나, 블루 하와이안 레모네이드, 버블 껌, 캐러멜, 차이, 코코넛 차이, 커피, 솜사탕, 두리안, 그린 애플, 그린 코코넛, 그린 바닐라, 허니듀, 잭 프루트, 재스민, 라벤더, 리치, 망고, 말차/녹차, 밀크 티, 모카, 파파야, 패션프루트, 피넛 버터, 페퍼민트, 피나 콜라다 파인애플, 호박 향신료, 로즈, 솔티드 캐러멜, 딸기, 타로 / 우베, 타이 티, 바닐라, 바닐라 차이, 수박.","Boba란 무엇입니까? 보바 또는 버블 티라고도 알려진 보바 티는 대만의 차 기반 음료로, 보바라고 알려진 타피오카 또는 컵 바닥에 타피오카 진주를 함유하고 있습니다. 이 보바는 초대형 빨대를 통해 빨아들이며 젤리 곰처럼 씹을 수 있습니다. Boba를 언제 발명했는지 정확히 불분명하지만, 1980년대에 타이충 대만이 어디인지 알고 있습니다. 대부분의 보바/버블 티 레시피에는 과일이나 우유와 혼합된 티 베이스가 포함되어 있습니다. 인기 있는 맛은 다음과 같습니다: 허니듀 멜론, 타로, 말차 녹차 라떼. 보바는 가장 자주 차갑고 때로는 뜨겁게 제공되며 스무디처럼 섞거나 칵테일처럼 흔들어 줍니다. 수백 가지 종류의 음료가 있으며, 가장 인기 있는 보바/버블 티 음료는 타피오카 진주가 들어간 밀크티입니다. Boba의 변형도 있으며, 주로 색상은 다크 브라운입니다. 보바는 매우 부드럽고 달콤한 맛을 가지고 있습니다. 일부 상점은 젤리라고도 불리는 맛의 젤라틴을 컵 바닥에 추가합니다. 최신 유형의 보바는 ""팝핑 보바""라고 불리며, 과일 맛 시럽으로 채워진 진주 크기의 비즈를 물면 팝니다. Boba 가게가 전 세계에 튀어나오고 있습니다. 보바 음료 한 개가 평균 약 $4.00를 돌려줄 것입니다. 품질은 상점마다 다를 수 있지만 Buddha Bubbles Boba는 최고 품질뿐만 아니라 가장 놀라운 맛에 자부심을 가지고 있습니다. 그러니 오늘 보바를 보고 미소를 지으세요.","['보바', '티', '음료', '맛', '버블', '바닐라', '그린', '타피오카', '진주', '차이']"
식음료,음료,차,,B0D3VN2VXS,Generic ChaTraMue 인스턴트 타이 티 3 in 1 아이스 티 오리지널 드링크 핫 앤 콜드 넘버 원 브랜드 100g (20g x 5봉지),Generic,20761,20761,,,"ChaTraMue : 강한 맛을 주는 오리지널 맛의 태국 차. 진짜 태국 차의 달콤한 향기. 뜨거운 물로 차를 봉지에 부어 쉽게 만들 수 있습니다. 좋아하는 태국 차를 즉시 즐길 수 있습니다. 갈증을 해소하고 효과적으로 식히기 위해 마실 수 있습니다. 마시고 행복하게 느껴보세요. 쉽게 추출할 수 있습니다. 뜨거운 물로 차를 브루잉 백에 붓기만 하면 좋아하는 레몬 차를 바로 즐길 수 있습니다. 상쾌하고 갈증을 해소하고 시원하게 하며 뜨겁거나 차갑게 마실 수 있습니다. 맛은 독특하고 맛있습니다. 추출하기 쉽습니다. 뜨거운 물을 넣기만 하면 됩니다. 강렬한 맛, 향기롭고 맛있습니다. 상쾌함, 갈증 해소, 냉각, 크리머, 신선한 우유 또는 가당 연유를 원하는 대로 첨가하십시오. 얼음을 넣거나 병을 냉장고에 넣고 즉시 마시세요. 추출 방법 - 핸드 브랜드 아이스 티 1테이블스푼을 뜨거운 물 1리터에 붓고 잘 저어줍니다. - 뜨겁거나 차갑게 모두 사용할 수 있습니다. 얼음을 넣거나 병을 냉장고에 넣고 즉시 마시기만 하면 됩니다. Cha Tra Mue, 3 in 1 파우더 인스턴트 티, 100g. 패킷 (5 패킷 x 20g 포함)",ChaTraMue(3 in 1) 타이 밀크티는 양질의 태국 차로 만들어졌습니다. 특별한 포뮬러의 신선한 우유와 즉시 혼합됩니다. 뜨거운 물만 추가하면 됩니다. 이 빠르고 쉬운 기성품 레시피는 맛있는 태국 밀크티를 갈망하는 소비자에게 이상적입니다. 뜨거운 물에 녹이기만 하면 됩니다. 마시고 행복하게 느껴보세요. 쉽게 추출할 수 있습니다. 뜨거운 물로 차를 브루잉 백에 붓기만 하면 좋아하는 레몬 차를 바로 즐길 수 있습니다. 상쾌하고 갈증을 해소하고 시원하게 하며 뜨겁거나 차갑게 마실 수 있습니다.,"['뜨겁다', '차', '물', '티', '태국', '추출', '맛', '해소', '갈증', '차갑다']"
식음료,음료,차,,B0BSDKCD5R,"Kombucha 파우더 티 팩 한국 건강 음료 주스 - 한국 차 음료 무설탕, 스파클링 발효, 프로바이오틱스 및 프리바이오틱스 스틱 10개(그린 애플 베리)",MENBLY,16620,16620,4.3,20.0,"면역 체계 향상: 당사의 한국 콤부차 파우더 티는 수십억 개의 프로바이오틱스와 프리바이오틱스로 가득한 강력한 면역 체계 부스터입니다. 건강한 장을 지원하고 소화를 개선하며 면역 체계를 강화하여 전반적인 건강과 활력을 촉진합니다. 케토 및 비건 친화적: 당사의 반짝이는 발효 티 믹스는 설탕이 없고 죄책감 없는 맛으로 케토 또는 비건 식단을 따르는 사람들에게 적합합니다. 식이 요법에 맞는 건강하고 상쾌하며 자연스러운 음료를 찾는 모든 사람에게 이상적인 음료 옵션입니다. 사용하기 쉬운 싱글 스틱: 개별 포장된 10개의 스틱 서빙은 이동 중인 사람들에게 최고의 편리함을 제공합니다. 언제 어디서나 상쾌한 콤부차 음료를 쉽게 섞고 즐길 수 있습니다. 집, 직장 또는 이동 중에도 당사의 콤부차 파우더 티는 수분을 공급하고 건강을 유지하는 완벽한 방법입니다. 항산화 성분이 풍부한 글루텐 프리: 당사의 콤부차 파우더 티는 활성 산소와 싸우고 전반적인 건강을 증진하는 데 도움이 되는 항산화 물질의 훌륭한 공급원입니다. 또한 글루텐 프리로 식이 제한이 있는 사람들에게 적합합니다. 글루텐, 첨가제 또는 방부제에 대한 걱정 없이 맛있고 건강한 음료를 즐기세요. 스파클링 & 발포성 경험: 당사의 발효 콤부차 차는 미뢰를 위한 최고의 탐닉입니다. 상쾌하고 상쾌하며 전통적인 차나 커피의 훌륭한 대안인 독특하고 거품이 많은 맛을 제공합니다. 활기차고 상쾌한 느낌을 주는 반짝이는 발포성 경험을 즐기세요.",,"['음료', '상쾌하다', '티', '콤부차', '파우더', '사람', '건강', '글루텐', '스틱']"
식음료,음료,차,,B0CY8WGDYD,"TEARELAE - 홀리 바질 티백 - 60개 - 100% 순수 천연 홀리 바질 잎 - 소화 보조, 면역 체계 향상 - GMO 프리 - 카페인 프리",TEARELAE,15290,15290,4.4,4906.0,"【자연에서 직접】순수하고 자연스러운 홀리 바질 티 경험을 제공하기 위해 프리미엄 홀리 바질 잎을 신중하게 선택하여 인공 첨가제나 방부제 없이 100% 천연임을 보장합니다. 【다양한 장점】툴시 차로도 인정받는 홀리 바질 차는 면역력 향상과 휴식 촉진을 포함한 다양한 건강상의 이점으로 유명합니다. 홀리 바질 차의 이점을 경험하면서 영양이 풍부하고 맛있는 허브 티를 즐기세요. 【기분 좋은 맛】홀리 바질 티는 부드럽고 풍부한 입맛을 제공하는 초본 신선함을 선사하며, 미묘한 흙 뒷맛으로 마무리되어 모든 연령대의 허브 티 애호가에게 즐거운 선택입니다. 【편리함】각 팩에는 60개의 티백이 포함되어 있어 혼자 즐기거나 가족 및 친구들과 공유할 수 있습니다! 홀리 바질 티는 재밀봉 가능한 밀봉 백에 포장되어 첫 번째 백부터 마지막 봉지까지 훌륭한 맛을 유지합니다. 【쉽게 즐기세요】저희는 모든 브루잉 경험에 세심한 주의를 기울입니다. 티백에 부착된 스트링은 접착제나 화학 물질이 없는 최첨단 초음파 기술로 접착되어 차 한 잔의 맛에 영향을 주지 않습니다.",,"['홀리', '바질', '티', '맛', '경험', '티백', '밀봉', '선택', '잎', '이점']"
식음료,음료,차,,B0151H43R2,Number One 브랜드 인스턴트 태국 차 3 in 1 차 음료 온 음료와 냉 음료 가능 2봉지 x 티백 5개,Number One,17534,17534,3.8,42.0,인스턴트 태국 차 3 in 1. 마시는 차로 온 음료와 냉 음료 모두 가능. 2봉지(1봉당 티백 5개). 음용 방법: 1개의 티백을 컵에 넣으세요(200 ml). 뜨거운 물을 붓고 저어주세요. 태국 제품.,티백 1 개 무게 = 20g.,"['음료', '티백', '태국', '차', '인스턴트', '봉지', '컵', '차로', '음용', '봉당']"
식음료,음료,차,,B0D2K7JTL9,"Guayakí Organic Yerba Mate 전통적인 무가당 루스 리프, 355ml(12온스) (2팩), 40mg 천연 카페인, 무연, 부드러운 에너지 및 집중력",Guayaki,45552,45552,4.5,3668.0,"전통적인 예르바 메이트: 당사의 무가당 루스 리프 메이트는 풍부하고 견고하며 균형이 잡혀 있으며 복잡한 흙 같은 바디와 부드럽고 부드러운 마감으로 되어 있습니다. 40mg의 천연 카페인을 자랑하는 궁극의 리프팅 브루를 위해 우려낼 준비가 되었습니다 다른 종류의 부스트: yerba mate 식물 안에는 카페인(커피에서 발견), 테오브로민(초콜릿에서 발견), 폴리페놀(녹차에서 발견됨)의 조합이 있어 에너지와 집중력을 독특하게 부드럽게 향상시킵니다 시장 중심의 재생: 당사의 예르바 메이트는 남아메리카의 숲 내에서 재배되어 산림 생태계를 보호하고 전통적인 문화, 재생, 유기농 및 공정 무역 관행을 지원합니다 Yerba Mate Your Way: 활기찬 고에너지 캔, 생동감 넘치는 반짝이는 에너지 캔 또는 전통적인 루스 리프 형태로 Yerba Mate의 활력 넘치는 힘과 연결하세요 함께 우리는 삶에 온다: Guayakí는 단순한 친구 그 이상을 가지고 있습니다. 저희는 공유와 연결의 힘을 믿으며, 예르바 메이트 문화를 삶에 대한 초대장으로 전파합니다",,"['메이트', '리프', '에너지', '부드럽다', '전통', '예르바', '발견', '카페인', '문화', '재생']"
식음료,음료,차,,B00WL72Q2U,Buddha Bubbles Boba 자스민 그린 티 라떼 보바/버블 티 드링크 믹스 파우더 (1kg / 2.2파운드),Buddha Bubbles Boba,33226,33226,4.1,36.0,자스민 밥 / 버블 밀크티 드링크 믹스 파우더 Buddha Bubbles Boba Inc. 1kg(2.2파운드) D.I.Y. Eat Bubbles...Be Happy (c),"Buddha Bubbles Boba 자스민 그린 티 보바/버블 티 드링크 믹스 파우더 1kg (2.2파운드) | (1000g) 보바란 무엇입니까? 보바 또는 버블 티라고도 알려진 보바 티는 컵 바닥에 보바 또는 타피오카 진주로 알려진 타피오카를 포함하는 대만의 차 기반 음료입니다. 이 보바는 초대형 빨대를 통해 빨려 들어가며 젤리 곰처럼 쫄깃합니다. 언제 또는 누가 보바를 발명했는지는 확실하지 않지만, 1980년대 타이충 타이완이 어디에 있는지 알고 있습니다. 대부분의 보바/버블 티 레시피에는 과일이나 우유가 섞인 티 베이스가 포함되어 있습니다. 인기 있는 맛은 허니듀 멜론, 타로, 말차 녹차 라떼입니다. Boba는 가장 자주 차갑고 때로는 뜨겁게 제공되며 스무디처럼 혼합되거나 칵테일처럼 흔들 수 있습니다. 음료에는 수백 가지 변형이 있으며, 가장 인기 있는 보바/버블 티 음료는 타피오카 진주가 들어간 밀크티입니다. 보바의 변형도 있으며, 대부분 색상은 다크 브라운입니다. 보바는 매우 부드럽고 달콤한 맛을 가지고 있습니다. 일부 상점에서는 젤리라고도 불리는 향이 나는 젤라틴을 컵 바닥에 추가합니다. 최신 유형의 보바는 ""팝핑 보바""라고 불리며, 과일 맛 시럽으로 채워진 진주 크기의 비즈로 물었을 때 터집니다. Boba 상점이 전 세계에 등장하고 있습니다. 보바 음료 한 잔으로 평균 약 $6.00를 돌려받을 수 있습니다. 품질은 매장마다 다를 수 있지만 Buddha Bubbles Boba는 최고 품질뿐만 아니라 가장 놀라운 맛에 자부심을 느낍니다. 오늘 Boba를 먹고 미소를 지으세요.","['보바', '티', '버블', '음료', '맛', '링크', '자스민', '파우더', '타피오카', '진주']"
식음료,음료,차,,B00JJZ6QHI,PAPAYA Boba / 버블 티 드링크 믹스 파우더 Buddha Bubbles Boba 제작 (1kg(2.2파운드),Buddha Bubbles Boba,27686,27686,4.4,9.0,"Papay 보바 티 드링크 믹스 파우더 3 in 1 (맛, 크리머 및 설탕) D.I.Y. (직접 해보세요) 세 가지 사이즈 제공: 10온스, 1파운드, 1킬로 (2.2파운드) 1킬로 45회 이상의 음료를 만들 수 있음, 1파운드로 20회 이상의 음료를 만들 수 있음, 10온스 음료 이상 추가 가능: 아몬드, 아보카도, 바나나, 블루 하와이안 레모네이드, 버블 껌, 캐러멜, 차이, 코코넛 차이, 커피, 솜사탕, 두리안, 그린 애플, 그린 코코넛, 그린 바닐라, 허니듀, 잭 프루트, 재스민, 라벤더, 리치, 망고, 말차/녹차, 밀크 티, 모카, 파파야, 패션프루트, 피넛 버터, 페퍼민트, 피나 콜라다 파인애플, 호박 향신료, 로즈, 솔티드 캐러멜, 딸기, 타로 / 우베, 타이 티, 바닐라, 바닐라 차이, 수박.","Boba란 무엇입니까? 보바 또는 버블 티라고도 알려진 보바 티는 대만의 차 기반 음료로, 보바라고 알려진 타피오카 또는 컵 바닥에 타피오카 진주를 함유하고 있습니다. 이 보바는 초대형 빨대를 통해 빨아들이며 젤리 곰처럼 씹을 수 있습니다. Boba를 언제 발명했는지 정확히 불분명하지만, 1980년대에 타이충 대만이 어디인지 알고 있습니다. 대부분의 보바/버블 티 레시피에는 과일이나 우유와 혼합된 티 베이스가 포함되어 있습니다. 인기 있는 맛은 다음과 같습니다: 허니듀 멜론, 타로, 말차 녹차 라떼. 보바는 가장 자주 차갑고 때로는 뜨겁게 제공되며 스무디처럼 섞거나 칵테일처럼 흔들어 줍니다. 수백 가지 종류의 음료가 있으며, 가장 인기 있는 보바/버블 티 음료는 타피오카 진주가 들어간 밀크티입니다. Boba의 변형도 있으며, 주로 색상은 다크 브라운입니다. 보바는 매우 부드럽고 달콤한 맛을 가지고 있습니다. 일부 상점은 젤리라고도 불리는 맛의 젤라틴을 컵 바닥에 추가합니다. 최신 유형의 보바는 ""팝핑 보바""라고 불리며, 과일 맛 시럽으로 채워진 진주 크기의 비즈를 물면 팝니다. Boba 가게가 전 세계에 튀어나오고 있습니다. 보바 음료 한 개가 평균 약 $4.00를 돌려줄 것입니다. 품질은 상점마다 다를 수 있지만 Buddha Bubbles Boba는 최고 품질뿐만 아니라 가장 놀라운 맛에 자부심을 가지고 있습니다. 그러니 오늘 Boba를 보고 미소를 지으세요.","['보바', '티', '음료', '맛', '버블', '진주', '타피오카', '그린', '바닐라', '차이']"
식음료,음료,차,,B0D1DQ4SZZ,Bissap Tea - 말린 히비스커스,Cuisine228,22146,22146,,,"최고급 꽃에서 공급되는 프리미엄 품질의 말린 히비스커스 꽃. 깊은 루비 레드 색조와 매혹적인 향기. 차, 칵테일, 요리 등을 위한 다용도 재료. 항산화 물질, 비타민 및 미네랄이 풍부합니다. 신선함과 맛을 보존하기 위해 손으로 따서 조심스럽게 건조시킵니다.","자연의 생생한 색조와 상쾌한 맛을 기념하는 정교한 말린 히비스커스 꽃차로 감각 여행을 즐기세요. 최고급 히비스커스 꽃에서 엄선한 각 꽃잎은 열대 화려함의 본질을 구현하여 진정으로 상쾌한 차 경험을 보장합니다. **맛 감각:** 한 모금마다 미각에 맞춰 춤추는 풍부하고 톡 쏘는 노트에 빠져보세요. 말린 히비스커스 꽃차는 신맛과 달콤함의 조화로운 균형을 자랑하며 햇볕에 키스한 익은 열매를 연상시킵니다. 독특한 맛 프로필은 전통적인 차와 유쾌한 대조를 제공하여 독특하고 상쾌한 음료를 찾는 사람들에게 매혹적인 선택입니다. **건강상의 이점:** 건강을 염두에 두고 제작된 말린 히비스커스 꽃차는 미뢰를 위한 간식일 뿐만 아니라 몸과 영혼에 영양을 공급합니다. 항산화 물질과 비타민 C가 함유되어 면역 체계를 강화하고 전반적인 웰빙을 촉진합니다. 또한, 천연 특성은 소화를 돕고 심혈관 건강을 지원할 수 있어 전체적인 라이프 스타일을 수용하는 사람들에게 현명한 선택입니다. **다용도 브루: ** 뜨겁거나 차갑게 즐기든, 말린 히비스커스 꽃차는 취향에 쉽게 적응합니다. 고요한 아침에 편안한 차 한 잔으로 마시거나 따뜻한 오후에 감각을 활기차게 만드는 상쾌한 아이스 음료로 추출하세요. 찻주전자 이상으로 다양성이 확장됩니다. 칵테일의 베이스로 사용하거나 요리에 주입하여 꽃의 세련미를 더합니다. **지속 가능한 소싱:** 당사는 지속 가능성과 윤리적 소싱 관행에 대한 헌신에 자부심을 가지고 있습니다. 말린 히비스커스 꽃은 환경을 보존하고 지역 사회의 웰빙을 보장하며 신중하게 재배됩니다. 당사의 차를 한 모금씩 책임감 있는 농업과 공정 무역 원칙을 지원함으로써 마음의 평화를 누릴 수 있습니다. **우아함을 경험하십시오:** 말린 히비스커스 꽃차의 우아함과 매력으로 차 의식을 높여보세요. 평온한 순간을 찾고 계시든 활력 넘치는 에너지를 원하든, 각 컵이 당신을 순수한 방종과 자연스러운 화려함의 영역으로 데려다 줄 수 있습니다. 심플함의 아름다움을 받아들이고 매혹적인 한 모금마다 히비스커스의 본질을 맛보세요.","['히비스커스', '꽃', '차', '상쾌하다', '맛', '매혹', '감각', '모금', '건강']"
식음료,음료,차,,B0D8K1QLF7,"Top of the Mornin Jacksepticeye의 롱 아일랜드 딸기 녹차, Absurdly Good Green Tea (피라미드 티백 22개)",Top of the Mornin,27686,27686,4.7,26.0,"뉴욕의 딸기? 지옥 예! 우리는 한 묶음을 골라 파파야와 섞어 강아지 사진 덤프보다 달콤한 녹차를 만들었습니다. 뜨겁게 또는 얼음으로 만드세요. 식물 기반 생분해성 백 22개. 윤리적으로 공급됩니다. USDA 유기농. Go Tea-m! 소싱 정보: 캐나다에서 혼합 및 포장. 차 출처: 중국 및 태국 추출 방법: 뜨거운 물(85°C/185°F)을 넣고 3-5분 동안 우려낸 다음 꺼내세요. 돌려주는 브랜드: 인생이 너무 맑지 않을 때, 저희는 판매량의 1%를 Crisis Text Line에 제공하여 사람들이 가장 필요할 때 지원하도록 돕습니다. Crisis Text Line은 정신 건강 위기를 겪고 있는 모든 사람에게 무료 텍스트 기반 지원을 제공합니다. 훈련된 자원 봉사 카운슬러는 도움이 필요한 순간에 문자를 지원하고 앞으로 나아갈 수 있도록 권한을 부여합니다.",,"['뜨겁다', '사람', '기반', '녹차', '딸기', '묶음', '소싱', '사진', '분해', '봉사']"
식음료,음료,차,,B0CVXWJ9S9,PRESERVE Butterfly Pea Flower Tea 루즈 리프 갓 딴 레토르트 가공 USDA | 블루 & 퍼플 차 음료 | 125g/4.5온스 자연스러운 색상 변경 칵테일,PRESERVE,21453,21453,4.7,10.0,"스리랑카의 USDA 유기농 블루피 플라워 티는 GMP 표준을 준수하여 동물 실험을 하지 않은 생산을 보장합니다. 윤리적이고 고품질의 소싱으로 차 경험을 향상시키세요. 뜨겁거나 차갑게 즐기세요. 완두콩 꽃 나비 차는 항산화 성분이 풍부하며 면역력을 높이고 카페인 프리로 달콤한 꽃 노트. 천연 카페인 프리. 나비 완두콩 꽃에서 추출한 블루 버터플라이 완두콩차는 자연스럽고 생생한 염료인 매혹적인 블루 색조를 구현합니다. 이 매혹적인 인퓨전으로 다양한 요리와 음료의 미적 매력을 높여보세요. 블루피 플라워 드라이 허브는 차, 레모네이드, 칵테일과 같은 음료를 돋보이게 하기 위해 미묘하고 독특한 맛을 더합니다. 색상 외에도 창의적이고 시각적으로 매력적인 매력으로 마음을 사로잡습니다. 블루피 버터플라이 티 만드는 법 물을 끓여서 말린 나비 완두콩 꽃을 뜨거운 물에 5-10분 동안 넣으십시오. 차를 걸러내고 즐기세요. 꿀, 레몬 또는 라임을 첨가하여 맛볼 수도 있습니다.",,"['블루', '완두콩', '꽃', '차', '매력', '음료', '나비', '카페인', '물', '매혹']"
식음료,음료,차,,B0D6KPCBT9,"AlAttar 천연 음료 허브 커민 & 레몬 티 허브 허브 허브 카페인 없음, 첨가제 없음, 인공 색소 없음, GMO 코셔 할랄 (12봉지)",Generic,12451,12451,,,"💪 AlAttar 천연 음료 허브 커민 & 레몬 티 허브 허브 허브 카페인 없음, 첨가제 없음, 인공 색소 없음, GMO 코셔 할랄 (12봉지) 💪 최고의 핫 커민 & 레몬 허브 티를 만드는 방법: 150ml 컵에 하나 또는 두 개의 봉지를 넣으십시오. 그런 다음 순수한 끓는 물을 붓고 3-5분 동안 그대로 두십시오. 더 많은 농도의 성분을 얻으려면 마시는 동안에도 향 주머니를 컵에 보관하는 것이 좋습니다 - 시원하고 건조한 곳에 보관하십시오 최고의 시원한 커민 & 레몬 허브 티를 만드는 방법: 6-8봉지에 끓는 물 4컵을 붓고 저그에 4-6분 동안 그대로 두고, 용기에서 봉투를 꺼내고 원하는 대로 달콤하게 만드세요. 얼음 한 조각을 추가하여 식히거나 냉장고에 넣으세요 💪 순중량: 18g / 0.6온스 💪 소재: 100% 순수 천연 💪 요르단산 💪 성분: 커민 - 살라트 메인 패키지에 표시된 제조 및 만료 날짜는 DD/MM/YY인 유럽 형식입니다.","💪 제품 설명: 💪 AlAttar 천연 음료 허브 커민 & 레몬 티 허브 허브 허브 카페인 없음, 첨가물 없음, 인공 색소 없음, GMO 코셔 할랄 (12봉지)/최고의 커민 & 레몬 허브 티를 뜨겁게 만드는 방법:/150ml 컵에 하나 또는 두 개의 봉지를 넣으십시오./그런 다음 순수한 끓는 물을 붓고 3-5분 동안 그대로 두십시오./더 많은 농도의 성분을 얻으려면 마시는 동안에도 향 주머니를 컵에 보관하는 것이 좋습니다 - 시원하고 건조한 곳에 보관하십시오/최고의 쿨 커민 & 레몬 허브 티를 만드는 방법:/6-8봉지에 끓는 물 4컵을 붓습니다./저그에 넣고 4-6분 동안 그대로 두십시오. 저그에서 봉투를 제거하십시오./원하는 대로 달게 하세요/얼음 한 조각을 추가하여 식히거나 냉장고에 넣으십시오./요르단에서 제작./소재: 100% 순수 천연/순중량: 18gm / 0.6온스","['허브', '커민', '봉지', '레몬', '티', '컵', '물', '천연', '최고', '보관']"
식음료,음료,차,,B00JK1T69Q,Buddha Bubbles Boba DURIAN 보바/버블 티 드링크 믹스 파우더 1kg (2.2파운드) | (1000g),Buddha Bubbles Boba,34611,34611,3.9,19.0,두리안 보바 / 버블 티 드링크 믹스 파우더 작성자: Buddha Bubbles Boba 무게: 1kg (2.2파운드) D.I.Y. Eat Bubbles...Be Happy (c),"Buddha Bubbles Boba DURIAN 보바/버블 티 드링크 믹스 파우더 1kg (2.2파운드) | (1000g) 보바 또는 버블 티라고도 알려진 보바/보바 티는 컵 바닥에 보바 또는 타피오카 진주로 알려진 타피오카를 포함하는 대만의 차 기반 음료입니다. 이 보바는 초대형 빨대를 통해 빨려 들어가며 젤리 곰처럼 쫄깃합니다. 언제 또는 누가 보바를 발명했는지는 확실하지 않지만, 1980년대 타이충 타이완이 어디에 있는지 알고 있습니다. 대부분의 보바/버블 티 레시피에는 과일이나 우유가 섞인 티 베이스가 포함되어 있습니다. 인기 있는 맛은 허니듀 멜론, 타로, 말차 녹차 라떼입니다. Boba는 가장 자주 차갑고 때로는 뜨겁게 제공되며 스무디처럼 혼합되거나 칵테일처럼 흔들 수 있습니다. 음료에는 수백 가지 변형이 있으며, 가장 인기 있는 보바/버블 티 음료는 타피오카 진주가 들어간 밀크티입니다. 보바의 변형도 있으며, 대부분 색상은 다크 브라운입니다. 보바는 매우 부드럽고 달콤한 맛을 가지고 있습니다. 일부 상점에서는 젤리라고도 불리는 향이 나는 젤라틴을 컵 바닥에 추가합니다. 최신 유형의 보바는 과일 맛 시럽으로 채워진 진주 크기의 비즈인 팝핑 보바 또는 보바 밤이라고 불리며, 물면 터집니다. Boba 상점이 전 세계에 등장하고 있습니다. 보바 음료 한 잔으로 평균 약 $6.00를 돌려받을 수 있습니다. 품질은 매장마다 다를 수 있지만 Buddha Bubbles Boba는 최고 품질뿐만 아니라 가장 놀라운 맛에 자부심을 느낍니다. 오늘 Boba를 먹고 미소를 지으세요.","['보바', '티', '버블', '음료', '맛', '진주', '파우더', '타피오카', '믹스', '링크']"
식음료,음료,차,,B07ZG63C24,Tea Drops 가볍게 단맛을 낸 유기농 차 벌크 박스 | 스위트 페퍼민트 | 카페인 프리 | 아이스 또는 핫 허브 티 음료 선물 세트 | 유기농 페퍼민트 오일 및 스피어민트 잎 포함 | 박스당 10방울,Tea Drops,31841,31841,4.6,148.0,"간단한 드롭에 느슨한 잎차: 간단하고 녹을 수 있는 티 드롭으로 유기농 루스 리프 티의 건강한 이점과 놀라운 맛을 즐기십시오. 당사의 프리미엄 백리스 프레스 티는 흘러 나오거나 흘리는 티백을 다룰 필요가 없는 번거로움을 없애줍니다. 이동 중에도 적합합니다 만족스러운 달콤한 페퍼민트: 전문적으로 혼합된 유기농 스피어민트 잎과 순수 페퍼민트 오일은 카페인이 없으며 생 유기농 설탕으로 가볍게 단맛을 내어 식사 후 편안한 허브 티 블렌드를 제공합니다 순수하고 유기농, 성분: Tea Drops 프리미엄 공정 무역, 유기농 성분만을 사용합니다. 이 2개의 통 벌크 팩은 20개의 개별 포장된 티 드롭을 제공하여 필요할 때마다 이동 중에도 쉽게 음료를 마실 수 있습니다. 미국에서 제작 영양이 풍부한 차: Tea Drops 제품은 유기농의 미세하게 갈린 통잎차와 허브로 제작되어 완전히 녹지 않습니다. 미세하게 갈린 찻잎 중 일부는 컵 바닥에 묻힐 수 있습니다. 이 건강한 항산화 물질은 섭취, 여과 또는 간단히 따로 보관할 수 있습니다 여성 소유: Tea Drops 는 차를 사랑하는 여성들과 그것이 우리를 초대하는 것에 의해 고안되고 만들어졌습니다. 어디를 가든 가족 및 친구들과 함께 맛있는 차 한 잔을 마시며 마법의 순간을 맛보세요. 우수성과 지구 양심의 선택을 촉진하겠다는 약속으로 뒷받침됩니다",,"['유기농', '티', '차', '페퍼민트', '간단하다', '허브', '드롭', '카페인', '이동', '미세하다']"
식음료,음료,차,,B098MTHKYC,유기농 히비스커스 꽃 - 허브 티 음료용 햇볕에 말린 식용 꽃잎 - 천연 퍼플 타이 로젤 허브 113.4g(4온스),Blue Orchid Organic,20761,20761,3.6,11.0,"유기농 히비스커스 허브 티 전체 꽃. 천연 카페인 프리, 글루텐 프리, 색상 무첨가. 수세기 동안 전 세계에서 즐기는 전통 허브 티. 패키지 라벨은 다를 수 있습니다. 퍼플 로젤이라고 불리는 특별한 히비스커스 품종의 다크 퍼플 말린 꽃잎으로 만든 자연 건강 증진 파워하우스. 일반적인 붉은 히비스커스 꽃에 비해 항산화 물질이 풍부하고 안토시아닌이 3배입니다. 히비스커스 블로썸 티는 뜨겁거나 차가운 맛있고 건강한 음료를 제공합니다. 따뜻하고 부드러운 차 한 잔과 함께 휴식을 취하거나 상쾌한 히비스커스 아이스 티 한 잔으로 시원하게 즐기세요. 어느 쪽이든 크랜베리 같은 타르트 맛을 경험할 수 있습니다. 라임 주스와 약간의 꿀을 더하면 여러분과 가족이 쉽게 즐길 수 있는 맛있는 음료를 얻을 수 있습니다. 또한 머리카락을 위한 훌륭한 천연 레드 식용 색소 및 레드 색상. 화학 물질이 없는 친환경 농장. 이것이 바로 우리 가족이 여러분에게 약속합니다! 패키지 라벨은 다를 수 있습니다. 당사의 순수 히비스커스 차 꽃은 가능한 가장 신선한 차를 제공하기 위해 소량으로 재배됩니다. 꽃이 만발할 때 수확한 다음 자연 햇볕에 완벽하게 건조됩니다. 지퍼 잠금 파우치에 즉시 포장되어 모든 자연의 장점을 밀봉합니다.",,"['히비스커스', '티', '꽃', '허브', '퍼플', '천연', '음료', '자연', '차', '프리']"
식음료,음료,차,,B0CBSWZVMP,"FARMASi Nutriplus 세레니티 티, 몸, 마음, 영혼을 위한 과일 허브 블렌드, 30인분 (라즈베리)",FARMASi,20636,20636,5.0,1.0,Farmasi Nutriplus 세레니티 허브 추출물 파우더 믹스 천연 라즈베리 맛: 이 맛있는 라즈베리 맛의 허브 티는 진정 및 편안한 특성으로 유명합니다. 카페인 프리 및 무설탕 포뮬러로 하루 중 언제든지 즐길 수 있습니다. 간편한 사용: 각 통에는 30개의 스틱 팩이 포함되어 있습니다. 뜨겁거나 차가운 물에 패킷을 넣고 저어주고 즉시 신선한 차 한 잔을 즐기세요. 천연 성분: Farmasi Nutriplus Serenity 라즈베리 맛 차는 천연 허브 추출물과 진짜 라즈베리 향이 풍부하여 건강하고 맛있는 음료 대안을 제공합니다.,"약간의 평온함을 즐기세요. 몸, 마음, 영혼을 위한 제품. 이 자극적인 과일 허브 블렌드는 카페인과 설탕이 포함되어 있지 않으며 뜨겁거나 얼음으로 제공되면 매우 상쾌합니다. 세레니티 티는 언제 어디서나 즐길 수 있는 스틱 티입니다.","['티', '허브', '라즈베리', '세레', '물', '맛', '천연', '추출', '영혼', '설탕']"
식음료,음료,차,,B0D18ZYHYF,"Twinings 잉글리시 브렉퍼스트 티 2팩 - 카페인 홍차 블렌드, 개별 포장된 티백, 20개",Twinings,17991,17991,4.8,41.0,"TWININGS 가장 인기 있는 차: 잉글리시 브렉퍼스트 티의 풍성하고 활기찬 홍차 블렌드를 경험하십시오. 아침이나 추가 에너지 부스트가 필요할 때 언제든지 즐기세요. 균형이 잘 잡힌 차: 당사의 활발한 구리빛 레드 잉글리시 브렉퍼스트 티는 케냐, 아삼, 중국 및 인도네시아에서 자란 독특한 잎을 혼합합니다. 신선한 차: 각 티백에는 신선함을 위해 봉인된 홍차가 완벽하게 매끄럽게 혼합되어 있어 매번 완벽한 카페인 차 한 잔을 제공합니다. 차 준비: 잉글리시 브렉퍼스트 티 한 잔을 뜨거운 물에 3-5분 동안 담근 후 혼자 또는 좋아하는 우유와 감미료와 함께 즐기세요. 상쾌한 아이스티를 위해 얼음 위에 붓기 전에 브루를 식히십시오. 전통과 혁신의 시그니처 조화: Twinings 소비자가 한 번에 한 모금씩 기분이 좋고 잘 살기 위한 작은 조치를 취함으로써 소비자가 ""삶을 마시도록 격려합니다"".",,"['차', '잉글리시', '티', '브렉', '퍼스트', '홍차', '완벽하다', '블렌드', '소비자', '티백']"
식음료,음료,차,,B00JJZLAO2,Buddha Bubbles Boba MOCHA FRAP 보바/버블 티 드링크 믹스 파우더 (1kg / 2.2파운드),Buddha Bubbles Boba,31841,31841,4.6,13.0,"MOCHA FRAP 보바 / 버블 티 드링크 믹스 파우더 작성자: Buddha Bubbles Boba 무게: 1kg (2.2lbs) 맛과 품질이 조화롭게 조화를 이루어 완벽한 보바 경험을 선사하는 Buddha Bubbles Boba를 소개합니다. 저희 브랜드는 버블티 세계의 우수성과 동의어로, 다양한 감칠맛 나는 맛과 프리미엄 보바 음료 파우더를 제공하여 독특한 욕구를 충족시킵니다. 타로의 편안한 에센스와 말차의 상쾌한 풍미부터 클래식 밀크티의 풍부한 탐닉까지, ...저희는 여러분이 좋아하는 음료를 즐겁고 진정한 걸작으로 바꾸는 탁월한 보바 음료 파우더를 제공하는 것에 자부심을 가지고 있습니다. Buddha Bubbles Boba를 사용하면 음료를 마시는 것이 아닙니다. 맛과 질감의 여정을 시작하고 완벽하게 수작업으로 제작되었습니다. 보바 경험을 향상시키세요 - Buddha Bubbles Boba 제품을 선택하고 버블티의 진정한 본질을 발견하세요. Eat Bubbles...Be Happy (c) 또한 구매 가능: 아몬드, 아보카도, 바나나, 블루 하와이안 레모네이드, 풍선껌, 캐러멜, 차이, 코코넛 차이, 커피, 솜사탕, 두리안, 그린 애플, 그린 코코넛, 그린 바닐라, 허니듀, 잭프루트, 재스민, 라벤더, 라이치, 망고, 말차/녹차, 밀크티, 모카, 파파야, 패션 프루트, 복숭아, 땅콩 버터, 페퍼민트, 피나 콜라다, 파인애플, 파인애플, 호박 향신료, 로즈, 솔티드 캐러멜, 딸기, 타로, 타이 티, 바닐라, 바닐라 차이, 수박.","Buddha Bubbles Boba 모카 FRAP 보바/버블 티 드링크 믹스 파우더 (1kg / 2.2파운드) Boba란 무엇입니까? 보바 또는 버블 티라고도 알려진 보바 티는 컵 바닥에 보바 또는 타피오카 진주로 알려진 타피오카를 포함하는 대만의 차 기반 음료입니다. 이 보바는 초대형 빨대를 통해 빨려 들어가며 젤리 곰처럼 쫄깃합니다. 언제 또는 누가 보바를 발명했는지는 확실하지 않지만, 1980년대 타이충 타이완이 어디에 있는지 알고 있습니다. 대부분의 보바/버블 티 레시피에는 과일이나 우유가 섞인 티 베이스가 포함되어 있습니다. 인기 있는 맛은 허니듀 멜론, 타로, 말차 녹차 라떼입니다. Boba는 가장 자주 차갑고 때로는 뜨겁게 제공되며 스무디처럼 혼합되거나 칵테일처럼 흔들 수 있습니다. 음료에는 수백 가지 변형이 있으며, 가장 인기 있는 보바/버블 티 음료는 타피오카 진주가 들어간 밀크티입니다. 보바의 변형도 있으며, 대부분 색상은 다크 브라운입니다. 보바는 매우 부드럽고 달콤한 맛을 가지고 있습니다. 일부 상점에서는 젤리라고도 불리는 향이 나는 젤라틴을 컵 바닥에 추가합니다. 최신 유형의 보바는 ""팝핑 보바""라고 불리며, 과일 맛 시럽으로 채워진 진주 크기의 비즈로 물었을 때 터집니다. Boba 상점이 전 세계에 등장하고 있습니다. 보바 음료 한 잔으로 평균 약 $6.00를 돌려받을 수 있습니다. 품질은 매장마다 다를 수 있지만 Buddha Bubbles Boba는 최고 품질뿐만 아니라 가장 놀라운 맛에 자부심을 느낍니다. 오늘 Boba를 먹고 미소를 지으세요.","['보바', '티', '음료', '맛', '버블', '파우더']"
식음료,음료,차,,B07ZG4X2X1,"Tea Drops 가볍게 단맛을 낸 유기농 차 벌크 박스 | 시트러스 생강 | 카페인 프리 | 아이스 또는 핫 백 없는 허브 티 음료 선물 세트 | 유기농 레몬, 오렌지, 생강 포함 | 박스당 10Tea Drops",Tea Drops,31841,31841,4.5,187.0,"간단한 드롭에 느슨한 잎차: 간단하고 녹을 수 있는 티 드롭으로 유기농 루스 리프 티의 건강한 이점과 놀라운 맛을 즐기십시오. 당사의 프리미엄 백리스 프레스 티는 흘러 나오거나 흘리는 티백을 다룰 필요가 없는 번거로움을 없애줍니다. 이동 중에도 적합합니다 밝은 시트러스 생강: 전문적으로 혼합된 유기농 레몬, 오렌지, 스피어민트, 생강은 카페인이 없으며 생 유기농 설탕으로 가볍게 단맛을 내어 상쾌한 고급 차 블렌드를 만들어 완벽하게 기분을 고양시키는 구성을 제공합니다 순수하고 유기농, 성분: 저희는 프리미엄, 공정 무역, 유기농 성분만을 사용합니다. 이 2개의 통 벌크 팩은 20개의 개별 포장된 티 드롭을 제공하여 필요할 때마다 이동 중에도 쉽게 음료를 마실 수 있습니다. 미국에서 제작 영양이 풍부한 차: Tea Drops 제품은 유기농의 미세하게 갈린 통잎차와 허브로 제작되어 완전히 녹지 않습니다. 미세하게 갈린 찻잎 중 일부는 컵 바닥에 묻힐 수 있습니다. 이 건강한 항산화 물질은 섭취, 여과 또는 간단히 따로 보관할 수 있습니다 여성 소유: Tea Drops 는 차를 사랑하는 여성들과 그것이 우리를 초대하는 것에 의해 고안되고 만들어졌습니다. 어디를 가든 가족 및 친구들과 함께 맛있는 차 한 잔을 마시며 마법의 순간을 맛보세요. 우수성과 지구 양심의 선택을 촉진하겠다는 약속으로 뒷받침됩니다",,"['유기농', '차', '티', '생강', '간단하다', '드롭', '박스', '음료', '이동', '오렌지']"
식음료,음료,차,,B0D6SQCFG1,"Palais des Thés - Strawberry Granita 유기농 아이스티 - 딸기, 히비스커스 및 버베나가 함유된 프리미엄 허브 티 - XL 4개(엑스트라 라지) 티 파우치",Palais des Thés,16620,16620,4.3,32.0,"여름 딸기 블렌드: 여름에서 영감을 받은 이 과일 차는 히비스커스와 버베나의 상쾌한 맛을 기분 좋은 카페인 프리 블렌드로 결합하여 얼음 위에서 즐기기에 완벽합니다. 마음에 드실 겁니다! 하루 종일 즐기세요: 균형 잡힌 카페인 프리 블렌드로 저녁을 포함하여 하루 중 언제든지 이 차를 즐길 수 있어 편안하고 고요한 휴식을 취할 수 있습니다. 최고의 프리미엄 프랑스 차 브랜드 - 250개 이상의 차와 그랜드 크루 차, 차 초보자와 애호가 모두를 위한 액세서리, 샘플러 및 선물 세트가 특징이며, 목록에 있는 모든 사람을 위한 제품이 있습니다! 최고의 차를 맛보세요 - 차를 맛보는 것은 단지 맛에 관한 것이 아니라 다른 모든 감각도 포함합니다. 이 음료의 모든 특성을 발견하기 위해 우리의 감각 지각에 머무르는 것이 좋습니다. 고품질의 아로마 차를 즐기고 고급스럽고 편안한 경험을 하십시오. 모든 셀프 케어 의식에 훌륭한 추가 아이템입니다. 윤리적 소싱 - 차 생산자와 개인적인 관계를 구축한 Palais des Thés 제품은 직접 공급에 참여할 수 있었습니다. 중개자 없이 땅에서 일하면서 더 희귀하고 신선하며 다양한 차를 제공할 수 있었습니다. 존중, 진실성 및 책임을 소중히 여기는 이 긴밀한 관계는 깨끗한 브랜드가 되고자 하는 당사의 약속에도 필수적입니다.",,"['차', '블렌드', '히비스커스', '티', '관계', '딸기', '맛', '버베나', '여름', '최고']"
식음료,음료,차,,B0D8MSQVJN,"프리미엄 허브 티 - 계수나무 씨앗 및 연근 혼합, 141.7g(5온스) | 자연스러운 휴식 및 웰빙",MyRoyalte,24916,24916,4.8,24.0,천연 성분: 100% 천연 계수나무 씨앗과 연근으로 만들어졌으며 건강상의 이점으로 유명합니다. 웰빙 및 소화 지원: 이 허브 티의 건강상의 이점을 즐기며 전반적인 웰빙을 촉진하고 소화를 돕습니다. 프리미엄 품질: 당사의 허브 티는 최고의 품질과 신선함을 보장하기 위해 신중하게 선택되고 혼합됩니다. 간편한 추출: 티 블렌드의 티스푼에 뜨거운 물을 넣고 5-7분 동안 우려내기만 하면 됩니다. 뜨겁거나 얼음을 즐기세요. 141.7g(5온스) 팩: 차를 신선하고 향기롭게 유지하기 위해 재밀봉 가능한 백에 편리하게 포장됩니다.,,"['티', '허브', '웰빙', '천연', '신선하다', '씨앗', '연근', '혼합', '상의', '이점']"
식음료,음료,차,,B0D45YP76P,"Twinings Bedtime Tea 버라이어티 2팩 - 순수 카모마일 차와 슈퍼블렌드 카모마일, 시나몬 및 바닐라 + 멜라토닌 차, 천연 카페인 프리 허브 티백",Twinings,17991,17991,4.7,199.0,"풀기 위한 허브 티: Twinings Tea 버라이어티 팩은 퓨어 카모마일 차 20개입 박스 1개와 슈퍼블렌드 카모마일, 시나몬 및 바닐라 + 멜라토닌 티 16개입 박스로 총 36개의 티백이 특징입니다. 모든 컵에서 편안함: 퓨어 카모마일 (카모마일 차라고도 함)은 컵에 섬세하고 황금빛 주입을 만들어 약간 달콤하고 꽃 맛이 나며 긴 하루를 보낸 후 긴장을 풀 수 있습니다. 매혹적인 수면 차: 취침 전에 멜라토닌의 장점을 더한 슈퍼블렌드 차에서 따뜻한 계피와 함께 바닐라의 달콤한 맛을 즐기세요. 양조 제안: Twinings 허브 티백을 갓 끓인 물에 3-4분 동안 담그십시오. 아이스티의 경우, 양조 후 얼음 위에 붓기 전에 차를 식히십시오. 전통과 혁신의 시그니처 조화: Twinings 소비자가 한 번에 한 모금씩 기분이 좋고 잘 살기 위한 작은 조치를 취함으로써 소비자가 ""삶을 마시도록 격려합니다"".",,"['차', '카모마일', '블렌드', '슈퍼', '멜라토닌', '티백', '바닐라', '허브', '시나몬', '퓨어']"
식음료,음료,차,,B0D186JNT7,Wissotzky 크랜베리 차 (3팩 - 티백 60개) | 상쾌한 블렌드 | 카페인 프리 차 | 항산화 리치,Wissotzky,20761,20761,,,"활력 - 크랜베리 스플래시 허브 티의 톡 쏘고 활력을 주는 에센스로 미각을 깨우세요. 감각에 활력을 불어넣는 생생한 풍미를 제공합니다. Wissotzky 크랜베리 스플래시 티는 유월절과 일 년 내내 코셔 제품입니다. 카페인 프리 - 이 카페인 프리 블렌드의 대담함을 즐기세요. 뜨겁게 또는 아이스를 맛보든 상쾌한 경험을 제공하기 위해 꼼꼼하게 제작되어 취향에 맞게 음식을 제공합니다. 조심스럽게 포장 - 당사의 티백은 스테이플 없이 신중하게 제작되어 전자레인지에서 쉽게 가열할 수 있으며 음료의 금속에 대해 걱정할 필요가 없습니다. 각 가방은 맛, 신선함 및 향의 품질을 보존하기 위해 호일 파우치에 포장되어 있습니다. 현재 리브랜딩 중이며 받으신 제품 포장은 표시된 이미지와 다를 수 있습니다. 다양한 즐거움 - 이 신나는 주입으로 아침 산책의 활발함이나 야외 탈출의 흥분을 받아들이세요. 모험의 순간을 향상시키는 완벽한 동반자가 됩니다. 당사의 이야기 - 1849년부터 신뢰받는 Wissotzky 티는 맛볼 수 있는 품질을 제공합니다. 5세대 동안 저희는 차를 선택하고, 블렌딩하고, 컵핑하고, 여러분이 진정으로 사랑할 수 있는 차가 될 때까지 다시 블렌딩해 왔습니다. 품질과 맛에 대한 변함없는 헌신은 모든 고객의 컵 맛을 보장합니다.",크랜베리 스플래시 허브 티의 생생한 풍미로 미각을 깨우세요. 카페인 프리 인퓨전은 톡 쏘고 상쾌한 풍미를 제공하여 하루 중 언제든지 감각을 젊어지게 하는 데 적합합니다. 뜨거운 음식이든 아이스로 즐기든 대담한 맛은 미뢰를 자극하고 상쾌한 느낌을 선사합니다. 활발한 아침 산책이나 야외 탈출의 즐거운 동반자로 이상적이며 크랜베리 스플래시 티의 활력을 주는 경험에 빠져보세요,"['크랜베리', '티', '스플래시', '프리', '활', '맛', '카페인', '상쾌하다', '포장', '차']"
식음료,음료,차,,B01K86A992,Instant Crystal 허니 진저 티 (티 파우치 40개),GT,26301,26301,,,감기 및 인후염에 도움이 됩니다 상쾌한 맛: 이 기분 좋은 차는 가볍고 꽃 향과 은은하게 달콤하고 상쾌한 맛을 제공합니다.,,"['티', '상쾌하다', '맛', '허니', '향', '파우치', '진저', '인후염', '은은하다']"
식음료,음료,차,,B0CZPG5QB9,Wissotzky Strawberry Burst 허브 티 (3팩 - 티백 60개) | 과일 블렌드 | 카페인 프리 차 | 항산화 리치,Wissotzky,20761,20761,4.4,313.0,"상쾌한 블렌드 - 스트로베리 버스트 허브 티로 딸기, 히비스커스, 사과의 상쾌한 블렌드를 즐겨보세요. 햇볕에 입힌 맛의 감각을 제공합니다. Wissotzky 스트로베리 버스트 티는 유월절과 일 년 내내 코셔 제품입니다. 카페인 프리 - 완벽하게 제작된 이 카페인 프리 기쁨은 비타민 C와 항산화 물질이 함유되어 있어 한 모금마다 건강한 라이프 스타일을 촉진합니다. 조심스럽게 포장 - 당사의 티백은 스테이플 없이 신중하게 제작되어 전자레인지에서 쉽게 가열할 수 있으며 음료의 금속에 대해 걱정할 필요가 없습니다. 각 가방은 맛, 신선함 및 향의 품질을 보존하기 위해 호일 파우치에 포장되어 있습니다. 현재 리브랜딩 중이며 받으신 제품 포장은 표시된 이미지와 다를 수 있습니다. 다양한 즐거움 - 뜨거운 음식이든 아이스를 즐기든 나나 민트 잎과 레몬 슬라이스로 장식하여 감각을 자극하는 풍미를 더하여 경험을 향상시키세요. 당사의 이야기 - 1849년부터 신뢰받는 Wissotzky 티는 맛볼 수 있는 품질을 제공합니다. 5세대 동안 저희는 차를 선택하고, 블렌딩하고, 컵핑하고, 여러분이 진정으로 사랑할 수 있는 차가 될 때까지 다시 블렌딩해 왔습니다. 품질과 맛에 대한 변함없는 헌신은 모든 고객의 컵 맛을 보장합니다.","딸기, 히비스커스, 사과의 본질을 햇볕에 쬐는 날의 따뜻함을 불러일으키는 즐거운 혼합물로 조화를 이루는 스트로베리 버스트 허브 티로 상쾌한 맛의 교향곡을 경험하십시오. 완벽하게 세심하게 제작된 이 카페인 프리 탐닉은 미각을 자극할 뿐만 아니라 비타민 C와 항산화 물질을 풍부하게 주입하여 몸에 영양을 공급하여 한 모금마다 건강에 대한 전체적인 접근 방식을 촉진합니다. 뜨거운 찜이나 얼음 위에 붓든 신선한 나나 민트 잎과 풍미 있는 레몬 슬라이스로 장식하여 즐거움을 높여보세요. 마시는 경험에 감각적인 즐거움을 더합니다.","['티', '맛', '카페인', '프리', '제작', '포장', '버스', '항산화', '즐거움', '스트로베리']"
식음료,음료,차,,B0CN7GJPBJ,Julius Meinl 유기농 실론 잉글리시 브렉퍼스트 블렌드 홍차 티백 25개 - 플라스틱 프리 포장 및 생분해성 필터,Julius Meinl,17104,17104,5.0,1.0,티백 25개 박스. Julius Meinl 홍차는 스리랑카에서 세심한 주의를 기울여 수확되며 한 번 주입하면 생생한 브론즈 색상과 섬세한 맛이 특징입니다. 이 아로마 차는 우유 유무에 관계없이 상쾌한 차 한 잔에 적합합니다. 유럽에서 수입,Julius Meinl 홍차는 스리랑카에서 세심한 주의를 기울여 수확되며 한 번 주입하면 생생한 브론즈 색상과 섬세한 맛이 특징입니다. 이 아로마 차는 우유 유무에 관계없이 상쾌한 차 한 잔에 적합합니다.,"['홍차', '유무', '브론즈', '상쾌하다', '생생하다', '섬세하다', '세심', '수확', '스리랑카', '아로마']"
식음료,음료,차,,B0D2KRVR73,자연적으로 재배된 말린 사워솝 잎 컷 112g(4온스) 주방이나 식료품 저장실에 완벽한 추가,CEYLONFLAVORS FRESH AND PURE,17991,17991,4.6,1241.0,자연적으로 자란 나무에서 수확한 프리미엄 품질의 사워솝 잎. 최대한의 신선도와 효능을 보존하기 위해 조심스럽게 말리고 잘라냅니다. 각 팩에는 112g(4온스)의 사워솝 잎이 포함되어 있습니다. 쉬운 보관 및 사용을 위한 편리한 포장. 실론 플레이버의 프리미엄 건조 사워솝 잎으로 자연의 장점을 경험하세요.,Ceylon Flavors의 프리미엄 제품으로 사워솝 잎의 천연 장점을 즐기세요. 천연 재배 건조 사워솝 잎 컷 4온스 (112g). 자연적으로 자란 사워솝 나무에서 공급되는 이 잎은 신선함과 효능을 보존하기 위해 꼼꼼하게 건조되고 절단됩니다. 세심하게 포장된 각 118.3ml(4온스) 팩에는 고품질 사워솝 잎이 포함되어 있어 잠재적인 건강상의 이점과 독특한 맛 프로필을 즐길 수 있는 편리한 방법을 제공합니다.,"['사워솝', '잎', '자연', '건조', '프리미엄', '효능', '포장', '편리하다', '천연', '나무']"
식음료,음료,차,,B0CVRXJMYY,"Tagalica, 시나몬 티백 35개, 100% 천연 및 시나몬 스틱에서 추출한 순수 시나몬 허브 티. 시나몬 스틱 허브 스파이스 티. 설탕, 카페인 없음, 글루텐 없음, 비건.",Tagalica,17991,17991,4.4,1365.0,"시나몬 차 - 편안한 허브 주입: 시나몬 나무 껍질 한 잔을 내리면 진정되고 차분한 경험을 할 수 있어 긴장을 풀고 휴식을 취하기에 이상적인 선택입니다. 100% 천연 및 순수 시나몬 스틱으로 제작: 저희는 이 허브 티를 순수하고 혼합되지 않고 혼합되지 않은 상태로 제공합니다. 고객에게 탁월한 품질을 보장합니다. 이것이 저희의 약속입니다. 자연 농장에서 컵까지! 수제 생산 공정, 첨가물 없음: 당사의 시나몬은 위생적인 환경에서 가공된 다음 재밀봉 가능한 백에 포장되어 수명이 긴 제품을 만들고 고객의 안전과 제품 품질을 보장합니다. 무설탕, 카페인 프리, 글루텐 프리, 비건, 인공 향료 없음, 색소 무첨가. 생분해성 티백 - 천연 소재: 티백은 천연 옥수수 섬유로 만들어져 환경 친화적입니다. 줄 없음. 포장 없음. 스테이플 없음. 접착제 없음. 표백제 사용 금지. 염료 없음 - 100% 안전성. 최고 품질의 제품에 대한 약속: 최고 수준의 품질의 제품을 제공할 것을 약속드립니다. 시나몬 티백에 대해 궁금한 점이 있으시면 저희에게 알려주십시오. 항상 기꺼이 답변해 드리고 도움이 되는 제안에 감사드립니다.",,"['시나몬', '허브', '천연', '티백', '약속', '스틱', '티', '글루텐', '카페인', '비건']"
식음료,음료,차,,B0D1NNXF4W,"Junn Shenn Chinese Puerh Tea 완전 발효, 홍차, 5세 다크 티, 8컵/그리드, 85g(3온스)",Junn Shenn,6911,6911,1.0,1.0,"숙성된 맛: 저희는 5년 숙성 발효 pu-erh 홍차를 선택합니다. 이 홍차는 천연 차 맛을 유지하기 위해 고전적인 발효 공정을 통해 생산됩니다. 차 수프는 레드 크리스탈처럼 밝고 투명합니다. 차 한 잔을 손에 들고 추억에 가벼운 차 향기를 남겨주세요. 건강에 좋음: 티트리의 성장 기간 동안 많은 미량 원소를 흡수하고 저장할 수 있으며, 푸에르 차의 독특한 발효 과정을 통해 소화 시스템에 잘 흡수됩니다. 커피 대체품: 푸에르 차의 카페인 수준은 커피보다 낮습니다. 그리고 소화를 촉진하는 천연 식물 효소가 있습니다. 식사 후 차 한 잔을 마시거나 디저트와 함께 즐기는 것이 좋습니다. 신뢰할 수 있는 차 공장: 저희 운남 Yinhao Tea Factory는 푸에르 차의 탄생지에 기반을 두고 있으며, 운남 린캉 차 공장의 선두 주자이며 린캉에서 푸에르 차를 가공하는 최초의 기업이기도 합니다. 신뢰할 수 있는 품질: 저희 차 공장은 자체 유기농 차 식물 베이스를 가지고 있습니다. 저희는 푸에르 차의 발상지인 랑캉 강 상류에 위치하고 있으며, 환경은 독창적이고 당기지 않습니다.",,"['차', '에르', '발효', '공장', '홍차', '흡수', '천연', '린캉', '맛', '소화']"
식음료,음료,차,,B0D456TD6F,"CHAYEAH, Tropical Breeze, 백차 및 예르바 마테, 망고, 파인애플 및 망고스틴 혼합, 잎 티백, 카페인 함유 (피라미드 티 향 주머니 16개)",ChaYeah,23531,23531,4.6,33.0,"백차 및 예르바 - Yerba mate는 에너지와 정신적 집중력을 향상시키는 것으로 알려져 있지만 쓴맛이 일부를 억제할 수 있습니다. 쓴맛을 상쇄하기 위해 유기농 Bai Mu Tan 화이트 티와 혼합하여 부드럽고 부드러운 만남을 제공합니다. 시음 노트 - 화이트 티와 예르바 마테를 혼합한 베이스 위에 망고, 파인애플, 망고스틴의 힌트가 열대 감각을 선사합니다. 편안하고 따뜻한 바람처럼 이 블렌드는 정신을 고양시키고 가장 까다롭고 어려운 시기에 선명도를 제공하는 데 도움이 됩니다. 풍부한 맛의 피라미드 티 향 주머니 - 피라미드 모양의 티백을 사용하여 찻잎과 식물을 위한 충분한 공간을 만들어 더 철저하게 주입하여 타의 추종을 불허하는 향과 맛을 만들어냅니다. 당사의 봉지는 생분해성이며 PLA라고 불리는 식물 기반 소재로 제작되었습니다. 전체 잎차 - 저희는 최고 품질의 통잎차만을 공급하며, 저등급 더스트 티가 함유된 기존의 티백에 비해 더 복잡하고 섬세한 감각 경험을 제공합니다. 브루잉 지침 - 봉지를 컵에 넣고 240ml의 뜨거운 물을 붓고 3-5분 동안 우려냅니다. 개별적으로 포장된 당사의 차 봉지를 사용하면 언제 어디서나 신선하게 휴대하고 추출할 수 있습니다.",,"['티', '봉지', '혼합', '예르바', '향', '피라미드', '티백', '주머니', '망고', '망고스틴']"
식음료,음료,차,,B0D3TZG1HV,"18가지 맛 간 케어 차, 영양 간차, 모든 사람을 위한 건강한 간을 위한 18가지 허브가 포함된 데일리 간 영양 차 (30봉지)",WenFeng,13836,13836,3.9,18.0,"제품 포장에 표시된 날짜는 제품의 생산 날짜입니다. 18가지 맛의 간 관리 차: 30봉지 박스 간 보호 차 18가지 맛. 각 상자에는 5g/백이 포함되어 있습니다. 매일 간 영양 차(18가지 허브)는 천연이며, 18가지 종류의 허브에서 추출되어 간에 영양을 공급하고 간을 보호합니다. 간을 위한 중국 허브 티는 종종 늦게 자고 초과 근무를 하는 사람들과 생활 습관이 좋지 않은 사람들을 위한 제품입니다. 간편한 사용: 간차를 컵에 담고 끓는 물로 끓여서 간단하고 편리합니다. 이미지 3의 영어 설명을 참조하십시오 저희 제품은 고품질이므로 마음에 드실 것이라고 확신합니다. 하지만 저희 제품에 만족하지 못하고 반품 및 환불을 원하시면 어떠한 이유도 제시할 필요가 없으며 언제든지 저희에게 연락해 주십시오.","제품 포장에 표시된 날짜는 제품의 생산 날짜입니다. 18가지 맛의 간 관리 차: 30봉지 박스 간 보호 차 18가지 맛. 각 상자에는 5g/백이 포함되어 있습니다. 매일 간 영양 차(18가지 허브)는 천연이며, 18가지 종류의 허브에서 추출되어 간에 영양을 공급하고 간을 보호합니다. 간을 위한 중국 허브 티는 종종 늦게 자고 초과 근무를 하는 사람들과 생활 습관이 좋지 않은 사람들을 위한 제품입니다. 간편한 사용: 보호 간 차를 컵에 넣고 끓는 물로 추출하면 간단하고 편리합니다.","['허브', '차', '영양', '보호', '사람', '맛', '날짜', '봉지', '추출', '생활']"
식음료,음료,차,,B0DB5L1YVN,"BREWIX, Turmeric Ashwagandha 허브 티백(피라미드 티백 30개) 인도산 실제 성분, 카페인 프리 및 천연 글루텐 프리 | 재밀봉 가능한 지퍼락 파우치에 포장된 100% 순수 허브 블렌드",BREWIX,13836,13836,4.4,277.0,"인도의 강황 및 아슈와간다: 저희 블렌드는 인도 최고의 농장의 재료를 사용하여 만들어졌습니다. 차는 취향에 따라 뜨겁거나 차갑게 만들 수 있습니다. 블렌드는 강황 뿌리, 아쉬와간다 뿌리, 흑후추, 감초 및 레몬 그라스를 함유하고 있으며 모두 인도 최고의 농장에서 공급됩니다. 순수 성분 - 당사의 블렌드는 최고 등급의 재료를 사용하여 만들어져 추출 시 일관된 브루와 강렬한 색상을 보장합니다. 블렌드에 사용되는 허브와 향신료는 최고 품질이며 신선함과 공정한 가격을 보장하기 위해 현지 농부로부터 조달됩니다. 신선하고 직접적인 제품 - 당사의 공급망은 정원에서 테이블까지 가장 짧은 시간 안에 집 앞에서 가장 신선한 차 한 잔을 얻을 수 있도록 보장합니다. 당사의 차는 손으로 블렌딩되었으며 전 세계에서 발견되는 최고의 재료와 차로 구성되어 있습니다. 당사의 사내 마스터 블렌더는 모든 배치가 품질과 맛에 대한 테스트를 거쳐 최상의 결과를 얻을 수 있도록 보장합니다. 저희는 블렌드에 가장 신선한 루즈 티를 사용합니다. 수제 선택 및 핸드 블렌드 - 각 블렌드는 사랑과 정성을 담아 만들어졌으며 모든 차와 허브는 숙련된 전문가가 신중하게 선택하여 최고의 잎만 블렌딩 테이블에 사용할 수 있도록 합니다. 블렌드는 일관성을 보장하기 위해 소량으로 수작업으로 혼합됩니다. 소량 배치와 핸드 블렌딩은 재료가 손상되지 않고 깨지지 않도록 합니다. 이는 기계에서 혼합할 때 마찬가지입니다. 독특한 블렌드 - 각 블렌드는 맛과 성분이 독특합니다. 강황의 풍부한 노트가 아쉬와간다의 부드러운 톤과 매끄럽게 융합되어 기분 좋고 향기로운 브루를 만드는 이 허브 티의 향기로운 교향곡을 즐겨보세요.",,"['블렌드', '최고', '허브', '보장', '재료', '신선하다', '블렌딩', '간다', '성분', '강황']"
식음료,음료,차,,B00JJZ0XUO,Buddha Bubbles Boba CARAMEL FRAP 보바/버블 티 드링크 믹스 파우더 (1kg / 2.2파운드),Buddha Bubbles Boba,33226,33226,4.0,6.0,캐러멜 보바 / 버블 티 드링크 믹스 파우더 작성자: Buddha Bubbles Boba 무게: 2.2 파운드 (1 kg) D.I.Y. 거품을 먹으세요...행복하세요. (c),"Boba란 무엇입니까? 보바 또는 버블 티라고도 알려진 보바 티는 컵 바닥에 보바 또는 타피오카 진주로 알려진 타피오카를 포함하는 대만의 차 기반 음료입니다. 이 보바는 초대형 빨대를 통해 빨려 들어가며 젤리 곰처럼 쫄깃합니다. 언제 또는 누가 보바를 발명했는지는 확실하지 않지만, 1980년대 타이충 타이완이 어디에 있는지 알고 있습니다. 대부분의 보바/버블 티 레시피에는 과일이나 우유가 섞인 티 베이스가 포함되어 있습니다. 인기 있는 맛은 허니듀 멜론, 타로, 말차 녹차 라떼입니다. Boba는 가장 자주 차갑고 때로는 뜨겁게 제공되며 스무디처럼 혼합되거나 칵테일처럼 흔들 수 있습니다. 음료에는 수백 가지 변형이 있으며, 가장 인기 있는 보바/버블 티 음료는 타피오카 진주가 들어간 밀크티입니다. 보바의 변형도 있으며, 대부분 색상은 다크 브라운입니다. 보바는 매우 부드럽고 달콤한 맛을 가지고 있습니다. 일부 상점에서는 젤리라고도 불리는 향이 나는 젤라틴을 컵 바닥에 추가합니다. 최신 유형의 보바는 보바 밤 또는 팝핑 보바라고 불리며, 과일 맛 시럽으로 채워진 진주 크기의 비즈로, 물었을 때 터집니다. Boba 상점이 전 세계에 등장하고 있습니다. 보바 음료 한 잔으로 평균 약 $6.00를 돌려받을 수 있습니다. 품질은 매장마다 다를 수 있지만 Buddha Bubbles Boba는 최고 품질뿐만 아니라 가장 놀라운 맛에 자부심을 느낍니다. 오늘 Boba를 먹고 미소를 지으세요.","['보바', '티', '버블', '음료', '맛', '타피오카', '진주']"
식음료,음료,차,,B0D5PGZ5F6,"Generic Pu-erh 티 케이크, 오래된 벽돌 숙성 발효 Puerh PU'ER 티 브릭 홍차, 일일 음료 및 선물용 100g (생)",Generic,16606,16606,,,"❀【신뢰할 수 있는 브랜드】TAETEA는 중국 최초의 Pu'er 차 브랜드이며 ""중국 유서 브랜드""로도 선정되었습니다. 저희는 공식적으로 티백, 전통 케이크, 루즈 티, 티 브릭, 츄오/볼 차, 찻잔을 제공합니다. ❀【정통 운남 푸에르 차】운남 대형 말린 찻잎은 섬세한 생산 기술과 떠다니는 향기로 원료로 선택됩니다. 액체는 황금색이며 약간의 연기 향이 나는 아로마에 떠 있습니다. 깊은 냄새에 꿀 맛, 일반적인 냄새에는 희미한 향기, 마시기에 순합니다. ❀【숙성된 맛】컵파를 원하십니까? ""Old Brick"" 생 pu-erh 차는 10년 동안 보관 및 숙성된 원료를 사용합니다. 노화는 알아볼 수 있으며 한 모금의 시간을 즐기세요! ❀【커피 대체품】좋은 품질의 푸에르는 종종 커피를 마시는 사람들에게 어필하며 풍부한 디저트와 잘 어울립니다. 푸에르 차의 맛과 평판이 좋은 건강상의 이점은 무거운 식사 후 소화제로 마시기에 좋은 선택입니다. 푸에르 차의 카페인 수준은 커피보다 낮습니다.","숙성된 Pu-erh 티 케이크 - 발효된 오래된 벽돌 홍차, 매일 마시기 및 선물로 적합","['티', '차', '에르', '숙성', '커피', '마시기', '케이크', '브릭', '중국', '홍차']"
식음료,음료,차,,B0CZ97KKTJ,Gya Tea Co 큐리그 클래식 녹차 K 컵 - 큐리그용 순한 카페인 스무스 티 K 컵 - 큐리그 티 팟으로 하루를 시작하세요 - Keurig 2.0 및 1.0용 녹차 K 컵 티 포드 호환,Gya Tea Co,26301,26301,4.2,737.0,"편안한 픽업. 당사의 클래식 녹차 k 컵은 신선한 아침과 생산적인 날을 위해 자연스러운 장점으로 가득합니다. 큐리그를 위해 이 가벼운 티 포드를 한 모금 마실 때마다 감각을 풀고 마음을 충전하세요. 좋은 그린만 사용. 기분 좋은 평온함을 위해 추출된 클래식 녹차 k 컵은 달콤하고 부드러운 맛으로 미각을 활기차게 만듭니다. 클래식하고 오래 지속되는 이 제품은 커피의 부드러운 대안으로 작용하는 활력을 주는 브루입니다. 진정과 웰빙의 한 모금. 클래식 녹차 k 컵의 차분한 녹색 향기가 당신을 다시 살아나게 합니다. 투명도를 높이기 위해 순한 카페인이 함유된 keurig용 티 포드는 각 브루마다 몸에 활력을 불어넣고 충전합니다. 품질을 맛보세요. keurig용 k 컵 티 포드는 전 세계에서 공급되는 엄선된 찻잎을 세심하게 만든 블렌드입니다. 큐리그를 위한 순수하고 건강에 좋은 녹차 k컵 차, 대자연이 의도한 대로 한 모금의 휴식을 즐기세요. 쉬운 차 의식 가이드. K-컵 브루잉을 위한 티 포드로 셀프 케어는 티에 적합하지 않습니다. 간단하고 지저분하지 않으며 모든 Keurig 기계와 호환되며 keurig용 핫 k 컵에 적합합니다. 커피 한 개를 브루어에 넣고 '브루'를 누르고 한 모금 마시기만 하면 됩니다. 프리미엄 수확, 프리미엄 맛. Gya Tea Co' Keurig Tea K-Cups는 큐리그용 티 k 컵을 위해 천연 차와 허브를 수동으로 소싱하고 따는 엄격한 기준을 정확하게 준수합니다. 여기에 불쾌감이 없습니다. 일상적인 의식을 위한 건강에 좋은 차 경험입니다.",,"['컵', '티', '녹차', '클래식', '포드', '큐리', '모금', '차', '브루']"
식음료,음료,차,,B0DBLBCCQY,Denniex Alingatong Roots tea 허브 100gram 차,Denniex,23503,23503,,,"면역 강화: 알링가통 뿌리는 항산화 물질과 면역 강화 특성이 풍부하여 면역 체계를 강화하는 데 도움이 됩니다. 소화 건강: 이 뿌리는 팽만감, 소화 불량 및 변비와 같은 문제를 완화하여 소화 건강을 개선하는 데 전통적으로 사용되었습니다. 장내 세균: 알링가통 뿌리는 유익한 장내 세균의 성장을 촉진하여 전반적인 장 건강을 향상시킵니다. 항산화 풍부: 항산화 물질이 함유된 이 차는 유해한 활성 산소로부터 몸을 보호하는 데 도움이 됩니다. 전통적인 치료법: 알링가통 뿌리는 수세기 동안 전통 의학에서 건강상의 이점을 위해 사용되었습니다.","알링가통 뿌리 차는 면역 체계를 강화하고 전반적인 웰빙을 지원하는 자연스러운 방법을 제공합니다. 항산화 물질과 면역 강화 특성이 풍부한 이 차는 일반적인 질병과 감염에 대한 신체의 방어력을 강화하는 데 도움이 됩니다. 또한 전통적으로 소화 건강을 촉진하고 팽만감, 소화 불량 및 변비와 같은 문제를 완화하는 동시에 유익한 장내 세균의 성장을 촉진하는 데 사용됩니다. 이 맛있는 차의 영양 혜택을 즐기고 면역력 향상과 더 나은 소화를 경험하십시오.","['면역', '소화', '건강', '전통', '통', '알링가', '항산화', '세균', '강화하다', '도움']"
식음료,음료,차,,B0CPPX1PSS,"VIXI 옐로우 티 루즈 리프, 226.8g(8온스), 베트남 마운틴 티, 균형 잡힌 맛, 말린 전체 대형 잎, 핫 및 콜드 브루를 위한 고대 티트리 100% 천연",VIXI,20761,20761,4.3,145.0,"베트남 북부의 고대 차나무(약 200~600년)의 100% 천연 찻잎으로 신중하게 수확하고 손으로 혼합한 이 VIXI 마운틴 옐로우 티는 그 어느 때보다 맛이 좋습니다. [최대 100% 할인] ]: 수백 년 동안 여러 세대에 걸쳐 야생으로 자라는 나무. 일반적으로 일년 내내 기후가 추운 1,400m 이상의 높은 고도에서 발달합니다. 따라서 고대 티트리의 성장 과정에 인간의 영향을 미치지 않습니다. [최고의 효과]: 인공 감미료, 향료, 방부제 또는 색소가 포함되어 있지 않습니다. 이러한 이유로 걱정 없이 VIXI 녹차 한 잔을 즐길 수 있습니다. [ 큰 소리]: 야생에서 생활하며 극한의 환경에서 생활하면 고대 찻잎은 일반적으로 양식 찻잎보다 영양소가 풍부합니다. 또한, 고대 티트리는 100% 천연이므로 섭취하면 현존하는 가장 순수한 차를 섭취하게 됩니다. [베트남 산 차]는 야생에서 재배한 베트남 산차만 사용하며 농장에서 재배한 것을 보충하지 않습니다. 만족 보장.",,"['티', '고대', '베트남', '천연', '야생', '트리', '찻잎', '옐로우', '맛', '일반']"
식음료,음료,차,,B000XTL49E,"Prince of Peace Instant Korean Panax 인삼차, 100개",Prince Of Peace,20761,20761,4.6,273.0,"즐기기 위해 제작되었습니다. Prince of Peace의 한국 인삼 인스턴트 티는 마시는 즐거움을 위해 신중하게 선택, 가공 및 포장되었습니다! 이점을 경험해보세요. 홍삼이나 인삼이라고도 알려진 한국 인삼은 면역 체계와 에너지를 향상시키고 피로와 싸우며 건강한 혈액 순환을 촉진하며 스트레스를 줄이는 데 도움이 되는 천연 건강 혜택으로 잘 알려진 높은 평가를 받는 허브로 간주됩니다. * 필러 없음. 한국 인삼 인스턴트 티는 한국 인삼 추출물과 포도당으로 만들어져 일 년 내내 즐길 수 있는 간단한 인스턴트 티를 제공합니다! 쉽게 추출할 수 있습니다. 118.3ml(4온스)의 뜨거운 물에 한 봉지를 녹이고 좋아하는 감미료로 달콤하게 만드세요! 아이스 티의 경우, 1~56.7g(1~2온스)의 물에 한 봉지를 녹이고 잘 저어준 다음 차가운 물과 얼음으로 유리를 채웁니다. 고품질 제품. 1983년부터 Prince of Peace는 안전과 효능 테스트를 거친 고품질 제품을 제공하기 위해 최선을 다하고 있습니다.","Prince of Peace Instant Korean Panax 인삼 차. 설명: Prince of Peace Instant Korean Panax 인삼차는 활동적인 사람들을 위한 프리미엄 음료입니다. Prince of Peace Instant Korean Panax 인삼차는 세계에서 가장 높은 가치를 지닌 인삼으로 소중히 여기는 제품에서 신중하게 선택, 가공 및 포장됩니다. 한국 인삼차는 수천 년 동안 전 세계 인구의 상당한 부분에서 웰빙과 건강 관리를 위해 안전하게 복용되었습니다. 오늘날 증가하는 사용자 수는 모든 삶의 사람들이 포함됩니다. 면책 조항 이 진술은 FDA에 의해 평가되지 않았습니다. 이 제품은 어떠한 질병도 진단, 처지, 치료 또는 예방하기 위한 것이 아닙니다.","['인삼', '한국', '인삼차', '물', '티', '인스턴트', '가공', '봉지', '선택', '세계']"
식음료,음료,차,,B0CV4JTWZW,Wissotzky Fruit Galore 허브 티 (3팩 - 티백 60개) | 카페인 프리 차 | 항산화 리치 | 과일 블렌드 | 허브 티백,Wissotzky,20761,20761,4.7,185.0,"생생한 블렌드 - 히비스커스, 사과, 로즈힙, 패션 프루트 등의 풍부한 조화에 빠져보세요. 완벽하게 균형 잡힌 블렌드로 미뢰에 과일의 좋은 맛을 선사합니다. Wissotzky Fruit Galore 허브티는 유월절을 포함하여 일 년 내내 사용할 수 있는 코셔 인증을 받았습니다. 카페인 프리 - 카페인 프리 프루티 티로 죄책감 없는 티 브레이크를 즐기세요. 편안한 따뜻한 컵을 선호하든 시원하고 상쾌한 아이스티를 선호하든, 이 블렌드는 기분과 선호도에 잘 맞습니다. 조심스럽게 포장 - 당사의 티백은 스테이플 없이 신중하게 제작되어 전자레인지에서 쉽게 가열할 수 있으며 음료의 금속에 대해 걱정할 필요가 없습니다. 각 가방은 맛, 신선함 및 향의 품질을 보존하기 위해 호일 파우치에 포장되어 있습니다. 현재 리브랜딩 중이며 받으신 제품 포장은 표시된 이미지와 다를 수 있습니다. 항산화 부스트 - 항산화 물질이 함유된 이 차는 입맛을 즐겁게 할 뿐만 아니라 웰빙을 지원합니다. 매일 항산화 섭취에 기여하는 Fruit Galore 허브 티의 자연스러운 장점을 받아들이세요. 당사의 이야기 - 1849년부터 신뢰받는 Wissotzky 티는 맛볼 수 있는 품질을 제공합니다. 5세대 동안 저희는 차를 선택하고, 블렌딩하고, 컵핑하고, 여러분이 진정으로 사랑할 수 있는 차가 될 때까지 다시 블렌딩해 왔습니다. 품질과 맛에 대한 변함없는 헌신은 모든 고객의 컵 맛을 보장합니다.","Wissotzky 쿨 페퍼민트 허브 티의 상쾌한 에센스에 빠져보세요. 한 모금마다 평온함을 향한 상쾌한 여정을 약속합니다. 순수 페퍼민트 잎으로 제작된 이 차는 정통하고 활력을 주는 맛을 제공하여 순수한 상쾌함의 영역으로 안내합니다. 단순한 음료 그 이상입니다. 민트 탈출구로, 긴장을 풀고 활력을 되찾을 수 있습니다. 페퍼민트의 진정 효과를 맛보세요. 한 모금마다 소화 시스템을 부드럽게 관리하여 영양과 편안함을 제공하는 자연스러운 이점을 제공합니다. 페퍼민트의 시원하고 상쾌한 향기가 감각을 깨우고 정신에 활력을 불어넣고 하루의 혼란 속에서 순수한 상쾌함의 순간을 제공합니다. 뜨겁거나 차갑게 즐기든, Wissotzky 쿨 페퍼민트 허브 티는 고요한 휴식을 원하는 사람들에게 완벽한 동반자입니다. 페퍼민트의 활력을 되찾고 마음, 몸, 영혼을 상쾌하게 하는 여행을 시작하세요.","['티', '상쾌하다', '페퍼민트', '허브', '맛', '항산화', '활', '블렌드', '포장', '카페인']"
식음료,음료,차,,B0CTGGNWPL,Harraz 천연 캐롭 파우더 라마단 할랄 (250gm - 8.8온스),treasure.of.egypt,22146,17991,,,"순수 및 천연: 모든 Harraz 라마단 음료는 인공 첨가제나 방부제 없이 100% 천연임을 보장합니다. 충분한 비타민을 유지합니다 기분 좋은 맛: - 이 고품질 Haraz 제품을 컵에 넣으면 놀랍고 풍부한 색상이 드러나 기분 좋은 신 노트와 섬세한 단맛의 조화로운 균형을 제공합니다. 상쾌한 라마단 음료 한 잔을 선물하세요. 훌륭한 선택입니다. 빠른 준비 및 맛: - Harraz 음료는 얼음이나 미지근하게 즐길 수 있어 맛있는 맛을 맛보고 어떤 계절에도 건강상의 이점을 누릴 수 있습니다. 또한, Haraz 제품은 즉시 준비되므로 시간을 낭비하지 않고 모든 컵을 즐길 수 있습니다. 라마단 음료: - 자연에서 온 진정한 선물이며, 많은 중요한 성분, 첨가제, 색소 또는 방부제 (100% 순수) 첨가되지 않은 감미료 없음, 글루텐 프리, 견과류 프리, 유제품 프리, 카페인 프리, GMO 프리, 유기농 코셔 Carob은 풍부하기 때문에 영양가가 뛰어납니다. 대부분의 지중해 국가, 특히 온대 및 건조한 지역에서 캐롭 농장. 또한 초콜릿에 대한 많은 중요한 클래식 대안이 포함되어 있습니다. 준비 방법: - 저그에 1.5리터의 물을 채우고 캐롭 파우더 4테이블스푼을 넣고 스토브에 10분 동안 놓고 걸러내고 원하는 대로 설탕을 넣은 다음 식히고 마셔보세요!",,"['프리', '라마단', '음료', '맛', '준비', '캐롭', '중요하다', '방부제', '기분', '천연']"
식음료,음료,차,,B0D5CZB9YY,"Korean Covenienve Store 음료 파우치 샘플러 세트 - 5팩 10팩 (포도, 딸기, 블루 레모네이드, 복숭아 아이스 티, 샤인 무스카트) + dalgaru yakgwa Mirror (2024 SUMMER ADE 4팩)",dalgaru,30456,30456,,,"얼음을 넣으세요: 차갑게 하고 아이스 컵에 넣어 즉시 즐길 수 있습니다. 5가지 맛: 5가지 맛을 즐기세요! 피치 아이스 티, 블루 레모네이드, 샤인 머스카트, 딸기, 포도 5팩 또는 10팩: 5팩에는 5가지 맛 각각 1개가 포함되어 있으며 10팩에는 각각 2개가 포함되어 있습니다. 7.7 FL OZ : 각 에이드는 227.7 ml (8 액량 온스)입니다. 귀여운 YAKGWA 거울: 귀여운 dalgaru Yakgwa 포켓 거울이 제품과 함께 제공됩니다!",집에서 한국 CVS 스타일 음료를 즐기세요! 차갑게 하고 아이스 컵에 넣기만 하면 즐길 수 있습니다,"['아이스', '맛', '거울', '블루', '귀엽다', '포도', '티', '컵', '차갑다', '딸기']"
식음료,음료,차,,B0D6SZ9DZ3,"Palais des Thés - French Garden - 배, 사과, 블랙베리가 함유된 프리미엄 유기농 허브 티 - 생분해성 고급 티백 박스 15개",Palais des Thés,23545,23545,4.5,1026.0,"풍성하고 럭셔리함: 배, 사과, 블랙베리 잎이 섬세하게 주입된 차 블렌드로 프랑스 매력의 호화로운 정원으로 들어가세요. 정교하고 생생한 탐닉입니다. 하루 종일 즐기세요: 균형 잡힌 카페인 프리 블렌드로 저녁을 포함하여 하루 중 언제든지 이 차를 즐길 수 있어 편안하고 고요한 휴식을 취할 수 있습니다. 최고의 프리미엄 프랑스 차 브랜드 - 250개 이상의 차와 그랜드 크루 차, 차 초보자와 애호가 모두를 위한 액세서리, 샘플러 및 선물 세트가 특징이며, 목록에 있는 모든 사람을 위한 제품이 있습니다! 최고의 차를 맛보세요 - 차를 맛보는 것은 단지 맛에 관한 것이 아니라 다른 모든 감각도 포함합니다. 이 음료의 모든 특성을 발견하기 위해 우리의 감각 지각에 머무르는 것이 좋습니다. 고품질의 아로마 차를 즐기고 고급스럽고 편안한 경험을 하십시오. 모든 셀프 케어 의식에 훌륭한 추가 아이템입니다. 윤리적 소싱 - 차 생산자와 개인적인 관계를 구축한 Palais des Thés 제품은 직접 공급에 참여할 수 있었습니다. 중개자 없이 땅에서 일하면서 더 희귀하고 신선하며 다양한 차를 제공할 수 있었습니다. 존중, 진실성 및 책임을 소중히 여기는 이 긴밀한 관계는 깨끗한 브랜드가 되고자 하는 당사의 약속에도 필수적입니다.",,"['차', '감각', '사과', '최고', '하루', '프리미엄', '블랙베리', '프랑스', '편안하다', '블렌드']"
식음료,음료,차,,B0CYTZV76T,"차 석류 라즈베리 녹차 및 말차 티백 18개 - 항산화 성분이 풍부하고 맛있는 음료, 뜨거운 차 또는 아이스 티에 이상적 - moofin Silver Ss 티백 압착기 번들 [1팩]",moofin,12977,12977,5.0,1.0,"[항산화 성분이 풍부한 탐닉] - 말차 녹차 티백과 석류 및 라즈베리의 독특한 블렌드를 맛보세요. 풍부한 항산화 주입과 풍미의 교향곡을 제공하여 활력을 되찾아주는 경험을 선사합니다. [편리하고 신선함] - 18개입 말차 티백 팩으로 언제든지 녹차 말차를 즐기세요. 신선함과 맛을 보존하기 위해 개별적으로 포장되어 이동 중에도 상쾌함을 즐기기에 적합합니다. [말차 매직] - 잘게 갈린 말차 잎의 생생한 녹색 색조와 깊은 맛이 시각적으로 놀랍고 세련된 즐거움을 선사하는 말차와 함께 녹차로 차 시간을 향상시키세요. [다용도 브루잉 옵션] - 따뜻하고 편안한 브루를 선호하든 콜드 브루 녹차 티백을 선호하든, 당사의 그린 아이스 티는 어떤 날씨에도 완벽하게 제작되어 매번 상쾌한 한 모금을 보장합니다. [더 나은 품질의 재료] - ''는 모든 마차 녹차 한 잔을 탁월하게 보장합니다. 고품질 재료만을 사용하여 죄책감 없는 탐닉을 제공합니다.","차는 녹차의 섬세한 맛과 석류와 라즈베리의 달콤하고 시큼한 향을 훌륭하게 결합하여 한 모금마다 즐거운 음료를 제공합니다. 존경받는 녹차 주입인 말차가 포함되어 풍부한 항산화 물질, 미묘한 깊이 및 눈을 사로 잡는 생생한 녹색 색조를 추가하여 이 블렌드를 향상시킵니다. 추운 날 따뜻함을 원하든 태양이 높을 때 시원한 음료를 원하든, 이 차는 완벽한 동반자입니다. 하지만 이 차를 진정으로 차별화하는 것은 일상 생활에 가져다주는 편리함입니다. 각 상자에는 18개의 개별 포장된 녹차 티백이 포함되어 있어 신선함을 보장하고 집에 있든 이동 중에도 말차와 함께 녹차의 절묘한 맛을 쉽게 즐길 수 있습니다. 이 블렌드의 다양성으로 뜨거운 커피를 내리고, 찜 컵의 편안한 포옹을 맛보거나, 다른 어떤 것과도 비교할 수 없는 갈증을 해소하는 아이스 티를 만들 수 있습니다. 품질에 대한 헌신은 석류 라즈베리 녹차 및 말차 블렌드의 모든 성분이 신중하게 선택된다는 것을 의미합니다. 첫 모금부터 마지막 한 모금까지 고품질 재료가 만드는 차이를 맛볼 수 있습니다. 이것은 단순한 말차가 아닙니다. 차를 마시는 기쁨을 기념하는 경험입니다. 그렇다면 왜 기다려야 할까요? 차 석류 라즈베리 녹차 및 말차의 감질나는 블렌드에 빠져보세요. 이 정교한 말차 녹차 티백은 일상 생활의 소중한 부분이 되어 차 마시는 경험을 새로운 차원으로 끌어 올립니다. 상쾌하고 활력을 불어넣고 새롭게 하는 블렌드를 받아들이세요. 오늘 상자를 주문하고 고품질 차 한 잔의 진정한 본질을 이해하는 사람들의 대열에 합류하세요.","['녹차', '말차', '차', '티백', '블렌드', '석류', '라즈베리', '맛', '풍부하다', '항산화']"
식음료,음료,차,,B0D3SLSD51,Te Herbal Hojas De Nispero 113.4g(4온스) 허브 티(비파 잎차) 스탠드업 재밀봉 가능한 백 Nature100% 천연 신선한 차 | GMO 프리 | 글루텐 프리,GREEN ROYALTY,13836,13836,,,비파 나무의 잎으로 제작되어 독특하고 상쾌한 맛을 제공합니다 무성한 잎사귀에서 수확하여 모든 브루에서 프리미엄 품질과 신선함을 보장합니다. 흙빛 언더톤과 약간의 자연스러운 단맛과 섬세하게 균형을 이루어 진정 음료 경험을 제공합니다. 휴식과 활력을 되찾아주는 순간에 완벽하며 하루의 스트레스에서 벗어나 고요한 탈출을 제공합니다. 첨가물이나 인공 향료가 없는 자연의 순도를 포용하여 건강에 좋은 차를 마시는 경험을 제공합니다.,설명: Te Herbal Hojas De Nispero 113.4g(4온스) 허브티(비파 잎차) 스탠드업 재밀봉 가능한 백 Nature100% 천연 신선한 차 | GMO 프리 | 글루텐 프리. 부드럽고 상쾌한 음료를 제공하기 위해 제작된 기분 좋은 주입인 비파 잎차의 미묘하면서도 만족스러운 맛을 경험하십시오. 비파 나무의 무성한 잎사귀에서 수확한 이 차는 흙빛 언더톤과 부드러운 달콤함이 조화롭게 조화를 이룹니다. 비파 잎의 천연 에센스가 감각을 감싸고 일상 생활의 번잡함 속에서 휴식의 순간을 제공합니다. 지구의 풍성한 제물에 대한 증거인 비파 잎차로 자연의 순수함을 받아들이세요.,"['비파', '프리', '경험', '잎', '신선하다', '천연', '잎차', '차', '흙빛', '상쾌하다']"
식음료,음료,차,,B003V2PKWC,Tapal Tea Family Mixture 1kg,Tapal,20151,20151,4.0,10.0,Tapal Tea 파키스탄에서 파키스탄 최고의 차,"Tapal 파키스탄 차, 파키스탄 최고의 차","['파키스탄', '차', '최고']"
식음료,음료,차,,B0D9C4FKVV,GREEN TEA 41022 DAHMISS 200G | 500G (500G),DAHMISS,27686,27686,,,"정통 모로코 차: Dahmiss는 모로코에서 유래한 프리미엄 차 브랜드로 풍부하고 향기로운 맛으로 유명합니다. 버라이어티 팩: 이 팩에는 Dahmiss 차가 포함되어 있어 다양한 블렌드와 맛을 탐험할 수 있습니다. 루즈 리프 티: Dahmiss 차는 일반적으로 느슨한 잎으로 티백에 비해 더 정통하고 맛있는 경험을 제공합니다. 전통적인 브루잉: 맛을 완전히 맛보기 위해 Dahmiss 차는 전통적인 모로코 찻주전자를 사용하여 추출하는 것이 가장 좋으며 작은 잔에 담겨 제공됩니다. 다양한 맛: 특정 맛은 언급되지 않았지만 모로코 차는 종종 민트, 향신료 및 꽃 향이 특징입니다.",여러 세대에 걸쳐 소중히 여겨져 온 전통적인 블렌드인 다미스 차로 모로코의 풍부한 맛을 즐기세요. 이 정통 차는 오랜 세월의 방법을 사용하여 신중하게 제작되어 감각을 자극하는 생생하고 향기로운 주입을 제공합니다. 한 모금마다 향신료와 허브의 향기가 공기를 가득 채우는 모로코 도시의 번화한 시장과 구불구불한 골목길로 안내합니다. Dahmiss 차는 모로코 전통의 따뜻함과 환대를 포용하는 즐거운 방법을 제공하는 진정한 문화 경험입니다. 단독으로 즐기거나 전통적인 과자 및 페이스트리와 짝을 이루든 이 차는 일상 의식의 소중한 부분이 될 것입니다. 이국적인 맛에 빠져들고 Dahmiss 차가 한 모금마다 모로코의 매혹적인 풍경으로 여러분을 데려다 줄 수 있습니다.,"['모로코', '맛', '전통', '모금', '향신료', '향기롭다', '소중하다', '경험', '풍부하다', '차']"
식음료,음료,차,,B09C4TKLBD,"ChaWuWarmSun [B] Keemun 홍차 잎, 3.5oz/100g, 중국 QiMen 홍차",ChaWuWarmSun,20761,20761,3.9,62.0,"맛: 달콤하고 매끄러우며, 음료 후에도 신선하고 달콤한 맛이 입안에 유지됩니다. 맛: 순하고 매끄러우며 쓴맛과 떫은맛이 없습니다. 음료를 마신 후에는 나무/꿀/장미 혼합물의 맛이 다시 돌아옵니다 원산지: QiMen,HuangShan,China 브루잉 팁: 300-350ml, 90℃/204°F의 물로 5g 차를 권장합니다. 2-3분 동안 담그면 약 3번 끓일 수 있습니다 보관 방법: 건조한 상태로 유지하고 햇볕이 잘 들지 않습니다.",,"['맛', '홍차', '달콤하다', '음료', '유지', '매끄럽다', '브루잉', '권장', '꿀', '나무']"
식음료,음료,차,,B0D3TM5H4T,"Loywoqi 말린 생강 뿌리 티백 - 3g x 50백/150g(5.3온스) 카페인 프리, 천연 순수 생강 첨가제 없음, GMO 프리",Loywoqi,26301,26301,4.4,29.0,"고품질 소재: 순수 천연 생강의 고품질 생산 베이스를 선택한 실제 소재는 눈으로 볼 수 있습니다. 안심하고 마실 수 있습니다. 카페인 프리: 수면에 영향을 주지 않으며, 첨가제 없음, GMO 프리, 설탕 없음, 글루텐 없음, 비건. 견고한 티백: 독특하게 디자인된 티백은 고밀도로 내부에 생강이 컵에 새지 않습니다. 간편한 브루잉: 티백의 다면적 디자인으로 물과 쉽게 섞어 풍성하고 효율적으로 주입할 수 있습니다. 건강한 라이프 스타일: 허브 티를 마시는 습관을 들이면 삶을 더 잘 즐길 수 있습니다!",,"['프리', '티백', '생강', '카페인', '첨가제', '천연', '순수', '디자인', '효율', '면적']"
식음료,음료,차,,B0D257CKS9,Gya Tea Co Reishi Mushroom 큐리그용 허브 티 포드 - 집중력 및 면역 지원을 위한 디카페인 티 K 컵 - 버섯 티 큐리그 티 포드 - 큐리그 티 포드 K 컵,Gya Tea Co,17991,17991,3.9,7.0,"RICH IN ANTIOXIDANTS. Earthy, herbal and nutrient-rich, our Reishi Mushroom Mushroom Tea are caffeine free tea k cups made from a blend of rooibos tea, reishi mushroom and other herbs and spices that may be known for their potential health benefits. GOOD FOR HEART HEALTH. A comforting brew that is nourishing for the soul, these hot tea k cups is blended with rooibos tea and reishi mushrooms that may have potential health benefits to support heart health and improve blood circulation. REGULATES BLOOD SUGAR. Along with reishi mushrooms, the cinnamon in our Reishi Mushroom herbal tisane are known for their benefits to regulate blood sugar, which could contribute to reducing the risk of other health issues. GOOD FOR DIGESTION. Blended with licorice root, our Reishi Mushroom tea may also have calming and soothing properties that may offer digestive support to troubled tummies, promote a healthy gut environment and improve nutrient absorption. THE PERFECT BREW TO WIND DOWN WITH. Traditionally used for relaxation, regular consumption of Reishi Mushroom Tea may help the body unwind, especially after a long day of hustling. Enjoy a cup of reishi tea and savor its earthy notes with every sip. EARTHY & HERBAL WITH WOODY NOTES. A grounding herbal tisane with a strong earthy and rich flavor, our Reishi Mushroom Herbal Tea K Cups are the perfect k cup tea pods for keurig for sweater weathers or whenever you need a soothing pick-me-up.",,"['티', '포드', '컵', '큐리그', '허브', '디카페인', '큐리', '집중', '버섯']"
식음료,음료,차,,B0CZPK4FPS,"스파이시 차이 티, 순수 수제 블렌드, 1팩, 풍부한 아로마 향신료, 뜨겁거나 차가운 음료, 친환경 포장 - moofin Silver Ss 티백 압착기 번들 [1팩]",moofin,29265,29265,,,"[친환경 & 차이 스파이스 티] - 깨끗한 양심으로 매운 차이를 즐기세요. 지속 가능한 포장을 사용하여 매운 차가 생태학적 책임을 지원하도록 합니다. [친환경 & 스파이시] - 깨끗한 양심으로 매운 차이를 즐기세요. 지속 가능한 포장을 사용하여 매운 차 탐닉이 생태학적 책임을 지원합니다. [다용도 차이 농축액] - 뜨거운 음식이든 아이스로 제공하든 매운 생강차 농축액은 맞춤형으로 설계되어 음료 루틴에 강력한 풍미를 더합니다. [친환경 & 스파이시] - 깨끗한 양심으로 매운 차이를 즐기세요. 지속 가능한 포장을 사용하여 매운 차가 환경적 책임을 지원하도록 합니다. [수제 품질] - 스파이시 팩은 품질에 대한 증거이며, 일관성과 기억에 남는 맛을 위해 꼼꼼하게 제작된 차이 스파이스 티 블렌드가 있습니다.","유기농 차이 티는 단순한 음료 그 이상입니다. 경험입니다. 각 팩에는 전통의 본질이 포함되어 있으며, 히말라야의 고요한 산기슭으로 데려다 줄 매운 맛 프로필이 주입되어 있습니다. 이 USDA 유기농 차는 순도와 품질에 대한 증거로, 대담하고 만족스러운 풍부하고 견고한 맛을 제공합니다. 패키지에는 한 모금 마실 때마다 향신료와 따뜻함의 이국적인 풍경을 여행할 수 있도록 꼼꼼하게 제작된 한 팩이 포함되어 있습니다. 생강, 카다몬, 정향, 후추를 포함한 아로마 향신료의 수제 블렌드는 비교할 수 없는 순수한 차이 경험을 제공합니다. 하지만 차 옵션으로 가득한 세상에서 눈에 띄는 것은 무엇일까요? 지속 가능성과 생태학적 책임에 대한 헌신입니다. 친환경 포장재는 생태학적 발자국을 줄이기 위해 신중하게 선택되어 더 친환경적인 미래를 지원하면서 미뢰만큼 지구에 좋은 차이 한 잔을 제공합니다. 모든 팩에 모험의 정신과 가정의 따뜻함을 구현하는 브랜드를 소개합니다. 식료품 저장실에 딱 맞는 크기로 무게가 나가는 이 유기농 홍차는 평범한 음식에서 벗어나는 풍미를 원하는 사람들에게 완벽한 동반자입니다. 우유를 마시거나 단순히 단독으로 뜨겁거나 차갑게 파이핑하는 것을 선호하든 상관없이 다양한 기능을 즐기세요. 맛을 내기 위해 달콤함을 더하고 독특한 취향에 맞는 맞춤형 차이 경험을 만들어보세요. 각 배치는 차 제조 기술의 증거이며, 모든 컵에 일관된 품질과 기억에 남는 경험을 보장하기 위해 수작업으로 제작되었습니다. 결론적으로, 순수한 차이 경험의 따뜻함, 향신료 및 전통을 받아들이도록 초대합니다. 더 활기차고 맛있는 하루를 향한 첫 걸음을 내딛으세요. 유기농 신선한 생강 뿌리 스파이시 티를 선택하고 한 모금씩 감각을 축하하세요.","['차이', '맵다', '친환경', '경험', '티', '스파이', '차갑다', '유기농', '맛', '포장']"
식음료,음료,차,,B0D3GQ8WKX,"유기농 Genmaicha 차 - JAS 인증, GMO 프리, 무첨가 제품, 정통 일본 원산지, 100% 순수 프리미엄 젠마이차 (현미 차), 20g 봉지",all day i eat like a shark,17991,17991,4.6,25.0,✅ 유기농 센차와 일본 현미를 완벽하게 혼합하여 맛있는 향과 풍미 가득한 맛을 만듭니다. ✅ 한 모금마다 시즈오카의 맛을 경험해보세요. 특별한 찜과 로스팅 방법으로 각 컵을 독특한 즐거움으로 만듭니다. Genmaicha의 제한된 배치를 즐기며 모든 컵이 신선하고 최고 품질을 보장합니다. ✅ Genmaicha로 부드럽고 상쾌한 브루를 발견하세요. 놀랍도록 낮은 카페인 수치를 자랑하며 진정 경험을 선사합니다. 진정 효과로 차 애호가들에게 사랑받는 현미 향기에 빠져보세요. ✅ 한 모금 마실 때마다 일본으로 여행을 떠나 Genmaicha 차의 풍부한 전통에 빠져보세요. ✅ 감각을 깨우고 티타임을 향상시키도록 설계된 일본 볶음밥차의 따뜻하고 토스트한 노트에 빠져보세요.,,"['차', '일본', '현미', '컵', '경험', '유기농', '모금', '진정', '맛']"
식음료,음료,차,,B0D4NFLGHN,"Uncle Lee's Herbal Dieter's Tea, 레몬 생강 - 민들레 뿌리, 생강, 오렌지 껍질 및 레몬이 함유된 센나 티, 천연 완하제, 카페인 프리 티백, 20개 (2팩)",Uncle Lee's Tea,17991,17991,3.9,23.0,"UNCLE LEE'S 다이어트 티: 생강과 레몬의 풍미가 있는 프리미엄 천연 허브는 다이어트하는 사람들에게 기분 좋은 허브 티 한 잔을 제공합니다. 균형 잡힌 슬리밍 티: 센나와 민들레 뿌리 차는 몸과 마음을 정화하는 데 작용하며, 생강 뿌리와 오렌지 껍질은 소화의 편안함을 자연스럽게 지원합니다. 즐기는 방법: 끓는 물 2컵을 티백 1개에 붓고 2-3분 동안 덮습니다. 뜨겁거나 차갑게 마시세요. 소량의 센나 차를 마시고 시간이 지남에 따라 증가하는 것이 좋습니다. 세나에 대한 참고 사항: 임신, 수유 중이거나 약물을 복용 중이거나 질병이 있는 경우 센나와 함께 제품을 섭취하기 전에 건강 전문가와 상의하십시오. 프리미엄 차: Uncle Lee's는 미국에서 30년 이상 고품질의 차를 생산해 왔습니다. 당사는 광범위한 지식과 경험을 활용하여 활동적인 라이프 스타일을 지원합니다.","Uncle Lee's Herbal Dieter's Tea, 레몬 진저는 센나 잎, 민들레 뿌리, 생강 뿌리, 오렌지 껍질 및 레몬 맛으로 만든 기분 좋은 허브 블렌드입니다. 천연 허브 성분이 함께 작용하여 몸과 마음을 정화하는 데 도움이 됩니다. 이 맛있고 상쾌한 차는 뜨겁거나 차갑게 즐길 수 있습니다.","['생강', '뿌리', '허브', '레몬', '티', '껍질', '민들레', '오렌지', '천연', '차']"
식음료,음료,차,,B0D255WQJW,"The Republic of Tea Bridgerton Eloise 레몬 민트 홍차, 티백 36개",The Republic of Tea,22852,22852,4.6,616.0,"브리거튼: Shondaland의 넷플릭스 시리즈는 줄리아 퀸의 베스트셀러 로맨스 소설을 기반으로 합니다. 이 시리즈는 가십, 드라마, 비밀 및 거짓말로 가득한 리젠시 시대 영국 사회를 탐색하면서 부유한 Bridgerton 가족을 따릅니다. 차 설명: 이 활기차고 솔직한 홍차에는 가장 깨끗한 마음을 위한 상쾌한 민트와 꿈을 꾸는 사람들을 위한 강렬한 레몬이 함유되어 있습니다. 최대한의 자신감을 가지고 이 컵을 마시고 평범하지 않은 삶을 열망하세요. Eloise가 결혼 시장에서 자신의 코스를 차트로 만드는 것을 보면서 따뜻한 레몬 민트 차 한 잔을 즐기세요. 절단 방법: 티백 1개를 170.1g(6온스)의 끓는 물에 3-5분 동안 담그기만 하면 됩니다. 뜨겁게 즐기거나 시원하게 하고 얼음 위에 붓고 대담한 상쾌함을 선사합니다. 성분: 프리미엄 홍차, 유기농 페퍼민트, 레몬 버베나, 기타 천연 향과 천연 향이 나는 유기농 레몬 맛 Copyright 2024 Netflix. 판권 소유. BRIDGERTON 및 Netflix는 TM Netflix를 표시합니다. Shondaland mark TM Shondaland. 허가를 받아 사용.",,"['레몬', '민트', '홍차', '시리즈', '유기농', '천연', '차', '향', '상쾌하다', '티백']"
식음료,음료,차,,B0D4LT4KZM,"Lynginya 스피아민트 티, 티백 120개 - 프리미엄 스피어민트 잎 - 천연 허브 티 - 리프레싱 & 민트 - 무설탕 및 카페인 프리",Lynginya,20761,20761,3.4,10.0,"고품질: 신중하게 선택되고 갓 수확한 스피어민트 잎으로 만든 스피어민트 잎 티백의 천연 에센스를 탐구하십시오. 천연: 저희 티백은 첨가제가 없는 천연 성분만을 함유하고 있습니다. 각 잎은 필수 성분을 보존하기 위해 신중하게 건조되고 분쇄됩니다. 포장: 당사의 스피어민트 잎 티백은 운송 중 품질을 위해 이중 포장됩니다. 각 제품은 가방과 병에 안전하게 보관되며 안전을 위해 쉽게 열 수 있는 병이 있습니다. 포뮬러: 약초사가 전문적으로 제작했으며 엄격한 테스트를 통해 균형을 이룹니다. 브루잉 가이드: 티백 1개를 끓이거나 얼음물에 3~6분 동안 담그십시오. 더 강한 맛을 위해 두 봉지를 사용하세요. 뜨겁거나 차갑게 즐기고, 원하는 경우 꿀이나 레몬을 추가하세요.",,"['민트', '잎', '티백', '스피어', '천연', '티', '성분', '신중하다', '포장']"
식음료,음료,차,,B0CT3FPJM5,"TOG999, 프리미엄 60 레드 루이보스 티백, 100% 천연 & 루이보스 찻잎에서 추출한 순수 루이보스 허브 티. 천연 소재 티백으로 제작. 설탕, 카페인, 글루텐 없음, 비건.",TOG999,19376,19376,4.4,691.0,"루이보스 티 잎에서 추출한 100% 순수함: 저희는 이 허브티를 순수하고 혼합되지 않은 순수 제품으로 제공합니다. 저희는 최고급 천연 루이보스 잎을 공급하여 티백을 만들어 순수하고 진정한 맛을 선사합니다. 첨가제나 인공 향료가 없으므로 루이보스 잎의 천연 장점을 진정한 형태로 즐길 수 있습니다. 지역 사회를 지원하는 지속 가능한 농업: 숙련된 농부들은 농업이 환경에 미치는 영향을 최소화하는 방법을 채택합니다. 저희는 잎에 살충제나 제초제를 사용하지 않고 엄격한 국제 표준을 따릅니다. 이 루이보스 티백을 섭취하면 사람과 지구 모두의 장기적인 웰빙에 기여할 수 있습니다. 수제 생산 공정: 루이보스 잎은 자연적으로 자랍니다. 잎사귀는 적절한 시기에 따서 햇볕에 말리고 수년 간의 경험을 바탕으로 최고의 차 크기로 갈아서 조심스럽게 포장합니다. 고객에게 탁월한 품질을 보장합니다. 무설탕, 카페인 프리, 글루텐 프리, 비건, 인공 향료 없음, 색소 무첨가. 생분해성 티백 - 천연 소재: 티백은 천연 옥수수 섬유로 만들어져 환경 친화적이고 좋습니다. 줄 없음. 포장 없음. 스테이플 없음. 접착제 없음. 표백제 사용 금지. 염료 없음 - 100% 안전성. 편리함 & 즐거움: 루이보스 잎 티백은 바쁜 라이프 스타일에 적합합니다. 집, 직장 또는 여행 시 느슨한 허브나 복잡한 추출 방법 없이 루이보스 차의 장점과 맛을 쉽게 즐길 수 있습니다. 뜨겁거나 차갑게 즐길 수 있으며 종종 꿀, 설탕 또는 스테비아 잎과 같은 기타 감미료로 단맛을 냅니다. 최고 품질의 제품에 대한 약속: 최고 수준의 품질의 제품을 제공할 것을 약속드립니다. 루이보스 티백에 대해 궁금한 점이 있으시면 저희에게 알려주십시오. 항상 기꺼이 답변해 드리고 도움이 되는 제안에 감사드립니다.",,"['루이보스', '티백', '잎', '천연', '티', '허브', '설탕', '추출', '최고', '순수하다']"
식음료,음료,차,,B0DC5ZHGDP,"카모마일 블렌드 티(카모마일 & 스위트 애플 향, 10개입 x 14.2g(0.5온스), 섬세하고 달콤한 맛의 편안한 카모마일 차, 디카페인 허브 티",Osulloc,29071,29071,5.0,1.0,"한국 No. 1 프리미엄 차 브랜드: 한국에서 가장 사랑받는 차 브랜드 Osulloc은 1979년부터 제주도에서 차를 재배하고 수확해 왔습니다. Osulloc 는 전 세계 프리미엄 티 브랜드로 많은 글로벌 차 대회에서 1위를 차지했습니다. 탁월한 맛: 카모마일 블렌드 티는 달콤한 사과 맛, 향기로운 장미 향, 레몬 머틀의 조화로운 혼합으로 제작되었습니다. 디카페인 릴랙싱 허브 티: 임산부, 어린이 및 카페인에 민감한 사람들에게 완벽하게 어울립니다. 자연의 한 조각을 가파르세요. Osulloc 차는 제주도 고유의 대자연의 선물을 흡수하여 자랍니다. 차의 순간을 재발견하기 위해 Steep Osulloc 티.",,"['티', '차', '카모마일', '맛', '허브', '디카페인', '향', '한국', '프리미엄', '제주도']"
식음료,음료,차,,B000HBOCNI,"Lipton 녹차, 디카페인 허니 레몬 카모마일, 20개 (6팩)",Lipton,52422,52422,4.7,939.0,Lipton 녹차 맛있는 Lipton 맛 언제든지 차를 즐기세요 쉬운 만들기 신뢰할 수 있는 회사,"립톤 디카페인 허니 레몬 녹차 티백은 예상되는 녹차 경험을 생생하고 더 독특한 브루로 바꾸는 생생한 맛을 가지고 있어 오후에 마시기에 완벽합니다. 립톤 녹차를 꿀과 레몬의 맛있는 맛과 혼합하여 녹차 잎차가 제공하는 최고의 균형을 이룹니다. 당사의 차 블렌드는 열대우림 연합 인증 찻잎으로 만들어집니다. 부드럽고 부드러운 마감의 상쾌하고 둥근 한 모금으로 얼음 위에서 식혀지는 것만큼 뜨겁게 서빙하는 맛입니다. 햇빛과 비로 만든 활기찬 립톤 디카페인 허니 레몬 녹차의 긍정적으로 마시고 정말로 중요한 것을 깨어나세요. 토마스 립톤은 전 세계에서 차에 대한 열정을 공유하는 임무를 수행한 사람이었습니다. 그는 모든 사람이 고품질의 훌륭한 맛의 차를 누릴 자격이 있다고 믿었습니다. 그리고 120년이 지난 후에도 그 믿음은 여전히 우리를 이끄는 원동력입니다. 그 어느 때보다 더 많은 맛, 더 많은 다양성, 더 많은 사랑에 영감을 줍니다. 당사의 모든 티백은 100% 지속 가능한 방식으로 공급되며, 이는 고품질의 주택, 교육 및 의료 서비스를 이용할 수 있도록 전 세계의 차 농부들에게 적절한 임금을 보장하는 것으로 해석됩니다. 당신의 차는 그들의 더 밝은 미래입니다.","['녹차', '맛', '차', '레몬', '립톤', '허니', '디카페인', '생생하다', '사람']"
식음료,음료,차,,B00514TE16,인스턴트 허브 음료 - Kudzu 및 허니서클 콤비네이션 - Gao Mao Jie Du Chong Ji Tea - 10개의 개별 서빙 백,,23531,23531,3.7,8.0,사용하기 쉬운 패킷. 20개의 개별 패킷이 있는 재밀봉 가능한 가방. 편리합니다! 여행이나 큰 차를 끓일 시간이 없을 때 적합합니다 Kudzu와 허니서클 허브를 결합하여 훌륭한 허브 티를 만듭니다 원산지는 중국입니다,이 개별 차 패킷은 시간이 부족할 때 적합하며 자신만의 블렌드를 추출하고 측정할 수 없습니다. 이 차는 이미 뜨거운 물을 추가할 수 있도록 설정되어 있습니다! 이 특별한 허브 티는 겨울철에 매우 인기가 있으며 열을 제거하고 독소를 배출하는 것으로 알려져 있습니다.,"['허브', '패킷', '서클', '차', '허니', '티', '서빙', '블렌드', '부족하다', '백사']"
식음료,음료,차,,B0D1Y2Z4Q7,"TeeLux 카모마일 라벤더 티백, 카모마일 & 라벤더 & 레몬 밤 허브 티, 카페인 프리, 진정 및 기분 좋은 아로마, 100개",TeeLux,26301,26301,4.4,1713.0,"[딜라이트 & 진정 아로마] - 이 차는 진정 라벤더, 편안한 카모마일, 진정 레몬 밤과 혼합된 맛있는 허브 티입니다. 신선하고 섬세한 맛을 제공하여 영혼을 진정시킵니다. 향기로운 맛은 마음과 몸을 편안하게 해줍니다. [맛있고 편안한 느낌] - TeeLux 카모마일 라벤더 허브 티는 부드럽고 부드러운 맛과 자연스럽고 진정 효과가 있는 향을 가지고 있습니다. 맛있는 카모마일 라벤더 차 한 잔을 즐기는 것은 하루가 끝날 때 휴식을 취하는 좋은 방법입니다. [100% 천연 및 천연 성분] - 이 카모마일 라벤더 차는 맛이 첨가되지 않았습니다. 방출하는 향은 100% 순수 천연 카모마일과 라벤더 향입니다. 맛있고 편안하며 상쾌한 차로 하루를 활기차게 만드세요. [프리미엄 블렌드 허브티] - 프리미엄 카모마일 꽃, 라벤더 꽃 봉오리, 레몬 밤을 신중하게 선택하여 엄선하여 햇볕에 건조시킨 다음 불순물을 수동으로 선별하여 깨끗하고 신선한 허브 티를 즐길 수 있습니다. [친환경 티백 100개] - 프리미엄 티백은 GMO 프리 식물 섬유로 만들어졌으며 티백은 퇴비화 가능합니다. 스트링과 태그가 없습니다. 추가 낭비 없음 - 건강하고 맛있는 차! [더 나은 서비스] - 마음에 들지 않는 제품에 대해 비용을 지불해야 한다고 생각하지 않습니다. 카모마일 라벤더 차가 기대에 미치지 못하는 경우 언제든지 이메일을 보내 주시면 기꺼이 도와드리겠습니다",,"['라벤더', '카모마일', '진정', '맛있다', '허브', '티', '편안하다', '맛', '티백', '천연']"
식음료,음료,차,,B0D62PB7DS,"30Bags 로즈 인삼 티백, 레드 데이트, 차이니즈 울프베리/구기자, 롱간, 허브 티 10gX30티백 (299.9g/300g) 꽃차 뷰티 및 뷰티 컨디셔닝 차 건강 차 휴일 선물 향기로운 차",XINANDYAO,31855,31855,2.9,3.0,"로즈 인삼 차는 약간 따뜻한 성질을 가지고 있으며 간과 위장에 조절 효과가 있어 인간의 신진 대사를 촉진하고 아름다움과 아름다움을 촉진합니다. 인체에 필요한 과학적 비율에 따라 영양소가 쉽게 흡수되며 인삼, 붉은 대추야자, 말린 귀원, 구기원, 구기베리, 장미의 독특한 신선함과 영양 컵이 더 많이 유지되고 인스턴트 폼과 5가지 맛이 통합되어 맛이 더 풍부합니다. 집이나 사무실에 있든 뜨거운 차 한 잔을 마시고 피로를 완화하고 편안한 시간을 제공합니다 사용법: 작은 봉지를 물컵에 넣고 끓인 물(약 80~90°C/ 176~204°F)의 끓인 물을 붓고 3분 후에 천천히 맛보세요.",,"['차', '인삼', '뷰티', '촉진', '베리', '맛', '티백', '아름답다', '비율', '붉다']"
식음료,음료,차,,B0CWL3BRJY,"HYNTMYT Organic Lapsang Souchong 티백, USDA 유기농 락상 수청 훈제 차, 스모키 맛, 낮은 카페인, 120개",HYNTMYT,23531,23531,4.3,92.0,"풍부하고 스모키한 맛 - 유기농 랍상 수청 차는 유명한 중국 홍차입니다. 찻잎은 신중하게 선택되고 소나무 불에 훈제 건조되어 캠프파이어를 연상시키는 독특한 스모키 맛을 제공합니다. USDA 인증 유기농 - CERES CN-BIO-140에서 USDA 유기농 인증. 인증서 수: CO-306600 생분해성 티백 - 내부 티백은 천연 식물 섬유로 만들어졌으며 생분해성입니다. 스트링과 태그가 없습니다. 간단하고 건강합니다. 정교하고 친밀한 포장 - 차의 신선함과 향을 유지하기 위해 재밀봉 가능한 고품질 호일 백에 담겨 제공됩니다. 멋진 포장, 차 애호가를 위한 선물로 완벽합니다. 당사의 의도 - 당사는 티 가든과 제조 공장을 직접 연결하고, 비용을 증가시키는 중간 링크를 제거하고, 간단하고 환경 친화적인 포장재를 사용하여 소비자에게 혜택을 극대화합니다. 비용 효율적인 차 한 봉지를 제공합니다.",,"['차', '유기농', '티백', '맛', '스모키', '포장', '분해', '청', '인증', '훈제']"
식음료,음료,차,,B0CWTJ66F9,"Hawaiian Natural Tea 유기농 마마키 자스민 녹차 블렌드 - 항산화 성분이 풍부하고 진정되며 취침 시간, 불안 및 스트레스를 위한 웰니스 티 - 차 애호가를 위한 선물 - 티백 20개",HAWAIIAN NATURAL T·E·A,13780,13780,4.4,426.0,"진정 및 신선한 맛 - 유기농 녹차 블렌드. 긴 하루를 보낸 후 자스민 마마키 차 한 잔으로 저녁을 편안하게 하세요. 당사의 진정 차에는 맛있는 유기농 녹차와 하와이에서 재배한 마마키의 적절한 균형이 포함되어 있습니다. 항산화 리치 티 블렌드 - Mamaki는 항산화 물질이 풍부하여 허브 티, 녹차, 자스민 차를 한 컵에 모두 혼합합니다. 비건 및 케토 친화적 - 당사는 책임감 있게 재배한 재료로 신중하게 수확한 차 컬렉션을 만듭니다. 자스민 마마키 티 팩에는 유기농 성분, 저카페인 및 설탕이 첨가되지 않았습니다. 맛있고 건강함 - 차가 쓴맛이나 부드러워야 한다고 누가 말합니까? 하와이안 내추럴이 함유된 자스민 그린 허브 티 블렌드는 풍미가 넘칠 뿐만 아니라 몸에도 좋습니다. 각 티 박스에는 영양소가 들어 있습니다. 모든 행사를 위한 차 선물 - 생일, 크리스마스를 축하하거나 소중한 사람에게 보여주고 싶을 때 당사의 향이 나는 티백은 분명 만족할 것입니다. 친구와 가족이 좋아할 다양한 진정 맛을 가지고 있습니다.","자스민 마마키 티는 하와이에서 재배한 마마키가 피카케 꽃의 부드러운 향기로 감싸인 맛있는 유기농 녹차입니다. 이 차는 하루를 마무리하고 저녁에 편안하게 보낼 수 있는 완벽한 방법입니다. 유기농 녹차 블렌드는 항산화 물질이 풍부하고 진정되며, 취침 시간, 불안 및 스트레스를 위한 웰니스 티입니다. 자스민 마마키 티 팩에는 유기농 성분, 저카페인 및 설탕이 첨가되지 않았습니다. 잔디 맛의 가벼운 바디를 즐기세요","['티', '유기농', '자스민', '마마', '키', '녹차', '차', '블렌드', '진정', '항산화']"
식음료,음료,차,,B0CXBWGXC4,"Betterbrand BetterLungs Mullein 폐 지원 차 - 잎 20회 분량 - 인삼, 엘더베리, 생강 및 백리향, 폐 클렌징, 울혈 완화, 점액 해독용 - 카페인 프리",Betterbrand,27630,20705,4.1,1982.0,"천연 폐 건강 지원 - BetterLungs 디톡스 티는 약사가 배합한 차로 호흡기 건강을 지원하고 호흡을 촉진하는 데 도움이 되는 허브의 천연 혼합물을 제공합니다. 당사의 허브 티에는 뮬린 잎, 타임, 엘더베리, 인삼, 생강이 포함되어 있습니다. 카페인이 함유되지 않아 호흡기 문제나 알레르기가 있는 사람들에게 안전한 선택입니다. 기침 및 호흡기 문제 진정 - Mullein Leaf는 전통적으로 점액 축적을 없애고 기도를 정화하는 데 사용됩니다. 또한 목을 진정시키는 데 도움이 됩니다. 당사의 독특한 허브 혼합물은 폐 정화와 점액 해독을 지원하여 필요한 혼잡을 완화합니다. 카페인 프리, 풍부한 포뮬러 - 당사의 천연 허브 티 블렌드는 전반적인 건강과 웰빙을 강화하는 데 도움이 되는 미국산 인삼과 같은 성분으로 신체의 자연 방어를 지원하도록 설계되었습니다. 엘더베리와 생강이 특징인 BetterLungs 티는 유해한 활성 산소와 싸우는 데 도움이 되는 화합물이 풍부한 포뮬러를 가지고 있습니다. 이 폐 지원 차는 호흡기 건강을 보호하고 전반적인 건강을 촉진하는 데 도움이 됩니다. 쉬운 차 마시기 - BetterLungs 차의 천연 성분 혼합은 호흡기 건강을 촉진하고 호흡을 용이하게 하여 폐 기능을 지원합니다. 건강한 호흡기 시스템을 유지하거나 자연 방어 시스템을 강화하거나 허브 티 블렌드를 즐기려는 경우, BetterLungs 차는 당신을 위한 것입니다. 쉬운 사용을 위한 티백 20개 - BetterLungs 티는 20개의 잎 봉지가 포함된 편리한 상자에 담겨 제공되어 이동 중에도 집에서 쉽게 즐길 수 있습니다. 티백은 모든 컵에 일관되고 맛있는 맛을 보장하기 위해 미리 분할되어 있습니다. BetterLungs 차는 매일 즐길 수 있는 전통적인 카페인 음료의 맛있고 카페인 프리 대안입니다.",,"['건강', '호흡기', '티', '폐', '도움', '카페인', '허브', '천연', '촉진', '잎']"
식음료,음료,차,,B0CSYYYFKN,"GLDNT 유기농 감초 뿌리 티백, 프리미엄 천연 유기농 감초차, 따뜻하고 자연스러운 달콤한 맛, 카페인 프리, 100개",GLDNT,24916,24916,4.4,567.0,"[USDA 인증 유기농] - 이 제품은 CERES CN-BIO-140에서 유기농 인증을 받았습니다. 인증서 수: CO-306603 [독특하고 세심한 과정 ] - GLDNT 유기농 감초 뿌리 차는 프리미엄 천연 감초 뿌리로 만들어져 신선하고 달콤한 맛을 제공합니다. [100% 진짜 및 천연 성분] - 이 감초차는 글루텐 프리, 무설탕, 인공 향료가 첨가되지 않았습니다. 천연 감초 뿌리인 달콤한 맛입니다. 간단한 한 모금으로 입술과 치아에 상쾌하고 풍부한 맛이 남을 것입니다. [프리미엄 유기농 감초 뿌리 차] - 저희는 신선한 감초 뿌리, 손으로 고른 및 불순물을 수동으로 선별하여 자연스럽고 신선한 차를 제공합니다. 차를 신선하게 유지하기 위해 고품질 재밀봉 가능한 호일 안감 크래프트 파우치에 포장됩니다. [친환경 티백 100개] - 프리미엄 티백은 GMO 프리 식물 섬유로 만들어졌으며 티백은 표백되지 않고 퇴비화할 수 있습니다. 스트링과 태그가 없습니다. 추가 낭비 없음 - 건강하고 맛있는 차! [더 나은 서비스] - 마음에 들지 않는 제품에 대해 비용을 지불해야 한다고 생각하지 않습니다. 유기농 감초 뿌리 차가 기대에 미치지 못하는 경우 언제든지 저희에게 알려주시면 기꺼이 환불해 드리겠습니다!",,"['감초', '유기농', '뿌리', '차', '맛', '프리미엄', '티백', '천연', '신선하다', '프리']"
식음료,음료,차,,B0CZYJRG5F,"Wild Berries 허브 티, 20개입 향 차, 실버 Ss 티백 압착기 번들, 아로마틱, 개별 포장 티백, 편안한 차, 뜨거운 차 또는 아이스 티에 이상적 - [3팩]",moofin,29265,29265,,,"[다용도 즐거움] - 뜨거운 찜이나 상쾌한 아이스 음료로 제공하든, 과일 맛 티백은 풍성한 경험을 제공합니다. 디카페인 차는 계절에 어울리는 즐거운 차입니다. [헤리티지가 있는 신뢰할 수 있는 브랜드] - 300년 이상의 전문 지식을 바탕으로 개별 포장된 대량 티백 팩에서 최고 품질을 보장합니다. 야생 베리 차를 마실 때마다 유산을 경험하십시오. [개별 포장된 티백] - 각 와일드베리 티백은 신선함을 위해 밀봉되어 매번 활기차고 풍미가 가득한 컵을 보장합니다. 이동 중에도 편리하게 사용할 수 있으며 뜨거운 차를 위해 향이 나는 티백의 무결성을 유지하는 데 이상적입니다. [다용도 즐거움] - 뜨거운 찜이나 상쾌한 아이스 음료로 제공하든, 과일 맛 티백은 풍성한 경험을 제공합니다. 디카페인 차는 계절에 맞는 즐거운 음료입니다. [헤리티지가 있는 신뢰할 수 있는 브랜드] - 300년 이상의 전문 지식을 바탕으로 개별 포장된 대량 티백 팩 중 최고 품질을 제공합니다. 야생 베리 차를 마실 때마다 유산을 경험하십시오.","80%의 사람들이 차를 마시는 세상에서 절묘한 맛과 평온함을 모두 제공하는 블렌드를 찾는 것은 즐거운 발견이 될 수 있습니다. 풍부한 베리 맛으로 미각을 자극할 뿐만 아니라 카페인의 윙윙거림에서 벗어나 긴장을 풀 수 있는 차입니다. 저희 브랜드는 디카페인 맛 차로 이러한 보물을 선보입니다. 블렌드는 한 모금마다 휴식을 약속합니다. 와일드 베리 티는 천연 카페인 프리 허브 기쁨으로 야생 베리 맛의 생생한 혼합으로 감각을 사로잡습니다. 이 팩에는 개별적으로 포장된 20개의 디카페인 티백이 포함되어 있으며, 각 티백은 딸기, 블루베리, 라즈베리 및 블랙커런트의 혼합물로 채워져 있습니다. 그 결과 향긋하고 향긋한 밝고 상쾌한 차가 탄생하여 휴식이나 상쾌함의 모든 순간에 적합합니다. 개별적으로 포장된 티백의 편리함은 사무실, 휴가 또는 외출 시 어디를 가든 좋아하는 차를 쉽게 휴대할 수 있음을 의미합니다. 딸기, 블루베리, 라즈베리, 블랙커런트의 조화로운 믹스로 제작된 와일드 베리 티 한 잔에 야생 베리의 밝고 상쾌한 맛을 즐기세요. 하루 중 언제든지 완벽한 이 휴식 차는 자연적으로 카페인이 함유되지 않아 카페인 불안감 없이 즐거운 맛을 즐길 수 있습니다. Wild Berries Tea 한 상자는 풍부한 맛과 차 준비 기술의 세계를 탐험하도록 초대합니다. 핫 또는 아이스를 선호하든, Wild Berries Tea는 상쾌하고 활력을 주는 풍부한 맛의 경험을 제공합니다. 와일드 베리 티의 부드러운 포옹에 빠져보세요. 차분한 순간을 찾고 계시든 과일 맛을 원하든, 이 디카페인 티백은 완벽한 동반자입니다. 저희 브랜드의 유산과 디카페인 맛 차의 평온함을 받아들이세요. 휴식을 위한 여정은 컵만으로 시작됩니다.","['티백', '맛', '차', '베리', '디카페인', '포장', '상쾌하다', '티', '경험']"
식음료,음료,차,,B0CZ6X8Z9D,BLUE TEA - 레드 클로버 - 49.9g(1.75온스) (2팩) | 꽃 기반 | 허브 티 - 카페인 프리 - 농장 프레시 - 100% 천연 - 방부제 없음 - GMO 프리 | 반려동물 병 포장,BLUE TEA,20761,20761,4.3,5.0,"웰빙 혜택으로 가득: Red Clover Tea 한 모금은 다양한 건강상의 이점을 제공하여 전반적인 웰빙과 활력을 촉진합니다. 100% 천연: 농장에서 직접 엄선한 허브로만 만든 허브 티를 즐기세요. 방부제나 인공 색소가 없습니다. 한 모금마다 순수하고 자연스러운 맛입니다."" 농장에서 신선한 품질: 저희는 신뢰할 수 있는 농장에서 레드 클로버 꽃을 꼼꼼하게 선택하고 공급하며 모든 컵에서 최고의 품질과 신선함을 보장합니다. 카페인 프리: 레드 클로버 티의 진정 및 상쾌한 특성을 즐기세요. 카페인 없이 하루 중 언제든지 완벽합니다. 쉬운 브루잉: 완벽한 컵을 만드는 것은 간단합니다. 1-2티스푼의 루즈 티를 뜨거운 물에 2-3분 동안 담그기만 하면 됩니다. 강도와 맛을 위해 원하는 대로 우림 시간을 조정하십시오. 농민 양육: Blue Tea India는 2025년 3월 31일까지 1,000가구에 영향을 미치고 매월 수입을 75달러에서 300달러로 늘려 농부들의 삶을 개선하고 있습니다.",BLUE TEA - 레드 클로버 - 49.9g(1.75온스) - 2개 팩 | 허브 티 | 반려동물 병,"['티', '허브', '레드', '농장', '클로버', '카페인', '프리', '모금', '달러', '맛']"
식음료,음료,차,,B00NEPFITG,PG Tips 디카페인 차 70컵 6팩,PG Tips,46411,46411,4.6,490.0,풀 바디 디카페인 티: PG Tips의 풍부하고 만족스러운 맛을 즐기세요. 이제 디카페인 버전으로 언제든지 즐길 수 있습니다. 편리함을 위한 70개의 티백: 이 넉넉한 상자는 맛있는 디카페인 차를 오래 공급하여 일상적인 브루잉에 적합합니다. 천연 디카페인 함유: PG Tips The Tasty Decaf는 천연 디카페인 공정을 사용하여 맛을 손상시키지 않으면서 카페인을 제거합니다. 언제든지 휴식을 취하세요: 수면 일정을 방해하지 않고 하루 중 언제라도 뜨겁거나 얼음으로 차분한 디카페인 차 한 잔을 즐기세요. 신선한 맛: 개별적으로 포장된 티백은 모든 컵마다 일관되고 신선한 맛의 경험을 보장합니다.,PG Tips 75년 이상 영국에서 가장 잘 알려져 있고 가장 인기 있는 차 브랜드입니다. 대부분의 인도 및 아프리카 차보다 강합니다.,"['디카페인', '맛', '차', '천연', '컵', '티백', '신선하다']"
식음료,음료,차,,B0D46LBNMY,"Twinings 허브 티 버라이어티 3팩 - 퓨어 페퍼민트, 퓨어 카모마일 + 레몬 & 생강 티백, 천연 카페인 프리, 각 20개",Twinings,24916,24916,4.7,276.0,"진정 허브 티 컬렉션: 허브 티 애호가를 위한 Twinings Tea 버라이어티 팩은 퓨어 페퍼민트, 퓨어 카모마일, 레몬 & 진저 티 한 상자에 총 60개의 티백이 들어 있습니다. 모든 컵의 장점: 페퍼민트 차, 카모마일 차, 레몬과 생강차를 식료품 저장실에 넣으면 편안한 Twinings Tea 한 잔은 항상 단 몇 분 거리에 있습니다. 완벽한 취침 시간 차: 자연적으로 카페인이 없고 차분한 허브 티를 저녁 루틴의 일부로 만드세요. 가파르고, 마시고, 휴식을 취하세요. 양조 제안: Twinings 허브 티백을 갓 끓인 물에 3-4분 동안 담그십시오. 아이스티의 경우, 양조 후 얼음 위에 붓기 전에 차를 식히십시오. 전통과 혁신의 시그니처 조화: Twinings 소비자가 한 번에 한 모금씩 기분이 좋고 잘 살기 위한 작은 조치를 취함으로써 소비자가 ""삶을 마시도록 격려합니다"".",,"['허브', '티', '퓨어', '차', '페퍼민트', '티백', '카모마일', '레몬', '양조', '버라이어티']"
식음료,음료,차,,B0CZW6RJNG,"SINGHA PARK 레스토랑/카페용 타이 티 믹스 - 태국 아이스 티, 밀크티, 버블 티 - 바닐라가 함유된 아삼 홍차 믹스 - 정통 태국 맛 - 잎차 250g (250g (1팩)",SINGHA PARK,17991,17991,4.3,36.0,태국에서 현지에서 재배 - 태국 북부는 풍부하고 영양이 풍부한 토양으로 유명하며 차 덤불이 자라며 맛이 더 좋습니다 **전문적으로 제작된 포뮬러:** Singha Park의 아삼 차는 숙련된 R&D 전문가가 완성한 프리미엄 태국 차 블렌드로 변형되었습니다 **정통 태국 경험:** 커피를 내릴 때마다 태국의 진정한 맛을 맛보고 진정한 태국 차 경험을 컵에 바로 가져옵니다. 나만의 스타일로 집에서 태국 차를 만드세요. 고품질 표준: ** 여러 국제 품질 인증을 받았으며 최고의 신뢰할 수 있는 제품을 보장합니다. 풍부한 유산: ** 대대로 차를 재배하고 수확합니다. 30년 이상의 차 산업 경험을 통해 전통과 전문 지식이 풍부한 조화를 보장합니다. 지속 가능 및 윤리적:** Singha Park의 지속 가능한 농장에서 책임감 있게 공급되며 환경 관리 및 윤리적 관행에 대한 당사의 헌신을 반영합니다.,,"['태국', '차', '풍부하다', '티', '경험', '맛', '믹스', '지속', '보장', '진정하다']"
식음료,음료,차,,B0CYDCNHG9,"Genepro Protean Tea - 천연 레몬 콜라겐 맛, 유청 단백질 15g, 설탕 제로, 탄수화물 제로, 글루텐 프리, GMO 프리, 단백질 주입 차, 단백질 쉐이크의 수분 공급 음료 대체품 (12개)",Protean,83086,83086,,,"GENEPRO의 특허받은 공정을 통해 고칼로리 없이 기존 유청 단백질에 비해 단백질을 3배 더 효율적으로 전달할 수 있습니다. 99.99% 흡수성: Genepro의 단백질 포뮬러는 장 소화 시스템을 99.99% 우회하여 거의 즉각적인 흡수와 낭비를 방지합니다. 다이어트 호환: Genepro Protean 제품은 쉽게 소화할 수 있도록 제작되었습니다. 글루텐이나 유당과 같은 민감성이 있는 사람들에게 훌륭한 선택입니다. 제로 팽만감: Genepro Protean 는 다른 상업용 단백질로 인한 경련이나 복통을 겪지 않고 단백질을 얻을 수 있는 쉽고 깨끗한 방법입니다 50개 이상의 인간 임상 시험과 발표된 연구 보고서를 통해 Genepro는 지구상에서 가장 과학적으로 뒷받침되는 단백질이며 ""올해의 임팩트 제품""으로 비즈니스 저널 생명 과학 어워드와 ""세계 최고의 단백질""에 대한 2023년 국제 생명 과학 상을 수상했습니다.",,"['단백질', '과학', '흡수', '소화', '프리', '생명', '유청', '글루텐']"
식음료,음료,차,,B0D4Z2Z5V2,"WT WEETEE 애플 시나몬 허브 티백, 60개, 스위트 시나몬, 타르트 히비스커스, 천연 사과 및 시나몬 맛의 완벽한 혼합, 카페인 프리 시나몬 애플 티",WT WEETEE,19376,19376,4.3,105.0,"【홍차 없음】시나몬 애플 티백은 계피, 히비스커스, 천연 사과 및 계피 향이 완벽하게 조화를 이룹니다. 감미료가 첨가되지 않은 모든 성분은 정직하게 언급되었습니다! 【따뜻하고 훌륭함】애플 시나몬 티백은 약간의 향신료와 함께 시큼하고 달콤합니다. 히비스커스의 신맛은 사과 계피의 달콤함과 균형을 이루고 아르몬은 가을을 연상시킵니다. 【편안한 디저트 대안】항산화 물질과 카페인이 함유되지 않은 시나몬 허브 티는 마음을 진정시키고 정신을 진정시킵니다. 설탕이나 칼로리가 첨가되지 않아 죄책감 없이 달콤한 치아를 만족시킬 수 있습니다. 【다용도】시나몬 애플 티는 뜨겁거나 차갑게 즐길 수 있습니다. 단독으로 제공하거나 바닐라나 꿀과 같은 다른 맛과 혼합할 수 있습니다. 스무디 또는 기타 음료의 베이스로 사용할 수도 있습니다. 【기다릴 가치가 있는 맛】애플 시나몬 티백이 길수록 달콤하고 시큼한 맛이 강해집니다. 취향에 맞게 조정하세요! 어떤 이유로든 저희 제품에 만족하지 못하셨다면 이메일을 보내 주시면 저희가 도와드리겠습니다",,"['시나몬', '애플', '달콤하다', '맛', '티백', '히비스커스', '사과', '계피', '티', '완벽하다']"
식음료,음료,차,,B0D1L3RMSF,"HUAYING Mullein 잎 티백, 천연 뮬레인 잎차 티백 30개, 뮬린 티백 카페인 프리, GMO 프리 (90g/3.17온스)",HUAYING,13836,11066,5.0,2.0,"HUAYING Mullein 잎 티백, 천연 뮬린 잎차 티백 30개, 뮬린 티백 카페인 프리, GMO 프리 (90g/3.17온스)","HUAYING Mullein 잎 티백, 천연 뮬린 잎차 티백 30개, 뮬린 티백 카페인 프리, GMO 프리 (90g/3.17온스)","['티백', '프리', '뮬린', '카페인', '천연', '잎차', '잎']"
식음료,음료,차,,B0D1KF3427,"NMPT 말린 연꽃 잎차, 100% 핸드 픽, 유기농 허브 티, 티백 50개, 글루텐 프리, 유제품 프리, 무설탕 및 100% 천연, 에너지 부스트 및 건강 지원",NMPT,27686,27686,4.2,27.0,"건강 관리 - 당사의 재료는 새싹, 잎, 꽃에서 신중하게 엄선하여 자연스럽고 건강에 안전합니다. 연꽃 잎은 연꽃이 피기 시작할 때 손으로 따서 허브 티의 영양소와 맛을 향상시키고 내면의 건강을 지원합니다. 연꽃 잎차는 향이 좋고 부드럽고 달콤한 맛이 있어 열심히 일한 후 뜨거운 연꽃차나 화창한 날에는 차가운 차에 적합합니다. 연꽃 잎 차를 매일 사용할 수 있습니다. 티백 50개(각 2g)가 포함되어 있습니다. 비스킷, 냉동 건조 과일, 케이크 등과 함께 마실 수 있습니다. ✔️완전 건조 - 천연 건조 유기농 연꽃 잎으로 제작되었습니다. 설탕, 첨가제, 인공 향료 또는 색소가 포함되어 있지 않습니다.",,"['연꽃', '잎', '건강', '차', '건조', '티', '천연', '유기농', '티백', '프리']"
식음료,음료,차,,B0DBR2N3LC,"BSY 유기농 히비스커스 파우더 - 227g - 0.2kg(0.5파운드) I 모발용 히비스커스 파우더 I 천연 헤어 컨디셔너 I 페이스 및 헤어 마스크 I 모발, 건강 및 피부용 유기농 파우더",BSY,16606,16606,4.4,11.0,"천연 헤어 컨디셔너: BSY 유기농 히비스커스 파우더는 모발에 깊은 영양을 공급하고 컨디셔닝하여 부드럽고 반짝이며 관리하기 쉽습니다. 곱슬머리를 줄이는 데 도움이 되며 자물쇠에 자연스러운 광택을 더합니다. 필수 영양소가 가득한 히비스커스 파우더는 모낭을 복원하고 뿌리를 강화하여 모발 낙하를 줄이는 데 도움이 됩니다. 피부 건강 향상: bSY 유기농 히비스커스 파우더는 항산화 물질이 풍부하고 피부 톤을 개선하고 자연스러운 빛을 제공하여 피부를 빛나고 젊어 보이게 합니다. 두피 건강 균형: 히비스커스 파우더는 비듬, 가려움증 및 염증을 줄여 건강한 두피를 유지하는 데 도움이 됩니다. 전반적인 두피 건강에 도움이 됩니다. 에너지 및 근육 기능 지원: BSY 유기농 히비스커스 파우더 1/2티스푼을 매일 추가하면 에너지 레벨을 높이고 정상적인 근육 기능에 필수적인 칼슘을 제공하여 운동 전후 훌륭한 보충제입니다. 잔주름을 줄여 젊고 활력이 넘치는 룩을 제공합니다.",,"['파우더', '히비스커스', '유기농', '건강', '도움', '피부', '모발', '헤어', '두피', '컨디셔너']"
식음료,음료,차,,B0D83H7LTB,"Korean Covenienve Store 음료 파우치 샘플러 세트 - 5팩 10팩 (포도, 딸기, 블루 레모네이드, 복숭아 아이스 티, 샤인 무스카트) + dalgaru 약그와 거울(VANILLA AMERICANO 10팩)",dalgaru,44306,44306,,,"얼음을 넣으세요: 차갑게 하고 아이스 컵에 넣어 즉시 즐길 수 있습니다. 5가지 맛: 5가지 맛을 즐기세요! 피치 아이스 티, 블루 레모네이드, 샤인 머스카트, 딸기, 포도 5팩 또는 10팩: 5팩에는 5가지 맛 각각 1개가 포함되어 있으며 10팩에는 각각 2개가 포함되어 있습니다. 7.7 FL OZ : 각 에이드는 227.7 ml (8 액량 온스)입니다. 귀여운 YAKGWA 거울: 귀여운 dalgaru Yakgwa 포켓 거울이 제품과 함께 제공됩니다!",집에서 한국 CVS 스타일 음료를 즐기세요! 차갑게 하고 아이스 컵에 넣기만 하면 즐길 수 있습니다,"['아이스', '거울', '맛', '블루', '귀엽다', '포도', '티', '컵', '차갑다', '딸기']"
식음료,음료,차,,B0D187C2DG,"Wissotzky 카모마일 & 허니 허브 티, (3팩 - 티백 60개) | 진정 블렌드 | 카페인 프리 차 | 휴식",Wissotzky,20761,20761,4.3,44.0,"달콤함 및 진정 - 카모마일과 꿀차는 클래식 카모마일에 기분 좋게 달콤한 트위스트를 더합니다. 엄선된 카모마일 꽃으로 제작되어 자연스러운 진정 특성으로 유명하며 휴식을 촉진하는 진정 아로마는 당신을 평온한 상태로 안내하여 차의 편안한 품질을 보완하는 감각 경험을 선사합니다. 카모마일 및 꿀, 카모마일 및 나나 민트와 같은 다른 카모마일 허브 주입을 사용해보세요. 카페인 프리 - 당사의 카모마일 차는 100% 카페인 프리 제품으로 바쁜 하루를 보낸 후 긴장을 풀거나 저녁 휴식 루틴에 즐거운 시간을 보내기에 완벽한 선택입니다. 저희 차는 진정될 뿐만 아니라 편안한 밤의 수면을 위해 부드러운 지지력을 제공합니다. 조심스럽게 포장 - 당사의 티백은 스테이플 없이 신중하게 제작되어 전자레인지에서 쉽게 가열할 수 있으며 음료의 금속에 대해 걱정할 필요가 없습니다. 각 가방은 맛, 신선함 및 향의 품질을 보존하기 위해 호일 파우치에 포장되어 있습니다. 현재 리브랜딩 중이며 받으신 제품 포장은 표시된 이미지와 다를 수 있습니다. 다양한 즐거움 - 뜨거운 찜이나 얼음 위에서 즐기든 카모마일 & 허니 티의 맛있는 달콤함을 즐기세요. 다재다능하고 맛이 좋은 이 제품은 하루 중 언제든지 즐거운 선택으로, 아늑한 순간에는 뜨겁게 또는 상쾌한 트위스트를 위해 아이스로 원하는 대로 차를 맛볼 수 있습니다. 당사의 이야기 - 1849년부터 신뢰받는 Wissotzky 티는 맛볼 수 있는 품질을 제공합니다. 5세대 동안 저희는 차를 선택하고, 블렌딩하고, 컵핑하고, 여러분이 진정으로 사랑할 수 있는 차가 될 때까지 다시 블렌딩해 왔습니다. 품질과 맛에 대한 변함없는 헌신은 모든 고객의 컵 맛을 보장합니다.","카모마일과 꿀차는 클래식 카모마일에 기분 좋게 달콤한 트위스트를 더합니다. 엄선된 카모마일 꽃으로 제작되어 자연스러운 진정 특성으로 유명하며 휴식을 촉진하는 진정 아로마는 당신을 평온한 상태로 안내하여 차의 편안한 품질을 보완하는 감각 경험을 선사합니다. 카모마일 및 꿀, 카모마일 및 나나 민트와 같은 다른 카모마일 허브 주입을 사용해보세요.","['카모마일', '진정', '차', '꿀', '맛', '달콤하다', '휴식', '트위스트', '편안하다', '선택']"
식음료,음료,차,,B0D65F771T,Circle of Drink - De Valerios 프리미엄 에르바 마테차 - 프레시 그린 진공 밀폐 키마라 - 숲에서 자란 브라질 예르바 마테 - 1kg - 2.2파운드 (1팩),Circle of Drink,30456,30456,2.0,1.0,원주민 숲 재배 - 브라질 리오 그란데 두 술 베일 도 타콰리 지역의 천연 식물과 동물 사이에서 자란 브라질 원주민 숲의 맛있고 복잡하며 미묘한 맛을 경험하십시오. 많은 사람들이 이것을 지구상에서 가장 좋은 예르바 메이트 재배 지역이라고 생각합니다. 시음 노트 - 풍부한 몰티 그린 향이 밝은 소나무 노트와 지능적으로 조화를 이루어 시중의 대부분의 ervas에서 일반적이지 않은 강하고 부드러운 요소의 독특한 조화를 이룹니다. 한 모금씩 숲의 층을 펼쳐 고대 브라질의 이야기를 반영합니다. 차이를 맛보실 수 있습니다. OLD WORLD ERVA - Mate Nativo의 De Valerios Erva는 오래되고 느린 방식을 잊어버린 하이퍼 모던 브랜드의 함정에 빠지지 않았습니다. 그늘에서 자라며 손으로 선택한 고귀한 잎사귀는 메이트 대기업의 과성장으로 오랫동안 잃어버린 독특한 맛과 느낌을 포착하는 올드 월드 에르바를 만듭니다. 매우 신선함 - 수확 시 직접 진공 밀봉하면 최고 등급의 erva를 보여주는 밝은 녹색 색조로 가능한 가장 신선한 생 에르바 메이트를 받게 됩니다. 모든 배송에 대한 만족이 보장되며 문제가 발생하면 항상 문제를 해결하겠습니다. 준비 방법 - 의도적으로 잘게 갈린 이 erva는 전통적인 브라질 퀴아(박)와 봄바/보밀라(여과 금속 빨대)와 함께 마실 수 있도록 설계되었습니다. 티 인퓨저와 프렌치 프레스를 사용할 수 있습니다.,"Circle of Drink - De Valerios 프리미엄 에르바 마테차 - 프레시 그린 진공 밀폐 키마라 - 숲에서 자란 브라질 예르바 마테 Erva De Valerios Industry의 Upper Echelon은 구세계, 주름 없는 전통적인 에르바 메이트로 유명합니다. 회사와 같은 이름의 이 플래그십 에르바는 깊은 뿌리를 둔 전통적인 몰티 맛과 모든 종류의 독특하고 미묘한 꽃과 매우 가벼운 달콤함의 아름다운 모범으로 녹색의 흙 같은 몸을 완벽하게 활기차게 만듭니다. 브라질 리오 그란데 두 술 베일 도 타콰리 지역의 고귀한 에르바 메이트 식물의 최고급 잎을 엄선하여 맛을 최적화하기 위한 특수 건조 및 혼합 기술과 결합하여 지구상에서 가장 훌륭한 에르바를 마실 수 있습니다. 성분 브라질 에르바 메이트 티.","['에르', '브라질', '메이트', '숲', '티', '마테', '맛', '예르바', '독특하다', '진공']"
식음료,음료,차,,B0D3XXT19Q,"2팩 18가지 맛의 간 케어 티, 데일리 간 영양 차, 18가지 허브가 포함된 영양 간 차, 모든 사람을 위한 간 영양 및 보호",Xesakesi,22146,22146,4.2,7.0,"【참고】간 보호 차의 생산 날짜는 만료된 제품이 아니라 이 제품 패키지의 상자 바닥에 인쇄되어 있습니다. 유통 기한은 18개월이며 안심하고 먹을 수 있습니다. 【천연 성분】이 간 케어 티는 간 건강을 촉진하도록 설계된 허브의 천연 혼합물입니다. 【쉬운 사용】 18가지 맛의 간 보호 차를 컵에 넣고 끓는 물로 추출하면 간단하고 편리하며 휴대가 쉽습니다. 【간 보호 차 18가지 맛】 5g/1팩, 30팩/1박스, 신선한 원료, 천연 성분, 첨가물 없음, 건강하고 신선함, 개별 소형 패키지, 휴대가 쉽습니다. 【가벼운 효과】간 관리 차는 일부 약물과 다르며, 간차 효과는 비교적 순하며, 간차는 신체에 너무 많은 부담을 주지 않으며, 간차는 부작용 및 기타 부작용을 일으키지 않습니다. 【간 보호 차의 18가지 맛】간차는 자주 늦게 자고 초과 근무를 하는 사람들뿐만 아니라 생활 습관이 좋지 않은 사람들에게 적합합니다. 친구와 가족에게 좋은 선물입니다.","2팩 18가지 맛의 간 케어 티, 중국 영양 간차 데일리 간 영양 차, 18가지 다른 허브가 포함된 영양 간 차, 모든 사람을 위한 간 영양 및 보호/특징:/【참고】간 보호 차의 생산 날짜는 만료된 제품이 아니라 이 제품 패키지의 상자 바닥에 인쇄되어 있습니다. 유통 기한은 18개월이며 안심하고 먹을 수 있습니다./【천연 성분】이 간 케어 티는 간 건강을 촉진하도록 설계된 허브의 천연 혼합물입니다./【쉬운 사용】 18가지 맛의 간 보호 차를 컵에 넣고 끓는 물로 추출하면 간단하고 편리하며 휴대가 쉽습니다./【간 보호 차 18가지 맛】 5g/1팩, 30팩/1박스, 신선한 원료, 천연 성분, 첨가물 없음, 건강하고 신선함, 개별 소형 패키지, 휴대가 쉽습니다./【가벼운 효과】간 관리 차는 일부 약물과 다르며, 간차 효과는 비교적 순하며, 간차는 신체에 너무 많은 부담을 주지 않으며, 간차는 부작용 및 기타 부작용을 일으키지 않습니다./【간 보호 차의 18가지 맛】간차는 자주 늦게 자고 초과 근무를 하는 사람들뿐만 아니라 생활 습관이 좋지 않은 사람들에게 적합합니다. 친구와 가족에게 좋은 선물입니다.","['차', '보호', '맛', '영양', '천연', '사람', '신선하다', '효과', '부작용', '물']"
식음료,음료,차,,B0D1GZ4TXB,"Community Coffee 시그니처 아이스 티, 패밀리 사이즈 티백 48개, 48개 박스 (1팩)",Community Coffee,17838,17838,4.8,1197.0,"시그니처 블렌드 아이스티: 당사의 시그니처 아이스티는 아이스 티를 위해 특별히 혼합된 최고급 오렌지 페코와 페코 컷 홍차의 매혹적인 조합입니다. 민트 또는 레몬과 함께 제공하세요. 48개 박스 (1팩) 아이스 티백: Community Coffee 패밀리 사이즈 아이스 티백은 선명하고 상쾌한 아이스티를 만듭니다. 담수 1쿼트당 패밀리 사이즈 티백 1개를 사용하세요. 퀵 서브 피처를 사용하는 경우 쿼트 당 2개의 백을 사용하세요 커뮤니티는 모든 것입니다: 책임감 있게 공급되는 커피 원두를 사용하는 것부터 군인, 지역 학교 등을 지원하는 프로그램에 이르기까지, Community Coffee 는 파트너와 지역 사회에 가능한 모든 방법으로 환원합니다 마음에 드는 방식: 저희는 모든 차를 마시는 분들을 위한 다양한 종류의 차를 보유하고 있습니다. 블랙, 그린 또는 오렌지 페코를 즐기든, 핫, 아이스 및 콜드 브루 티를 포함하여 선택할 수 있는 옵션이 있습니다 품질 보장: 당사의 모든 커피콩은 몸, 균형, 맛 및 아로마에 대한 엄격한 점수 시스템을 거칩니다. 그래야만 Community Coffee 이름을 가진 것으로 간주될 수 있습니다","산뜻하고 상쾌함. 아이스티를 위해 특별히 혼합된 최고급 오렌지 페코와 페코 컷 홍차의 부드럽고 매혹적인 블렌드인 시그니처 아이스티를 경험하십시오. 이 제품에는 48개의 패밀리 사이즈 티백 1팩이 포함되어 있습니다. 맛있는 차를 원하신다면 아래 지침을 따르세요. 민트, 레몬 또는 감미료와 함께 제공하여 개인화하세요. 아이스 티 담수 1쿼트에 패밀리 사이즈 티백 1개를 사용하세요. 물을 끓여서 티백 위에 붓고 뚜껑을 덮고 3~5분 동안 우려냅니다. 티백을 제거하고 식힌 다음 얼음 위에 서빙하세요. 빠른 서빙 피처 담수 1쿼트에 티백 2개를 사용하세요. 물을 끓여서 티백 위에 붓고 뚜껑을 덮고 3~5분 동안 우려냅니다. 티백을 제거하고 같은 양의 찬물을 넣고 얼음으로 채워진 잔에 붓습니다. Community Coffee 소개 Cap은 커뮤니티 커피의 첫 번째 배치를 혼합한 이래로 회사 안팎에서 많은 변화를 보았습니다. 당사는 고객에게 더 나은 서비스를 제공하기 위해 진화했지만, 또한 우리를 시작한 뿌리와 커뮤니티에 충실하기 위해 노력했습니다. 그렇기 때문에 당사는 100년 이상 최고의 맛, 최고 품질의 커피를 만들기 위해 확고한 헌신을 유지해 왔습니다. 더 나은 소싱 방법, 우수한 로스팅 기술 및 혁신적인 아이디어를 개발하여 커피의 맛과 신선도를 최고로 유지합니다. 우리는 단순히 커피를 만드는 것을 좋아하며, 콩 심기부터 완벽한 컵을 제공하는 것까지 과정의 모든 부분에서 영감을 얻습니다. 무엇보다도, 당사는 함께 일하는 사람들, 서비스를 제공하는 고객 및 함께 구축한 연결에서 영감을 얻었습니다.","['티백', '아이스', '커피', '패밀리', '페코', '아이스티', '티', '쿼트', '최고', '오렌지']"
식음료,음료,차,,B0D62VGJ2W,Strawberry green kumquat 패션 프루트 티 249.8g(8.8온스) 동결 건조 과일 티백 봉지 차,Aandiso,27686,27686,,,"동결 건조 과일로 만든 티백으로, 말린 녹색 금귤의 신맛, 패션 프루트의 달콤한 맛, 딸기 신맛과 달콤한 맛, 과일 차가 가득한 매우 신선합니다. 가을, 겨울 뜨거운 음료, 봄, 여름 차가운 음료에 매우 적합합니다. 스트로베리 그린 레몬 패션 프루트 차, 향기롭고 달콤하고 신맛, 컵을 마실 수 있는 자유 시간, 즐거운 시간을 즐기세요. 과일부터 과일차까지, 뜨거운 음료는 추출 후 30초 만에 과일 차 냄새를 맡을 수 있습니다. 삼각형 티백 디자인으로 여러 번 또는 오랫동안 추출할 수 있으며 차의 맛을 덮지 않으며 차 소재는 들어가지 않습니다. 동결 건조 과일 차, 눈에 띄는 과일 곡물, 마시기 쉽고, 신맛과 달콤한 물기, 즉 거품은 마시는 것입니다. 약 섭씨 80도에서 물을 추출하고 다양한 맛을 경험한 후에 얼음을 추가하는 것이 좋습니다.","딸기 그린 금귤 패션 프루트 티는 동결 건조 딸기 깍둑썰기, 동결 건조 패션 프루트, 동결 건조 녹색 금귤, 암설탕입니다. 동결 건조 꽃 과일 차의 과학적 생산 비율에 따라 과일 차의 배열은 냉동 건조 과일 바삭하고 시큼하며 달콤한 맛, 맛있기 때문에 모두에게 사랑받고 있습니다.","['과일', '차', '건조', '동결', '달콤하다', '맛', '패션후르츠', '신맛']"
식음료,음료,차,,B0DB3YYZJB,Harney & Sons 티 캐니스터 및 핫 시나몬 스파이스 50개입 향 주머니 세트,Harney & Sons,38045,38045,,,대형 힌지 틴으로 Harney & Sons 향 주머니를 장식적으로 보관할 수 있는 방법을 즐기세요. 이 세트에는 핫 시나몬 스파이스 차 50개입 봉지 1개와 블랙 힌지 틴 1개가 함께 제공됩니다. 틴의 크기는 12.1 x 12.1 x 15.7cm(4.75 x 4.75 x 6.2인치)로 50개입 봉지를 보관할 수 있습니다. 뜨거운 시나몬 향신료를 즐기세요. 다른 Harney 차가 있다면 핫 시나몬을 마친 후 이 틴에 보관할 수 있습니다. 핫 시나몬 티 팬에 대해 알고 있는 모든 것 중에서 너무 오래 걸리지 않습니다. 통에는 경첩이 달린 뚜껑이 있어 차 주머니를 신선하게 유지하면서 쉽게 꺼낼 수 있습니다. 완벽한 컵을 만드는 가장 좋은 방법을 항상 알 수 있도록 내부 뚜껑에 브루잉 제안이 포함되어 있습니다. 전 세계적으로 가장 좋아하는 제품을 위한 최고의 조합입니다. HARNEY & SONS 지구를 위한 1%의 자랑스러운 회원입니다. 지구를 위해 1%에 합류한다는 것은 우리가 선택한 환경 단체에 총 매출의 1%를 직접 기부할 수 있다는 것을 의미합니다.,대형 힌지 틴으로 Harney & Sons 향 주머니를 장식적으로 보관할 수 있는 방법을 즐기세요. 이 세트에는 핫 시나몬 스파이스 차 50개입 봉지 1개와 블랙 힌지 틴 1개가 함께 제공됩니다. 틴의 크기는 12.1 x 12.1 x 15.7cm(4.75 x 4.75 x 6.2인치)로 50개입 봉지를 보관할 수 있습니다. 뜨거운 시나몬 향신료를 즐기세요. 다른 Harney 차가 있다면 핫 시나몬을 마친 후 이 틴에 보관할 수 있습니다. 핫 시나몬 티 팬에 대해 알고 있는 모든 것 중에서 너무 오래 걸리지 않습니다. 통에는 경첩이 달린 뚜껑이 있어 차 주머니를 신선하게 유지하면서 쉽게 꺼낼 수 있습니다. 완벽한 컵을 만드는 가장 좋은 방법을 항상 알 수 있도록 내부 뚜껑에 브루잉 제안이 포함되어 있습니다. 전 세계적으로 가장 좋아하는 제품을 위한 최고의 조합입니다.,"['시나몬', '핫', '개입', '주머니', '차', '뚜껑', '봉지', '힌지', '티', '스파이스']"
식음료,음료,차,,B0D6TSDQM1,"JINQI 중국 과일 차 카페인 프리 과일 티백 혼합 과일 차 (그린 금귤 패션 프루트 티) 青百川 茶 (150g, 10gX15봉지) 150g(5.3온스)",JINQI,24653,24653,,,"고품질 성분: 인공 향료나 색소가 없는 최고급 재료로 차를 혼합합니다. 성분: 블루베리 주사위, 블랙 커런트 오지, 복숭아 오지, 로젤, 락 슈가, 향료 에센스 최고의 맛을 위해: 【뜨거운 추출 차】1. 티백을 가지고 컵에 넣으십시오. 2. 90°C (204°F)의 뜨거운 물 250ml를 추가하십시오. 3. 3-5분 동안 그대로 두면 바로 마실 수 있습니다. 【콜드 브루 티】1. 티백을 가지고 컵에 넣습니다. 2. 실온의 물이나 얼음물 350ml를 넣으십시오. 3. 10초 동안 흔들어 마시세요. 【냄비 끓임】1. 티백을 가지고 냄비에 넣습니다. 2. 냄비에 물 500ml를 넣으십시오. 3. 10분 동안 요리하고 즐기세요.","제품 이름: 블루베리 블랙 커런트 티 성분: blueberry dices, black currant dices, peach dices, roselle, rock sugar, flavouring essence 순중량: 10g*20bags 보관: 건조하고 시원한 곳에 보관하십시오. 유통 기한: 18개월 생산 날짜: 자세한 내용은 상자를 참조하십시오. 최고의 맛을 위해: 【뜨거운 추출 차】1. 티백을 가지고 컵에 넣으십시오. 2. 90°C (204°F)의 뜨거운 물 250ml를 추가하십시오. 3. 3-5분 동안 그대로 두면 바로 마실 수 있습니다. 【콜드 브루 티】1. 티백을 가지고 컵에 넣습니다. 2. 실온의 물이나 얼음물 350ml를 넣으십시오. 3. 10초 동안 흔들어 마시세요. 【냄비 끓임】1. 티백을 가지고 냄비에 넣습니다. 2. 냄비에 물 500ml를 넣으십시오. 3. 10분 동안 요리하고 즐기세요.","['티백', '물', '냄비', '차', '뜨겁다', '티', '컵', '과일', '성분', '블루베리']"
식음료,음료,차,,B01E4GCHSS,H.E.B 아이스 티 1인용 컵 12개입 피치 (2팩),HEB,44569,35982,4.6,174.0,,1인용 아이스티 포드,"['인용', '피치', '포드', '티', '컵', '아이스티', '아이스', '개입']"
식음료,음료,차,,B0D3RYV54D,"Param Kesar 유기농 사프란 카다몸 시나몬 디톡스/허브 녹차, 100g",Param Kesar,20747,20747,4.4,18.0,"성분 - 녹차, 카다몬, 사프란, 장미 꽃잎, 정향, 감초, 계피, 드라이 생강, 아시리아 자두, 아르네비아 벤타미, 흑후추 및 스타 아니스. 아로마 - 사프란의 매혹적인 아로마는 장미 꽃잎 꽃다발과 조화를 이루고 인도 향신료의 힌트를 선사합니다. 외관/색상 - 앰버 옐로우. 맛 - 카다몬, 시나몬, 정향과 같은 클래식 향신료는 스타 아니스, 흑후추, 드라이 생강, 감초의 향긋하고 매운 색조와 조화를 이루며 장미 꽃잎과 카슈미르 사프란을 진정시킵니다. 건강상의 이점 - 심장 건강 지원, 콜레스테롤 감소, 소화를 돕고 냉찜질 치료를 돕습니다. 사용 방법 - 물 150ml마다 1티스푼 또는 차 2g을 측정합니다. 티 인퓨저나 찻주전자를 쉽게 사용하세요. 물을 따로 끓여서 70-80°C에 도달할 때까지 2분 동안 식힙니다. 갓 끓인 물을 찻주전자에 붓고 4-5분 동안 주입합니다. 걸러내고 서빙하세요. 티 인퓨저를 사용하는 경우 인퓨저에 재료를 넣고 뜨거운 물로 컵에 인퓨저를 넣고 주입하십시오. 즐기기 전에 컵에서 꺼내세요.","Param Kesar 카슈미르의 아름다운 계곡에서 유래된 카와 차는 산스크리트어 단어의 ""Supreme"" 또는 ""The Best""의 이름을 따서 적절하게 명명되었습니다. Param Kesar 사프란 카와 티는 카슈미르의 최고 품질의 녹차 잎과 가장 신선한 인도 향신료와 허브로 만들어집니다. 이 사프란 카와 티는 10가지 향신료와 가장 향긋한 인도 장미 꽃잎을 함유하고 있어 완벽한 카와 차입니다. Param의 프리미엄 사프란 카와 파우더는 최적의 맛과 향을 위해 전문적으로 수확되고 가공되었습니다. 방부제나 첨가제가 포함되어 있지 않은 이 100g 패키지는 차 한 잔에서 최고를 이끌어낼 수 있는 충분한 양을 보장합니다.","['사프란', '카', '티', '향신료', '장미', '퓨저', '물', '꽃잎', '인도', '향']"
식음료,음료,차,,B0D6FYV5QP,"태국에서 수확한 버터플라이 피 플라워 티, 499.8g(17.8온스) 프리미엄 드라이 블루 나비 플라워 지퍼 백, 슈퍼 항산화 및 눈 건강 지원, 잊을 수 없는 순간을 위한 블루 허브 티 - 매혹적인 색상",BTEPSGA,49846,45691,5.0,1.0,"【100% 천연 완두콩 꽃】100% 순수 프리미엄 말린 나비 완두콩 꽃. 나비 완두콩 꽃은 자연에서 자라며 건강합니다. 모든 꽃은 숙련된 농부들이 직접 고른 것이며 세심한 주의를 기울여 건조되었습니다. 화학 물질 프리, GMO 프리, 무독성, 글루텐 프리, 카페인 프리, 설탕 프리. 진공 포장은 더 나은 보존에 도움이 됩니다. 【놀라운 색상 변경】차의 색상은 아름다운 파란색이며 레몬이나 라임 주스를 추가하면 놀라운 보라색으로 변합니다. 버터플라이 완두콩 차는 맛이 매우 순하지만 꿀과 레몬과 함께 맛이 정말 좋습니다. 좋아하는 맛을 더할 수 있습니다 【꿈꾸는 블루 & 퍼플 음식 만들기】 나비 완두콩 꽃은 쌀, 빵, 베이커리, 디저트, 아이스크림과 같은 다양한 종류의 음식을 요리하거나 샴푸, 비누 등과 같은 수제 제품을 만들 수 있는 파란색과 보라색으로 만들 수 있습니다. 음료, 커피, 칵테일 등에 더 많은 색상을 추가하세요. 【다양한 용도】 모든 휴일 시즌에 완벽한 선물입니다. 집에서 아름다운 디저트와 음료를 DIY할 수 있습니다. 파티에서 꿈결 같은 색상의 칵테일을 만들 수도 있습니다. 선물, 결혼식, 크리스마스 등에 감사드립니다. 대가족, 엔터테인먼트, 뷔페, 파티, 호텔, 레스토랑, 비스트로, 캠핑, 피크닉 등에 이상적입니다. 【영양가】 블루 버터플라이 완두콩은 항산화 물질이 풍부하여 설탕 분자로 인한 피부 손상을 되돌리는 데 도움이 됩니다. 콜라겐 생성을 자극하여 피부 탄력을 개발하고 유지하는 데 도움이 됩니다. 항산화 물질이 풍부한 버터플라이 완두콩 꽃차는 해독 식단에 포함시킬 수 있는 훌륭한 음료입니다.",,"['완두콩', '꽃', '프리', '나비', '블루', '버터플라이', '항산화', '음료', '물질', '맛']"
식음료,음료,차,,B0CZC5CN99,***신제품*** The French Touch 자스민 녹차 유기농 | 2.5g x 30 피라미드 백 | 100% USDA 유기농 인증 | 식물 기반 티백 | 프리미엄 차 선택 (재스민 그린),The French Touch,26245,26245,4.5,30.0,"프랑스인이 선호하는 맛: 프랑스인이 선호하는 허브 티 맛에 빠져보세요. 중국에서 공급되는 자스민 그린으로, 각 피라미드 백은 자스민 블라썸의 맛과 향기의 섬세한 에센스를 포착합니다. 프리미엄 피라미드 백: 저희 티백은 생분해성을 위해 선택된 식물 유래 소재인 PLA를 사용하여 제작되어 긍정적인 환경 기여를 합니다. 이러한 생분해성 소재에 대한 수요는 환경에 미치는 영향을 최소화하기 위해 나일론이나 PET와 같은 석유 기반 대안에서 벗어나려는 차 산업의 노력으로 증가했습니다. GMO가 없는 식물 기반 재료에 대한 요구를 인식하고 100% GMO 프리 사탕수수로 만든 티백용 메시 필터를 만들어 대응했습니다. 이 소재를 선택함으로써 환경 친화적이고 GMO 프리 선택에 대한 소비자 선호도가 높아지고 있습니다. 더 많은 차: 봉지 당 2.5g의 자스민 그린과 조화로운 조화를 이루어 대부분의 경쟁사 표준 티백을 능가하며 진정 및 프리미엄 차 마시는 경험을 위한 완벽한 균형을 보장합니다. USDA 유기농 : 정밀하고 세심하게 제작된 자스민 녹차는 중국에서 공급되는 유기농 성분의 프리미엄 블렌드입니다. USDA 유기농 라벨이 붙은 각 컵은 자연스럽게 편안한 경험을 제공합니다. 편리한 탐닉: 30개의 피라미드 백으로 편리함을 즐기세요. 집에서 차분한 시간을 원하든, 이동 중에도 상쾌한 휴식을 원하든, 당사의 차는 지속적으로 관대하는 경험을 보장합니다.","중국에서 공급되는 정교한 자스민 녹차로 프랑스의 우아함과 아시아 전통의 융합을 경험하십시오. 예술성과 세련미에 대한 프랑스의 열정에 대한 고개를 끄덕이는 자스민 꽃의 섬세한 꽃 노트를 기념하세요. 녹차와 아름답게 혼합되었습니다. 이 매혹적인 블렌드는 미각을 즐겁게 할 뿐만 아니라 풍부한 건강상의 이점을 제공하여 진정으로 특별한 차 경험을 선사합니다. 각 피라미드 백에 섬세하게 포착된 자스민 꽃의 본질은 녹차와 혼합되어 약간의 카페인과 함께 진정 및 꽃 향기를 제공합니다. 당사의 프리미엄 피라미드 백은 치료용 주입을 위해 설계되어 아로마 오일의 방출을 향상시켜 즐겁고 상쾌한 차 경험을 제공합니다. 항산화 물질이 함유된 자스민 녹차는 휴식을 촉진하고 신진 대사를 촉진하며 전반적인 웰빙을 지원합니다. 더 깊은 휴식과 부드러운 에너지 부스트를 위해 봉지 당 2.5g의 자스민 녹차가 특징인 조화로운 블렌드를 즐기십시오. 이는 대부분의 경쟁사 티백의 표준을 능가하여 상쾌하고 프리미엄 차 마시는 경험을 위한 완벽한 균형을 보장합니다. 정밀하고 세심하게 제작된 자스민 녹차는 중국에서 공급되는 유기농 성분의 프리미엄 블렌드로, USDA 유기농 라벨이 부착되어 있어 각 컵에 자연스럽게 상쾌한 경험을 선사합니다. 30개의 피라미드 백으로 편리하게 빠져보세요. 집에서 차분한 순간이 필요하거나 이동 중에도 상쾌한 휴식이 필요하든 일관되게 즐거운 경험을 제공합니다. 자스민 녹차는 녹차와 혼합된 최고급 자스민 꽃으로 프랑스가 선호하는 허브 티의 본질을 포착하여 프리미엄과 진정 경험을 보장합니다. 자스민 녹차가 제공하는 조화로운 문화, 유기농 및 편리한 탐닉으로 차를 마시는 순간을 높여보세요. 블렌드를 맛보고 한 모금마다 문화와 웰빙의 조화로운 조화를 경험하십시오.","['자스민', '경험', '녹차', '유기농', '프리미엄', '차', '백', '피라미드', '상쾌하다', '꽃']"
식음료,음료,차,,B0CY5QFCK5,"Spice Dragon 레드 차이 티 4팩, 이국적인 시나몬 및 드래곤프루트 블렌드 허브 티, 18개 티백 번들, moofin 실버 SS 티백 압착기, 카페인 프리, 편리하게 포장된 루이보스 차이 티",moofin,29348,29348,,,[이국적인 블렌드] - 독특한 '스파이스 드래곤 레드 차이 티백'을 맛보세요. 모든 컵에 카페인 프리 여행을 제공합니다. '차이 티'를 좋아하지만 버즈를 피하고 싶은 사람들에게 적합합니다. [강력한 맛] - '차이 스파이스 티백'은 계피와 카다몬의 강도와 생강과 정향의 풍미를 혼합하여 만족스러운 만큼 스릴 넘치는 감각적 폭발을 제공합니다. [카페인 프리 편안함] - 평화를 방해하지 않으면서 '차차이'의 풀 바디 맛을 제공하는 카페인 프리 대안인 '스파이스 드래곤 차이'로 언제든지 긴장을 푸세요. [편리한 포장] - 각 '스파이스 드래곤 차이 티' 팩에는 18개의 신선한 개별 포장된 '티백'이 있는 4개의 상자가 포함되어 있어 우려질 때마다 차에 향긋하고 풍미가 가득합니다. [품질 ] - 우수성의 대명사인 ''을 신뢰하여 편안한 컵을 마신 후 관대하고 일관된 '티 루이보스' 경험을 제공합니다.,"Spice Dragon 레드 차이 허브 티는 맛의 교향곡으로, 언제든지 맛볼 수 있는 카페인 프리 탐닉을 제공하기 위해 꼼꼼하게 선별되었습니다. 각 상자는 18개의 개별 포장된 티백으로 구성되어 있어 집에 있든 이동 중에도 신선함과 편리함을 약속합니다. 삶의 속도가 압도적일 수 있는 세상에서 당사의 허브 차이 티는 차분한 안식처를 제공합니다. '레드 드래곤 스파이스 차이'는 단순한 음료가 아닙니다. 당신을 평온의 영역으로 안내하는 경험입니다. '레드 드래곤 차이'는 힘과 미스터리를 상징하는 신화적인 생물의 고개를 끄덕이며, 입맛에 춤추는 대담한 향신료로 구현된 특성을 상징합니다. '루이보스 차이 티'의 유행을 타지 않는 따뜻함과 드래곤 프루트의 이국적인 트위스트를 결합한 스파이스 드래곤 레드 차이 허브 티를 소개합니다. 이 '허브 티 카페인 프리' 옵션은 버즈 없이 '차이 루이보스 티'의 편안함을 찾는 사람들에게 적합합니다. '레드 루이보스 티' 베이스는 건강상의 이점과 부드러운 맛으로 유명하여 '허브 차이 티' 향신료에 이상적인 캔버스입니다. '허브 티 카페인 프리' 컬렉션은 안목 있는 차 애호가를 위해 디자인되었습니다. 당사의 '루이보스 티'는 품질에 대한 헌신의 증거로, '허브 티' 한 잔이 소중히 여기는 순간임을 보장합니다. '레드 드래곤 차이 티'는 단순한 음료가 아니라 의식입니다. '루이보스 차이' 티백을 풀면서 '드래곤 레드 차이'의 향기가 당신을 감싸게 하세요. 단순한 '티 루이보스 차이' 그 이상입니다. 평온의 관문입니다. 그리고 '루이보스 차이 티'와 함께 전통과 혁신을 모두 존중하는 차를 선택하는 것입니다. 그렇다면 왜 기다려야 할까요? 티의 스파이스 드래곤 레드 차이 허브 티의 고급스러운 블렌드에 빠져보세요. '루이보스 차이'가 하루의 썰물과 흐름을 통해 동반자가 되도록 하세요. '레드 드래곤 스파이스 차이' 한 잔으로 카페인 프리 혁명을 받아들이고 차 경험을 특별한 높이로 높여보세요.","['티', '차이', '드래곤', '레드', '루이보스', '허브', '프리', '스파이스', '카페인', '티백']"
식음료,음료,차,,B0D54CSMKV,"VAHDAM, 스위트 시나몬 티 | 티백 100개 | 100% 천연 향신료 | 시나몬 마살라 차이 티 레시피 | 스파이스 차이 티백 | 뜨거운 차 또는 아이스 티로 추출 | 차이 티백",VAHDAM,34611,34611,4.5,11433.0,"100% 진짜 성분 - 각 티백에는 Assam CTC 차이티, 신선한 시나몬 및 으깬 카다몬을 신중하게 혼합한 비율로 포함되어 있습니다. 시나몬의 자연스러운 달콤함을 가지고 있습니다. 풀 리프 피라미드 티백 100개 - 브루에서 찢어지는 종이 티백의 시대는 지났습니다. 스위트 시나몬 마살라 차이 티 파우치 1개에는 신선하고 맛있는 브루를 위한 튼튼한 피라미드 모양의 티백 100개가 포함되어 있습니다. 준비: 티백 1개 | 뜨거운 물 200ml | 3~5분 10억 개의 꿈을 가진 브랜드 - VAHDAM India는 인도 최대의 디지털 네이티브 글로벌 웰니스 브랜드 중 하나로, 130개 이상의 국가에서 3백만 명 이상의 고객에게 배송됩니다. 창립자이자 CEO인 Bala Sarda의 비전은 인도 최고의 차, 양조 도자기, 향신료 및 허브를 가정에서 재배하고 지속 가능한 라벨로 전 세계 소비자에게 제공하겠다는 비전은 사람과 지구에 대한 강한 헌신을 가진 성공적인 7년 된 비즈니스로 이끌었습니다. 윤리적, 직접적, 공정거래 - 당사의 혁신적인 공급망 모델은 가장 신선한 차 한 잔을 얻을 수 있도록 보장하며 농부들은 농산물에 대해 더 나은 가격을 얻을 수 있습니다. 수익의 1%는 차 재배자의 자녀 교육으로 전환됩니다. 우리 농부들은 다른 부모와 마찬가지로 자손이 자신보다 더 나은 삶을 살기를 바랍니다. Vahdam Teas는 사회적 이니셔티브인 TEAch Me와 함께 이 열망을 존중하고 싶습니까? 저희는 사람과 지구를 돌봅니다 - 저희는 이제 자랑스럽게 탄소 중립과 플라스틱 중립 브랜드입니다. 당사는 전체 탄소 및 플라스틱 발자국을 측정하고 인도의 환경 지속 가능성 이니셔티브에 대한 투자를 통해 이를 상쇄합니다.",,"['티백', '시나몬', '티', '차이', '차', '인도', '신선하다', '중립', '브루', '재배']"
식음료,음료,차,,B0D63CQQ11,"Teeccino 아이리쉬 크림 허브 티, 리치 & 로스트 허브 티, 카페인 프리 및 천연 에너지를 위한 프리바이오틱, 티백 25개",Teeccino,20747,20747,4.5,379.0,"풍부하고 대담한 허브 티 - 벨벳 같은 바닐라 크림의 퇴폐적인 풍미가 특징인 알코올 프리 '아이리쉬 커피'를 즐기세요. 3배 더 많은 허브 - Teeccino의 6g 티백은 표준 티백보다 3배 더 많은 허브를 담을 수 있어 컵의 건강을 극대화하는 이점을 높입니다. GMO 프리, 유기농 허브. 인공 향료, 화학 물질 또는 방부제가 없습니다. 천연 카페인 프리 - 각성제가 아닌 영양소에서 자연스러운 에너지 부스트를 경험하십시오. 낮이나 밤 언제든지 완벽합니다. 무설탕 Teeccino 제품은 온 가족을 위한 간식입니다. 장 건강을 위한 프리바이오틱스 - 치커리 뿌리의 이눌린은 프로바이오틱스에 영양을 공급하는 프리바이오틱 용해성 섬유입니다. 각 컵은 거의 400mg의 이눌린으로 좋은 소화를 지원합니다. 뜨거운 차 또는 아이스 티를 즐기세요 - 라떼 또는 카푸치노에 적합 - 뜨겁거나 거품이 있는 우유 / 비유제품 우유를 추가하세요. Chilled Teeccino 더운 여름날 상쾌한 차가운 음료를 만듭니다. 최대 일주일 동안 냉장 보관하고 재가열하거나 얼음 위에 붓습니다.",,"['허브', '프리', '티', '티백', '에너지', '크림', '우유', '뜨겁다', '카페인', '눌린']"
식음료,음료,차,,B0CZZZ1WQY,"Lavendium, 순수 시나몬 티백 48개, 100% 천연 시나몬 스틱, 시나몬 허브 티, 첨가제 없음, 카페인 없음, 글루텐 없음, 비건.",Lavendium,10373,10373,4.2,290.0,시나몬 차 - 편안한 허브 주입: 시나몬 차 한 잔을 내리면 진정되고 차분한 경험을 할 수 있어 긴장을 풀고 휴식을 취하기에 이상적인 선택입니다. 100% 천연 시나몬 스틱으로 제작: 저희는 최고급 천연 시나몬 스틱을 공급하여 티백을 만들어 순수하고 진정한 맛을 선사합니다. 첨가제나 인공 향료가 없으므로 시나몬 스틱의 천연 장점을 진정한 형태로 즐길 수 있습니다. 수제 생산 공정: 시나몬 스틱은 자연적으로 재배됩니다. 스틱은 적절한 시간에 따서 신선한 물로 씻고 햇볕에 말리고 수년 간의 경험을 바탕으로 최고의 차 크기로 갈아서 신중하게 포장합니다. 고객에게 탁월한 품질을 보장합니다. 생분해성 티백 - 천연 소재: 티백은 천연 옥수수 섬유로 만들어져 환경 친화적이고 좋습니다. 줄 없음. 포장 없음. 스테이플 없음. 접착제 없음. 표백제 사용 금지. 염료 없음 - 100% 안전성. 쉽고 편리하게 차를 만들 수 있습니다: 약 236.6ml(8온스)의 물을 끓여서 시작하세요. 찻잔에 티백을 넣으십시오. 티백 위에 뜨거운 물을 조심스럽게 붓습니다. 티백을 뜨거운 물에 3-5분 동안 담그십시오. 좋아하는 감미료를 추가하고 즐기세요. 최고 품질의 제품에 대한 약속: 최고 수준의 품질의 제품을 제공할 것을 약속드립니다. 시나몬 티백에 대해 궁금한 점이 있으시면 저희에게 알려주십시오. 항상 기꺼이 답변해 드리고 도움이 되는 제안에 감사드립니다.,100% 천연 | 카페인 프리 및 무설탕/단일 성분 | 필러 없음 | 순수하고 심플한 시나몬 차/당사는 자연 건강에 대한 열정을 공유하기 위해 최선을 다하고 있습니다./당사의 허브 티 셀렉션을 살펴보고 자연스러운 라이프 스타일을 향한 여정을 시작하세요.,"['시나몬', '티백', '천연', '스틱', '차', '물', '허브', '최고']"
식음료,음료,차,,B0DCZ9T61K,"Ocha & Co. 유기농 Reicha 녹차 - 콜드 브루 일본 루스 리프 녹차 - 상쾌한 차가운 차 - 센차 및 말차가 함유된 블렌디드 라이트 티, 100g/3.5온스",Ocha & Co.,34625,34625,4.5,1709.0,"콜드 브루 티: Reicha 녹차는 유기농 아사무시, 쿠키차, 말차 및 후카무시 루스 리프 센차 차를 고급 블렌드로 차갑게 즐길 수 있습니다. 찬물을 넣고 1-2분 동안 우려주세요. 깨끗하고 가벼움: Reicha 일본 루스 리프 녹차는 상쾌한 차가운 차를 만들어 여름날에 적합합니다. 콜드 브루 티는 쓴맛이 적고 깨끗한 맛입니다. 일본 유기농 차: 이 유기농 녹차는 유기농 일본 차 재배를 위한 완벽한 기후 조건이 존재하는 시즈오카의 수상 경력에 빛나는 산악 농장에서 재배됩니다. 진공 밀봉된 신선도: Reicha 녹차의 소량은 매주 주문되어 유통 기한이 길고, 유기농 차는 최적의 신선함을 유지하기 위해 진공 밀봉되었습니다. OCHA & CO: 당사의 차 재배자는 미국 최고의 블렌더 중 하나와 조화를 이루어 최고급 유기농 녹차와 홍차를 생산하므로 다양한 취향, 기분 또는 상황에 맞는 다양한 일본 차를 제공할 수 있습니다",,"['차', '유기농', '녹차', '일본', '브루', '리프', '재배', '차갑다', '콜드', '티']"
식음료,음료,차,,B0D92ZS4Z8,"Southern Breeze 베리 번들 콜드 브루 스위트 아이스 티, 홍차와 탄수화물 제로 설탕, 개별 포장된 티백 20개 팩 (라즈베리 및 블랙베리)",Southern Breeze,19376,19376,4.5,79.0,"탄수화물 없음, 설탕 제로 달콤한 차: Southern Breeze 콜드 브루 티는 설탕, 칼로리, 탄수화물이 없지만 같은 훌륭한 맛을 가진 맛있는 남부 스타일의 스위트 티를 제공합니다! 당사의 콜드 인퓨즈드 아이스티는 진짜 홍차 잎으로 만들어졌으며 천연 향이 있어 완벽한 무설탕 아이스 티 한 잔을 제공합니다. 1인용 콜드 브루 티백: Southern Breeze 홍차는 취침 시간을 놓칠 걱정이나 끓는 물의 번거로움 없이 대담한 맛을 약속합니다. 각 콜드 브루 티 박스에는 라즈베리 및 블랙베리 스위트 티가 포함되어 있으며 박스당 20개의 개별 포장된 티백이 포함되어 있습니다. 달콤함이 가방에 담겨 있습니다: 모든 Southern Breeze 티백은 미리 단맛을 냈으며 단 5분만에 만들 수 있습니다! 계량이나 지저분함이 없습니다. 달콤한 티백을 우려서 차갑게 하고 콜드 브루 아이스티를 즐기세요! 무설탕 아이스 티를 위한 차가운 음료로 쉽게 만들 수 있습니다. 남부 스위트 티: 남부 전통에서 추출된 Southern Breeze 콜드 브루 티는 조지아에서 자랑스럽게 설립되었습니다. 우리는 칼로리를 제거하고 맛있는 아이스 티 여름 음료를 위해 여러분이 알고 사랑하는 맛으로 차 콜드 브루 제로 설탕 차를 만듭니다. 더 달콤한 세상: Southern Breeze Sweet Tea는 일회용 플라스틱 병을 제거하는 데 전념하고 있습니다. 당사의 스위트 티 회사는 2030년까지 온실 가스를 25% 줄이는 과학 기반 목표물에 대한 당사의 헌신을 신뢰합니다.",,"['티', '콜드', '브루', '설탕', '스위트', '티백', '달콤하다', '아이스', '맛', '차']"
식음료,음료,커피,,B07C1YFV6D,"던킨 오리지널 블렌드 미디엄 로스트 그라운드 커피, 887.2ml(30온스)",Dunkin' Donuts,24888,24888,4.7,6907.0,"분쇄 커피 887.2ml(30온스) 통 28.3g(1개 포함) 오리지널 블렌드는 던킨을 유명하게 만든 커피로, 다른 제품과 비교할 수 없는 풍부하고 부드러운 맛을 특징으로 합니다 미디엄 로스트 커피, 던킨 샵에서 구할 수 있는 브루잉 던킨 커피와 동일한 훌륭한 맛을 제공하기 위해 특별히 블렌딩되고 로스팅되었습니다 미리 분쇄되어 집에서 스위트 홈에서 추출할 수 있습니다 집에서 던킨의 훌륭한 맛을 즐기세요","던킨의 펌킨 스파이스 커피가 시즌을 위해 돌아왔기 때문에 가을이 공기에 있습니다! 이 가을에 가장 좋아하는 호박, 육두구, 계피 맛으로 맛을 내며, 양조하는 동안 집을 채울 동일한 향기로 더욱 맛있게 만들어집니다. 하지만 서둘러 여기 있는 동안 구입하는 것이 좋습니다. 이 블렌드는 나뭇잎이 땅에 닿을 수 있는 것보다 더 빨리 선반에서 날아가기 때문입니다.","['던킨', '커피', '맛', '집', '블렌드', '훌륭하다', '동일하다', '로스트', '미디엄', '분쇄']"
식음료,음료,커피,,B000SDKDM4,Lavazza 카페 에스프레소 원두 커피 블렌드,Lavazza,30331,30331,4.6,47229.0,1kg(2.2파운드) Lavazza 슈퍼 크레마 원두 커피 블렌드 1봉지 로스트: 라이트/미디엄 맛: 순하고 크리미합니다 아로마 노트: 헤이즐넛과 흑설탕 블렌드: 60% 아라비카 및 40% 로부스타 에스프레소 머신에 가장 적합합니다 커피만 포함되어 있습니다,"커피를 어떻게 섭취하든 Lavazza 제품은 커피 의식에 완벽하게 맞는 블렌드와 준비를 갖추고 있습니다. 4세대의 Lavazza 제품군은 125년 이상 전 세계에서 최고의 커피 원두를 혼합하여 라바짜 고유의 맛과 향을 제공하기 위해 헌신해 왔습니다. 쓴맛 없이 풍부하고 풍부한 맛을 가진 전통적인 에스프레소 커피를 원하는 사람들에게 적합합니다. 슈퍼 크레마는 달콤한 향과 날카로운 맛, 쉽게 얻을 수 있는 두껍고 컴팩트한 크레마를 가지고 있습니다. 천연 단맛은 설탕 없이 쉽게 즐길 수 있습니다. 모든 작은 순간을 즐길 수 있는 프리미엄 경험을 즐기세요.","['커피', '맛', '블렌드', '크레마', '에스프레소', '원두', '슈퍼', '향', '풍부하다']"
식음료,음료,커피,,B01N78SACR,"맥카페 프리미엄 로스트, 미디엄 로스트 그라운드 커피, 850.0g(30온스) 통",McCafe,17977,17977,4.7,27783.0,"맥카페 프리미엄 로스트 미디엄 그라운드 커피 850.0g(30온스) 캔 1개 맥카페 프리미엄 로스트 미디엄 그라운드 커피는 가정이나 직장에서 맥카페 경험을 즐길 수 있도록 해 줍니다. 미디엄 로스트 카페인 커피는 균형 잡힌 풍미와 풍부한 향, 부드러운 바디감을 선사합니다. 코셔를 지키는 사람들에게 좋습니다. 100% 아라비카 원두 커피","하루를 정복하러 나서기 전에 McCafé 프리미엄 로스트 한 잔을 드세요. 심플하고 맛있으며 발걸음에 활력을 주는 커피 블렌드입니다. 이 미디엄 로스트 커피 블렌드는 풍부한 아로마, 매끄러운 바디감과 깔끔한 마무리감으로 당신에게 만족감을 줍니다. 저희는 100% 프리미엄 아라비카 커피 원두로 시작하여 세계 최고 커피 재배 지역의 비옥한 토양과 산악 지역에서 정성껏 수확합니다. 그런 다음 온도를 조절한 환경에서 전문적으로 로스팅하여 모든 컵에서 항상 최고의 맛을 선사합니다. 일단 로스팅 된 원두는 공기를 차단하고 신선도를 유지하도록 특수 설계된 커피 캔에 포장됩니다. 집에서 맥카페를 맛있게 즐기려면 177.4ml(6온스)의 물에 1~2테이블 스푼의 분쇄 커피를 사용하세요. 좋은 것을 지켜나가기 위해서 저희는 100% 윤리적으로 공급된 커피만을 사용합니다. 이는 저희가 더 건강한 지구와 농민 공동체의 삶의 질 향상을 지원한다는 것을 의미합니다. 이 패키지에는 100% 아라비카 원두의 카페인 커피인 라이트 로스트를 포함합니다. 이 제품은 정교회 연합 코셔(U) 인증을 받은 제품입니다. 이 제품을 구매하시면 프리미엄 품질을 보장받을 수 있습니다. 간편합니다. 맛있습니다. 한 컵 가득 끓이면 좋습니다.","['커피', '로스트', '프리미엄', '미디엄', '맥카페', '원두', '라운드', '라비', '맛있다', '카페']"
식음료,음료,커피,,B07DKN7KV8,"Keurig Coffee Lovers' Collection 버라이어티 팩, 1인용 커피 K-Cup 포드 샘플러, 60개",Keurig,67518,67518,4.6,74660.0,"포함: Green Mountain Coffee Breakfast Blend, The Original Donut Shop Regular, Newman's Own Organic Special Blend, Caribou Coffee Caribou Blend, Tully's Coffee Italian Roast 등을 포함한 20가지 인기 품종의 K-Cup 포드 3개 다양성: 다양한 커피를 맛보고 다양한 로스트, 맛 및 브랜드에서 좋아하는 커피를 찾아보세요 호환성: 정품 Keurig K-Cup 포드가 포함되어 있으며, 모든 Keurig K-Cup 커피 메이커와의 호환성을 보장하고 품질을 보장하도록 설계되었습니다 포장: K-Cup 포드는 원래 포장이 아니며 이미지와 다르게 보일 수 있습니다 로스트: 라이트, 미디엄, 다크 로스트 커피뿐만 아니라 공정 무역 및 유기농 품종을 포함합니다 인증된 정교회 연합 코셔","그린 마운틴 커피 로스터 브렉퍼스트 블렌드, 그린 마운틴 커피 로스터 다크 매직, 그린 마운틴 커피 로스터 난터켓 블렌드, 그린 마운틴 커피 로스터 콜롬비아 셀렉트, 오리지널 도넛 샵 레귤러, 오리지널 도넛 샵 다크, Laughing Man Dukale's Blend, Laughing Man Colombia, Newman Own French Roast, Newman을 포함한 20가지 인기 품종의 K 컵 포드 3개가 포함되어 있습니다. 자신의 자신의 유기농 유기 유기 REVV No Surrender, Caribou Coffee Caribou Blend, Caribou Daybreak Morning Blend, Tully's Coffee 이탈리안 로스트, Tully's Hawaiian Blend, 시나몬 클래식 시나몬 롤, 글로리아 진의 버터 토피, 글로리아 진의 헤이즐넛, 크리스피 크림 클래식 및 칼루아 오리지널.","['커피', '포드', '로스', '로스트', '그린', '마운틴', '품종', '다크', '블렌드', '샵']"
식음료,음료,커피,,B003VD5SNC,맥심 모카 골드 마일드 커피 믹스 - 100팩,Denelchon,32450,32450,4.7,5502.0,"제품명 : 맥심 모카 골드 마일드 커피 믹스 성분: 커피, 설탕, 유제품이 아닌 크림 순 중량: 1.2Kg (12G x 100 팩) 한국 제품.","맛과 편리함의 완벽한 균형을 좋아하는 커피 애호가를 위해 제작된 프리미엄 블렌드인 맥심 모카 골드 커피의 풍부하고 향기로운 경험을 즐기십시오. 최고급 커피 원두에서 공급되고 꼼꼼하게 로스팅된 이 인스턴트 커피는 대담함과 매끄러움의 즐거운 조합을 제공합니다. 주요 특징: 고급 모카 맛: 맥심 모카 골드 커피의 절묘한 맛에 빠져보세요. 고품질 커피 원두와 감미로운 모카 향이 조화롭게 조화를 이룹니다. 미뢰를 위한 즐거운 교향곡입니다. 즉각적인 완벽: 집이나 사무실에서 편안하게 바리스타 품질의 커피를 즐기세요. Maxim 모카 골드 커피는 즉각적이고 쉽게 준비할 수 있어 순식간에 프리미엄 커피 한 잔을 맛볼 수 있습니다. 프리미엄 품질: Maxim Mocha Gold를 위해 최고급 커피 원두만을 선택하는 것에 자부심을 가지고 있습니다. 한 모금은 품질에 대한 당사의 헌신을 반영하여 모든 컵마다 일관되게 만족스러운 커피 경험을 보장합니다. 다용도 옵션: 핫 또는 아이스, 블랙 또는 크림을 선호하든 Maxim 모카 골드 커피는 개인의 취향에 맞게 조정됩니다. 커피 의식을 맞춤 설정하고 이 탁월한 블렌드의 다양성을 맛보십시오. 언제 어디서나 완벽합니다: 높은 음표로 아침을 시작하거나 Maxim 모카 골드 커피로 정오 픽업을 즐기세요. 편리한 포장으로 바쁜 라이프 스타일에 이상적이며 커피의 품질을 타협할 필요가 없습니다. 맥심 모카 골드로 커피 경험을 향상시키세요 - 품질이 편리함과 만나 모든 컵에 순수한 행복의 순간을 제공합니다. 지금 이 프리미엄 인스턴트 커피를 장바구니에 추가하고 다른 어떤 것과도 비교할 수 없는 커피 브레이크를 즐기세요!","['커피', '모카', '골드', '맥심', '프리미엄', '경험', '맛', '원두', '편리하다']"
식음료,음료,커피,,B01N05APQY,"Nespresso 캡슐 VertuoLine, 버라이어티 팩, 미디엄 및 다크 로스트 커피, 10개 (3팩) 커피 포드, 221.1g(7.8온스)",Nespresso,58793,58793,4.8,61810.0,"NESPRESSO VERTUOLINE 버라이어티 팩 모음: 이 Nespresso 커피 모음은 Nespresso VertuoLine System을 위한 3개의 베스트셀러 커피 블렌드로 30개의 Nespresso 포드를 제공합니다. 10 Stormio, 10 Odacio, 10 Melozio 강도: 이 모음은 다음과 같은 Nespresso 캡슐의 풍부한 맛을 탐구할 수 있게 해줍니다. Stormio (강도 8), Odacio (강도 7), Melozio (강도 6). 독특한 범위의 특별한 커피를 발견할 수 있는 완벽한 선택입니다 커피 브루 221.1g(7.8온스) : 이 Nespresso VertuoLine 포드는 221.1g(7.8온스)의 커피를 제공하여 더 오래 마시는 경험에 적합합니다 재활용: Nespresso 알루미늄 캡슐은 완전히 재활용 가능하며 커피의 신선함을 보장합니다. 환경 보호에 대한 공동 헌신을 충족하기 위해 사용한 알루미늄 커피 포드를 재활용하는 다양한 옵션을 제공합니다 버츄올라인 전용: Nespresso Vertuo는 사용하기 쉬운 Nespresso 포드로 에스프레소부터 알토 XL까지 다양한 컵 사이즈와 커피 스타일을 제공합니다. 뜨겁게 또는 얼음 위에 붓습니다. (VertuoLine 캡슐은 OriginalLine 기계와 호환되지 않습니다)",구성: STORMIO: 풍부하고 강한 커피 블렌드. 강도 8. 과테말라 워싱 아라비카가 부드럽고 풍부한 시리얼 노트를 전면에 내놓은 다음 니카라과 콩과 혼합하여 강하고 독특한 맛을 만듭니다. 토르미오는 주로 다크 및 롱 로스트 원두로 구성되어 있어 바디와 단수 노트 모두에서 강도를 높이는 데 도움이 됩니다. 긴 사전 습윤과 고온으로 Stormio의 스파이시하고 우디 노트를 표현할 수 있습니다. ODACIO: 길고 대담하고 활기찬 커피 블렌드. 강도 7. 니카라과와 에티오피아의 고급 아라비카를 대담하게 혼합한 오다시오는 약간의 동아프리카의 과일 향이 강조된 시리얼 노트가 있는 풀 바디 커피입니다. 우유를 첨가하면 맛이 부드러워지고 유제품과 달콤한 향이 납니다. 두 대륙의 풍미를 융합한 중앙 아메리카와 동아프리카의 고급 아라비카 원두를 혼합한 오다시오에서 대조적이면서도 보완적인 맛을 제공합니다. 멜로지: 부드럽고 균형 잡힌 커피 블렌드. 강도 6. 고급 품질의 브라질 버번과 중앙 아메리카 아라비카를 가볍게 로스팅하여 부드럽고 완벽하게 균형 잡힌 둥근 커피를 만듭니다. 우유를 추가하면 커피의 부드럽고 달콤한 면이 열려 비스킷 노트가 향상됩니다. 중앙 아메리카 아라비카 커피는 고급 브라질 버번 커피 원두의 달콤한 꿀 노트로 향상된 멜로지오에 균형과 조화로운 특성을 제공합니다. 스플릿 로스팅 덕분에 고급 브라질 버번 원두는 달콤한 시리얼 노트가 풍부한 맛을 드러내어 감각적이고 매끄러운 질감을 제공합니다. 부드러운 성격과 균형은 중앙 아메리카 아라비카의 두 번째 분할을 통해 달성됩니다. 빠른 흐름과 고온은 가볍게 구운 버번과 중앙 아메리카 아라비카를 혼합하는 전형적인 둥근 맛을 보장합니다.,"['커피', '노트', '라비', '맛', '부드럽다', '중앙', '아메리카', '포드', '고급', '달콤하다']"
식음료,음료,커피,,B08YQG1QB6,"Starbucks 프리미엄 인스턴트 커피, 미디엄 로스트, 100% 아라비카 빈, 3팩 (각 89.9g(3.5온스)",Starbucks,33143,33143,4.7,2875.0,프리미엄 인스턴트 커피: Starbucks 미디엄 로스트 프리미엄 인스턴트 커피는 카페에서 추출하는 것과 동일한 고품질 100% 아라비카 원두로 만들어졌으며 이 3개의 틴은 최대 105컵을 만듭니다 매끄럽고 견과류: Starbucks 미디엄 로스트 커피는 초콜릿과 견과류의 부드러운 노트와 완벽하게 균형 잡힌 블렌드입니다 나만의 것으로 제작: Starbucks 프리미엄 인스턴트 커피는 추가하는 커피의 양을 조절할 수 있어 Starbucks 커피를 원하는 대로 즉시 저을 수 있습니다 간편한 준비: 부드럽고 맛있는 인스턴트 커피 한 잔을 쉽게 만들 수 있습니다. 인스턴트 커피를 넣고 뜨거운 물을 붓고 저어 집에서 프리미엄 맛의 인스턴트 커피를 즐기세요 재활용 가능: 당사의 주석 용기 포장은 재활용이 가능합니다. 자세한 지침은 라벨을 참조하세요,인스턴트 그라운드 커피를 저어주는 부드럽고 맛있는 맛을 맛보세요. Starbucks 프리미엄 인스턴트 커피는 인스턴트 커피 한 잔의 맛입니다. 하루를 바로 시작하는 것은 프리미엄 커피를 뜨거운 물에 저어 즐기는 것만큼 쉽습니다. Starbucks 미디엄 로스트 프리미엄 인스턴트 커피 3팩의 각 틴은 최대 35개의 부드럽고 견과류 컵을 만듭니다. Starbucks 고급 커피 전문가가 카페에서 추출하는 것과 동일한 100% 아라비카 원두를 사용하여 만든 Starbucks 미디엄 로스트는 초콜릿과 견과류의 부드러운 노트와 완벽하게 균형 잡힌 블렌드입니다. 원두를 신중하게 로스팅하여 탁월한 향과 프리미엄 맛을 포착하여 집에서 맛있는 Starbucks 마이크로그라운드 커피를 즐길 수 있습니다. 지속 가능한 관행에 대한 헌신의 일환으로 윤리적으로 공급된 커피를 담는 통은 재활용이 가능합니다. Starbucks 프리미엄 인스턴트 커피로 커피 루틴을 순식간에 바꿔보세요. © 2023 Starbucks Corporation. Nestlé는 라이선스 하에 부착 상표를 사용합니다.,"['커피', '인스턴트', '프리미엄', '미디엄', '로스트', '부드럽다', '견과류', '맛', '가능하다', '카페']"
식음료,음료,커피,,B07171HMF5,"Mt. Comfort Coffee 유기농 페루 미디엄 로스트, 1.1kg(2.5파운드) - 견과류, 초콜릿 및 시트러스 맛 노트 - 소규모 페루 커피 농장에서 공급 - 로스트 원두",Mt. Comfort Coffee,32118,32118,4.3,2202.0,"프리미엄 등급 원두 커피 - 유기농 페루 미디엄 로스트는 단일 원산지 스무스 커피입니다 감미로운 맛 노트 프로필 - 견과류, 초콜릿 및 시트러스의 맛 노트는 놀라운 커피를 만듭니다 100% 로스트 통콩 - 최대 수명, 신선함 및 맛을 위한 1.1kg(2.5파운드) 재밀봉 가능한 백 국제적으로 공급되는 콩 - 페루의 높은 고도에 있는 산비탈 농장에서 재배됩니다 Mt. Comfort Coffee - 당사의 목표는 고객에게 가장 우수한 단일 원산지 커피를 제공하는 것입니다",,"['커피', '맛', '로스트', '페루', '노트', '미디엄', '단일', '농장', '공급', '원두']"
식음료,음료,커피,,B016RY0LWO,"Lavazza Espresso Italiano 원두 커피 블렌드, 미디엄 로스트, 프리미엄 품질 아라비아, 1kg(2.2파운드) (1팩) (포장은 다를 수 있음)",Lavazza,20955,20955,4.7,3964.0,Lavazza 에스프레소 이탈리아노 원두 커피 1kg(2.2파운드) 백 1개 로스트: 미디엄 강도: 5/10 섬세한 아로마 노트: 프루티 앤 플로럴 블렌드: 100% 아라비카 에스프레소에 가장 적합하지만 모든 커피 메이커에도 적합합니다,커피를 어떻게 섭취하든 Lavazza 제품은 커피 의식에 완벽하게 맞는 블렌드와 준비를 갖추고 있습니다. 4세대의 Lavazza 제품군은 125년 이상 전 세계에서 최고의 커피 원두를 혼합하여 라바짜 고유의 맛과 향을 제공하기 위해 헌신해 왔습니다. 카페 에스프레소 원두 커피 블렌드도 예외는 아닙니다. 중앙 및 남미 아라비카 품종을 혼합하여 풍부한 바디의 한 모금에서 뚜렷한 향기로운 노트와 함께 맛있는 에스프레소 로스트를 만듭니다. 이 블렌드는 에스프레소 머신 또는 모카 포트와 함께 사용하는 것이 가장 좋지만 드립 커피 메이커 및 프렌치 프레스에도 적합합니다. 모든 작은 순간을 즐길 수 있는 프리미엄 경험을 즐기세요.,"['커피', '에스프레소', '블렌드', '원두', '로스트', '혼합', '라비', '미디엄', '메이커', '카페']"
식음료,음료,커피,,B000UYG5PK,"Dunkin' 프렌치 바닐라 맛 그라운드 커피, 355ml(12온스) (1팩)",Dunkin' Donuts,11024,11024,4.6,38418.0,"그라운드 커피 355ml(12온스) 백 1개 포함 갈망할 만한 바닐라 맛 부드럽고 맛있는 미디엄 로스트 커피로, Dunkin' 샵에서 구할 수 있는 Dunkin' 커피와 동일한 훌륭한 맛을 제공하기 위해 특별히 블렌딩되고 로스팅되었습니다 미리 분쇄되어 집에서 스위트 홈에서 추출할 수 있습니다 집에서 Dunkin' 맛을 즐기세요","바닐라 커피와 Dunkin' 프렌치 바닐라가 있습니다. 그리고 Dunkin' 프렌치 바닐라는 인공적으로 맛을 낸 커피는 평범하지 않습니다. 이 100% 프리미엄 아라비카 블렌드는 특히 갈망할 만한 컵을 제공합니다. 풍부하고 매끄럽고 달콤하고 크리미하며 뚜렷한 Dunkin' 놀라움과 비교할 수 있는 것은 없습니다. 모든 한 모금은 미뢰를 위한 간식이며, 풍부한 바닐라 향은 코에도 즐거움을 선사합니다. 다용도 그라운드 커피 형태는 거의 모든 커피 메이커에서 편리하게 사용할 수 있으므로 언제든지 놀라운 맛을 즐길 수 있습니다. 네, 바닐라 맛 커피가 더 나아지지 않는다고 말하는 것이 안전합니다. 지금 주문하세요!","['커피', '맛', '바닐라', '프렌치', '라운드', '갈망', '풍부하다', '집']"
식음료,음료,커피,,B00I5FWZAA,"Green Mountain Coffee Roasters 낸터켓 블렌드, 1인용 큐리그 K컵 포드, 미디엄 로스트 커피 포드, 72개",Green Mountain Coffee Roasters,67255,67255,4.7,44840.0,"브랜드 스토리: 산맥은 Green Mountain 커피 로스터가 탄생한 곳입니다. 지속 가능한 방식으로 공급되는 커피를 통해 땅을 개선하기 위한 모험적인 정신과 헌신을 개발한 곳입니다. 대담해지세요. 살아남으세요. 컵을 들고 나가세요. 맛: 베리 색조의 아프리카 콩의 풍부한 맛을 복합적으로 혼합하여 견고한 인도네시아 콩과 스모키 프렌치 로스트의 손길로 세심하게 짜여졌습니다. 캐러멜, 초콜릿, 말린 과일 노트가 풍성하고 풍성한 블렌드에 균형을 가져다 줍니다. 로스트: 미디엄 로스트, 카페인 커피는 100% 아라비카 원두로 만들어졌으며 정교회 연합 코셔 인증을 받았습니다 지속성: 100% 책임감 있는 원두 커피에 전념합니다 호환성: 정품 큐리그 K-Cup 포드가 포함되어 있으며, 모든 큐리그 K-Cup 커피 메이커와 품질을 보장하고 호환되도록 설계되었습니다 재활용 가능한 케이컵 포드: 단순함. 맛있습니다. 재활용 가능. 여러분이 알고 사랑하는 것과 동일한 훌륭한 맛의 커피를 즐기세요. 그리고 끝나면 껍질을 벗기고 비우고 재활용하세요. 모든 커뮤니티에서 재활용이 아닌 지역에서 확인하세요. 포장은 달라질 수 있습니다.","산은 특별한 장소입니다. Green Mountain 커피 로스터가 탄생한 곳입니다. 당사는 지속 가능한 방식으로 공급되는 커피를 통해 땅을 개선하기 위한 모험적인 정신과 헌신을 개발한 곳입니다. 당사는 세상에 더 풍부하고 더 나은 커피 한 잔을 제공하기 위해 노력하고 있습니다. 대담하게. 살아가세요. 한 잔을 들고 나가세요. Green Mountain 커피 로스터 난터켓 블렌드는 베리 색조의 아프리카콩의 풍부한 맛을 혼합한 제품으로, 견고한 인도네시아 콩과 훈제 프렌치 로스트의 터치로 신중하게 짜여져 있습니다. 캐러멜, 초콜릿, 말린 과일 노트는 풍성하고 풍성한 블렌드에 균형을 제공합니다. 100% 아라비카 커피로 제작되었습니다. 이 1인용 K-Cup 포드는 모든 큐리그 K-Cup 포드 1인용 커피 메이커와 호환됩니다. 각 K-Cup 포드는 가장 신선한 그라운드 커피로 채워져 있으며 매번 완벽하고 훌륭한 맛의 커피를 만듭니다. 정통 유니온 코셔 인증. 100% 책임감 있게 공급되는 커피는 무엇을 의미할까요? 신뢰할 수 있는 소싱은 당사가 구입한 커피가 당사의 책임 있는 소싱 가이드라인에 맞는 신뢰할 수 있는 소싱 프로그램을 준수하여 재배되고 판매된다는 것을 의미합니다. 저희 커피는 100% 책임감 있게 공급됩니다.","['커피', '포드', '로스트', '맛', '공급', '블렌드', '재활용', '큐리그', '콩']"
식음료,음료,커피,,B07Y2J956N,"Cinnabon 클래식 시나몬 롤 큐리그 1인용 K-컵 포드, 라이트 로스트 커피, 48개",CINNABON,34625,34625,4.7,15767.0,라이트 로스트 카페인 함유 Orthodox Union 코셔 (U) 시나본 시나몬 브라운 슈가와 프로스팅으로 소용돌이,"저희는 부드럽고 가벼운 로스트 브루로 시작하여 시나몬 시나몬, 흑설탕, 그리고 전설적인 프로스팅의 퇴폐적인 맛으로 소용돌이칩니다. 오븐에서 꺼낸 세계적으로 유명한 시나몬 롤의 맛을 한 모금 마시고 즐기십시오. 맛있는 완벽함의 한 잔입니다.","['시나몬', '로스트', '소용돌이', '로스팅', '롤', '맛', '라이트', '프로', '큐리그']"
식음료,음료,커피,,B087YHP3HQ,Four Sigmaitc 원두 분말,Four Sigmatic,29555,29555,4.4,21828.0,"부드럽고 어둡고 놀라운 충돌 방지 커피 — 각 브루는 쓴 뒷맛 없이 맛있는 풀 바디 커피 한 잔을 만듭니다. 하지만 그것이 평범함이 끝나는 곳입니다. 이 커피 음료에는 세계에서 가장 영양이 풍부한 성분이 함유되어 면역력을 높이고 관심을 높이는 슈퍼푸드의 놀랍도록 효과적인 칵테일을 만듭니다. 왜 버섯과 커피를 결합할까요? — 우리는 커피를 좋아하지만 단점이 있습니다. 당사는 수세기 동안 집중력과 창의성을 높이기 위해 전 세계에서 사용되어 온 기능성 방향성 버섯인 유기농 사자 갈기(1회 제공량당) 250mg을 섭취했으며, 맛있는 유기농 공정 무역 커피와 결합했습니다. 이 비교할 수 없는 페어링은 지터가 없고 몇 시간 동안 충돌 없는 집중력을 의미합니다. 솟아 오르고 정말 빛나는 제품 — 각 컵에는 야생 수확 유기농 차가 250mg이 포함되어 있습니다. ""버섯의 왕""으로 알려진 차가는 놀라운 면역 지원 효과로 칭호를 얻었습니다. 차가에는 항산화 물질이 포함되어 있습니다. 사실, 지구상에서 가장 항산화 밀도가 높은 식품 중 하나입니다. 놀랍도록 높은 커피 — 저희 커피는 해발 1.7m(5피트) 온두라스 라파스 지역의 마르칼라 지역에서 재배됩니다. 이 특수 등급의 싱글 오리진 커피 원두는 맛있는 저산성 커피를 추출합니다. 당사는 재활용 가능한 KCup 포드에 모든 맛을 담았습니다. Keurig 1.0 및 Keurig 2.0과 호환됩니다. 과학적으로 말하자면, 이 커피는 꽤 마법적입니다. 기능성 버섯은 생산성, 면역 지원 등을 향상시키기 위해 수세기 동안 전 세계적으로 사용되어 왔습니다. 불행히도, 버섯 보충제 시장의 대부분은 버섯이 아니라 균사체(기본적으로 뿌리 시스템)입니다. Four Sigmatic은 일상 생활에 최고의 자연만을 제공하기 때문에 항상 균사체보다 15배 더 많은 활성 성분을 함유한 버섯의 자실체를 사용합니다.",,"['커피', '버섯', '세계', '유기농', '면역', '맛있다', '차갑다', '효과', '높다', '세기']"
식음료,음료,커피,,B0027Z8VES,"Kicking Horse Coffee 원두커피, 1kg 팩",Kicking Horse,25968,25968,4.6,7369.0,454 홀스 파우더는 흙의 풍미를 느낄 수 있는 인도네시아산 묵직한 바디감의 커피입니다. 유기농 인증 공정 무역 인증 100% 재활용 가능한 포장 캐나다산,"큰 꿈을 꾸는 가치가 있습니다. 이 블렌드는 Kicking Horse Coffee의 정신이며, 우리와 함께 일어나서 엉덩이를 걷어차겠다는 대담한 초대입니다.","['커피', '인증', '산', '흙', '엉덩이', '가치', '공정', '꿈', '대담하다', '무역']"
식음료,음료,커피,,B00CXXKE8A,"Community Coffee Breakfast Blend 그라운드 커피, 미디엄 로스트, 946.4ml(32온스) (2팩)",Community Coffee,41494,33198,4.6,10538.0,"아침 식사 블렌드: 꿀과 헤이즐넛 향이 나는 부드럽고 밝은 미디엄 로스트 커피로 하루를 시작하세요 그라운드 빈: 고품질 100% 아라비카 원두를 사용하여 로스팅하고 완벽하게 갈아줍니다. 당사의 분쇄 커피는 풍부하고 맛있는 커피를 위해 전문가가 지속적으로 시청하고 추출하고 맛봅니다 커뮤니티는 모든 것입니다: 책임감 있게 공급되는 커피 원두를 사용하는 것부터 군인, 지역 학교 등을 지원하는 프로그램에 이르기까지, Community Coffee 는 파트너 및 지역 사회에 가능한 모든 방법으로 환원합니다 마음에 드는 방식: 드립 커피로 추출하거나 프렌치 프레스에 붓거나 사용할 수 있습니다. 핫, 아이스 또는 콜드 브루 커피를 포함한 모든 취향에 맞는 다양한 옵션 품질 보장: 당사의 모든 커피콩은 몸, 균형, 맛 및 아로마에 대한 엄격한 점수 시스템을 거칩니다. 그래야만 Community Coffee 이름을 가진 것으로 간주될 수 있습니다","이 향기로운 미디엄 로스트는 감각을 깨우고 부드럽고 밝은 마감으로 이어집니다. 저희는 중남미의 풀 바디 맛을 강조하기 위해 브렉퍼스트 블렌드의 원두를 의도적으로 공급합니다. 그런 다음 신중하게 로스팅하여 꿀과 헤이즐넛의 향을 내고 풍부하고 부드러운 맛을 개발하여 하루의 첫 번째 컵을 가장 좋아하는 것으로 만듭니다. 100% 엄선된 아라비카 커피콩으로 제작되었습니다. 이 제품에는 946.4ml(32온스)의 분쇄 커피 2팩이 포함되어 있습니다. 자동 드립 커피 메이커, 콜드 브루잉 또는 푸어 오버 커피에 사용하기에 적합합니다. Community Coffee 소개: Cap은 Community® 커피의 첫 번째 배치를 혼합한 이후로 회사 안팎에서 많은 변화를 경험했습니다. 당사는 고객에게 더 나은 서비스를 제공하기 위해 진화했지만, 또한 우리를 시작한 뿌리와 커뮤니티에 충실하기 위해 노력했습니다. 그렇기 때문에 당사는 100년 이상 최고의 맛, 최고 품질의 커피를 만들기 위해 확고한 헌신을 유지해 왔습니다. 더 나은 소싱 방법, 우수한 로스팅 기술 및 혁신적인 아이디어를 개발하여 커피의 맛과 신선도를 최고로 유지합니다. 우리는 단순히 커피를 만드는 것을 좋아하며, 콩 심기부터 완벽한 컵을 제공하는 것까지 과정의 모든 부분에서 영감을 얻습니다. 무엇보다도, 당사는 함께 일하는 사람들, 서비스를 제공하는 고객 및 함께 구축한 연결에서 영감을 얻었습니다.","['커피', '맛', '미디엄', '로스트', '부드럽다', '로스팅', '원두', '최고']"
식음료,음료,커피,,B01FKO79AO,"Starbucks 그라운드 커피, 다크 로스트 커피, 수마트라, 100% 아라비카, 6백(각 355ml(12온스)",Starbucks,74706,74706,4.7,27127.0,"프리미엄 그라운드 커피 - Starbucks 수마트라 다크 로스트 그라운드 커피 355ml(12온스) 백으로 탁월한 커피 한 잔을 제공합니다. 총 6봉지 STARBUCKS 싱글 오리진 수마트라 커피 - 이 풀 바디 싱글 오리진 다크 커피는 풍부한 허브와 소박한 향신료의 노트가 있습니다 신선한 맛 - Starbucks 는 최고 품질 표준을 준수합니다. 카페에서 추출한 것과 동일한 신중하게 로스팅된 100% 아라비카 커피 원두를 배송합니다 나만의 제품 만들기 - 어떤 방식으로 커피를 내리든 일상적인 컵인 Starbucks 커피는 드립 브루어, 커피 프레스, 푸어 오버 및 모카 포트를 포함한 다양한 브루잉 방법에 이상적입니다 윤리적 공급—Starbucks Conservation International과 협력하여 100% 윤리적인 커피 공급에 전념하고 있습니다","무성한 인도네시아 섬에서 자란 이 스파이시 커피는 정말 독특한 커피입니다. 저희는 1971년 수마트라 커피와 사랑에 빠졌으며, 그 이후로 가장 소중한 제품 중 하나입니다. 맛은 독특하고 틀림없습니다. 풍부한 허브, 소박한 향신료 노트 및 차분한 산도로 놀랍도록 대담하고 풍성한 바디감을 선사합니다. Nestlé는 라이선스 하에 Starbucks 상표를 사용합니다","['커피', '수마트라', '라운드', '다크', '바디', '오리진', '맛', '소박하다', '싱글', '로스트']"
식음료,음료,커피,,B00I5FWWS0,"Caribou Coffee 카리부 블렌드, 싱글 서브 큐리그 K-컵 포드, 미디엄 로스트 커피, 72개",Caribou Coffee,55400,55400,4.7,15183.0,균형 잡힌 달콤한 스파이시 및 베리 노트 비터스위트 코코아와 삼나무 마 부드러운 미디엄 로스트 커피 열대우림 동맹 인증,이 블렌드의 편안한 복합성의 비밀은 풍부하고 풍성한 인도네시아 콩입니다. 중남미 품종의 밝은 산미와 생생한 과일 톤의 균형을 이루는 나무향과 스파이시 노트가 있습니다. 카리부 커피 카리부 블렌드는 여러분의 미각에 만족스러운 무게감으로 시작됩니다. 맛있는 비터스위트 초콜릿의 깨끗하고 깔끔한 마무리로 더 큰 바디의 시럽 맛을 기대하세요. 카리부 블렌드는 달콤하고 스파이시한 베리 노트가 어우러진 부드럽고 편안한 실제 컵을 만듭니다. Caribou 블렌드 한 잔은 하루 중 아무 때나 어울립니다. 이 싱글 서브 K-콥 포드는 모든 큐리그 K-컵 포드 싱글 커피 메이커와 호환됩니다. 각 K-컵 포드는 가장 신선한 그라운드 커피로 채워져 있으며 매번 완벽하고 훌륭한 커피 한 잔을 내립니다. Caribou의 최고 품질의 커피로 가득 찬 순간 또는 여러 순간을 즐기세요. 열대우림 연합 인증 및 정교회 연합 코셔. 인생은 짧고 깨어 있으세요.,"['커피', '블렌드', '카리', '포드', '컵', '싱글', '스파이', '노트', '위트', '미디엄']"
식음료,음료,커피,,B001EQ5ERI,"라바짜 에스프레소 이탈리아노 분쇄 커피 블렌드, 미디엄 로스트, 226.8g(8온스) 캔, 4개 팩(포장은 다를 수 있음)",,30456,30456,4.6,15522.0,"라바짜 카페 에스프레소 이탈리아 분쇄 커피 226.8g(8온스) 캔 4개 맛있고 향기로운 맛과 아로마 노트가 들어간 풍부한 바디감의 다크 로스트 넌-GMO, 100% 아라비카 이탈리아에서 블렌딩 및 로스트 에스프레소에 가장 적합하지만 모든 커피 메이커에도 적합합니다",라바짜가 이탈리아에서 가장 인기 있는 커피라는 것은 우연이 아닙니다. 라바짜 가문은 4대에 이어 여러분께 진정한 이탈리아의 경험을 안겨드리기 위해 120년 이상을 전 세계에서 최고의 커피 원두 블렌드를 찾는 데 헌신했습니다. 라바짜 커피 에스프레소 분쇄 커피 블렌드도 예외는 아닙니다. 중앙 아메리카와 남미의 아라비카 품종을 섞어 강렬하고 향기로운 맛과 향을 품은 풍부한 다크 로스트를 만들어 냈습니다. 이 블렌드는 에스프레소 머신 또는 모카와 가장 잘 어울리지만 드립 커피 메이커와 프렌치 프레스에도 적합합니다. 독특한 라바짜 이탈리아의 진정한 맛을 즐기세요.,"['커피', '이탈리아', '라바', '에스프레소', '로스트', '블렌드', '분쇄', '맛', '카페', '라비']"
식음료,음료,커피,,B07XHPY28C,"Lavazza Gran Riserva Filtro 원두 커피 다크 로스트 1kg(2.2파운드) 백, 100% 천연 아라비카, 정통 이탈리아식, 이탈리아에서 혼합 및 로스팅, 코코아 및 캐러멜 아로마 노트",Lavazza,32547,32547,4.6,1951.0,Lavazza Gran Riserva Filtro 원두 1kg(2.2파운드) 봉지 다크 로스트 100% 천연 아라비카 어둡고 대담한 맛 코코아 및 캐러멜 아로마 노트 이탈리아에서 혼합 및 로스팅 드립 커피 메이커 또는 프렌치 프레스에 가장 적합합니다,커피를 어떻게 섭취하든 Lavazza 제품은 커피 의식에 완벽하게 맞는 블렌드와 준비를 갖추고 있습니다. 4세대의 Lavazza 제품군은 125년 이상 전 세계에서 최고의 커피 원두를 혼합하여 라바짜 고유의 맛과 향을 제공하기 위해 헌신해 왔습니다. Gran Riserva Filtro 커피 블렌드도 예외는 아닙니다. 100% 천연 아라비카의 훌륭한 블렌드로 달콤한 향기로운 힌트가 있는 맛있는 다크 로스트 커피를 제공합니다. 모든 작은 순간을 즐길 수 있는 프리미엄 경험을 즐기세요.,"['커피', '카페', '로스트', '라비', '원두', '천연', '다크', '블렌드', '혼합', '이탈리아']"
식음료,음료,커피,,B01N9Q93Y5,"Starbucks K컵 커피 포드, 다크 로스트 커피, 이탈리안 로스트, 100% 아라비카, 6박스 (총 60포드)",Starbucks,68557,68557,4.7,41521.0,"KEURIG K-Cups의 프리미엄 커피 - Starbucks 이탈리안 로스트 다크 로스트 커피 K-컵으로 탁월한 커피 한 잔을 제공합니다. Keurig 커피 메이커를 위한 총 60개의 커피 포드 STARBUCKS 이탈리아 로스트 커피 - 다크 코코아와 구운 마시멜로 향이 나는 다크 로스트로 깊은 맛을 선사합니다 신선한 맛 - Starbucks 는 최고 품질 표준을 준수합니다. 카페에서 추출한 것과 동일한 신중하게 로스팅된 100% 아라비카 커피 원두를 배송합니다 나만의 커피 만들기 - 블랙 커피를 좋아하든 우유, 크림, 시럽 또는 기타 다양한 첨가물과 같은 개인적인 영감을 더하든, Starbucks 커피는 여러분이 직접 만들 수 있는 완벽한 일상 커피입니다 윤리적 공급—Starbucks Conservation International과 협력하여 100% 윤리적인 커피 공급에 전념하고 있습니다",소중한 다크 로스트는 세계에 에스프레소를 선물한 나라에 경의를 표합니다. 남부 이탈리아의 로스팅 전통에서 영감을 받은 이 멀티 지역 블렌드는 다크 코코아와 구운 마시멜로 노트로 달콤함과 강도를 끌어내기 위해 전문적으로 제작되었습니다. Starbucks 에스프레소 로스트 커피보다 약간 어둡습니다. 한 모금마다 크림과 설탕이 함유된 깊은 맛이 있습니다. Nestlé는 라이선스 하에 Starbucks 상표를 사용합니다.,"['커피', '로스트', '다크', '포드', '맛']"
식음료,음료,커피,,B07KWXWLLK,네스프레소용 혼합 버라이어티 팩 | 테스트 수상 알루미늄 캡슐 100개 | 8가지 독특한 이탈리아 맛 | 100% 네스프레소 호환 포드,REAL COFFEE GREAT TASTE. EVERY DAY,63696,63696,4.2,8548.0,"모든 커피 포드 셀렉션이 포함된 혼합 테이스터 팩. 8가지 종류. OriginalLine 네스프레소 브루어용 커피 캡슐 100개. 공정 무역 및 유기농 커피 모두 포함. 사진에서 네스프레소 머신용 커피 캡슐의 전체 셀렉션을 확인하세요. 당사의 네스프레소 캡슐은 다양한 신문 및 잡지에서 ""최고의 테스트""로 선정되었습니다 모든 오리지널 라인 네스프레소 머신과 100% 호환됩니다. 네스프레소 버츄오 브루어와 호환되지 않습니다. 100% 알루미늄 캡슐. 다른 알루미늄과 함께 쉽게 재활용됩니다.",,"['네스프레소', '캡슐', '커피', '알루미늄', '호환', '혼합', '셀렉', '브루어', '테스트', '포드']"
식음료,음료,커피,,B079K7L5DM,Farmer Brothers 커피 - 그라운드 미디엄 로스트 56.7g(2온스) 필터팩 (벌크 40팩),Farmer Brothers,96936,96936,4.3,637.0,"Farmer Brothers 레스토랑, 호텔, C-스토어, 헬스케어, 카지노, 교육 캠퍼스 및 비즈니스를 위한 고품질 커피 벌크 미디엄 로스트 그라운드 커피 56.7g(2온스) 개별 필터 팩 / 필터 팩 40개 케이스 (팩 당 $1.09) 비용) 견과류, 초콜릿 노트가 있는 미디엄 로스트. 둥글고 미디엄 바디. Farmer Brothers 커피를 대량 주문하고 절약하세요",,"['커피', '미디엄', '필터', '로스트', '라운드', '호텔', '바디', '교육', '노트', '대량']"
식음료,음료,커피,,B00HAZXIWK,"Lavazza Perfetto 그라운드 커피 블렌드, 다크 로스트, 밸류 팩, GMO 프리, 100% 아라비카, 풀 바디, 355ml(12온스) (6팩) - 포장은 다를 수 있음",Lavazza,54001,54001,4.5,4797.0,"Lavazza Perfetto 이탈리아 그라운드 커피 355ml(12온스) 6봉지 로스트: 다크 강도: 6/10 맛: 풍부함, 풀 바디 아로마 노트: 캐러멜 블렌드: 100% 아라비카 드립 커피 메이커 또는 프렌치 프레스에 가장 적합합니다",커피를 어떻게 섭취하든 Lavazza 제품은 커피 의식에 완벽하게 맞는 블렌드와 준비를 갖추고 있습니다. 4세대의 Lavazza 제품군은 125년 이상 전 세계에서 최고의 커피 원두를 혼합하여 라바짜 고유의 맛과 향을 제공하기 위해 헌신해 왔습니다. Perfetto 그라운드 커피 블렌드도 예외는 아닙니다. 중앙 및 남미 아라비카 품종을 혼합하여 어둡고 벨벳 같은 맛의 순수한 에스프레소 로스트를 만듭니다. 풀 바디 한 모금마다 캐러멜의 힌트를 맛볼 수 있습니다. 모든 작은 순간을 즐길 수 있는 프리미엄 경험을 즐기세요.,"['커피', '블렌드', '라비', '라운드', '맛', '카페', '로스트', '풀', '바디', '캐러멜']"
식음료,음료,커피,,B07M8YV12G,"Nespresso 캡슐 버츄오, 더블 에스프레소 스쿠로, 다크 로스트 에스프레소 커피, 30개 커피 포드, 76.5g(2.7온스)",Nespresso,55206,55206,4.8,30903.0,"다크; 볼드:;더블 에스프레소 스쿠로는 강렬하고 풍성한 더블 롱 에스프레소입니다. 코코아와 바닐라 노트로 균형을 이루는 다크 스모키 캐릭터를 가지고 있습니다. 다크 로스트: 네스프레소, 더블 에스프레소는 두 가지 분할로 로스팅됩니다. 로부스타와 아라비카 커피 원두를 분리하여 보관하지만 둘 다 완전한 로스트를 제공합니다. 강렬한 코코아 노트와 더블 에스프레소 스쿠로의 스모키 캐릭터를 개발합니다. 강도 8. 더블 에스프레소 스쿠로 에스프레소 브루스 70ml(2.7액량 온스). : 이 Nespresso Vertuo 포드는 더블 에스프레소 제품군의 일부로, 79.8ml (2.5온스) 에스프레소를 제공하여 싱글 에스프레소 커피를 두 배로 늘릴 수 있습니다. 우유와 함께 맛보기: 우유를 첨가하면 코코아와 바닐라 노트가 나옵니다. 시럽을 첨가하지 않아도 이 Nespresso 커피는 더 달콤해집니다. Robusta 블렌드를 위한 예상치 못한 개발. 지속 가능성 우선: 인증된 B Corporation으로서, 네스프레소는 검증된 사회 및 환경 성과의 최고 기준을 충족하며, 선의 힘으로 비즈니스를 사용하여 글로벌 운동에 합류합니다. ;;Nespresso 알루미늄 캡슐은 완전히 재활용 가능하며 커피의 신선함을 보장합니다. 당사는 환경 보호에 대한 공동 헌신을 충족하기 위해 사용한 알루미늄 커피 포드를 재활용하는 다양한 옵션을 제공합니다. 기계 호환성: 네스프레소, Vertuo 포드는 오리지널 라인 머신과 호환되지 않습니다.",더블 에스프레소 스쿠로는 중앙 아메리카 로부스타와 아라비카로 만든 고도로 구운 블렌드입니다. 매우 어두운 스모키 캐릭터는 코코아와 바닐라를 연상시키는 노트로 풍부합니다.,"['에스프레소', '더블', '커피', '스쿠', '다크', '포드', '코코아', '노트', '네스프레소', '바닐라']"
식음료,음료,커피,,B01LT9EF24,"Mt. Comfort Coffee 코스타리카 미디엄 로스트, 1.1kg(2.5파운드) - 현지 코스타리카 커피 농장에서 공급 - 로스트 원두",Mt. Comfort Coffee,32547,32547,4.4,911.0,"프리미엄 등급 원두 커피 - 코스타리카 미디엄 로스트는 단일 원산지 대담한 커피입니다 감미로운 맛 프로필 - 맛에는 다크 초콜릿, 시트러스 과일 및 트로피컬 너트의 노트가 포함되어 있습니다 100% 로스트 통콩 - 최대 수명, 신선함 및 맛을 위한 1.1kg(2.5파운드) 재밀봉 가능한 백 국제적으로 공급되는 콩 - 코스타리카의 높은 고도에 있는 산비탈 농장에서 재배됩니다 Mt. Comfort Coffee - 당사의 목표는 고객에게 가장 우수한 단일 원산지 커피를 제공하는 것입니다",,"['커피', '코스타리카', '로스트', '맛', '공급', '미디엄', '농장', '원두', '단일']"
식음료,음료,커피,,B0BZJSVXJZ,"Nespresso 캡슐 버츄오, 로스트 헤이즐넛, 미디엄 로스트 커피, 커피 포드 30개",Nespresso,58862,58862,4.7,49858.0,"향기로운 풍미: 이 맛의 커피 블렌드는 비스킷과 캐러멜의 노트로 보완된 클래식한 구운 헤이즐넛 맛으로 즐거움을 선사합니다 미디엄 로스트: 이 블렌드의 브라질과 에티오피아 아라비카는 스플릿 로스팅됩니다. 라틴 아메리카 원두는 미디엄 다크 로스팅됩니다. 두 번째 스플릿은 Vertuo 맛 커피에 벨벳 같은 질감을 제공합니다. 로스팅 후 풍미가 더해집니다 우유와 함께 맛보기: 리베르소로서 이 Nespresso 맛 커피는 비스킷, 프랄린 및 브라운 캐러멜 노트와 함께 클래식한 헤이즐넛 향을 보여주면서 크리미함을 발달시킵니다 지속 가능성 우선: 혼농임업부터 잃어버린 커피를 되살리는 것, 완전히 재활용 가능한 캡슐에 이르기까지, 인증된 B Corporation인 Nespresso와 함께 최고 품질과 지속 가능한 커피의 순간을 제공하기 위한 여정에 참여하세요 기계 호환성: Nespresso Vertuo 포드는 오리지널 라인 머신과 호환되지 않습니다",미정,"['커피', '맛', '로스트', '헤이즐넛', '미디엄', '로스팅', '비스킷', '지속', '캐러멜', '캡슐']"
식음료,음료,커피,,B071JVP8MC,"Anthony's 유기농 인스턴트 커피, 396.9g(14온스), 초미세 미세가루, 글루텐 프리, 아라비카, GMO 프리",Anthony's,32533,32533,4.3,5108.0,"Anthony's 프리미엄 유기농 인스턴트 커피 배치 테스트 및 글루텐 프리 인증 인스턴트 마이크로그라운드 커피 - 물에 넣으면 쉽게 녹습니다! 유기농 하이 아로마 아라비카 콩으로 제작 - 식물 기반 에너지를 제공합니다 USDA 유기농, GMO 프리, 글루텐 프리 라틴 아메리카 제품, 캘리포니아에서 포장",,"['프리', '유기농', '글루텐', '커피', '인스턴트', '라비', '카페', '미세', '프리미엄', '배치']"
식음료,음료,커피,,B0725BW2NN,Kirkland Signature Breakfast Blend Coffee 120 K-Cups,KIRKLAND,69222,69222,4.6,590.0,K 컵,Kirkland 시그니처 브렉퍼스트 블렌드 커피 120 K-Cups,"['퍼스트', '컵', '커피', '블렌드', '브렉']"
식음료,음료,커피,,B000TK6LBS,"Caribou Coffee Caribou Blend, 1인용 큐리그 K컵 포드, 미디엄 로스트 커피, 24개 (4팩)",Caribou Coffee,66480,66480,4.7,760.0,균형 잡힌 달콤한 스파이시와 베리 노트 K-cups는 큐리그 2.0 브루어와도 호환됩니다 풍부한 시럽 바디 달콤한 코코아와 삼나무 마감 부드러운 미디엄 로스트 카페인 커피 열대우림 동맹 인증 및 정교회 연합 코셔 K 컵 96개 포함,"이 블렌드의 편안한 복잡성의 비밀은 풍부하고 풍성한 인도네시아 콩입니다. 중앙 및 남미 품종의 밝은 산도와 활기찬 과일 톤의 균형을 맞추는 우디, 스파이시 노트가 있습니다. Caribou Blend는 입맛에 만족스러운 무거움으로 시작됩니다. 짭짤하고 달콤하고 달콤한 초콜릿의 깨끗하고 깔끔한 마감으로 큰 바디의 시럽 맛을 기대하세요. Caribou Blend는 달콤하고 스파이시 및 베리 노트의 영감을 받아 부드럽고 편안하며 진정한 컵을 만듭니다. 카리부 블렌드 한 잔은 하루 중 언제든지 사용하기에 완벽합니다!","['달콤하다', '스파이', '노트', '컵', '시럽', '블렌드', '부드럽다', '베리', '바디', '미디엄']"
식음료,음료,커피,,B0768QPPZC,"Nespresso 캡슐 버츄오, 하프 카페인나토, 마일드 로스트 커피, 30개 커피 포드, 브루즈 229.8ml(8온스)",Nespresso,58724,58724,4.8,6541.0,"매끄러움, 벨벳: 하프 카페인나토는 달콤하고 매끄럽고 벨벳입니다. 섬세한 비스킷 노트가 있는 중간 강도의 롱 블랙 또는 아메리카노에 이상적입니다. 미디엄 로스트: 하프 카페인나토의 아라비카 커피는 스플릿 로스팅됩니다. 브라질리언 원두는 달콤함을 내기 위해 가볍고 빠르게 로스팅됩니다. 두 번째 스플릿은 Vertuo 커피에 벨벳 같은 질감을 제공합니다. 강도 5. 하프 디카페인 커피 브루스 200ml(7.77 액량 온스). OZ : 이 Nespresso Vertuo 포드는 229.8ml (8온스) 커피를 제공하여 더 오래 마시는 경험에 적합합니다. 우유와 함께 맛보십시오:; 가볍고 달콤한 특성을 유지하면서 우유는 하프 카페인나토의 새로운 차원을 열어줍니다. 캐러멜과 견과류 노트도 함께 사용됩니다. 지속 가능성 우선: B Corporation 인증으로서, Nespresso; 검증된 사회 및 환경 성과의 최고 기준을 충족하며, 비즈니스를 선을 위한 힘으로 글로벌 운동에 합류합니다. ;;Nespresso 알루미늄 캡슐은 완전히 재활용 가능하며 커피의 신선함을 보장합니다. 당사는 환경 보호에 대한 공동 헌신을 충족하기 위해 사용한 알루미늄 커피 포드를 재활용하는 다양한 옵션을 제공합니다 기계 호환성: 네스프레소, Vertuo 캡슐은 오리지널 라인 머신과 호환되지 않습니다.",주로 브라질과 아프리카에서 온 카페인과 디카페인 아라비카의 완벽한 결합은 부드러운 질감과 중간 정도의 강도를 보여주며 섬세한 비스킷을 제공합니다. 가볍고 달콤한 특성을 유지하면서 우유는 새로운 맛을 열어줍니다.,"['커피', '하프', '카페인', '나토', '달콤하다', '우유', '가볍다', '벨벳', '포드', '캡슐']"
식음료,음료,커피,,B08DBYHWT1,"McCafe Breakfast Blend 커피, 큐리그 1인용 큐리그 K컵 포드, 라이트 로스트, 96개 (24개 4팩)",McCafe,80011,80011,4.7,12179.0,"맛: 이 아름답고 밝은 블렌드로 하루를 정복하세요. 시트러스 맛과 맛있는 향을 자랑하는 이 제품은 하루 종일 즐길 수 있는 완벽한 모닝입니다. 로스트: 100% 아라비카 원두로 만든 라이트 로스트 카페인 커피와 인증된 정교회 연합 코셔 (U) 재활용성: McCafé 재활용 가능한 K-Cup 포드를 소개합니다. 재활용 가능한 소재로 만든 동일한 훌륭한 맛. 모든 커뮤니티에서 재활용이 아닌 현지에서 확인하세요 지속 가능성: 당사는 100% 책임감 있게 공급된 커피를 사용하여 건강한 지구를 지원하고 농업 공동체의 삶의 질을 향상시킵니다 품질: 프리미엄 아라비카 원두로 시작한 다음 온도 조절 환경에서 전문적으로 로스팅하여 매번 최고의 맛을 냅니다. 호환성: 정품 K-Cup 포드가 포함되어 있으며, 모든 Keurig K-Cup 커피 메이커와의 호환성을 보장하고 품질을 보장하도록 설계되었습니다","아침을 정복하기 전에 McCafé Breakfast Blend 한 잔을 드세요. 간단하고 맛있으며 발걸음에 꼭 필요한 커피 블렌드입니다. 이 아름답고 밝고 가벼운 로스트 커피는 시트러스 맛과 맛있는 향을 제공하여 놀랍도록 좋은 방법으로 하루를 시작할 수 있습니다. 당사는 세계 최고의 커피 재배 지역의 풍부한 토양과 산악 지역에서 신중하게 수확한 100% 프리미엄 아라비카 커피콩으로 시작합니다. 그런 다음 온도 조절 환경에서 전문적으로 로스팅하여 매번 모든 컵에서 최고의 맛을 선사합니다. 좋은 결과를 유지하기 위해 저희는 100% 책임감 있게 공급된 커피만을 사용합니다. 즉, 농업 공동체를 위해 더 건강한 지구와 삶의 질 향상을 지원합니다. McCafé K-Cup 포드는 재활용 가능한 소재로 만들어졌을 뿐만 아니라 재활용도 가능합니다. * 갓 내린 맛을 즐기세요. 작업이 끝나면 벗겨내기만 하면 됩니다. 비어 있습니다. 재활용. 이 패키지의 각 K-Cup 포드에는 100% 아라비카 원두의 가벼운 로스트, 카페인 그라운드 커피가 포함되어 있습니다. 정교회 연합 코셔 (U) 인증을 받았습니다. 이 제품을 구매하면 정품 1인용 커피 K-Cup 포드를 받으실 수 있습니다. 품질을 위해 설계되었으며 모든 Keurig K-Cup 커피 메이커와 호환됩니다. 단순함. 맛있습니다. 한 잔으로 잘 끓입니다. *모든 커뮤니티에서 재활용이 아닌 현지에서 확인하세요.","['커피', '재활용', '맛', '포드', '로스트', '가능하다', '맛있다', '카페', '라비', '원두']"
식음료,음료,커피,,B08R4GRB2N,"Starbucks 네스프레소 블론드 로스트 에스프레소 (50개입 1인용 캡슐, 네스프레소 버츄오 라인 시스템과 호환)",Starbucks,76036,76036,4.7,3697.0,부드럽고 달콤한 Starbucks 블론드 에스프레소 로스트 커피가 포함된 재활용 가능한 알루미늄 캡슐 50개 라틴 아메리카 콩 노트와 6가지 강도 레벨의 라이트 로스트 커피 각 캡슐은 네스프레소 버츄오라인 브루어와 함께 38.3g(1.3온스) 머그잔을 추출합니다 최적의 신선함을 위해 유럽에서 로스팅되고 포장된 정통 Starbucks 커피 VertuoLine 브루어와 완벽하게 작동하도록 네스프레소 및 Starbucks 개발 캡슐,네스프레소 버츄오 머신에서 이전에는 없던 Starbucks 커피의 정통 카페 맛을 집에서 즐기세요. 여러분이 알고 사랑하는 최고 품질의 Starbucks 커피인 Starbucks by Nespresso로 제작되었습니다. Vertuo 캡슐은 네스프레소와 함께 개발되어 Vertuo 시스템과 완벽하게 작동하며 완전히 재활용 가능합니다. Starbucks 블론드 에스프레소 로스트 블론드 로스트 커피 한 잔은 부드럽고 달콤하며 100% 아라비카 커피콩으로 만들어졌습니다. 진정으로 맛있는 완벽함은 단 한 컵 떨어져 있습니다.,"['커피', '네스프레소', '로스트', '캡슐', '블론드', '에스프레소', '완벽하다', '가능하다', '달콤하다', '시스템']"
식음료,음료,커피,,B07KY93LBK,"Starbucks VIA 인스턴트 커피, Starbucks 블론드 로스트 커피, 베란다 블렌드, 100% 아라비카, 1박스 (50팩)",Starbucks,67075,67075,4.5,7720.0,Starbucks 인스턴트 커피를 통해 - Starbucks VIA 인스턴트 베란다 블렌드 가볍게 로스팅된 인스턴트 커피 50개입 박스로 Starbucks 탁월한 커피 컵 애프터 컵 베란다 블렌드 - 구운 맥아와 베이킹 초콜릿 향이 나는 가장 가벼운 로스트 커피 신선한 맛 - Starbucks 는 최고 품질 표준을 준수합니다. 카페에서 추출한 100% 아라비카 커피 원두와 동일하게 신중하게 로스팅됩니다 나만의 것으로 만드세요 - 완벽한 일상 컵은 새로운 하루가 시작될 때 또는 긴 하루가 끝날 때 보상으로 즉시 쉽게 즐길 수 있습니다 구독 및 할인 - 자동 배송의 편리함을 더하고 좋아하는 Starbucks 커피를 최대 15% 할인된 가격으로 절약하세요 윤리적 공급—Starbucks Conservation International과 협력하여 100% 윤리적인 커피 공급에 전념하고 있습니다 포장은 다를 수 있습니다,"당사는 라틴 아메리카 전역의 커피 농부들과 수십 년 동안 일했습니다. 이 블렌드는 수년에 걸쳐 함께 마신 가볍게 로스팅한 커피에서 영감을 얻었으며, 종종 푸른 커피 나무가 보이는 시원한 베란다에서 즐겼습니다. 구운 스위트 몰트와 밀크 초콜릿의 향으로 미묘하지만 맛이 좋은 이 커피는 우유와 아름답게 혼합되는 매력적이고 접근하기 쉬운 커피입니다.","['커피', '블렌드', '베란다', '인스턴트', '가볍다', '컵', '로스팅', '향', '하루', '박스']"
식음료,음료,커피,,B0768N9N6Q,"Nespresso 캡슐 버츄오, 디아볼리토, 다크 로스트 에스프레소, 에스프레소 커피 포드 40개",Nespresso,74942,74942,4.8,25714.0,강렬하고 강력함: 강렬하고 강력한 디아볼리토에는 거칠지 않으며 부드럽고 크리미한 질감의 고급 우디 및 가죽 노트입니다. 딥 다크 로스트 Vertuo 커피 캡슐은 고도로 로스팅된 아라비카와 로부스타 커피 블렌드입니다. 로스트를 분할하여 각 커피의 원산지 특성이 그대로 유지됩니다. 강도 11. DIAVOLITTO 에스프레소 브루스 300ml(1.35 액량 온스). OZ: 이 Nespresso Vertuo 포드는 에스프레소 제품군의 일부로 전통적인 에스프레소 커피 음료를 39.9ml (1.4온스) 서빙할 수 있습니다 아라비카와 로부스타로 제작: 라틴 아메리카 아라비카는 디아볼리토에 미묘한 오크 향을 선사합니다. 라틴 아메리카 로부스타는 진한 커피 크레마와 강력한 맛을 제공합니다. 우유와 함께 맛보기: 모든 Nespresso 커피는 블랙 커피와 커피 레시피가 포함된 우유의 일부로 훌륭한 맛을 내기 위해 만들어졌습니다. 지속 가능성 우선:; B Corporation 인증;Nespresso;는 검증된 사회 및 환경 성과의 최고 기준을 충족하며 비즈니스를 선의 힘으로 사용하여 글로벌 운동에 합류합니다. ;;Nespresso 알루미늄 캡슐은 완전히 재활용 가능하며 커피의 신선함을 보장합니다. 당사는 환경 보호에 대한 공동 헌신을 충족하기 위해 사용한 알루미늄 커피 포드를 재활용하는 다양한 옵션을 제공합니다.,"커피 애호가를 위한 고강도 에스프레소. 고도로 로스팅된 로부스타와 브라질 아라비카 커피콩으로 에너지를 공급하며, 오크 나무와 가죽을 암시하는 아로마로 크리미한 질감으로 균형을 이룹니다.","['커피', '에스프레소', '라비', '카페', '로스트', '강력하다', '포드', '디아볼리토', '캡슐', '맛']"
식음료,음료,커피,,B00N0H17N4,"Victor Allen 커피, 도넛 가게 블렌드, 미디엄 로스트, 80개입 1인용 커피 팟, Keurig K-Cup 브루어용",Victor Allen's Coffee,44306,44306,4.4,93170.0,"개수: 80개의 1인용 K-cup 커피 팟 포함 로스팅: 클래식하고 부드러운 미디엄 로스트. 맛 정보: 이 클래식 브루는 달콤하고 매끄러우며 부드럽고 대담한 것이 완벽한 균형을 이루어 하루를 밝게 보낼 수 있습니다. 100% 글루텐 프리 및 GMO 프리로 당사의 커피 제품에는 글루텐이나 유전자 변형 성분이 포함되어 있지 않습니다. 브랜드 스토리: 1979년부터 Victor Allen은 완벽하게 갓 볶은 양질의 제품을 선사하는 것을 자랑스럽게 생각합니다. 당사는 전 세계의 산지의 100% 아라비카 원두를 공급하며 최고의 커피를 보장하기 위해 정밀 로스팅 기술을 사용합니다. 선택: Victor Allen은 일상의 가벼운 로스팅, 중간 단계 로스팅, 진한 로스팅부터 계절별 맛, 봉투 포장, 1인용, 바로 마실 수 있는 형태로 다양한 선택지를 제공합니다. 호환성: Keurig 2.0을 포함한 모든 1인용 브루잉 시스템에 사용할 수 있습니다. Keurig K-Cup 브루어용 1인용 커피 팟. Keurig는 KEURIG GREEN MOUNTAIN, INC의 등록 상표입니다. K-Cups는 KEURIG GREEN MOUNTAIN, INC의 등록 상표입니다.","35년 이상의 훌륭한 커피에 대한 열정. 밝음. 매끄러움. 풍부함. 훌륭한 커피는 열정, 최고의 원두, 자부심으로 시작됩니다. 당사는 세계 모든 산지에서 가장 좋은 100% 아라비카 원두를 찾아냅니다. 당사의 로스트마스터는 한 번에 하나씩 조심스럽게 독특한 맛을 내게 해줍니다. 이것이 바로 1979년부터 갓 볶은 고품질의 제품을 선사하는 것에 자부심을 느끼는 이유입니다. Victor Allen의 커피를 즐기세요... 모든 컵. 모든 원두. 매번.","['커피', '인용', '로스팅', '원두', '맛', '팟', '로스트', '매끄럽다', '브루어', '산지']"
식음료,음료,커피,,B07DF3VWG7,"New Mexico Piñon Coffee 천연 향 커피 (전통적인 피논 그라운드, 0.9kg(2파운드))",New Mexico Piñon Coffee,33226,33946,4.7,4130.0,"독특하고 풍부한 맛: 전통적인 피뇨: 견과류 노트가 풍부하고 부드러운 미디엄 로스트 아라비카 커피와 결합되어 우리를 지도에 올립니다. 진정한 남서부의 인기 제품인 당사는 1994년부터 뉴멕시코의 중심부에서 이 커피를 만들어 왔습니다. 천연 향료: 인공 성분에 의존하는 대부분의 가향 커피와 달리, 저희 100% 아라비카 커피는 모든 주요 알레르기 유발 물질이 없는 맞춤형 천연 향료를 사용합니다! 매혹적: 뉴 멕시코의 문화와 커뮤니티에서 영감을 받은 우리의 맛은 전형적인 조 한 잔과 같습니다. 전통적인 피뇨부터 비스코치토까지, 저희 커피 한 잔은 마법의 땅을 여행으로 데려다 줄 것입니다. 원하는 방식으로 즐기세요: 클래식 드립 포트, 프렌치 프레스 또는 재사용 가능한 큐리그 필터로 브루잉을 좋아하든, 저희 커피는 모든 맛을 만족시킬 것입니다. 타협하지 않는 품질: 저희는 독특하고 만족스러운 커피 경험을 제공하기 위해 최선을 다하고 있으며, 모든 커피 봉지에 일관된 완벽함을 제공합니다.",,"['커피', '맛', '전통', '천연', '향료', '독특하다', '카페', '라비', '풍부하다', '피뇨']"
식음료,음료,커피,,B00N0H16IK,"Victor Allen 커피, 프렌치 로스트 1인용 K-컵, 80개, 800g(28.2온스) (Keurig 2.0 브루어와 호환)",Victor Allen's Coffee,38101,38101,4.5,3117.0,"K-Cup Keurig 2.0 브루어를 위한 80개의 1인용 인스턴트 커피 팟 포함. 부드럽고 스모키한 맛의 벨벳같은 바디를 가져, 강렬하게 풍부하지만 언제나 잔잔합니다. 100% 아라비카 커피, 다크 로스트. 코셔 인증: 이 제품은 정교회 연합에서 코셔 인증을 받았습니다. 미국산.","35년 이상 훌륭한 커피에 대한 열정... 밝음. 매끄러움. 풍부함. 훌륭한 커피는 열정, 최고의 원두, 자부심으로 시작됩니다. 당사는 세계 모든 산지에서 가장 좋은 100% 아라비카 원두를 찾아냅니다. 당사의 로스트마스터는 한 번에 하나씩 조심스럽게 독특한 맛을 내게 해줍니다. 이것이 바로 1979년부터 갓 볶은 고품질의 제품을 선사하는 것에 자부심을 느끼는 이유입니다. Victor Allen의 커피를 즐기세요... 모든 컵. 모든 원두. 가능하면 언제든지. *K-Cup 및 Keurig 2.0은 Keurig Green Mountain의 등록 상표입니다.","['커피', '원두', '로스트', '훌륭하다', '라비', '맛', '열정', '인용', '인증', '브루어']"
식음료,음료,커피,,B0758GBS8Y,"Kicking Horse 커피, Smart Ass, 미디엄 로스트, 원두 1kg(2.2파운드) - 유기농 인증, 공정무역, 코셔 커피",Kicking Horse,44749,44306,4.5,1535.0,"맛 노트: 타르트 레드 커런트, 사탕수수와 밀크 초콜릿 노트, 허니 베리 바디. 미디엄 로스트: 건방진, 밝음, 조숙함. 똑똑하게 생각하고, 깊게 마시고, 아침에 잘 어울리는 사람들을 위한 밝고 초콜릿 같은 혼합물. 록키 산맥에서 로스팅: 깊고 어둡고 맛있습니다. 우뚝 솟은 캐나다 록키 산맥 봉우리 바로 아래에서 로스팅됩니다. 저희 시설에서는 단 한 가지만 만듭니다: 커피! 한 가지 성분으로만 로스팅됩니다: 그린 커피. 방부제, 첨가제, 필러 또는 향료를 사용하지 않습니다. 아로마: 스위트 시럽, 바닐라 빈, 스톤 프루트. 유기농 및 지속 가능한 공급: 신뢰할 수 있는 지속 가능한 사업을 가진 농부들이 사회적, 환경적으로 책임감 있는 방식으로 재배합니다. 100% 아라비카 커피: 매직 빈? 오, 좋네요. 깊고 진하고 맛있는 것부터 활기차고 밝은 것까지, 당사의 콩은 일반적으로 높은 고도에서 재배되고 그늘에서 재배되어 타협하지 않는 품질과 맛을 제공합니다. 권장 브루잉 방법: 저희 커피는 프렌치 프레스, 드립 및 푸어 오버 및 콜드 브루에 적합한 중간 미세 분쇄입니다","건방진, 밝음, 조숙함. 반쯤 가득 찬 일어나서 현명하게 일어납니다. 농담이 아닙니다. 이 제품은 똑똑하게 생각하고 깊게 마시며 아침에 잘 어울리는 사람들을 위한 밝고 초콜릿 같은 조합입니다.","['커피', '깊다', '재배', '로스팅', '초콜릿', '가능하다', '로스트', '록키', '조숙하다', '맛']"
식음료,음료,커피,,B08J25GB8G,"Nespresso 캡슐 버츄오, 아이스 포르테, 30개 에스프레소 커피 포드, 229.8ml (8온스) 추출",Nespresso,58945,58945,4.7,4584.0,"강렬함, 페퍼리: Barista Creations Ice Forte는 독특한 로스트 캐릭터를 가지고 있습니다. ; 시리얼, 우디, 페퍼리 노트가 컵을 통과하여 풍부한 아이스 커피 경험을 제공합니다. 미디엄 로스트: Barista Creations Ice Forte에서 커피를 분할하여 로스팅합니다. 한 번의 분할은 블렌드의 맛을 유지하기 위해 미디엄 로스트를 얻습니다. 두 번째 스플릿을 더 길고 어둡게 로스팅합니다. ICE FORTE BREWS 7.7 F; / OZ. : 이 Nespresso Vertuo 포드는 맛있는 커피 음료를 229.8ml (8 액량 온스)로 제공하는 맛의 일부입니다. 우유와 함께 맛보기: 바리스타 크리에이션 아이스 포르테는 우유와 함께 약간의 달콤함을 얻습니다. 우유 대신 크림을 사용하여 아이스 커피를 만들어 보세요. 지속 가능성 우선: 인증된 B Corporation으로서, 네스프레소는 검증된 사회 및 환경 성과의 최고 기준을 충족하며, 선의 힘으로 비즈니스를 사용하여 글로벌 운동에 합류합니다. ;;Nespresso 알루미늄 캡슐은 완전히 재활용 가능하며 커피의 신선함을 보장합니다. 당사는 환경 보호에 대한 공동 헌신을 충족하기 위해 사용한 알루미늄 커피 포드를 재활용하는 다양한 옵션을 제공합니다. 기계 호환성: 네스프레소, Vertuo 캡슐은 오리지널 라인 머신과 호환되지 않습니다.","Nespresso 바리스타 크리에이션 아이스 포르테의 강렬한 맛으로 상쾌한 아이스 커피를 즐기세요. 남미 아라비카와 인도네시아 아라비카를 혼합하여 인상적인 아로마 경험을 제공합니다. 두 개의 스플릿으로 로스팅된 다크 로스팅은 대담한 바디감과 아로마 강도를 제공하며, 미디엄 로스트는 혼합 맛의 복잡성을 그대로 유지합니다. 우리는 얼음 위에서 맛있는 경험을 위해 특별히 커피를 분쇄합니다. 아이스 간식을 위해 큰 아이스 큐브 위에 추출한 커피 캡슐 1개로 가장 좋습니다. 얼음으로 맛볼 수 있는 레시피도 많이 있습니다.","['커피', '아이스', '캡슐', '로스팅', '로스트', '맛', '경험', '포르테', '포드', '우유']"
식음료,음료,커피,,B07M98S5L5,"Nespresso 캡슐 버츄오, Arondio 그란 룽고 아메리카노, 미디엄 로스트 커피, 30개 커피 포드, 브루스 141.7g(5온스)",Nespresso,55289,55289,4.6,2519.0,"감각적 프로필:;;Vertuo Arondio는 둥글고 부드러운 시리얼 노트로 부드럽습니다. 미묘한 산도와 깊고 부드러운 강도로 접근하기 쉬운 특성을 가진 롱 블랙 커피입니다. 미디엄 로스트: Vertuo 커피 포드를 분할하여 로스팅합니다. 콜롬비아 아라비카는 가벼운 로스트를 얻습니다. 산도를 유지하고 커피의 둥글기와 순한 시리얼 노트를 개발합니다. 강도 6. ARONDIO GRAN LUNGO 에스프레소 브루 150ml(5.0액량 온스). OZ. : 이 Nespresso Vertuo 포드는 Gran Lungo 제품군의 일부로, 147.9ml (5 액량 온스)의 에스프레소를 제공하여 커피를 마시는 사람에게 에스프레소의 즐거움을 선사합니다. 우유와 함께 맛보기: 모든 Nespresso 커피는 블랙 커피와 커피 레시피가 포함된 우유의 일부로 훌륭한 맛을 내기 위해 만들어졌습니다. 지속 가능성 우선: 인증된 B Corporation으로서, 네스프레소는 검증된 사회 및 환경 성과의 최고 기준을 충족하며, 선의 힘으로 비즈니스를 사용하여 글로벌 운동에 합류합니다. Nespresso 알루미늄 캡슐은 완전히 재활용 가능하며 커피의 신선함을 보장합니다. 당사는 환경 보호에 대한 공동의 약속을 충족하기 위해 사용한 알루미늄 커피 포드를 재활용하는 다양한 옵션을 제공합니다. 기계 호환성: 네스프레소, Vertuo 포드는 오리지널 라인 머신과 호환되지 않습니다.",콜롬비아 아라비카와 과테말라 로부스타의 터치로 제작된 Arondio는 독특한 시리얼 노트가 있는 미디엄 로스트 블렌드입니다. 미묘한 산도가 이 순한 커피에 놀라운 느낌을 선사합니다.,"['커피', '포드', '로스트', '산도', '에스프레소', '미디엄', '시리얼', '부드럽다', '노트', '순하다']"
식음료,음료,커피,,B07Y47SH8L,"Don Francisco's 시나몬 헤이즐넛 맛 미디엄 로스트 커피 포드 - 55개 - 재활용 가능한 1인용 커피 포드, K-Cup Keurig 커피 메이커와 호환 (2.0 포함)",Don Francisco's,43198,43198,4.5,17726.0,"달콤한 향기, 부드러운 맛: 커피 머그잔에 매운 디저트처럼, 이 만족스러운 미디엄 로스트 커피 한 잔은 견과류 맛과 달콤한 계피 향이 납니다. 천연 및 인공적인 맛. 모든 컵의 품질: 저희 100% 아라비카 커피를 커피 메이커에 넣는 것은 바로 여기 미국에서 블렌드, 로스팅 및 포장한다는 것을 알 수 있습니다. 가족 리저브, 포드로 제공: 1인용 커피 포드의 현대적인 편리함 내에서 Don Francisco의 Family Reserve의 스토리된 품질과 맛을 맛보세요. K-Cup Keurig 커피 메이커(2.0 포함)와 호환됩니다 지속 가능한 생각: 커피 구동: Don Francisco의 Coffee는 친환경적인 공간을 갖춘 프리미엄 커피를 제공하고 지속 가능한 관행을 촉진하기 위해 최선을 다하고 있습니다. 1870년부터 가족 제작 커피: 4세대의 전문 지식에서 영감을 받아 세계 최고의 커피콩을 소싱하고 완벽하게 로스팅하는 유산을 이어가고 있습니다.","당사의 과정은 차이를 만듭니다. 우리 가족이 거의 150년 전 쿠바의 커피 농장에서 배운 것처럼, 양질의 커피를 재배하는 데 가장 중요한 단계는 관리입니다. 그 단순한 아이디어는 Don Francisco's Coffee and Cafe La Llave를 오늘날과 다르게 만드는 이유입니다. 당사는 고품질 커피 소싱부터 매일 아침 샘플을 개인적으로 컵핑하는 것까지, 지속 가능성 강화에 대한 헌신에 이르기까지 각 과정에 참여하고 있습니다. 디테일에 세심한 주의를 기울여 최고 품질의 커피를 마실 수 있도록 합니다.","['커피', '맛', '포드', '지속', '가능하다', '가족', '메이커']"
식음료,음료,커피,,B01N4JBH3X,Real Good Coffee Company - 원두 커피 - 도넛 샵 미디엄 로스트 커피콩 - 0.9kg(2파운드) 백 - 100% 전체 아라비카 콩 - 집에서 갈아서 원하는 대로 추출,Real Good Coffee Company,38766,38766,4.4,4765.0,"미디엄 로스트 커피: Donut Shop 원두 커피는 클래식하고 달콤하고 부드러운 맛을 가지고 있어 모닝 커피로 완벽하며 하루 종일 마시기에 좋습니다 지속 가능한 미디엄 로스트 커피콩: 저희 커피는 중남미의 프리미엄 품질의 아라비카 커피 원두로 만들어집니다. 미국 시애틀에서 신선하게 구운 후 책임감 있게 재배, 공급 및 포장됩니다 시음 노트: 당사의 도넛 샵 커피는 흑설탕과 헤이즐넛의 맛을 특징으로 하며 약간의 달콤함을 위한 약간의 매실이 특징입니다 모든 커피 브루어와 함께 작동: 미디엄 로스트 원두 커피는 드립 머신, 에스프레소 메이커, 프렌치 프레스, 에어로프레스, 푸어 오버 및 모카 포트 등 모든 좋은 커피 머신에 적합합니다 Real Good Coffee Co: 시애틀에서 30년 이상의 커피 소싱 및 공예 로스팅 경험을 바탕으로, 저희는 커피, 진짜 좋은 커피를 만듭니다",,"['커피', '원두', '미디엄', '로스트', '머신', '맛', '샵', '라비', '카페', '커피콩']"
식음료,음료,커피,,B09WJ627V8,"Peet's Coffee, Keurig Brewers용 다크 로스트 K-Cup 포드 - 프렌치 로스트 88개 (K-컵 포드 22개 4박스)",Peet's Coffee,82989,82989,4.7,488.0,"Peet's 프렌치 로스트 다크 로스트 커피 큐리그 K-Cup 포드 22개 박스 4개 포함 (총 88개의 K-Cup 포드) - 100% 아라비카 커피 맛과 로스트: 다크 로스트. 초콜릿 트러플, 스모크, 캐러멜. 프렌치 로스트의 풍부한 커피 특성은 짧고 강렬한 로스트에서 비롯되며 모든 원두가 다룰 수 있는 것은 아니며 Peet's는 완벽하게 만들었습니다 양조 방법: Peet's 1인용 K-Cup 포드는 모든 Keurig K-Cup Brewers와 호환됩니다 재활용 가능: Peet's K-Cup 포드는 완전히 재활용 가능합니다 - 껍질을 벗기거나 퇴비로 만들거나 찌꺼기를 처리하고 재활용하세요. 모든 커뮤니티에서 재활용이 아닌 현지에서 확인하세요. 영향을 주는 소싱: 구매하는 커피는 사람과 지구의 복지에 영향을 줄 수 있습니다. Peet's는 커피가 재배되는 지역 사회에 긍정적인 영향을 미치는 데 적극적으로 참여하고 있습니다.","Peet's 프렌치 로스트 다크 로스트 커피의 시그니처 맛과 풍부한 커피 특성은 모든 원두가 다룰 수 있는 것은 아니지만 더 길고 뜨거운 로스트에서 나옵니다. 가장 어두운 로스트를 위해 라틴 아메리카 주요 재배 지역에서 가장 높은 고도에서 최고 품질의 아라비카 커피만을 선택합니다. 콩은 이 고도에서 천천히 숙성되어 밀도가 높아지고 단단해지며 풍미가 가득하여 깊은 로스트의 강렬한 열 속에서 대담함과 복잡성을 유지하는 데 적합합니다. Peet의 프렌치 로스트는 신중한 사람들을 위한 커피가 아니라 강력한 맛, 뚜렷한 스모키 오버톤, 기분 좋은 물기를 포용하는 사람들을 위한 것입니다. 이 어둡고 깊은 맛의 블렌드는 크림과 설탕과 잘 어울리며 20년 이상 Peet의 로스터인 John ""Nic"" Nicolini의 반응에 영감을 줍니다. ""평상시에는 오전 7시 이전에 50개의 커피를 마십니다. 하지만 저는 항상 프랑스어로 돌아옵니다. 스모키 향을 흡입하면 미묘한 달콤함이 튀어 나와 미뢰를 깨웁니다. 본능적입니다.""","['로스트', '커피', '포드', '프렌치', '재활용', '맛', '다크', '영향']"
식음료,음료,커피,,B08DBT9YC7,"McCafe 프리미엄 로스트 디카페인 커피, 1인용 큐리그 K컵 포드, 디카페인 함유, 96개(24개 4팩)",McCafe,54001,54001,4.7,18842.0,"맛: McCafé의 맛있고 친숙한 맛을 집에서 편안하게 만드십시오. 이 미디엄 로스트 블렌드는 풍부한 향, 매끄러운 바디 및 깔끔한 마감으로 만족합니다. 로스트: 100% 아라비카 원두로 만든 미디엄 로스트 디카페인 커피와 인증된 정교회 연합 코셔 (U) 재활용성: McCafé 재활용 가능한 K-Cup 포드를 소개합니다. 재활용 가능한 소재로 만든 동일한 훌륭한 맛. 모든 커뮤니티에서 재활용이 아닌 현지에서 확인하세요 지속 가능성: 당사는 100% 책임감 있게 공급된 커피를 사용하여 건강한 지구를 지원하고 농업 공동체의 삶의 질을 향상시킵니다 품질: 프리미엄 아라비카 원두로 시작한 다음 온도 조절 환경에서 전문적으로 로스팅하여 매번 최고의 맛을 냅니다. 호환성: 정품 K-Cup 포드가 포함되어 있으며, 모든 Keurig K-Cup 커피 메이커와의 호환성을 보장하고 품질을 보장하도록 설계되었습니다","카페인 없이 McCafé 프리미엄 로스트의 편안하고 친숙한 맛을 맛보고 놀랍도록 좋은 방법으로 하루를 시작하세요. 이 미디엄 로스트 커피 블렌드는 풍부한 아로마, 매끄러운 바디 및 깔끔한 마감으로 만족합니다. 당사는 세계 최고의 커피 재배 지역의 풍부한 토양과 산악 지역에서 신중하게 수확한 100% 프리미엄 아라비카 커피콩으로 시작합니다. 그런 다음 온도 조절 환경에서 전문적으로 로스팅하여 매번 모든 컵에서 최고의 맛을 선사합니다. 좋은 결과를 유지하기 위해 저희는 100% 책임감 있게 공급된 커피만을 사용합니다. 즉, 농업 공동체를 위해 더 건강한 지구와 삶의 질 향상을 지원합니다. McCafe K-Cup 포드는 재활용 가능한 소재로 만들어졌을 뿐만 아니라 재활용도 가능합니다. * 갓 내린 맛을 즐기세요. 작업이 끝나면 벗겨내기만 하면 됩니다. 비어 있습니다. 재활용. 이 패키지의 각 K-Cup 포드에는 100% 아라비카 원두의 미디엄 로스트, 디카페인 그라운드 커피가 포함되어 있습니다. 정교회 연합 코셔 (U) 인증을 받았습니다. 이 제품을 구매하면 정품 1인용 커피 K-Cup 포드를 받으실 수 있습니다. 품질을 위해 설계되었으며 모든 Keurig K-Cup 커피 메이커와 호환됩니다. 단순함. 맛있습니다. 한 잔으로 잘 끓입니다. *모든 커뮤니티에서 재활용이 아닌 현지에서 확인하세요.","['커피', '재활용', '로스트', '포드', '맛', '미디엄', '디카페인', '라비', '가능하다', '카페']"
식음료,음료,커피,,B07BL58L14,Bizzy 유기농 콜드 브루 커피 | 매끄럽고 달콤한 블렌드 | 거친 그라운드 커피 | 마이크로 체형 | 특수 등급 | 100% 아라비카 | 0.5kg(1파운드),Bizzy,20747,20747,4.6,14817.0,"콜드 브루에 최적화된 거친 그라운드 커피 콜드 브루를 위해 마이크로 체로 쳐지고 제작되었습니다 콜드 브루를 원하는 방식으로 추출하세요 USDA 유기농 및 코셔 인증 중남미산 100% 유기농 아라비카 커피 달콤함, 캐러멜, 헤이즐넛 향이 나는 미디엄 로스트.",,"['콜드', '커피', '브루', '유기농', '달콤하다', '라비', '라운드', '카페', '마이크로', '로스트']"
식음료,음료,커피,,B0B2KTDSGH,"Cafe La Llave 원두 946.4ml(32온스) 에스프레소 커피, 커피 메이커용, (2팩)",Cafe La Llave,45608,45608,4.7,6301.0,"풍부하고 대담한 맛: Café La Llave 원두 에스프레소는 강렬하고 향긋하고 강력한 맛을 제공하여 강하고 풍성한 에스프레소 경험을 즐기는 사람들에게 적합합니다. 쿠바 스타일 에스프레소: 쿠바 스타일의 에스프레소로 전통의 맛을 즐기세요. 쿠바 커피 문화의 본질을 포착하는 풍부하고 독특한 맛을 제공합니다. 편리한 포장: 각 가방에는 신선함을 보존하고 커피를 즐길 준비가 될 때까지 풍부한 향과 풍미를 유지하는 단방향 밸브가 있습니다. 다양한 브루잉 옵션: 클래식 에스프레소 머신, 모카포트 또는 드립 커피 메이커를 선호하든, Café La Llave 원두 에스프레소는 다용도로 사용할 수 있으며 다양한 브루잉 방법과 호환됩니다. 지속 가능한 공급: 당사는 지속 가능한 커피의 장기적인 공급을 촉진하기 위해 최선을 다하고 있습니다. 당사는 커피 농업 커뮤니티 및 파트너와 협력하여 지속 가능하게 재배되고 윤리적으로 거래되는 커피를 조달합니다.","다크 로스팅과 강렬한 향기로운 Café La Llave는 풍부하고 강한 라틴 스타일 에스프레소를 즐기는 에스프레소 애호가들 사이에서 가장 좋아하는 제품입니다. 모든 컵에서 143년 이상의 커피 전통으로 제작된 이 원두 커피 백은 신선함을 보존하는 단방향 밸브가 특징이며, 열고, 갈아서 추출하기만 하면 됩니다. 스토브 탑, 드립 커피 메이커 및 에스프레소 머신과 함께 사용하여 좋아하는 카페시토 또는 코르타디토를 만들 수 있습니다.","['커피', '에스프레소', '원두', '풍부하다', '맛', '지속', '쿠바', '메이커', '가능하다', '스타일']"
식음료,음료,커피,,B09365D2VV,"Starbucks 원두 커피, 다크 로스트 커피, 에스프레소 로스트, 100% 아라비카, 6봉지(각 532.3ml(18온스)",Starbucks,96880,96880,4.7,7893.0,"프리미엄 원두 커피 - Starbucks 에스프레소 로스트 다크 로스트 원두 커피 532.3ml(18온스) 백으로 탁월한 커피 한 잔을 제공합니다. 총 6봉지 STARBUCKS 에스프레소 로스트 커피 - 클래식한 에스프레소 음료를 만들기에 완벽한 풍부한 당밀과 캐러멜 향이 나는 클래식하고 오랜 역사를 자랑하는 다크 로스트입니다 신선한 맛 - Starbucks 는 최고 품질 표준을 준수합니다. 카페에서 추출한 것과 동일한 신중하게 로스팅된 100% 아라비카 커피 원두를 배송합니다 나만의 제품 만들기 - Starbucks 원두 커피는 분쇄하여 드립 브루어, 커피 프레스, 푸어 오버 및 모카 포트를 포함한 다양한 브루잉 방법에 사용할 수 있습니다 윤리적 공급—Starbucks Conservation International과 협력하여 100% 윤리적인 커피 공급에 전념하고 있습니다",1975년에 처음 만들어진 이 다중 지역 블렌드는 여전히 전 세계 Starbucks 매장에서 수제 에스프레소 음료의 기초 역할을 합니다. 콩과 로스트가 완벽하게 혼합되면 풍부한 당밀과 대담하고 캐러멜리의 달콤함이 드러납니다. 놀라운 맛은 변하지 않았습니다. 그 자체로 맛있거나 우유와 균형을 이룹니다. Nestlé는 라이선스 하에 Starbucks 상표를 사용합니다,"['커피', '로스트', '에스프레소', '원두', '다크', '공급', '음료', '맛', '만들기', '라비']"
식음료,음료,커피,,B0BX4QXYV8,DEATH WISH COFFEE - 바닐라 그라운드 커피 (414ml(14온스),Death Wish Coffee,25193,25193,4.6,51315.0,바닐라 맛 커피: 중간 로스팅되고 인공 성분이 없는 균형 잡힌 풍부한 바닐라로 차가운 마음을 따뜻하게 하세요. 풍부하고 볼드: 아라비카와 로부스타 원두를 블렌딩한 바닐라와 완벽하게 짝을 이루어 대담하고 부드러운 맛을 선사하며 고독하게 마실 수 있는 은은하고 달콤한 마감을 제공합니다. 호환성 + 편리함: 대부분의 기계와 호환되는 1인용 바닐라 포드는 아침을 쉽게 만들고 커피 브레이크는 따뜻하고 풍부한 바닐라로 가득 차 있습니다. 인공 성분 없음: Death Wish Coffee 바닐라 커피는 인공 성분이 없어 마시는 커피에 대해 기분 좋게 느낄 수 있습니다. 뜨겁거나 차가운 커피를 내리세요: 이 바닐라 맛 커피는 뜨겁거나 얼음 위에 강한 타자입니다. 컵을 크림과 설탕에 익사시켜 완전한 죽음의 경험을 즐겨보세요.,,"['바닐라', '커피', '성분', '풍부하다', '맛', '인공', '뜨겁다', '차갑다', '따뜻하다']"
식음료,음료,커피,,B00IT6A4HG,"Jacobs Kronung 그라운드 커피 500g, 49.9g(1.75온스) (6팩)",Jacobs,62241,62241,4.7,3166.0,"뱃속에 쉽게 닿는 풀 바디 맛 세계 최고의 커피 원두에서 직접 엄선한 독일에서 가장 인기 있는 커피를 즐기세요 Jacobs 크로룽, 499g(17.6온스) 그라운드 커피",,"['커피', '라운드', '풀', '크로룽', '최고', '직접', '인기', '원두', '엄선', '세계']"
식음료,음료,커피,,B00XSFMVF6,"Victor Allen 커피 프렌치 바닐라 블렌드, 향이 있는 미디엄 로스트, 80개의 1인용 커피 팟, Keurig K-컵 브루어용",Victor Allen's Coffee,44029,44029,4.5,18174.0,"개수: 80개의 1인용 K-cup 커피 팟 포함 로스팅: 풍부하고 달콤한 프렌치 바닐라 맛의 로스트 커피. 맛 정보: 맛있고 풍미 가득하며 달콤한 프렌치 바닐라 로스팅 커피. 100% 글루텐 프리 및 GMO 프리로 당사의 커피 제품에는 글루텐이나 유전자 변형 성분이 포함되어 있지 않습니다. 브랜드 스토리: 1979년부터 Victor Allen은 완벽하게 갓 볶은 양질의 제품을 선사하는 것을 자랑스럽게 생각합니다. 당사는 전 세계의 산지의 100% 아라비카 원두를 공급하며 최고의 커피를 보장하기 위해 정밀 로스팅 기술을 사용합니다. 선택: Victor Allen은 일상의 가벼운 로스팅, 중간 단계 로스팅, 진한 로스팅부터 계절별 맛, 봉투 포장, 1인용, 바로 마실 수 있는 형태로 다양한 선택지를 제공합니다. 호환성: Keurig 2.0을 포함한 모든 1인용 브루잉 시스템에 사용할 수 있습니다. Keurig K-Cup 브루어용 1인용 커피 팟. Keurig는 KEURIG GREEN MOUNTAIN, INC의 등록 상표입니다. K-Cups는 KEURIG GREEN MOUNTAIN, INC의 등록 상표입니다.","35년 이상 훌륭한 커피에 대한 열정... 밝음. 매끄러움. 풍부함. 훌륭한 커피는 열정, 최고의 원두, 자부심으로 시작됩니다. 당사는 세계 모든 산지에서 가장 좋은 100% 아라비카 원두를 찾아냅니다. 당사의 로스트마스터는 한 번에 하나씩 조심스럽게 독특한 맛을 내게 해줍니다. 이것이 바로 1979년부터 갓 볶은 고품질의 제품을 선사하는 것에 자부심을 느끼는 이유입니다. Victor Allen의 커피를 즐기세요... 모든 컵. 모든 원두. 가능하면 언제든지. *K-Cup 및 Keurig 2.0은 Keurig Green Mountain의 등록 상표입니다.","['커피', '로스팅', '인용', '원두', '맛', '팟', '바닐라', '로스트', '등록', '프렌치']"
식음료,음료,커피,,B0B8DYLR3Z,"Death Wish Coffee Co. 원두 에스프레소 로스트 - 엑스트라 킥 오브 카페인 - 유기농, 공정 무역, 아라비카 및 로부스타 커피콩, 414ml(14온스) (1팩)",Death Wish Coffee,24209,24209,4.6,20270.0,"세계에서 가장 강한 커피: Death Wish Coffee 에스프레소 로스트는 풍부한 커피 한 잔과 에스프레소 기반 음료를 위해 만들어져 두개골에서 벗어나 매일 갈 수 있습니다. 나만의 바리스타가 되세요: 에스프레소 로스트 원두 커피는 모든 커피 브루어를 위해 분쇄되도록 만들어졌으며 에스프레소와 같은 질감과 깊이를 가지고 있어 매번 풍부하고 강렬하며 부드러운 브루를 만듭니다. 로스트 쉐이드: 에스프레소 로스트 원두 커피는 캐러멜화된 설탕, 코코아 및 체리 향이 있는 다크 로스트 블렌드입니다. 프리미엄 커피 원두: 세계 최고 품질의 원두에서 공급됩니다. 아라비카와 로부스타 원두는 대담하고 결코 쓰지 않는 완벽함을 위해 로스팅됩니다. 공정 무역 인증: 각 396.9g(14온스) 백은 인도, 페루 및 수마트라에서 공급되는 최고 품질의 공정 무역 인증 콩으로 포장됩니다. 공정 무역 USA 공정 무역 인증.",,"['커피', '에스프레소', '원두', '로스트', '공정', '무역', '인증', '공급', '세계', '풍부하다']"
식음료,음료,커피,,B0015IS0R6,"Copper Moon 과테말라 커피, 라이트 로스트, 리치, 스무스, 마일드, 너트 마감, 원두, 2.26kg(5파운드)",Copper Moon,69236,69236,4.3,236.0,"여러분이 양조한 카페 품질의 커피: 당사의 과테말라 커피는 균형 잡힌 산도와 풍부하고 부드러운 입맛으로 전신을 보여줍니다. 약간의 향신료와 스모키 언더톤으로 맛있고 복잡한 맛을 자랑합니다. 프리미엄 커피 블렌드: 과테말라의 거친 산에서 재배된 커피는 탁월한 품질과 독특한 특성으로 커피 세계에서 유명합니다. 화산 토양의 높은 고도에서 재배하면 독특한 맛과 향이 발달합니다. COPPER MOON 커피 원두: Copper Moon 알레르기 유발 항원 프리, 코셔 인증 원두 커피는 한 번에 준비되며 집에서 분쇄하는 것을 선호하는 커피 애호가에게 적합합니다. 당사의 원두 커피는 맛을 더 오래 유지하며, 브루잉 직전에 집에서 갈아서 최대의 맛과 신선함을 경험할 수 있습니다. 지속 가능한 커피 공급: Copper Moon Coffee는 긍정적인 사회적, 경제적, 환경적 영향을 달성하기 위해 외향적으로 초점을 맞춘 전 세계적으로 지속 가능한 커피콩 소싱 프로그램을 만들었습니다. 당사는 환경에 대한 피해를 최소화하고 공정한 작업 대우를 지원하며 커피 재배 커뮤니티의 장기적인 건강과 생존 가능성을 보장하는 농장을 지원합니다. 당사는 가족과 농장의 웰빙을 향상시키기 위해 소규모 가족 소유 농장에서 가장 높은 고도, 낮은 고도, 유기농, 단일 원산지 커피 원두를 찾습니다. 저희의 목표는 여러분이 자랑스럽게 커피를 내리고 서빙하고 즐길 수 있는 가장 신선한 커피를 제공하는 것입니다. 지구상에서 수작업으로 제작: Copper Moon Coffee의 수제 공정은 5개 대륙과 17개국에서 공급되는 엄선된 프리미엄 특수 등급 커피 원두로 시작되며, 섬세한 소량 배치 로스팅 공정을 거쳐 저희가 제공하는 모든 커피에서 최고의 향과 맛을 선사합니다. 라이트 로스트, 미디엄 로스트 또는 다크 로스트를 즐기든, Copper Moon Coffee 한 잔을 마실 때마다 독특하고 즐거운 이벤트를 구현합니다.",Copper Moon 과테말라 커피는 풍부하고 순한 커피로 기분 좋고 견과류 맛이 납니다. 과테말라는 세계 최고의 커피를 생산합니다,"['커피', '원두', '맛', '과테말라', '로스트', '독특하다', '세계', '재배', '농장', '고도']"
식음료,음료,커피,,B002GWFA1Y,"Coffee Bean Direct 이탈리아 로스트 에스프레소, 원두 커피, 2.3kg(5파운드) 백",Coffee Bean Direct,68502,68502,4.4,1624.0,"이탈리안 로스트 에스프레소: 풍성한 풀 바디 고급 커피로 토스트하고 꿀 향이 특징입니다. 코코아와 스모키 당밀의 향과 다크 로스트 블렌드로 생생하고 강한 맛을 선사합니다 그라인드 중 하나: 브라질, 코스타리카, 수마트라, 케냐 등에서 커피를 공급하여 다음 컵에 가장 맛있는 원두를 찾습니다. 프렌치 프레스, AeroPress 또는 푸어 오버로 콜드 브루로 아이스를 시도해보세요 다양한 선택: 저희는 커피에 대한 열정을 가지고 있습니다. Single Origin, 디카페인, 블렌드 및 티 제품 라인을 사용해보십시오. 또한 라이트, 미디엄 및 다크 로스트도 살펴보세요 전문적으로 로스팅: 카페인을 듬뿍 넣는 것보다 더 많은 것을 기대하세요. 굵고 잘게 갈린 원두 옵션을 제공합니다. 라떼, 모카, 에스프레소 또는 드립에서 최고의 맛과 향을 즐기세요 Coffee Bean Direct: 로스팅 전문 지식, 현대적인 편리함, 공정한 가격에 대한 헌신으로 장인의 블렌드와 맛으로 상상할 수 있는 최고의 커피와 차를 제공할 수 있습니다","장인 이탈리안 로스트 커피 원두의 시그니처 블렌드는 호일 안감 밸브 백에 포장됩니다. 당사의 이탈리안 로스트 에스프레소는 다크 로스트이며 풍부한 풀 바디 커피를 만듭니다. 코코아 파우더와 스모키 당밀을 연상시키는 토스트하고 꿀 향과 맛 노트를 보여주는 이 다용도 고급 커피 원두는 에스프레소에 적합하지만 드립 커피 메이커, 푸어 오버, 프렌치 프레스, 퍼컬레이터 및 재사용 가능한 커피 포드에도 적합합니다.","['커피', '로스트', '원두', '에스프레소', '맛', '블렌드', '향', '이탈리안', '다크', '고급']"
식음료,음료,커피,,B07HCQ9D5N,Green Coffee Traders 원두 0.5kg(1파운드) 100% 자메이카 자메이카 블루 마운틴 로스트 커피,Green Coffee Traders,55386,55386,4.3,2107.0,100% 자메이카 블루 마운틴 - 혼합되지 않음 1학년 시티 로스트 (딥 브라운) 0.5kg(1파운드) - 원두 100% 만족 보장,"저희 커피 Green Coffee Traders 최고의 새로운 작물 자메이카 블루 마운틴 커피를 조달합니다. 25년의 경험을 가진 마스터 로스터는 세심한 관리와 일관성으로 공장에서 커피 원두를 손으로 로스팅합니다. 커피는 단방향 탈기 밸브와 정품 씰이 포함된 업계 최고의 포장으로 포장됩니다. 저희 커피의 품질을 즐기실 수 있습니다! 만족을 보장합니다. 자메이카의 블루 마운틴은 커피를 재배하기에 이상적인 조건을 제공합니다. 장엄한 열대 우림 아래의 보호된 장소에 위치한 소규모 농장은 세심한 주의를 기울여 손으로 고른 세계 최고의 커피콩을 생산합니다. 우리의 이야기 1993년에 설립된 당사는 전 세계에서 가장 좋은 그린 커피를 소싱하여 북미 고객에게 제공하는 것을 전문으로 합니다. 저희는 세계 최고의 커피만을 공급하고 있습니다! 엄격한 전문 아라비카, 유기농 및 공정 무역 유기농 그린 커피. 저희 커피는 미국과 캐나다에 보관되어 있으며, 북미 전역의 최고급 부티크 로스터에 최고급 레어 커피를 제공합니다.","['커피', '자메이카', '마운틴', '블루', '최고', '원두', '세계', '보장', '전문', '유기농']"
식음료,음료,커피,,B00UGB652A,Subtle Earth 유기농 커피 - 라이트 로스트 - 원두 커피 - 100% 아라비카 콩 - 낮은 산도 및 GMO 프리 - 0.9kg(2파운드) 백,Cafe Don Pablo,45691,45691,4.6,5667.0,"원산지 - Subtle Earth 유기농 커피는 온두라스에서 공급되는 원두를 특징으로 하며 깔끔한 마감과 낮은 산도로 가득 찬 깊고 풍부한 초콜릿 맛을 제공합니다. 아로마 노트 - 이 원두 커피 블렌드는 꿀, 캐러멜, 코코아 향이 나는 부드러운 밀크 초콜릿의 맛을 냅니다. 당사의 커피는 가볍게 로스팅되고 일관되고 매끄럽고 밝으며 순한 마무리와 달콤하고 기분 좋은 뒷맛으로 마시기 쉽습니다. 전문적인 로스팅 - 저희는 최고의 맛과 최적의 신선함을 보장하기 위해 배송 직전에 커피 원두를 소량으로 로스팅합니다. 품질 (및 책임) - 당사의 라이트 로스트 빈은 ""스페셜티"" 등급을 받았으며 일관된 품질을 위해 전문적으로 로스팅됩니다. 저희 커피는 윤리적으로 공급되며 USDA 유기농 인증을 받았습니다. 케토 및 비건 친화적이며 글루텐 및 견과류 프리. 환불 가능 - Don Pablo 위험 부담 없이 사용해보세요: 지금 구매하시고 저희 커피가 마음에 들지 않으시면 아마존을 통해 직접 문의하시면 기꺼이 환불해 드리겠습니다.",,"['커피', '로스팅', '원두', '유기농', '맛', '라이트', '전문', '로스트', '초콜릿', '낮다']"
식음료,음료,커피,,B09851MSC3,Kauai Coffee 코코넛 캐러멜 크런치 미디엄 로스트 - 큐리그 포드 K-Cup 브루어와 호환 (1인용 컵 24개 1팩),Kauai Coffee,32949,32949,4.5,28521.0,코코넛 캐러멜 크런치 미디엄 로스트 - 열대 코코넛과 스위트 캐러멜의 독특한 조합을 맛보세요 20% 하와이안 오리진 커피 - 하와이안 커피로 파라다이스 한 잔을 한 번에 맛보세요 KEURIG 커피 메이커용 - 일반 하드 쉘 K-Cup 커피 포드보다 플라스틱이 35% 적습니다. 총 24개의 포드 아라비카 커피 - 미디엄 로스트 1인용 커피 캡슐 및 포드는 쓴맛이 없는 부드러운 맛을 가지고 있습니다 KAUAI COFFEE 회사 부동산 - 하와이에서 가장 큰 커피 부동산은 일년 내내 농장 투어와 커피 시음을 제공합니다,"이 독특한 혼합은 과수원이 풍부한 화산 토양으로 영양을 공급하고 신선한 산비로 샤워하며 밝은 태평양 태양에 키스하고 부드러운 무역풍에 의해 냉각되는 칼라헤오 부동산에서 시작됩니다. 당사의 커피 포드는 일반 하드 쉘 포드보다 플라스틱이 35% 적으며 Keurig 2.0을 포함한 모든 K-Cup 브루어와 호환됩니다. K-Cup 는 Keurig Green Mountain, Inc.의 등록 상표입니다. Kauai Coffee 필터 컵은 Keurig Green Mountain, Inc.와 관련이 없습니다.","['커피', '포드', '로스트', '부동산', '미디엄', '캐러멜', '코코넛', '하와이안', '브루어', '인용']"
식음료,음료,커피,,B007CM2IAY,Mount Hagen 100.1g(3.4온스) 유기농 동결 건조 인스턴트 커피 - 2팩 | 유기농 미디엄 로스트 아라비카 원두로 만든 친환경 커피 | 공정 무역 커피 인스턴트 [100.1g(3.4온스) 병 2개],Mount Hagen,33226,33226,4.7,1000.0,"맛이 나지 않는 인스턴트 커피: 커피 부스트가 필요하고 빠르게 필요할 때 Mount Hagen을 선택하세요. 당사의 고급 동결 건조 공정은 신선한 아라비카 원두의 진정한 커피 맛과 향을 유지하여 풍부하고 풍성한 맛의 놀랍도록 부드러운 커피를 만듭니다. 또한, 인스턴트 커피는 차가운 물이나 우유에 아름답게 녹아 인스턴트 아이스 커피를 만듭니다. 편리하고 저렴한 2팩: 값비싼 브루잉 장비나 커피 머신이 프라임 카운터 공간을 차지하는 것을 잊으세요. Mount Hagen의 멀티팩 컴팩트 100.1g(3.4온스) 유기농 커피 유리병으로 뜨거운 물만 있으면 되며 컴팩트한 100.1g(3.4온스) 유리병당 약 50잔의 맛있는 커피를 마실 수 있습니다. 그리고 가장 좋은 부분 - 청소가 필요하지 않습니다! 수상 경력에 빛나는 Mount Hagen 최고의 인스턴트 유기농 커피 목록에서 지속적으로 1위를 차지하여 많은 감정가가 가장 좋아하는 이동 중에도 즐겁게 활동합니다. (구글에서 확인하면 볼 수 있습니다!) 당사의 우수한 인스턴트 커피는 100% USDA 유기농, 공정 무역 아라비카 원두로 만들어집니다. Mount Hagen 커피는 글루텐 프리 및 OU 코셔 인증을 받았습니다. 공예의 마스터: 균형 잡힌 부드러운 인스턴트 커피 한 모금은 파푸아 뉴기니 하겐 산 주변의 울창한 산에서 역사의 맛입니다. 1986년부터 당사는 낮은 산도와 쓴맛 없이 자연적으로 순한 맛을 즐길 수 있도록 완벽한 브루를 만들어 왔습니다. MOUNT HAGEN: 유기농 공정 무역 커피 생산의 선구자인 당사는 맛이 좋을 뿐만 아니라 좋은 커피에 자부심을 느낍니다. 당사의 유기농 공정 무역 커피의 모든 과립은 근로자가 공정하고 존경받는 급여를 받고 있으며, 당사가 제공하는 인프라에서 번성하는 가족, 교육, 건강 및 희망의 힘을 얻는 지역 사회에 의해 심기, 재배, 수확, 가공 및 포장됩니다. 스크롤하여 지금 구매를 클릭하고 미래를 지원하세요.",,"['커피', '인스턴트', '유기농', '맛', '무역', '공정', '라비', '카페', '원두']"
식음료,음료,커피,,B000FUYCJ0,"Cafe Du Monde 치커리 커피, 425.2g(15온스) (2팩)",Cafe Du Monde,26287,26287,4.7,4605.0,치커리 커피 Cafe Du Monde 뉴올리언스 스타일 커피 그라운드 커피 캔 각 캔은 425.2g(15온스)이며 캔 2개가 포함되어 있습니다,"이 커피는 1년 내내 오리지널 프랑스 마켓 커피 스탠드인 Cafe Du Monde에서 제공되는 ""독점적인"" '커피 & 치커리' 블렌드로 확인되었습니다. 이 인기 있는 뉴올리언스 랜드마크는 1860년대 초부터 프랑스 시장에 위치해 있습니다.","['커피', '커리', '캔', '프랑스', '뉴올리언스', '블렌드', '독점', '라운드', '랜드마크', '마켓']"
식음료,음료,커피,,B0763TVMM4,"Mayorga 인텐스 다크 로스트 커피, 0.9kg(2파운드) 백 - Muy Macho Blend, 세계에서 가장 강력한 유기농 커피 - 100% 아라비카 홀 커피콩 - 대담한 맛 - 특수 등급, GMO 프리, 직접 거래",Mayorga,35996,35996,4.5,1642.0,"MAYORGA 커피 무이 마초 로스트 - Muy Macho Loast는 페루와 온두라스의 커피를 ""낮고 느리게"" 로스팅하여 깊고 어둡고 독특한 맛을 선사합니다. Mayorga 달콤한 초콜릿 마감으로 이 부드러운 다크 로스트 커피를 완성했습니다. 대담한 커피 애호가를 위한 완벽한 옵션으로 컬트 같은 추종자를 얻었습니다. 이 커피를 한 모금만 마시면 상단 로프에서 날아다니는 킥을 던질 준비가 됩니다. 100% 아라비카 홀빈 커피 - Muy Macho와 함께 반지에 들어가 라틴 아메리카에서 온 소규모 농부들이 제공하는 최고의 유기농 커피 콩 블렌드의 신선함을 즐기세요. 당사의 원두 커피는 가장 부드럽고 신선하며 맛있는 커피 경험을 위해 집에서 분쇄하는 것을 선호하는 커피 애호가에게 적합합니다. 시그니처 슬로우 로스팅 과정 - Mayorga 코피는 특수 등급, 100% 아라비카, 그늘에서 자란 커피로, 미국에서 로스팅 및 포장됩니다. 당사의 시그니처 라틴 슬로우 로스팅 공정을 사용하여 커피를 소량으로 로스팅하여 각 시그니처 로스트에 독특한 맛을 부여하고 최고 품질을 보장합니다. 유기농 인증 및 지속 가능한 공급 - 당사는 고객이 깨끗하고 순수한 음식을 섭취할 자격이 있다고 믿습니다. 당사의 인증된 유기농 제품은 환경, 고객 및 농부들에게 친절합니다. 이러한 사고 방식은 당사가 사업을 운영하는 방식과 우리가 내리는 결정의 모든 측면에 스며듭니다. 지속 가능한 운영은 마케팅 개념이 아닙니다. 이는 우리가 매일 내려야 하는 양심적인 결정입니다. MAYORGA 커피 - ¡HECHO CON ORGULLO LATINO! Mayorga 는 라틴 아메리카의 생산자 지원에 중점을 둔 라틴계 소유 회사입니다. 저희 제품의 품질은 타의 추종을 불허합니다. 1997년부터 당사는 농부와 거래하는 것이 아니라 협력함으로써 업계 리더로서의 명성을 쌓았습니다. 당사는 라틴 아메리카뿐만 아니라 모든 시설에서 모든 수준의 지속 가능성에 투자하고 있습니다.",,"['커피', '로스팅', '라틴', '로스트', '유기농', '지속', '카페', '아메리카', '맛', '농부']"
식음료,음료,커피,,B005GV9RZC,Maxim 그라운드 오리지널 한국 커피 - 100팩,Maxim,33558,32879,4.7,2096.0,"처터 커피를 만드는 번거로움과 번거로움 없이 아로마 커피 한 잔을 즉시 즐기세요 각 개별 커피 스틱은 동결 건조 커피, 리치 크리머 및 설탕의 완벽한 비율로 채워져 있습니다 하루를 시작할 수 있는 멋진 커피 한 잔만 마시면 됩니다! 커피 (Maxim 오리지널), 설탕, 비유제품 크리머 (옥수수 시럽, 수소화 식물성 오일, 카세인, 인산 디칼륨, 인산 삼칼슘)","Maxim 오리지널 커피풍부한 맛과 탁월한 품질의 완벽한 균형을 좋아하는 사람들을 위해 제작된 프리미엄 블렌드인 Maxim 오리지널 커피로 커피 경험을 향상시키세요. 최고급 커피 원두에서 공급되고 전문적으로 로스팅된 Maxim 오리지널 커피는 매번 대담하고 향기로운 컵을 제공합니다. 주요 특징: 풍부하고 견고한 맛: Maxim 오리지널 커피의 깊고 견고한 맛에 빠져보세요. 엄선된 커피 원두는 커피 애호가들이 맛볼 수 있는 만족스럽고 풍성한 맛을 보장합니다. 고품질 원두: Maxim 오리지널을 만들기 위해 최고 품질의 커피콩만을 사용하는 것에 자부심을 느낍니다. 그 결과 가장 안목 있는 커피 감정가들의 기준을 충족하는 탁월한 커피 경험을 제공합니다. 전문적으로 로스팅: 당사의 커피 원두는 전문적으로 완벽하게 로스팅되어 풍부하고 복잡한 맛을 발휘하여 Maxim 오리지널을 프리미엄 커피 경험을 원하는 사람들에게 탁월한 선택입니다. 편리한 포장: Maxim 오리지널 커피는 편리한 포장으로 제공되어 언제든지 갓 추출한 컵을 쉽게 즐길 수 있습니다. 집에서나 사무실에서든 품질을 저하시키지 않으면서 편리함을 즐기세요. 다용도 브루잉 옵션: 원하는 방식으로 오리지널 커피를 즐기세요. 블랙, 크림 또는 좋아하는 커피 기반 레시피의 일부로 선호하든, 이 블렌드의 다재다능한 특성은 모든 선호도를 충족시킵니다. 매일 아침을 꼭 맞는 오리지널 커피로 즐거운 경험으로 만드세요. 지금 이 프리미엄 커피 블렌드를 장바구니에 추가하고 최고의 품질의 커피의 특별한 맛을 느껴보세요.","['커피', '맛', '원두', '경험', '완벽하다', '전문', '탁월하다', '로스팅', '편리하다', '블렌드']"
식음료,음료,커피,,B00KF4WFKO,"Eight O'Clock Coffee 다크 이탈리안 로스트 1인용 큐리그 K-컵 포드, 미디엄 로스트 커피 포드, 96개",Eight O'Clock Coffee,67851,67851,4.7,23914.0,대담한 초콜릿과 풀 바디 다크 로스트 카페인 함유 정교회 연합 코셔 재활용 가능* K-컵 포드: 심플. 맛있습니다. 재활용 가능. 여러분이 알고 사랑하는 것과 동일한 훌륭한 맛의 커피를 즐기세요. 다 끝나면 껍질을 벗기고 비우고 재활용하기만 하면 됩니다. *모든 커뮤니티에서 재활용이 아닌 현지에서 확인하세요. 포장은 다를 수 있습니다.,이탈리아는 세계 최고의 커피를 생산하는 것으로 유명합니다. Eight O'Clock Coffee 다크 이탈리안 로스트는 단일 K-Cup 포드로 이탈리아의 모든 맛을 선사합니다. 이 어두운 수제 블렌드는 대담하게 살 수 있습니다. 에스프레소 및 카푸치노 애호가에게 이상적입니다. 100% 아라비카 커피로 제작되었습니다. Orthodox Union Kosher. 모든 Keurig K-Cup 포드 1인용 커피 메이커와 호환됩니다. 버튼 한 번만 누르면 맛있고 신선한 커피를 즐기세요. Eight O'Clock Coffee 다크 이탈리안 로스트는 언제 어디서나 이탈리아의 맛을 경험할 수 있습니다!,"['커피', '포드', '로스트', '재활용', '다크', '맛', '이탈리안', '이탈리아', '맛있다', '인용']"
식음료,음료,커피,,B07N931N8K,"Purity Coffee EASE 다크 로스트 저산성 유기농 커피 - USDA 인증 유기농 특수 등급 아라비카 원두 커피 - 곰팡이, 진균 독소 및 살충제에 대한 타사 테스트 - 355ml(12온스) 백",PURITY COFFEE,36010,36010,4.4,1318.0,"소화를 돕기 위해 다크 로스팅: 소화 건강을 염두에 두고 제작되었습니다. 높은 수준의 항산화 페놀 화합물과 저산성 커피를 위한 완벽한 균형. 약간 어두운 로스트는 건강과 웰빙을 위해 멜라노이딘을 증가시키고 더 어둡고 신선한 로스트 커피의 더 즐겁고 견고한 맛을 선사합니다. USDA 유기농 그린 커피콩: 당사의 인증된 유기농 커피콩은 재생 농장, 특수 등급, 열대우림 동맹, 스미소니언 버드 친화적, 데메테르 인증을 받았습니다. 모든 수확은 최적의 수준의 폴리페놀 및 기타 항산화 화합물에 대한 실험실 테스트를 거쳤으며 여러분이 좋아할 최고의 맛 프로필을 보장합니다. 무결점, 순수한 장점: 저희는 건강상의 이점을 극대화한다는 단일 목표로 커피를 생산합니다. 그렇기 때문에 Purity 표준은 농업, 소싱, 가공, 로스팅 및 포장과 같은 생산 체인의 모든 단계에서 건강에 끊임없이 초점을 맞춰 고고도 커피 원두의 모든 배치를 엄격하게 테스트하는 데 비용을 아끼지 않습니다. 신선도 중심 및 지속 가능성: 다크 로스트 퓨리티 커피를 받으면 구운 날만큼 신선한 맛이 납니다. 저희는 또한 가능한 한 많은 재사용 및 지속 가능한 소재를 사용합니다. 신선함을 유지하기 위해 커피 백을 질소로 씻어 내고 산소 수준을 1-2%까지 낮추어 커피가 썩지 않고 오일이 산화되는 것을 방지합니다. 웰빙을 위해 제작된 고항산화 유기농 커피: 당사는 커피 생산 과정의 모든 단계에서 웰빙 혜택을 극대화하는 데 전적으로 집중하고 있습니다. 그리고 프로세스의 모든 단계를 말할 때 우리는 그것을 의미합니다. Purity Coffee의 유기농 커피는 결함 없는 특수 등급으로, 전 세계에서 생산되는 커피의 1%에만 사용되는 원두의 표준입니다.",,"['커피', '유기농', '생산', '건강', '로스트', '웰빙', '맛', '항산화', '원두', '인증']"
식음료,음료,커피,,B07VZVFPXL,"Java House 콜드 브루 커피 온 탭, (300ml(128 액량 온스) 박스), 농축액 없음, 설탕 없음, 바로 마실 수 있는 액체 (콜롬비아 로스트)",Java House,38766,38766,4.2,3755.0,"바로 마실 수 있음: 농축액처럼 측정하거나 섞을 필요가 없습니다. 이 커피는 바로 사용할 수 있습니다 커피 온 탭: 냉장고에 넣고 따를 수 있도록 편리하게 상자에 포장되어 버튼을 눌러 즉시 콜드 브루 커피를 즐기세요 무설탕: 여과된 물과 100% 단일 원산지 아라비카 커피 원두로 무가당 순수 콜드 브루를 만들 수 있습니다 선반 안정성: 즐길 준비가 될 때까지 실온에서 보관하세요. 개봉 후 냉장 보관하십시오. 차갑거나 얼음 위에서 즐기는 것이 가장 좋습니다. 매끄러움: 100% 아라비카 커피 원두는 소량 로스팅하고 12시간 동안 차갑게 우려서 부드러운 커피를 완벽하게 만듭니다! 이것은 전형적인 쓴 콩 주스 한 잔이 아니며, 콜드 브루 커피 장인 정신의 부드러운 컵입니다",,"['커피', '콜드', '브루', '설탕', '원두', '탭', '농축액', '카페', '라비', '차갑다']"
식음료,음료,커피,,B088YPCVDV,"Natural Force - 벌크 유기농 클린 커피 클래식, 곰팡이 및 진균 독소 프리, 독소 및 순도에 대한 실험실 테스트, 낮은 산도, 놀라운 맛 및 아로마, 원두 미디엄 로스트, 2.3kg(5파운드)",Natural Force,166186,166186,4.3,1429.0,"2.3kg(5파운드) 패밀리 사이즈 유기농 미디엄 로스트 원두 클린 커피 - 모든 커피의 70%가 곰팡이 및 기타 독소로 오염되었습니다. 이러한 독소는 뇌 안개, 위장 자극 및 기타 심각한 건강 문제를 일으킬 수 있습니다. 이것이 바로 저희가 Natural Force Clean Coffee를 만든 이유로, 공급원부터 한 모금까지 독성이 없도록 의식적으로 제작된 최초의 커피입니다! 곰팡이, 진균독소, 글루텐 등에 대한 테스트 - Natural Force 2.3kg(5파운드) 패밀리 사이즈 클린 커피는 3차 실험실 테스트를 거쳐 곰팡이, 진균독소(오크라톡신 A, 아플라톡신), 아크릴아미드, 중금속, 글루텐 등의 존재에 대해 독립적으로 분석되었습니다. 숨길 것이 없기 때문에 테스트 결과를 자유롭게 공유합니다! 저산성 및 고항산화 물질 - Natural Force 클린 커피 패밀리 사이즈는 부드러운 저산성 커피로 민감한 위장에도 부드럽습니다. 컵용 컵, 저희 커피는 블루베리와 다크 초콜릿보다 더 많은 항산화 물질을 함유하고 있습니다! USDA 유기농, 케토, 팔레오 및 비건 인증 - 모든 Natural Force 클린 커피는 팔레오 파운데이션 및 비건 액션과 같은 최고의 조직에서 타사 인증을 받았습니다. 신뢰할 수 있는 영양 - Natural Force 고객의 건강과 행복을 소중히 여깁니다. 질문, 의견 또는 우려 사항이 있는 경우 아마존 계정에서 메시지를 보내주시면 세계적 수준의 고객 지원 팀이 이를 올바르게 해결하는 데 도움을 드릴 것입니다.",,"['커피', '독소', '클린', '테스트', '곰팡이', '패밀리', '유기농', '미디엄', '레오', '인증']"
식음료,음료,커피,,B08CZKMDNX,"Wandering Bear 스트레이트 블랙 유기농 콜드 브루 커피 온 탭, 3.8L(130액량 온스) - 매우 강하고 매끄러우며 무가당, 선반 안정성 및 바로 마실 수 있는 아이스 커피, 콜드 브루 커피, 콜드 커피",Wandering Bear,66466,66466,4.3,3826.0,"맛있고 부드러운 콜드 브루 커피: 버튼을 누르면 커피숍 품질의 콜드 브루 커피. 놀랍도록 매끄러움. 저희는 이것이 시장에서 가장 좋은 콜드 브루 커피라고 확신합니다. 모든 제품에 대해 100% 만족을 보장합니다. 연락하세요! 개봉 후 신선하게 유지: 당사의 포장은 콜드 브루에서 공기와 빛을 멀리하여 상자를 탭한 후 최대 30일 동안 콜드 브루를 신선하게 유지하도록 설계되었습니다. 유기농, 건강함, 깨끗한 라벨: 유기농 아라비카 커피 원두와 정수된 물만 있으면 됩니다. 무설탕, 유제품 프리, 불필요한 성분이나 첨가제 없음. Paleo, Whole30, Keto 및 트렌드에 맞는 라이프 스타일 준수(미래에 안티 커피 라이프 스타일이 없다면 누가 스스로 할 것입니까? 귀하가 아닙니다). 매우 강력함: 당사의 콜드 브루는 170g(6온스) 당 150mg의 카페인을 함유하고 있습니다. 바로 두 개의 에스프레소 샷이 있습니다. 그리고 3.8L(128온스) 상자에 약 21잔의 콜드 브루를 얻을 수 있습니다. 선반 안정성: 당사의 콜드 브루는 개봉 후까지 실온에서 보관할 수 있습니다. 즉, 대량 구매하여 보관할 수 있습니다. 놀라운 고객 서비스: 우리의 놀라운 인간 팀은 우리가 만드는 모든 것을 지지합니다. 문제나 질문이 있는 경우 이메일을 보내거나 웹사이트를 통해 연락해 주시면 100% 적절하게 해결해 드리겠습니다.",,"['콜드', '브루', '커피', '유기농']"
식음료,음료,커피,,B00M9ZO3EI,"Gloria Jean's Hazelnut Keurig 1인용 K-컵 포드, 미디엄 로스트 커피, 72개 (12개 6팩)",Gloria Jean's,65524,65524,4.7,4883.0,"헤이즐넛의 미묘한 맛의 프리미엄 커피 부드러운 로스트 맛과 여러분이 갈망하는 맛있는 맛의 이상적인 조화 미디엄 로스트, 카페인 커피 정교회 연합 코셔 Keurig K-Cup 포드 1인용 커피 메이커와 호환 가능 재활용 가능* K-컵 포드 소개: 심플. 맛있습니다. 이제 재활용 가능합니다. 여러분이 알고 사랑하는 것과 동일한 훌륭한 맛의 커피를 즐기세요. 다 끝나면 껍질을 벗기고 비우고 재활용하기만 하면 됩니다. *모든 커뮤니티에서 재활용이 아닌 현지에서 확인하세요. 포장은 다를 수 있습니다.","Gloria Jean's 커피는 맛을 유혹하는 뜨거운 음료와 상쾌한 냉각기를 지속적으로 도입하고 있습니다. 품질에 대한 Gloria Jean's 커피의 열정은 우리를 고급 맛의 커피, 품종 및 블렌드의 선두 주자로 만들었습니다. Gloria Jean's Coffees에서 커피는 저희의 열정입니다. 당사는 가장 차별화된 공급원에서만 아라비카 원두를 공들여 선택하며, 이들과 함께 세계 최고 품질의 커피를 제공하기 위해 최선을 다하고 있습니다. 콩에서 컵까지, 타협하지 않으므로 Gloria Jean's 커피를 구입할 수 있는 최고의 제품입니다. 헤이즐넛 맛이 나는 풍부한 미디엄 로스트. Gloria Jean이 3년 전에 첫 카페를 시작한 이래로 Gloria Jean's Coffees는 향이 나는 커피와 오직 맛 있는 커피만을 완벽하게 만들어 왔습니다. 부드러운 로스팅 맛과 원하는 맛있는 맛의 이상적인 조화를 제공합니다.","['커피', '맛', '로스트', '재활용', '맛있다', '컵', '미디엄', '포드']"
식음료,음료,커피,,B01GW3M6EQ,"High Brew 커피 더블 에스프레소 캔, 236.6ml(8 플루이드 온스), 12개 팩",High Brew Coffee,42117,38710,4.2,5800.0,"최고의 맛: 우리가 가장 좋아하는 콜드 브루로 커피 포워드 & 간단한 성분입니다. 여러분이 원하시는 우유 한 방울과 설탕의 촉감이 손바닥 크기의 캔에 완벽하게 들어 있습니다. 그랩 앤 고 커피: 캔에 담겨 언제 어디서나 마실 수 있는 완벽한 휴대형 커피인 High Brew로 매일 그라인드를 넘어서세요. 쓴 맛보다 더 나음: 콜드 브루잉은 전통적으로 추출한 커피보다 더 간단한 과정으로 부드럽고 쓰지 않으며 카페인보다 두 배 그리고 산이 훨씬 적은 커피를 만듭니다. 높은 기준: 당사의 100% 직거래 아라비카 원두는 냉간 추출되어 드립 커피, 에스프레소, 인스턴트 커피, K-컵, 캡슐 또는 포드보다 부드럽고 대담하며 자연적으로 달콤한 맛을 제공합니다. 선을 위한 힘: 당사는 최고 품질의 원천에서 직접 거래하는 커피콩을 구입하기로 결정했으며, 농부들이 환경에 미치는 영향을 줄이면서 수익성을 높일 수 있도록 돕습니다.",High brew는 편리하고 몸에 좋은 프리미엄 콜드 브루 커피로 맛있는 천연 에너지로 채워져 있습니다.,"['커피', '콜드', '캔', '간단하다', '에스프레소', '완벽하다', '브루', '부드럽다', '맛', '최고']"
식음료,음료,커피,,B0108SZCPG,"Community Coffee 카페 스페셜 디카프 커피 파드 72개, 미디엄-다크 로스팅, 큐리그 2.0 K-컵 커피머신과 호환, 12개 (6팩)",Community Coffee,64194,64194,4.6,24760.0,"미디엄 다크 로스트 블렌드: 이 커피콩은 햇볕에 자연적으로 건조되어 맛을 유지하고 더 달콤한 프로필을 강조합니다. 캐러멜과 코코아 노트가 특징입니다. 집에서 카페 품질의 맛을 선사합니다. 12개 (6개 팩). 커피 포드: 고품질 100% 아라비카 원두를 사용하여 완벽하게 로스팅하고 분쇄한 다음 Keurig 2.0 (K컵)과 호환되는 1인용 커피 포드에 포장하여 빠르고 쉽게 추출할 수 있습니다 커뮤니티는 모든 것입니다: 책임감 있게 공급되는 커피 원두를 사용하는 것부터 군인, 지역 학교 등을 지원하는 프로그램에 이르기까지, Community Coffee 는 파트너와 지역 사회에 가능한 모든 방법으로 환원합니다 마음에 드는 방식: 빠르게 추출할 수 있는 K-cup 호환 1인용 커피 포드가 있습니다. 재사용 가능한 포드의 경우, 동일한 훌륭한 Community Coffee 맛을 위해 원두 또는 분쇄 커피를 제공합니다 품질 보장: 당사의 모든 커피콩은 몸, 균형, 맛 및 아로마에 대한 엄격한 점수 시스템을 거칩니다. 그래야만 Community Coffee 이름을 가진 것으로 간주될 수 있습니다","Community Coffee Cafe Special 미디엄-다크 로스트 1인용 포드, 지속 가능, 12피스 (6팩)","['커피', '포드', '맛', '호환', '원두', '인용', '미디엄', '다크', '가능하다', '커피콩']"
식음료,음료,커피,,B004ZLAWF8,"Nespresso 캡슐 OriginalLine, Cosi, 마일드 로스트 에스프레소 커피, 50개 에스프레소 커피 포드, 브루스 38.3g(1.3온스)",Nespresso,60302,60302,4.8,3841.0,"마일드, 섬세하게 토스트: 컵 안에는 가볍게 구운 시리얼 노트에 섬세하고 균형 잡힌 과일 맛을 맛볼 수 있습니다. Cosi는 쓴맛, 로스팅함 및 바디감이 적습니다. 부드러운 시리얼과 가볍게 구운 노트가 미묘한 과일 노트로 향상되었습니다. 가벼운 로스트: 당사의 커피 로스터는 라틴 아메리카 및 동아프리카 커피에 가벼운 로스트와 거친 그라인드를 제공하여 이 에스프레소 커피 포드에서 모든 마음과 영혼이 빛을 발합니다. 강도 4. COSI 에스프레소 브루스 300ml(1.35액량 온스). OZ. : 이 Nespresso 오리지널 포드는 에스프레소 제품군의 일부로 전통적인 에스프레소 커피 음료를 39.9ml (1.4온스) 제공합니다. 우유와 함께 맛보기: 우유는 네스프레소, 코시 포드에서 부드럽고 달콤한 비스킷 노트를 이끌어 내고 부드러운 질감을 제공합니다. 이 커피를 우유와 함께 사용해보세요. 우유 거품을 추가하면 Cosi 카푸치노 또는 라떼 마키아토를 얻을 수 있습니다 - 미소와 함께 따뜻한 탐닉입니다. 지속 가능성 우선:; B Corporation 인증;Nespresso;는 검증된 사회 및 환경 성과의 최고 기준을 충족하며 비즈니스를 선의 힘으로 사용하여 글로벌 운동에 합류합니다. ;;Nespresso 알루미늄 캡슐은 완전히 재활용 가능하며 커피의 신선함을 보장합니다. 당사는 환경 보호에 대한 공동 헌신을 충족하기 위해 사용한 알루미늄 커피 포드를 재활용하는 다양한 옵션을 제공합니다. 기계 호환성: 네스프레소, 오리지널 포드는 Vertuo, 기계와 호환되지 않습니다.","동아프리카, 중미 및 남미 아라비카를 혼합하여 가볍게 구운 시리얼과 과일 향이 섬세하고 균형 잡힌 조화를 이룹니다.","['커피', '포드', '에스프레소', '가볍다', '우유', '노트', '로스트', '운', '시리얼', '부드럽다']"
식음료,음료,커피,,B07ZTD1N2H,"Nespresso 캡슐 오리지널라인, 마일드 로스트 블렌드 버라이어티 팩, 마일드 로스트 커피, 50개 커피 포드, 브루스 38.3g(1.3온스)",Nespresso,61189,61189,4.8,10929.0,"Nespresso OriginalLine 기계용 5가지 마일드 로스트 블렌드에 50캡슐이 포함되어 있습니다 Volluto, Capriccio, Cosi, Tokyo Vivalto & Vienna Linizio 블렌드가 포함되어 있으며 4에서 6까지의 강도 레벨이 있습니다 에스프레소용 38.3g(1.3온스), 룽고 스타일 커피 음료용 104.9g(3.5온스) 완전히 재활용 가능한 알루미늄 캡슐로 환경에 대한 약속을 충족시킵니다 VertuoLine이 아닌 Nespresso OriginalLine 기계에만 호환됩니다",내용물: VOLLUTO: 달콤하고 가벼운 커피 블렌드. 강도 4. 100% 아라비카 - 남미 콩 카프리시오: 풍부하고 독특한 커피 블렌드. 강도 5. 남아메리카의 아라비카 원두와 Robusta COSI의 융합: 부드럽고 섬세하게 구운 커피 블렌드. 강도 4. 100% 아라비카 - 코스타리카와 케냐 콩 도쿄 비발토 룽고: 에티오피아와 워시드 멕시코 아라비카의 조합이 아름답게 대조되어 섬세한 꽃과 과일 노트로 풍부한 맛을 선사합니다. 강도 6. VIENNA LINIZIO LUNGO: 둥글고 부드러운 커피 블렌드. 강도 4. 100% 아라비카 - 남미 콩.,"['블렌드', '커피', '라비', '카페', '콩', '로스트', '캡슐', '마일드', '섬세하다', '남미']"
식음료,음료,커피,,B0BFTB26CQ,"Javy Coffee 농축액 - 콜드 브루 커피, 인스턴트 아이스 커피, 콜드 브루 커피 및 핫 커피에 적합, 35회 분량 - 오리지널",Javy Coffee,34721,34721,4.4,26660.0,"프리미엄 아라비카 커피 - 당사의 커피 농축액은 전 세계 농장에서 윤리적이고 지속 가능한 방식으로 공급되는 100% 천연 아라비카 커피로 만들어집니다. 한 모금마다 쓴맛이나 산성 뒷맛 없이 갓 내린 얼음이나 뜨거운 커피를 경험할 수 있습니다. 한 모금마다 순수하고 매우 부드러운 커피의 맛을 즐기세요! 고품질 성분 - 기존 커피숍 음료의 맛있는 대안인 신중하게 제작된 커피 농축액으로 건강한 커피 경험을 즐기세요. 당사의 농축액은 설탕, 인공 첨가제, 필러 및 방부제가 없는 프리미엄 아라비카 콩, 정제수 및 천연 향료를 사용하여 추출됩니다. 맞춤형 맛 - 티스푼으로 80mg의 카페인의 힘을 경험하고 표준 커피 한 잔의 강도를 반영하면서 일관되고 즐거운 맛을 유지합니다. 5가지 맛있는 맛 중에서 선택하여 아이스 및 핫 변형 모두에서 즐기세요. Javy Coffee와 함께라면 가능성은 무한합니다. 콜드 브루부터 라떼, 카푸치노, 칵테일 등에 이르기까지. 창의력을 발휘하고 원하는 방식으로 커피 경험을 맞춤 설정하세요. 놀라운 가치 - 각 병에는 최대 35인분의 커피 농축액이 포함되어 있어 경쟁사보다 3배 더 많은 양을 제공합니다. Javy Coffee를 사용하면 컵당 $1 미만만 지출할 수 있습니다. 즉, 비용을 들이지 않고도 매일 프리미엄 스페셜티 커피를 즐길 수 있습니다! 놀라운 고객 서비스 - 100% 천연 커피 농축액을 즐기실 것이라고 확신합니다. 우려 사항이 있거나 문의 사항이 있는 경우 저희에게 연락해 주시면 문제를 신속하고 완벽하게 해결하여 매번 만족을 보장할 것을 약속드립니다.",,"['커피', '농축액', '경험', '맛', '천연', '카페', '브루', '콜드', '라비', '프리미엄']"
식음료,음료,커피,,B08L45MMQQ,"Four Sigmatic Adaptogen Coffee K-Cups | 유기농 미디엄 로스트 그라운드 커피 아쉬와간다, 엘류테로, 차가, 툴시 함유 | 공정 무역 | 면역 지원 및 스트레스 완화 | 케토 | 11.1g(0.39온스) (24팩)",Four Sigmatic,46619,46619,4.4,6594.0,"견과류 캐러멜 노트로 미디엄 추출 — 각 브루는 맛있는 미디엄 로스트, 맛있는 커피 한 잔을 만듭니다. 하지만 이 자바의 퇴폐성은 시작에 불과합니다. 이 커피 음료에는 믿을 수 없을 정도로 진정 효과가 있는 강장제 보충제 4개가 함유되어 놀랍도록 효과적인 스트레스에 도움이 되는 칵테일을 만듭니다. 아쉬와간다의 아유르베다 능력 — 우리 모두는 그 어느 때보다 스트레스를 받고 집중 상태를 유지하고 있습니다. 유기농 아슈와간다 추출물(인도 인삼)은 스트레스 감소, 적응성 이점, 과학적 연구에서 뒷받침된 주장으로 수세기 동안 전통 의학에서 사용되었습니다. 이 추출물을 유기농 엘레우테로 뿌리 추출물(시베리안 인삼), 홀리 바질 추출물(툴시)와 결합하여 마음을 진정시키고 바디 밸런싱하며 맛있는 미디엄 로스트 커피를 만듭니다. 나아진 정말로 진정한 광택 — 각 컵에는 250mg의 자연산 유기농 차가버섯이 들어있습니다. ""버섯의 왕""으로 알려진 차가는 놀라운 면역 지원 효과로 타이틀을 얻었습니다. 차가에는 항산화 물질이 절대적으로 함유되어 있습니다. 사실, 지구 전체에서 가장 항산화 성분이 풍부한 식품 중 하나입니다. 카페인의 절반으로 줄이세요, 더 좋아집니다 — 페루의 디카페인 커피와 온두라스의 풀 스트렝스 커피를 결합하여 더 낮은 카페인 블렌드를 만듭니다. 둘 다 해수면 1,189~1,798m(3,900~5,900피트) 위에 위치한 유기농 공정 무역 협동 조합에서 왔습니다. 이 특수 등급의 단일 원산지 커피콩은 부드러운 미디엄 로스트, 저산성 커피를 추출합니다. 당사는 재활용 가능한 KCup 포드에 모든 맛을 담았습니다. Keurig 1.0 및 Keurig 2.0과 호환됩니다. 과학적으로 말하면 이 커피는 매우 마법적입니다. 강장제와 기능성 버섯은 수세기 동안 생산성을 개선하고 스트레스를 줄이고 면역을 개선하기 위해 전 세계에서 사용되었습니다. 안타깝게도, 버섯 보충제 시장의 대부분은 버섯이 아니라 균사체(기본적으로 뿌리 시스템) 입니다. Four Sigmatic은 일상 생활에 최고의 자연만을 제공하기 때문에 균사체보다 15배 더 많은 활성 성분을 함유한 버섯의 과일 바디를 사용합니다.",,"['커피', '버섯', '추출', '스트레스', '유기농', '미디엄', '차갑다', '로스트', '함유', '맛있다']"
식음료,음료,커피,,B00345EX0G,"Yaucono 그라운드 커피 백, 396.9g(14온스) (6팩)",Yaucono,76161,76161,4.8,3264.0,"Yaucono 그라운드 커피 396.9g(14온스) 백 6개(총 2.4kg(84온스)) 시음 프로필: 프라임 커피와 혼합된 중간 맛의 로스트. 부드럽고 풍부하며 균형이 잘 잡혀 있습니다 손으로 고른 원두는 완벽하게 구워지고 초미세 분쇄로 가공되어 절묘한 맛을 제공합니다 수십 년 동안 대부분의 푸에르토리코 가정에서 최고의 커피 선택 Por el gustito yo lo se, Yaucono es el mejor cafe (한 가지 맛으로 알 수 있습니다. 최고의 커피는 Yaucono입니다)",,"['커피', '맛', '최고', '라운드', '백', '혼합', '선택', '가정', '개총', '균형']"
식음료,음료,커피,,B07X6NTZ1N,"Starbucks Coffee 홀리데이 블렌드 K 컵 포드, 827.8g(28온스), 72개",Starbucks,72006,69900,4.7,23185.0,달콤한 메이플 노트와 부드럽고 균형 잡힌 제품 K-cup 커피 포드 제품 패키지 무게: 1.429kg 제품 패키지 크기: 길이 18.542cm x 너비 25.4cm x 높이 30.48cm,오래 사용할 수 있습니다! 스타벅스의 홀리데이 블렌드는 부드럽고 균형 잡힌 미디엄 로스트와 단풍나무와 허브 노트로 계절에 기쁨을 선사합니다.,"['홀리데이', '포드', '패키지', '균형', '노트', '블렌드', '부드럽다', '로스트', '기쁨', '단풍나무']"
식음료,음료,커피,,B095F8GRL9,"Donut Café Keurig K Cup 커피머신용 1인용 커피 포드, 클래식 블렌드, 미디엄 로스트, 80개",Donut Café,35996,35996,4.3,2116.0,"여러분이 양조한 카페 품질의 커피: 클래식 블렌드는 전통적인 커피 맛을 제공하며 은은한 스모키 언더톤과 절제된 코코아를 제공합니다. 프리미엄 커피 블렌드: 당사는 지속 가능한 방식으로 공급되고 프리미엄 커피를 혼합하여 클래식하고 풍부하고 맛있는 맛을 제공하는 올 아메리칸 커피를 만듭니다. GMO 프리 및 글루텐 프리: Donut Café Coffee는 고품질, GMO 프리, 글루텐 프리, 알레르기 유발 항원 프리, 코셔 인증 성분으로 미국에서 만들어져 걱정 없는 커피 경험을 보장합니다. 당사의 커피는 지속 가능한 방식으로 공급됩니다. 큐리그 커피 메이커와 호환 가능: Keurig 머신과 호환되는 K-Cups를 사용하여 편리하고 맛있는 1인용 커피 한 잔으로 하루를 시작하세요. 큐리그 는 Keurig Dr Pepper의 등록 상표입니다.","Donut Café 커피는 독특하고 부드러운 올 아메리칸 클래식 커피로 유명합니다. 당사의 고급 미디엄 로스트 클래식 블렌드 K컵은 큐리그 커피 메이커에 이상적입니다. 당사의 커피 포드는 고품질 재료로 만들어졌으며 클래식 블렌드, 프렌치 로스트, 콜롬비아 블렌드, 브렉퍼스트 블렌드, 구운 헤이즐넛, 피칸 파이, 코코넛 크럼블 및 솔티드 캐러멜 등 다양한 맛으로 제공됩니다. 당사의 모든 블렌드는 매번 부드럽고 만족스러운 커피 한 잔을 제공하기 위해 수작업으로 제작되었습니다. 당사의 커피 포드는 Keurig K Cup 브루어와 호환되며 매우 편리하여 좋아하는 커피를 즐길 수 있습니다. 또한, 당사의 커피 포드는 GMO 프리, 글루텐 프리, 알레르기 유발 항원 프리로 건강을 걱정하는 사람들에게 건강한 선택입니다. 코셔 인증을 통해 우수성에 대한 당사의 헌신은 모든 컵에서 분명합니다. Donut Café 커피 포드의 편리함과 품질을 경험하고 커피 마시는 경험을 새로운 차원의 만족으로 높여보세요.","['커피', '프리', '블렌드', '클래식', '포드', '맛', '호환', '편리하다', '큐리그', '로스트']"
식음료,음료,커피,,B0BHZXYBVT,Don Francisco's 유기농 프렌치 다크 로스트 원두 커피 (532ml(18온스) 백),Don Francisco's,31301,31301,4.5,1073.0,"스모키 향과 다크 초콜릿의 힌트가 있는 클래식한 프랑스 스타일의 유기농 딥 다크 로스트 컵. 모든 컵의 품질: 100% 아라비카 커피를 커피 메이커에 넣는 것에 대해 기분이 좋습니다. 바로 여기 미국에서 블렌드, 로스팅 및 포장된다는 것을 알고 있습니다. DON FRANCISCO'S COFFEE Family Reserve 질소 플러시 커피 백은 신선함을 유지하기 위한 단방향 밸브가 있어 모든 브루잉 컵에서 가족이 만든 커피의 풍부하고 대담하며 부드러운 맛을 즐길 수 있습니다. 모든 드립 커피 메이커, 푸어 오버 커피 브루어 및 프렌치 프레스에 적합합니다. 지속 가능한 마음: 커피 중심: Don Francisco's Coffee는 프리미엄 커피를 더 친환경적으로 제공하고 지속 가능한 관행을 촉진하기 위해 최선을 다하고 있습니다. 1870년부터 가족이 만든 커피: 4세대에 걸친 전문 지식에서 영감을 받아 세계 최고의 커피 원두를 소싱하고 완벽하게 로스팅하는 유산을 이어왔습니다.","스모키 향과 다크 초콜릿의 힌트가 있는 클래식 프렌치 스타일의 깊고 다크 로스트 컵. Don Francisco's 커피의 풍부하고 대담한 맛으로 하루를 시작하세요. 최고급 100% 아라비카 원두에서 공급되는 저희 커피는 프리미엄, 훌륭한 맛, 완벽하게 로스팅됩니다. 150년 이상 가족이 직접 제작한 커피는 전통과 헌신이었습니다. Don Francisco's의 가족은 농장에서 집 앞까지 커피 과정의 모든 단계를 세심한 주의를 기울여 감독합니다. 완벽한 제품을 제공하는 기술에 대한 당사의 전문 지식과 헌신의 정점입니다.","['커피', '다크', '컵', '가족', '완벽하다', '로스트', '프렌치', '로스팅', '맛', '원두']"
식음료,음료,커피,,B008YDVYLE,"The Organic Coffee Co. 퇴비화 가능한 커피 포드 - 프렌치 로스트 (36개) K컵, 큐리그 2.0, 다크 로스트 등 호환",THE ORGANIC COFFEE CO.,40414,40414,4.4,8218.0,"프렌치 로스트: 다크 프렌치 로스트를 위해 중남미의 고급 커피를 혼합하여 맛 오일이 콩 표면으로 올라갈 때까지 매우 어둡게 로스팅합니다. ONECUP 커피 포드는 대부분의 큐리그 K-Cup 1.0 및 2.0 브루어, Cuisinart, Bunn 및 기타 싱글 서빙 브루어와 호환됩니다. OneCups는 1인용 브루어를 위한 더 나은 커피 선택입니다. 커피 K-CUPS: 원컵 1인용 커피 포드로 커피 한 잔을 쉽게 내릴 수 있습니다! 이 호환 포드는 Keurig 2.0을 포함한 대부분의 Kcup 스타일 브루어와 호환됩니다 가족 회사의 고품질 커피: Rogers Family Company의 사명은 최고급 아라비카 품종을 검색하고 어디에서나 사용할 수 있는 가장 풍부하고 맛있는 커피를 로스팅하는 것입니다.","당사는 커피 농업 및 로스팅 분야의 전문가이지만 파트너 농부들과도 훌륭한 친구입니다. 당사는 매년 커피 작물의 품질을 유지하고 개선할 수 있는 장기적인 계획을 공동으로 개발하는 동시에 농장에 대한 환경 및 사회적 책임에도 중점을 둡니다. 당사의 커피는 엄격한 프리미엄이며, 아라비카 원두는 914.4m(3000피트) 이상의 높은 고도에서 재배됩니다. 당사의 모든 커피는 토종 나무 캐노피 아래에서 100% 그늘에서 재배됩니다. 높은 고도의 그늘에서 자란 커피는 더 복잡하고 맛있는 커피 한 잔을 만듭니다. 저희 커피는 손으로 따서 가장 잘 익은 레드 체리만 수확합니다. 그런 다음 최고 품질의 커피콩을 만드는 기술로 가공되었습니다. 당사의 첫 번째 로스터는 Peet's Coffee를 설립한 Alfred Peet의 훈련을 받았습니다. 그로부터 우리는 각각의 독특한 커피와 블렌드에서 최대한의 맛을 끌어내기 위해 뉘앙스와 예술성을 배웠습니다. 그 이후로 당사는 30년 이상 이 기술을 완성하고 개선해 왔습니다. 우리는 매일 이러한 경험과 최첨단 기술을 예술 형태로 결합하여 각 커피에서 가능한 최상의 맛 프로필을 생산할 뿐만 아니라 매번 일관되게 합니다. Rogers Family 고급 커피 브랜드로, 30년 이상 완벽한 프리미엄 커피 한 잔을 즐길 수 있습니다. Organic Coffee Co. 브랜드는 지속 가능한 농업 및 무역에 대한 비교할 수 없는 헌신으로 뛰어난 품질과 가치를 제공합니다. 당사는 중앙 아메리카와 아프리카의 이국적인 싱글 오리진 커피뿐만 아니라 풍부한 프리미엄 고급 커피와 훌륭한 맛의 커피 라인업을 제공합니다. Rogers의 커피와 차를 구입하면 커피와 차를 구입하는 마을의 빈곤 사이클을 깨뜨리는 데 도움이 되는 ""커뮤니티 보조"" 프로그램에 자금을 조달하는 데 도움이 됩니다. 지역 사회 지원을 통해 학교, 근로자 주택, 의료 클리닉, 보육 센터를 구축하고 장학금, 교사 및 의사의 급여를 지원합니다.","['커피', '로스트', '브루어', '호환', '맛', '포드']"
식음료,음료,커피,,B07BFQB4HF,"Four Sigmatic 아답토젠 커피, 유기농 미디엄 로스트 인스턴트 커피, 아쉬와간다 및 차가, 툴시 포함, 면역력 증진 및 스트레스 완화, 케토, 멀티컬러, 2.5g(0.09온스), 10개입",Four Sigmatic,18683,17755,4.3,18282.0,"컵 속 명상: 카페인은 절반으로 줄이고, 스트레스를 다룰 수 있게 해주는 강장제 커피입니다. 유기농 인스턴트 커피와 유기농 툴시, 유기농 아쉬와간다, 유기농 가시오가피를 섞어 차분하고 침착하게 만들어줍니다. 스트레스 관리 및 균형: 강장제 약초는 몸이 이따금씩의 스트레스와 싸우고 균형을 맞출 수 있도록 도와줍니다. 강장제 약초인 유기농 툴시(100mg) 및 유기농 아쉬와간다(200mg) 덕분에 카페인이 주는 초조함 없이 할 일을 하게 합니다. 항산화 기능: Four Sigmatic 커피는 충분한 항산화 성분으로 웰빙을 지원하는 유기농 강장제 약초를 함유하고 있습니다. 100% 유기농 인스턴트 커피는 50mg의 카페인 및 항산화 특성을 제공합니다. 모든 식단에 완벽합니다: 비건, 팔레오, 케토, 유제품 프리 또는 글루텐 프리를 원하는 분께 적합합니다. 천연 유기농 성분만 사용했습니다. 캐리어, 필러, 천연 향료 또는 인공 향료 무첨가. 모든 재료는 자연적으로 재배되거나 야생에서 수확되었습니다. 물에 쉽게 녹고, 허브 맛이 아닌 커피 맛입니다. 207ml(7액량온스)의 뜨거운 물만 있으면 바로 마실 수 있습니다. 코코넛 밀크, 아몬드 크림, 생 유제품을 넣거나 버터 덩어리를 휘저어 넣으면 더욱 진정효과가 있습니다.","카페인 함유 음료 복용을 줄여도 스트레스를 관리하고 일상 생활의 요구를 충족할 수 있습니다. 큰 프로젝트를 주도해야 ? 아이들을 학교에 보내야 하나요? 새롭게 부업을 하고 계신가요? 툴시와 아쉬와간다를 혼합물에 그늘에서 키운 유기농 커피를 섞은 것으로 차분하면서도 활기차게 깨어나 하루를 보내십시오. 툴시는 아유르베다에서 수 세기 동안 신뢰받고 존경받았던 진정 효과가 있는 강장제 약초 중 하나입니다. 툴시는 기분을 향상시키고 소화를 지원하며 균형 잡힌 에너지를 촉진하는 것으로 알려져 있습니다. 툴시를 함유한 커피는 마약이 될 뻔 했지만, 저희가 한 걸음 더 나아가 아쉬와간다와 가시오가피를 섞어 발전시켰습니다. 휴대폰에 아무리 많은 알림이 울리더라도 차분한 자세로 가장 중요한 것을 해결할 수 있도록 도와줍니다. 당사의 그늘에서 키운 유기농 아라비카 커피는 멕시코의 시에라 마드레 데 키아파스 고원의 화산 토양에서 재배됩니다. 원두를 로스팅하고 추출한 후 증발시켜 커피를 농축하고, 스프레이 건조시켜 최종적으로 순수 인스턴트 가루로 만듭니다. 대담하면서도 과일 같은 끝맛을 가진 클래식하고 강한 커피 맛을 보장합니다. 1회 제공량당 50mg의 카페인 함유. 유기농 툴시(1회 제공량당 100mg)는 최고의 진정 촉진성 약초 중 하나로 수 세기 동안 가장 오래된 의학 시스템 중 하나인 아유르베다에서 사용되었습니다. 기분을 고양시키고 소화를 지원하며 균형 잡힌 에너지를 촉진하는 것으로 알려진 툴시는 좋은 의미에서 거룩한 바질로 알려져 있습니다. 유기농 아쉬와간다(1회 제공량당 200mg)는 아유르베다 치료법에서 가장 강력한 허브 중 하나로 알려져 때때로 발생하는 스트레스를 관리하고 피로 증상을 해결하는 등 다양한 조건에서 사용되었습니다. 유기농 시나몬의 달콤한 맛은 미뢰를 활성화시켜 가벼운 커피 한 잔의 균형을 유지합니다. 이는 또한 소화 기능을 지원합니다. 시베리아 인삼으로도 알려진 유기농 가시오가피는 북동아시아 원산지의 강장제 약초입니다. 수백 년 동안 전통 중국 의학과 러시아 및 한국 민속 의학에 사용되었던 가시오가피는 체력, 지구력, 전반적인 웰빙을 지원합니다.","['유기농', '커피', '툴시', '아쉽다', '장제', '스트레스', '약초', '강', '간다', '균형']"
식음료,음료,커피,,B078TP491S,"Super Coffee, 아이스 케토 커피(설탕 첨가 0g, 단백질 10g, 80칼로리) [모카 라떼] 355ml(12액량 온스), 12팩 | 아이스 커피, 단백질 커피, 커피 음료, 스마트 커피 - 콩 프리 글루텐 프리",SUPER COFFEE,49527,49527,4.2,7795.0,"커피 + 단백질: 모카 라떼 슈퍼 커피 12병을 사용해보세요. 카페인 200mg, 단백질 10g, 설탕 0g이 들어 있습니다. 저탄수화물, 고단백질 식단을 위한 완벽한 케토 커피. 무덤, 죄책감 없는 맛: 건강한 아이스 커피를 찾을 수 없나요? 문제가 해결되었습니다. 모카 라떼 슈퍼 커피는 풍부하지만 과하지 않은 완벽한 균형을 발견했습니다. 달콤하지만 설탕이 아닙니다. 풍부하고 관능적인 초콜릿 맛과 적당한 양의 달콤함으로 여러분이 좋아하는 라떼이지만 긍정적인 성분으로만 만들어졌습니다. 전기 맛, 설탕 충돌 없음: 다른 병에 든 커피는 설탕과 기타 건강에 해로운 재료를 첨가하는 반면, Super Coffee는 아이스 커피, 단백질, MCT 오일 및 몽크 과일과 스테비아를 결합하여 최신 라떼 혁신을 제공합니다. 이 스마트 단백질 커피는 하루 종일 연료를 유지할 수 있도록 지속적인 에너지를 제공합니다. 바로 사용 가능: 집 주변의 아이들을 쫓거나 오후 2시 픽업이 필요할 때 Super Coffee는 여러분이 가장 좋아하는 병 커피 음료입니다. 나사 가능한 캡을 사용하는 이유는 무엇입니까? 일반 아이스 커피가 끝나지 않는 곳입니다! 긍정적인 디자인: 2016년 형제의 기숙사 방에서 설립된 당사의 사명은 긍정적인 성분으로 만든 더 나은 병 커피를 만드는 것입니다. 그 이후로 저희는 Shark Tank에 등장했으며 1억 개 이상의 병을 판매했으며, 제품과 사람들에게 긍정적인 에너지를 지속적으로 퍼뜨리고 있습니다.",,"['커피', '단백질', '아이스', '설탕', '라떼', '긍정', '모카', '맛']"
식음료,음료,커피,,B07PZ8Y3B9,"Starbucks 네스프레소 미디엄 로스트 하우스 블렌드 커피 (50개입 1인용 캡슐, 네스프레소 오리지널 라인 시스템과 호환)",Starbucks,40580,40580,4.5,16718.0,"네스프레소와 함께 개발하여 오리지널 라인 네스프레소 머신과 완벽하게 작동합니다: Essenza Mini, Pixie, CitiZ, Expert, Lattissima, KitchenAid, Creatista 미디엄 로스트 커피는 부드럽고 균형 잡힌 풍부하고 접근하기 쉬운 맛입니다 각 에스프레소 캡슐은 104.9g(3.7온스)의 커피를 추출합니다. 네스프레소 캡슐을 넣고 룽고 브루 사이즈를 선택하세요 패키지에는 Starbucks 하우스 블렌드 네스프레소 커피 캡슐 10개가 들어 있어 최대 50컵을 만들 수 있습니다 House Blend의 아로마, 바디 및 맛은 로스트에서 나오는 견과류와 코코아의 맛과 균형을 이룹니다. 이 커피의 강도 레벨은 미디엄 로스트 8입니다 새로운 외관, 동일한 훌륭한 맛 (포장은 다를 수 있음): 우리는 포장을 변경하는 중입니다. 제한된 시간 동안 두 패키지를 받을 수 있지만 여전히 여러분이 알고 사랑하는 것과 동일한 훌륭한 맛입니다","여러분이 알고 사랑하는 것과 동일한 고품질 Starbucks 커피를 이제 네스프레소에서 만들어 집에서 즐길 수 있습니다. 또한, 이 캡슐은 알루미늄으로 만들어져 100% 재활용 가능성과 커피의 신선함을 보장합니다. 이 커피는 반짝이는 어두운 밤 색상으로 구운 고급 라틴 아메리카 원두를 혼합한 것입니다. 이 커피는 견과류와 코코아의 맛의 균형을 맞추고 로스트의 달콤함과 함께 풍미가 가득합니다. Essenza Mini, Pixie, CitiZ, Expert, Lattissima, KitchenAid, Creatista.","['커피', '네스프레소', '맛', '캡슐', '로스트', '미디엄', '동일하다', '균형', '훌륭하다', '블렌드']"
식음료,음료,커피,,B0936SD9GR,"Starbucks Veranda Blend 라이트 블론드 로스트 그라운드 커피, 532.3ml(18온스) (6팩)",Starbucks,92781,92781,4.6,10125.0,"프리미엄 그라운드 커피 - Starbucks 베란다 블렌드 가볍게 로스팅된 그라운드 커피 532.3ml(18온스) 백으로 탁월한 커피 한 잔을 제공합니다. 총 6봉지 STARBUCKS 베란다 블렌드 커피 - 구운 맥아와 베이킹 초콜릿 노트가 있는 가장 가벼운 로스트 커피 신선한 맛 - Starbucks 는 최고 품질 표준을 준수합니다. 카페에서 추출한 것과 동일한 신중하게 로스팅된 100% 아라비카 커피 원두를 배송합니다 나만의 제품 만들기 - 어떤 방식으로 커피를 내리든 일상적인 컵인 Starbucks 커피는 드립 브루어, 커피 프레스, 푸어 오버 및 모카 포트를 포함한 다양한 브루잉 방법에 이상적입니다 새로운 모습. 동일한 맛. Starbucks 베란다 블렌드는 새로운 포장 모양을 가지고 있지만 여러분이 알고 사랑하는 것과 동일한 훌륭한 맛을 가지고 있습니다. 업데이트 중에 두 패키지를 받을 수 있습니다","당사는 라틴 아메리카 전역의 커피 농부들과 수십 년 동안 일했습니다. 이 블렌드는 수년에 걸쳐 함께 마신 가볍게 로스팅한 커피에서 영감을 얻었으며, 종종 푸른 커피 나무가 보이는 시원한 베란다에서 즐겼습니다. 구운 스위트 몰트와 밀크 초콜릿의 향으로 미묘하지만 맛이 좋은 이 커피는 우유와 아름답게 혼합되는 매력적이고 접근하기 쉬운 커피입니다. Nestlé는 라이선스 하에 Starbucks 상표를 사용합니다","['커피', '블렌드', '베란다', '맛', '가볍다', '동일하다', '라운드', '로스팅', '로스트', '새롭다']"
식음료,음료,커피,,B004JQXB20,"Puroast 커피 다크 프렌치 로스트 그라인드, 1.1 kg(2.5 파운드) 백",Puroast Coffee,30470,30470,3.9,1523.0,"70% 적은 산: Puroast 저산성 커피는 모든 커피 애호가, 특히 속쓰림, 위산 역류 및 기타 위장 문제가 있는 사람들에게 적합합니다. 여러분이 어떤 커피를 얼마나 좋아하든, Puroast는 다양한 종류의 싱글 서빙, 원두 및 그라운드 커피를 제공합니다. 7배 더 많은 항산화물질: 항산화물질 수치와 로스팅 중에 커피가 가열되는 방법 사이에 연관성이 있는 것으로 밝혀졌습니다. UC Davis가 발표한 연구에 따르면 Puroast 커피는 녹차보다 7배, 주요 커피 브랜드보다 5배 많은 항산화물질을 함유하고 있습니다. 순수하게 따르세요: 안데스 산맥의 산기슭의 소박한 기원을 갖고 있는 Puroast의 부드럽고 풍부한 맛의 커피를 만드는 비밀은 커피 재배자가 하는 방식으로 로스팅 하는 것에 뿌리를 두고 있습니다. 우리는 양이 아닌 품질을 위해 로스팅하며, 첨가제나 추출물을 일절 사용하지 않습니다. 기분이 좋아지며, 절대 쓰지 않습니다. 부드럽고 향긋한 커피 한 잔을 매일 갈아 마시면 맛도 좋고 기분도 좋아집니다! 우리의 독특한 로스팅 방법은 위장 장애를 일으키지 않고 쓴 뒷맛이 없는 저산성 블렌드를 만들어 냅니다. 우리는 로스터에 불을 붙일 때도 재생 가능하고 깨끗한 기술을 사용합니다. 모든 컵이 퀄리티 높은 품질: 모든 커피가 똑같이 만들어지는 것은 아닙니다. 당사의 높은 고도에서 재배된 커피콩은 지속 가능한 원두로, 코셔 및 화학 물질/살충제가 없어 커피 관련 소화 문제를 완화하면서 여러분이 본인이 마시는 음료에 대해 좋은 느낌을 받을 수 있습니다.","Puroast Coffee의 프렌치 로스트 커피의 매우 부드러운 맛을 즐기세요. 볼드하고 스트롱한 맛을 부드러운 마무리로 보완합니다. Puroast Coffee의 프렌치 로스트는 풀 바디의 강한 커피에 쓴 뒷맛도 없앴습니다. 커피를 좋아한다면, 훌륭한 맛의 커피를 원한다면, ""기분이 좋아지고 쓰지 않은"" - Puroast Coffee를 마시세요. 모든 잔이 건강합니다! 여러분의 집에 있는 커피콩은 체리같은 과일의 완두콩같은 녹색 씨앗에서 시작됩니다. 사실, 녹색 커피콩을 씹으면 말린 완두콩을 씹는 것 같은 맛이 납니다. 하지만, 이 녹색 커피 씨앗을 볶으면 모든 것이 바뀝니다(그리고 완두콩과 구분이 됩니다!). 가열 로스팅의 마법은 여러분이 가게나 커피숍에서 보던 익숙한 커피콩처럼 보일 때까지 이 씨앗을 가열하는 것입니다. 바깥쪽에서 로스팅한 원두는 다른 것들과 비교했을 때 더 진하거나, 가볍거나, 빛나거나, 더 무딥니다. 그러나, 커피가 우리 인류에게 그토록 매력적이게 만드는 것은 바로 그 안에 있습니다. 향기, 맛, 그리고 카페인을 포함한 내부의 화학 물질입니다. 그리고 Puroast 커피의 ""내부""은 여러분이 구입할 수 있는 다른 모든 커피와 차별화됩니다. Puroast의 로스팅 - 커피의 맛, 쓴맛 또는 매끄러움, 산의 양, 그리고 항산화물질의 함량은 로스팅 중에 커피가 가열되는 방법과 상관관계가 있는 것으로 밝혀졌습니다. Puroast는 국내 다른 커피와는 달리 대농장(hacuenda)에서 하는 방식과 동일하게 로스팅합니다. 이것이 바로 Puroast가 맛있고 기분이 좋아지게 만드는 이유입니다. 이것은 정말 간단합니다!","['커피', '로스팅', '맛', '기분', '항산화물질', '가열', '부드럽다', '커피콩']"
식음료,음료,커피,,B07B5B9S99,"VitaCup Keto MCT 오일, 강황, 비타민 B 및 D 함유 커피 포드, 재활용 가능한 K-Cup 호환 포드",VitaCup,41480,41480,4.3,19116.0,"에너지 및 집중력: MCT 오일, 계피 및 강황을 주입한 것은 대담하고 머릿결한 사람들의 비밀 무기입니다! 이 차세대 트리오는 에너지와 집중력을 향상시키는 특성으로 진지한 펀치를 제공합니다. 케토 친화적: 케토 친화적인 건강한 지방인 MCT(중쇄 트리글리세라이드) 오일을 주입하여 내면의 천재성에 활력을 불어넣으세요. 일일 비타민: 커피 한 잔에서 매일 비타민을 섭취하세요. B1, B5, B6, B9, B12 및 D3의 강력한 혼합 비타민 주입으로 몸에 영양을 공급하는 영양소를 쉽게 얻을 수 있습니다. 비타민 D는 태양으로부터 우리 몸에서 자연적으로 생성되는 것과 동일한 비타민 D로 만들어져 행복한 기분과 면역력을 지원합니다. 고품질 커피: 미국에서 로스팅, 블렌딩, 질소 밀봉된 100% 아라비카 원두를 사용하여 부드럽고 풍부하고 복잡한 풀 바디 미디엄 로스트를 즐기세요. 100% 재활용 가능한 1인용 커피 포드: VitaCup 는 우리 모두가 사회적 책임을 질 수 있다고 믿습니다. 당사의 커피 포드는 재활용 가능한 #5 플라스틱 소재로 만들어졌으며 쉽게 벗겨낼 수 있는 탭이 있어 미국 전역에서 재활용이 가능합니다. 2.0 기계를 포함한 거의 모든 단일 서비스 호환 Keurig KCup 브루어와 함께 사용하도록 설계되었습니다.",,"['비타민', '커피', '가능하다', '재활용', '포드', '주입', '오일', '몸', '미국', '케토']"
식음료,음료,커피,,B0925M3Z2S,"Café Gaviña 에스프레소 로스트 엑스트라 파인 그라운드 커피, 100% 아라비카, (283.5g(10온스) 캔 3개)",CAFÉ GAVIÑA,37173,37173,4.6,8416.0,"남부 및 중부 미국 커피, 다크 로스트, 헤비 바디, 중간 정도의 낮은 산도, 초콜릿 노트의 혼합. 맛있는 컵은 그냥 떠내기만 하면 됩니다. 캔을 열기만 하면 됩니다. 갓 갈린 커피는 하루의 첫 모금에 대한 기대로 채워줄 것입니다. 당사의 직접적인 영향 이니셔티브는 당사가 내리는 모든 비즈니스 결정에 영향을 미치므로 미래 세대를 위해 천연 자원과 환경을 보존할 수 있습니다. 로스앤젤레스에 있는 폐기물 제로 매립 시설에서 혼합, 로스팅 및 포장.","우리 가족의 에스프레소 로스팅 전통은 ""커피""라는 단어가 ""에스프레소""의 동의어인 쿠바 저택으로 거슬러 올라갑니다. Café Gaviña 에스프레소 컨티넨탈은 미국에서 판매된 첫 번째 제품으로, 스페인 원산지에서 시그니처인 풍부하고 향기로운 맛을 끌어냅니다. 대담하고 균형 잡힌 맛에 대한 우리의 열정은 오늘날까지 계속됩니다. 에스프레소의 풍부한 맛을 이길 수 있는 것은 없습니다.","['에스프레소', '커피', '맛', '영향', '로스트', '로스팅', '혼합', '풍부하다', '첫', '미국']"
식음료,음료,커피,,B07WVDXMG5,"JAVA HOUSE 콜드 브루 커피, 콜롬비아 미디엄 로스트 커피 농축 액체 포드, 뜨겁거나 차갑게 즐기기, 400ml(1.35액량 온스) (36개 팩)",Java House,60926,60926,4.3,4444.0,"편리함 - 편리한 일회용 액체 농축액 포드로 놀랍도록 매끄럽고 산성이 적은 커피를 즐기세요. 이동 중에도 가지고 다니세요! 출장이나 도로 여행, 캠핑 또는 하이킹에서 맛있는 콜드 브루를 즐기세요. 포드는 TSA 기내 가이드라인을 충족하므로 물에 추가하기만 하면 비행기에서 멋진 콜드 브루 커피를 즐길 수 있습니다. 뜨겁거나 차가운 것을 즐기세요 - 껍질을 벗기고 170.1-226.8g(6-8온스)의 뜨거운 물이나 얼음물에 붓거나 포드 브루잉 머신을 사용하십시오. Keurig K-Cup 브루어와 호환됩니다. 콜드 브루 - 최적의 매끄러움을 위해 12시간 동안 소량으로 냉수를 우려냅니다. 대담한 맛 - 당사의 콜드 브루 커피는 대담한 커피 맛으로 가득 차 있으며 전통적인 커피 쓴맛이 없으며 100% 아라비카 커피콩으로 만들어졌습니다. 맛 노트 - 초콜릿과 캐러멜 노트와 균형을 이루어 부드러운 콜드 브루 커피를 제공합니다.",,"['커피', '콜드', '브루', '포드', '뜨겁다', '맛', '매끄럽다', '차갑다', '액체', '노트']"
식음료,음료,커피,,B07DDGR4VC,"Peet's Coffee 에스프레소 캡슐 Ricchezza, 강도 8, 50개 싱글 컵 커피 포드 네스프레소 오리지널 브루어와 호환 가능",Peet's Coffee,47256,47256,4.6,7886.0,"RICCHEZZA: 스팀 우유의 맥아와 같은 달콤함에 매끄럽게 스며드는 부드럽고 복잡한 에스프레소. 이 완벽한 짝은 꽃과 베리, 황설탕이 겹쳐져 과일 느낌을 돋보이게 합니다. 맛과 로스트: 베리 & 황설탕 강도 8 – 미디엄 로스트. 네스프레소 오리지널과 호환 가능: 저희 캡슐은 네스프레소 오리지널 기계를 위해 설계되었습니다: Essenza Mini, Essenza Plus, Pixie, CitiZ, Lattissima, KitchenAid, Creatista는 모두 고압 추출, 정확한 풀 및 지속적으로 풍부한 크레마를 제공합니다. 재활용 가능. Peet의 알루미늄 캡슐은 메일 백 프로그램을 통해 완전히 재활용 가능합니다. 각 알루미늄 캡슐은 향과 맛을 보존하기 위해 밀봉되어 만족스러운 크레마로 강렬한 에스프레소 경험을 제공합니다. 품질 보증: 100% 아라비카 커피, 코셔 인증 내용: 이 팩에는 총 50 캡슐을 포함한 Peet's Coffee Ristretto 에스프레소 캡슐 10개가 있는 5개의 상자가 들어 있습니다.","Peet's Coffee Ricchezza 에스프레소 캡슐; Peet's 에스프레소는 네스프레소 오리지널 기계와 호환되는 편리한 알루미늄 캡슐로 제공됩니다. 100% 아라비카 커피로 채워진 각 캡슐은 Peet's에서 기대하는 풍부하고 고품질의 커피 경험을 제공합니다. Ricchezza(강도 8, 미디엄 로스트)는 스팀 우유의 맥아 같은 단맛에 매끄럽게 들어가는 고급스러운 복합 에스프레소입니다. 이 완벽한 짝은 꽃과 베리, 황설탕이 겹쳐져 과일 느낌을 돋보이게 합니다.","['캡슐', '에스프레소', '네스프레소', '커피', '베리', '로스트', '호환', '설탕', '알루미늄', '황설탕']"
식음료,음료,커피,,B014THN4OI,"1.4kg(3파운드), 싱글 오리진 언로스트 그린 커피콩, 단일 니카라과 부동산의 특수 등급, 직접 무역 (카투라 품종)",Primos Coffee Co.,33641,33641,4.5,3115.0,"콩은 가정용/소량 로스팅용입니다. 원두는 녹색, 생, 로스팅되지 않았으며 커피를 추출하기 전에 로스팅해야 합니다. 로스팅 전에 분쇄하지 마십시오. 콩의 섬세한 뉘앙스를 강조하기 위해 권장되는 로스트 프로파일은 미디엄(시티 또는 레귤러라고도 함)입니다. 가장 최근에 수확한 프리미엄 아라비카 언로스트 그린빈은 4세대 가족 농장에서 최고의 Caturra 마이크로 롯에서 생산되었습니다. 카투라는 버번의 자연적인 돌연변이이며 다른 모든 커피는 이 지역에서 측정되는 벤치마크 중앙 아메리카 커피입니다. 풍부한 단맛과 부드러운 프로필로 잘 알려진 이 제품은 균형이 잘 잡혀 있고 부드러운 커피입니다. 독특한 시트러스 산도와 기분 좋은 카카오 노트로 달콤함을 보완합니다. 5개 이하의 결함이 있고 300g 당 주요 결함이 없는 특수 그린 커피 원두. 수분 함량은 11-12% 사이입니다. 엄밀히 자란 나무 (4,000 FASL), 손으로 수확, 유럽에서 준비, 완전 세척 및 자연 건조. 동료 니카라과인과 천연 자원에 대한 최고 수준으로 지속 가능하게 생산됩니다.",,"['커피', '로스팅', '그린', '로스트', '카페', '자연', '니카라과', '수확', '최고', '부드럽다']"
식음료,음료,커피,,B084WTVX4P,"Delicitaly 이탈리아 커피 포드, 네스프레소 오리지널 머신과 호환, 에스프레소 캡슐 (크레마 레귤러 포드 100개, 100개(1팩)",DELICITALY Pure Italian Food,36010,36010,4.2,12663.0,"정통 이탈리아 에스프레소, 100% 이탈리아에서 제작되었습니다! CREMA: 풀바디 에스프레소 로스트, 이탈리아에서 가장 잘 팔리는 맛! 이탈리아 커피 포드는 네스프레소 오리지널 머신*과 호환됩니다. Vertuo 기계와 호환되지 않습니다. 커피 포드는 플라스틱 소재입니다. Import39, Italian Coffee는 Nespresso*와 제휴, 또는 후원하지 않습니다.",,"['이탈리아', '포드', '에스프레소', '커피', '호환', '네스프레소', '머신', '후원', '레귤러', '로스트']"
식음료,음료,커피,,B000LKXR72,Organic Coffee Co. 프렌치 로스트 원두 커피 1kg(2파운드) (32온스) 다크 로스트 USDA 유기농,THE ORGANIC COFFEE CO.,42741,42741,4.3,3532.0,"프렌치 로스트: 중앙 및 남미의 유기농 원두를 혼합하고 향미 오일이 콩 표면으로 올라올 때까지 로스팅하여 스모키 마감의 풀 바디 다크 로스트 커피를 만듭니다 모든 커피 브루어와 함께 작동: 저희 커피는 드립 머신, 에스프레소 메이커, 프렌치 프레스, 에어로프레스, 푸어 오버 및 모카 포트 등 모든 커피 머신에 적합합니다 지속 가능하고 친환경적인 농장 커피: 원두 원두에서 갈기, 맛, 디카페인 등 지속 가능한 방식으로 재배, 공급 및 포장된 커피를 다양하게 제공합니다 가족 회사의 고품질 커피: Rogers Family Company의 사명은 최고급 아라비카 품종을 찾아 어디에서나 구할 수 있는 가장 풍부하고 맛있는 커피를 로스팅하는 동시에 한 번에 한 잔의 커피를 더 나은 곳으로 만드는 것입니다 유기농 커피 회사는 풍부한 전통을 가진 가족 소유의 미국 제조 회사입니다. 미국에서 로스팅 및 포장.","훌륭한 가치의 다양한 선택으로 제공되는 맛있는 커피를 찾고 계십니까? 그렇다면 San Franciso Bay Coffee는 당신을 위한 것입니다! 당사는 1인용 포드, 원두 콩, 그라운드 및 로스팅되지 않은 그린 커피로 제공되는 독특한 맞춤형 블렌드, 이국적인 지역 커피 및 싱글 에스테이트 커피 라인을 개발했습니다. 당사의 모든 동맹 및 사회적으로 책임감 있는 커피는 최상의 가격으로 제공됩니다. 저희는 친환경적이고 지속 가능한 직접 무역 커피를 여러분이 좋아할 가격으로 제공합니다. 저희는 저희 제품이 잘 자랐다고 말하고 싶습니다.","['커피', '원두', '로스트', '로스팅', '회사', '유기농', '지속', '가능하다', '프렌치']"
식음료,음료,커피,,B08DC4ZXJZ,"Clean Coffee Co. | 저산성 커피, 354.9ml(12온스) 백 그라운드 커피 | 온두라스 다크 로스트 | 무독성 및 곰팡이 없음, 항산화 풍부함, 에스프레소, 프렌치 프레스 또는 아이스 커피용 대담한 맛",CLEAN COFFEE CO,26301,26301,4.2,1122.0,"다크 로스트 355ml(12온스) 백 — 매끄러운 마감의 온두라스 다크 로스트 커피인 엘 재규어를 만나보세요. 햇볕에 건조되고 가장 풍미를 유지하기 위해 신중하게 가공되었습니다. 이 멋지고 대담한 콩에서 오렌지, 캐러멜, 코코아 닙을 맛볼 수 있습니다. 저산의 분쇄 커피 — 콜드 브루 커피 가루나 커피 포트용 제품을 찾고 계신다면, 이 가루는 빗물과 비슷한 pH 수준을 가지고 있으며 커피숍의 어떤 것과도 맛이 좋습니다. 낮은 산과 풍부한 항산화 수준 사이에서 분쇄 커피 한 봉지는 미뢰만큼 몸을 위한 간식이 될 것입니다. 맛이 우선입니다 — 저희는 환경 요인에 대해 알기 훨씬 전에 커피를 마시는 사람이었으며, 원두의 핵심 교리는 시장에서 가장 부드럽고 맛있는 제품을 원한다는 것입니다. 많은 테스트와 시음 끝에 저희가 해냈다는 데 동의할 것이라고 생각합니다. 하지만 그렇게 말했습니다.. 깨끗한 커피는 중요합니다 — 커피는 농산물에 적용되는 오염 규칙에서 면제된다고 생각하기 쉽지만 커피 원두는 다른 작물과 마찬가지로 건강한 토양과 물이 필요합니다. 저희는 대량 생산되는 콩의 농약에 노출되지 않은 곰팡이 프리 및 무독성 커피를 제공하기 위해 열심히 노력하고 있습니다. 깨끗한 커피는 로스팅 커피콩을 들고 있을 때 보는 것에 관한 것이 아니라 환경과 소비자를 존중하는 농업에 대한 접근 방식에 관한 것입니다. 실험실 테스트, 과학 승인 — 당사는 150개 이상의 오염 물질을 다루는 테스트의 조합인 CDFA 다중 잔여물 스크리닝을 위해 제3자 실험실로 콩을 보냅니다. Clean Coffee Co의 모든 가방에는 과도한 화학 물질, 살충제, 곰팡이 및 독소가 없습니다. 따라서 즐길 수 있는 커피만 남게 됩니다.",,"['커피', '로스트', '테스트', '맛', '콩', '다크', '곰팡이']"
식음료,음료,커피,,B00AQM9ZX0,"Fresh Roasted Coffee, 브렉퍼스트 블렌드, 코셔, 프리그라운드 프랙셔널 팩, 49.6g(1.75온스), 42개입",Fresh Roasted Coffee,53945,53945,4.5,531.0,"편리한 사전 측정, 사전 접지 패키지에 맛있는 커피. 드립 커피 메이커를 위해 제작되었습니다. 패키지 당 냄비 1개. 필터 포함! 신선한 로스트 아침 식사 블렌드는 견과류, 깨끗하고 풍부한 맛의 노트로 풍부하고 풍미가 풍부합니다. 완벽한 아침 픽미 업. 사무실, 공장, 학교, 교회 또는 빠르고 편리한 맛있는 신선한 로스트 커피 냄비가 필요한 모든 곳에 적합합니다. 친환경 로링 로스터는 지능형 컨트롤이 있는 최첨단 기술을 사용하여 환경 영향을 줄이면서 원하는 맛을 지속적으로 만들어냅니다. 모든 신선한 로스트 커피는 자랑스럽게 로스팅되고 블렌딩되며 미국에서 포장됩니다.",,"['커피', '로스트', '신선하다', '풍부하다', '패키지', '맛', '맛있다', '블렌드', '냄비', '아침']"
식음료,음료,커피,,B004H8I9Q8,"Manatee Gourmet Coffee, 그라운드, 미디엄 로스트, 캐리비안 딜라이트, 355ml(12온스) 백 (3팩) 1020.6g(36온스)",Manatee Gourmet Coffee,51231,56812,4.4,399.0,"여러분이 양조한 카페 품질의 커피: 프리미엄 캐리비안 딜라이트 커피는 헤이즐넛, 코코넛, 캐러멜의 맛과 로스팅 커피의 천연 맛을 결합한 제품입니다. 이렇게 하면 구운 헤이즐넛, 구운 코코넛 및 따뜻하고 크리미한 캐러멜의 맛 노트를 전달하는 부드럽고 달콤한 맛의 프로필을 만듭니다. 프리미엄 커피 블렌드: 캐리비안 딜라이트는 가장 인기 있는 맛의 커피이자 고객이 선호하는 커피입니다. 이 블렌드에 대해 많은 칭찬을 받습니다. 저희는 이 블렌드에서 커피를 직접 골랐고 원두를 중간 로스트 레벨로 천천히 로스팅했습니다. 천연 커피 맛은 균형이 잘 잡혀 어떤 경우에도 달콤한 치아를 즐길 수 있는 맛있는 경험을 제공합니다. 커피를 마시세요. Manates 저장: 우리는 연민과 행동으로 해우와 그들의 서식지를 지원합니다. Manatee 커피는 Save the Manatee Club, Fish & Wildlife Foundation, Mote Marine Laboratory와 같은 신뢰할 수 있는 단체에 정기적으로 기부합니다. 프리미엄 고품질 커피를 구입하면 이러한 멋진 조직에 대한 지원을 높이는 데 도움이 됩니다. 100% 아라비카: 저희는 100% 아라비카 커피 원두만을 소싱, 블렌딩 및 로스팅하여 전 세계에서 가장 훌륭한 수제 커피 원두만을 수입합니다.",Manatee Gourmet Coffee 는 고품질 커피를 제공하는 동시에 Manatee 보호 노력의 개선을 돕는 사명을 가진 가족 소유 커피 회사입니다.,"['커피', '맛', '블렌드', '로스팅', '프리미엄', '원두', '라이트', '캐리비안']"
식음료,음료,커피,,B00KPVCJ9O,"Kava Coffee 저산성 중화 인스턴트 커피, 113.4g(4온스) (3팩)",Kava,48461,48461,4.6,2076.0,"총 118.3ml(4온스) 병 3개 밸류 팩 Kava 즉각적인 저산성 커피는 산성 중화되었습니다 90% 산성 중화, 프리미엄 원두의 진짜 커피 쓴맛과 산성 없이 풍부하고 맛있는 향기로운 커피 한 잔을 즐기세요 다른 주요 인스턴트 커피 브랜드보다 컵당 산이 50% 이상 적은 풍미 저산성 인스턴트 커피",,"['커피', '산성', '중화', '인스턴트']"
식음료,음료,커피,,B07BWNJ3WQ,"Koffee Kult Road Dog 다크 로스트 커피콩 (원두, 946.4ml(32온스)",Koffee Kult,55386,55386,4.4,8614.0,Koffee Kult 원두 커피,,"['원두', '커피콩', '커피', '로스트', '다크']"
식음료,음료,커피,,B00ELPSOXU,"Fresh Roasted Coffee, 100% 콜롬비아, 0.9kg(2파운드) (32온스), 미디엄 로스트, 코셔, 원두",Fresh Roasted Coffee,30400,30400,4.4,5706.0,"신선하게 구운 콜롬비아 Spremo 커피는 꿀과 체리의 시음 노트와 균형이 잘 맞습니다. 분명한 군중을 기쁘게 합니다. 카투라와 카스티요 품종. ASL 1,300m에서 자랍니다. 높은 침대에서 세탁 및 건조. 미디엄 로스트. 모두를 위한 커피 - 지속 가능한 방식으로 공급되고 자랑스럽게 로스팅, 블렌딩, 미국에서 포장되었습니다. 당사의 모든 커피는 환경 친화적인 로링 로스터로 로스팅됩니다.",,"['커피', '로스팅', '로스트', '콜롬비아', '카페', '미디엄', '환경', '노트', '로스', '로링']"
식음료,음료,커피,,B09Z5XLXP7,"illy 원두 커피 - 완벽하게 로스팅된 원두 커피 - 코스타리카 미디엄 로스트 - 꿀, 바닐라 및 시트러스 노트 포함 - 100% 아라비카 커피 - 방부제 없음 - 249.5g(8.8온스)",Illy,24708,24708,4.5,8140.0,"풍부한 맛의 Illy 홀빈 커피 - 캐러멜과 말린 과일의 힌트가 있는 꿀, 바닐라, 시트러스 노트와 달콤하고 균형 잡힌 신선한 커피 원두로 모험을 시작하세요 쉽게 커피를 준비하세요 - 언제든지 클래식한 이탈리아 음료를 불러일으킬 수 있습니다. 커피는 신선하게 준비하고 즉시 즐길 수 있습니다. 집에서 편안하게 최고의 커피 경험을 만들어보세요 풍미 & 신선함 - 수년에 걸쳐 Illy 는 풍부한 아로마 프로필, 균형 잡힌 맛 및 아라비카 커피 원두의 독특한 향기로 커피를 얻기 위해 로스팅 과정을 완성했습니다 이탈리아의 맛을 여러분에게 선사합니다 - 당사는 80년 동안 원두 커피의 정점으로 전 세계에서 유명한 독특한 시그니처 블렌드를 정제했습니다 지속 가능성은 우리의 비전입니다 - 저희는 환경과 지역 사회에 지속적으로 집중하는 것에 자부심을 느낍니다. 당사는 더 좋고 살기 좋고 깨달은 세상을 위한 길을 닦는 공통의 목표를 가진 글로벌 운동의 일부입니다","1933년부터 세계 최고의 커피를 제공하는 꿈. 수년에 걸쳐 Illy 는 풍부한 아로마 프로필, 균형 잡힌 맛 및 독특한 향기로 커피를 얻기 위해 이 과정을 완성했습니다. 커피를 만들기 위해 전 세계 30개국 이상의 농부들이 지속 가능하게 재배한 최고급 아라비카 커피 식물만을 선택합니다. 당사는 공유된 가치와 개인적 성장을 기반으로 그들과 오래 지속되는 관계를 구축합니다. 협력해야만 탁월한 결과를 얻을 수 있기 때문입니다. 품질과 지속 가능성을 최대한 중요시하는 재배자들과의 수년 간의 협력 덕분에 최고급 아라비카 커피콩의 1%만을 선택합니다. 원료를 연구하고 실험하는 것은 끝나지 않는 여정입니다. 가공 후 원두는 결함이 없음을 보장하기 위해 세심한 선택을 거칩니다. 불완전한 아라비카 커피 콩 하나라도 블렌드의 향기를 손상시킬 수 있습니다. 특허받은 가압 캔을 통해 아로마를 보존하고 향상시킵니다. 1934년 illy에 의해 특허를 받은 가압은 주석의 공기가 대기압보다 큰 압력에서 불활성 가스로 대체되는 보존 시스템입니다. 이러한 방식으로 커피의 신선도가 유지될 뿐만 아니라 향기도 향상됩니다. 최고의 지속 가능한 품질을 얻기 위해 Illy 는 전 세계 최고의 아라비카를 공급하고, 재배자들과 지속적인 관계를 구축하고 선순환을 육성하여 소비자를 위한 웰빙과 생산자를 위한 사회경제적 발전을 창출합니다.","['커피', '지속', '라비', '원두', '카페', '세계', '맛', '최고', '재배', '아로마']"
식음료,음료,커피,,B08V9JSGJT,"Kahwa 쿠바 커피콩, 쿠바노 다크 로스트 에스프레소 블렌드, 원두 커피, 0.9kg(2파운드) 백",Kahwa Coffee Roasting,35996,35996,4.4,1063.0,"강하고 견고한 맛으로 가득 찬 전통적인 쿠바 블렌드 다크 로스트. 달콤한 마감 가방에는 산소를 차단하고 커피에서 가스를 방출하도록 제작된 단방향 밸브가 있어 집을 떠나지 않고도 좋아하는 카와에서 신선한 카페 품질의 커피를 추출할 수 있습니다 어떤 취향이든, 저희는 최고의 커피 블렌드를 제공합니다. 미디엄 로스트 중에서 다크 로스트, 원두 또는 그라운드 커피를 선택하고 차갑거나 뜨거운 커피의 풍부한 맛을 경험하십시오 당사는 전 세계의 다양한 원산지에서 선택된 100% 프리미엄 고품질 원두를 사용합니다. 이 원두는 혼합되고 능숙하게 로스팅되어 복잡한 맛을 만들어 각 커피 한 잔이 가장 뚜렷한 입맛을 낼 수 있습니다 모든 커피 머신, 드립 머신, 에스프레소 메이커, 에어로프레스, 프렌치 프레스, 푸어 오버 및 모카 포트에 적합합니다",,"['커피', '원두', '로스트', '블렌드', '다크', '맛', '쿠바', '에스프레소', '머신', '선택']"
식음료,음료,커피,,B00F9XQR4Q,"Puroast 저산성 커피 그라운드 프렌치 로스트, 다크 로스트, 인증된 저산성 커피, pH 5.5+, 장 건강, 1kg(2.2파운드), 더 높은 항산화 물질, 에스프레소에 부드러운 아이스 커피",Puroast Coffee,34625,34625,4.1,1153.0,"70% 적은 산성: Puroast 저산성 커피는 모든 커피 애호가, 특히 속쓰림, 위산 역류 및 기타 위장 문제가 있는 사람들에게 적합합니다. 커피를 선호하지만 Puroast는 다양한 1인분, 원두 및 그라운드 커피를 제공합니다 7배 높은 항산화 물질: 항산화 수준과 로스팅 중에 커피가 가열되는 방식 사이에 연관성이 있습니다. UC Davis의 연구에 따르면 Puroast Coffee 는 녹차의 7배 항산화 물질과 주요 커피 브랜드의 5배 항산화 물질을 함유하고 있습니다 순수하게 부어주는 것: 안데스 산맥의 산기슭에 있는 겸손한 기원부터 부드럽고 풍부한 커피를 만드는 Puroast의 비밀은 커피 재배자들이 하는 방식으로 로스팅하는 데 뿌리를 두고 있습니다. 볼륨이 아닌 품질을 위해 로스팅하며 첨가물이나 추출물을 사용하지 않습니다 더 나은 느낌, 절대 쓰지 않음: 맛이 좋고 기분이 좋아지는 부드럽고 향기로운 커피 한 잔으로 매일 갈아보세요! 당사의 독특한 로스팅 방법은 위장을 방해하지 않고 쓴 뒷맛이 없는 저산성 혼합물을 만듭니다. 또한 재생 가능하고 깨끗한 기술을 사용하여 로스터를 발사합니다 모든 컵의 품질: 모든 커피가 똑같이 만들어지는 것은 아닙니다. 고지대에서 재배한 커피콩은 지속 가능한 방식으로 공급되며 코셔 및 화학 물질/살충제가 없으므로 커피와 관련된 소화 문제를 완화하면서 마시는 것에 대해 기분이 좋아질 수 있습니다","Puroast Coffee의 프렌치 로스트 커피의 매우 부드러운 맛을 즐기세요. 대담하고 강한 맛은 매끄러운 마감으로 보완됩니다. Puroast Coffee의 프렌치 로스트는 쓴맛이 없는 풀 바디의 강한 커피를 결합했습니다. 커피를 좋아한다면 훌륭한 맛의 커피를 원한다면 ""쓴맛이 나지 않고 기분이 좋아집니다"" - Puroast Coffee를 마셔보세요. 모든 컵에 웰빙! 집에 있는 커피콩은 체리 같은 과일에서 완두콩 씨앗으로 시작합니다. 사실, 그린 커피 원두를 씹으면 말린 완두콩을 씹는 것과 거의 같은 맛이 납니다. 그러나 이 그린 커피 씨앗을 로스팅하면 모든 것이 바뀝니다(완두콩과 분리됩니다!). Magic From Heating Roasting은 상점이나 커피숍에서 보는 데 익숙해 보일 때까지 이 씨앗을 가열하는 것입니다. 외부의 로스트 원두는 서로 비교하면 더 어둡거나 가볍거나 더 밝거나 칙칙합니다. 하지만 커피가 우리 필사자들에게 매력이 되는 것은 바로 그 안에 있습니다. 향기, 맛, 카페인을 포함한 내부의 화학 물질입니다. 그리고 Puroast Coffee 제품의 ""내부""는 여러분이 구입할 수 있는 다른 모든 커피와 차별화됩니다. Puroast에서 로스팅. 커피의 맛, 쓴맛이나 매끄러움, 산의 양, 항산화 성분 및 로스팅 중에 커피가 가열되는 방식 사이에 연관성이 있음이 밝혀졌습니다. Puroast는 다른 커피와 달리 농원에서 하는 것처럼 로스팅합니다. 이것이 바로 Puroast의 맛과 기분을 좋게 만드는 이유입니다. 정말 간단합니다!","['커피', '로스팅', '맛', '항산화', '물질', '산성', '로스트', '기분', '부드럽다']"
식음료,음료,커피,,B01MR5F527,"Java Planet 유기농, 굿모닝 블렌드 미디엄 로스트, 부드러운 풀 향 유기농 커피 원두, 저산성, 원두 커피 453g(1파운드) 백",Java Planet Organic Coffee Roasters,30456,30456,4.5,6292.0,"하루를 시작하는 훌륭한 블렌드! 남미산 커피로 만든 미디엄 로스트는 깨어나기 좋은 균형 잡힌 풀 바디 커피 한 잔을 만듭니다. 살충제나 곰팡이가 없습니다! 당사는 균독소에 대해 독립적으로 테스트를 거친 100% 유기농 특수 등급 아라비카 커피 원두만을 사용합니다. 커피를 마실 때 높은 고도에서 자란 커피에서 자연적으로 발견되는 유익한 항산화 물질만 흡수할 수 있습니다. 마음의 평화! 저희 커피는 사회적, 환경적으로 책임감 있는 농부들이 재배합니다. 이 커피는 유기농 인증을 받았을 뿐만 아니라 공정 무역 인증을 받았습니다. 그들은 근로자를 잘 대하고 토착 종 서식지를 보호합니다. 원두가 더 좋습니다! 저희는 최고의 맛을 위해 원두 커피만을 포장하므로 일반 드립, 푸어 오버, 프렌치 프레스, 에스프레소 등 모든 브루어에서 커피를 분쇄할 수 있습니다. 가족 소유 및 운영! 우리는 당신이 행복하기를 바랍니다! 커피에 만족하지 못하셨다면 저희에게 연락하여 바로 만들 수 있습니다!",,"['커피', '원두', '유기농', '풀', '블렌드', '인증', '미디엄', '로스트']"
식음료,음료,커피,,B07BFDJVW1,"Colonial 커피 패킷, 미리 분쇄된 커피 팩, 콜롬비아 미디엄 로스트, 드립 커피 메이커용 벌크 백, (70.9g(2.5온스) 백, 100개 팩)",COLONIAL INTERNATIONAL COFFEE,166186,166186,4.4,1203.0,"단일 냄비를 추출하기 위한 미리 측정된 커피 파우치 - 쉽고 간단하게 추출할 수 있습니다. 각 분량의 frac 팩에는 70.9g(2.5온스)의 커피가 채워져 있습니다. 저희 패킷은 원하는 강도에 따라 약 150-194ml(50-64액량 온스)의 드립 커피(10컵 또는 12컵 포트)를 생산합니다. 개별 분수 팩은 커피를 더 오래 신선하게 유지합니다! 상업용 드립 커피 브루어, 기계, 냄비 및 항아리의 모든 모델에 적합합니다. 100% 콜롬비아 그라운드 커피 - 콜롬비아의 아라비카 커피 원두는 높은 산에서 재배되며 이 지역에서 가장 좋은 제품입니다. 당사의 프리미엄 콜롬비아 원두는 포장되기 전에 갓 로스팅하고 갈아서 만듭니다. 미식가 미디엄 로스트 커피 - 당사의 로스팅 공정은 강하고 대담한 맛을 보장하며 균형이 잘 잡히고 부드럽습니다. 블랙이나 크림과 설탕과 함께 마시기에 좋은 풍부하고 순한 풀 바디 맛을 제공합니다. 상업용 벌크 커피 사용 - 32, 60 또는 100개입 박스 사이즈로 판매됩니다. 당사의 신선한 커피 팩은 모든 사내 드립 커피 브루잉 머신 모델과 함께 작동하며 음식 서비스 친화적입니다. 에어팟 커피 디스펜서, 단열 또는 단열 보온병 디스펜서에 적합합니다. 파티, 사무실, 상점, 카페, 병원, 에어비앤비, 접대 용품, 모텔, 학교, 호텔, 비즈니스 및 레스토랑에 적합합니다. 미국에서 로스팅 및 포장 - 콜로니얼 커피 로스터(플로리다 마이애미에 위치)는 1945년에 설립되었으며, 당사의 유산은 3세대에 걸친 자부심, 유산, 전문성 및 전통에 걸쳐 있습니다.",,"['커피', '콜롬비아', '드립', '로스팅']"
식음료,음료,커피,,B00162NTQI,Royal Kona 100% 하와이안 코나 커피 품종,ROYAL KONA COFFEE FOR ROYALTY,45857,45857,4.2,2334.0,"100% 코나 커피 (블렌드가 아님): 최고급 프리미엄 코나 커피 원두로 만들어졌으며 세계에서 가장 유명한 커피를 생산하는 것으로 알려진 코나 지역 중심부에 있는 저희 시설에서 분쇄되었습니다. 프라이빗 리저브 그라운드: 100% 코나 그라운드 커피가 특징인 프리미엄 미디엄 로스트 프라이빗 리저브는 부드럽고 풍성한 맛으로 맛있고 기억에 남는 컵을 만듭니다. 하와이의 맛: 이 정교한 프라이빗 리저브 커피는 항상 엄선된 코나 원두에서 신선하게 만들어지며 전문적으로 로스팅되어 잊을 수 없는 코나 커피 한 잔을 만들어냅니다. 신선도 보장: 모든 Royal Kona 커피는 로스팅된 후 즉시 진공 밀봉되어 최적의 맛과 향을 위해 신선하게 배송됩니다. 1969년부터 하와이: 당사의 유산은 50년 이상 세계 최고의 커피를 로스팅하고 생산해 온 하와이입니다. Kona의 모든 가방은 신선하고 즐겁고 진정한 맛으로 가득합니다. 저희는 새로운 모습을 가지고 있습니다: 앞으로 몇 개월 동안 포장을 바꾸면서 오리지널 골드 디자인이나 새로운 디자인을 받을 수 있지만, 여러분이 알고 사랑하는 것과 동일한 신선한 맛의 커피를 받게 될 것입니다.",,"['커피', '코', '맛', '신선하다', '로스팅', '프라이', '빗', '하와이', '생산', '세계']"
식음료,음료,커피,,B003OPCN2Q,"The Bean Coffee Company 유기농 바닐라 빈, 미디엄 로스트, 그라운드, 453.5g (16온스) 백 (2팩)",The Bean Coffee Company,45358,45358,4.1,3186.0,"바닐라 빈 미디엄 로스트는 정교한 바닐라 맛으로 감각을 즐겁게 합니다. 미디엄 로스트 커피는 풍부한 바디감과 산미의 조화는 물론 뒤따라 펼쳐지는 아로마가 특징입니다. CCOF 및 USDA의 유기농 인증; 미국에서 구운 아라비카 원두 100% ; 453.5g (16온스) 백 2개 팩 (총 907.1g (32온스)) 커피 원두는 가장 신선한 커피를 보장하기 위해 소량으로 손으로 구워집니다. 빛, 열 및 습기로부터 떨어진 밀폐 용기에 커피를 보관하세요. 177.4 ml (6온스)의 정수된 물 당 신선한 그라운드 커피 2 큰 스푼",,"['커피', '바닐라', '로스트', '미디엄', '원두', '라운드', '백', '신선하다', '유기농', '보장']"
식음료,음료,커피,,B07NYKP3RK,"Wandering Bear 유기농 바닐라 콜드 브루 커피 온 탭, 2.9L(100온스) - 매우 강하고 매끄러우며 무가당, 선반 안정성 및 바로 마실 수 있는 아이스 커피, 콜드 브루 커피, 콜드 커피",Wandering Bear,55386,55386,4.0,1678.0,"맛있고 부드러운 콜드 브루 커피: 버튼을 누르면 커피숍 품질의 콜드 브루 커피. 은은한 바닐라 맛. 저희는 이것이 시장에서 가장 좋은 콜드 브루 커피라고 확신합니다. 모든 제품에 대해 100% 만족을 보장합니다. 연락하세요! 개봉 후 신선하게 유지: 당사의 포장은 콜드 브루에서 공기와 빛을 멀리하여 상자를 탭한 후 최대 30일 동안 콜드 브루를 신선하게 유지하도록 설계되었습니다. 유기농, 건강, 깨끗한 라벨: 유기농 아라비카 커피 원두, 여과수 및 유기농 천연 향료. 무설탕, 유제품 프리, 불필요한 성분이나 첨가제 없음. Paleo, Whole30, Keto 및 트렌드에 맞는 라이프 스타일 준수(미래에 안티 커피 라이프 스타일이 없다면 누가 스스로 할 것입니까? 귀하가 아닙니다). 매우 강력함: 당사의 콜드 브루는 170g(6온스) 당 150mg의 카페인을 함유하고 있습니다. 바로 두 개의 에스프레소 샷이 있습니다. 그리고 2.7kg(96온스) 상자에 약 16잔의 콜드 브루를 얻을 수 있습니다. 선반 안정성: 당사의 콜드 브루는 개봉 후까지 실온에서 보관할 수 있습니다. 즉, 대량 구매하여 보관할 수 있습니다. 놀라운 고객 서비스: 우리의 놀라운 인간 팀은 우리가 만드는 모든 것을 지지합니다. 문제나 질문이 있는 경우 이메일을 보내거나 웹사이트를 통해 연락해 주시면 100% 적절하게 해결해 드리겠습니다.",,"['콜드', '브루', '커피', '유기농']"
식음료,음료,커피,,B07G3GLDSP,"Lucy Jo's Coffee, Organic Mellow Belly Low Acid Blend, 미디엄 다크 로스트, 그라운드, 767.1g(26온스)",Lucy Jo's Coffee,43627,43627,4.4,3922.0,인증된 유기농 저산성 커피 블렌드로 배에 쉽게 닿습니다 인도네시아와 브라질산 100% 유기농 아라비카 콩 약간의 향신료와 함께 부드럽고 달콤하며 흙 같은 맛 가족이 운영하는 시설에서 최적의 맛을 위해 손으로 소량 로스팅합니다 그라운드 커피 767.1g(26온스) 백 1개,"Lucy Jo의 유기농 부드러운 벨리 저산성 블렌드는 위장에 쉽게 사용할 수 있는 저산성 커피를 찾는 고객들 사이에서 가장 좋아하는 제품입니다. 많은 고객이 ""감사합니다! 커피를 다시 마실 수 있습니다!"". Lucy Jo's Coffee Roastery는 뉴욕 북부 시골에 본사를 둔 가족이 운영하는 인증된 유기농 커피 로스터리입니다. 저희는 고품질 유기농 커피 로스팅을 전문으로 합니다. 블렌드의 각 성분 커피는 단일 원산지로 견고하게 설 수 있습니다. 필러 빈이 없습니다! 저희는 유기농 커피와 기존 재배 커피를 찾는 고객의 건강 문제를 해결하기 위해 최고 품질의 100% 아라비카 유기농 그린 커피를 공급합니다. 소량 커피 로스팅에 대한 실습 접근 방식을 통해 최적의 맛으로 가능한 가장 신선한 로스팅 커피를 제공할 수 있습니다. 저희는 지역 및 지역 커뮤니티로부터 강력하고 성장하는 팔로워를 얻었으며 더 많은 청중에게 현지 인기 제품을 제공하게 되어 기쁩니다. 음주해 주셔서 감사합니다. Lucy Jo's Coffee!","['커피', '유기농', '로스팅', '산성', '블렌드', '맛', '인증', '라운드', '라비', '운영']"
식음료,음료,커피,,B004FGWU9O,"Wolfgang Puck Coffee, 큐리그 커피머신용 큐리그 KCup, 화이트, 자메이칸 미 크레이지, 24개입",Wolfgang Puck,22160,22160,4.5,7169.0,"맛있는 경험: 자메이칸 미 크레이지 1회용 커피 캡슐 24개들이 1박스. 큐리그 K-Cup 커피머신과 호환됩니다. 순간을 즐기고 인생을 찬양해 보세요. 자메이칸 미 크레이지: 풍부한 코코넛과 아일랜드 트위스트가 함유된 미디엄 로스트 블렌딩으로 열대의 맛을 즐기세요. 전문적인 블렌딩: Wolfgang Puck은 맛있는 풍미와 선명한 향기가 완벽하게 결합된 커피를 선사해 드립니다. 각 블렌딩은 최고급 재배 지역의 땅에서 자란 콩을 사용한 것이 특징입니다. 재활용이 쉬운 제품: 캡슐을 식히고, 필터를 벗겨내고, 비어 껍데기만 남은 컵을 다른 재활용 제품과 함께 둡니다. 지역 재활용 센터에 6번 플라스틱(폴리스티렌)을 받아 주는지 문의해 주세요. (현지 법규 적용 대상) 언제나 고품질 커피를 선사하는 제품: 그린 마운틴 커피, 시애틀스 베스트, 피츠 커피, 일리카페나 팀홀튼 커피를 즐기신다면 Wolfgang Puck의 커피 캡슐을 사용해보세요.",풍부한 코코넛과 아일랜드 트위스트가 들어간 미디엄 로스트 블렌드로 열대의 맛을 즐기세요.,"['커피', '캡슐', '재활용', '메이', '블렌딩', '크레이지', '큐리그', '칸', '지역']"
식음료,음료,커피,,B07J4R16TF,Gevalia 스페셜 리저브 파푸아뉴기니 미디엄 로스트 파인 그라운드 커피 283.5 g (10 온스) 백,Gevalia,21093,21093,4.5,7210.0,"Gevalia, 스페셜 리저브 파푸아 뉴기니 싱글 오리진 미디엄 로스트 파인 그라운드 커피 283.5g (10온스) 백 1개 Gevalia 스페셜 리저브 파푸아 뉴기니 미디엄 로스트 파인 그라운드 커피는 완벽한 한 잔의 커피를 위해 위한 완벽한 관리를 제공합니다. 저희 파푸아 뉴기니 미디엄 로스트 커피는 집을 가득 채우는 아로마 향을 가지고 있습니다. 파푸아 뉴기니의 섬 국가에서 독점적으로 공급되는 100% 아라비카 커피콩으로 제작됨. 저희의 모든 분쇄 커피 팩은 천천히 로스팅된 스냅 쿨 원두를 사용하여 맛과 향을 유지합니다. 그라운드 파푸아 뉴기니 커피는 프렌치 프레스 및 자동 드립 브루잉 머신에 적합합니다. 미디엄 로스트 그라운드 커피 백은 코셔를 즐기는 사람들에게 적합합니다.","Gevalia 파푸아 뉴기니 싱글 오리진 스페셜 리저브 파인 그라운드 커피는 굉장히 풍부하며, 결코 쓰지 않는 미디엄 로스트 커피로 여러분의 머그잔을 채웁니다. 1853년 스웨덴 가블에서 설립되었습니다. Gevalia 빈은 천천히 로스팅하고 스냅 냉각되어 맛과 향을 유지합니다. 저희는 완벽한 한 을 위한 완벽한 관리를 제공합니다. Gevalia 파푸아 뉴기니 그라운드 커피는 파푸아 뉴기니의 섬 국가에서 독점적으로 공급되는 100% 아라비카 원두로 만들어집니다. 당사의 깊은 향을 가진 그라운드 콩은 모든 프렌치 프레스 및 자동 드립 브루잉 머신에 사용할 수 있습니다. 미디엄 로스트 그라운드 커피 283.5g(10온스) 백은 코셔를 즐기는 사람들에게 적합합니다. Gevalia 그라운드 커피의 신선한 락 틴 타이는 여러분의 감각을 깨울 준비가 될 때까지 그 절묘한 커피 맛을 유지합니다. Gevalia 그라운드 커피를 드시고, 150년의 스웨덴 전통을 경험해보세요.","['커피', '라운드', '파푸아', '뉴기니', '로스트', '미디엄', '리저', '스페셜', '향']"
식음료,음료,커피,,B09T9F6J2C,"Purity Coffee FLOW 미디엄 로스트 유기농 커피 - USDA 인증 유기농 특수 등급 아라비카 1인용 커피 포드 - 곰팡이, 진균 독소 및 살충제에 대한 타사 테스트 - 12개입 박스",PURITY COFFEE,27700,27700,3.9,598.0,"미디엄 로스트 커피콩: 생명 에너지를 전달하고 불안과 위장 장애 없이 최고의 성능을 발휘합니다. Flow는 신체적, 정신적 능력을 향상시키고 창의성과 정신적 집중력을 높이기 위해 고안된 오리지널 블렌드입니다. USDA 유기농 녹두: 당사의 인증된 유기농 커피 원두는 재생 농장, 특수 등급, 열대우림 연합 및 스미소니언 버드 친화적 인증을 받았습니다. 모든 수확은 최적의 수준의 폴리페놀 및 기타 항산화 화합물에 대한 실험실 테스트를 거쳤으며 여러분이 좋아할 최고의 맛 프로필을 보장합니다. 무결점, 순수한 장점: 저희는 건강상의 이점을 극대화한다는 단일 목표로 커피를 생산합니다. 그렇기 때문에 Purity 표준은 농업, 소싱, 가공, 로스팅 및 포장과 같은 생산 체인의 모든 단계에서 건강에 끊임없이 초점을 맞춰 고고도 커피 원두의 모든 배치를 엄격하게 테스트하는 데 비용을 아끼지 않습니다. 신선도 중심 및 지속 가능성: 퓨리티 커피를 받으면 로스팅한 날만큼 신선한 맛이 납니다. 저희는 또한 가능한 한 많은 재사용 및 지속 가능한 소재를 사용합니다. 신선함을 유지하기 위해 커피 백을 질소로 씻어 내고 산소 수준을 1-2%까지 낮추어 커피가 썩지 않고 오일이 산화되는 것을 방지합니다. 웰빙을 위해 제작된 고항산화 유기농 커피: 당사는 커피 생산 과정의 모든 단계에서 웰빙 혜택을 극대화하는 데 전적으로 집중하고 있습니다. 그리고 프로세스의 모든 단계를 말할 때 우리는 그것을 의미합니다. Purity Coffee의 유기농 커피는 결함 없는 특수 등급으로, 전 세계에서 생산되는 커피의 1%에만 사용되는 원두의 표준입니다.",,"['커피', '유기농', '생산', '단계', '인증', '원두', '테스트', '특수', '신선하다', '지속']"
식음료,음료,커피,,B014WU03LE,Bestpresso 네스프레소 오리지널 머신용 커피 120 알루미늄 포드 인증 정품 에스프레소 버라이어티 팩 포드 네스프레소 오리지널과 호환 (인텐스 버라이어티 팩),Bestpresso,55386,55386,4.2,16785.0,"정통 이탈리아 에스프레소의 독특한 맛과 크리미한 바디를 즐겨보세요. ✔ 60일 만족 보장. . 저희 포드는 VertouLine 기계와 호환되지 않습니다. 코셔 인증: 이 제품은 정통 연합에서 코셔 인증을 받았습니다. 네스프레소 오리지널 커피 머신과 호환되는 커피 캡슐 편리한 네스프레소 호환 포드에 담긴 고품질 100% 천연 및 독특한 에스프레소, 12개의 박스, 각 10캡슐 포함, 총 120캡슐 방부제, 설탕 또는 향료가 첨가되지 않았습니다. 50% 이상의 열대우림 연합 인증을 받은 지속 가능한 커피. 스페인 제품",,"['호환', '포드', '네스프레소', '인증', '커피', '캡슐', '에스프레소', '버라이어티', '정통', '독특하다']"
식음료,음료,커피,,B0062JDDI4,"First Colony 유기농 원두 커피, 페루 안데스 골드, 680.4g(24온스)",First Colony,24154,24154,4.3,960.0,"셀프 머천다이징 백에 따뜻한 포장되어, 신선함과 품질을 더합니다! 퍼스트 콜로니 디스커버리즈 - 커피 RNFRST 블렌드 메드 오르그 - 61.9ml (24온스)",(미디엄 로스트) 이 인증된 유기농 그늘 재배 커피는 페루 북부 안데스 산맥의 북동쪽 경사면에서 재배됩니다. 미디엄 바디와 약간 달콤한 맛으로 부드럽습니다. 인증됨.,"['커피', '페루', '재배', '인증', '유기농', '미디엄', '안데스', '포장', '로스트', '맛']"
식음료,음료,커피,,B06Y5JBQDD,"Day To Day 120개 콜롬비아 슈프림, 라이트 로스트 1인용 커피 포드 K 컵 큐리그 브루어용 (콜롬비아 슈프림, 120개 (1팩)",Day To Day Coffee,51231,54001,3.9,10253.0,"라이트 로스트 커피 포드 120개 Keurig K-cup 브루어에 맞습니다 미국에서 제작 코셔 인증 콜롬비아 슈프림은 소량 배치 라이트 로스트, 싱글 오리진 커피로 균형 잡힌 산도와 달콤하고 순한 마무리를 갖춘 풀 바디 컵을 제공합니다",,"['콜롬비아', '커피', '라이트', '로스트', '슈프림', '브루어', '컵', '포드', '풀', '달콤하다']"
식음료,음료,커피,,B0788JB9TK,Seattle's Best Coffee SBC K-Cup,Seattle's Best Coffee,67560,67560,4.6,6411.0,"풍부한 6th Avenue 비스트로 다크 로스트 커피를 구입하여 K-컵 포드 10개 6박스로 총 60개의 포드를 제공합니다 이 프리미엄 다크 로스트는 대담하고 풍성하며 매번 맛있고 풍부한 컵을 만드는 초콜릿 노트가 있습니다 Seattle's Best Coffee 라틴 아메리카에서 공급되는 100% 아라비카 원두로 만들어졌으며 풍부한 맛을 위해 부드럽게 로스팅되었습니다 이 다크 로스트 커피 K-Cup 포드로 값비싼 커피숍을 건너뛰고 빠르고 편리하며 합리적인 가격으로 하루를 시작하세요 1인용 브루잉 시스템과 호환되며, 균형 잡힌 컵을 위해 큐리그 226.8g(8온스) 설정을 사용하는 것이 좋습니다","주방을 프리미엄 비스트로로 바꿀 준비가 되셨나요? Seattle's Best Coffee의 6th Avenue Bistro K-Cup 포드를 사용해보세요. 이 맛있는 다크 로스트 커피는 부드럽지만 강한 맛을 제공하여 집에서 부드럽고 균형 잡힌 커피를 즐기고 싶을 때 적합합니다. Seattle's Best Coffee 하루를 시작하는 스마트하고 저렴한 방법이며, 편리한 다크 로스트 K-Cup 포드를 사용하면 좋아하는 커피를 몇 분 안에 갓 추출할 수 있습니다. 이 로스티한 다크 블렌드 6박스를 즐기면서 총 60개의 K-Cup 포드를 제공하므로 매일 아침 Seattle's Best Coffee 아침을 만들 수 있습니다.","['다크', '포드', '로스트', '커피', '부드럽다', '풍부하다', '컵', '박스', '맛있다', '맛']"
식음료,음료,커피,,B005K4Q37U,"Grove Square 카푸치노, 헤이즐넛, 1인용 컵 24개",Grove Square,27686,27686,4.5,25843.0,이제 언제든지 집에서 이 즐거운 커피숍 간식을 즐길 수 있습니다 거부할 수 없는 향기와 달콤하고 버터 같은 헤이즐넛 오버톤으로 상쾌하고 맛있습니다 바쁜 아침이나 이동 중 간식이 필요할 때 편리합니다 코셔 인증 모든 1.0 및 2.0 브루어와 호환되는 1인용 컵,"Grove Square에서는 1세대 Keurig K-Cup Brewer와 호환되는 맛있는 음료를 만듭니다. Grove Square의 멋진 커뮤니티에는 세 개의 지역이 포함되어 있으며, 각각 독특한 1인용 보온 및 차가운 음료를 제공합니다. 바리스타 도로에서 카푸치노는 가문의 전문 제품입니다. Orchard Lane은 사이다 애호가의 낙원이며, Chocolate Circle은 풍부하고 구식 코코아를 위한 장소입니다. Grove Square가 제공하는 모든 것을 샘플링해 보세요. 집처럼 편안한 장소이며 모두에게 맛있고 편리한 음료가 있습니다!","['음료', '인용', '맛있다', '호환', '컵', '헤이즐넛', '장소', '카푸치노', '집', '편리하다']"
식음료,음료,커피,,B00EQD4QUM,"Puroast 저산 그라운드 커피, 유기농 하우스 블렌드, 고항산화제, 340g (12온스) 백 (1팩)",Puroast Coffee,26176,26176,3.8,1844.0,"70% 적은 산성: Puroast 저산성 커피는 모든 커피 애호가, 특히 속쓰림, 위산 역류 및 기타 위장 문제가 있는 사람들에게 적합합니다. 커피를 선호하지만 Puroast는 다양한 1인분, 원두 및 그라운드 커피를 제공합니다 7배 높은 항산화 물질: 항산화 수준과 로스팅 중에 커피가 가열되는 방식 사이에 연관성이 있습니다. UC Davis의 연구에 따르면 Puroast Coffee 는 녹차의 7배 항산화 물질과 주요 커피 브랜드의 5배 항산화 물질을 함유하고 있습니다 순수하게 부어주는 것: 안데스 산맥의 산기슭에 있는 겸손한 기원부터 부드럽고 풍부한 커피를 만드는 Puroast의 비밀은 커피 재배자들이 하는 방식으로 로스팅하는 데 뿌리를 두고 있습니다. 볼륨이 아닌 품질을 위해 로스팅하며 첨가물이나 추출물을 사용하지 않습니다 더 나은 느낌, 절대 쓰지 않음: 맛이 좋고 기분이 좋아지는 부드럽고 향기로운 커피 한 잔으로 매일 갈아보세요! 당사의 독특한 로스팅 방법은 위장을 방해하지 않고 쓴 뒷맛이 없는 저산성 혼합물을 만듭니다. 또한 재생 가능하고 깨끗한 기술을 사용하여 로스터를 발사합니다 모든 컵의 품질: 모든 커피가 똑같이 만들어지는 것은 아닙니다. 고지대에서 재배한 커피콩은 지속 가능한 방식으로 공급되며 코셔 및 화학 물질/살충제가 없으므로 커피와 관련된 소화 문제를 완화하면서 마시는 것에 대해 기분이 좋아질 수 있습니다","Puroast Coffee 의 하우스 블렌드는 쓴맛이 없는 풍부한 맛의 커피를 제공합니다. Puroast는 미국에서 가장 맛있고 부드러운 맛의 커피라고 믿습니다. Puroat 저산성 커피는 혁신적인 기술, 선도적인 과학자들의 신뢰할 수 있는 연구, 속쓰림과 역류로 인한 증상 완화를 제공하는 훌륭한 맛을 결합했습니다. 의료 전문가에게 당사에 대해 알려주시면 발표된 연구를 받을 수 있습니다.","['커피', '맛', '산성', '항산화', '로스팅', '물질', '부드럽다', '연구']"
식음료,음료,커피,,B07DWS4Z17,"Kimbo Espresso Intenso 네스프레소 캡슐, 100% 아라비카 커피 (캡슐 100개 팩)",KIMBO,33724,33724,4.5,1709.0,"100% 이탈리아산 Kimbo Kimbo Intenso 100캡슐 인텐소 블렌드, 나폴리 전통의 전형적인 다크 로스트 커피. 풀 바디의 강렬한 향과 다크 초콜릿 노트와 함께 오래 지속되는 뒷맛 Kimbo 캡슐은 Vertuo 기계가 아닌 오리지널 기계에만 호환됩니다","네스프레소 오리지널 머신과 호환되는 Kimbo 커피 파술 100캡슐. 네스프레소는 SOCIETÈ DES PRODUITS NESTLÈ S.A의 등록 상표입니다. 위에 언급된 어떤 것도 Kimbo 또는 Import39의 재산이 아니며 이들과 그들의 계열사, Kimbo 및 Import39 및 그 계열사 간에 제휴가 없습니다.","['캡슐', '커피', '네스프레소', '호환', '계', '기계', '열사', '다크', '라비', '머신']"
식음료,음료,커피,,B00BEYHYD2,"Gaviña 에스프레소, 원두 다크 로스트 커피, 946.4ml(32온스) 백",Gavina,28475,28475,4.5,1164.0,"남부 및 중부 미국 커피, 다크 로스트, 헤비 바디, 중간 정도의 낮은 산도, 초콜릿 노트의 혼합. 에스프레소 기반 음료의 베이스로 가장 적합합니다. 당사의 전체 콩 커피는 필요한 신선함과 품질을 제공합니다. 샷, 우유와 함께 또는 라떼와 카푸치노와 같은 뜨겁고 차가운 커피 음료를 위한 베이스로 즐길 수 있습니다. 당사의 직접적인 영향 이니셔티브는 당사가 내리는 모든 비즈니스 결정에 영향을 미치므로 미래 세대를 위해 천연 자원과 환경을 보존할 수 있습니다. 로스앤젤레스에 있는 폐기물 제로 매립 시설에서 혼합, 로스팅 및 포장. 에스프레소 로스팅에 대한 우리 가족의 전통은 ""커피""라는 단어가 ""에스프레소""와 동의어였던 쿠바 저택으로 거슬러 올라갑니다. 미국에서 최초로 판매한 카페 가비냐 에스프레소 컨티넨탈은 스페인산 고유의 풍부하고 향기로운 맛을 끌어냅니다. 대담하고 균형 잡힌 맛에 대한 당사의 열정은 오늘날까지 계속되고 있습니다. 에스프레소의 풍부한 맛을 이길 수 있는 것은 없습니다.","에스프레소 로스팅에 대한 우리 가족의 전통은 ""커피""라는 단어가 ""에스프레소""와 동의어였던 쿠바 저택으로 거슬러 올라갑니다. 미국에서 최초로 판매한 카페 가비냐 에스프레소 컨티넨탈은 스페인산 고유의 풍부하고 향기로운 맛을 끌어냅니다. 대담하고 균형 잡힌 맛에 대한 당사의 열정은 오늘날까지 계속되고 있습니다. 에스프레소의 풍부한 맛을 이길 수 있는 것은 없습니다.","['에스프레소', '맛', '커피', '풍부하다', '미국', '로스팅', '가비냐', '영향', '저택', '동의어']"
식음료,음료,커피,,B00EDHW96O,Caza Trail Keurig K-Cup Brewers 1인용 컵,Caza Trail,76008,76008,4.4,12429.0,"Caza Trail 커피: 토스트하고 대담하며 견과류 향이 나는 미디엄 로스트 커피로 감각적인 모험을 즐기고 환상적인 맛을 발견하세요 완벽한 블렌드: 전 세계에서 엄선한 커피 원두로 Caza Trail 사냥을 시작하세요. 이 Caza 커피 포드는 아로마, 바디 및 맛의 완벽한 균형을 위해 100% 아라비카 커피로 만들어졌습니다 이동 중 간식: 초콜릿이 뿌려진 트레일 바와 잘 어울리는 맛있는 커피로 햇살을 즐기세요. 바쁜 아침이나 필요할 때마다 편리합니다 1인용 컵: Caza Trail 1인용 커피 컵으로 좋아하는 맛을 찾아 감각을 생생하게 만드세요. 모든 1.0 및 2.0 커피 브루어와 호환됩니다 코셔 인증: 코셔 인증 커피 컵으로 전 세계 최고의 품종과 향의 보물을 발견하세요. 라이트, 미디엄, 다크 로스트와 같은 다양한 맛을 제공합니다",유기농 아라비카 커피콩이 들어간 기분 좋은 맛의 커피로 놀라운 맛을 발견하세요. Caza Trail은 풍부하고 매혹적인 커피 컵을 찾는 것이 모든 기분과 하루 중 언제든지 성공할 수 있도록 가장 맛있는 품종과 맛을 제공하기 위해 최선을 다하고 있습니다. 각 컵마다 Caza Trail 제품에 들어가는 관리와 품질과 추출된 커피를 마실 때마다 포착하는 독특한 에센스를 맛볼 수 있습니다. 커피 포드로 맛과 향을 소중히 여기고 즐기세요.,"['커피', '맛', '컵', '향', '인용', '발견', '인증', '로스트', '완벽하다', '미디엄']"
식음료,음료,커피,,B0BQT2JTNR,Fire Department Coffee - 바닐라 버번 커피 - 베테랑 소유 - 바닐라 빈 버번 주입 그라운드 커피 - 미디엄 로스트 - 무알코올 - 미국에서 로스팅 - 프리미엄 버번 커피 - 355ml(12온스),Fire Department Coffee,24916,24916,4.5,1141.0,"바닐라 빈 버번 인퓨전: 무알코올 바닐라 빈 버번 주입 커피로 이전에는 없던 커피를 경험하십시오. 독점적인 스피릿 주입 공정을 사용하여 제작된 바닐라 빈 버번 가루는 알코올 함량을 제거하면서 풍미를 더하는 독특한 방법 덕분에 풍부한 바닐라와 프리미엄 버번 맛으로 강조됩니다. 브랜드 미션: 재향 군인 소유 및 NaVOBA 인증을 받은 Fire Department Coffee 는 작업 중에 아프거나 다친 동료 소방관 및 응급 구조원에게 환원하는 것을 우선시합니다. 저희는 자랑스럽게 여기 미국에서 원두를 로스팅하여 모든 컵에 미국 소방관의 헌신과 정신을 구현합니다. 프리미엄 커피: 수제 커피의 풍부함을 경험하십시오. 설탕, 방부제 또는 콩 없이 소량으로 로스팅하여 순수하고 만족스러운 브루를 보장합니다. 올 콜 브루잉 호환성: 긴 교대 근무를 준비하든 용감한 하루를 보낸 후 휴식을 취하든, 당사의 원두 커피는 어떤 전화에도 적합합니다. 100% 만족: 바닐라 빈 버번 주입 커피에 100% 만족을 보장합니다. 기뻐하지 않으시면 주저하지 말고 저희에게 연락하십시오. 당사의 전담 팀은 가능한 모든 방법으로 귀하를 지원할 준비가 되어 있습니다. 여러분의 성원에 진심으로 감사드립니다.",,"['커피', '버번', '바닐라', '주입', '미국', '알코올', '로스팅', '프리미엄', '만족', '풍부하다']"
식음료,음료,커피,,B0854FVTFX,San Alberto 원두 커피 싱글 오리진 캐러멜 및 소프트 다크 초콜릿 노트 아라비카 스페셜티 콜롬비아 블랙 커피 미디엄 로스트 355ml(12온스),CAFÉ SAN ALBERTO,34472,34472,4.4,224.0,"가장 수상 경력에 빛나는 콜롬비아 커피: 슈퍼 프리미엄 및 독특한 커피, 전문가들이 인정하는 맛. ITQI, Monde Selection, Most Exotic Colombian Coffee 등. 독특한 단일 원산지 미식가 커피: San Alberto Estate의 축복받은 토양에서 독점적으로: 영양분이 가득한 땅, 1.500 - 1.800 m 사이의 물 샘이 풍부한 땅으로 커피 원두를 재배할 수 있는 독특하고 특별한 미기후를 만듭니다 우리의 풍미 정체성에 충실: San Alberto는 아라비카 카투라와 아라비카 카스티요의 2가지 아라비카 품종의 놀라운 조합입니다. 100% 아라비카 콜롬비아 커피. 감미롭고 달콤한 향기로운 노트: 캐러멜과 부드러운 다크 초콜릿을 연상시키는 섬세한 과일 같은 산도와 조화로운 균형을 돋보이게하여 입안에서 독특하고 우아한 특성을 만들어냅니다. 정교함과 고급스러움, 환경과 완벽하게 조화를 이루세요: 열대우림 및 UTZ 인증. San Alberto는 트레이드마크 프로세스에 따라 생산됩니다. 다섯 단계 선택 프로세스는 일련의 노동 집약적인 선택으로 각 수확의 최고의 맛만이 우리 블렌드의 일부가 되도록 보장합니다. 휴일 맛보기: 이번 크리스마스에 San Alberto 원두 커피로 즐거운 맛을 선물하세요. 미디엄 로스트 아라비카 스페셜티 콜롬비아 블랙 커피의 싱글 오리진 캐러멜과 소프트 다크 초콜릿 노트의 풍부한 맛은 커피 애호가의 휴일 시즌에 기쁨을 가져다 줄 것입니다.",,"['커피', '카페', '라비', '맛', '콜롬비아', '독특하다', '원두', '초콜릿', '노트', '캐러멜']"
식음료,음료,커피,,B08L89MCFY,"Fresh Roasted Coffee, FRC 라이트 로스트 블렌드, 2.3kg(5파운드) (80온스), 코셔, 원두",Fresh Roasted Coffee,55330,55330,4.3,3947.0,"Fresh Roasted Coffee 의 라이트 로스트 아티잔 블렌드는 밝고 깨끗합니다. 멋진 향기와 바삭하고 육즙이 풍부한 맛으로 아침을 시작할 수 있는 완벽한 방법입니다 엄선된 남미 및 중미 커피 원두를 전문적으로 혼합하여 쓴맛 없는 맛있는 컵을 만듭니다 프리미엄 100% 아라비카 원두는 환경 친화적인 로링 스마트 로스터로 로스팅되어 탄소 배출량을 줄이면서 지속적으로 우수한 맛과 향을 제공합니다 당사의 커피는 로스팅된 다음 단방향 가스 제거 밸브가 장착된 질소 플러시 백에 즉시 포장되므로 커피는 가능한 한 오랫동안 신선함을 유지합니다 OU 코셔 인증. 지속 가능한 방식으로 공급되고 자랑스럽게 로스팅, 블렌딩, 미국에서 포장되었습니다",,"['로스팅', '원두', '커피', '라이트', '블렌드', '맛', '지속', '로스트', '가능하다', '포장']"
식음료,음료,커피,,B09NF6YXCV,"Cafe La Llave 에스프레소 캡슐, 재활용 가능한 알루미늄 포드 40개, 강도 11, 오리지널 네스프레소 머신과 호환 가능",Cafe La Llave,30733,30733,4.6,4090.0,"강렬한 향기롭고 풍부하며 볼드: 다크 로스트 라틴 스타일 에스프레소. 풀 바디의 고향과 균형 잡힌 에스프레소입니다. 강도 레벨 11. 이제 알루미늄 캡슐: 알루미늄은 산화에 대한 최고의 장벽을 제공하며 커피의 신선도, 향 및 맛을 유지합니다. 재활용 가능한 커피 포드: Café La Llave 알루미늄 캡슐은 TerraCycle과의 파트너십을 통해 재활용이 가능합니다. 모든 컵에서 100년이 넘는 라틴 전통: 커피의 뿌리는 쿠바 트리니다드 언덕에 있는 우리 가족의 커피 부지로 거슬러 올라갑니다. 로스앤젤레스에 있는 폐기물 제로 매립 시설에서 혼합, 로스팅 및 포장.","다크 로스팅과 강렬한 향기, 풍부하고 강한 라틴 스타일 에스프레소를 즐기는 에스프레소 애호가들 사이에서 가장 좋아하는 제품입니다. 산화에 대한 최고의 장벽을 제공하고 커피의 신선도, 향 및 맛을 유지하는 알루미늄 캡슐로 제공됩니다. Café La Llave 알루미늄 캡슐은 Terracycle®과의 파트너십을 통해 재활용 가능합니다. 에스프레소 또는 코르타디토(찐 우유로 에스프레소 컷)를 만들기에 좋습니다. NESPRESSO® 오리지널 라인 브루어와 호환됩니다.","['에스프레소', '알루미늄', '캡슐', '커피', '재활용', '가능하다', '라틴', '맛', '산화', '최고']"
식음료,음료,커피,,B000LLKB8Y,"Luzianne Coffee & Chicory 미디엄 로스트 그라운드 커피, 368.5g(13온스) 백 (4팩)",Luzianne,44250,44250,4.8,471.0,"미디엄 로스트 그라운드 커피와 치커리: 이 특별한 그라운드 커피 블렌드는 최고급 100% 아라비카 커피 원두와 치커리의 특별한 터치로 만들어졌습니다. 쓴맛 없이 풍부한 맛으로 가득합니다 치커리 맛: 치커리 터치로 커피의 맛을 열어 블렌드를 부드럽게 하고 쓴맛을 제거하여 탁월한 맛의 풍부한 브루를 만듭니다. 모든 커피 메이커에 적합합니다 커피 애호가를 위해: 저희 커피는 부드럽고 클래식한 루이지애나 향과 맛으로 커피 애호가들에게 인기가 있습니다. 신선함을 위해 다목적 분쇄 및 진공 밀봉으로 제공됩니다 정통 차와 커피: 당사의 아이스 티와 커피 블렌드는 1932년부터 팬들이 가장 좋아하는 제품입니다! 1인용 K컵 포드, 아이스 티백, 농축액 및 병 음료와 같은 다양한 제품을 확인하세요 Luzianne 유산: 저희 가족 사업은 100년 이상 차와 커피에 중점을 두었습니다. Luzianne 설립자인 윌람 B 라일리는 차와 커피의 인기를 미국 전역에 퍼뜨리는 데 도움을 주었습니다",Luzianne 최고급 커피콩의 특별한 혼합. 오늘 프리미엄 커피를 즐기세요!,"['커피', '맛', '커리', '블렌드', '라운드', '특별하다', '애호가', '인기', '부드럽다', '미디엄']"
식음료,음료,커피,,B07HJVHKVY,"Lavazza 유기농 라이트 로스트 아라비카 커피 블렌드, USDA/캐나다 유기농 인증, 1kg(2.2파운드)",Lavazza,28946,28946,4.5,2533.0,"1kg(2.2파운드) 1개. Lavazza 유기농 티에라 이탈리안 홀 커피 원두 봉지. 꿀, 맥아, 초콜릿 향이 나는 풍부한 바디 이탈리안 로스트 USDA 유기농, 캐나다 유기농, UTZ 및 유로 잎 유기농 인증, 100% 지속 가능하게 재배된 100% 프리미엄 아라비카 혼합 및 이탈리아에서 로스팅 에스프레소에 가장 적합하지만 모든 커피 메이커에도 적합합니다 라이트 로스트 1kg(2.2파운드). Lavazza Organic Tierra 가방! 이탈리안 홀 커피 원두 시음 노트: 꽃과 과일 준비 방법: 드립 커피 머신, 프렌치 프레스, 푸어 오버, 콜드 브루","커피를 어떻게 섭취하든 Lavazza 제품은 커피 의식에 완벽하게 맞는 블렌드와 준비를 갖추고 있습니다. 4세대의 Lavazza 제품군은 125년 이상 전 세계에서 최고의 커피 원두를 혼합하여 라바짜 고유의 맛과 향을 제공하기 위해 헌신해 왔습니다. 유기농 티에라! 원두 커피 블렌드도 예외는 아닙니다. 아라비카 품종을 혼합하여 꽃과 과일 향이 나는 풀 바디 라이트 로스트를 만듭니다. 이 블렌드는 전통적인 에스프레소로 이상적으로 추출되지만 드립 커피 메이커, 프렌치 프레스 또는 모카 포트와 함께 사용할 수 있을 만큼 다재다능합니다. 모든 작은 순간을 즐길 수 있는 프리미엄 경험을 즐기세요.","['커피', '유기농', '원두', '로스트', '블렌드', '이탈리안', '향', '카페', '라비', '라이트']"
식음료,음료,커피,,B001EO772A,"Cafe Altura 그라운드 유기농 커피, 레귤러 로스트, 355ml(12온스) (3팩)",Cafe Altura,49195,49195,4.6,374.0,부드럽고 크리미한 맛을 위해 가볍게 볶은 원두를 넣은 그라운드 커피 맛있는 아이스 또는 핫 아침을 시작하는 완벽한 방법 낮이나 밤 언제든지 빠른 간식이나 픽업에 좋습니다 유기농,"프레시 그라운드 커피 원두는 훌륭한 커피 한 잔을 만드는 데 필수적인 단계입니다. Cafe Altera의 모든 유기농, 공정 무역 및 바이오다이나믹 커피에 사용할 수 있는 Cafe Altera의 '요청시 접지' 옵션은 좋아하는 커피를 '주문'하여 상업용 품질의 버 그라인더의 원두를 원하는 수준으로 분쇄하고 즉시 진공 밀봉하는 것입니다. Cafe Altera의 신선한 분쇄 커피는 고객이 모든 주문을 최대한 활용할 수 있도록 도와줍니다.","['커피', '유기농', '원두', '라운드', '분쇄']"
식음료,음료,커피,,B09JVKMF3Y,"RISE Brewing Co. Oat Milk 모카 니트로 콜드 브루 커피, 설탕 무첨가 및 유제품 없음, 유기농 및 GMO 프리, 낮은 산도 및 비건, 288.1ml(7액량 온스) 캔",RISE Brewing Co.,48447,48447,4.3,1437.0,"RISE Brewing Co. Nitro 콜드 브루 - 귀리 밀크 모카 캔 12개(198.4g(7온스)가 포함되어 있습니다. RISE 귀리 밀크 모카 니트로 콜드 브루 커피는 설탕이 첨가되지 않은 천연 카페인 80mg을 함유하고 있습니다. RISE는 페루의 프리미엄 공정 무역 커피 원두만을 사용합니다. USDA 유기농, GMO 프리 및 유제품 프리! 이 질소 주입 콜드 브루 라떼는 초콜릿 귀리 밀크로 시그니처 커피를 향상시킵니다. RISE Nitro 콜드 브루 커피는 급한 사람들을 위한 완벽한 선택입니다.",,"['콜드', '커피', '브루', '귀리', '프리', '밀크', '모카', '첨가', '유제품', '설탕']"
식음료,음료,커피,,B082VXLF3H,"Lavazza Crema E Gusto 원두 커피 1kg 백, 정통 이탈리아식, 이탈리아에서 혼합 및 로스팅, 풀 바디, 스파이스 노트가 있는 크리미한 다크 로스트",Lavazza,25553,25068,4.5,5912.0,Lavazza Crema e Gusto 원두 커피 1kg(2.2파운드) 봉지 맛: 풀 바디 로스트: 다크 아로마 노트: 향신료 노트 구성: 100% 아라비카 원산지: 주로 중남미,"커피를 어떻게 섭취하든 Lavazza 제품은 커피 의식에 완벽하게 맞는 블렌드와 준비를 갖추고 있습니다. 4세대의 Lavazza 제품군은 125년 이상 전 세계에서 최고의 커피 원두를 혼합하여 라바짜 고유의 맛과 향을 제공하기 위해 헌신해 왔습니다. Lavazza Crema e Gusto는 독특한 특성을 제공하는 원두 커피로, 브라질 아라비카와 아프리카 및 인도네시아 로부스타 커피를 완벽하게 결합하여 강렬한 향과 풍성한 맛을 만들어냅니다. 모든 작은 순간을 즐길 수 있는 프리미엄 경험을 즐기세요.","['커피', '원두', '맛', '노트', '혼합', '다크', '완벽하다', '바디', '이탈리아', '로스트']"
식음료,음료,커피,,B01770AIXE,Folgers 100% 콜롬비아 커피 10.3 (2팩),Folgers,29832,28406,4.0,747.0,Folgers Coffee 10.3 온스 캔. 2팩 100% 콜롬비아 med-dark,Folgers 100% 콜롬비아 커피 10.3 (2팩),"['콜롬비아', '커피', '캔']"
식음료,음료,커피,,B07KXWY1WY,"Starbucks VIA 인스턴트 커피, 미디엄 로스트 커피, 파이크 플레이스 로스트, 100% 아라비카, 1박스 (50팩)",Starbucks,71105,71105,4.5,8345.0,Starbucks 인스턴트 커피 팩을 통해 - Starbucks 는 Starbucks VIA 인스턴트 파이크 플레이스 로스트 미디엄 로스트 커피의 1인용 인스턴트 커피 패킷으로 탁월한 커피 한 잔을 제공합니다. 50개입 박스 파이크 플레이스 로스트 - 부드럽고 균형 잡힌 라틴 아메리카 커피와 초콜릿과 구운 견과류의 은은한 풍부한 노트가 혼합되어 매일 사용하기에 적합합니다 신선한 맛 - Starbucks 는 최고 품질 표준을 준수합니다. 카페에서 추출한 것과 동일한 신중하게 로스팅된 100% 아라비카 커피 원두를 신선하게 배송합니다 나만의 것으로 만드세요 - 블랙 커피를 좋아하든 크림과 설탕을 넣든 완벽한 일상 컵은 즉시 쉽게 즐길 수 있습니다 윤리적 공급—Starbucks Conservation International과 협력하여 100% 윤리적인 커피 공급에 전념하고 있습니다,"시애틀의 파이크 플레이스 마켓에 있는 첫 번째 매장부터 전 세계 커피하우스까지, 고객들은 하루 종일 즐길 수 있는 갓 추출한 커피를 요청했습니다. 그래서 2008년, 당사의 마스터 블렌더와 로스터는 고객과 협력하여 여러분을 위해 만들었습니다. 그 결과 Pike Place Roast가 탄생했습니다. 매우 일관되고 조화로운 블렌드로 단일 특성이 지배적이거나 사라지지 않습니다. Pike Place는 The Pike Place Market PDA의 등록 상표이며 라이선스 하에 사용됩니다.","['커피', '로스트', '파이크', '레이스', '인스턴트', '라비', '카페', '미디엄', '박스', '공급']"
식음료,음료,커피,,B00X8N1VKO,Verena Street 커피 원두.,Verena Street,38780,38780,4.4,4321.0,"갓 로스팅 한 커피. 열대우림 동맹 인증 커피빈 100% 함유. 열대우림 동맹 인증 농장의 커피는 농장 가족, 야생 동물 및 환경에 도움이 되도록 지속적으로 재배됩니다. 농부, 야생동물 및 환경을 보호하기 위해 열대우림 동맹 인증 농장에서 지속적으로 공급됩니다. 아이오와 더뷰크의 독립된 가족 소유의 커피 회사에서 갓 로스팅 및 포장됩니다 세계에서 가장 신뢰받고 인정받는 코셔 인증인 OU(정교회 연합)의 인증을 받았습니다.",,"['인증', '커피', '농장', '동맹', '열대우림', '로스팅', '환경', '가족', '지속', '갓']"
식음료,음료,커피,,B08376RLW6,"VitaCup 슬림 인스턴트 커피 패킷, 가르시니아, 섬유질, 비타민 B, 대담하고 매끄러움, 미디엄 다크 로스트, 100% 아라비카 커피, 1인용 스틱, 10개입",VitaCup,20761,20761,4.2,8567.0,"다이어트 지원: 맛있는 고급 콜드 브루 또는 인스턴트 뜨거운 커피 한 잔을 얻는 가장 빠른 방법인 슬림 커피 인스턴트 스틱으로 식단을 지원하세요. 피트니스 루틴을 지원하는 슈퍼푸드가 함유되어 있습니다. 슬림 커피와 활동적인 라이프 스타일 및 건강한 식단을 결합하여 최고의 웰빙 목표를 달성하세요. 간식 공격: 체중 관리는 쉬운 일이 아니지만 이 슬림 브루 커피는 도움이 될 수 있습니다! 하이드록시시트르산을 함유한 천연 섬유인 가르시니아 캄보지아의 지원을 받으세요. 커피가 즉시 업그레이드되었습니다. 슬림 커피를 활동적인 라이프 스타일 및 건강한 식단과 함께 사용하면 최고의 웰빙 목표를 달성할 수 있습니다 슈퍼푸드의 일일 복용량: 슬림 인스턴트 커피 싱글에는 필수 비타민 B1, B5, B6, B9 및 B12가 포함되어 있어 몸에 필요한 영양소를 제공합니다. 슬림 커피 패킷에는 천연 섬유인 아티초크 이눌린이 함유되어 최고의 커피입니다! 맛볼 수 있는 품질: Slim Instant Coffee Packets는 타의 추종을 불허하는 품질과 맛을 가진 최고의 슬림 커피입니다. 브라질과 콜롬비아의 소규모 농장에서 공급되는 고급 100% 아라비카 원두로 제작되었습니다. VitaCup 슬림 커피를 마실 때 최고의 품질과 맛을 기대하세요! 어디서나 브루잉: 편리하게 포장되고 개별적으로 밀봉되어 어디를 가든 슬림한 커피 스틱을 휴대할 수 있습니다! 열고 섞고 즐기기만 하면 됩니다! 브루어 없이 이동 중에도 편리합니다.",,"['커피', '슬림', '최고', '인스턴트', '스틱', '식단', '함유']"
식음료,음료,커피,,B01HN1MZ6U,"Douwe Egberts Aroma Rood 그라운드 커피, 499g(17.6온스) (4팩)",Douwe Egberts,58156,58156,4.7,294.0,고급 그라운드 커피 네트 500g/17.6온스; 모든 유형의 커피 메이커와 함께 사용할 수 있는 그라운드 투 미디엄 코스 100% 분쇄 커피 더 긴 신선함을 보존하기 위해 진공 포장 Sara Lee 회사인 Douwe Egberts가 네덜란드에서 제작했습니다,Douwe Egberts 아로마 Rood 커피는 네덜란드에서 가장 인기 있는 제품 중 하나입니다. Aroma Rood는 향기로운 풀 바디의 스파이시 커피입니다. Douwe Egberts 공정으로 완벽하게 로스팅된 강력한 로부스타와 아로마 아라비카 커피 원두의 구성입니다.,"['커피', '라운드', '네덜란드', '아로마', '회사', '보존', '고급', '공정', '구성', '네트']"
식음료,음료,커피,,B08D9NWR5K,"Trung Nguyen G7 인스턴트 커피 - 3-in-1 NANO+ 기술, 로스트 그라운드 블렌드, 비유제품 크리머 및 설탕 (스틱 100개)",TRUNG NGUYÊN LEGEND,35677,35677,4.7,1034.0,"<p>프리미엄 인스턴트 커피. 각 가방에는 100개의 스틱 G7 3 IN 1 인스턴트 커피가 포함되어 있어 언제든지 완벽한 인스턴트 커피 한 잔을 제공합니다. <p> <p>3 in 1 조합. 고품질 커피 파우더, 비유제품 크림 및 설탕으로 채워진 스틱은 표준 이상의 커피 컵을 제공합니다. 원래 매혹적인 향과 매력적인 맛은 잘 준비된 커피와 비교하여 G7의 품질을 만듭니다. <p> <p>대담한 맛과 향기로운 아로마. 세심한 콩 선택 과정과 현대적인 오리엔탈의 노하우로 제작된 TRUNG NGUYEN LEGEND G7 3 in 1 인스턴트 커피는 다른 인스턴트 커피와는 달리 독특한 향기와 거부할 수 없는 맛을 만듭니다. <p> <p>빠르고 쉬운 준비. 한 패키지를 뜨거운 물(각 용도로)과 섞은 다음 맛있는 TRUNG NGUYEN 커피 한 잔을 즐기세요. 프리미엄 커피 한 잔으로 제공하면서 소중한 시간을 절약하세요(1분 미만). <p> <p>여행 친화적인 커피. 휴대가 간편하고 가벼운 테이크아웃 디자인으로 여행자에게 편리합니다. G7 인스턴트 커피 팩 한 줌만 가져오면 바로 사용할 수 있습니다. <p>",,"['커피', '인스턴트', '스틱', '맛', '설탕', '프리미엄', '비유', '준비']"
식음료,음료,커피,,B00LZXATPW,"Cafe Tastle 골드 동결 건조 인스턴트 커피, 506g(17.5온스) (COMINHKG059965)",Cafe Tastlé,40165,40165,4.5,1735.0,"동결 건조 이것은 훨씬 더 효율적으로 용해되는 훨씬 더 미세한 고품질 인스턴트를 제공합니다 독특한 슈퍼 사이즈 506g(17.5온스) ""점보"" 용기 270컵을 만듭니다 BPA 프리 재사용 가능한 플라스틱 용기 OU 코셔",최고급 작물에서 정교하게 볶은 원두의 프리미엄 블렌드로 전통적인 커피 머신의 번거로움 없이 갓 추출한 커피의 호화로운 맛을 선사합니다. 당사는 매번 우수한 맛과 만족스러운 커피 한 잔을 유지하기 위해 최고 품질의 로스트를 보장하기 위해 노력합니다. 우수한 등급의 아라비카 원두로 생 그린 커피는 절묘한 맛과 향을 내기 위해 완벽하게 로스팅됩니다. 그런 다음 커피는 완벽하게 분쇄되고 일련의 살균된 여과기를 통해 추출됩니다. 커피를 로스팅하고 분쇄하면 천연 순수 샘물로 180°C에서 특정 양으로 추출됩니다. Tastle Gold는 아라비카 커피 원두를 함유하고 있으며 '동결 건조' 보존 과정을 사용합니다. 이것은 훨씬 더 효율적으로 용해되는 훨씬 더 미세한 고품질 인스턴트를 제공하여 Tastle이 모든 제품에 약속하는 훌륭한 맛을 제공합니다.,"['커피', '맛', '추출', '건조', '인스턴트', '원두', '동결', '미세하다', '분쇄', '로스팅']"
식음료,음료,커피,,B079LF4YC2,"NO FUN JO 디카페인 : 0.9kg(2파운드), 유기농 디카페인 그라운드 커피, 스위스 워터 프로세스, 공정 무역 인증, 미디엄 다크 로스트, 100% 아라비카 커피, USDA 인증 유기농, GMO 프리, 화학 물질 및 글루텐 프리",Jo Coffee,44306,44306,4.4,5006.0,"노 펀 조 디카페인 프로페셔널 컵핑 노트: 스위트 블루베리 | 밀크 초콜릿 | 컴플렉스 | 풀 바디 | 맛 무첨가 | 설명 용어는 커피 자체에 미묘한 언더톤이며 맛이 첨가되지 않습니다. 이 신선한 로스트 유기농 커피의 각 배치는 장인 커피 로스터가 마이크로 로스터리에서 수작업으로 제작합니다. 355ml(12온스) 또는 0.9kg(2파운드) 비용 절약 패키지로 제공되며, 둘 다 재밀봉 가능한 틴 타이로 포장되어 편리하게 보관할 수 있습니다. 대부분의 브루잉 방법으로 최적의 추출을 위해 170.1g(6온스)의 물에 그라운드 커피 2큰술을 사용하는 것이 좋습니다. 당사의 유기농 커피는 유기농 아라비카 생 커피의 상위 2% 특수 등급인 특수 등급 커피입니다. 이 특수 등급 커피는 직접 소싱과 커피 컵핑 전문가로 구성된 헌신적인 팀을 통해 전 세계적으로 공급됩니다. 모든 커피가 똑같이 만들어지는 것은 아닙니다. 이 커피는 USDA 인증 유기농, 공정 무역 인증을 받았으며 코셔 인증을 받았습니다. 100% 만족 보장을 위해 저희에게 연락하십시오!",,"['커피', '유기농', '인증', '특수', '페인', '디카', '라운드', '무역', '첨가', '맛']"
식음료,음료,커피,,B07H2LKZ89,"Roast Ridge 1인용 캡슐 커피, Keurig K-Cup 커피 메이커와 호환, 도넛 샵 (Donut Shop), 캡슐 100개",Roast Ridge,47076,47076,4.3,5203.0,"프리미엄 커피 블렌드: 당사의 도넛 샵 블렌드는 커피콩에서 풍부하고 맛있는 맛을 추출하기 위해 미디엄 로스팅된 프리미엄 커피의 독특하고 매끄러운 올 아메리칸 블렌드입니다. 여러분이 양조한 카페 품질의 커피: 절제된 코코아의 힌트와 함께 부드러운 스모키 언더톤을 제공하는 클래식 커피를 즐기세요. 높은 고도: Roast Ridge 진정으로 멋진 커피는 해발 1200m에서 1800m 사이에서 재배됩니다. 저희 커피는 5개 대륙의 소규모 가족 소유 농장에서 공급됩니다. 유기농 또는 공정 무역 원두, 단일 원산지, 블렌드 또는 향 커피를 즐기든 상관없이 당사는 귀하의 맛 프로필에 맞는 커피를 제공합니다. 싱글 배치 로스팅: Roast Ridge Coffee에서는 최고의 맛을 위해 프리미엄 커피 원두를 한 번에 로스팅합니다. 당사의 다양한 원산지, 블렌드 및 로스트는 한 모금마다 기분 좋은 풀 바디와 매끄러운 마감으로 브루잉 및 서빙할 수 있는 최고의 커피를 제공합니다. ROAST RIDGE 커피 1인용 포드: Roast Ridge Coffee K-Cups는 알레르기 유발 항원이 없으며 1회 배치로 준비되었으며 1인용 브루잉의 편리함이 필요한 이동 중인 커피 애호가에게 적합합니다. Keurig 1.0 및 2.0 K-Cup 브루잉 시스템과 호환되도록 설계되었습니다. 능선에서 번성하세요! Roast Ridge Coffees는 높은 고도에서 생산되는 커피 원두의 품질에서 영감을 얻었습니다. 높은 고도에서 커피 농업은 세계에서 가장 저렴한 럭셔리 중 하나를 대표하는 진정으로 훌륭한 커피를 제공합니다.",능선에서 번성하세요! Roast Ridge Coffees는 높은 고도에서 생산되는 커피 원두의 품질에서 영감을 얻었습니다. 높은 고도에서 커피 농업은 세계에서 가장 저렴한 럭셔리 중 하나를 대표하는 진정으로 훌륭한 커피를 제공합니다. 프리미엄 커피 블렌드: 당사의 도넛 샵 블렌드는 커피콩에서 풍부하고 맛있는 맛을 추출하기 위해 미디엄 로스팅된 프리미엄 커피의 독특하고 매끄러운 올 아메리칸 블렌드입니다.,"['커피', '블렌드', '높다', '고도', '프리미엄', '원두', '로스팅', '맛', '도넛', '진정']"
식음료,음료,커피,,B01M038S4V,"Nescafé, Taster's Choice, 인스턴트 커피 음료, 헤이즐넛, 패킷 16개, 각 3g(0.1온스) - 2개",NESCAFÉ,19390,18628,4.5,2002.0,프리미엄 커피 - NESCAFÉ Taster's Choice 헤이즐넛 맛 인스턴트 커피의 순수한 커피 맛으로 강렬하고 풍부하고 맛있는 맛을 즉시 맛보세요 탁월한 맛 - 풍미가 가득한 풀 바디 로스트 커피로 컵에 담긴 커피의 맛을 즉시 높여보세요 순수 품질 - 전 세계에서 정중하게 재배한 커피콩으로 제작된 NESCAFÉ는 세계에서 가장 많이 팔리는 커피 브랜드임을 자랑스럽게 생각합니다* 간편한 준비 - 완벽한 커피 한 잔을 쉽게 만들 수 있습니다. 한 봉지를 붓고 뜨거운 물을 넣고 언제 어디서나 저어주고 즐기세요 16컵 만들기 - 각 패킷은 진짜 프리미엄 인스턴트 커피 한 잔을 만듭니다,"NESCAFE Taster's Choice, 헤이즐넛 맛 인스턴트 커피, 미디엄 다크 로스트, 1박스 (16 패킷): NESCAFÉ Taster's Choice 헤이즐넛 맛 커피는 모든 컵에 강렬하고 풍부하고 토스트한 맛을 제공합니다. 100% 진짜 커피로 제작되어 즉시 품질을 맛볼 수 있습니다. 당사는 책임감 있게 공급된 아라비카와 로부스타 커피 원두만을 사용하고 신중하게 로스팅하여 각 블렌드의 완전한 맛과 향을 포착합니다. 세계에서 가장 많이 팔리는 커피 브랜드로 거부할 수 없는 커피 한 잔을 즉시 맛보세요. NESCAFÉ.","['커피', '맛', '헤이즐넛', '인스턴트', '패킷', '컵', '세계']"
식음료,음료,커피,,B002GWMGV6,"Coffee Bean Direct Highlander Grogg 맛, 원두 커피, 2.3kg(5파운드) 백",Coffee Bean Direct,72878,72878,4.4,1424.0,"하이랜더 그로그: 이 버터처럼 매운 맛의 블렌드와 위스키 향이 더해져 아침마다 밝게 빛납니다(알코올 미포함). 가볍고 매끄러우며 쌀쌀한 아침에 적합합니다. 그라인드 중 하나: 브라질, 코스타리카, 수마트라, 케냐 등에서 커피를 공급하여 다음 컵에 가장 맛있는 원두를 찾습니다. 프렌치 프레스, AeroPress 또는 푸어 오버로 콜드 브루로 아이스를 시도해보세요 다양한 선택: 저희는 커피에 대한 열정을 가지고 있습니다. Single Origin, 디카페인, 블렌드 및 티 제품 라인을 사용해보십시오. 또한 라이트, 미디엄 및 다크 로스트도 살펴보세요 전문적으로 로스팅: 카페인을 듬뿍 넣는 것보다 더 많은 것을 기대하세요. 굵고 잘게 갈린 원두 옵션을 제공합니다. 라떼, 모카, 에스프레소 또는 드립에서 최고의 맛과 향을 즐기세요 Coffee Bean Direct: 로스팅 전문 지식, 현대적인 편리함, 공정한 가격에 대한 헌신으로 장인의 블렌드와 맛으로 상상할 수 있는 최고의 커피와 차를 제공할 수 있습니다","백파이프를 깨고 The Bonnie Banks o Loch Lomond의 멋진 연설을 시작하세요! 버터처럼 매운 맛의 블렌드와 위스키(맛...죄송합니다, 알코올 없음)가 순식간에 내면의 하이랜더를 불러일으킬 것입니다. 이 다용도 고급 커피 원두는 드립 커피 메이커, 푸어 오버, 프렌치 프레스, 퍼컬레이터 및 재사용 가능한 커피 포드에 적합합니다.","['커피', '맛', '원두', '블렌드', '라인', '위스키', '버터', '알코올', '전문', '드립']"
식음료,음료,커피,,B07BBYJNTT,"Manatee Gourmet Coffee 싱글 서빙 포드, Keurig 2.0 K-컵 브루어용, 향미, 미디엄 로스트 저 산성 커피 실키 스무스, 스위트 너티 피니시, 캐리비안 딜라이트 80개입",Manatee Gourmet Coffee,47076,47076,4.6,798.0,"컵에 담은 열대의 본질. 중남미 지역 최고급 원두의 풍부한 저 산성 블렌딩으로 제공됩니다. 열대 코코넛, 헤이즐넛, 캐러멜의 힌트를 얻어 개선되었습니다. 미디엄 로스트 커피 싱글 컵은 1.0 및 2.0 버전을 비롯한 모든 Keurig K 컵 브루어에서 호환됩니다. 뛰어난 풍미와 향을 위해 100% 아라비카 프리미엄 원두로 만든 소량 배치 사이즈. 안전한 품질 인증 및 코셔 인증 공장에서 로스팅되고 포장됩니다. 상자는 카운터에 잘 맞으며 좋아하는 커피를 마실 때 쉽게 분배할 수 있습니다.",Manatee Gourmet Coffee는 전 세계에서 가장 좋은 원두만을 수입합니다. Manatee Gourmet Coffee는 로스팅하고 완벽하게 블렌딩한 다음 정성껏 포장하여 배송됩니다. Manatee Gourmet Coffee는 매우 만족스러운 풍부한 바디감의 다양한 맛을 느낄 수 있는 순수 아라비카 원두를 공급함으로 큰 자부심을 가지고 있습니다. Manatee Gourmet Coffee는 본질적으로 산성 함량이 낮은 원두를 블렌딩하여 얻을 수 있는 균형 잡힌 고급 저 산성 커피입니다. 또한 뛰어난 맛에 영향을 주지 않고 산도를 최소화하는 방식으로 콩을 로스팅합니다.,"['원두', '컵', '산성', '커피', '로스팅', '맛', '인증', '미디엄', '브루어', '카페']"
식음료,음료,커피,,B004H4SHUA,"Cafe Du Monde 커피, 프렌치 로스트, 368.5g(13온스) (3팩)",Kikkoman,48904,48904,4.7,903.0,Cafe' Du Monde의 프렌치 로스트 커피. 오리지널 프랑스 시장 커피 스탠드. 100% 아라비카 콩과 혼합하세요. 부드러운 맛,"Cafe Du Monde 커피, 프렌치 로스트, 368.5g(13온스) (3팩)","['커피', '프렌치', '로스트', '혼합', '프랑스', '콩', '카페', '시장', '스탠드', '부드럽다']"
식음료,음료,커피,,B09T8PKZ55,"Purity Coffee EASE 다크 로스트 저산성 유기농 커피 - USDA 인증 유기농 특수 등급 아라비카 원두 커피 - 곰팡이, 진균 독소 및 살충제에 대한 타사 테스트 - 2.3kg(5파운드) 백",PURITY COFFEE,178665,178665,4.3,158.0,"소화를 돕기 위해 다크 로스팅: 소화 건강을 염두에 두고 제작되었습니다. 높은 수준의 항산화 페놀 화합물과 저산성 커피를 위한 완벽한 균형. 약간 어두운 로스트는 건강과 웰빙을 위해 멜라노이딘을 증가시키고 더 어둡고 신선한 로스트 커피의 더 즐겁고 견고한 맛을 선사합니다. USDA 유기농 그린 커피콩: 당사의 인증된 유기농 커피콩은 재생 농장, 특수 등급, 열대우림 동맹, 스미소니언 버드 친화적, 데메테르 인증을 받았습니다. 모든 수확은 최적의 수준의 폴리페놀 및 기타 항산화 화합물에 대한 실험실 테스트를 거쳤으며 여러분이 좋아할 최고의 맛 프로필을 보장합니다. 무결점, 순수한 장점: 저희는 건강상의 이점을 극대화한다는 단일 목표로 커피를 생산합니다. 그렇기 때문에 Purity 표준은 농업, 소싱, 가공, 로스팅 및 포장과 같은 생산 체인의 모든 단계에서 건강에 끊임없이 초점을 맞춰 고고도 커피 원두의 모든 배치를 엄격하게 테스트하는 데 비용을 아끼지 않습니다. 신선도 중심 및 지속 가능성: 다크 로스트 퓨리티 커피를 받으면 구운 날만큼 신선한 맛이 납니다. 저희는 또한 가능한 한 많은 재사용 및 지속 가능한 소재를 사용합니다. 신선함을 유지하기 위해 커피 백을 질소로 씻어 내고 산소 수준을 1-2%까지 낮추어 커피가 썩지 않고 오일이 산화되는 것을 방지합니다. 웰빙을 위해 제작된 고항산화 유기농 커피: 당사는 커피 생산 과정의 모든 단계에서 웰빙 혜택을 극대화하는 데 전적으로 집중하고 있습니다. 그리고 프로세스의 모든 단계를 말할 때 우리는 그것을 의미합니다. Purity Coffee의 유기농 커피는 결함 없는 특수 등급으로, 전 세계에서 생산되는 커피의 1%에만 사용되는 원두의 표준입니다.",,"['커피', '유기농', '생산', '건강', '로스트', '웰빙', '맛', '항산화', '원두', '인증']"
식음료,음료,커피,,B0128EUY24,"Death Wish Coffee Valhalla 자바 원두 커피, 공정 무역 및 USDA 인증 유기농 - 2.3kg(5파운드) 백",Death Wish Coffee,109415,109415,4.6,7385.0,데이 스타터 홀빈 커피 다크 로스트: 커피 원두로 매일 아침 1파운드의 힘과 에너지를 얻으세요. 이 다크 커피 원두는 견고하고 대담한 맛으로 만들어졌습니다. 풍부하고 강렬한 블랙 & 대담한 원두 커피로 감각을 깨우세요. 고품질 커피 원두: 기본 컵을 강렬한 커피로 바꿔보세요. 이 최고의 커피를 한 모금 마시면 더 많은 원두에 '예'라고 말할 수 있습니다! Vahalla Java Odinforce 블렌드 장인 커피 원두로 매일 생기를 느껴보세요! 강한 커피 원두: 맛볼 수 있는 최고의 커피 원두의 다크 로스트에서 카페인을 얻으세요! 이 로스트 커피 원두는 인도네시아 화산 및 중남미의 영양이 풍부한 토양의 프리미엄 아라비카와 로부스타로 만들어졌습니다. GODLY COFFEE 홀빈 다크 로스트: 풍부한 맛으로 만든 최고의 원두 커피를 추출하세요. 이 원두 로스트 커피는 초콜릿으로 녹인 견과류의 흙 향이 있습니다. 이 고급 커피 원두는 강력한 카페인을 첨가하여 강력하고 강하게 만듭니다! DEATH WISH COFFEE 약속: 많은 고객들처럼 다크 로스트 원두 커피를 즐기시기 바랍니다. 마음에 들지 않으시면 알려주시면 환불해 드리겠습니다. 당사의 고급 베스트셀러 커피 원두를 시험해 보는 것은 위험 부담이 없습니다!,,"['커피', '원두', '로스트', '다크', '풍부하다', '최고']"
식음료,음료,커피,,B000FV5F4U,Coffee Du Monde 캔 12개(캔 6개) - 425.2g(15온스) 캔,Cafe Du Monde,68543,68543,4.8,3233.0,다크 로스트 커피와 치커리의 풍부한 혼합 전통적으로 제공되는 Au Lait은 뜨거운 우유와 하프 앤 하프를 혼합했습니다 미국 제품,The famous Cafe Du Monde of New orleans의 캔 6개.,"['캔', '혼합', '하프', '풍부하다', '커피', '커리', '전통', '우유', '미국', '로스트']"
식음료,음료,커피,,B004E4BUZW,"Lavazza Qualita Rossa, 249.5g(8.8온스) 브릭, 그라운드(3개 팩)",Lavazza,23628,23503,4.5,10154.0,"3팩, 각 순중량 249.5g(8.8온스) 브릭 (그라운드 에스프레소). 커피 유형: 그라운드 커피, 사이즈: 250g (8.8온스) 브릭 - 3개 팩. 최고 품질의 아라비카와 로부스타 원두를 혼합했습니다. 사용처: 에스프레소, 카푸치노 및 이탈리안 모카. 이탈리아 제품.",,"['라운드', '브릭', '커피', '에스프레소', '혼합', '원두', '모카', '로부스타', '이탈리아']"
식음료,음료,커피,,B07GC819YK,"Highground 유기농 인스턴트 레귤러 커피, 100g(3.4온스)",Highground,13836,13836,4.4,2515.0,즉석 동결 건조 커피: 저희는 신중하게 선택되고 완벽하게 로스팅된 100% 아라비카 원두를 사용하여 맛있는 커피를 만듭니다. 이 미디엄 로스트 커피 가루는 신선하고 풍부하며 강렬한 맛이 특징입니다 뜨겁거나 차가운 물 준비: 뜨겁거나 차가운 물에 완벽하게 녹습니다. 아이스 커피로 즐기거나 우유 또는 우유 대체품과 함께 뜨겁게 즐기세요 유기농 및 공정 무역 인증: 지속 가능한 방식으로 공급되고 공정 무역 인증을 받은 최고급 유기농 및 공정 무역 아라비카 커피 원두로 제작된 Highground 제품은 기분이 좋은 즉각적인 맛을 제공합니다 병당 40컵 이상의 커피: 몇 초 만에 프리미엄 품질의 커피가 준비되어 있으며 커피 메이커가 필요하지 않습니다 목적에 맞는 포장: 가볍고 재밀봉이 가능하며 이동 중에도 커피에 적합합니다. Highground Coffee의 신선도는 30% 재활용 소재로 만든 친환경 병에 유지됩니다,"Highground 유기농 인스턴트 레귤러 커피, 100g(3.4온스)","['커피', '유기농', '뜨겁다', '공정', '무역', '인스턴트', '물', '맛', '완벽하다', '우유']"
식음료,음료,커피,,B088L2D2PY,"Peet's Coffee, Bestseller's Keurig 브루어용 버라이어티 팩 K-Cup 포드 - 메이저 디카슨, 빅뱅, 프렌치 로스트, 카페 도밍고, 유기농 알마 데 라 티에라, 하우스 블렌드 60개 (K-컵 팩 6박스 ods) 팩. 노화는 다를 수 있습니다",Peet's Coffee,78127,78127,4.7,3928.0,"Peet's Keurig K-Cup 포드 10개 박스 6개, 메이저 디카슨 블렌드, 빅뱅, 프렌치 로스트, 카페 도밍고, 유기농 알마 드 라 티에라, 하우스 블렌드 각 1박스 - 100% 아라비카 커피. 제한된 시간 동안 포장은 다를 수 있습니다. 맛과 로스트: 저희의 베스트셀러 커피. 다크 로스트는 초콜릿의 달콤함과 균형을 이루는 스모키 노트와 함께 풍부하고 복잡한 컵을 제공합니다. 기분 좋은 아로마 미디엄 로스트 커피는 부드럽고 균형 잡힌 맛을 제공합니다 추출 방법: Peet's의 1인분, K-Cup 포드는 모든 Keurig K-Cup 브루어와 호환됩니다 비교할 수 없는 유기농: 당사의 유기농 커피는 USDA 유기농 인증을 통과해야 할 뿐만 아니라 품질과 탁월한 맛에 대한 엄격한 기준을 충족해야 합니다 영향력 있는 소싱: 구입하는 커피는 사람과 지구의 복지에 영향을 줄 수 있습니다. Peet's는 커피가 재배되는 지역 사회에 긍정적인 영향을 미치는 데 적극적으로 참여하고 있습니다.","Peet's Coffee 베스트셀러 버라이어티 팩, 큐리그 커피 메이커용 60개 1인용 K-Cup 커피 포드, K-Cups의 편리함과 함께 커피의 탁월한 스펙트럼. 가장 인기 있는 다크 및 미디엄 로스트를 탐험하세요. 메이저 디카슨의 블렌드 (비교할 수 없는 월드 블렌드, 풍부하고 복합적이며 풀 바디. 다크 로스트. ), 빅뱅(부드럽고 중간 스타일의 열대 과일의 활기찬 폭발. 미디엄 로스트. 프렌치 로스트 (커피 포워드, 우드 스모크, 탄 캐러멜. 다크 로스트. ), 카페 도밍고 (너티, 브로드 바디, 미디엄 로스트 퍼펙션. 미디엄 로스트. ), 유기농 Alma de la Tierra (달콤한 시트러스와 초콜릿의 미묘한 노트로 부드럽습니다. 다크 로스트), 하우스 블렌드 (라이블리, 스위트, 익숙한 라틴 블렌드. 다크 로스트). K-Cup 포드 10개가 들어있는 박스 6개가 포함되어 있습니다. Peet's의 K-Cup 포드는 모든 Keurig K-Cup 브루어와 호환됩니다.","['로스트', '커피', '블렌드', '유기농', '포드', '다크', '미디엄', '박스', '메이저', '맛']"
식음료,음료,커피,,B07C54X521,Farmer Brothers 프리미엄 블렌드 100% 아라비카 원두 커피 - 2.3kg(5파운드) 백,Farmer Brothers,83086,83086,4.5,503.0,"프리미엄 블렌드, 100% 아라비카 커피 원두 견과류, 초콜릿 향이 있는 미디엄 로스트. 둥근 중간 바디. 싱글 2.3kg(5파운드). 원두 커피 봉지 레스토랑, 호텔, 커피숍 및 카페에서 사용하기 좋습니다","Farmer Brothers 프리미엄 블렌드는 100% 아라비카 커피 원두를 사용하여 로스팅됩니다. 이 2.3kg(5파운드). 가방은 매일 신선한 커피를 갈아서 로스팅할 수 있도록 도와줍니다. 부드럽고 균형 잡힌 커피를 위한 견과류, 초콜릿 맛 노트가 있는 미디엄 로스트.","['커피', '원두', '블렌드', '프리미엄', '카페', '라비', '미디엄', '견과류', '로스팅', '초콜릿']"
식음료,음료,커피,,B00023J0VA,Danesi Caffe 이탈리아 커피 콩 - 에스프레소용 전체 로스트 커피콩 - 에스프레소 커피콩 및 미디엄 로스트 원두 - 커피 빈 - 커피 빈 에스프레소 - 커피 원두 - 커피 원두 - 골드 (1kg(2.2파운드),D DANESI CAFFÈ,47076,47076,4.5,721.0,"신선한 로스트 커피콩: Danesi 골드 블렌드는 100% 프리미엄 품질의 에스프레소 등급 아라비카 커피콩으로 만든 완벽하게 균형 잡힌 대담한 원두 커피입니다. 갓 구운 커피콩은 최고의 커피콩입니다! 최고의 에스프레소 커피콩: 당사의 미디엄 로스트 커피 원두는 부드럽지만 정교하게 복잡하며 꿀과 캐러멜이 약간 함유되어 있습니다. 실크처럼 부드러운 바디와 아로마 마감으로 감각을 감싸고 밝은 하루를 보낼 수 있습니다. 윤리적 공급: 당사는 고급 커피를 생산하기 위해 지속 가능한 관행에 전념하는 영향이 적은 기술을 사용하여 소규모 농장 및 협동 조합과 직접 협력합니다. 농장에서 컵까지, 저희는 농부와 지구에 대한 연민을 믿습니다. 가족 운영 사업: Danesi는 1905년 이탈리아 로마에서 설립되었으며 이탈리아 커피 문화를 보존하는 데 깊은 영향을 미치고 있습니다. 이 회사는 현재 Danesi의 설립자의 증손녀가 관리하고 있으며 글로벌 성장을 계속하고 있습니다. 예: Danesi Caffe는 '전통적인 이탈리아 에스프레소 커피 보호를 위한 컨소시엄'과 '국제 여성 커피 협회'의 자랑스러운 회원으로, 공정한 임금과 전 세계 여성 주도 농촌 농장의 발전을 지원합니다.",,"['커피', '커피콩', '에스프레소', '원두', '이탈리아', '로스트', '농장', '최고', '설립', '부드럽다']"
식음료,음료,커피,,B09Z74Y7BY,"VitaCup 완벽한 저산성 커피 포드, USDA 유기농 및 공정 무역, 미코톡신 프리, 다크 로스트 과테말라 싱글 오리진, 깨끗하고 순수한 재활용 가능한 1인용 포드, 큐리그 K-컵 브루어와 호환, 16개입",VitaCup,41480,41480,4.2,1874.0,"유기농 저산 커피: 맛있고 깨끗한 커피만큼 순수합니다. 공정 무역 및 유기농 커피 포드의 부드럽고 초콜릿처럼 견고한 맛을 좋아하게 될 것입니다. 다크 로스트 원두는 신선하고 밀봉되어 완벽한 커피 한 잔을 제공합니다. 순수하고 깨끗하며 마이코톡신 프리: Perfect Coffee 저산성 커피는 타사 실험실 테스트를 거쳤으며 진균 독소가 없으므로 순수하고 깨끗하며 지속적인 에너지를 제공하는 부드러운 다크 로스트 커피를 제공합니다. 건강한 항산화제: Perfect Coffee 포드에는 전반적인 세포 건강을 보호하고 유지하는 것으로 입증된 클로로겐산 항산화 물질이 포함되어 있습니다. 단일 원산지, 높은 고도 재배: 과테말라의 단일 원산지에서 공급되는 100% 다크 로스트 아라비카 커피. 높은 고도에서 재배되어 복잡한 맛 프로필을 가진 최고 품질의 원두를 만들어 컵에 최고의 저산성 커피를 제공합니다. 100% 재활용 가능한 포드: 당사의 1인용 k 컵 호환 커피 포드는 재활용 가능한 BPA 프리 소재로 제작되었습니다. 모든 Keurig K Cup 브루어와 호환됩니다. 저희 커피는 미국에서 로스팅, 분쇄 및 밀봉됩니다.",,"['커피', '포드', '깨끗하다', '다크', '로스트', '순수하다', '호환', '산성', '유기농', '재활용']"
식음료,음료,커피,,B00GHTNRRQ,"Fresh Roasted Coffee, 유기농 발리 블루 문, 0.9kg(2파운드) (32온스), 미디엄 로스트, 코셔 RFA, 원두",Fresh Roasted Coffee,45635,45635,4.4,2303.0,"유기농 발리 블루 문은 압도적으로 풍부합니다! 시럽 다크 초콜릿 노트, 크리미 한 입맛 및 매운 마무리. 천연 카페인이 함유된 이 미디엄 로스트는 과일 향이 나는 순하고 깨끗한 바디를 가지고 있어 모든 생산 방법에 탁월한 옵션입니다! 또한 맛있는 콜드 브루로 잘 발달합니다. 모두를 위한 커피 - 캐주얼한 커피를 마시는 사람이든 세 번째 웨이브 감정가이든 상관없습니다. Fresh Roasted Coffee 제품은 가족이 소유하고 지속 가능한 방식으로 공급되며 미국에서 자랑스럽게 로스팅, 혼합 및 포장됩니다. 저희는 80가지 이상의 원두와 그라운드 커피, 커피 포드, 로스팅되지 않은 커피를 제공합니다. Fresh Roasted Coffee 탄소 발자국을 줄이고 우수한 맛을 제공하기 위해 Loring SmartRoasters에 로스팅됩니다. Fresh Roasted Coffee 질소는 모든 백을 플러시하여 맛을 훔치는 산소를 제거하고 커피를 가능한 한 오랫동안 신선하고 최고의 맛으로 유지합니다. Fresh Roasted Coffee 백은 재밀봉이 가능하며 단방향 탈기 밸브가 특징입니다. 책임감 있게 재배, 책임감 있게 로스팅 - 소싱에서 로스팅, 포장에 이르기까지 지속 가능성을 위해 최선을 다하고 있습니다. 첨가제, 필러, 향료가 없는 인공 성분도 없습니다. 100% 아라비카 커피. 인증된 정교회 연합(OU) 코셔 355ml(12온스), 0.9kg(2파운드) 또는 2.3kg(5파운드) 백으로 제공됩니다. 원두 또는 미리 갈아서 사용할 수 있습니다. 표준 드립 커피 메이커뿐만 아니라 에스프레소 머신, 자동, 푸어 오버, 에어로프레스, 프렌치 프레스, 모카포트 및 퍼컬레이터에 사용하도록 승인되었습니다.",,"['커피', '로스팅', '가능하다', '맛', '원두', '백', '로스트', '책임감', '미디엄', '발리']"
식음료,음료,커피,,B07C55PQLW,"Dunkin' 오리지널 블렌드 미디엄 로스트 원두 커피, 355ml(12온스) (6팩)",Dunkin' Donuts,65635,65635,4.7,951.0,"원두 커피 355ml(12온스) 봉지 170.1개가 포함되어 있습니다. 제한된 기간 동안 포장을 업데이트하는 동안 두 가지 가방을 받으실 수 있습니다. 둘 다 동일한 훌륭한 Dunkin' 커피가 포함되어 있습니다 오리지널 블렌드는 Dunkin' 유명하게 만든 커피로, 다른 제품과 비교할 수 없는 풍부하고 부드러운 맛을 특징으로 합니다 미디엄 로스트 커피, 특별히 블렌딩되고 로스팅되어 Dunkin' 샵에서 구할 수 있는 Dunkin' 커피와 동일한 훌륭한 맛을 제공합니다 가장 신선한 컵을 위한 원두 커피. 갈아서 내리고 즐기세요 집에서 Dunkin' 맛을 즐기세요","클래식하고 전형적인 걸작 - 무엇이라고 부르든 오리지널 블렌드는 Dunkin' 커피에 대해 좋아하는 모든 것을 하나의 맛있는 로스트로 제공합니다. 부드럽고 맛있는 오리지널 블렌드는 모든 컵에서 당사의 시그니처 맛과 쉽게 마실 수 있습니다. 주름 장식이 없습니다. 번거롭지 않습니다. 훌륭한 Dunkin' 커피로 ""y""로 끝나는 날에 적합합니다.","['커피', '맛', '블렌드', '로스트', '원두', '훌륭하다', '컵', '동일하다', '맛있다', '미디엄']"
식음료,음료,커피,,B0768N9N6P,"Nespresso 캡슐 Vertuo, Voltesso, 마일드 로스트 에스프레소, 10개 (5개 팩) 에스프레소 커피 포드, 38.3g(1.3온스) 추출",Nespresso,71784,71784,4.8,13748.0,"감각적 프로필: Vertuo Voltesso의 크레마에서 비스킷 향의 향기를 이미 포착할 수 있습니다. Vertuo 커피 포드는 부드럽고 조화로운 롱 커피를 추출합니다. 마일드 로스트: 콜롬비아 커피 원두를 가볍게 로스팅하면 미묘한 산도가 드러납니다. 오래 로스팅한 브라질 버번 커피와 함께 빛납니다. 긴 로스트는 달콤하고 비스킷 향을 끌어냅니다. 강도 4. VOLTESSO 에스프레소 브루스 300ml(1.35액량 온스). OZ : 이 Nespresso Vertuo 포드는 에스프레소 제품군의 일부로 전통적인 에스프레소 커피 음료를 39.9ml (1.4 액량 온스)로 제공합니다. 우유와 함께 맛보기: 더 부드러운 결과를 얻으려면 Voltesso와 우유를 혼합하여 이 에스프레소를 맛있게 새롭게 맛있게 맛있게 맛있게 표현하세요. 지속 가능성의 불: B Corporation 인증으로서, Nespresso; 검증된 사회 및 환경적 성과의 최고 기준을 충족하며, 비즈니스를 선의의 힘으로 사용하여 글로벌 운동에 합류합니다. ;;Nespresso 알루미늄 캡슐은 완전히 재활용 가능하며 커피의 신선함을 보장합니다. 당사는 환경 보호에 대한 공동 헌신을 충족하기 위해 사용한 알루미늄 커피 포드를 재활용하는 다양한 옵션을 제공합니다. 기계 호환성: 네스프레소, Vertuo 포드는 오리지널 머신과 호환되지 않습니다.",가볍게 로스팅된 Voltesso는 균형 잡힌 둥근 커피로 비스킷 노트를 드러내고 남미 아라비카 덕분에 뚜렷하게 달콤한 향기를 발음합니다. 더 매끄러운 결과를 얻으려면 Voltesso와 우유를 혼합하여 맛있고 새로운 맛을 느껴보세요.,"['커피', '에스프레소', '맛있다', '포드', '로스팅', '로스트', '비스킷', '우유', '마일드', '재활용']"
식음료,음료,커피,,B07Z9PPYSH,"Roast Ridge 1인용 캡슐 커피, Keurig K-Cup 커피 메이커와 호환, 다양한 맛 팩, 캡슐 100개 (솔티드 카라멜, 써던 피칸 (Southern Pican), 초콜릿 모카, 헤이즐넛, 프렌치 바닐라)",Roast Ridge,47076,47076,4.3,7782.0,"Ridge에서 번창하세요! Roast Ridge 커피는 높은 고도에서 생산되는 원두의 품질에서 영감을 받았습니다. 고지대에서의 커피 재배는 세계에서 가장 저렴한 사치품 중 하나를 나타내는 진정으로 탁월한 커피를 제공합니다. 높은 고도: Roast Ridge는 해발 1,200미터에서 1,800미터 사이에서 재배되는 진정으로 놀라운 커피입니다. 저희 커피는 5개 대륙의 소규모 가족 소유 농장에서 공급됩니다. 유기농 또는 공정 무역 원두, 단일 원산지, 블렌드 또는 향미 커피를 원하시든 상관없이 당사는 고객의 향미 프로필에 맞는 커피를 제공합니다. 단일 배치 로스팅: Roast Ridge Coffee에서는 최고의 풍미를 위해 프리미엄 원두를 한 번에 로스팅합니다. 저희의 다양한 원산지, 블렌드 및 로스트를 통해 최상의 커피를 추출 및 제공하며, 한 모금 마실 때마다 기분 좋은 풀 바디와 부드러운 마무리로 제공됩니다. Roast Ridge 커피 1인용 포드: Roast Ridge Coffee K-Cup은 알레르기 유발 물질이 없으며, 1인분씩 준비되어 있어서 이동 중에도 간편하게 1인분씩 간편하게 끓여야 하는 커피 애호가에게 적합합니다. Keurig 1.0 및 2.0 K-Cup 브루잉 시스템과 호환되도록 설계되었습니다. 프리미엄 커피 블렌드: 향미가 첨가된 버라이어티 팩은 모든 향미 커피 애호가에게 완벽한 블렌드 및 로스팅을 제공합니다. 언제든지 만족하고 달콤한 경험을 즐기십시오. 여러분이 만드는 카페 품질의 커피: 이 버라이어티 팩에는 가장 인기 있는 커피 향이 포함되어 있습니다. 프렌치 바닐라, 헤이즐넛, 솔티드 캐러멜, 서던 피칸 또는 초콜릿 모카 중에서 가장 좋아하는 것을 찾으실 수 있을 거라고 확신합니다.","Ridge에서 번창하세요! Roast Ridge 커피는 높은 고도에서 생산되는 원두의 품질에서 영감을 받았습니다. 고지대에서의 커피 재배는 세계에서 가장 저렴한 사치품 중 하나를 나타내는 진정으로 탁월한 커피를 제공합니다.여러분이 만드는 카페 품질의 커피: 이 버라이어티 팩에는 가장 인기 있는 커피 향이 포함되어 있습니다. 프렌치 바닐라, 헤이즐넛, 솔티드 캐러멜, 서던 피칸 또는 초콜릿 모카 중에서 가장 좋아하는 것을 찾으실 수 있습니다.","['커피', '향', '블렌드', '원두', '솔티드', '버라이어티', '모카', '로스팅', '바닐라', '진정']"
식음료,음료,커피,,B0BNQY1SW2,illy 인스턴트 커피 - 100% 아라비카 커피 - 인텐소 다크 로스트 - 코코아 및 말린 과일의 따뜻한 노트 - 쉬운 준비 - 편리한 커피 인스턴트 포맷 - 이탈리아에서 로스트 - 93.6g(3.3온스),Illy,19777,19777,4.4,787.0,완벽한 컵 - 카페 스타일의 음료를 즉시 만들어보세요. 하루를 시작하거나 긴 음료가 끝날 때 즐길 수 있는 신선하고 풍성한 맛이 특징입니다. 코코아와 말린 과일 노트. 빠르고 쉬운 준비 - 커피와 물의 두 가지 성분으로 충분하기 때문에 Illy 인스턴트 커피를 빠르고 쉽게 준비할 수 있습니다. 컵에 인스턴트 커피 2티스푼을 붓고 끓지 않는 물을 넣고 섞고 맛을 내는 것이 좋습니다. 무결점 콩 - 가장 헌신적인 커피 재배자들과 협력하여 최고의 아라비카 커피 원두의 1%만을 선택하여 인스턴트 커피 레시피를 완성하여 독특한 Illy 인스턴트 커피 블렌드를 만듭니다. 이탈리아의 맛을 가져옵니다 - 당사는 80년 동안 원두 커피의 정점으로 전 세계에서 유명한 독특한 시그니처 블렌드를 정제했습니다. 지속 가능성은 우리의 비전입니다 - 저희는 환경과 지역 사회에 지속적으로 집중하는 것에 자부심을 느낍니다. 우리는 더 좋고 살기 좋고 깨달은 세상을 위한 길을 닦는 공통의 목표를 가진 글로벌 운동의 일부입니다.,"1933년부터 세계 최고의 커피를 제공하는 꿈. 수년에 걸쳐 Illy 는 풍부한 아로마 프로필, 균형 잡힌 맛 및 독특한 향기로 커피를 얻기 위해 이 과정을 완성했습니다. 커피를 만들기 위해 전 세계 30개국 이상의 농부들이 지속 가능하게 재배한 최고급 아라비카 커피 식물만을 선택합니다. 당사는 공유된 가치와 개인적 성장을 기반으로 그들과 오래 지속되는 관계를 구축합니다. 협력해야만 탁월한 결과를 얻을 수 있기 때문입니다. 품질과 지속 가능성을 최대한 중요시하는 재배자들과의 수년 간의 협력 덕분에 최고급 아라비카 커피콩의 1%만을 선택합니다. 원료를 연구하고 실험하는 것은 끝나지 않는 여정입니다. 가공 후 원두는 결함이 없음을 보장하기 위해 세심한 선택을 거칩니다. 불완전한 아라비카 커피 콩 하나라도 블렌드의 향기를 손상시킬 수 있습니다. 특허받은 가압 캔을 통해 아로마를 보존하고 향상시킵니다. 1934년 illy에 의해 특허를 받은 가압은 주석의 공기가 대기압보다 큰 압력에서 불활성 가스로 대체되는 보존 시스템입니다. 이러한 방식으로 커피의 신선도가 유지될 뿐만 아니라 향기도 향상됩니다. 최고의 지속 가능한 품질을 얻기 위해 Illy 는 전 세계 최고의 아라비카를 공급하고, 재배자들과 지속적인 관계를 구축하고 선순환을 육성하여 소비자를 위한 웰빙과 생산자를 위한 사회경제적 발전을 창출합니다.","['커피', '지속', '라비', '인스턴트', '카페', '선택', '최고', '맛', '재배', '세계']"
식음료,음료,커피,,B07V2JDCFY,"Chock Full o'Nuts 오리지널 로스트, 미디엄 로스트 K-컵 - 큐리그 포드 K-Cup 브루어와 호환 (1인용 컵 32개 1팩)",Chock Full o' Nuts,37782,37782,4.6,6476.0,오리지널 미디엄 로스트 - Chock full o'Nuts 오리지널 헤븐리 블렌드는 모든 것을 시작한 제품입니다. 미디엄 로스트는 균형 잡히고 매끄럽고 향기롭고 대담한 훌륭한 맛의 커피를 제공합니다 프리미엄 커피 빈 - Chock full o'Nuts 미디엄 로스트 K-Cup 커피는 완벽하게 로스팅된 커피콩의 풍부한 블렌드를 함유하고 있습니다. 각 컵은 Chock full o'Nuts의 맛있는 맛과 확실한 향기를 제공합니다 KEURIG 커피 메이커용 - 일반 하드 쉘 K-Cup 커피 포드보다 플라스틱이 35% 적습니다. 총 32개의 미디엄 로스트 커피 포드 부드러운 커피 - 미디엄 로스트 1인용 커피 캡슐 및 포드는 쓴맛 없이 부드러운 맛을 가지고 있습니다 코셔 및 천연 글루텐 프리 - Chock full o'Nuts 커피는 정통 연합 인증 코셔 제품이며 천연 글루텐 프리 제품입니다,"첫 모금부터 마지막 한 모금까지 풍부한 맛과 만족스러운 Chock full o'Nuts 오리지널 헤븐리 블렌드는 모든 것을 시작한 제품입니다. 최고급 재배 지역에서 엄선한 프리미엄 커피 원두로 제작되었습니다. 우리가 시작한 이래로 같은 방식으로 블렌딩하고 로스팅하여 일관되게 훌륭한 커피 한 잔을 얻을 수 있습니다. Chock full o'Nuts는 Orthodox Union 인증 코셔 제품으로 천연 글루텐 프리 커피이며 독특한 1인용 메시 커피 포드는 Keurig 2.0을 포함한 모든 K-CUP 브루어와 호환되는 1컵의 편리함을 제공합니다. 뉴욕시의 첫 번째 가게부터 전 세계 커피 애호가들의 집까지, Chock full o'Nuts는 거의 100년 동안 완벽한 맛의 아로마 커피를 자랑스럽게 로스팅해 왔습니다. 아침에 헤븐리 커피를 가장 먼저 즐기든, 오후 간식이든 늦은 밤에 즐기든, Chock full o'Nuts의 독특한 맛과 확실한 향기는 매번 완벽한 컵이 될 것입니다.","['커피', '로스트', '맛', '미디엄', '포드', '컵', '천연', '인용', '로스팅', '완벽하다']"
식음료,음료,커피,,B008R58MDC,"San Francisco Bay 프렌치 로스트 고메 다크 로스트 100% 아라비카 커피, 1.4kg(3파운드), 코셔",SAN FRANCISCO BAY,48461,48461,4.6,63.0,우리는 중남미에서 고급 커피를 혼합하여 맛 오일이 원두 표면으로 올라갈 때까지 매우 어둡게 로스팅합니다. 강렬하고 스모키 향이 나는 커피...희미한 마음을 위한 것이 아닙니다! 1.4kg (40온스) 커피 (그라인드마스터 그라인더의 중간 드립 설정) 다크 로스트 100% 아라비카 코셔 인증,이 원두는 콩이 매우 어둡고 기름진 팝과 지글지글 지글 지점으로 로스팅됩니다. 모든 설탕이 태워지고 콩의 구조가 잘 구워집니다. 강렬한 커피와 스모키 맛.,"['커피', '로스트', '어둡다', '원두', '다크', '라비', '로스팅', '맛', '스모키', '강렬하다']"
식음료,음료,커피,,B01LX07YGE,"96개 커피 버라이어티 팩 (12가지 놀라운 블렌드), 큐리그 K 컵 브루어용 1인용 커피 포드 - InfuSio 리바이벌 로스터 프리미엄 로스트 커피 (버라이어티, 96 2.0과 호환)",InfuSio,41827,41827,4.1,11559.0,"InfuSio 버라이어티 팩에는 브렉퍼스트 로스트, 코스타리카 타라즈, 콜롬비아 수프레모, 에스프레소 로스트, 비엔나 로스트, 에티오피아 이르가체프, 프렌치 로스트, 케냐 AA, 버터 토피, 버번 피칸, 코코넛 모카, 헤이즐넛! 이것은 진정한 버라이어티 팩이며 맛과 포드 분포는 사진과 다를 수 있습니다. 프리미엄 로스트 커피의 12가지 독특한 맛의 96컵 --- 당사는 12가지 독특한 블렌드로 시중의 다른 브랜드보다 더 다양한 종류를 보유하고 있습니다. 모든 것을 사용해 보시고, 다른 블렌드보다 특정 블렌드를 더 좋아한다면 InfuSio 브랜드 스토어를 확인하세요! InfuSio 신선함을 의미합니다. 죄책감 없는 퇴폐적인 맛의 커피를 즐기세요 - 감미료 및 칼로리 없음. 100% 신선한 로스트 아라비카 커피는 회전하는 계절을 포함하여 시장에서 가장 다양한 맛과 짝을 이룹니다 InfuSio 커피는 모두 저산성이며 HKA에서 코셔 인증을 받았으며 2.0을 포함한 Keurig K-Cup Brewers와 호환됩니다. ***참고: 커피 포드를 브루어에 넣고 단단히 닫아 브루잉 오류를 방지하세요! InfuSio 커피는 Keurig Dr Pepper와 제휴하거나 하지 않습니다. Keurig Dr Pepper, Keurig, K-Cup 및 Green Mountain은 Keurig Dr Pepper의 등록 상표입니다.",,"['커피', '로스트', '버라이어티', '블렌드', '맛', '포드', '호환', '브루어', '컵', '신선하다']"
식음료,음료,커피,,B07KDVWVS2,"Sumatra Mandheling Reserve 커피, 다크 로스트, USDA 유기농, 그라운드, 리저브, 공정 무역, 473.2ml(16온스)",Volcanica Coffee,31841,31841,4.4,467.0,"수마트라 커피는 흙 같은 색조의 부드러운 초콜릿 맛으로 유명합니다. 풍부한 맛, 특별한 전신 및 독특하고 생생하고 낮은 키 산도를 보여주는 세계 최고의 커피 중 하나입니다. USDA 유기농 인증, 무역 인증, 열대 우림 동맹 및 인증된 그늘 재배. 다크 로스트, 그라운드 커피, 신선한 로스팅 후 즉시 포장하고 밀봉하여 신선함을 보장합니다. 100% 고객 만족 보장.",,"['커피', '인증', '라운드', '무역', '맛', '신선하다', '유기농', '로스트', '보장', '다크']"
식음료,음료,커피,,B0C26SQ8KN,"Starbucks 네스프레소 버츄오 라인 캐러멜 맛 커피 (각 8개입 1인용 캡슐, 네스프레소 버츄오 라인 시스템과 호환) 천연 맛, 4팩",Starbucks,60829,60829,4.6,1480.0,STARBUCKS NESPRESSO: 네스프레소 버츄오 커피 포드용 Starbucks 스무스 캐러멜 맛 커피 4팩으로 좋아하는 Starbucks 의 클래식한 맛을 즐기세요 매끄럽고 버터 같은 캐러멜: 이 천연 맛의 Starbucks 커피는 5의 프로필 레벨을 가지고 있으며 버터 캐러멜과 바닐라 노트가 있으며 라틴 아메리카산 100% 아라비카 원두와 혼합되었습니다 네스프레소 버츄오를 위해 제작: 네스프레소 버츄오 기계용 Starbucks 캡슐은 200ml(7.77온스) 머그잔을 가장 잘 추출합니다 재활용 가능: Starbucks by Nespresso Vertuo 커피 포드는 알루미늄으로 만들어졌으며 네스프레소 재활용 프로그램을 통해 완전히 재활용 가능합니다 STARBUCKS 가정에서의 품질: 네스프레소 버츄오 기계용 Starbucks 캡슐에는 여러분이 알고 사랑하는 고품질 Starbucks 커피가 포함되어 있습니다,네스프레소 버츄오 머신에서 이전에는 없던 Starbucks 커피의 정통 카페 맛을 집에서 즐기세요. 여러분이 알고 사랑하는 최고 품질의 Starbucks 커피로 제작된 Starbucks 캡슐은 네스프레소 버츄오 시스템과 완벽하게 작동하도록 네스프레소와 함께 개발되었습니다. 고급스러운 캐러멜 노트는 버터 같은 풍부함으로 부드럽고 균형 잡힌 맛을 만듭니다. 천연 맛으로 제작된 이 제품은 매일 즐기는 순간에 딱 맞는 커피입니다. 크리미하고 맛있는 순간을 위해 우유와 함께 즐기세요. 진정으로 맛있는 완벽함은 단 한 컵 떨어져 있습니다. Nestlé는 라이센스에 따라 Starbucks 상표를 사용합니다.,"['네스프레소', '커피', '맛', '버츄오', '캐러멜', '캡슐', '재활용', '제작', '천연', '버터']"
식음료,음료,커피,,B00FACVQ1K,Mount Hagen: Organic café liofiliza Café Instantáneo (3개 팩 x 3.3온스) (3팩),Mount Hagen,51245,51245,4.7,1924.0,"MOUNT HAGEN: 유기농 공정 무역 커피 생산의 선구자, 글로벌 커피 산업의 양심 수상 경력: Mount Hagen 최고의 인스턴트 유기농 커피 목록을 지속적으로 상위 싱글 오리진: 우리가 가장 좋아하는 싱글 오리진 커피는 파푸아 뉴기니만의 벨벳처럼 부드러운 맛과 복잡하고 세련된 맛을 자랑합니다 공예품의 장인: 풍부하고 부드러운 커피 한 모금은 파푸아 뉴기니 하겐산 낙원에서 편안한 역사의 맛입니다 밸류 팩: 3 병 팩, 각 100g, 약 모든 병에 50회 분량",,"['커피', '맛', '유기농', '부드럽다', '파푸아', '뉴기니', '싱글', '오리진', '목록', '복잡하다']"
식음료,음료,커피,,B01GOL3R12,"Douwe Egberts, Senseo, 스트롱 로스트, 포드/패드 48개, 풀 앤 리치 커피, 트리플 팩",Douwe Egberts,66466,66466,4.7,508.0,"최고급 커피콩으로 제작되었으며, 최대의 신선도를 위해 자체 필터 내부에 미리 측정되고 밀봉되었습니다 풍부하고 향기롭고 부드러운 맛; 모든 컵에 풍부한 거품 커피 레이어를 제공합니다 Senseo 커피 메이커와 함께 사용할 수 있습니다. 사실상 흘리지 않고 쉽게 폐기할 수 있습니다 특별한 포장으로 최대의 신선함을 보장합니다.","기분 좋게 강합니다. 이 풀 바디이지만 놀랍도록 부드러운 커피의 견고한 맛을 즐기세요. 맛있는 크레마 레이어로 마무리한 아몬드와 다크 초콜릿이 살짝 들어간 맛있고 어둡고 향기롭습니다. 이 커피는 특성을 유지하므로 하루 종일 필요한 부스트뿐만 아니라 일어나기에 좋습니다. Douwe Egberts and Philips의 신제품. Senseo는 커피를 즐기는 완전히 새로운 방법. 이제 완벽한 커피 한 잔을 즐기세요: 풍미가 가득하고 매끄러우며 맛있는 거품 커피 레이어가 위에 있습니다. Senseo 포드를 사용하면 마일드 로스트, 다크 로스트, 디카페인 등 다양한 로스트로 원하는 강도를 만들 수 있습니다. 특징: * Senseo 커피 포드의 경우, Douwe Egberts는 최고의 커피 원두를 혼합하여 완벽한 커피를 만듭니다. * 완벽한 균형을 갖춘 이 탁월한 커피는 언제 어디서나 이상적인 선택입니다. * 특수 포장으로 최대의 신선함을 보장합니다. * Senseo 포드를 사용하면 마일드 로스트, 다크 로스트, 디카페인 등 다양한 로스트로 원하는 강도를 추출할 수 있습니다.","['커피', '로스트', '포드', '완벽하다', '다크', '맛있다', '레이어', '마일드', '부드럽다', '보장']"
식음료,음료,커피,,B08D9MS3M1,TRUNG NGUYEN G7 에너지 부스트를 위한 퓨어 블랙 인스턴트 커피 - 설탕 없는 100% 용해성 커피 - 강하고 순수하며 풍부한 베트남 인스턴트 에너지 커피 - 커피 감정가를 위한 오리지널 맛 (200봉/백),TRUNG NGUYÊN LEGEND,38087,38087,4.6,597.0,"<p>프리미엄 인스턴트 커피. 각 가방에는 200개의 봉지가 포함되어 있습니다. G7 퓨어 블랙 인스턴트 커피는 언제든지 강한 맛의 순수한 커피를 제공합니다. <p> <p>크림이나 설탕이 없는 100% 커피로 강하고 설탕 없이 대담합니다. 대담한 맛을 즐기고 자신만의 칵테일을 만들고 싶은 블랙 커피 애호가에게 적합합니다. G7 퓨어 블랙 인스턴트 커피는 케이크 레시피와 결합할 수 있습니다. <p> <p>빠르고 쉬운 준비. 한 패키지를 뜨거운 물(각 용도로)과 섞은 다음 맛있는 TRUNG NGUYEN 커피 한 잔을 즐기세요. 프리미엄 커피 한 잔으로 제공하면서 소중한 시간을 절약하세요(1분 미만). <p> <p>프리미엄 선물. 스마트 패키지 디자인은 커피 감정가, 친구, 가족, 동료, 파트너 등을 위한 완벽한 선물입니다. <p> <p>여행 친화적인 커피. 휴대가 간편하고 가벼운 테이크아웃 디자인으로 여행자에게 편리합니다. G7 인스턴트 커피 팩 한 줌만 가져오면 바로 사용할 수 있습니다. <p>",,"['커피', '인스턴트', '블랙', '퓨어', '설탕', '프리미엄', '맛', '강하다', '순수하다', '대담하다']"
식음료,음료,커피,,B006Y7WN1M,"Cameron's Coffee 로스트 그라운드 커피 백, 맛, Jamaican Me Crazy, 355ml(12온스)",Cameron's Coffee,22478,20636,4.5,16008.0,"포장은 다를 수 있습니다 항상 매끄럽고 절대 쓰지 않음: 355ml(12온스) 그라운드 커피 봉지 1개, 100% 프리미엄 아라비카 원두, 천연 및 인공 향료가 함유된 자메이카 미 크레이지 JAMAICAN ME CRAZY: 리큐어 & 카멜 맛, 천연 및 인공 맛의 커피, 그라운드 라이트 로스트 긍정적 집중: 소량으로 로스팅하는 것부터 물 소비를 줄이는 것까지, Cameron's Coffee 는 매일 더 밝게 만들기 위해 최선을 다하고 있습니다. 긍정적인 변화를 만드는 것은 커피, 농부 및 환경을 돌보는 것을 의미합니다 CAMERON의 품질 우선: 저희는 100% 프리미엄 아라비카 원두만을 선택하여 소량으로 수작업으로 제작되어 절대 과하게 로스팅되지 않은 갈망할 만한 커피 한 잔을 제공합니다","당사는 바리스타가 아닌 집에서 추출할 수 있는 완벽한 커피를 만들기 위해 최선을 다하고 있습니다. 보풀이 없고 선이 없으며 집에서 추출한 풍부한 맛의 스페셜티 커피입니다. 당사의 다양한 원두 및 그라운드 커피는 미뢰를 자극하고 새로운 날을 위해 당신을 깨울 것입니다. 유기농 블렌드부터 여러분이 꿈꿔왔던 맛의 블렌드까지, Cameron's Coffee 는 완벽한 커피 한 잔을 주방에 바로 제공하기 위해 최선을 다하고 있습니다. 1978년부터 Cameron's는 풍미가 풍부하면서도 미묘하고 복잡한 스페셜티 커피의 대명사였습니다. 저희는 전 세계의 특수 등급의 아라비카 커피 원두를 구입하고 ""소량"" 로스팅하여 미국 최고의 로스터리 중 하나에서 완벽하게 로스팅합니다. 저희 커피의 품질과 일관성은 가장 세련된 커피를 마시는 사람들도 만족시킬 것입니다. 맛을 맛보고, 순간을 즐기고, 캐릭터로 가득 찬 커피 한 잔으로 나누세요. 카메론의 제품이라고 부르는 것을 자랑스럽게 생각합니다.","['커피', '맛', '로스팅', '원두', '라운드', '최선', '소량', '카페', '라비', '완벽하다']"
식음료,음료,커피,,B09TQQVNJS,"Four Sigmatic 다크 로스트 유기농 원두 커피 | 사자 갈기, 차가버섯으로 코팅된 공정 무역 커피콩 | 뇌 기능 및 면역 지원을 위한 누트로픽 버섯 커피 | 355ml(12온스)",Four Sigmatic,27353,13143,4.5,443.0,"부드럽고 어둡고 놀라운 충돌 방지 커피 — 유기농 커피 원두를 추출하면 쓴 뒷맛 없이 맛있고 풍성한 커피를 만들 수 있습니다. 하지만 그것이 평범함이 끝나는 곳입니다. 이 커피 음료에는 세계에서 가장 영양이 풍부한 성분이 함유되어 면역력을 높이고 관심을 높이는 슈퍼푸드의 놀랍도록 효과적인 칵테일을 만듭니다. 왜 버섯과 커피를 결합할까요? — 우리는 커피를 좋아하지만 단점이 있습니다. 당사는 수세기 동안 집중력과 창의성을 높이기 위해 전 세계에서 사용되어 온 기능성 방향성 버섯인 유기농 사자 갈기(1회 제공량당) 250mg을 섭취했으며, 맛있는 유기농 공정 무역 커피와 결합했습니다. 이 비교할 수 없는 페어링은 지터가 없고 몇 시간 동안 충돌 없는 집중력을 의미합니다. 솟아 오르고 정말 빛나는 제품 — 각 컵에는 야생 수확 유기농 차가 250mg이 포함되어 있습니다. ""버섯의 왕""으로 알려진 차가는 놀라운 면역 지원 효과로 칭호를 얻었습니다. 차가에는 항산화 물질이 포함되어 있습니다. 사실, 지구상에서 가장 항산화 밀도가 높은 식품 중 하나입니다! 놀랍도록 높은 커피 — 해발 1.7m(5피트) 온두라스 라파스 지역 마르칼라에서 재배된 이 특수 등급의 단일 원산지 저산성 커피 원두는 퇴폐적으로 맛있는 커피를 추출합니다. 과학적으로 말하자면, 이 커피는 꽤 마법적입니다. 기능성 버섯은 생산성, 면역 지원 등을 향상시키기 위해 수세기 동안 전 세계적으로 사용되어 왔습니다. 불행히도, 버섯 보충제 시장의 대부분은 버섯이 아니라 균사체(기본적으로 뿌리 시스템)입니다. Four Sigmatic은 일상 생활에 최고의 자연만을 제공하기 때문에 항상 균사체보다 15배 더 많은 활성 성분을 함유한 버섯의 자실체를 사용합니다!",,"['커피', '버섯', '유기농', '면역', '차갑다', '원두', '세계', '맛있다']"
식음료,음료,커피,,B01JYRYMGM,"유기농 커피 포드 - Peak Performance 하이 고도 유기농 커피. 고성능 개인을 위한 커피. 공정 무역, 저산성, 유기농 콩 미디엄 로스트. 1인용 커피 포드 24개, 컵",Peak Performance,41480,41480,4.3,1277.0,"모든 장치와 호환 가능 - 100% 재활용 가능한 커피 포드 - 공정 무역 - 저산 - USDA 인증 유기농 - 단일 원산지 - 높은 고도. 이 커피를 더 건강하게 만들 수 있다면! 미디엄 로스트. 또한 ""가장 건강한 커피 한 잔을 만드는 방법""이라는 무료 특별 보고서가 함께 제공됩니다 건강한 커피 규칙 #1) Always Go Organic. 왜? 전통적인 커피는 가장 많이 처리된 작물 중 하나이기 때문입니다. 이 화학 물질의 많은 건강 위험 중 하나는 신체에서 ""에노에스트로겐""으로 작용하여 남성과 여성 모두에게 원치 않는 영향을 줄 수 있다는 것입니다. 건강한 커피 규칙 #2) 높은 고도에서 자란 커피가 더 좋습니다. 왜? 커피가 재배되는 고도가 높을수록 콩의 밀도가 높아집니다. 특히 밀도가 높고 고도가 높은 커피를 나타내는 ""Strictly Hard Bean""(SHB)이라는 용어를 들어보셨을 것입니다. 과테말라 고원에서 재배된 Peak Performance 유기농 커피는 완벽한 예입니다. 이 높은 고도의 빈은 밀도가 높기 때문에 품질이 더 높습니다. High Altitude 커피는 항산화 물질이 더 많이 함유되어 있습니다! 건강한 커피 규칙 #3) 싱글 오리진 커피가 더 좋습니다. 왜? ""아침 식사 블렌드""와 같은 ""블렌드"" 커피는 시원하게 들릴 수 있기 때문에... 그 블렌드에 들어간 콩 품종 중 적어도 하나가 오염되었을 가능성이 훨씬 높습니다. 500,000명 이상의 행복한 고객 + 비타민 천사에게 1-for-1 기부. Peak Performance 는 500,000명 이상의 행복한 고객을 축하하고 있으며 1-for-1 기부 매치 프로그램에 대해 매우 자랑스럽게 생각합니다. 비영리 비타민 천사와의 파트너십을 통해 구입하는 모든 유닛에 대해 영양 실조 위험에 처한 어린이에게 1년 동안 비타민을 공급할 것입니다! 현재까지 100만 명 이상의 어린이에게 삶을 변화시키는 비타민을 공급했습니다. 이 위대한 일을 계속할 수 있도록 도와주셔서 감사합니다!",,"['커피', '높다', '고도', '유기농', '건강하다', '비타민', '블렌드', '밀도', '콩', '포드']"
식음료,음료,커피,,B07Q37YLQT,Kimbo Espresso Crema Intensa 원두 커피 - 이탈리아에서 혼합 및 로스팅 - 전신 시나몬 맛의 미디엄에서 다크 로스트 - 1kg(2.2파운드) 백,KIMBO,29015,29015,4.3,2180.0,"남아메리카와 아시아의 커피를 능숙하게 혼합하여 놀랍도록 균형 잡힌 제품을 만듭니다. 부드럽고 풍성하며 섬세하고 매운 향기로 나폴리에서 즐기는 에스프레소 커피의 전형적인 토스트 맛을 남깁니다. 이탈리아에서 로스팅, 블렌딩 및 제작: 모든 Kimbo Coffee 제품은 이탈리아 커피의 발상지인 이탈리아 나폴리에서만 볼 수 있는 전통적인 이탈리아 로스팅 기술을 사용하여 만들어집니다. 에스프레소 품질: Kimbo 에스프레소는 커피 로스팅의 한계를 뛰어 넘어 클래식 에스프레소 커피의 풍부한 향과 풍미를 성공적으로 보존합니다. 균형 잡힌 미디엄 다크 로스트는 달콤한 맛과 산성 맛의 완벽한 혼합을 만듭니다. 강도 11/13. 에스프레소, 카페 라떼, 카푸치노 및 라떼 마키아토에 이상적입니다.","가방에 담긴 원두 커피. 순 2.2파운드/1kg. Kimbo Crema Intensa는 남미와 아시아에서 가장 엄선된 아라비카와 로부스타 원두를 혼합하여 나폴리 커피에 필수적인 화려한 맛과 바디감을 만듭니다. Kimbo Crema Intensa는 섬세하고 매운 향과 부드럽고 풍성한 맛의 완벽한 균형을 이루는 미디엄 로스트입니다. 두껍고 풍부한 크레마를 얹은 이 완벽하게 균형 잡힌 블렌드는 모든 입맛에 어필할 것입니다. 추출물은 어두운 정맥과 회색 반사가 있는 헤이즐 색상의 컴팩트한 크림으로 ""호랑이의 맨틀"" 효과를 형성합니다. 이 혼합물은 계피와 후추의 매운 향을 연상시키는 완전하고 강렬한 향이 특징이며, 풍부하고 지속적인 바디와 함께 감초의 가벼운 뉘앙스가 있는 인디언 러스트의 존재로 인해 제공됩니다. 미디엄/다크 로스트 이상적인 용도: 카페 크레마, 카페 라떼, 라떼 마키아토 강도: 11/13 섬세한 아로마 풀 바디/유럽에서 수입된 맛.","['커피', '맛', '이탈리아', '에스프레소', '로스팅', '라떼', '미디엄', '로스트', '향', '균형']"
식음료,음료,커피,,B07PDZS38W,"ORGANO Gourmet 블랙 커피, 100% 인증 영지 루시덤 (30봉지)",Organo,49860,49860,4.7,654.0,"ORGANO 고메 블랙 커피는 아라비카 원두와 로부스타 원두를 혼합한 미디엄 다크 로스트로, 즉시 믹스되어 맛있는 고급 커피 한 잔을 만듭니다. 설탕이나 크리머가 첨가되지 않아 원하는 대로 블랙 커피를 맞춤 설정할 수 있습니다. 인스턴트 커피는 건강상의 이점으로 알려진 항산화 물질의 공급원입니다. 이 맛있는 Organo 커피는 또한 이 블랙 커피의 풍부하고 대담하며 부드러운 맛의 균형을 맞추기 위해 약간의 견과류 맛을 제공하는 Ganoderma 버섯을 함유하고 있습니다. 감정가들은 레드 영지 버섯이라고도 알려진 항산화 성분이 풍부한 유기농 영지 루시덤으로 강화된 미디엄 다크 로스트, 부드러운 맛을 좋아할 것입니다.",,"['커피', '블랙', '영지', '맛', '버섯', '미디엄', '항산화', '로스트', '부드럽다', '덤']"
식음료,음료,커피,,B0BTQXL37D,"Lavazza 에스프레소 클래시코 미디엄 로스트 100% 아라비카 알루미늄 캡슐 네스프레소 오리지널 머신과 호환 가능 10개 (6개 팩), 밸류 팩, 달콤하고 균형 잡힌 다크 크레마, 강도 9 13",Lavazza,30456,30456,4.2,565.0,"달콤하고 균형 잡힌 가벼운 산도와 곡물과 비스코티 노트. 로스트: 미디엄 강도: 13점 만점에 9점 구성: 100% 아라비카 원산지: 중남미 적합한 용도: 에스프레소 네스프레소 오리지널 머신과 호환됩니다. *Lavazza 는 네스프레소와 제휴, 또는 후원하지 않습니다",달콤하고 균형 잡힌 맛의 시그니처 미디엄 로스트. Classico는 중남미의 콩을 결합하여 곡물과 비스코티 노트와 맛있는 조화를 이룹니다.,"['미디엄', '로스트', '균형', '네스프레소', '달콤하다', '곡물', '머신', '노트', '카페', '중남미']"
식음료,음료,커피,,B01MF5GD3S,"Dolce Gusto Nescafe 커피 포드, Cafe Au Lait, 16개, 3개 팩",NESCAFÉ DOLCE GUSTO,36564,36564,4.6,1524.0,"Nescafe Dolce Gusto Café Au Lait은 전유로 아름답게 보완된 풍부한 다크 로스트 커피로 부드러운 벨벳 질감의 달콤한 캐러멜 향을 드러냅니다 제품 구성 - 로부스타 커피는 부드러운 크림 같은 우유와 짝을 이루어 캐러멜 노트, 구운 시리얼 언더톤 및 둥근 질감으로 조화롭고 균형 잡힌 컵을 만듭니다 커피하우스 품질의 음료 - 기계의 고압 덕분에 풍부한 벨벳 같은 크레마로 전문적인 품질의 특수 음료, 커피 및 에스프레소를 만들어보세요 간편한 준비 - 캡슐을 넣고 추출하기만 하면 됩니다 만족 보장: 일부 제품에 대해 Nestlé Professional 60일 만족 보장이 적용됩니다. 자세한 내용은 아래를 참조하십시오.","네스카페 돌체 구스토 카페 오 레트를 발견하세요 - 풍부한 다크 로스트 커피는 통우유로 아름답게 보완되어 부드러운 벨벳 질감의 달콤한 캐러멜 향을 드러냅니다. 당사의 재능있는 커피 제작자들은 순수 로부스타 커피의 강도와 우유의 부드러운 크림을 결합하여 캐러멜 노트, 구운 시리얼 언더톤 및 둥근 질감으로 조화롭고 균형 잡힌 컵을 만들었습니다. 제품은 Nescafe Dolce Gusto 기계와 함께 독점적으로 사용할 수 있습니다. 밀폐된 캡슐은 매번 풍부하고 향기로운 컵을 만듭니다. 흥미진진한 커피 솔루션으로 감각을 자극하세요. 당사의 기계는 어떤 전문적인 공간에서도 멋지게 보이며 유혹적인 아로마와 함께 풍부하고 깊은 맛으로 훌륭한 맛의 핫 및 콜드 특수 커피를 지속적으로 만듭니다. Nescafe의 최신 커피 혁신으로 미각을 자극하세요. 네스카페 돌체 구스토를 발견하고 커피를 재발견하세요.","['커피', '풍부하다', '부드럽다', '질감', '캐러멜', '기계', '벨벳', '발견', '컵', '우유']"
식음료,음료,커피,,B08V457MGW,"커피 패킷, 브렉퍼스트 블렌드 미디엄 로스트 커피 팩, 커피 싱글, 커피 패킷 1인분, 개별 커피 패킷, 12컵 커피 메이커용 커피 싱글 패킷, (59.1ml(2온스), 36개 팩)",SARASOTA COFFEE & TEA CO.,72670,72670,4.4,143.0,"10,000개 이상의 박스 판매 - 저희 콩은 매우 고품질의 소량으로 장인의 로스팅으로 고급 재료만을 사용하여 맛을 냈으며 미국 플로리다 사라소타의 해변 마을에서 1위를 차지했습니다. 이 때문에 당사의 100% 천연 커피는 풍부한 뇌 집중력과 정신적 선명도를 자극하여 작업과 생산성을 향상시킵니다. 고급 품질 및 사전 측정된 편리함으로 깊은 인상을 남기세요 - 각 개별 커피 패킷은 12컵 커피 메이커로 1개의 전체 커피 포트(10-12컵 포트)를 만들 수 있습니다. 개별 커피 패킷은 커피를 1년 이상 신선하게 유지하여 커피 한 모금은 미식가, 커피숍 커피 경험이 될 것입니다. 시그니처 레시피 브렉퍼스트 블렌드 - 풍부하고 약간 어둡지만 쓴맛이 없는 매우 부드러운 맛. 브렉퍼스트 블렌드는 당사의 시그니처 하우스 로스트이며 100% 고급 프리미엄 품질의 아라비카 원두를 사용한 미디엄 로스트로, 저희가 제공하는 가장 부드러운 커피를 제공합니다. 모든 커피 메이커와 호환 가능 - 당사의 커피 팩은 모든 커피 브루어, 상업용 또는 가정에서 사용할 수 있습니다. 저희 커피는 지속적으로 맛있고, 아이스 또는 핫 & 블랙 또는 크림과 설탕과 함께 나옵니다. 사무실 커피, 상업용 커피에 적합하며 커피 애호가가 있는 곳 어디에서나 사라소타의 최고급 커피를 감상하고 즐길 수 있습니다! 품질 을 제공하는 Family Run Company - 2003년, Sarasota Coffee & Tea는 플로리다주 사라소타에서 다운타운 커피숍으로 시작되었습니다. 오늘날 당사는 엄마, 아빠, 아들 패밀리 비즈니스로 매일 이용 가능하며 매일 현지 고객에게 계속 배송합니다! 당신의 커피가 절대적으로 놀라운 경험이 아니라면, 아마존에 메시지를 보내주시면 바로 만들 것입니다!",,"['커피', '패킷', '로스트', '브렉', '메이커', '고급', '블렌드', '컵', '사라소타', '퍼스트']"
식음료,음료,커피,,B09Z6C8N3V,"Roast Ridge 그라운드 콜드 브루 커피 블렌드, 0.9kg(2파운드)",Roast Ridge,22035,22035,4.4,262.0,능선에서 번성하세요! Roast Ridge Coffees는 높은 고도에서 생산되는 커피 원두의 품질에서 영감을 얻었습니다. 높은 고도: Roast Ridge 진정으로 멋진 커피는 해발 1200m에서 1800m 사이에서 재배됩니다. 싱글 배치 로스팅: Roast Ridge Coffee에서는 최고의 맛을 위해 프리미엄 커피 원두를 한 번에 로스팅합니다. ROAST RIDGE 콜드 브루: Roast Ridge 콜드 브루 커피는 알레르기 유발 항원이 없으며 한 번에 준비되었으며 콜드 브루 커피를 좋아하는 가정에서 브루잉 팬에게 적합합니다. 프리미엄 커피 블렌드: 당사의 콜드 브루 프리미엄 커피 블렌드는 콜롬비아와 남미의 다양한 농장에서 지속 가능한 방식으로 공급되는 커피입니다.,능선에서 번성하세요! Roast Ridge Coffees는 높은 고도에서 생산되는 커피 원두의 품질에서 영감을 얻었습니다. 높은 고도에서 커피 농업은 세계에서 가장 저렴한 럭셔리 중 하나를 대표하는 진정으로 훌륭한 커피를 제공합니다.,"['커피', '브루', '콜드', '높다', '고도', '프리미엄', '블렌드', '원두', '능선', '로스팅']"
식음료,음료,커피,,B07KXH7V7P,"Bulletproof Breakfast Blend 라이트 로스트 원두 커피, 355ml(12온스), 중남미에서 공급되는 100% 아라비카 커피",Bulletproof,22146,22146,4.4,488.0,"라이트 로스트 원두 커피: 밀크 초콜릿, 오렌지, 베리, 시트러스의 생생한 노트 고품질 콩: 최고 품질의 콩을 제공하고 최고의 무결성과 맛을 유지하기 위해 수작업으로 전문적으로 선별하여 인증이 현지 농부에게 미치는 부정적인 재정적 영향 없이 유기농 관행을 따릅니다 인증 된 세척: 커피를 순수하고 깨끗하게 유지하도록 테스트되었습니다 지속 가능한 표준: 열대 우림 동맹 인증을 받아 지역 산림 공동체 및 가족을 지원하는 재료와 모범 사례를 사용합니다 원두 통: 취향에 맞게 그라인드를 조정하세요(포장은 다를 수 있음)",,"['커피', '인증', '원두', '로스트', '최고', '라이트', '유지', '콩']"
식음료,음료,커피,,B08XZR4ZTQ,"Martinson 클래식 다크 로스트 커피, 큐리그 K-Cup 브루어 호환 포드, 90개 (1팩)",Martinson,52630,52630,4.4,567.0,"정통 맛: 당사의 클래식 다크 로스트는 균형 잡히고 매끄러우며, 견과류 향과 약간의 로스팅 향이 있어 일상적인 커피를 위한 완벽한 선택입니다. 지속 가능성: Martinson 는 커피 재배 지역에서 지속 가능하고 깨끗한 물 관행에 중점을 둔 비영리 단체인 Water Wise Coffee 프로그램을 자랑스럽게 지원합니다. 큐리그 호환: EcoCup 포드는 Keurig 2.0을 포함한 Keurig K-Cup Brewers와 호환됩니다. Martinson 및 EcoCup 브랜드는 Keurig Green Mountain Inc., Keurig 또는 K-Cup과 관련이 없습니다. 재활용 가능: 폐기물을 줄이기 위해 재활용 가능한 컵, 뚜껑이 적은 소재, 풍부한 맛을 제공하는 독특한 필터가 특징인 재활용 가능한 EcoCup 포드를 사용합니다. 구성: Keurig K-Cup 브루어 호환 포드 90개 1박스가 포함되어 있습니다.","Martinson 커피는 100년 이상 Joe Martinson 자신이 설립한 것과 동일한 품질에 대한 헌신으로 제작되었습니다. 당시 Joe는 도크에서 개인적으로 최고급 콩만을 선택하기를 기다렸습니다. 그런 다음 최고의 커피 맛을 내기 위해 소량으로 불에 구웠습니다. 그런 다음 Joe는 푸시 카트로 거리를 뛰어 다니며 사람들과 이야기하고, 이야기를 들려주고, 웃게 만들고, 물론 커피 몇 잔을 팔았습니다. Martinson 커피를 오늘날의 그대로 만드는 높은 기준, 훌륭한 맛의 커피 한 잔입니다. 그리고 ""It's the Real Joe""라고 말할 수 있는 유일한 커피입니다.","['커피', '호환', '맛', '포드', '가능하다', '재활용', '다크', '선택', '큐리그', '로스트']"
식음료,음료,커피,,B09XGB219K,"Death Wish Coffee Co., Organic and Fair Trade 에스프레소 로스트 그라운드 커피, 396.9g(14온스) (1팩)",Death Wish Coffee,24209,24209,4.6,777.0,"카페인의 추가 킥: Death Wish Coffee 에스프레소 로스트는 풍부한 커피 한 잔과 에스프레소 기반 음료를 위해 만들어져 두개골에서 벗어나 매일 갈 수 있습니다. 풍부하고 강렬하며 매끄러움: 에스프레소 로스트 그라운드 커피는 에스프레소 같은 질감과 깊이를 가지고 있으며 평균 커피 한 잔의 강도를 두 배로 추출합니다. 로스트 쉐이드: 에스프레소 로스트 그라운드 커피는 캐러멜화된 설탕, 코코아 및 체리 향이 있는 다크 로스트 블렌드입니다. 프리미엄 커피 원두: 세계 최고 품질의 원두에서 공급됩니다. 아라비카와 로부스타 원두는 대담하고 결코 쓰지 않는 완벽함을 위해 로스팅됩니다. 공정 무역 인증: 각 396.9g(14온스) 백은 인도, 페루 및 수마트라에서 공급되는 최고 품질의 공정 무역 인증 콩으로 포장됩니다. 공정 무역 USA 공정 무역 인증.",,"['에스프레소', '커피', '로스트', '공정', '무역', '원두', '인증', '라운드', '최고', '풍부하다']"
식음료,음료,커피,,B0BFVQ6NLK,"VitaCup 하이드레이션 커피 포드, 전해질로 수분을 공급하는 최초의 커피, 코코넛 워터, 핑크 히말라야 소금, 마그네슘, 미디엄 로스트, 큐리그 K-Cup 브루어와 호환되는 1인용 포드, 18개입",VitaCup,41480,41480,4.1,195.0,"커피의 신화; 반박! 커피가 수분을 공급하나요? 이제 걱정 없이 마실 수 있습니다. 물과 비슷한 수분 공급 능력을 가진 부드럽고 매끄러운 미디엄 로스트 커피로 단 몇 초 만에 일어나서 활력을 느껴보세요. 시장에서 가장 맛있는 인스턴트 커피의 가벼운 향과 깨끗하고 선명한 맛을 즐기세요. 전해질로 상쾌함 및 수분 공급: 각 포드는 물과 유사한 수분 공급 능력을 가지고 있으며 보다 자연스러운 케토 친화적인 전해질과 미량 원소가 포함되어 있습니다. 어린 코코넛의 물을 이 포뮬러에 주입하면 더 이상 탈수 마법에 힘을 줄 필요가 없습니다. 천연 미네랄: 천연 미네랄의 훌륭한 조합에 몸과 마음이 감사할 것입니다. 저희는 72개의 미량 원소를 함유하고 있으며 다른 마그네슘 유형에 비해 몸에 쉽게 흡수되는 아쿠아민 마그네슘을 사용합니다. 파키스탄의 산에서 순수하게 나트륨과 염화물 미네랄을 위해 핑크 히말라야 소금을 주입했습니다. 무설탕: 설탕이 2g에 불과하고 설탕이나 감미료가 첨가되지 않은 몇 안 되는 수분 보충 음료 중 하나입니다. 100% 재활용 가능한 포드: 당사의 1인용 k 컵 호환 커피 포드는 재활용 가능한 BPA 프리 소재로 제작되었습니다. 모든 Keurig K Cup 브루어와 호환됩니다. 저희 커피는 미국에서 로스팅, 분쇄 및 밀봉됩니다. 운동 전후 또는 처녀 파티 선물 또는 즉각적인 상쾌함/수분 공급이 필요한 모든 행사에 하이드레이션 커피를 사용하세요! 226.8g(8온스)의 찬물이나 뜨거운 물로 우려서 즐기세요!",,"['커피', '수분', '공급', '포드', '물', '설탕', '호환', '마그네슘', '전해질', '미네랄']"
